input/barkrak2/radiation/dir28524.grid
NCOLS 85 
NROWS 70 
XLLCORNER 665100 
YLLCORNER 4664600 
CELLSIZE 20 
NODATA_value -9999 
[rows 21 to 41 of 70, columns 0 to 46 of 85]
59.3388875325521 46.8344440062841 36.3972509900729 51.5179882446925 49.0138580401739 29.4204205274582 33.608337243398 43.7932362159093 46.9024628400803 45.7038631041845 48.3358154694239 49.2302676041921 49.2227524518967 48.83940021197 56.6404412190119 69.3077395359675 85.4963560899099 94.9597160021464 105.417182048162 119.881788889567 129.089713096619 142.169922590256 148.353387912114 148.045837879181 141.602675120036 129.417657852173 115.986883640289 118.950446446737 122.926493485769 106.834471225739 85.971732934316 71.0426568984985 45.5545882383982 36.1371239026388 18.7182600299517 17.7719021836917 22.7262228727341 43.6549534400304 70.0521965821584 70.857509970665 74.4430522123973 79.9676974614461 78.2300879557927 67.3999538024267 90.7584130764008 100.716282924016 107.774247725805
100.743512312571 94.5799549420675 72.8162030378978 69.8875983556112 66.4227803548177 42.2351608673731 50.534983476003 50.902470946312 43.2964613040288 41.3050378362338 47.8070725997289 50.3601928551992 52.9129405816396 56.6937426726023 57.7632983525594 65.8366282780965 78.8051535685857 89.6560847759247 96.7457592487335 101.668457190196 107.169528802236 123.849699894587 136.596967776616 140.183826287587 141.822179158529 133.063932259878 116.732070843379 108.58029127121 99.3805527687073 101.84583067894 62.2407446304957 35.3973383704821 18.0615745484829 2.7862557520469 1.357802345107 2.26487048591177 10.1467967033386 25.9450723727544 30.1700308918953 33.3716993530591 48.6517498890559 57.1884115537008 48.4103262424469 41.4943248033524 70.5293963352839 93.2821234067281 100.918551286062
135.6480717659 125.06181995074 92.5387144088745 76.4044423898061 72.2757478555043 71.0112750530243 67.3818985621134 52.5641441345215 38.9879395564397 39.2233058810234 48.8405177990595 53.1097749869029 59.1004838546117 68.2218968868256 66.1987562974294 67.7547454833984 75.9655137856801 88.0012611548106 93.9807295799255 87.5389675299327 86.2177511056264 92.9367740948995 106.32179180781 118.582626183828 127.912908792496 125.736564397812 111.809511979421 108.26696952184 84.8996142546336 43.5590595006943 35.9912316004435 25.4046743114789 3.10125791778167 0 0 0 0.688663683831692 5.67948445677757 9.73347822825114 8.25830983618895 13.4380708138148 0.538760252917806 21.1788043379784 49.4696199893951 68.969319264094 86.4663322766622 95.7396328449249
134.744822978973 130.884329477946 110.929608345032 81.2175969282786 63.4860495726267 71.2893307209015 66.6280190149943 61.6778880357742 46.5911676486333 41.7444954315821 47.3300268252691 51.8718510866165 55.6917289892832 65.8144255479177 66.2737935781479 67.0229097207387 73.5922505458196 85.8790874481201 93.0826465288798 86.1883560816447 84.9895675977071 82.6804091533025 91.9242799282074 101.54593984286 105.589846769969 108.18416873614 101.997087399165 94.5089558760325 72.6985236008962 35.3406344850858 28.247594833374 25.9780387083689 9.86290350556374 0 0 0 0.0911367630275587 1.22605784175297 3.12742715080579 4.22633625566959 0.400019887213906 0 10.2418859799703 77.2329817215602 81.023762623469 88.6208415031433 93.0072665214539
121.048460404078 126.023789246877 119.435240825017 90.4285907745361 64.1313493251801 71.2527930736542 76.2923459211985 81.4819087584813 75.3927131493886 65.3080840905507 57.0795387029648 63.0392134189606 63.6992653210958 73.9038089911143 76.7557372649511 69.8455323775609 72.8540122509003 86.4143073558807 92.8292373816172 97.961703936259 98.101814587911 94.7354634602865 91.058890024821 91.3999478022258 94.4272478421529 97.0185399055481 92.5237635771434 87.0855847994487 65.9786413113276 48.528661330541 49.4431952635447 56.8528523047765 49.7312446435293 4.72470124562581 0 1.24974323747059 1.53851897145311 2.01979978010058 0.846544125427802 0.112814256378139 0 0.0776213225132475 22.4647546807925 80.4879118998845 97.4193215370178 93.597670396169 92.8128063678741
119.897027810415 125.381668408712 123.708347479502 100.073277950287 80.7568530241648 89.2351667086283 94.7016576925914 100.156048933665 106.68541987737 96.3437954584758 77.5000353654226 81.3593715429306 82.0136964321136 88.0139172077179 90.8931295077006 80.0489733616511 76.6945978005727 88.36829662323 96.3732997576396 109.682857990265 111.520320177078 109.636942545573 100.706001122793 94.5390959580739 94.2523380120595 96.7381596565247 91.97864929835 93.7265356381734 83.4694008032481 83.5390985012054 93.6780472596486 116.719981034597 125.867694616318 106.378684441249 26.5855068961779 7.53764932354291 6.12690672278404 5.72678508857886 2.68773672481378 0.013140980930378 3.40769967685143 19.9336111545563 59.024120370547 80.3733170032501 87.0108803113302 83.1258594989777 82.2716852029165
121.808518966039 120.37260333697 120.816846688588 105.857769648234 110.698491334915 111.601004997889 121.472915013631 115.54824312528 114.671250184377 109.503974517186 91.8913980325063 85.0743651390076 88.6433025201162 91.9754306475321 94.5853491624196 90.3793374697367 86.0265890757243 93.7543312708537 107.273509105047 114.784936110179 111.312568187714 103.033363819122 100.007236003876 102.260420719783 102.020531892776 103.056520223618 100.121915340424 105.478624502818 120.061238606771 125.781277815501 134.730756282806 144.796003897985 153.046131134033 166.465729475021 126.342594623566 32.5227081775665 12.8063013156255 7.36706828077634 4.31911088526249 0.209204930191239 16.4101608097553 77.1768192450206 79.1625032822291 68.9875036478043 68.6586052179337 61.8396699428558 63.9805396397909
124.614596366882 112.606863180796 113.757193088531 110.26057600975 131.844073534012 121.39684955279 114.122221867243 109.917809565862 102.953215440114 95.0800478458405 84.4612022240957 78.793262441953 81.6651831070582 90.3566479682922 95.8976447582245 100.167920192083 93.7808354695638 91.6921893755595 104.144165913264 108.111123243968 104.747434457143 98.690003156662 98.2060829798381 105.841249227524 108.748892943064 104.701350132624 106.248478094737 107.761234045029 129.134774208069 142.866323391596 156.340181827545 166.147977113724 173.760811487834 176.056901613871 170.966386795044 96.8789756298065 12.8631852567196 2.95153136054675 0.461856601759791 0 31.2704518437386 68.2396789391835 65.9030179182688 43.0369774500529 43.46564412117 41.0409222046534 46.8833943208059
124.851137399673 105.909009774526 107.568999131521 117.86620815595 130.598127841949 119.848986466726 100.58930516243 84.4980279604594 70.0575610001882 63.8569841782252 62.9694014787674 67.6345278819402 76.471875111262 89.6381636460622 97.2851614157359 105.884850025177 100.988507270813 89.3945097923279 94.3159659703573 96.7273910840352 97.3931550979614 98.7399617830912 98.6173748970032 104.993442694346 111.586968104045 108.754754066467 112.291226784388 110.010574261347 125.478347142537 147.480507691701 167.645613352458 179.549038410187 179.642120997111 179.649869600932 190.533399581909 174.958427747091 87.2425734996796 12.967391560475 7.79406415919463 9.78187347451846 27.1644045909246 39.9745454390844 48.4442859888077 26.0867327451706 21.7644919951757 26.1875142653783 42.6543702681859
121.799776951472 124.412020047506 149.936338265737 188.433309396108 162.770241498947 126.371592283249 91.9999480247498 64.3887668848038 51.5673905611038 56.1249454816182 52.2395571072896 52.0142118136088 73.1799304485321 89.7694329420726 104.207267363866 111.542969942093 108.427902062734 95.6114530563354 95.6764618555705 98.6749629179637 97.2598592440287 102.64390707016 104.556997617086 107.01514283816 115.002999703089 120.070000489553 119.601905345917 121.38702472051 129.217088222504 153.483847777049 176.914930343628 183.614273866018 180.864850680033 189.300239086151 202.677369117737 209.179222583771 184.035499890645 125.056326389313 48.6605813105901 21.5522050857544 16.7049666245778 18.8028278450171 31.3440610965093 22.9915628830592 18.6950042843819 28.4780984123548 50.5219250917435
137.506753206253 174.141466617584 223.240693410238 245.116651058197 226.808110872904 171.66260878245 118.032246828079 80.9404999017715 71.0024138291677 77.6452471812566 68.4459904829661 57.3639372984568 71.0866451263428 83.3044946193695 109.951833883921 114.542613426844 110.839188098907 105.840782324473 99.2018580436707 100.525001684825 101.341098546982 105.971952279409 109.087874492009 109.659274419149 116.130113601685 129.821081956228 129.853924115499 137.665530045827 142.299125591914 161.415080229441 178.485949834188 187.285463015238 189.612487951914 197.804093360901 205.660025278727 203.531940778097 200.577874978383 191.468596458435 122.225850820541 45.8439787228902 19.4704507788022 19.6871124207973 24.5870898167292 26.9002541899681 34.4549169143041 45.3679114580154 63.1947418053945
199.959377447764 235.86372534434 257.801651954651 258.616010348002 259.7576379776 233.453234036764 190.884550412496 148.049493630727 120.532055695852 110.955625772476 105.500320593516 89.4008080164592 73.6265331506729 78.2902638117472 110.439479351044 115.554382403692 109.726210435232 112.294018268585 100.915153821309 100.534717241923 104.230841000875 105.451782544454 107.88165529569 108.642647663752 114.857067664464 129.828612009684 137.921760479609 146.98271950086 154.991467793783 161.957025527954 175.77064037323 187.827666600545 189.081966876984 186.139206091563 189.583977063497 173.54961236318 174.805363019307 162.864079078039 127.446502447128 69.1336095333099 35.8923623959223 31.9349939624468 27.1741126974424 28.1211783488592 35.3002821405729 29.3067370851835 23.9718755086263
247.219403584798 261.249562104543 263.965487480164 261.388699213664 263.776282469432 262.718081474304 240.167160828908 198.585589726766 159.441808859507 135.348419348399 134.938110907873 121.870299180349 96.4628259340922 93.4240619341532 105.937798817952 111.431419849396 105.408400297165 107.924501101176 100.769112507502 102.511088053385 100.496292114258 101.873566706975 102.86945104599 103.301346302032 111.816684405009 123.471478621165 137.269874413808 141.28648241361 151.425898075104 162.554244200389 176.028947035472 179.130653540293 163.32886616389 156.324704488118 155.131280422211 139.029820760091 139.55627878507 124.709894259771 87.3389144738515 53.957944115003 58.3947151899338 54.1836520036062 39.7739857435226 30.1184505224228 24.5665684342384 10.2726717789968 5.60115836560726
257.543385028839 261.981010437012 261.990447839101 262.093643347422 261.712829271952 262.703418731689 256.573776404063 228.554805119832 178.757627805074 148.620714743932 145.713518063227 142.726312081019 126.803934574127 109.518120686213 108.216871817907 110.435565312703 104.041953881582 100.939204295476 100.941280523936 105.385810136795 99.7806092103322 98.6112256844838 101.767907540003 102.77138153712 108.558177947998 116.530140240987 128.631869951884 129.135996103287 139.123340447744 157.901763916016 168.178061644236 160.333633422852 152.922729651133 149.357030789057 139.129261175791 124.112864335378 128.246168295542 125.444849332174 106.664697329203 76.1673698822657 77.1706749995549 85.713138182958 69.3006267150243 49.5319267114004 13.7493424117565 3.40630921224753 0
254.713336626689 257.401525974274 253.772219022115 255.22784392039 254.883289337158 251.639823118846 249.279061953227 231.944859027863 189.750055472056 159.665683905284 150.270620981852 148.062368233999 142.628014087677 120.520075162252 110.79595486323 116.783291101456 108.681420485179 100.033382574717 104.495028654734 106.719791889191 103.832145531972 99.2868542671204 104.428599278132 108.725875616074 108.103434244792 113.807489474614 120.212535063426 120.501518249512 128.849446773529 150.02382795016 159.163365761439 156.984567642212 155.173490444819 156.15717569987 137.608587741852 130.800445874532 135.578016440074 142.397512992223 137.975474198659 108.901391426722 71.1326698462168 71.0296928882599 58.1497251987457 11.6275697946548 2.64570831010739 0.911239301785827 0
235.297759373983 238.358060518901 240.184525648753 237.994571526845 236.230651537577 234.768271446228 239.128808180491 235.937496026357 198.911229769389 166.474054257075 151.777376731237 143.441945314407 139.227529366811 120.138218005498 110.196799039841 117.716163396835 118.679831425349 105.835467576981 108.105073372523 112.610002358754 111.413717269897 105.787177880605 107.385814189911 111.071705818176 109.960854053497 110.16242702802 118.338783582052 125.105003515879 130.380908648173 143.777350584666 156.908879677455 159.765799840291 156.506637732188 159.734030564626 140.748312075933 141.436239083608 142.038683096568 150.230437517166 150.14378229777 118.187745412191 50.9395351012548 36.0722343126933 13.8325368364652 3.25210951268673 0.819040384764473 0 0
214.832901954651 223.556776841482 233.355820178986 229.562739531199 229.064305623372 234.28746064504 242.212692896525 244.252502918243 220.138132572174 177.951236565908 158.079544703166 138.021518786748 125.979443391164 115.238964557648 106.417487064997 111.783236265182 124.792248010635 114.75615700086 110.508521397909 115.107993284861 115.218102931976 110.227217276891 108.443647623062 110.455304384232 113.000313440959 112.087428569794 115.53884545962 126.600116491318 130.470216274261 136.896550655365 150.911380847295 161.641061306 159.110436836878 150.19702911377 136.134177446365 152.389228343964 157.615373531977 158.441801865896 156.700273354848 132.200906674067 41.5865257382393 10.4345555106799 2.67228515197833 0 0 0 0
179.179886976878 189.032932122548 197.953959306081 203.376054763794 211.599826812744 225.905696551005 236.441711584727 242.717603842417 234.159111976624 197.185397148132 166.987359523773 139.546761910121 124.409516652425 120.783845583598 112.342218557994 105.633507172267 119.283447662989 118.748058875402 110.976735750834 111.97038491567 112.466394901276 110.285103321075 106.391211350759 107.637097438176 111.030369997025 116.672108570735 116.1883076032 123.318413893382 128.673692544301 131.227751572927 140.722135702769 157.430509726206 156.701803207397 137.335876623789 141.425400972366 165.208290020625 169.661581516266 166.014085213343 160.631835460663 156.729280948639 105.389177799225 23.0835204323133 4.88470898320278 0.0470934804373731 0 0 0
142.574946085612 148.873786131541 148.547699054082 159.50338045756 175.004601478577 192.422310511271 206.632494926453 216.025372346242 214.937428633372 189.02991215388 158.171653747559 133.437136809031 120.548069477081 117.850800355275 114.561200141907 107.603331406911 113.882740338643 114.12450671196 105.950514475505 106.976956129074 110.28387149175 114.591876665751 112.730155388514 107.718567053477 106.563091278076 111.856033404668 117.853283882141 121.185610691706 127.662479877472 127.186546723048 131.392021973928 144.462535778681 147.988259792328 140.483399232229 166.659375031789 179.476658503215 174.300789833069 166.851242383321 168.448766072591 182.240009307861 179.933627446493 125.71926911672 43.9869364102682 12.200191617012 0 0 0
130.678415298462 133.302003145218 132.287432750066 134.253948926926 144.017537434896 149.630755186081 153.652856747309 158.297777175903 157.784799734751 139.829576015472 124.981939792633 120.04162867864 118.989328543345 114.87673719724 112.000087896983 112.511058648427 111.460268497467 112.227439880371 105.835964282354 105.643639961878 110.104540983836 117.294102907181 118.647446235021 113.83514602979 111.326316992442 109.292795260747 119.494666655858 122.991740703583 127.974232037862 128.292421499888 128.153999646505 136.454025904338 141.468415657679 152.314265569051 177.959640820821 175.021409988403 164.183755715688 153.497169415156 156.499842802684 171.4968085289 187.25981314977 184.148192405701 128.846228122711 47.5819408893585 10.4374215006828 0.838594123100241 0
140.111982822418 137.101868788401 137.361735105515 135.524064302444 132.144848505656 129.565487305323 127.869466940562 128.131608168284 133.117864529292 123.518884181976 116.043736537298 116.632342338562 120.535751183828 119.699696699778 116.836408774058 114.995449781418 109.469036261241 118.211954832077 117.703050374985 111.408293247223 115.062852700551 115.849157174428 115.965525309245 117.867807547251 118.609428405762 114.666412274043 120.201329390208 124.353289604187 128.075261910756 129.725774129232 131.177753210068 136.05726758639 140.341262022654 160.216391086578 172.04471429189 162.67916560173 147.680073976517 136.811435222626 134.568025668462 147.573838631312 178.93922328949 186.411420504252 159.861832857132 97.0153013865153 28.3668041229248 5.98451867699623 0
