input/barkrak2/radiation/dir29024.grid
NCOLS 85 
NROWS 70 
XLLCORNER 665100 
YLLCORNER 4664600 
CELLSIZE 20 
NODATA_value -9999 
[rows 42 to 62 of 70, columns 0 to 47 of 85]
134.900937477748 131.385008494059 133.519252141317 132.140934467316 124.603042999903 121.147394180298 118.347823619843 114.057878653208 113.32768201828 110.644847154617 107.894062995911 106.163809696833 110.707372426987 113.92213900884 112.572024265925 109.926551580429 105.949342250824 111.067265272141 112.807005643845 106.648584206899 103.669106960297 101.843247811 98.1879432996114 99.6639231840769 105.543712774913 100.318094094594 97.1095065275828 104.965110619863 110.19300421079 114.546954631805 117.205897967021 118.831078211466 129.95853026708 152.872910102208 158.956080675125 140.563646952311 125.391115744909 122.625976800919 124.068478743235 134.691953659058 143.785734971364 146.803081035614 131.757984558741 95.4242249329885 33.7841461102168 1.4623673632741 0 0
118.253827095032 121.107697486877 129.599213600159 127.131362756093 129.360775152842 131.080915530523 129.944105943044 124.213804801305 113.259881734848 111.190458138784 114.800453186035 109.67622200648 109.40087834994 114.209582408269 114.174465338389 110.551774501801 111.065407594045 112.71137992541 112.600008646647 107.978641986847 101.904968420664 99.2359022299449 96.5164204438527 96.8318482240041 99.5489060878754 101.83968146642 97.981850306193 100.638926029205 106.054733196894 108.254641294479 108.729422092438 108.866353829702 121.565530697505 139.244417349497 143.416742483775 127.989818652471 122.89109826088 129.236708084742 134.282400210698 135.705173015594 130.313227574031 128.444492816925 121.376057465871 93.3747887611389 45.3197062015533 1.42983254045248 0 0
116.765926281611 122.136741876602 125.62749783198 126.156975825628 128.139585256577 130.208512147268 130.625704924266 125.980049371719 120.139827330907 115.543186664581 116.584887107213 112.938831249873 109.758933385213 107.780734697978 108.080844084422 107.615093390147 103.247503439585 110.099891821543 111.314435799917 108.175317446391 103.347291549047 102.660328149796 101.482292016347 101.537803808848 98.540335893631 107.401976982752 110.306849082311 107.462684313456 107.299347718557 107.672860225042 103.328684965769 101.927022139231 110.485792160034 115.681330362956 120.45360604922 120.934188365936 126.293182373047 137.030233939489 141.605248053869 132.488588492076 130.601684252421 123.456339041392 117.718974749247 96.6425041357676 60.8725448449453 18.4569420913855 0 0
123.053133487701 128.207991520564 124.810596307119 128.74307235082 126.675724983215 126.8576780955 127.97087430954 126.607020696004 127.071678638458 121.277352174123 120.383868614833 118.727415800095 113.049338261286 107.631266117096 107.127279043198 110.440075397491 104.887266953786 107.962747414907 112.610320250193 110.561380783717 107.225318749746 106.375883022944 104.770720005035 105.374226967494 106.118510166804 105.658362309138 112.344990173976 110.751410325368 108.784437179565 107.83310731252 104.936172564824 101.286590099335 105.670303106308 105.030526717504 104.021072387695 105.00572125117 114.121447006861 129.480063915253 130.895723899206 115.802188714345 119.233946005503 113.186637560527 110.503832499186 107.64608780543 89.1788403193156 50.1029789447784 10.3974752128124 0
123.186965783437 125.201135873795 127.771278222402 130.251665910085 129.563202460607 128.601898749669 130.760530630747 132.086098194122 128.487388292948 126.056263844172 124.984095493952 123.303850491842 118.632853031158 114.592442909877 113.264332214991 117.803106705348 114.29155866305 107.805709044139 113.651007413864 112.06591129303 108.69570573171 110.475172599157 109.209954738617 105.687807003657 111.905167500178 106.851985057195 106.379995743434 108.660747607549 108.640780051549 109.852294127146 107.305039962133 104.975690444311 104.144354661306 104.026506344477 105.727652708689 105.186561743418 108.520448207855 118.039707342784 120.053867499034 116.633355617523 116.376618544261 108.236779769262 114.311059315999 122.292657693227 113.806217908859 78.8050790627797 36.5518530209859 3.41249785075585
117.25248893102 120.007534821828 125.793784856796 127.901802460353 131.346791982651 132.294754187266 130.131155252457 129.513402779897 128.851612408956 131.232559680939 127.18540430069 123.660186926524 121.351500352224 120.596081018448 117.400894562403 115.799476703008 115.449488162994 106.661915779114 111.539522806803 112.953801949819 109.133958816528 109.204739332199 111.762901147207 104.221045970917 107.706248760223 107.313414414724 102.265457312266 104.888826608658 107.842783133189 108.764151732127 109.974046548208 107.827673355738 103.842437267303 107.056597868601 119.605600833893 124.060283104579 118.822087844213 113.393753767014 118.21573972702 129.05877828598 120.790332555771 111.274739106496 118.382751941681 125.82806746165 118.976851304372 97.5341002146403 57.2069982687632 20.4127294321855
109.910786151886 113.010694583257 119.32502190272 122.900128364563 129.924019177755 133.34001104037 130.162447690964 127.613325913747 130.890508492788 132.405996322632 130.70680697759 125.688831011454 123.161822557449 124.399840831757 120.898326237996 115.003248055776 113.742540280024 108.147323131561 112.094104290009 116.059044996897 114.748686552048 114.012797673543 115.619202454885 109.898348649343 107.321321964264 110.600064198176 106.578856706619 110.054741303126 114.754736423492 119.813243548075 126.180698474248 125.003457069397 115.50963918368 118.885517120361 126.211484273275 136.218945185343 135.067095359166 124.323785305023 120.653529961904 128.811856110891 117.577205101649 109.260062376658 105.772197246552 106.397847334544 104.342381159465 103.263795375824 92.0795301596324 37.4077359835307
109.172652165095 106.183340152105 110.934754212697 119.945267836253 125.594387451808 129.423717657725 131.980985403061 134.690622488658 135.105500618617 130.832890669505 133.32536816597 132.583200931549 128.115167220434 124.621878067652 122.07426627477 118.108332157135 115.815798441569 111.895501613617 115.218023459117 119.974712530772 121.309747298559 120.686590671539 117.233127355576 117.805143197378 112.965593735377 116.733878850937 115.955531597137 118.292023738225 123.234421014786 132.886866728465 141.300996144613 145.198156436284 133.392155170441 127.115110556285 127.067844072978 134.247521559397 141.889095306396 136.949757734934 127.17072168986 116.327593723933 106.685509284337 108.398248751958 106.694956620534 100.501030683517 97.221036752065 102.012107769648 96.7118541399638 49.162616332372
109.653135140737 113.1265660127 116.807212432226 123.577614625295 123.984664678574 124.768912792206 132.937570412954 137.822131315867 137.820502122243 136.619885762533 136.566370725632 135.880629221598 131.305227677027 126.088599363963 125.525653362274 129.685749610265 121.151934067408 119.421501954397 120.788643757502 126.353293657303 127.293944358826 123.075753450394 119.750320911407 119.088311990102 115.413109461466 120.406091213226 124.545305967331 123.982578516006 129.170556863149 137.884348630905 149.210562308629 153.119375308355 145.369211832682 132.49138991038 121.126502752304 119.910438855489 132.751762866974 143.73238881429 131.145536899567 109.441449244817 101.339201132456 108.843257029851 113.684177398682 108.100205659866 103.272100289663 99.707971016566 83.5291147232056 55.7594249645869
110.238591829936 122.22820520401 124.194741249084 126.024186611176 124.317348003387 123.581786950429 131.308903296789 136.849542458852 136.762569348017 141.41387740771 138.452033201853 137.109140555064 134.815901517868 129.164814949036 129.085093736649 135.728816191355 128.135184446971 123.829116423925 121.394296487172 124.042491118113 124.44594502449 121.572534243266 120.4780737559 116.788218418757 114.481906096141 115.293641885122 121.94088101387 121.50032321612 122.301836808523 129.810313383738 140.597313642502 147.799839576085 144.559462865194 124.236126740774 89.8799697558085 82.2798709074656 102.382600307465 126.881698767344 138.270139694214 136.013776063919 128.839761018753 120.189011096954 102.233360211054 101.030627886454 108.326574166616 101.418574651082 79.6000460783641 67.1415974696477
113.505303859711 111.9537850221 111.315240462621 114.565551280975 121.895929177602 126.847992340724 127.538541952769 133.709331353505 133.634785811106 138.182510932287 138.258745272954 140.523880720139 139.71076409022 133.90843073527 130.697906017303 129.340211550395 130.8979789416 124.077419439952 118.408530950546 116.607815027237 116.079131762187 118.17592382431 118.136356274287 112.305551767349 114.24798766772 111.431847016017 111.735701560974 111.528714497884 110.191881656647 112.579464912415 120.488375425339 130.997518698374 128.271003564199 102.674931287766 67.9729779561361 49.4960447152456 49.1827428340912 81.9197396437327 116.458783547084 135.030696789424 139.928420384725 120.661675930023 98.1119672457377 94.0313935279846 101.89425945282 92.4586256345113 75.7777442534765 84.2722455660502
117.751489082972 106.528530518214 103.900025288264 109.400987625122 122.189939022064 130.929986635844 130.304624636968 132.008373737335 134.285390377045 134.723474582036 136.933028697968 139.355709155401 141.606519619624 139.354566733042 133.657554785411 130.788534879684 133.121848106384 124.772568543752 119.842271010081 120.628774166107 120.327293872833 117.802838484446 116.095850865046 112.45326201121 111.19935909907 109.729121128718 109.706381956736 108.914494514465 106.278558572133 101.050227880478 94.8489606380463 101.525962352753 101.613700389862 84.3080878257751 68.9859290917714 50.7558087507884 28.3178389072418 28.4519468744596 57.8365077575048 95.2875514825185 119.72787976265 109.782735506694 98.0656345685323 92.0865933100383 85.1267675558726 79.8059056202571 73.2017606496811 95.0287083784739
118.207782506943 112.001111110051 108.575363953908 114.047686258952 124.08505876859 132.906377315521 135.623037815094 131.867229938507 136.205563942591 134.574145078659 138.804088036219 140.310794115067 141.492704550425 142.644623915354 137.236138184865 136.633922656377 136.728942394257 130.236188570658 125.680943330129 127.061406771342 127.000073591868 122.579177220662 118.928571542104 119.021524985631 115.765591462453 115.194896856944 111.919045448303 107.687016328176 104.778389135997 96.5380370616913 86.7068568865458 90.8595224221547 94.4357216358185 94.5255060990651 93.0281678835551 80.8984438578288 53.2257854938507 37.0198041200638 32.5279881556829 36.6539483269056 80.7722260554632 86.7542425791423 69.1080093383789 50.7035801808039 50.1977205276489 58.2407216231028 77.4005750815074 87.9516005516052
122.019271055857 120.284934838613 115.200310945511 113.121678431829 119.372586409251 131.682932376862 134.136547644933 131.743828455607 133.692562580109 138.47682873408 144.556204477946 145.681699117025 143.549859523773 144.456684589386 141.842663288116 141.05028907458 141.261279582977 137.785335381826 132.336487372716 129.02710835139 126.620749632518 125.536253054937 127.379874388377 128.596405188243 124.044468005498 120.290378729502 113.722801208496 104.341894388199 95.7450369993846 90.3611381848653 89.7628664970398 96.4853962262471 100.426534811656 111.527333656947 118.925531705221 118.185857931773 105.806648731232 83.5817952950795 69.1674848397573 42.4386113882065 52.4022380510966 72.583129008611 72.7227777242661 60.390442609787 60.8536104361216 78.8338283697764 105.312983194987 102.094034353892
125.140359004339 124.404847621918 122.405558824539 117.635627587636 117.897689342499 128.829052050908 132.37797220548 132.247656583786 131.224036216736 139.809509118398 148.960411548615 147.843281428019 142.705996831258 145.447194576263 145.731796820958 138.94044359525 141.102155049642 138.455768426259 133.785744508108 132.518470287323 131.283899148305 130.973637104034 128.444770971934 125.565409660339 124.369402726491 119.213650623957 96.2941447893779 73.2064247131348 68.953404823939 76.22196773688 87.037980556488 92.9855207602183 98.6305773258209 105.517278114955 119.685381650925 135.273426771164 130.704194307327 125.823716322581 124.542792638143 83.7978223959605 56.9317440191905 74.8234192530314 92.008650302887 93.630184729894 94.3144659201304 109.919081131617 138.433118661245 127.180874347687
124.115327994029 121.945867935816 125.700692335765 125.738282998403 121.790667374929 125.612139701843 132.693390051524 133.582055568695 132.432093222936 139.379918575287 147.982468207677 146.752734978994 141.346037387848 143.92680923144 146.797945102056 136.468460162481 137.784341971079 135.574102401733 134.259204069773 133.911470572154 134.970317284266 136.453767617544 132.776459058126 126.126617193222 124.124864737193 120.955129464467 98.8317827383677 75.2066224813461 76.1363357305527 85.7405463854472 97.8108247121175 98.9103615283966 110.339194536209 121.217608451843 128.20224960645 137.960533301036 135.544379552205 80.1324844360352 66.5740420420965 81.9656699895859 85.1818819840749 99.991371234258 104.975114266078 87.8551304340363 75.9170850118001 89.3928607304891 115.877280632655 110.547214746475
111.74867550532 120.404531558355 123.782296975454 126.109023888906 125.048081080119 121.94687128067 133.2828104496 137.673805157344 137.067586183548 140.976111094157 144.531220197678 144.699275493622 143.276552359263 140.328278144201 141.597300767899 137.297530968984 133.277595043182 136.091500520706 137.449085712433 138.021995623906 139.667510986328 135.761042435964 132.540454467138 127.604881922404 126.771251360575 127.367148796717 121.754864851634 114.640812079112 117.62390534083 119.41389242808 116.985430320104 108.789175748825 124.654293060303 131.818483273188 128.606259822845 96.8625446160634 86.1889719963074 45.7428991794586 31.972457965215 46.1254020531972 87.7445340156555 110.414723555247 107.881406943003 92.4586554368337 80.1859050989151 84.3011736869812 100.958526134491 105.634947617849
101.258605718613 117.846330006917 121.790319681168 124.552021423976 127.386659383774 122.731983661652 128.067711989085 137.333293755849 147.585898637772 147.819409767787 144.135902325312 142.144471406937 144.071896870931 142.30751991272 141.257027784983 138.423025608063 133.673856655757 135.091861089071 133.376886447271 129.77393468221 131.772677103678 129.96913989385 128.015657265981 125.675807396571 128.901143868764 132.258872191111 145.957847436269 153.341054916382 140.176773071289 134.367942810059 122.297803560893 108.913918336232 119.172106186549 109.881659348806 60.4652216037114 49.1818487644196 47.1722185611725 37.6620242993037 23.6807813247045 19.3680251638095 21.791917582353 74.3347555398941 104.7349969546 125.656465689341 140.235294898351 135.258595148722 128.695408503215 126.641859610875
103.347341219584 113.972077767054 122.210562229156 124.639570713043 126.071254412333 126.35263800621 120.333929856618 131.548007329305 153.158297141393 152.455697456996 143.922358751297 140.058408180873 142.396658658981 144.611040751139 143.917242685954 140.147497256597 138.045201698939 133.966306845347 126.632531483968 118.145485719045 117.236832777659 121.087779601415 120.841135581334 124.532600243886 125.080873568853 130.455513795217 150.818169116974 156.427641709646 139.556308587392 130.496243635813 114.605764547984 99.1319219271342 98.8565385341644 91.3165509700775 67.6958660284678 41.9478118419647 43.5160249471664 57.3848088582357 49.5308389266332 32.7878768245379 20.9280326962471 37.4831880132357 82.8115046024323 114.602128664653 125.139544407527 126.107066869736 118.687937657038 119.445900122325
116.083522637685 119.416574637095 122.150013844172 118.458449840546 111.251264810562 107.604334751765 116.812586784363 122.74835507075 132.95657436053 131.567696730296 129.452268282572 134.813020626704 141.329447428385 142.739961544673 138.293246428172 139.584650595983 139.102091391881 131.481468677521 122.85449107488 116.453369458516 115.506688753764 115.917106469472 117.586970329285 120.155702034632 118.892391522725 123.744547367096 137.167553106944 142.620742321014 136.502712965012 124.905794858932 108.035504817963 91.24622742335 82.5482904911041 94.970961411794 87.5830054283142 63.5055104891459 67.3279861609141 102.452536424001 110.599100589752 86.5627626578013 50.694410999616 39.2479946215947 58.8253786166509 77.6662329832713 65.655638774236 82.8471879164378 87.9331628481547 93.036691347758
129.312078158061 125.528633594513 121.623208125432 113.663206497828 102.059533198675 93.5917993386586 106.544643640518 105.834672848384 93.4687852859497 93.9144392808278 109.740396340688 122.809191544851 127.966900666555 132.278740406036 135.784228642782 146.905948718389 149.286379416784 139.478703339895 129.232317209244 124.173025290171 119.707683722178 119.173059860865 120.384295781453 118.538836638133 117.612073818843 120.584944883982 125.01248717308 126.105388005575 125.513265530268 103.048264980316 105.961243311564 98.6762046813965 89.5158151785533 105.861614147822 109.125902255376 95.9156155586243 88.057537873586 89.6653632322947 95.500369866689 92.9980079332988 75.4358271757762 58.9708586533864 58.6142639319102 46.2438762187958 37.337526679039 42.5135095914205 67.2058413426081 71.3978707790375
