input/barkrak2/radiation/dir29824.grid
NCOLS 85 
NROWS 70 
XLLCORNER 665100 
YLLCORNER 4664600 
CELLSIZE 20 
NODATA_value -9999 
[rows 22 to 43 of 70, columns 0 to 48 of 85]
77.3933430512746 71.1493194103241 48.2493340969086 43.4313267469406 39.181595047315 20.2492500344912 27.2502352794011 27.6646241545677 15.8806629478931 25.6046776970228 30.2660316228867 32.1111132701238 36.6684943437576 35.8467623591423 37.8949518005053 44.2602435747782 55.8290829261144 67.0215785503387 74.4161208470662 78.3916860818863 81.9294353326162 98.0016986529032 111.73007885615 115.477462609609 116.93416039149 111.172437667847 98.9911357561747 93.3365325133006 84.3801895777384 67.3875957727432 48.2280353705088 22.9548166195552 5.97820927699407 0.387684752543767 0 0.0131000015244354 0.216832656102876 0.234458828344941 4.3275539452831 2.54019194593032 8.17044327656428 13.8717790444692 23.3260467648506 17.7369477848212 39.4321928421656 61.1027677853902 66.4448291063309 70.6095546483994 72.9170143604279
112.396289904912 101.531306902568 66.9881105422974 49.5920926332474 43.8810487588247 43.1943337122599 40.6577984491984 28.8569281498591 15.8756549159686 24.2136990030607 33.2052061955134 36.1830790837606 40.9318556388219 47.3737219969432 43.9153959353765 46.4580555756887 54.0510018666585 66.1746760209401 71.6334581375122 64.1160557667414 64.438263575236 68.5380846261978 83.4242800871531 93.9976771672567 100.553562243779 102.31414437294 93.4507449467977 86.9183639685313 67.2812362511953 31.0715759793917 25.3447343905767 14.462901900212 0.37210329901427 0 0 0 0 0 0 0 0 0 0 27.0091940959295 40.145422021548 55.3704251845678 61.5206162134806 63.7843509515127 70.8612600962321
111.675371726354 107.604702313741 84.602693716685 54.7068417072296 36.0914617776871 43.4446434179942 39.9827683965365 36.0338240861893 30.3359677394231 26.5571549534798 30.6720683972041 33.5331285993258 37.4294072389603 43.0265168348948 45.3101396560669 46.0735559463501 51.9730945428213 62.8109474976858 70.6186294555664 63.5948975880941 62.2600615024567 58.7486128012339 67.4415330092112 77.3696998755137 81.767350435257 83.1763645013173 79.1823317607244 69.1936413447062 55.3045769532522 23.9908595879873 17.4603785077731 14.952273418506 2.65558063983917 0 0 0 0 0 0 0 0 0 0.00829169948701747 46.5537408987681 50.8871674537659 52.2762884696325 57.0255766312281 61.4897112051646 69.164385398229
97.7112650871277 102.696696917216 95.8435237407684 64.3383016188939 36.6768762469292 43.4698214133581 48.3649671077728 56.149368484815 55.3288360436757 44.7124689817429 39.2549186944962 43.7669356664022 44.9571410814921 51.6037444273631 55.2186916271845 48.6509948968887 52.1973272164663 61.3685746987661 69.1826194524765 73.5620657602946 74.5488703250885 69.8322703440984 66.8023973703384 67.4808323383331 70.0458983580271 73.3113537232081 67.7904685338338 67.0916090408961 40.6418964266777 35.4678109288216 34.0157598257065 39.5030627648036 32.5596258044243 0.169665203429759 0 0 0 0 0 0 0 0 7.17805263896783 57.7954153219859 48.1127003828684 46.0683604081472 52.0513306061427 61.4959249893824 66.0449713468552
96.4822371800741 102.035562197367 100.165456533432 74.2691258589427 51.9109467665354 59.093048175176 69.9944893519084 79.1016419728597 86.1718356609344 78.9944430192312 57.6860010623932 61.6009632746379 58.9942534764608 64.2797251542409 65.5018637577693 56.5131604671478 54.5909305413564 64.5370483398438 72.1331685781479 85.2806468804677 85.7035219669342 83.7692221005758 75.3150631984075 69.6966548760732 69.7390784819921 72.2884337107341 67.8180754184723 72.4309782187144 66.3178910811742 65.2713775634766 72.6879437764486 93.6502317587535 102.801581223806 81.8229764699936 6.55501460035642 0.715147703886032 0.47416837575535 0 0 0 0 3.95967873434226 36.1711134513219 32.1047579248746 37.9883522788684 34.6210797627767 34.5351845026016 37.2865324219068 40.5029902855555
98.3445644378662 96.9414015611013 97.3155597845713 80.3893407185872 80.6811501582464 82.252025604248 91.2493964036306 95.095972220103 97.7497696876526 89.4284943739573 70.2721526225408 65.2667383352915 64.166471362114 65.3584599494934 70.0105279684067 68.0726915597916 62.1073246002197 68.6769783496857 83.3247403303782 88.796595732371 85.3885511557261 77.9986629883448 75.3595978021622 76.8709977467855 77.7364671230316 77.9759089152018 75.3733317057292 84.6196512381236 99.7376243273417 105.114231506983 112.016578515371 120.15637755394 130.607465902964 137.479682763418 97.9379018147786 14.0526754160722 1.60929715881745 0.244729764138659 0 0 2.64433833460013 48.2860108216604 40.546993414561 19.2644794782003 22.6348638534546 19.0744598706563 20.2967996398608 25.0812222560247 27.3656398057938
101.271539926529 89.2357428868612 90.2512073516846 84.2092037200928 101.534863313039 95.7524478435516 93.0431882540385 89.4364317258199 85.3083729743958 74.6679455041885 64.3732051054637 61.1864229043325 62.4777972698212 64.915935198466 73.6659119526545 76.217994093895 70.8533773819606 67.0743534962336 80.1617950201035 81.6582838694255 79.176276922226 73.1956015030543 73.1950600941976 80.60422539711 82.9570690790812 79.4779856999715 80.9160570303599 85.6893261273702 108.544796705246 121.88399831454 131.803810596466 139.767547448476 145.012428363164 147.35820889473 144.317517677943 69.1041052341461 0 0 0 0 12.0193759600321 31.2722772359848 19.6690931916237 8.74396786093712 8.16434994339943 7.67644370595614 9.31192748248577 16.0966391364733 23.923655351003
101.749867200851 83.0010722080867 84.105521440506 90.9109711647034 101.577858130137 94.5453445116679 79.2681475480397 63.8874669869741 52.2985657056173 44.1597203413645 45.3123797972997 50.0679661830266 59.201384584109 65.4445191224416 75.7947514454524 80.9330542882283 78.0677944421768 64.6181205908457 70.4325437545776 73.2447455326716 71.9715654850006 73.104793826739 72.9553947846095 80.2153994639715 86.3508482774099 83.1990937391917 86.1379106839498 87.4019761880239 102.745821078618 125.943591197332 143.620669841766 151.996711889903 149.988919496536 153.175701697667 162.126570940018 147.115836540858 60.144101579984 1.69441321243842 0.736943368489544 1.09289462367694 1.32149364799261 0 12.1205449104309 2.78832825521628 1.67955985913674 3.92273565133413 9.01121397813161 16.246256728967 21.6300735870997
99.3382136027018 101.088255643845 124.502003192902 159.584869941076 133.509526650111 100.643197695414 69.5794671773911 45.1180934906006 35.4803552230199 39.0154446164767 35.9929551680883 35.9513113896052 55.8766822020213 65.8364295959473 78.5799920558929 85.9679480393728 84.126611550649 70.5791215101878 71.571613351504 74.4267404079437 71.6803868611654 76.9444604714711 78.6817322174708 82.350825270017 88.647981484731 93.7152902285258 92.1745300292969 94.3274597326915 106.495132048925 131.52805964152 152.043789625168 158.42072168986 154.491643110911 162.271449963252 172.62081305186 177.512347698212 154.456317424774 95.1075851917267 27.2508437434832 6.26208260655403 1.51579050968091 0 0.721482249597708 2.44610601415237 1.09762737217049 2.74173698077599 7.11412044862906 12.0416519542535 15.0362315277259
113.374869028727 149.131486813227 198.09901714325 219.548543294271 199.713508288066 143.6714331309 94.8254366715749 61.2807820240657 50.97762743632 57.0893784364065 48.0533093214035 41.1979630589485 53.9196580648422 64.1884903113047 84.5265686511993 89.4714295864105 86.2579345703125 81.1900943517685 74.6295849482218 76.2666165828705 75.6845474243164 79.7976106405258 82.369198401769 84.2102070649465 89.7562106450399 103.060295184453 103.940665721893 109.653939803441 118.394513924917 135.309825340907 152.88895368576 161.297192176183 163.45606247584 170.051713784536 176.127394040426 175.529976685842 169.780055681864 154.357622067134 87.6950323581696 22.1338495612144 4.18462449063857 0 0 3.26283617566029 4.52451066424449 3.28752833108107 0 0 0
175.639927387238 211.89151207606 235.640704631805 236.001292864482 235.047956307729 208.96323521932 163.799226284027 125.412493944168 99.8568534851074 87.5398516654968 81.8667163451513 67.7885214487712 56.4914047718048 61.466912428538 84.6605400244395 90.0562405586243 85.3162010510762 85.9019656976064 76.3625005880992 74.344739317894 79.1935374339422 80.179770787557 81.2760988871257 83.2897027333577 88.1142814954122 103.656589984894 109.866668780645 118.824323018392 127.18344728152 135.868410269419 149.045566717784 160.783320665359 161.064048608144 160.544176896413 159.684399763743 151.857395966848 153.235147396723 140.282313028971 93.9393242200216 40.3834034999212 12.4256288011869 8.38441029191017 3.41006616751353 2.37756098310153 1.50278412426511 0 0 0 0
225.410481293996 240.657687187195 244.289954503377 242.692748705546 245.135446389516 242.457250754038 218.615889549255 173.899531364441 137.788355350494 113.150755564372 113.018244504929 101.416150728861 76.271245876948 69.4674501816432 81.3677608966827 85.7390662034353 80.3817262252172 80.632617076238 74.789692958196 76.4484157164892 73.8932838042577 75.9720702966054 75.9242127339045 77.8181950251261 84.7242077191671 96.9885389010112 108.967880407969 114.249765872955 123.213678598404 135.629812876383 147.442708412806 150.710294644038 141.057809193929 129.667013883591 132.306387027105 115.8746778965 116.496274868647 101.155837376912 63.9717529217402 29.4738784432411 26.469183464845 19.3199353913466 9.89649072289467 3.07933737834295 0.558894321632882 0 0 0 0
236.633638540904 242.409646511078 241.932034492493 243.308107058207 243.712067604065 243.644833564758 235.191146532694 205.557286739349 155.533134937286 126.016199588776 124.409139156342 121.524741252263 104.182869195938 83.7311844031016 81.716775894165 84.2475593090057 78.8067082564036 73.7650791803996 74.3863979975383 78.4041782220205 73.1356839338938 72.9200839996338 74.9827524026235 76.1050482590993 81.4537703990936 90.22190173467 100.569069385529 102.448701858521 111.755897601446 130.415697892507 140.538354714712 137.807110945384 130.446920792262 123.886634906133 115.880399942398 100.823700428009 105.052510897319 102.139274279277 82.0850233236949 46.2863544623057 37.6323709885279 36.9067589441935 19.5877316097418 4.86213279267152 0 0 0 0 0
231.739898522695 235.099752744039 230.562051137288 232.466677824656 232.890645662944 229.048311710358 225.100298722585 206.213633219401 164.939026037852 137.061436971029 129.177947839101 122.943023840586 118.356476227442 95.5468316872915 85.7372383276622 89.6302262941996 82.6740513245265 72.9004790385564 77.2982736428579 78.3188045024872 76.8029193083445 72.4307596683502 77.4234682321548 81.526979804039 80.9193154176076 86.3948663075765 92.6189720630646 94.15336449941 101.530462503433 122.174650430679 132.637749115626 131.269325812658 132.760127385457 133.768459161123 114.557266235352 107.63281583786 112.401713927587 119.47367588679 114.563236633937 74.9786545832952 32.1787695089976 16.9626412292322 0 0 0 0 0 0 0
210.52485704422 213.983674844106 214.412093162537 211.926619211833 211.999416351318 209.678153196971 213.843166828156 209.948460261027 174.268623193105 141.346712907155 130.31409184138 117.321938276291 113.429546356201 94.4330592950185 82.359179854393 89.600662390391 92.1515425046285 78.5262038310369 80.7304779688517 84.9105616410573 83.8763117790222 78.6811411380768 78.8433154424032 83.7019681930542 81.4062058925629 82.9581171274185 89.762290318807 97.508172194163 102.636724710464 116.839389006297 130.196988582611 132.881542046865 134.067724148432 137.731234232585 118.031899134318 118.527789910634 118.926922480265 127.51179933548 127.304126818975 87.7888798713684 18.8327009479205 0 0 0 0 0 0 0 0
189.329226811727 197.556376457214 208.330194155375 204.336524009705 203.876038392385 208.665529886882 217.262784639994 219.25167242686 195.692638556163 155.538191397985 134.966433048248 112.910429636637 100.003023942312 88.8536671797435 80.0293385982513 84.4532748063405 96.3200529416402 86.8450701236725 82.9459180434545 87.2823695341746 87.4688227971395 82.8447490930557 81.1447004477183 83.119456966718 84.2580894629161 83.5136771202087 88.1643096605937 98.7900594870249 103.781203428904 110.0219587485 124.01956319809 135.483284791311 135.81978281339 127.914865811666 113.530278205872 127.998650074005 131.766438484192 135.953684647878 134.522547324499 108.607530593872 15.0425061583519 0 0 0 0 0 0 0 0
152.211238940557 163.865784804026 171.995917956034 176.286141077677 184.935728708903 200.32658179601 212.270935376485 219.682196776072 210.022568702698 174.583276112874 145.011921723684 115.072389443715 97.2427229086558 93.6904748280843 85.6649974981944 78.9764324824015 90.7683968544006 91.8927391370137 84.6944053967794 84.3107998371124 84.8518908023834 81.4989507198334 79.2057017485301 80.4673532644908 83.7460557619731 87.7411564191182 88.7554486592611 94.4119691848755 102.027773857117 103.283355633418 115.096827348073 130.909740924835 133.54695836703 114.961425463359 117.792914311091 139.909376700719 144.157906373342 140.901029109955 138.965576887131 134.52884554863 76.8889288107554 3.31211586793264 0 0 0 0 0 0 0
115.945816040039 122.593174378077 122.241308291753 132.513403892517 149.437586466471 166.540751854579 180.184245109558 192.436575889587 190.640131632487 166.891316572825 132.241030534108 108.376165231069 94.3329135576884 91.9365187486013 87.6180529594421 82.3053518931071 86.9601368904114 87.4192317326864 79.7903388738632 80.3769528865814 84.0373833974202 86.8444244066874 85.1779182751973 80.544576048851 79.5522928237915 83.272710442543 90.3102159500122 93.5823718706767 99.8141864935557 99.4135836760203 104.708135128021 120.107044776281 124.735176563263 118.049432833989 142.03538497289 152.458935976028 149.981707334518 142.553329467773 145.200272401174 158.193171024323 151.339868704478 86.934487024943 16.0258722802003 1.05633734104534 0 0 0 0 0
104.091505209605 106.551388899485 105.856527884801 108.026216427485 117.054502169291 123.810430367788 127.152343591054 132.234434286753 132.277518510818 114.807466665904 98.4731713930766 94.6869353453318 92.6896532376607 89.9704794088999 87.5716209411621 87.1525804201762 85.8893195788066 85.5010350545247 80.7905892531077 79.4750998417536 84.0100248654683 89.4274810949961 90.7636185487111 86.2962603569031 83.9302440484365 82.1093221505483 91.8073058128357 96.5565741062164 100.077013174693 100.464781125387 100.422243277232 110.035876433055 117.94438958168 127.595116694768 151.037454605103 152.022073666255 141.159931818644 130.748738845189 133.86016090711 150.334735711416 162.857671578725 156.973232825597 100.559016068776 27.5692840417226 1.58004245410363 0 0 0 0
113.295555114746 110.400209824244 110.661049683889 109.45995648702 105.981767177582 103.562712669373 102.071583271027 102.841168642044 107.209394375483 98.8975167274475 90.396652619044 91.343492269516 94.215859969457 94.7254101435343 92.3933386802673 89.5407497882843 85.2104624112447 92.4220283826192 92.3926631609599 88.1867210070292 90.3079211711884 91.00541472435 89.5230174064636 91.4356509844462 92.3120379447937 87.1584117412567 92.4541453520457 96.506804227829 98.8080700238546 101.779421170553 103.220840295156 107.170403003693 115.78510204951 135.179072618484 146.217932303747 138.484378655752 124.690691630046 113.734781742096 110.801517963409 123.747408390045 155.819922685623 163.360963265101 137.364655733109 72.2218503554662 13.5630816221237 0 0 0 0
118.62975358963 115.262279907862 117.715368668238 116.336951653163 108.821620543798 105.398386716843 102.191627025604 99.0705589453379 98.6771583557129 94.9829320112864 93.2802855968475 92.0835534731547 95.611313978831 98.9340742429097 98.9931325117747 95.1652924219767 91.3991133371989 96.6444810231527 98.5608398914337 92.6607847213745 89.8343026638031 87.8468155860901 84.2234094937642 85.8644545078278 90.2368525664012 86.7385764916738 83.6081206798553 91.0256902376811 96.1779852708181 97.7402726809184 100.338657697042 101.111590862274 112.788041432699 137.297282616297 144.920984903971 125.872919956843 111.393342415492 108.493735392888 110.05770166715 119.340201218923 130.188127358754 133.263329664866 117.865155140559 81.9584627946218 22.970013320446 0 0 0 0
101.887126763662 104.79806860288 113.594025373459 111.015657583872 113.382707039515 115.399112304052 114.438007275263 109.093536933263 97.4505345026652 96.3129003842672 99.1633137067159 95.3870316346486 95.4841574033101 99.1312662760417 99.2103219032288 96.9343384106954 97.8103677431742 99.6253788471222 99.6321241060893 93.8175320625305 87.9081686337789 85.1363241672516 82.5316210587819 81.7275047302246 84.4258268674215 89.4168416659037 82.9992791016897 86.8818759918213 90.8998350302378 94.4117208321889 93.5235619544983 90.5877947807312 103.09711098671 120.115061601003 128.260006507238 113.953898350398 108.892987171809 114.784071842829 119.797875483831 121.152152617772 114.794035752614 114.481707413991 107.287257909775 79.2430639266968 32.9950824379921 0 0 0 0
