input/barkrak2/radiation/dir27324.grid
NCOLS 85 
NROWS 70 
XLLCORNER 665100 
YLLCORNER 4664600 
CELLSIZE 20 
NODATA_value -9999 
[rows 0 to 20 of 70, columns 0 to 45 of 85]
196.463664372761997 211.99635664622 228.136559327443 247.778058052063 257.119456926982 257.248481114705 249.807417392731 244.317531585693 245.61607837677 247.594058513641 246.81301911672 247.749288876851 246.258238951365 246.981044610341 248.924831549327 239.695231119792 228.22513182958 217.145999272664 211.919665336609 201.115270455678 197.802424430847 212.421000003815 239.127933979034 246.853470802307 248.947660128276 259.502013524373 258.269011974335 243.998289108276 228.416323661804 226.487159729004 222.358365853628 242.681344350179 286.51487827301 285.161375999451 281.71169757843 268.739581108093 273.199518521627 288.290123144786 285.061001777649 283.897837003072 271.456678708394 272.301773230235 284.820338090261 283.553342024485 272.178808848063 275.14123916626
174.641966819763 192.501425743103 208.238979180654 227.770209312439 241.168220837911 245.852907498678 244.070291519165 245.695928732554 254.555563131968 253.595391909281 249.651412169139 248.223582903544 247.766534487406 248.801986376444 248.630324999491 239.250282446543 233.671983083089 224.974671999613 220.139185587565 208.462417125702 212.183356285095 232.543011506399 253.065486749013 256.158947944641 259.837965170542 264.687716960907 259.895404179891 247.314016024272 233.339468638102 228.352109591166 229.173878828684 256.429711977641 287.447929382324 286.863585313161 280.23221095403 270.646254221598 276.534557342529 288.52919737498 283.672869205475 284.930825233459 275.878230730693 274.090727170308 272.381583849589 271.599392096202 268.786211808523 275.148868560791
138.060917456945 150.327980518341 163.238902886709 176.590124766032 190.642396608988 201.523462931315 211.918731530507 227.761566638947 241.047263145447 241.916378339132 242.090344429016 245.772242546082 254.192014535268 258.008619149526 256.765405337016 260.526120662689 261.063476403554 251.633365948995 235.31170686086 224.766929944356 232.618093490601 246.187806129456 254.753867785136 257.341881593068 262.510816256205 261.425614356995 255.620777606964 246.636033058167 237.694044907888 236.214458942413 244.49767669042 272.250235080719 286.146680514018 286.556879679362 280.848185221354 274.922788143158 281.772454579671 286.039392153422 285.173257191976 283.64509344101 275.234699249268 266.018589337667 254.608829816182 253.216803073883 263.083755970001 273.224453131358
118.915200233459 119.825015465419 127.691149711609 134.906907876333 141.869813203812 147.405991951625 155.703643957774 172.771314779917 194.471915562948 213.133076826731 227.596819400787 244.70063050588 257.055183251699 261.657615502675 264.334519704183 270.287791887919 267.956892649333 257.195432980855 240.849196910858 234.009047349294 233.207603295644 232.398927211761 244.569261868795 251.101573308309 251.745621363322 253.046294053396 252.565880616506 248.52180480957 246.320009231567 248.17955493927 251.004954179128 277.538140614827 284.558733304342 284.584959348043 281.573832035065 282.933493455251 284.610648949941 285.036285718282 282.463451226552 272.52991994222 264.496008555094 252.525846163432 247.926592826843 261.080026626587 277.26157506307 271.400729815165
141.439408063889 124.327133099238 111.236691474915 100.692927837372 101.916054884593 120.952039957047 142.913768688838 154.50527270635 165.636797746023 173.648238182068 197.477300961812 223.009367783864 239.157259464264 247.474431991577 253.991643587748 258.004307746887 252.678592999776 243.256986141205 237.533469994863 234.564661979675 229.386925697327 227.474808692932 238.915423552195 244.813958803813 248.122096061707 254.088719685872 253.358801205953 250.843524932861 248.78203868866 247.109452883402 253.501017888387 281.932830810547 284.276366233826 283.190687497457 278.809666633606 279.374281565348 280.451615651449 279.504239559174 268.998940785726 262.034972508748 259.888648986816 256.781379381816 260.457813739777 269.188185532888 273.358980814616 257.049838701884
186.648766199748 156.861960887909 127.84868478775 103.882074356079 94.6807662645976 106.262028217316 132.437179485957 150.873879591624 155.634135007858 155.186593532562 165.86642464002 181.138237317403 192.129532496134 199.627240498861 209.586838881175 218.840877215068 221.012691656748 225.475907325745 232.625067234039 238.241930802663 238.314926624298 240.796605745951 241.732875506083 242.753386497498 246.776640415192 252.706150213877 253.399352232615 253.724277019501 252.20650434494 252.103527386983 265.692750612895 282.839238643646 281.522969404856 280.016322930654 275.802294413249 273.647566636403 275.583267211914 271.180748939514 261.610368887583 262.583692868551 261.726319789886 258.957386016846 260.285536448161 263.389011224111 253.43914826711 227.351943651835
211.844484011332 184.703389803569 162.210702896118 139.686713616053 118.011216322581 104.727079470952 112.662583589554 142.716358105342 157.651056845983 166.480004787445 163.244197765986 157.367487748464 152.881652116776 148.522516091665 150.895327329636 167.762080828349 181.835532188416 203.67568731308 224.941929181417 238.39920759201 244.82536315918 247.633973757426 245.884617169698 242.996791998545 245.519042015076 248.073220252991 251.220504442851 252.859393755595 253.064056237539 257.939040660858 271.152297655741 279.179513454437 274.640182654063 271.078745524089 268.862307071686 264.751176039378 264.679710070292 259.949306646983 255.585789680481 252.710938453674 246.97474638621 245.22477388382 250.917732715607 257.060368855794 246.548851331075 235.581616560618
224.331160386403 212.108671665192 198.119918505351 180.151661237081 154.900153477987 123.214185237885 101.505398750305 99.6889472007751 135.001927614212 163.677483797073 172.549923261007 168.410738309224 158.512622117996 147.656460603078 133.767733971278 137.459804614385 151.145269473394 169.341464837392 195.728878180186 217.451175053914 231.511076291402 241.431872049967 248.293042182922 244.485119978587 242.783466974894 241.950651009878 243.108133474986 244.667053222656 245.951612790426 254.815419514974 266.063590844472 268.954535325368 264.72020149231 258.734107017517 253.462910652161 251.463989416758 255.2743156751 251.555283864339 244.564890861511 229.55326239268 229.008694489797 239.083011945089 256.014148394267 266.337156295776 260.8948747317 259.386976559957
214.92592493693 215.947151184082 209.963123003642 200.600723425547 185.149331887563 159.445067246755 127.336124579112 97.6957778135936 112.484832604726 135.798345009486 157.216757535934 168.407122294108 171.28986120224 168.03632179896 154.115994771322 145.504792531331 142.672091722488 147.614936033885 163.246055444082 181.845108668009 200.109163920085 216.473440329234 228.487948576609 226.262668768565 228.162626425425 227.726399898529 228.47588857015 230.282465616862 232.233703136444 242.428839206696 248.66251150767 248.925884564718 246.158480644226 245.436410109202 245.578904946645 247.012893358866 246.590177218119 245.996713638306 239.185372988383 232.668360074361 245.464344819387 259.01331504186 267.895380655924 269.376118977865 260.603904724121 254.436274369558
180.603543917338 191.625237464905 197.377880414327 197.641352812449 193.903088569641 188.465019067129 169.398248195648 148.575335741043 116.401314735413 105.746408303579 120.484560728073 147.088666756948 171.152393023173 183.617730935415 184.493203957876 174.306968847911 157.763222853343 151.988844076792 151.171048482259 154.872020085653 163.978050152461 173.32132657369 184.773325920105 194.232761859894 204.479495684306 207.391738891602 208.40859413147 209.8362048467 212.286949157715 219.679971536001 221.113344033559 222.1493323644 228.979070981344 233.6332599322 236.899197101593 238.242228825887 237.012147903442 240.999539693197 238.511045773824 244.999349117279 262.262225151062 270.051379998525 271.907011667887 269.066691398621 259.495377540588 254.049400488536
96.0805614789327 120.360304911931 137.302239735921 163.13781340917 174.773057301839 183.48369995753 184.195995330811 177.203337351481 145.679712295532 119.13388967514 103.775769472122 111.992518107096 141.76141222318 170.027295748393 187.530318895976 176.408092180888 167.493144671122 159.19295946757 150.274336338043 144.477923711141 144.283165534337 144.129117329915 149.66215689977 165.100385745366 179.910778999329 189.103027184804 190.849423408508 191.48580233256 198.007265726725 203.692972660065 207.136750221252 211.000343163808 221.204320589701 225.649138291677 225.254893302917 226.409792900085 231.48634036382 236.901005109151 242.042104403178 255.95631202062 266.422311464945 269.653578599294 267.702539761861 265.006005764008 261.805335680644 262.45770851771
59.7623586654663 58.8681697845459 69.7468668222427 90.1511212189992 104.014098644257 124.781052271525 160.71488459905 167.708953221639 168.227970600128 151.970515648524 123.492856820424 102.211316426595 104.951689640681 128.850410381953 160.033831993739 165.612518787384 172.624826431274 167.91699330012 157.117605209351 144.874811172485 138.426194588343 135.76485713323 135.996371507645 145.741800467173 155.048022667567 162.463327248891 166.706879933675 171.599566936493 179.360886414846 184.438586235046 189.72909450531 195.432702700297 202.075362205505 205.859005451202 206.816573937734 209.011912345886 220.673123995463 232.730229695638 239.042997360229 252.74654229482 259.843051433563 261.029581228892 257.910370826721 253.944277763367 251.919666926066 251.07729434967
47.4975456794103 40.4512087504069 37.4441146850586 28.4557988246282 35.5645939707756 56.2709172566732 74.0699271361033 97.8103280067444 126.47603948911 136.359751224518 136.291474103928 118.04872751236 91.6940371195475 90.114692846934 110.997140407562 142.410973707835 162.801871697108 171.845396359762 168.163955211639 157.501806815465 147.834032773972 147.477447986603 146.945973237356 147.819976011912 148.677299420039 148.960461219152 153.474460045497 163.235555092494 167.453229427338 168.991406758626 174.408753712972 180.257578690847 181.642254193624 183.725992838542 187.468568483988 192.823270956675 205.670615037282 219.70413128535 223.568558692932 233.221650123596 240.478793780009 241.990407307943 241.065224011739 241.19104941686 238.690217336019 239.27104473114
49.3252078692118 28.9268443981806 13.197660446167 8.14138973752658 2.52012939502796 1.27960415557027 7.77591827015082 43.440838654836 75.8242309093475 95.4183340072632 118.30128232638 132.956604162852 117.697765429815 102.159400780996 99.9505122502645 120.683491230011 137.954731782277 154.994279146194 169.254859288534 167.208333810171 158.105959494909 156.152298053106 158.089449008306 157.424767812093 158.275097608566 157.014499107997 159.717857837677 169.28372780482 169.596314430237 162.263522545497 167.954603830973 173.403064409892 174.882253011068 175.178786118825 179.785589377085 187.881966431936 193.776786327362 200.481136639913 205.108265082041 207.097212473551 213.288366794586 220.032970110575 227.62926419576 233.84956518809 230.213562647502 235.796689987183
55.8600227038066 29.5400793353717 8.69605628152688 2.49547262986501 0.317908260816087 0 7.20716205736001 28.5470833381017 44.927179813385 71.0340738296509 96.9166258970896 120.100120703379 136.638085047404 128.585676352183 115.983873605728 114.064464966456 117.781937122345 133.456567923228 152.184933423996 165.686160326004 171.032071113586 165.897240241369 166.609366734823 163.190603256226 161.784758170446 164.06124830246 166.974604129791 170.426547527313 166.905224323273 162.245611349742 164.681831995646 170.125901699066 170.05995909373 169.815222422282 174.330015977224 178.690393765767 179.65833346049 178.755621115367 184.177756309509 185.193419456482 191.161970297496 199.962238470713 206.747571627299 211.420257886251 213.696002960205 218.859314918518
46.4967389901479 30.4561803738276 7.73299609621366 0.747933673361937 0 5.37175809343656 19.8670066893101 32.0231864849726 45.2141265074412 61.658372481664 85.7895811398824 116.697033246358 138.628909985224 145.004322131475 134.006232023239 112.353205680847 106.470048427582 112.129737933477 126.04171037674 151.645402113597 168.212215105693 171.099066734314 176.145195960999 172.241429487864 167.816420396169 168.716291586558 173.160433769226 169.287860393524 167.605717976888 170.566380023956 170.975188414256 170.287668704987 167.492806911469 165.488342444102 166.543374458949 165.17831881841 162.686159213384 158.204933007558 161.952684322993 164.510269959768 168.990949789683 175.572613875071 179.174820582072 181.736946105957 194.892764091492 201.593299706777
41.6843990484873 34.0081577499708 14.46666320165 0 0.271356858623524 7.25326438744863 23.0847100416819 36.362166206042 49.7075766324997 57.7414979537328 72.1419801314672 101.105054219564 126.464267571767 138.767083485921 139.5210425059 139.088581005732 133.534491062164 124.092449744542 116.288234790166 124.705374240875 146.808336178462 162.707030773163 170.599182446798 172.931730747223 170.71533203125 175.047238667806 180.315057436625 177.345077196757 178.80779504776 185.707271099091 181.336283683777 170.504609743754 165.162225564321 160.248577594757 155.326267083486 154.176712036133 149.247467517853 147.71701892217 148.803055286407 152.826488018036 155.48183520635 158.279041449229 161.804229021072 164.935886859894 183.818320433299 194.490869839986
37.1549924214681 36.7484614253044 25.7424786686897 0.718401900182168 1.31856199974815 15.018151452144 30.2622864643733 47.9223132133484 59.5152527093887 64.8381412029266 71.5328554312388 87.0136320590973 111.658871173859 128.597090641658 142.799556255341 151.733905076981 152.499516805013 146.053612232208 130.768994490306 117.697377999624 127.158691485723 150.750497976939 157.843540112178 164.589454730352 166.227757930756 169.604897499084 181.457817554474 180.844306945801 191.592256228129 195.011556148529 188.961446285248 176.421344280243 166.42814874649 158.902168273926 151.788045962652 149.636189142863 146.9766497612 146.410495042801 147.223055362701 149.212867021561 151.811947425207 153.73616417249 154.132793347041 158.244073390961 170.859356721242 186.295052369436
41.579748193423 47.3038554191589 45.9344883759817 13.7632352610429 9.90951682130496 30.028002957503 43.0447707573573 57.2329858938853 70.8940575520198 85.6528580188751 91.2350912888845 92.9242074489594 104.108661413193 116.425385077794 130.123635133108 147.014011939367 153.00382177035 156.268835067749 154.348989327749 140.602668126424 123.883585135142 133.868346611659 144.52721675237 153.581360975901 165.930370489756 169.259011745453 170.820415019989 173.805316289266 176.538507143656 181.510587533315 173.969705899556 182.078162829081 171.933988730113 161.243538061778 155.425518751144 150.683164596558 148.73547355334 145.884642998377 145.369390646617 149.671683708827 154.07141049703 155.479858318965 155.686169862747 158.457378546397 159.777909517288 175.642748673757
45.2170073986053 47.4675397078196 56.5427442391713 43.7689920266469 31.547004977862 44.6166694164276 47.2189784049988 56.5585593382517 69.2852338155111 86.8971347808838 93.0365224679311 91.2279884020488 91.3860201835632 98.6093084017436 113.432834545771 131.992548704147 141.331851482391 148.548702398936 154.080818096797 155.530154705048 149.178008238475 136.258780956268 135.913153489431 145.472019910812 155.191709597905 159.596145153046 167.468170324961 164.676268895467 159.62157646815 155.224452416102 152.676294247309 160.013933976491 151.121507088343 163.488815228144 159.236590067546 153.412799040476 149.380842844645 139.001150925954 136.970072984695 145.777116219203 152.610301971436 155.446420113246 160.215377807617 159.066200256348 155.000468095144 167.387366294861
52.914559841156 41.7153586943944 45.4231599966685 60.3848199049632 54.9694796403249 49.4340310494105 44.9424882729848 54.6978612740835 63.5073433319728 74.7872988382975 81.8054576714834 83.037922779719 82.1340978145599 82.6242367426554 94.9005385239919 111.72820130984 123.523106177648 131.800472736359 144.132345914841 160.044332345327 167.277455329895 155.244559049606 153.197189172109 154.029945532481 152.003765106201 150.574445724487 152.863403161367 152.885278065999 155.331005652746 143.641968568166 129.954914251963 124.107460180918 106.027066707611 105.354636907578 100.100179513295 114.505926767985 135.998537143072 137.431641419729 139.30477698644 144.260168075562 146.908144156138 147.923578818639 151.910285154978 143.424640099208 150.216927131017 155.991474787394
