input/barkrak2/radiation/dir20424.grid
NCOLS 85 
NROWS 70 
XLLCORNER 665100 
YLLCORNER 4664600 
CELLSIZE 20 
NODATA_value -9999 
[rows 0 to 19 of 70, columns 0 to 45 of 85]
338.559508323668979 342.783689498901 344.120899836222 342.595497767131 338.720520337423 333.395719528198 325.872739156087 319.63312625885 324.198663234711 323.346674442291 320.442676544189 327.672799428304 332.801242669423 332.752545674642 334.772189458211 342.084169387817 340.65314133962 331.079800923665 326.68924331665 314.156115055084 294.099529584249 291.34060939153 309.38599507014 316.481788953145 314.162353674571 313.507934411367 312.435527642568 302.161157131195 284.002661705017 277.710715929667 275.570809841156 282.620151837667 295.677940050761 301.200071970622 306.564807891846 298.39305082957 296.238859494527 305.646618207296 303.750932216644 303.008615970612 294.313112894694 277.599116166433 287.359297275543 307.993412017822 312.83962726593 305.200258890788
330.315629641215 337.230285008748 336.123069127401 339.37680721283 338.797012964884 335.200349489848 326.529939969381 317.504664262136 320.854286352793 322.459975878398 317.508419354757 322.917679945628 330.03568649292 331.200281778971 330.988844235738 334.459821383158 333.665132522583 330.50400018692 328.356007734935 321.017742156982 307.44202931722 301.974972089132 308.520356814067 313.532789548238 313.156922658284 311.047812302907 309.772551059723 302.154819170634 287.396967411041 277.780115604401 279.165168603261 290.683468182882 292.736887931824 294.894218444824 305.606305599213 297.295928001404 291.987935702006 292.888422807058 289.953986803691 302.307029565175 300.148526827494 289.418001969655 295.333067576091 312.192062536875 317.498167355855 308.967749277751
305.014828840892 309.309204419454 311.770598093669 316.593647003174 321.913500626882 327.809234460195 329.888661702474 328.37305466334 326.593299706777 323.731104532878 316.08921289444 316.950956980387 325.150529543559 327.646931012471 324.053506056468 327.605505784353 332.073171933492 334.54438050588 332.488278547923 327.674070994059 325.216770172119 318.373461564382 311.70246998469 311.229348182678 312.770326932271 313.306073347727 308.377226193746 300.70553223292 289.186914761861 278.264005978902 277.3517370224 291.447738806407 281.070490678151 287.276744842529 300.720473130544 295.553743839264 282.066663106283 275.788724422455 286.959747473399 303.024649620056 303.801695505778 303.037762641907 304.059068361918 316.540976365407 325.954437255859 315.230309963226
286.981145540873 285.35254796346 286.104400952657 289.331237475077 295.11296749115 300.01167456309 304.702758789062 313.43815724055 323.322614034017 327.965418497721 326.357881228129 325.969795385997 327.393313248952 327.533463637034 324.442903200785 320.059200127919 322.807212670644 326.642473538717 330.672005812327 330.755611260732 328.210552533468 325.528979301453 325.111488501231 319.919844468435 317.733188470205 319.148182868958 314.267953236898 306.128938992818 297.788500785828 289.710958798726 281.154851118724 291.049261887868 281.102021535238 287.177085876465 293.405810991923 294.649024804433 289.447208245595 286.677102247874 301.933030287425 312.989513079325 308.726906776428 301.668167114258 297.810932000478 306.537687778473 318.048199017843 317.75172551473
303.463935852051 284.040987491608 271.648367245992 264.131824175517 268.960197766622 282.626827557882 298.04261525472 304.268042246501 310.921510060628 315.303484598796 325.727880001068 332.465211550395 335.461457570394 335.076888402303 333.369811375936 330.61017592748 328.434030214945 323.470016320546 325.417081514994 329.842845598857 328.750550746918 327.954093615214 331.877013047536 326.920866966248 323.18502664566 322.976529598236 317.960540453593 310.219287872314 302.256961663564 297.151664892832 296.662290891012 298.20309082667 291.582942008972 293.594161669413 291.467944780986 294.8872645696 304.279685020447 308.626810709635 315.76935450236 319.696843624115 317.669749259949 310.166517893473 303.85160446167 300.819993019104 305.799742539724 321.843465169271
326.52493317922 308.501243591309 287.662446498871 269.132892290751 261.850913365682 269.820471604665 290.712316830953 303.130030632019 305.681824684143 305.891990661621 312.832991282145 320.026715596517 325.303912162781 328.593949476878 331.80046081543 333.207925160726 329.528292020162 323.354184627533 322.959363460541 326.519131660461 326.397617657979 329.63615655899 335.949341456095 332.677642504374 328.604956467946 327.91143655777 322.087446848551 314.328153928121 304.669499397278 298.755546410878 300.147334734599 298.641363779704 302.046239376068 308.174808820089 302.828669548035 299.989263216654 307.713607947032 313.776055971781 316.059271494548 316.383421421051 316.850304603577 313.355406125387 311.138689517975 310.460309187571 308.227976163228 310.133834679921
336.059172948201 325.099309285482 313.215672969818 297.885735829671 280.345181624095 269.575874010722 276.179571946462 299.212078253428 307.389517625173 312.7334912618 310.936828454336 307.465036710103 304.612835248311 302.114923795064 302.704930305481 313.703020413717 319.14222240448 326.004028320312 330.049832661947 331.687410672506 328.379909197489 325.173735618591 331.463019053141 333.718379338582 332.155009110769 333.306948343913 329.951802889506 323.185920715332 313.914239406586 308.19962422053 305.590113004049 307.599186897278 319.326182206472 324.636816978455 321.562866369883 315.129379431407 313.397447268168 316.299339135488 318.450351556142 323.232213656108 322.662631670634 318.736016750336 315.069556236267 310.172458489736 295.983413855235 289.576649665833
334.230343500773 332.577486832937 329.323172569275 321.899612744649 307.948847611745 285.511175791423 266.025106112162 267.450074354808 294.845938682556 312.305827935537 316.831549008687 314.049601554871 308.402180671692 302.255431811015 292.434791723887 295.031189918518 303.906440734863 314.244071642558 326.588571071625 333.156208197276 333.50149790446 328.830281893412 329.74906762441 332.482616106669 332.431197166443 334.517558415731 333.877166112264 329.742471377055 324.009795983632 321.383595466614 320.186654726664 320.999979972839 329.37745253245 332.177420457204 331.067283948263 327.356219291687 322.463134924571 318.513035774231 312.518755594889 316.493074099223 323.602676391602 327.773670355479 328.401446342468 320.936520894368 305.764416853587 291.874408721924
330.996155738831 331.650694211324 331.270595391591 328.727781772614 322.660446166992 310.605903466543 289.414823055267 265.914559364319 275.908311208089 295.227944850922 309.482196966807 313.520232836405 313.904921213786 312.47224410375 306.283473968506 301.672498385112 299.79415734609 301.938970883687 311.730821927388 322.358330090841 330.049157142639 332.43852853775 331.790546576182 329.273323218028 329.964836438497 332.864662011464 333.872437477112 332.546273867289 330.176989237467 331.900874773661 333.153982957204 332.289179166158 333.874622980754 334.404706954956 332.26490020752 330.820600191752 327.579339345296 319.992482662201 306.846618652344 309.503277142843 324.54119126002 330.255250136058 328.3877770106 323.92813762029 314.396758874257 305.651148160299
318.515261014303 323.934435844421 326.336602369944 326.443950335185 325.15166203181 324.735383192698 316.348075866699 305.327951908112 281.557023525238 273.137509822845 284.731229146322 303.308268388112 316.516359647115 321.511268615723 323.297381401062 319.499393304189 309.218307336171 306.956728299459 305.462718009949 306.601464748383 313.597083091736 317.586104075114 321.065386136373 322.767734527588 325.827121734619 328.146457672119 329.869071642558 328.895926475525 328.556438287099 331.658780574799 332.62707789739 332.719206809998 335.3218237559 337.446014086405 336.036483446757 332.052171230316 330.309351285299 326.45171880722 309.59681669871 307.391067345937 321.470936139425 324.120163917542 322.70610332489 320.166071256002 311.234792073568 302.573839823405
285.561621189117 295.80279191335 304.220775763194 310.582796732585 316.188911596934 320.814768473307 323.095858097076 321.627457936605 304.428160190582 285.135785738627 273.632407188416 279.040455818176 300.193428993225 316.406786441803 324.278096357981 318.98562113444 314.809898535411 311.198512713114 304.917216300964 301.108996073405 301.359534263611 301.131685574849 303.048610687256 310.476362705231 317.227900028229 321.428457895915 323.077778021495 322.674214839935 325.133383274078 327.965319156647 329.308986663818 331.35195573171 335.297822952271 336.954752604167 335.611542065938 332.898815472921 332.634389400482 333.038489023844 323.085248470306 313.968976338704 319.004694620768 322.264075279236 323.667367299398 323.22496175766 316.081960995992 308.212717374166
252.089122931163 256.693879763285 263.983845710754 274.297138055166 287.01263666153 298.76712958018 311.632692813873 315.686444441477 316.569964090983 308.091700077057 289.32915131251 273.126562436422 275.116562843323 292.773882548014 311.151921749115 312.136014302572 316.995143890381 315.753022829692 309.903462727865 302.830914656321 296.933690706889 294.56619421641 294.654150803884 301.361123720805 306.094964345296 309.278229872386 310.936828454336 313.713391621908 317.894736925761 320.711016654968 323.330303033193 327.124377091726 330.364425977071 331.663091977437 330.639521280924 330.2294810613 333.436052004496 336.226940155029 333.740830421448 327.136099338531 326.045135656993 328.957756360372 331.173161665599 330.607096354167 324.725846449534 322.169403235118
241.492569446564 237.603843212128 235.533893108368 235.562721888224 242.629945278168 257.36137231191 278.517921765645 295.51899433136 314.867436885834 317.540526390076 310.333768526713 293.847342332204 271.392703056335 269.441564877828 287.512342135112 306.903898715973 317.059238751729 318.513453006744 315.795361995697 310.373028119405 303.376078605652 302.535951137543 302.206416924794 302.906235059102 302.637457847595 301.566441853841 304.064909617106 310.140828291575 312.39378452301 313.352207342784 316.63566827774 320.452213287354 322.180847326914 322.351713975271 323.169966538747 325.913687547048 332.300881544749 336.393674214681 335.360725720723 335.640509923299 334.653576215108 334.328730901082 333.737134933472 332.728981971741 327.279627323151 324.64212179184
237.038870652517 211.771309375763 195.879975954692 189.857641855876 187.260806560516 193.226516246796 212.442914644877 244.535108407338 277.894934018453 304.508248964945 314.99703725179 315.918326377869 303.754548231761 283.694167931875 281.519452730815 301.671723524729 312.352180480957 320.015966892242 323.606431484222 321.751594543457 315.0954246521 312.760452429454 309.772074222565 309.678554534912 308.88303120931 306.945105393728 309.584101041158 315.212448438009 313.598314921061 310.309628645579 313.618540763855 317.248463630676 318.718651930491 319.046338399251 320.895572503408 324.371536572774 328.284998734792 330.867032210032 330.739438533783 331.079125404358 332.383692264557 334.066311518351 334.733486175537 333.989063898722 329.096694787343 325.847585995992
221.274713675181 186.127146085103 163.762013117472 159.52875216802 159.183233976364 164.080798625946 172.676066557566 198.351621627808 223.332683245341 268.614033857981 310.451944669088 327.148000399272 328.721483548482 318.658669789632 300.640463829041 297.306855519613 300.510843594869 311.598042647044 322.177886962891 325.86665948232 325.102647145589 321.693778038025 320.458988348643 317.843159039815 314.866165320079 313.401977221171 315.823455651601 317.184805870056 312.23460038503 309.797167778015 313.4419520696 315.870225429535 316.11430644989 316.274543603261 318.715830643972 320.286333560944 321.619033813477 320.980350176493 321.860988934835 321.903268496195 325.132687886556 329.16533946991 330.902516841888 330.846885840098 327.616016070048 326.097230116526
187.428534030914 161.511421203613 143.520653247833 140.452911456426 156.382878621419 178.430040677389 177.492598692576 184.829453627268 205.933630466461 233.782430489858 280.761937300364 323.959072430929 334.544936815898 333.344697952271 323.412537574768 302.983383337657 294.7984735171 295.581698417664 308.344999949137 324.107050895691 328.963379065196 325.944622357686 326.874196529388 323.700527350108 319.099903106689 318.66196791331 321.162025133769 318.513433138529 313.275873661041 315.708696842194 317.677120367686 317.285100618998 314.61222966512 313.984930515289 314.47954972585 314.052859942118 311.899463335673 309.115946292877 310.801029205322 311.066627502441 314.425885677338 318.138758341471 319.854458173116 319.154262542725 322.898169358571 325.2974152565
165.414204200109 155.39813041687 141.116519769033 132.394631703695 137.443463007609 159.554292758306 180.918335914612 186.209857463837 200.020511945089 213.978489240011 236.87477906545 286.901533603668 328.351140022278 332.776665687561 330.207089583079 324.586510658264 317.591448624929 306.938588619232 299.541850884755 306.833644707998 322.249313195546 327.879945437113 329.755187034607 327.165643374125 322.987655798594 323.935349782308 327.077766259511 323.483248551687 320.219933986664 324.095149834951 324.589153130849 317.88561741511 314.1743739446 311.226427555084 308.016777038574 307.203928629557 303.24645837148 302.3655017217 302.71710952123 305.094301700592 306.15355571111 308.311581611633 310.244301954905 312.035342057546 320.383290449778 324.665904045105
156.9777627786 159.967184066772 156.204332907995 143.856426080068 128.385086854299 139.369150002797 170.811434586843 188.367962837219 207.410971323649 218.034466107686 227.095484733582 253.492434819539 295.833170413971 328.398962815603 332.482874393463 333.961168924967 332.864662011464 326.043883959452 313.30273548762 301.432967185974 309.737583001455 325.178523858388 326.938052972158 326.078573862712 326.354781786601 330.08486032486 332.606275876363 330.295503139496 327.839652697245 329.315821329753 326.131820678711 319.318036238352 315.322776635488 310.390532016754 306.266903877258 304.263651371002 302.687585353851 302.962779998779 301.931341489156 303.438444932302 305.439909299215 306.734462579091 305.73167403539 308.758993943532 316.265900929769 323.52473338445
165.554920832316 176.434318224589 182.834128538767 172.373076279958 150.92013279597 152.371197938919 172.167599201202 193.211197853088 212.601741154989 234.556396802266 240.804771582286 246.841311454773 273.359040419261 297.596335411072 326.285302639008 332.01656738917 332.803308963776 331.986049811045 329.629222551982 319.046298662821 305.691619714101 314.166863759359 319.362640380859 324.310262997945 329.643348852793 333.780328432719 335.540056228638 333.807706832886 329.601546128591 328.830937544505 324.608743190765 320.101777712504 315.854330857595 311.703741550446 309.168438116709 305.383781592051 305.072049299876 303.157528241475 302.559157212575 304.943343003591 307.099302609762 308.255573113759 307.905475298564 310.337324937185 310.414731502533 319.418211778005
177.630722522736 183.184027671814 195.821007092794 206.908861796061 193.878869215647 172.072211901347 172.132949034373 183.180073897044 202.438155810038 227.212925752004 238.882581392924 242.15837319692 252.037644386292 268.226206302643 285.820384820302 316.625535488129 327.247619628906 327.823599179586 328.684707482656 328.29882701238 323.496222496033 314.679026603699 314.388632774353 320.429384708405 327.155371507009 332.26352930069 335.548639297485 333.903551101685 327.621102333069 327.036420504252 323.154668013255 317.733188470205 313.725888729095 312.048276265462 310.576538244883 307.70883957545 305.768807729085 299.16512966156 297.893683115641 304.451982180278 309.252043565114 310.539126396179 311.35348478953 311.26614411672 308.182557423909 315.073867638906
