input/barkrak2/radiation/dir27424.grid
NCOLS 85 
NROWS 70 
XLLCORNER 665100 
YLLCORNER 4664600 
CELLSIZE 20 
NODATA_value -9999 
[rows 21 to 41 of 70, columns 0 to 45 of 85]
78.7922143936157 66.1376814047496 57.3049187660217 76.8677294254303 74.482520421346 47.4570641915003 50.7998863855998 59.699351588885 67.2806799411774 72.9997406403224 75.7422596216202 77.4578899145126 77.6368280251821 76.3098249832789 83.2819441954295 97.1104900042216 112.142304579417 122.795522212982 133.427560329437 149.072756369909 158.974826335907 170.798977216085 177.353103955587 173.154016335805 161.173582077026 146.845867236455 134.561618169149 133.759717146556 138.876547416051 123.753488063812 118.779321511587 87.7618193626404 69.1383928060532 49.2866337299347 51.4618257681529 56.7312091588974 68.0469175179799 83.7747752666473 106.327990690867 116.035938262939 115.774472554525 124.774128198624 120.510747035344 106.194605429967 131.289660930634 142.016649246216
121.620366970698 118.447969357173 97.5624918937683 96.4775482813517 94.33447321256 64.8712416489919 71.9420214494069 69.4540838400523 67.3092901706696 69.7443187236786 77.3583898941676 79.0571471055349 82.0969740549723 83.8255286216736 86.1570139726003 92.6727553208669 105.971266825994 117.598921060562 126.145313183467 128.931492567062 134.779036045074 152.655651172002 163.506855567296 166.94184144338 161.472588777542 150.6567299366 137.56920893987 130.993584791819 137.284467617671 117.660621802012 76.6448080539703 47.4808067083359 31.2811533610026 11.6371835271517 5.80416992306709 15.9898934264978 29.8874552051226 65.0402804215749 76.6480465730031 85.5291883150737 93.5755769411723 101.137032111486 87.3131851355235 69.2973683277766 100.404630104701 133.187313874563
159.383753935496 150.876780351003 117.388765017192 103.147635857264 99.9126633008321 97.0968306064606 87.4012112617493 71.6551691293716 62.138631939888 64.8742218812307 79.0459463993708 82.6740811268489 85.1226250330607 98.3727077643077 95.2523350715637 96.4891016483307 104.95005051295 116.292099157969 121.444175640742 114.828685919444 114.377170801163 120.586931705475 134.422222773234 143.512705961863 146.49764696757 147.42037653923 132.802704970042 124.021758635839 103.984008232752 62.7568264802297 47.6148277521133 36.7872441808383 11.1800817151864 0 0 0 5.49744007488092 22.298460205396 32.4023688832919 34.7068856159846 41.0743479927381 39.7337724765142 45.5769598484039 82.3866128921509 98.4629491964976 120.018472274144
154.157718022664 150.581389665604 135.020871957143 107.060005267461 90.7961428165436 95.1214730739594 86.2959225972493 80.2836020787557 71.2701181570689 67.9259399573008 77.1546512842178 79.6130746603012 81.9703638553619 96.1291790008545 93.6173001925151 95.9296027819316 101.836293935776 114.371021588643 121.567229429881 113.101482391357 112.352341413498 109.202901522319 118.660072485606 126.362184683482 129.816035429637 127.467145522436 117.919286092122 111.661324898402 92.0992692311605 45.7700192928314 39.653147260348 38.3119657635689 19.3591850499312 0.0384850742799851 0 0.0683328980812803 4.3244988967975 12.0803738633792 13.0930865804354 14.1428833206495 12.4790978928407 12.6290259261926 28.6414151390394 108.192761739095 111.596753199895 122.363964716593
141.196757555008 145.965049664179 145.350644985835 115.865627924601 91.2586748600006 95.1547225316366 98.290095726649 107.443869113922 106.276283661524 95.4106350739797 88.8713796933492 92.3265119393667 95.8196918169657 104.325781265895 104.139020045598 97.8300372759501 100.316613912582 113.424370686213 119.734793901443 123.964925607045 127.874324719111 122.277488311132 119.845032691956 117.317616939545 119.296530882518 116.699397563934 110.458135604858 103.703657786051 80.5790175994237 65.8720980087916 64.007709423701 74.263999859492 67.4583911895752 14.6468977133433 1.58480027069648 6.02453326185544 7.71774475773176 9.42828630407651 10.6522391239802 6.64654995004336 1.53114041313529 3.79265161852042 44.5606609185537 107.844531536102 131.69859846433 129.775563875834
140.117903550466 145.360281070073 148.413449525833 124.884804089864 108.340988556544 113.560179869334 126.236021518707 132.002194722493 138.967017332713 134.375621875127 108.737011750539 109.679341316223 110.304375489553 114.623367786407 114.388843377431 104.008277257284 101.060301065445 112.436532974243 120.522747437159 134.558151165644 139.37446475029 137.001613775889 124.9760389328 118.146200974782 119.239389896393 120.260705550512 112.40828037262 110.831290483475 98.4900196393331 99.4767248630524 113.115052382151 136.953512827555 145.71738243103 129.542738199234 51.252007484436 20.2050010363261 17.9542464514573 16.7831505338351 12.5033780932426 5.91952291627725 14.5580532650153 41.8978780508041 84.8265290260315 105.771005153656 121.317088603973 118.113497893016
141.954531272252 140.594184398651 141.042361656825 130.054076512655 139.574905236562 139.492432276408 150.481879711151 147.758513689041 147.220949331919 147.42570122083 127.159506082535 108.091771602631 111.081262429555 113.068133592606 121.110419432322 114.137589931488 108.493477106094 118.486692508062 131.164292494456 139.059603214264 135.824918746948 126.726359128952 124.993026256561 126.15958849589 125.50496061643 125.888536373774 120.777626832326 122.552384932836 134.645462036133 143.662512302399 155.998369057973 167.370617389679 177.126487096151 188.091297944387 153.097182512283 56.5497775872548 29.3275291721026 18.1411107381185 12.7965174615383 11.2149404982726 35.1001570622126 104.675869146983 104.89555199941 93.6063329378764 91.0072227319082 90.7623767852783
144.619226455688 133.14026594162 134.276658296585 134.92089509964 162.300556898117 153.331776460012 150.662074486415 139.21923438708 135.302841663361 129.420538743337 110.112945238749 98.9299317200979 108.264754215876 111.143936713537 122.353821992874 125.756800174713 118.44128370285 113.949288924535 128.407180309296 130.766570568085 130.00417749087 121.662745873133 123.444616794586 129.806011915207 132.783005634944 128.023197253545 129.619300365448 125.198105971018 145.359327395757 159.255554278692 176.201899846395 187.482476234436 194.648683071136 196.413576602936 193.930089473724 123.335778713226 27.2213642795881 9.06837110718091 4.88648656755686 4.80572817226251 52.0646870136261 95.8676238854726 87.7839823563894 65.240075190862 62.981257836024 64.8740182320277
144.73769068718 126.660048961639 128.316104412079 143.246044715246 162.348330020905 153.8026034832 134.766449530919 115.86328347524 102.898081143697 90.5400216579437 85.2960050106049 85.0009322166443 93.7582453091939 110.26140054067 122.280259927114 130.586385726929 126.902043819427 112.017164627711 117.088655630747 121.725191672643 121.77441517512 122.732271750768 124.08588329951 130.439033110936 136.572390794754 131.507724523544 136.250118414561 133.376042048136 142.429093519847 164.536078770955 187.53582239151 200.888256231944 200.56672890981 199.728469053904 210.781296094259 198.406020800273 114.587813615799 30.4878205060959 18.9722341795762 22.10916330417 45.9065685669581 59.7768078247706 69.1106021404266 43.933779001236 38.9537811279297 44.2271927992503
141.535917917887 145.552843809128 172.605713208516 214.045802752177 194.990297158559 160.59668858846 124.49437379837 94.0200686454773 83.7745765844981 78.1920204559962 71.7387447754542 71.3218748569489 90.4404719670614 108.339488506317 126.840690771739 133.668680985769 133.049706617991 119.142125050227 118.690460920334 123.884916305542 121.235410372416 126.896361509959 128.858288129171 133.455147345861 139.286537965139 144.216328859329 143.308371305466 144.385437170664 148.22906255722 175.138811270396 198.168675104777 206.957141558329 202.473143736521 210.557540257772 223.115166028341 228.405396143595 207.756876945496 153.854588667552 71.2632189194361 38.3743693431218 31.6260109345118 34.75271910429 52.109162012736 40.3403962651889 35.7238998015722 51.780824859937
158.776859442393 195.703705151876 242.997566858927 266.482730706533 257.130086421967 204.166452089945 152.255455652873 112.726191679637 101.185152928034 95.7384010155996 87.6299341519674 76.796422402064 88.1287654240926 111.078520615896 130.694319804509 138.139943281809 136.502961317698 129.897723595301 122.669001420339 125.233868757884 125.573833783468 130.460570255915 133.190919955572 135.100821654002 139.910638332367 154.321432113647 155.387749274572 161.141018072764 168.040931224823 183.193723360697 200.898826122284 209.792415301005 212.32012907664 219.915568828583 226.735552151998 223.499457041423 221.005340417226 217.42981672287 150.252292553584 70.3252404928207 37.0904058218002 35.6561665733655 41.5901492039363 45.0930446386337 53.3872296412786 75.3019899129868
220.166285832723 255.105276902517 274.528781572978 274.422287940979 283.144573370616 264.092067877452 225.044846534729 175.109128157298 143.503397703171 131.546398003896 126.376340786616 108.316173156102 90.6432370344798 107.797722021739 133.960674206416 140.511890252431 134.731849034627 136.085400978724 125.17786026001 125.031441450119 128.822863101959 131.758441527685 132.653703292211 134.820938110352 139.687091112137 155.957301457723 162.516325712204 171.433905760447 178.033749262492 184.323112169902 198.155442873637 211.80252234141 212.567706902822 208.145380020142 209.589203198751 198.268294334412 199.330906073252 195.926467577616 152.720977862676 95.5254038174947 57.8327079614004 51.1618703603745 44.5996274550756 46.0662990808487 55.762971440951 76.2314299742381
263.64141702652 276.29957596461 279.460847377777 274.376332759857 277.985572814941 279.541075229645 260.095198949178 217.357854048411 179.428339004517 159.573336442312 159.002512693405 144.906759262085 116.533587376277 115.379492441813 130.615880091985 135.570208231608 130.691826343536 132.044325272242 125.285605589549 127.199659744898 124.899059534073 127.972622712453 127.430776755015 129.176566998164 136.580010255178 149.691104888916 162.313352028529 167.487521966298 174.494822820028 185.670455296834 198.025584220886 200.803319613139 180.757959683736 177.052438259125 173.333386580149 158.327658971151 158.797184626261 144.842545191447 111.459543307622 79.397330681483 83.725909392039 77.3296107848485 62.0829164981842 50.473819176356 47.722523411115 57.6287309328715
272.969305515289 276.037792364756 276.654024918874 275.292078653971 274.059394995372 276.235858599345 275.00702937444 247.788627942403 199.645737806956 169.838706652323 165.728678305944 162.710765997569 148.591895898183 132.745921611786 131.411621967951 134.990831216176 129.822532335917 125.758488972982 127.165069182714 130.133211612701 124.496738115946 124.90110596021 126.628160476685 129.190097252528 133.763213952382 143.087009588877 153.954903284709 155.431270599365 163.649926582972 181.790014108022 191.760540008545 187.117914358775 171.094199021657 170.678834120433 158.435960610708 144.170413414637 148.087600866954 145.477106173833 129.817456007004 102.802495161692 104.050060113271 111.942529678345 93.5596823692322 75.5799214045207 57.3569387197495 48.8842576742172
272.484580675761 272.950112819672 271.986226240794 272.884408632914 271.563092867533 268.978973229726 268.495182196299 255.803366502126 212.06788221995 180.618544419607 169.952511787415 168.855468432109 165.669629971186 144.407014052073 135.329961776733 140.680472056071 134.501298268636 124.924639860789 130.911201238632 132.081747055054 129.061708847682 125.840415557226 129.656324783961 135.550260543823 133.352567752202 140.633900960286 145.558009545008 146.681567033132 153.756241003672 173.508048057556 183.095932006836 179.958840211233 173.181394735972 179.467082023621 156.920572121938 150.505115588506 155.074725548426 161.438465118408 163.932144641876 136.488060156504 96.9752172629039 93.4194127718608 83.9342971642812 60.9036286671956 49.9716450770696 37.7100755771001
256.898601849874 259.495377540588 261.377056439718 258.033076922099 257.146954536438 255.112449328105 259.691834449768 257.673064867655 223.617235819499 186.763048171997 171.810428301493 165.599902470907 162.322471539179 144.697288672129 134.056220451991 143.154919147491 145.732273658117 131.284644206365 133.547723293304 138.182540734609 136.808375517527 132.706274588903 132.693568865458 138.035436471303 135.368585586548 135.480423768361 143.75564455986 150.373458862305 155.607521533966 168.815751870473 181.157469749451 182.899653911591 180.146157741547 177.231272061666 159.710913896561 164.531975984573 166.53440395991 168.748080730438 168.744305769602 143.901189168294 73.9787817001343 54.4252643982569 34.8406285047531 28.6330133676529 26.9187564651171 26.5751630067825
238.836089769999 245.453159014384 254.059155782064 252.11242834727 251.156051953634 255.276302496592 262.372891108195 262.801686922709 241.077502568563 198.00611337026 176.329493522644 158.406466245651 151.449759801229 140.450417995453 130.192895730337 137.388944625854 150.571743647257 140.466829140981 136.064022779465 140.803277492523 140.831420818965 137.333452701569 133.868396282196 137.441098690033 138.492395480474 137.460251649221 142.279922962189 151.990155378977 157.086580991745 163.488040367762 175.608118375142 184.026102224986 176.888823509216 168.389598528544 155.233045419057 174.189547697703 180.332740147909 182.305614153544 174.534539381663 159.224053223928 66.6371732950211 27.8386846184731 12.2510865330696 10.5974897742271 11.1677932242552 5.32555766403675
204.102456569672 214.714825153351 223.186612129211 226.884027322133 234.420080979665 247.276584307353 257.794121901194 263.103326161702 251.65460507075 218.21407477061 188.866277535756 164.794445037842 150.300323963165 146.862556536992 138.285587231318 131.408751010895 143.827299276988 144.687970479329 136.596858501434 137.630860010783 138.068119684855 135.87819536527 131.789803504944 134.55190261205 137.969672679901 142.134845256805 141.532917817434 148.716817299525 153.982480367025 156.538248062134 167.136391003927 181.441128253937 174.612939357758 156.204561392466 162.348031997681 187.43105729421 192.008773485819 187.989433606466 177.880048751831 180.223385492961 130.961716175079 43.6298549175262 15.967421233654 11.1286838849386 10.9943759938081 6.37766035894553
168.423851331075 175.612529118856 175.291240215302 184.897740681966 201.135138670603 217.889090379079 231.27015431722 239.741762479146 238.044401009878 213.146567344666 183.987458546956 159.709006547928 146.834880113602 143.982807795207 140.658001104991 133.416523536046 138.222326834997 140.019208192825 131.543119748433 132.569034894307 135.865132013957 140.278389056524 138.254006703695 134.656846523285 133.382767438889 137.225439151128 143.23549469312 147.974828879038 152.999053398768 153.892656167348 156.584153572718 170.139690240224 166.554053624471 161.131670077642 187.369545300802 200.680355230967 196.500817934672 189.774870872498 189.691205819448 202.850341796875 207.557280858358 155.380696058273 70.6968456506729 34.8463381330172 20.6733072797457 9.41559361914794
157.621006170909 159.283796946208 159.131705760956 160.003125667572 169.671535491943 176.289618015289 178.896228472392 184.727629025777 182.372272014618 166.111042102178 149.957895278931 146.373718976974 145.308305819829 141.009678443273 139.438599348068 138.366440931956 137.271751960119 138.149797916412 131.442298491796 131.144563357035 135.584016640981 141.183803478877 144.297937552134 139.334857463837 136.768122514089 134.587953488032 144.912560780843 149.908810853958 153.3376177152 153.542200724284 154.770354429881 161.133229732513 160.548975070318 173.484742641449 200.172483921051 198.82720708847 181.525925795237 176.752686500549 180.538932482402 193.918267885844 211.391468842824 222.212751706441 174.593985080719 90.2529259522756 40.176456173261 22.581788400809
166.113515694936 163.037061691284 163.295537233353 162.3641649882 157.89074699084 156.323303778966 154.619991779327 154.762695233027 159.711182117462 149.971882502238 142.475336790085 142.930010954539 146.865606307983 145.887821912766 144.38584446907 140.898515780767 135.265211264292 144.205679496129 143.477966388067 138.625095287959 140.54936170578 141.347428162893 141.589989264806 143.43531926473 145.804266134898 140.053927898407 145.618885755539 149.747133255005 153.459628423055 155.022382736206 157.963275909424 160.839299360911 164.031088352203 183.060765266418 195.914626121521 180.18639087677 166.202515363693 156.204601128896 157.714029153188 170.738120873769 202.839175860087 211.955924828847 197.913825511932 138.885498046875 65.8319890499115 32.2331314285596
