input/barkrak2/radiation/dir26024.grid
NCOLS 85 
NROWS 70 
XLLCORNER 665100 
YLLCORNER 4664600 
CELLSIZE 20 
NODATA_value -9999 
[rows 20 to 39 of 70, columns 0 to 45 of 85]
76.7142623662949 64.6125773588816 70.4277058442434 91.4829572041829 87.6719951629639 78.2428582509359 72.4177459875743 83.6100081602732 96.1957673231761 105.782071749369 109.897911548615 109.339545170466 109.377215305964 108.969767888387 120.638201634089 138.42366139094 151.327927907308 159.73620613416 171.190778414408 186.923762162526 196.590801080068 184.498488903046 184.112091859182 184.442122777303 183.968424797058 184.359828631083 184.232433636983 181.955138842265 183.120210965474 180.693129698435 171.913146972656 169.590671857198 160.967300335566 169.261395931244 165.390143791835 172.334392865499 171.714345614115 173.753380775452 178.590257962545 183.307727177938 184.867004553477 185.370246569316 188.312729199727 181.123316287994 186.537384986877 192.288120587667
106.380681196849 94.7072307268779 89.4187490145365 114.719986915588 113.283445437749 78.8282056649526 82.5584183136622 94.6586132049561 103.770633538564 107.949435710907 105.446020762126 107.025722662608 106.832007567088 105.08731007576 113.454848527908 129.449148972829 143.798887729645 155.834376811981 167.054454485575 181.398073832194 191.203395525614 200.684984525045 206.922849019368 202.628970146179 192.874769369761 182.218253612518 171.818554401398 163.913935422897 168.64550113678 161.803195873896 143.216629823049 126.651922861735 97.6635118325551 92.6024317741394 95.3500469525655 114.37514424324 146.964609622955 162.682344516118 175.782839457194 179.430941740672 176.396290461222 175.291875998179 166.46745800972 148.366113503774 174.718995889028 186.758577823639
152.871231238047 150.04309018453 132.725685834885 135.311186313629 134.460290273031 100.084493557612 104.923109213511 103.365480899811 103.28616698583 102.365841468175 107.364525397619 110.847135384878 113.310406605403 115.584909915924 119.493901729584 126.365502675374 138.89749844869 150.829364856084 159.943739573161 162.898590167363 168.98246606191 183.119475841522 193.671504656474 196.851134300232 193.061828613281 182.246108849843 171.179314454397 161.078264315923 159.585028886795 138.343969980876 117.388755083084 76.0647157828013 51.8400222063065 29.515561958154 29.3267791469892 51.3633588949839 85.596630970637 108.52121313413 131.656338771184 144.170254468918 158.327450354894 161.231835683187 138.523230950038 115.16680320104 147.414127985636 182.241280873617
188.910524050395 181.003292401632 151.688496271769 141.8816447258 139.950056870778 135.460088650386 126.119573911031 108.097652594248 97.3409612973531 98.9165405432383 111.724634965261 112.658301989237 121.449818213781 132.595052321752 129.196206728617 130.696346362432 137.992968161901 149.365166823069 156.445930401484 148.694008588791 148.375401894251 151.971399784088 165.702799956004 172.537604967753 178.476353486379 174.03769493103 162.761052449544 144.857863585154 132.996638615926 98.2927878697713 68.8149531682332 57.1657121181488 27.8621067603429 2.90191359817982 0.469945254735649 7.97471279899279 36.034549276034 62.3426189025243 72.4412103494008 84.6356054147085 93.6513245105743 80.1071027914683 90.924859046936 128.199905157089 143.231570720673 170.119861761729
185.293058554331 182.74853626887 167.343556880951 145.735879739126 131.277551253637 134.310533603032 126.602401336034 117.195596297582 107.903381188711 104.286015033722 107.800881067912 109.303067127864 122.581243515015 128.88902425766 129.846463600794 128.769000371297 134.968996047974 146.731456120809 153.718173503876 145.48862973849 146.450857321421 141.537586847941 151.213089625041 157.465616861979 159.305115540822 156.415273745855 147.692948579788 134.243388970693 116.276870171229 66.9111907482147 59.2284103234609 58.1058810154597 36.3624418775241 3.02531725416581 1.70979586740335 11.2961630026499 26.2840340534846 37.5832791129748 44.2275454600652 47.6140677928925 40.4922366142273 44.1568791866302 66.2034253279368 157.659113407135 163.567205270131 173.35585753123
171.860575675964 177.32709646225 176.21898651123 151.366611321767 131.675988435745 135.790526866913 138.245612382889 148.213893175125 146.244019269943 133.436818917592 117.084910472234 128.075381120046 132.160564263662 138.70233297348 140.203903118769 133.84884595871 133.88854265213 147.363394498825 153.531491756439 156.877547502518 159.648180007935 155.677139759064 149.87967411677 147.580116987228 146.957695484161 147.289057572683 136.682192484538 127.116372187932 103.133082389832 89.2485976219177 88.0594849586487 98.9860494931539 93.1702256202698 34.8762820164363 16.7254532376925 27.5441308816274 28.2725567619006 37.8861079613368 39.8467232783635 28.4708415468534 27.6068200667699 33.3143671353658 81.2200158834457 161.74856821696 181.170185407003 183.746894200643
171.461840470632 176.763117313385 178.246160348256 158.724357684453 148.369818925858 154.859513044357 166.699290275574 174.910525480906 182.683904965719 167.050917943319 146.165132522583 153.733174006144 150.467296441396 155.528883139292 152.759214242299 142.293900251389 139.94770248731 151.653269926707 158.851861953735 170.545975367228 172.83030351003 169.440448284149 158.757001161575 151.137401660283 149.520764748255 149.618049462636 140.761196613312 132.696270942688 120.718201001485 123.414387305578 140.037536621094 165.549357732137 174.472490946452 160.63724954923 91.0313924153646 46.7094530661901 44.5045977830887 45.8587110042572 45.8728869756063 25.4485011100769 49.6393243471781 83.7627152601878 131.278415520986 162.403633197149 179.524620374044 172.668516635895
174.143095811208 171.891967455546 173.393984635671 162.752280632655 179.749528566996 181.084851423899 190.292815367381 188.504894574483 186.825970808665 181.333780288696 160.349547863007 155.441025892893 156.475444634755 157.532880703608 157.599270343781 154.270668824514 147.475024064382 154.922435681025 167.818605899811 174.211998780568 171.50358359019 161.28733754158 158.642033735911 157.968014478683 158.00471107165 157.344788312912 151.24985575676 148.863345384598 155.8624903361 165.330777565638 182.339290777842 194.82813278834 202.977061271667 214.777032534281 188.484390576681 94.9522753556569 60.7958088318507 51.8224934736888 44.0305123726527 35.6835251053174 72.3743836085002 157.298028469086 154.030750195185 131.551643212636 137.766758600871 137.020130952199
169.647097587585 159.001032511393 165.391017993291 168.130497137705 203.000744183858 194.384932518005 187.592546145121 170.161863168081 164.045671621958 162.999331951141 152.319620052973 146.168659130732 151.970644791921 156.95325533549 160.884747902552 163.284987211227 158.077001571655 154.848555723826 165.766298770905 167.507350444794 166.974385579427 158.537099758784 157.975484927495 163.582861423492 164.306292931239 157.643874486287 159.900526205699 157.541751861572 164.853115876516 180.057724316915 200.4274725914 213.853259881337 219.793538252513 220.972021420797 222.486555576324 164.848466714223 65.3578191995621 37.6680170496305 22.790789604187 33.1042756636937 90.7214283943176 145.981291929881 130.112131436666 98.5798537731171 99.0492502848307 97.9248185952504
169.47881380717 152.83081928889 159.178068240484 177.2168080012 203.483680884043 192.572851975759 169.910212357839 143.562773863475 131.149480740229 123.392909765244 125.551035006841 124.665518601735 140.185574690501 156.25923871994 162.723382314046 171.490569909414 168.542822202047 153.940866390864 156.931559244792 158.763378858566 158.597519000371 160.331507523855 160.612881183624 166.214654843012 169.499556223551 163.561850786209 167.50289996465 163.15163175265 163.625737031301 187.259455521901 211.064418156942 226.402699947357 225.205063819885 223.760326703389 234.806180000305 227.540711561839 152.577350536982 65.974881251653 49.2385625839233 53.0200898647308 77.721248070399 93.3707555135091 102.477083603541 74.7679769992828 70.3761478265126 76.6678402821223
165.944129228592 172.811408837636 201.327641805013 244.904478391012 233.686149120331 193.922797838847 156.281342109044 122.769862413406 110.517879327138 115.195860465368 111.116508642832 108.363171418508 129.409432411194 156.762570142746 169.531365235647 176.745931307475 174.328645070394 162.984112898509 162.445356448491 163.754254579544 160.347859064738 166.200896104177 168.592095375061 170.209606488546 173.737982908885 176.530083020528 175.810118516286 175.288915634155 176.669955253601 197.925686836243 221.080680688222 231.583674748739 227.473398049672 234.176576137543 245.533565680186 250.213027000427 236.642162005107 195.506592591604 116.914480924606 73.8418598969777 61.9593858718872 63.0808919668198 82.5178623199463 70.1924165089925 66.5045330921809 83.9097400506337
185.773511727651 222.07107146581 265.244424343109 286.880811055501 285.285751024882 238.724331061045 185.971895853678 144.724001487096 132.590512434642 139.790823062261 128.926634788513 116.795967022578 128.590881824493 156.481395165126 174.230317274729 181.682626406352 179.150144259135 173.988620440165 165.904492139816 166.186918814977 167.652090390523 170.655449231466 174.9320824941 175.060133139292 178.17767461141 190.277934074402 189.295887947083 191.864053408305 195.195575555166 207.620521386464 224.326332410177 233.317494392395 236.548980077108 244.586189587911 250.466704368591 247.074683507284 243.990480899811 248.948335647583 193.204661210378 111.160109440486 68.2348807652791 66.0958836476008 71.0236728191376 75.7997035980225 90.3836687405904 111.166407664617
243.886093298594 275.366981824239 290.715336799622 289.248585700989 300.921599070231 290.206551551819 254.750986893972 214.209079742432 183.023492495219 175.013363361359 170.25371392568 150.9041984876 138.542354106903 155.896077553431 175.872226556142 181.697169939677 176.834146181742 179.286122322083 166.585157314936 164.328316847483 168.343126773834 172.626594702403 171.668986479441 172.993540763855 178.26638619105 192.318916320801 199.741899967194 206.197698911031 207.634965578715 211.121916770935 225.907663504283 236.436645189921 236.661632855733 234.684189160665 236.904501914978 226.107358932495 226.802786191305 225.739896297455 188.602407773336 134.126663208008 96.0470835367839 85.4257841904958 76.7862101395925 80.4602305094401 89.3618563810984 118.269334236781
276.861389478048 293.158690134684 292.096455891927 282.979846000671 291.241804758708 298.690855503082 287.57655620575 254.699945449829 220.823129018148 203.172226746877 202.806055545807 188.48858277003 166.374385356903 160.023957490921 171.430985132853 174.745281537374 168.138682842255 167.449494202932 160.476744174957 161.030689875285 160.734117031097 164.008984963099 161.587774753571 164.734870195389 172.664682070414 186.661124229431 199.526607990265 202.415843804677 206.693927447001 216.010729471842 228.045582771301 229.626715183258 216.696540514628 206.722378730774 210.000276565552 190.423210461934 182.57745107015 170.121312141418 143.687854210536 116.69185757637 123.69829416275 113.500366608302 95.4305628935496 83.253691593806 77.0124097665151 88.8367692629496
289.274473985036 292.68741607666 295.102655887604 288.853704929352 287.537157535553 292.364478111267 297.416687011719 281.766851743062 241.247097651164 216.061155001322 211.823145548503 209.260741869609 190.636912981669 174.783031145732 167.119065920512 169.888655344645 165.235946575801 159.367352724075 161.417772372564 164.449453353882 161.171694596608 159.580290317535 161.178876956304 163.8443171978 168.42911640803 175.894757111867 187.936464945475 188.887298107147 196.692089239756 214.143514633179 223.000367482503 215.447127819061 203.349033991496 199.623246987661 191.716134548187 174.115260442098 177.867829799652 175.485054651896 160.871456066767 141.241997480392 145.805577437083 150.8935491244 133.392552534739 116.419941186905 91.8872753779093 78.8001120090485
293.667733669281 295.50431172053 297.285338242849 296.782811482747 290.16774892807 288.889129956563 293.700118859609 289.470076560974 253.214995066325 223.50271542867 209.507425626119 206.215381622314 198.586583137512 179.327011108398 170.957048734029 176.792144775391 168.712496757507 159.595598777135 165.642629067103 166.58616065979 165.5060450236 160.887559254964 164.291828870773 170.293013254801 168.26585928599 173.955361048381 180.172006289164 179.688294728597 186.999917030334 206.598043441772 214.607298374176 209.539532661438 205.942829449972 206.93169037501 187.874039014181 180.737316608429 186.493992805481 192.542175451914 193.013509114583 174.410541852315 137.919326623281 135.24732987086 126.190712054571 112.945566574732 85.820198059082 72.6623038450877
282.775660355886 284.589389959971 285.667777061462 285.720626513163 281.785428524017 279.097398122152 286.197861035665 290.267785390218 261.10311349233 222.636342048645 198.479910691579 194.368481636047 198.476572831472 177.848319212596 169.433951377869 176.84938510259 179.948627948761 166.123817364375 170.117179552714 173.150499661764 171.956102053324 168.030063311259 167.854289213816 173.26827843984 170.596361160278 170.498808224996 178.31293741862 184.529602527618 189.556737740835 201.968550682068 212.405244509379 212.112625439962 207.412342230479 208.622594674428 189.205308755239 191.457152366638 194.246570269267 200.938820838928 201.786816120148 178.381701310476 111.90934975942 89.7496740023295 76.387827595075 62.315305074056 64.903328816096 60.0348263978958
266.963680585225 273.476640383403 280.345340569814 278.7766456604 276.949981848399 279.174168904622 284.895479679108 287.688513596853 269.011616706848 227.747142314911 206.815282503764 191.115021705627 185.69548924764 176.092127958934 167.374074459076 173.006157080332 186.067084471385 176.110029220581 171.654979387919 176.32520198822 176.189800103505 171.006639798482 169.263164202372 171.099166075389 172.090550263723 172.605256239573 175.783316294352 186.491131782532 191.278199354808 195.988059043884 206.672827402751 213.767568270365 210.98381280899 190.516293048859 183.066487312317 200.694262981415 208.119789759318 210.754334926605 199.119806289673 189.512888590495 106.625725825628 57.1212420860926 30.50297498703 25.3468751907349 26.0719880461693 39.5023773113886
237.742066383362 247.446417808533 254.939397176107 257.818738619487 263.857801755269 274.299403031667 282.400925954183 286.20437781016 275.293668111165 241.369565327962 219.974001248678 198.000272115072 183.155119419098 182.145496209462 172.235866387685 167.193988958995 179.440637429555 180.286387602488 172.235429286957 171.436667442322 173.652191956838 169.758637746175 167.312125364939 168.367664019267 171.602686246236 177.344044049581 176.506479581197 183.398286501567 188.298960526784 190.741101900736 199.145615100861 212.273796399434 206.932683785756 179.277539253235 188.523431619008 216.231604417165 221.49799267451 216.01927280426 207.10144440333 205.312391122182 165.755093097687 79.5410722494125 38.9918759465218 29.7032619516055 31.7682847380638 28.5987506310145
204.338033994039 211.191813151042 209.731201330821 219.897111256917 234.977682431539 248.789409796397 260.373592376709 268.860777219137 264.275213082631 244.186043739319 216.32707118988 195.508678754171 181.414822737376 180.07230758667 175.15895764033 169.448773066203 174.081603686015 175.92191696167 167.340616385142 166.569451491038 171.517391999563 174.138963222504 173.762063185374 168.441673119863 167.014916737874 172.464966773987 178.218483924866 181.21325969696 187.427560488383 186.746935049693 190.600454807281 201.114217440287 189.329981803894 186.141769091288 213.645736376444 228.199998537699 226.074814796448 218.136807282766 214.553753534953 223.739624023438 233.872254689535 194.003184636434 107.369403044383 63.850462436676 43.2169536749522 27.9398808876673
