input/barkrak2/radiation/dir27824.grid
NCOLS 85 
NROWS 70 
XLLCORNER 665100 
YLLCORNER 4664600 
CELLSIZE 20 
NODATA_value -9999 
[rows 21 to 41 of 70, columns 0 to 46 of 85]
71.4238186677297 58.7505847215652 49.2045780022939 67.2303736209869 63.6177559693654 39.4188761711121 42.8051749865214 54.9756387869517 60.4083240032196 65.6974464654922 68.3462768793106 68.3737297852834 68.0786867936452 66.4073973894119 75.9407381216685 88.5073145230611 103.3629377683 113.876263300578 124.238838752111 139.6710673968 149.485637744268 161.29536430041 167.777816454569 163.54834040006 155.519753694534 141.403565804164 129.530558983485 128.610501686732 134.047428766886 118.626743555069 111.957768599192 81.6352864106496 58.0229510863622 44.2502498626709 31.2815258900325 39.6547764539719 50.6362666686376 66.7037566502889 83.8246444861094 95.052162806193 98.8233784834544 105.508804321289 100.609570741653 88.939776023229 114.905248085658 127.482314904531 135.305851697922
114.102452993393 109.792331854502 88.2064600785573 86.3289932409922 83.5554003715515 55.5659731229146 62.8225604693095 62.5610649585724 60.5061004559199 60.6088588635127 67.924236257871 71.6933707396189 72.2646961609523 76.3394931952159 77.6885847250621 84.0801199277242 97.1605181694031 108.642786741257 118.220676978429 121.070832014084 126.914789279302 143.070191144943 155.680278937022 159.164408842723 155.547300974528 144.70632870992 133.60333442688 127.173781394958 113.288660844167 110.806932051977 70.9033409754435 42.6539331674576 26.2135068575541 8.71387807031473 3.34044452756643 9.48716513812542 24.1019676129023 42.75248448054 56.6654702027639 65.4438237349192 78.2608340183894 85.9660108884176 63.3433560530345 58.0734858910243 87.68496910731 117.263029019038 125.810583432515
148.296256860097 138.004958629608 108.073582251867 92.96582142512 89.0960693359375 86.5624149640401 79.2248547077179 64.5632843176524 57.4879944324493 58.0938359101613 71.5463956197103 75.2494434515635 72.773665189743 84.2183530330658 83.5020343462626 81.3296735286713 92.2961036364238 103.557020425797 112.471173206965 103.296756744385 106.167177359263 111.208111047745 124.926855166753 137.066582838694 140.264888604482 137.990136941274 127.148816982905 118.466844161352 97.0682303110759 50.8882055679957 42.9087976614634 32.2610139846802 7.18067089716593 0 0 0 3.32125059018532 15.5314157406489 22.6658408840497 25.0732079148293 20.044356584549 27.6871075232824 35.3197778264681 70.5904463926951 83.6424132188161 106.234967708588 114.607860644658
147.33945329984 143.651912609736 126.064151525497 97.3739822705587 80.0662686427434 85.8066380023956 80.1824033260345 74.6558407942454 66.3671890894572 61.1656407515208 67.6718006531398 68.1829849878947 67.6047950983047 79.2162716388702 81.6820164521535 80.7402779658635 87.5515341758728 100.195954243342 108.823915322622 100.635598103205 100.414961576462 97.0390439033508 107.206662495931 116.81674917539 120.549102624257 120.74339389801 113.043983777364 105.426758527756 84.9534074465434 42.3320829868317 35.1090307037036 33.6487094561259 15.4917587836583 0 0 0 2.37815796087186 6.24505678812663 8.10309064884981 5.65395566324393 10.2154724299908 4.73225271950165 19.7569988667965 95.0699249903361 99.8788774013519 107.001860936483 113.810797532399
134.028911590576 138.909151156743 136.678030093511 106.369654337565 81.2254746754964 86.9099299112956 91.4746324221293 99.6234814325968 98.5898375511169 87.911198536555 76.5829483668009 75.5987018346786 79.7131210565567 89.7357364495595 89.2145335674286 84.5734775066376 87.0307783285777 100.069999694824 107.332607110341 111.546864112218 113.492111365 110.319236914317 106.516828139623 106.547931830088 108.167588710785 110.891083876292 104.663719733556 98.4516441822052 75.7859547932943 61.4344080289205 58.8487684726715 67.5512055555979 60.7115825017293 10.4077346622944 0.578610110096633 4.2301882058382 5.0153291473786 6.03816471993923 6.11867941915989 4.99985925853252 0 2.3470406110088 35.4418555895487 95.4676965872447 114.838798840841 115.09711543719 114.089260498683
132.928947607676 138.287971417109 136.707494656245 115.612844626109 97.8939831256866 105.437060197194 119.514008363088 124.383509159088 131.576200326284 121.266335248947 93.1177337964376 94.270924727122 95.5328742663066 104.849318663279 102.349629004796 94.5373773574829 90.5490219593048 102.62264808019 112.517734368642 124.77711836497 127.40366657575 123.780945936839 115.515013535817 107.656468947728 108.140895764033 110.67200700442 104.224224885305 103.8631995519 93.596875667572 94.0761864185333 105.823189020157 129.68851129214 138.649384180705 120.930582284927 41.1133319139481 13.101652264595 11.0460370779037 10.4378722608089 9.91387044390043 4.07251560439666 6.59763254225254 32.395583887895 72.245587905248 95.7128405570984 107.375194629033 104.980885982513 104.743460814158
134.820332129796 133.407334486643 133.870631456375 121.038109064102 129.06668583552 131.770382324855 141.959001620611 140.519638856252 143.083155155182 133.408625920614 105.409244696299 95.2871839205424 99.9528070290883 105.447669823964 110.355397065481 106.242179870605 99.4041562080383 107.371777296066 121.720125277837 127.786566813787 125.467320283254 117.222795883814 115.534126758575 116.537431875865 117.274661858877 116.22475584348 113.581041495005 117.153038581212 129.684428373973 137.059271335602 148.423433303833 159.459958473841 169.530908266703 180.243094762166 143.057028452555 45.4596330722173 21.7132916053136 13.3778378367424 7.91859999299049 7.58160961170991 24.0808079640071 91.3236836592356 93.9314762751261 86.7545207341512 82.229162255923 77.1800676981608 82.7476183573405
137.53221432368 125.779102245967 126.943151156108 125.741551319758 151.870747407277 146.226594845454 138.613830010096 134.78817542394 118.885666131973 108.326276143392 97.5282390912374 89.0859564145406 98.0879763762156 104.912042617798 111.729721228282 116.453945636749 109.919448693593 105.3559978803 119.888146718343 122.323006391525 118.933369716008 112.215826908747 113.923192024231 120.291163523992 122.243106365204 119.032323360443 120.659252007802 119.632144769033 140.239934126536 153.879563013713 168.938537438711 179.772774378459 187.168876330058 189.070721467336 185.574730237325 113.408505916595 21.2253654996554 6.3095490137736 2.68914550542831 2.42132615918914 41.2194853027662 88.243047396342 78.0826956033707 56.3396414120992 55.2665690581004 55.2025338013967 58.9701334635417
137.65952984492 119.16043361028 120.866000652313 133.817245562871 152.044802904129 144.719044367472 124.595155318578 108.017106850942 85.4064424832662 76.6812562942505 75.6557534138362 77.8753608465195 86.6979161898295 100.7006863753 113.115847110748 121.191849311193 117.44636297226 103.270828723907 109.33722058932 112.27152744929 111.727704604467 113.202432791392 114.506085713704 121.617575486501 126.991579929988 123.231261968613 126.912494500478 125.69863597552 136.718650658925 158.421655495962 180.6254585584 193.385422229767 193.191508452098 192.494769891103 203.502575556437 189.871788024902 103.921184937159 22.9807173212369 14.3940038979053 18.0006163815657 37.9873042305311 53.042267759641 60.0953102111816 37.6703888177872 32.0915132761002 38.0431065956751 58.9746435483297
134.44850842158 137.785772482554 164.315114418666 205.006937185923 185.107409954071 151.463717222214 116.019507249196 79.4912874698639 63.760499159495 68.7712430953979 64.5719269911448 64.2417718966802 83.3627879619598 100.881894429525 117.568492889404 124.220669269562 124.394079049428 110.245923201243 111.543953418732 115.161697069804 111.713429292043 117.273598909378 120.742013057073 123.089691003164 129.749367634455 134.788195292155 134.581297636032 136.060446500778 141.411542892456 168.565114339193 191.141565640767 199.217836062113 194.778084754944 203.216433525085 215.847492218018 221.616268157959 199.191530545553 142.71558324496 62.677338719368 31.793254117171 25.7365182042122 28.9878994226456 43.6357160409292 34.1747750838598 28.90794724226 41.5857310096423 71.5127636988958
150.990545749664 187.898914019267 236.152152220408 258.872787157695 249.75844224294 192.819615205129 136.195133129756 95.1225558916728 84.1628015041351 88.3461137612661 79.7402560710907 69.7048902511597 81.0758123795191 100.834012031555 122.5639184316 128.582259019216 126.860121885935 120.2732026577 114.758590857188 116.437047719955 116.576989491781 121.274063984553 125.591486692429 125.997990369797 131.066938241323 145.476043224335 145.878652731578 151.832282543182 159.555067618688 175.487438837687 191.87076886495 201.438625653585 203.862229983012 211.156944433848 217.729985713959 216.168304284414 213.954786459605 208.349585533142 141.049782435099 61.3320668538411 30.5035337805748 29.9472659826279 33.9667275547981 37.1508747339249 45.5808341503143 64.6169235308965 78.9421498775482
212.927937507629 248.050570487976 268.498043219248 268.76429716746 272.426704565684 248.353282610575 206.86403910319 163.611948490143 132.242490847905 123.114983240763 117.844422658285 100.457757711411 86.2872997919718 101.401507854462 124.438881874084 132.556219895681 125.89172522227 126.99618935585 117.07748969396 114.754676818848 119.095891714096 121.971805890401 124.443848927816 125.054975350698 129.968146483103 146.258433659871 154.125769933065 162.313719590505 169.600506623586 176.000793774923 189.821084340413 201.69194539388 203.720688819885 199.940085411072 201.142609119415 184.577524662018 193.17638874054 187.826593716939 143.569042285283 85.5800410111745 49.3733038504918 44.4037616252899 38.587840894858 38.0386834343274 47.4823911984762 62.9481822252274 74.1684039433797
257.812142372131 272.099912166595 272.936085859935 269.751926263173 272.074222564697 272.102137406667 253.368099530538 209.773361682892 171.267569065094 150.917083024979 150.42037765185 136.69016957283 111.162443955739 108.960608641307 121.083239714305 126.78207953771 121.667861938477 122.303704420726 116.992851098378 117.943614721298 115.500688552856 118.483324845632 119.463632504145 119.778573513031 127.142200867335 140.240381161372 152.825057506561 158.065587282181 166.320304075877 177.838067213694 189.343611399333 193.336844444275 174.896458784739 169.941524664561 167.154987653097 151.591201623281 152.069360017776 137.730201085409 100.719749927521 69.7340667247772 74.6214638153712 69.3657398223877 53.0577600002289 42.1368728081385 39.3438612421354 51.728496948878 58.9775343736013
267.384648323059 272.454639275869 271.220783392588 270.486036936442 269.59764957428 271.270155906677 268.881579240163 240.22388458252 194.301784038544 164.31713104248 160.809963941574 157.825976610184 139.696011940638 125.92081228892 122.843553622564 125.248531500498 120.532969633738 115.979929765066 117.368320624034 120.311339696248 114.718774954478 115.095635255178 116.839746634165 119.3754474322 123.925447463989 133.420656124751 144.118924935659 145.765860875448 155.237674713135 172.792613506317 182.880977789561 178.648193677266 164.84726468722 163.369834423065 151.719272136688 137.035876512527 141.050765911738 138.358195622762 121.205826600393 92.7826762199402 94.6190555890401 100.728869438171 82.8079531590144 64.2617841561635 49.0122934182485 38.9764035741488 17.1393031875292
265.947381655375 266.572157541911 265.165905157725 266.304055849711 265.45528570811 262.651443481445 261.371970176697 247.515936692556 203.209420045217 172.102014223735 161.844362815221 160.344411929448 156.320999066035 134.745498498281 127.390613158544 130.843490362167 125.079741080602 115.095297495524 121.286382277807 122.166196505229 119.177877902985 116.074621677399 119.792660077413 125.637869040171 123.564213514328 130.73851664861 135.830481847127 137.057433525721 145.211716492971 165.283302466075 175.116916497548 172.12720712026 167.014757792155 167.967855930328 150.151709715525 143.539905548096 148.228387037913 154.791911443075 155.58648109436 125.938127438227 86.1498316129049 86.1400763193766 71.695938706398 57.4182619651159 44.6355193853378 15.8473414679368 1.01815606467426
248.872955640157 251.649697621663 253.455519676208 251.492818196615 249.406576156616 247.649848461151 252.078711986542 249.411563078562 214.946448802948 178.483764330546 163.577189048131 156.634916861852 153.718739748001 135.561148325602 125.790933767955 133.194635311762 135.711719592412 121.333161989848 125.139544407527 128.186712662379 126.922786235809 122.765282789866 122.829775015513 128.117293119431 125.468015670776 125.638256470362 133.952697118123 140.663683414459 147.093296051025 160.502731800079 173.092861970266 174.224515755971 172.649880250295 171.265482902527 153.064221143723 153.836409250895 158.288617928823 162.354419628779 162.330687046051 134.343246618907 65.2426034212112 47.5457012653351 29.6256641546885 24.7050225734711 21.6495469212532 2.88132609178623 0
229.846835136414 238.100449244181 245.660324891408 243.640879789988 242.94658501943 247.526903947194 254.895746707916 256.947338581085 232.85190264384 189.84846274058 167.671859264374 152.091056108475 141.489009062449 130.751520395279 121.839185555776 127.368132273356 140.654514233271 130.533953507741 127.719620863597 130.783438682556 130.82488377889 127.347886562347 123.933662970861 127.489586671193 128.569881121318 127.585868040721 132.430732250214 142.203191916148 147.341966629028 153.779794772466 167.400519053141 177.189966042837 170.860588550568 162.086347738902 148.484945297241 166.328320900599 171.633362770081 175.395389397939 168.410738309224 150.653382142385 57.0408403873444 15.163965523243 9.98076672355334 6.94957499702771 2.40017427131534 0 0
195.419828097026 206.323762734731 213.635166486104 218.843102455139 226.631979147593 238.754093647003 249.784251054128 255.404353141785 246.437589327494 209.52828725179 180.030226707458 157.048990329107 140.175769726435 136.755486329397 128.179808457692 121.367116769155 135.248372952143 134.599894285202 128.198901812236 127.610584100087 128.072559833527 125.897377729416 121.871024370193 123.085071643194 128.042340278625 132.220198710759 131.694575150808 138.9066974322 145.583550135295 146.780620018641 158.801396687826 173.493067423503 168.500741322835 149.537980556488 154.68563636144 179.156601428986 184.532682100932 180.534263451894 171.980798244476 172.820528348287 121.415724356969 35.5580126245817 11.4770755171776 7.7403150498867 6.49097499748071 0 0
159.241646528244 166.50061806043 165.117502212524 175.985813140869 192.476511001587 208.211382230123 221.890648206075 232.620120048523 229.086140791575 206.188062826792 173.864483833313 149.534732103348 136.660625537237 133.841941754023 130.53027788798 123.360365629196 129.727482795715 129.95304663976 121.560742457708 122.580011685689 125.883311033249 130.268742640813 128.285149733225 123.145858446757 123.484601577123 127.346555391947 133.377502361933 138.135621945063 143.208742141724 144.111524025599 148.259033759435 161.94611787796 160.132984320323 152.552018562953 180.123726526896 193.443278471629 189.235190550486 181.581854820251 182.143231232961 195.026556650798 199.705680211385 145.157893498739 60.5336626370748 28.4946958223979 15.188030898571 0.800187466666102 0
147.363841533661 149.998684724172 148.908118406932 150.858461856842 160.604178905487 166.113058725993 170.084218184153 176.03596051534 173.941950003306 157.575349013011 141.205231348673 137.525906165441 135.13586918513 132.264316082001 129.315306742986 128.28528881073 128.722985585531 128.099689881007 122.936566670736 121.169815460841 125.608066717784 132.926921049754 134.292185306549 129.396249850591 126.844724019368 124.71549709638 135.009706020355 140.033702055613 143.528560797373 145.23246884346 145.032147566477 152.890493472417 153.912226359049 166.088471810023 192.993402481079 191.650032997131 175.676147143046 165.554861227671 168.438891569773 182.323038578033 202.106753985087 210.58468023936 164.394934972127 80.6231796741486 29.9866894880931 7.80405973394712 0.488890412574013
155.867844820023 153.792172670364 153.073529402415 152.111560106277 148.745010296504 146.099229653676 144.379138946533 145.735164483388 149.47239557902 141.088346640269 132.287442684174 134.07106200854 136.687099933624 137.166072924932 134.24210747083 132.374783356984 126.689980427424 134.120245774587 135.055015484492 128.608961900075 130.55091102918 133.102208375931 131.601234277089 133.466303348541 135.817766189575 130.130350589752 135.694523652395 141.454041004181 143.634428580602 146.739035844803 148.179431756337 152.591307957967 155.42991956075 174.875696500142 187.412758668264 174.277424812317 159.766644239426 149.393190940221 149.282276630402 161.705235640208 194.36369339625 202.554186185201 178.552091121674 122.606625159581 50.0287562608719 15.7589887579282 0.018082901078742
