input/barkrak2/radiation/dir20024.grid
NCOLS 85 
NROWS 70 
XLLCORNER 665100 
YLLCORNER 4664600 
CELLSIZE 20 
NODATA_value -9999 
[rows 0 to 19 of 70, columns 0 to 45 of 85]
342.791994412739996 346.47524356842 347.160975138346 344.686190287272 340.247869491577 335.10955174764 327.286879221598 321.136593818665 325.857222080231 324.917217095693 321.864028771718 329.352736473083 335.380077362061 335.295160611471 338.333209355672 345.834891001383 345.049142837524 335.244576136271 328.392863273621 318.280657132467 297.051211198171 293.161034584045 310.729444026947 317.721625169118 314.663310845693 313.2217725118 313.076714674632 303.059458732605 284.83368953069 278.377155462901 276.793698469798 282.811323801676 294.459184010824 299.989104270935 305.758575598399 298.379937807719 295.629441738129 304.61444457372 302.62279510498 303.870717684428 293.652753035227 276.253342628479 286.163965861003 307.363828023275 313.620150089264 305.655638376872
335.225502649943 341.713865598043 340.493281682332 343.078454335531 342.060963312785 338.664968808492 328.462978204091 318.860431512197 321.968654791514 323.574542999268 318.678061167399 324.357767899831 331.573704878489 332.220832506816 332.032998402913 336.627682050069 337.383190790812 333.127081394196 331.143697102865 324.042757352193 310.205399990082 303.336024284363 309.205174446106 314.254800478617 313.725848992666 310.351490974426 309.3368212382 303.683698177338 288.154164950053 278.742631276449 279.775400956472 290.594935417175 291.354656219482 294.580101966858 304.786364237467 296.925107638041 291.076858838399 291.504184405009 288.637061913808 302.414377530416 299.92151260376 288.417557875315 295.002261797587 312.949140866597 317.873438199361 307.430366675059
313.126126925151 314.072509606679 317.786316076914 325.254559516907 326.824605464935 331.283450126648 333.061655362447 331.3094774882 328.782518704732 325.445175170898 317.657689253489 318.292419115702 326.374630133311 328.756233056386 324.662645657857 327.93390750885 333.114782969157 336.100896199544 335.95860004425 331.207394599915 327.361106872559 319.217840830485 312.418083349864 311.279137929281 313.229044278463 312.855362892151 308.215459187826 301.408648490906 289.831260840098 278.55916817983 277.355988820394 290.73957602183 280.165712038676 286.589721838633 300.298949082692 294.675926367442 280.549565951029 273.898283640544 286.666492621104 302.177588144938 303.227702776591 302.821358044942 304.46994304657 317.828714847565 327.858964602153 315.27046362559
295.30147711436 292.463898658752 295.626839001973 294.029434521993 301.3782898585 304.78831132253 308.367053667704 316.950539747874 326.367100079854 331.604858239492 328.806440035502 327.672640482585 329.036335150401 328.450401624044 325.13964176178 320.308307806651 323.2661485672 327.76806751887 332.672317822774 333.047807216644 331.035037835439 327.711641788483 326.768616835276 321.07683022817 319.332718849182 320.943832397461 315.1842157046 306.933244069417 298.797607421875 289.92901245753 281.241297721863 290.063341458638 280.180672804515 285.656889279683 291.93103313446 293.038586775462 287.421703338623 285.144607226054 301.887154579163 312.876919905345 309.542655944824 302.323242028554 298.348387082418 306.840896606445 318.020403385162 319.557388623555
308.423240979513 295.262237389882 278.470794359843 271.064341068268 274.360060691833 287.893732388814 302.970985571543 309.95378891627 315.372029940287 319.57346200943 328.769365946452 335.284948348999 337.651173273722 337.587634722392 334.8122437795 331.789334615072 329.792698224386 325.123508771261 327.217201391856 331.689476966858 330.816686153412 330.851296583811 333.998560905457 329.101622104645 324.629426002502 324.118336041768 319.525678952535 311.064203580221 302.908678849538 297.882040341695 296.915789445241 297.197818756104 290.219088395437 292.331496874491 290.318528811137 293.881793816884 303.547581036886 308.111290136973 316.402117411296 320.328334967295 318.30640633901 310.95943848292 304.056485493978 300.815681616465 306.172211964925 323.807279268901
332.768479983012 314.402957757314 294.171611467997 276.052057743073 267.346223195394 275.128881136576 297.069172064463 307.921051979065 310.394883155823 310.599168141683 317.285656929016 325.139304002126 329.091191291809 332.171221574148 335.095961888631 336.200753847758 332.343955834707 325.830399990082 325.109899044037 328.525761763255 328.380584716797 331.608772277832 337.369799613953 334.632317225138 330.64482609431 329.266130924225 323.710282643636 315.183639526367 305.511633555094 299.252728621165 299.980680147807 298.174818356832 301.127632459005 307.51371383667 302.20099290212 299.395183722178 307.365000247955 313.789963722229 316.89590215683 317.225992679596 317.705909411112 313.921451568604 311.568856239319 310.740828514099 309.136172135671 312.024970849355
340.232292811076 329.316139221191 317.861338456472 304.013689359029 287.032862504323 274.903893470764 281.440854072571 304.130077362061 313.014566898346 318.176746368408 315.468370914459 312.1258020401 309.370994567871 306.946396827698 308.562119801839 317.133526007334 323.229114214579 329.463263352712 332.753717899323 333.825945854187 330.406228701274 326.865633328756 333.242317040761 335.695147514343 333.98433526357 335.039814313253 331.814964612325 324.382106463114 314.799904823303 308.671792348226 305.391629536947 306.957125663757 319.217642148336 324.918488661448 322.548607985179 315.481821695964 314.026474952698 316.93708896637 319.716970125834 324.461201826731 324.112733205159 320.135474205017 316.651980082194 311.571478843689 297.216415405273 290.447274843852
337.103883425395 335.911909739176 333.092113335927 326.128582159678 312.689999739329 290.688951810201 273.039877414703 272.982875506083 299.905399481456 316.859841346741 321.211298306783 318.535268306732 313.101490338643 306.211213270823 297.511518001556 300.036172072093 308.689018090566 318.664014339447 329.569439093272 336.186210314433 336.443106333415 330.766836802165 331.38507604599 334.363420804342 334.39302444458 336.560249328613 335.856437683105 331.85597260793 325.664460659027 322.445491949717 320.658047993978 321.827093760173 330.154299736023 333.288629849752 332.444409529368 328.746736049652 323.81280263265 319.62772210439 313.743650913239 318.568170070648 326.040804386139 329.805433750153 330.152630805969 322.125156720479 306.537250677745 291.693786780039
334.435145060221 335.12282371521 335.03520488739 332.897226015727 327.373703320821 315.303126970927 294.638196627299 271.42075697581 281.155367692312 300.209840138753 313.202699025472 318.00518433253 318.883856137594 316.969613234202 311.068971951803 306.560893853505 304.739316304525 307.913462320964 316.214362780253 326.409777005513 333.651463190715 336.13399664561 334.750254948934 331.89602692922 332.523147265116 335.499326388041 336.493651072184 334.723393122355 332.550485928853 333.847602208455 334.825436274211 333.933353424072 336.193958918254 336.918115615845 334.585269292196 332.966228326162 329.160213470459 321.913500626882 308.518568674723 311.161935329437 326.162536938985 331.124722957611 329.475184281667 324.347615242004 315.359214941661 306.253373622894
323.136866092682 327.876349290212 330.112556616465 330.222765604655 329.035401344299 328.247666358948 321.673492590586 310.150980949402 285.236001014709 278.552373250326 290.047069390615 308.244387308757 320.974787076314 325.667063395182 327.431241671244 323.862870534261 314.874529838562 310.685515403748 310.216426849365 312.493642171224 317.009488741557 321.109771728516 324.571490287781 326.944291591644 329.604784647624 331.925928592682 333.237131436666 332.20116297404 331.750710805257 334.181070327759 335.537751515706 335.591634114583 338.483333587646 339.873552322388 338.803331057231 334.548989931742 332.422514756521 328.256984551748 311.486124992371 308.422823746999 322.254021962484 324.868142604828 322.847147782644 320.443312327067 312.144339084625 303.106506665548
291.019479433695 301.002085208893 309.145351250966 315.241932868958 320.586681365967 324.991822242737 327.260613441467 325.958828131358 309.363087018331 290.440201759338 279.11635239919 285.755852858226 306.253472963969 320.880770683289 328.333636124929 323.326845963796 319.357494513194 315.891325473785 310.856401920319 307.208120822906 307.390093803406 306.989947954814 307.937502861023 315.650264422099 321.905493736267 325.827916463216 327.498495578766 327.015022436778 329.227447509766 331.924498081207 333.160678545634 335.129698117574 338.904102643331 340.45934677124 338.958144187927 335.965593655904 335.073431332906 335.244536399841 324.760595957438 314.722637335459 319.342394669851 323.005398114522 324.510514736176 323.686858018239 316.597521305084 308.450102806091
258.206367492676 262.747406959534 269.926865895589 279.288192590078 291.790227095286 304.584860801697 317.018389701843 320.896466573079 321.81857029597 312.954803307851 294.66183980306 278.667767842611 280.56679169337 299.134850502014 315.840025742849 317.2700603803 321.430047353109 320.275525252024 314.64672088623 307.776014010112 303.037762641907 300.57954788208 299.797912438711 306.319773197174 311.599890391032 314.48757648468 316.020647684733 318.678100903829 322.094122568766 324.773510297139 327.252606550852 330.890238285065 334.762970606486 335.077047348022 334.033250808716 333.529114723206 336.332678794861 338.65761756897 336.321552594503 328.639348347982 327.224373817444 329.771081606547 332.216640313466 331.874966621399 325.976312160492 323.503772417704
247.749706109365 243.90850464503 241.862595081329 241.888125737508 248.868187268575 263.389706611633 284.184873104095 300.81045627594 320.300936698914 322.723984718323 315.874834855398 300.136208534241 276.964704195658 275.031407674154 293.946007887522 312.572379906972 322.258055210114 322.904706001282 320.317685604095 315.106193224589 309.243261814117 308.319886525472 308.001399040222 307.820598284404 307.550708452861 306.488990783691 309.555649757385 315.423607826233 317.554195721944 317.806522051493 320.955117543538 324.624260266622 326.303958892822 327.312111854553 327.121992905935 329.705397288005 335.69598197937 339.324593544006 338.896075884501 338.615496953328 336.66209379832 336.263219515483 335.710922876994 335.145831108093 329.436520735423 326.603829860687
243.424673875173 218.408465385437 202.633062998454 197.424153486888 194.951176643372 200.981597105662 218.845268090566 250.555356343587 283.478955427806 309.556424617767 320.038517316182 320.528507232666 309.744000434875 288.957118988037 286.858916282654 306.657195091248 317.951361338298 325.064500172933 327.744861443837 326.012829939524 319.659173488617 317.410528659821 315.303643544515 315.248966217041 313.592235247294 311.701099077861 314.276913801829 319.692095120748 318.70448589325 314.957559108734 318.861524264018 321.584979693095 323.007782300313 323.325276374817 325.077096621195 329.20773824056 331.995487213135 334.402481714884 335.02201239268 335.192759831746 335.495948791504 336.942036946615 338.042815526326 336.854259173075 331.440190474192 327.870965003967
227.526565392812 192.922790845235 170.700033505758 166.46409034729 166.077276070913 170.822779337565 179.026007652283 204.235076904297 230.65306742986 274.273176987966 315.274834632874 331.262310345968 333.281417687734 324.091533819834 306.870102882385 302.290956179301 306.678235530853 317.305207252502 326.427559057872 329.848488171895 329.16005452474 325.943271319071 324.784815311432 323.080062866211 320.0337489446 318.520764509837 320.29402256012 321.597456932068 316.746970017751 314.446965853373 318.015376726786 321.135262648265 320.517122745514 320.674518744151 323.014219601949 325.453817844391 326.828479766846 325.091679890951 326.80078347524 326.752463976542 328.918019930522 332.694431145986 335.165699323018 333.967407544454 330.62748114268 329.250395298004
192.92159875234 167.521357536316 150.508165359497 147.488087415695 163.28756014506 185.023864110311 185.491283734639 190.579930941264 211.229999860128 240.769267082214 286.009470621745 328.206956386566 338.728547096252 337.605039278666 328.613956769307 307.938694953918 299.961407979329 301.903565724691 314.226786295573 328.273097674052 332.781374454498 329.923053582509 330.833594004313 327.86093155543 323.446393013 323.555409908295 326.153854529063 323.558708031972 317.721625169118 320.11878490448 322.086751461029 321.713328361511 319.959580898285 319.453140099843 318.954686323802 318.547030289968 317.489047845205 313.708563645681 315.345068772634 316.490113735199 318.755567073822 322.312355041504 323.948283990224 323.166052500407 326.534648736318 328.731536865234
170.394976933797 160.653213659922 148.127347230911 139.451801776886 144.068350394567 168.085237344106 186.824858188629 191.731969515483 207.071244716644 219.022432963053 243.592540423075 292.449275652568 333.329737186432 336.780190467834 334.270437558492 329.45986588796 322.091519832611 311.690549055735 304.435829321543 312.815924485524 326.502064863841 331.73535267512 333.489497502645 331.05589946111 327.108919620514 328.0375401179 331.066985925039 328.198373317719 324.783364931742 328.63845427831 328.654825687408 322.271565596263 318.72171163559 316.7591492335 313.663800557454 311.944901943207 309.087336063385 308.256685733795 307.531893253326 309.838394323985 311.870038509369 313.955942789714 314.74107503891 316.467960675557 324.328581492106 328.322450319926
162.286629279455 165.222267309825 162.683039903641 150.999148686727 135.078797737757 145.797828833262 176.870385805766 195.388634999593 211.910585562388 224.764625231425 231.469988822937 259.797831376394 302.922825018565 332.483987013499 336.601336797078 337.936202685038 337.201913197835 330.196976661682 317.952513694763 306.320091088613 314.435203870138 330.185254414876 331.468224525452 329.949816068013 330.210049947103 333.827535311381 336.222410202026 334.497094154358 331.992904345195 333.500464757284 330.522020657857 323.532541592916 319.790561993917 315.842906634013 311.905900637309 309.10058816274 307.575265566508 307.837764422099 307.798326015472 308.235168457031 310.170749823252 311.424295107524 311.465700467428 313.29208612442 320.531845092773 327.430367469788
170.919517676036 182.00425306956 188.861846923828 179.501175880432 159.027606248856 157.033383846283 179.329554239909 198.028842608134 218.954761823018 239.168345928192 245.412349700928 253.682255744934 278.480966885885 306.784669558207 330.545584360758 336.305220921834 337.003668149312 336.300730705261 334.344665209452 323.463718096415 310.477693875631 319.843987623851 324.532290299733 329.011480013529 333.396434783936 337.287346522013 338.929295539856 337.648471196492 333.447138468424 332.810123761495 328.817884127299 324.134627978007 320.190946261088 316.312988599141 313.900272051493 311.013162136078 310.826341311137 308.028856913249 307.454844315847 309.768458207448 312.85963455836 312.898198763529 312.563220659892 314.877768357595 316.127518812815 323.540210723877
183.384398619334 189.098795255025 201.691428820292 213.780641555786 200.182954470317 176.187256971995 176.272511482239 189.495841662089 206.568956375122 230.933467547099 245.749433835348 246.452887852987 260.204593340556 272.086302439372 295.208891232808 327.236592769623 331.379890441895 332.414150238037 333.173712094625 332.984924316406 327.708204587301 319.2271788915 319.949527581533 325.633903344472 331.167598565419 335.951089859009 338.975230852763 337.251583735148 331.448137760162 330.922563870748 327.163418134054 321.895003318787 318.257610003154 317.063927650452 315.234502156576 312.491138776143 310.634394486745 305.113852024078 303.926050662994 309.282739957174 313.924054304759 315.18014272054 316.946784655253 315.776467323303 314.029157161713 319.353838761648
