input/barkrak2/radiation/dir27324.grid
NCOLS 85 
NROWS 70 
XLLCORNER 665100 
YLLCORNER 4664600 
CELLSIZE 20 
NODATA_value -9999 
[rows 21 to 41 of 70, columns 0 to 45 of 85]
80.6885411341985 68.0514872074127 59.4124495983124 79.3263514836629 76.7626464366913 50.1348227262497 53.6430676778158 62.8864467144012 70.6590165694555 74.3358830610911 79.1397889455159 78.8574367761612 79.1134585936864 77.8996447722117 84.8531126976013 99.8034675916036 113.673230012258 124.312351147334 136.228779951731 152.467668056488 160.486698150635 175.949613253276 178.808053334554 174.614667892456 162.649134794871 148.344725370407 142.63528585434 135.194192330043 140.222946802775 124.090691407522 118.01407734553 90.2871390183767 70.3616638978322 50.6092061599096 53.0268400907516 59.7201436758041 71.7501491308212 95.8827137947083 107.34619696935 119.039158026377 120.834211508433 130.192160606384 122.642109791438 108.472446600596 134.973635276159 145.286321640015
123.611281315486 120.644042889277 99.9643603960673 99.0470151106517 97.3215897878011 66.7637487252553 73.4126965204875 70.6992000341415 68.5242712497711 71.053609251976 78.7504216035207 80.4486821095149 86.0109428564707 86.6568684577942 86.8072112401326 94.2625403404236 107.556760311127 119.162251551946 129.077762365341 133.519520362218 138.027250766754 154.23184633255 166.806240876516 168.422798315684 162.920524676641 153.757224480311 140.456070502599 133.845220009486 138.765682776769 118.991822004318 77.7280976374944 48.4447777271271 32.2718371947606 13.2251530885696 6.31629054745038 16.8333612382412 40.0760297973951 66.632737716039 78.198512395223 86.1561099688212 96.0376560688019 104.531308015188 91.2164350350698 72.4696467320124 102.168073256811 137.33039299647
161.380688349406 153.017361958822 119.7649538517 105.719258387883 102.464695771535 99.2006162802378 90.8763905366262 72.9689498742421 63.323309024175 66.0957992076874 80.4033776124318 84.0472678343455 86.4914357662201 101.391126712163 95.7758128643036 98.1361965338389 106.591065724691 117.913395166397 125.858743985494 116.528113683065 117.203583319982 122.329731782277 136.114756266276 146.721065044403 148.026833931605 148.989250262578 134.332160154978 125.522375106812 105.371365944544 65.2184138695399 48.4833220640818 37.7276216944059 12.4383357663949 0.000190163518709596 0 0 8.79107291499774 26.8921206394831 38.5339856147766 35.4585175712903 44.8107669750849 40.7087877392769 46.8556185563405 85.6513182322184 100.636819998423 125.600516796112
156.048665444056 152.504791816076 137.294054031372 109.525442123413 93.3352112770081 97.1767505009969 89.1928275426229 83.7644636631012 74.6883054574331 71.3369448979696 78.4884542226791 80.9796154499054 83.3425621191661 97.749670346578 97.3846713701884 97.6119339466095 104.601263999939 116.040875514348 123.22998046875 114.828626314799 114.111522833506 111.798167228699 121.395965417226 129.328519105911 132.722268501918 129.097501436869 120.807985464732 113.195935885111 93.5187538464864 46.6217696666718 40.5744463205338 39.3751139442126 20.4728407164415 0.0761972138813386 0 0.145402096677572 4.81545490523179 12.9632626970609 14.3270529806614 19.5126769443353 13.0477001269658 14.9244045217832 30.9454649686813 111.69159412384 115.40412902832 124.712904294332
143.131544192632 147.895654042562 147.536178429921 118.268599112829 94.161331653595 97.2617566585541 101.853688557943 108.849038680394 107.594062884649 96.6849327087402 90.1776452859243 93.6427613099416 100.763142108917 107.545872529348 108.639776706696 102.399567763011 104.859213034312 116.480469703674 122.909665107727 127.141336599986 129.648000001907 125.689685344696 121.652245521545 120.178997516632 120.102425416311 118.388990561167 112.135370572408 106.711854537328 83.5002760092417 68.3294534683228 66.1110530296962 75.9188185135524 69.1916694243749 15.817624827226 2.21234606578946 7.20979645848274 8.26592370867729 9.97963671882947 14.2950266599655 7.11060004929702 4.06989300002654 5.44760003685951 47.128235300382 108.961711327235 133.058796326319 134.928226470947
142.067094643911 147.293935219447 150.537431240082 127.23429997762 110.91544230779 117.062429587046 127.919087807337 133.262048165003 140.108933051427 135.785659154256 112.658232450485 113.554080327352 116.450746854146 120.067179203033 119.160066048304 109.773874282837 106.797645489375 117.246528466543 123.636682828267 142.144064108531 143.933087587357 138.758798440297 129.798213640849 122.273296117783 121.062755584717 123.31094344457 113.348325093587 112.287024656932 99.6810793876648 100.796928008397 114.820887645086 138.909051815669 147.603144248327 131.728897492091 53.599680463473 21.2258969744047 18.8319111863772 18.94827435414 13.1558204690615 6.40379761656125 15.3639217217763 43.926939368248 88.6618097623189 106.722791989644 126.852512359619 119.332502285639
143.913129965464 142.544170220693 143.004794915517 132.343937953313 142.109682162603 143.24747522672 152.008324861526 151.884377002716 153.231809536616 151.566743850708 130.300968885422 119.326184193293 114.952584107717 117.92587240537 122.622440258662 118.616044521332 111.979027589162 120.179911454519 134.037047624588 140.741189320882 137.524714072545 129.171431064606 128.208498160044 127.962549527486 128.37153673172 128.944724798203 121.681660413742 124.03537829717 135.859807332357 145.102312167486 157.802482446035 169.318000475566 179.016788800557 190.048694610596 155.574460824331 58.492253224055 30.5036852757136 18.7510723869006 13.4479217231274 12.130136291186 36.5640868743261 108.82169008255 106.187065442403 94.5771038532257 92.0757551987966 89.860608180364
146.553248167038 135.092864433924 136.242836713791 137.248516082764 164.706021547318 157.226085662842 152.06370751063 143.190999825796 139.288663864136 130.681018034617 116.695781548818 100.099911292394 109.604875246684 112.509270509084 125.586827596029 127.356509367625 122.038662433624 118.286907672882 130.101025104523 132.47936964035 131.781587998072 124.927371740341 124.415924151738 131.641775369644 134.622474511464 129.876395066579 131.495912869771 126.788854598999 146.681278944016 160.638252894084 177.914440631866 189.456621805827 196.503043174744 198.231995105743 196.014642715454 126.414676507314 28.6189665397008 9.5646046102047 5.35241824885209 5.34208118915558 54.424857099851 99.4651714960734 91.7146702607473 66.3322259982427 64.1243706146876 64.5594696203868
146.632134914398 128.604193528493 130.293716986974 145.62643567721 164.659400780996 155.571828285853 136.214862267176 117.154181003571 104.257980982463 94.4314996401469 88.8314147790273 88.7164870897929 97.4098046620687 111.59602801005 123.795300722122 132.201453049978 128.59966357549 114.33403690656 120.546956857045 123.526573181152 123.604118824005 124.592880407969 125.973085562388 132.309138774872 138.430565595627 134.422461191813 138.171166181564 137.27060953776 143.921871980031 166.047791639964 189.211547374725 202.742457389832 202.392141024272 201.517403125763 212.578137715658 200.531144936879 117.122401793798 32.1502014994621 20.9338963031769 25.2679437398911 47.2422540187836 62.8971805175145 70.2812174956004 46.9009975592295 40.1249205072721 45.4193949699402
143.371611833572 147.507210572561 174.682199954987 216.295917828878 198.53542248408 162.36557563146 128.338843584061 95.4419076442719 83.1863780816396 86.1142973105113 75.2880573272705 72.5350926319758 94.1515068213145 111.933569113413 128.375629583995 135.276585817337 134.758661190669 120.91988325119 122.908433278402 126.57904624939 124.548643827438 129.480838775635 131.389399369558 135.382314523061 142.326434453328 146.120895942052 145.254164934158 145.723839600881 149.923960367839 176.766415437063 199.878851572673 208.74830087026 204.289436340332 212.304472923279 224.793513615926 230.070392290751 209.860662619273 156.244466702143 74.5274921258291 41.0307596127192 32.8844487667084 35.8957995971044 53.3332924048106 43.1497494379679 36.896750330925 53.120364745458
160.723467667898 197.641452153524 244.71922715505 268.045385678609 258.93763701121 207.946141560872 154.032289981842 114.311705032984 105.087528626124 102.019776900609 91.4941430091858 77.9579728841782 91.976265112559 114.899784326553 133.558253447215 139.796753724416 138.261665900548 131.704558928808 126.21416648229 127.921432256699 128.971119721731 132.360478242238 135.086486736933 137.02400525411 142.635136842728 156.242112318675 158.030539751053 163.120081027349 169.548590977987 185.243209203084 202.689290046692 211.53332789739 214.05307451884 222.407778104146 228.389541308085 225.087662537893 222.740133603414 219.548106193542 153.749863306681 72.3736037810643 38.544125854969 38.3547792832057 42.6900833845139 46.2930351495743 54.5415729284286 76.5801668167114
221.949756145477 256.85973962148 275.729596614838 275.542855262756 284.39199924469 265.522678693136 226.640542348226 184.750139713287 147.543172041575 132.928878068924 127.81149148941 109.565625588099 94.5419172445933 111.7202937603 136.557817459106 142.255882422129 136.527160803477 137.904435396194 127.061426639557 126.296589771907 132.369448741277 133.707175652186 134.606679280599 136.806309223175 141.669481992722 157.925665378571 164.47713971138 173.392057418823 180.327713489532 186.166346073151 200.009683767954 214.511513710022 214.313546816508 209.922989209493 210.089325904846 200.053711732229 201.097885767619 197.942674160004 155.024031798045 97.9613661766052 59.7701569398244 52.4666607379913 47.6579666137695 47.1982806921005 58.929979801178 77.3020039002101
264.888683954875 278.422256310781 280.309001604716 275.177597999573 279.869556427002 282.110591729482 265.902717908223 218.454579512278 180.649320284526 160.974204540253 160.367111365 146.151353915532 120.895216862361 119.58235502243 132.352272669474 137.362052996953 132.559269666672 133.934845527013 128.029505411784 129.164526859919 128.486891587575 129.954904317856 129.423558712006 131.202965974808 138.600160678228 151.719331741333 164.319852987925 169.516285260518 176.672339439392 188.390374183655 200.94358921051 203.678071498871 182.561536629995 178.987542788188 175.208409627279 160.228431224823 160.681436459223 146.806379159292 113.694429397583 81.9479723771413 85.7080817222595 78.8534233967463 63.295712073644 51.6397704680761 50.8663654327393 63.169926404953
273.99996916453 276.865641276042 277.509649594625 276.043772697449 274.739265441895 276.999533176422 275.969604651133 248.960693677266 204.02451356252 174.365123112996 170.31184832255 163.915395736694 150.096197923025 136.983285347621 133.209844430288 136.038283507029 131.777515014013 127.745817104975 129.183411598206 132.549047470093 128.375331560771 126.936386028926 128.675361474355 131.265779336294 135.834634304047 145.396202802658 156.221151351929 157.672623793284 165.7355427742 183.798750241598 193.708777427673 189.037382602692 172.908365726471 172.620435555776 160.355548063914 146.088937918345 149.989207585653 147.395024696986 131.990561882655 105.272342761358 106.025556723277 113.554388284683 94.9472387631734 76.8782198429108 60.6990704933802 52.0484000444412
273.720860481262 275.57913462321 273.194094498952 274.049560228984 272.694150606791 270.205140113831 269.866029421488 257.31239716212 213.572442531586 181.948105494181 171.127736568451 170.161167780558 167.215486367544 146.174430847168 139.091432094574 142.606228590012 136.500785748164 126.963327328364 132.970482110977 133.885065714518 132.563680410385 127.912928660711 131.736238797506 137.655476729075 135.441035032272 142.753422260284 147.676845391591 148.840874433517 155.901481707891 176.676571369171 185.086687405904 181.911547978719 180.315693219503 181.320865948995 158.804605404536 152.403771877289 156.974713007609 163.302212953568 166.021049022675 138.946771621704 98.8041162490845 97.1515079339345 85.102101167043 64.1105473041534 52.9769460360209 40.4164666930834
258.550047874451 261.094053586324 262.942175070445 261.174043019613 258.739451567332 256.689031918844 261.236568291982 259.218454360962 225.073099136353 187.99897034963 173.016587893168 167.075216770172 163.988302151362 146.590073903402 137.773354848226 145.646989345551 148.144433895747 133.529235919317 137.241572141647 140.284727017085 140.668789545695 134.797116120656 134.842425584793 140.151043732961 137.48437166214 139.088521401087 145.914177099864 153.730501731237 157.747775316238 172.174175580343 183.171312014262 184.848229090373 182.011783123016 178.987960020701 161.547660827637 166.479508082072 168.542186419169 175.298412640889 170.601745446523 146.323710680008 77.2818823655446 57.5331697861354 37.4071449041367 29.2496134837468 29.1616146763166 29.6607464551926
240.754644076029 247.261722882589 255.726238091787 253.819266955058 252.873162428538 256.893038749695 263.857205708822 266.051967938741 242.421428362528 202.480991681417 177.679479122162 162.713209788005 153.391222159068 142.474790414174 133.902470270793 139.49778676033 152.889678875605 142.682154973348 139.846722284953 142.915695905685 144.623279571533 139.445195595423 135.969082514445 137.981871763865 140.618622303009 141.107589006424 144.42711075147 155.460884173711 159.21809275945 164.248406887054 177.661458651225 186.981002489726 178.707202275594 170.17408212026 157.053897778193 175.771574179331 182.793219884237 185.371299584707 176.306128501892 161.37303908666 68.9533452192942 29.0401925643285 12.7210741241773 11.0657947758834 11.5778421362241 12.3201695581277
206.267813841502 216.801822185516 225.214779376984 230.175356070201 236.344158649445 249.034682909648 259.361525376638 264.51975107193 255.516866842906 219.450215498606 190.843343734741 166.843255360921 152.405738830566 149.018257856369 140.449712673823 133.575359980265 147.553314765294 146.843810876211 138.716081778208 139.755586783091 140.187422434489 138.010710477829 133.907695611318 135.089764992396 140.087823073069 145.840595165888 145.130028327306 150.849997997284 157.491505146027 158.647755781809 169.226368268331 183.424810568492 176.422695318858 157.996892929077 164.23765818278 189.30184841156 193.865438302358 191.034336884816 179.590702056885 182.067354520162 133.378773927689 45.5620537201563 17.0080785950025 11.8630056579908 11.4568000038465 8.89452298482259
170.730233192444 177.898347377777 177.579442660014 188.335041205088 203.295628229777 219.931523005168 233.17817846934 241.49485429128 239.67053492864 214.85044558843 185.989042123159 161.865472793579 149.044275283813 146.17262283961 142.854034900665 135.582447052002 141.986926396688 142.187813917796 135.248124599457 134.705195824305 137.992908557256 142.411251862844 140.363315741221 135.146329800288 135.49459973971 139.34251666069 146.86385790507 150.10150273641 156.543463468552 156.003604332606 160.094241301219 172.191262245178 168.396353721619 162.949214378993 189.16783730189 202.472945054372 199.288169542948 191.621422767639 191.424528757731 204.431116580963 209.503213564555 157.772878805796 72.8317101796468 36.2336362401644 21.5968042612076 9.82123489181201
158.963620662689 161.619663238525 161.468048890432 163.420021533966 171.948333581289 178.544243176778 182.482798894246 186.903357505798 186.216831207275 168.254295984904 153.644800186157 148.603598276774 147.538214921951 143.215467532476 141.634225845337 140.516390403112 140.994091828664 140.343685944875 135.13461748759 133.262852827708 137.681146462758 145.057539145152 146.408637364705 141.451994578044 138.883054256439 136.691937843959 148.649354775747 152.024646600087 155.443698167801 157.124171654383 156.863828500112 164.411723613739 162.437548240026 175.32616853714 201.950033505758 201.807419459025 183.303475379944 178.651789824168 182.432174682617 196.262081464132 213.040232658386 224.200050036112 176.927049954732 92.4144784609477 42.9124136765798 23.5673636198044
168.440381685893 165.361295143763 165.619214375814 164.671957492828 160.191824038823 158.638109763463 156.926532586416 157.035082578659 161.951243877411 152.209500471751 144.741594791412 145.163883765539 149.090945720673 148.085882266363 146.568775177002 143.048097689947 137.4298731486 146.383653084437 147.293965021769 140.717297792435 142.619291941325 143.42608054479 143.711030483246 145.543654759725 146.136999130249 142.139772574107 147.696703672409 153.458972771962 155.562420686086 158.65288178126 160.044620434443 162.909080584844 166.651666164398 184.915363788605 197.744727134705 181.985020637512 168.017446994781 158.088902632395 159.708629051844 172.691444555918 204.627732435862 216.833293437958 200.021505355835 142.301638921102 70.2478488286336 39.0919521450996
