input/barkrak2/radiation/dir29924.grid
NCOLS 85 
NROWS 70 
XLLCORNER 665100 
YLLCORNER 4664600 
CELLSIZE 20 
NODATA_value -9999 
[rows 44 to 65 of 70, columns 0 to 48 of 85]
98.3441869417826 104.102949301402 107.510189215342 108.08402299881 110.095123449961 112.376034259796 112.833470106125 108.378976583481 102.94297337532 98.6242890357971 99.9468167622884 96.776008605957 92.8606788317363 91.0033285617828 90.1715954144796 90.9262796243032 88.0546073118846 94.2939122517904 96.2677995363871 93.449076016744 88.7482364972432 86.5830580393473 85.6061279773712 86.0276023546855 83.1725845734278 91.8887754281362 93.3704078197479 92.0026202996572 91.7791525522868 90.782771507899 85.594634215037 84.4158530235291 90.007742245992 95.5466330051422 102.15284427007 105.363478263219 109.996338685354 119.254807631175 123.650103807449 115.538448095322 113.605866829554 106.409152348836 101.903488238653 80.7531774044037 45.9218223889669 6.74321688711643 0 0 0
105.254421631495 109.971582889557 107.093006372452 110.479404528936 108.593553304672 108.791848023732 110.129694143931 108.78998041153 109.641383091609 104.260504245758 103.496144215266 102.243512868881 96.9332655270894 91.6763444741567 90.2359783649445 93.701312939326 88.4930193424225 91.4285679658254 96.1876610914866 94.3097472190857 91.0810828208923 91.3671453793844 88.9413952827454 89.8060202598572 90.7718638579051 90.4263854026794 96.8370834986369 95.1395829518636 93.1646823883057 91.0193920135498 88.201493024826 83.8223894437154 88.1880124409993 86.5363975365957 86.7632428805033 89.5948906739553 98.3603596687317 111.920138200124 113.520681858063 98.9340543746948 102.626899878184 96.2843696276347 94.7309235731761 91.7700231075287 73.1174846490224 36.1576428016027 1.1855762762328 0 0
104.851365089417 106.770684321721 109.442174434662 111.794044574102 111.250778039296 111.053427060445 112.740208705266 114.295979340871 110.757261514664 108.767410119375 107.864220937093 106.511980295181 102.126240730286 98.3471175034841 97.4754393100739 100.882748762767 97.7722406387329 91.514120499293 97.2552398840586 95.731645822525 92.5037860870361 94.1115419069926 93.1660930315654 90.1203354199727 98.0509718259176 89.9117191632589 90.9347037474314 93.0220683415731 94.1685338815053 92.8668280442556 91.6225810845693 88.3445243040721 87.7048373222351 87.164431810379 88.8633728027344 89.3867313861847 92.7900075912476 100.821435451508 102.376520633698 99.9251405398051 98.6227492491404 92.9621358712514 97.8303849697113 106.520096460978 97.8644788265228 63.4292264779409 23.907149831454 0 0
98.6858705679576 101.069152355194 107.340127229691 108.87736082077 112.815002600352 114.08402522405 111.954092979431 111.430466175079 111.041794220606 113.725920518239 110.053280989329 105.755120515823 104.495227336884 104.097038507462 101.45894686381 100.004523992538 98.6078679561615 90.2743538220723 94.7755773862203 96.3538785775502 92.7022894223531 92.8933521111806 96.9797770182292 90.1017387708028 92.1653608481089 91.6187266508738 86.6325795650482 89.3010199069977 93.3269063631694 92.8525825341543 93.0871566136678 92.2395586967468 87.4321162700653 90.7530089219411 101.716707150141 105.854054292043 102.688183387121 97.212682167689 100.93813141187 111.616432666779 103.054970502853 94.2930380503337 101.972262064616 110.10601123174 103.115220864614 81.6215972105662 43.2618906100591 8.9214655260245 0
91.0010437170665 94.0566758314769 100.14675060908 104.345500469208 111.317733923594 114.86737926801 111.21545235316 109.31255420049 113.046695788701 115.614632765452 113.148460785548 108.470469713211 106.402198473612 106.789102156957 104.557017485301 98.8229115804036 97.8308220704397 91.5041665236155 95.247228940328 99.2309947808584 98.0466405550639 97.5908239682515 99.3757645289103 95.6967373689016 93.1673347949982 96.0415105024974 90.8325711886088 93.0015842119853 100.316117207209 104.97984290123 108.762780825297 107.803444067637 98.7229148546855 100.933919350306 109.592586755753 117.566496133804 115.868459145228 107.891341050466 103.556642929713 109.985649585724 101.401497920354 92.3789342244466 90.3446873029073 90.3047521909078 88.6142055193583 87.5549912452698 76.1235704024633 25.1853689551353 4.87670488655567
89.8314913113912 87.2597893079122 91.5093819300334 100.984295209249 106.701155503591 110.385606686274 113.429218530655 115.791340668996 117.090930541356 113.097339868546 115.523944298426 115.102787812551 111.076146364212 107.868512471517 105.593065420787 100.676695505778 99.6098319689433 96.392810344696 99.6763507525126 104.345838228861 105.818639198939 105.511556069056 101.016988356908 103.378961483637 97.1216360727946 100.663920243581 101.581126451492 102.605581283569 109.156807263692 115.361392498016 125.350534915924 127.589056889216 114.783704280853 112.946798404058 110.282103220622 118.00887187322 121.913572152456 119.631061951319 109.917233387629 98.1641014417012 91.1677976449331 91.8905039628347 90.595136086146 85.5040848255157 81.6395282745361 86.1701667308807 81.4189016819 29.9193610747655 6.1649214476347
90.4990832010905 93.731164932251 97.4196791648865 104.138106107712 105.016132195791 105.282912651698 113.918612400691 119.486600160599 119.489977757136 118.644962708155 118.002990881602 117.460787296295 113.892773787181 108.988543351491 108.721027771632 111.961543560028 103.751361370087 102.641691764196 104.153474171956 109.433074792226 110.444595416387 109.114319086075 104.885677496592 104.625771443049 99.3174513181051 105.826765298843 108.639458815257 108.412086963654 113.534053166707 122.199922800064 129.538893699646 131.786594788233 128.058701753616 113.95666996638 99.388708670934 103.918174902598 114.366988341014 120.414803425471 115.635812282562 93.1272705396016 85.6254696846008 94.0141479174296 96.5699056784312 93.2898024717967 87.5556965668996 84.1823816299438 69.4382041692734 41.3760940233866 7.97402362028758
91.2109216054281 102.409621079763 104.605287313461 107.011040051778 104.774296283722 104.046732187271 111.798832813899 117.883652448654 117.263754208883 122.667014598846 120.448718468348 119.298289219538 116.377900044123 111.793756484985 111.191739638646 117.800265550613 111.299912134806 106.919060150782 104.647745688756 107.00977842013 107.349584499995 105.991373459498 104.057729244232 100.580831368764 98.4428028265635 101.018359263738 105.977276961009 105.832159519196 106.883426507314 116.147508223852 124.96496240298 132.249623537064 127.467066049576 105.502297480901 73.092445731163 48.57270916303 75.9278833866119 104.812274376551 118.145485719045 118.770947058996 112.55270242691 104.436258474986 87.8142118453979 84.2253466447194 91.5521184603373 86.1975948015849 66.12162788709 53.8920064767202 15.1247307658195
94.6973164876302 92.824250459671 91.4210279782613 94.4681763648987 102.282057205836 107.30054974556 108.018279075623 114.150762557983 114.084134499232 118.700762589773 118.841707706451 121.695458889008 121.041039625804 115.54295818011 113.720407088598 112.258871396383 114.022473494212 106.853485107422 101.349254449209 99.3518034617106 98.8444586594899 101.126591364543 102.646549542745 95.8922108014425 98.0247855186462 95.3353047370911 95.8851178487142 95.9600408871969 94.9450035889943 98.9841719468435 104.900946219762 115.191221237183 111.779203017553 87.4319573243459 54.507037003835 31.4826369285583 32.8305910031001 55.5688093105952 98.3955959479014 115.703175465266 120.816856622696 104.283293088277 83.7292472521464 78.5957723855972 85.9038631121318 78.1350682179133 62.7750257651011 70.1261659463247 51.585187514623
98.6663202444712 87.7161423365275 84.7526788711548 89.9047255516052 102.88139184316 111.845890680949 111.242135365804 112.374126911163 114.75525299708 114.59951599439 117.44079987208 119.936962922414 121.4726070563 120.03830075264 115.505625804265 112.686663866043 116.019308567047 108.377585808436 103.631059328715 103.292683760325 103.118936220805 100.846509138743 100.270847479502 95.826248327891 95.0097839037577 94.8276321093241 93.7119623025258 93.1928356488546 90.8701916535695 87.2940917809804 80.5527369181315 84.9919815858205 86.2398942311605 70.3872342904409 55.8718343575796 32.796636223793 20.0205482542515 18.0417696634928 32.1188320716222 78.703115383784 103.42471798261 94.3704148133596 83.7300022443136 77.6460021734238 61.5113526582718 61.1914296944936 60.2547874053319 79.8383404811223 91.6572213172913
98.7330476442973 92.893381913503 89.8957053820292 95.1757431030273 105.064660310745 113.740056753159 116.568058729172 112.205843130747 117.16506878535 115.048925081889 118.619600931803 120.142539342244 122.032394011815 123.289853334427 117.177387078603 116.622229417165 117.667973041534 112.514227628708 108.268519242605 109.58410302798 109.513103961945 105.249345302582 103.016555309296 102.357745170593 99.3470152219137 98.8568663597107 95.9119101365407 91.950515906016 88.8499021530151 80.9718122084935 71.9353506962458 74.9897162119548 79.5891682306926 80.3865840037664 78.6928882201513 66.5699640909831 40.0694757699966 24.9920537074407 18.5519357522329 27.6918709278107 49.3124822775523 72.7051893870036 49.3490397930145 40.6983494758606 40.2329241236051 47.8646010160446 63.9533251523972 72.4405944347382 86.9204799334208
102.528671423594 100.8673508962 96.4399774869283 94.1166778405507 100.575387477875 112.69016067187 115.231742461522 112.90713151296 114.545007546743 119.558235009511 125.747183958689 126.165390014648 124.703268210093 124.972681204478 120.796114206314 120.920608441035 121.160934368769 117.791970570882 112.511287132899 109.293709198634 106.993426879247 107.029050588608 108.992675940196 111.731032530467 107.340574264526 103.888551394145 96.1670180161794 88.0420506000519 79.7208150227865 75.5056242148082 74.8759259780248 80.8110733826955 85.1247608661652 96.5951482454936 103.777825832367 103.673974672953 86.2174530824025 68.7507937351863 55.3615738948186 30.4334983229637 33.6689700682958 59.4068467617035 59.6843461195628 47.8337009747823 48.0278531710307 65.2032345533371 90.1226103305817 86.0153237978617 80.9804201126099
105.267465114594 104.75105047226 103.407442569733 98.8381803035736 99.4971891244252 109.510391950607 112.930546204249 113.26985557874 112.654715776443 121.744821468989 130.727003018061 128.790189822515 123.754938443502 125.937392314275 127.291858196259 120.644440253576 121.989001830419 118.443648020426 113.910138607025 110.590587059657 110.486835241318 110.073089599609 108.873188495636 107.458611329397 104.99099890391 101.160148779551 73.6904442310333 54.4224182764689 50.3656268119812 58.3709677060445 72.1610685189565 77.3004839817683 83.2323133945465 90.7827913761139 101.320038239161 112.644155820211 115.987509489059 95.8146552244822 95.9273477395376 67.9688602685928 44.0886467695236 61.2714141607285 77.8213838736216 78.857809305191 79.0068060159683 94.3550964196523 123.060723145803 111.314415931702 87.8019134203593
103.916615247726 102.147102355957 106.134275595347 106.650312741597 103.292614221573 105.946679910024 113.538970549901 114.350189765294 113.81674806277 121.382633845011 128.926694393158 127.543946107229 122.756123542786 125.856647888819 128.998090823491 118.087629477183 119.53349908193 117.62265364329 115.412334601084 116.293589274089 116.372168064117 115.368753671646 110.588332017263 104.207674662272 100.970288117727 99.9909738699595 80.9331734975179 58.7198883295059 59.0348939100901 69.9887573719025 80.9975862503052 83.201989531517 94.5672790209452 105.494757493337 113.584150870641 123.387008905411 104.937086502711 55.2509923775991 55.6315630674362 67.0054356257121 70.3175862630208 84.78977282842 89.9410247802734 73.3020007610321 45.9571927785873 74.2027858893077 100.067734718323 94.7161316871643 80.4005165894826
91.4568702379863 100.311239560445 103.904783725739 106.544007857641 106.184909741084 102.218528588613 113.469491402308 117.866992950439 117.718050877253 122.742732365926 125.919868548711 125.744531551997 124.525139729182 121.493170658747 123.413234949112 119.294812281926 115.590959787369 118.002444505692 118.595252434413 120.470901330312 121.036618947983 118.448396523794 114.248156547546 106.836378574371 104.747861623764 106.23166958491 101.38796766599 96.7025856177012 98.6538728078206 103.374987840652 98.4069307645162 93.1470592816671 108.946591615677 117.920696735382 113.814324140549 84.1142038504283 73.8471448421478 36.1440579096476 23.3646233876546 36.4278902610143 58.9682708183924 95.6275165081024 92.4040675163269 78.2920122146606 65.5606587727865 68.8659995794296 85.1702094078064 89.8901224136353 87.6668393611908
80.8961639801661 97.1631010373433 101.703941822052 104.65270280838 107.571065425873 103.298942248027 108.07603597641 117.548565069834 128.1698346138 129.424343506495 125.335146983465 122.740268707275 124.490708112717 123.090078433355 122.838238875071 120.064556598663 115.132510662079 116.941303014755 115.468561649323 113.030562798182 114.073028167089 112.562080224355 109.744489192963 108.944813410441 109.476010004679 112.994223833084 124.638468027115 127.71068016688 115.11621872584 113.256275653839 102.688411871592 93.2834247748057 103.396117687225 94.1302875677745 49.8898277680079 39.385033150514 37.6284917195638 28.7442704041799 15.1630689700445 10.3519447147846 12.7529129385948 48.1850802898407 89.8073017597198 107.324947913488 124.727139870326 119.536846876144 112.895806630452 110.875030358632 109.658817450205
82.7865302562714 93.8942432403564 101.995726426442 104.613562424978 106.037795543671 106.632004181544 100.701053937276 111.571937799454 133.652031421661 132.46230284373 123.730808496475 119.893987973531 122.581094503403 125.855694214503 124.438901742299 121.163497368495 119.098424911499 116.252293189367 108.367383480072 100.222180287043 100.490440924962 103.579660256704 103.620489438375 106.382419665654 107.236057519913 112.587362527847 131.090313196182 138.492325941722 124.007046222687 113.031059503555 98.2389152050018 83.4168593088786 83.0201804637909 77.1131267150243 55.2940666675568 32.7666848897934 34.2401936650276 45.499990383784 37.173330783844 21.3478902975718 10.938120385011 20.7734542588393 68.2308673858643 99.9506711959839 110.917707284292 110.258440176646 102.805197238922 103.6044160525 98.8639295101166
96.2823629379272 99.359522263209 102.084438006083 98.5548198223114 91.9677217801412 88.3025427659353 96.5240200360616 103.23166847229 113.619248072306 110.972583293915 108.3811322848 114.836047093074 121.531804402669 122.839162747065 118.210097153982 120.407124360402 119.958390792211 113.309105237325 104.745169480642 98.1041093667348 96.7424809932709 97.3475674788157 99.3197162946065 104.439069827398 103.809207677841 105.992058912913 119.256516297658 128.71523698171 118.980576594671 100.358078877131 91.612696647644 75.4084189732869 67.5874799489975 80.8058430751165 74.517697095871 46.9316790501277 54.6132822831472 86.8128935496012 91.4363662401835 69.8004315296809 36.9606539607048 27.242511510849 45.5453942219416 55.9028685092926 53.8944999376933 67.802960673968 72.8790064652761 77.9270827770233 76.4590005079905
109.176566203435 105.228702227275 101.230333248774 93.4702654679616 81.9607277711232 74.5707750320435 87.7512494723002 86.1582060654958 74.2824723323186 75.3707339366277 87.3663226763407 101.24879082044 107.695440451304 112.608154614766 115.898599227269 126.899172862371 129.781931638718 120.081841945648 110.126475493113 106.065173943837 102.897703647614 101.996431748072 102.851549784342 100.350429614385 99.7427503267924 101.511190334956 108.892182509104 111.961742242177 106.63573940595 86.6228640079498 86.2205326557159 81.5025170644124 74.1285979747772 91.2202795346578 95.684677362442 82.4828793605169 73.5946794350942 74.2912391821543 80.3750505050023 78.6427160104116 60.4094316562017 44.9167589346568 45.2661067247391 36.5053489804268 28.2313376665115 32.2315096855164 53.4294545650482 57.5339098771413 62.6601626475652
112.353801727295 104.8757036527 99.5361506938934 95.0717329978943 87.0392918586731 79.8465510209401 74.3385006984075 68.023627003034 48.5043625036875 59.1028829415639 82.0285081863403 94.076136747996 95.2222545941671 103.69665424029 118.685235579809 136.150946219762 141.555597384771 133.480389912923 123.95100792249 119.203845659892 113.352755705516 110.193272431691 110.033084948858 104.601363341014 102.862219015757 101.625700791677 98.5791981220245 95.6945319970449 96.3450868924459 75.525775551796 77.7322749296824 80.3383439779282 74.8551189899445 95.410019159317 113.886694113413 117.265293995539 91.4193590482076 49.9663501977921 37.5696221987406 57.5324843327204 59.4067275524139 54.9037804206212 57.7562948067983 51.9323100646337 38.505752881368 34.2054838935534 46.6005951166153 57.9768518606822 69.4391081730525
115.160495042801 109.162708123525 107.696940501531 108.934799830119 105.220039685567 98.0113943417867 91.998686393102 92.9719010988871 91.240386168162 96.4639286200206 106.218387683233 113.898932933807 114.161948362986 108.137786388397 119.580994049708 137.544473012288 148.195693890254 147.664388020833 139.374047517776 127.755145231883 120.996028184891 115.109890699387 114.464739958445 114.104439814885 107.272088527679 95.590869585673 90.0178054968516 87.5840783119202 87.2842669487 83.0045441786448 68.2665606339772 67.3917631308238 59.5986694097519 82.8947325547536 123.0821510156 131.178239981333 97.2702006498973 60.2824687957764 29.2253171404203 29.4684420029322 34.3032131592433 45.4387019077937 61.6845538218816 68.4921741485596 71.6165949900945 56.5787255764008 55.6639134883881 76.6766568024953 111.287047465642
116.068402926127 113.000263770421 113.306740919749 115.09515841802 114.348510901133 109.924077987671 108.992437521617 118.338565031687 136.731495459874 131.725589434306 122.21160531044 124.746988217036 131.188025077184 116.544624169668 117.645939191182 127.546449502309 137.541741132736 143.80153020223 143.768042325974 136.445492506027 130.095233519872 121.506720781326 115.880866845449 113.365014394124 106.089264154434 95.3144530455271 81.4319948355357 77.6728640000025 79.4319411118825 71.4284330606461 38.8929496208827 35.8862752715747 28.9050390323003 47.3604102929433 121.649364630381 132.169514894485 111.498455206553 101.230134566625 66.1245385805766 22.7822810411453 14.3724145988623 11.1835822463036 35.3250975410144 74.7061669826508 84.410438934962 73.2268393039703 71.9019422928492 103.190879027049 170.387228329976
