input/barkrak2/radiation/dir26124.grid
NCOLS 85 
NROWS 70 
XLLCORNER 665100 
YLLCORNER 4664600 
CELLSIZE 20 
NODATA_value -9999 
[rows 40 to 59 of 70, columns 0 to 45 of 85]
190.614799658457 192.084809144338 191.940943400065 193.833947181702 201.938629150391 208.263278007507 212.006767590841 216.055631637573 215.210020542145 197.750449180603 183.80081653595 178.782780965169 177.732586860657 174.880782763163 171.691318353017 170.314947764079 170.930027961731 170.257190863291 165.005266666412 162.836452325185 168.977677822113 174.460550149282 175.762911637624 172.524333000183 168.219705422719 165.912528832754 177.80339717865 180.968642234802 185.666302839915 185.704151789347 185.272594292959 190.657476584117 190.49326578776 197.343528270721 223.639488220215 223.598678906759 211.869239807129 203.470051288605 207.582612832387 217.602769533793 232.629954814911 248.0588555336 208.943883577983 126.664092143377 68.7878678242366 46.3586548964183
198.798497517904 196.799695491791 195.961753527323 195.038596789042 191.801110903422 189.079463481903 187.405268351237 187.351544698079 192.064642906189 182.433088620504 175.168474515279 176.896115144094 179.251174132029 179.703235626221 176.52686436971 174.607793490092 168.942848841349 176.195124785105 176.973819732666 170.131087303162 173.870424429576 174.621065457662 173.123518625895 176.614920298258 177.134434382121 171.28998041153 178.552110989889 182.392001152039 185.839176177979 187.239070733388 188.439965248108 190.511743227641 191.035687923431 207.342406113942 220.14182806015 207.086245218913 187.117795149485 184.694389502207 184.899926185608 197.693546613057 232.835034529368 247.296134630839 229.848702748617 174.773951371511 103.053430716197 68.4471527735392
203.586161136627 199.919581413269 202.564219633738 201.26603047053 194.945375124613 190.526644388835 187.632222970327 182.669361432393 182.836731274923 180.444757143656 177.286307017008 176.398456096649 179.333209991455 183.818221092224 182.06000328064 179.473916689555 175.131022930145 179.894169171651 183.163344860077 174.741208553314 173.426707585653 171.582937240601 167.598764101664 170.641859372457 174.964229265849 170.878529548645 168.98101568222 175.153851509094 180.117348829905 184.529642264048 185.411274433136 184.238572915395 191.114862759908 211.220939954122 217.621604601542 188.945015271505 175.471901893616 178.820610046387 183.987259864807 196.100215117137 207.609891891479 210.700372854869 197.003086407979 168.123106161753 114.703764518102 60.8388334512711
187.963624795278 189.572294553121 198.101123174032 195.908824602763 197.652558485667 199.964344501495 198.735058307648 192.661205927531 182.001074155172 179.5814037323 183.001836140951 178.702791531881 177.834133307139 180.978953838348 182.351509730021 178.346852461497 180.120905240377 181.478440761566 183.015088240306 176.347037156423 169.936875502268 168.970545132955 165.877898534139 166.16290807724 168.743073940277 172.438422838847 166.579484939575 170.787552992503 176.035046577454 177.967051664988 176.34912331899 174.316227436066 184.662024180094 200.537701447805 199.157357215881 177.829802036285 173.738837242126 185.581306616465 194.863498210907 197.204490502675 190.589010715485 189.930816491445 182.643274466197 157.368371884028 112.281133731206 57.1244160334269
185.807585716248 190.057277679443 193.500240643819 194.943130016327 195.602873961131 198.30596446991 198.654115200043 193.845152854919 188.924491405487 182.723522186279 184.681971867879 180.360317230225 176.873167355855 174.640933672587 175.240059693654 174.209415912628 170.85325717926 177.331348260244 178.453087806702 176.724910736084 171.584228674571 171.157956123352 169.606407483419 169.127523899078 165.778348843257 176.644106705983 179.40499385198 178.021748860677 177.362322807312 175.732314586639 170.38349310557 168.166697025299 173.978666464488 177.066167195638 172.979334990184 171.846747398376 180.072526137034 192.890465259552 199.939290682475 191.745440165202 190.357565879822 181.228816509247 170.303861300151 156.326790650686 124.294469753901 80.4738998413086
191.374520460765 196.262876192729 192.785938580831 196.684698263804 195.452531178792 194.43945089976 196.210900942485 193.641146024068 194.660822550456 189.828038215637 187.322914600372 186.55252456665 180.403530597687 176.37699842453 174.263517061869 177.028715610504 170.94608147939 173.340499401093 180.131375789642 177.734851837158 174.180746078491 174.943586190542 172.884106636047 173.05580774943 173.403561115265 174.727380275726 181.498726209005 179.562449455261 177.106241385142 177.030384540558 171.755135059357 168.610274791718 170.987606048584 167.865832646688 157.974938551585 157.968699932098 166.643679141998 186.40665213267 189.178347587585 175.252795219421 179.469068845113 166.519622008006 163.686772187551 165.529698133469 152.05650528272 113.735467195511
190.655529499054 192.761679490407 194.839735825857 197.435478369395 196.368952592214 196.012735366821 198.036034901937 198.751171429952 195.267717043559 193.494498729706 190.691610177358 189.957519372304 184.895694255829 180.446902910868 180.022656917572 182.722210884094 180.217146873474 173.100630442301 179.204662640889 179.33714389801 175.700624783834 175.904293855031 175.852795441945 171.48212591807 179.210126399994 172.404646873474 175.36073923111 177.366455396016 176.901479562124 177.616556485494 175.196846326192 172.427137692769 170.030613740285 167.237043380737 159.627546866735 158.305704593658 165.474414825439 176.343222459157 177.721321582794 175.106088320414 175.973852475484 167.485137780507 170.590420564016 177.989900112152 173.969248930613 142.186244328817
184.587736924489 187.16949224472 192.148685455322 194.687406222026 197.437902291616 198.703567186991 196.615318457286 195.72659333547 195.752342542013 195.955713589986 192.801038424174 187.878827253977 186.628599961599 185.08525689443 182.595610618591 180.702944596608 180.300911267598 170.74046532313 175.699651241302 177.148620287577 174.859484036764 174.579401810964 176.406641801198 169.875005880992 173.324286937714 173.056880633036 167.775412400564 171.716590722402 176.035463809967 176.373143990835 176.653524239858 175.178905328115 169.420599937439 171.964883804321 179.273307323456 174.802184104919 175.522089004517 172.801673412323 176.681955655416 188.024381796519 177.948037783305 169.238944848379 176.399568716685 181.279381116231 171.660701433818 152.588069438934
176.755328973134 180.141647656759 185.299833615621 189.742962519328 196.400125821431 199.132641156514 196.41633828481 194.536487261454 196.492314338684 198.473254839579 195.587833722432 191.563944021861 188.149491945902 189.207196235657 185.034175713857 178.988476594289 178.936998049418 171.014189720154 174.653689066569 180.738687515259 179.108679294586 177.628576755524 178.617914517721 175.687928994497 172.930220762889 176.495949427287 172.219256560008 175.488352775574 183.243234952291 184.579531351725 190.541505813599 191.531976064046 180.619676907857 184.865812460581 189.476350943247 190.638105074565 190.241813659668 182.82296260198 180.662214756012 186.5460673968 170.953551928202 166.111340125402 161.21032834053 160.292436679204 158.412535985311 157.494386037191
175.446649392446 172.881583372752 178.217927614848 185.987969239553 192.034999529521 194.908082485199 198.084195454915 200.297395388285 199.481586615245 196.191807587941 197.202225526174 197.164158026377 191.859006881714 189.525067806244 186.460812886556 182.803193728129 179.826617240906 174.430270989736 177.217324574788 184.302687644958 185.234546661377 183.979054292043 180.069903532664 181.813736756643 177.048901716868 181.037286917369 181.534647941589 183.570444583893 190.059840679169 197.483619054159 205.009917418162 207.829515139262 198.491593201955 195.606013139089 191.742320855459 193.665822347005 195.193866888682 193.506002426147 185.749411582947 169.149021307627 160.571316878001 165.645569562912 160.948018232981 155.655175447464 152.092903852463 156.561156113942
177.717884381612 179.013152917226 181.792298952738 187.873204549154 189.624826113383 190.99901119868 197.941740353902 202.91801293691 201.523800690969 200.777729352315 199.050744374593 199.384113152822 194.210390249888 190.107067426046 188.801308472951 190.944731235504 183.752000331879 179.891467094421 180.598656336466 186.700085798899 189.379672209422 186.324199040731 182.423452536265 180.943866570791 175.869901974996 182.285368442535 185.904423395793 188.967188199361 193.939824899038 199.841936429342 210.603336493174 212.811927000682 207.860926787059 195.784052213033 184.4642162323 183.758656183879 190.846105416616 198.043008645376 183.065931002299 162.86368171374 157.691985368729 168.017069498698 167.854527632395 162.769049406052 157.498697439829 154.22660112381
176.350712776184 187.128027280172 188.173711299896 191.616872946421 189.824322859446 189.050833384196 195.08554538091 201.168994108836 199.660420417786 202.681084473928 201.048254966736 199.184695879618 196.932117144267 190.424919128418 189.249972502391 195.414662361145 187.73611386617 182.294170061747 179.435352484385 183.0233335495 183.693130811056 181.724031766256 179.538369178772 175.376256306966 172.642012437185 174.496054649353 179.16347583135 180.031756560008 184.693396091461 191.794852415721 199.714382489522 211.529493331909 202.756325403849 178.22802066803 146.323253711065 138.990193605423 158.478736877441 182.954092820485 191.702465216319 189.294894536336 184.510827064514 174.388110637665 158.777683973312 155.060986677806 163.801481326421 155.146012703578
178.098241488139 175.532778104146 176.025450229645 179.257849852244 187.15492884318 190.30241171519 190.439800421397 196.066896120707 196.00518544515 198.88973236084 200.192491213481 200.78182220459 200.832625230153 194.085617860158 188.664615154266 189.65083360672 190.431118011475 179.647008577983 173.879583676656 173.367440700531 174.814105033875 175.861060619354 176.163713137309 169.95898882548 170.939405759176 165.676991144816 167.181471983592 168.175200621287 170.414010683695 170.025845368703 176.354209582011 190.350333849589 182.124892870585 156.47233525912 121.14022175471 101.425737142563 110.175440708796 139.50236638387 173.456907272339 186.956028143565 188.549677530924 173.55748017629 152.881622314453 149.886906147003 158.292005459468 144.834260145823
183.30713113149 172.94442653656 168.748994668325 174.724916617076 185.98876396815 195.002913475037 192.757964134216 195.069889227549 196.26126686732 196.301857630412 198.04322719574 201.06315612793 202.045977115631 198.501388231913 192.711651325226 189.984063307444 191.373507181803 181.14956219991 177.998185157776 179.284433523814 178.466796875 175.091644128164 173.212071259816 168.905854225159 168.052772680918 164.213289817174 163.725405931473 164.128412803014 162.771830956141 159.021327892939 151.954938968023 159.705370664597 155.982385079066 136.249254147212 120.184103647868 102.103153864543 83.2034846146901 91.0665194193522 114.821205536524 150.258322556814 172.168751557668 162.185649077098 151.989320913951 147.496362527212 139.783124128977 130.071858565013
184.664765993754 178.241312503815 174.087246259054 177.213927110036 187.91143099467 195.580581823985 199.070453643799 194.843888282776 199.341277281443 196.244696776072 200.27885834376 200.906872749329 203.192810217539 203.269640604655 195.416788260142 196.061094601949 195.829610029856 187.568207581838 182.01212088267 183.631440003713 183.703521887461 181.042631467183 178.143322467804 177.033384641012 173.098603884379 170.08372147878 167.982379595439 165.287464857101 159.200777610143 154.371003309886 144.840747117996 147.580017646154 148.161629835765 145.682553450267 145.188093185425 135.097076495488 108.90457034111 90.8098419507345 84.837019443512 100.118150313695 135.220418373744 138.908803462982 127.715607484182 113.42778801918 110.81936955452 118.409216403961
189.427097638448 187.094489733378 179.615358511607 176.243762175242 182.027061780294 195.191502571106 197.320302327474 196.138898531596 196.224689483643 200.855910778046 205.560783545176 207.090318202972 204.896728197734 204.233845074972 200.653711954753 199.031889438629 199.054698149363 193.629145622253 189.281086126963 186.586479345957 184.517840544383 182.588378588359 183.027148246765 184.314429759979 179.550627867381 177.124679088593 168.849567572276 160.453985134761 153.577089309692 148.82747332255 146.470169226329 153.01646788915 154.168824354808 163.118074337641 170.18194993337 170.945743719737 165.468752384186 147.114356358846 126.879185438156 95.434844493866 104.446033636729 123.299459616343 122.630168994268 110.831280549367 112.613628307978 130.471438169479
192.988832791646 191.922465960185 187.938014666239 181.551098823547 179.797788461049 192.448377609253 196.704685688019 197.446942329407 194.832861423492 202.436963717143 209.779302279154 209.211826324463 205.888171990712 206.745405991872 206.641932328542 199.797749519348 201.573967933655 196.520308653514 191.284656524658 189.350167910258 189.719537893931 189.01789188385 185.458620389303 183.757325013479 179.113109906514 174.63485399882 155.034403006236 132.710585991542 127.244095007579 133.377840121587 146.848857402802 149.69057838122 152.689427137375 158.250868320465 171.670794487 182.172377904256 189.325749874115 193.224350611369 185.98202864329 139.219423135122 109.857300917308 126.903305451075 143.838544686635 147.353072961171 151.149888833364 165.324578682582
193.062563737233 190.462509791056 191.366871198018 190.077900886536 183.987677097321 189.413368701935 197.652856508891 199.461579322815 196.215152740479 201.693971951803 209.422409534454 210.994064807892 205.515543619792 206.434686978658 209.647138913473 199.678182601929 200.263440608978 197.168906529744 193.786342938741 196.207582950592 196.657319863637 196.03172938029 191.007475058238 182.332416375478 181.570609410604 180.488069852193 160.676687955856 135.863383611043 133.74259074529 143.454571564992 155.230174462001 155.385831991831 163.345863421758 173.223714033763 187.867919603984 197.781145572662 179.489115873973 147.657742102941 145.270327727 140.44318596522 140.354454517365 154.583563407262 157.71695971489 141.805648803711 131.202201048533 144.823809464773
182.507336139679 189.659615357717 190.014561017354 191.39971335729 189.632952213287 186.147411664327 199.547966321309 203.52961619695 201.56325896581 202.257374922434 206.968744595846 210.237661997477 208.081523577372 203.762809435527 205.954551696777 201.535264650981 196.890433629354 198.271632194519 200.155337651571 201.568961143494 202.722012996674 198.703706264496 196.754395961761 188.380459944407 187.446554501851 189.473172028859 183.684666951497 175.735155741374 173.173646132151 174.880146980286 172.635038693746 167.355974515279 176.313181718191 187.881827354431 177.565614382426 167.303601900736 149.112512667974 93.9504504203796 75.0329742829005 108.871271212896 144.966065883636 164.869805177053 158.341517051061 144.133488337199 136.552413304647 143.764942884445
171.536882718404 186.844726403554 188.771684964498 190.10450442632 191.188871860504 187.379082043966 194.473584493001 203.751424948374 211.521128813426 208.987096945445 207.515597343445 208.582441012065 209.247052669525 207.345922787984 206.39181137085 203.501423199972 197.917660077413 199.142913023631 196.757276852926 194.397310415904 196.249028046926 195.369919141134 194.465577602386 191.315611203512 192.732850710551 198.810458183289 206.371784210205 209.104617436727 192.397097746531 189.005076885223 179.156422615051 168.751398722331 171.588222185771 162.93873389562 132.759819428126 91.8779373168945 88.2868270079295 76.9014457861582 60.5663359165192 71.4129904905955 92.0980473359426 129.653106133143 156.505167484283 177.806615829468 197.843273480733 194.970885912577
