input/barkrak2/radiation/dir22824.grid
NCOLS 85 
NROWS 70 
XLLCORNER 665100 
YLLCORNER 4664600 
CELLSIZE 20 
NODATA_value -9999 
[rows 40 to 59 of 70, columns 0 to 45 of 85]
277.833998203278 278.742750485738 278.649051984151 280.744592348735 287.776569525401 291.907429695129 295.210937658946 299.543797969818 299.221714337667 287.969708442688 274.921794732412 271.570960680644 269.68514919281 267.463942368825 265.117843945821 264.498134454091 263.047834237417 262.959738572439 257.792194684346 256.460964679718 260.052879651388 262.860655784607 264.988422393799 260.110080242157 256.536026795705 252.380073070526 260.506868362427 262.088596820831 263.509472211202 262.94598976771 261.95760567983 262.29997475942 247.801264127096 248.261392116547 274.278918902079 274.17266368866 262.876311937968 258.059124151866 260.022898515065 258.984426657359 270.541032155355 298.867662747701 291.354179382324 229.700883229574 168.208678563436 134.70321893692
284.422139326731 282.298982143402 281.943221886953 282.127102216085 279.366433620453 277.007579803467 276.226421197255 277.66211827596 281.197071075439 274.648725986481 268.134375413259 268.827637036641 272.104223569234 271.51079972585 269.420504570007 266.680936018626 261.366864045461 268.320620059967 266.872942447662 261.385917663574 262.761036554972 263.035893440247 261.143406232198 262.236654758453 262.575805187225 255.584180355072 259.695132573446 263.538300991058 263.931473096212 264.540990193685 264.996190865835 262.978235880534 251.652598381042 259.961803754171 272.487918535868 262.404163678487 245.816608270009 241.355220476786 245.382010936737 254.318734010061 279.535392920176 293.32160949707 291.189789772034 263.951102892558 209.866205851237 167.305668195089
287.413716316223 285.212894280752 287.134369214376 286.18856271108 280.522386233012 278.124113877614 276.206215222677 274.302423000336 274.749060471853 271.14725112915 269.849836826324 268.889685471853 272.650043169657 273.895641167959 273.98161093394 269.073526064555 266.856829325358 269.417285919189 272.161960601807 263.53394985199 262.387633323669 260.278900464376 254.661758740743 255.602578322093 258.98019472758 255.199869473775 249.700347582499 254.191358884176 259.109318256378 261.007269223531 261.04994614919 257.031659285227 256.509840488434 267.54629611969 269.750952720642 248.416880766551 232.337911923726 235.163788000743 246.15337451299 259.906053543091 269.774079322815 270.028591156006 260.165452957153 247.453570365906 214.957276980082 162.209689617157
274.982353051503 277.404050032298 284.486730893453 281.732936700185 283.535480499268 285.692155361176 285.603960355123 281.874656677246 273.534456888835 271.669447422028 273.770928382874 270.892262458801 269.308606783549 273.200412591298 272.869149843852 268.168250719706 269.78329817454 270.816107590993 268.715500831604 264.80491956075 257.32147693634 254.44358587265 253.081758817037 249.957025051117 249.919394652049 252.693057060242 249.093810717265 250.71648756663 254.457553227743 255.416035652161 251.335541407267 247.976183891296 254.756311575572 263.398428757985 256.565690040588 234.054764111837 228.554606437683 240.784645080566 256.599227587382 260.440289974213 257.745067278544 253.740529219309 245.1358238856 231.048921744029 204.541881879171 166.808406511943
274.04397726059 279.053846995036 280.80419699351 281.198561191559 282.759666442871 284.736255804698 284.544249375661 281.623323758443 277.602791786194 273.591895898183 275.275826454163 272.386014461517 267.215450604757 266.617973645528 264.036218325297 264.652152856191 258.756120999654 265.775044759115 264.719446500142 259.626130263011 258.658389250437 252.759257952372 251.053889592489 252.214252948761 248.970925807953 254.276315371195 256.198426087697 253.087520599365 253.843108812968 251.634697119395 245.802124341329 241.478482882182 244.613329569499 245.724161465963 239.946226278941 229.362825552622 232.592721780141 248.328785101573 261.052032311757 255.278627077738 255.248248577118 246.165494124095 235.409021377563 222.717801729838 205.22536834081 179.981688658396
279.340843359629 283.105115095774 280.154903729757 282.734334468842 281.587342421214 281.145572662354 281.778812408447 280.05580107371 281.337837378184 277.966280778249 276.387095451355 273.575683434804 269.969999790192 263.673663139343 263.256708780924 263.924539089203 258.872290452321 256.825705369314 260.945757230123 260.504206021627 255.285223325094 254.122873147329 253.850360711416 253.551006317139 253.396173318227 252.421100934347 257.933715979258 255.851229031881 253.104408582052 250.756939252218 246.496597925822 241.902311642965 242.224971453349 236.314157644908 225.807865460714 218.122919400533 226.089119911194 244.372546672821 249.822696050008 239.412903785706 245.014150937398 235.708276430766 226.879159609477 227.624873320262 225.557744503021 200.522363185883
279.128193855286 280.501325925191 281.960229078929 282.79721736908 281.863848368327 281.01114432017 282.599826653798 284.124851226807 281.6508213679 277.600328127543 276.778340339661 276.284178098043 269.236127535502 266.937990983327 263.284822305044 267.016033331553 261.063694953918 254.529356956482 259.735802809397 259.983777999878 256.596922874451 256.438136100769 254.328370094299 252.027988433838 255.965928236643 252.283036708832 252.821703751882 253.97249062856 252.855638662974 251.087824503581 247.654537359873 245.018442471822 240.951518217723 234.515011310577 226.716935634613 219.521800676982 225.94807545344 237.982233365377 237.961630026499 237.595498561859 242.003738880157 231.586098670959 231.320977210999 239.696939786275 241.827766100566 218.792776266734
273.448526859283 274.717549482981 278.583367665609 279.125054677327 281.941930452983 283.25084845225 280.824561913808 279.80238199234 277.793566385905 280.753930409749 277.156194051107 271.636644999186 270.631154378255 267.526686191559 263.516426086426 263.539532820384 261.294146378835 252.634882926941 256.775319576263 259.729047616323 255.915304025014 255.317250887553 256.405472755432 250.576019287109 251.089453697205 250.791827837626 245.909512042999 248.775521914164 252.076307932536 249.920626481374 248.728374640147 246.696531772614 238.989114761353 239.132563273112 240.77167113622 234.344085057577 233.731289704641 235.418419043223 238.570253054301 247.383336226145 241.733193397522 233.446041742961 238.027652104696 242.322067419688 238.60772450765 222.169538338979
265.531003475189 267.309784889221 272.334635257721 275.507807731628 279.733598232269 281.630098819733 276.063541571299 275.807440280914 278.675675392151 277.59595712026 275.017857551575 271.817247072856 268.653929233551 269.47949330012 265.641331672668 260.336319605509 260.290702184041 252.935588359833 257.815659046173 259.281774361928 259.506046772003 257.822076479594 258.232295513153 253.344416618347 250.75509150823 253.768881162008 249.744415283203 254.040598869324 258.172889550527 259.416321913401 261.542777220408 259.789665540059 250.316381454468 251.169403394063 251.0151664416 243.748386700948 242.984195550283 242.385943730672 243.491311868032 246.39501174291 236.128926277161 230.440338452657 227.486491203308 224.582294623057 222.706874211629 221.996049086253
263.46484820048 261.370797952016 265.721877415975 270.683507124583 273.065507411957 276.193201541901 277.389109134674 279.223124186198 278.384725252787 275.814731915792 276.298105716705 276.271760463715 271.66207631429 268.023371696472 266.912817955017 262.146671613057 259.157697359721 255.731741587321 255.568325519562 262.109518051147 262.506147225698 260.939459005992 259.406129519145 258.391420046488 254.298011461894 257.54714012146 257.541636625926 260.92133919398 265.569647153219 268.517176310221 274.609446525574 272.562086582184 262.701570987701 261.105199654897 254.697759946187 247.643927733103 245.358188947042 248.167157173157 246.612946192423 234.837849934896 224.214553833008 226.915617783864 225.589315096537 219.842493534088 217.699408531189 220.831175645192
264.194925626119 265.330374240875 264.964024225871 269.695242245992 271.166443824768 270.942012468974 277.425984541575 281.310399373372 279.958466688792 279.407461484273 277.742763360341 276.44290526708 273.596664269765 268.580853939056 267.051418622335 270.213603973389 262.388507525126 257.888654867808 258.017500241597 265.514651934306 265.768349170685 262.881179650625 259.11291440328 257.194598515828 255.123813947042 260.218958059947 262.785315513611 263.014256954193 266.57380660375 274.440129597982 277.248601118724 276.699662208557 269.136945406596 260.892113049825 248.843232790629 242.043574651082 243.610958258311 249.633630116781 243.330657482147 225.371340910594 219.755510489146 230.324268341064 231.86461130778 224.365830421448 221.166829268138 216.049313545227
260.78196366628 268.056273460388 270.050485928853 271.640678246816 271.322151025136 269.376436869303 273.795068264008 278.609156608582 278.538266817729 280.552705128988 277.754048506419 277.543286482493 274.142106374105 268.421292304993 267.091373602549 271.861930688222 267.258683840434 259.604016939799 256.841063499451 260.289907455444 260.775605837504 260.875463485718 258.508145809174 254.599531491598 251.899242401123 255.435089270274 259.067932764689 259.441574414571 260.973195234935 263.812998930613 271.039207776388 274.259189764659 263.908902804057 247.888684272766 215.232729911804 205.707093079885 222.453852494558 238.633592923482 242.209394772848 241.228779157003 242.886662483215 239.087621370951 222.688972949982 216.140945752462 224.65701897939 209.203640619914
261.917690436045 259.527881940206 260.129928588867 262.695988019307 267.855048179626 269.967198371887 269.987165927887 275.727013746897 274.18194214503 275.9889960289 277.102510134379 277.170379956563 277.226249376933 271.395961443583 268.082141876221 267.313579718272 269.470592339834 259.44991906484 254.332880179087 254.094441731771 253.434697786967 255.949139595032 255.75719277064 250.076353549957 250.447412331899 247.501452763875 250.813821951548 251.356879870097 250.974138577779 252.313097318014 254.773318767548 258.652031421661 242.363174756368 216.553370157878 184.509734312693 168.62948735555 181.236763795217 210.158109664917 236.223161220551 241.583148638407 243.290781974792 231.932580471039 213.41210603714 212.697863578796 215.915282567342 197.486360867818
266.593714555105 256.585717201233 252.53039598465 256.080190340678 266.702751318614 272.501905759176 271.800637245178 272.240956624349 274.33979511261 272.640029589335 275.390028953552 276.119291782379 278.191785017649 274.938464164734 269.961992899577 267.573614915212 268.264412879944 261.022806167603 256.349881490072 257.476687431335 256.40602906545 253.018359343211 253.319561481476 249.19992685318 247.982462247213 246.247033278147 245.48210700353 245.502988497416 246.276418368022 240.237971146901 233.043869336446 232.283174991608 216.863393783569 190.083920955658 180.349985758464 167.868971824646 154.20538187027 164.055109024048 185.335040092468 213.411072889964 227.943539619446 218.017001946767 210.642635822296 209.863026936849 199.206670125326 184.404075145721
266.515413920085 259.722352027893 255.752603212992 257.556637128194 266.659677028656 272.717535495758 275.613248348236 272.040804227193 275.570710500081 272.627929846446 275.848031044006 275.904397169749 276.116887728373 277.366479237874 270.283540089925 270.922919114431 270.434180895487 262.642423311869 259.55863793691 260.887821515401 260.792970657349 258.701145648956 253.681818644206 254.28036848704 250.423630078634 249.400774637858 247.243920962016 244.601507981618 240.65774679184 237.383822600047 221.727172533671 219.968636830648 209.203680356344 200.447638829549 202.127039432526 198.410212993622 180.144766966502 166.506240765254 158.087998628616 170.438230037689 191.478709379832 192.604978879293 183.917164802551 172.725319862366 170.059680938721 173.799673716227
269.536375999451 266.106724739075 260.243058204651 254.975895086924 261.285126209259 270.899653434753 274.294972419739 271.981616814931 273.058573404948 274.84397093455 279.70294157664 279.332359631856 277.362604935964 278.129418690999 273.034453392029 273.188471794128 272.966424624125 269.735435644786 261.662463347117 261.774261792501 259.95675722758 257.806877295176 259.710987408956 257.791380087535 253.444274266561 251.10250711441 245.76465288798 238.212486108144 229.525367418925 226.084649562836 222.708443800608 223.554174105326 215.662995974223 217.565178871155 223.715205987295 228.418330351512 229.726811250051 217.897236347198 199.65136051178 166.119923194249 170.485854148865 179.599722226461 179.911275704702 172.215421994527 175.937374432882 188.985963662465
271.527091662089 269.182483355204 266.280293464661 258.244653542836 257.293105125427 266.898949940999 272.76478211085 271.990338961283 270.57413260142 274.093826611837 279.492060343424 281.016310056051 278.772095839183 278.827250003815 276.231388250987 270.39623260498 273.52120478948 268.507480621338 263.6798620224 262.104670206706 262.664337952932 261.136730511983 257.370630900065 255.653162797292 253.342052300771 249.471207459768 232.322831948598 211.272795995077 205.033600330353 211.515049139659 220.2334801356 220.386763413747 215.338667233785 214.9791320165 226.64068142573 240.925908088684 254.11997238795 257.831871509552 249.875843524933 205.85024356842 175.982813040415 186.95604801178 200.041214625041 207.655509312948 214.437007904053 223.841845989227
270.916144053141 267.221033573151 267.932931582133 264.013051986694 259.132782618205 262.765030066172 272.382477919261 272.595345973969 268.353581428528 271.264672279358 277.734637260437 278.735597928365 275.75163046519 275.266706943512 277.554929256439 269.378344217936 271.195610364278 267.863055070241 264.237026373545 264.416337013245 266.366024812063 262.779037157695 260.660330454508 254.795094331106 253.941158453623 253.31179300944 235.275705655416 213.689684867859 211.859424908956 218.244989713033 227.915247281392 225.507239500682 225.286920865377 229.150633017222 238.527059555054 245.189507802327 249.889453252157 224.089423815409 198.853532473246 197.371502717336 202.904184659322 216.075420379639 209.846456845601 202.649394671122 197.384476661682 210.775971412659
261.900663375854 265.722473462423 265.564580758413 264.04736439387 261.462251345317 258.567333221436 269.803325335185 274.740755558014 269.799709320068 269.450763861338 274.557709693909 279.148101806641 276.747067769368 271.923283735911 273.934940497081 269.985318183899 265.353480974833 265.102247397105 266.108115514119 266.819794972738 267.159740130107 263.521035512288 261.660933494568 258.256018161774 257.23522901535 259.297509988149 251.697560151418 245.134751001994 242.473860581716 242.576201756795 240.716775258382 232.653021812439 237.435142199198 239.427447319031 237.267772356669 226.098239421844 202.715297540029 159.216821193695 138.044695059458 174.38006401062 214.207947254181 225.764870643616 207.392573356628 199.953039487203 201.921582221985 212.94492483139
251.04558467865 261.776308218638 263.402998447418 261.589527130127 262.946506341298 258.090476195018 263.629635175069 273.715058962504 277.71536509196 272.887825965881 273.906588554382 275.316516558329 276.838779449463 272.812843322754 271.303613980611 270.668884118398 264.903823534648 264.644940694173 261.711974938711 257.49142964681 258.949240048726 259.969850381215 256.606757640839 252.204239368439 252.780874570211 259.481549263 265.720546245575 265.952626864115 251.079261302948 248.563170433044 240.343590577443 231.171210606893 230.288545290629 213.26603492101 188.458720842997 162.684390942256 150.837262471517 137.359092632929 124.473363161087 140.601267417272 167.162259419759 196.361561616262 210.334718227386 227.513094743093 254.490454991659 258.559842904409
