input/barkrak2/radiation/dir24424.grid
NCOLS 85 
NROWS 70 
XLLCORNER 665100 
YLLCORNER 4664600 
CELLSIZE 20 
NODATA_value -9999 
[rows 40 to 59 of 70, columns 0 to 45 of 85]
238.514165083567 241.201301415761 240.391254425049 242.572983105977 250.95401207606 254.969080289205 260.51664352417 263.807574907939 262.712935606639 248.928149541219 234.002113342285 229.131738344828 228.174964586894 222.792724768321 222.89119164149 218.638360500336 220.637043317159 216.483732064565 213.292102018992 207.569320996602 213.436345259349 220.423837502797 219.567080338796 214.66330687205 210.345486799876 209.855715433757 219.199538230896 221.841474374135 225.969513257345 225.709001223246 224.999845027924 228.420535723368 222.705105940501 226.244310537974 254.734019438426 253.800590833028 241.598347822825 234.343647956848 237.012386322021 241.579373677572 254.89072004954 277.053952217102 253.644903500875 178.634723027547 116.50342742602 85.4821701844533
246.120989322662 243.938287099202 244.179089864095 243.122339248657 239.083806673686 237.419207890828 236.220240592957 235.464612642924 238.816062609355 232.593993345896 221.570332845052 224.643389383952 225.378553072611 224.229057629903 222.807963689168 219.24082438151 213.793873786926 220.471640427907 221.186796824137 214.44034576416 215.909918149312 218.62930059433 217.07946062088 218.500375747681 218.733708063761 215.005477269491 219.899296760559 223.199009895325 224.534114201864 227.203110853831 228.026767571767 228.548626104991 224.464158217112 236.957808335622 250.740607579549 240.697860717773 223.152836163839 216.163953145345 218.426326910655 229.353249073029 259.932577610016 274.097641309102 264.264305432638 222.409149010976 156.137416760127 114.852170149485
248.418947060903 246.810376644135 247.65415986379 245.468556880951 238.497376441956 237.481315930684 233.116507530212 228.692968686422 227.439045906067 225.190361340841 223.554233709971 221.292833487193 223.875721295675 228.054225444794 226.249734560649 223.851879437764 219.621499379476 223.906556765238 226.9460161527 218.791663646698 215.51916996638 215.796907742818 211.83971563975 212.851405143738 216.716249783834 212.649643421173 208.988110224406 216.443578402201 220.726231733958 223.064541816711 223.554809888204 222.893516222636 226.233541965485 242.523948351542 247.645894686381 225.529253482819 208.76532793045 209.91192261378 218.659440676371 232.302268346151 242.960194746653 243.658741315206 231.525619824727 211.150447527568 166.108111540476 109.063784281413
232.244412104289 234.742681185404 242.640852928162 239.458998044332 241.976698239644 243.037462234497 242.046058177948 237.843592961629 226.655940214793 225.690325101217 227.453629175822 223.447918891907 222.448269526164 226.994355519613 226.532737414042 224.425117174784 224.259277184804 227.270781993866 224.904656410217 220.392008622487 214.200556278229 211.496869723002 210.195660591125 208.586355050405 210.8433842659 214.166621367137 208.408157030741 210.541645685832 217.025518417358 218.525886535645 216.531693935394 212.52445379893 222.116013367971 234.117368857066 232.459843158722 210.991084575653 205.176611741384 216.254512468974 229.75359360377 233.10649394989 229.192912578583 225.721498330434 216.388463973999 195.90969880422 160.954217116038 112.927397092183
230.406363805135 235.497196515401 237.4134461085 238.621830940247 240.321040153503 241.586665312449 241.931776205699 238.671859105428 233.003954092662 227.20076640447 229.01976108551 224.845429261525 219.74237759908 219.311237335205 218.165894349416 218.765616416931 213.662286599477 221.485495567322 222.423493862152 218.830068906148 215.800265471141 213.592946529388 213.760654131571 211.09946568807 209.778030713399 218.088229497274 220.476766427358 219.202955563863 218.278785546621 216.350237528483 210.696260134379 206.790248552958 211.427807807922 214.211901028951 212.483088175456 205.203076203664 209.246357282003 224.040826161702 233.590126037598 227.134764194489 227.076311906179 218.565106391907 208.488345146179 192.089875539144 166.352172692617 130.338778098424
235.635320345561 238.857130209605 236.754238605499 240.237832069397 237.933973471324 238.084236780802 238.45378557841 237.266659736633 236.86957359314 232.433517773946 231.466352939606 229.11278406779 223.146041234334 219.455977280935 217.244684696198 221.421221892039 213.655193646749 215.577940146128 222.263991832733 219.817598660787 216.33634964625 217.155953248342 214.941461881002 214.803576469421 214.843471844991 216.152628262838 222.423017024994 220.403790473938 219.52885389328 217.406551043193 211.765627066294 207.225620746613 209.854006767273 204.775393009186 197.004973888397 191.770593325297 200.509051481883 218.478401501973 222.435673077901 209.347724914551 213.861425717672 206.796228885651 199.884215990702 199.344575405121 191.281716028849 157.889346281687
233.739177385966 235.678692658742 237.395445505778 239.745914936066 239.828904469808 238.281925519307 240.118344624837 241.930305957794 237.429479757945 235.793073972066 232.968052228292 232.265929381053 227.371712525686 224.787871042887 222.515642642975 226.709564526876 222.314874331156 215.317130088806 221.117158730825 221.360882123311 217.782417933146 219.72926457723 217.705527941386 213.164607683818 220.227440198263 215.918342272441 216.700871785482 218.33610534668 219.265798727671 217.855453491211 214.822332064311 210.751334826152 208.693981170654 203.563868999481 198.330163955688 192.783772945404 198.489407698313 210.239152113597 210.916260878245 208.761831124624 211.350997289022 202.119787534078 204.148431619008 212.839881579081 211.557507514954 181.514382362366
228.18785905838 230.561256408691 234.940568606059 237.260977427165 240.807930628459 240.725715955098 238.840281963348 237.841685612996 237.873176733653 239.376902580261 234.904726346334 231.845180193583 229.016304016113 229.101260503133 224.830746650696 222.901940345764 222.508172194163 213.171740372976 217.825452486674 221.068898836772 217.0237104098 218.489209810893 220.034499963125 211.5891178449 214.755316575368 214.485009511312 211.282710234324 214.661320050557 218.402485052745 216.611166795095 216.10426902771 215.591271718343 207.930286725362 208.298166592916 213.786005973816 209.818542003632 207.367142041524 206.671595573425 210.231105486552 220.705211162567 213.184217611949 203.306158383687 209.514101346334 214.238981405894 210.674007733663 192.100644111633
220.912873744965 224.046846230825 228.652616341909 232.762734095256 237.511992454529 241.114954153697 238.649209340413 235.634525616964 238.537768522898 240.304589271545 237.505634625753 233.812590440114 230.372905731201 229.495286941528 227.176189422607 221.392194430033 221.340835094452 213.473776976267 218.80837281545 222.715576489766 221.005380153656 221.35587533315 222.106158733368 217.100421587626 214.384198188782 217.755595842997 215.497374534607 218.341668446859 223.487019538879 227.311511834462 230.551461378733 229.367057482402 219.456712404887 220.934867858887 224.569082260132 220.846811930339 219.985981782277 215.538064638774 214.594960212708 218.618869781494 208.216468493144 201.343178749084 199.184934298197 195.208847522736 193.10208161672 190.858165423075
219.685316085815 217.273434003194 220.902621746063 229.301909605662 233.485400676727 237.295130888621 240.165531635284 240.804394086202 241.23344818751 238.246619701385 238.974968592326 238.920529683431 233.787874380747 231.636802355448 228.577474753062 223.39395682017 222.191274166107 216.604590415955 219.013452529907 225.956916809082 226.631005605062 225.189030170441 221.305131912231 220.468600591024 218.28285853068 221.985677878062 224.327921867371 223.913252353668 231.724898020426 238.02908261617 244.012475013733 245.071947574615 234.391729036967 230.725387732188 225.710014502207 224.152247111003 224.172353744507 224.919815858205 219.592293103536 206.958035628001 196.487824122111 198.968350887299 197.210729122162 190.426667531331 187.467575073242 190.550227959951
220.831294854482 222.986777623494 223.953366279602 230.932931105296 232.634723186493 232.600331306458 240.05522330602 243.106802304586 243.094523747762 242.399136225382 240.612943967183 240.935683250427 235.994855562846 232.219258944194 230.769077936808 234.369079271952 225.824415683746 221.548438072205 221.969683965047 227.806508541107 230.391502380371 227.369387944539 223.463197549184 221.726934115092 219.177405039469 225.051979223887 228.244562943776 228.805462519328 233.173410097758 242.527763048808 249.328672885895 250.927408536275 243.219574292501 232.863048712413 220.149874687195 216.208736101786 220.093707243601 226.743499437968 218.625585238139 198.249359925588 191.461284955343 201.156139373779 202.792306741079 196.658432483673 190.887113412221 184.031744798025
219.200968742371 228.980620702108 229.658047358195 233.137985070546 231.475790341695 230.756362279256 237.424810727437 241.4923508962 241.402665774027 243.880709012349 242.447833220164 240.568975607554 238.516608874003 232.2918176651 231.004516283671 236.56290769577 229.326983292898 223.635454972585 220.776379108429 224.365770816803 224.962810675303 225.030601024628 222.769379615784 218.678673108419 215.926607449849 217.505931854248 221.760392189026 222.40670522054 224.381963411967 230.686783790588 239.689230918884 248.128275076548 237.545549869537 215.054631233215 177.001953125 174.807369709015 194.012562433879 212.841192881266 219.393789768219 218.648811181386 217.501262823741 210.225145022074 193.738540013631 188.70755036672 196.507732073466 184.373795986176
220.429499944051 219.456791877747 218.51909160614 223.032375176748 230.406165122986 233.053723971049 233.126680056254 238.133370876312 238.080700238546 240.448415279388 241.68320496877 242.011189460754 242.066323757172 235.663533210754 232.174237569173 231.326460838318 231.828848520915 223.286668459574 217.750668525696 219.345092773438 216.719587643941 217.430492242177 219.627261161804 213.583827018738 214.315295219421 211.266875267029 212.565938631694 213.37612469991 213.171780109406 214.881579081217 218.216776847839 229.367295900981 214.550336201986 185.336629549662 153.12581260999 135.356366634369 148.029486338298 177.773276964823 208.284040292104 218.055446942647 219.462196032206 206.132332483927 186.100006103516 183.406074841817 187.703688939412 174.237767855326
225.711782773336 216.079354286194 211.77065372467 217.406610647837 229.209462801615 235.992749532064 235.219597816467 235.879937807719 238.285481929779 236.629605293274 239.718397458394 240.808188915253 243.175764878591 239.708542823792 234.222372372945 231.626808643341 232.678771018982 224.820931752523 219.808061917623 221.043785413106 220.081488291423 216.635425885518 216.862360636393 212.593297163645 211.578090985616 209.852794806163 209.243853886922 209.478179613749 208.006660143534 201.880117257436 192.557513713837 196.977019309998 185.154398282369 166.168024142583 151.613533496857 135.341306527456 119.951824347178 129.825085401535 151.9988377889 183.920800685883 202.880382537842 189.870516459147 181.146899859111 180.801828702291 170.665403207143 160.070468982061
227.173209190369 221.124072869619 216.924548149109 219.32719151179 229.380567868551 236.343026161194 239.604612191518 235.656023025513 239.715814590454 236.599604288737 240.284442901611 240.593989690145 241.050918896993 242.513020833333 234.814922014872 235.485990842183 235.11395851771 226.842999458313 223.4748005867 224.980235099792 224.97554620107 220.47370672226 217.510938644409 218.263447284698 214.295347531637 213.356832663218 211.194852987925 208.461205164591 202.222049236298 197.13016351064 185.386697451274 186.02466583252 177.756746610006 174.165606498718 176.212588946025 169.259210427602 146.407892306646 131.032049655914 122.822344303131 133.711049954096 166.428536176682 168.783207734426 158.756673336029 145.887434482574 143.116682767868 148.458957672119
231.872538725535 228.252271811167 221.975207328796 216.702441374461 223.621805508931 234.407067298889 238.059163093567 235.580444335938 236.849029858907 239.227076371511 244.865278402964 244.624853134155 244.255661964417 243.392864863078 239.893396695455 238.12605937322 238.029321034749 234.560628732046 228.339314460754 225.926995277405 226.024866104126 221.872051556905 221.839944521586 222.608645757039 217.973550160726 215.555747350057 212.045570214589 199.514389038086 192.783971627553 189.623216787974 188.471754391988 191.307206948598 187.834978103638 193.413058916728 200.457235177358 203.995088736216 200.555046399434 185.73131163915 166.702151298523 132.206986347834 137.766122817993 154.258489608765 153.168708086014 143.267502387365 146.032998959223 161.220451196035
234.135667483012 231.708904107412 228.618979454041 220.293164253235 219.569563865662 230.140030384064 236.27245426178 237.125019232432 234.093507130941 238.661805788676 246.943116188049 246.571719646454 243.856509526571 244.206229845683 243.65637699763 237.214922904968 238.674461841583 233.393311500549 230.311314264933 228.539248307546 226.891775925954 225.59799750646 219.529211521149 217.783331871033 215.377370516459 208.954056104024 191.199640432994 170.006891091665 165.667404731115 172.711551189423 182.320972283681 187.97355890274 187.116583188375 188.512047131856 200.913945833842 216.574430465698 228.931923707326 229.186038176219 223.509748776754 175.857524077098 142.940153678258 158.137241999308 173.055907090505 180.315713087718 185.35186847051 197.402596473694
233.423431714376 230.806648731232 230.52187760671 228.521108627319 221.759259700775 227.487087249756 235.826512177785 237.81822125117 233.755548795064 235.801756381989 245.028217633565 245.838085810343 240.601738293966 242.310146490733 243.141313393911 233.92387231191 233.984271685282 230.426649252574 228.812177975973 229.177971680959 229.139308134715 227.949241797129 223.129351933797 216.771185398102 216.007053852081 213.886042435964 197.821895281474 174.861927827199 170.385936896006 178.99485429128 189.9493932724 192.195018132528 195.219000180562 202.818016211192 215.533336003621 220.419267813365 218.884189923604 188.728213310242 175.196349620819 171.272893746694 173.972149689992 187.310119469961 186.132073402405 172.288060188293 163.190503915151 181.268513202667
223.239918549856 229.140162467957 227.943360805511 228.537380695343 224.300503730774 222.875376542409 234.961370627085 240.327020486196 235.645810763041 234.113832314809 239.441176255544 244.280556837718 241.747577985128 236.599385738373 238.842070102692 234.533766905467 229.585607846578 231.870134671529 231.026927630107 232.031484444936 232.669214407603 228.744685649872 226.820250352224 220.609664916992 219.669063886007 222.878019014994 217.938224474589 209.81107155482 206.923405329386 207.629422346751 206.151167551676 201.239128907522 206.809818744659 212.74729569753 212.225457032522 200.931628545125 180.856128533681 131.8479180336 109.169314304988 143.27664176623 182.454625765483 193.170269330343 185.304621855418 174.471656481425 171.451250712077 180.706878503164
212.627430756887 225.012520949046 227.152049541473 225.924829641978 225.898464520772 222.553193569183 228.451669216156 237.613876660665 242.804725964864 238.273203372955 240.587691466014 241.764028867086 241.836369037628 239.419281482697 238.011380036672 235.271255175273 231.064081192017 229.093730449677 226.134300231934 224.047263463338 225.766241550446 224.661866823832 223.595996697744 221.759557723999 222.711523373922 229.766229788462 237.738192081451 240.898013114929 223.410844802856 223.129371802012 210.811277230581 201.389273007711 206.052680810293 191.430528958639 163.626213868459 135.956813891729 125.155458847682 110.820889472961 95.1996445655823 106.521109739939 129.908392826716 162.258485953013 184.10329023997 205.504775047302 229.636311531067 230.772495269775
