input/barkrak2/radiation/dir22224.grid
NCOLS 85 
NROWS 70 
XLLCORNER 665100 
YLLCORNER 4664600 
CELLSIZE 20 
NODATA_value -9999 
[rows 0 to 19 of 70, columns 0 to 45 of 85]
310.975670814513990 318.338453769684 323.628683884939 325.501561164856 323.888083299001 322.173953056335 315.60230255127 309.624950091044 313.25763463974 313.287476698558 310.869057973226 315.937201182048 319.113314151764 319.249153137207 320.551335811615 320.168852806091 316.281318664551 308.516244093577 307.825783888499 294.281681378682 277.566075325012 279.704451560974 300.164004166921 307.264586289724 305.993517239888 307.622969150543 305.989106496175 296.141525109609 276.493271191915 272.200961907705 269.185165564219 280.183732509613 301.022529602051 300.967792669932 307.550211747487 297.952612241109 298.287967840831 307.471394538879 298.075000445048 305.652737617493 295.342326164246 283.899048964183 293.709059556325 309.088230133057 312.087337176005 306.711892286936
291.245182355245 300.864001115163 308.629353841146 318.172256151835 323.241174221039 322.441538174947 315.07670879364 308.237771193186 313.118080298106 314.296285311381 309.350272019704 313.209533691406 318.807701269786 320.027192433675 319.289525349935 320.357839266459 318.410277366638 313.674887021383 310.637414455414 300.566414992015 291.614274183909 292.789896329244 303.089996178945 308.29377969106 308.238863945007 307.760914166768 305.473486582438 297.557572523753 280.925869941711 272.46367931366 273.670077323914 289.80274995168 297.921399275462 297.493577003479 307.015379269918 297.532657782237 295.731484889984 298.327028751373 295.842210451762 306.791265805562 302.855173746745 293.570001920064 298.009812831879 311.316708723704 315.200209617615 310.793876647949
261.350274085999 272.196094195048 280.659159024556 288.702527681987 299.404263496399 306.317269802094 310.211559136709 312.689463297526 314.408262570699 312.023003896077 306.033392747243 307.907144228617 316.847741603851 320.098459720612 316.794176896413 320.789813995361 324.322124322255 323.823074499766 318.893154462179 312.076310316722 311.900873978933 309.225757916768 306.383927663167 306.698163350423 309.646824995677 310.231427351634 303.390622138977 295.637091000875 283.350686232249 273.988048235575 275.933543841044 294.062574704488 289.809505144755 294.622461001078 304.866254329681 299.001892407735 289.270838101705 285.187204678853 295.030971368154 305.988033612569 304.33851480484 301.81630452474 299.715459346771 309.679249922435 320.747335751851 315.703352292379
245.391885439555 247.111638387044 254.327654838562 260.706802209218 266.522606213888 271.312614281972 276.696403821309 287.011782328288 300.115684668223 308.749159177144 310.944616794586 314.767082532247 319.627821445465 321.143368879954 319.265961647034 317.478497823079 318.491895993551 318.606475989024 317.679782708486 316.552579402924 314.320047696431 311.845262845357 314.480503400167 312.45082616806 310.897727807363 312.662124633789 307.381153106689 299.484213193258 292.840898036957 286.146601041158 279.905696709951 295.231779416402 289.559801419576 294.395347436269 298.396527767181 299.314379692078 295.5561876297 293.139735857646 304.284413655599 311.092893282572 305.673797925313 297.349711259206 292.962352434794 303.397337595622 316.386858622233 316.139280796051
265.289107958476 251.774152119954 239.555855592092 232.656518618266 236.799359321594 251.238246758779 268.536885579427 276.142915089925 284.073154131571 289.47776556015 302.793463071187 314.836184183757 321.348945299784 323.183536529541 323.444743951162 322.772224744161 319.065312544505 312.560776869456 312.343080838521 315.087596575419 313.013672828674 311.791777610779 317.692538102468 315.833985805511 313.393235206604 314.277291297913 310.65571308136 303.426365057627 296.361605326335 292.004684607188 293.742716312408 302.048742771149 297.826727231344 299.9267578125 296.48345708847 299.067139625549 306.818743546804 309.869647026062 313.256899515788 314.291914304097 311.794916788737 305.345892906189 301.129301389058 301.449199517568 306.499044100444 314.362406730652
299.797018369039 279.640356699626 257.236381371816 236.918568611145 229.152222474416 238.148252169291 260.603070259094 274.397333463033 277.413407961528 277.620991071065 285.93905766805 295.271138350169 302.108029524485 306.564847628276 311.385591824849 314.552744229635 311.957458655039 307.687401771545 309.300382932027 313.611924648285 313.627461592356 316.863377888997 321.397503217061 318.999409675598 316.763599713643 317.441821098328 313.569108645121 307.055115699768 299.08678929011 294.653375943502 299.666941165924 303.322573502858 306.797703107198 310.261925061544 304.431955019633 301.639139652252 307.76051680247 311.606029669444 311.355590820312 311.36683622996 311.995943387349 308.44920873642 306.769529978434 306.81965748469 302.52746740977 297.878781954447
314.750572045644 299.400746822357 283.744653065999 266.97959502538 249.1175532341 237.76916662852 244.819204012553 268.749594688416 279.396096865336 285.795966784159 283.620794614156 279.454509417216 276.07266108195 273.149073123932 274.273236592611 286.162734031677 294.366935888926 304.457465807597 312.896927197774 317.691107590993 316.873709360758 314.93612130483 319.735745588938 320.49439350764 319.869935512543 321.462472279867 319.051484266917 314.3124183019 307.013988494873 304.080903530121 305.423041184743 309.621711572011 318.16291809082 321.236232916514 318.338453769684 311.557650566101 310.163140296936 311.112443606059 311.92801396052 314.996341864268 313.18994363149 309.525072574615 307.620525360107 304.981966813405 290.451526641846 283.76293182373
316.363056500753 312.078535556793 306.323210398356 296.284139156342 278.554002443949 253.358920415243 234.334746996562 234.986980756124 263.676186402639 284.077525138855 289.73913192749 286.478002866109 279.657522837321 272.225419680278 262.092610200246 264.14163907369 274.399161338806 286.92360719045 303.098261356354 314.296126365662 317.825118700663 316.307107607524 318.892578283946 320.199529329936 319.697797298431 320.872247219086 320.64167658488 317.926685015361 313.529292742411 313.854058583577 315.927227338155 318.277736504873 323.879400889079 324.098368485769 321.030735969543 317.127923170726 314.16388352712 309.726675351461 303.694347540538 303.380648295085 308.689693609873 314.203679561615 318.490028381348 314.646184444427 301.394720872243 290.897111097972
311.53017282486 312.159419059753 310.609976450602 306.271811326345 297.283053398132 281.713863213857 257.274230321248 231.907745202382 243.558049201965 263.014038403829 279.519657293956 286.06903553009 286.9526942571 285.076399644216 276.964088280996 271.443903446198 269.26193634669 272.077620029449 283.649981021881 296.742796897888 307.184974352519 313.409010569255 315.582752227783 312.861184279124 313.906927903493 315.946996212006 316.954731941223 316.035548845927 314.991374810537 319.010376930237 321.672817071279 321.026682853699 322.000702222188 322.298109531403 319.956143697103 318.637470404307 315.838495890299 309.26771958669 297.833820184072 298.734148343404 313.673933347066 321.570932865143 322.139382362366 317.769269148509 308.639407157898 300.783356030782
293.2009100914 299.93083079656 303.269982337952 303.3553759257 301.466564337413 299.466570218404 288.669943809509 274.266084035238 247.674286365509 239.682634671529 252.049108346303 272.263248761495 288.612266381582 295.646985371908 297.272046407064 291.75325234731 280.283351739248 276.354988416036 274.841566880544 277.607063452403 284.564018249512 290.005624294281 295.598089694977 299.605111281077 304.533223311106 307.141900062561 308.368623256683 307.985583941142 308.447559674581 312.758406003316 313.880165417989 314.214924971263 318.411608537038 321.362535158793 320.637921492259 317.722062269847 315.368433793386 312.689979871114 299.107809861501 300.107916196187 315.658311049143 319.673160711924 318.310042222341 314.78097041448 305.776278177897 298.185070355733
252.766291300456 264.482537905375 274.545729160309 282.496094703674 289.606769879659 295.175592104594 297.20671971639 294.257918993632 273.12974135081 251.28569205602 238.654454549154 245.852132638296 269.414166609446 288.351277510325 298.801302909851 291.859269142151 286.355872948964 281.468510627747 275.205651919047 270.843128363291 270.05390326182 270.056923230489 272.761086622874 282.827158768972 291.728695233663 297.307590643565 299.086054166158 298.481623331706 302.139321962992 305.797457695007 307.722508907318 310.303330421448 316.519538561503 319.004952907562 317.313313484192 315.481662750244 316.578269004822 318.288008371989 311.382551987966 308.261930942535 315.060675144196 318.873445192973 319.114784399668 318.038403987885 310.908416906993 305.447936058044
215.043405691783 220.017751057943 227.960646152496 239.312350749969 253.566364447276 267.746170361837 282.872398694356 287.805120150248 288.130124409993 277.589440345764 255.826552708944 237.974683443705 240.301012992859 261.064410209656 281.837900479635 283.838311831156 289.348502953847 287.317017714183 279.931426048279 271.482030550639 265.891631444295 262.568195660909 262.692590554555 270.38315931956 277.18718846639 281.384110450745 283.539831638336 286.465326944987 291.681349277496 295.245210329692 298.631727695465 303.048988183339 307.933708031972 309.08606449763 308.549125989278 308.945874373118 314.430872599284 319.708506266276 319.22455628713 317.86302725474 318.87678305308 321.460604667664 322.360992431641 320.870280265808 315.446893374125 313.411911328634
204.276581605275 200.13952255249 197.330494721731 197.330474853516 204.798877239227 220.523476600647 243.620753288269 262.744724750519 286.451458930969 289.944330851237 280.462265014648 260.919590791066 236.063043276469 233.964522679647 254.97305393219 277.287801106771 289.00412718455 290.978650252024 287.405331929525 280.513326327006 273.33790063858 272.456963857015 271.347045898438 272.115071614583 272.190888722738 271.328647931417 274.933139483134 282.139817873637 284.37880674998 285.512328147888 289.527455965678 293.993731339773 295.706152915955 297.06068833669 297.817826271057 301.462848981221 309.735258420308 316.512485345205 316.494365533193 319.423953692118 320.526858170827 320.662717024485 319.957315921783 319.258570671082 314.356962839762 312.453071276347
198.918382326762 172.326564788818 155.801932017008 150.295654932658 147.67665664355 154.000441233317 173.018455505371 206.87472820282 242.895702521006 273.349404335022 287.423511346181 287.574728329976 273.151934146881 249.82217947642 247.365454832713 269.869486490885 283.62512588501 292.706271012624 297.543267409007 294.836560885112 286.325812339783 283.636152744293 280.977785587311 280.062079429626 279.549320538839 277.559757232666 280.310690402985 287.118593851725 286.414662996928 281.508167584737 285.44686237971 289.761165777842 291.292071342468 291.625022888184 293.436527252197 298.843701680501 303.590337435404 307.303110758464 309.031546115875 309.16029214859 311.756412188212 314.797560373942 317.83390045166 318.338493506114 313.573360443115 312.489132086436
182.457943757375 144.207894802094 121.546765168508 118.300368388494 118.105580409368 123.124072949092 132.378210624059 159.688313802083 186.008950074514 232.775092124939 279.878715674082 301.345507303874 304.295122623444 290.903091430664 268.900771935781 265.086392561595 269.896606604258 281.78346157074 295.195420583089 300.822675228119 299.528241157532 294.993877410889 293.240229288737 290.704607963562 287.428756554921 285.401225090027 287.597397963206 289.326727390289 284.476558367411 281.099359194438 284.69043970108 288.609762986501 288.039306799571 288.107494513194 291.152854760488 294.252435366313 294.80763276418 294.070343176524 296.829223632812 297.052959601084 301.266411940257 305.848638216654 309.674938519796 310.832699139913 308.158139387767 308.585743109385
155.765235424042 128.467420736949 101.980487505595 98.4769264856974 113.8656437397 137.742708126704 140.319287776947 148.686508337657 170.239448547363 198.670069376628 245.451013247172 296.368400255839 312.288085619609 310.598492622375 295.968910058339 271.356741587321 261.969288190206 264.267385005951 278.89887491862 297.416627407074 304.732859134674 300.944109757741 301.857054233551 297.46808608373 292.057037353516 292.380750179291 294.979770978292 291.208465894063 285.978595415751 288.353085517883 289.750993251801 289.264261722565 287.0059410731 286.107917626699 285.879174868266 285.358905792236 283.889571825663 280.558009942373 281.846304734548 283.415575822194 287.388642628988 291.041096051534 293.290098508199 294.043024381002 299.660583337148 303.244531154633
136.41881942749 126.393536726634 102.665344874064 89.9191498756409 93.9407745997111 121.126333872477 140.531331300735 149.340788523356 165.656467278798 180.826485157013 204.509476820628 255.889594554901 297.315855820974 310.757418473562 307.571311791738 298.082629839579 288.671175638835 276.108205318451 267.710526784261 277.264436086019 295.253495375315 303.57301235199 306.112706661224 302.725255489349 297.320306301117 298.274874687195 301.781872908274 298.320194085439 295.081992944082 299.491624037425 298.71666431427 290.289620558421 285.643100738525 282.824953397115 278.994619846344 277.258773644765 273.662308851878 272.61342604955 272.219598293304 275.080303351084 277.399738629659 279.945532480876 281.383454799652 283.572296301524 295.670946439107 300.945381323497
128.910601139069 130.864679813385 121.561974287033 101.895600557327 86.9886477788289 106.247514486313 134.626338879267 156.734704971313 174.359997113546 185.450394948324 195.146501064301 218.912482261658 252.401232719421 281.719565391541 310.010969638824 312.223752339681 309.774041175842 299.518207708995 283.460299173991 269.757946332296 279.317279656728 299.438377221425 302.043656508128 301.976005236308 302.348574002584 306.348522504171 309.386610984802 307.722409566243 305.042306582133 306.615610917409 301.822781562805 293.180108070374 287.497520446777 281.986832618713 277.011036872864 274.646004041036 271.905640761058 272.091130415599 272.113263607025 273.880700270335 275.257547696431 276.759664217631 276.871740818024 280.403812726339 288.578033447266 298.148413499196
135.908842086792 145.519177118937 148.995578289032 130.914777517319 111.777633428574 124.233345190684 144.069383541743 163.794279098511 182.043631871541 204.913238684336 213.266412417094 219.837764898936 237.427850564321 250.391066074371 266.65993531545 295.85071404775 310.103297233582 308.778345584869 304.270803928375 290.426691373189 274.641712506612 285.798708597819 291.592876116435 298.525750637054 305.895229180654 311.193744341532 313.486735026042 313.098470369975 308.180689811707 306.787848472595 301.172256469727 295.340001583099 289.198776086171 283.144434293111 279.726624488831 276.017248630524 275.476773579915 273.171265920003 271.684010823568 274.458924929301 278.097987174988 278.562664985657 278.160095214844 280.830025672913 281.247397263845 292.297005653381
145.243297020594 149.682740370433 162.60814666748 167.257825533549 154.243916273117 143.84134610494 145.379890998205 157.772223154704 175.239225228628 198.038061459859 211.246848106384 211.376150449117 218.141277631124 228.030780951182 245.669325192769 265.845616658529 277.750134468079 293.756902217865 303.913275400798 302.81792084376 295.969227949778 285.156349341075 285.962641239166 293.441832065582 301.489889621735 308.400193850199 313.122491041819 312.548518180847 306.008140246073 305.107951164246 300.289352734884 293.721040089925 287.99037138621 284.592986106873 282.242774963379 278.036971886953 275.40789047877 268.577853838603 267.067591349284 273.716350396474 279.311776161194 280.931373437246 282.203773657481 281.92921479543 279.771705468496 286.836246649424
