input/barkrak2/radiation/dir21924.grid
NCOLS 85 
NROWS 70 
XLLCORNER 665100 
YLLCORNER 4664600 
CELLSIZE 20 
NODATA_value -9999 
[rows 40 to 59 of 70, columns 0 to 45 of 85]
296.843787034353 298.038224379222 297.484079996745 299.516161282857 305.171589056651 309.381584326426 311.751623948415 315.541843573252 315.273980299632 305.404702822367 292.530914147695 289.519627888997 287.641783555349 285.340944925944 283.085942268372 282.375554243724 282.414217789968 280.556937058767 275.867521762848 276.101152102153 279.231488704681 283.228973547618 283.547182877858 278.872271378835 275.562604268392 271.361768245697 278.554280598958 279.875119527181 281.813184420268 280.014256636302 278.539776802063 276.666283607483 258.539934953054 258.379260698954 283.361335595449 283.108671506246 272.434651851654 268.930335839589 270.697712898254 265.945216019948 277.134358882904 308.617015679677 308.305680751801 251.053273677826 189.421772956848 152.713278929392
302.786668141683 300.273478031158 300.470471382141 300.861557324727 297.715226809184 296.133776505788 294.849137465159 295.363903045654 299.381097157796 292.452613512675 286.512096722921 286.999185880025 290.005147457123 289.305686950684 287.169178326925 285.848200321198 280.870715777079 287.261605262756 287.240505218506 282.220264275869 283.444503943125 283.606906731923 281.511108080546 282.483061154683 281.05882803599 276.236693064372 279.706378777822 279.629488786062 279.67780828476 281.493087609609 280.363341172536 277.598659197489 264.098107814789 270.030299822489 282.167474428813 272.480964660645 256.540576616923 253.25475136439 258.231699466705 266.046543916066 288.181145985921 301.648656527201 303.73752117157 283.424476782481 232.015510400136 186.964730421702
304.814239343007 302.820007006327 305.107752482096 303.743362426758 297.990123430888 295.844753583272 294.809559981028 292.292853196462 292.680740356445 289.2959912618 288.100083669027 288.13644250234 290.460209051768 293.734172979991 292.642652988434 289.326548576355 285.949488480886 291.013518969218 292.109449704488 285.875002543132 283.122956752777 279.382010300954 275.572896003723 276.388744513194 279.462138811747 275.88681379954 272.296547889709 274.229049682617 276.905596256256 278.485238552094 278.188804785411 273.41361840566 269.808173179626 278.180499871572 279.608408610026 259.586274623871 243.293166160583 247.146268685659 259.289383888245 272.701958815257 282.440622647603 281.781991322835 273.514946301778 265.475153923035 238.053143024445 186.274488766988
293.622334798177 295.310060183207 301.722248395284 299.71452554067 300.705273946126 302.667895952861 302.644292513529 300.000349680583 291.607320308685 290.705561637878 292.581081390381 289.97802734375 289.624412854513 293.150007724762 292.812824249268 289.838751157125 289.997935295105 290.896356105804 290.428837140401 285.331050554911 278.310139973958 277.026216189067 272.464176019033 271.17782831192 272.824068864187 275.151252746582 269.923746585846 271.217306454976 272.675514221191 274.932583173116 272.075931231181 266.419013341268 270.358184973399 276.974896589915 267.006357510885 244.711736838023 239.555696646372 252.316216627757 269.329746564229 273.546099662781 271.115183830261 267.056504885356 259.165982405345 247.912188371023 226.981004079183 191.571633021037
292.896846930186 296.859482924143 299.027005831401 299.274186293284 300.695478916168 301.83865626653 302.264531453451 299.630165100098 296.815872192383 293.379088242849 294.924100240072 292.393247286479 288.99739185969 288.378139336904 287.252644697825 285.256604353587 281.37989838918 286.268711090088 286.765197912852 285.482188065847 279.50394153595 277.089377244314 275.586009025574 273.286600907644 270.155469576518 276.822626590729 280.286272366842 275.266925493876 273.748934268951 271.242996056875 263.677656650543 259.105304876963 263.448377450307 262.186229228973 253.541588783264 240.671038627625 243.548413117727 259.41010316213 272.844056288401 268.389225006104 268.362800280253 260.059972604116 248.70898326238 238.101343313853 224.994957447052 204.203645388285
297.808369000753 301.187733809153 298.43399922053 300.682226816813 299.626231193542 299.827675024668 300.408403078715 299.618204434713 300.952653090159 297.291318575541 296.900391578674 295.706311861674 291.410505771637 288.145979245504 283.969600995382 287.43976354599 279.936631520589 283.302585283915 285.075545310974 281.193832556407 281.4635237058 278.480092684428 274.778842926025 276.443441708883 276.353398958842 273.301819960276 278.14785639445 273.981034755707 271.147926648458 268.559614817301 264.12034034729 259.52140490214 259.134491284688 252.578993638357 240.166982014974 230.913619200389 238.318959871928 256.721655527751 262.966195742289 253.317435582479 258.440951506297 250.27730067571 240.164001782735 241.333842277527 242.515683174133 221.77122036616
297.656257947286 298.86664946874 300.716837247213 301.366110642751 301.081399122874 301.140189170837 301.922996838888 303.263227144877 301.165481408437 299.86180861791 297.42044210434 297.034859657288 293.399850527445 290.065169334412 288.613160451253 288.984815279643 287.14923063914 279.603004455566 284.123003482819 282.434940338135 277.421037356059 277.147610982259 277.138451735179 270.992338657379 274.393935998281 268.883645534515 269.340833028158 272.208591302236 270.875334739685 268.774449825287 264.975110689799 261.027773221334 257.740358511607 250.323335329692 240.959684054057 232.457876205444 239.281177520752 251.917322476705 251.468241214752 251.525044441223 256.392935911814 245.917002360026 244.344333807627 252.375463644663 256.327509880066 237.572173277537
293.189247449239 295.096596082052 299.251516660055 299.524247646332 301.859597365061 303.204317887624 301.282783349355 300.276001294454 299.703379472097 300.859729448954 298.922757307688 295.419255892436 293.334285418193 293.582280476888 287.557442982992 287.486453851064 283.837040265401 275.91202656428 279.617110888163 278.558413187663 272.973338762919 274.237036705017 275.111138820648 267.375191052755 269.886056582133 269.529561201731 264.821151892344 267.263531684875 268.369416395823 267.618079980214 265.901903311412 263.729135195414 255.724330743154 254.92920478185 254.424293835958 246.087292830149 246.174335479736 249.399801095327 251.901805400848 260.947346687317 256.072998046875 247.527718544006 252.053081989288 254.750490188599 252.303818861643 238.073388735453
288.48918279012 290.367285410563 294.66180006663 296.492060025533 300.35263299942 302.018841107686 299.795905749003 297.879099845886 299.985984961192 301.664193471273 298.361619313558 295.647998650869 294.604182243347 291.198253631592 289.400855700175 282.877385616302 279.275476932526 274.249871571859 274.826963742574 278.024733066559 276.307463645935 276.549716790517 276.795128981272 272.074659665426 269.576589266459 272.296210130056 268.399775028229 270.378152529399 273.995558420817 274.796227614085 277.822236220042 275.675356388092 265.133500099182 265.627225240072 263.867437839508 254.302759965261 253.971417744954 255.592306454976 257.564822832743 259.805818398794 249.180674552917 244.221905867259 242.483099301656 238.673985004425 236.56690120697 236.44761244456
286.918381849925 285.083611806234 288.103302319845 293.56841246287 296.905517578125 298.393627007802 300.255338350932 302.209893862406 301.206270853678 297.856748104095 299.509644508362 297.112822532654 293.137113253276 288.24245929718 285.505135854085 281.010687351227 278.114199638367 274.819095929464 276.579002539317 280.617912610372 280.867695808411 279.278953870138 277.869443098704 274.41136042277 270.610650380452 273.665169874827 275.650858879089 276.639938354492 280.729134877523 284.856537977854 288.013021151225 285.296241442362 275.984863440196 274.775723616282 267.829855283101 258.455117543538 255.420406659444 260.000348091125 259.36625401179 248.780647913615 237.921595573425 240.79304933548 239.758471647898 233.554561932882 231.413801511129 236.447374025981
287.263909975688 288.929263750712 289.298216501872 294.643302758535 294.526855150859 295.075456301371 298.894842465719 301.364044348399 301.373680432638 299.864967664083 297.080794970195 297.30612039566 291.744450728099 287.050565083822 287.301858266195 288.416226704915 281.097610791524 276.610692342122 278.827627499898 283.705612023671 283.839126427968 281.068384647369 277.445058027903 275.485416253408 271.39933904012 276.038289070129 278.2009045283 278.205494085948 283.552964528402 288.353542486827 292.126019795736 289.980947971344 281.049152215322 275.283555189768 263.509313265483 254.199961821238 254.195769627889 259.730617205302 255.344112714132 238.407989343007 233.790934085846 244.66081460317 245.085100332896 237.408757209778 234.875281651815 229.650338490804
285.287539164225 293.416221936544 294.104198614756 295.307636260986 293.476422627767 290.728350480398 296.137650807699 299.100081125895 296.425064404805 299.604376157125 297.0210313797 295.318126678467 293.731331825256 288.542171319326 287.381072839101 291.634817918142 287.440737088521 278.122703234355 275.456428527832 278.746962547302 279.142955938975 279.249091943105 276.893655459086 273.142774899801 270.510872205098 271.474162737529 274.725000063578 274.903655052185 276.148855686188 280.710796515147 286.788781483968 287.838081518809 276.541451613108 261.221826076508 230.395913124084 220.143218835195 235.965251922607 250.115136305491 252.704898516337 251.600484053294 254.146178563436 253.236869970957 235.750218232473 229.953527450562 237.685163815816 227.014899253845
286.74062093099 284.676969051361 282.565852006276 283.488949139913 289.318044980367 292.726834615072 290.147244930267 293.888409932454 293.853024641673 295.488635698954 296.432594458262 296.44383986791 294.920861721039 291.241447130839 286.384999752045 285.6458624204 285.723845163981 278.059999148051 273.232499758403 273.060381412506 272.360861301422 272.564351558685 272.156516710917 268.964767456055 269.16229724884 266.304790973663 267.126282056173 267.488678296407 266.970098018646 268.03054412206 270.014981428782 274.032632509867 256.99516137441 229.026297728221 199.334998925527 184.755523999532 198.031783103943 225.831647713979 249.056696891785 251.373966534932 252.960026264191 243.805925051371 226.648728052775 227.245608965556 231.686631838481 208.153923352559
288.362145423889 277.918855349223 275.569438934326 278.886636098226 287.197589874268 292.442043622335 291.822214921315 292.130629221598 292.530417442322 292.490700880686 294.926265875498 295.52948474884 295.789619286855 292.734523614248 288.140197594961 285.883684953054 286.390026410421 277.449329694112 275.185068448385 276.212851206462 275.105277697245 271.81339263916 269.945621490479 265.901843706767 266.870061556498 265.144268671672 264.307777086894 264.208753903707 262.635986010234 256.676773230235 249.876777331034 248.08798233668 230.335195859273 206.567347049713 194.375336170197 183.540006478628 171.421527862549 182.429830233256 201.89776023229 228.083809216817 239.732583363851 229.837079842885 223.432262738546 223.22150071462 214.669108390808 195.736447970072
287.006378173828 282.110571861267 277.164081732432 278.811196486155 287.210365136464 292.685131231944 293.771326541901 290.437976519267 293.64687204361 292.47788588206 293.786525726318 293.72235139211 293.801824251811 294.927696386973 288.324038187663 286.979297796885 288.382887840271 281.006495157878 275.885005791982 277.137815952301 279.165963331858 275.150497754415 272.343218326569 270.583788553874 266.774753729502 268.081625302633 265.952706336975 263.372778892517 259.597500165304 254.394372304281 244.238098462423 238.564213116964 222.305734952291 212.481578191121 214.71909681956 212.865134080251 197.916766007741 184.652924537659 176.000912984212 187.408725420634 211.660365263621 204.587777455648 197.075088818868 190.414488315582 187.004605929057 185.733954111735
289.729952812195 286.663313706716 281.339228153229 276.392141977946 280.535638332367 289.402862389882 292.583525180817 290.38788874944 291.362226009369 292.847832043966 295.494457085927 296.798129876455 294.922510782878 295.616368452708 290.829281012217 289.008299509684 290.680209795634 285.561184088389 279.930651187897 277.998606363932 278.411666552226 276.288410027822 275.784532229106 275.92808008194 271.792054176331 269.514818986257 264.454166094462 259.40082470576 252.769887447357 246.965368588765 243.224898974101 241.802453994751 229.507247606913 228.94545396169 234.469652175903 239.926993846893 243.678013483683 233.763496081034 215.497533480326 183.291435241699 186.033924420675 195.278247197469 193.105121453603 186.834454536438 191.062013308207 202.365239461263
291.575789451599 289.472957452138 286.897699038188 279.44274743398 276.652077833811 285.626987616221 289.609313011169 290.399293104808 287.364423274994 292.051057020823 296.846965948741 296.582639217377 294.669270515442 294.498066107432 293.702920277913 288.299123446147 289.217988650004 286.420941352844 281.856973965963 280.359427134196 278.786440690358 279.314835866292 273.271997769674 273.972630500793 271.742463111877 268.055438995361 251.715381940206 229.472537835439 226.607700188955 230.888028939565 238.950332005819 236.295958360036 228.523592154185 227.52054532369 238.114794095357 251.267790794373 265.088200569153 270.17875512441 261.056482791901 220.796128114065 191.789487997691 200.811107953389 212.518612543742 221.009075641632 228.759129842122 236.564040184021
289.802173773448 287.677665551503 286.915083726247 283.018469810486 276.3458887736 281.732678413391 289.219001928965 290.954113006592 286.874294281006 289.306263128916 295.228322347005 296.157956123352 293.480078379313 292.885561784108 294.929146766663 287.417531013489 287.115633487701 285.879731178284 282.383978366852 282.45731194814 282.064219315847 280.6529601415 276.44560734431 270.891189575195 270.02477645874 269.548694292704 253.773887952169 231.716513633728 229.879260063171 235.619604587555 244.532485802968 241.132458051046 237.711449464162 240.94823996226 253.578782081604 259.306033452352 264.301836490631 239.739040533702 212.181448936462 210.11225382487 217.05440680186 229.90349928538 226.579467455546 216.355542341868 212.618350982666 225.568254788717
281.48486216863 284.956832726796 284.699082374573 283.058861891429 278.548459211985 277.791281541189 288.333733876546 292.902727921804 288.127958774567 285.354097684224 292.343258857727 295.033832391103 294.379711151123 289.85188404719 291.699151198069 287.996709346771 283.620079358419 283.198078473409 281.814356644948 284.606496493022 284.787595272064 281.350553035736 279.541810353597 274.134953816732 273.099700609843 275.042057037354 268.864313761393 265.06503423055 263.444662094116 260.71842511495 256.333450476329 246.166408061981 250.550230344137 253.61700852712 248.609821001689 235.35947004954 212.620695432027 172.406951586405 153.988540172577 190.225581328074 229.645768801371 238.054354985555 221.300820509593 212.331652641296 217.098474502563 228.930075963338
271.389683087667 281.260907649994 281.0071905454 280.737559000651 279.975771903992 277.303655942281 282.534380753835 291.956226030986 293.464223543803 288.344820340474 289.806842803955 293.088217576345 292.774478594462 290.679077307383 289.181351661682 286.749362945557 283.206661542257 280.659159024556 279.99343474706 275.900105635325 277.176102002462 275.958180427551 277.049601078033 275.154848893483 275.597254435221 280.560553073883 284.8233183225 286.699930826823 271.252195040385 265.951911608378 257.724006970723 246.362805366516 245.771944522858 229.43377494812 200.000762939453 175.408283869425 163.626482089361 150.936315457026 140.522976716359 158.359507719676 185.728172461192 211.710115273794 221.84964021047 237.771034240723 265.740116437276 271.840989589691
