input/barkrak2/radiation/dir29724.grid
NCOLS 85 
NROWS 70 
XLLCORNER 665100 
YLLCORNER 4664600 
CELLSIZE 20 
NODATA_value -9999 
[rows 44 to 65 of 70, columns 0 to 48 of 85]
102.392127116521 108.110000689824 111.536830663681 112.101137638092 114.113549391429 116.367201010386 116.171379884084 112.324823935827 106.815079847972 101.642380158106 103.727757930756 100.474735101064 96.4667002360026 95.6211487452189 94.7678287823995 94.485729932785 90.4324948787689 96.7960755030314 98.5393325487773 95.6084827582041 92.1639998753866 90.0074044863383 87.7725183963776 89.3297791481018 86.4416559537252 95.1970318953196 98.1132388114929 95.2998797098796 95.089465379715 92.8299824396769 89.9473031361898 87.6976847648621 95.2661335468292 98.8466242949168 107.297311226527 108.655273914337 113.671014706294 123.370597759883 127.090672651927 119.012296199799 117.085635662079 111.173798640569 105.361799399058 84.1382145881653 49.0522583325704 9.02435866494974 0 0 0
108.877787987391 114.024678866069 110.693206389745 114.532291889191 112.613300482432 112.810134887695 114.116768042247 112.770726283391 113.567849000295 108.111391464869 106.470872958501 106.00882768631 100.625703732173 95.3251918156942 93.83824467659 98.3520249525706 91.9871727625529 95.0466593106588 99.690059820811 97.7776646614075 94.5238967736562 93.6840176582336 92.3146704832713 93.1240816911062 95.5045322577159 93.6729907989502 100.148906310399 98.4724561373393 96.4978138605754 95.5300033092499 91.5241142114003 88.0639354387919 91.4761920770009 90.5717809995015 90.3127988179525 92.982550462087 101.861755053202 115.281403064728 116.942465305328 103.179315725962 106.047580639521 100.117286046346 98.1188416481018 95.1752265294393 76.7273505528768 38.9509002367655 2.68448020021121 0 0
108.909726142883 110.846340656281 113.506257534027 115.880151589712 115.311910708745 114.595592021942 116.762220859528 118.286569913228 114.731589953105 112.672428290049 110.911587874095 109.425445397695 105.894674857457 102.062990268071 101.11798842748 104.50146595637 101.301570733388 95.100333293279 100.757837295532 100.444008906682 97.1674521764119 97.6042946179708 96.5892771879832 93.4385160605113 101.38072570165 93.1824545065562 94.2276219526927 96.3587959607442 97.5545446077983 97.3518391450246 94.9700474739075 91.6487276554108 90.996265411377 90.430627266566 92.1098291873932 93.0928190549215 96.1148639520009 104.688803354899 106.283108393351 103.31525405248 103.247861067454 96.3325997193654 101.925869782766 109.988749027252 101.376165946325 66.6901518901189 26.4685799678167 0 0
102.76394089063 105.120251576106 111.420432726542 112.95552055041 116.912811994553 118.138939142227 115.452478329341 115.457634131114 115.027407805125 117.677390575409 113.939772049586 109.590123097102 108.324319124222 107.870042324066 105.139205853144 103.6556661129 102.207432190577 93.7690039475759 98.5344449679057 99.8993813991547 96.2082842985789 96.3737567265828 100.452681382497 92.0426150163015 95.4797367254893 94.965656598409 89.961846669515 92.6234523455302 96.7150330543518 96.2494810422262 97.4625150362651 95.5679217974345 90.7257199287415 94.0360526243846 105.8442791303 110.688060522079 106.522073348363 100.564032793045 104.301710923513 115.841001272202 106.405476729075 98.0848570664724 105.655054251353 113.581359386444 106.596688429515 85.0099424521128 46.1458166440328 10.3659549107154 0
95.0347979863485 98.6621578534444 104.440808296204 108.431875705719 114.999870459239 118.962595860163 115.279783805211 113.368193308512 117.046614487966 118.886142969131 116.366744041443 112.36517628034 110.222597916921 111.511498689651 108.308295408885 102.530876795451 101.492941379547 95.0536032517751 99.0049242973328 102.826704581579 101.615697145462 101.099242766698 102.847586075465 99.0753670533498 96.5268015861511 98.1460611025492 94.1900412241618 97.6588428020477 103.722711404165 108.452161153158 112.200011809667 112.478862206141 102.063049872716 104.250758886337 112.897396087646 120.805809895198 122.317284345627 110.669652620951 106.912632783254 113.179087638855 104.75613673528 95.655769109726 94.0261979897817 93.3085183302561 91.971218585968 90.910812218984 79.307754834493 27.6684587200483 5.99655695259571
93.8544869422913 91.2351409594218 95.8103934923808 105.04013299942 111.200521389643 114.468316237132 117.53123998642 119.850218296051 121.127297480901 117.08277463913 118.837018807729 119.054188330968 114.952226479848 111.692080895106 109.367817640305 105.341613292694 103.32402586937 99.9877949555715 103.449881076813 107.972045739492 109.434058268865 109.076758225759 104.484498500824 105.327983697255 100.505570570628 104.099820057551 104.997853438059 105.961223443349 112.549016873042 120.390792687734 130.430072546005 131.032754977544 120.93045314153 114.913195371628 113.593965768814 121.244639158249 125.112275282542 125.610570112864 113.280455271403 102.083265781403 94.1451589266459 95.1494077841441 93.4897462526957 88.5120034217834 84.9538842837016 89.5409782727559 84.6794446309408 31.8235630790393 7.32769444584846
94.5838888486226 97.7621773878733 101.435979207357 108.164131641388 109.078208605448 109.756549199422 118.445744117101 123.574634393056 123.023341099421 122.679531574249 121.992061535517 122.145652770996 117.831995089849 112.868110338847 112.554371356964 115.763902664185 107.475956281026 106.231272220612 107.714394728343 114.302774270376 115.312238534292 111.458033323288 108.400364716848 108.077079057693 102.757493654887 107.83988237381 112.047781546911 111.748357613881 116.88972512881 127.399166425069 134.840389092763 142.414838075638 131.444166103999 118.745466073354 102.540055910746 108.29887787501 117.529024680456 126.351475715637 118.984987338384 96.3690082232157 88.6547764142354 96.8051056067149 99.8246073722839 96.2118903795878 90.911994377772 87.4935686588287 72.4318275849025 45.706570148468 9.43399779498577
94.891369342804 106.396615505219 108.595579862595 111.081530650457 108.854403098424 108.118027448654 115.844617287318 121.959308783213 121.87526623408 127.339939276377 124.490986267726 123.308310906092 120.338261127472 115.722199281057 115.029811859131 121.652543544769 114.206701517105 110.54202914238 108.232170343399 110.660682121913 111.010332902273 108.413765827815 108.895053466161 105.390379826228 103.234191735586 105.863799651464 109.395325183868 109.186748663584 110.185672839483 119.506706794103 130.208005507787 137.452781200409 130.814552307129 108.800381422043 76.1420329411824 50.770769516627 89.5094374815623 110.347201426824 125.407089789708 122.022032737732 115.067541599274 107.821653286616 91.0295844078064 87.3120129108429 96.6623425483704 89.4492169221242 68.976769844691 56.6696623961131 16.7432303229968
98.7131297588348 96.7641472816467 95.5750346183777 98.0314711729686 106.384774049123 111.365218957265 112.067619959513 118.214398622513 118.141065041224 122.728159030279 123.494297266006 125.745395819346 125.056227048238 119.486848513285 116.665085156759 116.144190231959 117.879768212636 110.543429851532 104.998131593068 103.041052818298 102.528671423594 104.773163795471 105.050384998322 99.3974804878235 101.490924755732 98.7717310587565 99.2693404356639 100.736111402512 99.7395714124044 102.26978858312 109.796235958735 120.004653930664 115.100006262461 90.6266669432322 57.3363751173019 33.4045564134916 34.7701509793599 58.0398241678874 101.536045471827 122.286419073741 124.04876947403 107.514133056005 86.8857900301615 81.6682279109955 90.6621813774109 81.1818291743596 65.5345171689987 73.1301158666611 54.5815130074819
102.550327777863 91.8851395448049 88.6840124924978 94.0604408582052 106.938501199087 115.934938192368 114.816556374232 116.43131573995 118.807921806971 118.601888418198 121.474335590998 123.9359776179 126.792003711065 124.7465411822 119.403700033824 117.395261923472 119.916975498199 111.10050479571 106.306085983912 107.998689015706 107.833007971446 105.566749970118 102.834026018778 99.3772943814595 99.7257232666016 98.3107884724935 97.1249938011169 96.5469181537628 94.1550135612488 90.5541280905406 83.8571190834045 89.0305439631144 89.7270441055298 73.3459641536077 58.623398343722 34.7433810432752 21.7232679327329 19.4589234888554 34.8886772990227 82.5045257806778 106.638133525848 97.5299477577209 86.8636071681976 80.795814593633 64.0586167573929 69.2568322022756 62.9831651846568 83.0671389897664 95.1645274957021
103.106399377187 97.0428586006165 93.8985844453176 98.6880660057068 109.059393405914 117.865244547526 120.647102594376 116.764525572459 121.263563632965 119.092365105947 122.641285260518 124.833554029465 126.05552872022 127.263416846593 121.949940919876 121.406614780426 122.432698806127 116.316060225169 112.00021704038 113.331069548925 113.259623448054 108.957856893539 105.600416660309 107.131779193878 102.856616179148 102.348466714223 99.329670270284 96.6216425100962 91.0448431968689 84.2823485533396 75.2585877974828 78.6323696374893 82.7638705571492 83.4068755308787 81.7527274290721 69.6012328068415 42.7842090527217 27.4213775992393 20.2169480423133 29.5424362023671 51.5305151542028 75.689618786176 51.5630294879278 42.7862952152888 42.3123588164647 50.0427484512329 66.7960941791534 75.7140020529429 90.4163916905721
106.681237618128 105.081140995026 100.548754135768 98.588764667511 104.492177565893 116.760085026423 119.021683931351 116.627434889476 118.631660938263 123.619298140208 129.806300004323 130.888998508453 128.101209799449 128.220687309901 125.600000222524 124.813844760259 125.046730041504 121.577560901642 116.221060355504 114.087919394175 112.696935733159 111.768186092377 113.804876804352 115.348647038142 109.5971763134 107.39861925443 100.872258345286 90.4563268025716 82.2059214115143 78.8665314515432 78.2270977894465 84.2551390329997 88.4116391340892 99.7209350268046 106.924146413803 106.453935305278 89.2806947231293 71.7115650574366 58.2534770170848 32.8852658470472 40.1466811696688 62.1803651253382 62.4440262715022 50.4639645417531 50.7126351197561 68.0920382340749 93.3726926644643 89.5053346951803 84.4671825567881
109.50697461764 109.005918105443 107.401718695958 102.982332309087 103.448649247487 113.497257232666 117.144644260406 117.427468299866 116.757690906525 125.811676184336 134.141266345978 133.00942381223 127.913335959117 130.610684553782 131.252884864807 123.685757319132 125.855982303619 122.244606415431 117.656379938126 115.40412902832 114.20664191246 116.134812434514 113.744725783666 112.311532100042 111.004650592804 104.752520720164 76.9186268250148 57.5825075308482 54.5847117900848 61.6871466239293 75.4981189966202 80.7279348373413 86.5140557289124 93.9459105332692 107.50291744868 115.733683109283 119.161635637283 98.7045963605245 98.82652759552 71.3159739971161 46.7528452475866 64.1332318385442 80.8484703302383 81.9808493057887 82.2613636652629 97.6947744687398 126.491397619247 114.844103654226 91.3079380989075
108.374148607254 106.415281693141 110.194206237793 110.80135901769 107.313891251882 110.579033692678 117.803116639455 118.521014849345 117.95844634374 125.443359216054 133.053143819173 132.098694642385 126.82111064593 129.224399725596 132.266143957774 122.04987804095 123.467574516932 121.468553940455 119.209994872411 118.973076343536 120.080898205439 120.300392309825 114.171912272771 106.423715750376 107.083062330882 105.51639397939 84.8928093910217 62.2113545735677 62.3739411433538 73.3292748530706 84.3501289685567 86.6588254769643 97.9778567949931 109.615276257197 116.736670335134 126.540640989939 117.722988128662 64.6633555491765 57.9348901907603 71.840117375056 73.6756722132365 87.9675050576528 93.0206775665283 76.3911306858063 48.1328119834264 77.4246454238892 103.469590346018 98.109116156896 83.755632241567
95.6277251243591 104.556848605474 108.106195926666 110.842992862066 110.245933135351 106.413145860036 117.655555407206 122.154762347539 122.299313545227 126.833458741506 130.099564790726 129.494408766429 128.204385439555 126.12463037173 127.457241217295 123.324006795883 118.838161230087 121.890366077423 122.386425733566 124.242683251699 125.974635283152 120.929022630056 117.859661579132 110.359211762746 110.926409562429 109.815667072932 106.349011262258 101.047247648239 103.391309579213 106.806814670563 102.973133325577 96.6450075308482 112.447947263718 121.199538310369 117.003719011943 86.8346989154816 76.472669839859 38.1428649028142 25.1400296886762 38.4449511766434 70.6257671117783 98.524938027064 95.8254834016164 81.3183883825938 68.6456610759099 72.1233288447062 88.5352392991384 93.2580828666687 91.0990039507548
84.9925180276235 101.300557454427 105.948189894358 108.79256327947 111.815005540848 107.357203960419 112.453500429789 121.751765410105 132.790267467499 132.9585313797 129.017641146978 127.253671487172 128.740211327871 127.247234185537 127.003153165181 124.197214841843 119.775146245956 121.722181638082 119.308769702911 115.875442822774 116.833468278249 115.175684293111 114.566127459208 113.788058360418 113.002220789591 117.779751618703 128.277798493703 132.818559805552 120.307624340057 118.342181046804 106.178601582845 96.7819690704346 106.907983620962 97.5125034650167 52.108958363533 41.4300039410591 39.6211495002111 30.5942644675573 16.7395236591498 12.2118045886358 14.6939704815547 51.6987343629201 93.2165185610453 110.417375961939 128.226220607758 123.098502556483 116.404275099436 114.346732695897 113.164405028025
87.2640907764435 97.9523062705994 106.149484713872 108.889698982239 110.303004582723 110.697497924169 104.991575082143 115.732610225677 137.803475062052 136.52898867925 128.331333398819 124.142150084178 126.710951328278 129.974146684011 129.079401493073 124.978482723236 123.180607954661 119.507183631261 112.276484568914 104.802439610163 104.292770226796 108.254681030909 107.303539911906 109.974185625712 110.722810029984 118.851055701574 134.639531373978 141.917198896408 127.354482809703 116.389801104863 102.645734945933 86.8761340777079 86.4059627056122 80.1332245270411 57.914987206459 34.6773937344551 36.1730729540189 47.9770998160044 39.7261927525202 23.6413727204005 12.8678046166897 22.3282376925151 71.393499771754 103.098491827647 114.220798015594 113.771826028824 106.267193953196 107.051561276118 102.321734031041
100.516617298126 103.636115789413 106.391767660777 102.696398893992 96.196452776591 92.2448138395945 100.870827833811 107.297003269196 117.927173773448 115.337699651718 113.240967194239 118.972728649775 125.688642263412 126.961638530095 122.967839241028 124.221493800481 124.559303124746 117.904365062714 108.778933684031 102.0181675752 100.566059350967 101.109802722931 104.945838451385 108.085374037425 107.353846232096 109.466989835103 122.744103272756 132.14776913325 122.31782078743 103.571991125743 94.9341257413228 78.8205216328303 70.7504649957021 83.8345487912496 77.3124545812607 54.126039147377 57.288204630216 90.8947587013245 94.5634643236796 72.8143552939097 39.7730941573779 29.680609703064 48.3113328615824 64.3889208634694 56.3696622848511 70.9708780050278 76.0604043801626 81.1382532119751 79.6519815921783
113.48624030749 109.457979599635 105.440119902293 97.7837840716044 86.2928728262583 78.5556882619858 91.9752518335978 90.528150399526 78.216423590978 79.0361563364665 91.6318297386169 105.679214000702 111.894567807515 116.74827337265 120.026091734568 131.369858980179 133.942554394404 124.2682437102 114.239235719045 110.079109668732 106.85271024704 105.093697706858 106.602321068446 103.967448075612 103.26075553894 109.005411465963 110.838929812113 115.373531977336 109.979540109634 88.9649391174316 92.4655000368754 85.6420497099559 77.3832648992538 94.3567454814911 98.5834002494812 85.367739200592 76.6633252302806 78.1181504329046 83.4387342135112 81.7015568415324 63.7993514537811 47.8315651416779 48.0383336544037 38.5313232739766 30.1145687699318 34.1310898462931 56.3093771537145 60.437465707461 65.722331404686
116.687436898549 109.162469704946 103.778094053268 99.5230972766876 91.1944409211477 83.9784344037374 78.1318098306656 72.1903095642726 52.4718314409256 62.7532651027044 85.7568283875783 98.3537435531616 99.4498729705811 108.083824316661 122.974882523219 140.446801980337 145.683268706004 137.629767258962 128.498196601868 123.767773310343 117.375204960505 114.875257015228 113.890240589778 109.32191212972 106.488863627116 105.151732762655 100.705981254578 99.091112613678 99.8326341311137 78.6891629298528 80.8129459619522 83.5256675879161 78.1537691752116 98.6766715844472 116.861929496129 120.242655277252 94.563106695811 57.1317275365194 39.6067053079605 60.1362735033035 62.0304346084595 62.5845889250437 60.6904725233714 54.6517074108124 41.0759101311366 36.834642291069 49.3890245755514 60.9298447767893 72.7530171473821
119.518448909124 113.499194383621 112.030724684397 113.275647163391 109.547108411789 102.29080915451 96.1769620577494 97.2238779067993 95.4822103182475 100.587983926137 110.428869724274 118.202139933904 118.406355381012 112.399766842524 123.795549074809 141.947726408641 152.334978183111 151.818066835403 143.344481786092 132.416069507599 125.027338663737 119.051218032837 118.368208408356 117.882212003072 109.719266494115 102.423508961995 93.4986770153046 90.9718374411265 90.7503763834635 86.2168967723846 71.2825953960419 70.4941997925441 62.6994719107946 86.2387915452321 126.202076673508 134.053568045298 100.233674049377 63.1076395511627 32.1206947167714 31.3623522718747 36.2804581721624 47.8088110685349 64.6690428256989 71.5056558450063 74.8426367839177 59.6946030855179 58.6818903684616 80.0551821788152 115.218549966812
120.430608590444 117.350727319717 117.656250794729 119.455873966217 118.706206480662 114.26192522049 113.400826851527 122.862547636032 141.229520241419 136.039545138677 126.57285730044 128.899643818537 136.028468608856 120.955566565196 121.8521296978 131.695568561554 142.225742340088 148.398856321971 147.919287284215 140.661537647247 133.821457624435 125.502427419027 119.733532269796 117.105513811111 109.758347272873 98.9948014418284 84.9081476529439 81.0353855292002 82.8651835521062 74.7448702653249 40.9409080942472 37.8854523102442 30.7733317216237 51.2526035308838 124.991585810979 134.996255238851 114.333957433701 104.348242282867 69.2277203003566 24.5566119750341 15.983392794927 12.257253130277 45.2828407287598 77.8674135605494 87.7980490525564 76.5683352947235 75.2649307250977 107.058833042781 174.665133158366
