input/barkrak2/radiation/dir28724.grid
NCOLS 85 
NROWS 70 
XLLCORNER 665100 
YLLCORNER 4664600 
CELLSIZE 20 
NODATA_value -9999 
[rows 0 to 20 of 70, columns 0 to 47 of 85]
159.197121858597001 175.201674302419 192.440489927928 213.745554288228 224.430481592814 225.774904092153 221.929371356964 217.69924958547 217.149257659912 220.701257387797 220.335960388184 218.636115392049 217.754364013672 218.566318353017 220.281799634298 209.133664766947 196.521421273549 184.647460778554 181.084473927816 171.247243881226 170.128246148427 187.116265296936 214.174032211304 221.898257732391 224.679191907247 236.904760201772 235.75621843338 219.928820927938 206.229190031687 205.360313256582 200.901627540588 222.993075847626 269.157985846202 268.833120663961 266.523063182831 251.765350500743 255.694508552551 270.580808321635 268.260518709819 268.09549331665 255.953272183736 260.312338670095 268.534402052561 264.873007933299 254.154562950134 257.630209128062 263.36677869161 234.070758024851
136.795332034429 154.71280614535 169.263323148092 189.675649007161 204.837123552958 211.846709251404 214.637219905853 219.017565250397 226.424396038055 226.611196994781 223.961333433787 220.489005247752 217.745323975881 218.478480974833 219.087719917297 208.395262559255 201.636115709941 192.202270030975 187.348008155823 177.620947360992 184.060196081797 207.979361216227 230.421900749207 233.134468396505 236.829062302907 243.356982866923 237.854619820913 224.259157975515 211.173514525096 207.373718420664 208.164970080058 237.531503041585 270.577152570089 269.350488980611 265.862206617991 254.528323809306 259.796857833862 271.214743455251 267.176151275635 266.474107901255 260.51531235377 259.967664877574 257.074077924093 250.760316848755 247.131248315175 255.0168633461 253.263930479685 218.271275361379
99.7662345568339 110.524694124858 123.244494199753 137.342105309168 151.997456947962 164.480288823446 176.434914271037 195.295135180155 210.447192192078 213.002860546112 214.813907941182 219.235380490621 225.426276524862 228.637635707855 228.989899158478 231.210271517436 229.986945788066 221.518178780874 203.854123751322 194.014966487885 204.269289970398 220.714807510376 231.504758199056 234.536131223043 238.74576886495 238.581637541453 232.800285021464 223.905722300212 215.800722440084 216.213544209798 225.98793109258 253.555198510488 270.734826723735 268.441319465637 263.662298520406 260.268668333689 266.016244888306 271.321137746175 269.555528958638 264.860967795054 257.813771565755 247.202436129252 233.105063438416 229.303220907847 238.836507002513 252.815127372742 240.195453166962 207.78214931488
81.6246519486109 81.5938214461009 88.2672468821208 94.5972800254822 102.783153454463 111.15437746048 119.860072930654 137.789219617844 159.582187732061 179.049770037333 196.313103040059 213.696479797363 226.595520973206 230.981687704722 234.519819418589 242.616216341654 239.724298318227 228.144844373067 209.95553334554 202.375710010529 203.129450480143 204.137921333313 216.920832792918 226.060191790263 227.062523365021 228.1866868337 228.383461634318 225.214918454488 224.161585172017 227.818012237549 232.654472192129 258.459448814392 267.15878645579 266.538739204407 262.666443983714 263.800919055939 266.26859108607 266.986787319183 262.632151444753 251.685520013173 244.022270043691 230.681618054708 226.224501927694 240.190625190735 255.93775510788 250.377853711446 229.756573836009 203.843712806702
102.937042713165 86.7220461368561 73.4472026427587 63.7991925080617 64.8741473754247 82.2402139504751 106.570770343145 118.27830473582 129.135221242905 137.674778699875 162.320613861084 188.449601332347 204.656422138214 213.090856870015 220.321695009867 225.042084852854 221.486707528432 214.560707410177 207.319597403208 202.856024106344 198.006669680277 196.170151233673 208.231488863627 217.478295167287 221.351901690165 228.397707144419 228.861312071482 227.255463600159 226.292610168457 225.302557150523 232.70990451177 260.982930660248 263.108193874359 263.627648353577 260.734538237254 259.839653968811 259.207824865977 257.323960463206 247.465312480927 238.005836804708 236.534158388774 234.444320201874 240.138014157613 250.653187433879 252.865533034007 230.746388435364 202.22810904185 193.663557370504
148.117085297902 118.950108687083 90.2046163876851 67.3476854960124 58.8789234558741 68.4108088413874 92.6966369152069 114.534278710683 119.744996229808 118.689676125844 129.005014896393 144.193887710571 155.124773581823 161.495228608449 172.057787577311 182.396074136098 186.953763167063 194.841504096985 202.643275260925 208.109339078267 208.678066730499 210.045218467712 209.311306476593 211.281498273214 216.591318448385 225.484728813171 227.836092313131 229.499657948812 229.784329732259 230.724990367889 245.497067769368 262.44588692983 259.707490603129 257.506648699443 255.402406056722 253.570814927419 252.605775992076 248.416304588318 238.193154335022 238.547841707865 238.126575946808 235.639909903208 238.055904706319 241.68582757314 231.024146080017 200.421770413717 173.710703849792 182.50439564387
175.178627173106 147.853265206019 124.611765146255 102.17026869456 80.768346786499 68.2307779788971 73.7272500991821 102.444847424825 120.882401863734 129.48880592982 126.229971647263 121.229857206345 116.986552874247 112.440764904022 113.899568716685 130.657841761907 145.574549833934 168.696860472361 190.851330757141 205.021301905314 213.681916395823 217.489739259084 214.920004208883 211.353321870168 214.483737945557 216.859916845957 220.980405807495 224.723855654399 228.922088940938 235.374391078949 249.109367529551 256.964802742004 251.049896081289 246.283928553263 244.398931662242 241.923193136851 240.533610184987 235.56246360143 230.334142843882 225.695967674255 219.991644223531 218.790014584859 226.035376389821 233.533283074697 224.422176678975 213.624914487203 225.661555926005 236.048340797424
190.863112608592 176.562905311584 161.460131406784 142.886052529017 117.276251316071 85.5801105499268 65.4094864924749 61.7483407258987 93.8250621159871 126.033256451289 135.692199071248 132.184813419978 122.920284668605 111.913462479909 97.229927778244 100.624134143194 114.355951547623 132.652858893077 159.05025601387 181.595683097839 197.059671084086 209.125399589539 216.972549756368 212.237576643626 210.501253604889 208.95916223526 210.40952205658 213.234583536784 217.259645462036 229.071736335754 240.765849749247 245.832880338033 238.489190737406 232.554276784261 225.851098696391 224.32021299998 229.34631506602 225.940267244975 219.328959782918 202.037294705709 200.167536735535 209.829370180766 227.701385815938 239.935338497162 238.276580969493 239.9001121521 247.683087984721 250.882983207703
156.170129776001 166.105697552363 173.055688540141 165.367712577184 149.311125278473 123.104800780614 90.4969175656637 61.4005525906881 73.9199221134186 94.9460864067078 119.336138168971 132.414956887563 135.76078414917 133.102456728617 117.741644382477 108.05735985438 105.389942725499 110.221207141876 125.036110480626 142.977178096771 161.84522708257 179.852207501729 193.491895993551 193.021814028422 194.849908351898 193.329473336538 193.753143151601 196.384370326996 200.560510158539 211.021284262339 217.251181602478 217.776874701182 215.337137381236 216.364940007528 216.924687226613 218.77791484197 219.469130039215 219.310263792674 214.269061883291 206.807434558868 217.811822891235 231.47197564443 241.275012493134 242.299695809682 235.745787620544 230.973124504089 234.59537823995 245.068669319153
101.058463255564 120.55449684461 131.93224867185 145.523011684418 144.202123085658 153.401404619217 132.911771535873 110.884557167689 78.571230173111 68.5759782791138 81.1210771401723 110.226303339005 134.556243817012 146.887203057607 145.002623399099 136.648525794347 120.505054791768 114.373962084452 113.096614678701 115.71079492569 124.932905038198 135.039905707041 148.795266946157 159.085988998413 169.601698716482 171.937346458435 172.320067882538 175.238410631816 178.55449517568 185.74066956838 187.013586362203 188.136140505473 194.54437494278 198.753794034322 204.794824123383 208.944876988729 207.809805870056 213.293155034383 213.054756323496 220.782895882924 237.354795138041 245.553990205129 246.415952841441 243.684887886047 235.12335618337 231.125752131144 241.811911265055 251.188218593597
57.5521240631739 66.3356085618337 69.3756888310115 92.9846465587616 103.676488002141 114.040791988373 126.418729623159 121.988455454508 94.9208835760752 71.5232690175374 57.882696390152 60.1415236790975 78.8741360108058 105.707903703054 122.008383274078 117.073873678843 112.321009238561 111.079742511113 105.504175027212 98.6456672350566 100.008457899094 102.140973011653 108.16103219986 122.244318326314 139.425088961919 150.045663118362 151.690979798635 155.226757129033 162.92600830396 169.120311737061 172.562082608541 176.204264163971 185.904641946157 190.139512221018 190.072417259216 192.321618398031 197.88521528244 206.548889478048 214.535474777222 231.532653172811 242.325027783712 245.335082213084 244.469145933787 241.323192914327 237.652858098348 239.702701568604 246.633847554525 248.878518740336
32.2014292081197 29.0057112773259 30.6363975008329 32.9536000887553 48.8161146640778 62.8760705391566 77.3379305998484 82.2972605625788 84.764838218689 80.3252458572388 62.2188895940781 52.0628442366918 55.4554611444473 70.7046041886012 92.8538839022319 99.7219681739807 111.886878808339 110.141962766647 101.98841492335 96.1730579535166 90.23583928744 89.8977518081665 93.3972497781118 102.026720841726 111.585915088654 119.448393583298 125.108500321706 131.559620300929 139.824628829956 145.655741294225 152.281065781911 158.263792594274 164.346992969513 168.609499931335 170.202453931173 173.945208390554 185.73659658432 198.016087214152 205.429275830587 223.56766462326 235.000669956207 234.713117281596 230.906089146932 226.591686407725 225.269953409831 224.7287829717 231.174031893412 239.216844240824
24.8406132062276 17.1107115844886 13.4908271332582 7.48656752208869 3.92383833726247 3.97123831013838 23.1630752484004 43.4907724459966 63.3164048194885 83.5847655932109 76.961542169253 66.0690168539683 51.1241207520167 50.2478380997976 64.7229750951131 85.5862100919088 102.061659097672 109.325170516968 107.682436704636 100.214044253031 96.6986020406087 98.7866222858429 99.5683173338572 102.697730064392 104.23868894577 105.420519908269 112.614780664444 122.485717137655 128.184179464976 130.306979020437 136.345048745473 140.971263249715 142.323474089305 145.164469877879 149.140020211538 155.67210316658 167.66228278478 182.060956954956 186.642428239187 198.185900847117 206.204434235891 209.110379219055 210.823237895966 212.10503578186 210.961401462555 211.955785751343 215.761621793111 221.904913584391
25.232973198096 8.29823439319929 2.00829391057293 0 0 0 0.605543958954513 19.5543095469475 38.8533522685369 58.6793671051661 74.285755554835 77.1766503651937 74.3688096602758 65.0677978992462 63.7236138184865 82.0329189300537 94.2557255427043 107.297052939733 117.312361796697 118.281235297521 106.793433427811 105.779985586802 107.13850458463 109.797656536102 111.724992593129 111.360808213552 116.016427675883 125.798344612122 128.476878007253 122.438033421834 128.188759088516 133.384495973587 134.340236584345 135.977824529012 141.641398270925 147.841036319733 153.737048308055 160.576790571213 166.271716356277 169.471383094788 176.232775052389 183.065931002299 190.938850243886 198.951601982117 197.622895240784 207.212249437968 207.757870356242 204.882701237996
33.5642223556836 12.4318972229958 0.584662077017128 0 0 0 0 6.71994437774022 20.4333029687405 40.5875792105993 69.5493221282959 91.4020240306854 98.7684826056163 91.8367505073547 81.797997156779 80.1496803760529 82.2362204392751 95.5471495787303 112.116187810898 122.89692958196 123.686204353968 117.232759793599 118.041008710861 113.166153430939 113.257944583893 118.924866120021 123.427400986354 126.992563406626 127.477476994197 122.634659210841 124.366919199626 128.67416938146 129.769057035446 129.312912623088 133.634269237518 138.094931840897 139.564057191213 138.977577288946 145.06189028422 146.809021631877 153.219858805339 162.022292613983 167.373855908712 174.37736193339 178.107380867004 184.333145618439 195.632537206014 206.358671188354
29.8311884204547 15.482255568107 0.964429695159197 0 0 0 3.8330340757966 8.67663137614727 21.4673355221748 32.9427868127823 57.2699507077535 88.3925159772237 103.016436100006 111.75129810969 104.169030984243 81.8020105361938 74.9213149150213 78.9583772420883 95.2215790748596 117.389380931854 128.64962220192 128.01589568456 127.961973349253 122.476349274317 117.50727891922 119.389792283376 123.612026373545 124.302407105764 127.896924813588 130.418598651886 129.085352023443 128.441274166107 126.914838949839 124.645342429479 124.690264463425 125.085572401683 121.924857298533 117.673605680466 121.520966291428 125.896483659744 130.337178707123 136.58728202184 140.226473410924 143.81276567777 158.786873022715 165.506343046824 181.537350018819 193.110883235931
25.5385537942251 18.6513500909011 2.5823136481146 0 0 0.11167261012209 5.667877693971 15.3522503872712 24.5401884118716 28.9622023701668 42.7394211292267 71.2250371774038 91.1150475343068 105.911990006765 112.51026391983 108.294794956843 101.526647806168 91.4126435915629 86.7619911829631 95.7960685094198 116.701324780782 131.643831729889 134.451498587926 130.676001310349 124.759236971537 125.279118617376 126.806765794754 124.422162771225 130.250742038091 137.595762809118 141.398539145788 130.849321683248 125.2188483874 120.889325936635 115.265051523844 114.836603403091 110.213001569112 107.837080955505 109.674076239268 113.610665003459 115.911980470022 119.049727916718 122.629980246226 125.916848580043 145.5457508564 156.468371550242 166.224340597788 174.100438753764
21.4802275101344 21.0826148589452 10.3996663043896 0 0 3.76817025244236 10.3123436371485 23.6687560876211 30.0220896800359 34.8239143689473 40.9346471230189 55.7194749514262 76.6131232182185 92.2249754269918 107.775727907817 120.033572117488 122.354527314504 115.525831778844 101.541737715403 89.1897181669871 98.323384920756 121.03079756101 128.429025411606 131.324032942454 132.715791463852 135.179390509923 135.679642359416 131.665587425232 128.613452116648 134.279916683833 135.274837414424 124.510258436203 129.319071769714 120.324234167735 113.667994737625 111.353158950806 108.540991942088 107.159564892451 108.080367247264 110.484540462494 112.843751907349 113.634437322617 114.293992519379 117.558012406031 131.83065255483 147.462507088979 157.041490077972 158.872524897257
22.9129542907079 26.2590001026789 25.5607614914576 1.68294087052345 0.717380937809745 11.9919888675213 18.0285573005676 32.623216509819 40.2589316169421 51.2106368939082 57.7389895915985 59.79256828626 70.1382706562678 79.2921384175618 96.6734290122986 113.955726226171 120.548864205678 119.581838448842 120.28036514918 108.55703552564 93.7993129094442 104.818691809972 114.998837312063 124.225487311681 134.974271059036 140.75360695521 138.636807600657 139.48514064153 130.089461803436 129.088590542475 118.202269077301 113.393614689509 114.882985750834 104.143808285395 102.321118116379 113.529652357101 111.042320728302 107.722818851471 107.522984345754 110.837072134018 113.778720299403 115.934173266093 115.784049034119 115.981350342433 118.144194285075 133.455216884613 140.077541271845 140.452255805333
24.132418135802 25.2452914913495 28.3379952112834 21.1653510729472 11.0444637636344 20.0592999656995 21.2031379342079 22.8406762083371 37.9030307133993 51.3301839431127 59.1769466797511 56.4697285493215 57.0963819821676 65.622756878535 81.3119163115819 95.4906344413757 105.722695589066 112.61252562205 121.011108160019 119.436840216319 113.584776719411 102.803379297256 106.605072816213 114.70494667689 126.074731349945 133.03554058075 132.380863030752 138.97771636645 133.935987949371 123.100737730662 109.518359104792 107.358396053314 95.2955981095632 84.2457115650177 93.6957001686096 87.8044962882996 89.504341284434 84.6935709317525 88.5329345862071 102.648884057999 108.136683702469 109.525442123413 112.295895814896 111.621052026749 109.385480483373 120.981822411219 122.723450263341 126.766333977381
29.179369409879 21.4618568619092 18.418642381827 31.371350089709 27.3941854635874 27.5225465496381 20.1876523594062 22.9795128107071 35.2158943812052 42.1666006247203 48.7822592258453 49.171323577563 49.6063679456711 53.5374929507573 62.3946686585744 76.746791601181 89.2004470030467 97.8466769059499 107.568363348643 123.084962368011 129.903227090836 119.760096073151 120.648324489594 124.495724836985 126.307646433512 124.301930268606 121.825834115346 128.455271323522 123.262405395508 109.653015931447 108.771453301112 88.5115265846252 69.3802734216054 56.5931548674901 45.9908147652944 55.1622956991196 61.0594401756922 63.4112258752187 70.6170499324799 79.0192534526189 84.6880972385406 87.1143539746602 94.87451116244 94.0235753854116 99.6770958105723 105.881730715434 110.814422369003 115.841716527939
