input/barkrak2/radiation/dir22724.grid
NCOLS 85 
NROWS 70 
XLLCORNER 665100 
YLLCORNER 4664600 
CELLSIZE 20 
NODATA_value -9999 
[rows 40 to 59 of 70, columns 0 to 45 of 85]
280.429363250732 281.325777371724 280.654708544413 282.725294431051 289.679209391276 293.737530708313 296.992560227712 301.258782545726 300.883293151855 289.759735266368 276.860555013021 273.558775583903 271.663864453634 269.456644852956 267.070770263672 267.815212408702 266.413191954295 264.924267927806 259.736875693003 258.364796638489 261.908292770386 264.662504196167 266.785025596619 261.93630695343 258.377293745677 255.894402662913 262.258330980937 263.814151287079 265.197654565175 266.013085842133 263.604064782461 263.995210329692 249.161998430888 249.468942483266 275.659839312236 275.193274021149 264.000475406647 259.356617927551 261.27165555954 259.907046953837 271.349549293518 300.042827924093 293.330669403076 232.085506121318 170.483291149139 136.567006508509
286.381721496582 284.284849961599 283.913930257161 284.089624881744 281.360626220703 279.697954654694 278.23007106781 279.646178086599 283.107817173004 276.625156402588 270.180543263753 270.838777224223 274.084846178691 273.468693097432 271.356105804443 269.989649454753 263.333121935527 270.257035891215 270.245333512624 264.957149823507 266.348163286845 264.834006627401 262.976944446564 264.045317967733 264.387985070546 259.207010269165 263.229886690776 265.266378720601 265.622397263845 266.212821006775 266.645471254985 264.573136965434 253.097891807556 261.148691177368 274.186968803406 263.547082742055 247.049907843272 242.76465177536 246.901075045268 255.699515342712 280.579686164856 294.328590234121 292.679091294607 266.208946704865 212.332904338837 169.390877087911
289.340813954671 287.166317303975 289.62383667628 288.111368815104 282.510975996653 280.13821442922 278.941432634989 276.312450567881 276.748061180115 273.171742757161 271.883010864258 270.886381467183 274.613281091054 277.013679345449 275.878210862478 272.348443667094 268.769383430481 272.786716620127 275.511225064596 267.132858435313 264.199554920197 262.131929397583 256.528337796529 257.430752118429 262.539366881053 258.810480435689 253.348310788473 255.955239137014 260.842363039653 264.259696006775 264.262537161509 258.687039216359 258.017222086589 268.753906091054 270.84360520045 249.641080697378 233.640650908152 236.57633860906 247.700234254201 261.415183544159 271.19259039561 271.399597326914 261.740128199259 249.557296435038 217.989246050517 165.87378581365
277.045508225759 279.442727565765 286.44851843516 283.707658449809 285.491108894348 287.623206774394 287.533382574717 283.817172050476 275.556763013204 273.688276608785 275.741895039876 272.869328657786 272.536913553874 275.100191434224 274.752457936605 271.507422129313 271.6277440389 272.629221280416 272.171298662821 266.611377398173 259.143571058909 258.005062739054 254.966696103414 251.790801684062 253.644684950511 256.341715653737 252.712031205495 252.496441205343 256.197651227315 257.12792078654 254.64125474294 249.700506528219 256.367623806 264.804124832153 257.815798123678 235.323707262675 229.854544003805 242.149253686269 258.062481880188 261.911630630493 259.283641974131 255.264242490133 246.726393699646 233.0175836881 207.138319810232 169.516603151957
276.689012845357 281.068762143453 283.449451128642 283.76583258311 284.722745418549 286.677936712901 287.132223447164 283.579925696055 279.574275016785 275.563975175222 277.230163415273 274.327079455058 270.531117916107 269.905666510264 267.390668392181 268.015424410502 260.632316271464 267.598827679952 268.236478169759 263.287961483002 260.488390922546 256.392121315002 254.737178484599 253.990610440572 252.744277318319 255.98281621933 257.874488830566 254.783054192861 255.558669567108 253.355781237284 249.017198880514 244.54665184021 246.296306451162 247.349580128988 241.425891717275 230.705261230469 233.888526757558 249.648292859395 262.419799963633 256.74710671107 257.148067156474 247.684419155121 236.910780270894 224.478900432587 207.506120204926 182.699203491211
282.002449035645 285.076359907786 282.799402872721 285.297016302745 283.564368883769 283.769190311432 284.439603487651 282.801667849223 283.247669537862 279.90194161733 278.305331865946 276.749869187673 273.210108280182 265.588223934174 265.175183614095 265.78019062678 260.733087857564 260.581692059835 264.595985412598 262.281835079193 257.063110669454 257.796347141266 255.624254544576 255.285123984019 255.09379307429 254.106879234314 259.591162204742 257.534205913544 254.803339640299 254.098614056905 248.239835103353 243.654946486155 243.931909402212 238.917529582977 227.406561374664 219.600240389506 227.534373601278 246.04062239329 251.255611578623 240.999639034271 246.602952480316 237.295945485433 228.621105353038 229.232668876648 227.538466453552 202.971537907918
281.829078992208 282.499055067698 283.927003542582 285.423795382182 284.519731998444 283.75518321991 285.323580106099 286.009271939596 283.560156822205 280.637542406718 279.880523681641 279.414693514506 272.597670555115 270.320991675059 265.098770459493 270.533879597982 262.813925743103 258.378724257151 261.475602785746 261.743903160095 258.368015289307 258.200208346049 256.061096986135 253.744761149089 259.87575451533 253.988047440847 254.527688026428 255.678693453471 256.309111913045 254.375576972961 250.752170880636 246.7440366745 242.661714553833 236.941774686178 228.306432565053 221.03077173233 227.492849032084 239.499608675639 239.744524161021 239.141662915548 243.596951166789 233.422478040059 232.87695646286 241.189877192179 243.534088134766 220.871289571126
276.26238266627 277.569452921549 281.408409277598 281.907558441162 284.650107224782 285.983045895894 283.656378587087 281.688908735911 280.775129795074 282.584547996521 280.30131260554 273.463626702627 273.953318595886 269.321501255035 267.152051130931 265.320976575216 263.060212135315 254.417955875397 258.536020914714 261.500398317973 257.698098818461 257.08403189977 258.116324742635 252.293884754181 252.769827842712 252.494831879934 247.64887491862 252.402404944102 253.790160020192 251.635829607646 251.79127852122 248.377819856008 241.806248823802 240.78361193339 242.800573507945 235.703428586324 235.181311766307 236.972808837891 240.092019240061 248.798727989197 243.232429027557 235.027293364207 239.51917886734 243.763645490011 240.141967932383 223.873595396678
268.577059110006 270.395398139954 275.316874186198 278.38134765625 282.589077949524 284.472624460856 280.184944470723 278.802076975505 281.727850437164 279.372493426005 278.278152147929 275.143265724182 272.121051947276 271.25084400177 267.406185468038 262.127995491028 262.081980705261 254.722754160563 259.584943453471 261.026084423065 261.259933312734 259.547273317973 259.920756022135 255.014558633169 252.43749221166 255.459805329641 253.478010495504 255.737483501434 259.827593962352 261.039435863495 263.107240200043 261.33131980896 251.93069378535 252.739449342092 252.439479033152 244.974235693614 244.236826896667 243.828892707825 244.994521141052 248.526116212209 238.080938657125 232.00390736262 229.688147703807 226.596554120382 224.268595377604 224.070151646932
266.598006089528 264.540076255798 267.752269903819 273.773511250814 274.948080380758 278.061012427012 280.403097470601 281.032601992289 281.56578540802 277.611374855042 278.067012627919 278.034011522929 273.420810699463 271.546800931295 268.681049346924 263.933102289836 260.931074619293 257.485508918762 259.455700715383 263.814568519592 264.187256495158 264.728585879008 261.077185471853 260.01250743866 255.957345167796 259.200135866801 261.297027269999 262.531956036886 267.128725846608 271.9513575236 275.998552640279 273.906111717224 265.3861840566 262.569864590963 256.132920583089 249.357660611471 246.491988499959 249.921341737111 248.033761978149 236.336469650269 225.746234258016 228.44934463501 227.642774581909 221.413691838582 219.315846761068 222.994367281596
267.255266507467 268.512527147929 266.894857088725 272.99298842748 273.056467374166 274.117032686869 279.249668121338 283.089538415273 281.723439693451 281.167288621267 279.485285282135 279.761433601379 275.349259376526 270.344793796539 270.617107550303 271.926919619242 264.132002989451 259.570519129435 259.663681189219 267.168422540029 267.406980196635 264.522016048431 260.747273763021 258.795857429504 256.780624389648 261.829018592834 264.344970385234 264.542778333028 268.056352933248 275.845944881439 278.546015421549 279.507418473562 270.415206750234 262.299497922262 251.375873883565 243.420382340749 244.829436143239 250.785152117411 245.168328285217 226.867993672689 221.330861250559 232.50679175059 233.351310094198 225.845734278361 222.716093063354 217.582662900289
262.772619724274 271.414220333099 271.920323371887 273.505210876465 273.221174875895 271.26423517863 277.068734169006 281.784276167552 280.311326185862 282.263815402985 281.04571501414 279.271086057027 275.869886080424 271.957655747732 268.801172574361 273.522953192393 268.971125284831 261.2517674764 258.483032385508 261.950691541036 264.548778533936 262.548327445984 260.149876276652 256.245116392771 255.859474341075 257.056693236033 260.647793610891 260.996401309967 262.494564056396 267.65501499176 274.634639422099 275.485992431641 265.141089757284 249.35245513916 216.91091855367 207.403639952342 223.999043305715 239.944756031036 243.810097376506 242.423097292582 244.227747122447 241.374472777049 224.232037862142 217.655817667643 226.120054721832 213.563799858093
263.858755429586 261.480530103048 262.091596921285 264.644145965576 269.758900006612 273.293713728587 273.356437683105 277.523358662923 275.964776674906 277.713557084401 278.831382592519 280.50418694814 278.928061326345 274.889945983887 269.776026407878 269.024570782979 271.166483561198 261.119445164998 256.025671958923 255.8274269104 257.240653038025 257.659395535787 257.432838280996 251.77123149236 252.102315425873 251.487712065379 252.469917138418 252.990523974101 252.588927745819 253.891944885254 256.304681301117 260.075529416402 244.885663191477 218.027909596761 186.209082603455 170.510848363241 183.140138785044 211.904108524323 237.645943959554 242.756009101868 244.44967508316 233.280380566915 214.925607045492 214.268585046132 217.379868030548 198.872029781342
268.545905749003 258.585810661316 254.521429538727 259.600500265757 268.578787644704 275.846421718597 273.606022198995 274.033447106679 276.111602783203 274.388412634532 277.129073937734 277.823865413666 279.888729254405 276.622831821442 271.652003129323 269.28037405014 269.936343034108 262.708445390065 258.052925268809 259.187599023183 260.227799415588 256.919145584106 255.02465168635 250.905255476634 249.658743540446 247.92468547821 247.145692507426 249.482989311218 247.935950756073 241.902073224386 234.777828057607 233.970145384471 218.358337879181 191.505511601766 181.978603204091 169.69774166743 156.209339698156 166.618744532267 187.191208203634 214.98183409373 229.257067044576 219.380418459574 212.119003136953 211.437026659648 200.752715269725 185.823758443197
268.466671307882 263.117671012878 257.706781228383 259.442210197449 268.494963645935 274.499317010244 277.379294236501 273.832440376282 277.326226234436 274.378816286723 277.571678161621 277.60112285614 279.517292976379 279.028316338857 273.905158042908 272.591312726339 272.093077500661 266.459345817566 261.224091053009 262.550592422485 262.456874052684 260.395367940267 255.360086758931 255.936801433563 252.076268196106 253.380576769511 248.890558878581 246.263305346171 242.353081703186 239.147861798604 225.331544876099 221.707224845886 210.74765920639 201.861500740051 203.601717948914 200.091958045959 182.099243005117 168.531358242035 160.087615251541 172.338386376699 192.999561627706 194.02019182841 185.405770937602 174.318591753642 171.649197737376 175.262053807577
271.471440792084 268.025080362956 262.154678503672 256.872057914734 263.120830059052 272.676825523376 276.078343391418 273.774663607279 274.832506974538 276.557127634684 281.365970770518 280.983666578929 280.765414237976 279.78511651357 274.673998355865 274.828235308329 274.599273999532 271.360874176025 263.281444708506 263.436794281006 261.637032032013 259.472091992696 261.34725411733 261.753837267558 255.036850770315 252.701322237651 247.409145037333 239.926973978678 235.320528348287 227.858662605286 224.463363488515 226.59558057785 217.552224795024 218.960404396057 224.991937478383 229.780693848928 231.328288714091 219.676812489827 201.508720715841 168.498893578847 172.301093737284 181.087215741475 181.45094315211 173.916320006053 177.695373694102 190.547585487366
273.440579573313 271.078864733378 268.162508805593 260.102033615112 259.113232294718 268.657147884369 274.564643700918 273.783644040426 272.353649139404 275.769809881846 282.972117265065 282.654325167338 280.456761519114 280.47513961792 277.832408746084 274.051566918691 275.147060553233 270.121256510417 267.501870791117 265.897770722707 264.320135116577 262.750784556071 258.970419565837 259.619851907094 254.955291748047 251.122653484344 234.12815729777 213.197529315948 208.65261554718 213.377972443899 222.004612286886 222.096761067708 216.882725556691 216.377715269725 227.926135063171 242.418309052785 255.37117322286 259.190519650777 251.209636529287 207.552552223206 177.793105443319 188.561777273814 201.504369576772 209.215879440308 216.096699237823 225.339591503143
272.842506567637 269.135892391205 269.794841607412 265.821814537048 260.925730069478 264.530102411906 274.177352587382 274.382690588633 271.927873293559 272.919495900472 279.346466064453 282.112658023834 277.43931611379 278.784652551015 279.157201449076 271.042923132579 272.846659024556 269.500315189362 265.861372152964 266.028066476186 267.965734004974 266.669690608978 262.256145477295 256.422738234202 255.57009379069 254.999140898387 237.10834980011 217.055102189382 213.744839032491 220.026711622874 229.621728261312 227.181375026703 226.758201917013 230.457524458567 239.703933397929 246.249238650004 252.090513706207 225.652992725372 200.286646684011 198.863327503204 204.566200574239 217.599252859751 212.860862414042 204.221705595652 199.119627475739 212.446093559265
263.914167881012 267.646034558614 267.431795597076 265.863279501597 263.246377309163 260.354359944661 273.309648036957 276.50127808253 273.405492305756 271.078010400136 276.19206905365 280.834635098775 278.426428635915 273.586908976237 275.592267513275 271.660447120667 269.036988417308 268.885652224223 267.702480157216 268.391350905101 268.704791863759 265.081266562144 263.226131598155 259.862621625264 258.842130502065 260.943094889323 254.88535563151 246.830662091573 244.066913922628 244.106491406759 242.296616236369 234.253366788228 238.832513491313 240.627566973368 238.462150096893 227.35865910848 204.024235407511 160.812040170034 139.73726828893 176.215211550395 215.954959392548 227.219879627228 210.769693056742 201.408346494039 203.686038653056 214.79872862498
253.089567025503 263.696451981862 265.278836091359 263.404270013173 264.720777670542 259.878436724345 265.392025311788 275.47299861908 279.355804125468 274.457931518555 275.54972966512 278.702954451243 278.523286183675 276.348054409027 274.888098239899 272.347708543142 266.583581765493 266.280174255371 263.334155082703 261.424521605174 260.55904229482 261.585911115011 258.203486601512 256.222069263458 256.798505783081 261.024753252665 268.961211045583 269.698103268941 252.447168032328 249.964197476705 241.879045963287 232.758760452271 231.721023718516 214.634656906128 189.948777357737 164.235969384511 152.345955371857 138.93860578537 126.405537128448 142.635772625605 169.205327828725 198.444247245789 211.692969004313 228.734135627747 255.830645561218 260.019799073537
