input/barkrak2/radiation/dir27524.grid
NCOLS 85 
NROWS 70 
XLLCORNER 665100 
YLLCORNER 4664600 
CELLSIZE 20 
NODATA_value -9999 
[rows 21 to 41 of 70, columns 0 to 45 of 85]
76.9260426362356 64.2571995655696 55.2306075890859 74.4343449672063 72.2231964270274 45.9425846735636 49.4916041692098 58.5069557030996 66.0563955704371 71.6707011063894 74.3712882200877 74.2463916540146 76.1599143346151 72.7087408304214 81.7099809646606 95.5519874890645 109.606285889943 120.227783918381 131.878832976023 147.542824347814 157.453954219818 169.345299402873 174.016197522481 171.68265581131 161.676933368047 145.339488983154 133.090098698934 132.318178812663 137.521207332611 122.482945521673 115.944802761078 86.53923869133 66.9548014799754 48.0553160111109 47.5447326898575 54.8527240753174 66.0402029752731 78.0374854803085 103.675355513891 114.16357755661 112.769037485123 118.564258019129 115.979423125585 101.98234518369 126.941581567128 139.866540829341
119.636158148448 116.266747315725 95.1930085817973 93.7559505303701 90.8609429995219 61.9683563709259 66.9536342223485 66.1312093337377 63.9857004086177 66.3808981577555 73.9614963531494 75.7834513982137 80.6270142396291 81.2642673651377 84.5468640327454 91.0814702510834 103.267520666122 116.030951340993 124.543388684591 127.322832743327 133.14946492513 149.295936028163 161.993741989136 163.60201438268 160.014629364014 149.180630842845 136.081486940384 129.539340734482 134.312679370244 116.321514050166 75.5563577016195 46.5149978796641 30.2928313612938 11.1221447587013 5.18405747910341 15.0435951848825 28.3281231919924 61.9063874085744 73.5160410404205 82.044243812561 87.9970590273539 95.7670509815216 81.3028564055761 67.1945710976918 95.804750919342 129.919032255809
154.090642929077 148.639261722565 115.036060412725 100.412170092265 96.950242916743 92.5902823607127 85.8213504155477 70.3626324733098 60.9651704629262 63.6701881885529 75.5312144756317 81.300010283788 83.7522149085999 95.6673324108124 92.3045674959819 93.837042649587 102.042456467946 113.159338633219 119.83201901118 111.944735050201 112.652669350306 117.830296357473 132.724752028783 143.440753221512 144.960542519887 142.419596513112 131.266971429189 122.515430053075 102.591554323832 53.5633563995361 46.742856502533 35.8451729019483 10.1851572593053 0 0 0 5.07865535716216 20.921324690183 31.5647621949514 28.4787292281787 29.5788596073786 38.7586479385694 44.3162520726522 78.9808680613836 94.9474672476451 116.191774606705
152.267187833786 148.659596840541 132.769445578257 104.524910449982 87.8525873025258 91.8621321519216 84.7672025362651 78.8678328196208 70.0294574101766 66.7542864878972 73.6403614282608 78.2460073630015 80.5970827738444 91.6775862375895 90.7293657461802 91.9614533583323 101.433614889781 112.697780132294 119.900087515513 110.085705916087 110.590914885203 107.426842053731 116.908878087997 124.647875626882 128.130704164505 127.084881067276 116.352419058482 108.758350213369 90.6735062599182 44.9148714542389 38.7285749117533 37.2464607159297 18.3740990857283 0.015818367198032 0 0.0199927635549102 3.83560794095198 8.3509466300408 12.4425701797009 11.0167488455772 11.9113686184088 8.91518220305443 26.4550348122915 106.349329153697 108.714411656062 120.768755674362
139.264951149623 144.036819537481 143.169383207957 113.473445177078 88.7238383293152 93.0749277273814 96.5701937675476 106.035232543945 104.955007632573 94.1339631875356 85.1599971453349 91.008335351944 90.218315521876 99.4149446487427 97.9681015014648 94.7019060452779 95.6952174504598 107.773989439011 115.817805131276 119.958241780599 123.214056094488 120.502601067225 116.463482379913 115.318169196447 117.501556873322 116.057316462199 108.777225017548 102.212210496267 79.384724299113 64.7717217604319 62.7297063668569 72.4879503250122 65.7381763060888 13.5202879707019 1.28459410431484 5.54439797997475 7.1718276788791 8.3008607228597 9.53826432426771 6.18354355295499 1.44764548167586 3.11484870811303 42.0330862204234 101.356168588003 124.951551357905 128.373046716054
138.172070185343 143.429021040599 146.084566911062 122.544199228287 105.425894260406 111.512998739878 122.413416703542 130.735536416372 137.817243734996 128.817091385523 107.520212729772 105.807920296987 104.091763496399 111.147145430247 112.875362237295 100.831280152003 97.7746446927388 109.132448832194 118.878503640493 132.894853750865 134.230693181356 130.674918492635 122.235000133514 116.348127524058 116.502195596695 118.454893430074 110.631624857585 109.366844097773 97.2858468691508 98.1447100639343 111.397206783295 135.072648525238 143.833100795746 127.378145853678 48.5352178414663 18.3075269063314 16.1160491406918 15.1306862632434 11.8526890873909 5.43635400633017 13.7707168857257 39.8974219957987 81.0261021057765 101.644913355509 116.88161889712 116.888682047526
139.999310175578 138.64744702975 139.083514610926 127.782752116521 137.049456437429 137.557983398438 148.960252602895 146.652350823085 146.199246247609 146.213342746099 120.388468106588 104.168941577276 109.721879164378 109.577049811681 116.407185792923 112.558166186015 106.831898291906 114.112118879954 129.511137803396 135.657787322998 134.120494127274 124.961326519648 123.199721177419 123.123824596405 123.708566029867 123.282253742218 118.984580039978 121.058801809947 133.411069711049 141.262133916219 153.809169928233 165.409247080485 175.232112407684 186.131477355957 150.459925333659 52.7370472749074 27.0480265220006 16.498198111852 9.70909682412942 10.3021400670211 33.7184071540833 100.363393624624 100.675751765569 92.6325221856435 89.9352232615153 88.0172252655029
142.687718073527 131.192078193029 132.314960161845 132.603426774343 159.897883733114 153.607348601023 149.267007907232 138.122508923213 134.162366390228 122.764438390732 103.697121143341 97.7568030357361 104.4648985068 107.68449306488 120.836397012075 122.47109413147 116.777072350184 112.906475861867 125.891486803691 129.049519697825 126.676152149836 119.857470194499 120.756407578786 127.966304620107 130.938410758972 125.369479258855 127.999891837438 123.597790797551 144.015947977702 157.844066619873 174.464305241903 185.573617617289 192.787488301595 194.587667783101 191.841642061869 120.52184343338 25.0546038150787 7.86762063701948 3.97440853218238 4.05920358995597 50.594170888265 94.4942533969879 86.7129564285278 64.1478796799978 60.1941247781118 59.6274584531784
142.845024665197 124.720960855484 126.343975464503 140.873829523722 160.03672281901 149.927457173665 130.023429791133 112.027208010356 96.5648690859477 82.750216126442 81.674853960673 83.8279326756795 92.5925771395365 106.774171193441 119.291086991628 127.256035804749 125.201145807902 110.280166069667 115.327934424082 118.999302387238 118.541061878204 120.0825770696 120.025018850962 128.56537103653 133.628636598587 129.645735025406 134.322106838226 131.554752588272 141.97168747584 162.339637676875 185.833315054576 199.023087819417 198.733429114024 197.931170463562 208.974738915761 196.276803811391 111.466884613037 28.1728555758794 17.9944137732188 21.0429007808367 43.1900719801585 58.5252940654755 67.9397732019424 42.7760233481725 36.6014788548152 42.2554463148117
139.70144589742 143.599937359492 170.528093973796 211.791137854258 192.880272865295 156.702230374018 120.636562506358 92.5963322321574 73.9716291427612 74.7700035572052 70.4900175333023 67.7938709656398 89.2857114473979 107.029924790064 125.300973653793 132.055719693502 131.336748600006 117.36277739207 116.904735565186 122.055838505427 119.368563095729 125.012934207916 126.977741718292 130.845844745636 137.378662824631 142.303804556529 140.424122412999 141.888876756032 145.74255545934 173.860013484955 196.270346641541 205.150922139486 200.648824373881 208.800594011943 221.424321333567 226.726889610291 205.647667249044 150.682826836904 69.4101899862289 36.9677220781644 30.3863435983658 33.6192299922307 48.9749610424042 39.1650721430779 34.553162753582 47.8254010279973
156.829704840978 193.759938081106 241.449813048045 264.9005651474 255.307813485463 202.352265516917 150.490790605545 111.142794291178 92.770129442215 94.5157408714294 86.2303376197815 75.6342262029648 87.0250960191091 107.933074235916 127.199947834015 136.478046576182 134.740134080251 128.088335196177 120.836128791173 123.378793398539 123.687108357747 128.558506568273 131.292829910914 133.174240589142 137.99923658371 151.257892449697 152.375777562459 158.594737450282 165.734350681305 181.037167708079 198.383629322052 208.041807015737 210.577150185903 218.206663926442 225.069165229797 221.898118654887 219.258844852448 214.719712734222 147.94001976649 67.1963393688202 34.5449323455493 34.5612416664759 38.732556005319 43.8949912786484 52.2335122028987 72.0999340216319
218.371828397115 253.533562024434 273.304243882497 273.27702442805 281.872431437174 260.868668556213 223.442018032074 170.793334643046 139.141499996185 130.159715811412 124.937891960144 107.08275437355 89.5565946896871 106.304834286372 130.271991093953 138.763209184011 131.233404080073 134.263137976329 123.292585213979 122.465630372365 126.889765262604 129.808366298676 130.234320958455 130.873670180639 137.700219949087 152.698735396067 160.544951756795 169.462045033773 176.127552986145 182.369848092397 196.291248003642 209.198911984762 210.812071959178 206.359187761943 207.800030708313 196.475664774577 197.556376457214 193.906048933665 150.423149267832 93.103696902593 55.9180279572805 49.8626331488291 43.538694580396 44.944907228152 52.6543458302816 72.8496958812078
262.371877829234 275.288105010986 277.210772037506 273.547053337097 275.959451993306 276.835282643636 259.073317050934 216.247042020162 178.198079268138 158.166110515594 157.63920545578 140.365789333979 115.187545617421 113.755096991857 126.824170351028 133.774310350418 127.215425173442 130.151530106862 123.342931270599 125.233322381973 123.272866010666 125.990092754364 125.437448422114 125.790079434713 134.557038545609 146.306832631429 160.297771294912 164.185762405396 172.502219676971 183.716833591461 197.146673997243 199.952344099681 178.950190544128 175.114810466766 171.456376711527 156.42703572909 156.912724177043 142.881711324056 108.203023672104 76.9616464773814 81.7607492208481 73.7486779689789 58.6889088153839 47.3348597685496 44.6482946475347 56.7057778437932
271.913429101308 275.182465712229 275.771498680115 274.512231349945 273.350516955058 275.444070498149 271.977305412292 246.599276860555 198.324620723724 168.458878993988 164.505740006765 161.498963832855 147.133847077688 131.040791670481 127.685328324636 133.10361901919 126.332859198252 123.770882685979 123.742997646332 128.120968739192 122.484763463338 122.867206732432 124.581515789032 126.862575610479 131.484836339951 139.578878879547 151.883681615194 152.158310015996 161.557088295619 179.776310920715 189.808050791423 184.410075346629 169.277171293894 168.735464413961 156.516999006271 142.254163821538 146.187484264374 143.561234076818 127.650876839956 100.346148014069 102.081656455994 107.85519083341 92.1712319056193 69.4425006707509 54.0793836116791 44.2299793163935
269.846121470133 271.786689758301 270.755966504415 271.695991357168 270.408312479655 267.73061354955 267.103930314382 252.148667971293 210.558791955312 179.28671836853 168.779790401459 167.542735735575 164.117495218913 142.636239528656 133.45605134964 138.751159111659 131.469746430715 122.886786858241 127.384374539057 129.772464434306 126.849681138992 123.770783344905 127.578596274058 131.807049115499 131.265580654144 137.05176115036 143.492639064789 143.463482459386 151.61277850469 172.530849774679 181.102931499481 178.003410498301 171.369810899099 177.609165509542 155.036469300588 148.607522249222 153.175195058187 159.57381327947 161.843647559484 134.038130442301 95.1673885186513 92.2056833902995 80.2887678146362 60.0332419077555 49.1457432508469 38.8638327519099
255.231221516927 256.572008132935 258.277455965678 256.421188513438 255.537788073222 253.51885954539 258.12961657842 256.111303965251 219.357748826345 185.51766872406 167.203644911448 161.043405532837 160.650332768758 143.203516801198 131.752043962479 141.118735074997 142.178585131963 129.19611732165 131.465137004852 136.081953843435 134.737312793732 130.6192278862 130.614846944809 134.357770284017 133.230159680049 133.368869622548 141.601860523224 148.232251405716 153.471231460571 167.975405852 179.142038027445 180.94797929128 178.276658058167 175.469934940338 157.873054345449 162.529359261195 164.52564795812 166.905403137207 166.885018348694 141.498506069183 72.0857630173365 53.1182885169983 34.0126206477483 28.0167758464813 26.3628289103508 20.2284355958303
235.656579335531 243.632098038991 252.377013365428 250.391225020091 248.200058937073 252.501765886943 259.494860967 261.364758014679 239.718794822693 196.550190448761 174.971620241801 156.772196292877 147.529681523641 138.424684604009 128.132174412409 135.08528470993 146.937737862269 138.351251681646 133.967379728953 138.694703578949 138.733595609665 133.551061153412 131.765594085058 133.761008580526 134.813865025838 135.346909364065 138.74218861262 149.860680103302 154.95886405309 160.049855709076 173.554718494415 182.080586751302 175.066868464152 166.602025429408 153.411418199539 172.295192877452 177.953402201335 180.430988470713 172.758976618449 157.076885302862 64.3426974614461 26.6578992207845 11.782372991244 10.1306376357873 9.78391058743 1.11976762612661
201.934278011322 212.622880935669 221.151570479075 224.883834520976 232.486148675283 245.505094528198 256.210029125214 261.667887369792 250.375807285309 216.707487901052 187.382022539775 162.891894578934 148.194789886475 144.709368546804 134.529302517573 129.249602556229 141.673306624095 142.538011074066 134.484827518463 135.513246059418 135.955760876338 132.150848706563 129.679650068283 130.874931812286 134.257763624191 140.030175447464 139.418870210648 146.588693062464 151.874671379725 154.432515303294 165.04822174708 179.455459117889 172.799785931905 154.410839080811 160.456518332163 185.555438200633 190.146525700887 186.764419078827 176.164011160533 178.375522295634 128.553291161855 41.7294998963674 14.2283563812574 10.41554287076 10.5334271987279 2.72383323560158
166.121025880178 173.329095045725 173.005441824595 182.666917641958 198.972264925639 215.840895970662 227.64656941096 237.977047761281 236.406167348226 211.433072884878 179.87455924352 157.521406809489 143.164793650309 141.799181699753 136.978099743525 131.258447964986 136.086126168569 137.857536474864 129.40721710523 128.839284181595 133.744716644287 136.530061562856 136.151601870855 130.948891242345 129.674116770426 133.558640877406 141.126126050949 144.396682580312 150.893688201904 151.786029338837 154.495686292648 168.088674545288 164.709856112798 159.311552842458 185.565491517385 198.880473772685 194.693048795064 187.141795953115 187.950770060221 201.258440812429 205.604036649068 152.994443972905 67.5974537928899 33.4807907541593 19.7624688347181 6.49669952690601
154.304166634878 156.952957312266 156.800409158071 157.707830270131 167.397896448771 174.037039279938 176.689068476359 182.552297910055 180.262247721354 163.970281680425 147.759248812993 144.150257110596 141.691366831462 138.810932636261 137.25021481514 136.223574479421 135.12177268664 135.96323132515 129.301965236664 129.034221172333 133.494039376577 139.108419418335 142.193098862966 137.2243364652 133.048464854558 130.883971850077 142.824411392212 146.264761686325 151.23595794042 151.456654071808 152.68087387085 159.067362546921 158.660034338633 171.639641125997 197.203358014425 197.042187054952 179.743707180023 169.985214869181 172.77983824412 191.467305024465 209.563990434011 219.666997591654 172.263701756795 88.1025195121765 38.7137184540431 18.2904700438182
163.790643215179 160.717199246089 160.976270834605 160.060912370682 155.594636996587 154.013921817144 151.177108287811 152.49573191007 157.475660244624 147.740145524343 140.216092268626 140.702962875366 144.64662472407 143.695990244548 140.656610329946 138.755669196447 133.108139038086 142.034262418747 141.361018021901 134.746571381887 138.485719760259 139.274964729945 139.475405216217 141.333073377609 141.989012559255 136.253515879313 141.803443431854 147.664705912272 151.361207167308 152.943869431814 154.326339562734 158.771852652232 161.341885725657 181.201656659444 192.927718162537 178.383628527323 164.385259151459 154.320448637009 155.720293521881 168.194433053335 199.768324693044 209.600647290548 193.38450829188 133.849591016769 61.4551305770874 27.0596990982691
