input/barkrak2/radiation/dir20324.grid
NCOLS 85 
NROWS 70 
XLLCORNER 665100 
YLLCORNER 4664600 
CELLSIZE 20 
NODATA_value -9999 
[rows 0 to 19 of 70, columns 0 to 45 of 85]
339.665770530701025 343.75011920929 344.918171564738 343.146125475566 339.124441146851 334.11693572998 326.247493426005 320.030629634857 324.636618296305 323.731064796448 320.816576480865 328.116516272227 333.309650421143 333.252231280009 336.139758427938 342.741807301839 342.840909957886 331.920305887858 327.55841811498 314.952373504639 294.757684071859 291.820208231608 309.742192427317 316.81219736735 314.44784005483 313.66898616155 312.611162662506 302.403171857198 284.226139386495 277.890682220459 276.225090026855 282.675425211589 295.365969340007 300.889452298482 306.362430254618 298.299888769786 296.085953712463 305.38276831309 303.462068239848 302.771210670471 294.148286183675 277.254541714986 286.997159322103 307.836890220642 312.838355700175 305.098573366801
331.558545430501 338.312745094299 338.033278783162 340.066353480021 340.478539466858 335.70404847463 326.975027720133 317.863881587982 321.156620979309 322.757045427958 317.81937678655 323.29930861791 330.482443173726 331.643303235372 331.433097521464 335.033098856608 334.28676923116 331.197043259939 329.091608524323 321.813424428304 308.074355125427 302.335222562154 308.705528577169 313.728551069895 313.312967618306 311.125874519348 309.01962518692 302.357951800029 287.601351737976 277.942220369975 279.330352942149 290.666063626607 292.37025976181 294.548571109772 305.399795373281 297.144134839376 291.756411393483 292.534867922465 289.619127909342 302.075664202372 299.957315127055 289.164821306864 295.162618160248 312.900424003601 317.604601383209 308.908740679423
307.986776034037 310.539344946543 314.566195011139 317.635059356689 324.113150437673 328.722735246023 330.72292804718 329.026420911153 327.087084452311 324.18421904246 316.573878129323 317.306319872538 325.47648747762 327.943483988444 324.331820011139 327.869892120361 332.353333632151 334.958950678508 334.281245867411 329.287052154541 325.78299442927 318.254470825195 311.896065870921 311.387896537781 312.89803981781 313.442587852478 307.801445325216 300.896326700846 289.361913998922 278.347651163737 277.334312597911 291.269203027089 280.615131060282 286.880711714427 300.485293070475 295.331696669261 281.677405039469 275.302688280741 286.58252954483 302.811463673909 303.659001986186 302.988171577454 304.173588752747 316.807150840759 326.197942097982 315.250754356384
288.369456926982 286.698758602142 288.776119550069 290.565073490143 296.356459458669 301.263590653737 305.924634138743 314.563473065694 324.301560719808 328.781505425771 327.002088228862 326.419830322266 328.183054924011 327.780306339264 324.632227420807 320.131878058116 322.934627532959 326.943079630534 331.20059967041 331.360340118408 328.799943129222 326.104640960693 325.550595919291 320.228695869446 318.544765313466 319.430828094482 314.514517784119 305.811444918315 297.950863838196 289.774417877197 281.107624371846 290.798505147298 280.657966931661 286.161998907725 292.783776919047 293.910245100657 288.492143154144 286.284705003103 302.538931369781 312.968254089355 308.835407098134 301.750659942627 297.957102457682 306.625405947367 318.049649397532 317.814767360687
304.763634999593 289.008398850759 272.972524166107 267.191032568614 270.374397436778 284.006019433339 299.33367172877 305.494685967763 312.088231245677 316.423098246257 326.074699560801 333.206971486409 336.039622624715 335.550586382548 333.75362555186 330.925365289052 328.795333703359 323.907335599263 325.745304425557 330.4416735967 329.397360483805 328.616261482239 332.437137762706 327.863057454427 323.568244775136 323.281506697337 318.786104520162 310.446480909983 302.433292071025 297.297894954681 296.73437277476 297.947883605957 291.235069433848 293.272395928701 291.175266106923 294.632116953532 304.096380869548 308.500349521637 315.810879071554 319.86935933431 317.843814690908 310.292998949687 303.91130844752 301.061948140462 305.728395779928 322.112520535787
327.567319075267 310.981333255768 288.993199666341 270.54891983668 263.290047645569 272.764305273692 292.029182116191 304.385224978129 306.91659450531 307.125310103099 314.000606536865 321.09413544337 326.298336187998 329.533934593201 332.66693353653 333.995262781779 330.268800258636 324.00518655777 323.525528113047 327.048401037852 326.920449733734 330.156803131104 335.863987604777 333.194255828857 329.407413800557 328.271865844727 322.38648335139 314.558227856954 305.074334144592 298.861622810364 300.109922885895 298.363327980042 301.815231641134 308.010359605153 302.672068277995 299.840927124023 307.629744211833 313.787082831065 316.210011641185 316.532572110494 317.319452762604 313.510696093241 311.258534590403 310.541033744812 308.384299278259 310.632288455963
336.244901021322 326.185186704 314.433097839355 299.193918704987 281.714022159576 270.971775054932 277.549227078756 300.500710805257 309.545894463857 313.903649648031 312.124788761139 308.686514695485 305.859347184499 303.380688031514 303.94454797109 313.888549804688 320.214072863261 326.911886533101 330.760995546977 332.251290480296 329.102158546448 325.722416241964 332.336644331614 334.240674972534 332.638363043467 333.765546480815 330.348372459412 323.504507541656 314.151565233866 308.328688144684 305.53658803304 307.43932723999 319.306472937266 324.718693892161 321.666042009989 315.228044986725 313.776274522146 316.472431023916 319.033940633138 323.559820652008 323.047896226247 319.10781065623 315.918505191803 311.119337876638 296.132465203603 289.898117383321
334.985653559367 333.452781041463 330.312311649323 323.0086962382 309.191425641378 286.867876847585 267.41103331248 268.856962521871 296.171228090922 313.499609629313 317.97977288564 315.225183963776 309.633056322734 303.540706634521 293.764650821686 296.342472235362 305.159529050191 315.402607123057 327.574670314789 334.60791905721 334.153930346171 329.341312249502 330.182015895844 332.979718844096 332.949121793111 335.056900978088 334.400018056234 330.219070116679 324.425319830577 321.666598320007 320.31641403834 321.078181266785 329.588154951731 332.475125789642 331.433713436127 327.725569407145 323.023041089376 318.810204664866 312.844375769297 317.036787668864 324.218233426412 328.309734662374 328.738907972972 321.087578932444 305.838545163472 291.833519935608
332.079887390137 332.765857378642 332.15469121933 329.694211483002 323.741594950358 311.836620171865 290.782809257507 267.35645532608 277.38082408905 295.138518015544 310.72191397349 314.695199330648 315.06359577179 313.650170962016 307.536979516347 302.953441937764 301.089664300283 304.327368736267 312.906781832377 323.421895503998 330.995241800944 333.243946234385 332.468767960866 329.962948958079 330.637713273366 333.557844161987 334.562460581462 332.867900530497 331.023852030436 332.414627075195 333.596467971802 332.724471886953 334.350426991781 335.55539449056 332.737644513448 331.267873446147 327.998757362366 320.364475250244 307.604591051737 309.940914312998 324.981947739919 330.283482869466 328.555146853129 324.045141537984 314.949830373128 305.847962697347
320.006648699443 324.60880279541 327.326456705729 327.434440453847 326.169550418854 325.799266497294 317.523221174876 305.346747239431 282.928844292959 274.553835391998 286.123236020406 304.601192474365 317.684392134349 322.600305080414 324.381192525228 320.643266042074 310.4461034139 307.163556416829 306.708772977193 309.043447176615 313.706080118815 318.729976812998 322.136302789052 324.135581652323 326.732834180196 329.034129778544 330.753286679586 329.763472080231 329.39491669337 332.43453502655 333.392063776652 333.474238713582 336.007912953695 338.086207707723 336.627642313639 332.607686519623 330.866813659668 326.929310957591 309.956868489583 307.665725549062 321.660836537679 324.20672972997 322.750469048818 320.245941480001 311.77548567454 302.774806817373
286.989311377207 297.163228193919 305.509567260742 311.802347501119 317.340592543284 321.908891201019 324.187338352203 322.762866814931 305.72106440862 286.525050799052 275.068442026774 281.740625699361 301.504035790761 317.578951517741 325.3413438797 320.123195648193 316.001415252686 312.428255875905 307.291547457377 302.385608355204 302.644948164622 302.429874738057 304.328441619873 312.275886535645 318.320949872335 322.458366552989 324.097951253255 323.688407739003 326.095740000407 328.884720802307 330.201029777527 332.213521003723 336.062510808309 337.676763534546 336.329658826192 333.598057428996 333.276490370433 333.620150883992 323.528508345286 314.171314239502 319.099466005961 322.322567303975 323.744575182597 323.352456092834 316.222767035166 308.280527591705
253.688017527262 258.276224136353 265.5375401179 275.803923606873 288.450181484222 300.761977831523 312.869668006897 316.882729530334 317.761301994324 309.365431467692 290.725330511729 274.57735935847 276.545743147532 294.119457403819 312.379936377207 313.33859761556 318.157136440277 316.938022772471 311.146358648936 304.12636200587 298.2577085495 295.912742614746 296.000738938649 302.659670511882 308.077394962311 310.477574666341 312.11519241333 314.862628777822 318.995118141174 321.775952974955 324.358721574148 328.112562497457 332.137227058411 332.560181617737 331.53110742569 331.095973650614 334.197680155436 336.867610613505 334.756056467692 327.469090620677 326.269090175629 329.17732000351 331.45272731781 330.944736798604 325.058201948802 322.596510251363
243.127703666687 239.251156648 237.187564373016 237.215558687846 244.260291258494 258.937577406565 280.000487963359 296.903868516286 316.856900850932 318.721354007721 311.588982741038 295.217633247375 272.851467132568 270.905057589213 289.987246195475 308.172424634298 318.228920300802 319.664100805918 316.980262597402 311.613142490387 305.604020754496 303.824861844381 303.498486677806 304.193456967672 303.923726081848 302.854955196381 305.989384651184 311.340769131978 313.56942653656 314.519147078196 317.767679691315 321.545958518982 323.262433211009 324.308931827545 324.206670125326 326.908648014069 333.193242549896 337.165037790934 336.832523345947 336.259166399638 335.184097290039 334.840099016825 334.258675575256 333.73498916626 327.785491943359 325.125694274902
238.706866900126 213.504354159037 197.642922401428 192.42121775945 189.007957776388 194.945494333903 214.116334915161 246.110002199809 279.345154762268 305.829624334971 316.65293375651 317.12543964386 306.035995483398 285.072902838389 282.909274101257 302.977840105693 313.570857048035 321.152091026306 324.691355228424 322.868883609772 316.291431585948 313.978632291158 311.000863711039 310.908893744151 310.116410255432 308.19034576416 310.813228289286 316.386163234711 315.398116906484 310.85596481959 314.791480700175 318.385243415833 319.843192895253 320.168395837148 321.992119153341 325.402736663818 329.259753227234 331.795970598857 332.496007283529 331.949591636658 333.201885223389 334.82301235199 336.137692133586 334.582726160685 329.714020093282 326.381107171377
222.906271616618 187.899669011434 165.571878353755 161.3383491834 160.982608795166 165.841549634933 174.337824185689 199.892958005269 224.811414877574 270.028909047445 311.715642611186 328.226526578267 330.345034599304 319.82958316803 301.924347877502 298.614760239919 303.004622459412 312.818586826324 323.292056719462 326.910754044851 326.166431109111 322.807729244232 321.592589219411 319.815099239349 316.039303938548 314.583420753479 316.994925340017 318.341374397278 313.416202863057 311.014711856842 314.64026371638 317.852934201558 317.268530527751 317.428112030029 319.842974344889 322.366038958232 322.686771551768 322.059273719788 323.837061723073 322.943250338237 326.126456260681 330.092529455821 331.766068935394 331.667164961497 328.407247861226 327.196439107259
188.851396242777 163.066039482752 145.342399676641 142.288148403168 158.18527340889 180.153846740723 181.035280227661 186.247587203979 207.323650519053 235.114375750224 282.393455505371 325.073619683584 336.0888560613 334.299008051554 324.530601501465 304.281771183014 296.150843302409 298.138936360677 309.586485226949 325.199802716573 329.964915911357 326.987783114115 327.912449836731 324.791272481283 320.238709449768 320.362687110901 322.271466255188 319.650610287984 314.440151055654 316.86407327652 318.832814693451 318.445801734924 316.634813944499 315.162440141042 315.652628739675 315.230806668599 313.076436519623 310.31999985377 311.992128690084 312.234838803609 315.561334292094 319.233616193136 320.928573608398 320.206900437673 323.852380116781 326.198935508728
166.706283887227 156.762252251307 142.943829298019 134.235888719559 139.175832271576 163.78265619278 182.465930779775 187.604208787282 201.309005419413 215.238034725189 238.076647122701 288.63521416982 330.379545688629 333.707054456075 331.170777479808 325.688421726227 318.771362304688 308.184723059336 300.824860731761 309.287548065186 323.36429754893 328.890919685364 330.734729766846 328.185776869456 324.067632357279 325.010557969411 328.123946984609 324.551860491435 321.299195289612 325.142661730448 325.655261675517 319.035092989604 315.365691979726 312.431395053864 309.251050154368 308.446049690247 305.519382158915 303.627133369446 303.978443145752 306.337257226308 308.420340220133 309.506952762604 311.423043409983 313.197573026021 321.418543656667 325.625797112783
158.272931973139 161.328574021657 157.870690027873 145.719667275747 130.123535792033 141.295810540517 173.05326461792 189.62432940801 208.595156669617 219.215671221415 228.247205416361 254.569709300995 299.014290173848 329.471151034037 333.908160527547 334.876616795858 333.834171295166 327.133079369863 314.521571000417 302.714129288991 310.969392458598 326.258977254232 327.97251145045 327.093382676442 327.365517616272 331.06670777003 333.555420239766 331.802527109782 328.80703608195 330.27462164561 327.145059903463 320.422212282817 316.493233044942 312.399387359619 307.516475518544 305.530607700348 303.967793782552 304.239849249522 303.199032942454 304.695129394531 306.679606437683 307.96358982722 306.950787703196 309.947689374288 317.384878794352 324.549714724223
166.946709156036 177.882075309753 184.398392836253 174.232304096222 152.616242567698 153.863668441772 176.083286603292 195.009032885234 213.642378648122 235.556642214457 241.72447125117 248.138944307963 274.309853712718 301.397542158763 327.513535817464 333.540280659993 333.759943644206 332.964519659678 330.665946006775 320.20495335261 306.946496168772 316.461563110352 320.513983567556 325.385948022207 330.627858638763 334.701100985209 336.430430412292 335.199395815531 330.508748690287 329.765836397807 325.611213843028 321.158369382222 316.99001789093 312.910874684652 310.407598813375 307.437936464945 306.333800156911 304.433782895406 303.841491540273 306.207299232483 308.324376742045 309.472600618998 309.126098950704 311.527947584788 311.584730943044 320.500095685323
179.121911525726 184.719224770864 197.34267393748 208.701312541962 195.527752240499 173.149784406026 173.460265000661 184.490283330282 203.999181588491 228.109379609426 239.728351434072 243.053237597148 252.995053927104 269.237418969472 286.801298459371 320.109744866689 328.331033388774 329.435726006826 329.71594731013 329.351425170898 324.601689974467 315.871755282084 316.531221071879 321.571131547292 328.207929929097 333.231548468272 336.448748906453 334.264198939006 328.833937644958 327.971816062927 324.138482411702 318.775852521261 314.845343430837 313.235024611155 311.796406904856 308.96117289861 307.043015956879 301.392992337545 299.21023050944 305.717627207438 310.476501782735 311.755498250326 312.542716662089 312.448938687642 309.365550676982 316.196978092194
