input/barkrak2/radiation/dir24824.grid
NCOLS 85 
NROWS 70 
XLLCORNER 665100 
YLLCORNER 4664600 
CELLSIZE 20 
NODATA_value -9999 
[rows 20 to 39 of 70, columns 0 to 45 of 85]
100.539028644562 88.8069768746694 96.7520574728648 123.470505078634 120.419611533483 103.0246814092 96.6642101605733 107.809762159983 120.342244704564 129.544049501419 142.821629842122 143.989106019338 143.272449572881 141.446352005005 149.781366189321 166.572203238805 181.01026614507 190.73212146759 206.046998500824 221.528768539429 229.48827346166 217.85714228948 219.677885373433 222.884933153788 226.217190424601 227.246344089508 223.40977191925 220.657149950663 229.974945386251 232.163409392039 242.849071820577 228.694478670756 212.099472681681 201.556980609894 196.933249632517 202.954332033793 202.444016933441 204.494337240855 209.19672648112 213.442345460256 214.937051137288 215.431729952494 218.017597993215 211.231191953023 217.263579368591 221.511900424957
131.838917732239 121.371428171794 120.253543059031 149.360100428263 147.155940532684 106.605857610703 106.235414743423 116.792728503545 125.55319070816 131.781707207362 137.754817803701 134.203255176544 134.60785150528 130.53172826767 140.702774127324 155.298848946889 169.072508811951 182.043274243673 195.293148358663 209.191958109538 214.468598365784 228.866378466288 232.128401597341 231.614251931508 222.141702969869 211.188038190206 200.376709302266 194.826523462931 197.932402292887 199.877937634786 184.693336486816 152.192672093709 138.473699490229 143.538186947505 148.401101430257 169.882496198018 178.993264834086 196.128249168396 208.699742952983 209.993402163188 206.935167312622 205.891251564026 198.43852519989 179.836432139079 204.960783322652 216.281692186991
178.460697333018 177.522699038188 164.448211590449 169.6537733078 169.505854447683 131.069421768188 131.246487299601 127.344290415446 122.888386249542 126.291205485662 133.158127466838 135.846803585688 140.929887692134 141.5074467659 144.308219353358 152.670919895172 165.44105609258 177.301565806071 186.39212846756 189.20624256134 193.257510662079 208.412090937297 218.153119087219 223.089714845022 221.12512588501 212.355633576711 196.465214093526 190.69097439448 180.245439211527 180.347641309102 146.82791630427 109.856257836024 75.2374430497487 64.24813469251 80.9739530086517 103.121211131414 142.380475997925 169.416626294454 186.26727660497 194.979310035706 199.503680070241 200.75253645579 172.912140687307 147.592683633169 181.17618560791 213.771224021912
212.35066652298 206.106265385946 181.862394014994 175.954500834147 174.830098946889 167.660752932231 151.965359846751 131.243030230204 119.20040845871 120.627601941427 135.365515947342 138.593832651774 148.14763267835 158.715665340424 155.576974153519 157.291382551193 163.177708784739 174.673716227214 181.706329186757 174.307147661845 173.647483189901 178.570628166199 191.567738850911 199.885447820028 203.679541746775 200.752794742584 190.792997678121 178.235987822215 158.713469902674 123.548408349355 97.9198416074117 76.4366090297699 44.0736214319865 10.9455771744251 10.8555220067501 36.6909752289454 71.8449652194977 101.76741083463 120.719244082769 138.279894987742 145.020544528961 134.983489910762 132.713238398234 160.777936379115 172.430435816447 203.095813592275
207.747836907705 206.03088537852 195.046683152517 179.175734519958 166.047712167104 167.142371336619 153.666128714879 142.611533403397 129.710147778193 125.789741675059 131.520162026087 140.585392713547 147.325386603673 156.65798385938 156.451205412547 155.723462502162 163.272639115651 175.070563952128 180.554211139679 172.713120778402 173.690438270569 170.316557089488 177.997807661692 184.010644753774 185.586114724477 183.965186278025 174.698869387309 163.993378480275 140.692124764125 97.5556671619415 79.0203809738159 79.0814856688182 54.6699812014898 10.7045608262221 7.38887240489324 24.8895759383837 47.0469246308009 64.4667198260625 82.2587956984838 91.5737648804982 84.2648148536682 81.2637309233348 106.689890225728 189.489384492238 191.51763121287 204.369962215424
195.501943429311 200.790445009867 202.220956484477 182.653824488322 166.476984818776 167.209684848785 165.303577979406 170.561234156291 166.937788327535 153.993705908457 148.679971694946 155.062754948934 160.331745942434 168.262084325155 168.377280235291 162.221054236094 165.188610553741 175.899803638458 181.907653808594 185.354749361674 188.318928082784 185.542603333791 178.552508354187 176.006575425466 175.366282463074 173.698623975118 167.071163654327 148.373444875081 125.920653343201 112.344404061635 109.431008497874 121.181637048721 116.781771183014 58.0716729164124 32.6918587088585 43.9315537611643 49.0625401337942 57.7706595261892 73.1571267048518 66.9303884108861 61.7244392633438 65.2661969264348 112.752735614777 188.289125760396 207.656582196554 213.672439257304
195.541123549143 200.30822356542 203.09708515803 188.289483388265 182.644784450531 185.069421927134 190.496702988942 194.986542065938 201.005736986796 193.400164445241 174.008667469025 180.502851804098 179.887334505717 188.394467035929 185.660262902578 173.730631669362 171.42657438914 181.989709536235 188.880026340485 200.347165266673 204.858183860779 199.785431226095 189.161737759908 178.502182165782 175.521492958069 175.228079160055 166.027466456095 155.311425526937 142.489115397135 147.388110558192 162.971685330073 188.531537850698 196.805854638418 187.301119168599 125.288923581441 67.657137910525 63.6185159285863 66.0897493362427 74.8740335305532 65.2112364768982 80.0856202840805 118.524054686228 154.568165540695 187.724987665812 209.700504938761 212.984502315521
198.326230049133 195.853730042775 197.775642077128 190.966228644053 212.300399939219 209.010541439056 211.04766925176 208.01172653834 211.186349391937 212.972680727641 191.251734892527 185.331006844838 184.916317462921 187.366048494975 189.856747786204 184.226036071777 179.651935895284 187.075873215993 197.824815909068 202.526847521464 201.694289843241 191.694696744283 187.580049037933 188.000599543254 186.485807100932 181.739668051402 178.007582823435 174.604852994283 173.023899396261 186.985592047373 203.99534702301 216.932237148285 223.391175270081 235.796411832174 218.641142050425 125.854551792145 83.4135115146637 72.3095635573069 67.4496591091156 67.8894420464834 113.385945558548 190.161327521006 177.502989768982 174.717466036479 185.709675153097 184.737900892893
199.091831843058 187.315503756205 189.909776051839 196.703553199768 233.551700909932 219.906846682231 208.633621533712 200.961212317149 200.062791506449 197.980801264445 185.311555862427 180.402119954427 183.848400910695 186.400214831034 190.344095230103 192.845225334167 187.17896938324 184.370398521423 194.648106892904 196.169257164001 194.456179936727 186.32831176122 185.760696729024 190.893610318502 191.088080406189 185.695429642995 184.337357680003 180.795848369598 181.696136792501 200.578451156616 220.560570557912 234.522938728333 239.20480410258 239.798903465271 245.169798533122 197.510361671448 96.3459312915802 60.1695477962494 49.3058711290359 57.9357147216797 125.893821318944 181.506911913554 168.197770913442 139.762987693151 139.938940604528 138.723194599152
196.069518725077 179.466128349304 184.113482634226 206.290503342946 233.173012733459 217.674990495046 194.474240144094 175.630311171214 161.098003387451 161.333858966827 161.069611708323 162.803381681442 174.804210662842 187.048474947611 190.505345662435 198.000848293304 194.576700528463 181.845227877299 184.707939624786 186.471184094747 185.151120026906 186.940550804138 187.216699123383 192.493398984273 196.42452398936 190.116246541341 193.12709569931 186.143596967061 186.940868695577 206.477125485738 229.857365290324 245.867908000946 244.024733702342 242.04428990682 252.792557080587 250.695864359538 185.798486073812 97.2414910793304 72.5901772578557 80.3732474644979 112.736493349075 132.680207490921 144.702017307281 112.068315347036 104.154209295909 110.935350259145
189.451615015666 195.262233416239 224.588930606842 269.419928391774 260.566473007202 224.257826805115 186.683197816213 156.628211339315 140.750825405121 151.713341474533 149.01531736056 138.804227113724 168.405870596568 187.365074952443 195.905725161235 203.513503074646 201.633016268412 189.380685488383 186.312317848206 190.474232037862 187.203069527944 193.062702814738 194.206575552622 195.588946342468 198.207676410675 201.969822247823 200.505991776784 198.048373063405 197.590271631877 215.328613917033 238.679548104604 250.617206096649 246.439874172211 251.640200614929 261.224071184794 265.20033677419 259.343902269999 227.577070395152 148.292044798533 105.561196804047 95.2075620492299 98.3223219712575 117.177198330561 106.657405694326 101.155579090118 119.553009668986
207.682927449544 242.632349332174 281.787931919098 300.310571988424 306.607186794281 266.739805539449 218.787471453349 177.850882212321 165.416300296783 177.946090698242 167.709211508433 150.311092535655 163.899083932241 184.650520483653 200.611929098765 207.037270069122 205.166498819987 200.421929359436 192.769169807434 192.010422547658 192.242960135142 196.489453315735 200.156549612681 199.55849647522 202.302992343903 212.465743223826 212.342858314514 216.061174869537 215.266664822896 226.470232009888 242.198268572489 251.454571882884 254.600505034129 262.060284614563 268.966098626455 261.980175971985 260.947008927663 272.277474403381 227.333347002665 148.591568072637 104.284107685089 101.037124792735 105.516374111176 109.003086884816 127.356032530467 154.633820056915
260.760088761648 288.949370384216 300.214290618896 297.430833180745 310.964206854502 308.313965797424 281.119704246521 244.156738122304 219.054480393728 212.802688280741 206.857959429423 184.61008866628 164.836943149567 182.077368100484 204.767485459646 210.394342740377 204.841832319895 207.500815391541 195.28591632843 193.276643753052 199.641168117523 201.555053393046 202.093899250031 200.669685999552 204.193969567617 217.042366663615 222.890237967173 228.45321893692 227.790057659149 229.970892270406 244.7536389033 254.689494768778 254.715879758199 253.549853960673 256.065547466278 245.433886845907 247.560520966848 249.6124903361 220.099329948425 170.201440652212 135.451555252075 122.605750958125 113.386253515879 113.0450963974 128.70059410731 154.05398607254
287.606994311015 298.562626043956 295.42467991511 287.575662136078 293.711622556051 306.627372900645 304.700414339701 280.128916104635 251.164476076762 236.63322130839 235.053320725759 215.421160062154 192.905008792877 191.148221492767 202.924331029256 206.816554069519 202.884078025818 205.385168393453 196.617702643077 197.474380334218 196.538388729095 198.239783445994 197.122236092885 196.579436461131 203.555822372437 213.943044344584 225.617706775665 227.751533190409 228.807866573334 235.425591468811 248.388449350993 249.130507310232 237.084587415059 228.741923967997 232.152958710988 213.018457094828 211.942394574483 201.224724451701 171.695907910665 151.339511076609 164.961685736974 154.967844486237 136.36189699173 119.889348745346 114.687412977219 129.661997159322
295.601367950439 297.715346018473 300.64849058787 292.179107666016 289.400259653727 297.154009342194 308.972795804342 304.173350334167 271.548966566722 247.134546438853 239.826758702596 234.029690424601 225.364565849304 208.6181640625 203.789114952087 205.682337284088 201.836287975311 199.615915616353 199.261625607808 202.745179335276 198.964238166809 198.022325833639 198.335627714793 199.225723743439 203.254262606303 210.524340470632 220.064441363017 218.506614367167 222.604711850484 235.726416110992 243.624130884806 236.473977565765 223.831176757812 221.747676531474 214.786807696025 197.235465049744 200.538059075673 198.55542977651 187.478383382161 176.776528358459 185.91050306956 193.663418292999 171.429514884949 148.949921131134 125.918289025625 117.990096410116
304.711759090424 304.840346177419 308.122475941976 305.4412206014 298.157115777334 297.998050848643 306.513587633769 309.924980004628 279.706378777822 251.562555631002 239.965319633484 239.603161811829 241.734464963277 222.580413023631 210.99857489268 212.754487991333 206.565996011098 200.109402338664 204.07098531723 205.902457237244 203.330318133036 199.090937773387 201.895614465078 205.980579058329 205.596129099528 210.719386736552 213.469783465068 211.736897627513 216.899911562602 233.344674110413 238.957564036051 231.638630231222 226.231316725413 227.345029513041 210.090438524882 203.334788481394 209.094961484273 214.246213436127 216.83390935262 207.721253236135 177.907089392344 177.93744802475 161.467572053274 141.598641872406 127.029766639074 106.319139401118
302.140990893046 303.097625573476 306.364337603251 304.921825726827 297.554234663645 293.939054012299 301.159660021464 308.460672696431 286.379138628642 252.989649772644 238.965809345245 236.768543720245 238.09935649236 220.596710840861 209.156235059102 215.048750241598 217.412988344828 205.422023932139 207.787533601125 210.823635260264 211.742699146271 204.85665400823 204.454282919566 209.315657615662 206.433892250061 206.178784370422 211.013575394948 216.275155544281 220.486621061961 231.906414031982 237.914144992828 234.165251255035 228.472371896108 228.027065594991 210.350394248962 213.172972202301 216.703772544861 222.111185391744 223.342180252075 207.929174105326 152.977496385574 125.352889299393 106.451412041982 96.9088176886241 97.7318783601125 95.4482555389404
293.611526489258 298.344890276591 303.921580314636 302.406350771586 297.346472740173 297.381182511648 302.726586659749 309.099078178406 298.006216684977 265.791455904643 246.08580271403 234.55270131429 224.668860435486 214.85710144043 205.10462919871 210.399190584819 221.691886583964 212.151169776917 210.026065508525 212.966084480286 212.892731030782 207.98804362615 205.787042776744 207.416792710622 208.327134450277 206.941803296407 209.513982137044 217.626253763835 221.962610880534 226.260264714559 234.714150428772 236.923317114512 231.229980786641 216.876864433289 203.92918586731 221.498469511668 229.612469673157 230.510969956716 224.457522233327 214.52271938324 144.548277060191 88.0332589149475 65.5489961306254 56.5806825955709 61.4997049172719 67.9620405038198
268.975675106049 277.916113535563 284.10683075587 286.245663960775 289.778510729472 297.157088915507 303.219596544902 306.460340817769 302.074869473775 278.392195701599 259.025553862254 238.391220569611 222.311417261759 218.13428401947 210.941851139069 204.015076160431 215.895315011342 215.394973754883 207.563996315002 208.515385786692 206.912060578664 204.922517140706 202.45623588562 199.95391368866 203.024824460348 206.616759300232 207.362353801727 212.167938550313 216.596662998199 220.30113140742 227.519631385803 238.259871800741 227.566679318746 203.559994697571 209.527373313904 236.809730529785 241.798162460327 235.339343547821 225.49178202947 224.949916203817 195.984244346619 114.454925060272 66.3394182920456 54.4528563817342 56.2640130519867 52.3051669200261
238.84254693985 245.170692602793 244.850297768911 253.413399060567 266.00581407547 280.559738477071 290.916959444682 297.031819820404 294.30764913559 278.217116991679 251.607676347097 231.511235237122 216.471234957377 216.661194960276 210.420489311218 204.844832420349 207.671801249186 209.403455257416 199.347615242004 200.372338294983 203.327119350433 205.768903096517 203.495879968007 198.231756687164 198.597808678945 202.062745889028 207.415401935577 211.69247229894 215.849916140238 215.044856071472 218.516667683919 226.955850919088 218.974649906158 206.076403458913 234.030445416768 251.031180222829 245.795369148254 238.186160723368 232.589781284332 239.042580127716 254.186987876892 226.643403371175 145.252307256063 96.5001781781514 71.0569123427073 55.2214384078979
