input/barkrak2/radiation/dir23724.grid
NCOLS 85 
NROWS 70 
XLLCORNER 665100 
YLLCORNER 4664600 
CELLSIZE 20 
NODATA_value -9999 
[rows 0 to 19 of 70, columns 0 to 45 of 85]
279.713590939840003 289.973477522532 299.866775671641 308.91615152359 311.980088551839 309.813777605693 302.107612291972 296.307682991028 299.25924539566 299.842834472656 298.312226931254 302.288115024567 304.368754227956 304.254253705343 306.357602278392 302.809993426005 294.607798258464 288.005669911702 285.646756490072 273.93251657486 258.678515752157 265.074789524078 288.078745206197 295.819799105326 295.511941115061 299.144844214122 297.095398108164 285.187562306722 268.367767333984 263.97583882014 261.579871177673 274.783571561178 302.782118320465 301.249782244364 304.535388946533 293.67599884669 297.242363293966 307.419081528982 299.665669600169 303.398807843526 292.49107837677 287.095665931702 295.695563157399 306.50132894516 305.383145809174 302.009006341298
261.677344640096 275.548676649729 286.94760799408 299.675742785136 306.067784627279 305.279314517975 299.93482430776 295.616507530212 301.944355169932 302.408277988434 297.795991102854 300.260484218597 304.217120011648 305.460731188456 305.230339368184 302.78209845225 300.672650337219 294.520854949951 291.587392489115 279.496451218923 273.226459821065 280.325094858805 294.749359289805 299.151480197906 299.934764703115 301.01223786672 296.912988026937 286.908666292826 271.89048131307 264.988541603088 265.752832094828 285.886704921722 301.546156406403 301.931540171305 304.986377557119 294.789592425029 296.469847361247 301.609714825948 298.722008864085 307.054897149404 301.594952742259 294.058998425802 297.135452429454 304.590006669362 306.14827076594 304.647008577983
229.147096474965 241.000612576803 252.127766609192 263.083398342133 274.647394816081 281.509816646576 287.267367045085 293.751875559489 298.435807228088 296.975553035736 292.620281378428 295.745650927226 304.924070835114 308.669567108154 305.687109629313 310.024539629618 313.001314798991 310.434599717458 301.454762617747 293.259978294373 294.646163781484 296.450515588125 297.420859336853 298.470497131348 301.368594169617 301.526228586833 295.636057853699 286.161164442698 274.198730786641 268.266161282857 271.441658337911 293.621321519216 295.698543389638 299.943963686625 304.789324601491 298.952321211497 293.637176354726 291.752656300863 297.678728898366 305.87383111318 302.519102891286 296.099146207174 291.755676269531 298.875451087952 309.400916099548 308.588822682699
213.123063246409 214.766542116801 221.132854620616 227.978070576986 234.97466246287 239.722192287445 245.803316434224 258.350729942322 274.442791938782 286.336799462636 292.123099168142 300.323645273844 308.010200659434 310.721079508464 310.163617134094 310.901045799255 310.727536678314 307.19514687856 301.355997721354 298.051456610362 296.575009822845 294.313490390778 299.655218919118 300.16040802002 299.822549025218 301.462749640147 297.686000665029 290.082971254985 284.203151861827 279.61003780365 275.675038496653 296.376983324687 296.064257621765 298.528254032135 300.190965334574 301.682313283284 299.091279506683 298.091351985931 305.980145931244 306.971291700999 300.159355004628 288.959701855977 284.578005472819 297.065476576487 311.192452907562 309.260527292887
233.293811480204 218.304932117462 206.495722134908 197.320103645325 201.085130373637 216.466883818309 235.60090859731 245.118021965027 254.239539305369 260.107616583506 276.987771193186 293.607811133067 303.419431050618 307.828903198242 310.05201737086 310.794035593669 305.909474690755 298.150320847829 296.258449554443 297.455946604411 294.405043125153 293.033639589945 300.746440887451 301.4009197553 300.518572330475 303.719560305278 299.427131811778 293.305814266205 287.481665611267 283.850153287252 287.321845690409 303.384522596995 301.05072259903 301.670511563619 298.303127288818 300.0301917394 305.409153302511 307.712018489838 307.303269704183 305.456578731537 302.428503831228 296.355843544006 294.820586840312 298.186401526133 303.164104620616 304.231484731038
271.8585729599 248.11981121699 223.064064979553 201.119661331177 191.831270853678 202.778180440267 226.829906304677 242.237826188405 245.814760526021 245.887160301208 254.661043485006 266.694764296214 275.02034107844 280.568063259125 287.075678507487 292.15665658315 290.5619541804 288.953204949697 292.5785779953 297.430833180745 297.445197900136 300.817549228668 305.262764294942 303.517858187358 303.213953971863 305.36550283432 302.248120307922 297.388354937236 290.508111317952 287.45969136556 296.06968164444 304.755250612895 305.945038795471 308.939933776855 303.127348423004 300.284763177236 304.865459601084 306.554436683655 303.046703338623 302.979687849681 302.807291348775 299.618562062581 299.041370550791 299.775322278341 293.871919314067 282.695094744364
289.685567220052 270.187477270762 252.539833386739 233.622471491496 214.211344718933 201.116601626078 208.628018697103 235.816438992818 247.92355298996 255.271931489309 252.047995726267 247.371633847555 243.551651636759 240.091959635417 242.240568002065 255.956590175629 266.105870405833 280.007263024648 292.678475379944 300.502876440684 301.908850669861 301.372428735097 304.353177547455 304.011285305023 304.329752922058 306.319038073222 305.252035458883 301.954845587413 296.610136826833 296.538194020589 301.939109961192 307.639757792155 313.47131729126 314.29535150528 310.541907946269 303.972601890564 303.139567375183 301.964282989502 301.804482936859 302.999297777812 299.60823059082 296.366413434346 297.958215077718 298.263490200043 280.526955922445 274.38747882843
294.94853814443 287.896593411763 279.362261295319 266.536255677541 246.577878793081 218.881011009216 197.616577148438 197.935223579407 230.11847337087 253.209332625071 259.952902793884 255.759159723918 247.885346412659 239.165822664897 227.568686008453 230.852901935577 242.382208506266 256.944219271342 276.719252268473 291.187822818756 298.188805580139 300.307591756185 304.324309031169 304.019808769226 303.119858105977 303.964873154958 304.147283236186 302.313764890035 299.677471319834 303.041716416677 308.062811692556 311.115841070811 312.744836012522 311.807036399841 308.178583780924 304.42863702774 303.340236345927 298.262596130371 291.45336151123 287.263592084249 291.054507096608 298.278292020162 306.894977887471 306.425352891286 294.157226880391 286.867181460063
288.745681444804 289.278070131938 286.430259545644 280.22426366806 269.14918422699 250.244140625 222.817997137705 194.739083449046 207.622806231181 229.650537172953 247.944434483846 256.010830402374 257.400433222453 255.105535189311 244.575182596842 237.9163702329 235.471367835999 239.706595738729 252.889374891917 268.265982468923 280.606547991435 290.249983469645 295.641223589579 293.013294537862 294.357041517893 295.903782049815 296.888510386149 296.739637851715 296.69717947642 302.899738152822 306.41116698583 306.04096253713 305.834392706553 306.197901566823 304.850618044535 304.653068383535 302.518844604492 297.039091587067 284.926374753316 284.935633341471 299.621840318044 309.383670488993 312.954783439636 310.317834218343 299.948533376058 292.781790097555
264.697690804799 273.018737634023 277.241667111715 277.300675710042 274.844209353129 271.923919518789 258.320927619934 241.866846879323 213.018496831258 203.007499376933 216.246068477631 239.700357119242 258.762280146281 267.589728037516 269.129494825999 262.140234311422 248.077511787415 243.455131848653 242.859562238057 245.999395847321 253.919164339701 259.914060433706 267.535587151845 273.397485415141 280.156711737315 282.924652099609 284.426967302958 284.547527631124 285.727282365163 291.210293769836 292.494515577952 292.646884918213 297.789514064789 301.356573899587 302.557567755381 301.043768723806 299.20095205307 297.683517138163 285.932759443919 289.730668067932 306.668917338053 312.250395615896 311.612963676453 308.129886786143 297.390202681224 290.681799252828
217.830797036489 230.546136697133 242.215752601624 251.727004845937 260.270078976949 267.231682936351 269.096791744232 264.915486176809 240.388254324595 216.47705634435 201.884071032206 209.525883197784 235.453009605408 258.37783018748 271.139840284983 262.690345446269 256.014982859294 250.092407067617 242.093125979106 237.159450848897 237.408916155497 237.470408280691 240.77836672465 252.226869265238 263.251741727193 270.130197207133 271.940231323242 272.00311422348 276.758472124736 281.208197275798 283.680081367493 286.792119344076 293.956975142161 297.130783398946 296.504557132721 295.396367708842 297.762274742126 300.269345442454 296.304265658061 299.404879411062 307.957271734873 311.973134676615 311.680257320404 309.850653012594 302.297910054525 299.250821272532
177.115559577942 182.385702927907 190.857887268066 202.689588069916 218.273421128591 234.016617139181 251.16761525472 256.911953290304 257.774154345195 245.443801085154 221.138775348663 202.05154021581 203.660845756531 226.104915142059 250.736753145854 253.548940022786 259.70188776652 257.021387418111 248.324970404307 237.915376822154 231.738388538361 229.134877522786 229.281862576803 237.854321797689 245.286722977956 250.581900278727 253.244916598002 257.207214832306 263.372619946798 267.627616723378 271.726230780284 276.778638362885 281.763394673665 284.35218334198 284.175495306651 285.263260205587 292.893469333649 300.568362077077 301.98085308075 305.583735307058 308.715383211772 311.088144779205 310.706257820129 308.227260907491 303.348422050476 301.577051480611
165.118932723999 160.789092381795 158.480832974116 158.46773982048 166.264027357101 182.824353377024 207.56059885025 227.945625782013 254.859884579976 259.259919325511 248.821934064229 226.724147796631 199.991603692373 196.777900060018 219.41481033961 244.63427066803 259.042620658875 261.46411895752 257.13978211085 248.992005983988 240.143100420634 239.37733968099 238.927960395813 239.766558011373 240.068554878235 239.336689313253 242.933789889018 251.140395800273 254.46480512619 255.759656429291 260.446488857269 265.547533830007 267.317414283752 268.2124376297 270.444512367249 274.921377499898 285.036404927572 294.317622979482 295.245806376139 300.630291302999 303.688943386078 304.256975650787 303.416311740875 303.062637646993 298.131187756856 297.288358211517
156.806071599325 128.115306297938 111.816763877869 105.68431019783 103.205899397532 109.773347775141 128.353257973989 167.248070240021 206.072926521301 240.017970403035 257.012029488881 256.838619709015 239.36786254247 215.092778205872 212.355017662048 235.852579275767 251.602490743001 263.419310251872 269.366065661112 265.914877255758 255.751311779022 252.137223879496 249.057491620382 248.776018619537 248.431166013082 246.348261833191 249.252736568451 257.131993770599 256.621956825256 250.382959842682 255.439798037211 260.399758815765 262.037575244904 262.388408184052 265.620728333791 271.38481537501 277.011593182882 281.730930010478 284.286697705587 285.03676255544 288.803001244863 293.11857620875 297.711471716563 300.093750158946 295.301059881846 296.217024326324
143.424610296885 105.930288632711 80.407977104187 75.4837095737457 73.8715181748072 80.4690420627594 90.5364354451497 116.695235172908 146.533856789271 196.495751539866 246.934016545614 272.878587245941 276.567339897156 259.705563386281 235.990802447001 231.75460100174 235.87308327357 250.41393438975 266.24596118927 273.554484049479 271.793305873871 266.232470671336 264.024217923482 260.24603843689 256.920059521993 255.439937114716 257.535080115 259.588281313578 254.683057467143 250.486016273499 254.136363665263 258.057554562887 258.196930090586 258.209884166718 261.794904867808 264.613529046377 266.314347585042 265.442570050557 268.958926200867 268.680135409037 273.790736993154 280.466715494792 285.36981344223 287.08557287852 286.189039548238 288.045406341553
123.780429363251 97.4859098593394 67.5286203622818 54.202010234197 69.5069233576457 93.0984218915304 98.9944835503896 110.832651456197 130.265374978383 162.136346101761 211.780746777852 262.194355328878 286.526799201965 284.405589103699 266.68393611908 238.387028376261 227.953652540843 230.527818202972 246.003568172455 268.781781196594 278.244018554688 273.709575335185 274.635195732117 269.143621126811 262.509286403656 263.025343418121 265.502492586772 261.939942836761 256.587604681651 258.959889411926 259.969512621562 258.752961953481 256.110509236654 254.850327968597 255.5912733078 254.982133706411 252.384761969248 248.585124810537 251.257022221883 252.426008383433 256.868501504262 262.219389279683 264.931599299113 265.450199445089 274.211764335632 278.887550036112
109.109818935394 97.8129506111145 71.9954470793406 47.4708080291748 53.6125500996908 77.5429159402847 99.8013516267141 112.537165482839 131.818691889445 144.553105036418 168.108344078064 212.174415588379 238.277773062388 263.746539751689 279.357115427653 269.494692484538 258.081138134003 243.96812915802 233.630140622457 244.148135185242 266.289750734965 276.981870333354 280.143221219381 275.995214780172 269.438048203786 269.988755385081 273.777763048808 269.92803812027 266.989131768544 271.735946337382 270.786662896474 260.759671529134 254.700064659119 251.153906186422 246.772766113281 245.720386505127 241.579155127207 239.603102207184 240.255832672119 243.524432182312 245.283583799998 248.171468575796 250.951329867045 252.663890520732 267.471849918365 275.131483872732
101.050903399785 102.129429578781 90.9519791603088 58.9568068583806 48.8451421260834 77.6558170715968 102.673848470052 124.663968880971 140.082021554311 151.499927043915 160.360733668009 184.688627719879 215.252459049225 233.277599016825 247.693697611491 269.764641920726 277.00412273407 270.988086859385 252.061307430267 235.818346341451 246.500770250956 270.177046457926 274.926463762919 275.510052839915 275.970240434011 279.813011487325 283.292770385742 281.775693098704 279.054840405782 280.624707539876 275.23809671402 264.876325925191 257.705410321554 250.452200571696 244.66993411382 241.984367370605 239.623586336772 239.001711209615 239.103277524312 241.133014361064 243.614335854848 244.468490282694 244.663993517558 248.508314291636 258.33801428477 270.046452681224
106.451570987701 115.739901860555 117.801288763682 89.0115102132161 74.0185081958771 95.3596433003743 116.131126880646 135.134041309357 152.972569068273 170.252581437429 181.910554567973 184.942086537679 199.173092842102 209.014534950256 228.51973772049 249.557534853617 258.31147034963 266.038397947947 269.836862881978 258.911490440369 241.256435712179 253.870268662771 261.916299661001 270.584305127462 279.826601346334 286.263982454936 288.457175095876 288.915534814199 283.571938673655 281.564772129059 274.714847405752 268.236001332601 260.386089483897 252.671599388123 247.989674409231 243.62975358963 242.744644482931 240.004400412242 239.329914251963 241.727252801259 245.730698108673 247.35697110494 246.079007784526 248.900512854258 249.630490938822 262.531181176503
113.800674676895 119.02184287707 131.146470705668 128.443370262782 116.234511137009 115.886241197586 120.22257844607 130.671103795369 143.708974123001 169.330934683482 180.780371030172 179.634809494019 181.819081306458 189.945856730143 203.830778598785 224.952181180318 236.001054445902 247.212866942088 255.345940589905 262.322465578715 261.771897474925 250.266154607137 253.520925839742 263.099372386932 273.754755655924 281.671166419983 287.720322608948 288.253049055735 281.326552232107 280.131022135417 274.547298749288 267.045219739278 259.636759757996 254.353205362956 251.015623410543 246.104200681051 242.817759513855 234.957257906596 233.173191547394 240.728040536245 247.013529141744 248.081008593241 250.639140605927 250.150918960571 246.525307496389 256.037851174672
