input/barkrak2/radiation/dir29124.grid
NCOLS 85 
NROWS 70 
XLLCORNER 665100 
YLLCORNER 4664600 
CELLSIZE 20 
NODATA_value -9999 
[rows 21 to 41 of 70, columns 0 to 47 of 85]
49.9145487944285 37.751297156016 26.9284273187319 39.4520163536072 35.6761415799459 17.8677998483181 21.9218383232752 28.6236256361008 34.2029283444087 38.1285200516383 40.1455089449883 41.0560891032219 41.6415085395177 39.7135814030965 47.3579913377762 59.5303426186244 73.7207978963852 83.2569897174835 93.0724243323008 106.824378172557 115.779538949331 130.358626445134 134.452283382416 134.128044048945 127.748558918635 115.692993005117 106.337408224742 100.06253918012 115.255206823349 100.138644377391 78.0211438735326 59.7557524840037 37.9768212636312 22.7217997113864 10.2468791107337 7.31168873608112 11.6690012315909 24.2737631003062 38.2775614658991 49.0651627381643 50.7657825946808 52.7241478363673 56.5597613652547 50.883024930954 70.1754341522853 80.0093313058217 90.9879604975383 93.9924915631612
89.5777146021525 83.341121673584 60.7810964186986 56.9721510012945 52.0233561595281 29.5409535368284 36.2219884991646 36.2112522125244 32.7240650852521 34.1263090570768 39.7398347655932 42.1412537495295 45.3332910935084 46.3137576977412 49.0672339995702 54.9072076876958 67.3783719539642 79.0970722834269 87.1300498644511 90.4687941074371 95.3886111577352 112.116624911626 124.436547358831 129.959295193354 128.277530272802 120.794852574666 108.126670122147 102.176537116369 94.0054456392924 74.7558573881785 55.0229450066884 28.8726439078649 11.8649477759997 1.36054089913766 0.402955260748665 0.634576504429181 3.34723480045795 11.2884938716888 17.0047755042712 18.4005858997504 21.0773597160975 41.5153180559476 35.6596757968267 28.9013137420019 56.35766685009 78.4925768772761 84.4119191169739 87.1073802312215
124.439557393392 113.691329956055 80.1572700341543 63.3651663859685 57.5086971124013 55.3592691818873 49.6273388465246 37.69601136446 30.5591175953547 30.7003060976664 40.9900943438212 44.8326915502548 49.7302015622457 58.5135221481323 54.8293739557266 56.5799276034037 64.7306094566981 76.0952333609263 83.0745548009872 75.4557996988297 76.020821928978 81.6414505243301 94.77499127388 107.997129360835 114.58961168925 115.289747714996 101.936995983124 98.2396999994914 75.9992450475693 36.4129021763802 30.6471834580104 19.9108260373274 1.36186306675275 0 0 0 0 0 4.30941674858332 2.51250807195902 2.72871119280656 0 0 39.1091704368591 54.4990549484889 70.6165532271067 79.1988770167033 83.0650627613068
123.697767655055 119.722604751587 98.6517171065013 68.3497339487076 49.3184973796209 54.6759565671285 49.3172059456507 44.1523094971975 37.432407339414 34.8934680223465 37.9430651664734 41.7602757612864 47.6967990398407 55.3511132796605 56.7557911078135 55.1344056924184 63.2965564727783 76.1233468850454 82.1238060792287 74.1790036360423 73.8784869511922 71.5347776810328 80.5725355943044 89.9752080440521 95.13059258461 96.5179999669393 88.2559219996134 78.2147894303004 64.9866759777069 29.1881114244461 22.6791749397914 20.3667382399241 6.17968228956064 0 0 0 0 0 0 0 0 0 1.35102386896809 63.8477305571238 67.9729779561361 73.5519578059514 76.5185505151749 80.951397617658
109.931647777557 114.876439174016 108.036160469055 77.7583767970403 50.1662989457448 54.6483298142751 59.9591881036758 67.7453974882762 64.2187496026357 54.8815578222275 49.1398125886917 54.5569409926732 55.6398828824361 63.1032486756643 65.0809109210968 60.9063456455866 62.4817907810211 74.6104866266251 81.7994127670924 84.3982795874278 86.6201519966125 83.7562282880147 80.1362097263336 79.5199225346247 82.9621454079946 86.3614281018575 80.4214080174764 78.0100176731745 49.0719874699911 41.5013829867045 41.9136434793472 48.376868168513 41.2581488490105 1.74392480403185 0 0.0901043822523206 0.139275488133232 0.123802543384954 0 0 0 0 14.4525282084942 70.9092766046524 76.6159445047379 73.99582862854 73.7211853265762 76.6493380069733
108.724524577459 114.22606309255 112.378885348638 87.610791126887 65.8559799194336 72.2316751877467 82.2997589906057 91.362198193868 95.5012838045756 88.1451765696208 69.0273543198903 73.1024195750554 70.2405869960785 78.6592165629069 78.6674966414769 68.6710278193156 65.528263648351 77.3343493541082 86.0977272192637 97.6123511791229 99.7131665547689 97.786804040273 88.2791578769684 81.8727562824885 82.7117214600245 84.4633678595225 80.4711431264877 83.5574666659037 75.8924335241318 74.6904114882151 83.7110877037048 105.764547983805 114.932586749395 94.5846438407898 16.133909424146 3.56521364301443 2.85361427813768 2.68578746666511 0.889478406558434 0 1.79199346651634 10.5577123661836 48.2841680447261 70.5066372950872 75.5293120940526 69.7190264860789 69.2455520232518 69.798082113266
110.573331514994 109.190722306569 109.57270860672 93.6018923918406 95.2921410401662 96.3177084922791 105.385839939117 104.414929946264 106.899380683899 101.595789194107 82.058588663737 76.8850793441137 75.5794942378998 78.1807353099187 84.9184989929199 78.4895271062851 73.4760860602061 82.4501365423203 95.6190228462219 101.308643817902 99.4336009025574 91.2235677242279 88.967889547348 89.3290936946869 90.2447005112966 90.4931326707204 87.8272255261739 96.0738658905029 110.486249128977 116.295953591665 123.952031135559 132.064412037532 142.221421003342 154.79384859403 112.702329953512 22.9050864775976 6.95443277557691 4.57700435072184 1.5486953780055 0 6.64995486537615 60.3184054295222 62.1451834837596 56.5624982118607 51.8783728281657 55.2226255337397 53.180530667305 55.9212466080984
113.465209801992 101.491947968801 102.566659450531 97.7359712123871 116.192877292633 109.95747645696 105.543047189713 98.6916422843933 94.6919918060303 86.6997241973877 76.0640402634939 70.5134769280751 73.8240480422974 77.6968101660411 84.9565466245015 88.9724493026733 82.5711339712143 78.730712334315 92.4638410409292 94.8253373305003 93.6214625835419 85.6009821097056 86.3555868466695 92.704435189565 96.6988503932953 92.8089618682861 93.6443209648132 97.0721840858459 119.938164949417 133.106450239817 145.303249359131 153.928865989049 156.230290730794 164.792646964391 158.642152945201 83.5816562175751 7.28643809755643 0.928838194037477 0 0 20.583339035511 48.544039328893 49.460972348849 33.028319478035 26.5430510044098 27.8545767068863 33.1212356686592 44.9613233407338
113.886008659999 94.9494242668152 96.3891049226125 104.935963948568 117.16694633166 108.595391114553 91.6133423646291 73.0434010426203 61.2598905960719 55.0287266572317 54.2971889177958 59.195414185524 68.4886475404104 79.2286892731984 84.8881502946218 94.4182574748993 90.1900331179301 76.4106512069702 82.1745495001475 85.045337677002 84.9581162134806 85.5990052223206 86.6748789946238 92.9655830065409 100.2376973629 96.7265665531158 99.9436974525452 99.0320642789205 114.43297068278 137.278745571772 156.255344549815 166.172126928965 166.68822367986 168.558359146118 179.332693417867 162.356436252594 74.1393168767293 6.47333885232608 3.68340654919545 4.35310788452625 9.69936760763327 19.7483822703362 35.5742921431859 16.2443245450656 6.96880246202151 9.43188183009624 19.2256607115269 46.470895409584
111.147026220957 113.339801629384 137.927273909251 175.02894004186 147.800346215566 114.962647358576 81.8430582682292 53.7202854951223 43.5089369614919 47.5822587807973 44.0993010997772 43.9669191837311 65.055638551712 78.3971399068832 87.7213676770528 98.8203684488932 95.9106187025706 82.402894894282 83.9258035024007 88.6780122915904 85.80215771993 89.2692307631175 92.8272704283396 95.3318874041239 102.714190880458 107.44841893514 106.331129868825 105.981638034185 118.32716067632 142.944941918055 165.635714928309 171.80864016215 167.79895623525 176.388581593831 190.76943397522 197.551985581716 170.990665753682 110.519270102183 37.7752309044202 14.2138650019964 7.16191406051318 7.86067297061284 23.2755641142527 10.1977176964283 4.89323648313681 9.75930194060008 20.095769315958 26.5172173579534
126.239836215973 162.450770537059 211.519201596578 232.910712560018 214.106400807699 159.325410922368 106.755346059799 71.2567667166392 62.0622287193934 66.5532052516937 59.2465500036875 49.2908209562302 62.8587305545807 73.4211603800456 96.6448287169139 103.60390941302 99.5591382185618 92.2386546929677 86.8518551190694 89.7399385770162 89.6842479705811 92.6908155282338 96.7473884423574 97.3192950089772 103.704075018565 116.235534350077 117.652773857117 124.238898356756 130.304137865702 146.808574597041 166.085620721181 174.60310459137 176.816682020823 183.539311091105 191.194574038188 191.18199745814 189.049919446309 178.230444590251 107.640753189723 35.6210395693779 12.4138668179512 14.2551722625891 8.51942909260591 8.85881607731183 10.2986761679252 14.0721673766772 19.404282172521 19.5087616642316
188.697954018911 224.879205226898 247.744123140971 248.975316683451 249.239106973012 222.015500068665 179.218093554179 137.130081653595 110.479682683945 97.9855060577393 95.1261917750041 76.8378973007202 65.4339144627253 70.6703762213389 96.9256560007731 103.540490070979 97.6449648539225 100.04864136378 89.204728603363 87.1432721614838 91.9641753037771 93.4073726336161 94.3351189295451 96.2529281775157 101.476202408473 117.440630992254 125.018467505773 132.89342323939 138.869265715281 149.277945359548 163.672894239426 175.743858019511 177.191734313965 174.125671386719 176.212112108866 162.853688001633 164.173305034637 151.636570692062 108.56106877327 56.1997592449188 25.8007645606995 24.9511748552322 19.8231202860673 7.7558538566033 8.79746985932191 8.9935710032781 1.99284047509233 4.16769490887721
237.335244814555 251.964847246806 255.123356978099 253.055890401204 255.459209283193 253.536383310954 230.19411166509 185.231844584147 145.939320325851 124.58860874176 124.305933713913 111.906826496124 86.5545570850372 82.6704402764638 95.529168844223 100.583851337433 93.6583479245504 95.255047082901 88.549276192983 89.2713566621145 88.1852706273397 89.6747708320618 90.4587109883626 90.8900598684947 97.9949633280436 110.678970813751 122.940242290497 128.317922353745 137.985974550247 150.255123774211 162.522574265798 161.726295948029 152.428328990936 141.389449437459 143.968611955643 127.893735965093 128.492842117945 113.417565822601 76.1175652345022 41.8699036041896 46.5376377105713 43.6451335748037 30.9103255470594 8.48082080483437 4.70362355311712 0 0 0
249.489625295003 254.926204681396 252.930243810018 253.688057263692 253.701368967692 254.152894020081 246.798276901245 217.811644077301 167.649745941162 137.704988320669 135.407398144404 132.459382216136 115.805625915527 97.9428191979726 96.072643995285 98.1192489465078 91.3806955019633 88.7590944766998 88.813453912735 92.8365190823873 87.3809854189555 86.2722893555959 89.2807344595591 90.3940399487813 94.7293937206268 103.811293840408 114.383488893509 116.286148627599 126.435617605845 145.316998163859 154.46596344312 149.283428986867 142.066131035487 135.735591252645 127.905011177063 113.039205471675 117.211083571116 114.359726508458 94.4190621376038 63.0487153927485 65.9092317024867 73.2113420963287 38.2182076573372 15.4072716832161 3.26371720681588 0 0 0
244.213143984477 247.235318024953 243.114988009135 244.807223478953 244.876583417257 241.336226463318 238.153219223022 222.118735313416 177.925725777944 148.785561323166 140.087256828944 137.36562927564 130.596260229746 108.196765184402 100.617547829946 104.100614786148 96.0657000541687 87.5250399112701 91.9155875841777 94.0546294053396 91.3046101729075 86.8853529294332 90.583473443985 96.1134533087413 94.1690504550934 101.091762383779 106.238543987274 107.788980007172 115.211596091588 136.149197816849 146.554092566172 142.928471167882 144.324094057083 145.314981540044 126.565178235372 119.754195213318 124.478360017141 131.403843561808 126.65190299352 94.6651101112366 57.3963423569997 41.5545031428337 10.0520302851995 1.45880598574877 0 0 0 0
223.161558310191 226.412932078044 228.224953015645 225.877900918325 224.38766558965 223.177512486776 227.432191371918 223.813076814016 189.949711163839 155.87176879247 141.419837872187 129.267613093058 124.661803245544 107.568323612213 96.1481134096781 104.893108208974 105.949143568675 93.1903123855591 95.4325596491496 99.777231613795 98.6772576967875 93.2363470395406 93.3578411738078 98.3903010686239 95.9545274575551 97.5194573402405 104.413211345673 112.290879090627 116.418788830439 130.865395069122 142.992635567983 146.507928768794 145.616501569748 149.089594682058 129.900127649307 130.455146233241 130.904257297516 139.273295799891 139.106969038645 102.5377313296 32.1796735127767 6.48459854225318 0 0 0 0 0 0
201.75967613856 210.76887845993 220.976849397024 217.059950033824 216.739078362783 222.417672475179 230.686863263448 232.666790485382 208.640615145365 167.217592398326 143.938601016998 123.466988404592 111.541897058487 102.529426415761 92.2726194063822 98.9052057266235 110.302209854126 101.822475592295 97.7511902650197 102.249920368195 102.410813172658 97.5707173347473 95.7891345024109 97.7815588315328 98.9190141359965 99.4079311688741 102.835148572922 112.506330013275 117.61067310969 122.676382462184 136.833479007085 148.165682951609 148.176968097687 139.508565266927 125.40794412295 139.705002307892 145.723243554433 147.512892882029 146.013259887695 120.75862288475 25.329386194547 0.37595183433344 0 0 0 0 0 0
165.447205305099 176.731785138448 185.828804969788 190.037449200948 198.536912600199 213.350156943003 224.430720011393 231.134136517843 220.223148663839 186.362783114115 155.343294143677 126.798192660014 109.791914621989 107.6666812102 98.0264544487 92.8203066190084 104.878515005112 104.348907868067 98.2050796349843 97.7372825145721 99.6875365575155 96.1601038773855 92.4089550971985 95.0267116228739 98.4037816524506 103.909740845362 103.47177584966 109.244674444199 115.823646386464 117.048819859823 127.842624982198 143.573155005773 145.831326643626 126.735428969065 130.269457896551 154.093186060588 157.634437084198 152.307858069738 150.202691555023 146.032969156901 90.5653238296509 9.40462636450926 0 0 0 0 0 0
129.635284344355 136.947015921275 135.733465353648 145.731180906296 162.510365247726 180.311779181163 193.38728984197 205.102443695068 202.4072209994 176.242788632711 144.905616839727 120.116879542669 107.330024242401 104.742834965388 100.227455298106 94.7541395823161 99.567453066508 99.8563170433044 91.9098953406016 92.8956071535746 96.1489876111348 100.350062052409 98.5458393891652 95.1197644074758 94.0427283445994 97.8474418322245 105.105578899384 108.43167702357 114.815920591354 114.395380020142 117.233574390411 131.777385870616 137.044062217077 129.931757847468 154.247025648753 166.081299384435 163.433810075124 154.940903186798 157.16012318929 171.493093172709 166.444996992747 101.713905731837 24.0834107001623 3.51472695668538 0 0 0 0
117.751101652781 120.319028695424 120.163708925247 121.460656325022 131.224602460861 136.992275714874 139.948844909668 145.979702472687 144.226998090744 127.950141827265 111.646602551142 107.942422231038 105.763773123423 101.789146661758 99.0528662999471 99.6029873689016 98.5776583353678 99.2661118507385 93.1063294410706 91.5763874848684 95.9284901618958 102.931966384252 104.306995868683 99.6959706147512 95.8242217699687 95.3161716461182 105.272630850474 110.203524430593 113.766491413116 115.484207868576 115.403771400452 123.773793379466 130.367239316305 140.353818734487 164.577861626943 164.321601390839 153.399566809336 142.461409171422 145.497401555379 161.205321550369 175.857504208883 171.276072661082 112.440079450607 36.8406648437182 4.41209475199382 0 0 0
127.093811829885 124.134788910548 124.394704898198 123.656223217646 119.373937447866 117.681920528412 115.239769220352 115.690807501475 120.793481667837 111.333320538203 102.775623401006 104.554494222005 107.292751471202 107.781181732814 105.163435141246 102.041274309158 97.862978776296 105.167677005132 104.792167743047 98.7575848897298 100.721081097921 101.528326670329 101.715445518494 103.595584630966 104.296545187632 98.9455183347066 104.32156920433 110.074748595556 113.834420839945 115.453124046326 118.366529544195 123.34148089091 129.090329011281 148.387402296066 159.842729568481 151.808023452759 136.869450410207 125.774125258128 123.323639233907 135.656734307607 166.720390319824 173.856556415558 148.557086785634 83.5942228635152 19.8216972251733 2.11112418522437 0 0
