input/barkrak2/radiation/dir22924.grid
NCOLS 85 
NROWS 70 
XLLCORNER 665100 
YLLCORNER 4664600 
CELLSIZE 20 
NODATA_value -9999 
[rows 40 to 59 of 70, columns 0 to 45 of 85]
275.167902310689 276.710510253906 276.615560054779 278.736074765523 285.203258196513 290.050069491069 293.401916821798 297.009527683258 297.53307501475 284.980336825053 272.935767968496 268.506089846293 267.678836981456 265.443245569865 263.134400049845 262.5532746315 261.094152927399 260.964711507161 255.816956361135 254.435857137044 258.167644341787 260.970791180929 261.547684669495 258.25313727061 253.000179926554 250.542600949605 258.725424607595 260.332465171814 261.790255705516 261.308511098226 260.279913743337 259.642759958903 246.300399303436 247.031410535177 273.242056369781 273.130218187968 261.730710665385 256.692369778951 258.752385775248 258.041759332021 269.712825616201 297.66978820165 289.349774519602 227.287749449412 165.914744138718 132.820725440979
282.434622446696 279.728829860687 279.944737752279 280.136624972026 277.344226837158 274.978319803874 274.194657802582 275.649984677633 279.25850947698 272.644460201263 265.101691087087 266.788641611735 269.030451774597 269.525210062663 267.457365989685 264.733791351318 259.372850259145 266.366163889567 264.984409014384 259.518980979919 260.932405789693 261.208971341451 257.59502251943 260.399560133616 260.786811510722 253.782312075297 257.934888203939 261.781354745229 262.182652950287 262.83993323644 263.320803642273 261.353850364685 250.183284282684 258.519510428111 271.374821662903 261.239369710286 244.562069574992 239.923973878225 243.847846984863 252.915461858114 278.469761212667 292.211969693502 289.67559337616 261.665244897207 207.371632258097 163.685023784637
285.459081331889 282.712976137797 285.195191701253 284.23806031545 278.505901495616 276.082038879395 274.171193440755 272.26452032725 272.721926371257 269.094844659169 266.841411590576 266.865034898122 269.529402256012 271.964112917582 270.765364170074 267.154157161713 264.916996161143 267.55819718043 270.331064860026 261.7147564888 258.728822072347 256.710747877757 251.064578692118 253.747900327047 257.172266642253 253.385583559672 247.882962226868 252.401828765869 257.349948088328 259.292403856913 259.361505508423 255.351344744364 254.368603229523 266.316056251526 268.636345863342 247.17112382253 231.014311313629 233.729680379232 244.583566983541 258.373459180196 268.3318456014 268.634438514709 258.569975694021 245.323379834493 212.364077568054 158.485651016235
272.891302903493 275.337318579356 281.918088595072 279.730379581451 281.552116076152 283.142566680908 282.975037892659 279.904266198476 270.611067612966 269.622643788656 271.772106488546 268.887360890706 267.354170481364 269.960343837738 270.958165327708 266.270558039347 267.911692460378 267.365654309591 266.903519630432 261.201918125153 253.607710202535 250.815729300181 249.499539534251 248.097022374471 248.103737831116 250.902414321899 247.264266014099 248.910804589589 250.954290231069 251.970807711283 249.609847863515 244.916478792826 253.120680650075 261.969049771627 255.293269952138 232.764959335327 227.234204610189 239.39843972524 255.112906297048 258.94554456075 256.182750066121 252.193291982015 243.522087732951 229.055563608805 201.927781105042 162.695348262787
271.94599310557 277.010957400004 278.797308603923 279.190421104431 280.128916104635 282.14434782664 282.593468825022 278.935750325521 274.749954541524 270.550529162089 272.243499755859 269.209702809652 265.275518099467 264.660716056824 262.094974517822 262.720465660095 256.852924823761 262.21505800883 262.893637021383 255.894303321838 255.006194114685 250.908970832825 247.305790583293 248.391807079315 245.133876800537 252.544204394023 254.496733347575 251.3667345047 250.280022621155 249.888380368551 244.026760260264 239.698668320974 242.905894915263 244.074801603953 238.443970680237 227.999409039815 231.275955835978 246.987620989482 259.661634763082 253.787020842234 253.72447570165 244.623382886251 233.884950478872 220.945239067078 202.919046084086 176.744500796
277.303020159404 280.42592604955 278.139690558116 280.74312210083 278.95466486613 279.156486193339 279.817362626394 278.098861376445 278.475642204285 275.002996126811 273.312608400981 271.667043368022 268.036524454753 260.234276453654 261.311113834381 260.39183139801 256.984730561574 255.027949810028 257.22469886144 256.797432899475 253.481268882751 252.313653628031 250.068048636119 249.68824783961 251.6730427742 250.709772109985 256.25067949295 254.142701625824 251.380125681559 249.026974042257 244.72830692927 240.125079949697 240.493655204773 234.599769115448 224.186658859253 216.624557971954 224.630693594615 242.957611878713 248.367210229238 237.803200880686 243.401964505514 234.097858270009 225.347101688385 225.994845231374 223.563631375631 198.054830233256
276.352127393087 277.774214744568 279.246052106221 280.828197797139 279.903411865234 278.191089630127 279.799461364746 281.348764896393 278.813481330872 275.707880655924 273.598194122314 273.075739542643 267.36980676651 265.050768852234 259.650746981303 265.203793843587 259.287158648173 252.750198046366 257.969856262207 258.197506268819 254.799664020538 254.649996757507 252.569794654846 248.078068097432 254.307647546132 248.394886652629 251.090149084727 252.240836620331 251.125713189443 249.358892440796 245.92512845993 241.906742254893 239.217042922974 232.816656430562 225.105126698812 217.991451422373 224.381327629089 236.44224802653 236.455976963043 236.026565233866 240.387399991353 229.955554008484 229.777216911316 238.18184932073 240.104496479034 216.689268747965
271.378080050151 272.681832313538 275.682250658671 276.267151037852 279.157737890879 280.441184838613 278.904219468435 276.887198289235 275.911013285319 277.666409810384 272.486408551534 268.253922462463 267.233490943909 265.705108642578 261.720856030782 259.860336780548 257.543802261353 250.825762748718 254.988491535187 256.021320819855 254.10650173823 253.524422645569 254.668851693471 246.592958768209 249.383588631948 249.063412348429 244.144896666209 247.029185295105 248.56960773468 248.180329799652 247.009913126628 244.990686575572 237.267116705577 237.457871437073 239.268243312836 232.963403065999 232.259551684062 233.841478824615 237.0259364446 245.945334434509 240.211069583893 230.93460003535 236.513713995616 240.394234657288 237.051010131836 220.442891120911
263.446509838104 265.266716480255 269.278208414714 272.559901078542 277.803361415863 278.709312280019 274.185876051585 272.736748059591 275.545080502828 275.792499383291 273.209412892659 268.415033817291 266.842305660248 265.928367773692 263.849834601084 258.518199125926 258.472979068756 251.12255414327 254.00839249293 257.51139720281 255.78518708547 256.070911884308 256.518105665843 251.648724079132 249.04723962148 252.052426338196 248.00435702006 250.349839528402 256.492694218953 257.767955462138 259.953379631042 258.223414421082 247.512678305308 249.575257301331 249.567786852519 242.501537005107 241.710325082143 240.920563538869 241.965174674988 244.953572750092 234.625339508057 228.854338328044 225.89898109436 223.017573356628 221.123238404592 220.390220483144
260.260105133057 256.900568803151 261.364877223969 267.519374688466 271.155416965485 273.094296455383 275.525371233622 276.100476582845 276.583890120188 272.510310014089 274.502178033193 272.919058799744 269.876420497894 266.237397988637 263.300995031993 260.333816210429 257.358133792877 253.951986630758 253.843188285828 260.378479957581 260.799050331116 259.257018566132 255.535999933879 254.412611325582 252.613186836243 255.868673324585 255.884230136871 259.28537050883 261.950115362803 267.019212245941 273.195683956146 271.19376262029 261.251529057821 259.616335233053 253.239194552104 246.393859386444 244.203646977743 246.898273626963 245.169361432393 233.316858609517 222.661157449087 225.359837214152 224.024295806885 218.249440193176 216.061075528463 219.240585962931
258.749385674794 262.075265248617 263.00585269928 267.789006233215 269.249180952708 269.030928611755 275.575121243795 278.170069058736 278.166651725769 276.143491268158 274.390697479248 274.685263633728 271.817485491435 266.790270805359 265.282293160756 266.602178414663 258.640189965566 256.180922190348 256.344139575958 261.711398760478 261.971811453501 261.214693387349 257.452925046285 255.567987759908 251.176297664642 258.583505948385 261.200547218323 261.460562547048 267.277518908183 273.009141286214 275.926689306895 275.460342566172 267.835021018982 259.460767110189 247.334539890289 240.644653638204 242.371201515198 248.46088886261 242.007831732432 223.853051662445 218.158344427745 228.770077228546 230.355779329936 222.864409287771 219.595809777578 213.457783063253
257.374028364817 266.142765680949 266.638278961182 269.74888642629 268.087287743886 267.46133963267 271.958450476329 276.809493700663 275.279581546783 278.814693291982 276.006738344828 274.185697237651 272.387623786926 266.658405462901 265.355229377747 270.174463589986 263.580838839213 257.930795351664 255.172431468964 258.60329469045 259.084502855937 259.176850318909 256.840964158376 252.928455670675 250.230431556702 253.788193066915 255.127052466075 257.86159435908 259.426633516947 262.353718280792 269.671857357025 271.238545576731 261.48780186971 246.401727199554 213.532229264577 203.98885011673 220.886846383413 237.300892670949 241.037825743357 240.013400713603 241.523623466492 237.613081932068 221.124053001404 214.604834715525 223.17236661911 206.310311953227
258.422652880351 257.563710212708 256.643891334534 260.720312595367 265.923937161763 268.097619215647 268.13147465388 272.414882977804 272.372364997864 274.237672487895 275.346795717875 275.44359366099 275.497754414876 269.656618436178 266.361773014069 265.576442082723 265.823105971018 255.500753720601 252.613504727681 252.335667610168 251.67445341746 252.080063025157 254.055976867676 248.35616350174 248.767197132111 245.814045270284 249.132474263509 247.380435466766 249.334275722504 248.318175474803 253.217180569967 257.204254468282 241.01189772288 215.057671070099 182.790120442708 166.727900505066 179.311871528625 208.389639854431 234.778126080831 240.389227867126 241.543531417847 230.563521385193 211.877564589183 211.105783780416 214.429199695587 196.080942948659
263.256887594859 254.558205604553 250.512003898621 254.108687241872 263.243993123372 270.669678846995 268.352925777435 270.421624183655 272.540847460429 270.864963531494 271.968424320221 274.388055006663 274.815142154694 273.227373758952 266.283055146535 265.840371449788 266.566455364227 257.136583328247 254.620830217997 255.73988755544 254.682342211405 251.305063565572 251.588881015778 247.469166914622 246.281047662099 244.544188181559 243.793408075968 243.828932444255 244.59187189738 238.549073537191 231.285274028778 230.572323004405 215.347011884054 188.642919063568 177.469909191132 166.020373503367 152.181019385656 162.056704362233 183.457513650258 211.818695068359 226.60893201828 215.112566947937 209.145764509837 208.26784769694 197.640200455983 182.965715726217
264.536639054616 257.731318473816 253.771066665649 255.642930666606 263.104776541392 270.908832550049 273.820241292318 270.222147305806 272.160589694977 270.850241184235 272.396504878998 274.180849393209 274.411737918854 275.678217411041 268.592834472656 269.228299458822 268.749137719472 260.963976383209 257.867217063904 257.000148296356 259.103278319041 254.866719245911 251.977940400441 250.304281711578 248.745640118917 247.72854646047 245.57230869929 242.91471640269 236.632963021596 233.587384223938 219.919462998708 218.206803003947 207.638680934906 199.014365673065 200.632393360138 196.707606315613 178.168594837189 164.459894100825 156.067768732707 168.517450491587 189.937790234884 191.170156002045 182.409346103668 171.113153298696 168.451527754466 172.319213549296
266.291936238607 264.161129792531 258.304496606191 253.075798352559 257.621188958486 269.099116325378 270.875453948975 270.161787668864 269.601384798686 273.104151089986 278.013428052266 277.654925982157 275.676031907399 276.447455088298 271.368503570557 271.522561709086 271.307686964671 265.961865584056 260.017772515615 260.085841019948 256.121695041656 256.115992863973 255.795816580454 256.190180778503 251.826504866282 249.478737513224 244.095146656036 236.473123232524 227.751473585765 224.286278088888 220.929642518361 220.442175865173 214.127083619436 216.216862201691 222.418427467346 227.035105228424 228.102803230286 215.426166852315 197.232246398926 164.165159066518 168.650567531586 178.093314170837 177.199840545654 170.499801635742 174.159487088521 187.404831250509
268.285552660624 267.258703708649 264.370858669281 256.360093752543 253.523468971252 265.111744403839 269.332786401113 270.169953505198 267.042696475983 272.391537825267 277.857343355815 279.351969559987 275.377015272776 277.152975400289 274.604360262553 268.735448519389 269.874354203542 266.867736975352 262.029906113942 260.435461997986 260.982712109884 259.497086207072 255.745609601339 254.027346769969 251.70369942983 245.489478111267 230.492492516836 207.612971464793 203.099489212036 209.628105163574 218.438446521759 217.314124107361 213.184932867686 213.559985160828 225.334544976552 239.435315132141 252.846837043762 257.331172625224 248.519639174143 204.126397768656 174.152175585429 185.330589612325 198.558429876963 206.07449611028 212.755461533864 222.322861353556
267.695148785909 265.278697013855 266.043861707052 262.177387873332 255.353450775146 260.86167494456 268.922328948975 270.781298478444 266.579469045003 269.579211870829 276.095589001973 277.06120411555 274.037520090739 273.605783780416 275.92674891154 267.687420050303 269.518176714579 266.19960864385 262.586891651154 262.77885834376 262.52539952596 261.193295319875 256.713251272837 250.799218813578 252.286891142527 251.599133014679 233.418027559916 211.730897426605 209.949831167857 216.439227263133 226.184566815694 223.809778690338 223.793884118398 227.822522322337 237.328509489695 244.108200073242 248.704969882965 222.503304481506 197.400212287903 195.859869321187 201.22100909551 214.530209700267 207.236011823018 201.0564605395 195.628046989441 209.084153175354
258.642137050629 263.77147436142 263.67042462031 262.211680412292 257.703602313995 256.659785906474 268.00791422526 272.953152656555 268.062432607015 267.776807149251 272.895872592926 275.778929392497 275.041103363037 270.233511924744 272.251387437185 268.283943335215 263.64936431249 263.452251752218 264.487981796265 265.222668647766 265.58913787206 261.935253938039 260.070343812307 256.624122460683 255.603015422821 257.626632849375 250.003496805827 243.413945039113 238.271315892537 241.021593411764 236.855208873749 231.029073397319 233.174661795298 238.205432891846 236.051519711812 223.294854164124 201.386511325836 157.603790362676 136.33531332016 172.524650891622 212.438424428304 224.28834438324 205.238441626231 198.478182156881 200.135509173075 211.068073908488
248.974144458771 259.828964869181 261.500040690104 259.737451871236 259.218712647756 256.274183591207 261.838257312775 271.930336952209 274.122615655263 269.103010495504 272.235751152039 273.594856262207 275.127768516541 271.121462186178 269.62556441625 268.963972727458 263.197938601176 262.983938058217 260.06418466568 255.84218899409 259.494781494141 253.779431184133 252.628068129222 250.611106554667 251.213053862254 257.91339079539 264.247417449951 264.557838439941 249.687194824219 247.138122717539 238.784233729045 229.560335477193 228.833436965942 211.876173814138 186.949034531911 161.114980777105 149.311989545822 135.763674974442 122.723440329234 138.434807459513 164.635052283605 194.593330224355 208.956857522329 226.272086302439 253.128210703532 257.076640923818
