input/barkrak2/radiation/dir23324.grid
NCOLS 85 
NROWS 70 
XLLCORNER 665100 
YLLCORNER 4664600 
CELLSIZE 20 
NODATA_value -9999 
[rows 40 to 59 of 70, columns 0 to 45 of 85]
266.720235347748 268.313447634379 267.645359039307 269.808491071065 277.266979217529 281.696955362956 285.188098748525 289.825280507406 290.513833363851 277.501861254374 264.806886514028 260.238508383433 258.315145969391 255.994339783986 253.700772921244 253.062963485718 251.591583093007 251.492142677307 244.820793469747 243.297596772512 248.680869738261 251.654505729675 252.381384372711 247.448762257894 245.266199111938 241.217275460561 249.649008115133 251.471082369486 253.224074840546 252.765456835429 253.271023432414 253.016571203868 240.596731503805 241.911073525747 268.879989782969 268.744885921478 256.935934225718 251.228431860606 253.452837467194 254.182537396749 266.2020723025 292.665123939514 280.945618947347 216.539243857066 155.308723449707 121.933937072754
273.659586906433 271.458427111308 271.108726660411 271.237154801687 268.337249755859 266.593098640442 265.060146649679 266.549269358317 270.296315352122 263.410250345866 256.600201129913 257.366359233856 259.711305300395 260.219871997833 256.774624188741 253.860394159953 248.414595921834 255.777696768443 254.103124141693 250.081419944763 251.580158869425 248.278816541036 248.298724492391 249.505380789439 251.647889614105 242.580115795135 248.836537202199 251.333276430766 252.041796843211 252.787629763285 253.345568974813 253.498593966166 244.081974029541 253.498355547587 266.025761763255 256.364067395528 239.086548487345 233.999053637187 237.491389115651 247.08358446757 273.992498715719 287.895679473877 283.376475175222 252.132018407186 194.266339143117 153.678675492605
276.888171831767 274.571478366852 277.170976003011 275.58962504069 269.65856552124 267.107963562012 265.048066775004 263.004720211029 262.513200441996 259.754498799642 257.431288560232 256.279329458872 258.991022904714 261.490563551585 261.555254459381 256.40082359314 254.089951515198 256.735603014628 259.598135948181 250.525196393331 247.442026933034 245.529532432556 241.592307885488 240.680873394012 246.09520037969 242.202202479045 238.532642523448 243.332028388977 245.297789573669 248.991092046102 250.81330537796 245.971242586772 247.393985589345 261.17338736852 263.957937558492 241.975863774618 225.516776243846 227.784037590027 238.082448641459 251.781026522319 262.332518895467 262.829899787903 251.956880092621 236.605743567149 200.290779272715 144.288678963979
263.774732748667 266.295691331228 273.744146029154 270.897030830383 272.839546203613 274.482190608978 273.472209771474 270.136257012685 261.314650376638 259.34898853302 260.356883207957 257.122735182444 256.621241569519 259.30917263031 258.924881617228 255.434075991313 255.433440208435 256.472706794739 254.19153769811 251.890142758687 242.204487323761 237.62838045756 238.24417591095 234.713157018026 236.703276634216 239.695111910502 236.04953289032 237.856825192769 241.952697436015 243.108669916789 240.869104862213 236.406286557515 244.320114453634 254.112203915914 249.347666899363 227.402985095978 221.752226352692 233.643452326457 248.942534128825 252.51030921936 249.703288078308 245.269378026327 236.574133237203 220.321238040924 191.232283910116 147.395849227905
262.725710868835 267.256478468577 269.844730695089 269.664406776428 270.562430222829 272.695004940033 273.132383823395 269.269267717997 264.727214972178 260.154227415721 261.896848678589 257.225553194682 254.401206970215 252.31655438741 249.580423037211 250.185529390971 243.775804837545 247.273723284403 250.001152356466 246.548553307851 241.760432720184 239.617625872294 239.779750506083 238.969842592875 235.676050186157 243.347366650899 245.422502358754 242.281079292297 243.129074573517 241.012255350749 235.234379768372 231.042524178823 234.674076239268 236.338118712107 232.216477394104 222.21851348877 225.807070732117 241.442402203878 253.582239151001 247.594753901164 247.402131557465 238.231619199117 227.218409379323 213.55140209198 193.526864051819 164.253175258636
267.526626586914 270.741522312164 267.649134000142 269.70777908961 268.566866715749 269.554177920024 269.323925177256 267.35524336497 267.447849114736 264.827390511831 261.647462844849 259.688675403595 255.84747393926 247.521201769511 247.090895970662 249.266525109609 241.877973079681 243.556479612986 249.857703844706 247.475326061249 244.105259577433 242.958128452301 242.681086063385 242.461820443471 242.3930366834 241.451700528463 247.227569421132 245.170791943868 242.464184761047 241.864661375682 236.05622847875 231.470704078674 232.169409592946 227.514108022054 216.865519682566 210.428138573964 218.591968218486 236.812790234884 242.034534613291 230.931103229523 236.108024915059 226.85698668162 219.009160995483 219.260931015015 215.377469857534 188.017785549164
265.494287014008 266.125400861104 268.613378206889 270.428379376729 269.425988197327 268.334805965424 267.837901910146 270.598252614339 267.861425876617 262.746651967367 261.668880780538 259.484569231669 256.549378236135 252.49183177948 250.287512938182 252.311587333679 249.976297219594 243.304948012034 248.688459396362 248.915712038676 245.461026827494 245.359400908152 243.261734644572 238.70837688446 245.166957378387 241.287748018901 241.9114112854 243.230799833934 242.224752902985 240.626613299052 237.382610638936 234.725912412008 230.957388877869 225.043515364329 218.44361225764 211.66584889094 217.802306016286 230.064471562703 229.888757069906 228.824853897095 232.839246590932 222.643891970317 223.390102386475 231.886665026347 233.006854852041 206.782778104146
258.293112119039 260.492205619812 266.613841056824 266.302744547526 267.267425855001 268.437127272288 266.762952009837 265.726904074351 265.803039073944 266.031483809153 261.899689833323 259.091397126516 256.403883298238 256.491561730703 252.432028452555 252.435008684794 248.211900393168 241.313497225444 245.615919431051 246.718207995097 242.802460988363 244.196752707163 245.421866575877 237.189253171285 240.091840426127 241.9047554334 236.84291044871 239.800870418549 241.427699724833 239.450554052989 238.532741864522 237.930536270142 230.147957801819 229.667544364929 233.035643895467 227.233688036601 226.00261370341 226.919531822205 230.208237965902 239.97288942337 233.303507169088 224.394957224528 229.70849275589 234.12424325943 230.530619621277 213.268280029297
250.513831774394 253.44451268514 257.618943850199 260.039409001668 265.572826067607 267.547031243642 265.247563521067 263.729870319366 265.237390995026 266.888737678528 264.244059721629 260.888377825419 257.667899131775 256.768107414246 254.621744155884 249.156097571055 247.197508811951 239.533662796021 244.614203770955 248.25261036555 246.521671613057 244.74302927653 247.328480084737 242.379943529765 239.7447625796 242.892245451609 238.800585269928 243.274350961049 247.748772303263 249.311804771423 251.830180486043 251.720110575358 240.774671236674 241.812825202942 243.55403582255 237.01004187266 236.1159324646 234.311699867249 234.950403372447 238.218466440837 227.895458539327 221.242348353068 219.334403673808 216.548124949137 214.579323927561 213.426947593689
248.118678728739 245.87627251943 250.523924827576 256.925960381826 262.010216712952 264.086544513702 265.39009809494 268.549601236979 267.717321713765 263.512114683787 264.036615689596 263.975441455841 259.069343407949 257.084786891937 254.092792669932 249.147454897563 248.004297415415 242.411533991496 246.687869230906 251.213471094767 251.696387926737 250.158647696177 248.55903784434 247.637768586477 243.410110473633 246.82092666626 246.896704037984 250.422100226084 255.418399969737 260.783990224202 265.534222126007 263.990998268127 255.217254161835 252.096752325694 246.137181917826 241.182208061218 239.380558331807 241.610189278921 238.405684630076 227.016389369965 215.888321399689 218.496263027191 217.552344004313 211.668610572815 208.770195643107 212.234814961751
249.137918154399 251.208921273549 253.517349561056 258.496979872386 258.642295996348 259.847064812978 265.313108762105 269.381940364838 267.93372631073 267.291605472565 265.505075454712 265.812436739604 261.131743590037 257.653832435608 256.139000256856 257.555445035299 251.368542512258 246.908982594808 247.129678726196 252.65775124232 255.120635032654 252.180933952332 248.353163401286 248.816470305125 244.260668754578 249.618470668793 252.387464046478 252.719839413961 256.550172964732 262.712975343068 268.339196840922 268.625100453695 261.147300402323 253.503580888112 241.072634855906 234.281500180562 236.809531847636 243.56081088384 236.504117647807 217.249532540639 211.255192756653 222.338318824768 223.492980003357 216.172019640605 212.58666117986 205.641587575277
247.70454565684 256.769378980001 257.31901327769 259.055415789286 258.85550181071 256.791889667511 262.896200021108 266.474107901255 266.39449596405 268.463830153147 267.190833886464 266.965587933858 263.464609781901 259.351134300232 256.232857704163 261.264304320018 256.430705388387 248.742083708445 245.941678682963 249.449769655863 252.071837584178 250.068585077922 247.719248135885 243.739346663157 243.311524391174 244.673113028208 248.517115910848 248.988111813863 250.67263841629 256.275077660878 263.961553573608 266.032675902049 256.27072652181 238.010346889496 206.516941388448 196.530699729919 214.053293069204 231.304625670115 236.147205034892 234.553098678589 235.247691472371 231.496214866638 213.996152083079 207.923293113708 217.025140921275 199.871420860291
247.197906176249 246.336579322815 246.991912523905 249.741911888123 256.613492965698 258.887887001038 258.920709292094 263.409932454427 263.364593187968 265.343765417735 266.502579053243 266.64791504542 266.704241434733 260.669708251953 257.280766963959 256.489793459574 258.738001187642 248.529851436615 243.267099062602 242.973605791728 242.33478307724 244.947810967763 244.840423266093 239.027380943298 239.507019519806 238.822261492411 239.924848079681 238.232970237732 240.242938200633 239.312807718913 244.46165561676 251.178383827209 235.388576984406 208.033760388692 175.721983114878 158.885051806768 171.079178651174 200.409432252248 228.783269723256 234.029034773509 235.99374294281 224.370618661245 205.538014570872 202.544530232747 209.348559379578 190.270702044169
252.32062737147 243.338624636332 240.679224332174 244.411846001943 255.433122316996 261.55145963033 260.824183622996 261.334637800852 263.534665107727 261.836429437002 264.704306920369 265.544454256694 267.719229062398 264.380653699239 259.220957756042 256.762464841207 257.56448507309 250.099917252858 245.30557791392 246.475021044413 245.433191458384 242.01234181722 242.295702298482 238.113542397817 236.950397491455 235.213776429494 234.49444770813 234.583099683126 233.056704203288 229.288160800934 221.994678179423 223.500788211823 200.444161891937 182.694256305695 169.465025266012 158.441404501597 143.685261408488 153.87029449145 175.747295220693 205.24396498998 218.57225894928 209.165990352631 202.960173288981 200.927793979645 187.541325887044 177.033464113871
255.091806252797 248.096744219462 244.036475817362 246.024330457052 255.441645781199 261.804838975271 264.824589093526 261.125564575195 264.829774697622 261.819104353587 265.194257100423 265.326301256816 267.334679762522 266.933957735697 259.625633557638 260.278820991516 259.825011094411 251.847763856252 248.664061228434 250.055591265361 249.991794427236 245.669980843862 242.746233940125 243.390679359436 241.790314515432 238.484581311544 236.319681008657 235.860466957092 227.464238802592 220.364391803741 210.675338904063 209.716161092122 200.618664423625 193.0939356486 194.462895393372 189.704358577728 170.062283674876 155.512591203054 147.270202636719 160.140772660573 183.583895365397 185.245235761007 176.196654637655 164.487858613332 161.844710508982 166.226069132487
258.239646752675 254.730443159739 248.710731665293 243.419448534648 249.938488006592 259.933193524679 263.433734575907 261.061310768127 262.198468049367 264.165759086609 269.281327724457 268.949945767721 266.931851704915 267.736077308655 262.507359186808 262.666463851929 262.484033902486 257.017652193705 253.190875053406 250.964959462484 249.107261498769 249.104857444763 246.69071038564 247.165600458781 242.714583873749 240.342915058136 234.854857126872 227.119227250417 220.422387123108 215.002099672953 211.770117282867 213.426530361176 207.293530305227 210.416197776794 217.038691043854 221.30674123764 221.390465895335 208.057105541229 189.569771289825 156.15584452947 157.289127508799 171.890358130137 170.73514064153 163.499782482783 166.924258073171 180.905004342397
260.318875312805 257.933815320333 254.956046740214 246.792912483215 245.909253756205 255.852043628693 261.825521787008 261.068304379781 259.618322054545 263.462126255035 269.189298152924 270.722031593323 266.620715459188 268.471936384837 265.881339708964 261.83960835139 263.06821902593 257.946451505025 252.992490927378 251.371184984843 251.929303010305 250.460584958394 246.656934420268 244.927684466044 242.574691772461 238.600015640259 221.007188161214 199.661513169607 195.139189561208 200.177570184072 209.242860476176 210.22109190623 206.764837106069 206.384301185608 219.501892725627 234.453797340393 247.032344341278 250.697354475657 242.876529693604 197.025318940481 166.64057970047 178.188343842824 192.439099152883 199.552396933238 205.821692943573 216.054399808248
259.677052497864 255.882898966471 256.689349810282 252.797762552897 247.858544190725 251.499354839325 259.761432806651 261.701007684072 259.226183096568 260.605216026306 267.363985379537 270.107388496399 265.2241786321 266.707301139832 267.249842484792 258.722941080729 258.609573046366 257.238248984019 253.563344478607 253.802120685577 253.594994544983 254.604756832123 250.038186709086 244.001130263011 245.426078637441 244.50425306956 224.380056063334 202.282806237539 200.276811917623 206.889470418294 216.995616753896 214.059670766195 215.137422084808 220.596512158712 233.663300673167 239.569922288259 239.226778348287 206.965247790019 191.3942694664 189.626534779867 194.268405437469 208.145618438721 201.145251592 192.622701327006 188.401619593302 202.109893163045
250.279009342194 254.321495691935 254.246433575948 252.829571564992 250.258187452952 247.186640898387 260.510504245758 263.955573240916 260.857462882996 258.806308110555 264.003157615662 268.724123636882 266.270001729329 261.318246523539 263.411064942678 259.336511294047 256.581683953603 256.602903207143 255.544821421305 258.585731188456 259.059210618337 253.043115139008 253.388384977976 247.516930103302 241.886854171753 245.112895965576 240.114251772563 232.579469680786 229.16050752004 229.316492875417 230.261703332265 222.718477249146 227.355559666952 233.103235562642 232.466181119283 214.106539885203 195.880830287933 150.98625421524 129.345188538233 164.971858263016 205.146511395772 218.174775441488 199.572463830312 192.420204480489 192.805250485738 203.291853268941
239.045739173889 250.259578227997 252.012034257253 250.296195348104 251.787066459656 246.798574924469 252.500176429749 262.894113858541 265.303313732147 262.495676676432 263.311882813772 266.451915105184 266.36282602946 264.10186290741 262.659847736359 260.041574637095 256.122907002767 253.933270772298 248.659511407216 246.703942616781 248.25648466746 247.080167134603 245.952228705088 243.997673193614 244.701266288757 251.398801803589 258.114715417226 258.738815784454 243.885318438212 241.204102834066 232.315560181936 219.437976678212 224.408606688182 206.11298084259 180.724183718363 154.670973618825 143.103977044423 129.296392202377 115.57991305987 130.122323830922 156.25720222791 186.9970758756 203.254520893097 221.136192480723 247.200349966685 250.412185986837
