input/barkrak2/radiation/dir25524.grid
NCOLS 85 
NROWS 70 
XLLCORNER 665100 
YLLCORNER 4664600 
CELLSIZE 20 
NODATA_value -9999 
[rows 40 to 59 of 70, columns 0 to 45 of 85]
205.981254577637 208.438316980998 208.300471305847 209.052940209707 218.12363465627 224.274833997091 226.587454477946 231.93484544754 231.218576431274 214.286903540293 198.982377847036 195.57915131251 192.989468574524 190.179685751597 188.615699609121 187.268257141113 186.114211877187 187.049110730489 180.209616820017 177.904585997264 183.983504772186 189.328233400981 190.589567025503 187.441408634186 183.107932408651 180.759727954865 192.493716875712 195.505420366923 200.04411538442 199.981967608134 199.455837408702 205.470939477285 202.166676521301 208.253800868988 235.256493091583 235.285778840383 224.188208580017 215.42219320933 218.381762504578 226.643244425456 241.120934486389 258.914987246195 225.558241208394 144.085039695104 83.3937625090281 56.6797405481339
213.942448298136 211.998085180918 211.121638615926 210.2237145106 207.075893878937 204.356253147125 202.719549338023 202.582736810048 207.147300243378 199.207683404287 190.570116043091 192.254026730855 194.476385911306 194.91191705068 191.67160987854 189.75422779719 184.170603752136 191.262980302175 191.966334978739 185.046474138896 188.742200533549 189.480582873027 188.006480534871 191.462397575378 191.879868507385 186.04842821757 193.223138650258 196.910083293915 198.609491189321 201.506833235423 202.585975329081 204.172472159068 203.203558921814 218.309322992961 231.198112169902 222.066144148509 204.897125562032 196.417768796285 197.493275006612 209.571719169617 243.25571457545 257.438659667969 242.829481760661 191.268821557363 120.164155960083 82.5433482726415
218.578577041626 216.065764427185 217.531681060791 216.274936993917 210.126598676046 205.765028794607 202.946305274963 199.421485265096 198.139727115631 195.833822091421 192.653516928355 191.733598709106 194.524606068929 198.926647504171 197.10244735082 194.582104682922 190.235118071238 194.814662138621 198.010563850403 189.581433931986 188.315272331238 186.537265777588 182.572225729624 185.569226741791 189.75305557251 185.652375221252 183.804949124654 189.803381760915 194.565455118815 198.875228563944 199.630777041117 198.077658812205 204.704244931539 223.720033963521 228.753765424093 197.675049304962 184.811989466349 190.176447232564 196.677068869273 210.856676101685 221.452613671621 222.704331080119 209.59746837616 183.497746785482 131.207843621572 75.698584318161
203.391432762146 205.990970134735 213.204820950826 211.071848869324 213.841160138448 214.948336283366 213.75826994578 209.179023901621 197.351177533468 196.346799532572 198.247313499451 193.98824373881 193.018555641174 197.799404462179 197.397589683533 195.179641246796 195.094625155131 196.352044741313 197.887738545736 191.224376360575 184.860567251841 184.002220630646 180.88553349177 179.263452688853 183.621366818746 187.210341294607 183.148821194967 185.516754786173 190.586904684703 194.044172763824 192.182421684265 188.401599725087 199.216941992442 213.137229283651 212.635159492493 186.999062697093 186.74510717392 196.600556373596 207.086563110352 208.789308865865 205.82640171051 203.157862027486 194.774488608042 171.182513237 128.721565008163 75.0464846690496
201.300581296285 206.604560216268 208.731929461161 210.137108961741 211.931844552358 213.341991106669 213.682055473328 208.938260873159 204.138775666555 199.468751748403 199.885725975037 197.190145651499 192.062715689341 191.554049650828 190.444668134054 191.091001033783 185.98751227061 192.273418108622 195.234914620717 191.63978099823 186.525344848633 186.17037932078 184.557735919952 183.956185976664 182.536244392395 191.333095232646 195.914765199025 192.637880643209 191.894590854645 190.164506435394 186.080634593964 182.34916528066 188.846250375112 191.33867820104 188.547929128011 181.384444236755 190.70573647817 204.680999120077 212.831914424896 204.135616620382 202.926357587179 195.372362931569 187.630077203115 169.161995251973 138.944228490194 96.9180266062419
206.724762916565 211.482882499695 208.039363225301 211.833318074544 210.635383923848 209.585150082906 211.309333642324 210.030357042948 209.729870160421 205.007672309875 202.46692498525 201.689680417379 195.569237073263 191.643615563711 189.48225180308 193.874955177307 186.042984326681 188.282052675883 195.075651009878 192.64817237854 189.103166262309 189.89622592926 187.766214211782 187.825282414754 190.151850382487 189.391275246938 196.033279101054 194.070974985758 193.256874879201 191.393693288167 185.983220736186 182.794491449992 184.845447540283 181.353052457174 168.457229932149 168.246467908223 180.6800365448 198.109408219655 201.279759407043 187.750736872355 192.126949628194 184.095164140066 174.21426375707 177.80331770579 166.198333104452 128.475566705068
206.01624250412 206.807355086009 210.038006305695 212.565024693807 211.4617228508 211.117426554362 213.085035483042 213.711977005005 210.324982802073 208.5848848025 207.30996131897 205.023984114329 201.642076174418 197.256624698639 195.093909899394 197.658081849416 195.144335428874 188.032507896423 194.063007831573 194.239457448324 190.605401992798 192.598104476929 190.67641099294 186.215221881866 193.750182787577 189.09215927124 190.009792645772 191.911518573761 191.344797611237 191.939791043599 189.315299193064 186.533649762472 183.820505936941 179.795126120249 176.353832085927 168.6070561409 177.407681941986 188.606858253479 189.760645230611 187.436123689016 188.716530799866 179.953376452128 182.921886444092 191.20450814565 187.969307104746 156.212349732717
200.101713339488 201.342781384786 207.413256168365 209.895312786102 212.502360343933 213.733335336049 211.70445283254 210.773885250092 210.800309975942 210.901538530986 207.811892032623 202.928284804026 201.704462369283 200.090984503428 197.586874167124 195.671141147614 195.269465446472 185.734828313192 190.614600976308 193.901975949605 189.790288607279 189.443230628967 193.133850892385 184.609373410543 187.979916731517 187.719146410624 184.338132540385 188.059449195862 190.487186113993 190.693318843842 190.72155157725 190.386613210042 183.159232139587 184.461792310079 192.183534304301 190.357784430186 187.188386917114 185.190081596375 188.99142742157 200.139204661051 191.218217213949 181.083023548126 187.164684136709 191.567242145538 186.877330144246 163.409570852915
192.424297332764 195.737183094025 200.725595156352 205.079317092896 211.562832196554 214.151799678802 211.513042449951 209.687034289042 211.51069800059 213.422656059265 210.551957289378 206.621448198954 203.17280292511 204.194108645121 200.007081031799 194.022456804911 193.970561027527 186.020493507385 189.55542643865 195.633252461751 193.966865539551 192.403594652812 195.334017276764 190.346817175547 187.59153286616 191.120266914368 188.735206921895 191.883822282155 197.576145331065 200.330634911855 205.885450045268 206.525385379791 195.281684398651 197.1036195755 202.808340390523 202.621618906657 201.192398866018 194.892187913259 193.911631902059 198.761423428853 186.719516913096 178.556561470032 171.658376852671 170.740385850271 171.337445576986 171.544114748637
191.136618455251 188.612182935079 192.552089691162 201.404174168905 207.30992158254 210.04726489385 213.135619958242 213.938236236572 214.40992752711 209.683438142141 212.123552958171 212.077339490255 206.797897815704 202.764689922333 201.43453280131 196.094195048014 194.851378599803 189.351518948873 192.019085089366 199.098984400431 199.945251146952 198.614637056986 194.692353407542 196.346958478292 191.655258337657 195.574899514516 195.991675059001 197.913368542989 206.232269605001 213.310261567434 220.3395764033 220.769941806793 211.482326189677 208.783109982808 203.268587589264 204.872171084086 205.770214398702 205.535848935445 198.857704798381 179.208735624949 175.103783607483 176.817953586578 174.806714057922 166.276077429454 166.267921527227 167.214254538218
192.303339640299 194.625079631805 195.861518383026 203.201015790304 204.950193564097 205.027918020884 212.997217973073 216.416736443837 216.401477654775 214.122633139292 213.904162247976 212.616483370463 209.113279978434 203.384538491567 203.735788663228 205.741941928864 198.693037033081 194.655497868856 195.266882578532 201.310833295186 203.974723815918 200.914621353149 196.988483270009 195.407430330912 190.412123998006 198.852896690369 202.394366264343 203.156669934591 207.954327265422 215.841273466746 223.833084106445 227.32013463974 220.263600349426 210.133830706278 198.422869046529 195.57253519694 201.808532079061 208.896478017171 199.342608451843 173.096458117167 170.349339644114 179.754654566447 181.891123453776 173.047582308451 171.576301256816 164.919316768646
190.699557463328 201.106568177541 203.501423199972 205.53586880366 205.158670743306 203.071514765422 210.198124249776 216.123620669047 214.586138725281 219.01003519694 215.857207775116 215.566635131836 211.78146203359 207.054098447164 204.105933507284 210.092087586721 204.408387343089 196.957588195801 194.084922472636 197.695016860962 200.359483559926 198.392391204834 196.247657140096 192.109306653341 189.371585845947 191.18336836497 198.02979628245 198.893030484517 201.151967048645 205.678025881449 213.206688563029 224.178930123647 214.923123518626 187.793691953023 157.227704922358 150.115807851156 173.38490486145 193.648993968964 201.674739519755 198.657949765523 197.801431020101 190.163890520732 169.284999370575 165.622661511103 174.077431360881 165.680646896362
193.672378857931 191.100875536601 191.636800765991 194.798787434896 202.556312084198 206.933875878652 205.646932125092 212.54422267278 211.027562618256 215.329428513845 215.029219786326 217.127482096354 215.580781300863 210.630933443705 205.377320448558 204.484542210897 207.048575083415 196.482519308726 190.762937068939 190.191149711609 191.580633322398 190.580487251282 192.899664243062 186.723669370015 187.684019406637 182.390491167704 183.842460314433 187.067627906799 186.999281247457 188.941637674967 192.721684773763 203.701138496399 191.428303718567 166.853427886963 132.649550835292 113.36620648702 121.959368387858 155.731856822968 188.573102156321 195.683538913727 200.631181399027 183.206121126811 163.476179043452 160.716583331426 168.834487597148 155.504941940308
198.883811632792 188.728213310242 184.503734111786 190.384745597839 201.363146305084 210.170110066732 207.895716031392 210.181474685669 211.264252662659 211.287677288055 212.931414445241 214.246034622192 216.765582561493 214.931110541026 207.500537236532 206.557393074036 206.08381430308 195.872267087301 190.705835819244 194.088776906331 193.215807278951 189.7953748703 187.893867492676 183.557311693827 182.60790904363 178.669770558675 180.402398109436 178.461293379466 177.058358987172 175.533652305603 168.215115865072 172.013163566589 166.444381078084 147.097031275431 131.528009970983 114.024500052134 95.2915946642558 103.000183900197 126.53977672259 161.040961742401 181.812802950541 172.203282515208 162.525574366252 158.384849627813 150.90079108874 140.913357337316
200.254042943319 193.948209285736 188.373585542043 192.729294300079 201.69452826182 209.145983060201 212.594548861186 208.457251389821 212.806244691213 209.630866845449 213.564336299896 214.03968334198 216.335693995158 216.229637463888 208.264589309692 208.942910035451 208.651979764303 200.216790040334 194.562017917633 196.192781130473 196.275194485982 193.749308586121 190.791408220927 189.447700977325 183.120369911194 182.2403271993 180.099685986837 177.445193131765 173.562328020732 166.738569736481 157.410780588786 162.314544121424 158.821215232213 156.045277913411 155.740608771642 146.271258592606 121.97079261144 105.768382549286 96.8063573042552 112.066368261973 146.444032589595 149.747421344121 138.963888088862 125.099509954453 122.336308161418 129.110674063365
203.843156496684 201.463520526886 193.724830945333 190.199315547943 195.747474829356 208.799958229065 210.923572381337 209.871371587118 209.751109282176 214.171012242635 218.560258547465 218.408068021139 217.953105767568 217.171847820282 213.517089684804 211.788992087046 211.772243181864 206.131398677826 199.669361114502 197.179992993673 197.28414217631 195.233027140299 195.424596468608 196.45897547404 191.714545090993 189.285635948181 181.053757667542 172.916769981384 166.209697723389 163.171549638112 160.620947678884 165.300130844116 164.669990539551 172.859787940979 179.569602012634 183.560530344645 177.929679552714 161.014537016551 138.359437386195 107.453356186549 116.398235162099 134.453008572261 133.571018775304 122.2825050354 124.357938766479 141.630331675212
206.256171067556 205.113152662913 202.096899350484 193.963468074799 191.742579142253 204.500695069631 209.009766578674 209.869782129923 206.864317258199 213.890651861827 220.896561940511 222.199062506358 217.505017916361 219.756623109182 217.585702737172 210.809528827667 214.369833469391 209.16227499644 203.906575838725 202.058255672455 200.507164001465 199.392914772034 195.590595404307 193.862954775492 191.391845544179 187.064667542775 168.035010496775 146.02330327034 141.754150390625 147.712965806325 157.95503060023 163.239717483521 163.29167286555 168.380002180735 183.3735704422 197.854379812876 204.717536767324 206.193645795186 195.145706335704 150.40847659111 121.725569168727 138.209770123164 154.458075761795 159.649580717087 162.906189759572 176.377495129903
206.615428129832 202.721734841665 204.16788260142 202.465415000916 195.936461289724 201.545914014181 210.085034370422 212.039589881897 208.253085613251 213.053206602732 220.694442590078 221.288800239563 217.404961585999 217.826763788859 220.84899743398 211.103081703186 211.462338765462 208.122253417969 206.531325976054 207.027852535248 207.268416881561 206.385493278503 201.412498950958 194.831589857737 194.066484769185 193.318903446198 174.04572168986 149.293164412181 146.829466025035 156.191964944204 167.727251847585 168.909966945648 175.285299619039 182.784696420034 196.689963340759 205.879867076874 193.792621294657 169.622123241425 156.069139639537 151.184290647507 152.352631092072 165.18090168635 167.996565500895 152.805775403976 142.670581738154 155.912111202876
196.690857410431 202.175577481588 202.958464622498 202.464361985525 200.298408667246 198.506236076355 210.790594418844 216.145078341166 212.119201819102 213.53942155838 218.535860379537 221.027731895447 220.127562681834 215.4461145401 216.015120347341 213.272213935852 208.477656046549 209.384838740031 209.036548932393 210.272530714671 213.271538416545 209.267616271973 207.320868968964 198.822816212972 197.895169258118 200.617512067159 195.374250411987 187.11652358373 185.400029023488 189.12531932195 184.782385826111 178.202529748281 190.108338991801 196.765780448914 187.600791454315 177.491247653961 159.390817085902 111.423780520757 88.7127220630646 120.745489994685 157.875855763753 175.041973590851 168.17702849706 154.735227425893 148.975322643916 156.949073076248
185.72868903478 199.302653471629 201.903939247131 202.864527702332 203.524132569631 199.872096379598 205.772499243418 216.43340587616 221.775412559509 220.15384833018 219.321608543396 221.073389053345 221.532384554545 217.937548955282 218.339085578918 215.490957101186 209.686656792959 210.498114426931 207.907179991404 205.633004506429 207.441369692485 206.480463345846 205.516298611959 204.011579354604 205.293675263723 211.461981137594 218.487699826558 220.788915952047 206.326941649119 202.972193559011 193.144698937734 179.762442906698 181.499977906545 173.150599002838 143.902619679769 101.087073485057 97.2371498743693 85.8083268006643 75.0974317391713 83.3972891171773 104.073703289032 141.134560108185 166.550447543462 187.995572884878 209.368447462718 209.056158860525
