input/barkrak2/radiation/dir21324.grid
NCOLS 85 
NROWS 70 
XLLCORNER 665100 
YLLCORNER 4664600 
CELLSIZE 20 
NODATA_value -9999 
[rows 0 to 19 of 70, columns 0 to 45 of 85]
327.190677324931016 332.808117071788 335.832198460897 336.780468622843 332.736134529114 328.414718310038 320.979595184326 315.250913302104 319.137632846832 318.798581759135 316.230297088623 322.101632754008 326.525111993154 326.571186383565 329.176227251689 333.167433738708 327.304581801097 321.050802866618 316.808501879374 305.789907773336 286.727964878082 286.237517992655 305.514772733053 312.833726406097 310.97137928009 311.546762784322 310.312708218892 299.385031064351 280.869702498118 275.320688883464 273.19723367691 281.805614630381 298.575083414714 302.957912286123 307.369430859884 298.564871152242 297.512849171956 308.070699373881 300.315161546071 304.033557573954 295.168141523997 280.811309814453 290.028770764669 308.582901954651 313.307325045268 306.749661763509
315.722564856211 317.508021990458 323.101997375488 327.211797237396 330.961604913076 328.750570615133 321.735858917236 313.560903072357 317.626376946767 319.161951541901 314.093947410583 318.775137265523 324.700315793355 325.825373331706 325.625956058502 327.371339003245 327.017366886139 324.559470017751 321.908593177795 311.822930971781 300.413966178894 298.062125841777 306.59011999766 312.226831912994 311.859329541524 309.914429982503 307.307819525401 298.925598462423 285.032371679942 275.86168050766 276.972870031993 290.596048037211 294.990956783295 295.605659484863 306.639194488525 297.750691572825 294.057786464691 296.16916179657 291.512906551361 304.259399573008 301.331361134847 291.688442230225 297.103623549143 312.267740567525 316.954334576925 309.194684028625
283.497393131256 289.612233638763 294.660607973735 301.806966463725 311.891774336497 318.247278531392 321.151733398438 321.838974952698 321.558833122253 318.64732503891 311.77552541097 313.092450300852 321.554978688558 324.332078297933 320.937911669413 324.007193247477 327.898780504862 328.83208990097 327.236711978912 322.097182273865 319.764773050944 314.832051595052 309.801777203878 309.713959693909 311.81275844574 311.586121718089 305.730402469635 298.463702201843 287.116805712382 276.643971602122 277.06511815389 292.981882890065 285.410145918528 291.858673095703 303.274750709534 297.550737857819 285.968661308289 280.434668064117 289.169092973073 304.561237494151 304.272969563802 303.208629290263 302.405834197998 313.559412956238 324.090421199799 314.636747042338
264.002084732056 263.334353764852 270.242750644684 274.792452653249 282.236635684967 287.07234064738 291.228652000427 301.151017347972 312.585930029551 319.428702195485 319.718460241954 321.265896161397 324.774106343587 325.277070204417 322.701076666514 318.994522094727 321.190456549327 322.815736134847 324.531515439351 323.702454566956 321.945309638977 318.974435329437 320.363402366638 316.488683223724 315.047144889832 316.65293375651 311.455130577087 303.131421407064 295.849899450938 288.425703843435 280.948917071025 293.309648831685 286.141713460286 290.837347507477 296.056548754374 296.919246514638 291.594624519348 289.591689904531 303.827126820882 312.212626139323 307.517429192861 300.543983777364 295.926451683044 305.367112159729 316.642244656881 316.714545090993
280.514180660248 267.916043599447 256.115555763245 249.813298384349 254.39453125 268.420855204264 283.756951491038 291.590889294942 298.843105634054 303.700705369314 315.138717492421 324.670732021332 329.306662082672 330.604195594788 329.765101273855 327.732940514882 324.881136417389 318.769196669261 319.608410199483 323.160211245219 321.628034114838 320.597171783447 325.362583001455 321.617762247721 318.619628747304 318.993945916494 314.330200354258 307.187815507253 299.885074297587 295.128226280212 295.666972796122 300.492544968923 294.800341129303 296.548843383789 294.131557146708 296.800454457601 305.244028568268 308.868149916331 315.009713172913 317.105352878571 315.492510795593 308.6030681928 302.866677443186 301.314314206441 306.18953704834 318.775812784831
312.891999880473 294.788618882497 273.92174800237 254.545489947001 247.03307946523 255.490024884542 277.116040388743 290.168603261312 292.932569980621 293.147603670756 299.768666426341 308.934271335602 314.940134684245 318.775614102681 322.728435198466 324.944913387299 322.120567162832 316.415786743164 316.973467667898 320.999979972839 320.932904879252 324.318766593933 329.536815484365 326.67350769043 323.45966498057 323.406895001729 318.206787109375 311.315635840098 302.444358666738 297.220329443614 300.254285335541 301.778415838877 305.240313212077 309.511721134186 303.718825181325 300.981362660726 307.436406612396 312.877396742503 313.894470532735 314.220011234283 314.981778462728 311.140576998393 309.333920478821 308.900197347005 305.948634942373 304.785509904226
326.203127702077 313.150187333425 299.822370211283 283.265153566996 266.225775082906 255.183100700378 262.00654109319 284.808893998464 295.592884222666 300.616145133972 298.643171787262 294.842342535655 291.739841302236 289.045492808024 290.861507256826 300.788720448812 308.025519053141 316.549559434255 322.581648826599 325.69682598114 323.618034521739 320.880353450775 326.749602953593 328.138510386149 326.971491177877 328.3678094546 325.247486432393 319.427847862244 311.075627803802 306.62739276886 305.850625038147 308.899819850922 319.17941570282 322.537322839101 319.508930047353 313.503861427307 311.782777309418 313.929657141368 315.662801265717 319.105843702952 318.462749322255 314.678311347961 312.013109525045 308.150728543599 293.383399645487 287.301599979401
326.314985752106 323.445002237956 319.036523501078 310.399810473124 295.099993546804 271.511197090149 253.212650616964 252.789417902629 281.174818674723 299.953897794088 304.944773515065 301.896691322327 295.695900917053 288.201332092285 278.722027937571 281.501730283101 290.963053703308 302.254358927409 315.679550170898 324.797530968984 326.611161231995 323.384881019592 325.082103411357 326.790392398834 326.543609301249 328.295608361562 327.864706516266 324.872235457102 319.534818331401 318.274756272634 318.798184394836 320.829709370931 327.625652154287 328.829964001973 327.045758565267 322.965085506439 318.972845872243 314.647257328033 308.779776096344 310.740749041239 317.016859849294 321.818927923838 324.158092339834 318.382481733958 304.106016953786 291.933159033457
322.331488132477 322.976807753245 322.057882944743 318.68314743042 311.457594235738 297.890941301982 275.314331054688 251.067996025085 261.962413787842 280.482133229574 295.815110206604 301.37844880422 301.937103271484 300.308227539062 293.346206347148 288.442969322205 285.390218098958 288.900315761566 299.544811248779 311.29922469457 320.177674293518 323.997974395752 324.646949768066 322.025676568349 322.883129119873 325.564165910085 326.60049200058 325.217147668203 323.582867781321 326.414942741394 328.376571337382 327.588756879171 329.19979095459 329.790751139323 327.173968156179 325.515687465668 322.479605674744 315.365890661875 303.244173526764 304.82804775238 319.837053616842 326.257268587748 325.854043165843 321.806073188782 312.091767787933 303.759614626567
307.419816652934 313.238422075907 316.073735555013 316.172659397125 314.338147640228 313.293099403381 304.188887278239 291.13632440567 266.009092330933 258.53572289149 270.390351613363 289.127071698507 303.82639169693 309.785624345144 311.495880285899 306.88355366389 296.526710192362 292.985538641612 291.476130485535 294.02615626653 300.366878509521 305.046518643697 309.00118748347 312.150359153748 316.117823123932 318.537910779317 320.196350415548 319.50048605601 319.537281990051 323.208113511403 324.248731136322 324.454784393311 328.086098035177 329.991658528646 329.227646191915 325.742940107981 323.965966701508 320.071637630463 305.076539516449 304.350256919861 319.141745567322 322.425425052643 321.378449598948 318.411548932393 309.068997701009 300.905426343282
270.902574062347 281.814734141032 290.954172611237 298.014760017395 304.303765296936 309.502601623535 311.799466609955 309.192876021067 290.128171443939 269.612948099772 257.566332817078 264.501512050629 285.706202189128 303.645173708598 312.735597292582 306.663791338603 301.859736442566 297.642191251119 290.882229804993 286.776820818583 287.048916021983 286.933640638987 289.225320021311 298.221151034037 305.47297000885 310.333530108134 312.015275160472 311.732490857442 314.756910006205 317.978282769521 319.595913092295 321.892003218333 327.259421348572 328.591505686442 327.442427476247 325.143396854401 325.517396132151 326.533536116282 318.002919356028 311.655898888906 317.545890808105 321.346561113993 321.922461191813 321.186641852061 313.949684302012 307.264745235443
235.043903191884 239.827493826548 247.432271639506 258.244474728902 271.696190039317 284.9413951238 298.870305220286 303.330699602763 303.629299004873 294.172406196594 273.97898832957 256.979803244273 259.129265944163 277.766803900401 297.794063886007 299.259563287099 304.42734559377 302.81134446462 296.232501665751 288.504322369893 282.325307528178 279.928803443909 280.034124851227 287.209709485372 293.311953544617 296.900272369385 298.770527044932 301.328221956889 305.999060471853 309.168914953868 312.150478363037 316.238780816396 320.696314175924 321.480810642242 320.687393347422 320.657193660736 324.935217698415 328.893224398295 327.830592791239 323.476513226827 323.083400726318 325.84152619044 327.443500359853 326.446692148844 320.924560228984 318.617939949036
224.777976671855 220.768888791402 217.926621437073 217.941562334696 225.204428037008 240.417202313741 262.507359186808 280.523022015889 302.344739437103 304.730792840322 296.714683373769 278.771976629893 255.160371462504 253.137568632762 272.166927655538 293.075362841288 304.297963778178 305.998543898265 302.875618139903 296.755830446879 290.165642897288 289.244850476583 288.111209869385 288.84353240331 288.738886515299 287.766714890798 291.137119134267 297.750035921733 300.246079762777 300.687213738759 304.317355155945 308.441201845805 310.161789258321 311.361094315847 311.679204305013 314.84854221344 322.12374607722 327.479839324951 326.92289352417 328.446904818217 328.439593315125 328.330457210541 327.685872713725 326.821605364482 321.628034114838 319.33319568634
219.477713108063 193.560262521108 177.353064219157 171.987613042196 169.455488522848 174.660801887512 194.228092829386 227.18205054601 261.84070110321 290.281573931376 302.284359931946 302.523414293925 289.375106493632 268.156905968984 265.856683254242 287.130415439606 298.880577087402 307.607432206472 311.787227789561 309.529880682627 301.995694637299 299.492835998535 297.080934047699 296.968022982279 295.512994130452 293.550391991933 296.242713928223 302.430272102356 301.576773325602 297.192295392354 300.796469052633 304.750641187032 306.249141693115 306.579152743022 307.96480178833 312.797029813131 317.102173964183 320.21830479304 320.565124352773 321.205457051595 323.118329048157 325.439870357513 326.85919602712 327.059864997864 322.226802508036 319.991211096446
202.462395032247 165.417909622192 144.554456075033 140.569557746251 140.141506989797 145.095000664393 153.946896394094 178.800245126088 205.870429674784 252.454539140066 296.500404675802 315.456589063009 317.42133696874 305.635015169779 286.123057206472 282.561202843984 287.157694498698 297.999918460846 309.923768043518 314.52868382136 313.514173030853 309.573809305827 308.093825976054 305.943528811137 302.73973941803 300.663669904073 302.97855536143 304.514368375142 299.610714117686 296.728610992432 300.348341464996 303.125262260437 303.337772687276 303.454041481018 306.181530157725 308.033625284831 309.435149033864 308.750748634338 311.007618904114 310.26703119278 313.957651456197 318.632543087006 320.907851060232 321.527481079102 318.898677825928 318.488279978434
171.751419703166 145.60470978419 123.32542737325 121.252318223317 137.178599834442 159.582455952962 161.252041657766 168.156484762828 189.268171787262 217.477202415466 264.462212721507 311.41730149587 324.843724568685 323.404908180237 310.940643151601 288.525740305583 279.767473538717 281.911253929138 295.502503712972 311.9904200236 318.008859952291 314.627210299174 315.548896789551 311.801493167877 306.817809740702 307.039161523183 308.969974517822 306.104719638824 300.869743029277 303.276022275289 304.974436759949 303.727050622304 301.693320274353 300.894419352214 301.453630129496 300.982634226481 298.684438069661 295.651276906331 297.604242960612 298.974633216858 301.700472831726 305.818816026052 307.787219683329 307.39152431488 312.400778134664 315.358857313792
152.269075314204 141.677349805832 121.577719847361 112.983067830404 116.746644179026 139.94221885999 161.47568821907 169.827818870544 184.435844421387 198.708117008209 222.043911616007 272.532562414805 317.507207393646 323.092023531596 320.195575555166 313.171823819478 304.420053958893 292.855203151703 284.978985786438 293.982625007629 309.989074865977 316.889504591624 319.078087806702 316.112418969472 311.355551083883 312.306622664134 314.945856730143 311.824421087901 308.665017286936 312.741378943125 312.857826550802 305.339495340983 301.185250282288 297.910789648692 294.409910837809 293.540438016256 290.282249450684 289.334197839101 288.787166277568 291.394650936127 293.599009513855 295.940935611725 297.088464101156 299.068450927734 309.628546237946 313.941121101379
144.065161546071 146.242092053095 138.97317647934 124.394605557124 109.275867541631 123.6612200737 153.520931800207 172.691961129506 192.688385645548 202.720065911611 211.736778418223 237.386027971903 277.95946598053 314.387440681458 322.608947753906 324.425061543783 322.174866994222 314.007818698883 299.693584442139 286.946574846904 294.638216495514 313.133438428243 315.670768419902 315.184315045675 315.505822499593 319.363594055176 322.128077348073 319.871266682943 317.366758982341 318.857451279958 315.138379732768 307.461043198903 302.668253580729 297.875940799713 293.368061383565 290.409406026204 288.626253604889 288.858294487 288.844366868337 290.461281935374 291.659474372864 293.052713076274 293.12527179718 295.337160428365 303.666174411774 311.09348932902
151.616195837657 161.454568306605 166.473895311356 153.186351060867 133.599778016408 138.654679059982 157.681445280711 179.528892040253 198.409795761108 220.202287038167 227.537512779236 236.348946889242 256.784935792287 275.209228197734 299.623429775238 321.883420149485 322.337031364441 321.269194285075 318.144102891286 306.015908718109 291.503647963206 300.7719318072 306.736409664154 312.622904777527 318.916539351145 323.600391546885 325.610597928365 324.786384900411 320.157786210378 318.732778231303 313.875635464986 308.893322944641 303.752104441325 298.701246579488 295.747856299082 292.411744594574 292.04801718394 289.062976837158 288.453459739685 291.023631890615 293.427149454753 294.707775115967 294.332981109619 296.875516573588 297.110716501872 307.085712750753
162.161161502202 166.703681151072 180.131256580353 188.611924648285 175.546209017436 158.552457888921 159.358292818069 171.353499094645 190.191169579824 213.288366794586 228.353142738342 228.316307067871 235.767205556234 251.11452738444 264.804224173228 288.121024767558 308.823545773824 316.406826178233 317.477544148763 316.756725311279 310.981869697571 301.218827565511 301.942507425944 307.820200920105 315.523525079091 321.48144642512 325.443108876546 324.303189913432 318.048516909281 317.316591739655 312.958717346191 306.955297787984 302.174031734467 299.804429213206 297.442813714345 294.179220994314 291.911979516347 285.676678021749 283.407111962636 290.41188955307 295.589546362559 297.03547557195 298.063556353251 297.885159651438 295.919378598531 302.210450172424
