input/barkrak2/radiation/dir24024.grid
NCOLS 85 
NROWS 70 
XLLCORNER 665100 
YLLCORNER 4664600 
CELLSIZE 20 
NODATA_value -9999 
[rows 0 to 19 of 70, columns 0 to 45 of 85]
273.460547129312999 284.554918607076 294.329603513082 305.160840352376 308.796981970469 306.058625380198 298.988382021586 293.124715487162 295.893987019857 296.686371167501 295.208990573883 298.883696397146 300.691068172455 301.060895125071 302.747686704 299.702107906342 291.409234205882 283.021171887716 279.338955879211 268.842379252116 254.900832970937 261.633276939392 285.060922304789 292.829990386963 292.734404404958 296.871145566305 294.733464717865 282.580216725667 266.422231992086 262.129743893941 259.507040182749 273.151437441508 303.150296211243 302.633285522461 302.475392818451 292.589565118154 296.54985666275 307.199597358704 301.184117794037 302.897413571676 291.721443335215 287.300070126851 296.598652998606 305.66402276357 304.733693599701 300.902903079987
255.505124727885 269.810557365417 281.658848126729 293.960769971212 301.978528499603 301.502744356791 295.95555861791 292.265295982361 299.163818359375 299.59907134374 294.97359196345 297.111252943675 300.678133964539 301.923751831055 301.692962646484 298.618197441101 296.225647131602 289.75518544515 285.632769266764 275.058587392171 268.5626745224 277.35424041748 292.458097139994 296.748697757721 298.276364803314 298.164367675781 294.799427191416 284.480472405752 270.151575406392 263.247708479563 264.030655225118 284.600377082825 302.384257316589 302.154103914897 303.265611330668 294.22664642334 296.150267124176 302.809993426005 298.869172732035 306.563158830007 301.147520542145 293.156305948893 296.462694803874 303.604861100515 304.942667484283 302.018066247304
222.387115160624 234.411716461182 245.756427447001 256.982107957204 267.7201628685 275.874972343445 282.016535600026 289.064347743988 295.045117537181 293.044686317444 289.48183854421 292.703151702881 301.942408084869 305.781741937002 302.619735399882 307.27207660675 310.120542844137 306.917667388916 297.120849291484 288.129448890686 290.566603342692 293.379247188568 295.061488946279 296.261827150981 299.253185590108 300.023972988129 293.400446573893 283.152043819427 272.687435150146 267.018099625905 270.121614138285 293.059468269348 297.191659609477 299.454907576243 303.697466850281 298.095226287842 294.014235337575 293.565014998118 298.018455505371 305.2872021993 300.843755404154 294.652978579203 289.733370145162 296.206374963125 305.819312731425 306.848247845968
204.710761706034 206.381440162659 214.175502459208 221.019784609477 227.02678044637 232.061604658763 238.495687643687 251.959462960561 268.647392590841 280.932366847992 287.813444932302 296.826481819153 305.084347724915 308.037320772807 307.756165663401 309.016426404317 309.102018674215 304.611325263977 297.462026278178 293.80734761556 292.392730712891 290.433526039124 296.509385108948 297.256668408712 297.021269798279 298.629403114319 295.046269893646 287.055909633636 281.429608662923 277.166744073232 274.441878000895 296.13475004832 295.864641666412 298.896670341492 300.071120262146 301.054159800212 299.330751101176 297.598302364349 304.576595624288 305.449525515238 298.365533351898 286.098261674245 282.508949438731 295.270164807638 308.565815289815 307.299892107646
226.560751597087 211.269458134969 197.994669278463 189.925710360209 193.497081597646 209.0678413709 227.904438972473 237.716277440389 247.075438499451 253.711362679799 271.266102790833 288.798769315084 299.295961856842 304.121911525726 306.750019391378 307.250499725342 302.760541439056 294.476389884949 292.426387468974 293.297509352366 289.841016133626 288.395682970683 296.721657117208 297.482450803121 297.090093294779 300.809899965922 297.267178694407 290.811697642008 285.247286160787 281.181772549947 285.589953263601 302.676896254222 301.253120104472 301.674008369446 297.732392946879 299.288849035899 304.72860733668 306.012670199076 305.554767449697 303.114195664724 300.083001454671 294.159611066182 293.1201060613 297.07940419515 301.263372103373 301.428318023682
265.832463900248 241.384784380595 214.868664741516 192.60044892629 184.285660584768 195.348838965098 218.781054019928 234.728693962097 238.493959108988 238.457183043162 248.096068700155 260.484119256337 269.101977348328 274.128377437592 281.048675378164 286.632100741069 285.401145617167 284.6799492836 288.638869921366 293.605705102285 293.662031491597 296.805163224538 300.786932309469 299.687286218007 299.728274345398 302.661776542664 299.387296040853 294.877429803212 287.717878818512 285.048107306163 294.837097326914 304.547270139058 305.522878964742 308.148602644602 302.353580792745 299.507995446523 303.758899370829 304.994265238444 300.884187221527 300.821503003438 300.597230593363 296.946962674459 296.554982662201 297.91525999705 290.996352831523 279.107630252838
284.287134806315 263.97567987442 245.810548464457 225.677788257599 205.871184666952 193.715532620748 201.286852359772 228.780567646027 240.54479598999 248.04961681366 245.408932367961 240.611294905345 236.698349316915 233.160257339478 235.359708468119 248.771548271179 259.448190530141 274.549583594004 288.059333960215 296.505769093831 298.092365264893 298.085371653239 300.730109214783 300.174752871195 300.674756368001 302.758157253265 302.450935045878 298.514644304911 294.106642405192 294.5370276769 300.741453965505 306.843022505442 310.933272043864 311.454971631368 308.520595232646 302.040576934814 301.229596138 299.705922603607 299.354871114095 300.00364780426 296.367049217224 293.206175168355 294.90868250529 296.389003594716 279.326319694519 272.11058139801
290.124356746674 282.551189263662 273.523807525635 260.199030240377 239.70768849055 210.596203804016 190.243760744731 190.390944480896 222.951531410217 246.54088417689 253.474096457163 249.226272106171 241.142630577087 232.20956325531 220.395604769389 223.745505015055 235.496560732524 249.865591526031 270.396113395691 286.151607831319 293.791254361471 296.328763167063 300.904750823975 300.302704175313 299.314916133881 300.047357877096 300.308267275492 298.700590928396 296.110312143962 300.16968647639 305.601020654043 308.626552422841 310.211877028147 308.887362480164 304.993093013763 301.282087961833 300.584892431895 295.948068300883 288.577993710836 283.451358477275 286.857803662618 294.414937496185 304.275631904602 304.19921875 291.388134161631 285.066246986389
283.620456854502 284.143726030986 281.061450640361 274.50555562973 262.955566247304 243.435660998027 215.485612551371 187.224805355072 200.47660668691 222.582598527273 241.141776243846 249.056299527486 250.63153107961 248.24188152949 237.738986810048 230.958978335063 228.460550308228 232.778370380402 246.280988057454 261.258542537689 274.962306022644 285.185754299164 291.1496758461 288.497408231099 289.908091227214 291.337549686432 292.326231797536 292.315006256104 292.22047328949 298.776467641195 302.935560544332 302.604873975118 302.184263865153 302.472809950511 301.202336947123 301.130354404449 299.119035402934 294.329583644867 282.01017777125 281.6042304039 296.238541603088 306.517640749613 310.667077700297 308.2475066185 297.011276086171 290.275732676188
258.455991744995 267.087876796722 271.485010782878 271.539747714996 268.972237904867 265.842318534851 251.727680365245 234.951873620351 204.604506492615 195.566395918528 208.882411321004 232.701381047567 252.255856990814 261.413236459096 262.485305468241 255.071957906087 241.324841976166 236.6095383962 236.026465892792 239.240924517314 246.521929899851 253.540277481079 261.475483576457 267.651279767354 274.756789207458 277.584393819173 279.0846824646 279.290318489075 280.603130658468 286.333600680033 287.26589679718 287.876804669698 293.256858984629 296.997229258219 298.426846663157 297.075808048248 295.572241147359 294.690072536469 282.046278317769 287.095745404561 304.353674252828 310.327331225077 309.872210025787 306.227882703145 294.50394709905 288.239479064941
210.00204483668 223.321417967478 235.267996788025 245.054443677266 253.866096337636 261.050999164581 262.904187043508 258.51837793986 233.37197303772 208.166321118673 194.425185521444 202.096958955129 228.381176789602 251.851856708527 264.623900254567 255.87538878123 248.9226659139 242.648820082347 235.230664412181 230.212906996409 230.433166027069 229.854941368103 233.413775761922 245.675424734751 257.079561551412 264.209588368734 266.048153241475 266.143759091695 271.113495031993 275.344431400299 277.914742628733 281.084895133972 289.076526959737 292.417804400126 291.828155517578 290.832718213399 293.032904465993 296.230415503184 292.299369970957 297.0077196757 305.574635664622 309.381385644277 309.781710306803 307.758549849192 300.203959147135 297.233700752258
169.063071409861 174.023489157359 182.601769765218 194.985111554464 210.807462533315 226.845661799113 244.392931461334 250.293393929799 251.167058944702 238.509933153788 213.019410769145 193.547546863556 196.235299110413 218.902111053467 243.994295597076 246.9309369723 252.799808979034 249.895691871643 240.853031476339 230.94642162323 224.626918633779 221.956511338552 221.570432186127 230.284790198008 238.522907098134 243.984719117483 246.732950210571 250.806887944539 257.160643736521 261.554002761841 265.36367336909 270.445823669434 276.20526154836 278.913696606954 278.781314690908 279.98807032903 287.51665353775 295.599579811096 298.018038272858 302.613218625387 306.203405062358 308.56450398763 307.91699886322 304.578522841136 300.412754217784 298.680086930593
156.958848237991 152.594516674678 150.268872578939 150.256852308909 158.113926649094 174.345970153809 199.347873528798 220.646659533183 248.163223266602 252.69607702891 241.967876752218 219.426055749257 191.459178924561 189.225474993388 212.051570415497 237.733006477356 252.522726853689 255.023757616679 250.560581684113 241.554737091064 233.195960521698 232.407410939535 231.946508089701 232.801735401154 233.122011025747 232.05304145813 236.122449239095 244.529902935028 247.949282328288 249.276717503866 254.09726301829 259.336372216543 260.452210903168 262.127419312795 264.459649721781 269.101719061534 279.612024625142 288.579344749451 290.508011976878 296.373307704926 299.819111824036 300.472537676493 299.596349398295 299.327274163564 294.440368811289 293.701072533925
147.631774346034 118.268857399623 102.207402388255 96.9921549161275 92.1423633893331 98.6214578151703 119.27322546641 155.51350514094 198.512474695841 232.957541942596 250.435054302216 250.2255042394 232.310056686401 207.769989967346 203.940033912659 228.833079338074 244.875470797221 257.030347983042 263.185938199361 259.599347909292 248.5378185908 245.472629865011 242.311676343282 242.02024936676 241.681516170502 239.565491676331 242.516815662384 250.100433826447 249.725302060445 243.746737639109 248.921732107798 254.015803337097 255.690157413483 255.34059604009 258.760889371236 265.405694643656 271.239380041758 275.258580843608 278.102338314056 279.717485109965 283.70734055837 288.278957207998 292.474647363027 295.950472354889 291.106263796488 292.408088843028
133.016169071198 99.0794698397319 72.5943148136139 64.8003915945689 64.4789536794027 70.4452047745387 80.7653913895289 108.713587125142 138.033519188563 188.174287478129 239.264965057373 266.751607259115 270.580887794495 253.149549166361 229.001820087433 223.655660947164 228.860020637512 243.672529856364 259.934842586517 267.544945081075 265.698393185933 259.463489055634 257.13845094045 253.799398740133 250.400980313619 248.900771141052 251.00847085317 252.553701400757 247.868180274963 243.460297584534 246.953845024109 251.596033573151 251.734793186188 251.016497612 254.713396231333 258.403778076172 260.171413421631 258.361438910166 262.16713587443 262.677868207296 267.970363299052 274.101674556732 279.195348421733 281.984210014343 281.253397464752 283.378720283508
118.055284023285 91.7239685853322 60.4974826176961 44.6031490961711 60.3797783454259 83.3141555388768 90.6108816464742 103.251576423645 123.205870389938 153.243859608968 200.428684552511 244.270284970601 277.652581532796 278.735836346944 260.334054629008 231.344819068909 219.863216082255 222.469607988993 239.178955554962 262.546539306641 272.397398948669 267.288585503896 268.173694610596 262.444734573364 256.166776021322 256.708403428396 259.219209353129 255.555589993795 250.137289365133 252.159217993418 252.897699673971 252.308547496796 249.589343865712 248.292187849681 248.32151333491 247.70055214564 245.827754338582 241.927961508433 243.945002555847 245.923697948456 250.483771165212 255.989988644918 257.98624753952 259.408275286357 268.593907356262 273.485402266185
103.453407684962 92.1168029308319 65.8821960290273 38.365992407004 45.8216667175293 70.6640481948853 90.9559329350789 106.181810299555 124.583204587301 136.870195468267 159.105698267619 197.977602481842 225.3431280454 250.519434611003 266.782820224762 263.235211372375 251.486519972483 236.120680967967 226.698060830434 237.320005893707 259.97523466746 270.682712395986 273.95623922348 269.691526889801 262.942433357239 263.894399007161 267.78256893158 263.819793860118 260.868708292643 265.722533067067 264.103213946025 253.803531328837 248.145163059235 244.495987892151 240.004221598307 238.27071984609 233.987768491109 232.733766237895 233.393649260203 236.056427160899 238.599975903829 241.556366284688 243.611415227254 246.224761009216 261.500199635824 269.467075665792
95.3893462816874 96.4338779449463 84.1342806816101 50.3658205270767 43.2762503623962 72.9022820790609 95.3394174575806 119.046082099279 134.73246494929 145.612051089605 153.417160113653 176.491717497508 202.700257301331 223.892291386922 238.621811072032 252.027710278829 265.024721622467 261.991540590922 244.490504264832 228.890577952067 239.752650260925 263.984640439351 268.498520056407 269.336501757304 269.815564155579 274.082978566488 277.682781219482 276.146252950033 273.37255080541 274.96608098348 268.957714239756 258.321166038513 250.779688358307 243.78103017807 237.851719061534 235.102156798045 232.032239437103 232.117613156637 232.215444246928 234.286924203237 236.046612262726 237.766702969869 237.960755825043 240.973671277364 252.055962880452 264.138956864675
100.743840138117 109.60254073143 111.302465200424 80.5391569932302 67.699005206426 90.7485683759054 107.990721861521 130.197246869405 148.190180460612 163.189470767975 174.311459064484 179.320772488912 191.219925880432 199.812571207682 216.377596060435 237.966001033783 249.580939610799 254.425505797068 256.832698980967 247.733453909556 232.725342114766 247.235993544261 254.884123802185 264.001329739888 273.62056573232 280.196249485016 283.079266548157 283.131957054138 277.819593747457 276.020586490631 268.632511297862 262.030303478241 253.794550895691 245.640297730764 241.259694099426 236.786882082621 235.87437470754 232.354025046031 231.708765029907 234.148104985555 238.993962605794 239.867409070333 239.409406979879 241.304119427999 243.145525455475 255.338907241821
107.322782278061 112.600445747375 124.623437722524 120.606273412704 107.743839422862 110.740145047506 111.995240052541 126.434952020645 139.692018429438 158.867299556732 175.346195697784 174.006680647532 175.481021404266 181.985954443614 196.933646996816 217.442651589712 228.835999965668 237.870256106059 248.281399408976 251.808881759644 252.338985602061 241.709351539612 243.712544441223 255.394101142883 267.074704170227 275.973379611969 281.54468536377 282.455285390218 275.609076023102 274.35843149821 268.680850664775 261.064291000366 253.308018048604 247.539639472961 243.936141331991 239.327549934387 235.949198404948 227.267583211263 225.405097007751 233.044068018595 239.428003629049 241.46560827891 243.197560310364 242.582102616628 239.989380041758 248.597999413808
