input/barkrak2/radiation/dir25824.grid
NCOLS 85 
NROWS 70 
XLLCORNER 665100 
YLLCORNER 4664600 
CELLSIZE 20 
NODATA_value -9999 
[rows 20 to 39 of 70, columns 0 to 45 of 85]
80.6514670451482 68.4785296519597 74.6408452590307 96.5559780597687 92.5043125947316 81.6529442866643 75.5591789881388 88.4958902994792 101.251840591431 112.927695115407 112.70131667455 112.246890862783 114.321847756704 116.64272348086 126.831948757172 142.697036266327 154.225250085195 165.00652829806 176.390051841736 191.977938016256 199.457804361979 189.453283945719 185.486972332001 189.163724581401 189.451297124227 188.56006860733 187.28095293045 187.289992968241 193.551858266195 186.158577601115 176.109830538432 183.127860228221 166.077315807343 174.547076225281 171.140233675639 177.693247795105 176.824688911438 178.849299748739 183.62820148468 189.114530881246 189.791778723399 190.311173597972 193.191945552826 186.052620410919 192.413707574209 197.044094403585
110.422511895498 99.0545650323232 94.3990349769592 120.405286550522 118.585487206777 82.6938400665919 85.886945327123 97.6796348889669 106.737444798152 110.848883787791 110.466579596202 111.673573652903 109.976132710775 108.403126398722 118.16684405009 132.740795612335 148.106435934703 158.946593602498 170.192917188009 186.429977416992 194.159865379333 205.491562684377 209.668080012004 207.229455312093 197.501758734385 186.7649157842 173.86786142985 170.705596605937 174.510876337687 167.403340339661 146.063009897868 130.755056937536 103.354622920354 100.069125493368 99.9836524327596 142.356922229131 152.264177799225 170.59059937795 183.095951875051 184.446215629578 181.40576283137 180.317322413127 171.480198701223 153.505464394887 179.618676503499 191.554029782613
157.172679901123 154.638260602951 137.962818145752 140.975375970205 140.030225118001 104.587455590566 108.376294374466 108.386745055517 106.256465117137 107.464810212453 110.218554735184 115.393211444219 116.474678119024 120.237171649933 122.988045215607 131.161153316498 142.219652732213 154.063095649083 163.227667411168 167.85728931427 172.302742799123 188.170790672302 198.464175065358 199.683368206024 197.81486193339 186.884601910909 173.406521479289 161.582360665003 162.405997514725 142.60787765185 123.135944207509 80.6184709072113 54.8756817976634 33.7969412406286 40.7109459241231 63.0702426036199 91.2718872229258 116.047571102778 144.451002279917 158.207654953003 166.286627451579 169.959644476573 144.994815190633 120.45082449913 152.048240105311 188.898285230001
192.875663439433 185.391982396444 156.709929307302 147.54178126653 145.930578311284 140.227417151133 129.879335562388 111.207167307536 100.278794765472 101.846675078074 114.556849002838 119.153062502543 127.778162558873 135.984102884928 133.961230516434 134.234289328257 142.987112204234 154.506494601568 159.806996583939 152.230978012085 153.267443180084 158.490916093191 170.544405778249 177.379667758942 181.512554486593 178.780277570089 165.212213993073 149.263640244802 139.908363421758 102.658818165461 72.3071346680323 60.9480937321981 30.4772878686587 3.8880684102575 0.975058802093069 10.0385465969642 39.4424051046371 65.884123245875 82.7641586462657 93.7869846820831 99.7917850812276 91.5508965651194 103.610644737879 134.649177392324 147.519965966543 176.026284694672
189.118981361389 186.710000038147 172.004838784536 151.277273893356 136.909306049347 140.365759531657 130.587667226791 120.321333408356 112.955818573634 109.354048967361 113.006711006165 114.329655965169 126.688987016678 135.125368833542 134.835034608841 133.914738893509 141.306430101395 151.572406291962 160.120596488317 151.815672715505 150.128622849782 146.94822827975 154.808104038239 160.909752051036 162.609865268072 161.305616299311 150.622447331746 137.173334757487 120.952665805817 75.7342875003815 63.3056511481603 60.9736541906993 39.0469282865524 3.9869441340367 2.21710947031776 12.154138336579 29.0842180450757 40.2979503075282 52.6038507620494 54.2364766200384 50.2248307069143 49.8265872399012 72.8731155395508 163.071016470591 168.072680632273 178.616325060527
175.879677136739 181.310176849365 180.623074372609 156.563013792038 137.344817320506 140.652894973755 143.758187691371 151.678244272868 149.405161539714 137.27405667305 127.232293287913 133.834302425385 137.738466262817 145.081182320913 145.21379272143 137.443194786708 140.226950248082 150.880684455236 156.972914934158 162.031759818395 164.547522862752 160.380224386851 156.375110149384 152.490695317586 151.983052492142 150.694668292999 138.451149066289 131.781975428263 107.621411482493 91.6900436083476 92.0023222764333 102.658609549205 97.0352490743001 38.4011020263036 18.9231596887112 29.4072479009628 30.0951302051544 41.0519689321518 43.5309708118439 37.7560655275981 32.987209657828 38.2746135195096 85.624227921168 167.346954345703 186.696648597717 190.443197886149
175.531327724457 180.758575598399 182.458062966665 163.697183132172 154.254039128621 159.508923689524 170.457820097605 178.010622660319 185.452997684479 177.713831265767 154.304643472036 157.088567813238 156.84054295222 160.68826119105 159.282922744751 147.133449713389 144.658943017324 155.22363781929 162.362545728683 175.579865773519 178.127368291219 174.838264783223 163.995087146759 154.792606830597 154.631167650223 153.156489133835 144.23531293869 137.395858764648 125.062644481659 127.421120802561 143.978039423625 169.44952805837 178.280711174011 165.123124917348 96.5972344080607 49.8078962167104 47.2973336776098 48.9364167054494 48.9044884840647 38.7024432420731 55.5073618888855 89.5212690035502 134.77290670077 168.008367220561 187.630613644918 180.798967679342
178.430259227753 175.936977068583 177.52460638682 167.476236820221 185.169796148936 186.660389105479 193.566024303436 193.409164746602 197.127679983775 191.909511884054 165.898591279984 161.51170929273 162.878692150116 162.688752015432 164.14874792099 157.720694939295 152.863770723343 161.4610850811 171.215732892354 179.291566212972 178.107519944509 167.819619178772 163.790047168732 162.919064362844 163.103371858597 160.971820354462 154.802292585373 153.684377670288 157.973180214564 169.042905171712 186.129450798035 198.630750179291 206.519941488902 218.43014160792 193.563044071198 99.8047788937887 64.1841292381287 54.9275726079941 48.1247206528982 40.3111825386683 77.672337492307 163.43480348587 157.02619155248 142.93564359347 151.388307412465 149.113943179448
177.744249502818 167.360107103984 169.541339079539 172.922035058339 208.078980445862 199.739535649618 192.572156588236 179.664373397827 168.823063373566 167.275210221608 157.712270816167 153.702040513357 158.38951865832 160.146743059158 165.910482406616 168.193101882935 164.609889189402 160.453736782074 172.335267066956 172.60464032491 170.644283294678 162.29314605395 161.737571159999 167.261222998301 167.918940385183 162.794172763824 163.562566041946 162.493944168091 167.038679122925 184.471865495046 204.023063182831 217.44700272878 223.186473051707 224.275132020315 226.409594217936 170.523981253306 69.6114997069041 40.5106022953987 25.4059582948685 36.9987959663073 95.4251289367676 155.114869276683 144.623617331187 108.945121367772 107.426226139069 104.381144046783
173.130452632904 156.66256348292 163.389503955841 182.11034933726 208.391547203064 197.879950205485 177.308758099874 151.063074668249 136.273642381032 128.470003604889 131.303777297338 132.273981968562 149.743219216665 160.820782184601 169.281045595805 174.955109755198 172.15617497762 158.556888500849 161.786983410517 163.784215847651 162.408461173375 163.907746473948 164.077599843343 169.840137163798 173.196037610372 168.102622032166 171.227514743805 166.65310660998 166.172951459885 191.041131814321 213.915228843689 229.841907819112 228.509108225505 226.975957552592 238.001147905986 231.540322303772 158.146460851034 71.4611709117889 53.6904831727346 59.1658105452855 88.747243086497 102.283616860708 114.878386259079 77.346016963323 74.1278181473414 81.0626049836477
169.634222984314 176.63848400116 205.317278703054 249.146779378255 238.923986752828 203.044772148132 165.994981924693 127.884407838186 115.631133317947 120.281010866165 119.018157323201 113.507568836212 134.448746840159 162.020156780879 172.885537147522 180.225054423014 179.607431093852 166.84627532959 166.371087233225 167.636354764303 165.373514095942 170.149902502696 172.530094782511 174.117823441823 177.519679069519 181.09256029129 179.967045783997 178.480823834737 179.775555928548 200.576802094777 223.854025204976 235.171993573507 230.90668519338 237.275699774424 248.424569765727 253.049790859222 240.580479303996 201.671322186788 121.643553177516 80.4961671431859 71.4850028355916 73.1639762719472 85.1505895455678 74.8233546813329 70.3470160563787 88.4537895520528
189.53812122345 225.651303927104 268.160223960876 289.363066355387 290.701965490977 245.330452919006 193.465828895569 150.351544221242 138.135304053624 148.017545541128 137.075205643972 124.98481074969 133.762866258621 161.980549494425 177.618622779846 186.705748240153 184.099455674489 178.767303625743 170.776625474294 170.175135135651 172.664860884349 177.045464515686 179.788152376811 179.113745689392 183.178226153056 193.197011947632 193.100571632385 196.686228116353 198.52070013682 210.528552532196 227.199256420135 236.512998739878 239.593625068665 247.550249099731 253.305554389954 249.764005343119 247.010151545207 252.998054027557 200.831731160482 118.379751841227 77.5632609923681 70.9344396988551 75.9030183156331 78.45638692379 92.4291809399923 119.535913070043
247.018078962962 277.863919734955 292.36497481664 290.712793668111 302.653272946676 292.55622625351 259.517749150594 219.502945741018 191.198627154032 180.744787057241 178.73493830363 156.625558932622 144.357760747274 159.300645192464 181.227366129557 186.805586020152 182.170351346334 186.463197072347 172.967294851939 171.096007029215 174.788971741994 176.715095837911 178.864041964213 178.444961706797 183.49685271581 197.288632392883 204.490939776103 209.929625193278 211.030781269073 215.298811594645 228.611985842387 239.727258682251 239.73407347997 237.886071205139 240.115702152252 229.377210140228 230.834126472473 229.578932126363 193.502426147461 141.11116528511 102.037727832794 88.7292325496674 81.7770808935165 83.0808778603872 94.2683219909668 124.615629514058
279.461065928141 294.954876104991 292.933940887451 283.747255802155 292.184869448344 300.513168176015 292.365074157715 259.232421716054 225.919167200724 206.065456072489 208.410223325094 194.112658500671 169.428507486979 168.5418287913 179.011940956116 182.659387588501 176.782548427582 178.18021774292 170.333027839661 173.303186893463 170.461237430573 172.095974286397 172.697762648265 172.356049219767 179.650743802389 192.03778107961 204.676826794942 207.359671592712 211.519062519073 219.049652417501 231.387495994568 233.084539572398 220.168471336365 210.45970916748 213.725328445435 194.240430990855 186.580002307892 181.474884351095 148.348152637482 122.171630462011 129.881163438161 119.302848974864 100.910723209381 88.242361942927 86.7103040218353 96.4364906152089
290.519654750824 294.118603070577 296.803832054138 289.461036523183 288.479864597321 293.707052866618 299.73433415095 283.670365810394 246.307671070099 218.813161055247 214.268267154694 211.690048376719 199.342747529348 181.104520956675 177.645524342855 178.350389003754 173.343022664388 167.371769746145 166.207313537598 170.816441377004 167.080501715342 165.930966536204 167.470018068949 169.608950614929 174.235502878825 183.606584866842 193.954666455587 195.680598417918 201.774458090464 217.899759610494 226.750751336416 219.049592812856 206.902404626211 203.568617502848 195.590853691101 178.047319253286 181.739211082458 179.416616757711 165.337592363358 147.003680467606 150.280793507894 156.967590252558 136.561771233877 119.55593029658 100.14138619105 85.5337182680766
296.054621537526 297.022223472595 298.995912075043 298.376142978668 291.658043861389 290.598173936208 295.782883961995 292.036016782125 256.069580713908 228.862245877584 217.904090881348 211.788336435954 210.563878218333 187.539537747701 178.662975629171 179.739038149516 175.108512242635 165.447364250819 169.801672299703 172.41374651591 169.714172681173 165.123671293259 170.588751633962 174.877762794495 172.494351863861 179.808517297109 184.433043003082 183.667401472727 191.200256347656 212.522784868876 219.987809658051 213.762064774831 209.470927715302 210.445602734884 191.837588946025 184.599657853444 190.358916918437 196.268121401469 197.090903917948 179.955800374349 142.094830671946 143.925845623016 129.589855670929 114.998797575633 95.6767698129018 74.9790122111638
286.400596300761 289.502422014872 291.238824526469 290.478010972341 285.170714060466 281.675755977631 289.317349592845 293.983499209086 265.976309776306 231.092154979706 213.835537433624 200.176815191905 201.831380526225 184.386213620504 173.426191012065 182.425697644552 184.687534968058 172.471920649211 174.728433291117 179.458836714427 178.27316125234 172.301073869069 174.13721481959 177.769382794698 174.910604953766 176.429669062297 182.846327622732 188.961664835612 193.908830483754 206.090490023295 216.301719347636 216.486871242523 210.929493109385 211.96981271108 192.843635876973 195.187489191691 198.086539904277 204.565723737081 205.465296904246 183.342397212982 117.945820093155 93.1711792945862 81.2047223250071 73.7987756729126 67.1686331431071 62.1223797400792
272.533615430196 277.828176816305 284.48486328125 282.93764591217 280.786077181498 282.635152339935 288.244307041168 291.383783022563 278.186758359273 233.178734779358 209.216833114624 197.156290213267 191.626707712809 182.045896848043 171.956956386566 177.30975151062 190.663814544678 180.431028207143 177.640755971273 180.622259775798 180.444379647573 177.020450433095 175.387720266978 177.145441373189 178.145885467529 178.699870904287 181.740780671438 190.826555093129 195.577502250671 200.203120708466 211.889942487081 217.471301555634 214.506606260935 193.833609422048 186.650137106578 204.298317432404 211.817304293315 214.314679304759 208.09797445933 193.755765755971 111.963629722595 61.9896203279495 41.5833840767542 29.5058563351631 28.8452009359996 45.4066693782806
243.069609006246 251.40126546224 258.722464243571 262.673636277517 268.38086048762 278.441429138184 286.23241186142 288.42157125473 281.933824221293 246.713101863861 223.218659559886 204.411764939626 189.089278380076 186.41330798467 178.357660770416 171.615580717723 185.484826564789 184.785087903341 176.662266254425 177.7090827624 178.06484301885 175.944447517395 171.738982200623 172.775487105052 177.746335665385 181.694010893504 180.872976779938 187.760055065155 192.585368951162 195.007960001628 203.275660673777 216.096023718516 210.423211256663 182.655890782674 192.14391708374 219.871163368225 225.008130073547 219.274481137594 210.310320059458 208.726048469543 170.812447865804 84.4374001026154 44.500932097435 33.4009403983752 33.9308902621269 32.1433618664742
208.985328674316 215.761800607046 215.460161368052 224.307994047801 239.156504472097 254.062791665395 265.455146630605 271.963874499003 269.374787807465 247.385382652283 222.351511319478 199.878791968028 187.571148077647 184.590538342794 181.347648302714 173.965017000834 180.301705996195 180.413762728373 171.818157037099 172.804872194926 175.941427548726 180.329938729604 178.135971228282 172.824203968048 173.18985859553 176.856637001038 182.57462978363 187.123795350393 191.716035207113 190.997143586477 194.827059904734 205.129663149516 195.987482865651 189.583579699198 217.407206694285 233.106116453807 229.417681694031 221.614360809326 217.718799908956 226.473073164622 237.428406874339 198.994278907776 113.518486420314 67.4541642268499 47.5019911924998 34.5313797394435
