input/barkrak2/radiation/dir22324.grid
NCOLS 85 
NROWS 70 
XLLCORNER 665100 
YLLCORNER 4664600 
CELLSIZE 20 
NODATA_value -9999 
[rows 20 to 39 of 70, columns 0 to 45 of 85]
151.905635992686 141.469031572342 154.639482498169 191.273272037506 187.305172284444 153.053124745687 143.054773410161 151.511619488398 164.459019899368 179.861108462016 194.253504276276 197.63187567393 203.812718391418 208.796838919322 220.769286155701 236.56439781189 253.427267074585 265.842755635579 280.050535996755 300.063292185466 308.418273925781 298.949201901754 297.33012119929 299.582203229268 301.184117794037 302.188118298848 305.335362752279 303.227623303731 299.978355566661 299.015959103902 291.948318481445 278.720756371816 266.571183999379 259.435852368673 256.654580434163 262.5492811203 262.017667293549 264.335831006368 269.28174495697 274.0718126297 274.182001749674 274.319330851237 276.128927866618 270.707011222839 276.090105374654 279.308577378591
182.410438855489 176.730314890544 186.173578103383 217.729926109314 214.549124240875 161.854873100917 153.195520242055 159.179896116257 170.044481754303 179.657220840454 188.242793083191 194.77915763855 197.485506534576 200.275401274363 209.303498268127 226.676325003306 239.450673262278 254.237035910288 268.459359804789 286.108652750651 296.71045144399 310.35836537679 315.509517987569 314.095854759216 308.385094006856 300.636251767476 296.394983927409 290.735344092051 286.449491977692 283.115824063619 269.015272458394 235.026061534882 212.981899579366 207.171420256297 213.696658611298 234.069009621938 242.430607477824 258.007804552714 269.15975411733 270.246922969818 267.274181048075 266.279796759288 260.053277015686 243.406454722087 265.860199928284 276.300211747487
226.679146289825 230.257451534271 227.822124958038 236.560960610708 236.650049686432 190.870424111684 178.263147672017 169.00094350179 166.283547878265 172.726670900981 188.069820404053 195.776760578156 202.768842379252 206.744333108266 213.482479254405 223.079482714335 235.771139462789 249.107539653778 260.248760382334 266.813337802887 275.409539540609 287.983457247416 291.719019412994 291.618824005127 291.552285353343 282.485902309418 265.177528063456 247.41409222285 246.881047884623 229.722380638123 203.188439210256 156.331270933151 134.68990723292 145.266900459925 173.418879508972 198.919117450714 218.623518943787 240.840991338094 253.631929556529 257.396121819814 261.109213034312 262.126386165619 237.647314866384 214.327772458394 244.538406531016 273.405929406484
253.82794936498 252.449969450633 240.472674369812 242.08015203476 241.528491179148 228.224237759908 200.427174568176 174.200932184855 162.754674752553 167.412439982096 187.333643436432 197.036147117615 208.892385164897 220.331470171611 219.747006893158 225.053191184998 234.016140302022 245.640397071838 252.691626548767 243.57000986735 239.351232846578 236.638367176056 248.289008935293 255.974253018697 263.081868489583 265.092492103577 251.323064168294 239.032804965973 212.554057439168 177.128911018372 149.313479661942 124.147882064184 88.1349941094716 67.4078563849131 79.0795584519704 114.354054133097 157.430539528529 191.412429014842 212.34659353892 223.247190316518 221.808234850566 206.622223059336 194.594204425812 228.005905946096 232.671697934469 262.819906075795
247.482597827911 247.703949610392 247.19633658727 244.401971499125 233.644425868988 228.181620438894 207.055648167928 189.848442872365 174.094637235006 168.641448020935 180.551707744598 195.745706558228 206.938227017721 218.888560930888 222.219665845235 221.973756949107 227.242588996887 233.280201752981 238.125006357829 231.02593421936 229.163229465485 224.059800306956 231.114029884338 238.745967547099 243.493715922038 242.71829922994 235.048413276672 224.514345328013 191.510895888011 144.376655419668 124.109903971354 120.403518279394 97.3680913448334 53.1336069107056 46.9044943650564 68.988432486852 107.375045617421 137.480914592743 167.234142621358 185.997943083445 174.818952878316 153.857092062632 175.30232667923 250.442564487457 248.501976331075 265.514016151428
238.36608727773 243.142584959666 250.113546848297 243.706941604614 234.812359015147 228.353540102641 217.691719532013 215.959250926971 211.462616920471 197.468817234039 194.536248842875 209.82430378596 220.266103744507 230.55636882782 230.395317077637 218.633910020192 218.360126018524 230.196356773376 236.461699008942 239.788969357808 241.604924201965 236.023008823395 230.365455150604 230.665306250254 230.614542961121 230.857809384664 224.501411120097 215.741078058879 178.844809532166 154.018660386403 150.831570227941 165.315369764964 164.899160464605 118.552496035894 84.7509801387787 87.3116751511892 96.4836875597636 116.382380326589 144.375860691071 154.726982116699 145.21183570226 140.40078719457 185.422341028849 245.849430561066 264.652192592621 275.361577669779
239.341735839844 242.874582608541 248.523672421773 245.025912920634 249.172488848368 243.450860182444 237.646818161011 236.518561840057 239.026725292206 232.485930124919 218.138337135315 230.188071727753 236.07607682546 240.282893180847 238.709390163422 226.638734340668 224.749942620595 234.304626782735 239.538709322611 251.379291216532 252.96143690745 251.273036003113 240.496655305227 232.648650805155 231.32844765981 230.161488056183 223.403215408325 216.84984366099 188.921471436818 186.534325281779 205.219984054565 230.211734771729 236.651798089345 237.501502037048 197.342276573181 122.529764970144 114.569067955017 120.201388994853 139.753441015879 148.801614840825 160.583436489105 191.295266151428 207.086066404978 229.222098986308 253.201941649119 264.515578746796
243.149479230245 239.84706401825 242.369910081228 244.5294658343 274.544497330983 260.784725348155 252.613345781962 243.020494778951 245.109558105469 248.697519302368 235.109925270081 237.504124641418 237.943847974141 242.060720920563 244.832356770833 239.792943000793 233.503123124441 240.42663971583 250.491897265116 254.567662874858 254.002590974172 243.283271789551 241.456151008606 242.174704869588 239.132006963094 237.051725387573 231.458306312561 227.975348631541 220.561583836873 220.983266830444 241.297364234924 255.365331967672 257.645448048909 271.114985148112 275.043229262034 195.804556210836 140.222837527593 126.20755036672 131.464193264643 153.204341729482 193.268279234568 252.994497617086 223.694046338399 213.180045286814 233.308414618174 245.260914166768
241.796592871348 231.60707950592 235.113819440206 250.752886136373 291.812737782796 265.691121419271 246.829549471537 236.681858698527 238.742887973785 240.860641002655 236.509680747986 230.680525302887 236.289898554484 241.552491982778 246.148983637492 247.477531433105 244.0558274587 238.240440686544 249.495387077332 251.184423764547 246.573905150096 240.962107976278 240.389784177144 246.395389238993 246.155858039856 239.625751972198 240.394473075867 234.652638435364 230.711857477824 232.138236363729 252.829710642497 269.125362237294 270.461877187093 270.232836405436 283.811887105306 261.621356010437 165.366987387339 114.241391420364 101.116607586543 130.504657824834 203.448295593262 237.672626972198 212.97828356425 182.691295941671 201.316634813944 213.578502337138
235.896229743958 223.596354325612 230.508923530579 260.948181152344 290.210982163747 262.630124886831 236.08809709549 217.80784924825 209.864974021912 211.572925249736 211.897154649099 215.345740318298 229.846715927124 240.349650382996 244.262139002482 250.3915031751 249.57795937856 238.579491774241 241.291324297587 242.855409781138 240.043421586355 242.055535316467 242.328107357025 248.21533759435 249.102334181468 243.09782187144 247.486690680186 239.770313103994 232.128143310547 240.189413229624 260.312914848328 277.40885814031 273.617704709371 271.223127841949 281.326293945312 290.19816716512 250.628729661306 168.021281560262 128.042042255402 137.60636250178 174.164891242981 188.918729623159 194.973468780518 159.65395172437 166.714747746785 187.830328941345
227.374831835429 235.434969266256 265.314777692159 311.232566833496 308.6838722229 270.05523443222 232.742587725321 201.960921287537 192.836960156759 201.572736104329 197.088837623596 193.109492460887 219.297369321187 242.506722609202 249.539017677307 253.477017084757 256.566206614176 246.759136517843 243.600249290466 247.119069099426 244.310895601908 248.743991057078 250.726719697316 251.490414142609 250.624497731527 253.057360649109 253.379762172699 249.261260032654 241.313993930817 251.3094941775 267.932415008545 279.875953992208 276.0142882665 278.828998406728 285.420894622803 289.136628309886 297.550578912099 287.532925605774 213.702897230784 167.537669340769 152.406483888626 149.189154307048 167.05850760142 158.803512652715 159.314423799515 184.978981812795
246.074716250102 276.707073052724 305.942495663961 317.529420057933 335.56608359019 307.355721791585 264.571070671082 226.156175136566 212.251007556915 224.505841732025 218.098918596903 199.848294258118 213.489691416423 238.306939601898 255.954146385193 258.560061454773 256.76828622818 257.517774899801 248.924672603607 248.768190542857 249.345401922862 250.011662642161 252.238273620605 251.183768113454 253.732919692993 260.859171549479 262.026190757751 263.785262902578 259.497980276744 264.232039451599 273.43209584554 279.47723865509 281.538963317871 287.984311580658 292.868673801422 281.250894069672 286.712010701497 311.429301897685 287.02974319458 215.919196605682 165.80464442571 151.287893454234 151.520858208338 163.734674453735 186.350425084432 213.05916706721
288.663585980733 306.825697422028 307.429313659668 302.003979682922 317.92418162028 328.471461931864 312.24117676417 281.328996022542 255.538423856099 253.19230556488 254.536330699921 230.468769868215 217.183868090312 237.299780050913 260.89072227478 262.561758359273 260.64678033193 262.566606203715 250.181078910828 245.343585809072 251.741071542104 253.671050071716 252.172450224559 251.371045907338 253.782530625661 263.521293799082 269.419411818186 272.340416908264 267.196714878082 268.204152584076 279.273927211761 286.251266797384 283.483823140462 283.806582291921 288.299938042959 276.977002620697 277.487635612488 288.595835367839 275.290747483571 237.588703632355 203.687946001689 173.044383525848 157.736351092656 163.966447114944 185.327589511871 220.934808254242
297.442237536112 298.470278580983 293.553133805593 284.142911434174 286.408205827077 303.585747877757 314.57128127416 302.336951096853 282.985369364421 276.39369169871 278.167287508647 261.583964029948 243.815700213114 247.02791372935 259.823262691498 260.757128397624 258.585691452026 257.426857948303 249.059696992238 251.385509967804 250.966986020406 249.503970146179 248.401959737142 247.598469257355 253.439426422119 260.040899117788 268.869340419769 269.651671250661 267.877161502838 272.706766923269 282.765070597331 282.993376255035 271.569768587748 266.443947950999 270.524561405182 253.240446249644 251.162926355998 245.960553487142 227.675914764404 219.628155231476 229.558169841766 206.368704636892 182.075003782908 170.625309149424 170.89831829071 197.038451830546
297.569712003072 292.529384295146 297.830065091451 286.292294661204 280.113418896993 289.79879617691 309.779524803162 320.187250773112 304.419318834941 286.448121070862 278.596043586731 274.30655558904 273.15092086792 263.79930973053 260.068595409393 260.444502035777 256.907105445862 253.827134768168 252.674341201782 254.537880420685 251.038213570913 248.491764068604 249.204774697622 248.80188703537 252.85005569458 258.808791637421 264.707843462626 262.618660926819 263.580898443858 274.025003115336 280.106127262115 272.723615169525 258.489767710368 260.170141855876 256.555736064911 238.817652066549 240.948001543681 239.955643812815 237.573544184367 242.82443523407 244.974275430044 241.945147514343 221.60279750824 205.438097318014 187.208155790965 182.262142499288
312.172989050547 309.527595837911 316.518406073252 312.379161516825 303.883035977681 305.779993534088 318.268875281016 332.444826761882 317.359566688538 292.309602101644 279.732545216878 279.521107673645 284.801443417867 270.958423614502 264.275828997294 267.603397369385 262.848655382792 254.459202289581 257.82173871994 259.853462378184 257.244884967804 250.891486803691 252.829074859619 256.298740704854 253.759900728861 258.073528607686 260.43697198232 257.116059462229 261.690338452657 273.706018924713 276.812136173248 269.249081611633 260.455429553986 261.587977409363 249.228874842326 243.463853995005 249.002536137899 251.914183298747 259.108940760295 268.950839837392 234.308520952861 228.674372037252 219.375491142273 211.074153582255 195.533871650696 175.651550292969
324.10854101181 323.114812374115 326.217234134674 326.492587725321 318.549752235413 313.155114650726 318.910876909892 331.479171911875 320.947130521138 291.168371836344 280.364553133647 280.903557936351 283.86652469635 271.833797295888 263.864854971568 269.651035467784 270.743628342946 261.964956919352 263.962864875793 265.712996323903 265.209794044495 260.688205560048 259.94865099589 261.094252268473 257.223586241404 258.7002714475 260.447223981221 265.136341253916 266.820708910624 273.986180623372 276.722431182861 271.666566530863 263.184269269307 259.835044542948 246.922552585602 250.898639361064 255.916237831116 258.242547512054 260.555326938629 263.569017251333 217.472970485687 183.593451976776 170.358637968699 165.239999691645 165.890554587046 163.684984048208
326.567530632019 328.023533026377 328.871091206868 327.982366085052 322.162667910258 317.733983198802 318.762262662252 325.498064359029 325.234889984131 299.504339694977 288.610359032949 284.047226111094 279.047648111979 271.995981534322 263.296226660411 266.651848951976 277.220249176025 270.472168922424 266.924758752187 269.511262575785 270.155171553294 264.969865481059 263.22340965271 264.455060164134 264.556010564168 260.441342989604 262.258052825928 268.47892999649 269.976556301117 272.56190776825 276.701013247172 273.871958255768 265.983899434408 250.800828138987 240.131974220276 256.87833627065 265.791436036428 265.330851078033 256.990591684977 259.899159272512 215.930581092834 151.925007502238 126.179079214732 116.159230470657 121.098776658376 131.089349587758
316.505153973897 322.297294934591 325.624565283457 324.663043022156 323.630611101786 324.624280134837 324.359993139903 324.279526869456 324.745297431946 311.545689900716 304.193615913391 294.056157271067 280.90359767278 277.65413125356 270.864526430766 265.846451123555 275.981307029724 274.203141530355 270.580331484477 270.123481750488 269.464174906413 266.312003135681 262.864887714386 264.402826627096 267.113784948985 269.596993923187 267.412861188253 268.738110860189 271.991531054179 272.261261940002 274.942994117737 275.577267011007 261.10299428304 238.51486047109 245.827237764994 270.632366339366 274.553616841634 268.49772532781 255.349198977152 257.655203342438 253.853758176168 191.139360268911 135.725835959117 114.925404389699 114.248593648275 113.938351472219
296.802937984467 300.987660884857 300.72154601415 307.402193546295 316.045979658763 324.118236700694 329.474409421285 331.888238588969 330.142140388489 321.939428647359 308.07093779246 289.581656455994 278.181751569112 278.645733992259 275.035182634989 270.323475201925 273.973246415456 273.796657721202 267.118990421295 267.810781796773 269.977847735087 272.167364756266 270.29017607371 265.469094117482 264.185627301534 266.005674997966 269.846340020498 271.149694919586 273.085872332255 272.665560245514 271.910985310872 273.511191209157 254.873275756836 240.123132864634 265.603204568227 281.953076521556 276.588380336761 270.752867062887 261.203527450562 261.690239111582 287.392675876617 286.879281202952 221.269090970357 168.282826741536 136.185546716054 115.264077981313
