input/barkrak2/radiation/dir23524.grid
NCOLS 85 
NROWS 70 
XLLCORNER 665100 
YLLCORNER 4664600 
CELLSIZE 20 
NODATA_value -9999 
[rows 40 to 59 of 70, columns 0 to 45 of 85]
261.749645074209 263.423065344493 263.318459192912 265.531341234843 272.507568200429 277.72065003713 281.30837281545 286.079049110413 285.868446032206 272.440016269684 259.557485580444 254.920919736226 252.933263778687 250.557482242584 248.177190621694 248.942812283834 246.045231819153 246.028304100037 239.119827747345 239.196578661601 243.007640043894 246.027112007141 248.430212338765 241.866628328959 237.871328989665 235.543350378672 245.836933453878 247.708002726237 249.501903851827 249.086658159892 248.229185740153 249.536712964376 237.285296122233 239.237606525421 266.570289929708 265.875856081645 254.412273565928 248.368720213572 250.675141811371 252.070387204488 264.328996340434 290.028790632884 276.671191056569 211.471080780029 147.890071074168 114.68501885732
269.423067569733 266.624172528585 266.85106754303 266.996026039124 264.033317565918 261.600494384766 260.738730430603 261.437594890594 266.161362330119 258.150259653727 251.259624958038 250.874400138855 254.346569379171 253.63435347875 251.262883345286 249.749938646952 242.776036262512 250.314295291901 248.495817184448 242.521127065023 243.978182474772 244.425972302755 242.651959260305 245.616654555003 244.227389494578 238.767921924591 241.337895393372 247.596402963003 248.348196347555 249.16003147761 249.783058961233 247.613330682119 240.901529788971 250.860889752706 263.56965303421 253.798206647237 236.364086469014 230.924685796102 234.185655911764 244.039416313171 271.625101566315 285.605172316233 280.096789201101 246.963063875834 188.053647677104 142.595668633779
272.716681162516 269.837280114492 272.458871205648 270.802815755208 264.809846878052 262.185335159302 259.962181250254 257.787485917409 257.232924302419 254.48872645696 252.083361148834 249.54758087794 254.818638165792 256.078362464905 256.128489971161 250.854770342509 246.950507164001 251.154065132141 254.057824611664 244.767387708028 239.621261755625 241.592864195506 235.853771368663 234.893103440603 240.39900302887 238.369067509969 230.858743190765 237.813095251719 241.601586341858 243.667701880137 243.92036596934 241.098900636037 244.122942288717 257.875124613444 261.48776213328 239.253322283427 222.510894139608 224.689642588298 234.715700149536 248.412291208903 258.908569812775 259.572525819143 248.516043027242 232.133269309998 193.722089131673 136.701285839081
258.220970630646 260.73960463206 268.29073826472 266.033371289571 268.057545026143 269.674340883891 268.536845842997 264.097293217977 256.056686242421 254.041294256846 254.994074503581 251.642048358917 249.597311019897 253.810207049052 253.414611021678 249.847491582235 249.805907408396 250.855922698975 246.59663438797 244.284808635712 236.351609230042 233.714063962301 232.470492521922 228.827198346456 232.872029145559 235.911766688029 230.296810468038 234.045147895813 238.218069076538 237.659911314646 237.187584241231 232.710023721059 239.730318387349 251.041352748871 246.579607327779 224.443078041077 218.894382317861 230.643232663473 245.72632710139 249.293287595113 246.329963207245 241.950531800588 233.150243759155 216.165363788605 185.602327187856 140.31907916069
257.671137650808 262.939870357513 264.870007832845 264.723519484202 265.598932902018 266.949435075124 267.362117767334 264.256397883097 259.53996181488 253.527919451396 256.548643112183 251.706302165985 247.210621833801 246.681729952494 243.904650211334 242.802858352661 237.947086493174 243.455370267232 244.275132815043 242.733220259349 237.90450890859 235.714038213094 233.9901526769 235.163271427155 231.855154037476 239.649514357249 241.785009702047 238.607068856557 237.607995669047 235.597232977549 229.962448279063 227.259953816732 231.035908063253 232.816954453786 228.976329167684 219.28870677948 222.954293092092 238.352795441945 250.203887621562 244.012614091237 243.610878785451 234.906295935313 223.981440067291 209.821899731954 188.734451929728 158.432135979335
262.460172176361 265.717367331187 262.5772356987 264.691770076752 262.630661328634 263.727823893229 264.284034570058 262.236555417379 259.719649950663 258.341232935588 254.815578460693 252.634723981222 248.679220676422 243.489464124044 241.357207298279 243.543386459351 235.98978916804 239.730457464854 244.122405846914 241.704245408376 240.260859330495 239.104211330414 236.888388792674 236.628810564677 238.71370156606 237.797141075134 243.626475334167 241.519908110301 238.783856232961 236.548542976379 230.887711048126 226.33969783783 228.484729925791 222.957173983256 213.417549928029 207.213322321574 215.45406182607 233.767946561178 238.903562227885 226.855238278707 232.268432776133 223.447601000468 215.719401836395 215.79513947169 211.181024710337 182.913462320964
260.295947392782 260.937650998433 261.406481266022 262.325247128805 264.391978581746 262.129783630371 262.664496898651 264.338533083598 260.208944479624 258.799413839976 256.214340527852 253.956953684489 250.969370206197 246.832450230916 246.395170688629 248.505155245463 246.183375517527 239.506761233012 244.917968908946 243.17858616511 239.691575368245 241.546412309011 239.510218302409 235.022485256195 241.61692460378 235.459625720978 236.169517040253 239.534715811412 238.533059755961 236.938913663228 233.697195847829 229.649047056834 227.267603079478 221.432407697042 214.990158875783 208.385527133942 214.465339978536 226.368983586629 226.665357748667 225.496749083201 229.412853717804 219.197750091553 220.036923885345 228.644212086995 229.328552881877 202.456037203471
251.741508642832 253.972768783569 258.016129334768 260.029176870982 263.251801331838 263.26044400533 261.540134747823 260.506987571716 260.569711526235 262.150605519613 258.02352031072 253.573060035706 250.819404919942 250.888427098592 246.703942616781 246.723930040995 244.418402512868 237.459560235341 239.791671435038 242.915391921997 238.980015118917 238.429963588715 241.713166236877 233.502606550852 236.449162165324 236.123263835907 231.076697508494 236.047724882762 237.718164920807 235.740800698598 234.868446985881 234.2649102211 226.456165313721 226.100345452627 229.236543178558 224.096139272054 222.618540128072 223.553935686747 226.906021436056 236.858467260996 230.043371518453 221.000333627065 226.049145062764 230.689962704976 227.226058642069 209.638476371765
244.956254959106 247.925202051798 252.180536588033 255.919019381205 260.319868723551 263.59744866689 261.240283648173 258.46670071284 259.903848171234 261.551638444265 260.377407073975 255.419015884399 252.082864443461 252.956986427307 248.944560686747 243.40283870697 243.353645006816 235.70462067922 238.756418228149 244.47375535965 242.754340171814 241.035302480062 241.538643836975 236.477911472321 236.098210016886 239.226380983988 235.090037186941 237.645427385966 244.154075781504 245.78066666921 248.416701952616 246.922612190247 237.271289030711 238.398412863413 239.589889844259 234.303832054138 233.35607846578 231.16530974706 231.680274009705 235.116680463155 224.677046140035 217.885971069336 215.9290711085 212.633113066355 210.692365964254 210.014124711355
243.821700414022 240.206599235535 244.941016038259 251.460274060567 256.650328636169 260.07342338562 261.439800262451 261.986354986827 262.411256631215 259.644309679667 260.224958260854 258.542478084564 255.281925201416 251.47004922231 250.290115674337 245.312015215556 242.222905158997 238.64758014679 240.825613339742 245.480020840963 245.975852012634 246.556719144185 242.772618929545 241.793572902679 239.807645479838 243.22909116745 243.347644805908 246.914009253184 249.975621700287 257.524847984314 262.465079625448 261.01549466451 252.063632011414 248.886704444885 242.993474006653 237.921317418416 236.847698688507 238.841017087301 235.299209753672 223.741392294566 212.579031785329 215.180059274038 214.194754759471 207.4081103007 205.294966697693 206.883947054545
244.817058245341 245.612144470215 246.403137842814 252.984503904978 254.588603973389 254.452029863993 261.389116446177 264.135479927063 264.127135276794 261.943638324738 261.745731035868 260.414481163025 257.355372111003 252.064387003581 252.357184886932 253.861546516418 245.627959569295 243.257721265157 243.526875972748 249.087532361348 251.551707585653 248.609662055969 244.797686735789 242.992361386617 238.416989644368 246.111770470937 248.981058597565 249.375998973846 253.296534220378 259.63169336319 265.452603499095 265.905817349752 256.978074709574 249.103943506877 236.759126186371 231.268922487895 234.117329120636 240.987082322439 233.627835909526 214.010119438171 207.861701647441 218.998650709788 219.581484794617 212.966998418172 208.661576112111 202.38329966863
242.014149824778 251.190304756165 251.731117566427 255.053222179413 253.414114316305 252.744138240814 257.470369338989 262.65283425649 262.572467327118 264.765938123067 263.446787993113 261.609594027201 259.708424409231 253.791828950246 252.517898877462 257.64532883962 250.784377257029 245.159049828847 242.352763811747 245.839496453603 246.357142925262 244.32631333669 244.149367014567 240.164458751678 237.444579601288 238.823552926381 245.07220586141 245.593686898549 247.344533602397 253.09544801712 260.965466499329 263.291498025258 253.528972466787 234.835584958394 202.888647715251 192.904194196065 210.295140743256 228.428324063619 233.580768108368 231.911500295003 232.306599617004 228.311161200205 210.120320320129 203.390558560689 210.503339767456 198.004643122355
243.082106113434 242.193261782328 241.252024968465 245.576401551565 251.134653886159 254.900495211283 253.387153148651 259.543061256409 257.938146591187 261.592666308085 261.128226915995 262.946009635925 261.325240135193 256.945669651031 251.604437828064 252.772609392802 253.13530365626 242.66658226649 239.588936169942 239.221294720968 238.580385843913 241.240541140238 239.00039990743 235.356052716573 235.916614532471 235.187987486521 236.331899960836 234.715421994527 234.40416653951 235.904037952423 241.118212540944 248.028775056203 232.449730237325 198.759436607361 170.15149195989 154.920130968094 167.055865128835 196.677605311076 224.868257840474 231.440087159475 232.691486676534 221.425493558248 202.252904574076 199.216405550639 206.13286892573 188.061098257701
248.177131017049 239.072700341543 234.863142172496 240.225692590078 249.842286109924 257.638156414032 255.308747291565 257.447719573975 258.087754249573 258.039176464081 259.276151657104 261.833985646566 262.373606363932 260.712067286174 253.592093785604 253.053327401479 253.926157951355 244.281311829885 239.422182242076 242.765307426453 241.750796635946 238.353073596954 238.601167996724 234.421829382579 233.318706353505 231.580674648285 228.553315003713 228.665014108022 227.145791053772 225.688099861145 216.144104798635 218.376477559408 198.744833469391 180.345177650452 166.773438453674 154.550572236379 139.48326309522 149.191637833913 171.286046504974 201.051274935404 215.730428695679 206.237117449443 198.01793495814 195.884307225545 185.318648815155 174.42790667216
249.575356642405 243.868867556254 238.241930802663 241.938730080922 249.799271424611 257.938941319784 259.37553246816 257.240454355876 259.39663251241 258.016546567281 259.75102186203 261.631667613983 261.957883834839 263.309677441915 256.000717480977 254.680156707764 256.211499373118 248.252590497335 242.814242839813 244.258125623067 246.375024318695 242.023905118306 239.105880260468 239.794234434764 235.897640387217 234.91096496582 230.388859907786 229.912400245667 223.832726478577 216.66419506073 205.037792523702 205.988228321075 197.321971257528 190.045853455861 191.273868083954 186.115801334381 165.898005167643 151.254177093506 143.073697884878 156.136721372604 181.2983751297 182.912011941274 173.611164093018 161.66827082634 158.935050169627 163.332571585973
252.79970963796 250.590721766154 242.967506249746 239.373644193014 244.15651957194 256.070792675018 257.965266704559 257.173339525859 256.70337677002 260.438521703084 263.883312543233 265.346030394236 263.31102848053 262.344161669413 258.93098115921 257.101277510325 258.921901384989 253.501931826274 247.411131858826 245.189070701599 245.45814593633 243.340988953908 243.160605430603 243.729472160339 239.248255888621 236.865818500519 231.289664904277 223.418732484182 214.606563250224 211.19346221288 208.004117012024 209.793428579966 202.826956907908 207.525094350179 214.247504870097 218.338290850321 217.626055081685 204.249401887258 185.621778170268 152.04726656278 154.059648513794 169.186015923818 167.979776859283 159.917374451955 163.222283124924 177.570641040802
254.900872707367 253.836492697398 249.329229195913 242.781142393748 240.04606405894 251.962681611379 256.322503089905 257.179697354635 254.04683748881 259.811401367188 265.672246615092 265.373686949412 262.977878252665 263.094226519267 262.381652990977 256.259719530741 257.529318332672 252.266307671865 249.454140663147 247.795025507609 246.205886205037 246.944785118103 240.788598855337 241.443475087484 239.066580931346 232.734719912211 215.173383553823 195.559084415436 189.420183499654 196.202178796132 205.446322758993 206.550558408101 202.136019865672 203.933000564575 215.306003888448 231.276472409566 244.265456994375 247.688988844554 239.22868569692 193.358719348907 162.780125935872 173.101603984833 189.292589823405 196.184615294139 202.236493428548 212.81619866689
254.267613093058 251.749296983083 252.663314342499 248.881777127584 242.020487785339 247.684200604757 255.880276362101 257.82452027003 253.617783387502 257.000625133514 263.833403587341 266.482293605804 261.548638343811 261.257926623027 263.746937115987 255.098422368368 255.040367444356 253.670235474904 250.024318695068 250.288645426432 250.133236249288 248.873015244802 246.559818585714 240.462740262349 239.488939444224 238.882303237915 219.03783082962 196.75350189209 194.429993629456 198.778331279755 211.254179477692 210.48645178477 212.083160877228 217.749993006388 231.022814909617 237.174570560455 236.657897631327 202.534774939219 189.28994735082 186.424374580383 190.715610980988 204.836408297221 199.309309323629 186.944127082825 184.675772984823 198.505560557048
244.755864143372 250.17124414444 248.579740524292 248.9120165507 244.459986686707 243.327697118123 254.916548728943 260.131696859996 255.252381165822 253.122409184774 260.443965593974 263.395130634308 262.61039574941 257.694224516551 259.798526763916 255.690375963847 252.90314356486 250.913004080454 249.805212020874 252.916316191355 255.574425061544 249.634822209676 245.392600695292 239.410559336344 238.44712972641 239.607095718384 236.525019009908 228.942811489105 223.173260688782 226.013700167338 224.588970343272 217.536846796672 224.320113658905 230.426569779714 226.337929566701 212.858955065409 193.91534725825 147.848318020503 125.884711742401 161.117335160573 201.379537582397 214.548707008362 197.712163130442 189.28998708725 189.045071601868 199.337899684906
233.242154121399 246.118823687236 247.960607210795 246.372481187185 246.004621187846 242.895603179932 248.599032560984 259.06906525294 261.751572291056 259.03574625651 259.685099124908 261.073708534241 262.692809104919 258.60850016276 259.030858675639 254.490733146667 250.466605027517 245.895663897196 245.156506697337 243.171234925588 244.75109577179 243.590672810872 242.475052674611 240.552465120951 238.872269789378 245.970507462819 253.118892510732 255.689322948456 237.974047660828 238.101998964945 228.948791821798 216.031432151794 219.650824864705 204.595406850179 178.338646888733 151.595691839854 139.918486277262 125.997672478358 111.961444218953 125.871459643046 151.405513286591 183.278361956278 200.309296449025 218.45543384552 244.272728761037 247.219522794088
