input/barkrak2/radiation/dir22324.grid
NCOLS 85 
NROWS 70 
XLLCORNER 665100 
YLLCORNER 4664600 
CELLSIZE 20 
NODATA_value -9999 
[rows 0 to 19 of 70, columns 0 to 45 of 85]
309.498727321624983 315.889457861582 321.571926275889 323.762357234955 323.196311791738 321.502427260081 314.907610416412 308.903634548187 312.291344006856 312.578082084656 310.178339481354 315.163552761078 318.243781725566 317.795813083649 319.719572861989 319.144149621328 315.096060434977 307.144443194071 305.13870716095 292.992313702901 276.496052742004 278.813421726227 299.494783083598 306.614875793457 304.81747786204 306.271771589915 305.536528428396 295.602957407633 276.000122229258 271.370768547058 268.719136714935 279.938797156016 301.280438899994 301.241238911947 306.49467309316 297.886967658997 298.323154449463 307.668209075928 298.315246899923 305.782735347748 295.374174912771 284.207781155904 294.023513793945 309.103707472483 311.880687872569 306.645015875498
288.516779740651 299.364666144053 308.663268884023 317.040820916494 322.265625 320.862452189128 314.273734887441 307.567596435547 312.527279059092 313.697139422099 308.741529782613 312.494496504466 317.991614341736 319.213291009267 318.480213483175 319.35449441274 317.330300807953 312.495271364848 309.403359889984 300.13237396876 290.574272473653 292.125582695007 302.646199862162 307.297984759013 307.821393013 307.443737983704 305.093665917714 297.073165575663 280.455748240153 272.059818108877 273.267428080241 289.65425491333 298.253575960795 297.796567281087 306.249360243479 297.589838504791 295.910080273946 298.635542392731 296.120385328929 305.887262026469 302.950123945872 293.699423472087 298.05850982666 311.076859633128 314.838925997416 310.658077398936
259.487668673197 268.868605295817 278.949777285258 288.613677024841 299.140234788259 305.767635504405 308.861831823985 311.594327290853 313.252667586009 311.219056447347 305.325706799825 307.240068912506 316.199362277985 319.483697414398 316.211541493734 320.217708746592 323.718508084615 323.030054569244 317.845384279887 310.923834641774 310.913523038228 308.544357617696 305.921614170074 306.283096472422 309.264461199443 309.14576848348 302.969733874003 295.176823933919 282.919824123383 273.686945438385 275.778869787852 294.134398301442 290.277361869812 294.997096061707 305.008351802826 298.992097377777 289.879739284515 285.696983337402 294.159829616547 306.094229221344 304.354190826416 301.648875077565 299.010535081228 309.117257595062 320.18921772639 315.447012583415
243.432561556498 245.069364706675 252.403895060221 258.814454078674 264.615495999654 269.401133060455 274.829904238383 285.29018163681 298.588494459788 307.431757450104 309.869925181071 313.957413037618 319.000760714213 320.593575636546 318.799177805583 317.172149817149 318.110823631287 317.992409070333 316.752811272939 315.511008103689 313.301662604014 310.852110385895 313.670913378398 311.820149421692 310.302476088206 312.06077337265 307.42601553599 298.994342486064 292.427659034729 285.87394952774 279.783467451731 295.405169328054 290.008743604024 294.759631156921 298.614303270976 300.004760424296 295.884291330973 293.50205262502 304.38506603241 310.900251070658 305.397510528564 296.964685122172 292.583346366882 303.102393945058 316.170275211334 315.818786621094
263.438045978546 249.836564064026 237.490057945251 230.494578679403 234.677374362946 249.163190523783 265.754719575246 274.268209934235 282.276888688405 287.745356559753 301.280657450358 313.617030779521 319.823960463206 322.32141494751 322.707494099935 322.124163309733 318.734765052795 311.770478884379 311.428070068359 314.0762646993 311.939080556234 310.998876889547 316.726684570312 315.027296543121 312.319219112396 313.659151395162 309.496343135834 302.92288462321 295.934895674388 291.621367136637 293.466945489248 302.213728427887 298.12886317571 300.188700358073 296.702742576599 299.232761065165 306.876023610433 309.842387835185 312.988698482513 313.839872678121 311.341385046641 304.933289686839 300.866862138112 301.369865735372 306.396007537842 314.658284187317
298.19260040919 277.797897656759 255.21719455719 234.792033831278 225.720802942912 236.055155595144 258.604288101196 272.485136985779 275.530934333801 275.73690811793 283.297697703044 293.602466583252 300.536215305328 305.065194765727 309.987823168437 312.696576118469 310.743868350983 306.621909141541 308.339158693949 312.695145606995 312.719543774923 315.952777862549 320.45304775238 318.099856376648 315.970857938131 316.751738389333 312.960505485535 306.549986203512 298.680981000264 294.326305389404 299.541254838308 303.519944349925 306.923011938731 309.427519639333 304.455975691477 301.658352216085 307.684381802877 311.394949754079 310.955941677094 310.970028241475 311.583399772644 307.756205399831 306.407829125722 306.513845920563 302.123069763184 297.124862670898
313.339432080587 297.007977962494 281.905392805735 265.006442864736 247.049927711487 235.666871070862 242.716590563456 266.803006331126 277.529080708822 283.993403116862 281.794587771098 277.586658795675 274.17250474294 270.431637763977 272.378404935201 284.382561842601 292.700449625651 303.383727868398 311.982532342275 316.997309525808 316.20051463445 314.241449038188 318.88888279597 319.582343101501 319.013158480326 320.637007554372 318.316717942556 313.689430554708 306.506355603536 303.724924723307 305.314898490906 309.645493825277 317.978541056315 320.909599463145 317.989706993103 311.229805151622 309.839884440104 310.682515303294 311.573088169098 314.343353112539 312.457362810771 308.814565340678 307.558576265971 303.702791531881 289.189596970876 283.313711484273
315.131147702535 310.680190722148 304.766436417898 293.899218241374 276.666839917501 251.322050889333 232.242226600647 231.673061847687 261.684040228526 282.256921132406 287.981232007345 284.687081972758 277.794718742371 270.289778709412 259.182512760162 262.168228626251 272.502621014913 285.153011480967 301.556944847107 312.997718652089 316.729108492533 315.413912137349 318.103035291036 319.002528985341 318.489174048106 319.935361544291 319.728891054789 317.076166470846 312.622427940369 313.278138637543 315.554996331533 317.965030670166 323.373993237813 323.476592699687 320.326586564382 316.431879997253 313.586135705312 309.137245019277 303.068200747172 302.459498246511 307.795584201813 313.286741574605 317.831794420878 314.236481984456 301.095684369405 290.772795677185
310.199459393819 310.826778411865 308.929224809011 304.408033688863 295.61843474706 279.846886793772 255.225757757823 229.764839013418 241.544942061106 261.051297187805 277.653654416402 284.281253814697 285.190045833588 283.287723859151 275.069872538249 269.508103529612 266.353487968445 270.16681432724 281.849126021067 295.089364051819 305.691023667653 312.100927035014 314.153472582499 311.540643374125 312.590976556142 314.803977807363 315.814395745595 314.936220645905 313.947935899099 318.1139032046 320.869286855062 320.234815279643 321.142772833506 321.423431237539 319.108267625173 317.831834157308 315.069576104482 308.56466293335 296.630342801412 297.960062821706 312.889794508616 320.572058359782 321.71106338501 317.409157752991 308.238824208577 300.400137901306
291.505336761475 298.103849093119 301.734864711761 301.58789952596 299.655556678772 297.838250796 286.875565846761 272.3628282547 245.635787645976 237.562636534373 248.928586641947 270.329634348551 286.844253540039 293.986280759176 295.614500840505 290.012260278066 278.418739636739 274.458408355713 272.963523864746 275.754809379578 282.76660044988 288.26767206192 293.962220350901 298.070470492045 302.838265895844 305.391430854797 306.978424390157 306.620796521505 307.124038537343 311.515688896179 312.650680541992 312.999188899994 317.274312178294 320.282836755117 319.63574886322 316.772898038228 314.423203468323 311.847647031148 298.423886299133 299.551645914714 315.213263034821 319.356064001719 318.050185839335 314.471205075582 305.395344893138 297.836184501648
250.652571519216 262.455344200134 272.613565127055 280.656536420186 287.857174873352 293.778260548909 295.542299747467 292.529265085856 271.192669868469 249.223828315735 236.534655094147 243.747393290202 266.54972632726 286.577065785726 297.172129154205 290.132304032644 284.557064374288 279.615143934886 273.302932580312 267.845630645752 268.126845359802 268.118441104889 270.850400129954 281.026244163513 290.053904056549 295.331160227458 297.059019406637 296.921769777934 300.648907820384 304.361820220947 306.323111057281 308.942437171936 315.272450447083 317.060728867849 316.139022509257 314.339419205983 315.514206886292 317.305286725362 310.13302008311 307.804644107819 314.742604891459 318.590442339579 318.806866804759 317.667742570241 310.531457265218 305.096367994944
212.731639544169 217.725932598114 225.703914960225 237.113376458486 251.454452673594 265.738785266876 281.002203623454 285.987913608551 286.33044163386 275.680164496104 253.758728504181 235.836863517761 238.192836443583 259.043375651042 279.991090297699 282.03030427297 287.590126196543 285.524904727936 278.061767419179 269.542594750722 263.025800387065 260.56961218516 260.69454352061 268.445650736491 275.315244992574 279.567360877991 281.292756398519 284.727315107981 290.006577968597 293.616493542989 297.050257523855 301.517208417257 305.657029151917 307.669103145599 307.144284248352 307.577570279439 313.20196390152 317.980806032817 318.273425102234 317.217985788981 318.376183509827 320.959667364756 321.778357028961 320.213596026103 315.119683742523 312.785506248474
201.313972473145 197.165489196777 194.954077402751 194.954673449198 202.448546886444 218.236327171326 241.447448730469 260.693927605947 284.609576066335 288.146336873372 278.579453627268 258.884211381276 233.915269374847 231.811543305715 252.895911534627 274.69797929128 287.232498327891 289.233009020487 285.6139143308 278.647621472677 271.406372388204 269.813060760498 269.417226314545 270.191311836243 270.271678765615 269.410073757172 273.044069608053 279.751042524974 282.603959242503 283.74840815862 287.808835506439 292.322198549906 294.047355651855 295.419494311015 296.220421791077 299.919982751211 308.323283990224 315.261880556742 315.301577250163 318.382422129313 319.605986277262 319.76842880249 319.051166375478 318.951447804769 313.48059574763 311.610857645671
196.525931358337 168.667495250702 151.149908701579 146.694839000702 145.180940628052 150.649895270665 170.618851979574 204.586764176687 240.755299727122 271.382053693136 285.618364810944 285.758813222249 270.335952440898 247.772574424744 245.268245538076 267.913401126862 280.961453914642 290.978372097015 295.883933703105 293.133199214935 284.518400828044 281.801442305247 278.415421644847 278.21010351181 277.697682380676 275.695522626241 278.464098771413 285.343368848165 284.643371899923 279.112855593363 283.672690391541 288.032650947571 289.576947689056 289.912541707357 292.547345161438 297.249853610992 302.066067854563 305.840293566386 307.611405849457 307.780226071676 310.447593530019 313.571015993754 316.707730293274 317.973415056864 312.910874684652 311.578154563904
178.375482559204 141.220619281133 118.460834026337 114.614427089691 115.576088428497 120.63604593277 130.012194315592 156.333188215892 183.573702971141 230.711400508881 277.978519598643 299.694101015727 302.689929803212 288.268685340881 266.970793406169 263.129035631816 267.942647139231 279.939115047455 293.494383494059 299.218654632568 297.896802425385 293.29655567805 291.515866915385 288.944363594055 285.07673740387 283.619304498037 285.822808742523 287.572224934896 282.697935899099 279.271880785624 282.881855964661 286.842981974284 286.285718282064 286.353528499603 289.433439572652 292.570114135742 294.197201728821 292.410373687744 295.206189155579 295.437494913737 298.911472161611 304.391801357269 308.289647102356 308.797041575114 306.894421577454 307.405034701029
153.836965560913 126.54310464859 98.9110767841339 95.3704913457235 110.275189081828 134.248793125153 138.040920098623 145.825485388438 167.048335075378 196.702977021535 243.615587552389 294.658879439036 310.242295265198 308.542092641195 294.257760047913 269.410649935404 259.954611460368 262.272556622823 276.015639305115 295.741438865662 303.183178106944 299.341479937236 300.259113311768 295.800526936849 290.329774220784 290.661692619324 292.621890703837 289.480408032735 284.223556518555 286.606113115946 287.996172904968 287.503361701965 285.219132900238 284.308910369873 284.099837144216 283.573150634766 282.089491685232 277.779380480448 280.045469601949 281.631370385488 284.742256005605 289.363344510396 291.640241940816 292.412241299947 298.177937666575 301.831940809886
133.643766244253 124.57682689031 100.562373797099 86.7289304733276 91.0735428333282 118.07107925415 135.598321755727 146.705895662308 163.024107615153 178.93526951472 202.691674232483 254.255473613739 295.827190081279 309.294501940409 305.744429429372 296.399215857188 286.878327528636 274.22688404719 265.781044960022 275.375008583069 293.551445007324 302.01248327891 304.593463738759 301.153878370921 295.671145121257 296.630581219991 300.172328948975 296.671589215596 293.425937493642 297.415097554525 297.080039978027 288.545389970144 283.844113349915 280.991752942403 276.333967844645 275.392115116119 271.763265132904 270.705223083496 270.328303178151 273.213545481364 275.553862253825 278.123438358307 279.597640037537 281.808316707611 294.063667456309 299.4504570961
127.129554748535 129.035780827204 119.554777940114 98.7005531787872 84.2557450135549 104.423423608144 131.747196118037 152.613212664922 172.036210695902 183.758060137431 193.520545959473 215.901096661886 251.046895980835 277.320325374603 305.279195308685 310.779571533203 307.681779066722 297.84768819809 281.616369883219 267.831285794576 277.454694112142 296.980102856954 300.451378027598 300.414601961772 300.792753696442 304.825564225515 307.904084523519 306.231915950775 303.532322247823 304.651220639547 300.260861714681 291.50116443634 285.728991031647 280.148287614187 275.122265021006 272.734959920247 269.990126291911 270.177880922953 270.198623339335 271.13542954127 273.392240206401 274.907807509104 275.01920859019 277.539670467377 286.868095397949 296.563883622487
134.063720703125 143.643160661062 146.871229012807 128.308077653249 109.350899855296 122.541238864263 142.455557982127 162.086347738902 180.066605408986 201.657096544902 211.866199970245 216.793437798818 236.078858375549 249.101380507151 262.988924980164 292.127033074697 308.602591355642 306.734720865885 302.669147650401 288.660089174906 272.748827934265 283.97665421168 289.843459924062 296.879390875498 304.369548956553 309.749245643616 312.080959479014 311.722596486409 306.752781073252 305.322428544362 299.310366312663 293.728470802307 287.481089433034 281.329154968262 277.867436408997 274.11949634552 273.570577303569 271.244625250498 269.765257835388 272.563517093658 276.236097017924 276.726623376211 276.31934483846 279.023806254069 279.467940330505 290.632685025533
143.32240819931 147.641609112422 160.410384337107 164.736688137054 151.876956224442 142.362455526988 143.993437290192 156.491498152415 173.810462156932 195.151766141256 209.080219268799 207.807024319967 215.442339579264 224.575459957123 241.990824540456 262.099822362264 276.533961296082 288.343071937561 302.324930826823 301.198283831279 294.271310170492 283.344308535258 284.128467241923 290.957729021708 299.869120121002 306.89001083374 311.701416969299 311.163683732351 304.565072059631 303.645133972168 298.765659332275 292.122900485992 286.289095878601 282.795707384745 279.908080895742 276.16157134374 273.501813411713 266.611735026042 265.089511871338 271.816531817118 277.463694413503 279.095331827799 280.402541160583 280.132989088694 276.766180992126 285.116295019786
