input/barkrak2/radiation/dir21624.grid
NCOLS 85 
NROWS 70 
XLLCORNER 665100 
YLLCORNER 4664600 
CELLSIZE 20 
NODATA_value -9999 
[rows 20 to 39 of 70, columns 0 to 45 of 85]
164.668450752894 155.878484249115 169.892927010854 208.01834265391 202.939411004384 166.306336720785 152.675171693166 162.487059831619 175.245006879171 192.621946334839 205.665469169617 210.705975691477 214.679042498271 221.851646900177 237.736105918884 255.797962347666 269.257922967275 283.519109090169 303.76789967219 315.907855828603 319.205343723297 310.728291670481 309.29825703303 310.494860013326 311.948994795481 313.64635626475 316.422740618388 313.882072766622 310.192783673604 309.159159660339 302.582045396169 290.111025174459 279.057661692301 272.746940453847 270.268698533376 275.905072689056 275.92404683431 278.260807196299 283.155341943105 286.661585172017 287.738700707753 287.81513373057 289.396166801453 284.356276194255 289.468328158061 292.373696962992
195.049365361532 190.695206324259 203.011075655619 234.367569287618 231.109023094177 174.63340361913 165.237446626027 169.771452744802 177.838603655497 191.131512324015 200.155138969421 206.56031370163 211.671868960063 213.622053464254 222.586552302043 243.6842918396 256.470819314321 270.553966363271 286.756575107574 304.041961828868 315.202295780182 322.884658972422 325.340390205383 323.32048813502 318.365454673767 312.192718187968 308.361252148946 303.609311580658 305.30321598053 298.718770345052 280.713558197021 249.826669692993 226.935029029846 222.548842430115 229.528248310089 249.403436978658 257.48880704244 272.456328074137 283.100088437398 284.125526746114 281.201640764872 280.241847038269 274.243076642354 258.370081583659 279.828707377116 288.405478000641
237.99600203832 242.794414361318 243.345995744069 252.285540103912 252.089341481527 206.489642461141 190.044701099396 179.268876711527 176.218310991923 183.426817258199 199.389437834422 210.50496896108 214.987993240356 221.506158510844 228.34857304891 236.625095208486 250.723818937937 263.734539349874 276.277760664622 284.07084941864 290.333330631256 306.401987870534 317.166109879812 318.736831347148 314.180056254069 302.460292975108 291.353821754456 273.325860500336 267.356514930725 247.910976409912 214.122116565704 173.713803291321 148.114283879598 162.116527557373 190.461059411367 215.465704600016 234.677016735077 256.215771039327 268.386006355286 271.950781345367 275.445719559987 275.484363238017 252.455373605092 230.363229910533 259.109040101369 286.930402119954
263.079424699148 262.955049673716 254.551370938619 257.955114046733 257.624983787537 241.755286852519 212.382972240448 184.87670024236 173.105816046397 174.96782541275 198.03524017334 210.278451442719 222.616533438365 231.474419434865 232.726375261943 239.859799544017 249.617497126261 260.438481966654 270.043472448985 265.331864356995 265.42854309082 266.915420691172 268.924593925476 270.143548647563 278.151233990987 276.070475578308 263.412555058797 248.691817124685 229.468365510305 187.45760122935 159.699787696203 134.857734044393 100.93496243159 88.0216260751088 99.9020834763845 134.574631849925 182.990550994873 209.983189900716 228.640198707581 238.187809785207 237.703025341034 223.932186762492 210.070351759593 243.767937024434 246.673464775085 276.159505049388
256.288488705953 257.044891516368 259.426871935527 260.010500748952 250.03053744634 243.244151274363 218.036532402039 201.148947079976 184.388717015584 178.630391756694 190.539658069611 207.964857419332 219.289402167002 231.723527113597 233.897805213928 237.053751945496 247.069915135702 256.96055094401 261.200765768687 253.113786379496 247.578263282776 238.239328066508 247.266133626302 254.943569501241 259.348611036936 259.508709112803 250.027497609456 236.998995145162 201.345284779867 154.742558797201 134.479840596517 130.994737148285 109.225243330002 70.5263217290242 62.6727988322576 84.5101575056712 124.791224797567 158.813506364822 189.455389976501 202.873905499776 192.857225735982 170.698245366414 192.237158616384 264.359811941783 261.000116666158 278.459489345551
248.108247915904 252.700130144755 261.151115099589 258.417288462321 251.260896523794 243.445773919423 230.09725411733 226.386984189351 218.710621198018 206.792235374451 204.589168230693 220.827678839366 229.187985261281 243.103782335917 244.852105776469 240.489900112152 241.562147935232 246.110459168752 248.881975809733 254.10928328832 258.47723086675 250.983635584513 245.443065961202 244.820157686869 247.486968835195 247.003217538198 239.72358306249 230.422834555308 188.343862692515 163.500785827637 160.993148883184 176.099042097727 176.865935325623 136.07457280159 102.427214384079 98.9517370859782 109.56413547198 131.889462471008 164.225151141485 180.17707268397 164.937833944956 157.660514116287 202.109376589457 259.618957837423 277.332723140717 289.098223050435
249.336838722229 252.492745717367 258.877873420715 258.543074131012 265.058994293213 257.31764237086 248.396913210551 243.00495783488 246.618231137594 240.346511205037 227.464457352956 240.238904953003 249.640941619873 259.583691755931 255.34721215566 244.473735491435 237.631738185883 246.924380461375 253.836790720622 265.20969470342 266.410768032074 262.460430463155 252.317706743876 248.334944248199 246.950606505076 246.752778689067 239.173948764801 232.592125733693 201.229015986125 195.524930953979 215.054790178935 239.690502484639 245.586534341176 249.273419380188 213.689525922139 136.584252119064 127.076437075933 132.395446300507 158.018489678701 167.085289955139 177.722672621409 208.301663398743 218.856970469157 241.23336871465 269.085923830668 279.608726501465
253.222584724426 249.832173188527 252.543926239014 257.170736789703 289.145906766256 272.676507631938 259.359161059062 247.673710187276 251.395841439565 256.290316581726 244.233250617981 245.103816191355 255.701800187429 255.763689676921 256.871978441874 252.247512340546 246.171275774638 252.875506877899 262.549300988515 268.194139003754 263.962467511495 258.654892444611 253.649095694224 254.547754923503 254.591405391693 252.301891644796 247.578819592794 241.985281308492 228.356003761292 228.142440319061 249.513745307922 263.769070307414 265.103101730347 278.629302978516 288.203676541646 212.597231070201 154.29965655009 140.137702226639 148.960848649343 170.36364475886 213.018755118052 268.986741701762 236.306329568227 227.931380271912 248.084545135498 259.383300940196
251.780271530151 242.05485979716 245.522956053416 263.469795385997 304.411292076111 275.905708471934 252.579470475515 243.809481461843 246.885577837626 250.268717606862 244.048674901327 243.561148643494 249.804317951202 253.372073173523 258.129020531972 261.55298948288 256.418506304423 251.97555621465 259.758055210114 261.654019355774 260.618309179942 253.672937552134 252.792557080587 258.740882078807 258.615096410116 252.48521566391 251.081864039103 248.518308003743 239.555696646372 238.34502696991 259.63701804479 276.475469271342 277.186771233877 276.445289452871 292.153199513753 276.641885439555 182.561755180359 128.654678662618 118.322163820267 150.00993013382 224.246859550476 252.849121888479 223.205924034119 198.18526506424 215.734918912252 228.721737861633
245.589931805929 234.089414278666 241.290390491486 273.755451043447 303.127408027649 272.623658180237 242.803931236267 226.789712905884 220.423142115275 222.370505332947 223.599135875702 227.527956167857 241.172909736633 257.187942663829 260.379374027252 264.354387919108 263.333121935527 249.154607454936 253.68078549703 253.91431649526 254.465738932292 256.396432717641 256.595989068349 260.588467121124 261.617461840312 256.889382998149 259.626110394796 251.459240913391 243.844111760457 246.625224749247 266.482690970103 283.798575401306 279.648462931315 277.103583017985 286.99513276418 298.720041910807 266.037623087565 185.511072476705 142.690946658452 153.044780095418 189.778645833333 206.494033336639 208.210349082947 179.102063179016 185.164074103038 205.697476863861
235.847234725952 244.46698029836 274.305880069733 320.265173912048 319.07323996226 278.34145228068 242.711424827576 212.546785672506 202.224612236023 214.351991812388 208.444158236186 204.492231210073 235.897143681844 254.1184425354 261.38691107432 267.295360565186 266.88019434611 257.452726364136 256.331304709117 258.297979831696 255.590597788493 261.316557725271 263.36814959844 265.505909919739 264.394561449687 266.436715920766 266.663352648417 262.453238169352 253.16466887792 258.294681708018 273.619969685872 285.702963670095 282.33524163564 284.15326277415 289.870580037435 293.49946975708 305.698116620382 301.203767458598 229.481935501099 183.069348335266 169.235428174337 165.488054354986 182.782570521037 176.895638306936 178.944667180379 205.238004525503
254.545787970225 283.882836500804 310.28954188029 320.171713829041 340.957085291545 314.585010210673 274.778962135315 234.955926736196 222.549438476562 235.070745150248 227.243224779765 212.579866250356 225.374579429626 251.014113426208 265.779475371043 270.317991574605 270.618756612142 268.139044443766 261.654575665792 261.550962924957 262.141068776449 266.247669855754 266.559958457947 266.780575116475 267.147978146871 274.952669938405 275.858044624329 276.58087015152 269.602557023366 272.035916646322 279.496788978577 284.965793291728 286.948680877686 292.852719624837 296.247541904449 285.662074883779 291.664123535156 319.755514462789 301.394780476888 233.545422554016 183.523118495941 166.297147671382 165.359437465668 181.246856848399 200.026551882426 227.704465389252
294.091900189718 309.672137101491 307.385822137197 301.29603544871 317.939122517904 331.082781155904 318.371653556824 288.673400878906 263.271391391754 262.139797210693 264.007826646169 241.84395869573 227.187772591909 248.867869377136 271.04659875234 274.883329868317 269.776542981466 273.590823014577 264.543116092682 262.807885805766 266.185561815898 268.143395582835 264.752348264058 263.899326324463 266.01388057073 275.143980979919 280.516346295675 284.257928530375 278.09339761734 277.053515116374 286.607007185618 291.835824648539 289.151032765706 290.263970692952 294.47615146637 283.457239468892 283.494472503662 296.848972638448 288.123230139414 253.716826438904 221.728126207987 188.242495059967 171.739339828491 176.459411780039 197.912136713664 231.310804684957
298.08255036672 296.690742174784 291.263937950134 281.416952610016 283.01203250885 301.100413004557 315.052151679993 304.582873980204 288.800915082296 284.307380517324 285.740852355957 269.023636976878 253.347873687744 258.280118306478 271.079222361247 272.715946038564 269.736389319102 271.415988604228 264.993071556091 265.956163406372 262.718319892883 264.232258001963 263.05490732193 260.416905085246 265.923261642456 273.415366808573 282.834490140279 281.697750091553 278.498113155365 281.528949737549 291.073481241862 290.074606736501 278.535266717275 274.764657020569 278.388301531474 262.110710144043 260.087430477142 256.512880325317 240.99330107371 236.573318640391 246.774276097616 221.316893895467 196.163674195608 182.861963907878 183.608829975128 210.51565806071
296.162764231364 289.560000101725 295.173227787018 282.958149909973 276.159564654032 286.38877471288 308.100740114848 322.421133518219 310.124556223551 293.687244256337 286.828259627024 280.901213486989 282.645444075267 274.994214375814 274.090170860291 274.325887362162 272.816975911458 267.30489730835 264.444788297017 269.0456310908 265.886624654134 262.337307135264 262.77760664622 261.7081006368 265.54814974467 269.388874371846 276.368677616119 273.974359035492 275.178968906403 283.101558685303 289.350787798564 280.791123708089 266.053517659505 268.435418605804 265.428026517232 248.209257920583 250.015536944071 249.290227890015 249.326129754384 259.145359198252 262.389699618022 255.704164505005 232.60368903478 214.254379272461 198.540349801381 191.180427869161
312.282979488373 308.891991774241 316.751797993978 312.291940053304 303.319096565247 305.875937143962 319.506267706553 335.930267969767 323.551774024963 298.769573370616 285.59801975886 288.737416267395 298.009554545085 286.167462666829 279.906471570333 280.130386352539 274.734397729238 269.326329231262 270.919382572174 270.822246869405 268.343448638916 265.933056672414 267.601052920024 267.994821071625 266.533096631368 269.431591033936 271.015584468842 267.627239227295 271.781404813131 283.459186553955 285.409986972809 277.894020080566 267.968714237213 268.790125846863 257.906079292297 252.42805480957 257.843593756358 260.170022646586 268.558621406555 283.607602119446 249.895711739858 240.178326765696 231.719712416331 223.389108975728 207.997997601827 186.348418394725
327.809651692708 326.333423455556 329.317410786947 330.18038670222 321.923315525055 316.20321671168 321.662267049154 334.888855616252 327.314376831055 298.484643300374 288.500348726908 293.500383694967 297.858079274495 286.687811215719 279.313047726949 280.863126118978 284.650325775146 276.744425296783 275.222718715668 278.591354688009 278.082092603048 272.25261926651 271.324316660563 272.047936916351 269.106507301331 268.835822741191 271.2082862854 274.48691924413 276.933133602142 285.328427950541 286.633014678955 279.777566591899 270.443638165792 266.599913438161 254.891137282054 259.183784325918 264.451702435811 265.936692555745 268.568893273671 276.618222395579 234.731753667196 196.963866551717 184.959987799327 180.3005139033 180.541018644969 175.333062807719
333.126445611318 333.388884862264 332.891305287679 332.565665245056 326.575557390849 321.126043796539 320.984522501628 327.378809452057 329.646229743958 307.75398015976 297.774891058604 296.126584211985 293.495933214823 286.160310109456 276.836136976878 282.037039597829 291.050752003988 284.107406934102 280.591487884521 282.338619232178 281.774202982585 277.90359656016 274.481554826101 274.2005387942 274.924159049988 273.134549458822 273.798882961273 279.37517563502 281.426330407461 283.574104309082 286.509136358897 282.695253690084 273.154218991597 258.107701937358 248.062650362651 264.487226804097 273.484230041504 272.478858629862 264.258325099945 270.148754119873 232.934057712555 167.152206103007 139.854162931442 128.769755363464 133.415838082631 141.315966844559
326.506992181142 330.912907918294 333.154956499736 332.283874352773 330.24936914444 329.482177893321 327.440361181895 326.116402943929 327.542146046956 316.031197706858 313.90110651652 307.190994421641 293.35743188858 290.747006734212 286.095261573792 280.771573384603 286.90888484319 287.659525871277 282.070060571035 281.096776326497 281.28178914388 277.738829453786 275.161584218343 275.875985622406 277.862012386322 279.376566410065 276.276588439941 280.090808868408 283.03458293279 283.115287621816 284.315228462219 283.451080322266 268.925786018372 246.088226636251 253.752628962199 277.958651383718 280.927121639252 275.754988193512 260.982394218445 264.555215835571 267.598529656728 208.51723353068 152.52423286438 128.753622372945 126.275767882665 125.267922878265
309.810737768809 313.959797223409 313.708563645681 319.21249628067 326.499243577321 333.114465077718 337.027788162231 338.069558143616 336.352944374084 330.7217558225 319.721639156342 301.641980806987 292.994936307271 293.042918046315 288.003345330556 281.978011131287 285.711487134298 287.024120489756 279.943267504374 279.645323753357 281.619429588318 283.250590165456 281.648834546407 278.306702772776 277.112642923991 278.95987033844 281.483332316081 282.987912495931 283.558090527852 282.548209031423 282.808363437653 282.023171583811 262.732366720835 247.492253780365 272.175470987956 287.662188212077 283.174574375153 277.832726637522 266.200224558512 266.179740428925 294.267773628235 300.439556439718 237.960120042165 184.308966000875 149.579147497813 127.239644527435
