input/barkrak2/radiation/dir26024.grid
NCOLS 85 
NROWS 70 
XLLCORNER 665100 
YLLCORNER 4664600 
CELLSIZE 20 
NODATA_value -9999 
[rows 40 to 59 of 70, columns 0 to 45 of 85]
193.002422650655 195.528010527293 194.308280944824 196.181277434031 205.477694670359 210.511008898417 214.218517144521 219.73971525828 217.312276363373 201.71997944514 186.070998509725 182.591160138448 180.018186569214 177.170554796855 173.952678839366 174.32431379954 173.176487286886 174.094796180725 167.254229386648 165.032645066579 171.164472897848 176.619033018748 179.767668247223 174.722909927368 170.400559902191 169.857243696849 179.963827133179 183.120131492615 187.816143035889 187.834699948629 187.385718027751 192.720611890157 192.385574181875 199.421425660451 226.333439350128 226.308723290761 214.280009269714 205.809672673543 209.414561589559 219.14937098821 234.089970588684 249.904950459798 211.311121781667 129.090627034505 72.1472650766373 47.7535227934519
201.14262898763 199.164907137553 198.307732741038 197.370787461599 194.15428241094 191.430528958639 189.751803874969 191.032866636912 194.332420825958 186.233441034953 177.497526009878 179.21123902003 181.528985500336 181.974947452545 178.765416145325 176.839212576548 171.201229095459 180.081208546956 179.171562194824 172.285179297129 176.018158594767 176.776051521301 175.301392873128 178.795615832011 179.280539353689 175.30882358551 180.694699287415 184.532920519511 187.98569838206 189.359307289124 190.534055233002 192.578951517741 192.981024583181 209.089080492655 221.841772397359 209.646801153819 188.830812772115 186.586836973826 186.877250671387 200.058102607727 234.738906224569 248.970846335093 232.452829678853 177.962561448415 105.401357014974 70.1449016729991
205.916285514832 203.344066937764 204.87368106842 203.582167625427 197.307229042053 193.995316823324 189.983308315277 186.389406522115 185.145338376363 182.786564032237 179.609974225362 178.696990013123 181.593616803487 186.065475145976 184.279600779215 181.709825992584 177.357316017151 183.913548787435 185.325980186462 176.879386107127 175.579170385996 173.769334952037 169.79976495107 172.830780347188 177.122056484222 174.876530965169 171.158095200857 177.324414253235 183.847109476725 186.659812927246 187.51984834671 186.339974403381 194.001237551371 214.028278986613 219.323217868805 190.667827924093 177.218079566956 180.716315905253 185.974260171254 198.061148325602 210.454364617666 212.6118739446 199.060201644897 171.046872933706 117.312520742416 62.8066758314768
190.376996994019 193.020204703013 200.431605180105 198.258976141612 201.107819875081 202.271342277527 201.03398958842 194.949726263682 184.330582618713 183.306813240051 185.298383235931 180.989543596903 180.083513259888 184.932430585225 184.573729832967 182.318111260732 182.312230269114 183.64421526591 185.187578201294 178.50387096405 174.00465408961 171.18630806605 168.091098467509 168.357412020365 170.917590459188 174.600541591644 170.495430628459 172.95902967453 178.185741106669 181.735277175903 180.00058333079 176.463147004445 187.840580940247 202.471911907196 200.943350791931 179.555495580037 177.903374036153 187.443117300669 196.807205677032 199.161350727081 194.386959075928 192.59907801946 184.686124324799 159.61808959643 114.974488814672 60.2820267279943
188.217997550964 192.409952481588 195.843855539958 197.294890880585 199.127594629923 200.616975625356 200.960397720337 197.414974371592 191.243608792623 186.485966046651 186.967591444651 184.240559736888 179.120083649953 178.585052490234 177.498579025269 178.159495194753 173.075298468272 179.507970809937 182.479818662008 178.898453712463 173.762897650401 173.374553521474 171.802878379822 171.27533753713 169.827004273733 178.776780764262 181.51710430781 180.162608623505 179.507414499919 179.432511329651 172.54110177358 170.337160428365 177.175184090932 180.092851320902 174.856245517731 173.614939053853 181.725879510244 194.703380266825 203.574637571971 193.684597810109 191.349705060323 183.190166950226 172.181049982707 158.47776333491 126.702646414439 83.2195033629735
193.741063276927 198.607802391052 195.135553677877 199.02507464091 197.802821795146 196.76939646403 198.533177375793 195.94943523407 196.95238272349 192.12814172109 189.596513907115 188.815812269847 182.656009991964 178.655346234639 176.523168881734 180.982728799184 173.153142134349 175.497810045878 182.320475578308 179.911812146505 176.361242930094 177.146712938944 175.056437651316 175.189693768819 175.50273736318 176.833589871724 183.599332968394 181.682407855988 180.912792682648 179.178853829702 173.911054929098 170.779585838318 173.121571540833 169.989387194316 159.921596447627 159.822831551234 171.228627363841 188.289145628611 191.096186637878 177.2580742836 180.726627508799 168.444474538167 165.567855040232 167.547345161438 154.298404852549 116.09477798144
193.015694618225 195.120791594187 197.17538356781 199.769596258799 199.879288673401 198.331813017527 200.344920158386 201.032559076945 197.561283906301 195.779621601105 192.948222160339 192.210555076599 187.141617139181 184.356848398844 182.242691516876 184.908111890157 182.389378547668 175.265232721965 181.363483270009 181.516547997793 177.879333496094 179.885903994242 178.008576234182 173.593978087107 181.278725465139 176.514049371084 177.48898267746 179.501970609029 180.677135785421 179.766039053599 177.340686321259 174.582739671071 172.165175278982 169.344584147135 161.552081505458 160.169462362925 167.444547017415 178.319414456685 179.6701947848 176.549514134725 177.985489368439 169.495721658071 172.523279984792 180.577437082926 176.021377245585 144.450803597768
186.977684497833 189.547955989838 194.488167762756 197.034358978271 200.950463612874 201.005717118581 198.924958705902 199.294984340668 198.050300280253 199.704945087433 195.049107074738 191.71937306722 188.875993092855 189.008474349976 184.793909390767 182.892799377441 182.489196459452 172.915697097778 177.868028481801 181.1643242836 177.046914895376 176.750123500824 180.503904819489 171.982705593109 175.420661767324 175.174574057261 171.7502673467 175.600985685984 178.17485332489 177.077233791351 178.791582584381 177.30055252711 171.554843584696 173.248330752055 181.877930959066 176.586508750916 177.434086799622 174.801528453827 178.087552388509 189.193427562714 181.501468022664 171.2300380071 178.341428438822 183.164834976196 176.506459712982 154.571294784546
179.16343609492 182.534774144491 187.661687533061 192.103783289591 198.733270168304 201.435685157776 198.740442593892 195.60432434082 198.769132296244 200.728456179301 197.839379310608 193.826019763947 190.380791823069 191.428323586782 187.235891819 181.197961171468 181.146025657654 173.194150129954 176.812509695689 182.921210924784 181.281129519145 179.768125216166 180.724680423737 177.781601746877 175.027330716451 178.612987200419 176.198025544484 179.45537964503 183.562099933624 188.326001167297 192.588051160177 193.572441736857 183.842142422994 185.788571834564 192.347784837087 193.541248639425 191.511948903402 184.126317501068 182.637333869934 188.469727834066 172.833363215129 168.075740337372 163.148323694865 162.208616733551 160.329004128774 159.416437149048
179.069340229034 175.293803215027 180.620392163595 188.350359598796 194.377700487773 198.459009329478 200.39955774943 202.591816584269 201.737284660339 198.460161685944 199.446002642314 199.400941530863 194.0758228302 191.749751567841 188.670297463735 185.034275054932 182.035386562347 176.58801873525 179.344157377879 186.457415421804 187.368710835775 186.085303624471 182.164470354716 183.878640333811 179.136474927266 183.13197294871 183.610836664836 185.620268185933 192.083477973938 199.463407198588 208.894153436025 209.727009137472 200.446983178457 197.588165601095 193.687637646993 195.428748925527 197.529395421346 196.061571439107 187.664250532786 171.046535174052 162.469784418742 167.614062627157 162.866542736689 157.581061124802 154.045869906743 158.507843812307
180.161774158478 181.403577327728 184.151967366536 191.577474276225 191.967209180196 193.354765574137 200.243055820465 205.18966515859 203.777054945628 203.023254871368 201.273560523987 201.610604921977 196.428338686625 192.338128884633 191.007077693939 194.916307926178 185.943067073822 182.009478410085 182.684659957886 188.798189163208 191.484709580739 188.422322273254 184.503277142843 185.197174549103 180.066883563995 186.472376187642 190.132657686869 190.967957178752 195.914288361867 204.070150852203 212.462306022644 218.456963698069 211.194495360057 199.174265066783 186.434169610341 185.628135999044 192.59124994278 199.747681617737 184.840540091197 164.740006128947 159.663538138072 169.990181922913 169.746657212575 164.648503065109 159.421523412069 156.156013409297
178.755005200704 189.47438398997 190.490921338399 193.954646587372 192.176818847656 191.404640674591 197.377979755402 203.442792097727 203.344742457072 206.456621487935 204.792221387227 202.968994776408 199.147880077362 194.326937198639 191.424091657003 197.559575239817 191.748817761739 184.385577837626 181.514084339142 187.166174252828 185.806930065155 183.825651804606 183.74760945638 177.431563536326 174.68665043513 178.784251213074 185.704350471497 184.351066748301 186.663568019867 193.719267845154 206.335107485453 213.334063688914 207.655350367228 180.115560690562 148.322025934855 140.969882408778 160.382429758708 184.76140499115 193.394283453623 191.013872623444 186.342517534892 176.279524962107 160.699288050334 156.956066687902 165.687749783198 157.02764193217
180.456340312958 177.885135014852 178.395092487335 181.629618008931 189.519206682841 193.990329901377 192.73716211319 199.774980545044 198.273181915283 202.682654062907 202.419300874074 202.98178990682 203.034540017446 196.277777353923 192.729910214742 191.827495892843 192.581613858541 181.737860043844 175.976316134135 177.483061949412 176.968236764272 177.980383237203 178.250352541606 172.044277191162 172.98944791158 169.944266478221 171.45448923111 172.463456789652 172.412276268005 171.978135903676 178.298532962799 194.16731595993 183.950404326121 158.347189426422 123.102356990178 103.439708550771 112.221360206604 141.52471224467 175.320903460185 188.644607861837 190.22544225057 175.356268882751 154.768834511439 151.825606822968 160.212566455205 146.675328413645
185.693283875783 175.36457379659 171.147088209788 177.109479904175 188.320994377136 197.30532169342 195.038696130117 197.359522183736 198.519110679626 198.550283908844 200.27349392573 203.281939029694 204.246719678243 202.371875445048 194.876670837402 192.157725493113 193.516790866852 185.315489768982 180.131316184998 181.429266929626 180.596252282461 177.200615406036 175.317804018656 170.99783817927 170.113941033681 168.458104133606 167.982280254364 168.386956055959 164.772858222326 161.027540763219 154.002288977305 161.767979462941 157.884021600087 138.102988402049 122.077773014704 104.094405968984 85.2431853612264 93.1254426638285 116.871366898219 152.198692162832 173.95555973053 163.986176252365 153.85044614474 149.430493513743 141.724507013957 131.879111131032
187.070290247599 180.656472841899 176.480491956075 179.550131162008 190.230250358582 197.86282380422 201.345125834147 197.132050991058 201.606214046478 198.495626449585 200.928131739298 203.117330869039 205.405751864115 205.45228322347 197.578509648641 198.228557904561 197.987198829651 189.69452381134 184.120535850525 185.742179552714 187.804500261943 183.176557223002 180.266737937927 179.117878278097 175.167202949524 172.123591105143 170.015136400859 167.326112588247 163.341184457143 156.440893809001 146.941085656484 150.773048400879 150.051464637121 147.468328475952 147.017180919647 137.04040646553 111.05822523435 92.8741792837779 86.8936677773793 102.173695961634 137.173861265182 140.762905279795 129.611512025197 115.372707446416 112.73467540741 120.196392138799
191.846390565236 189.505358537038 181.980967521667 178.583780924479 184.328595797221 197.472592194875 199.604074160258 198.446869850159 198.498845100403 203.096548716227 207.750658194224 207.65765508016 207.095801830292 206.413129965464 202.819546063741 201.179703076681 201.195915540059 195.733189582825 189.319252967834 188.719928264618 186.66277329127 184.712568918864 185.110668341319 186.356663703918 181.594630082448 179.16742960612 170.896967252096 162.541419267654 155.690481265386 150.932600100835 148.54817589124 156.265735626221 156.062146027883 164.86781835556 171.895802021027 172.719915707906 167.466839154561 149.846027294795 128.927538792292 97.4887112776438 106.457432111104 125.153531630834 124.448458353678 112.726241350174 114.570101102193 132.348010937373
195.412397384644 193.220476309458 190.314451853434 183.899164199829 182.093262672424 194.73006327947 199.010670185089 199.777901172638 197.123487790426 204.658309618632 211.953004201253 212.938487529755 208.114902178446 208.937545617421 208.799441655477 201.969762643178 203.728973865509 198.64825407664 193.407674630483 193.382859230042 191.869636376699 191.124478975932 187.540332476298 185.835043589274 181.175927321116 176.721215248108 157.209058602651 134.930034478505 129.428287347158 135.516226291656 148.975988229116 151.754985253016 154.603898525238 160.063207149506 173.410316308339 183.828095595042 197.327117125193 198.267459869385 187.785506248474 141.204486290614 111.867209275564 128.81201505661 145.661562681198 149.242927630742 153.167724609375 167.238275210063
195.515215396881 192.911883195241 193.748195966085 192.416250705719 186.282118161519 191.712578137716 200.017670790354 201.799670855204 198.507050673167 202.21487681071 211.612025896708 211.850663026174 207.771778106689 208.63942305247 210.18119653066 201.894183953603 202.45349407196 199.336171150208 195.930520693461 196.482837200165 196.846385796865 196.103552977244 191.083868344625 184.432586034139 183.670004208883 182.642658551534 162.914544343948 138.10337583224 137.373367945353 143.816183010737 157.321790854136 157.435655593872 165.230055650075 175.008773803711 189.597944418589 199.430147806803 185.607393582662 152.875870466232 147.163291772207 142.281432946523 142.338295777639 156.485130389531 159.546613693237 143.720020850499 133.202066024145 146.799137194951
185.036420822144 191.152572631836 192.413747310638 193.760633468628 190.496385097504 188.479801019033 200.62913497289 205.888450145721 202.439248561859 204.460859298706 209.222753842672 212.525725364685 210.350632667542 206.003427505493 208.194752534231 203.781485557556 199.126442273458 202.158172925313 202.314853668213 203.709085782369 204.838534196218 200.824439525604 198.874791463216 192.441682020823 189.555366834005 191.628098487854 185.860693454742 177.912433942159 175.225992997487 179.140667120616 176.569978396098 169.413805007935 178.190012772878 189.634382724762 179.263154665629 169.022838274638 150.840709606806 102.158625920614 79.6680847803752 110.871255397797 147.612830003103 166.734099388123 160.065313180288 145.950078964233 138.620694478353 146.005928516388
174.085676670074 189.323365688324 191.193461418152 192.484974861145 193.521201610565 189.732273419698 195.547382036845 206.09446366628 212.347189585368 211.163242657979 209.750632445017 210.891842842102 211.538255214691 208.277503649394 208.655873934428 205.771128336589 200.173060099284 199.653963247935 197.161535422007 196.599086125692 198.44118754069 197.551866372426 194.860478242238 193.45102707545 194.846431414286 200.941403706868 208.417475223541 211.079239845276 196.806271870931 195.631603399913 181.211511294047 170.826812585195 173.511167367299 164.821227391561 134.673804044724 93.4080680211385 89.7736847400665 78.3756275971731 62.0269576708476 73.369637131691 94.1674510637919 131.658107042313 158.265968163808 179.530282815297 199.692368507385 196.918268998464
