input/barkrak2/radiation/dir27124.grid
NCOLS 85 
NROWS 70 
XLLCORNER 665100 
YLLCORNER 4664600 
CELLSIZE 20 
NODATA_value -9999 
[rows 42 to 62 of 70, columns 0 to 45 of 85]
178.08077732722 175.412734349569 177.082280317942 175.737102826436 169.260442256927 164.787530899048 161.785125732422 158.126254876455 157.003194093704 154.541631539663 151.436199744542 150.576243797938 153.670569260915 158.22426478068 156.563063462575 153.92017364502 149.628430604935 154.579659303029 157.908817132314 149.573802947998 146.328469117483 146.336098512014 142.398834228516 143.758356571198 149.91890390714 145.906339089076 142.318487167358 150.370538234711 155.571858088175 158.488214015961 161.125640074412 160.618285338084 170.092503229777 191.821753978729 198.806484540304 173.572321732839 159.065802892049 157.046933968862 163.402716318766 174.546519915263 184.127291043599 186.782399813334 173.628052075704 142.714371283849 85.1036508878072 29.9788589278857
162.005056937536 164.713164170583 173.557003339132 170.225739479065 173.190812269847 175.604502360026 173.184216022491 168.340802192688 156.127909819285 155.073086420695 157.2518547376 152.920623620351 152.185549338659 157.104859749476 156.848748524984 154.544512430827 154.727647701899 156.204591194789 157.733251651128 151.12230181694 144.733458757401 143.67006222407 140.661209821701 139.267633358637 143.654664357503 147.465993960698 141.686101754506 144.300639629364 151.377151409785 153.480549653371 153.550843397776 150.48885345459 162.753681341807 179.710388183594 177.376131216685 161.695192257563 156.496544679006 165.721476078033 172.834932804108 174.682954947154 170.475323994954 163.32091887792 156.674752632777 129.783570766449 86.8354936440786 29.743991792202
159.75413719813 165.31095902125 168.833374977112 169.219295183818 171.109914779663 173.900087674459 173.107961813609 169.439911842346 164.418299992879 158.338526884715 160.364409287771 156.228760878245 152.802487214406 150.630980730057 149.606704711914 150.293409824371 145.347009102503 152.009149392446 154.942035675049 151.455660661062 146.348347266515 145.862817764282 144.410421450933 144.078334172567 142.579128344854 151.71014269193 154.595345258713 151.474664608637 152.710308631261 151.278575261434 146.227786938349 144.300649563471 151.668210824331 155.342628558477 155.957092841466 155.130128065745 159.839044014613 173.744877179464 179.889559745789 170.263568560282 168.624301751455 158.61564874649 152.940650780996 133.054484923681 99.2294748624166 55.4277549187342
165.437430143356 170.463820298513 168.081760406494 171.002109845479 169.740041097005 169.895708560944 170.595447222392 169.23463344574 170.34109433492 164.112935463587 163.081467151642 160.896778106689 154.760330915451 150.647660096486 148.619780937831 153.15983692805 145.480692386627 148.05656671524 154.787957668304 152.460038661957 148.945271968842 149.680435657501 147.725919882456 148.033330837886 150.441547234853 149.82271194458 156.713594992956 154.879649480184 152.574936548869 152.68216530482 147.731800874074 144.732654094696 147.583961486816 145.140508810679 139.905740817388 140.101969242096 148.933440446854 165.423343578974 165.361752112707 151.744365692139 157.039741675059 148.855070273081 145.912776390711 143.421550591787 127.728809912999 88.1853103637695
164.698312679927 166.85829559962 170.221865177155 171.767512957255 171.886463960012 171.535054842631 172.464271386464 174.529075622559 169.691701730092 167.868157227834 166.561156511307 164.367546637853 160.834203163783 156.457136074702 154.502014319102 159.069508314133 154.8746128877 147.829741239548 155.766059954961 154.064069191615 150.472621122996 150.762051343918 150.730113188426 146.510700384776 154.399315516154 149.451911449432 150.507688522339 152.676612138748 152.390857537587 151.899625857671 151.293575763702 147.41775393486 146.761278311412 144.913733005524 141.658206780752 140.410363674164 144.069532553355 153.28394373258 155.091901620229 154.067436854045 152.476628621419 145.147899786631 149.598946173986 157.262037197749 151.349087556203 115.948915481567
159.563680489858 161.119669675827 167.482455571493 168.934305508931 172.993143399556 174.33625459671 170.990983645121 171.376744906108 170.193990071615 171.92409435908 167.266150315603 163.839916388194 161.056737105052 161.219944556554 157.148698965708 155.30933936437 154.909511407216 145.41154106458 150.435874859492 153.679341077805 149.611214796702 149.427553017934 153.273443380992 144.91726954778 148.438851038615 148.19743235906 144.701778888702 148.729294538498 151.532808939616 150.741368532181 152.807096640269 152.704844872157 146.249562501907 148.650745550791 156.476596991221 158.167839050293 153.902798891068 151.146233081818 156.173090140025 167.057315508525 156.545003255208 147.326946258545 154.709706703822 160.567581653595 154.310206572215 133.978366851807
151.592413584391 155.07377187411 160.463909308116 164.948413769404 170.684337615967 174.767037232717 170.804421106974 168.862183888753 170.943299929301 172.987282276154 170.106172561646 165.984392166138 162.625581026077 163.718144098918 159.59366162618 153.532743453979 153.481702009837 145.668059587479 149.412393569946 153.713762760162 152.136673529943 152.541190385818 153.660436471303 148.737400770187 146.048118670781 151.652316252391 147.444327672323 152.608692646027 157.076011101405 162.124792734782 166.818102200826 168.122867743174 157.552699247996 160.861313343048 167.92897383372 170.451740423838 168.849766254425 162.635326385498 159.936745961507 163.48460316658 153.647075096766 145.658999681473 143.161714076996 142.204572757085 140.202730894089 139.204074939092
151.326447725296 147.683908541997 153.090020020803 161.152044932048 167.347689469655 170.397718747457 173.649231592814 174.781580766042 175.386925538381 170.635898907979 173.184355099996 171.729346116384 167.98742612203 164.030969142914 161.012788613637 155.632336934408 154.37513589859 149.153580268224 152.071078618368 157.275299231211 158.26803445816 158.995757500331 155.144850413005 154.875149329503 150.166690349579 154.308686653773 154.871066411336 156.971712907155 163.689116636912 173.4911998113 183.519164721171 185.06517012914 174.411535263062 171.290993690491 168.463428815206 172.910412152608 175.457239151001 174.457510312398 163.467059532801 151.707539955775 142.590502897898 144.485106070836 142.903705437978 137.288510799408 133.471965789795 138.168354829152
152.328153451284 155.043393373489 156.91993633906 164.474229017893 164.917210737864 166.236768166224 173.562367757161 178.744316101074 177.464167277018 176.747997601827 175.160388151805 175.476352373759 170.343200365702 164.606779813766 165.009051561356 167.402148246765 158.368666966756 154.756466547648 155.586719512939 163.650323947271 164.393395185471 161.375333865484 157.542765140533 156.202266613642 151.100426912308 157.639026641846 159.217834472656 162.314355373383 167.447288831075 173.586010932922 184.961477915446 190.391898155212 184.274554252625 174.765924612681 161.053866147995 162.394106388092 170.660734176636 177.700996398926 166.959702968597 145.090530316035 137.208114067713 146.881898244222 150.27591586113 144.913882017136 139.212548732758 135.738790035248
152.263104915619 162.332485119502 164.853076140086 168.071905771891 166.148026784261 164.277921120326 171.957770983378 176.960865656535 176.860868930817 180.373072624207 177.18517780304 176.841259002686 173.094232877096 168.189465999603 165.651321411133 172.031382719676 165.969719489415 159.26996866862 156.490544478099 159.919420878092 160.569538672765 158.700128396352 156.766275564829 154.697974522909 150.061110655467 152.100672324499 156.91418449084 157.92179107666 160.369376341502 165.302832921346 176.026086012522 186.933596928914 182.832876841227 161.65887316068 127.640902996063 119.89547808965 140.439430872599 163.115233182907 173.555413881938 170.179744561513 164.961675802867 157.273977994919 140.597979227702 136.749724547068 145.957152048747 136.858483155568
154.449303944906 153.170128663381 153.400550285975 156.573037306468 164.382537206014 168.185591697693 168.51149002711 174.402594566345 174.336016178131 177.820642789205 177.667359511058 179.892996946971 178.54642868042 173.425634702047 168.742775917053 167.692025502523 168.721934159597 158.593277136485 154.679874579112 153.68906656901 153.180092573166 154.558390378952 155.175864696503 149.027635653814 150.343259175618 145.348091920217 149.000267187754 148.127953211466 146.074106295904 150.37727355957 154.542028903961 169.012745221456 165.902594725291 138.459871212641 101.6725897789 81.8111499150594 90.1920298735301 120.470215876897 156.387984752655 171.534915765127 173.290590445201 156.675000985463 134.507924318314 131.187816460927 140.04506667455 126.349578301112
161.332577466965 149.723947048187 146.887838840485 151.932924985886 164.783368508021 172.937353452047 172.192891438802 173.151711622874 174.731135368347 174.901982148488 176.826993624369 178.610384464264 181.115508079529 177.952229976654 170.844773451487 168.052514394124 171.378970146179 161.710133155187 156.545718510946 157.709856828054 157.046765089035 153.895060221354 152.059972286224 147.917300462723 149.292707443237 145.767480134964 145.454039176305 143.975019454956 142.707169055939 138.933420181274 129.77460026741 137.826790412267 137.872795263926 117.678294579188 101.493249336878 82.779382665952 63.5388195514679 70.9958473841349 94.932496547699 131.652226050695 155.281573534012 144.680043061574 133.682409922282 128.69252761205 120.61216433843 112.037181854248
163.10065984726 155.908445517222 152.234107255936 156.18305404981 167.00287659963 174.972991148631 178.436060746511 174.075543880463 178.820192813873 176.038940747579 178.970158100128 181.195100148519 182.098269462585 182.567278544108 175.147275129954 175.700942675273 175.583819548289 167.861719926198 162.600060304006 164.149949947993 164.173493782679 159.559806187948 156.783948342005 156.060397624969 152.308364709218 149.592300256093 147.574583689372 144.84167098999 140.684892733892 135.32688220342 122.55730231603 126.927196979523 129.707396030426 127.694984277089 126.860489447912 115.862150986989 87.9085759321849 70.9130614995956 64.7810399532318 79.9593528111776 115.90838432312 120.314389467239 108.966509501139 94.3921804428101 92.1051204204559 100.736836592356
166.702469189962 164.61901863416 158.092180887858 155.219336350759 161.402970552444 174.512922763824 176.535407702128 175.016125043233 175.656934579213 180.712183316549 186.077753702799 186.162193616231 185.224254926046 184.890806674957 180.244962374369 180.397768815358 180.487116177877 175.821860631307 169.738094011943 166.782180468241 164.563755194346 162.917345762253 163.872510194778 165.669014056524 160.922100146612 156.554857889811 150.209327538808 141.286055246989 132.487763961156 129.252413908641 125.770519177119 132.449924945831 135.980397462845 146.038194497426 153.660436471303 154.09928560257 143.731574217478 125.06502866745 107.34611749649 75.299471616745 84.8914782206217 104.899813731511 104.561626911163 92.1970407168071 93.4590697288513 111.864844957987
170.114755630493 169.191221396128 166.933755079905 160.271773735682 160.532772541046 171.687563260396 176.417668660482 175.982594490051 174.073139826457 182.590126991272 190.431952476501 190.767288208008 185.721894105275 187.116881211599 186.233838399251 179.323613643646 182.725310325623 178.266723950704 173.224012056986 171.063880125682 169.635534286499 169.513424237569 164.453128973643 162.802805503209 160.238444805145 155.460099379222 133.338421583176 110.731621583303 106.669008731842 114.422957102458 125.666926304499 129.07208998998 134.360631306966 140.584896008174 153.212279081345 167.611658573151 172.337591648102 168.939431508382 169.956982135773 120.008279879888 90.1156067848206 108.010868231455 125.501106182734 128.670881191889 130.461235841115 145.234485467275
170.254508654277 167.279104391734 170.151650905609 168.734749158223 164.63362177213 168.419023354848 177.100519339244 177.683214346568 176.474928855896 182.012001673381 189.810752868652 190.355837345123 184.87819035848 187.827944755554 190.160870552063 179.922858874003 180.895884831746 178.267121315002 175.341526667277 176.02942387263 176.775495211283 176.51625474294 171.452641487122 164.697915315628 162.191977103551 160.232573747635 138.307382663091 114.471048116684 113.308449586232 122.302114963531 135.822355747223 136.785984039307 145.664274692535 156.485378742218 172.339797019958 174.161195755005 164.71200188001 116.377433141073 107.685079177221 121.986269950867 120.507657527924 136.220276355743 139.797667662303 122.789919376373 111.543516318003 125.739077727
158.609529336294 166.145265102386 168.527106444041 169.67103878657 168.416738510132 164.823184410731 177.639961242676 181.66842063268 180.502772331238 182.673990726471 186.886370182037 188.98606300354 187.140246232351 183.508157730103 185.607930024465 181.213239828746 176.884373029073 179.077764352163 179.846862951914 181.47083123525 182.894686857859 178.879578908285 176.945885022481 170.462012290955 169.521351655324 170.252859592438 162.650406360626 153.854578733444 154.422571261724 158.783624569575 155.408332745234 147.732476393382 159.527192513148 172.279556592306 163.629452387492 152.419964472453 133.059551318487 78.0346244573593 55.7776987552643 89.3470446268717 124.536792437236 147.17306693395 141.066233317057 125.85370739301 116.080860296885 122.198075056076
147.840360800425 163.365364074707 166.917403539022 168.110052744548 170.897761980693 165.880014499029 172.470291455587 181.559999783834 190.819303194682 189.525485038757 187.009294827779 186.833580334981 187.867760658264 186.304370562236 185.6449842453 182.714581489563 178.698539733887 179.515719413757 177.516102790833 175.03410577774 175.551374753316 174.799799919128 173.994461695353 172.93526728948 173.031131426493 178.520162900289 187.885840733846 192.433893680573 177.474459012349 173.628747463226 159.905513127645 147.882839043935 154.472688833872 145.218739906947 113.651225964228 75.5374183257421 72.6244300603867 61.7839992046356 46.0041662057241 46.0940500100454 70.426344871521 109.99459028244 138.911614815394 160.139620304108 176.897803942362 173.307577768962
149.444868167241 159.938146670659 167.488058408101 168.534576892853 170.090715090434 170.110126336416 165.221343437831 175.446391105652 194.567302862803 194.293916225433 187.637527783712 184.291779994965 186.554789543152 189.405878384908 187.044103940328 184.210022290548 181.418518225352 177.595496177673 170.264681180318 162.592987219493 162.445684274038 166.142304738363 166.900098323822 170.487840970357 173.897564411163 180.248339970907 198.526740074158 206.918239593506 188.743154207865 176.896870136261 156.057337919871 139.361639817556 134.957681099574 124.946544567744 98.1252590815226 71.7686961094538 73.6540406942368 87.4616106351217 82.2643289963404 65.8340354760488 52.6781479517619 73.0601151784261 118.34043264389 154.30556734403 165.613283713659 161.206642786662
161.186873912811 164.568662643433 166.801432768504 163.019071022669 155.845751365026 153.739959001541 162.076612313588 165.125240882238 175.914724667867 175.027370452881 174.130101998647 179.82683579127 185.093184312185 185.270508130391 181.968589623769 183.290660381317 181.908011436462 174.673994382223 166.145215431849 159.410973389943 157.866299152374 157.575448354085 161.019484202067 164.422303438187 164.264072974523 168.944160143534 183.79533290863 193.331201871236 185.194313526154 170.123517513275 145.909368991852 127.61390209198 118.757685025533 128.171732028325 118.159393469493 92.820942401886 98.7767577171326 139.318118492762 148.737728595734 124.998341004054 86.5622262159983 72.7067142724991 93.0806299050649 113.122036059697 111.79839571317 119.374583164851
174.736420313517 171.246270338694 167.255123456319 159.760475158691 148.244162400564 138.408263524373 152.896722157796 150.558094183604 138.443470001221 141.713509956996 156.666139761607 168.501178423564 173.566182454427 177.340348561605 180.201828479767 190.055648485819 191.656231880188 182.052413622538 171.458542346954 166.300773620605 161.945084730784 159.595747788747 161.27289334933 158.548643191655 158.372342586517 162.485818068186 166.333337624868 168.665170669556 166.239639123281 144.736071427663 143.299341201782 134.83123977979 125.831166903178 139.563292264938 139.213383197784 126.933574676514 122.710963090261 127.145787080129 133.190661668777 133.160839478175 114.23929532369 95.1895316441854 93.1469102700551 88.6432429154714 74.0028321743011 87.2034430503845
