input/barkrak2/radiation/dir24724.grid
NCOLS 85 
NROWS 70 
XLLCORNER 665100 
YLLCORNER 4664600 
CELLSIZE 20 
NODATA_value -9999 
[rows 20 to 39 of 70, columns 0 to 45 of 85]
102.528403202693 90.9158984820048 99.042276541392 126.21412674586 123.016138871511 106.389542420705 98.2812941074371 109.332303206126 121.793607870738 133.144319057465 145.208199818929 145.551602045695 146.771589914958 145.845790704091 155.955682198207 169.874628384908 183.594624201457 195.059339205424 210.041185220083 224.274476369222 235.073228677114 223.400155703227 223.516722520192 228.85258992513 227.91333993276 228.951136271159 226.86908642451 224.535604317983 231.295883655548 235.836883385976 244.905511538188 230.954051017761 214.432915051778 204.030692577362 199.447234471639 205.804268519084 204.917967319489 206.958989302317 211.627244949341 216.82329972585 217.302441596985 217.804233233134 220.354656378428 213.603834311167 219.581127166748 223.782161871592
133.951445420583 123.633772134781 122.902949651082 152.253339687983 150.673816601435 108.675171931585 109.634210666021 120.304733514786 126.9451379776 133.163621028264 139.276762803396 137.777199347814 139.997005462646 133.47398241361 142.347157001495 156.890024741491 172.806859016418 183.526794115702 196.804960568746 212.42501338323 219.82483069102 230.167508125305 235.234498977661 232.95517762502 223.548491795858 212.706963221232 201.91490650177 197.529872258504 201.556821664174 202.249129613241 187.440991401672 163.663228352865 140.492697556814 146.027247111003 151.0970890522 172.517617543538 181.595623493195 198.628862698873 211.12451950709 212.411721547445 209.354420502981 208.319803078969 201.634804407756 182.357907295227 207.327723503113 218.579590320587
180.552124977112 179.773310820262 167.106747627258 172.488172849019 172.301729520162 133.448968331019 133.025864760081 128.783295551936 124.270419279734 127.683858076731 134.543657302856 137.339015801748 142.526129881541 144.643515348434 145.98603049914 154.33864792188 167.044977347056 178.850412368774 187.956472237905 192.533592383067 194.811801115672 211.593468983968 221.59614165624 224.41565990448 222.47310479482 216.845571994781 200.588643550873 192.099571228027 182.916303475698 181.84894323349 148.399849732717 111.967146396637 76.8537670373917 65.9842987855275 83.8634769121806 119.795193274816 144.919951756795 171.920498212179 190.748234589895 197.475771109263 201.986014842987 203.217148780823 175.426046053569 150.228440761566 183.609048525492 216.118176778158
214.210391044617 208.109835783641 184.360603491465 178.765813509623 177.618046601613 170.086065928141 153.829514980316 132.826507091522 120.634297529856 124.302486578623 136.710613965988 140.029569466909 152.900318304698 160.356630881627 157.267282406489 159.007966518402 168.08807849884 179.648280143738 184.815386931101 175.988078117371 176.769455273946 181.603372097015 193.175772825877 201.389789581299 206.963618596395 203.90514532725 193.741858005524 179.719646771749 161.643693844477 127.8129418691 105.853617191315 77.9299090305964 45.47285536925 11.9231268763542 12.1300804118315 38.5311966141065 74.6481170256933 104.738771915436 124.587794144948 141.426265239716 148.960570494334 137.464652458827 135.239978631337 164.304385582606 174.663027127584 205.201089382172
209.527810414632 207.886397838593 197.305957476298 181.95766210556 168.860693772634 169.58349943161 155.621021986008 146.230379740397 131.109704573949 127.145886421204 132.846881945928 142.1733101209 149.005989233653 159.753799438477 159.802258014679 160.47673424085 164.989739656448 176.741083463033 184.068401654561 175.79980691274 175.462265809377 172.113915284475 179.723918437958 185.656766096751 187.172432740529 185.525059700012 177.82602707545 167.109449704488 143.912126620611 100.177794694901 80.7110766569773 80.7362496852875 56.292066971461 11.5732414027055 8.01082141697407 25.8205582698186 48.5841929912567 66.1188910404841 84.5109423001607 94.0431753794352 88.6417826016744 83.5428237915039 109.171162048976 191.698869069417 193.412562211355 206.314265727997
197.40229845047 202.664812405904 204.322417577108 185.245891412099 169.676502545675 169.656316439311 168.876528739929 174.224734306335 170.688033103943 155.379354953766 150.156150261561 159.3243877093 162.650922934214 171.273907025655 171.552956104279 163.983007272085 166.968107223511 177.611152331034 183.575411637624 187.04096476237 191.476821899414 187.323093414307 181.474943955739 177.764217058818 177.062451839447 176.990807056427 168.725252151489 151.576995849609 129.211982091268 113.739887873332 111.168364683787 123.032112916311 118.768592675527 60.2091054121653 34.1529498497645 45.2351619799932 50.5913496017456 59.3020965655645 75.8615831534068 69.4638639688492 65.6832506259282 68.3003018299739 115.994284550349 189.824839433034 211.605429649353 216.836094856262
197.481016318003 202.190061410268 205.091436704 190.728922684987 185.772975285848 187.367717425028 194.045821825663 198.566873868306 202.230513095856 197.173794110616 175.427814324697 181.956191857656 181.463221708934 190.006693204244 187.305887540181 175.491988658905 173.240919907888 183.742165565491 190.595269203186 201.991637547811 206.539193789164 201.475580533346 190.911491711934 180.259585380554 177.240530649821 176.910440127055 167.686700820923 161.269078652064 143.598616123199 148.922185103099 164.812823136648 190.386732419332 198.599278926849 189.48225180308 128.09623281161 69.3866163492203 65.171018242836 67.6326602697372 76.7541974782944 68.2841291030248 81.9192230701447 122.458020846049 156.269947687785 188.902139663696 211.101551850637 214.582324028015
200.250744819641 197.769204775492 199.73361492157 193.281233310699 215.316414833069 211.047132809957 212.518016497294 209.161321322123 212.47543891271 214.165290196737 192.628820737203 186.759034792582 189.698298772176 192.387839158376 191.447297732035 187.429527441661 181.424299875895 188.805858294169 201.140860716502 205.801804860433 203.364233175913 193.430225054423 189.326723416646 189.761161804199 188.231964906057 183.426717917124 179.713527361552 175.992608070374 176.053245862325 188.977678616842 205.693284670512 218.686958154043 224.997242291768 237.441162268321 221.096873283386 128.386676311493 85.2427879969279 73.8659699757894 68.9971596002579 69.6931580702464 115.618666013082 192.625204722087 181.841969490051 176.643272240957 187.279423077901 188.206334908803
200.955152511597 189.252376556396 191.925923029582 199.042777220408 235.972166061401 221.699754397074 209.957698980967 202.086587746938 201.258103052775 199.357807636261 189.100007216136 181.91142876943 187.703510125478 187.957942485809 193.437695503235 196.27704222997 192.064126332601 186.117847760518 197.793523470561 197.857836882273 196.195423603058 188.119371732076 187.555114428202 192.639470100403 194.450557231903 187.434216340383 186.036626497904 184.21216805776 182.655274868011 201.672593752543 222.054143746694 236.14231745402 240.711808204651 241.252978642782 246.955792109172 200.531462828318 98.7281302611033 61.8605812390645 50.8975734313329 59.8061581452688 130.220681428909 183.618982632955 169.682701428731 141.227771838506 141.578674316406 142.961919307709
197.851677735647 181.416134039561 186.1439148585 208.671927452087 235.506435235341 219.414273897807 195.916036764781 177.030205726624 163.525998592377 162.969668706258 162.694245576859 166.746238867442 176.313579082489 188.601672649384 193.956732749939 199.62606827418 198.10672601064 183.640877405802 186.484197775523 188.252806663513 186.941683292389 188.761750857035 189.042647679647 194.275299708048 198.168933391571 191.861351331075 194.865604241689 188.420573870341 188.131332397461 207.558691501617 231.159309546153 247.368295987447 245.478510856628 243.452668190002 254.172563552856 252.516885598501 188.518583774567 99.8269120852153 74.4322786728541 82.2898000478745 114.577988783518 134.38555598259 146.274775266647 114.89259203275 107.441206773122 112.66698439916
191.161533196767 197.059154510498 226.440131664276 271.350026130676 262.540062268575 225.99454720815 188.305775324504 158.277928829193 142.206480105718 153.391857941945 150.734215974808 143.448938926061 169.860323270162 188.912471135457 199.282904465993 205.148299535116 205.071151256561 191.198805967967 189.893066883087 192.303001880646 190.328677495321 193.700591723124 196.030338605245 197.394152482351 199.939688046773 203.683574994405 202.242036660512 199.706832567851 198.957403500875 217.821260293325 240.463256835938 252.012034257253 247.887512048086 252.971192200979 262.434085210164 266.377965609233 261.120756467183 230.055133501689 150.721212228139 107.720921436946 97.1701939900716 100.1063088576 118.571082750956 108.203699191411 103.637973467509 123.811940352122
209.430356820424 244.236509005229 283.239205678304 301.271160443624 307.964702447255 268.370111783346 220.573306083679 179.564038912455 167.014161745707 179.771224657694 169.459780057271 151.807546615601 165.287097295125 186.203062534332 203.996936480204 208.683292071025 206.907153129578 202.237168947856 194.631695747375 193.861623605092 194.102207819621 199.411749839783 202.013373374939 201.411406199137 204.104622205098 214.158892631531 215.092698733012 217.688540617625 216.675937175751 227.695425351461 244.188825289408 253.009517987569 255.916853745778 263.315002123515 270.150383313497 263.085563977559 262.229323387146 274.101833502452 229.792912801107 151.218314965566 106.489439805349 102.772881587346 109.15607213974 110.418876012166 130.975107351939 158.294916152954
262.092590332031 289.92885351181 300.732413927714 297.851781050364 311.514596144358 309.252580006917 282.423694928487 245.520015557607 220.402300357819 214.317560195923 208.434144655863 185.977816581726 169.120411078135 183.689892292023 206.446091334025 212.124029795329 206.652383009593 209.334154923757 197.194715340932 195.224861303965 199.963808059692 201.747218767802 204.033891359965 202.578922112783 206.067721048991 218.802173932393 225.788414478302 230.078895886739 229.215463002523 231.264630953471 246.047476927439 256.430208683014 256.132404009501 254.939556121826 257.45811065038 246.868968009949 248.982350031535 251.382946968079 222.517112890879 172.982196013133 138.08677593867 124.46270386378 117.249886194865 114.409784475962 132.660051186879 155.513475338618
288.216491540273 298.8054951032 295.525968074799 287.634432315826 293.657104174296 306.742231051127 306.115369002024 280.976672967275 254.455308119456 237.952550252279 238.705396652222 219.431777795156 194.359799226125 192.819039026896 204.68274752299 208.638111750285 204.80215549469 207.32573668162 198.604027430216 199.461082617442 198.538104693095 200.231571992238 199.123024940491 198.582212130229 205.520510673523 215.834160645803 227.399468421936 228.361189365387 230.376462141673 236.834069093068 248.352924982707 251.006186008453 238.588015238444 230.448643366496 233.850439389547 214.788754781087 213.676273822784 203.133165836334 173.980931440989 154.198358456294 167.550583680471 156.910359859467 138.019879659017 123.888452847799 121.285269657771 136.681795120239
295.911053816477 297.909061113993 301.253120104472 292.151351769765 289.265433947245 297.102928161621 309.229175249736 304.923415184021 274.487376213074 250.648021697998 243.442753950755 235.051472981771 227.058748404185 210.306525230408 205.609758694967 208.840568860372 203.824142615 201.649904251099 201.324979464213 205.595056215922 201.067447662354 200.131416320801 200.419783592224 202.013611793518 206.743041674296 212.516407171885 221.990664800008 220.647136370341 224.381486574809 237.921456495921 245.883365472158 237.994293371836 225.377261638641 223.482648531596 216.586848100026 199.09663995107 202.356934547424 200.410048166911 189.66015179952 179.572641849518 188.265442848206 195.524334907532 175.562540690104 153.201182683309 133.005996545156 119.544049104055
305.271029472351 305.280784765879 308.669090270996 305.927177270253 299.147327740987 298.882683118184 307.277321815491 311.681489149729 282.721300919851 252.737243970235 240.953087806702 240.669290224711 243.182440598806 224.364837010702 213.84185552597 214.689572652181 210.793058077494 202.230493227641 206.866284211477 208.024442195892 206.94355169932 201.221585273743 204.517483711243 210.047046343486 207.706570625305 212.808211644491 215.506196022034 213.775972525279 218.890647093455 235.121369361877 240.63241481781 233.756065368652 227.801899115245 228.931128978729 211.839775244395 205.139795939128 210.893968741099 215.96348285675 218.737244606018 210.44401327769 181.647499402364 179.594953854879 168.150146802266 145.708342393239 128.501107295354 107.678731282552
303.273419539134 304.154455661774 307.386497656504 305.994391441345 299.177368481954 294.957439104716 302.207211653392 309.502502282461 287.528077761332 256.508549054464 242.660641670227 238.048295180003 239.741484324137 222.518344720205 212.670167287191 218.298892180125 219.452122847239 208.976050217946 209.896425406138 214.406828085581 213.855524857839 208.646178245544 206.898192564646 211.43102645874 208.542227745056 208.299974600474 213.489989439646 218.312362829844 222.845355669657 234.048843383789 239.673594633738 236.594915390015 230.048616727193 229.522347450256 212.024708588918 214.892903963725 218.480070432027 223.765651384989 225.023547808329 210.344811280568 156.670838594437 129.289031028748 112.338016430537 101.745227972666 99.1720656553904 98.2897182305654
295.153260231018 300.185521443685 305.654724438985 303.640365600586 298.569639523824 298.459092775981 303.840756416321 309.946477413177 300.526261329651 266.775071620941 249.821702639262 238.402644793193 226.557056109111 216.884016990662 208.178500334422 212.488889694214 223.73902797699 217.263758182526 212.167104085286 216.795921325684 215.240081151327 211.578607559204 207.911153634389 209.544479846954 210.457106431325 209.266503651937 211.63668235143 219.675997893016 224.014043807983 229.401310284932 236.588040987651 238.613784313202 233.413835366567 218.417545159658 205.581704775492 223.133603731791 231.295744578044 232.099731763204 225.974758466085 216.519236564636 148.755262295405 91.5956298510234 67.0369863510132 59.7005784511566 62.8983279069265 69.2889591058095
271.63702249527 280.517796675364 285.850425561269 287.930011749268 291.705866654714 299.272537231445 305.283665657043 308.756411075592 304.366807142893 279.329419136047 260.360995928446 242.063780625661 224.345445632935 223.121384779612 214.669426282247 206.465284029643 219.547629356384 218.954086303711 211.435854434967 212.362726529439 210.783859093984 207.068900267283 204.756697018941 203.805526097616 206.85746272405 210.475961367289 211.061497529348 215.812146663666 221.524675687154 223.739087581635 230.749547481537 240.036904811859 229.141275087992 205.167432626088 211.192846298218 238.411009311676 243.371586004893 236.885289351145 226.914982000987 226.484874884288 198.47563902537 118.133743604024 70.9630946318309 57.5284113486608 57.6242903868357 57.4376831452052
241.136173407237 247.411588827769 247.094988822937 256.356040636698 269.591530164083 282.344857851664 292.490800221761 298.388361930847 297.159135341644 279.680152734121 255.267262458801 235.115806261698 220.203479131063 220.342993736267 212.641914685567 208.740254243215 209.832390149434 213.209748268127 201.587796211243 202.552636464437 205.511768658956 207.903186480204 205.602705478668 202.245275179545 200.76064268748 204.187711079915 211.215933163961 213.77831697464 217.901209990184 218.66238117218 220.529774824778 229.94863986969 220.618685086568 207.649032274882 235.526343186696 252.486884593964 247.273902098338 239.740649859111 233.981172243754 240.19459883372 255.761086940765 229.094783465068 147.866427898407 98.5756715138753 74.4992246230443 56.5569897492727
