input/barkrak2/radiation/dir25024.grid
NCOLS 85 
NROWS 70 
XLLCORNER 665100 
YLLCORNER 4664600 
CELLSIZE 20 
NODATA_value -9999 
[rows 20 to 39 of 70, columns 0 to 45 of 85]
96.7281858126322 84.4965179761251 92.2138889630636 118.010858694712 115.239987770716 99.3010103702545 91.7629102865855 102.801978588104 115.300118923187 126.72945857048 137.644430001577 137.674202521642 134.597480297089 133.931239446004 144.449025392532 161.135812600454 174.710849920909 185.51363547643 197.59327173233 214.411854743958 221.58271074295 211.680730183919 210.860689481099 215.433855851491 217.697779337565 218.690673510234 219.199458758036 214.565475781759 218.82834037145 221.319913864136 219.328641891479 224.239369233449 207.396646340688 196.455915768941 191.622018814087 197.979549566905 197.458525498708 199.52650864919 203.498005867004 208.663781483968 210.164805253347 209.757765134176 213.300903638204 206.445892651876 211.430668830872 216.927727063497
127.596964438756 116.852015256882 114.980359872182 143.521308898926 141.697466373444 101.204494635264 102.763493855794 113.818307717641 120.484987894694 126.728723446528 132.524569829305 129.016896088918 129.7727227211 127.236098051071 134.33971007665 148.8030453523 164.763947327932 175.515492757161 186.574399471283 202.303429444631 211.702585220337 224.280714988708 227.853000164032 223.384201526642 217.6673412323 206.856926282247 197.239617506663 194.204608599345 195.071776707967 189.897815386454 182.105263074239 148.400912682215 136.083364486694 138.565838336945 142.987281084061 164.584219455719 173.330664634705 191.091398398081 203.810552755992 204.221467177073 202.057679494222 200.995405515035 194.182674090068 174.762586752574 200.188299020131 211.643894513448
174.244900544484 172.989726066589 159.134258826574 163.873374462128 163.405547539393 125.257949034373 125.94328324 122.35501408577 120.078961054484 123.460908730825 128.164907296499 129.700074593226 134.607394536336 136.609395345052 139.56626256307 147.797266642253 160.319119691849 172.102014223735 181.338568528493 186.020493507385 188.46187988917 205.47479391098 213.546415170034 218.508700529734 216.575543085734 207.27014541626 193.495154380798 187.687973181407 178.713937600454 177.031497160594 142.710000276566 104.311058918635 68.334420522054 59.3360761801402 73.4995355208715 95.1035916805267 135.584731896718 161.592851082484 181.333800156911 189.951141675313 193.722764650981 195.786356925964 166.915059089661 142.29957262675 176.458756128947 209.161619345347
208.586494127909 202.057520548503 176.851193110148 170.238216718038 168.785492579142 161.718984444936 146.50438229243 125.359823306402 114.154815673828 117.827077706655 130.306859811147 135.676433642705 143.849720557531 153.891295194626 150.745491186778 150.784313678741 159.850656986237 171.447614828746 178.479035695394 169.269144535065 170.180062452952 173.217574755351 186.820328235626 196.819444497426 198.861598968506 196.108917395274 181.745906670888 172.397096951803 156.256437301636 120.686272780101 90.0273124376933 73.4956363836924 41.292334596316 9.09636231760184 7.91383596758048 26.5575473507245 61.8920028209686 94.8457519213359 111.810316642125 130.122174819311 136.335263649623 128.484000762304 127.663185199102 155.592898527781 166.160633166631 198.337932427724
203.982830047607 202.276905377706 190.490980943044 173.596282800039 160.39647658666 161.180277665456 148.109058539073 137.225766976674 126.863837242126 123.031497001648 128.821521997452 135.055800278982 143.175601959229 151.579807202021 151.593079169591 152.219742536545 159.788151582082 169.993201891581 177.26989587148 169.250547885895 168.793479601542 165.56903719902 173.243860403697 180.663784344991 180.69581190745 177.412609259288 169.557452201843 159.343431393305 136.983732382456 92.1180446942647 76.2889683246613 75.7733831803004 51.3412803411484 9.08371619880199 6.06823774675528 22.7495729923248 43.9464251200358 61.06170018514 76.664075255394 84.4763318697612 78.546072045962 75.3871500492096 100.228250026703 185.029149055481 187.146107355754 198.253889878591
191.661675771077 197.000284989675 197.97811905543 177.448312441508 160.790701707204 161.241660515467 159.702191750209 167.235891024272 163.958172003428 151.195844014486 143.228421608607 151.882519324621 154.73418434461 163.551857074102 164.943595727285 158.64634513855 160.335679848989 172.424515088399 176.689724127452 180.160621802012 184.826950232188 180.832962195079 174.985349178314 171.092947324117 170.331358909607 170.369108517965 160.70427497228 147.180159886678 123.647580544154 107.39595691363 105.970998605092 117.466072241465 112.787445386251 53.8836469252904 29.8487469553947 40.0011663635572 46.0548053185145 54.6794186035792 64.6869192520777 62.1355374654134 55.6838115056356 58.9837928613027 107.781241337458 185.190816720327 203.564206759135 210.387448469798
191.621899604797 196.503599484762 199.06747341156 183.408081531525 177.062511444092 179.247955481211 186.915973822276 192.126929759979 198.493540287018 190.861523151398 171.135942141215 177.539547284444 175.923605759939 182.219048341115 180.622597535451 170.154949029287 163.69754076004 175.399641195933 182.33984708786 195.501108964284 198.245882987976 193.129579226176 182.565291722616 173.461635907491 172.029773394267 170.196652412415 162.655731042226 150.974243879318 138.338963190715 143.029471238454 159.259527921677 184.783260027568 193.195303281148 182.908574740092 119.658986727397 64.2307301362356 60.5452954769135 62.9726151625315 65.1300450166066 61.6648296515147 76.4295359452565 112.890263398488 151.136497656504 182.230412960052 203.059196472168 207.983215649923
194.437185923258 191.983342170715 193.819959958394 186.308602492015 207.009057203929 203.474899133046 208.039999008179 205.673595269521 209.017097949982 208.139657974243 188.4379585584 181.968013445536 184.18033917745 184.215903282166 185.238897800446 180.791894594828 173.079133033752 181.733628114065 191.190203030904 199.243704477946 196.874797344208 186.429758866628 182.477513949076 181.548774242401 180.135766665141 178.309500217438 171.864986419678 169.10711924235 171.794851620992 183.561821778615 200.555205345154 213.375707467397 220.138827959696 232.45378335317 213.687678178151 120.794912179311 79.768697420756 69.1637049118678 64.3243292967478 59.4561894734701 106.150100628535 185.331841309865 174.617171287537 172.257204850515 180.379152297974 181.301951408386
195.324460665385 183.405200640361 185.914039611816 191.988050937653 228.665252526601 214.680473009745 205.954750378927 198.647836844126 197.221040725708 192.935089270274 182.347079118093 174.317002296448 177.44251092275 181.736469268799 185.256580511729 188.046256701152 183.728198210398 177.755355834961 189.456840356191 191.150724887848 187.889715035756 179.78173494339 180.575708548228 185.929199059804 186.397910118103 179.569602012634 181.883990764618 177.735269069672 178.627053896586 197.260181109111 217.44825442632 231.231292088827 236.135601997375 236.834784348806 241.543690363566 192.180196444194 91.6130046049754 58.1283320983251 46.0948497056961 53.62169444561 121.501793464025 177.594304084778 165.175944566727 133.80088408788 132.192720969518 129.960924386978
186.599016189575 175.546248753866 180.031975110372 201.515714327494 228.463252385457 214.130202929179 191.535611947378 172.770977020264 156.278153260549 155.699461698532 157.765626907349 157.278011242549 169.343113899231 182.455122470856 187.304814656576 193.197011947632 191.153844197591 176.257411638896 179.39148346583 179.928739865621 180.034319559733 180.416862169902 180.686354637146 187.397440274556 190.180500348409 184.968590736389 188.052932421366 182.896375656128 184.487760066986 202.958226203918 227.146685123444 242.809394995371 241.060296694438 239.170789718628 249.972740809123 246.99866771698 180.327196915944 92.1065111955007 68.9380417267482 76.5643417835236 109.009703000387 129.222194353739 141.103615363439 106.829772392909 100.346505641937 105.049689610799
185.991803805033 191.627899805705 220.848004023234 265.501320362091 256.552298863729 220.748742421468 183.375140031179 151.349574327469 137.790391842524 145.727237065633 143.520096937815 131.588995456696 162.121117115021 180.73978026708 192.688981691996 200.186292330424 196.418285369873 182.79774983724 182.646572589874 183.960318565369 181.959768136342 188.147902488708 190.500954786936 190.388341744741 194.682916005452 196.935296058655 196.969350179036 194.663921991984 193.07017326355 213.040967782338 235.56246360143 247.531731923421 243.487199147542 248.918175697327 258.740842342377 262.780606746674 255.733331044515 222.576876481374 143.431454896927 101.255794366201 91.2408431371053 94.7529375553131 112.128794193268 103.524545828501 96.1594184239705 114.663243293762
204.157749811808 239.368875821431 279.303173224131 298.316895961761 303.819119930267 263.405760129293 213.560104370117 174.366116523743 162.17714548111 172.603646914164 162.124454975128 144.760400056839 157.906323671341 179.20184135437 195.761223634084 202.087918917338 199.977497259776 195.691227912903 187.922855218252 188.250561555227 188.466827074687 192.74228811264 195.382197697957 194.677412509918 197.323938210805 209.01217063268 208.885153134664 210.487862428029 212.368428707123 223.92733891805 239.751597245534 248.915394147237 251.571536064148 258.953154087067 266.532401243846 259.705106417338 258.320371309916 268.568456172943 222.369790077209 143.328458070755 99.8819470405579 97.5699722766876 102.648297945658 104.097545146942 122.058908144633 148.156752189
258.032917976379 286.920229593913 298.55207602183 296.054045359294 309.784253438314 306.358714898427 277.111788590749 241.35826031367 214.243451754252 207.613905270894 203.665792942047 179.127275943756 161.860247453054 176.41282081604 198.190649350484 205.450932184855 199.926396210988 202.767610549927 191.409985224406 188.280860582987 195.683201154073 197.612682978312 198.153535525004 196.790059407552 200.383007526398 212.218999862671 219.396074612935 225.125014781952 224.854270617167 227.291623751322 241.551518440247 252.154270807902 252.072771390279 250.710288683573 253.219266732534 242.50606695811 244.378785292308 246.016482512156 215.246200561523 164.612929026286 130.176136891047 118.886590003967 109.098980824153 107.958137989044 117.816170056661 147.488534450531
286.314745744069 297.999580701192 295.144657293956 286.594768365224 293.742696444194 305.985927581787 303.659240404765 278.368949890137 246.923625469208 231.795112291972 229.955454667409 213.006635506948 187.134544054667 187.748610973358 198.314607143402 201.821386814117 197.535157203674 201.443552970886 192.585746447245 193.44158967336 192.480007807414 194.196999073029 192.292253176371 193.860093752543 200.90647538503 210.091968377431 221.981048583984 223.187486330668 225.583612918854 232.513149579366 244.904816150665 245.570321877797 233.798364798228 225.275953610738 228.706260522207 209.432284037272 208.428839842478 197.367290655772 167.108535766602 145.600875218709 158.690502246221 149.134745200475 130.730072657267 109.373301267624 109.039157629013 126.857101917267
294.905443986257 297.556440035502 300.379693508148 291.499733924866 289.592683315277 296.974460283915 307.411352793376 300.304353237152 265.279809633891 239.971657594045 234.928806622823 231.922825177511 219.873309135437 204.635123411814 200.087944666545 200.560927391052 197.800397872925 194.073875745138 192.934433619181 198.58705997467 194.136559963226 193.24521223704 194.107015927633 194.997767607371 199.125031630198 205.803592999776 215.459744135539 214.588542779287 218.353430430094 233.051260312398 240.502238273621 232.95783996582 220.644891262054 218.227247397105 211.140910784403 193.478047847748 196.864167849223 194.805264472961 183.107475439707 170.991520086924 179.812014102936 187.851309776306 162.996004025141 140.354255835215 120.126177867254 112.187564373016
303.26102177302 303.55167388916 306.950728098551 303.654193878174 297.206083933512 296.817183494568 304.414470990499 305.043498675029 275.272210439046 246.723930040995 234.959701697032 234.733760356903 236.445605754852 214.27176396052 205.550789833069 206.46208524704 202.467024326324 192.343334356944 198.480069637299 199.652949968974 197.539150714874 193.200965722402 196.140468120575 201.765338579814 199.863394101461 204.662362734477 209.325214227041 206.137398878733 212.406992912292 229.699869950612 234.471182028453 228.241344292959 222.968578338623 223.930597305298 206.546604633331 199.681878089905 205.452462037404 210.76496442159 212.981502215068 202.327787876129 171.894669532776 167.078117529551 150.175352891286 138.599097728729 121.464172999064 103.561063607534
299.498657385508 300.610820452372 303.752064704895 302.703003088633 295.402745405833 291.489064693451 299.125790596008 306.30228916804 282.168606917063 248.292247454325 234.151184558868 228.884736696879 232.727487881978 214.313904444377 202.829341093699 208.840052286784 212.744375069936 199.674407641093 202.030638853709 203.013817469279 203.91434431076 198.513309160868 198.528468608856 201.566159725189 200.618704160055 200.028498967489 205.575585365295 211.021323998769 215.625762939453 228.018939495087 234.309792518616 230.809013048808 225.24631023407 224.761108557383 206.955869992574 209.686617056529 212.968945503235 218.752682209015 219.929893811544 203.062236309052 145.340979099274 113.56583237648 100.954463084539 90.949406226476 91.2012060483297 91.1867121855418
289.538125197093 294.975479443868 300.851225852966 299.293557802836 294.829428195953 294.934650262197 300.855100154877 305.857459704081 294.394274552663 258.828043937683 240.623513857524 228.982905546824 219.749907652537 208.551108837128 198.720296223958 203.950126965841 214.806914329529 205.933471520742 203.799764315287 205.123444398244 206.942896048228 201.767444610596 198.326547940572 196.375767389933 200.585087140401 199.458320935567 202.27179924647 212.141076723735 215.159853299459 222.140808900197 230.900486310323 233.488957087199 228.015065193176 213.746190071106 200.579563776652 218.178967634837 226.053794225057 227.281153202057 221.371650695801 210.485418637594 136.876791715622 81.1276137828827 60.9124998251597 53.6688417196274 56.8935225407282 65.2775665124257
264.952480792999 273.345251878103 279.779632886251 282.222072283427 286.156137784322 294.489065806071 301.088333129883 304.716010888418 300.520579020182 274.115820725759 253.932038942973 228.737692038218 216.680566469828 211.958130200704 204.738895098368 194.748858610789 208.227038383484 207.617501417796 201.583564281464 198.82333278656 200.865467389425 198.716978232066 194.588263829549 193.752030531565 198.700388272603 202.49076684316 201.409558455149 206.44748210907 212.46337890625 214.75221713384 222.23703066508 233.843207359314 224.365472793579 200.3000775973 206.150690714518 233.553290367126 238.556424776713 232.19366868337 222.592810789744 221.828818321228 190.989315509796 109.149237473806 62.535693248113 51.422784725825 51.8332322438558 49.8474737008413
233.430743217468 239.02157942454 237.788816293081 247.146248817444 261.99064652125 273.989955584208 283.118685086568 293.032904465993 288.25839360555 269.058962663015 243.976553281148 222.475608189901 208.850006262461 207.554717858632 202.730755011241 197.168091932933 201.558788617452 201.570987701416 194.940070311228 194.138566652934 197.161376476288 201.448440551758 199.241757392883 193.957328796387 192.44118531545 197.754760583242 203.17534605662 205.874025821686 211.703896522522 210.937003294627 212.936818599701 223.147829373678 215.637842814128 202.885071436564 230.984588464101 248.060882091522 242.781281471252 235.022723674774 229.75218296051 236.680010954539 250.980933507284 221.214195092519 140.008191267649 90.7842715581258 67.8932021061579 50.8014063040415
