input/barkrak2/radiation/dir27924.grid
NCOLS 85 
NROWS 70 
XLLCORNER 665100 
YLLCORNER 4664600 
CELLSIZE 20 
NODATA_value -9999 
[rows 42 to 62 of 70, columns 0 to 46 of 85]
158.617307742437 154.942482709885 157.70560503006 156.339546044668 148.795147736867 145.332753658295 142.346322536469 137.547155221303 137.767712275187 134.030103683472 132.227708896001 131.467471520106 134.700377782186 139.257331689199 137.743522723516 133.551836013794 130.886773268382 135.986040035884 139.340112606684 131.234546502431 128.083537022273 126.256754000982 123.967905839284 125.45715769132 129.919479290644 126.013189554214 124.151130517324 130.607237418493 135.892311731974 140.385180711746 141.522546609243 142.808467149734 153.096308310827 175.666530927022 182.961205641429 159.881939490636 144.947002331416 142.583976189295 146.371175845464 156.818836927414 166.072160005569 166.366785764694 151.96297566096 117.726584275564 55.2507887283961 10.3869903832674 0
142.322639624278 145.064055919647 153.025676806768 150.737524032593 152.743071317673 155.147314071655 153.866390387217 147.788862387339 136.824876070023 134.554813305537 138.084868590037 132.44558374087 133.275210857391 136.670688788096 138.014694054921 134.171863396962 136.061986287435 137.643257776896 137.450297673543 132.682154575984 126.370747884115 123.62798055013 122.213025887807 121.015081803004 123.73145421346 127.569605906804 123.497804005941 127.672215302785 131.671865781148 135.371079047521 134.106506903966 131.487429141998 144.153465827306 161.566873391469 163.720369338989 147.734850645065 142.384946346283 150.49484372139 157.034933567047 157.856037219365 151.601235071818 148.73073498408 141.834686199824 114.260693391164 65.8240169286728 11.7046907544136 0
140.073964993159 145.721117655436 149.264832337697 149.723639090856 151.641398668289 153.408974409103 153.770426909129 148.94911646843 143.875459829966 137.802759806315 139.824052651723 135.73940594991 132.33404358228 130.225131909053 129.260798295339 129.943013191223 125.10758638382 133.456369241079 134.671072165171 132.9425573349 127.909700075785 125.797847906748 125.964750846227 125.843395789464 122.6633588473 131.740113099416 136.400987704595 133.330881595612 132.981816927592 131.73712293307 128.278762102127 125.396877527237 133.022079865138 137.13417450587 141.248802344004 140.842298666636 145.783503850301 158.630977074305 163.438657919566 152.594188849131 150.806585947673 143.854985634486 138.092279434204 117.527941862742 81.5331141153971 36.5743115544319 0
146.855771541595 151.961108048757 148.496468861898 152.516941229502 150.246461232503 150.405546029409 151.215821504593 149.84205365181 149.813791116079 144.852558771769 142.538736263911 141.817967096965 135.807017485301 130.235334237417 129.733343919118 132.788956165314 125.250746806463 127.88313627243 134.517014026642 132.259617249171 128.831873337428 129.570196072261 127.682973941167 128.040641546249 130.420406659444 129.861195882161 136.746327082316 135.05357503891 134.468714396159 133.214056491852 129.813959201177 125.810970862706 128.958741823832 126.288195451101 124.66898560524 125.184228022893 134.284655253092 149.419148763021 150.961508353551 136.781344811122 140.321125586828 133.783320585887 130.919218063354 128.249218066533 110.130220651627 71.0027615229289 27.2806609670321
147.148430347443 148.310005664825 151.64918700854 153.318027655284 153.385778268178 152.071416378021 154.193510611852 155.207018057505 151.58732732137 148.636837800344 147.368013858795 145.298272371292 140.331794818242 137.464682261149 135.700881481171 138.676265875498 134.574701388677 129.414310057958 135.489861170451 133.848090966543 131.97648525238 132.321238517761 130.65039118131 126.546998818715 134.393552939097 127.686679363251 128.864099582036 131.256878376007 132.764955361684 132.508416970571 132.210850715637 129.65135773023 128.263056278229 126.489986975988 126.505881547928 125.451982021332 129.067480564117 138.435522715251 140.345861514409 137.101680040359 137.492875258128 129.981418450673 134.690384070079 142.560084660848 134.513725837072 100.242177645365 55.8153688907623
140.75626929601 143.4592405955 148.92832438151 151.359220345815 154.516637325287 155.948370695114 152.742912371953 153.043409188588 152.045379082362 152.74578332901 149.553487698237 144.736627737681 143.454104661942 142.259309689204 138.405293226242 138.234198093414 136.251876751582 126.955399910609 131.955573956172 135.076413551966 131.093502044678 131.002098321915 133.166422446569 124.980519215266 128.497223059336 128.315190474192 123.262862364451 127.421716849009 130.3903957208 129.993180433909 132.484396298726 133.768667777379 127.841919660568 131.503691275915 141.767720381419 143.852531909943 139.261265595754 134.759326775869 138.63746325175 149.849067131678 141.738623380661 132.217218478521 139.875153700511 145.995249350866 139.425198237101 118.442952632904 77.344074845314
133.640259504318 136.315643787384 142.788509527842 146.272341410319 153.229335943858 156.364440917969 153.403600056966 151.451965173086 154.101560513178 155.121992031733 153.560052315394 148.186842600505 145.118047793706 144.795576731364 142.359097798665 136.339485645294 134.756455818812 127.187271912893 132.663935422897 136.865834395091 135.388513406118 134.188234806061 135.43979326884 130.744089682897 128.103673458099 131.733526786168 129.331022500992 131.09145561854 137.396236260732 141.005406777064 147.489547729492 147.53720164299 138.940175374349 142.321646213531 151.274820168813 156.745354334513 155.01390894254 145.067135492961 142.52174894015 148.976296186447 138.81375392278 130.514164765676 127.922872702281 127.00742483139 124.963621298472 123.921304941177 113.354623317719
133.175154527028 129.7833720843 135.169923305511 143.452803293864 149.700512488683 152.854889631271 155.170013507207 157.626201709112 157.336503267288 153.909097115199 155.259827772776 155.311206976573 150.353193283081 146.550208330154 145.148277282715 139.855116605759 137.17391093572 132.420271635056 135.505229234695 140.573600927989 141.698181629181 140.687495470047 136.951317389806 136.90310716629 134.077628453573 136.267364025116 138.765593369802 141.01454615593 145.852506160736 153.726836045583 162.01056043307 166.012972593307 154.079536596934 153.96049618721 150.268365939458 159.190227588018 162.149091561635 158.771574497223 148.961047331492 136.783838272095 127.485245466232 129.376133282979 127.715786298116 121.977547804515 118.00746122996 122.786074876785 117.236097653707
134.648988644282 137.011021375656 140.344431002935 146.919041872025 148.252646128337 148.462851842244 156.179904937744 161.55078013738 160.505483547846 159.910390774409 158.612072467804 157.64511624972 152.661194403966 148.4328409036 147.506177425385 150.135467449824 141.23406012853 139.980604251226 141.062915325165 146.970301866531 147.791097561518 144.873797893524 141.2400106589 140.190978844961 134.992072979609 141.586204369863 145.544071992238 144.537895917892 149.719446897507 158.333092927933 167.568782965342 175.411423047384 167.443056901296 154.616226752599 144.161174694697 147.153238455454 156.950871149699 164.329955975215 152.845511833827 130.116720994314 121.9422519207 131.767332553864 135.31086842219 129.893789688746 123.930126428604 120.374103387197 102.653801441193
134.166022141775 145.803103844325 147.398759921392 150.302777687709 148.224780956904 147.454182306925 154.551396767298 160.795350869497 159.71169869105 164.842794338862 161.749790112178 160.184890031815 156.662245591482 151.806304852168 149.869700272878 156.393080949783 148.659199476242 142.712414264679 140.044609705607 143.232315778732 143.819987773895 142.070025205612 140.442083279292 136.504173278809 135.83105802536 136.198918024699 141.099850336711 142.231494188309 144.79473233223 150.080899397532 160.916745662689 173.978090286255 169.380525747935 144.921521345774 111.234436432521 104.026158650716 125.313917795817 148.936907450358 158.506582180659 156.520575284958 150.663236776988 139.860451221466 124.069114526113 121.545106172562 130.915979544322 121.696799993515 97.916305065155
137.739837169647 136.304477850596 135.422736406326 139.294495185216 146.173189083735 151.331057151159 150.949349006017 156.9937368234 156.92400932312 160.863687594732 160.804192225138 163.060396909714 161.922117074331 156.849225362142 152.818024158478 151.61453684171 152.892013390859 143.608152866364 139.475375413895 138.100892305374 137.575914462407 137.712796529134 138.563474019368 132.518430550893 134.075085322062 131.145189205805 132.876038551331 132.293254137039 132.512032985687 132.778733968735 139.099170764287 155.088235934575 151.617685953776 122.930417458216 86.773415406545 67.2610054413478 74.5722552140554 104.768415292104 141.683558622996 156.323035558065 159.775793552399 142.217417558034 116.909513870875 113.007475932439 124.779363473256 111.661066611608 93.4656659762065
142.807374397914 132.004946470261 128.540227810542 134.627044200897 146.74041668574 156.064490477244 154.520859320958 156.429161628087 158.394793669383 157.705724239349 160.782625277837 162.910838921865 164.234687884649 161.419520775477 154.840151468913 153.340210517248 155.368149280548 146.246572335561 141.154021024704 142.14767018954 141.644259293874 138.758917649587 136.967837810516 133.025785287221 132.803251345952 129.515647888184 131.072719891866 129.927317301432 126.912941535314 121.341864267985 113.993227481842 120.602031548818 122.742652893066 103.136738141378 87.1661603450775 68.3864255746206 49.3960579236348 55.7968566815058 79.0965010722478 116.057236989339 140.347242355347 130.026042461395 116.761267185211 111.05086406072 105.187694231669 97.98197944959 90.9391740957896
144.115587075551 137.807190418243 133.843789498011 139.158646265666 149.116973082225 157.219787438711 160.637110471725 156.255195538203 161.143918832143 158.58538945516 162.801533937454 164.038946231206 165.074080228806 166.969160238902 160.151104132334 159.348060687383 159.324775139491 152.122129996618 147.150695323944 148.628652095795 148.609618345896 144.052555163701 141.427179177602 139.450738827387 135.874191919963 135.198722283045 131.475239992142 130.4805179437 124.505937099457 117.526640494665 106.485267480214 111.543625593185 114.370296398799 113.368968168894 112.201631069183 100.533872842789 72.303165992101 55.3918480873108 49.8777429262797 64.6983484427134 100.500067075094 105.715533097585 94.4714446862539 66.285252571106 65.6649122635524 87.1101220448812 95.77676653862
148.171216249466 146.31191889445 140.634993712107 138.205339511236 144.657562176387 157.590548197428 159.400890270869 156.959593296051 158.828943967819 163.261781136195 169.031461079915 170.271972815196 168.076356252035 167.962074279785 165.020306905111 163.946578900019 164.088696241379 159.944454828898 154.11384900411 150.972286860148 148.649156093597 147.2494105498 148.618598779043 150.814533233643 144.390364487966 142.02888806661 133.808116118113 124.716262022654 116.013983885447 111.500084400177 110.84238688151 117.154667774836 120.370288689931 131.704390048981 139.616092046102 136.873771746953 125.177681446075 106.450796127319 91.464231411616 60.347264011701 70.3112383683522 90.7050669193268 90.595136086146 78.0738194783529 78.9707650740941 97.4189043045044 125.433266162872
151.426663001378 150.627424319585 148.18862080574 142.982671658198 142.746845881144 153.872311115265 157.971729834874 158.344139655431 157.088994979858 165.308137734731 174.460887908936 173.393050829569 168.251554171244 169.989248116811 170.906623204549 164.04448946317 166.127105553945 162.079284588496 157.199303309123 154.918144146601 153.566459814707 153.92142534256 151.053935289383 149.468024571737 146.848936875661 140.256196260452 117.607851823171 94.6120321750641 90.644637743632 97.6812640825907 108.084738254547 113.694181044896 119.125833113988 125.264525413513 139.569699764252 154.553572336833 147.866785526276 143.200655778249 146.970967451731 104.307472705841 75.2856185038884 93.4428373972575 110.988299051921 113.458981116613 114.944120248159 130.268375078837 157.917996247609
150.622576475143 147.957026958466 151.278555393219 150.542000929515 146.768351395925 151.277035474777 158.460726340612 159.803281227748 158.396373192469 164.824803670247 173.605879147848 172.544519106547 167.108138402303 169.42040125529 173.096716403961 162.74415453275 163.965672254562 161.656508843104 159.048080444336 159.822096427282 160.80297032992 160.846451918284 155.800133943558 147.545764843623 146.765470504761 142.87406206131 122.112145026525 97.7026224136353 96.4286724726359 107.146918773651 119.293789068858 119.591017564138 130.71154554685 140.375405550003 158.567686875661 156.632661819458 152.785410483678 102.877060572306 83.762248357137 107.458899418513 105.072955290476 120.593845844269 124.915560086568 107.557415962219 95.8518187204997 110.065450270971 136.21864716212
138.235837221146 146.619617938995 148.923854033152 151.220897833506 149.470150470734 145.824402570724 158.352981011073 162.360568841298 161.620358626048 164.455016454061 168.469309806824 170.036156972249 168.37469736735 165.976603825887 167.101820309957 163.662225008011 159.560968478521 162.265509366989 163.492580254873 165.273169676463 166.903773943583 162.932634353638 161.029438177745 154.575695594152 152.235726515452 152.599891026815 145.052333672841 136.552751064301 139.571289221446 142.482221126556 138.828754425049 129.311462243398 144.902328650157 158.416489760081 146.105418602626 138.135592142741 102.773209412893 60.553694764773 45.2298273642858 68.1351174910863 108.823279539744 132.24595785141 126.749704281489 111.393769582113 100.303471088409 105.33552368482 121.800124645233
127.451489369075 143.855889638265 147.173504034678 149.494409561157 151.748597621918 146.806538105011 153.165370225906 162.304401397705 171.19292418162 170.233885447184 168.349782625834 167.022128899892 168.864806493123 166.580885648727 166.037420431773 163.10903429985 158.050994078318 160.126944382985 156.893789768219 154.428193966548 156.402011712392 157.033185164134 156.30171696345 154.00708715121 157.236148913701 161.053558190664 171.702186266581 175.808151563009 161.525040864944 157.546738783518 145.699044068654 132.226675748825 139.624565839767 130.255520343781 98.3388920625051 64.2768392960231 61.6757770379384 51.1877040068308 35.9181438883146 35.91005752484 51.4190147320429 94.2748288313548 124.364078044891 145.510653654734 159.981667995453 156.491418679555 148.959587017695
129.236906766891 140.451530615489 147.705892721812 149.78888630867 150.77222386996 150.865614414215 145.667135715485 156.201680501302 176.324486732483 175.789654254913 168.609579404195 165.031770865122 167.427003383636 169.723550478617 168.337007363637 164.52212134997 161.846349636714 158.129533131917 150.760382413864 141.941686471303 141.840904951096 145.597567160924 146.413614352544 148.527304331462 151.866018772125 158.672759930293 177.464127540588 190.934499104818 172.746896743774 162.150830030441 134.895910819372 119.819780190786 119.584580262502 110.368837912877 84.7533841927846 55.8639665444692 61.5897476673126 74.1139103968938 67.5097952286402 50.5562971035639 37.671593328317 57.8381319840749 102.848609288534 134.861916303635 151.164869467417 146.480510632197 139.108121395111
142.281532287598 145.255982875824 148.195087909698 143.949458996455 137.482702732086 134.461422761281 143.635143836339 147.745192050934 158.189326524734 157.298703988393 155.690014362335 160.676191250483 166.689236958822 167.239209016164 162.846674521764 164.351989825567 163.273990154266 156.110922495524 147.482573986053 139.840334653854 138.43576113383 138.349771499634 140.556812286377 144.055843353271 142.320811748505 148.815453052521 162.242988745371 171.555856863658 159.184982379278 149.051249027252 130.84069887797 112.081428368886 103.096902370453 113.834907611211 104.95999455452 79.9160699049632 84.9226713180542 124.244391918182 131.696442763011 109.268089135488 70.6575860579809 57.4003557364146 77.7751207351685 96.7400272687276 96.0057278474172 103.52901617686 108.442187309265
155.74253598849 152.061333258947 148.050765196482 140.282998482386 128.318478663762 119.49215332667 132.877429326375 131.610691547394 119.424482186635 120.993375778198 136.884033679962 149.222632249196 153.89887491862 158.51499636968 161.475976308187 171.911696592967 173.858066399892 163.316488265991 153.623640537262 147.818883260091 143.713027238846 141.712874174118 143.628815809886 141.273498535156 139.76044456164 144.017110268275 148.139238357544 148.790250221888 144.748548666636 126.176774501801 128.115405639013 119.436730941137 110.274404287338 125.117361545563 126.437246799469 113.607327143351 107.609152793884 111.547807852427 118.374347686768 116.601665814718 98.3466307322184 79.1896482308706 77.7036647001902 74.0776360034943 51.573837796847 71.9785193602244 86.5397055943807
