input/barkrak2/radiation/dir24524.grid
NCOLS 85 
NROWS 70 
XLLCORNER 665100 
YLLCORNER 4664600 
CELLSIZE 20 
NODATA_value -9999 
[rows 0 to 19 of 70, columns 0 to 45 of 85]
263.155321280162013 274.404903252919 286.063631375631 298.423707485199 303.011576334635 301.098664601644 292.792161305745 287.104606628418 289.623061815898 290.56062301 289.462625980377 292.74708032608 294.093867142995 294.52508687973 296.25940322876 292.269349098206 283.301134904226 274.261116981506 270.446519056956 259.250322977702 247.718056042989 255.282123883565 279.588341712952 286.905725797017 287.649989128113 293.424963951111 291.328847408295 276.903947194417 262.343307336171 258.334438006083 255.399584770203 270.072718461355 302.690088748932 301.179448763529 302.36142873764 289.35718536377 294.96431350708 307.262579600016 299.306273460388 301.678121089935 288.95382086436 286.938985188802 297.125299771627 304.901381333669 302.485207716624 299.633502960205
244.799335797628 258.675893147786 271.284321943919 285.84235906601 294.687807559967 295.380691687266 289.741734663645 286.788463592529 294.068078200022 293.956398963928 289.537012577057 291.329443454742 294.580896695455 295.891801516215 295.642971992493 291.842500368754 289.245088895162 282.379110654195 277.897993723551 266.18746916453 261.190136273702 271.627207597097 288.077712059021 291.781485080719 294.565737247467 296.266337235769 290.816148122152 279.983401298523 266.315340995789 259.597440560659 260.397613048553 282.024323940277 302.391151587168 302.104632059733 301.794330279032 291.517217954 295.14217376709 302.715977032979 298.686464627584 304.244955380758 298.864205678304 292.256673177083 294.896960258484 300.387442111969 301.038861274719 301.798403263092
210.74777841568 221.826275189718 233.527958393097 245.204508304596 257.548451423645 266.04038476944 272.816697756449 281.268000602722 288.159886995951 287.294507026672 283.374567826589 287.126978238424 296.508371829987 300.498267014821 297.560413678487 302.212297916412 304.839094479879 299.704909324646 289.429406325022 279.928743839264 282.926499843597 287.376920382182 290.674408276876 291.752398014069 295.803328355153 296.501835187276 288.629730542501 278.794884681702 269.155661265055 264.079650243123 267.494142055511 291.687587896983 297.303040822347 299.764732519786 302.515884240468 296.34819428126 293.842673301697 293.751120567322 296.764810880025 303.850173950195 299.580951531728 290.991504987081 285.428623358409 291.487852732341 301.706214745839 303.475638230642
192.654053370158 194.323897361755 201.014637947083 208.007037639618 215.079545974731 220.131814479828 226.783533891042 240.898807843526 258.265217145284 271.667997042338 279.985626538595 290.454904238383 299.401819705963 302.619715531667 302.847762902578 304.883201917013 304.566442966461 299.039900302887 290.508687496185 286.599854628245 284.964879353841 282.999952634176 289.876421292623 291.498064994812 291.578988234202 293.444355328878 290.188471476237 282.525817553202 277.33987569809 273.835023244222 271.95147673289 295.194725195567 296.620786190033 299.067556858063 298.982083797455 300.417522589366 298.471132914225 297.756254673004 303.22657028834 301.714936892192 294.917424519857 282.12982416153 278.052687644958 291.830062866211 305.422564347585 302.02853679657
213.705579439799 198.001782099406 185.711820920308 177.321195602417 179.821530977885 195.752422014872 215.817968050639 225.960691769918 235.691507657369 242.638806502024 260.958015918732 279.983143011729 291.485885779063 296.91739877065 300.224939982096 301.778852939606 296.567598978678 288.355390230815 285.585403442383 285.908857981364 282.158732414246 280.717591444651 289.550026257833 291.201750437419 291.265765825907 295.103391011556 292.26944843928 285.600185394287 280.469357967377 277.254899342855 281.856755415599 301.716685295105 299.980421861013 301.229377587636 297.07666238149 298.331101735433 302.399158477783 303.938825925191 301.607012748718 298.354347546895 295.711517333984 289.479355017344 289.40216700236 294.784804185232 298.792799313863 296.288967132568
254.396180311839 228.870252768199 202.52650976181 179.811358451843 171.391189098358 181.663870811462 206.530431906382 222.861429055532 226.768891016642 226.720054944356 236.748476823171 249.710520108541 258.151173591614 264.250814914703 271.685401598612 277.849793434143 277.059137821198 276.876330375671 281.563659509023 286.657075087229 286.702374617259 289.981305599213 293.701906998952 292.446613311768 293.454925219218 296.932180722555 294.15508111318 290.235002835592 283.642550309499 281.419535477956 292.339007059733 302.947640419006 303.050001462301 305.474062760671 300.055662790934 297.763784726461 301.456868648529 301.346023877462 296.403686205546 297.190924485524 296.9890832901 292.823791503906 292.707920074463 293.717583020528 286.913335323334 272.486468156179
274.836540222168 252.614378929138 233.558495839437 213.524540265401 193.321386973063 181.048095226288 187.727212905884 215.945482254028 228.887379169464 236.694534619649 233.941833178202 228.949010372162 224.886894226074 220.638434092204 222.872257232666 237.534423669179 248.768448829651 265.016039212545 279.907862345378 289.381444454193 291.717886924744 291.993081569672 294.225017229716 293.313125769297 294.11639769872 296.353300412496 296.518127123515 293.79411538442 288.970728715261 290.449976921082 298.292756080627 304.296851158142 307.958324750264 307.703117529551 304.680625597636 297.845045725505 297.236343224843 294.993023077647 294.404864311218 294.236183166504 290.505369504293 287.121514479319 289.852499961853 291.691561539968 276.132007439931 267.884294191996
281.409740447998 272.90948232015 262.936214605967 248.692353566488 227.192521095276 198.18256298701 177.636822064718 176.670591036479 209.970235824585 234.427392482758 241.773188114166 237.931966781616 229.509751001994 220.232466856639 207.411229610443 210.839092731476 223.039845625559 238.675634066264 260.326027870178 277.304331461589 286.000927289327 289.653201897939 294.739345709483 293.640553951263 292.147755622864 292.594969272614 293.017605940501 291.861792405446 290.178875128428 295.17138004303 301.66616042455 304.989139238993 305.512944857279 303.544163703918 298.673371473948 295.572022596995 295.084118843079 290.389160315196 282.839775085449 276.655296484629 279.401361942291 287.519335746765 298.723578453064 300.778766473134 287.850916385651 282.535453637441
274.497310320536 274.976253509521 271.448453267415 264.27431901296 251.910408337911 231.199940045675 202.202538649241 174.377938111623 188.080608844757 209.535717964172 228.802462418874 237.783948580424 239.490429560343 236.973424752553 225.954552491506 218.980292479197 215.664744377136 220.127205053965 234.083334604899 250.623385111491 265.114029248555 276.293238004049 282.893280188243 280.323406060537 281.822164853414 282.907764116923 283.849517504374 284.174084663391 284.728904565175 292.03850030899 296.672503153483 296.408653259277 295.631031195323 295.793493588765 294.176419576009 294.374366601308 292.481223742167 288.123985131582 275.969823201497 275.612831115723 290.143231550852 300.758004188538 305.629312992096 303.450624148051 292.921900749207 286.337157090505
247.637848059336 256.636142730713 261.311272780101 261.356035868327 258.608023325602 255.004525184631 239.84549442927 222.198247909546 192.197362581889 182.834625244141 196.2571144104 220.086097717285 240.594128767649 250.40602684021 251.83516740799 244.007110595703 229.673902193705 224.809447924296 223.425189654032 226.743817329407 235.197683175405 242.505073547363 250.953992207845 257.646242777507 265.320301055908 267.947157224019 269.353806972504 269.792179266612 271.387676397959 277.44193871816 278.790632883708 279.472569624583 285.240908463796 289.265195528666 290.491223335266 289.610385894775 288.148244222005 288.67514928182 276.483118534088 282.26375579834 299.670656522115 305.889805157979 306.498110294342 302.588045597076 290.52746295929 284.488558769226
197.203119595846 210.911154747009 223.303437232971 233.535965283712 242.783844470978 250.179012616475 251.881142457326 246.950626373291 220.620234807332 195.634404818217 181.660691897074 189.37216202418 215.545336405436 240.132749080658 254.115283489227 244.891047477722 237.587829430898 231.049736340841 223.404149214427 217.409511407216 217.682381470998 217.876791954041 221.57088915507 234.356045722961 246.377726395925 253.917992115021 255.80100218455 255.657474199931 260.992507139842 265.82411924998 268.574515978495 271.931529045105 280.484875043233 284.100413322449 282.970488071442 282.355109850566 285.417834917704 288.538257280986 286.157508691152 292.667587598165 301.929950714111 305.891553560893 305.24218082428 303.10986439387 295.615673065186 293.889582157135
155.07369240125 160.476336876551 169.193069140116 181.814630826314 198.012391726176 214.51989809672 232.70312945048 238.496522108714 239.330093065898 226.0462641716 200.434406598409 180.694003899892 183.519760767619 205.72970310847 231.915295124054 235.244472821554 241.663118203481 238.589386145274 229.176421960195 218.948642412821 211.753050486247 209.15675163269 209.322392940521 218.310077985128 226.858655611674 232.59178797404 235.478679339091 239.419877529144 246.058086554209 250.657041867574 255.112091700236 260.427554448446 266.499578952789 269.403735796611 268.781463305155 270.290533701579 279.035528500875 287.932435671488 290.947635968526 297.195235888163 301.546573638916 303.095718224843 302.021245161692 299.090663592021 294.614672660828 293.391327063243
142.810086409251 137.496133645376 134.232660134633 135.110825300217 143.934518098831 160.816639661789 186.281800270081 208.114127318064 236.09205087026 240.946133931478 229.724446932475 206.257700920105 178.564687569936 176.311572392782 198.748250802358 225.358168284098 240.789254506429 243.460655212402 238.732099533081 229.896644751231 221.232255299886 219.90966796875 219.433069229126 220.296760400136 220.785677433014 220.179657141368 224.382837613424 233.113427956899 236.300508181254 237.672130266825 242.688953876495 248.0681737264 249.801377455393 251.561601956685 253.489136695862 258.38847955068 269.370595614115 279.962499936422 282.15233484904 288.139979044596 292.273163795471 293.080270290375 292.192776997884 292.634586493174 287.365476290385 287.266035874685
130.185594161352 103.639403978984 88.389794031779 82.3995669682821 76.2305359045665 83.0577363570531 104.265203078588 141.03635152181 185.600956281026 220.395922660828 238.845626513163 238.503793875376 219.524800777435 194.250722726186 191.398541132609 215.926269690196 232.635299364726 245.509743690491 252.050280570984 248.184740543365 237.15603351593 233.963668346405 230.155269304911 229.818105697632 229.635636011759 227.555990219116 230.478862921397 238.887588183085 238.54128519694 231.893976529439 237.176060676575 242.435971895854 244.081457455953 244.42978700002 248.024841149648 254.318237304688 260.308782259623 265.572388966878 268.635153770447 269.713997840881 274.121602376302 279.104014237722 284.512996673584 287.901043891907 283.251504103343 285.311321417491
118.438184261322 84.7456157207489 60.9484414259593 50.7200260957082 49.8864948749542 56.5822869539261 67.5330311059952 94.0123001734416 122.310151656469 172.027230262756 226.860562960307 255.680938561757 259.746154149373 241.135279337565 216.029405593872 211.589097976685 215.944806734721 231.31670554479 248.472730318705 256.733020146688 254.709005355835 248.616774876912 246.157864729563 242.066442966461 238.720814387004 237.271388371785 239.21134074529 241.435805956523 236.659348011017 232.011139392853 235.577603181203 239.843388398488 239.944179852804 239.905873934428 243.768115838369 246.867458025614 248.62007300059 247.710049152374 251.699248949687 251.582284768422 257.145524024963 264.457523822784 269.905765851339 272.360066572825 272.16758330663 274.844288825989
108.776619036992 82.1596880753835 50.9884705146154 31.3179840644201 46.5720097223918 69.9110676844915 77.6223639647166 90.9908811251322 108.430604139964 136.323720216751 175.150195757548 217.112084229787 250.466823577881 264.161745707194 248.650074005127 218.465526898702 207.519133885702 209.361950556437 226.61546866099 251.129190127055 261.795957883199 256.910522778829 257.813672224681 251.74089272817 244.791785875956 245.406071345011 247.814615567525 244.055867195129 238.787253697713 241.093854109446 241.775552431742 240.558723608653 237.725257873535 236.284832159678 237.089773019155 236.439128716787 233.713348706563 229.683478673299 232.625842094421 234.023769696554 238.696535428365 244.433184464773 247.395793596903 248.254994551341 258.335789044698 263.580858707428
93.8949286937714 82.5648307800293 56.3181936740875 24.6861303846041 34.5380157232285 60.369461774826 79.4150531291962 94.1677192846934 113.218933343887 123.130073149999 145.714968442917 183.287779490153 209.751625855764 227.218627929688 242.040455341339 242.725491523743 238.097071647644 223.411420981089 213.704923788706 224.660813808441 248.509685198466 260.511974493663 263.532280921936 259.057243665059 251.977960268656 252.906719843547 256.834109624227 252.790947755178 250.016788641612 254.925310611725 252.972006797791 242.736220359802 236.292620499929 232.384324073792 227.732757727305 225.988109906514 221.51114543279 220.196525255839 220.944046974182 223.764499028524 226.327915986379 229.382336139679 232.374330361684 234.315395355225 250.474413235982 258.980711301168
85.9767893950144 86.8389109770457 74.5006153980891 36.5690514445305 34.6901963154475 63.492809732755 85.0451985994975 106.953372557958 123.721291621526 132.753074169159 141.186157862345 163.363188505173 187.822461128235 208.158989747365 226.377546787262 240.349729855855 241.998195648193 240.092674891154 226.066827774048 213.535308837891 226.491490999858 251.859207948049 257.700304190318 258.85550181071 259.363392988841 263.619879881541 267.324030399323 265.885631243388 262.758413950602 264.253675937653 258.369306723277 247.25216627121 239.179730415344 231.752117474874 225.573182106018 222.152252991994 219.529112180074 219.556550184886 219.696323076884 221.147894859314 223.658442497253 225.427269935608 224.858403205872 228.733559449514 240.318953990936 253.094871838888
91.1224881807963 99.1836686929067 100.501815478007 67.541092634201 56.6621373097102 82.7461232741674 98.5331435998281 117.753565311432 135.557065407435 150.365859270096 161.699583133062 168.423692385356 178.324421246847 186.604579289754 203.663329283396 225.152611732483 231.907963752747 242.277403672536 240.26874701182 230.163792769114 216.208040714264 229.328195254008 240.983466307322 252.951264381409 263.165334860484 269.375960032145 273.036321004232 273.397326469421 268.027722835541 265.691737333934 258.283654848735 251.439094543457 242.624878883362 233.856002489726 229.191819826762 223.963836828868 222.806910673777 219.797948996226 219.170133272807 221.722582976023 225.826323032379 227.60417064031 226.307769616445 229.022065798442 230.939865112305 243.70143810908
97.8540281454722 100.85000594457 113.620638847351 107.670793930689 95.641831556956 100.415259599686 104.323089122772 117.123365402222 130.600869655609 150.554527839025 160.361955563227 163.128077983856 164.279083410899 168.736179669698 182.735959688822 204.523126284281 216.167291005452 225.342531998952 231.694936752319 237.599968910217 237.284620602926 225.949803988139 226.390957832336 238.914291063944 252.519448598226 263.522426287333 271.330257256826 272.69035577774 265.828510125478 264.486789703369 258.609493573507 250.751793384552 242.461522420247 236.030220985413 231.623788674672 226.714372634888 223.016957441966 214.60896730423 212.650338808695 220.509231090546 227.075060208639 229.229311148326 231.072545051575 230.343480904897 226.494431495667 236.624499162038
