input/barkrak2/radiation/dir27824.grid
NCOLS 85 
NROWS 70 
XLLCORNER 665100 
YLLCORNER 4664600 
CELLSIZE 20 
NODATA_value -9999 
[rows 0 to 20 of 70, columns 0 to 46 of 85]
184.992094834645997 200.874785582225 217.487772305806 238.061467806498 247.096419334412 247.489134470622 241.453389326731 235.695759455363 236.103355884552 239.100277423859 238.337278366089 238.075196743011 236.117164293925 236.875255902608 238.700528939565 228.617787361145 216.623882452647 205.231010913849 201.70392592748 189.719637235006 187.958339850108 203.532894452413 230.488896369934 238.403677940369 240.757425626119 252.140482266744 250.76554218928 235.813279946645 220.769186814626 219.233353932699 214.964826901754 236.018478870392 280.74038028717 280.322114626567 274.57453807195 263.079841931661 266.776184240977 282.901346683502 278.492172559102 276.774148146311 266.318182150523 268.446405728658 279.449502627055 277.390360832214 266.040364901225 269.678393999736 275.435547033946
162.988364696503 181.122561295827 196.13923629125 216.196894645691 230.165362358093 235.377053419749 235.261678695679 237.25301027298 245.618124802907 245.610773563385 241.499940554301 239.207883675893 237.817247708639 238.787511984507 238.633473714193 228.403210639954 222.353418668111 212.433278560638 207.736233870188 197.662134965261 202.219525973002 224.002798398336 245.511015256246 248.568415641785 251.965324083964 257.909834384918 252.720554669698 239.468375841777 225.714723269145 221.163749694824 221.97566429774 250.163376331329 282.72537390391 280.879120031993 274.436116218567 265.280167261759 270.557681719462 282.63658285141 278.691649436951 279.132584730784 270.950675010681 269.625862439473 267.302612463633 263.83364200592 260.356922944387 269.460737705231 267.712473869324
124.404102563858 136.981725692749 150.566707054774 163.950304190318 178.140064080556 189.425150553385 200.755000114441 217.425505320231 231.43478234609 233.001569906871 233.420232931773 237.340331077576 245.38779258728 249.292016029358 248.230497042338 251.962860425313 252.346475919088 241.191208362579 224.223335584005 213.706851005554 222.980697949727 237.668375174204 247.175653775533 249.996225039164 254.763603210449 254.249930381775 248.186628023783 238.887846469879 230.186323324839 229.422052701314 238.296389579773 266.390860080719 282.17754761378 280.865669250488 274.090925852458 270.260691642761 276.590089003245 281.108915805817 280.68474928538 276.801228523254 268.945415814718 259.794592857361 247.364183266958 244.846860567729 254.522740840912 267.116765181224 256.969213485718
103.516797224681 104.688942432404 114.075313011805 119.152059157689 129.047840833664 133.768081665039 143.134772777557 160.723507404327 182.852943738302 202.081640561422 217.730581760406 235.333820184072 248.296936353048 253.173530101776 256.181200345357 261.815071105957 259.215315183004 247.843464215597 230.536580085754 223.337550957998 223.093390464783 222.760577996572 234.790941079458 242.888907591502 243.643442789714 244.955778121948 244.620541731517 240.680277347565 238.774696985881 241.303245226542 244.906107584635 271.699468294779 280.566215515137 280.054787794749 275.537709395091 276.820917924245 278.820137182872 279.364784558614 276.715278625488 265.507082144419 257.789591948191 245.153884092967 240.529239177704 253.820717334747 270.072301228841 265.121142069499 246.221939722697
126.693526903788 108.849505583445 96.9696243604024 84.9193433920542 86.8380864461263 106.227695941925 129.516770442327 140.830854574839 153.120805819829 161.265899737676 185.913284619649 211.789488792419 229.076027870178 237.047712008158 243.968327840169 248.306671778361 243.676165739695 234.418272972107 227.546374003092 224.091092745463 219.119866689046 216.817041238149 228.422661622365 235.960801442464 238.699932893117 245.375593503316 245.370109875997 243.001580238342 241.208970546722 239.705284436544 246.64040406545 275.57098865509 276.493648687998 276.939074198405 272.648870944977 273.957987626394 274.498403072357 273.168782393138 262.55609591802 254.002571105957 252.435227235158 249.384840329488 253.740151723226 263.450125853221 266.787111759186 247.729162375132 220.256984233856
172.261118888855 141.75820350647 113.136659065882 89.4704759120941 80.9584558010101 90.6887650489807 117.983122666677 137.1102531751 142.154484987259 141.370405753454 152.682195107142 168.061077594757 179.864943027496 187.477091948191 197.713136672974 207.346002260844 210.315922896067 215.515335400899 223.090092341105 228.541096051534 229.061782360077 231.080691019694 231.834848721822 233.006695906321 237.4187707901 243.696471055349 244.757056236267 245.546440283457 244.774520397186 245.006998380025 259.117106596629 276.266356309255 272.710641225179 272.622168064117 269.753019014994 267.613470554352 267.50256617864 264.109432697296 254.418571790059 254.792233308156 254.482467969259 251.622120539347 253.169238567352 256.564974784851 245.760162671407 218.095819155375 192.401528358459
197.6131995519 170.439481735229 147.853424151738 125.18439690272 103.411724170049 90.7402535279592 96.8164404233297 128.284166256587 143.774141867956 152.468860149384 149.199535449346 143.931329250336 139.055470625559 135.493884483973 138.236025969187 154.787043730418 169.237434864044 192.060569922129 214.03580904007 228.48520676295 235.392113526662 238.517185052236 236.365079879761 233.242154121399 235.963702201843 237.893422444661 241.400082906087 244.188924630483 244.905511538188 250.416437784831 263.077219327291 270.60079574585 266.197562217712 262.219309806824 260.213534037272 257.243851820628 256.554007530212 252.054075400035 247.283816337585 243.90709400177 238.292396068573 236.544132232666 242.768069108327 249.562442302704 239.014168580373 228.040854136149 240.53148428599
212.068279584249 199.029008547465 184.440890947978 166.085620721181 140.474955240885 108.447104692459 86.6964856783549 83.9243233203888 118.891557057699 149.482349554698 158.662895361582 154.832313458125 145.34060160319 133.896380662918 119.710703690847 123.271276553472 137.575288613637 155.958384275436 183.19433927536 205.905059973399 220.602591832479 231.802423795064 239.003340403239 234.862009684245 232.454816500346 231.422742207845 232.682565848033 234.607617060343 236.845056215922 246.363917986552 257.509350776672 261.460264523824 255.341092745463 248.916526635488 243.580996990204 241.810838381449 246.114552021027 242.55375067393 235.757132371267 219.942410786947 218.991716702779 229.01717821757 246.529281139374 257.704277833303 254.04026110967 253.290553887685 260.473688443502
202.998757362366 203.13819249471 197.34130303065 187.279105186462 171.383519967397 145.410517851512 113.100588321686 83.2340816656749 96.9686309496562 120.050758123398 143.034994602203 154.933164517085 158.356457948685 154.878983894984 140.337924162547 131.046603123347 128.281543652217 133.208711942037 148.505787054698 166.830718517303 187.246243158976 204.946875572205 217.586497465769 215.463121732076 217.396477858225 216.710368792216 217.412372430166 219.439625740051 222.118417421977 232.780595620473 239.320377508799 239.628732204437 235.80809434255 234.960615634918 235.299209753672 236.912449200948 237.353086471558 236.576656500498 230.529109636943 223.6474553744 235.416531562805 249.551812807719 258.845667044322 260.63863436381 252.817948659261 246.861735979716 250.373601913452
147.989084323247 164.280623197556 184.607009092967 184.585750102997 181.587219238281 175.415794054667 155.312170584997 133.531620105108 101.324687401454 91.7955835660299 104.817430178324 132.976710796356 157.366226116816 170.200169086456 170.649826526642 159.95446840922 143.521785736084 137.496570746104 136.405527591705 139.191408952077 149.233261744181 159.243583679199 171.368638674418 182.140409946442 192.958235740662 195.830543835958 196.76019748052 198.33638270696 201.320668061574 208.933075269063 210.399826367696 211.476345856984 217.824240525564 222.509821256002 226.906319459279 228.417992591858 227.171182632446 231.480399767558 229.715585708618 236.605882644653 253.475765387217 261.326909065247 261.944015820821 259.347438812256 250.597874323527 246.33644024531 257.175942262014
82.2355101505915 98.8359252611796 115.420609712601 132.516314586004 144.170761108398 170.632163683573 171.522816022237 163.560807704926 132.457156976064 104.343285163244 89.8730953534444 97.4819262822469 127.374430497487 156.578004360199 173.820535341899 162.732074658076 153.672715028127 144.834140936534 135.618795951207 128.939737876256 129.69164053599 131.217042605082 136.579642693202 151.829828818639 167.244871457418 176.856875419617 178.496658802032 179.241398970286 186.592618624369 192.411164442698 195.947309335073 199.909170468648 209.689199924469 214.200079441071 214.727123578389 215.985774993896 221.309244632721 226.982792218526 232.267638047536 247.391005357107 257.889588673909 260.959068934123 260.265549023946 256.075024604797 252.390046914419 253.69664033254 260.630289713542
47.4388102690379 45.6467270851135 51.749974489212 61.9403719902039 79.2732387781143 102.410197257996 123.136738936106 134.11005338033 132.462501525879 134.938587745031 105.559398730596 85.3241384029388 83.9846034844716 101.669540007909 131.170292695363 144.871900478999 155.026942491531 152.217656373978 142.176340023677 130.299905935923 123.776813348134 122.177382310232 122.454543908437 131.959348917007 142.339338858922 149.528821309408 153.184175491333 158.742239077886 166.904807090759 172.344108422597 177.694380283356 183.38151772817 190.021475156148 193.891247113546 194.995840390523 197.935581207275 209.984262784322 222.522139549255 228.404641151428 244.032859802246 251.655002435048 252.833088239034 248.170097668966 244.107445081075 242.419203122457 241.714815298716 247.810383637746
39.8669168353081 31.5370038151741 25.7292067011197 19.4211428364118 17.921073983113 27.6702617605527 49.2997318506241 72.3737627267838 92.6291048526764 105.340003967285 106.127957503001 91.8706059455872 72.8060404459635 70.8612104256948 91.1332666873932 117.146621147792 135.488271713257 141.502956549327 144.024560848872 134.221732616425 127.873539924622 129.0536125501 130.840430657069 132.188856601715 133.885085582733 134.997576475143 139.842619498571 149.317532777786 153.5384953022 155.463318030039 162.125587463379 167.969902356466 169.280091921488 171.386937300364 175.276239713033 181.315203507741 194.498538970947 208.045125007629 212.117115656535 223.131398359934 230.780382951101 232.380827267965 230.500419934591 231.659015019735 229.203661282857 229.921956857046 234.139382839203
37.5728259483973 20.514144251744 8.39759719868501 3.09019287427266 0.229795017124464 0 4.14639990776777 34.7134992480278 63.0016525586446 85.0951075553894 92.356006304423 105.701804161072 99.5577275753021 84.7901006539663 83.4904412428538 102.197200059891 117.152750492096 132.780293623606 144.931048154831 147.67794807752 135.542203982671 138.6339366436 136.499424775441 138.152658939362 138.859748840332 138.377636671066 143.012235562007 151.702264944712 154.735853274663 147.874563932419 153.631101051966 158.959726492564 160.426328579585 161.983062823613 166.856467723846 175.598363081614 181.495646635691 188.334822654724 193.145473798116 196.031431357066 202.408095200857 208.543797334035 216.370741526286 223.898808161418 220.216472943624 226.209243138631 227.175951004028
47.5608060757319 21.2949464718501 4.20977827161551 0.836297714461883 0 0 2.21623433753848 19.8221529523532 34.7708935538928 59.6080919106801 87.7240300178528 108.054578304291 119.555046161016 116.184502840042 100.316176811854 99.9020437399546 102.827996015549 116.561541954676 135.972241560618 148.039519786835 149.728775024414 147.967179616292 152.337789535522 149.495422840118 147.604038317998 148.812115192413 150.708357493083 154.096285502116 151.772042115529 146.63635691007 149.28929011027 154.690901438395 154.473761717478 153.772781292597 159.436812003454 163.822750250498 167.134761810303 166.242698828379 171.877026557922 172.952850659688 178.986569245656 187.910676002502 194.80961561203 200.568715731303 202.989141146342 208.409984906514 218.587239583333
40.1601344347 24.6940677364667 4.00383087495963 0.0294765510867971 0 1.43195828422904 12.3497371872266 22.7791716655095 34.0436647335688 52.3480971654256 76.7412185668945 104.576249917348 130.101084709167 132.356842358907 124.816656112671 101.359824339549 94.610204299291 98.8004108270009 113.406449556351 137.35564549764 150.898903608322 146.931221087774 152.035534381866 149.556507666906 149.946669737498 155.365894238154 158.426145712535 154.865125815074 152.60707338651 156.047920385996 155.504206816355 155.334532260895 151.403794686 149.550457795461 150.567352771759 150.351633628209 146.596481402715 143.337865670522 148.067812124888 151.45688255628 156.536320845286 163.161247968674 166.814883550008 169.518848260244 183.606286843618 189.901868502299 207.130213578542
35.5305150151253 28.1202495098114 8.96763987839222 0 0 3.37904505431652 15.57524005572 26.739147802194 39.8586665590604 47.9799509048462 62.2732639312744 91.3067658742269 115.271369616191 127.256462971369 130.893578131994 124.137053887049 122.14340766271 113.071093956629 105.562100807826 112.439493338267 135.458499193192 148.472338914871 154.607514540354 152.607490619024 148.200253645579 152.838498353958 160.377244154612 161.727428436279 163.475543260574 170.193195343018 167.07436243693 156.487842400869 150.292893250783 145.200232664744 140.543669462204 139.470914999644 133.82413983345 132.256925106049 133.789747953415 137.091636657715 139.43479458491 144.317209720612 148.62447977066 151.825507481893 171.646992365519 182.509879271189 193.832715352376
31.1614622672399 30.7549188534419 20.1486945152283 0.0206481151205177 0.0828613798754911 9.33161191642284 21.5648661057154 37.2899770736694 49.396480123202 54.7721236944199 62.9076361656189 78.511173526446 100.162367026011 118.752966324488 131.236255168915 142.948607603709 143.466571966807 134.511967500051 119.556168715159 106.962243715922 117.606431245804 139.58352804184 146.56467239062 151.391764481862 149.222085873286 155.092239379883 157.197455565135 160.282214482625 165.874779224396 179.733673731486 173.972487449646 161.70808672905 153.148810068766 144.744694232941 138.709485530853 135.268876949946 132.003247737885 131.29860162735 132.20422466596 133.92499089241 136.206497748693 138.147542874018 138.710528612137 142.199883858363 156.63864215215 173.235714435577 183.869938055674
32.7376499772072 38.9216393232346 38.0390832821528 8.16306782265504 4.9432385712862 19.6770802140236 33.0719028910001 47.3401546478271 60.3075871864955 74.9416450659434 82.439844806989 84.2638413111369 91.0036067167918 99.8331109682719 119.212528069814 137.084831794103 142.917235692342 145.970632632573 144.928455352783 130.944460630417 112.874418497086 124.321391185125 133.241583903631 144.204984108607 151.415000359217 158.655454715093 158.198227485021 157.775928576787 153.888007005056 152.305950721105 157.370249430339 148.835529883703 156.527251005173 147.507925828298 141.671319802602 136.825720469157 135.198851426442 131.543129682541 130.432893832525 134.343892335892 138.102561235428 140.434741973877 139.226496219635 141.043394804001 143.247445424398 157.747884591421 164.549559354782
34.0703452626864 35.2726901570956 47.9713380336761 34.8131209611893 22.3219146331151 34.6101919809977 33.9007427295049 48.5681593418121 60.5774273475011 75.9624540805817 84.2258334159851 80.5882314840953 80.1251828670502 84.3674937884013 101.383864879608 120.718916257222 131.144682566325 138.254006703695 143.653849760691 146.029730637868 137.990315755208 123.803267876307 124.807337919871 134.439677000046 146.036148071289 151.177982489268 152.509798606237 152.096589406331 147.115925947825 149.096349875132 136.189570029577 132.201492786407 135.575979948044 129.213452339172 121.900935967763 140.237232049306 135.510971148809 125.777135292689 123.370806376139 132.247239351273 139.03604944547 141.770760218302 144.027998050054 142.468849817912 139.172414938609 149.27551150322 151.016602913539
44.7844713926315 31.2034835418065 36.1567884683609 49.779012799263 43.3159371217092 40.1481340328852 36.2386256456375 45.3620900710424 55.3865532080332 65.9470458825429 73.0189085006714 72.5176880757014 69.3740944067637 75.4472663005193 86.2160325050354 100.463002920151 112.295339504878 121.434907118479 133.49978129069 147.160977125168 154.801239569982 143.882463375727 142.088621854782 141.104936599731 144.686063130697 142.385403315226 139.482160409292 142.006446917852 147.158145904541 136.259506146113 120.571772257487 104.237099488576 92.999279499054 83.3419263362885 75.9468078613281 90.3870066006978 99.4165241718292 101.40206416448 120.282252629598 125.708838303884 125.110487143199 126.619040966034 133.99608929952 129.704902569453 134.404291709264 140.348066886266 145.172009865443
