input/barkrak2/radiation/dir22224.grid
NCOLS 85 
NROWS 70 
XLLCORNER 665100 
YLLCORNER 4664600 
CELLSIZE 20 
NODATA_value -9999 
[rows 40 to 59 of 70, columns 0 to 45 of 85]
290.772974491119 292.05979903539 291.470468044281 293.525000413259 300.005912780762 303.823590278625 306.938290596008 309.414664904277 309.835235277812 299.466411272685 287.278056144714 283.062775929769 282.286842664083 278.932948907216 277.821818987529 277.117689450582 275.790015856425 275.356511274974 270.623326301575 269.219617048899 272.567331790924 276.561200618744 277.126828829447 272.404829661051 268.815795580546 266.467054684957 272.254367669423 273.538947105408 276.007115840912 275.313814481099 273.058513800303 272.235492865245 254.653016726176 255.195736885071 280.441006024679 280.479868253072 269.494374593099 265.509764353434 267.398516337077 263.612508773804 275.104939937592 305.573463439941 302.962303161621 243.55419476827 182.990074157715 147.409896055857
296.931842962901 294.865032037099 294.560015201569 294.883668422699 291.624546051025 289.337575435638 288.635353247325 289.997220039368 293.248136838277 287.107149759928 279.972771803538 281.550467014313 283.553540706635 284.011483192444 281.938135623932 280.621727307638 275.4940589269 280.781845251719 280.710915724436 275.536020596822 276.781022548676 277.023692925771 275.05228916804 275.941054026286 276.367346445719 269.553661346436 273.382306098938 275.063832600911 275.290687878927 275.627613067627 275.887370109558 272.225439548492 260.329703489939 266.751666863759 279.339472452799 269.494275252024 253.251334031423 249.477803707123 254.16100025177 262.361725171407 285.480876763662 299.040098985036 299.774964650472 277.259250481923 225.219964981079 181.094825267792
299.578865369161 297.038833300273 298.813760280609 297.942698001862 292.609850565592 290.390332539876 288.610517978668 286.85055176417 286.306341489156 283.809661865234 282.588283220927 281.599263350169 285.151521364848 287.384510040283 287.48349348704 284.134745597839 280.739784240723 284.58160161972 285.719494024913 277.55606174469 274.691621462504 274.343848228455 268.852551778158 269.736607869466 272.869388262431 269.240061442057 263.836165269216 267.800271511078 272.212862968445 273.923615614573 273.782153924306 268.903056780497 265.198032061259 274.453898270925 276.777644952138 256.332039833069 239.836394786835 243.351022402445 255.121270815531 268.602470556895 278.244078159332 278.141975402832 269.285261631012 259.700735410055 230.442484219869 179.251313209534
287.488361199697 289.784749348958 295.823733011882 293.777843316396 295.421024163564 297.455886999766 296.748359998067 293.944140275319 286.129474639893 284.307380517324 287.207822004954 284.585197766622 284.331262111664 286.76309188207 286.426862080892 283.35956732432 284.944474697113 284.461339314779 284.000515937805 278.742790222168 273.311018943787 270.307739575704 265.684048334758 264.345010121663 266.071021556854 270.270466804504 263.219614823659 264.624039332072 266.261100769043 268.671989440918 265.936732292175 260.512987772624 265.063067277273 272.389610608419 263.730764389038 241.352736949921 236.077070236206 248.663504918416 265.332818031311 269.583066304525 266.986747582753 262.967387835185 254.84037399292 242.511034011841 219.763576984406 183.340013027191
286.667088667552 291.404942671458 293.636798858643 293.299078941345 294.764637947083 296.595454216003 297.037720680237 293.653706709544 290.676534175873 287.047644456228 288.639505704244 285.987794399261 282.460967699687 281.833449999491 279.412468274434 280.024846394857 274.648249149323 281.272093454997 280.239045619965 278.911749521891 272.804220517476 268.730064233144 268.869400024414 268.414715925852 263.332486152649 268.262008825938 269.991119702657 268.76970132192 267.356673876445 264.948884646098 258.9084704717 254.314998785655 256.72173500061 256.942013899485 249.052405357361 237.098256746928 240.085224310557 255.917251110077 269.206523895264 264.429767926534 264.342546463013 255.946854750315 244.598905245463 233.251810073853 218.617637952169 196.373343467712
291.682283083598 295.196314652761 293.019513289134 295.338571071625 293.664495150248 293.865462144216 295.110166072845 293.629904588064 294.967552026113 291.114807128906 290.682951609294 288.293739159902 284.965674082438 280.389885107676 278.696378072103 280.893206596375 273.166557153066 273.022552331289 278.505325317383 274.546047051748 273.120681444804 271.834055582682 268.045326073964 267.749090989431 267.572184403737 266.581098238627 269.60543791453 267.525295416514 264.758765697479 262.2998158137 258.006652196248 254.738966623942 254.482169946035 247.963984807332 235.800325870514 226.661205291748 234.443724155426 252.941270669301 259.076098601023 248.83101383845 254.188299179077 245.917896429698 236.018280188243 236.971259117126 237.083792686462 214.903036753337
292.183975378672 292.773763338725 294.731557369232 295.442303021749 295.177241166433 294.543325901031 296.017368634542 297.41640885671 294.438739617666 292.859296003977 291.213095188141 290.801147619883 287.036101023356 282.232880592346 282.084405422211 282.490928967794 278.855482737223 272.845466931661 275.704701741536 275.829831759135 270.724733670553 268.583456675212 266.438980897268 264.167586962382 267.712593078613 264.301359653473 264.754553635915 265.7337586085 264.506777127584 262.571275234222 258.955915768941 256.366630395253 251.994768778483 245.749632517497 236.618995666504 228.370706240336 235.065738360087 247.424383958181 247.130393981934 247.288425763448 251.760582129161 241.289456685384 240.200658639272 248.354415098826 251.699447631836 231.77448908488
286.875625451406 288.847188154856 292.462090651194 293.520390987396 295.983950297038 296.665569146474 295.320252577464 294.315695762634 293.6985095342 294.810831546783 292.772034804026 287.906845410665 285.661160945892 284.427046775818 281.00844224294 279.276053110758 277.207175890605 265.048106511434 270.991325378418 271.885911623637 268.170416355133 267.511089642843 268.408338228862 262.755791346232 265.334169069926 262.796978155772 258.054594198863 262.587666511536 263.755261898041 262.95546690623 261.297881603241 259.158353010813 251.093784968058 249.592343966166 250.417431195577 242.419600486755 242.27233727773 244.826972484589 247.803250948588 256.737013657888 251.981536547343 242.986798286438 247.75218963623 250.881930192312 248.1343348821 233.29879840215
281.239708264669 283.926526705424 287.627478440603 290.332853794098 294.345637162526 296.105583508809 293.04293791453 290.931741396586 293.92421245575 294.541001319885 291.000803311666 288.119733333588 283.971985181173 284.77950890859 277.709424495697 274.452090263367 272.555867830912 265.355149904887 268.023550510406 271.354556083679 271.590193112691 269.858082135518 270.130634307861 265.297134717305 262.770851453145 265.651981035868 263.744652271271 263.824899991353 267.707765102386 268.766244252523 272.119263807933 270.135502020518 260.793010393779 261.414964993795 260.067919890086 251.05607509613 250.624199708303 251.243770122528 252.872248490651 255.987048149109 245.196382204692 239.995280901591 237.833400567373 234.466811021169 232.26539293925 232.045531272888
280.363182226817 277.580539385478 280.669271945953 286.347071329753 289.7842725118 292.319893836975 293.435037136078 294.390420118968 292.792737483978 290.431300799052 292.195518811544 288.008630275726 285.207013289134 281.757394472758 278.9493004481 276.161233584086 273.300290107727 267.990112304688 269.821484883626 276.003837585449 274.29457505544 274.804751078288 271.228988965352 270.076751708984 266.161998112996 269.235928853353 269.128898779551 270.190874735514 274.533490339915 278.987566630046 284.351507822673 281.757950782776 272.198935349782 269.522945086161 262.949804464976 255.209187666575 252.185920874278 256.211598714193 255.570550759633 244.145214557648 233.450432618459 236.614108085632 235.073606173197 229.292372862498 227.056841055552 231.298168500264
279.970427354177 281.469384829203 281.597018241882 287.211795647939 288.223306337992 287.864486376445 290.537138779958 294.180353482564 294.184565544128 291.040460268656 289.379596710205 289.644718170166 285.389224688212 282.270848751068 280.805011590322 281.973421573639 276.372710863749 272.061308224996 272.146006425222 277.177611986796 277.348518371582 274.521867434184 270.814855893453 271.169026692708 266.958753267924 271.735787391663 274.045725663503 274.140397707621 277.376015981038 282.49321381251 286.729435125987 285.262703895569 277.692198753357 270.293136437734 258.494953314463 250.522871812185 250.971674919128 256.223579247793 251.382688681285 234.365423520406 229.219039281209 239.876786867777 240.443428357442 233.415126800537 230.124493439992 225.496311982473
277.523775895437 284.649650255839 286.508560180664 287.836114565531 283.62379471461 283.047556877136 288.597464561462 291.687170664469 290.232439835866 293.516039848328 290.85910320282 290.649155775706 287.459810574849 282.089451948802 278.945247332255 285.299261411031 279.084265232086 271.419564882914 268.694122632345 274.26024278005 274.643361568451 272.656798362732 270.247558752696 266.42241080602 263.751943906148 264.771322409312 270.508925120036 270.759960015615 272.10255463918 276.886145273844 283.236920833588 284.62016582489 272.270103295644 257.308125495911 224.951863288879 215.546548366547 231.780966122945 246.173918247223 249.657988548279 248.443126678467 250.598470369975 249.316891034444 231.608351071676 225.448906421661 233.743409315745 223.048985004425
278.882344563802 276.713212331136 272.992352644602 276.814659436544 281.604170799255 283.634920914968 283.685266971588 289.019962151845 287.555376688639 289.24826780955 290.249288082123 290.27913014094 290.326793988546 284.882187843323 279.862304528554 279.133856296539 281.181295712789 271.344065666199 266.404350598653 266.259849071503 265.582283337911 267.970204353333 267.662167549133 262.144168217977 262.368361155192 259.476641813914 262.683550516764 263.110717137655 260.273476441701 261.399388313293 265.933930873871 268.657942612966 253.417253494263 225.073019663493 194.661259651184 179.591516653697 192.774971326192 221.062322457631 245.245695114136 248.30307563146 249.92847442627 240.200479825338 222.544193267822 222.943266232808 227.673133214315 204.465746879578
279.262920220693 271.063268184662 267.189343770345 270.554920037587 280.623654524485 286.05455160141 285.407344500224 285.759170850118 287.73154815038 286.131640275319 287.082195281982 289.318561553955 289.627035458883 286.453048388163 281.67470296224 279.37646706899 279.922763506571 272.931456565857 268.40603351593 269.495169321696 268.38610569636 267.241954803467 265.364368756612 261.31671667099 260.020852088928 258.291780948639 257.469773292542 257.409294446309 255.84336121877 252.200106779734 245.188494523366 243.52365732193 226.294994354248 202.510515848796 189.81526295344 178.522706031799 165.899167458216 176.888982454936 196.781317392985 223.185340563456 236.22594277064 225.881775220235 219.43062543869 218.976616859436 209.47124560674 191.932678222656
280.4354429245 274.019300937653 270.280579725901 271.988908449809 278.976162274679 286.288539568583 288.990716139476 285.580595334371 287.332634131114 284.459114074707 287.493189175924 287.44892279307 289.274156093597 288.730502128601 283.833940823873 282.516896724701 281.985342502594 276.545584201813 271.423598130544 272.685170173645 272.56053686142 270.604451497396 267.799496650696 266.143620014191 262.342234452565 261.292596658071 259.148220221202 256.559173266093 254.989822705587 249.623656272888 239.256779352824 233.750542004903 218.142469724019 208.644529183706 210.709234078725 208.23472738266 192.177494366964 179.036299387614 170.443991820017 182.147483030955 207.254946231842 199.825723965963 191.677331924438 185.779372851054 179.023305575053 181.795080502828
283.259391784668 280.069629351298 274.562994639079 269.521454970042 273.749351501465 284.595926602681 286.204655965169 283.963878949483 284.96116399765 286.505897839864 291.05285803477 290.633161862691 288.723409175873 289.44730758667 284.480532010396 284.629662831624 284.361779689789 279.085218906403 275.566319624583 273.546735445658 271.789491176605 269.629597663879 271.406392256419 271.685759226481 265.089193979899 262.78825600942 260.000964005788 254.692852497101 247.903943061829 240.093231201172 238.104979197184 235.791166623433 225.371778011322 225.335419178009 231.068948904673 236.27362648646 239.34010664622 228.21307182312 210.441609223684 177.927613258362 181.058009465535 190.990646680196 188.879668712616 182.136674722036 186.202506224314 198.088228702545
283.906181653341 282.968997955322 278.756181399028 270.839472611745 269.786457220713 278.985877831777 284.770389397939 283.974329630534 282.581925392151 285.676201184591 292.525291442871 292.21365849177 288.469155629476 290.098627408346 287.458797295888 281.888167063395 284.879426161448 279.972612857819 277.478814125061 273.782829443614 274.354298909505 272.731939951579 268.998205661774 267.296731472015 265.044391155243 261.321663856506 244.802435239156 224.21137491862 219.652533531189 225.754141807556 234.092315038045 230.28439283371 224.3359486262 223.72051080068 234.631737073263 248.108685016632 261.781771977742 265.632351239522 257.538100083669 216.142177581787 186.787366867065 196.406205495199 208.538254102071 216.752787431081 224.195996920268 232.511162757874
283.338824907939 279.739419619242 280.30659755071 276.31676197052 271.514674027761 274.980028470357 284.393429756165 284.545302391052 282.142043113708 282.856523990631 288.995385169983 291.721026102702 287.237524986267 288.484950860341 288.735866546631 282.926082611084 282.702883084615 279.414931933085 275.833229223887 278.116126855214 275.566478570302 276.460369427999 272.185266017914 266.534388065338 265.662968158722 265.014290809631 247.352500756582 226.426382859548 224.73273674647 230.779647827148 237.776796023051 235.188106695811 233.778834342957 237.463812033335 248.291850090027 255.2743156751 259.341955184937 233.696778615316 205.895622571309 206.046462059021 212.546507517497 225.739995638529 222.799440224965 211.761613686879 207.827190558116 220.934192339579
274.801313877106 278.314014275869 278.02187204361 276.363333066305 273.735245068868 270.942151546478 283.540368080139 286.552906036377 283.503254254659 280.990660190582 285.990496476491 290.52327076594 288.173158963521 283.471902211507 285.392542680105 281.592150529226 277.090390523275 278.821428616842 277.562141418457 278.157393137614 278.378526369731 277.158478895823 273.034572601318 267.501771450043 266.483902931213 268.777310848236 264.33531443278 258.658130963643 254.200498263041 254.055698712667 249.819457530975 241.890211900075 245.473762353261 249.213794867198 242.439786593119 232.058823108673 209.156235059102 167.969346046448 149.010976155599 185.118635495504 224.875450134277 234.163641929626 217.846612135569 208.380063374837 212.230324745178 223.850071430206
264.370163281759 274.48707818985 275.944451491038 273.972451686859 275.199055671692 270.502249399821 277.742127577464 285.562614599864 287.150541941325 284.135341644287 285.388211409251 286.834975083669 288.268208503723 284.332553545634 284.728149573008 282.256325085958 276.661654313405 274.055739243825 273.37117989858 271.51874701182 272.836307684581 271.638830502828 270.477334658305 268.556753794352 269.053041934967 274.465362230937 280.891100565592 283.005774021149 267.582217852275 259.441375732422 251.419762770335 242.086350917816 241.911212603251 225.710829099019 196.011602878571 171.207904815674 159.52671567599 146.578977505366 135.407874981562 152.582327524821 180.005590120951 206.916133562724 218.182682991028 234.536687533061 262.195467948914 267.482280731201
