input/barkrak2/radiation/dir25324.grid
NCOLS 85 
NROWS 70 
XLLCORNER 665100 
YLLCORNER 4664600 
CELLSIZE 20 
NODATA_value -9999 
[rows 20 to 39 of 70, columns 0 to 45 of 85]
90.6822880109151 78.4422556559245 85.4999423027039 109.903484582901 106.687049070994 92.2891000906626 85.2177143096924 96.2341129779816 108.758668104808 120.25859951973 132.996221383413 129.769861698151 122.659126917521 127.680102984111 136.485596497854 154.510120550791 167.383809884389 175.776024659475 189.579804738363 205.040415128072 212.396820386251 200.792829195658 201.321184635162 205.950617790222 205.306986967723 207.097709178925 206.359644730886 209.909836451213 204.072117805481 200.047771135966 206.817825635274 204.339762528737 199.710011482239 188.943386077881 183.998465538025 190.434734026591 189.897954463959 191.489418347677 196.113844712575 201.404571533203 201.979756355286 202.53841082255 206.130703290304 198.259472846985 204.374452431997 208.791693051656
121.258189280828 110.115458567937 107.154111067454 134.807030359904 132.768978675207 93.8448210557302 95.7633157571157 107.272396485011 116.214702526728 122.484892606735 120.339075724284 123.094975948334 119.554092486699 119.40269668897 129.385411739349 143.994808197021 158.006966114044 168.774286905924 179.946800072988 195.903102556864 205.443104108175 218.279441197713 220.213731129964 219.85274553299 211.87150478363 197.272598743439 187.811334927877 187.089403470357 190.831104914347 174.442847569784 168.854415416718 141.99286699295 125.135213136673 114.037503798803 134.826471408208 156.280199686686 165.471255779266 183.459222316742 196.38991355896 196.873466173808 194.655537605286 193.566600481669 186.000446478526 167.087217171987 191.765189170837 204.592982927958
167.880495389303 166.121274232864 151.167740424474 155.249228080114 154.495924711227 117.137968540192 118.869870901108 115.8547103405 113.570888837179 116.944193840027 121.733208497365 125.201414028804 129.79452808698 131.558954715729 134.438057740529 141.136984030406 154.033084710439 166.026731332143 174.966832002004 177.720904350281 182.04136689504 199.263234933217 207.491517066956 210.492750008901 206.680138905843 199.704607327779 181.338051954905 171.696027119954 171.643535296122 155.329843362172 134.366452693939 89.9287263552348 62.6584043105443 52.8068790833155 54.2631397644679 81.777349114418 105.506479740143 146.988868713379 163.834790388743 178.410609563192 184.311509132385 188.256144523621 158.682405948639 133.681138356527 167.87858804067 200.801432132721
202.835222085317 195.888658364614 169.305344422658 161.692678928375 159.932980934779 153.346538543701 139.155785242716 120.820542176565 109.763671954473 113.521913687388 123.845338821411 128.947158654531 136.9668841362 147.233664989471 143.977502981822 144.26064491272 153.148333231608 164.667546749115 171.727478504181 162.506580352783 163.539965947469 166.7586962382 180.394053459167 190.472523371379 192.640880743663 189.954241116842 175.781826178233 168.682773907979 150.282035271327 112.837225198746 81.7760775486628 68.8370962937673 37.173127134641 6.7778043448925 4.13294695317745 17.6339882115523 53.4695436557134 79.2971054712931 97.5189407666524 113.26198776563 122.826983531316 115.275243918101 120.126893122991 147.765457630157 159.672687451045 191.381394863129
198.500235875448 196.442306041718 183.597306410472 165.21625717481 150.9949862957 152.768085400263 142.130106687546 132.117648919423 120.379726092021 116.548885901769 122.335334618886 123.553405205409 136.005083719889 145.101567109426 144.989361365636 145.643283923467 153.081913789113 163.202395041784 170.422037442525 162.340819835663 162.075916926066 158.26694170634 167.940497398376 172.355552514394 174.158136049906 170.987864335378 161.530127127965 154.839962720871 130.949904521306 85.1613481839498 70.8769013484319 68.1938032309214 45.930137236913 6.82650879025459 4.45357523858547 18.5496608416239 38.3388673265775 52.7244359254837 63.4351720412572 69.0635442733765 65.7339493433634 63.2078349590302 90.8252199490865 178.269664446513 180.856923262278 191.880981127421
185.810327529907 191.219528516134 191.51492913564 169.619719187419 151.894867420197 152.815957864126 153.769910335541 160.177012284597 159.371823072433 146.900276343028 136.384864648183 146.855413913727 149.040033419927 158.439060052236 158.291230599085 152.022341887156 153.663535912832 164.115240176519 170.323093732198 174.976011117299 178.110520044963 174.275120099386 168.434321880341 164.370000362396 162.20431526502 163.697352011999 154.192388057709 139.303892850876 117.883761723836 103.350977102915 100.768228371938 111.899356047312 106.854120890299 47.8304127852122 25.7982363303502 36.3147978981336 40.4259487986565 49.9795426925023 57.4180533488592 52.0465125640233 45.4922715822856 51.1374374230703 99.3499557177226 178.972005844116 197.912295659383 202.136258284251
185.56269009908 190.701603889465 192.929148674011 176.036198933919 168.320655822754 172.306557496389 179.681837558746 187.701145807902 194.560805956523 186.942319075267 164.225180943807 170.152107874552 170.296609401703 177.325050036112 172.390341758728 160.497456789017 158.277908960978 167.05858707428 174.073894818624 187.246302763621 189.908186594645 186.694045861562 175.906936327616 168.066740036011 165.157934029897 163.434396187464 155.958543221156 145.005126794179 132.867356141408 137.768963972727 153.622180223465 179.10639444987 187.684138615926 176.2801806132 110.586822032928 59.1721435387929 55.9974511464437 58.2268287738164 60.0064843893051 50.1721799373627 69.6253528197606 103.281805912654 145.929048458735 177.956263224284 198.754052321116 199.565331141154
188.511808713277 186.087409655253 187.707642714183 179.279446601868 198.627193768819 197.2549756368 203.412413597107 202.0077308019 205.584744612376 203.619261582692 181.421478589376 176.970799763997 173.948029677073 174.085398515066 177.051504453023 170.973698298136 165.881107250849 173.362056414286 186.161994934082 190.966963768005 189.956565697988 179.793238639832 175.713857014974 174.712240695953 174.82582728068 171.445647875468 166.683614253998 161.881307760874 166.730264822642 177.665551503499 195.288340250651 207.932730515798 215.142488479614 227.312525113424 206.193367640177 113.238354523977 74.3565807739894 64.3705974022547 59.5684001843135 50.9672462940216 95.3837931156158 178.261439005534 170.203367869059 162.509461243947 169.819235801697 169.288317362467
189.579208691915 177.456577618917 179.836392402649 184.879183769226 221.228698889414 209.184984366099 201.77431901296 194.854021072388 193.448185920715 188.028573989868 176.783204078674 164.330323537191 169.468283653259 175.001899401347 178.930799166361 179.79089419047 175.373395284017 172.439396381378 182.879765828451 184.431731700897 181.154469648997 174.336552619934 173.774143060048 179.114063580831 181.096374988556 174.281060695648 174.994190533956 171.195805072784 173.489928245544 192.726492881775 212.454875310262 226.17369890213 231.398065884908 232.253034909566 235.97518603007 184.110780556997 84.6071839332581 51.9261360168457 41.2472536166509 46.9116618235906 110.159228245417 168.488085269928 157.805979251862 123.147537310918 126.246720552444 121.218343575795
181.068360805511 169.60616906484 173.831105232239 194.278299808502 221.28689289093 207.121014595032 187.018394470215 164.798527956009 152.194837729136 147.501866022746 150.374710559845 149.766365687052 160.683572292328 175.668736298879 179.075479507446 184.9445104599 184.081832567851 169.794162114461 173.909902572632 175.870637098948 174.507319927216 174.880146980286 175.134877363841 180.598159631093 183.329463005066 178.730408350627 181.777596473694 176.246285438538 177.793482939402 198.23294878006 222.129126389821 238.083243370056 236.48194471995 234.725932280223 245.679954687754 241.320908069611 172.056416670481 83.6168626944224 62.2598826885223 70.87042927742 103.032767772675 121.542731920878 133.919656276703 97.1687038739522 91.1594331264496 98.1093247731527
180.732468763987 186.082402865092 215.122640132904 259.483496348063 250.392079353333 215.337495009104 178.318937619527 146.362880865733 131.355762481689 135.989964008331 131.867468357086 125.140279531479 153.630306323369 172.467033068339 184.44299697876 191.928764184316 189.84047571818 177.264094352722 175.939480463664 178.396761417389 175.07004737854 179.767807324727 183.188637097677 184.801340103149 188.138842582703 190.696577231089 190.163652102152 187.956055005391 188.819527626038 208.127915859222 231.101552645365 243.05921792984 238.918125629425 244.710763295492 255.112290382385 259.361207485199 250.179012616475 214.977383613586 134.872615337372 93.4883852799733 85.3097240130107 86.2668255964915 105.664193630219 91.7202532291412 89.4634326299032 104.179471731186
198.768595854441 234.34062798818 275.408387184143 295.142769813538 299.453834692637 258.266746997833 208.078543345133 167.245090007782 155.203074216843 165.496528148651 150.258431831996 137.662440538406 150.920917590459 173.35569858551 190.818945566813 196.976025899251 194.580992062887 189.294616381327 183.175683021545 182.473917802175 182.665467262268 187.897125879923 189.663132031759 188.972493012746 191.77242120107 202.334105968475 203.529258569082 205.485045909882 206.369121869405 218.71817111969 234.9613904953 244.273583094279 247.386654218038 254.623929659526 262.212634086609 256.366411844889 254.227201143901 262.860417366028 214.824636777242 134.42063331604 92.0380850632985 90.5561844507853 93.9497450987498 91.4406379063924 108.324954907099 131.662209828695
254.134198029836 283.699989318848 296.681761741638 294.471065203349 307.811379432678 302.428285280863 272.984623908997 235.23070414861 207.896153132121 193.532903989156 191.795667012533 172.179043292999 154.642850160599 170.728842417399 193.061312039693 198.608954747518 194.343427817027 197.110851605733 184.495409329732 182.294011116028 187.264720598857 189.188798268636 189.763108889262 189.430832862854 194.513877232869 207.903961340586 212.888936201731 218.843241532644 220.234970251719 223.036924997965 237.273116906484 247.698048750559 247.108956178029 246.303876241048 248.801330725352 237.263083457947 239.895145098368 239.484508832296 207.067668437958 155.91961145401 121.294548114141 111.4628414313 97.8975494702657 94.3825443585714 110.800902048747 140.543729066849
283.521592617035 297.226587931315 295.404533545176 286.086817582448 293.596744537354 304.887652397156 300.903856754303 272.265632947286 236.67053381602 220.885713895162 223.342418670654 209.235171477 182.664136091868 179.783364137014 191.029747327169 196.203927199046 190.605819225311 193.04104646047 185.468157132467 187.251508235931 186.253607273102 187.993268171946 186.142186323802 185.528834660848 193.969508012136 204.568048318227 216.346800327301 218.682150046031 219.572643438975 227.902372678121 239.762187004089 241.874972979228 228.598773479462 219.956517219543 222.804586092631 203.945557276408 203.05081208547 191.487113634745 160.165210564931 136.935472488403 148.707230885824 141.356915235519 113.631496826808 102.219919363658 99.3490715821584 119.335800409317
293.665448824565 296.849350134532 299.771785736084 291.247646013896 289.369583129883 295.824368794759 304.117997487386 293.493390083313 257.301290829976 233.465711275736 228.707293669383 223.285873730977 212.54160006841 197.129388650258 193.537255128225 194.729248682658 187.985519568125 186.378141244253 186.652779579163 188.804646333059 184.137801329295 184.763530890147 185.693224271139 187.984148661296 192.782799402873 198.887566725413 209.507842858632 207.977096239726 212.721844514211 227.338910102844 235.203345616659 228.378136952718 215.484698613485 212.834636370341 205.564459164937 187.771638234456 191.276729106903 189.115007718404 176.476716995239 162.394553422928 169.87011830012 173.327843348185 150.040090084076 130.126297473907 115.658044815063 107.932398716609
300.473848978678 300.956209500631 304.363310337067 301.877816518148 295.584360758464 294.853488604228 301.522314548492 300.575157006582 269.346336523692 240.518768628438 229.048073291779 226.299464702606 226.504643758138 208.199381828308 196.38454914093 199.294149875641 192.765096823374 184.500336647034 190.05008538564 191.234588623047 189.081728458405 183.075865109762 189.683357874552 192.294975121816 190.005362033844 195.4185962677 200.651446978251 199.336151281993 205.518126487732 224.010030428569 229.437351226807 222.89111216863 218.051016330719 218.987743059794 201.124787330627 194.102883338928 199.884553750356 205.432931582133 207.09760983785 193.89009475708 156.280120213827 154.85535065333 142.948885758718 130.907009045283 115.438689788183 98.9318092664083
294.953385988871 296.291728814443 299.13596312205 299.189527829488 291.994214057922 288.149197896322 295.188546180725 301.032821337382 274.518807729085 242.364664872487 228.141605854034 221.587459246318 222.698092460632 204.204916954041 192.835132280986 200.060884157817 201.758484045664 190.161824226379 190.861781438192 197.092970212301 194.213668505351 184.695760409037 186.588088671366 190.164486567179 187.264184157054 189.01002407074 196.579575538635 204.427242279053 206.943333148956 221.008082230886 228.668709595998 225.579082965851 219.921986262004 220.082859198252 201.754967371623 204.347610473633 207.48625199 213.408788045247 214.43897485733 195.712248484294 132.555862267812 106.10290368398 92.3892656962077 84.7401817639669 79.377755522728 80.4491539796193
284.109016259511 289.954562981923 296.310325463613 294.662316640218 290.444254875183 291.417241096497 297.163009643555 302.29377746582 289.578636487325 253.070016702016 231.486837069194 216.631750265757 208.381394545237 197.515785694122 187.935471534729 191.311419010162 204.044620196025 195.911467075348 190.11269013087 193.069199721018 194.974422454834 189.893086751302 186.294595400492 189.99191125234 190.771857897441 189.503928025564 194.171706835429 203.015704949697 207.618991533915 212.025920550028 222.933570543925 228.210707505544 223.066051801046 200.562755266825 195.450047651927 213.081558545431 220.826665560404 222.690482934316 216.299633185069 204.192837079366 127.05796957016 73.9785730838776 56.4096371332804 37.0732297499975 50.9656916062037 57.3958456516266
255.488653977712 264.714539051056 270.408789316813 274.601419766744 279.437959194183 288.458446661631 296.204845110575 300.053636233012 292.744040489197 263.455013434092 236.300587654114 216.242611408234 203.377246856689 200.360715389252 192.943135897319 186.246395111084 198.225378990173 199.267466862996 191.34247303009 190.504749615987 192.68133242925 188.751339912415 184.516251087189 187.278727690379 190.386633078257 194.270233313243 194.985349973043 200.074315071106 204.689880212148 207.039852937063 214.859127998352 226.489583651225 219.439446926117 195.323268572489 200.992564360301 228.519479433695 233.63588253657 227.344930171967 218.072613080343 217.023909091949 183.446009953817 100.21581252416 55.6900749603907 45.5676366885503 44.5828934510549 44.433668255806
222.734610239665 229.317585627238 229.016482830048 237.632473309835 251.86812877655 266.121904055278 276.875555515289 282.896141211192 280.454317728678 259.983499844869 234.239260355632 214.283148447673 200.494706630707 199.183384577433 195.974369843801 188.711742560069 193.215310573578 194.995979468028 186.482131481171 185.679872830709 190.57031472524 193.095147609711 190.879205862681 185.581803321838 185.950080553691 189.512848854065 195.063173770905 199.489951133728 203.876038392385 204.677104949951 206.777215003967 216.193358103434 210.516651471456 197.988669077555 226.23606522878 243.038992087046 238.121310869853 230.146129926046 225.36313533783 232.992172241211 246.031085650126 213.240663210551 131.00532690684 83.1730514764786 61.4877094825109 43.577179312706
