input/barkrak2/radiation/dir27224.grid
NCOLS 85 
NROWS 70 
XLLCORNER 665100 
YLLCORNER 4664600 
CELLSIZE 20 
NODATA_value -9999 
[rows 42 to 62 of 70, columns 0 to 45 of 85]
175.752758979797 173.071344693502 174.776117006938 173.426826794942 166.916072368622 162.455896536509 159.464776515961 154.538532098134 154.732495546341 150.969604651133 149.159719546636 148.325711488724 151.451667149862 154.442568620046 154.378632704417 150.1092116038 147.448748350143 152.437110741933 153.9672712485 147.478232781092 144.244571526845 142.476399739583 140.254080295563 141.643047332764 146.05113863945 143.803675969442 140.215893586477 146.677037080129 153.454482555389 156.396468480428 159.031500418981 158.525367577871 168.069740136464 190.979341665904 198.123971621195 171.752572059631 157.242188851039 155.167470375697 160.89653968811 173.356672128042 182.153701782227 182.472924391429 170.828660329183 139.966249465942 80.7002683480581 27.5705133875211
159.622877836227 162.342687447866 170.146584510803 167.891482512156 170.859078566233 173.285722732544 170.895298322042 166.05215271314 153.838237126668 152.776926755905 154.992163181305 150.677700837453 149.979750315348 154.901047547658 154.661258061727 150.723805030187 152.573237816493 154.072066148122 155.591706434886 149.006495873133 142.619431018829 139.894167582194 138.507554928462 137.154817581177 139.823456605275 143.646697203318 139.575064182281 142.198751370112 147.668331861496 151.380509138107 150.001446406047 148.371438185374 159.579614798228 176.576733589172 175.5331158638 159.887234369914 154.685527086258 164.190977811813 170.861105124156 172.697246074677 166.569709777832 161.3609790802 154.708087444305 127.731064955393 84.2023392518361 27.9264698425929
157.379259665807 162.965039412181 166.490614414215 166.885316371918 168.783704439799 170.457084973653 170.811772346497 167.129139105479 160.897920529048 156.057894229889 158.091207345327 153.98958325386 149.022022883097 148.415307203929 147.396117448807 148.088673750559 143.178284168243 149.872968594233 152.786751588186 149.323145548503 144.219100475311 143.697579701742 142.266800006231 141.981899738312 138.719062010447 147.801955540975 152.514219284058 149.38939611117 148.984412352244 149.167011181513 144.110709428787 142.171641190847 148.531009753545 153.269877036413 154.017259677251 153.291046619415 158.023854096731 172.413885593414 177.955051263173 168.289701143901 166.633099317551 156.653424104055 151.004413763682 131.044109662374 97.0861613750458 52.597850561142
163.096457719803 168.135563532511 164.651503165563 168.676396210988 167.406658331553 166.462123394012 168.287913004557 166.925032933553 166.793425877889 161.838630835215 159.417102734248 158.663411935171 152.547458807627 148.416390021642 146.409829457601 150.958955287933 143.326222896576 145.942767461141 152.635435263316 150.322755177816 146.810034910838 145.880490541458 145.600289106369 145.943820476532 146.456211805344 145.826071500778 154.639850060145 152.789086103439 150.478839874268 150.564481814702 145.612448453903 141.463329394658 145.480295022329 143.044650554657 137.921760479609 138.202557961146 147.053341070811 161.864330371221 163.44290971756 149.775395790736 153.230647246043 146.880149841309 143.981436888377 141.461273034414 125.617464383443 86.0781669616699
162.364979585012 164.522349834442 167.884588241577 169.446845849355 169.559359550476 168.079336484273 170.166750748952 172.23709821701 167.413830757141 165.601968765259 162.874559561412 162.138571341832 157.093207041423 154.23642595609 152.320603529612 156.894157330195 152.738302946091 145.719925562541 153.621385494868 151.921888192495 148.336589336395 148.633062839508 148.61536026001 144.444813330968 152.361025412877 145.505477984746 146.619578202566 150.574743747711 150.290032227834 151.210814714432 149.178663889567 145.31464378039 143.654406070709 142.16144879659 139.69224691391 138.501594463984 142.135719458262 151.3345738252 153.160651524862 152.070283889771 150.492747624715 143.172532320023 147.668659687042 155.338148276011 147.647400697072 113.885104656219
157.190908988317 158.774485190709 165.146052837372 166.605949401855 170.669655005137 170.855005582174 168.695410092672 169.070581595103 167.910774548848 169.671952724457 165.037045876185 161.601891120275 158.838450908661 159.01130437851 154.983898003896 153.155485788981 152.757962544759 143.287479877472 148.310075203578 149.814943472544 147.468189398448 147.300581137339 149.328658978144 142.857919136683 146.38418952624 146.122167507807 140.898764133453 144.990970691045 149.42741394043 149.997681379318 149.442056814829 149.415552616119 143.188844124476 146.585543950399 154.534151156743 156.310339768728 152.000745137533 147.780547539393 153.649071852366 165.098319451014 154.588987429937 145.353933175405 152.766386667887 158.653785785039 152.360856533051 131.968160470327
149.214247862498 151.598423719406 158.11687707901 162.595172723134 168.366650740306 172.453800837199 168.494741121928 166.549652814865 168.679972489675 170.741558074951 167.868594328562 163.743704557419 160.420229037603 159.89351272583 157.421539227168 151.362895965576 149.615416924159 143.539081017176 147.297412157059 151.58823132515 150.023112694422 150.439073642095 151.587357123693 146.704435348511 144.016295671463 147.727648417155 143.584231535594 148.777375618617 156.701624393463 160.048355658849 164.768189191818 166.073580582937 156.621793905894 158.815036217372 165.968388319016 168.648382027944 167.032321294149 160.069992144903 157.934377590815 161.555101474126 151.707619428635 143.688311179479 141.181627909342 140.245676040649 138.24596007665 137.243409951528
148.928880691528 145.307908455531 150.715241829554 158.803522586823 165.008435646693 168.072899182638 171.32576306661 172.494371732076 173.118889331818 168.381452560425 170.931220054626 169.503410657247 164.216568072637 161.829680204391 158.830900986989 153.457800547282 152.204642693202 147.04030752182 149.981399377187 155.170281728109 156.180411577225 156.914740800858 153.081069389979 152.858763933182 148.136566082637 152.263303597768 152.841538190842 152.892827987671 161.689778168996 169.474482536316 179.600159327189 181.34073416392 172.436892986298 169.299165407817 166.502396265666 171.090006828308 173.701127370199 172.606249650319 161.535998185476 149.754226207733 140.647411346436 142.532954613368 140.941758950551 135.326683521271 131.490041812261 136.186381181081
149.91428454717 152.657727400462 154.58083152771 162.137399117152 162.582178910573 163.886487483978 171.253005663554 176.455398400625 175.195018450419 174.487670262655 172.924359639486 173.236231009165 168.119470278422 162.398318449656 162.80542810758 165.230005979538 156.208753585815 152.672072251638 155.51029642423 161.551346381505 162.304739157359 159.298002719879 155.488868554433 154.185185829798 149.068256219228 155.617495377858 159.410903851191 160.341709852219 165.488004684448 174.007058143616 180.741131305695 188.530127207438 182.382504145304 169.743597507477 159.084459145864 160.499920447667 168.857018152873 175.922592480977 165.100524822871 143.16455523173 135.25253534317 144.913176695506 148.329307635625 142.985393603643 137.251247962316 133.775611718496
149.868061145147 161.175439755122 162.523746490479 165.718078613281 163.782725731532 163.0018055439 169.6417927742 175.870935122172 174.573063850403 178.130666414897 176.316102345785 174.598058064779 170.868118604024 165.963490804036 163.477162520091 169.874986012777 162.115971247355 157.184153795242 154.419243335724 157.816330591838 158.460140228271 156.605005264282 154.709319273631 150.653819243113 148.033092419306 150.095562140147 154.923021793365 155.947069327037 158.410976330439 163.392812013626 174.13725455602 185.075720151265 180.973649024963 159.702599048615 125.624557336171 117.906014124552 138.494124015172 161.262859900792 171.78084452947 168.392519156138 163.079231977463 155.319511890411 138.636062542597 134.816745917002 144.021143515905 134.937743345896
153.242617845535 150.805602471034 151.016155878703 154.185116291046 161.989788214366 165.838529666265 166.177143653234 172.088841597239 170.814593633016 175.549228986104 175.405859947205 177.636285622915 176.307479540507 171.185453732808 166.556497414907 165.49351811409 166.546881198883 158.358891805013 152.555654446284 151.532252629598 151.023993889491 152.433504660924 153.081198533376 146.943012873332 148.29025665919 143.324663241704 146.965006987254 146.129528681437 144.113808870316 146.219392617544 152.597904205322 167.058785756429 163.997789223989 136.543373266856 99.7707645098368 79.932967821757 88.1795485814412 118.441174427668 154.459575812022 169.74933942159 171.514848868052 154.806186755498 132.584979136785 129.221697648366 138.084828853607 124.490439891815
158.903539180756 147.297362486521 144.466370344162 149.537374575933 162.401566902796 170.59193054835 169.850687185923 170.818408330282 173.602382342021 172.605752944946 174.545466899872 177.662491798401 178.856313228607 175.719896952311 168.652852376302 167.411585648855 169.188439846039 159.563382466634 154.404828945796 155.556281407674 154.908756415049 151.781131823858 149.951616923014 145.827899376551 145.310580730438 143.714189529419 143.415262301763 143.956710894903 142.699499924978 136.937916278839 127.773861090342 135.791083176931 135.932524998983 115.831623474757 99.6659497419993 80.9168169895808 61.6795569658279 69.0103868643443 92.9100116093953 129.684070746104 153.425514698029 142.824361721675 131.784488757451 126.733730236689 118.656565745672 110.253512859344
159.855892260869 153.459121783574 149.809579054515 153.807351986567 164.633800586065 172.628660996755 176.091571648916 171.724200248718 176.484704017639 173.720598220825 176.68072382609 178.908884525299 179.826200008392 180.323521296183 174.426674842834 173.481305440267 173.373758792877 165.692329406738 160.454909006755 162.000517050425 162.022332350413 157.413721084595 154.651900132497 153.966506322225 150.235017140706 149.498601754506 145.541846752167 142.807215452194 138.638575871785 133.255610863368 120.516101519267 124.882360299428 127.788056929906 125.883758068085 125.011573235194 113.910953203837 85.8935713768005 68.9087410767873 62.8207325935364 77.9722134272258 113.947729269663 118.463377157847 107.122093439102 92.53924091657 90.2928113937378 99.0042388439178
164.915859699249 162.162840366364 156.665861606598 152.845541636149 160.187979539235 172.164400418599 175.206164518992 172.644396622976 173.318823178609 178.395986557007 183.804551760356 183.90033642451 182.943741480509 182.629644870758 178.020477294922 176.673511664073 178.268233935038 173.644363880157 167.579770088196 164.607524871826 162.381201982498 160.756717125575 161.749422550201 163.582772016525 158.84068608284 156.439880530039 148.139288028081 137.495249509811 131.905823945999 127.155621846517 123.72483809789 130.409081776937 134.050031503042 144.227345784505 151.87332034111 152.256151040395 141.757627328237 123.0262418588 105.309595664342 73.3539263407389 83.0116172631582 103.087564309438 102.782110373179 90.3888046741486 91.5926098823547 110.028952360153
168.276985486348 166.722357273102 164.487818876902 157.878448565801 158.171117305756 169.338405132294 174.025019009908 173.550009727478 172.766466935476 180.2911957105 188.169638315837 188.472092151642 183.414399623871 184.840480486552 185.399532318115 178.513646125793 180.490334828695 176.063179969788 171.031812826792 168.86168718338 167.440931002299 167.360623677572 164.192964633306 160.705665747325 158.139993747075 153.345714012782 131.190677483877 108.572423458099 104.526698589325 113.308866818746 123.574157555898 127.028713623683 132.412960131963 138.723194599152 151.426335175832 165.862023830414 170.52815357844 167.06375281016 168.067773183187 118.013560771942 88.2093111673991 106.157511472702 123.670140902201 126.752654711405 128.487328688304 143.324265877406
167.735854784648 164.783557256063 167.696952819824 166.341731945674 162.265042463938 166.055152813594 174.702823162079 175.241390864054 174.102067947388 179.72069978714 187.522093454997 188.028216362 182.543555895487 185.521264870962 187.891364097595 177.633007367452 178.629676500956 176.026145617167 174.613177776337 175.322830677032 174.592316150665 174.360036849976 169.296065966288 162.539025147756 161.743859450022 158.045748869578 136.933545271556 112.26361989975 111.159344514211 121.650457382202 132.266024748484 134.710073471069 143.730322519938 154.62926030159 170.515020688375 166.539927323659 162.97788421313 114.666004975637 106.055895487467 120.146811008453 118.552406628927 134.282032648722 137.921224037806 120.856453975042 109.545528888702 123.745987812678
156.035075585047 163.629581530889 166.05747739474 168.14116636912 166.032999753952 163.399477799733 175.231317679087 179.907321929932 178.133805592855 180.38805325826 185.696601867676 186.600863933563 184.787551561991 182.271997133891 183.287501335144 178.892970085144 174.579461415609 176.819225152334 177.629212538401 179.269393285116 180.713812510173 176.700274149577 174.769600232442 168.285250663757 167.347967624664 166.819135348002 160.4363322258 152.869572242101 152.341941992442 156.730810801188 151.72537167867 144.605000813802 157.583187023799 170.43407758077 161.846975485484 150.632361570994 113.862901926041 76.4856189489365 54.4106860955556 87.4659021695455 122.511883576711 145.255664984385 139.285693566004 124.027768770854 114.07079299291 120.075881481171
145.258138577143 160.846531391144 164.428889751434 165.678441524506 168.485581874847 164.415379365285 170.049627621969 179.168065388997 188.484609127045 187.254309654236 185.708065827688 184.454222520192 185.430685679118 183.947205543518 183.280249436696 180.369973182678 176.354825496674 177.229126294454 175.251464049021 172.764221827189 174.676060676575 173.958241939545 171.77140712738 170.732080936432 170.866747697194 176.329632600149 185.747265815735 190.358301003774 175.476511319478 171.612143516541 159.196883440018 145.80038189888 152.492741743724 143.286993106206 111.757804950078 74.092557032903 71.2196181217829 60.4167332251867 44.6904400984446 44.7661330302556 66.9304529825846 107.993930578232 137.09964354833 158.356328805288 174.99711116155 171.323160330454
146.887431542079 157.419701417287 164.995809396108 166.089584430059 167.659382025401 167.689085006714 161.93813085556 173.035820325216 192.290127277374 190.84620475769 185.294349988302 181.915700435638 184.110959370931 186.091065406799 184.682806332906 180.921037991842 179.08372481664 175.289273262024 169.122258822123 161.427895228068 158.858120441437 163.862576087316 164.635121822357 166.750490665436 171.703398227692 178.065141042074 196.42706712087 204.933206240336 186.745723088582 174.844404061635 154.991755882899 133.057415485382 132.965336243312 123.101413249969 96.4178840319316 70.2136854330699 72.1022437016169 85.7538282871246 80.3528080383937 63.8326903184255 50.7128536701202 71.0706313451131 116.373558839162 152.426054080327 163.707067569097 159.263630708059
158.685684204102 162.073234717051 164.324502150218 160.542378822962 153.378625710805 151.234974463781 159.603804349899 162.732521692912 173.570454120636 172.651330629985 171.742916107178 177.433351675669 182.712316513062 182.922800381978 178.711891174316 180.9201836586 179.56680059433 172.338406244914 163.794537385305 157.068997621536 154.285490512848 155.303905407588 158.774216969808 160.685320695241 162.102192640305 165.198107560476 178.390065828959 191.315392653147 185.03342072169 168.017129103343 143.892765045166 125.582198301951 116.76080028216 126.359770695368 116.498331228892 91.1704003810883 97.0087746779124 137.401898701986 146.770219008128 122.959136962891 84.5210055510203 70.7124322652817 91.1114811897278 111.136535803477 109.791576862335 117.358346780141
172.807653745015 168.738881746928 165.286699930827 157.211273908615 145.673215389252 135.889798402786 150.407552719116 148.081064224243 135.972450176875 139.214992523193 154.17202313741 166.054507096608 170.337458451589 174.923996130625 177.794794241587 187.699397404989 189.325451850891 179.700871308645 169.107774893443 163.972914218903 159.646848837535 157.340864340464 159.049292405446 156.370749076207 156.227956215541 160.368820031484 166.143318017324 168.589055538177 164.205998182297 139.128893613815 141.300658384959 132.829447587331 123.835096756617 137.751787900925 137.61955499649 125.26081999143 120.792726675669 125.153958797455 131.254772345225 131.169547637304 112.19310760498 93.1432247161865 91.1516944567363 86.762140194575 72.1781502167384 85.232933362325
