input/barkrak2/radiation/dir23824.grid
NCOLS 85 
NROWS 70 
XLLCORNER 665100 
YLLCORNER 4664600 
CELLSIZE 20 
NODATA_value -9999 
[rows 0 to 19 of 70, columns 0 to 45 of 85]
277.753611405689981 288.093606630961 298.32128683726 307.688335577647 310.942908128103 308.80731344223 301.090995470683 295.269270737966 298.160453637441 298.813621203105 297.300438086192 301.176389058431 302.724579970042 303.069114685059 305.177887280782 301.449875036875 293.112556139628 286.367535591125 283.969879150391 272.258162498474 257.283310095469 263.948539892832 287.09469238917 294.845799605052 294.608473777771 298.409720261892 296.33092880249 284.340580304464 267.582893371582 263.273239135742 260.833998521169 274.276375770569 303.176601727804 301.31193002065 304.365436236064 293.335477511088 297.029872735341 307.367583115896 299.691478411357 303.281903266907 292.255977789561 287.18364238739 295.772512753805 306.244313716888 304.885923862457 301.662345727285
259.64218378067 273.658871650696 285.208284854889 298.15932114919 305.586338043213 304.044127464294 298.803905646006 294.63259379069 301.040212313334 301.494816939036 296.87758286794 299.22087987264 303.060789903005 304.305235544841 304.074545701345 301.417827606201 299.214104811351 292.955915133158 288.943568865458 277.842203776042 271.853605906169 279.35653924942 294.007500012716 298.373023668925 299.21293258667 299.465874830882 296.230892340342 286.121408144633 271.126866340637 264.30598894755 265.070418516795 285.47869126002 301.653822263082 302.025318145752 304.808715979258 294.785062472026 296.379049619039 302.690923213959 298.790196577708 306.927800178528 301.591078440348 293.421685695648 296.932379404704 304.729362328847 305.484016736348 304.22306060791
226.91410779953 238.841235637665 250.028967857361 261.072516441345 271.637916564941 279.654622077942 285.540064175924 292.02401638031 297.232031822205 295.845667521159 291.596670945485 294.731994469961 303.953111171722 307.730197906494 304.789503415426 309.130390485128 312.06476688385 309.286236763 300.033787886302 291.250904401143 293.309251467387 295.449376106262 296.656668186188 297.756552696228 301.222701867421 300.823052724202 294.913033644358 284.737865130107 273.474415143331 267.691771189372 271.022280057271 293.454647064209 295.972446600596 300.115784009298 304.668684800466 298.425734043121 293.783088525136 292.074779669444 297.81170686086 305.700202782949 301.47663752238 295.608083407084 291.103422641754 298.008223374685 308.521370093028 308.031598726908
210.780759652456 211.121201515198 218.847811222076 225.665807723999 232.68320163091 237.417916456858 243.044952551524 256.241957346598 272.533456484477 284.361004829407 290.709495544434 299.180825551351 307.058076063792 309.849838415782 309.384147326152 310.295840104421 310.54957707723 306.257466475169 300.081292788188 296.6601451238 295.204063256582 292.979021867116 298.51363102595 299.215316772461 298.911412556966 300.54114262263 296.828806400299 289.289096991221 282.909452915192 279.056111971537 275.284985701243 296.316901842753 296.323577562968 298.671881357829 300.171911716461 301.669716835022 299.191991488139 298.236886660258 305.826306343079 306.486546993256 299.583693345388 288.279175758362 283.909956614176 296.488761901855 309.6577723821 308.630108833313
231.070160865784 215.989728768667 202.813108762105 194.895486036936 198.56075445811 214.020053545634 233.263591925303 242.283244927724 251.489102840424 257.997393608093 275.103151798248 292.02800989151 302.068610986074 306.616942087809 308.975060780843 309.814731280009 304.883221785227 296.764115492503 295.003990332286 296.092987060547 292.976180712382 291.371444861094 299.428343772888 299.832344055176 299.465596675873 302.772521972656 298.544347286224 292.496740818024 286.758681138357 283.176481723785 286.766052246094 302.901844183604 301.138301690419 301.69286330541 298.286179701487 299.95334148407 305.204113324483 307.413995265961 306.742986043294 304.698467254639 301.669339338938 295.645972092946 294.275542100271 297.839005788167 302.78613169988 303.320209185282
269.872566064199 245.896259943644 220.67000468572 198.627273241679 189.333558082581 200.321078300476 224.455634752909 239.947358767192 243.554433186849 243.016282717387 252.49445438385 264.646887779236 273.070275783539 278.691569964091 285.305400689443 290.505290031433 288.998862107595 287.551502386729 291.287998358409 296.178698539734 296.207149823507 299.563348293304 303.456823031108 302.264412244161 302.075167496999 304.33976650238 301.317473252614 296.573797861735 289.806008338928 286.84663772583 295.680205027262 304.707527160645 307.031095027924 308.698296546936 302.891155083974 300.047238667806 304.030934969584 306.056757767995 302.348335584005 302.282909552256 302.093227704366 298.907975355784 297.933578491211 299.177447954814 293.168981870015 281.521121660868
287.909547487895 268.139402071635 250.31832853953 231.270710627238 211.772004763285 198.668281237284 206.207633018494 233.491857846578 245.677272478739 252.451161543528 249.856472015381 245.139340559642 241.288264592489 237.802227338155 239.967882633209 253.797610600789 263.574481010437 278.210739294688 291.161735852559 299.193640549978 300.745685895284 300.29970407486 303.168833255768 302.755892276764 303.134818871816 305.155595143636 304.186284542084 301.015694936117 295.798083146413 295.892993609111 301.561574141185 307.396292686462 312.993307908376 313.662111759186 309.891124566396 303.351084391276 302.525242169698 301.234086354574 300.959388415019 302.023609479268 298.550605773926 295.335491498311 297.059098879496 297.521471977234 279.822130997976 273.649752140045
293.363730112712 286.137938499451 277.438958485921 264.446198940277 244.309147198995 215.438882509867 195.181369781494 195.47712802887 227.749824523926 251.008133093516 257.815182209015 253.603239854177 245.658973852793 236.867864926656 225.197851657867 228.504141171773 240.107973416646 254.7953526179 274.273037910461 289.532442887624 296.746253967285 299.083193143209 303.207655747732 302.804152170817 301.874915758769 302.68261830012 302.890996138255 301.132559776306 298.321723937988 302.155276139577 307.391285896301 309.916059176127 311.92402044932 310.85745493571 307.140191396077 303.40305964152 302.444616953532 297.358473141988 290.517210960388 286.015073458354 289.65018192927 297.013401985168 305.90432882309 305.706222852071 293.564895788829 286.474545796712
287.06032037735 287.589649359385 284.663617610931 278.340816497803 267.106910546621 247.996012369792 220.393856366475 192.252576351166 205.263455708822 227.337876955668 245.698173840841 253.845492998759 255.26225566864 252.940853436788 242.31747786204 235.618074735006 233.155071735382 237.418095270793 250.708262125651 265.365242958069 278.748154640198 288.585126399994 294.167240460714 291.531026363373 292.89710521698 294.404943784078 295.391122500102 295.288026332855 295.307358105977 301.663299401601 305.747886498769 304.919044176737 304.64118719101 304.979900519053 303.657948970795 303.502043088277 301.408767700195 296.004891395569 283.976455529531 283.846894900004 298.516710599263 308.4517121315 312.215546766917 309.650798638662 298.485000928243 291.693150997162
262.639085451762 271.064182122548 275.345385074615 275.402923425039 272.90932337443 269.919176896413 256.145040194194 239.58295583725 210.600813229879 200.547556082408 213.811000188192 237.38823334376 256.615300973256 265.553116798401 267.094095547994 259.353836377462 245.847980181376 241.194367408752 240.602870782216 243.76783768336 251.741568247477 257.811347643534 265.537738800049 271.504362424215 278.379340966543 281.167308489482 282.669107119242 282.817939917247 284.042040506999 289.60778315862 290.904959042867 291.080156962077 296.302199363708 299.927016099294 301.204244295756 299.744347731272 297.900199890137 296.498974164327 284.930109977722 288.874248663584 305.919865767161 311.632374922435 311.885317166646 307.518700758616 296.709477901459 290.044506390889
215.000748634338 228.158116340637 239.920675754547 249.524195988973 258.157114187876 265.193581581116 267.054875691732 262.805342674255 238.070428371429 214.04230594635 199.416438738505 207.068641980489 233.116348584493 256.22437397639 269.133567810059 260.585288206736 253.836790720622 247.150520483653 239.826639493306 234.86465215683 235.104401906331 235.155463218689 238.018035888672 250.064392884572 261.216282844543 268.178840478261 269.998649756114 270.072261492411 274.899323781331 279.404322306315 281.913379828135 285.063962141673 292.353630065918 295.583367347717 294.969181219737 293.898423512777 296.347677707672 298.946340878805 295.186618963877 298.649529616038 307.344317436218 311.392307281494 311.070442199707 309.176286061605 301.622450351715 298.411846160889
174.448311328888 179.735700289408 188.238918781281 200.139880180359 215.804179509481 231.646736462911 248.930871486664 254.7274629275 255.593538284302 243.153691291809 218.695759773254 199.546694755554 201.205054918925 223.724166552226 248.510678609212 251.364350318909 257.565140724182 254.849255084991 245.386640230815 235.613167285919 229.388276735942 226.762235164642 226.909716924032 235.540330410004 243.053177992503 248.404105504354 251.095632712046 255.095362663269 261.323928833008 265.625278155009 269.771635532379 274.302224318186 279.93373076121 282.562573750814 282.40038951238 283.527811368306 291.302641232808 298.504253228505 300.683299700419 304.616669813792 307.90118376414 310.270249843597 309.79992945989 306.608458360036 302.392641703288 300.634185473124
162.415007750193 158.073425292969 155.759195486704 155.746440092723 163.563549518585 180.177728335063 204.458276430766 225.532790025075 252.649386723836 257.093826929728 246.558547019958 224.311510721842 197.477777798971 194.277942180634 216.98009967804 242.354909578959 256.891210873922 259.339292844137 254.968603452047 246.080617109934 237.848242123922 237.074851989746 236.621558666229 237.465739250183 237.773815790812 236.670235792796 240.684231122335 248.958210150401 252.314428488413 253.620266914368 258.351922035217 263.499279816945 264.56610361735 266.206443309784 268.471976121267 273.004055023193 283.251404762268 291.866560777028 293.690005938212 299.234747886658 302.422563234965 303.019046783447 301.557123661041 301.840980847677 296.923855940501 296.115438143412
154.134273529053 124.48858221372 108.133355776469 103.008379538854 100.515832503637 105.980267127355 125.728269418081 164.634356896083 203.583359718323 237.685283025106 254.841287930806 254.655917485555 237.036168575287 212.671399116516 208.852608998617 233.533442020416 249.3816614151 261.311809221904 267.328361670176 263.831973075867 253.563404083252 249.937216440837 246.83024485906 246.545394261678 246.202528476715 244.108378887177 247.028708457947 254.97845808665 254.058221975962 248.192151387533 253.288666407267 258.293708165487 259.943743546804 260.297060012817 262.909829616547 269.414166609446 275.110284487406 279.892822106679 281.73440694809 283.286690711975 287.127713362376 291.528701782227 296.226759751638 298.736055692037 293.925801912944 294.970254103343
138.352582852046 103.663345177968 77.7879158655802 72.8051910797755 71.1787243684133 77.7653555075328 86.3896608352661 114.273409048716 144.074698289235 193.01317135493 244.357248147329 270.858863989512 274.594565232595 257.542371749878 233.681956926982 229.420304298401 233.556151390076 248.188336690267 264.164527257284 271.573861440023 269.784092903137 264.15628194809 261.920173962911 258.119066556295 254.76880868276 253.281792004903 255.381266276042 257.454752922058 252.529978752136 248.282790184021 251.364588737488 255.925397078196 256.064713001251 256.076892217 259.69656308492 262.565732002258 264.289041360219 263.404190540314 266.207079092662 266.701757907867 271.873116493225 278.636932373047 282.755891482035 285.408178965251 284.566620985667 286.512633164724
121.881743272146 95.5724914868673 65.0029530127843 51.5911380449931 66.8374796708425 89.7470315297445 96.0477789243062 107.648760080338 128.074785073598 159.86035267512 209.598580996195 260.32942533493 283.989648024241 282.538692156474 264.589687188466 236.060520013173 225.561281045278 227.242171764374 243.750035762787 266.725758711497 276.317874590556 271.730482578278 272.660136222839 266.579151153564 260.416924953461 260.941664377848 263.430237770081 259.833772977193 254.459043343862 256.836990515391 257.835189501445 256.626725196838 253.958503405253 252.685983975728 253.432770570119 252.064843972524 250.220576922099 246.387402216593 249.07926718394 250.280022621155 254.761934280396 260.164896647135 262.077212333679 263.45831155777 272.361636161804 277.109464009603
107.232580582301 95.9214170773824 69.9761956930161 44.7852561871211 50.8698125680288 74.9304393927256 97.6312557856242 110.641072193782 129.303117593129 141.962975263596 165.260761976242 207.622488339742 233.337303002675 255.71471452713 275.538861751556 267.430663108826 255.904873212179 241.705854733785 231.340050697327 241.893351078033 264.207204182943 275.045454502106 278.248985608419 274.048129717509 267.036060492198 267.979582150777 271.801988283793 267.914295196533 264.971017837524 269.753873348236 268.771608670553 258.087456226349 252.536654472351 248.956064383189 244.537790616353 243.476390838623 238.570710023244 237.334092458089 237.98922697703 241.282006104787 243.076841036479 245.98773320516 248.789687951406 250.539004802704 265.503446261088 273.265997568766
99.1711914539337 100.238521893819 88.6303285757701 56.0314208269119 46.97485268116 76.0869433482488 100.543022155762 122.946133216222 138.338347276052 149.540285269419 157.980064551036 181.928972403208 207.781831423442 229.397058486938 240.972697734833 259.146471818288 273.646096388499 268.935561180115 249.834398428599 233.529845873515 244.272748629252 268.135488033295 272.9572057724 273.575206597646 273.719569047292 277.925769488017 281.445821126302 279.922107855479 277.183473110199 278.761426607768 273.302137851715 262.822687625885 255.108932654063 248.24978907903 242.418309052785 239.711165428162 237.331628799438 236.727754275004 236.828108628591 238.871852556864 241.372664769491 242.255548636119 242.450614770254 246.330002943675 256.265819072723 268.099725246429
104.557037353516 113.693058490753 115.643988053004 86.200088262558 71.8909601370494 93.8395857810974 113.117585579554 133.508811394374 151.396493117015 167.86915063858 179.49906984965 182.336926460266 197.675188382467 207.588712374369 227.201044559479 243.144750595093 254.495104153951 259.81326897939 266.717811425527 255.909562110901 238.999803860982 251.680552959442 259.786287943522 268.560349941254 277.468462785085 283.882101376851 286.687910556793 287.179311116536 281.785488128662 279.739499092102 272.801041603088 266.25394821167 258.294880390167 250.479559103648 245.767494042714 241.369843482971 240.475614865621 237.715363502502 236.329595247904 239.470382531484 243.506332238515 244.325876235962 243.876973787944 246.73197666804 247.490147749583 260.503828525543
111.258645852407 116.891572872798 128.983557224274 125.828365484873 113.76283566157 114.182015260061 115.576724211375 129.277646541595 142.388552427292 164.646675189336 179.338753223419 178.135017553965 180.277466773987 185.092826684316 202.347636222839 220.885356267293 234.66165860494 243.362029393514 253.917833169301 258.966664473216 257.00052579244 247.932891050975 250.422815481822 260.30045747757 271.118223667145 279.794851938883 285.934964815776 286.507825056712 279.525975386302 278.310557206472 272.489229838053 265.016595522563 257.57759809494 252.193907896678 248.388648033142 243.866403897603 240.549127260844 232.630352179209 230.109890302022 238.466560840607 244.802196820577 245.897114276886 248.47533305486 247.992237408956 244.367857774099 253.955622514089
