input/barkrak2/radiation/dir21524.grid
NCOLS 85 
NROWS 70 
XLLCORNER 665100 
YLLCORNER 4664600 
CELLSIZE 20 
NODATA_value -9999 
[rows 20 to 39 of 70, columns 0 to 45 of 85]
166.405896345774 157.790084679921 171.988328297933 210.44514576594 206.382155418396 167.815605799357 153.951466083527 163.605739672979 176.30410194397 193.731129169464 209.19277270635 212.922990322113 215.925017992655 223.147710164388 239.065984884898 259.215692679087 275.553504625956 288.165350755056 307.559748490651 317.284365495046 320.523579915365 312.186936537425 310.777445634206 312.827368577321 313.365777333577 315.036396185557 317.769626776377 315.229038397471 311.518828074137 310.726046562195 303.975065549215 291.618784268697 280.753354231517 274.8029033343 272.080739339193 277.680973211924 277.705192565918 280.029674371084 284.884810447693 289.421339829763 289.401213328044 289.483904838562 291.03018840154 286.031981309255 291.08472665151 293.941617012024
196.735660235087 192.595640818278 205.275575319926 236.55366897583 233.179072539012 178.095897038778 166.57155752182 170.838157335917 181.352496147156 192.174653212229 201.275249322255 208.587427934011 212.930818398794 213.447650273641 223.929882049561 245.03364165624 259.790539741516 274.023214975993 288.917164007823 306.513627370199 316.5589372317 324.128150939941 326.526363690694 325.33864180247 319.67548529307 313.608547051748 309.832890828451 305.087566375732 306.683858235677 300.140221913656 282.243609428406 251.546740531921 228.825350602468 224.607050418854 231.592913468679 251.377801100413 259.419163068136 274.268786112467 284.824629624685 285.84231932958 283.908943335215 281.975587209066 276.026825110118 261.289556821187 281.507929166158 290.006220340729
239.509701728821 244.478046894073 245.440522829692 254.388054211934 254.149834314982 208.401997884115 191.344698270162 180.309851964315 177.19042301178 184.460719426473 200.517535209656 211.716413497925 217.670142650604 222.832103570302 229.717870553335 237.975875536601 252.045730749766 265.024304389954 279.124200344086 285.41225194931 292.883177598317 307.930986086528 319.341977437337 320.698857307434 314.983626206716 303.784648577372 293.738683064779 276.98008219401 268.609325091044 249.161620934804 218.632817268372 175.325353940328 149.939318497976 164.375861485799 192.670702934265 217.578053474426 236.715992291768 258.13353061676 271.301428476969 273.760676383972 277.236262957255 277.259250481923 254.372358322144 232.375959555308 260.79132159551 288.53839635849
264.310558636983 264.355878035227 256.447434425354 260.041316350301 259.687066078186 244.98975276947 213.708519935608 188.273787498474 174.158374468486 178.469161192576 199.802100658417 211.401025454203 225.165088971456 234.634180863698 235.826134681702 241.219321886698 250.963985919952 263.642231623332 271.36218547821 268.275459607442 271.832148234049 269.406576951345 271.115303039551 273.437241713206 281.575679779053 277.326544125875 264.686524868011 252.507448196411 233.070135116577 188.833594322205 161.092658837636 136.300832033157 102.615257104238 90.244323015213 102.064063151677 136.673589547475 185.172835985819 212.055703004201 230.676114559174 241.229176521301 239.708145459493 226.005494594574 212.14497089386 245.723764101664 248.156865437826 277.913312117259
257.456958293915 258.283933003743 261.06075445811 262.075742085775 252.127528190613 245.090425014496 221.331020196279 202.360053857168 185.431599617004 179.604470729828 191.532254219055 209.774474302928 220.508098602295 232.996642589569 235.21222670873 238.403936227163 248.4370470047 258.277535438538 262.476007143656 256.193419297536 252.640942732493 239.528338114421 248.527725537618 256.168127059937 260.629375775655 262.944916884104 251.415928204854 238.376438617706 205.185731252035 156.134108702342 135.885079701742 132.426162560781 110.850930213928 72.8008896112442 66.0015841325124 87.3061915238698 126.595437526703 162.054886420568 191.564997037252 205.015599727631 195.050040880839 172.936638196309 194.429973761241 265.945474306742 262.290279070536 279.838025569916
249.407847722371 253.965735435486 262.62378692627 260.395884513855 252.738912900289 245.295246442159 231.510639190674 227.47657696406 221.990823745728 207.689960797628 205.564578374227 221.907734870911 231.342613697052 244.335730870565 246.127764383952 243.423640727997 244.683504104614 247.336149215698 250.052293141683 255.303859710693 259.705444176992 252.21711397171 247.76558081309 246.088604132334 248.766382535299 249.497751394908 241.17370446523 233.44091574351 189.608752727509 164.770702521006 162.369887034098 177.557587623596 178.484678268433 138.438413540522 104.625314474106 100.274413824081 111.080000797908 134.483764568965 166.018038988113 183.4876537323 167.493780454 159.942358732224 204.137325286865 260.748823483785 278.380195299784 290.289123853048
250.67142645518 253.766357898712 260.255475838979 260.358532269796 267.114579677582 258.99217526118 249.571104844411 245.980739593506 247.298876444499 241.048773129781 228.350520133972 241.175611813863 250.732799371084 260.726014773051 258.04348786672 247.452139854431 240.361352761587 248.119612534841 255.009233951569 268.131156762441 267.518103122711 263.59236240387 254.806180795034 249.608794848124 248.229781786601 248.034834861755 241.552472114563 233.973324298859 202.446182568868 196.722388267517 216.372132301331 240.955074628194 246.772368748983 250.845392545064 215.877930323283 138.277977705002 128.52023045222 135.93915104866 159.752577543259 170.645833015442 179.922699928284 210.469941298167 222.73576259613 241.926908493042 269.963840643565 280.693968137105
254.557271798452 251.165091991425 253.900468349457 258.866131305695 291.024804115295 274.057745933533 262.111147244771 250.416000684102 251.906156539917 256.924152374268 245.299418767293 246.029516061147 256.752848625183 258.858998616536 257.983247439067 253.430326779683 247.387965520223 255.536496639252 263.661166032155 269.288857777913 268.702546755473 259.855548540751 254.859964052836 255.776027838389 255.843857924143 253.560662269592 248.878598213196 244.242072105408 229.356785615285 229.084094365438 250.601629416148 264.918843905131 266.057352224986 279.617567857107 289.962768554688 214.669505755107 155.968934297562 141.699363787969 150.673578182856 172.211945056915 215.62800804774 270.675818125407 237.206240495046 228.674352169037 253.132422765096 260.628124078115
253.05829445521 243.414143721263 246.914823849996 265.179812908173 306.768516699473 277.040282885234 255.28210401535 244.425813357035 247.567395369212 251.681387424469 245.016793409983 244.601408640544 250.842332839966 254.44503625234 259.230653444926 262.693305810293 259.043415387471 253.170192241669 260.892113049825 262.801865736643 261.804521083832 256.482938925425 255.906363328298 259.966373443604 259.823461373647 253.726522127787 254.825154940287 249.721030394236 240.561445554098 239.155232906342 260.528802871704 277.437329292297 278.027216593424 277.250826358795 293.248852094014 278.589189052582 184.672395388285 130.400548378626 120.043893655141 151.866545279821 226.290265719096 254.290322462718 227.056324481964 199.194769064585 220.449964205424 230.168720086416
246.788779894511 235.460678736369 242.733279863993 275.467813014984 304.740210374196 273.717919985453 245.670596758525 227.667888005575 221.439599990845 223.560194174449 224.777976671855 228.62446308136 244.645992914836 258.282244205475 263.090213139852 267.056663831075 264.491160710653 252.517879009247 254.915277163188 256.888866424561 255.721688270569 257.668872674306 257.868508497874 261.829932530721 262.817919254303 259.778519471486 260.870258013407 255.065063635508 245.210369427999 247.465431690216 267.283956209819 284.63359673818 280.4274559021 277.863919734955 287.727157274882 299.845000108083 268.065969149272 187.691728274027 146.213630835215 156.61891301473 193.438808123271 208.020508289337 212.108711401621 180.451154708862 186.689953009288 207.294404506683
236.97292804718 245.66646416982 275.494952996572 321.45494222641 320.332527160645 279.413223266602 243.77562602361 213.672876358032 203.401406606038 215.609530607859 209.654609362284 208.034853140513 236.950258413951 255.169669787089 264.107505480448 269.980370998383 269.789973894755 260.044654210409 257.575114568075 259.552379449209 258.499085903168 262.582103411357 266.030609607697 266.765375932058 266.863822937012 267.619669437408 269.331455230713 263.656576474508 254.208366076152 259.171863396962 274.354736010234 286.454518636068 283.114790916443 284.836967786153 290.659368038177 294.037024180094 306.763927141825 302.955468495687 232.878446578979 186.622897783915 172.884424527486 166.980743408203 184.03152624766 178.463160991669 181.468307971954 208.572149276733
255.670587221781 284.819006919861 310.837964216868 320.48777739207 341.612497965495 316.628019014994 275.916934013367 238.000810146332 223.634421825409 236.169636249542 228.446980317434 213.632941246033 226.323922475179 252.062400182088 266.853213310242 271.410048007965 271.777252356211 269.347925980886 262.915730476379 262.834111849467 263.42499256134 268.906056880951 270.985762278239 268.030107021332 270.007451375326 276.087443033854 277.01191107432 279.036362965902 271.645824114482 273.075381914775 280.267596244812 285.650948683421 287.61504093806 293.461998303731 296.771883964539 286.127289136251 292.296926180522 320.851266384125 303.131421407064 235.554317633311 185.480078061422 167.719980080922 169.610381126404 182.601491610209 201.35627190272 229.824582735697
294.769406318665 310.016791025798 307.323674360911 301.158805688222 317.899266878764 331.389705340068 319.004694620768 289.417207241058 264.016032218933 262.990136941274 265.116691589355 242.705325285594 230.788687864939 249.951541423798 273.903091748555 276.029646396637 270.971139272054 276.318808396657 265.83594083786 264.136513074239 267.470240592957 269.413471221924 269.636313120524 265.14478524526 268.77768834432 277.638634045919 282.941659291585 285.286327203115 279.490192731221 278.399785359701 287.473301092784 292.552212874095 289.825479189555 291.259666283925 295.209566752116 284.238934516907 284.273147583008 297.930081685384 289.838850498199 256.339510281881 223.804215590159 191.871841748556 175.488670667013 177.666544914246 201.826691627502 232.45237270991
298.104763031006 296.408712863922 290.853540102641 280.977567036947 282.512982686361 300.727268060048 315.003494421641 306.070864200592 289.367039998372 285.046358903249 286.566476027171 269.680917263031 254.232207934062 259.361227353414 272.252082824707 273.934721946716 271.015226840973 274.318734804789 266.267975171407 267.291923364003 265.817602475484 265.530586242676 264.364242553711 261.717041333516 267.180244127909 274.595856666565 283.940474192301 284.073392550151 279.439508914948 283.199946085612 291.942536830902 290.911893049876 279.442091782888 275.811076164246 279.416441917419 263.258059819539 261.222004890442 257.848620414734 242.781122525533 238.76424630483 248.729030291239 222.750425338745 197.358727455139 184.089064598083 184.849778811137 211.71098947525
295.931438604991 289.118885993958 294.764995574951 282.450517018636 275.589684645335 285.889784495036 307.835201422373 322.579165299733 310.667713483175 294.385373592377 287.388424078623 283.564766248067 283.454835414886 278.151571750641 275.328735510508 275.616685549418 274.182220300039 268.660008907318 267.317891120911 270.389298597972 267.252703507741 263.675530751546 264.115969340007 264.756401379903 266.840577125549 272.353808085124 277.529338995616 275.123020013173 276.246766249339 284.015119075775 290.632367134094 281.751195589701 267.01545715332 269.521296024323 266.596535841624 249.460577964783 251.215835412343 250.534156958262 250.899136066437 261.631568272909 264.134367307027 256.957252820333 236.209591229757 218.088527520498 199.6750831604 192.308207352956
312.25574016571 308.764040470123 316.70602162679 312.193989753723 303.186933199565 305.847644805908 319.631675879161 336.318095525106 324.199636777242 299.371659755707 286.079367001851 289.288242657979 298.8401055336 289.07589117686 281.183143456777 281.431933244069 277.458707491557 270.743906497955 273.861944675446 273.78777662913 272.500733534495 267.319838205973 268.956462542216 271.077513694763 267.845153808594 271.839817365011 273.795445760091 270.137667655945 272.952397664388 284.482916196187 286.358793576558 279.123743375142 268.91161998113 269.731243451436 259.032944838206 253.619809945424 259.009877840678 261.256515979767 269.811948140462 285.723567008972 253.187298774719 243.674874305725 232.931594053904 224.690834681193 209.321935971578 187.642554442088
328.268527984619 326.726853847504 329.676946004232 330.578049023946 322.303771972656 316.57463312149 321.992973486582 335.278669993083 327.862044175466 298.974891503652 288.997173309326 294.233421484629 299.995422363281 287.928263346354 280.677954355876 282.183229923248 287.168025970459 278.180917104085 279.18541431427 281.598031520844 280.371447404226 273.616313934326 272.673885027568 275.175293286641 270.425200462341 270.158886909485 272.473851839701 275.703330834707 278.119087219238 286.429762840271 287.597139676412 280.700465043386 271.385868390401 267.460505167643 255.93900680542 260.274430116018 265.743931134542 267.119308312734 269.621332486471 278.368373711904 236.679275830587 198.478976885478 186.438997586568 181.821485360463 181.992491086324 177.382131417592
333.948691685994 334.072669347127 333.391904830933 333.110233147939 327.118933200836 321.543951829274 321.243087450663 327.590564886729 329.979042212168 308.189193407695 298.382063706716 297.10441827774 294.746041297913 287.545581658681 278.246402740479 283.459921677907 292.420427004496 285.51197052002 283.682862917582 283.72198343277 283.137698968252 279.295027256012 275.878846645355 275.558471679688 276.277581850688 274.47779973348 275.107483069102 280.618985493978 282.642523447673 285.622497399648 287.551363309224 283.615489800771 274.145762125651 259.024818738302 249.110798041026 265.489896138509 274.490793546041 273.410797119141 265.147984027863 271.506786346436 235.103269418081 169.007937113444 141.436100006104 130.227029323578 134.76417462031 144.900898138682
327.769597371419 332.037130991618 334.176739056905 333.264549573263 331.109305222829 330.098112424215 327.815115451813 326.320012410482 328.227579593658 317.826549212138 314.659376939138 308.394014835358 293.833692868551 292.144576708476 287.572960058848 282.293538252513 288.315713405609 290.562510490417 285.183648268382 284.242272377014 284.419218699137 280.913551648458 277.16076374054 277.317841847738 279.265602429708 281.423350175222 279.198368390401 281.394223372142 284.302115440369 284.351448218028 286.7671251297 284.963170687358 270.050406455994 247.083147366842 254.794955253601 278.887331485748 281.805773576101 276.642839113871 261.768142382304 265.460252761841 269.447684288025 210.703988869985 154.58091100057 130.42539358139 127.625167369843 126.476645469666
311.430037021637 315.520962079366 315.273563067118 320.251663525899 327.800154685974 334.484179814657 337.911526362101 338.756283124288 336.928844451904 331.530690193176 320.930540561676 303.00501982371 294.490873813629 294.578810532888 289.533615112305 283.506234486898 288.714249928792 288.540522257487 281.467000643412 281.160871187846 283.103843530019 285.07928053538 283.103088537852 279.774884382884 278.589129447937 280.41003147761 282.865007718404 284.354488054911 285.537938276927 283.830046653748 284.047643343608 283.114949862162 263.663013776143 248.459756374359 273.03155263265 288.444737593333 283.987720807393 278.718749682109 266.940653324127 266.725977261861 295.16214132309 302.2168080012 240.064024925232 186.287681261698 151.151955127716 128.5686592261
