input/barkrak2/radiation/dir21824.grid
NCOLS 85 
NROWS 70 
XLLCORNER 665100 
YLLCORNER 4664600 
CELLSIZE 20 
NODATA_value -9999 
[rows 0 to 19 of 70, columns 0 to 45 of 85]
318.514247735340973 325.080196062724 328.197479248047 330.942591031392 327.760537465413 324.657022953033 318.524241447449 312.313874562581 316.144506136576 315.926353136698 313.543915748596 319.162627061208 322.63062397639 322.54018386205 324.62066411972 326.390266418457 321.418086687724 312.006115913391 311.310350894928 299.179832140605 282.136340936025 282.800078392029 302.651087443034 309.669017791748 308.152298132579 309.156477451324 307.6198498408 298.808892567952 278.976023197174 273.734291394552 270.884195963542 281.026164690654 300.127228101095 303.397337595622 307.111740112305 298.656423886617 298.034191131592 307.130058606466 297.835767269135 306.074341138204 295.095185438792 282.557010650635 291.831394036611 308.898289998372 312.762836615245 307.610869407654
303.659717241923 308.770914872487 313.724478085836 322.44348526001 325.799187024434 325.08130868276 318.078895409902 310.726920763652 315.296053886414 316.783388455709 311.600108941396 315.872033437093 321.859101454417 323.068459828695 322.845836480459 324.133396148682 323.710501194 318.135480086009 315.311590830485 306.304355462392 295.973241329193 295.260965824127 304.919997851054 310.006082057953 310.330927371979 308.866024017334 306.823988755544 298.690279324849 282.636106014252 273.92049630483 275.482217470805 290.267050266266 297.163645426432 297.34871784846 306.620955467224 298.008402188619 295.082370440165 297.012368837992 293.135523796082 306.165337562561 302.354375521342 293.103476365407 297.700464725494 312.124609947205 316.477676232656 311.191280682882
269.695381323497 277.473608652751 287.196099758148 296.413580576579 305.250545342763 311.906119187673 314.664045969645 316.83095296224 317.685981591543 315.030415852865 308.884878953298 310.385664304097 318.983972072601 321.925640106201 318.668107191722 322.401324907939 325.571159521739 326.776444911957 323.833505312602 317.163248856862 315.621475378672 312.068939208984 308.311184247335 308.479567368825 311.010360717773 311.659693717957 304.903785387675 296.74090941747 285.512725512187 275.636951128642 276.723066965739 293.668071428935 287.882924079895 293.053905169169 303.7402232488 298.306266466777 287.760992844899 283.097962538401 292.379120985667 306.061426798503 304.345607757568 302.384475866954 301.018178462982 311.612645785014 321.957151095072 316.566526889801
252.914170424143 254.661838213603 261.735300223033 266.465584437052 273.836970329285 278.645575046539 283.854742844899 294.18671131134 306.455890337626 313.758631547292 315.010011196136 317.798495292664 321.942925453186 322.608311971029 320.477803548177 317.997813224792 319.205443064372 320.412417252858 320.698579152425 319.977502028147 318.161805470784 315.269509951274 317.508439222972 314.447184403737 312.716901302338 314.304868380229 309.364438056946 301.763494809469 294.329583644867 287.550191084544 280.769864718119 294.450342655182 287.706474463145 292.213559150696 297.082364559174 298.323571681976 293.453415234884 291.613260904948 303.764084974925 310.918211936951 306.662340958913 299.259722232819 294.31958993276 304.382860660553 316.069861253103 317.249655723572
272.38251765569 259.28803284963 247.217377026876 240.57267109553 244.965712229411 259.217123190562 275.167306264242 283.332626024882 290.954331556956 296.109000841777 308.56583515803 319.460352261861 325.115402539571 327.02499628067 326.185603936513 325.165212154388 321.659207344055 315.517842769623 315.784772237142 318.506181240082 316.721796989441 315.942227840424 320.720156033834 318.333427111308 315.710961818695 316.556513309479 312.740365664164 304.737468560537 297.901729742686 293.738583723704 294.700086116791 301.28425359726 295.425931612651 298.111756642659 295.134425163269 297.927379608154 305.894255638123 309.848884741465 314.642747243245 315.926293532054 313.86528412501 306.829512119293 302.031795183818 301.638960838318 306.774576505025 317.401885986328
305.920561154683 286.698619524638 264.99209801356 245.099981625875 237.44809627533 246.200203895569 268.279612064362 281.734506289164 284.634629885356 284.846981366475 291.92856947581 301.649610201518 308.107435703278 312.280873457591 316.703756650289 319.433967272441 316.562294960022 311.716993649801 312.926014264425 317.060887813568 317.042132218679 320.286393165588 325.57338476181 322.37434387207 320.19180059433 319.99941666921 315.811534722646 308.897217114766 300.957202911377 296.08949025472 300.039668877919 302.433689435323 305.002093315125 309.1734846433 304.214636484782 301.444331804911 307.933231194814 312.302629152934 312.788446744283 313.133676846822 313.47777446111 309.649149576823 308.055440584819 307.885865370433 304.472982883453 301.084160804749
320.119380950928 305.818458398183 291.674613952637 274.553497632345 257.064700126648 245.854198932648 252.803464730581 276.219964027405 286.555031935374 292.700926462809 290.617942810059 286.61717971166 283.362189928691 279.682318369548 281.540910402934 292.978982130686 300.739824771881 310.310622056325 317.587633927663 321.625272432963 320.16521692276 317.728479703267 322.90780544281 323.919455210368 323.080499966939 324.55058892568 322.248816490173 316.613892714183 308.869103590647 305.347979068756 305.617868900299 308.788100878398 317.692180474599 321.466406186422 318.998912970225 312.711238861084 311.045269171397 312.663674354553 313.602328300476 317.023595174154 315.508564313253 311.819116274516 309.748907883962 306.551178296407 291.909058888753 285.397013028463
321.038623650869 317.402680714925 312.265495459239 302.868107954661 286.726057529449 262.421747048696 242.39573876063 243.255913257599 272.297124067942 291.892170906067 297.176798184713 293.968796730042 286.801278591156 279.65517838796 269.820729891459 272.711793581645 281.673868497213 293.704132239024 308.980147043864 319.22701994578 321.968456109365 319.663365681966 321.843206882477 323.506077130636 323.114335536957 324.828207492828 324.466864267985 321.114857991536 316.34384393692 315.976142883301 317.25283463796 319.36776638031 325.01478989919 326.388299465179 323.643485705058 320.143481095632 316.697657108307 312.314788500468 306.012352307638 306.851069132487 312.686642011007 317.650536696116 320.924162864685 316.900690396627 303.127189477285 291.552543640137
316.592752933502 317.230065663656 315.970321496328 312.073389689128 304.124474525452 289.609054724375 266.169706980387 241.463124752045 251.404702663422 271.780610084534 287.537733713786 293.462594350179 293.705364068349 291.931370894114 284.23019250234 278.871635595957 276.763220628103 280.410647392273 290.547331174215 303.060173988342 312.878807385763 318.379362424215 319.85197464625 317.174017429352 318.13379128774 320.667386054993 321.717858314514 320.519884427388 318.933049837748 322.376946608226 324.674546718597 323.984146118164 325.213690598806 326.150854428609 323.130289713542 321.646749973297 318.704704443614 312.515159447988 300.20010471344 301.63319905599 316.608309745789 323.834677537282 323.676943778992 319.842557112376 310.639639695485 302.367806434631
299.691994984945 306.017816066742 309.132635593414 309.222479661306 307.476401329041 306.130131085714 296.250879764557 282.687604427338 255.521814028422 247.810204823812 260.042548179626 280.527631441752 296.0071961085 302.467862764994 303.609112898509 298.416137695312 287.431339422862 283.628563086192 283.144156138102 285.816411177317 291.447798411051 296.657919883728 301.852901776632 305.466016133626 309.954384962718 312.478125095367 314.147571722666 313.565691312154 313.791871070862 317.474881807963 318.544606367747 318.826039632161 322.713792324066 325.438300768534 324.994782606761 321.292201677958 319.487949212392 316.581030686696 302.309314409892 302.157759666443 317.472497622172 321.365793546041 319.934785366058 316.671093304952 307.707250118256 299.673140048981
260.899146397909 272.274434566498 281.964818636576 289.5521124204 296.309411525726 301.861087481181 304.027497768402 301.565130551656 281.516591707865 259.209831555684 246.809045473735 253.946324189504 276.990056037903 295.798023541768 305.569271246592 298.469126224518 293.247481187185 288.572092851003 282.502174377441 278.257171312968 278.481900691986 277.497331301371 280.093868573507 289.729694525401 298.137466112773 303.388595581055 305.12406428655 304.884175459544 308.233896891276 311.714867750804 313.051263491313 315.480808417002 321.250240008036 323.519865671794 322.410007317861 320.250729719798 320.987105369568 321.989496548971 314.344048500061 309.923013051351 316.173593203227 319.84539826711 320.909182230632 319.875836372375 312.598486741384 306.386888027191
224.619408448537 229.500850041707 236.659904321035 247.782131036123 261.692345142365 275.459190209707 290.044844150543 294.769028822581 295.663833618164 285.690784454346 264.741837978363 246.200084686279 248.410761356354 268.827537695567 289.603193600972 291.244626045227 296.65195941925 294.881085554759 287.099897861481 278.924365838369 273.531019687653 271.013637383779 271.120667457581 277.820944786072 284.367362658183 288.348515828451 290.393193562826 293.642044067383 298.61174027125 301.999628543854 305.20486831665 308.89356136322 313.520848751068 315.318485101064 314.576029777527 314.711928367615 319.092154502869 323.744138081868 323.345820109049 320.605178674062 321.170171101888 323.935707410177 324.499090512594 323.29918940862 318.124612172445 315.95520178477
213.432669639587 209.353228410085 207.181652386983 207.199613253276 214.590668678284 229.342341423035 251.986622810364 270.626803239187 293.511033058167 296.832283337911 288.355867067973 269.690672556559 244.327465693156 242.252389589945 262.958168983459 284.632424513499 296.464165051778 298.286159833272 294.948220252991 287.666360537211 280.749996503194 279.903829097748 279.525717099508 280.286848545074 280.199646949768 278.694212436676 282.182315985362 289.115945498149 291.788319746653 292.882720629374 296.726743380229 300.385574499766 302.046736081441 303.332328796387 304.664194583893 308.090527852376 315.107444922129 321.255167325338 321.80776198705 323.35086663564 323.983550071716 324.016094207764 323.358436425527 323.156615098317 317.646125952403 315.821548302968
208.159506320953 181.863268216451 165.468315283457 159.984926382701 157.336980104446 163.540860017141 183.357040087382 215.697785218557 251.157204310099 280.903975168864 294.342517852783 294.535219669342 280.696988105774 259.005924065908 255.323906739553 277.375638484955 290.729304154714 299.980421861013 304.481407006582 302.019635836283 293.994963169098 290.668229262034 288.11909755071 287.960588932037 287.295977274577 285.269538561503 287.39058971405 293.918172518412 293.200135231018 288.518230120341 292.946537335714 297.118504842122 297.854046026866 298.175712426503 300.63651005427 305.803775787354 310.441772143046 312.873363494873 314.43727016449 315.213243166606 316.727697849274 319.447735945384 322.091162204742 322.806417942047 317.856272061666 316.162367661794
191.182176272074 153.624027967453 131.203750769297 128.129581610362 128.592977921168 133.752872546514 141.707231601079 168.539543946584 195.845127105713 241.549611091614 287.16520468394 307.658394177755 310.42617559433 297.770122687022 277.547478675842 273.852666219076 277.39429473877 289.828975995382 302.425762017568 307.481388250987 306.340475877126 301.486929257711 299.838960170746 297.44295279185 294.272840023041 292.773842811584 295.130292574565 296.043912569682 291.292707125346 288.106242815654 291.620373725891 295.375148455302 295.589824517568 294.821302096049 297.730882962545 300.685087839762 302.198151747386 301.449835300446 303.029497464498 303.224941094716 307.199994723002 311.397552490234 314.943909645081 315.852801005046 313.435753186544 313.407162825267
162.930458784103 135.88676850001 111.624817053477 109.521994988124 124.792675177256 147.241572539012 149.260441462199 158.591051896413 178.117672602336 208.319783210754 255.142192045848 302.902897198995 317.886233329773 316.319088141123 303.402364253998 279.873331387838 270.786345005035 271.926283836365 286.135037740072 304.617722829183 311.219155788422 307.06650018692 307.960391044617 303.844134012858 298.66902033488 298.961480458577 301.505366961161 298.474669456482 293.10135046641 295.042991638184 296.468575795492 296.006004015605 293.849845727285 292.9980357488 293.585022290548 292.197346687317 290.784041086833 287.588079770406 289.630770683289 290.249705314636 294.06213760376 298.428376515706 300.528168678284 300.275425116221 305.915574232737 309.201995531718
144.27325129509 133.436381816864 110.822250445684 100.557118654251 103.847245375315 129.254082838694 150.650868813197 157.909691333771 175.852497418722 188.155114650726 213.709632555644 262.875358263652 309.471706549327 316.333929697673 313.311696052551 305.14657497406 296.495815118154 283.319115638733 275.111556053162 284.508287906647 302.485942840576 310.046672821045 312.428851922353 308.726410071055 303.626795609792 304.560879866282 307.930668195089 304.622848828634 301.417291164398 305.676778157552 305.660287539164 296.967069307963 292.535205682119 289.85067208608 286.170125007629 285.2556904157 281.844039758046 279.933710892995 280.382752418518 283.106446266174 284.475644429525 286.928057670593 289.185523986816 290.326317151388 301.811814308167 307.404617468516
135.902901490529 137.952466805776 129.31760152181 111.992796262105 96.3891943295797 115.048656860987 141.730119784673 163.398851950963 181.804855664571 194.619218508402 201.90167427063 229.193607966105 265.49106836319 298.332591851552 315.689881642659 317.725718021393 315.574804941813 306.657473246257 291.527807712555 277.147392431895 286.454041798909 305.831869443258 308.679799238841 308.331648508708 308.679064114888 312.158584594727 315.036416053772 313.40624888738 310.80424785614 312.341014544169 308.285653591156 300.054391225179 294.842998186747 289.722720781962 284.256815910339 281.978964805603 280.108710130056 280.353446801503 279.459436734517 281.169931093852 283.381362756093 283.859133720398 283.973972002665 287.361562252045 295.119166374207 304.198324680328
143.056919177373 152.781744798025 156.804849704107 141.022106011709 121.17330233256 129.874606927236 150.405406951904 169.506410757701 190.823276837667 210.992932319641 221.400121847788 226.430853207906 247.162381807963 262.214203675588 282.000005245209 310.799856980642 315.826535224915 314.619183540344 311.117708683014 298.216780026754 281.898021697998 292.776385943095 299.010217189789 305.377741654714 312.237163384755 317.306319872538 318.836688995361 318.333784739176 313.622355461121 312.375704447428 307.105799516042 301.797429720561 296.159148216248 290.65348704656 286.856532096863 283.297896385193 282.790283362071 280.56393067042 279.920697212219 281.729896863302 285.235206286112 286.569396654765 286.171595255534 287.747859954834 289.244115352631 298.657774925232
152.624348799388 157.308399677277 170.43137550354 177.10147301356 164.815505345662 149.678707122803 153.075168530146 164.979696273804 180.164039134979 205.373028914134 218.520482381185 216.329415639242 225.299954414368 237.231731414795 255.250493685404 275.051156679789 291.553854942322 309.324304262797 310.506145159404 309.643010298411 303.508500258128 292.095303535461 292.989631493886 300.146043300629 308.40528011322 314.883192380269 318.530360857646 317.818899949392 311.510622501373 310.686488946279 306.108752886454 299.833655357361 294.507304827372 291.48272673289 289.317011833191 285.848716894786 282.721360524495 276.127060254415 274.663507938385 281.971991062164 287.397225697835 287.967403729757 290.091077486674 289.940516153971 286.711156368256 294.627249240875
