input/barkrak2/radiation/dir26324.grid
NCOLS 85 
NROWS 70 
XLLCORNER 665100 
YLLCORNER 4664600 
CELLSIZE 20 
NODATA_value -9999 
[rows 0 to 19 of 70, columns 0 to 45 of 85]
222.044428189596005 236.635386943817 250.5823969841 268.032113711039 275.888820489248 275.421679019928 267.166078090668 261.093954245249 263.376315434774 264.354228973389 263.804833094279 265.846451123555 265.419006347656 266.054670015971 268.242200215658 261.044442653656 250.898698965708 239.753206570943 233.532865842183 223.047077655792 216.967503229777 229.319930076599 255.375425020854 261.524081230164 264.646033445994 273.208777109782 270.618915557861 258.329749107361 242.490152517954 239.725649356842 235.927621523539 254.457632700602 295.125424861908 293.812155723572 292.835513750712 277.092198530833 283.784747123718 297.962089379628 292.730609575907 295.576254526774 278.614302476247 280.206104119619 291.379570960999 292.944848537445 284.603397051493 287.162085374196
201.267302036285 218.426823616028 232.289572556814 250.387867291768 262.329538663228 265.766203403473 261.651515960693 261.569301287333 270.922700564067 269.457598527273 265.477001667023 265.645424524943 266.479114691416 267.649233341217 267.440418402354 260.081251462301 255.635619163513 247.776329517365 242.431004842122 229.594826698303 231.407284736633 248.350501060486 267.6908771197 269.582231839498 274.960239728292 278.819938500722 272.41462469101 260.957678159078 247.305154800415 241.418878237406 242.256800333659 267.867187658946 295.522491137187 295.346697171529 292.347848415375 278.277715047201 285.802086194356 295.860290527344 292.624115943909 295.423706372579 287.699540456136 280.815879503886 282.923539479574 284.302751223246 281.958321730296 288.029889265696
164.448658625285 176.5163342158 189.166347185771 202.124238014221 215.765277544657 225.820521513621 235.227465629578 248.488148053487 259.898444016774 259.478092193604 257.332841555278 262.402355670929 271.775444348653 275.893151760101 273.150086402893 278.243541717529 280.103007952372 272.252023220062 257.353802522023 246.245503425598 252.202033996582 261.650522549947 268.78680785497 270.919680595398 276.927888393402 275.56981643041 268.031080563863 260.130008061727 251.332382361094 248.359282811483 255.226631959279 281.600892543793 292.911430199941 294.325133164724 292.071183522542 285.110692183177 289.086143175761 292.234539985657 293.336192766825 292.296131451925 286.82005405426 275.638043880463 266.833424568176 268.903374671936 278.851131598155 286.210437615712
145.353029171626 145.903329054515 154.162675142288 161.393582820892 168.391585350037 173.770566781362 181.109070777893 197.559912999471 218.196948369344 235.423366228739 247.945110003153 262.992739677429 274.967670440674 279.378096262614 281.226734320323 286.125858624776 283.72182448705 274.448712666829 260.451217492421 254.500349362691 253.411094347636 252.198994159698 262.673417727153 266.586979230245 268.39546362559 269.53665415446 266.034563382467 262.079278628031 259.45238272349 259.944081306458 261.101325352987 286.53218348821 291.59943262736 292.478819688161 290.608604749044 292.028625806173 292.811870574951 292.898595333099 291.982452074687 285.740415255229 275.089104970296 265.083034833272 260.766545931498 274.32390054067 290.844659010569 286.388436953227
167.745033899943 150.832792123159 136.819154024124 127.803554137548 130.953212579091 147.544940312703 168.704847494761 179.975191752116 190.758725007375 198.760390281677 221.158862113953 244.866450627645 259.743571281433 267.252544562022 272.787034511566 276.022593180339 270.773986975352 260.629157225291 256.445944309235 254.604538281759 249.859213829041 248.016516367594 258.946935335795 262.475768725077 265.417754650116 271.22974395752 268.359025319417 264.258742332458 261.83823744456 259.938339392344 264.986157417297 291.613896687826 292.918006579081 292.265633742015 287.963330745697 288.924217224121 291.299184163411 291.182637214661 283.650437990824 277.708907922109 273.792743682861 269.131064414978 271.34911219279 280.869603157043 285.486320654551 271.319290002187
211.910287539164 183.128714561462 153.920193513234 130.098352829615 121.419568856557 133.045037587484 158.399691184362 176.465968290965 181.037465731303 180.671473344167 191.535850365957 206.234455108643 216.738839944204 223.882257938385 233.089486757914 240.841031074524 242.632587750753 245.020051797231 251.829663912455 257.359027862549 257.477899392446 260.510484377543 262.709498405457 261.920968691508 265.775163968404 271.182894706726 270.024518171946 266.829331715902 264.812509218852 264.095902442932 277.895927429199 293.648620446523 292.13672876358 292.663156986237 286.939680576324 284.604867299398 287.404656410217 284.454723199209 275.69305896759 277.62766679128 275.952855745951 271.830439567566 273.366014162699 274.281879266103 268.102208773295 245.173633098602
235.467831293742 209.257066249847 187.64849503835 165.663113196691 144.183983405431 131.470700105031 138.627717892329 168.524563312531 183.063288529714 191.628813743591 188.512325286865 183.141569296519 178.734342257182 174.558877944946 176.416913668315 192.758282025655 206.114888191223 226.404885450999 245.786547660828 258.361538251241 263.151387373606 265.547831853231 265.535851319631 262.812515099843 264.788647492727 267.823954423269 270.055711269379 268.940071264903 266.233821709951 270.959377288818 283.640801906586 291.595876216888 290.883322556814 287.074824174245 284.405012925466 278.216004371643 278.639992078145 273.605306943258 271.774093310038 269.538621107737 263.970891634623 261.04466120402 266.12522204717 270.293871561686 259.704927603404 249.352753162384
246.109843254089 234.715382258097 221.858382225037 204.895039399465 180.557767550151 149.313688278198 127.187728881836 127.113739649455 162.148137887319 188.946465651194 197.454075018565 193.409959475199 184.090296427409 173.630396525065 159.645696481069 163.276970386505 176.660358905792 194.243490695953 219.353159268697 240.111490090688 252.558211485545 260.177393754323 266.880035400391 263.929545879364 262.389918168386 262.01605796814 262.929817040761 263.647437095642 263.035575548808 271.863083044688 281.422237555186 285.313606262207 281.946063041687 277.899742126465 272.590200106303 269.443094730377 271.595100561778 266.160806020101 259.376923243205 247.712175051371 248.470405737559 257.984856764476 273.147145907084 281.357983748118 272.002418835958 269.128044446309
237.918337186178 238.256017367045 233.341872692108 224.269350369771 209.456980228424 185.306429862976 153.543094793955 124.467372894287 138.131678104401 161.600271860758 182.691156864166 193.565885225932 195.96399863561 193.03023815155 179.515381654104 171.166618665059 168.395837148031 173.237880071004 188.449164231618 206.244905789693 223.553935686747 238.546093304952 249.55670038859 246.808727582296 248.583992322286 249.063750108083 249.380946159363 250.759959220886 252.976874510447 262.510577837626 267.818669478099 268.500924110413 266.408065954844 266.029238700867 265.605350335439 266.570846239726 265.842199325562 261.743287245433 254.562318325043 249.505897363027 263.385613759359 276.491522789001 284.352838993073 285.117467244466 272.426346937815 266.79257551829
205.361167589823 215.976417064667 221.490840117137 221.503376960754 218.206783135732 213.167150815328 194.951335589091 174.975872039795 142.232716083527 132.439951101939 146.616717179616 173.212687174479 196.380933125814 208.108186721802 208.739161491394 199.103593826294 183.121164639791 177.511612574259 176.69665813446 180.302500724792 189.042150974274 197.987735271454 208.722651004791 217.458228270213 226.97768608729 229.860166708628 230.976939201355 232.131123542786 234.601855278015 241.661469141642 243.090927600861 244.021693865458 250.610450903575 255.138278007507 258.515397707621 258.933424949646 257.525265216827 260.166585445404 254.373371601105 259.958684444427 278.713961442312 285.740733146667 287.240544954936 284.389615058899 271.316428979238 266.160507996877
146.81676030159 162.180791298548 177.441080411275 189.168473084768 199.739138285319 208.253661791484 209.490855534871 202.963531017303 173.33314816157 145.814597606659 131.206383307775 139.293859402339 168.09485356013 195.753077665965 212.015887101491 200.982848803202 192.467987537384 184.522310892741 175.835172335307 170.147399107615 169.849256674449 170.663257439931 175.326486428579 189.878165721893 203.974922498067 212.710698445638 214.471240838369 214.992920557658 221.427857875824 226.913571357727 230.174899101257 233.930329481761 243.747611840566 247.155209382375 247.349957625071 247.904578844706 252.377172311147 257.273117701213 258.225778738658 271.43007516861 282.478074232737 286.336898803711 286.043067773183 282.162030537923 274.842540423075 275.285085042318
90.5338227748871 108.354528745015 117.828677097956 131.322433551153 149.558842182159 167.220969994863 186.991890271505 193.84107987086 194.557925065358 179.513653119405 151.666800181071 130.203823248545 133.119146029154 157.443334658941 186.510920524597 190.969944000244 197.352488835653 193.352182706197 182.509402434031 171.105662981669 164.255857467651 161.851902802785 161.68870528539 171.257257461548 181.050101915995 187.979638576508 191.380302111308 196.102996667226 203.562676906586 208.347856998444 213.399529457092 218.939344088236 225.334306557973 228.874087333679 229.622801144918 232.046723365784 242.902716000875 254.089852174123 258.64589214325 271.370053291321 277.802189191182 279.522736867269 275.986552238464 272.282918294271 269.524991512299 268.384297688802
71.5337594350179 67.3090865214666 69.7756310304006 70.1889445384343 88.6788864930471 109.810471534729 136.447379986445 159.557362397512 190.657079219818 196.422020594279 183.796366055806 157.858033974965 127.981126308441 125.645538171132 150.094717741013 179.126739501953 196.362952391307 199.523746967316 193.570593992869 183.358192443848 173.899551232656 173.402965068817 172.882258892059 173.304736614227 174.393077691396 174.236396948496 178.667763868968 188.162446022034 192.220608393351 193.308293819427 198.850234349569 204.536775747935 205.952803293864 207.948605219523 211.41916513443 216.415027777354 228.6350329717 241.659204165141 245.097478230794 254.521210988363 260.83646217982 262.133359909058 261.200229326884 262.077291806539 258.122265338898 258.711059888204
72.9512472947439 48.92897605896 31.0754428307215 20.9678659836451 16.7233770092328 22.5871031483014 38.3719156185786 72.489008307457 102.319171031316 135.401537021001 171.599249045054 184.232314427694 172.127743562063 145.132939020793 141.310214996338 168.327728907267 186.789671579997 201.696594556173 209.361751874288 204.175551732381 191.552460193634 188.226739565531 184.582610925039 184.117654959361 184.37381585439 182.113866011302 184.835573037465 194.098750750224 194.288273652395 187.232454617818 192.326108614604 197.993000348409 199.47224855423 199.771205584208 204.150418440501 211.161931355794 217.463453610738 223.795413970947 228.069067001343 229.767044385274 235.46842734019 241.687496503194 248.61878156662 254.885951677958 250.823060671488 255.301078160604
78.7741839885712 48.5102037588755 21.3074212272962 10.8221049110095 5.37937879562378 6.52499434848626 24.1433059175809 48.2554137706757 65.6770567099253 100.612938404083 139.229555924733 161.255935827891 180.960694948832 174.263119697571 158.048977454503 152.610570192337 159.205466508865 178.129156430562 195.772965749105 211.527387301127 211.987574895223 204.934140046438 201.963484287262 197.693089644114 194.492896397909 193.195223808289 194.127440452576 196.672956148783 192.72901614507 187.167227268219 190.144499142965 194.871465365092 194.83083486557 194.616218407949 198.966145515442 202.375710010529 203.992009162903 203.129569689433 208.268443743388 208.468476931254 214.784423510234 223.138133684794 228.529930114746 233.592907587687 235.277533531189 239.749550819397
72.9324320952098 43.1644668181737 20.0516618788242 4.97362359116475 1.38916928942005 21.4199821154277 38.914625843366 52.5712519884109 66.1701112985611 84.8326583703359 115.710645914078 152.460952599843 172.094166278839 181.085685888926 168.688098589579 149.477024873098 145.141184329987 147.99443880717 168.161789576213 191.944797833761 206.467350323995 209.071358044942 212.314148743947 207.414170106252 201.444745063782 202.271203200022 204.38015460968 199.871122837067 195.317169030507 197.256565093994 196.864048639933 196.18022441864 192.42928425471 190.517942110697 191.463549931844 190.754195054372 187.615911165873 183.262864748637 186.875383059184 188.676714897156 193.581442038218 199.934959411621 203.385432561239 205.027798811595 217.890957991282 224.178036053975
55.0577342510223 46.9225943088531 25.9697859485944 1.12488058706125 5.38826733827591 25.5737826228142 43.3303564786911 57.5801134109497 73.1250196695328 81.3892384370168 98.4489421049754 131.323079268138 157.228499650955 163.871228694916 171.912372112274 172.325591246287 170.971790949504 160.591940085093 156.246155500412 164.594858884811 189.77963924408 203.266382217407 212.430715560913 208.76403649648 204.906185468038 208.325445652008 213.806986808777 209.55095688502 207.924524943034 212.856948375702 210.385580857595 198.283851146698 191.617031892141 186.982909838359 181.320230166117 180.178205172221 175.177276134491 173.051834106445 174.099485079447 177.99444993337 180.613776048025 183.209002017975 186.626334985097 188.89198700587 207.619408766429 217.714269955953
50.2461493015289 54.2498528957367 41.431354979674 6.2526303033034 9.64470828572909 31.2085126837095 50.2634694178899 70.5085347096125 84.1174324353536 89.2126063505809 97.2172816594442 109.46653286616 133.029103279114 148.185352484385 165.373851855596 178.146223227183 183.709323406219 178.526779015859 165.317008892695 151.878615220388 163.693696260452 183.824002742767 197.983384132385 203.697999318441 209.012607733409 216.676910718282 223.143716653188 222.461978594462 220.470666885376 223.735908667246 217.353761196136 204.846839110057 195.225556691488 186.577697594961 179.215312004089 176.137963930766 173.119564851125 172.995030879974 172.641297181447 175.033986568451 177.631676197052 178.7930727005 179.176112016042 183.194855848948 195.289333661397 210.072596867879
57.6781729857127 64.393828312556 63.7101779381434 28.9028162757556 23.9384447534879 48.8140682379405 64.5181834697723 82.5249850749969 96.8332091967265 106.027503808339 115.345944960912 117.343803246816 124.855001767476 134.658525387446 148.039360841115 168.804089228312 175.404588381449 180.383404095968 181.260426839193 169.612348079681 152.857442696889 166.224618752797 173.804740111033 183.886806170146 199.922760327657 208.649317423503 215.76189994812 228.105624516805 226.033488909403 222.872197628021 216.063419977824 209.658821423848 199.665009975433 189.348220825195 183.908780415853 178.650319576263 176.656822363536 173.247615496318 172.661979993184 175.592601299286 179.912328720093 181.913812955221 181.426286697388 183.393438657125 185.512026151021 199.915210405986
62.5775903463364 65.2638773123423 75.4834165175756 64.2725775639216 52.3635745048523 65.8612151940664 68.9205229282379 83.3688080310822 95.9121286869049 107.555001974106 115.557670593262 111.377358436584 110.121389230092 118.105997641881 132.263898849487 151.667614777883 160.862465699514 169.675469398499 176.440020402273 180.314878622691 171.959022680918 157.301207383474 159.268587827682 169.76390282313 182.572364807129 191.558877627055 193.991283575694 196.908831596375 191.019336382548 202.67113049825 198.894480864207 208.433489004771 199.349919954936 191.978176434835 187.348365783691 181.763291358948 177.525202433268 167.782664299011 165.571669737498 174.79548851649 181.159257888794 183.616995811462 186.622202396393 184.832115968068 181.82506163915 191.925684611003
