input/barkrak2/radiation/dir24624.grid
NCOLS 85 
NROWS 70 
XLLCORNER 665100 
YLLCORNER 4664600 
CELLSIZE 20 
NODATA_value -9999 
[rows 40 to 59 of 70, columns 0 to 45 of 85]
233.822822570801 235.109249750773 234.180510044098 237.146655718486 244.818449020386 249.696691830953 253.407716751099 258.624255657196 257.359464963277 240.183790524801 228.201925754547 221.923450628916 220.945437749227 216.82475010554 213.812450567881 212.52699693044 211.307088534037 210.469563802083 205.502331256866 203.289051850637 207.255442937215 212.346156438192 215.409934520721 210.453232129415 206.160028775533 203.772107760111 215.091029802958 217.768271764119 220.3369140625 220.105449358622 221.03210290273 224.594473838806 218.998869260152 223.153789838155 251.480996608734 251.033226648966 238.653818766276 231.08168443044 233.812928199768 239.031771818797 252.5674700737 273.934940497081 249.112824598948 172.24109172821 110.467930634816 82.0468912521998
239.851534366608 236.857771873474 236.125111579895 237.634122371674 232.479552427928 229.825715223948 227.225263913473 229.757686456045 231.62176211675 224.024037520091 215.62514702479 217.286308606466 219.422578811646 219.858745733897 216.760516166687 213.120659192403 209.408084551493 216.167946656545 215.096533298492 210.274914900462 211.808959643046 212.491154670715 212.878187497457 214.343428611755 214.650948842367 208.914419015249 215.83092212677 217.366814613342 220.526019732157 221.572717030843 224.111199378967 224.711298942566 220.920821030935 233.384033044179 246.096809705098 237.07393805186 220.01580397288 212.704042593638 214.742263158162 225.899259249369 257.111529509227 271.133323510488 260.528683662415 216.913998126984 151.020149389903 110.905468463898
242.092887560527 239.674687385559 241.167664527893 239.98902241389 234.008570512136 229.911903540293 227.407077948252 222.822546958923 223.005493481954 219.297846158346 217.631737391154 215.26183684667 219.527085622152 222.075422604879 221.996267636617 217.808683713277 215.326587359111 219.729125499725 222.815811634064 214.678108692169 211.406747500102 209.677259127299 207.567652066549 206.738432248433 212.600330511729 208.532849947611 204.845428466797 210.568288962046 214.97917175293 219.085574150085 219.626327355703 218.956053256989 222.599565982819 239.423473676046 244.738479455312 222.39887714386 205.522775650024 206.443150838216 214.86641963323 228.656888008118 239.149928092957 240.018844604492 227.737466494242 206.341624259949 159.906923770905 102.89803147316
226.634919643402 229.137778282166 237.108747164408 234.996994336446 236.478726069132 238.680203755697 237.698674201965 232.115010420481 220.758895079295 219.795087973277 223.045845826467 217.428783575694 218.116124471029 220.979809761047 220.509688059489 218.382477760315 218.174874782562 219.290614128113 220.78808148702 214.249630769094 208.019196987152 207.236409187317 204.108834266663 202.427307764689 204.715311527252 210.032482941945 204.242885112762 206.418414910634 211.175700028737 214.487214883169 212.493638197581 208.47894748052 218.268712361654 230.643967787425 229.2720079422 207.81139532725 201.950589815776 212.884942690531 225.41085879008 229.028741518656 224.981447060903 221.543391545614 212.646702925364 191.087086995443 155.387431383133 106.553832689921
224.709530671438 229.802787303925 232.953170935313 233.02686214447 234.737932682037 237.213790416718 236.335794130961 231.763422489166 227.231323719025 222.791870435079 223.103483517965 220.50803899765 215.447684129079 213.204423586527 213.841299215953 212.661961714427 209.395865599314 215.361714363098 216.334382692973 214.686612288157 209.66237783432 207.507570584615 207.678894201914 206.980327765147 203.614513079325 214.03177579244 216.47576491038 213.248689969381 212.431391080221 212.270935376485 206.574658552806 202.670772870382 207.441290219625 210.334380467733 208.284139633179 201.888581116994 206.018328666687 220.787882804871 229.468524456024 223.037898540497 222.853362560272 214.375297228495 204.859137535095 188.027103741964 161.4042421182 124.221424261729
229.926307996114 234.437863032023 231.08047246933 234.649101893107 232.302765051524 232.448140780131 234.08176501592 231.58586025238 232.553422451019 226.580758889516 225.573043028514 224.821627140045 218.853731950124 215.094943841298 212.914148966471 215.340813000997 209.419965744019 211.432814598083 216.166357199351 215.671261151632 212.168991565704 211.090405782064 210.78630288442 210.72914203008 210.842887560527 209.988216559092 218.454380830129 216.389377911886 213.740487893422 213.328957557678 207.655429840088 203.110019365946 205.79606294632 200.766722361247 193.182428677877 183.976451555888 197.01357682546 215.059995651245 218.306263287862 205.632567405701 210.151274998983 203.019380569458 196.239471435547 195.525348186493 186.84720993042 152.757704257965
229.266206423442 229.937891165415 232.989589373271 235.354284445445 234.221736590068 233.915388584137 235.780437787374 236.302852630615 233.11173915863 229.983230431875 228.707094987233 226.337015628815 223.110179106394 218.7579870224 218.288362026215 220.652063687642 218.187073866526 211.19765440623 217.013955116272 217.215935389201 213.624835014343 213.674525419871 213.596224784851 209.129393100739 216.314117113749 209.786315759023 212.649524211884 214.280645052592 213.504095872243 213.779211044312 210.754116376241 206.680496533712 204.633116722107 199.591338634491 194.524387518565 189.161062240601 194.799621899923 206.129133701324 206.937293211619 205.083986123403 207.595308621724 198.339104652405 200.032631556193 209.258874257406 207.602461179098 176.473279794057
223.631302515666 224.740425745646 230.516076087952 231.587628523509 235.211332639058 236.404259999593 233.142574628194 233.511070410411 233.548720677694 233.603755633036 230.669558048248 225.927571455638 224.758426348368 223.109324773153 220.658123493195 218.739728132884 216.381847858429 209.001104036967 213.688751061757 216.901977856954 212.844808896383 212.412714958191 215.963621934255 207.556207974752 210.760315259298 210.445543130239 207.148134708405 210.556467374166 212.653716405233 211.039662361145 210.728486378988 210.306982199351 203.869044780731 204.360465208689 210.160692532857 206.30145072937 203.864475091298 202.960828940074 206.575751304626 217.214226722717 209.564566612244 199.597080548604 205.171386400859 210.789283116659 206.620554129283 188.132723172506
216.289242108663 218.117237091064 224.15558497111 226.997435092926 233.150641123454 236.793478329976 233.002901077271 231.271982192993 234.258611996969 234.533886114756 233.274658521016 227.935969829559 226.153870423635 225.335518519084 223.005990187327 217.182675997416 215.227882067362 209.294597307841 212.641894817352 216.645280520121 216.874202092489 215.255379676819 215.99155664444 210.891822973887 210.385958353678 213.731686274211 209.481100241343 214.30504322052 219.521800676982 221.78049882253 225.204765796661 225.590924421946 214.451233545939 217.125535011292 220.21871805191 217.741767565409 216.514964898427 212.00571457545 210.96275250117 215.143044789632 204.64684565862 197.62913386027 194.173177083333 192.188103993734 189.461946487427 187.96710173289
215.056161085765 211.260239283244 216.332634290059 224.806666374207 229.087849458059 232.917428016663 234.535276889801 236.536920070648 237.008949120839 232.453008492788 234.766225020091 233.108123143514 229.61304585139 225.668629010518 224.396785100301 219.190080960592 217.986623446147 212.484816710154 214.961548646291 219.886740048726 220.569491386414 221.215128898621 217.340449492137 216.606517632802 212.110280990601 218.027174472809 218.323906262716 220.061818758647 225.895921389262 232.392072677612 240.524689356486 240.102529525757 230.837066968282 227.121969064077 222.17998902003 220.369478066762 221.233487129211 221.74483537674 216.091354688009 203.335523605347 192.446847756704 194.283783435822 193.059921264648 187.268038590749 183.714429537455 187.681972980499
216.175675392151 217.025319735209 219.483037789663 226.519127686818 226.804316043854 228.172560532888 234.362423419952 238.895297050476 237.400194009145 236.660083134969 236.454029877981 236.770828564962 231.827159722646 226.274331410726 224.779446919759 228.419502576192 219.750185807546 217.532197634379 218.002915382385 223.859628041585 226.441025733948 221.289455890656 219.538509845734 217.873613039652 213.017046451569 218.979954719543 224.457840124766 225.079258282979 229.527036348979 236.797312895457 243.888139724731 247.753183046977 238.605618476868 229.349235693614 216.514110565186 212.178270022074 217.014670372009 223.778982957204 215.369979540507 194.657305876414 187.72941827774 197.504659493764 199.998497962952 193.124373753866 188.000619411469 180.494745572408
214.620312054952 223.01193078359 225.298504034678 228.748261928558 227.050026257833 226.324995358785 231.626649697622 237.269520759583 235.661228497823 239.777584870656 236.69179280599 236.440002918243 232.683916886648 228.137155373891 224.967658519745 232.551574707031 225.257953008016 217.43498245875 216.825564702352 220.385154088338 220.972061157227 218.952099482218 218.831896781921 214.743653933207 212.003191312154 213.650405406952 217.976073424021 218.670090039571 220.705449581146 227.141082286835 236.301143964132 243.115206559499 229.788343111674 210.171182950338 173.293868700663 166.402955849965 190.446774164836 209.610164165497 216.447591781616 214.463750521342 214.168230692546 207.710027694702 190.087119738261 185.106058915456 193.765262762705 180.94011147817
215.947826703389 213.374376296997 214.003264904022 218.498786290487 224.579532941182 228.679239749908 227.236231168111 233.87078444163 233.816822369893 236.298044522603 237.520833810171 237.906992435455 236.294647057851 231.5487464269 226.141254107157 227.226555347443 227.786819140116 217.096924781799 211.512366930644 213.203728199005 212.60937054952 213.397165139516 213.470995426178 209.562559922536 208.093921343486 205.039302508036 208.655039469401 209.507644176483 209.341247876485 208.712299664815 212.148308753967 223.993798096975 212.565143903097 181.92329009374 149.409552415212 130.879412094752 143.755962451299 173.763811588287 204.826235771179 215.065956115723 216.508547465007 202.136953671773 182.509084542592 180.317083994548 184.19889609019 170.854985713959
221.19285662969 211.454053719838 207.175095876058 212.859749794006 223.275005817413 231.687486171722 229.339778423309 231.601277987162 232.462882995605 232.439915339152 233.908096949259 236.697753270467 237.433214982351 235.641956329346 228.229324022929 225.624899069468 228.655139605204 218.670825163523 213.611503442129 216.970165570577 216.036836306254 212.620377540588 210.701028505961 206.388413906097 205.342531204224 203.626255194346 203.020612398783 203.274448712667 201.813499132792 197.984059651693 186.478813489278 194.490611553192 181.683262189229 162.730822960536 148.007571697235 131.480226914088 115.521242221196 125.111112991969 147.850016752879 180.889447530111 195.742626984914 186.631480852763 177.746176719666 174.224555492401 167.054911454519 156.660348176956
222.620209058126 216.528038183848 210.825542608897 214.889486630758 223.392923672994 232.086857159932 233.775595823924 231.379787127177 233.901699384054 232.404490311941 234.457115332286 236.500024795532 236.992796262105 238.485773404439 230.801006158193 231.462518374125 231.110612551371 222.873131434123 217.297454675039 220.994333426158 220.987319946289 216.464638710022 213.51303656896 212.080677350362 208.068052927653 207.137922445933 204.974134763082 202.263136704763 198.262890179952 193.08070341746 179.537395636241 183.159708976746 174.284021059672 170.903027057648 172.72957166036 165.399054686228 141.991913318634 126.555542151133 116.11274878184 129.727820555369 162.777771552404 165.353427330653 155.201494693756 142.147014538447 139.393389225006 144.993801911672
226.079901059469 223.732610543569 215.911010901133 212.294658025106 217.518448829651 230.157971382141 233.796318372091 231.301526228587 232.606212298075 235.103030999502 240.830461184184 240.614553292592 238.492389520009 239.376187324524 235.89026927948 234.154323736827 234.071850776672 230.627179145813 224.405745665232 221.939126650492 219.897548357646 215.741952260335 215.673963228861 216.422458489736 211.753884951274 209.333797295888 203.563253084819 193.343997001648 186.771631240845 183.701833089193 182.661890983582 187.337676684062 179.936627546946 186.841050783793 197.332402070363 200.678010781606 196.767588456472 181.597848733266 162.46638695399 127.656847238541 133.890330791473 150.719861189524 149.678359429042 139.299929141998 141.508281230927 157.708485921224
228.35765282313 227.225959300995 224.17273124059 215.917646884918 215.250253677368 225.876887639364 231.960495313009 231.304407119751 229.845543702443 234.615524609884 242.987891038259 242.583672205607 239.779651165009 240.203261375427 237.795313199361 233.228007952372 232.75097211202 227.347413698832 222.101092338562 220.398306846619 220.754524072011 221.7089732488 215.712408224742 213.969151178996 211.544195810954 205.090959866842 187.085509300232 165.72246948878 161.391496658325 166.859229405721 180.016418298086 181.459228197734 178.738196690877 185.714205106099 196.647842725118 213.611880938212 224.959333737691 224.605361620585 220.190087954203 170.165816942851 139.085630575816 154.552489519119 169.707814852397 176.649153232574 181.467354297638 193.814754486084
228.874325752258 224.960148334503 226.112922032674 224.194447199504 217.500269412994 221.394658088684 231.573879718781 232.004185517629 229.544341564178 231.806715329488 239.179412523905 240.104417006175 236.526489257812 236.465851465861 237.275083859762 229.911605517069 230.02701997757 226.506153742472 222.705105940501 223.088065783183 225.297451019287 224.162836869558 219.310442606608 212.905784447988 209.819674491882 209.937671820323 192.180673281352 169.141888618469 166.179974873861 174.935281276703 186.007042725881 186.922232309977 192.672928174337 198.903381824493 212.502936522166 217.619359493256 215.923587481181 185.117900371552 171.706477801005 167.771220207214 170.116206010183 184.298972288767 182.816167672475 168.74102751414 159.42840774854 176.420311133067
218.535780906677 223.26264778773 223.530014355977 224.206964174906 220.063865184784 216.804305712382 230.673432350159 234.527230262756 229.673425356547 230.166574319204 235.487322012583 240.198254585266 237.686276435852 232.582966486613 234.833061695099 230.498790740967 225.557208061218 227.917651335398 227.164606253306 228.212694327037 228.9018034935 224.956174691518 223.026394844055 216.775794823964 215.836822986603 218.95964940389 213.960270086924 205.800890922546 203.125754992167 206.473092238108 202.38196849823 195.860743522644 203.416128953298 209.69690879186 209.175328413645 190.344492594401 177.614132563273 128.146568934123 105.423639218012 139.23043012619 177.3428718249 189.805706342061 182.213306427002 171.03511095047 167.422950267792 176.46582921346
206.567049026489 220.463951428731 221.146066983541 221.59073750178 221.657435099284 216.410279273987 224.147975444794 233.384966850281 238.821546236674 234.421531359355 234.648029009501 237.646579742432 237.764477729797 235.365271568298 233.98745059967 233.029166857402 226.999640464783 225.153466065725 222.228089968363 220.114648342133 223.996778329213 222.930411497752 221.888164679209 220.15243768692 221.185008684794 227.833251158396 235.762695471446 235.156377156576 219.971080621084 219.598988691966 209.047039349874 197.568873564402 203.86270682017 188.022971153259 160.050342480342 132.342447837194 110.605925321579 107.410937547684 91.4841691652934 102.242787679036 126.038243373235 157.933950424194 180.92809120814 202.444652716319 226.31561756134 227.189302444458
