input/barkrak2/radiation/dir27424.grid
NCOLS 85 
NROWS 70 
XLLCORNER 665100 
YLLCORNER 4664600 
CELLSIZE 20 
NODATA_value -9999 
[rows 0 to 20 of 70, columns 0 to 45 of 85]
194.169084231059003 209.778010845184 226.019740104675 245.857775211334 255.330006281535 255.47711054484 248.046716054281 242.551585038503 243.791619936625 245.82827091217 245.067576567332 245.912214120229 244.350870450338 245.082259178162 247.026761372884 237.669905026754 226.113835970561 214.944283167521 209.721704324087 198.955535888672 195.844014485677 210.66278219223 237.420121828715 245.131214459737 247.281114260356 257.953027884165 256.696502367655 242.392023404439 226.916591326396 225.066363811493 220.908919970194 241.385360558828 285.549283027649 284.144024054209 279.259105523427 267.526149749756 272.067705790202 287.267168362935 283.953626950582 282.886723677317 270.332813262939 271.429260571798 283.269504706065 282.369871934255 270.81165711085 273.902098337809
172.303557395935 190.224369366964 206.034719944 225.68666934967 239.176611105601 243.916153907776 242.229203383128 243.969519933065 252.496480941772 251.910984516144 247.972230116526 246.448119481405 245.409409205119 246.384064356486 246.229290962219 237.224956353505 230.714996655782 222.819010416667 217.250486214956 206.266045570374 210.19979317983 230.861306190491 251.527567704519 254.581650098165 258.299311002096 263.22998603185 258.393009503682 245.753586292267 231.845418612162 226.946314175924 227.766195933024 255.176981290181 286.561489105225 286.020557085673 279.122134049733 269.476155440013 274.964272975922 287.632842858632 282.514989376068 283.716261386871 274.742285410563 273.078501224518 271.261016527812 270.203590393066 267.278512318929 273.841102917989
135.677953561147 147.960076729457 160.885473092397 174.267371495565 188.344717025757 199.247479438782 209.692160288493 225.709696610769 239.147484302521 240.078091621399 240.335822105408 244.052469730377 252.461075782776 256.296416123708 255.090097586314 258.845806121826 259.351074695587 249.771098295848 233.259479204814 222.645401954651 230.638225873311 244.445323944092 253.192146619161 255.816658337911 260.998527208964 259.899576505025 254.093209902445 245.103259881337 236.225088437398 234.891732533773 243.29799413681 270.977079868317 285.413384437561 285.736719767253 279.776990413666 273.852070172628 280.93433380127 285.358548164368 284.346620241801 281.507392724355 274.023056030273 264.703293641408 253.151595592499 251.574436823527 261.404017607371 271.804849306742
116.541932026545 116.571038961411 125.307440757751 132.501870393753 139.36044772466 144.799868265788 153.171638647715 170.353432496389 192.14787085851 210.930645465851 225.57673851649 242.852171262105 255.334238211314 259.993712107341 262.73920138677 268.82404088974 266.428927580516 255.48388560613 238.901654879252 231.979350248973 231.202522913615 230.425993601481 242.710550626119 249.39626455307 250.06902217865 251.356422901154 250.929156939189 246.951222419739 244.837800661723 246.838986873627 249.816616376241 276.523808638255 283.819615840912 283.736288547516 280.587474505107 281.950374444326 283.728182315826 284.193476041158 281.364560127258 271.167476971944 263.076404730479 251.051366329193 246.478378772736 259.667197863261 275.866250197093 269.923845926921
139.066348473231 121.933341026306 108.838031689326 97.8000561396281 99.5189150174459 118.435889482498 140.411059061686 152.019818623861 162.8304819266 171.230713526408 195.165276527405 220.869203408559 237.160245577494 245.569825172424 252.179900805155 256.261825561523 250.906229019165 241.435845692952 235.326806704203 232.167363166809 227.349559466044 225.11883576711 236.416419347127 242.965261141459 245.967169602712 252.376218636831 251.697758833567 249.252438545227 247.275789578756 245.655318101247 252.130726973216 280.891577402751 283.395290374756 282.240649064382 276.835242907206 278.343200683594 279.310544331868 278.284748395284 267.579356829325 260.46367486318 258.321086565654 255.26495774587 259.076237678528 267.952501773834 272.089103857676 255.358735720317
184.30507183075 154.416879018148 125.358422597249 101.393868525823 92.2296444574992 103.797872861226 129.946331183116 148.381918668747 153.148730595907 152.356644471486 163.433293501536 178.752462069194 189.789175987244 197.324295838674 207.337359587351 216.657161712646 218.884925047557 223.46043586731 230.689883232117 236.323197682699 236.408988634745 238.875150680542 239.773631095886 240.825792153676 244.93004878362 250.932256380717 251.70091787974 252.121488253276 250.707924365997 250.686466693878 264.421145121257 281.826396783193 278.857549031576 278.845310211182 273.613890012105 271.612544854482 273.585160573324 269.808232784271 260.090311368306 261.061986287435 260.19283135732 257.433851559957 258.806586265564 261.953175067902 251.937568187714 225.521365801493
209.582646687826 182.302534580231 159.247984488805 137.18776901563 114.94368314743 102.283716201782 110.203832387924 140.230447053909 155.173410971959 164.02679681778 160.360634326935 154.904921849569 150.407522916794 146.042823791504 148.423165082932 165.326257546743 179.445167382558 201.112310091654 222.479164600372 236.436406771342 242.962876955668 245.837330818176 244.004468123118 241.06760819753 243.631402651469 246.205886205037 249.417324860891 251.155098279317 251.465062300364 256.471534570058 269.186496734619 276.813189188639 273.286779721578 269.599715868632 267.366607983907 263.287921746572 263.222098350525 258.40562582016 253.957748413086 250.463783740997 245.187441507975 243.462045987447 249.25422668457 255.514721075694 245.075941085815 234.105229377747
221.198419729869 208.95246664683 195.343236128489 177.272836367289 151.914993921916 120.108266671499 99.0989506244659 96.5639551480611 132.096479336421 161.219934622447 169.711987177531 165.649791558584 156.048079331716 144.715229670207 131.272594134013 134.971350431442 148.66977930069 166.906674702962 192.936996618907 215.27087688446 229.460537433624 239.528437455495 246.460735797882 242.583374182383 240.862051645915 240.003069241842 241.178135077159 242.214202880859 244.15647983551 253.156503041585 263.715227444967 267.494360605876 261.979440848033 257.021605968475 251.686493555705 249.697426954905 253.603378931681 249.881784121195 242.880086104075 227.651039759318 227.022608121236 237.145026524862 254.259685675303 264.078199863434 259.474992752075 258.152723312378
212.745110193888 212.945520877838 207.342485586802 197.46196269989 182.134787241618 156.973789135615 123.883247375488 95.2435632546743 109.245399634043 132.647742827733 154.293914635976 165.970106919607 168.693979581197 165.598491827647 151.64186557134 143.032789230347 140.194276968638 145.143210887909 160.813013712565 179.487029711405 197.821219762166 214.287360509237 226.418713728587 224.191009998322 226.104279359182 225.64031680425 226.39004389445 227.70353158315 230.227927366892 240.521232287089 246.818939844767 247.091670831045 244.274914264679 243.535757064819 242.913921674093 244.418362776438 244.767765204112 243.776659170787 237.498263518016 230.88796933492 243.645866711934 257.307092348735 266.331235567729 267.866015434265 259.082674980164 252.957264582316
178.232332070669 189.302305380503 195.083677768707 195.073525110881 191.589077313741 185.699701309204 166.507591803869 143.823017676671 113.1957868735 101.919561624527 116.954247156779 143.558949232101 168.33750406901 181.235512097677 182.112554709117 171.893795331319 155.304004748662 149.525801340739 148.088137308757 151.770114898682 161.559502283732 170.914769172668 182.410538196564 191.923181215922 202.232281366984 205.15376329422 206.169168154399 207.212885220846 210.101346174876 217.541257540385 218.981703122457 220.026353995005 226.903796195984 231.595238049825 234.918713569641 236.297170321147 235.063473383586 239.118059476217 236.778080463409 243.204991022746 260.699868202209 268.585403760274 270.488222440084 267.605245113373 257.99693663915 252.605795860291
90.9826556841532 118.18606654803 135.054965813955 160.737991333008 172.377248605092 181.120495001475 181.370596090953 174.248933792114 142.700771490733 115.288684765498 100.692848364512 108.914812405904 137.565980354945 167.13939110438 184.741139411926 173.624138037364 164.667983849843 156.738807757696 147.219787041346 141.391068696976 141.82718594869 141.692111889521 147.207160790761 162.665555874507 177.530606587728 186.762849489848 188.513040542603 188.841025034587 195.725878079732 201.440234978994 204.903880755107 208.788514137268 219.059665997823 223.539113998413 223.161776860555 224.33865070343 229.467173417409 234.936316808065 240.213632583618 254.402120908101 264.964620272319 268.220941225688 266.252775986989 263.504823048909 259.479324022929 261.056264241536
58.0309182405472 57.2511653105418 67.5043016672134 81.4008861780167 101.854830980301 122.505237658819 143.077433109283 164.832164843877 165.29706120491 149.539122978846 121.041884024938 99.7936129570007 101.536134878794 126.440038283666 157.106180985769 162.543108065923 169.369200865428 165.495504935582 154.168476661046 142.418364683787 135.51131884257 133.272508780162 133.50314895312 143.264591693878 152.622034152349 160.054077704748 164.276460806529 169.184307257334 176.677306493123 182.086030642192 187.398930390676 193.127393722534 199.806253115336 203.610479831696 203.93713315328 206.802407900492 218.546032905579 230.704585711161 237.094382445017 251.032551129659 258.238116900126 259.422838687897 256.239354610443 252.217630545298 249.364693959554 248.617470264435
45.9376076857249 39.0414868791898 35.3622088829676 27.3736367623011 28.3617774645487 48.3589768409729 72.2657988468806 95.3948398431142 122.368156909943 124.361664056778 129.515290260315 112.435678641001 87.8780484199524 86.6331954797109 107.839634021123 138.343513011932 156.794329484304 164.229502280553 161.924441655477 152.76034673055 144.341995318731 144.077301025391 144.471118847529 144.958555698395 146.218826373418 146.483361721039 151.006430387497 160.791903734207 165.021608273188 166.258205970128 172.015269597371 177.885274092356 179.278353850047 181.369920571645 185.124456882477 190.520544846853 203.439831733704 217.565516630809 221.458196640015 231.220106283824 238.559365272522 240.08971452713 239.156464735667 239.305913448334 236.814379692078 237.423698107402
47.7140347162882 27.5759150584539 12.3380087316036 7.42739314834277 1.92634761333466 0.0894521363079548 6.79103719691436 41.9834603865941 74.0792105595271 93.3861136436462 112.122466166814 123.059064149857 111.711998780568 98.7248520056407 94.6800112724304 117.121279239655 135.14452179273 151.278634866079 160.619129737218 162.538319826126 154.265026251475 152.777383724848 150.812149047852 153.066664934158 153.797576824824 154.312610626221 157.265484333038 166.451533635457 166.867931683858 159.537186225255 165.147751569748 171.006858348846 172.493994235992 172.792335351308 177.411556243896 184.87960100174 191.493213176727 198.226054509481 202.870825926463 204.888741175334 211.119651794434 217.913071314494 225.572148958842 231.876651446025 228.230834007263 233.899593353271
54.3164412180583 25.7240310311317 7.82917067408562 2.04726153363784 0.110420301401367 0 5.92794890205065 27.1514529983203 43.4722403685252 69.2607313394547 93.3926204840342 118.959287802378 129.840075969696 124.963214000066 112.241228421529 109.783351421356 114.621818065643 130.954444408417 149.819582700729 164.074798425039 169.270634651184 164.065619309743 162.729203701019 161.209315061569 159.068216880163 158.421754837036 162.146250406901 166.341652472814 163.886864980062 158.995519081751 161.95805867513 167.72069533666 167.656044165293 167.412797609965 171.940863132477 175.630370775859 177.320202191671 176.407674948374 181.838194529215 182.222048441569 188.868463039398 197.713414827983 204.537431399027 209.256748358409 211.563448111216 216.781119505564
45.1983461777369 29.2693724234899 6.98647710184256 0.506048634027441 0 4.6385924021403 17.4582439164321 29.726654291153 43.7165399392446 59.0927650531133 83.2426398992538 112.929393847783 134.509881337484 143.809765577316 132.618010044098 110.801974932353 103.817959626516 107.990543047587 122.868378957113 149.10035332044 163.732479015986 165.760417779287 171.306133270264 167.457063992818 164.085547129313 167.25879907608 169.219891230265 167.221665382385 164.10090525945 166.944801807404 167.772392431895 167.408466339111 164.310187101364 162.357221047084 163.389027118683 162.790854771932 160.274823506673 155.792663494746 159.540524085363 161.565800507863 166.617820660273 173.220813274384 176.833351453145 178.778688112895 192.63619184494 199.373781681061
40.422094364961 32.7973216772079 13.456533352534 0 0.200672637826453 6.26145924131076 21.7468043168386 33.9384426673253 48.2126027345657 54.948682586352 70.7186311483383 98.0372031529744 122.592359781265 137.676397959391 141.316145658493 137.708743413289 132.001280784607 120.981027682622 114.601830641429 121.6861307621 145.285109678904 158.405731121699 168.253461519877 167.135993639628 165.268361568451 171.73045873642 178.408662478129 175.4003961881 174.721042315165 181.460340817769 179.238796234131 166.933755079905 161.344865957896 156.198342641195 151.763061682383 151.804576317469 146.211365858714 144.670327504476 146.31258447965 149.899005889893 152.486801147461 155.878831942876 159.409493207932 161.902854839961 181.507050991058 192.227264245351
35.9238733847936 35.5170369148254 24.588406085968 0.476671538005273 1.05302113418778 14.2562973002593 28.039758404096 43.9237803220749 58.031752705574 61.8835687637329 70.11578977108 85.6473048528035 106.370598077774 122.03128139178 138.698786497116 150.553812583288 151.214728752772 142.408659060796 129.160563151042 116.01401368777 125.506410996119 147.42382367452 156.372090180715 161.183774471283 164.691189924876 168.488403161367 172.73352543513 178.58761548996 188.950339953105 191.263318061829 185.349941253662 173.737724622091 164.26283121109 155.970672766368 148.66844813029 146.157503128052 142.686714728673 143.948793411255 144.289205471675 146.744459867477 149.388204018275 151.329964399338 151.70947710673 155.097881952922 168.512841065725 183.996836344401
37.5646303097407 45.725221435229 44.3008244037628 12.5358353058497 9.0567252288262 28.9146055777868 40.4441232482592 54.2326072851817 69.4394359985987 82.3771854241689 89.867889881134 91.5824870268504 101.051171620687 113.867233196894 126.238932212194 143.017609914144 152.837117513021 153.767079114914 152.903606494268 138.991544644038 120.741178592046 132.246136665344 142.943014701207 152.073641618093 162.605146567027 166.15292429924 167.830646038055 173.6980676651 166.836003462474 177.863935629527 169.033924738566 179.147243499756 169.809877872467 157.898962497711 153.183430433273 148.124188184738 145.48255999883 142.020384470622 141.774545113246 145.220965147018 150.866558154424 153.083403905233 152.611553668976 155.228118101756 157.418936491013 172.374447186788
43.6194390058517 40.190244714419 54.7806173563004 41.9029841820399 29.3195123473803 43.3351745208104 45.9598700205485 53.5281201203664 67.8886969884237 83.4701259930929 91.6782220204671 87.8914992014567 88.3596539497375 97.1510907014211 111.993094285329 127.19072898229 139.985928932826 147.174735864004 152.682860692342 154.053896665573 145.967831214269 133.231451114019 134.272396564484 143.869906663895 153.825094302495 158.674716949463 165.997852881749 163.289864857992 158.238311608632 153.833786646525 146.975229183833 154.745519161224 147.816956043243 161.370803912481 156.50874376297 150.090754032135 146.168977022171 136.706570784251 134.510278701782 142.584323883057 149.299959341685 152.149786551793 155.126680930456 154.737124840418 152.653237183889 163.012315829595
51.2399176756541 40.1334688067436 43.6961948871613 58.1952929496765 52.9952843983968 48.0291793743769 43.7106390794118 51.7216920852661 62.2375706831614 73.4048833449682 80.4320722818375 81.6435019175212 80.6632290283839 82.4531863133113 93.3712919553121 109.163085619609 122.062385082245 130.340158939362 142.63923962911 158.563137054443 165.791799624761 151.873588562012 151.600142319997 152.449270089467 150.464902321498 147.67732222875 151.37920777003 146.873186031977 152.2536277771 142.287949721018 128.655612468719 122.747053702672 102.308551470439 92.3043390115102 97.6901650428772 111.639519532522 113.289266824722 135.134031375249 136.84555888176 140.877664089203 144.520858923594 145.51102121671 148.590862751007 141.105701526006 146.774500608444 151.438027620316
