input/barkrak2/radiation/dir25424.grid
NCOLS 85 
NROWS 70 
XLLCORNER 665100 
YLLCORNER 4664600 
CELLSIZE 20 
NODATA_value -9999 
[rows 20 to 39 of 70, columns 0 to 45 of 85]
88.6692901452382 76.429416735967 83.2970639069875 107.225348552068 103.274365266164 90.4676814874013 83.5845073064168 94.6897466977437 107.279558976491 118.816008170446 127.180854479472 124.139487743378 119.271437327067 126.093705495199 134.926130374273 150.844573974609 164.768695831299 174.346784750621 188.130040963491 203.63461971283 209.192454814911 197.424650192261 198.089798291524 200.602730115255 201.05254650116 201.532781124115 201.020916302999 204.566697279612 201.53671503067 194.871226946513 198.183139165243 194.676637649536 196.849385897319 185.805757840474 181.439856688182 187.900900840759 187.359273433685 188.976109027863 193.632483482361 198.963721593221 199.559489885966 200.11047522227 203.718145688375 195.834656556447 202.000399430593 206.461509068807
118.189911047618 107.879062493642 104.541599750519 131.917337576548 130.061050256093 91.8579995632172 92.4629072348277 103.707691033681 114.764809608459 121.043592691422 118.325481812159 121.526261170705 118.015021085739 117.748230695724 126.23718380928 142.36444234848 156.46102031072 167.266607284546 178.431232770284 194.43134466807 201.979378859202 216.911653677622 218.88812383016 214.516719182332 208.818773428599 195.739070574443 183.768053849538 185.538530349731 188.056866327922 175.668517748515 169.534226258596 138.889610767365 123.248358567556 110.547065734863 131.583193937937 153.620223204295 162.838280200958 180.898070335388 193.074266115824 194.403926531474 192.168573538462 190.301060676575 183.484514554342 164.515177408854 189.35082356135 202.220559120178
165.746579567591 163.833250602086 148.518979549408 152.405659357707 151.696999867757 113.688409328461 117.125143607457 114.385545253754 112.131694952647 115.494161844254 120.314608017604 123.675624529521 128.163625796636 128.508746623993 131.124456723531 139.430046081543 152.384946743647 163.723607858022 173.054496447245 176.09836657842 180.436233679454 196.019053459167 206.084370613098 207.173943519592 205.313563346863 198.244174321493 179.86524105072 170.260548591614 170.236150423686 151.070336500804 132.848471403122 87.8028472264608 61.2373352050781 51.2150426705678 50.7780462503433 75.8252640565236 101.693093776703 136.425753434499 161.471446355184 173.739631970723 181.814193725586 185.727794965108 155.589054028193 131.036649147669 165.503362814585 198.459029197693
200.892329216003 193.809409936269 166.787604490916 158.867418766022 157.137900590897 150.939514239629 137.310167153676 117.292096217473 108.273963133494 112.060815095901 122.465471426646 127.449373404185 135.335018237432 145.550350348155 142.245978116989 142.530093590418 151.444405317307 163.011014461517 170.06782690684 160.783767700195 161.761363347371 165.018379688263 178.735593954722 187.223474184672 191.153486569723 186.471978823344 172.752956549327 164.745916922887 147.237966458003 111.446062723796 80.6378126144409 67.4460331598918 35.8164981007576 6.18541613221169 3.02329783638318 15.930729607741 48.2374678055445 77.4661600589752 92.0725067456563 108.546296755473 117.306758960088 111.648261547089 117.641588052114 145.146747430166 157.520373662313 186.751862366994
196.647127469381 194.517731666565 181.288361549377 162.420272827148 148.181259632111 150.343000888824 138.531734546026 130.405406157176 118.920067946116 115.134179592133 120.949288209279 122.166484594345 134.283781051636 143.375237782796 143.234997987747 143.851757049561 149.909526109695 161.489586035411 168.73425245285 160.565982262293 160.260498523712 157.133678595225 164.935012658437 169.179439544678 172.526478767395 169.402956962585 158.417403697968 144.414722919464 127.646336952845 83.862841129303 69.6278015772502 66.7432397603989 44.5362031459808 6.23100809752941 3.88274093468984 16.9566348195076 35.5813428759575 51.1908034483592 60.2648854255676 64.8721754550934 63.7286901473999 60.2589150269826 86.3913496335347 175.996243953705 178.944011529287 188.997069994609
183.837910493215 189.269383748372 189.35493628184 167.008479436239 149.044573307037 150.389691193899 151.780605316162 158.496697743734 157.823900381724 145.448764165243 135.051409403483 145.217895507812 147.327125072479 156.704088052114 156.530857086182 150.192677974701 150.250196456909 162.352979183197 168.602069218953 171.494921048482 176.31455262502 170.60124874115 164.759814739227 162.568966547648 160.487542549769 160.392155249914 152.523249387741 137.905279795329 114.589293797811 99.5540618896484 99.0425944328308 110.044836997986 104.874193668365 45.8767513434092 23.6920913060506 34.7658519943555 39.022962252299 48.3983407417933 54.7986129919688 48.9268054564794 43.0611471335093 48.2905258735021 97.0073044300079 177.414059638977 196.398476759593 200.453360875448
183.5751136144 188.74458471934 190.860390663147 173.571546872457 165.514022111893 169.978717962901 177.861094474792 184.057990709941 193.232138951619 185.597876707713 162.762701511383 168.636679649353 168.665548165639 172.399202982585 169.172962506612 158.713231484095 154.751857121785 165.299922227859 172.349095344543 185.557266076406 188.20708990097 184.967041015625 172.448039054871 164.811025063197 163.367410500844 162.868311007818 152.667820453644 143.696149190267 131.727516651154 134.13268327713 151.738216479619 177.193204561869 185.823798179626 174.052874247233 107.784648736318 57.5144191582998 54.5004655917486 56.6284954547882 57.1955392758052 48.2277423143387 67.8643087546031 101.178010304769 144.17823155721 176.713983217875 194.811642169952 196.210285027822
186.514655749003 183.931251366933 185.689886411031 176.923672358195 195.950031280518 195.163071155548 199.917912483215 200.746496518453 204.211592674255 202.362954616547 179.715394973755 172.984381516775 170.029918352763 172.501524289449 173.967838287354 169.248978296916 164.075742165248 171.59515619278 184.451619784037 189.289808273315 188.22189172109 177.998006343842 173.909624417623 172.923445701599 171.484728654226 169.683555761973 163.371721903483 158.457646767298 163.611521323522 176.41548315684 193.513909975688 206.097761789958 213.44655752182 225.566446781158 203.676740328471 109.646598498027 72.5741485754649 62.7553363641103 57.9671263694763 48.8252987464269 92.4832423528035 176.011800765991 168.709297974904 154.694457848867 164.491047461828 162.112096945445
187.641302744548 175.453980763753 177.790542443593 182.490885257721 218.130350112915 207.328200340271 198.324302832286 193.622728188833 190.580566724141 184.3208471934 172.984778881073 162.831485271454 167.92768239975 173.38748772939 175.454099973043 178.12701066335 173.617879549662 169.635832309723 179.373522599538 182.681739330292 179.382503032684 169.639865557353 170.400440692902 175.903141498566 176.567097504934 172.483007113139 173.198739687602 169.617434342702 172.481179237366 190.3182665507 210.935195287069 224.458555380503 229.786614576975 230.690916379293 234.086414178212 181.404829025269 82.3007822036743 50.3246188163757 32.6287969946861 45.5014357964198 108.089665571849 166.55092438062 156.193683544795 121.876736481984 122.912585735321 116.681496302287
179.303248723348 167.608141899109 171.751976013184 191.856900850932 218.869566917419 205.299496650696 185.472349325816 163.001030683517 150.801469882329 140.679518381755 146.555046240489 148.227671782176 159.16766722997 174.058179060618 177.44505405426 181.706885496775 182.310660680135 166.023969650269 170.359830061595 174.003760019938 172.631839911143 173.001269499461 173.250993092855 178.755342960358 181.552787621816 176.922520001729 179.973562558492 174.571971098582 172.284682591756 197.09841410319 220.750629901886 236.442446708679 234.921594460805 233.210424582163 244.180738925934 239.395042260488 169.208566347758 81.1458428700765 60.5177283287048 67.6740010579427 101.140042146047 119.802822669347 130.996882915497 93.6178267002106 88.0382557710012 94.9396987756093
178.95781993866 184.211095174154 213.185906410217 257.447679837545 248.299777507782 211.989204088847 176.597992579142 144.684771696726 129.836320877075 132.498423258464 130.206028620402 123.800257841746 143.684258063634 169.621447722117 181.166191895803 190.229256947835 188.075025876363 175.386130809784 174.056172370911 175.230185190837 173.161307970683 177.875598271688 180.231471856435 181.753198305766 186.307867368062 188.912252585093 188.339630762736 186.207910378774 187.352120876312 206.910908222198 229.842742284139 241.408228874207 237.358629703522 243.260741233826 253.925601641337 258.320470650991 248.292485872904 212.421039740245 132.46410091718 91.3928151130676 81.9302648305893 84.718644618988 104.244291782379 86.1824651559194 82.3090374469757 101.323405901591
196.946243445079 232.630550861359 274.066170056661 294.035752614339 297.950426737467 255.287090937297 206.218421459198 165.484249591827 153.555363416672 159.258157014847 146.200845638911 133.564412593842 148.297528425852 171.745340029399 187.576492627462 195.236106713613 191.496312618256 187.387665112813 179.583609104156 180.513759454091 180.697004000346 185.027062892914 187.720974286397 187.03438838323 189.883609612783 200.54703950882 200.468917687734 203.770995140076 204.61094379425 218.380808830261 233.648320039113 242.553273836772 245.494743188222 253.248771031698 260.900894800822 255.134244759878 252.822796503703 260.920921961466 211.652000745138 131.810526053111 89.8959438006083 88.8544122378031 90.2508695920308 88.0159536997477 104.686011870702 130.08772333463
252.917945384979 282.57962067922 296.00598414739 293.890913327535 306.991259256999 301.346083482107 271.562258402507 233.768105506897 199.277063210805 192.031264305115 187.682072321574 167.969008286794 153.162509202957 169.057786464691 190.018395582835 195.418377717336 191.246012846629 194.213072458903 182.503739992777 179.261128107707 185.250103473663 188.794473807017 189.312338829041 188.79904349645 192.518492539724 206.010421117147 211.075822512309 217.108925183614 218.636989593506 221.554537614187 235.214114189148 246.331016222636 245.690941810608 244.080583254496 247.290293375651 235.7204357783 238.364001115163 237.319906552633 203.894754250844 153.115351994832 117.673953374227 109.626809755961 94.1000779469808 93.0683811505636 105.46487569809 135.496040185293
282.76002407074 296.82848850886 295.147299766541 285.863657792409 293.390154838562 303.991595904032 296.509007612864 265.309552351634 235.551774501801 219.499627749125 219.389577706655 202.20285654068 178.330341974894 178.047219912211 189.204275608063 194.295048713684 188.620845476786 191.031952699025 183.398008346558 183.823823928833 184.143563111623 185.89057524999 184.715410073598 183.44126145045 190.628170967102 201.376636823018 214.422027269999 216.792225837708 217.88497765859 226.300179958344 238.211850325267 240.3218348821 226.965109507243 218.155920505524 221.017340819041 202.09006468455 201.23145977656 189.504504203796 157.837261756261 134.031315644582 146.159787972768 135.234167178472 109.534541765849 98.2350707054138 97.8236198425293 117.922792832057
292.677342891693 296.284675598145 299.513022104899 291.108508904775 289.336085319519 295.686503251394 303.69770526886 292.643268903096 256.086051464081 229.620138804118 224.781076113383 219.200988610586 208.328465620677 195.821543534597 191.59730275472 192.7490234375 185.950775941213 182.066738605499 183.255513509115 186.708231767019 182.015518347422 182.615578174591 183.543920516968 183.083335558573 187.785029411316 196.786999702454 206.223249435425 205.2996357282 210.788905620575 225.566744804382 233.552634716034 226.668139298757 213.814417521159 211.007912953695 203.679104646047 185.846785704295 189.390520254771 187.195678551992 174.26194747289 159.093091885249 166.016310453415 169.104039669037 148.447255293528 128.554483254751 114.161789417267 106.207311153412
299.752910931905 300.350566705068 302.925527095795 301.232119401296 294.99097665151 294.147113958995 300.623834133148 299.411515394847 265.959401925405 236.663003762563 225.100378195445 225.137591362 225.000143051147 206.378718217214 193.588395913442 195.922195911407 190.696199735006 180.182178815206 185.063739617666 186.147491137187 183.72768163681 179.244299729665 184.447308381399 187.04742193222 186.294575532277 192.887624104818 196.874558925629 195.830464363098 203.432500362396 221.316297849019 227.593958377838 221.109509468079 216.363787651062 217.308878898621 199.291249116262 192.218780517578 198.002934455872 203.628043333689 205.119887987773 191.0160779953 152.4431904157 153.257111708323 141.423384348551 129.392345746358 111.469566822052 91.9695496559143
293.684065341949 295.094211896261 297.973116238912 297.265787919362 290.810147921244 286.988377571106 294.063190619151 298.93547296524 273.274143536886 238.501667976379 224.123438199361 217.446227868398 221.004148324331 198.655168215434 189.164360364278 195.790112018585 199.671308199565 186.420957247416 186.987241109212 191.659410794576 188.551326592763 182.889958222707 182.643373807271 187.739392121633 185.164670149485 186.876197655996 193.058768908183 198.734859625498 204.844733079275 218.966126441956 226.784904797872 223.789890607198 217.799921830495 218.491017818451 199.994146823883 202.540636062622 205.631335576375 211.667795976003 212.671637535095 193.244735399882 128.682563702265 104.319036006927 88.8786613941193 83.3609402179718 78.2055954138438 76.9053449233373
282.45484828949 288.44408194224 294.178326924642 292.546113332113 289.08360004425 290.197054545085 296.11591498057 301.299313704173 288.531363010406 249.299565951029 229.800085226695 209.487199783325 203.937967618306 192.588170369466 182.286461194356 189.197719097137 200.349469979604 192.474404970805 188.003520170848 190.97489118576 192.861517270406 187.589764595032 184.161762396495 187.831242879232 188.630640506744 187.372763951619 190.300524234772 200.807730356852 204.087058703105 209.960301717122 220.976730187734 226.41932964325 221.384267012278 198.981285095215 193.714102109273 211.35268608729 219.053467114766 220.995704332987 214.689036210378 202.12733745575 124.335636695226 72.1481492122014 51.7790963252385 36.2863416473071 49.5958675940832 54.1947732369105
252.416213353475 261.661390463511 268.59305302302 271.994749704997 276.118795077006 286.2242658933 292.274435361226 296.684324741364 291.869958241781 256.865620613098 234.935164451599 214.437564214071 199.546178181966 198.270837465922 189.017872015635 184.042056401571 196.065684159597 195.362051328023 189.159870147705 188.341160615285 190.495689709981 186.566074689229 182.334939638774 185.09167432785 188.230156898499 192.073961098989 191.209216912587 197.922031084696 202.580690383911 204.941689968109 212.839186191559 224.64261452357 217.765986919403 193.637688954671 199.24791653951 226.820925871531 231.961687405904 225.695550441742 216.551343599955 215.390960375468 180.924773216248 97.617506980896 53.868293762207 42.7450935045878 43.3573623498281 41.497215628624
220.433513323466 227.061490217845 225.662449995677 235.464632511139 249.832312266032 264.271199703217 273.760279019674 281.441628932953 279.130895932515 258.464833100637 232.252935568492 212.062815825144 198.244591554006 196.925600369771 193.700114885966 184.720953305562 189.201414585114 191.068291664124 182.518700758616 183.476547400157 186.568339665731 190.9126440684 188.705384731293 183.405160903931 183.764259020487 187.334696451823 192.908704280853 197.339693705241 201.76374912262 202.566981315613 204.699873924255 214.236497879028 208.780546983083 196.329077084859 224.640409151713 241.473654905955 236.532330513 228.486975034078 223.865926265717 231.725295384725 244.345088799795 210.190912087758 127.252280712128 81.1992784341176 59.9703391393026 40.6994546453158
