input/barkrak2/radiation/dir23124.grid
NCOLS 85 
NROWS 70 
XLLCORNER 665100 
YLLCORNER 4664600 
CELLSIZE 20 
NODATA_value -9999 
[rows 20 to 39 of 70, columns 0 to 45 of 85]
136.49704058965 125.176469484965 136.112183332443 170.3067223231 166.533579428991 137.543181578318 128.722449143728 135.720471541087 148.211638132731 168.910384178162 180.450002352397 182.318607966105 184.469401836395 191.035548845927 201.34429136912 217.231313387553 232.226173082987 243.093132972717 259.474635124207 276.488622029622 286.71936194102 279.825309912364 281.537115573883 284.602959950765 286.393384138743 287.623345851898 291.198670864105 289.54819838206 286.792854468028 285.653710365295 278.270602226257 264.160374800364 250.726143519084 242.32147137324 239.019612471263 245.144406954447 244.564116001129 246.870418389638 251.901725927989 256.947914759318 257.197956244151 257.390797138214 259.475111961365 253.62366437912 259.342193603516 262.935280799866
167.076547940572 159.631192684174 165.572722752889 197.057922681173 194.106101989746 144.541551669439 138.75283797582 148.594220479329 154.130587975184 166.770160198212 172.323187192281 178.470532099406 181.123932202657 177.892088890076 191.303153832754 207.246025403341 220.070978005727 235.287845134735 248.343606789907 265.506625175476 275.874892870585 289.170384407043 296.540379524231 296.872874101003 288.463552792867 281.381328900655 262.77764638265 256.369948387146 254.262566566467 252.4028023084 244.299511114756 218.431035677592 194.334805011749 188.086211681366 194.04931863149 214.98316526413 223.658998807271 239.965379238129 251.716434955597 252.873500188192 249.853293100993 248.814125855764 242.310444513957 224.824527899424 248.456597328186 258.366505304972
212.392151355743 214.517772197723 208.568771680196 216.456850369771 216.452201207479 173.335989316305 163.967212041219 156.517088413239 151.00825826327 158.498525619507 173.866013685862 180.832982063293 187.854488690694 189.512491226196 194.513320922852 203.872481981913 214.31843439738 227.806131045024 240.207572778066 240.825692812602 239.804784456889 251.057147979736 260.019242763519 261.508305867513 259.281675020854 253.308176994324 242.178897062937 232.861578464508 225.614229838053 217.864751815796 184.715469678243 143.664866685867 118.763397137324 124.232431252797 152.459462483724 178.517023722331 198.760588963827 220.803360144297 235.272030035655 239.248553911845 242.339233557383 243.717074394226 219.173232714335 194.536964098612 226.431409517924 255.09520371755
241.890370845795 239.027142524719 222.876350084941 222.249070803324 221.495747566223 209.865152835846 185.807387034098 163.408855597178 150.21159251531 151.171505451202 174.34028784434 184.522608915965 194.259146849314 205.240706602732 200.851261615753 202.792565027873 205.76149225235 216.126759847005 223.236878712972 213.457783063253 213.971455891927 218.711872895559 229.866981506348 239.246924718221 242.813626925151 242.550194263458 230.203191439311 219.945947329203 201.948046684265 165.288339058558 136.572062969208 110.835254192352 74.2277204990387 40.6617646416028 47.2456117471059 85.1312677065531 130.353172620138 167.737384637197 191.25376145045 202.613671620687 201.311747233073 185.505906740824 175.476213296254 207.462191581726 213.546295960744 244.15930112203
235.946536064148 235.683719317118 231.753826141357 224.867840607961 213.290870189667 209.66629187266 191.389362017314 176.251272360484 161.574810743332 158.873667319616 168.291787306468 181.889553864797 189.956068992615 198.577562967936 196.91389799118 194.969256718953 200.814127922058 212.423423926036 219.538489977519 212.263703346252 211.030066013336 206.238190333048 215.690950552622 221.786955992381 224.681516488393 224.265972773234 214.111725489298 203.012545903524 179.174621899923 131.544788678487 111.456980307897 107.496649026871 83.5934579372406 34.0269729495049 29.4007137417793 56.415930390358 85.7499341169993 110.282212495804 135.485857725143 159.88943974177 151.785929997762 133.050918579102 153.971463441849 231.319268544515 230.54579893748 247.177978356679
225.793242454529 230.714837710063 236.070454120636 225.341737270355 214.350899060567 210.984925429026 202.42581764857 205.035169919332 199.636439482371 186.033288637797 182.333827018738 196.084936459859 199.079791704814 206.713934739431 207.352677981059 199.769536654154 203.004896640778 211.629827817281 217.785676320394 221.241354942322 225.183188915253 219.717522462209 216.184735298157 213.233153025309 214.247445265452 213.467637697856 204.602758089701 195.429424444834 163.898815711339 142.067720492681 138.24799656868 151.93114678065 150.159309307734 97.7052648862203 65.8911367257436 73.9447921514511 80.1335275173187 98.4115501244863 119.715134302775 122.108121713003 121.48529291153 119.043489297231 163.55636715889 228.228151798248 245.661735534668 256.751497586568
226.56524181366 230.372468630473 235.294838746389 228.074550628662 229.342659314473 226.282636324565 224.273721377055 225.698292255402 229.496479034424 222.660263379415 206.615030765533 217.886646588643 214.703917503357 222.500185171763 222.507357597351 211.470345656077 206.012368202209 217.703481515249 224.816183249156 235.273122787476 239.219307899475 234.046002229055 224.632859230042 216.169079144796 214.752475420634 212.232212225596 205.925365289052 199.981371561686 176.054934660594 175.146142641703 192.755977312724 218.080123265584 225.147445996602 222.629984219869 175.182183583577 106.190224488576 98.0110267798106 102.850695451101 119.412968556086 124.621212482452 133.500119050344 169.609228769938 190.121372540792 214.089115460714 238.063434759776 245.219667752584
229.948918024699 226.643025875092 229.373315970103 228.606979052226 256.193359692891 245.921512444814 241.729656855265 234.394590059916 237.105250358582 239.246090253194 223.844508330027 217.974146207174 221.229712168376 226.37003660202 226.933757464091 221.497853597005 217.004716396332 224.103490511576 234.375198682149 240.403870741526 238.066454728444 230.354110399882 226.666251818339 223.993976910909 222.667654355367 218.92257531484 213.68811527888 211.360335350037 208.253999551137 211.666862169902 230.62789440155 244.394600391388 248.062411944071 261.202096939087 258.386472860972 173.956751823425 121.892988681793 109.236727158229 110.073665777842 132.005780935287 167.669951915741 233.63055785497 208.83309841156 198.759476343791 217.053353786469 223.133504390717
229.016661643982 218.428035577138 221.869965394338 234.710574150085 275.03224213918 252.838353315989 237.065851688385 227.842847506205 228.619595368703 228.917241096497 221.099158128103 211.950719356537 220.42187054952 225.768864154816 231.889228026072 233.050962289174 229.197641213735 223.290065924327 233.267386754354 234.829485416412 231.85650507609 225.92169046402 225.342432657878 229.816615581512 229.800661404928 221.546530723572 221.227685610453 218.230585257212 218.155741691589 223.936458428701 243.833561738332 259.415407975515 261.521716912587 261.827449003855 272.895077864329 242.794016997019 143.190681934357 96.4456995328267 83.0427010854085 108.288506666819 181.415716807048 219.524383544922 194.585065046946 169.483025868734 185.670991738637 190.406521161397
224.533200263977 210.732042789459 216.846744219462 244.771103064219 273.903091748555 251.534263292948 225.174784660339 206.758260726929 197.68496354421 195.254663626353 197.555760542552 198.918362458547 215.402642885844 226.381540298462 230.078478654226 236.145754655202 234.975854555766 222.085893154144 226.040204366048 225.963036219279 226.361731688182 226.824184258779 225.545386473338 231.642882029215 232.847074667613 227.911233901978 231.179813543955 221.476415793101 217.738270759583 231.605490048726 252.050280570984 268.722653388977 265.077551205953 263.205905755361 273.592988650004 279.03805176417 231.12678527832 145.438412825267 109.404712915421 116.254587968191 151.449918746948 169.297953446706 177.243828773499 143.792470296224 147.310306628545 163.772851228714
216.443558533986 223.818739255269 253.660321235657 299.413800239563 295.366247495015 257.657945156097 220.302005608877 189.043005307515 179.467618465424 187.417248884837 183.19167693456 177.4001121521 205.086330572764 228.601217269897 233.458638191223 240.939994653066 240.420639514923 230.22186756134 228.28749815623 228.704690933228 224.201261997223 230.161011219025 232.384542624156 233.352303504944 233.197212219238 237.292468547821 237.62047290802 232.578277587891 227.992912133535 241.314808527629 260.24599870046 271.971821784973 267.546971638997 271.46577835083 278.893887996674 282.964448134104 286.831915378571 269.7740594546 193.015277385712 145.602544148763 132.625599702199 131.721417109172 152.843534946442 142.232636610667 140.886465708415 166.597902774811
235.087394714355 267.22917954127 299.811204274495 313.465813795726 328.141490618388 296.575923760732 251.704355080922 212.911705176036 199.543356895447 210.918704668681 202.198704083761 184.754649798075 200.624028841654 224.54579671224 241.852402687073 246.336460113525 243.973036607107 239.442229270935 230.47415415446 228.853384653727 230.756402015686 234.834869702657 237.19600836436 234.551707903544 236.221849918365 244.38750743866 246.879855791728 249.447325865428 245.772222677867 251.930435498556 265.191396077474 271.979212760925 274.418393770854 281.36678536733 286.886254946391 275.860885779063 279.872894287109 300.457259019216 269.096414248149 194.52182451884 145.174394051234 134.155005216599 138.065705696742 147.997776667277 168.090323607127 197.72211710612
281.221588452657 302.52202351888 306.567668914795 301.960368951162 317.072649796804 323.914368947347 304.124414920807 271.864195664724 245.737036069234 242.057184378306 240.489999453227 219.306925932566 204.966902732849 223.31569592158 241.582492987315 245.357712109884 241.179664929708 244.646271069845 234.559218088786 231.19854927063 234.648446242015 236.543774604797 236.961364746094 234.588424364726 237.523059050242 248.431026935577 253.302693367004 257.234414418538 255.081613858541 256.803969542185 269.341250260671 277.517477671305 275.793433189392 275.599956512451 279.368778069814 268.33442846934 269.409020741781 277.770002683004 259.023149808248 216.565509637197 181.881765524546 157.506803671519 144.208172957102 150.209128856659 169.459482034047 205.247759819031
295.755167802175 299.858132998149 295.500636100769 286.575595537821 289.833505948385 305.899262428284 313.264409701029 296.172559261322 273.64186445872 264.125466346741 264.393885930379 249.812304973602 229.296704133352 229.526480038961 242.071449756622 244.47500705719 241.600473721822 243.107696374257 234.791914621989 232.858339945475 233.444571495056 235.00669002533 233.935137589773 230.464100837708 236.709157625834 245.681603749593 255.360186100006 256.700158119202 255.787054697673 260.579288005829 272.115170955658 273.107628027598 261.996388435364 255.995591481527 259.648263454437 241.153041521708 239.558239777883 232.381463050842 211.038907368978 198.75959555308 208.668748537699 190.796792507172 168.119033177694 156.599412361781 159.054517745972 181.652208169301
298.455079396566 295.399765173594 300.21599928538 289.478043715159 284.219523270925 293.262124061584 310.9210729599 316.756149133046 295.401155948639 275.300145149231 268.333792686462 265.568852424622 255.737841129303 247.106432914734 242.756644884745 245.339433352152 239.97418085734 237.913072109222 236.736158529917 239.44236834844 235.213120778402 232.601642608643 233.37976137797 234.185417493184 238.414506117503 243.838012218475 252.027094364166 248.745242754618 250.500639279683 262.031058470408 269.186874230703 262.020448843638 248.772978782654 249.235411485036 243.858218193054 226.746916770935 229.276458422343 227.963924407959 222.745736440023 223.01193078359 227.215766906738 227.633416652679 208.11132589976 191.465457280477 176.187495390574 168.257753054301
311.210155487061 309.486071268717 315.456608931224 311.604082584381 303.656697273254 304.84131971995 315.915207068125 326.923747857412 306.621273358663 282.145142555237 267.744918664296 267.754177252452 271.264394124349 255.951007207235 247.514049212138 249.718924363454 244.513392448425 237.58323987325 241.235633691152 241.375188032786 241.22287829717 235.571106274923 238.641242186228 241.565008958181 240.78510204951 244.479835033417 247.029821077983 242.715617020925 247.922301292419 260.595520337423 265.065550804138 257.65464703242 250.937342643738 251.946449279785 237.775087356567 231.901089350382 237.537344296773 241.187214851379 246.926208337148 250.811854998271 218.999207019806 214.530825614929 204.147775967916 194.161395231883 179.568707942963 160.484105348587
318.701148033142 318.318903446198 321.268916130066 321.141024430593 313.555995623271 308.52884054184 314.706901709239 326.280434926351 312.537630399068 281.905333201091 267.698188622793 268.773436546326 270.250380039215 255.488912264506 246.718386809031 251.731355985006 256.335695584615 245.766282081604 247.158646583557 250.600536664327 249.984840552012 244.631330172221 243.981142838796 246.881286303202 244.556109110514 243.031779925028 246.447285016378 250.660618146261 252.808193365733 262.253006299337 266.277134418488 261.245886484782 253.13001871109 251.069009304047 236.511588096619 240.149060885111 244.656602541606 247.968296209971 250.106195608775 247.087558110555 198.130110899607 167.155683040619 154.494712750117 148.404697577159 148.901144663493 145.150601863861
318.054636319478 320.582648118337 322.891592979431 321.523567040761 315.663496653239 312.754472096761 315.196633338928 322.28147983551 319.105088710785 290.896415710449 277.003228664398 268.814782301585 262.84114519755 253.983616828918 247.056484222412 251.756509145101 260.926524798075 254.529813925425 251.460532347361 255.804161230723 255.500117937724 251.189152399699 247.642695903778 248.959322770437 248.765587806702 247.670213381449 249.569296836853 255.165815353394 257.742921511332 260.895033677419 265.448848406474 262.755334377289 255.932589371999 241.112589836121 229.807813962301 246.889630953471 255.359748999278 255.41877746582 248.026430606842 246.765236059825 194.90114847819 133.936802546183 110.794126987457 101.035575071971 103.935350974401 110.991875330607
303.942163785299 310.871541500092 314.786593119303 314.52888250351 314.688940842946 317.821502685547 319.740255673726 320.963283379873 320.494016011556 302.057544390361 291.874766349792 278.087417284648 264.70156510671 261.951327323914 254.669010639191 248.690406481425 259.429434935252 260.776241620382 254.30033604304 253.515720367432 253.753205140432 251.932064692179 247.716883818309 248.515884081523 249.75997209549 252.667208512624 250.398218631744 255.483110745748 258.643130461375 259.174505869548 263.227105140686 264.264941215515 252.056360244751 228.595972061157 235.510845979055 261.374453703562 265.106717745463 259.435772895813 247.157533963521 248.528162638346 236.584901809692 170.720418294271 116.083850463231 99.0567803382874 100.034773349762 97.2780585289001
280.371467272441 285.07000207901 284.780939420064 291.821698347727 302.10155248642 312.33807404836 318.809072176615 322.794953982035 321.809331576029 310.703059037526 293.151795864105 275.423467159271 262.572169303894 261.899093786875 258.405188719432 253.907362620036 257.770578066508 257.034619649251 250.080128510793 251.325011253357 252.258658409119 254.377484321594 254.073659578959 247.620562712351 245.909889539083 248.614271481832 252.698560555776 254.419545332591 257.610281308492 256.787180900574 257.585167884827 260.77789068222 244.902769724528 230.504910151164 256.877521673838 273.380001386007 268.435597419739 261.715551217397 253.54661544164 255.874196688334 278.213063875834 269.704699516296 200.625538825989 150.549749533335 120.364844799042 99.1479456424713
