input/barkrak2/radiation/dir25924.grid
NCOLS 85 
NROWS 70 
XLLCORNER 665100 
YLLCORNER 4664600 
CELLSIZE 20 
NODATA_value -9999 
[rows 20 to 39 of 70, columns 0 to 45 of 85]
78.6797702312469 66.5400127569834 72.5253919760386 94.0103729565938 90.0808771451314 79.9449185530345 73.9866991837819 85.1272940635681 99.7196535269419 107.236832380295 111.30436261495 110.797901948293 112.736403942108 113.644490639369 125.243246555328 141.18089278539 152.782837549845 163.549959659576 174.934844175975 188.331166903178 198.032637437185 186.037460962931 183.920045693715 186.0258380572 187.005917231242 185.93301375707 185.764749844869 183.395187060038 184.53848361969 183.461983998617 172.318438688914 174.452265103658 164.024670918783 172.076980272929 168.507258097331 175.127367178599 174.27138487498 176.303327083588 181.111454963684 185.773889223735 187.332053979238 187.843441963196 190.755307674408 183.590551217397 189.998269081116 194.669425487518
108.400424321493 96.8698263168335 91.9010937213898 117.552836736043 115.93097448349 80.7501326004664 84.2209855715434 96.1620012919108 105.258872111638 109.404007593791 106.857558091482 108.521282672882 108.408570289612 106.749604145686 116.486102342606 131.100316842397 145.374188820521 157.396892706553 168.630619843801 182.910680770874 190.934975941976 204.102218151093 208.304266134898 204.023758570353 196.0422595342 183.763722578684 170.997023582458 167.747418085734 171.607613563538 164.635241031647 144.648204247157 129.20484940211 100.681662559509 96.5329806009928 97.663144270579 139.671514431636 149.614651997884 167.449673016866 180.585920810699 181.940913200378 178.903162479401 177.806655565898 168.975412845612 150.936285654704 177.170932292938 189.159234364827
155.023813247681 152.342001597087 135.341505209605 138.142138719559 137.244363625844 102.327624956767 106.653223435084 104.847699403763 104.766597350438 105.986217657725 108.796258767446 114.507754643758 114.897310733795 117.27977792422 121.245910724004 128.085374832153 140.564282735189 152.452419201533 161.592264970144 164.55207268397 170.649568239848 184.668779373169 196.997284889221 198.275764783223 194.475750128428 185.41431427002 171.896119912465 162.561227877935 161.003162463506 141.294578711192 120.287507772446 77.3489971955617 53.5567998886108 30.6061059236526 36.7687344551086 61.1961583296458 87.6699487368266 110.562950372696 140.12810587883 151.764412720998 163.8496418794 166.985948880514 142.521729071935 117.807259162267 149.734199047089 185.508886973063
190.897683302561 183.124125003815 154.195368289948 144.699414571126 142.734318971634 137.840410073598 128.003279368083 109.657565752665 98.8145470619202 100.386142730713 113.145689169566 118.244767189026 123.039126396179 134.295036395391 130.942553281784 132.470687230428 141.247113545736 151.045461495717 158.132920662562 150.468617677689 150.177538394928 155.47185142835 168.838560581207 175.789892673492 180.002192656199 175.536572933197 165.830006202062 147.820790608724 138.431529204051 101.286649703979 71.2591161330541 59.091125925382 29.1313678026199 3.38806739697854 0.707493862137198 9.0011494855086 37.8757168849309 64.6457225084305 77.0627955595652 87.6593788464864 96.3484744230906 88.2228016853333 101.274192333221 131.509403387705 145.358035961787 173.908571402232
187.210599581401 184.73349014918 169.676502545675 148.499915997187 134.092171986898 136.659095684687 128.597766160965 118.763943513234 111.435790856679 105.720669031143 111.58953110377 112.912197907766 124.934713045756 133.365213871002 131.621907154719 132.112552722295 136.726349592209 149.840752283732 157.158662875493 148.46283197403 148.295640945435 145.091513792674 153.016696373622 159.194201231003 160.964300235113 158.025999863942 150.819877783457 135.714630285899 119.559417168299 74.4871149460475 61.2992346286774 59.4826688369115 37.6991505424182 3.48755406836669 1.96311762556434 11.3867918650309 27.6852374275525 38.9421929915746 45.5934753020604 52.8144737084707 43.3303415775299 45.835276444753 70.385088523229 160.911659399668 166.157424449921 175.305247306824
173.873623212179 179.32250102361 178.420265515645 153.965264558792 134.509106477102 138.218035300573 140.230635801951 149.953107039134 147.831151882807 134.807169437408 125.861267248789 132.119049628576 133.874813715617 143.352160851161 141.941388448079 135.651459296544 138.415197531382 149.128059546153 155.258516470591 158.626814683278 161.433200041453 158.547262350718 153.484006722768 149.382372697194 150.226672490438 148.998280366262 138.324389855067 128.543277581533 106.382032235463 90.4721518357595 89.5824631055196 100.821197032928 95.1008796691895 36.6203660766284 17.808365325133 28.476670384407 29.1848729054133 39.4706875085831 42.1377867460251 31.4059133330981 30.7793443401655 34.9460914731026 83.4147731463114 165.826191504796 182.716250419617 188.722570737203
173.499921957652 178.764601548513 180.355648199717 161.16804877917 151.171634594599 157.188604275386 168.574651082357 176.468988259633 184.077064196269 173.82941643397 150.169422229131 155.243655045827 152.897298336029 159.06877319018 155.976722637812 145.353972911835 141.761700312297 153.444608052572 160.613695780436 173.860251903534 176.394581794739 173.081298669179 162.190914154053 152.971237897873 151.333461205165 151.393860578537 142.504592736562 136.031846205393 121.868153413137 126.051048437754 142.132778962453 167.500793933868 176.380654176076 162.878483533859 93.8110550244649 48.2492546240489 45.8885927995046 47.3900139331818 47.3906497160594 35.7862760623296 52.5394876797994 86.1914356549581 133.031189441681 166.731417179108 183.669328689575 177.676479021708
176.388184229533 173.917810122172 175.46268304189 165.116180976232 182.461380958557 183.207790056864 191.936612129211 192.092617352804 193.24799378713 185.364941755931 164.485156536102 159.52984491984 158.968508243561 161.080171664556 162.515133619308 156.00198507309 151.066203912099 157.839556535085 169.524033864339 175.916393597921 175.01840988795 165.998170773188 161.961396535238 161.105692386627 161.273986101151 159.165352582932 153.03306778272 150.288929541906 156.929284334183 166.590770085653 184.066971143087 196.734706560771 204.754670461019 216.610193252563 191.020806630452 97.3707735538483 62.4791731437047 53.3656030893326 46.5750644604365 39.7542119026184 75.6881535053253 159.721533457438 155.534982681274 135.673622290293 142.932156721751 140.709261099497
171.52194182078 160.960247119268 167.469064394633 170.525431632996 205.542425314585 196.305871009827 189.047952493032 176.249861717224 165.123015642166 164.331992467244 153.735379378001 150.127828121185 156.824191411336 158.556461334229 162.503262360891 166.502366463343 162.802428007126 156.666566928228 168.808102607727 172.215441862742 168.816169102987 160.421550273895 159.86297527949 165.428876876831 166.119863589605 160.969068606695 161.739031473796 159.16978319486 165.957609812419 181.902607282003 202.477812767029 215.648969014486 221.497337023417 222.631176312764 224.454601605733 167.794207731883 67.4742460250854 39.0802100300789 23.6201311151187 35.2928911646207 92.638224363327 151.22777223587 143.042425314585 102.451890707016 100.468973318736 102.887213230133
171.30833864212 154.748976230621 161.283095677694 179.66616153717 205.937782923381 195.987661679586 173.727929592133 144.812236229579 132.48814145724 124.791840712229 130.292296409607 128.483692804972 147.042800982793 159.233887990316 164.373526970545 173.229853312174 170.356313387553 155.826459328334 159.903715054194 160.638570785522 160.509427388509 160.863717397054 161.090821027756 167.939782142639 171.355307102203 166.24641418457 169.373194376628 164.911170800527 164.911051591237 189.815958340963 212.507526079814 228.070358435313 226.864794890086 225.375970204671 236.412068208059 229.547222455343 155.375242233276 68.2924290498098 50.8597095807393 55.8966745932897 86.9134962558746 100.8260846138 108.588834603628 76.0602702697118 71.864182750384 78.1827121973038
167.712767918905 174.728830655416 203.327695528666 247.032761573792 235.824982325236 199.505686759949 160.042474667231 124.186098575592 114.162981510162 118.836551904678 117.394477128983 112.161219120026 130.665322144826 158.331026633581 171.21543486913 178.492764631907 176.139732201894 164.921601613363 164.414644241333 165.701965490977 163.391222556432 168.182055155436 170.567870140076 172.170738379161 175.636728604635 178.385853767395 178.934574127197 177.158673604329 178.220907847087 199.267427126567 222.485423088074 233.372449874878 229.266107082367 235.734641551971 246.988574663798 251.641114552816 238.616486390432 198.608875274658 119.277616341909 77.1529972553253 68.1544542312622 68.1100189685822 83.8378171126048 73.4871129194895 69.5183376471202 86.858332157135
187.658965587616 223.868250846863 266.712625821431 288.133978843689 287.618219852448 242.145935694377 189.819057782491 148.657004038493 136.549413204193 146.306037902832 133.014937241872 120.891441901525 129.796415567398 160.344789425532 175.931632518768 183.464169502258 181.025306383769 175.934155782064 167.888879776001 169.448892275492 170.620163281759 175.012767314911 177.766720453898 177.094221115112 181.182940800985 192.199468612671 190.050800641378 193.666259447734 196.871399879456 209.090252717336 225.780487060547 234.771052996318 238.08346192042 246.077537536621 251.895805199941 248.429199059804 245.509405930837 250.980873902639 197.591801484426 114.76660768191 72.8735675414403 67.5743420918783 74.5542595783869 77.1313508351644 91.8571054935455 117.985357840856
245.461006959279 276.626845200857 291.553556919098 289.994299411774 301.801482836405 291.39365752538 256.203651428223 218.046267827352 189.819137255351 179.223497708639 171.831727027893 152.292331059774 140.051047007243 157.604773839315 177.644670009613 183.519184589386 180.240015188853 181.236763795217 170.0519323349 167.760531107585 172.745267550151 174.677570660909 175.284922122955 176.38768752416 180.313070615133 194.277981917063 201.683421929677 208.075344562531 209.347049395243 212.724427382151 227.542638778687 238.193809986115 238.209803899129 236.293574174245 238.518436749776 227.750023206075 228.770713011424 227.664411067963 191.055516401927 137.258579333623 98.4287659327189 87.0800614356995 78.1144052743912 81.7740658919017 92.9879546165466 120.621422926585
277.777552604675 294.120411078135 292.529801527659 283.377806345622 291.549404462179 300.0807762146 291.642944018046 258.236368497213 222.022652626038 204.627235730489 204.211473464966 189.785718917847 167.907198270162 166.752219200134 175.275961558024 178.115030129751 173.30656449 172.778308391571 165.491739908854 168.421010176341 166.754841804504 166.599144538244 169.0753698349 168.870826562246 177.55138874054 188.727001349131 201.508482297262 205.410361289978 208.538969357808 217.803875605265 229.732394218445 231.392681598663 218.442996342977 208.59698454539 211.868862311045 192.336599032084 184.37119325002 172.365228335063 146.018773317337 119.430154561996 127.458810806274 115.262240171432 99.4085669517517 84.5564206441243 83.0445984999339 92.6233232021332
289.910991986593 293.752074241638 295.544505119324 289.172132809957 287.7596616745 292.692065238953 299.171725908915 282.730519771576 242.528100808462 217.446049054464 213.054478168488 210.483988126119 197.846790154775 176.944454511007 171.044548352559 171.795109907786 167.229175567627 163.767466942469 163.461873928706 168.746908505758 163.270771503448 162.075301011403 163.727939128876 165.950616200765 170.523007710775 179.515937964121 191.427151362101 192.002157370249 199.115713437398 216.035763422648 224.909981091817 217.258413632711 205.131888389587 201.516429583232 193.658232688904 176.084438959757 179.80299393336 177.449822425842 163.106093804042 143.934885660807 148.048291603724 155.174205700556 134.973506132762 117.985963821411 98.691056172053 82.5504710276922
295.19776503245 296.277105808258 298.154314359029 297.593335310618 290.926615397135 289.756814638774 294.754445552826 290.764967600505 254.652301470439 227.551182111104 213.747163613637 210.563739140828 200.051744778951 181.081811587016 172.857483228048 177.813033262889 171.459257602692 163.360416889191 167.728364467621 168.66934299469 167.615969975789 163.01104426384 166.388084491094 172.401626904806 170.386373996735 177.688340346018 182.310779889425 181.569238503774 189.110159873962 208.674232165019 217.344164848328 211.883882681529 207.71316687266 208.69505405426 189.765453338623 182.672798633575 188.431064287821 194.410403569539 195.056915283203 177.014827728271 140.012423197428 139.749864737193 128.07426850001 114.37126994133 91.9625262419383 73.8238245248795
284.170905749003 285.918434460958 289.961020151774 288.053711255391 283.870120843252 280.397991339366 288.070241610209 292.684773604075 264.64432477951 227.030297120412 202.978114287059 198.836227258046 200.161814689636 182.492792606354 171.436568101247 178.852677345276 181.999723116557 168.620030085246 172.598461310069 175.593634446462 176.136573155721 170.170942942301 170.188844203949 175.417244434357 172.759254773458 172.652999560038 180.45977751414 186.665236949921 191.754659016927 204.03653383255 214.359323183695 214.626948038737 209.177255630493 210.302929083506 191.029667854309 193.326751391093 196.171700954437 202.758153279622 203.63183816274 180.864612261454 114.157100518545 91.4643208185832 77.7747134367625 68.4724748134613 66.0388122002284 61.0812455415726
269.79939142863 276.242057482402 283.077994982402 281.482577323914 279.328246911367 281.30716085434 287.079016367594 288.81698846817 270.142118136088 228.94020875295 208.024362723033 195.520639419556 187.624911467234 178.174297014872 169.804135958354 175.163944562276 188.204209009806 178.276300430298 175.6405433019 178.479174772898 178.322752316793 175.016681353251 171.428958574931 173.254370689392 175.977885723114 174.775103727976 179.500699043274 188.663959503174 193.433483441671 198.099772135417 209.883550802867 215.625782807668 212.751766045888 192.180673281352 184.862911701202 202.502290407817 209.974666436513 212.541023890177 206.415136655172 191.638509432475 109.292616446813 60.2623124917348 40.2487367391586 26.0141442219416 28.2134662071864 42.4153059720993
239.835460980733 249.431272347768 256.839017073313 259.66598590215 266.641755898794 275.833030541738 284.954289595286 287.325123945872 278.673867384593 245.645006497701 221.385657787323 199.825763702393 187.036077181498 184.285958607992 176.18183294932 169.40967241923 181.622922420502 182.602524757385 174.415210882823 175.523300965627 175.835986932119 171.949982643127 169.517775376638 170.579791069031 173.779050509135 179.522732893626 178.693294525146 185.582200686137 190.44570128123 192.878186702728 201.215068499247 214.190800984701 208.684325218201 180.971642335256 190.338909626007 218.096792697906 223.260203997294 217.769861221313 208.712796370188 207.025686899821 168.277700742086 81.9806158542633 41.7218208312988 32.165452837944 31.3411479194959 29.5687218507131
206.665794054667 213.481446107229 212.00700600942 222.107887268066 237.073580423991 252.149303754171 262.114445368449 270.422200361888 267.96426375707 245.777388413747 220.392107963562 197.699149449666 183.669686317444 182.334502538045 177.414437135061 171.708941459656 176.307519276937 178.170263767242 169.581413269043 170.578281084696 173.731625080109 176.328102747599 175.951460997264 170.635024706523 169.195950031281 174.663106600444 180.399378140767 184.94991461436 189.57523504893 188.875536123912 192.717492580414 203.126788139343 191.062768300374 187.868038813273 215.315401554108 229.843993981679 227.753937244415 219.882607460022 216.143608093262 225.114981333415 235.658089319865 196.501970291138 111.033320426941 65.6459083159765 46.1495369672775 31.9206689794858
