input/barkrak2/radiation/dir21424.grid
NCOLS 85 
NROWS 70 
XLLCORNER 665100 
YLLCORNER 4664600 
CELLSIZE 20 
NODATA_value -9999 
[rows 0 to 19 of 70, columns 0 to 45 of 85]
325.774709383647007 331.558962663015 334.786732991536 335.011561711629 331.369777520498 326.546768347422 320.456604162852 314.69980875651 318.482438723246 318.260550498962 315.707306067149 321.498990058899 325.842916965485 325.899442036947 328.502813975016 329.980432987213 326.323350270589 318.714360396067 315.763155619303 304.727117220561 285.854776700338 285.587588946025 305.005192756653 312.347571055094 310.02676486969 310.429414113363 310.009221235911 299.811681111654 280.521233876546 275.030831495921 272.870063781738 281.671682993571 298.893809318542 302.563945452372 307.538390159607 298.602163791656 297.631899515788 308.333496252696 299.868961175283 304.244935512543 295.292695363363 281.167566776276 289.774775505066 308.696488539378 313.222249348958 306.788702805837
314.159274101257 316.225409507751 320.685923099518 326.308528582255 330.196479956309 328.059713045756 321.110924084981 313.051819801331 317.193448543549 318.719863891602 313.63985935847 318.230907122294 324.075440565745 325.203577677409 325.003504753113 327.534735202789 326.159199078878 323.603510856628 320.902287960052 310.771902402242 299.570719401042 297.554870446523 306.284844875336 311.899463335673 311.582843462626 310.563087463379 307.92510509491 299.441754817963 284.091194470723 275.140563646952 276.70149008433 290.549794832865 295.153876145681 295.961340268453 306.819975376129 297.878682613373 294.27436987559 296.532352765401 291.8461561203 304.465095202128 302.034119764964 291.926821072896 297.238290309906 312.151710192362 316.733837127686 310.331563154856
281.853636105855 286.735574404399 293.232341607412 300.475319226583 310.623745123545 317.037204901377 320.044239362081 320.950229962667 320.627152919769 318.020284175873 311.233421166738 312.584817409515 321.075598398844 323.885480562846 320.517102877299 323.602934678396 327.468971411387 328.235824902852 326.405107975006 321.159899234772 318.980594476064 314.315060774485 309.483329455058 309.437970320384 311.570326487223 312.135537465413 306.163152058919 297.471741835276 286.824544270833 276.467422644297 277.016739050547 293.132901191711 285.906275113424 292.277594407399 303.48926782608 297.759473323822 286.379178365072 280.967593193054 289.556543032328 304.75256840388 304.388403892517 303.159991900126 302.192429701487 313.156227270762 323.697626590729 315.907518068949
261.065284411112 261.579771836599 268.578092257182 273.20788304011 280.625283718109 285.454968611399 290.499528249105 300.335466861725 311.868707338969 318.765958150228 318.845550219218 320.63239812851 323.96407922109 324.885805447896 322.382867336273 318.821708361308 320.299744606018 322.369774182638 323.226551214854 322.884241739909 321.139653523763 318.195283412933 319.742619991302 316.028694311778 314.614733060201 316.217641035716 311.679740746816 303.292751312256 295.574088891347 288.274665673574 280.93300263087 293.548862139384 286.62379582723 291.247963905334 296.002765496572 297.210951646169 291.973650455475 289.132336775462 304.01599407196 311.320205529531 307.375311851501 300.314942995707 295.677781105042 305.194973945618 316.552579402924 318.106750647227
278.955419858297 266.276001930237 254.424909750621 248.062332471212 252.581616242727 266.651570796967 282.107869784037 290.006220340729 297.330737113953 302.24609375 313.882231712341 323.679288228353 328.513582547506 329.930245876312 329.203168551127 327.255447705587 324.351092179616 318.157354990641 318.885266780853 322.353581587474 320.381859938304 319.713334242503 323.967655499776 321.000476678212 318.074901898702 318.541308244069 313.924471537272 306.833962599436 299.596190452576 294.877171516418 295.509219169617 300.733288129171 295.15532652537 296.870748202006 294.050435225169 297.03829685847 305.390199025472 308.941622575124 314.867933591207 317.250311374664 315.197030703227 308.332542578379 302.72368590037 301.335116227468 306.194464365641 319.265484809875
311.559716860453 293.237944444021 272.206624348958 252.72923707962 243.763327598572 255.100905895233 275.419116020203 288.549641768138 291.340033213298 291.554669539134 299.224495887756 307.539999485016 313.633958498637 317.5354997317 321.579456329346 323.895414670308 321.12451394399 315.550645192464 316.206395626068 320.269624392192 320.21023829778 323.595782121023 328.788161277771 325.964351495107 322.84551858902 322.886745134989 317.76221593221 310.958643754323 302.175104618073 297.01958100001 300.230701764425 302.046775817871 305.44392267863 308.775107065837 303.834597269694 301.090121269226 307.463526725769 312.785983085632 313.976724942525 313.961704572042 314.709663391113 310.872713724772 309.105137983958 308.723390102386 305.681864420573 304.109215736389
325.0426252683 311.746696631114 297.325551509857 281.592627366384 264.465351899465 253.389716148376 260.212361812592 284.239411354065 294.003049532572 299.098610877991 297.104239463806 293.264130751292 290.13204574585 287.413378556569 289.246459801992 299.291829268138 306.630353132884 315.357565879822 321.63147131602 324.926118055979 322.967092196147 320.301791032155 326.085925102234 327.416956424713 325.953841209412 327.305098374685 324.685533841451 318.96436214447 310.713807741801 306.398709615072 305.844565232595 309.017241001129 319.117069244385 322.350978851318 319.300770759583 313.307325045268 311.947723229726 313.642779986064 315.282622973124 318.627158800761 317.909340063731 314.143081506093 312.13649113973 307.860970497131 293.117423852285 286.787350972493
325.310170650482 322.291493415833 317.741652329763 308.957060178121 293.493370215098 269.765059153239 251.390357812246 250.978509585063 279.469529787699 298.407713572184 303.455730279287 300.376256306966 294.109066327413 286.560416221619 277.01203028361 279.813488324483 289.346059163411 300.753076871236 314.39882516861 323.736349741618 325.729846954346 322.681685288747 324.472864468892 326.47184530894 326.18510723114 328.018506368001 327.569127082825 324.203809102376 318.950911362966 317.850212256114 318.559110164642 320.646544297536 327.276170253754 328.377187252045 326.512932777405 322.437604268392 318.551003932953 314.214011033376 308.310608069102 310.003062089284 316.195130348206 321.090638637543 323.666473229726 318.115492661794 303.936004638672 291.728337605794
321.236511071523 321.880380312602 320.895393689473 317.419111728668 310.052911440531 296.301960945129 273.55702718099 249.220629533132 260.235488414764 278.806209564209 294.227004051208 299.860159556071 300.440589586894 298.788030942281 291.73078139623 286.790569623311 283.734103043874 287.270983060201 298.017819722493 309.908350308736 318.931639194489 322.927196820577 323.73567422231 321.103036403656 321.980436642965 324.633320172628 325.672566890717 324.324766794841 322.739700476329 325.705726941427 327.752709388733 326.97461048762 328.527390956879 329.104701677958 326.511104901632 324.890712896983 321.888168652852 314.832806587219 302.275816599528 304.225981235504 319.229026635488 326.133191585541 325.56958993276 320.871730645498 311.830004056295 303.508321444194
305.984119574229 311.640838781993 314.540227254232 314.634482065837 313.024779160817 311.92139784495 302.667021751404 289.515276749929 264.260272185008 256.711562474569 267.488578955332 287.476122379303 302.327255407969 308.383842309316 310.09844938914 305.410802364349 294.939994812012 290.379087130229 289.877931276957 292.451659838359 298.842787742615 302.814284960429 307.632505893707 310.871541500092 314.940253893534 317.380706469218 319.041828314463 318.367699782054 318.441232045492 322.186827659607 323.239684104919 323.458035786947 326.62312189738 329.128742218018 328.426520029704 324.987729390462 322.711149851481 319.414734840393 304.559290409088 303.942839304606 318.836907545726 322.240233421326 320.592204729716 317.513147989909 308.824578921 300.685028235118
269.081552823385 280.074596405029 289.301494757334 296.447157859802 302.522758642832 307.791233062744 309.956034024556 307.731370131175 288.475096225739 267.84340540568 255.741318066915 261.490046977997 284.032662709554 302.140553792318 311.363697052002 305.202225844065 300.332387288411 296.066125233968 289.274573326111 285.142103830973 285.404483477275 285.277247428894 287.593086560567 296.131769816081 304.067492485046 309.004187583923 310.696661472321 310.422043005625 313.509623209635 316.781719525655 318.432370821635 320.764263470968 326.237003008525 327.627778053284 326.486150423686 324.21350479126 324.657698472341 325.747489929199 317.386905352275 311.336735884349 317.356208960215 321.191986401876 321.746706962585 320.952614148458 313.706874847412 307.11289246877
233.034650484721 237.837394078573 245.475868384043 256.343324979146 269.876837730408 283.220231533051 297.276854515076 301.226814587911 302.101671695709 292.544484138489 272.203485171 255.137999852498 255.969564119975 276.049733161926 296.222527821859 297.721604506175 302.936553955078 301.29071076711 294.641176859538 285.837749640147 280.636191368103 278.215607007345 278.321226437887 285.553574562073 291.715939839681 295.354207356771 296.749154726664 299.854377905528 304.583708445231 307.795961697896 310.821255048116 314.956466356913 319.475134213765 320.305089155833 319.521109263102 319.52291727066 323.927779992421 328.031599521637 327.068487803141 322.709838549296 322.732190291087 325.492382049561 327.020923296611 325.955748558044 320.197681585948 317.997336387634
222.711582978566 217.996537685394 215.854048728943 215.869704882304 223.15792242686 238.4326060613 260.631998380025 278.763016064962 300.057510534922 303.216238816579 295.110543568929 277.026931444804 253.309190273285 251.280923684438 270.396868387858 291.454593340556 302.796085675557 304.520090421041 301.355481147766 295.167863368988 288.516720136007 286.82553768158 286.462664604187 287.200669447581 287.09884484609 286.12623612086 289.52427705129 296.201765537262 298.138777414958 299.190739790599 302.862584590912 307.030737400055 308.764457702637 309.979955355326 310.336947441101 313.556392987569 320.953210194906 326.455851395925 325.950841108958 327.611029148102 327.711999416351 327.626665433248 326.409240563711 326.13064845403 320.936322212219 318.670709927877
217.38988161087 191.398839155833 175.158540407817 169.787148634593 167.261958122253 172.513643900553 192.130625247955 225.19596417745 259.995838006337 287.92941570282 300.760805606842 300.991117954254 287.709136803945 266.398588816325 264.053205649058 284.348587195079 297.317186991374 306.145946184794 310.388048489888 308.091004689534 300.461332003276 297.932823499044 295.495251814524 294.598042964935 293.936153252919 291.960755983988 294.670780499776 300.92442035675 300.073345502218 295.635958512624 299.291392167409 303.288181622823 304.799775282542 305.132587750753 306.561847527822 311.459422111511 315.829853216807 317.986865838369 319.396138191223 320.062677065531 322.039822737376 324.436088403066 325.954476992289 326.254884401957 321.398138999939 319.267233212789
200.462778409322 163.273572921753 141.944547494253 138.326327006022 137.908220291138 142.903010050456 151.872316996257 176.879564921061 204.005201657613 250.648895899455 294.882198174794 313.489119211833 316.082835197449 304.127792517344 284.477432568868 280.889868736267 285.489559173584 297.391096750895 308.48769346873 313.179810841878 312.140882015228 308.139900366465 306.63534005483 304.452776908875 300.616045792898 299.150407314301 301.473836104075 303.028146425883 298.099080721537 295.172691345215 298.043926556905 301.639914512634 301.852981249491 301.969250043233 303.813656171163 306.627154350281 308.050513267517 307.353456815084 308.75035127004 308.919648329417 312.665820121765 317.420323689779 320.70646683375 320.44639190038 317.85774230957 317.521293958028
170.081237951914 143.819749355316 121.13231420517 118.982136249542 134.940246740977 157.431284586589 157.687475283941 166.34930173556 187.506635983785 215.784549713135 262.294630209605 309.976518154144 323.619465033213 321.581522623698 309.497316678365 286.864956219991 278.042376041412 280.204971631368 293.895999590556 310.578862826029 316.710511843363 313.279410203298 314.206182956696 310.395340124766 305.355509122213 305.052955945333 307.540198167165 304.642558097839 299.379726250966 301.794787247976 303.488453229268 302.24746465683 300.189872582753 299.380739529928 299.94523525238 299.468616644541 297.170162200928 294.105211893717 296.075284481049 297.460774580638 300.237019856771 304.403841495514 306.397875150045 306.850910186768 311.161160469055 314.183195432027
150.723427534103 140.083183844884 119.380712509155 110.70508758227 114.633897940318 138.106822967529 159.574131170909 168.045560518901 182.79355764389 197.084804375966 220.226307710012 271.142741044362 316.145837306976 321.871697902679 318.59948237737 311.14137172699 302.90146668752 291.255255540212 283.334036668142 291.227122147878 308.551887671153 315.580487251282 317.806661128998 314.792950948079 309.964378674825 310.368478298187 313.603659470876 310.445745786031 307.276447614034 311.388929684957 311.479985713959 303.862412770589 298.922916253408 296.365002791087 292.829036712646 291.950662930806 288.662592569987 286.731719970703 287.173906962077 289.804140726725 292.028586069743 294.392585754395 295.57333389918 297.573606173197 307.478487491608 312.691907087962
142.486363649368 144.638826449712 137.110680341721 122.089922428131 107.116182645162 122.040261824926 151.807099580765 171.146909395854 191.137472788493 201.223174730937 210.302948951721 235.282083352407 276.710132757823 312.745988368988 321.365078290304 322.781920433044 320.9135333697 312.600612640381 298.127710819244 285.304387410482 293.069104353587 311.735947926839 314.333001772563 313.872873783112 314.199606577555 318.089266618093 320.891916751862 318.636039892832 316.112001736959 317.612012227376 313.827236493429 306.041777133942 301.167607307434 296.311537424723 291.757206122081 288.791020711263 286.991159121195 287.225723266602 287.2101465861 287.938972314199 290.071129798889 291.476945082347 290.56171576182 293.808261553446 302.221973737081 309.775133927663
149.983912706375 159.765988588333 164.637744426727 150.883962710698 131.463458140691 137.339651584625 156.324257453283 177.579482396444 197.113037109375 218.956291675568 226.370910803477 235.153694947561 255.601763725281 272.105276584625 293.615241845449 320.087313652039 321.093082427979 319.997886816661 316.800057888031 304.521719614665 289.893050988515 299.239317576091 305.255790551503 311.235586802165 317.639251550039 322.398622830709 324.444711208344 323.645810286204 318.624973297119 317.517975966136 312.580207983653 307.533959547679 302.296062310537 297.157347202301 294.163962205251 290.792504946391 290.421704451243 287.431597709656 286.815424760183 289.40737247467 291.855772336324 293.146967887878 292.767584323883 294.154902299245 295.603116353353 305.684526761373
160.408049821854 164.919267098109 178.309321403503 186.386704444885 173.476616541545 155.154645442963 158.150802055995 170.227289199829 188.330590724945 212.167700131734 224.878629048665 227.175990740458 233.210762341817 245.842814445496 263.623237609863 284.131745497386 304.981489976247 315.051237742106 316.14355246226 315.395295619965 309.551497300466 299.683034420013 300.384898980459 306.349953015645 314.161519209544 320.220728715261 324.264009793599 323.154389858246 316.843350728353 316.093504428864 311.678846677144 305.486639340719 300.546606381734 297.874867916107 295.883595943451 292.580187320709 290.285329023997 283.994575341543 281.727731227875 288.792192935944 294.01832818985 294.490396976471 296.535134315491 296.362559000651 294.382353623708 300.758361816406
