input/barkrak2/radiation/dir29824.grid
NCOLS 85 
NROWS 70 
XLLCORNER 665100 
YLLCORNER 4664600 
CELLSIZE 20 
NODATA_value -9999 
[rows 0 to 21 of 70, columns 0 to 48 of 85]
133.559276660282990 149.417767922084 166.768570741018 188.536663850149 198.162138462067 200.100620587667 197.428305943807 193.538308143616 192.308445771535 196.879148483276 196.937839190165 194.278200467428 190.577228864034 191.383500893911 192.331671714783 179.377734661102 164.617280165354 153.470277786255 151.971052090327 147.251764933268 148.86728922526 167.005678017934 193.009853363037 199.269274870555 203.834116458893 216.270466645559 215.137779712677 200.279235839844 187.743782997131 187.580943107605 182.993988196055 205.832938353221 251.009066899618 249.599575996399 246.48121992747 233.871539433797 238.200982411702 252.477049827576 250.325699647268 249.559501806895 238.573928674062 245.423396428426 252.926667531331 246.829430262248 235.062479972839 240.162253379822 244.098544120789 213.19572130839 145.848006010056
108.003815015157 126.158237457275 142.019480466843 162.188986937205 177.50209569931 186.899423599243 190.831919511159 195.679148038228 202.526748180389 202.487806479136 199.971954027812 195.761799812317 191.763381163279 192.229588826497 192.21031665802 179.49112256368 171.543717384338 162.149250507355 158.210068941116 152.047256628672 161.969055732091 187.259395917257 208.188494046529 209.724287192027 213.206787904104 219.302237033844 215.90801080068 204.559048016866 192.615707715352 189.655145009359 190.417349338531 220.197836558024 252.323389053345 248.687485853831 244.978626569112 235.560695330302 242.087622483571 252.48529513677 247.607549031576 246.511340141296 242.307345072428 243.039806683858 239.623765150706 231.161554654439 226.66201988856 238.917231559753 235.714852809906 197.538177172343 156.767785549164
73.0179697275162 81.9367269674937 94.2612489064534 106.584807236989 120.043257872264 136.686484018962 151.208698749542 170.801222324371 185.585141181946 188.570936520894 192.261417706807 196.007966995239 200.955967108409 203.67572704951 204.625189304352 206.186890602112 203.915556271871 192.587554454803 175.52920182546 166.005909442902 177.417596181234 195.850888888041 207.084596157074 210.967103640238 214.387615521749 215.095559755961 210.549871126811 203.077077865601 197.334269682566 198.963443438212 209.547579288483 236.17148399353 253.004749615987 251.375238100688 245.336631933848 241.819123427073 248.786330223083 252.359549204508 248.906711737315 243.718047936757 237.339854240417 227.420369784037 213.972012201945 208.76673857371 217.587649822235 234.922349452972 223.261952400208 187.85152832667 174.955209096273
56.4896066983541 56.1107397079468 62.8208667039871 67.7642027537028 74.4832903146744 83.5226575533549 94.2498048146566 112.934499979019 134.817183017731 154.258698225021 172.15222120285 189.856986204783 201.401750246684 205.576042334239 209.492782751719 216.421763102214 213.363289833069 202.057242393494 183.682203292847 176.000237464905 176.70605580012 177.570680777232 189.741969108582 199.392437934875 201.815883318583 202.352305253347 204.540212949117 203.08377345403 203.96355787913 209.799687067668 215.860525767008 241.955757141113 250.5757411321 249.454935391744 245.012958844503 246.021310488383 248.993277549744 249.908308188121 242.430249849955 230.626980463664 223.069926102956 211.024363835653 207.561671733856 220.790108044942 234.495004018148 228.894035021464 209.044178326925 184.022863705953 185.186902681986
75.8795489867528 60.152605175972 49.3203699588776 40.8911854028702 42.3093438148499 56.8965872128805 79.974556962649 92.4910704294841 103.405028581619 111.692895491918 137.421846389771 163.405875364939 179.567297299703 188.070992628733 195.592641830444 198.998292287191 195.993224779765 189.147412776947 182.753523190816 177.613357702891 172.898689905802 170.683403809865 181.103507677714 190.380533536275 194.533626238505 200.843691825867 202.309787273407 203.535358111064 204.816321531932 204.687674840291 212.461193402608 244.011243184408 245.266795158386 245.669821898142 243.076046307882 241.839607556661 240.214943885803 237.792054812113 227.018773555756 216.952363650004 215.649445851644 213.987787564596 220.255513985952 231.26478989919 233.497301737467 210.333009560903 180.33887942632 172.97637462616 179.506838321686
119.037240743637 90.7060503959656 64.8441811402639 43.8988208770752 36.1592123905818 44.9565748373667 66.487451394399 87.7355933189392 93.4506555398305 92.0115013917287 102.877070506414 117.410411437352 128.890603780746 134.917308886846 145.407835642497 157.04623858134 162.125766277313 170.24153470993 178.151587645213 182.367285092672 182.962834835052 183.747410774231 181.799610455831 184.378544489543 190.310895442963 196.36615117391 199.836035569509 203.07457447052 205.910543600718 208.712955315908 222.884913285573 236.706097920736 232.145667076111 232.481201489766 231.708168983459 233.405510584513 234.21980937322 229.210654894511 218.221962451935 218.567391236623 217.260320981344 215.132276217143 217.310945192973 220.974604288737 212.696353594462 179.186781247457 151.527911424637 160.820037126541 180.615643660227
126.41633550326 119.069069623947 97.7098345756531 76.3387282689412 55.4698010285695 44.2019800345103 49.6847381194433 75.0049203634262 94.0378506978353 101.867338021596 98.76948595047 95.0895249843597 91.8801029523214 87.9725118478139 89.2426470915477 105.370253324509 120.036194721858 143.885632356008 166.103820006053 180.335144201914 187.13633219401 192.65474875768 188.161889712016 184.313118457794 187.707384427389 189.799745877584 194.379369417826 199.319084485372 202.753206094106 209.513167540232 223.086734612783 230.496426423391 222.665031750997 218.11580657959 217.590133349101 216.800153255463 216.562906901042 213.471333185832 209.730664889018 204.423805077871 198.461592197418 197.553694248199 204.901734987895 212.995827198029 205.319265524546 195.172886053721 206.164836883545 215.344230333964 228.516936302185
123.383770386378 124.747335910797 119.840323925018 105.053901672363 86.4614844322205 59.7423017024994 37.9952043294907 35.2875118454297 57.8453987836838 88.3656243483226 101.929605007172 104.973345994949 96.4821974436442 86.5403215090434 72.402502099673 75.2368768056234 86.8498682975769 102.647443612417 131.345331668854 150.014082590739 168.877045313517 183.605829874674 190.153698126475 185.064991315206 183.394690354665 181.473275025686 183.043301105499 186.541597048442 190.81324338913 200.661679108938 210.898737112681 213.537792364756 205.105125904083 201.250990231832 196.85564438502 196.48152589798 203.41295003891 200.944105784098 195.707221825918 180.301388104757 177.740414937337 187.50387430191 206.163942813873 219.579497973124 219.147940476735 221.827785174052 230.152110258738 232.442041238149 239.832997322083
100.470830996831 116.397728522619 111.428558826447 109.396358331045 99.8018582661947 83.3972493807475 56.0687283674876 32.4925656119982 42.9216921329498 51.6975969076157 69.3581203619639 83.1108887990316 86.4438414573669 86.3484640916189 79.730287194252 69.857915242513 70.337841908137 73.9065408706665 85.8076016108195 100.430885950724 120.585918426514 138.897518316905 151.81972583135 155.257085959117 158.003936211268 161.652455727259 162.694166103999 167.978405952454 173.006415367126 184.054950873057 189.88827864329 190.517326196035 185.303171475728 183.92554918925 185.381412506104 187.605818112691 190.403898557027 193.100412686666 190.869291623433 184.201379617055 194.686015446981 209.118962287903 219.365954399109 222.057938575745 215.776165326436 211.611886819204 214.622060457865 225.573201974233 234.483222166697
78.4590740998586 77.3470401763916 81.8497836589813 88.0440771579742 92.9219822088877 93.3188001314799 77.6676088571548 63.1111810604731 39.0397260586421 31.1753874023755 37.4783476193746 53.6676247914632 71.1954136689504 80.0931751728058 86.521585782369 82.6386710007985 73.7427324056625 73.5397090514501 74.5330502589544 78.1958798567454 84.1710766156514 91.8888052304586 107.734103997548 117.698421080907 128.749132156372 135.948598384857 137.899269660314 142.411679029465 146.789650122325 154.623885949453 157.606144746145 159.421821435293 165.861417849859 169.101357460022 175.290147463481 178.712944189707 178.058207035065 183.539013067881 188.271045684814 197.062691052755 209.684590498606 215.91192483902 217.991789182027 220.8212018013 214.517792065938 212.054292360942 222.8817542394 232.612431049347 233.015020688375
43.6064302921295 41.6497141122818 46.0401872793833 47.5369989871979 60.0968698660533 71.7127323150635 68.5141086578369 62.7201149861018 47.8373914957047 35.0435972213745 29.120979209741 32.7547987302144 49.925168355306 68.1478728850683 82.1420351664225 80.4359267155329 76.9380331039429 73.3781258265177 68.9943085114161 68.3085372050603 68.511908253034 69.2114184300105 73.9127149184545 90.4882550239563 106.844395399094 116.360416014989 119.167387485504 121.339589357376 129.052499930064 135.43293873469 140.994181235631 145.382195711136 156.666994094849 159.982442855835 159.888724486033 163.225203752518 169.839461644491 175.343930721283 184.80654557546 203.642845153809 213.60448996226 215.073267618815 214.045127232869 211.856126785278 210.215310255686 214.502513408661 228.315790494283 230.427940686544 229.569554328918
19.1573575139046 16.2699247399966 15.065378199021 17.9123654961586 17.3986330628395 22.0428531368573 35.9244793653488 41.5982405344645 45.3381538391113 44.251744945844 36.5815833210945 30.3795586029689 34.6661855777105 45.9675242503484 62.8136942783991 69.5011119047801 78.0904988447825 79.1495790084203 73.2507308324178 66.9270207484563 63.030406832695 62.4280671278636 63.6800080537796 70.9381649891535 81.3265144824982 92.4277504285177 96.8081553777059 102.270195881526 110.737323760986 116.615017255147 122.410436471303 127.989232540131 133.323689301809 137.813776731491 140.487730503082 143.927812576294 156.055818001429 167.337377866109 174.974918365479 192.138612270355 199.962059656779 199.659883975983 198.165376981099 196.540137132009 196.800688902537 196.820000807444 202.511628468831 212.786873181661 222.425003846486
12.6749488214652 7.61170436938604 3.52333020418882 1.13294754798214 0.0905354875915994 0.195188661261151 5.25018076101939 21.8923936287562 39.8847386240959 52.9282788435618 51.3347486654917 44.2796697219213 31.1025381088257 30.0787066419919 42.4538950125376 61.1097762982051 75.5604902903239 81.3137143850327 79.2444547017415 74.2515325546265 68.7846640745799 70.9044287602107 71.704958875974 72.6680209239324 75.186754266421 77.5724351406097 83.5357407728831 94.7460333506266 98.9019870758057 101.264894008636 107.270697752635 113.070845603943 114.533762137095 115.362942218781 120.358367760976 126.509964466095 138.184438149134 151.734590530396 156.348278125127 168.259004751841 176.868259906769 177.29789018631 178.441166877747 178.418755531311 179.886798063914 183.0841700236 186.114509900411 190.934677918752 194.255630175273
13.154258330663 1.09940767288208 0 0 0 0 0 2.71414034068584 22.5333496928215 37.7324149012566 53.3230155706406 59.5818807681402 52.7423123518626 41.024128595988 40.1523113250732 56.5426448980967 69.9018488327662 81.8388958772023 89.0913208325704 91.0469094912211 83.068440357844 81.0366223255793 79.6373188495636 80.6457300980886 81.8245708942413 81.1826239029566 84.3453705310822 94.1207806269328 100.7439494133 95.3845282395681 100.89248418808 106.731156508128 106.689472993215 107.580284277598 112.885465224584 119.901925325394 125.660260518392 132.775952418645 138.124893109004 140.536963939667 146.906346082687 153.979063034058 161.445170640945 168.248136838277 168.909966945648 176.058789094289 177.167435487111 172.802448272705 171.478490034739
18.4424395362536 3.32709774374962 0 0 0 0 0 0.410250620916486 7.5972651441892 25.7446616888046 52.5886913140615 71.6020663579305 77.8542061646779 66.5491322676341 57.1862955888112 55.5892437696457 60.3746771812439 71.2043990691503 85.9378675619761 97.1669852733612 97.6117551326752 93.8513875007629 93.0175284544627 92.2406315803528 90.7395978768667 89.4276797771454 88.9593462149302 92.670073111852 94.1213369369507 93.1119521458944 98.0301598707835 102.688322464625 102.433770895004 102.686723073324 107.396672169367 111.067632834117 111.288776000341 110.846062501272 117.419064044952 118.847459554672 125.355899333954 132.35679268837 138.534863789876 145.387252171834 150.286138057709 156.795521577199 166.404247283936 172.06076780955 169.429381688436
18.9909574886163 5.2568099151055 0.000999954333262091 0 0 0 0 1.96375309800108 4.26318993171056 18.566720187664 37.1774882078171 64.4940137863159 78.71975004673 84.4091773033142 76.1289894580841 58.9235822359721 53.8826535145442 56.0013353824615 69.2519843578339 90.2051130930583 102.05289721489 101.728181044261 103.894939025243 99.9214847882589 96.4245398839315 97.5278814633687 95.1079825560252 92.4030443032583 93.5854216416677 96.6018935044606 92.0068720976512 98.1317857901255 101.073612769445 98.8200803597768 99.4166036446889 99.3281006813049 96.6806511084239 93.27499071757 96.4845617612203 99.5283722877502 103.499869505564 109.644671281179 113.152166207631 115.831931432088 130.408982435862 137.030224005381 151.249825954437 162.41588195165 162.467479705811
15.3788415094217 7.42959789931774 0.271436292678118 0 0 0 0.159567280206829 3.32997925579548 10.2317252506812 15.7708463569482 25.7305105527242 49.0945428609848 73.95272453626 85.1870576540629 88.3406301339467 83.7504466374715 76.4434734980265 68.7547375758489 61.9089951117833 69.2313214143117 89.8957351843516 105.028837919235 108.617395162582 108.170866966248 103.436996539434 102.634012699127 104.4047276179 103.284339110057 100.558578968048 100.754837195079 100.241591533025 89.4468724727631 85.319846868515 89.9369120597839 90.6299750010173 90.2388294537862 85.7800443967183 84.2954019705455 85.3256086508433 89.0821814537048 91.1020735899607 94.0418839454651 96.7390338579814 99.6212065219879 118.646025657654 128.923684358597 137.688020865122 143.521149953206 150.349964698156
11.930949985981 9.09501500427723 2.44327976057927 0 0 0 2.2826596784095 7.05893710255623 16.9636482993762 20.366990317901 25.1158600052198 38.3307337760925 62.0401899019877 74.9770949284236 87.7728263537089 95.4149762789408 98.3191927274068 88.8274510701497 74.7058540582657 65.0912970304489 73.3349323272705 96.0978269577026 103.000183900197 108.984013398488 111.174553632736 113.577196995417 113.980114459991 113.980313142141 107.328683137894 108.657290538152 97.0642566680908 85.1690173149109 83.5231939951579 72.8687196969986 71.4155286550522 73.8429377476374 77.6353925466537 81.4886341492335 83.7747752666473 86.3204896450043 87.4375700950623 87.7389411131541 89.7379517555237 90.1689529418945 102.815677722295 117.454051971436 126.097917556763 126.993993918101 129.08128897349
13.0427206556002 15.9039075175921 13.9205679297447 0 0 3.33320318410794 6.80376713474592 14.5696687201659 24.5676810542742 33.3029876152674 39.1370803117752 44.5700784524282 54.8354983329773 62.1951222419739 76.9729713598887 90.8900698026021 97.0468620459239 98.2542634010315 96.5359012285868 84.2287441094716 69.0972556670507 80.6606610616048 90.7002488772074 101.9227206707 113.475501537323 118.93226703008 118.890871604284 123.84228905042 115.115235249201 105.63392440478 91.1086201667786 88.826447725296 74.0741193294525 63.6194398005803 58.8957021633784 59.7329040368398 64.6542658408483 60.4893068472544 67.8055683771769 71.9690173864365 74.9271214008331 77.8990685939789 80.3587585687637 81.8785826365153 81.9861342509588 97.0612168312073 103.466331958771 105.080912510554 108.448495467504
14.0172156194846 13.5230657955011 15.5869734783967 8.33190853397051 1.70763644079367 8.01774238546689 8.63604061305523 11.3101253906886 23.9869231979052 33.6728096008301 42.5676802794139 41.9494311014811 43.4371431668599 47.8597035010656 58.8643203179042 74.9146441618602 85.2516889572144 91.7269587516785 97.4726478258769 98.9744663238525 91.2968019644419 79.656258225441 82.5197845697403 92.5280451774597 104.681402444839 113.179564476013 117.136190334956 119.366278251012 108.444184064865 108.668982982635 96.170316139857 82.9032262166341 65.6579732894897 56.8987826506297 44.7501639525096 45.3469455242157 42.8898632526398 36.0388805468877 48.0392078558604 54.3149809042613 61.2865189711253 65.9599403540293 72.2381124893824 74.9525080124537 73.8095045089722 83.1583241621653 84.7321351369222 87.7151687939962 96.6659188270569
18.4020859499772 11.6718759139379 7.72965451081594 15.0059958299001 11.4595318833987 9.78589927156766 8.78980134924253 11.9520363708337 22.1209128697713 28.939666847388 34.28615629673 34.771184126536 34.6073110898336 37.801039715608 43.8450922568639 57.6639572779338 69.6719884872437 77.7063767115275 87.765763203303 100.801587104797 108.712087074916 97.3924696445465 97.9968011379242 101.479311784108 104.708105325699 105.72204987208 103.79832983017 113.713304201762 107.728749513626 95.2789882818858 81.0533761978149 74.0312188863754 52.6090860366821 37.6202141245206 29.2812039454778 20.487072567145 21.206888059775 21.5781753261884 31.3295473655065 37.4157875776291 43.4953620036443 48.2235103845596 54.4817397991816 55.823360880216 64.9496217568715 70.1799690723419 74.8212039470673 80.9742361307144 87.1259371439616
40.1438275973002 28.5870159665744 17.7364647388458 26.7706960439682 24.5200966795286 9.21525930364927 11.9422972202301 21.4313169320424 25.8273308475812 29.0904864668846 30.5695111552874 31.075028081735 31.9700042406718 30.329629778862 35.7226779063543 48.4895010789235 62.0742589235306 72.2322712341944 80.2750041087468 94.7907070318858 101.853271325429 115.910609563192 121.737311283747 120.88613708814 114.907016356786 106.368561585744 97.4484086036682 90.0140007336934 89.4564588864644 91.518372297287 68.6070372660955 47.4457194407781 31.5940653284391 16.923530648152 3.25302903850873 0.775925116613507 0.828657920161883 5.81025208036105 18.5591441889604 21.7523301641146 33.7253361940384 39.0228082736333 39.0262280901273 35.9989727536837 56.2452773253123 65.3036137421926 68.6977704366048 75.5639225244522 79.0194819370906
