input/barkrak2/radiation/dir26824.grid
NCOLS 85 
NROWS 70 
XLLCORNER 665100 
YLLCORNER 4664600 
CELLSIZE 20 
NODATA_value -9999 
[rows 20 to 39 of 70, columns 0 to 45 of 85]
61.6536736488342 50.0183453162511 54.5081049203873 71.8058198690414 68.4119363625844 62.2161279122035 55.9877256552378 64.7689551115036 76.263889670372 88.1244440873464 95.0032273928324 93.9150055249532 93.7501788139343 97.9500114917755 104.859113693237 123.322337865829 134.970635175705 143.375903367996 154.910912116369 170.977373917898 178.762396176656 166.409939527512 164.534459511439 165.092180172602 164.815803368886 164.107382297516 163.134555021922 160.865147908529 163.266787926356 150.810291369756 151.268303394318 132.495780785879 123.028407494227 127.022544542948 121.222853660583 150.173793236415 150.824497143428 152.599384387334 157.187163829803 162.695169448853 163.534134626389 164.163619279861 167.981723944346 160.602539777756 166.254152854284 172.142366568247
90.3870562712352 77.9269387324651 70.412889122963 92.4641887346904 91.4130012194316 61.8040760358175 63.7953678766886 73.3162860075633 81.5296570460002 87.8450870513916 90.3278489907583 89.7250970204671 88.7363751729329 88.3255004882812 97.5753962993622 111.898044745127 124.269147713979 136.041055123011 147.201240062714 165.11262456576 173.184971014659 185.260236263275 187.887370586395 185.462117195129 175.523161888123 163.210203250249 150.79790353775 143.099308013916 147.867222627004 148.471216360728 127.694348494212 99.8538533846537 83.4037959575653 67.5396670897802 65.7202700773875 83.6897095044454 99.0362763404846 117.595891157786 141.783207654953 145.91916402181 148.005853096644 152.334024508794 141.4954662323 126.790066560109 153.108994166056 166.478017965953
133.025189240774 131.804446379344 112.222780783971 112.995227177938 111.695309480031 80.7653119166692 84.6240321795146 83.5858782132467 79.19742166996 82.1588983138402 89.9762213230133 91.4143224557241 97.99591700236 97.1290767192841 100.673655668894 107.426544030507 119.886110226313 132.90931781133 141.859263181686 144.814918438594 149.372398853302 167.184273401896 176.176051298777 177.634100119273 173.896948496501 164.906849463781 151.609202226003 140.307476123174 145.582377910614 125.140239795049 91.5776789188385 55.6748708089193 38.7787272532781 19.4826746980349 10.391794765989 28.9900501569112 50.1324733098348 78.3005952835083 93.9189195632935 107.354074716568 116.721212863922 124.775916337967 111.77134513855 90.6054079532623 117.963155110677 157.12171792984
172.653019428253 163.848926623662 131.829738616943 119.666864474614 116.798688968023 112.385521332423 102.950791517893 86.0574046770732 75.8683582146962 78.9625545342763 91.759184996287 95.1748291651408 102.317869663239 110.890378554662 108.71289173762 110.052188237508 118.867089351018 128.88648112615 137.013574441274 127.69611676534 128.574848175049 133.769889672597 147.552539904912 156.420568625132 162.521779537201 156.57968322436 141.309767961502 132.392605145772 112.038185199102 72.0225969950358 55.7291905085246 44.4480031728745 17.9812672237555 0.325241436560949 0 0.810870512699087 14.6710127592087 33.3928267161051 48.9880740642548 54.9697130918503 63.338761528333 50.662765900294 64.1300181547801 99.7470418612162 112.281819184621 141.167342662811
164.544999599457 161.160926024119 148.758302132289 122.870057821274 107.264260450999 111.434777577718 103.262801965078 97.3008573055267 85.6569508711497 82.1069975694021 87.5705977280935 92.1548803647359 94.0162539482117 108.460783958435 108.16702246666 108.510086933772 115.632752577464 125.825941562653 133.112867673238 126.015772422155 125.466048717499 123.266955216726 132.905274629593 140.756527582804 141.357312599818 137.271304925283 133.436342080434 120.815296967824 101.97310646375 52.3368964592616 47.3578870296478 45.9900399049123 26.1446113387744 0.599373869287471 0 1.21353069941203 8.11373752852281 21.4595670501391 27.6917268832525 29.5596917470296 26.3710121313731 24.2999891440074 44.2191064357758 126.460919777552 130.410691102346 140.972505013148
152.068754037221 156.700988610586 158.541232347488 130.607674519221 108.005692561467 111.675331989924 114.47141567866 122.729400793711 119.248827298482 105.662643909454 99.2201864719391 105.059067408244 110.400845607122 118.384907643 119.350284337997 112.902184327443 115.518202384313 126.30828221639 134.089757998784 137.317130963008 139.688014984131 136.535008748372 131.608446439107 130.395462115606 131.350894769033 130.54695725441 121.92839384079 114.837467670441 89.5582934220632 75.4399398962657 74.400598804156 84.6020976702372 78.1222879886627 22.3204592863719 7.36353794733683 11.029360195001 12.1197712918123 18.7144838273525 20.2226676046848 13.7676224112511 15.2144258220991 16.9790151218573 57.0048193136851 120.024462540944 150.412350893021 153.263459602992
151.045382022858 156.121303637822 161.199072996775 139.198829730352 125.153362751007 130.488802989324 142.860809961955 144.765158494314 148.610750834147 145.029912392298 123.846153418223 130.647460619609 128.657052914302 136.139998833338 134.882052739461 122.778981924057 120.290219783783 131.808519363403 139.100263516108 150.767087936401 154.55553929011 151.162038246791 140.336513519287 132.614135742188 131.425321102142 132.397045691808 121.020505825679 120.551923910777 107.437233130137 110.017269849777 124.52174226443 147.920161485672 156.37003382047 142.755806446075 68.1276718775431 27.7757421135902 25.9049087762833 26.8185039361318 23.540938893954 17.7446206410726 24.0600928664207 58.5871785879135 101.089686155319 124.485512574514 144.464155038198 139.941473801931
152.841746807098 151.519854863485 151.978303988775 143.917034069697 156.511177619298 156.724403301875 164.625485738118 162.499368190765 163.952797651291 159.787148237228 139.901826779048 134.851217269897 135.268867015839 140.007833639781 141.402244567871 135.976811250051 131.96524977684 139.534155527751 152.440150578817 158.825129270554 156.066199143728 146.601011355718 142.607927322388 141.935010751088 140.84913333257 138.958662748337 135.30578215917 132.184197505315 143.372009197871 151.633719603221 167.091369628906 179.263552029928 188.38640054067 199.741462866465 168.164571126302 69.6521103382111 39.3409008781115 29.6125163634618 18.1563136478265 17.0131586492062 49.4382232427597 126.655240853628 121.864090363185 111.9684278965 113.562991221746 110.528647899628
155.398031075796 144.269357124964 145.403782526652 149.012277523677 178.692797819773 170.403520266215 161.67817513148 151.542951663335 147.850304841995 139.578600724538 132.536997397741 121.975580851237 132.302463054657 137.551486492157 145.936757326126 146.560460329056 141.782383124034 135.569463173548 146.896729866664 151.697635650635 148.249099651972 140.796184539795 141.520231962204 147.27920293808 148.113071918488 141.455074151357 143.555035193761 140.705684820811 154.207607110341 167.764663696289 186.695595582326 198.983430862427 205.686251322428 207.204361756643 206.352949142456 140.288094679515 39.1020253300667 14.4497938454151 8.69707763195038 17.1959176659584 63.8705343008041 117.601682742437 109.021842479706 76.8610884745916 75.9839465220769 79.4111788272858
155.422081549962 137.929886579514 142.336924870809 157.685408989588 178.654154141744 166.558712720871 146.053870519002 126.178781191508 113.487760225932 106.007526318232 105.059613784154 112.494806448619 121.48642539978 130.764832099279 139.978835980097 146.911521752675 142.948647340139 128.999312718709 133.76384973526 136.622885862986 136.689633131027 140.635887781779 143.418490886688 146.711766719818 153.052121400833 147.762964169184 150.946915149689 146.920412778854 151.935577392578 175.681531429291 197.776277860006 212.107439835866 211.415886878967 210.316737492879 221.397161483765 211.070617039998 130.187491575877 43.4006551901499 29.7658294439316 34.878671169281 58.5970133543015 73.2575953006744 83.3733677864075 56.7589700222015 48.7291067838669 58.0154955387115
152.113338311513 157.278269529343 185.023327668508 227.473219235738 209.130883216858 171.174546082815 136.349678039551 104.826986789703 92.5552845001221 99.7799833615621 93.4417545795441 93.2058493296305 110.152890284856 128.733704487483 141.329606374105 148.439486821493 148.200968901316 134.405195713043 133.814523617427 138.894607623418 136.333008607229 142.169574896495 144.229700167974 147.964666287104 154.102663199107 159.529070059458 158.592442671458 158.393909533819 162.351032098134 185.369789600372 208.015322685242 217.974841594696 213.531970977783 220.957458019257 233.250280221303 238.175948460897 220.385511716207 171.965559323629 88.6589884757996 53.9878805478414 46.2271471818288 46.8225181102753 61.5665316581726 50.9718904892604 45.4828937848409 62.4322195847829
170.447786649068 207.234481970469 252.793490886688 275.78608194987 268.914481004079 218.962709108988 165.121297041575 124.609003464381 115.447481473287 118.697106838226 111.151804526647 99.4750062624613 103.243917226791 125.561436017354 146.788934866587 154.384692509969 149.924069643021 145.374159018199 137.996097405752 139.719704786936 140.851358572642 144.926965236664 149.373710155487 149.673223495483 155.688097079595 167.858302593231 168.937961260478 174.605250358582 180.748144785563 194.726487000783 211.347699165344 220.043261845907 222.545405228933 230.723261833191 237.46524254481 234.780967235565 231.219033400218 231.770018736521 169.988989830017 87.704728047053 51.2862900892893 47.7453668912252 50.3482321898142 56.0488204161326 69.4063355525335 88.1777902444204
230.69171110789 264.484822750092 282.26105372111 281.586746374766 291.057169437408 274.125516414642 236.613790194194 197.390596071879 166.350523630778 157.412528991699 154.849668343862 122.000465790431 107.033828894297 122.374127308528 148.079872131348 154.587288697561 148.251036802928 149.711479743322 139.818777640661 138.164818286896 143.770823876063 145.19805709521 147.756417592367 148.192514975866 154.981434345245 169.750154018402 177.535812060038 184.893767038981 190.465609232585 197.192370891571 211.816827456156 223.305722077688 222.874561945597 220.495820045471 222.436130046844 207.690358161926 213.341693083445 208.689332008362 167.513469854991 112.553636233012 74.4173377752304 65.0282800197601 55.4716189702352 57.2162518898646 69.0370500087738 85.0956638654073
270.170589288076 286.997477213542 286.527037620544 277.647236982981 286.586860815684 292.872707049052 277.135690053304 241.121411323547 205.235620339712 182.696441809336 173.56421550115 155.700047810872 130.869567394257 130.51908214887 143.909792105357 149.075796206792 145.211855570475 145.866423845291 140.695631504059 141.184091567993 140.586137771606 142.051825920741 141.500443220139 143.294632434845 150.678137938182 163.749804099401 176.237841447194 181.26255273819 188.299457232157 198.821862538656 212.15565999349 214.668333530426 201.760729153951 191.359559694926 190.81437587738 168.641606966654 169.065574804942 155.710518360138 125.066220760345 94.9328442414602 101.821621259054 91.0374422868093 74.084480603536 61.9237770636876 60.910294453303 73.3094364404678
280.845105648041 283.364355564117 284.535626570384 282.038013140361 280.216693878174 284.584641456604 287.516395250956 264.688730239868 219.784756501516 184.416949748993 179.79109287262 173.377056916555 163.720895846685 147.887816031774 144.924819469452 147.873848676682 143.824358781179 139.344374338786 141.329348087311 144.298791885376 140.314449866613 139.131814241409 140.854597091675 143.489251534144 147.750516732534 157.342811425527 168.115516503652 169.47869459788 177.191118399302 194.753030935923 204.424858093262 199.295878410339 188.583691914876 184.142808119456 168.770035107931 154.965003331502 158.735831578573 156.250774860382 143.002569675446 119.014124075572 117.933094501495 124.288807312648 107.480277617772 88.7949069341024 72.9742596546809 61.5621308485667
280.831873416901 280.918657779694 280.581533908844 281.12671772639 279.224495093028 277.084708213806 279.026865959167 266.691625118256 223.789612452189 191.741307576497 180.379966894786 179.964303970337 177.321712176005 158.21639696757 151.073157787323 154.628972212474 149.230400721232 139.18196161588 143.671035766602 146.155248085658 144.882549842199 140.202542146047 143.796235322952 149.786661068598 147.715200980504 153.499017159144 159.829159577688 159.740577141444 167.710840702057 188.110450903575 197.078347206116 193.054477373759 190.938055515289 192.237397034963 167.235354582469 165.039320786794 170.728941758474 176.16061369578 176.466107368469 152.308126290639 110.111206769943 111.952116092046 96.1653192838033 83.7281843026479 64.1800264517466 51.885649561882
267.776131629944 270.057519276937 271.946549415588 270.397305488586 267.585178216298 265.223701794942 269.883096218109 268.588920434316 234.982510407766 197.259664535522 182.433724403381 177.301247914632 176.155944665273 158.035695552826 149.216016133626 156.854927539825 159.715155760447 145.5018222332 149.665464957555 152.491887410482 152.972857157389 147.168795267741 147.101243336995 152.524550755819 149.828751881917 149.881651004155 158.087948958079 164.590696493785 169.749816258748 182.668010393778 194.36111052831 195.383509000142 190.510431925456 186.405301094055 169.792950153351 176.189919312795 178.541342417399 184.128880500793 178.6101659139 158.553709586461 88.7079834938049 66.1461850007375 57.9914500315984 38.7810145815214 48.3023772637049 43.8951899607976
251.39311949412 257.499814033508 265.385190645854 263.607402642568 262.387951215108 265.781958897909 272.280474503835 274.627904097239 251.638392607371 208.613455295563 187.373677889506 174.414773782094 165.521403153737 155.136406421661 146.29653096199 151.654700438182 165.129790703456 155.043065547943 152.328391869863 155.29007713 155.310342709223 151.826560497284 148.349314928055 151.96434656779 152.985910574595 151.891867319743 156.716028849284 166.273385286331 171.287178993225 176.214536031087 189.162611961365 196.674505869548 193.563938140869 177.988648414612 168.398976325989 185.907900333405 192.897578080495 195.863922437032 183.908104896545 172.243853410085 82.320640484492 36.6966649889946 16.898966083924 17.2203555703163 15.5308457712332 16.3847717146079
218.300342559814 228.547175725301 236.652215321859 241.318921248118 247.046073277791 258.947114149729 268.467466036479 273.107171058655 264.123817284902 228.832880655924 201.632559299469 178.687930107117 165.054589509964 161.590794722239 153.035928805669 146.147112051646 160.154471794764 159.388681252797 152.924438317617 152.235249678294 154.34741973877 150.465269883474 146.303157011668 149.100760618846 152.458935976028 156.57173593839 157.428870598475 163.043369849523 169.60620880127 170.710682868958 179.676791032155 194.478213787079 184.05536810557 166.221956411997 173.709750175476 199.911971886953 205.794394016266 201.646685600281 186.887741088867 191.190421581268 145.678182442983 58.3426107962926 24.5396147171656 18.8928047815959 18.8163990775744 13.5102048516273
183.434764544169 190.509438514709 190.194646517436 199.563165505727 215.383489926656 231.544653574626 244.262595971425 252.048552036285 249.97087319692 225.960850715637 198.12548160553 174.432297547658 161.736299594243 158.8121453921 155.503938595454 148.162762324015 154.574632644653 154.748181502024 146.176894505819 147.18958735466 150.444010893504 154.873867829641 152.769148349762 149.193982283274 147.853265206019 151.663730541865 159.168581167857 162.325034538905 167.229771614075 168.110211690267 170.675873756409 183.627565701803 176.40076080958 171.998759110769 199.341734250387 212.484439214071 208.202222983042 202.103575070699 201.344788074493 212.148745854696 219.099700450897 172.13902870814 86.0554079214732 46.1676518122355 29.2001614967982 14.5399197936058
