input/barkrak2/radiation/dir25324.grid
NCOLS 85 
NROWS 70 
XLLCORNER 665100 
YLLCORNER 4664600 
CELLSIZE 20 
NODATA_value -9999 
[rows 40 to 59 of 70, columns 0 to 45 of 85]
211.79610490799 214.191317558289 212.999184926351 214.880685011546 223.856647809347 228.699465592702 232.312381267548 237.62450615565 235.335151354472 220.336139202118 205.08881409963 200.135032335917 199.111759662628 194.716453552246 193.140268325806 193.514068921407 192.325095335642 193.166434764862 186.433851718903 184.206465880076 188.320537408193 193.598012129466 196.780562400818 191.796004772186 189.286728700002 186.928113301595 196.759819984436 199.746012687683 204.270720481873 204.168299833934 205.178757508596 209.530015786489 206.220249334971 211.598932743073 238.323271274567 239.157636960348 227.441291014353 218.965113162994 222.0658659935 229.522744814555 243.802030881246 262.389997641246 230.98216454188 151.847869157791 90.7241404056549 63.2334450880686
219.706078370412 216.648598512014 216.894487539927 216.077923774719 211.711406707764 210.228900114695 208.649198214213 208.572387695312 211.609641710917 203.7593126297 196.663816769918 196.838756402334 200.597802797953 199.403723080953 197.872459888458 194.17272011439 188.653727372487 197.408477465312 196.312208970388 191.361546516418 192.991316318512 193.742950757345 194.189449151357 195.773243904114 196.119010448456 192.245622475942 197.451849778493 201.126615206401 204.450011253357 205.669621626536 206.691841284434 209.543903668722 206.974605719248 222.228646278381 235.394398371379 225.357532501221 208.303213119507 200.118501981099 201.409518718719 213.303605715434 246.615052223206 260.828216870626 246.872385342916 196.972966194153 126.389304796855 86.1877898375193
223.145683606466 220.674296220144 223.255733648936 220.818122227987 214.773118495941 211.57576640447 207.584798336029 204.043050607046 204.213440418243 200.466334819794 198.733290036519 196.285446484884 200.682580471039 203.361670176188 203.274349371592 199.001371860504 194.64236497879 201.029260953267 202.273925145467 195.88311513265 192.574799060822 190.868894259135 188.755631446838 189.907530943553 194.019973278046 191.836933294932 188.121438026428 194.093982378642 198.792974154154 203.063984711965 203.77250512441 202.200869719187 208.581666151683 227.121432622274 233.019232749939 210.919102032979 188.658018906911 193.8569744428 200.902203718821 214.738845825195 225.224157174428 227.558811505636 213.925858338674 188.759207725525 137.30197151502 79.9751828114192
208.154559135437 210.716605186462 218.982776006063 215.693354606628 218.441009521484 220.699648062388 218.271533648173 213.71845404307 203.388134638468 200.970470905304 202.783803145091 198.512534300486 197.468241055806 202.219823996226 201.784312725067 199.589232603709 199.422140916189 202.571789423625 202.171504497528 197.486758232117 191.137492656708 188.39830160141 187.054892381032 185.498436292013 187.933564186096 193.344374497732 187.486290931702 189.817806084951 194.834411144257 198.281268278758 196.4164574941 192.637860774994 203.285952409108 216.874937216441 216.088116168976 190.530180931091 190.204977989197 200.422167778015 210.849106311798 213.422417640686 211.476465066274 207.074105739594 198.739210764567 175.64978202184 134.385565916697 81.1326007048289
206.062058607737 211.278935273488 214.587906996409 214.763899644216 216.53292576472 219.130396842957 218.210120995839 214.793761571248 210.07772286733 204.043964544932 204.397082328796 201.689521471659 196.509222189585 196.032722791036 194.917380809784 195.547799269358 190.393408139547 198.520302772522 199.562589327494 195.936719576518 192.765593528748 190.564413865407 190.736333529154 190.209031105042 186.833838621775 195.545474688212 200.116395950317 196.863154570262 196.128348509471 196.013510227203 190.384805202484 186.645150184631 193.057974179586 195.422907670339 192.279855410258 184.778471787771 194.254914919535 208.587090174357 217.244843641917 208.725492159526 207.603414853414 199.917197227478 191.474556922913 173.43266805013 143.793344497681 102.835347255071
211.3885084788 216.094036897024 213.893155256907 216.433962186178 215.258200963338 215.408742427826 215.874115626017 214.607059955597 214.235444863637 209.539314111074 208.519717057546 206.1527967453 201.733152071635 196.154773235321 195.67342599233 198.309044043223 192.326068878174 194.572230180105 199.398398399353 196.950217088064 195.315539836884 194.255948066711 192.066888014475 194.072882334391 194.340825080872 193.55320930481 202.171623706818 200.103084246318 197.492321332296 197.160124778748 191.581726074219 187.087535858154 190.153519312541 185.544689496358 172.239979108175 171.838263670603 184.367338816325 202.230473359426 204.996943473816 191.071550051371 195.305824279785 188.025116920471 183.065295219421 181.813478469849 170.957525571187 133.965462446213
210.668663183848 212.723016738892 215.891520182292 217.151761054993 217.263539632161 216.943343480428 217.619736989339 219.543655713399 214.833458264669 213.079810142517 211.788813273112 209.460059801737 206.11047744751 201.715747515361 201.29406452179 203.858911991119 199.432889620463 192.309101422628 200.296461582184 198.543508847555 196.8066294988 196.928163369497 194.93822256724 192.516843477885 200.027545293172 193.290750185649 194.214860598246 197.918593883514 197.255849838257 197.660505771637 194.849650065104 190.790812174479 188.035070896149 184.641242027283 180.604517459869 176.115393638611 181.416889031728 191.919326782227 193.066994349162 190.788567066193 192.656556765238 183.902462323507 186.722099781036 195.421556631724 192.238887151082 160.740156968435
204.824725786845 207.31774965922 213.319460550944 214.513063430786 218.297819296519 218.253076076508 216.243326663971 216.614504655202 215.316673119863 216.867407162984 212.232788403829 209.007759888967 206.134716669718 206.234494845072 201.924443244934 201.889395713806 199.590265750885 190.045754114787 196.868379910787 198.226849238078 195.982615152995 195.635577042898 197.363177935282 188.783367474874 192.124426364899 193.922519683838 188.612242539724 192.314068476359 196.382264296214 194.949467976888 194.93567943573 194.601595401764 187.373499075572 188.563704490662 196.010609467824 194.131116072337 191.156923770905 188.583334287008 192.296703656514 203.140159447988 195.78359524409 186.193823814392 192.988514900208 197.627107302348 192.117969195048 173.869887987773
197.197834650675 200.474560260773 205.390691757202 209.734161694845 216.149826844533 218.672414620717 216.081202030182 214.27176396052 215.983271598816 217.848102251689 214.974900086721 211.073060830434 207.567989826202 208.566705385844 204.347451527913 200.227896372477 198.336124420166 190.340578556061 195.834517478943 199.941396713257 198.257029056549 198.631485303243 199.528733889262 194.481949011485 191.738247871399 197.285672028859 192.980627218882 196.079691251119 201.717217763265 206.066052118937 209.91583665212 210.537215073903 199.36199982961 201.106250286102 205.647826194763 205.521841843923 204.609910647074 198.65612188975 197.050472100576 202.496210734049 191.047887007395 184.214651584625 180.120766162872 174.457351366679 175.133426984151 175.404628117879
195.912798245748 193.400382995605 198.618292808533 206.069111824036 211.924254894257 215.895295143127 217.683017253876 219.78771686554 218.834519386292 215.664863586426 218.068361282349 216.467638810476 212.871889273326 208.894987901052 205.788215001424 202.274123827616 199.214915434519 193.620165189107 196.22011979421 203.344146410624 204.146484533946 202.760954697927 200.947562853495 200.412074724833 195.775032043457 199.701031049093 200.078686078389 204.06178633372 210.226158301036 217.193921407064 225.963989893595 226.086934407552 216.617981592814 212.63458331426 208.219707012177 208.966215451558 209.55749352773 208.965063095093 202.597419420878 187.827905019124 179.622213045756 180.632412433624 178.62864335378 173.513690630595 170.211434364319 170.999864737193
198.308845361074 199.358900388082 201.97186867396 207.788268725077 209.56822236379 209.633688131968 217.517018318176 222.275276978811 220.8172082901 220.067302385966 218.262831370036 218.602259953817 213.470538457235 209.494014581045 208.077569802602 211.867193380992 203.013638655345 198.833644390106 199.378768603007 207.536975542704 208.109140396118 205.039858818054 201.083183288574 201.710025469462 196.697274843852 202.909211317698 206.368724505107 207.074840863546 211.807548999786 219.564934571584 227.409621079763 232.619722684224 223.698457082113 215.252220630646 202.288806438446 199.195583661397 204.477906227112 212.145149707794 203.479826450348 176.727374394735 174.282689889272 184.922993183136 185.641090075175 176.685134569804 175.438483556112 168.672660986582
196.822861830393 205.698986848195 208.071887493134 210.104246934255 209.796746571859 207.676510016123 214.705348014832 220.582127571106 219.009836514791 223.355849583944 220.208525657654 219.931244850159 216.129461924235 211.427251497904 208.382646242777 214.297970136007 208.692034085592 201.077381769816 198.183337847392 203.951279322306 204.558769861857 202.570080757141 200.353384017944 196.203986803691 195.670882860819 197.484970092773 202.023347218831 202.842275301615 205.048143863678 211.864034334819 219.248871008555 227.631767590841 218.338032563527 198.829889297485 161.135454972585 153.995056947072 177.250524361928 197.820683320363 205.512265364329 203.988552093506 201.380213101705 195.687452952067 173.015455404917 171.272575855255 177.727619806925 169.334053993225
198.343793551127 195.762991905212 196.333448092143 200.867255528768 207.223057746887 211.524426937103 210.172692934672 217.034935951233 215.483546257019 219.71454222997 219.393789768219 221.470812956492 221.518655618032 214.971741040548 209.627628326416 210.615893205007 211.310803890228 200.644195079803 197.083751360575 194.45131222407 195.879975954692 196.835100650787 197.057505448659 190.890848636627 193.988919258118 188.71279557546 192.372381687164 193.341354529063 193.271696567535 190.458476543427 194.172104199727 207.436839739482 194.925288359324 170.490463574727 136.518985033035 117.371678352356 128.119726975759 159.936745961507 192.272325356801 203.15416653951 205.651958783468 186.66136264801 167.144258817037 167.409420013428 172.56353298823 159.0895652771
203.602174917857 193.532824516296 189.270536104838 195.114254951477 205.967267354329 214.698215325673 212.383727232615 214.683373769124 217.235008875529 215.703725814819 217.307150363922 220.217784245809 221.0733294487 219.2329565684 213.632841904958 210.940539836884 212.224761644999 202.160994211833 197.021126747131 200.324575106303 199.457983175913 193.962872028351 192.057887713114 187.700768311818 188.936670621236 187.240898609161 186.714112758636 187.053600947062 183.36021900177 179.556608200073 170.310993989309 177.535911401113 170.137286186218 150.7202287515 135.287314653397 118.001292149226 99.3771354357402 107.113718986511 130.600144465764 168.029427528381 185.245037078857 175.678690274556 166.141033172607 162.157644828161 154.699991146723 144.497762123744
205.008904139201 198.733607927958 194.54699754715 197.359402974447 207.807242870331 215.178827444712 218.57488155365 214.457849661509 218.773603439331 215.6583070755 217.91144212087 220.03585100174 220.632076263428 222.207029660543 216.256499290466 215.057611465454 212.847352027893 208.43497912089 198.678731918335 200.311700503031 202.519595623016 197.91966676712 194.944679737091 193.523128827413 189.472635587056 188.58281771342 186.436295509338 181.445002555847 179.798722267151 172.835787137349 163.284589846929 166.47473971049 162.501275539398 159.514317909876 159.299790859222 151.637077331543 126.419732968012 110.216240088145 100.92435280482 116.159478823344 150.274654229482 153.367698192596 142.68684387207 128.978202740351 126.193066438039 132.676959037781
208.580672740936 206.187427043915 199.879467487335 194.794178009033 200.272520383199 213.247815767924 215.374350547791 214.372595151265 214.183131853739 218.527595202128 222.806354363759 222.630103429159 222.218831380208 221.398194630941 217.721819877625 215.959429740906 215.92923005422 210.22109190623 205.951472123464 203.440487384796 201.471288998922 199.380954106649 199.488699436188 200.436373551687 195.703029632568 193.275272846222 185.065925121307 177.024324735006 170.381168524424 167.374889055888 166.471878687541 171.911577383677 168.34831237793 176.228602727254 182.854056358337 188.284695148468 182.360668977102 165.821214516958 145.876775185267 111.549874146779 120.393772919973 138.151437044144 137.195110321045 126.121481259664 128.262460231781 145.315567652384
212.163726488749 209.807674090068 206.749240557353 198.529481887817 197.995046774546 208.914419015249 214.991768201192 214.373449484507 212.929765383402 218.169709046682 225.069006284078 226.437369982402 221.790969371796 224.005262056986 221.729775269826 214.992841084798 218.550980091095 213.296254475911 208.038846651713 206.221282482147 204.660356044769 203.458110491435 199.610014756521 197.876572608948 195.419430732727 191.147486368815 172.329127788544 150.443683067958 144.712209701538 152.012079954147 163.786470890045 167.348027229309 167.015830675761 171.885331471761 186.754643917084 201.072732607524 208.071649074554 209.784388542175 198.592325051626 154.298623402913 125.710030396779 141.960322856903 158.006985982259 163.45222791036 167.551219463348 180.079758167267
211.378773053487 207.444111506144 208.787143230438 205.345908800761 200.387835502625 204.352060953776 214.611570040385 215.095539887746 212.68488963445 215.415815512339 224.900146325429 225.570817788442 221.751769383748 222.067316373189 223.190228144328 215.376178423564 215.681811173757 212.299366792043 208.634873231252 209.09982919693 209.229906400045 210.427661736806 205.4776151975 198.930700620015 195.969124635061 195.683042208354 178.456842899323 154.967129230499 151.173164447149 160.408943891525 171.851098537445 172.977407773336 180.014371871948 186.21156613032 199.981649716695 208.989878495534 206.810573736827 173.456768194834 159.760256608327 154.769599437714 156.379679838816 168.876190980275 171.538968880971 156.546175479889 146.602898836136 159.774084885915
200.610200564067 206.945975621541 207.615574200948 207.002977530162 204.775909582774 201.402306556702 215.275386969248 219.255089759827 216.521044572194 215.869347254435 222.834845383962 225.389897823334 224.496642748515 219.763259092967 220.293800036112 217.603941758474 212.79497941335 213.595708211263 213.157773017883 214.353322982788 217.337965965271 213.34832906723 209.268649419149 202.898224194845 201.967457930247 204.780697822571 199.588179588318 191.344916820526 189.415375391642 190.664728482564 188.770314057668 182.199438412984 193.789859612783 200.103958447774 199.547251065572 180.808246135712 162.757396697998 115.141123533249 92.3902094364166 124.710937341054 162.580251693726 178.645372390747 171.500027179718 158.270547787348 153.097450733185 161.292811234792
189.570148785909 204.087515672048 205.195645491282 205.949405829112 208.038111527761 202.795386314392 210.34840742747 219.612697760264 226.073662439982 222.437043984731 223.623116811117 224.162697792053 224.511126677195 222.296078999837 221.088409423828 219.867666562398 214.041868845622 212.859908739726 210.145215193431 207.919557889303 211.670736471812 210.690458615621 209.710578123728 208.1684867541 207.325994968414 213.905692100525 222.430507342021 224.584837754567 207.445204257965 206.759770711263 195.390939712524 183.793107668559 189.587454001109 176.793694496155 147.655407587687 119.603415330251 100.224604209264 88.7985527515411 78.6824772755305 87.4720811843872 110.404958327611 145.079880952835 169.95245218277 191.300650437673 213.757415612539 212.872366110484
