input/barkrak2/radiation/dir24624.grid
NCOLS 85 
NROWS 70 
XLLCORNER 665100 
YLLCORNER 4664600 
CELLSIZE 20 
NODATA_value -9999 
[rows 0 to 19 of 70, columns 0 to 45 of 85]
260.151286919912025 272.503217061361 284.342805544535 297.005395094554 301.782170931498 299.902002016703 291.592498620351 285.886545976003 288.343966007233 289.349615573883 288.270473480225 291.450440883636 292.704900105794 292.744855086009 294.891556104024 290.713508923848 281.612435976664 272.444287935893 268.604318300883 257.416089375814 246.147632598877 253.992001215617 278.427223364512 285.751243432363 286.564310391744 292.503555615743 290.377994378408 275.877436002096 261.390248934428 257.46879975001 254.491666952769 269.391318162282 302.52605676651 301.07319355011 302.014092604319 288.83037964503 294.577658176422 307.026902834574 299.165447552999 301.384806632996 288.532137870789 286.84667746226 297.033429145813 304.45929368337 301.802674929301 299.103577931722
241.46701892217 256.629109382629 269.379516442617 284.150818983714 293.159484863281 293.951094150543 288.429896036784 285.624225934346 292.979041735331 292.858719825745 288.437147935232 290.080328782399 293.234129746755 294.544736544291 294.295946756999 290.819843610128 287.591516971588 280.621310075124 276.087005933126 264.350493748983 259.652932484945 270.484884579976 287.155032157898 290.819108486176 293.658514817556 295.463999112447 289.948980013529 278.185208638509 265.381058057149 258.751273155212 259.551167488098 281.441569328308 301.72061920166 302.026212215424 301.427622636159 291.052301724752 294.873615105947 302.625179290771 298.527181148529 303.857107957204 298.464020093282 291.272362073263 294.513424237569 299.672643343608 300.186435381571 301.188051700592
208.370884259542 219.530423482259 231.277167797089 243.04727713267 255.453129609426 263.281881809235 270.504752794902 279.642144838969 286.7724498113 285.981337229411 282.172242800395 285.966654618581 295.166850090027 299.015879631042 296.477735042572 300.719539324443 303.710301717122 298.37167263031 287.822782993317 278.222560882568 281.414151191711 286.195437113444 289.403557777405 290.854811668396 294.93526617686 295.611957708995 287.723422050476 277.855296929677 268.259425957998 263.340850671132 266.902069250743 291.343947251638 297.400752703349 299.756109714508 302.207509676615 296.028931935628 293.80585749944 293.899317582448 296.721398830414 303.490281105042 299.090067545573 290.347536404928 284.594595432281 290.437281131744 300.637364387512 302.728494008382
190.198719501495 191.872696081797 198.605418205261 205.616990725199 212.66782283783 217.694878578186 224.388559659322 238.630791505178 256.479938824971 269.820968310038 278.39857339859 289.132058620453 298.264066378276 301.560997962952 301.880458990733 304.088314374288 303.688327471415 297.914246718089 289.04934724172 285.019020239512 283.411979675293 281.484981377919 288.550575574239 290.370305379232 290.485660235087 292.337516943614 289.14737701416 281.551321347555 276.453971862793 273.100852966309 271.385788917542 294.951319694519 296.702325344086 299.030105272929 299.22616481781 300.21858215332 298.386136690776 297.716557979584 302.884062131246 301.041483879089 293.476581573486 281.26726547877 277.204950650533 291.072905063629 304.721077283223 301.208933194478
211.353977521261 195.545196533203 183.191657066345 173.639913400014 177.172621091207 193.188409010569 213.350733121236 223.55721394221 233.359932899475 240.367809931437 258.91383488973 278.231203556061 289.955238501231 295.522252718608 298.962155977885 300.612767537435 295.356869697571 286.724726359049 284.149765968323 284.363706906637 280.555725097656 279.078225294749 288.047313690186 289.391299088796 289.75635766983 293.972770373027 291.20010137558 284.609417120616 279.565771420797 276.401619116465 281.120081742605 301.45259698232 299.889246622721 301.068425178528 296.874463558197 298.068483670553 302.005668481191 302.59637037913 300.858616828918 297.410686810811 294.766843318939 288.586139678955 288.673758506775 294.255375862122 298.227310180664 294.36715443929
252.255856990814 226.508597532908 200.011134147644 177.212039629618 168.77269744873 179.098427295685 204.032440980275 220.43639421463 224.371314048767 224.319994449615 234.423816204071 246.864199638367 256.04393084844 262.213190396627 269.74896589915 276.028037071228 274.885872999827 275.302847226461 280.098477999369 285.227557023366 285.286684830983 288.548111915588 292.215466499329 291.012565294902 292.130947113037 295.715928077698 293.038566907247 288.694163163503 282.758593559265 280.625303586324 291.769663492839 302.711844444275 304.070373376211 305.042803287506 299.632032712301 296.949446201324 300.924718379974 300.660252571106 295.520087083181 296.308577060699 296.088953812917 291.929046312968 291.306654612223 292.93421904246 286.027312278748 271.141727765401
272.291878859202 250.412662823995 231.19576772054 211.044311523438 190.76669216156 178.472737471263 185.193181037903 213.491042455037 226.502696673075 234.368364016215 231.593986352285 226.563413937887 221.961458524068 218.215783437093 220.465282599131 235.231637954712 246.574481328328 263.047337532043 278.21163336436 287.888407707214 290.374060471853 290.739277998606 292.854368686676 291.8714483579 292.735199133555 295.002420743306 294.817606608073 292.66897837321 287.976066271464 289.621730645498 297.483066717784 303.864061832428 307.289659976959 306.87936147054 303.199013074239 297.037065029144 296.436210473378 294.077714284261 293.375929196676 293.077985445658 289.26420211792 285.911202430725 288.772304852804 290.76611995697 275.251229604085 266.973336537679
279.652019341787 270.983636379242 260.852376619975 246.451318264008 224.786579608917 195.653855800629 175.074776013692 174.102445443471 207.475384076436 232.084314028422 239.488820234934 235.617856184642 227.129936218262 217.786033948263 204.916059970856 208.363811175028 220.631241798401 236.382027467092 258.251070976257 275.469581286112 284.375409285227 288.249611854553 293.12785466512 291.861732800802 290.72227080663 291.13229115804 291.580637296041 290.499885876973 288.574278354645 294.101774692535 300.807535648346 304.188946882884 304.500420888265 302.403668562571 297.450224558512 294.360001881917 294.004380702972 289.301196734111 281.724452972412 275.230765342712 277.866621812185 286.072671413422 297.542770703634 299.870451291402 287.073254585266 281.960368156433
272.643208503723 273.119072119395 269.515514373779 262.229323387146 249.714692433675 228.811939557393 199.657082557678 171.768327554067 184.439361095428 207.094530264537 226.41799847285 235.474308331807 237.206677595774 234.664797782898 223.54527314504 216.533760229746 213.218887646993 217.706243197123 231.760799884796 248.437702655792 263.082186381022 274.44988489151 281.245112419128 278.668443361918 280.188500881195 281.234999497732 282.177666823069 282.547414302826 283.163487911224 290.621717770894 295.349657535553 295.099198818207 294.250289599101 293.781856695811 292.802055676778 293.041586875916 291.18941227595 286.906361579895 274.842540423075 274.348894755046 288.855771223704 300.148924191793 304.700911045074 302.594542503357 292.033513387044 284.954110781352
245.296438535055 254.524687925975 259.254992008209 259.298404057821 256.515045960744 252.844174702962 237.524131933848 219.780604044596 189.66813882192 180.240333080292 192.924598852793 217.641313870748 238.301078478495 248.216867446899 249.646325906118 241.737167040507 227.290372053782 221.682171026866 221.034189065297 224.37584400177 232.878009478251 240.241527557373 248.79115819931 255.351066589355 263.164540131887 266.025841236115 267.431100209554 267.897327740987 269.535978635152 275.669197241465 277.030030886332 277.726133664449 283.570508162181 286.960323651632 288.958966732025 288.13244899114 286.664128303528 287.297368049622 275.303324063619 281.229913234711 298.735558986664 305.082102616628 305.750211079915 301.787793636322 289.661943912506 283.669630686442
194.598257541656 208.380838235219 220.859189828237 231.178522109985 240.395128726959 247.988263765971 249.685724576314 244.690378506978 218.169411023458 193.082749843597 179.065883159637 185.954213142395 213.07909488678 237.833559513092 251.954197883606 242.63721704483 235.265731811523 228.676160176595 220.214645067851 214.98433748881 215.247094631195 215.430637200673 219.151099522909 232.037802537282 243.913511435191 251.529057820638 253.358403841654 253.570775190989 258.973817030589 263.857920964559 266.643484433492 270.037134488424 278.700570265452 282.370130221049 281.261702378591 280.683517456055 283.827344576518 287.037273248037 284.860769907633 291.730284690857 301.128923892975 305.120666821798 304.442505041758 302.246848742167 294.754087924957 292.75369644165
152.314295371374 157.73073832194 166.473090648651 179.139236609141 195.408125718435 212.005356947581 229.971508185069 236.167232195536 237.004319826762 223.619639873505 197.871069113413 178.081591924032 179.975986480713 203.225652376811 229.548772176107 232.917110125224 239.379624525706 236.272613207499 226.787845293681 215.781013170878 209.275980790456 206.658562024434 206.824421882629 215.864539146423 224.473317464193 229.941825071971 232.885400454203 237.162709236145 243.859767913818 248.502135276794 253.002127011617 258.36302836736 264.495968818665 266.735970973969 266.842305660248 268.389801184336 277.273615201314 286.330898602804 289.464632670085 296.041111151377 300.543566544851 302.089750766754 300.927599271138 297.922174135844 293.475747108459 292.264044284821
140.276938676834 134.969075520833 131.478210290273 132.333070039749 141.148934761683 158.07435909907 183.625976244609 205.07691303889 233.738501866659 238.633851210276 227.321982383728 203.721324602763 175.944705804189 173.689107100169 196.194648742676 222.942769527435 238.491773605347 241.188009579976 236.416061719259 227.511604626973 218.190471331278 217.474579811096 216.994404792786 217.863182226817 218.357682228088 217.754105726878 221.982955932617 230.391621589661 234.007060527802 235.388735930125 240.447282791138 245.869358380636 247.61289358139 248.705267906189 251.362601915995 256.314059098562 267.421305179596 278.173188368479 279.683709144592 286.567250887553 290.826280911763 291.661302248637 290.762484073639 291.226824124654 285.979787508647 285.911202430725
126.587450504303 101.002991199493 85.7232312361399 78.4905850887299 72.7299551169078 79.6185433864594 100.657065709432 137.159506479899 180.475870768229 217.9301182429 236.52978738149 236.176212628682 217.06086397171 191.713531812032 188.8480981191 213.477412859599 230.273962020874 243.253111839294 249.85925356547 245.950957139333 234.824538230896 231.607596079508 227.788984775543 227.448642253876 227.268159389496 225.17850001653 228.115518887838 236.589471499125 235.874136288961 229.562958081563 234.881460666656 240.183075269063 241.8399254481 242.190639177958 245.197772979736 252.193450927734 258.249481519063 263.572911421458 265.925447146098 267.799258232117 272.278368473053 277.343114217122 282.853543758392 286.365926265717 281.701445579529 283.88782342275
116.399347782135 82.7583223581314 58.7421705325445 47.3344375689824 46.5944707393646 52.9709955056508 64.2480949560801 91.2067393461863 119.093269109726 168.126900990804 222.083687782288 253.50558757782 257.615069548289 238.826016585032 213.590800762177 209.127287069956 213.49823474884 228.951434294383 246.240496635437 254.595994949341 252.544820308685 246.389468510946 243.406732877096 239.792962869008 236.424823602041 234.9693775177 236.912786960602 239.156047503153 234.362622102102 229.667544364929 232.711493968964 237.566332022349 237.66682545344 237.627863883972 241.522232691447 244.670252005259 246.444423993429 245.521982510885 248.82435798645 249.451319376628 255.071620146434 262.466609477997 267.130414644877 270.516018072764 270.378232002258 273.142337799072
106.797655423482 80.1850557327271 49.0536640087763 28.4219781557719 43.43082010746 66.9578711191813 75.0801811615626 88.4375174840291 105.388959248861 132.305204868317 169.084588686625 213.081240653992 246.977269649506 261.819879213969 246.405084927877 216.00749095281 205.002188682556 206.880728403727 224.225262800852 248.920798301697 259.225050608317 254.356821378072 255.681395530701 249.053279558818 242.55092938741 243.173400561015 245.591898759206 241.801738739014 236.513694127401 238.824764887492 238.905886809031 238.286852836609 235.429485638936 233.977814515432 234.788219134013 233.428299427032 231.408556302389 227.347572644552 230.307896931966 231.736699740092 236.446022987366 242.231031258901 244.426429271698 246.112624804179 256.328006585439 261.64170106252
91.9711490472158 80.6797196467717 54.4467667738597 21.7302739620209 31.902089715004 58.5768272479375 77.4115025997162 92.4299458662669 110.84974805514 121.150950590769 141.399045785268 176.945885022481 205.860495567322 225.730141003927 231.544514497121 238.717297712962 233.43414068222 221.031546592712 211.286783218384 222.270687421163 245.696425437927 257.988929748535 261.488477389018 256.963829199473 249.811192353566 250.743746757507 254.702011744181 250.138839085897 247.84654378891 252.378284931183 250.816226005554 239.956617355347 233.986417452494 230.046312014262 225.360612074534 223.623712857564 219.117999076843 217.795570691427 217.867255210876 221.403459707896 223.985175291697 227.060755093892 229.303896427155 232.049485047658 248.354176680247 256.273607412974
84.1085811456044 84.9285026391347 72.5279152393341 33.8796700040499 32.2990467151006 61.8373205264409 82.0660690466563 105.2532295386 120.721320311228 130.149950583776 139.468053976695 158.637781937917 184.136509895325 200.846056143443 222.079714139303 238.620122273763 240.561644236247 236.024518807729 223.876118659973 210.802455743154 221.927344799042 249.678313732147 255.58602809906 256.773849328359 257.287085056305 261.572003364563 264.679392178853 263.364593187968 260.737478733063 262.239952882131 256.287435690562 245.060662428538 236.90273364385 229.409873485565 222.611248493195 219.761252403259 217.121322949727 217.151006062826 216.583987077077 218.770186106364 221.298635005951 223.079144954681 222.5261926651 226.434091726939 237.184325853984 250.155051549276
89.1657074292501 97.210705280304 97.8164474169413 65.1321063439051 54.7017951806386 81.1025301615397 96.9435473283132 114.405930042267 133.960068225861 148.816555738449 160.151382287343 163.726935784022 176.783482233683 184.152007102966 198.866089185079 218.316276868184 228.108366330465 236.410359541575 238.677283128103 227.010011672974 212.231516838074 223.91676902771 237.165570259094 249.997357527415 260.593871275584 267.414410909017 270.397881666819 271.503984928131 266.087174415588 263.714472452799 256.223221619924 249.31530157725 240.398943424225 231.536527474721 226.323544979095 221.584558486938 220.419724782308 217.393219470978 216.054598490397 219.348947207133 223.482251167297 225.27003288269 223.985910415649 226.73245271047 227.60538260142 241.541743278503
95.8686868349711 98.8598167896271 111.430098613103 105.114529530207 93.2489236195882 98.1798768043518 102.741161982218 115.617533524831 129.165271917979 149.063567320506 158.905535936356 158.421059449514 161.08649969101 163.905560970306 181.210935115814 200.466354688009 212.121784687042 221.482197443644 227.349003156026 235.411326090495 233.208040396372 222.87650903066 224.427143732707 235.166986783346 249.505480130514 260.093490282695 269.042491912842 270.19065618515 263.875166575114 262.177586555481 256.338775157928 248.52708975474 240.11751015981 233.741164207458 229.304114977519 224.355002244314 220.629970232646 212.169945240021 209.485292434692 218.132336934408 224.743584791819 226.038595040639 228.785554567973 228.062629699707 224.21795129776 233.22985569636
