input/barkrak2/radiation/dir23524.grid
NCOLS 85 
NROWS 70 
XLLCORNER 665100 
YLLCORNER 4664600 
CELLSIZE 20 
NODATA_value -9999 
[rows 0 to 19 of 70, columns 0 to 45 of 85]
283.873836199443019 292.689204216003 302.008191744487 311.299582322439 313.983182112376 311.755816141764 304.538786411285 298.316637674967 301.53618256251 301.832834879557 300.268391768138 304.177125295003 306.246558825175 306.554218133291 307.953139146169 305.458267529805 297.607004642487 289.776523907979 288.929303487142 277.212778727214 261.404951413472 267.264147599538 289.981087048848 297.700146834056 296.788473924001 300.548017024994 298.557082811991 286.815285682678 269.299467404683 264.898478984833 262.685259183248 275.738020737966 303.061266740163 299.710392951965 304.896255334218 295.11821269989 297.606686751048 307.460467020671 297.955731550852 303.641259670258 292.898754278819 286.863207817078 295.482834180196 306.950767834981 306.311706701914 302.637259165446
265.678326288859 279.257297515869 290.354569753011 301.491101582845 308.673282464345 308.383564154307 302.127520243327 297.516822814941 303.862690925598 304.166833559672 299.565354983012 302.322546641032 306.459844112396 307.701547940572 307.471474011739 306.144197781881 303.517242272695 297.578553358714 293.733159701029 282.005826632182 275.905549526215 282.197197278341 296.057025591532 300.641496976217 301.311751206716 302.177866299947 298.210144042969 289.139072100321 272.635300954183 265.826185544332 266.571601231893 286.641955375671 301.27074321111 300.509413083394 305.278340975444 295.422772566477 296.591639518738 301.376283168793 296.983599662781 306.186099847158 302.6429216067 294.182360172272 297.073781490326 305.583576361338 307.408968607585 305.428882439931
234.955449899038 245.300273100535 256.253441174825 267.034331957499 278.453667958577 285.148878892263 290.650526682536 296.289662520091 300.774097442627 299.166003863017 294.951339562734 297.644515832265 306.797623634338 310.478965441386 307.414213816325 311.743934949239 314.803600311279 312.659621238708 304.22455072403 295.757869879405 297.250151634216 298.384726047516 298.883219559987 299.832284450531 302.666982014974 302.084922790527 297.015885512034 287.61504093806 275.583704312642 268.722971280416 272.219618161519 293.895184993744 295.096079508464 298.61714442571 304.968297481537 299.150248368581 292.978604634603 291.054685910543 297.357141971588 306.157946586609 302.991290887197 296.932895978292 292.995810508728 300.543566544851 311.090250809987 309.63542064031
217.745741208394 219.426771004995 225.683410962423 232.448558012644 239.520271619161 244.264702002207 250.252107779185 262.871980667114 278.520782788595 289.644201596578 294.881184895833 302.54065990448 309.845169385274 312.394400437673 311.653832594554 312.044401963552 312.035282452901 309.001445770264 303.467154502869 300.763646761576 298.885822296143 296.913186709086 301.8692334493 301.982621351878 301.577349503835 303.665200869242 298.768262068431 291.60483678182 285.551289717356 280.654907226562 276.393671830495 296.437998612722 294.592976570129 298.182527224223 300.168712933858 301.139672597249 298.830231030782 296.896974245707 306.224783261617 307.874997456868 300.578435262044 290.255506833394 285.850365956624 298.155109087626 312.148412068685 310.452620188395
237.67614364624 222.864965597788 211.190601189931 202.099144458771 205.973366896311 221.298098564148 240.209817886353 249.585092067719 258.549014727275 264.802436033885 280.686954657237 296.696146329244 306.049923102061 310.181260108948 312.135338783264 312.682370344798 307.892640431722 300.308287143707 298.698862393697 300.112028916677 297.193090120951 295.884033044179 303.72146765391 303.620537122091 302.556455135345 305.12809753418 301.690320173899 295.359452565511 288.862268129985 285.133103529612 288.370450337728 303.082148234049 300.818502902985 301.564912001292 298.276782035828 300.123314062754 305.755972862244 308.244168758392 308.35767587026 306.506097316742 303.879638512929 297.709584236145 295.846581459045 299.167891343435 303.855836391449 306.730429331462
275.75957775116 252.499222755432 227.788348992666 206.044097741445 197.882056236267 207.635998725891 231.513837973277 246.752619743347 250.268816947937 250.346302986145 259.670913219452 271.428326765696 278.84982029597 284.249842166901 290.545086065928 295.388102531433 293.617924054464 291.687746842702 295.113027095795 299.866100152334 299.852271874746 303.256154060364 307.802637418111 305.954337120056 305.422047773997 307.347416877747 304.519971211751 298.398931821187 291.846970717112 288.62194220225 296.786785125732 304.788748423258 306.122899055481 309.358755747477 303.537011146545 300.697803497314 305.01397450765 306.910037994385 303.96044254303 304.306924343109 304.168423016866 300.973733266195 300.28639237086 300.905009110769 295.211990674337 284.976601600647
293.792943159739 274.213353792826 256.914675235748 238.260567188263 219.027320543925 207.126379013062 213.428854942322 240.399936834971 252.348820368449 259.56920782725 257.063031196594 252.407630284627 248.012065887451 244.605362415314 246.719499429067 260.20626227061 270.122011502584 283.845861752828 295.883119106293 303.338408470154 304.16609843572 303.449630737305 306.975205739339 306.841591993968 306.974669297536 308.575630187988 307.313799858093 303.764820098877 298.167606194814 297.763446966807 302.759647369385 308.062593142192 314.359605312347 315.493623415629 311.775902907054 305.558959643046 304.302573204041 303.749442100525 303.427795569102 304.88242705663 301.654597123464 298.652211825053 299.689710140228 299.159526824951 281.871696313222 275.800108909607
298.264622688293 291.342834631602 283.13805659612 270.646671454112 251.047968864441 223.638157049815 203.702946503957 202.906886736552 234.791000684102 257.543603579203 264.159699281057 260.54859161377 252.798040707906 244.309922059377 232.246160507202 235.485812028249 246.864298979441 261.173903942108 280.481119950612 294.427176316579 301.002661387126 302.686909834544 306.48797750473 306.380709012349 305.53944905599 306.458532810211 306.58886830012 304.606397946676 301.758488019307 304.747144381205 309.338351090749 312.270124753316 315.066615740458 314.349551995595 310.185392697652 306.411067644755 305.063565572103 300.003091494242 293.258865674337 289.693554242452 293.721576531728 300.73877175649 308.806796868642 307.795584201813 295.276383558909 287.590444087982
292.046229044596 292.584141095479 289.892713228862 283.92086426417 273.16415309906 254.672646522522 227.602601051331 200.780610243479 212.371329466502 234.277586142222 252.369403839111 260.273635387421 261.609037717183 259.3674659729 249.617795149485 242.447237173716 240.038414796193 244.21755472819 257.18363126119 272.263407707214 284.252285957336 293.508529663086 298.518459002177 295.907815297445 297.20683892568 298.830548922221 299.812058607737 299.572467803955 299.407045046488 305.302182833354 309.096376101176 308.656275272369 308.659871419271 308.562874794006 307.165424029032 306.88480536143 304.669638474782 298.462808132172 286.759595076243 287.052790323893 301.763534545898 311.178723971049 314.364691575368 311.583936214447 301.287810007731 294.066945711772
268.746654192607 276.858647664388 280.964732170105 281.026244163513 278.644402821859 275.863905747732 262.604057788849 246.367851893107 217.775702476501 207.863390445709 221.053242683411 244.258602460225 262.987812360128 271.593888600667 273.130853970846 266.314844290415 252.469440301259 247.910042603811 247.306029001872 250.395476818085 258.206248283386 264.68817392985 271.462321281433 277.11429198583 283.641755580902 286.368946234385 287.871996561686 287.936250368754 289.027472337087 294.344425201416 295.602738857269 296.132246653239 301.244854927063 304.14342880249 305.192748705546 303.571899731954 301.269332567851 299.23015832901 287.870983282725 291.37909412384 308.099786440531 313.418487707774 313.491066296895 309.284746646881 298.685173193614 291.892468929291
222.740530967712 235.619783401489 247.021555900574 256.066064039866 264.428039391836 271.239221096039 273.11118443807 269.066274166107 244.957327842712 221.283753712972 207.852562268575 214.378456274668 240.06062746048 262.616535027822 275.082588195801 266.831596692403 260.303060213725 254.49271996816 246.55948082606 241.683006286621 241.952101389567 242.034633954366 245.284716288249 256.907383600871 267.25447177887 273.963669935862 275.7541735967 275.795340538025 280.407110850016 284.745494524638 287.143031756083 290.177563826243 297.751307487488 300.153692563375 299.50354496638 298.321604728699 300.520936648051 302.84462372462 298.470656077067 300.849815209707 309.116899967194 313.067754109701 312.831997871399 311.131596565247 304.114977518717 300.296048323313
182.394365469615 187.629183133443 196.037729581197 208.148062229156 223.149140675863 238.691429297129 255.573789278666 261.212686697642 262.066721916199 249.956985314687 225.96142689387 207.000732421875 209.628045558929 230.802317460378 255.121529102325 257.850766181946 263.906975587209 261.297384897868 252.757906913757 243.287225564321 236.373702685038 233.815848827362 233.961880207062 242.416779200236 250.213980674744 255.275368690491 257.476111253103 261.363128821055 267.40159591039 271.563311417898 275.56566397349 280.5202404658 286.111354827881 287.860651810964 287.65465815862 288.663387298584 296.003778775533 303.345620632172 305.037498474121 307.844042778015 310.275038083394 312.654594580332 312.448978424072 310.123880704244 305.191079775492 303.667664527893
170.473178227743 166.16760691007 163.871626059214 163.857718308767 171.610951423645 188.060601552327 212.587912877401 233.3109776179 259.212652842204 263.523459434509 253.281195958455 231.484810511271 204.959134260813 202.768206596375 224.221090475718 249.126116434733 263.276914755503 265.645086765289 261.414150396983 253.416875998179 245.375275611877 243.916551272074 243.475079536438 244.302312533061 244.592269261678 243.856290976206 247.815867265066 255.911509195964 258.697867393494 259.970664978027 264.567196369171 269.57490046819 271.321813265483 272.154907385508 274.320026238759 278.685629367828 288.534959157308 297.481755415599 299.025098482768 303.349713484446 306.150794029236 306.662082672119 305.845359961192 306.036472320557 300.47619342804 299.565573533376
163.166582584381 134.271591901779 117.894311745962 112.120002508163 109.442293643951 116.22808376948 134.933739900589 172.421415646871 211.926817893982 245.118180910746 261.285523573558 261.135955651601 243.964771429698 219.872673352559 217.183868090312 240.425070126851 255.97620010376 267.565409342448 273.371795813243 270.011484622955 260.058919588725 257.068435351054 254.043201605479 253.169973691305 252.821485201518 250.76154867808 253.633638223012 261.370539665222 260.849177837372 254.697442054749 259.67409213384 264.543314774831 266.156136989594 266.501824061076 269.660890102386 275.255799293518 280.743320782979 285.335659980774 287.800828615824 288.465698560079 292.082568009694 296.227018038432 300.609429677327 303.391178448995 297.98154036204 298.641482988993
148.276646931966 110.715568065643 85.9122077624003 81.2231550614039 80.7644774516423 85.8399371306102 95.6484774748484 122.373710076014 152.702281872431 201.557874679565 252.214550971985 276.847779750824 280.442198117574 263.963123162587 240.542531013489 236.361761887868 241.389711697896 254.797379175822 270.33927043279 277.445753415426 275.741636753082 270.315488179525 268.163104852041 265.075941880544 261.15471124649 259.688516457876 261.774182319641 263.786753018697 258.921881516774 254.825135072072 258.443474769592 262.898246447245 262.392958005269 262.407422065735 265.922824541728 269.471128781637 270.29546101888 269.449830055237 272.888819376628 273.288309574127 277.555743853251 284.055670102437 288.812120755513 291.05532169342 289.36360279719 291.041215260824
127.544462680817 101.286431153615 71.7419534921646 59.6668422222137 74.8128394285838 99.186380704244 103.82424791654 115.088562170664 136.177241802216 166.615962982178 216.59924586614 267.575681209564 290.125489234924 288.067619005839 270.802279313405 242.973864078522 232.673724492391 235.208908716838 250.443498293559 272.823750972748 282.025555769602 277.597586313883 278.51543823878 273.16669623057 267.075260480245 267.541944980621 269.57772175471 266.083459059397 260.777095953623 263.13724120458 264.169375101725 263.606091340383 261.0089580218 259.111026922862 259.83981291453 259.243249893188 257.510860761007 252.913296222687 255.545020103455 257.389346758525 261.013289292653 266.259551048279 268.914739290873 270.084381103516 277.842839558919 282.374024391174
112.835139036179 101.569831371307 76.0735422372818 53.177684545517 59.4741453727086 86.7242614428202 104.171683390935 118.427773316701 136.296649773916 150.441884994507 172.460198402405 216.484904289246 245.626946290334 275.220036506653 285.468518733978 273.552854855855 262.364665667216 248.425563176473 239.312052726746 248.59094619751 270.385305086772 280.783712863922 283.860961596171 279.818971951803 273.419658342997 274.393121401469 278.232832749685 273.885945479075 270.956416924794 275.630533695221 274.746696154277 264.936685562134 259.556253751119 255.482037862142 251.175781091054 250.141719977061 246.065398057302 244.075139363607 244.72310145696 247.942944367727 250.460684299469 252.472102642059 255.207161108653 257.700006167094 271.339456240336 278.792818387349
104.783326387405 105.883955955505 95.1389074325562 64.7330582141876 52.7134587367376 80.7442168394725 107.706874608994 128.078550100327 145.424505074819 156.722843647003 166.899343331655 190.030932426453 221.59214814504 241.761326789856 255.348006884257 273.382922013601 285.273750623067 275.022824605306 256.446719169617 241.445620854696 250.889420509338 274.189889431 278.794705867767 279.309749603271 279.758671919505 284.02715921402 287.513415018717 285.412093003591 282.727460066477 284.280995527903 279.040137926737 268.914858500163 261.928816636403 255.381027857463 249.106923739115 246.464471022288 244.141578674316 244.285464286804 243.587871392568 245.589276154836 248.031278451284 249.697804450989 249.024232228597 252.797484397888 262.414177258809 273.870428403219
110.84978779157 119.822611411413 122.080385684967 95.0220227241516 78.3389906088511 100.623776515325 119.507044553757 140.324135621389 156.790355841319 177.159289518992 184.903383255005 190.016071001689 203.897575537364 215.252896149953 233.879268169403 254.651486873627 260.842760403951 273.691654205322 278.892040252686 264.392813046773 246.795376141866 258.181154727936 266.107241312663 274.56279595693 283.557852109273 289.830644925435 292.578121026357 292.316635449727 287.074565887451 285.144964853923 278.47284078598 272.131284077962 264.500578244527 256.988167762756 252.905050913493 248.083273569743 247.216622034709 244.516452153524 243.854840596517 246.932526429494 250.112851460775 251.716276009878 251.266419887543 253.170073032379 254.929482936859 266.517062981923
119.546045859655 123.246878385544 135.433296362559 133.676131566366 121.180792649587 119.275718927383 123.536745707194 133.400777975718 152.072131633759 173.095703125 183.598538239797 184.681057929993 188.116232554118 193.017760912577 210.04855632782 230.275571346283 243.618249893188 252.370715141296 264.258980751038 268.214186032613 268.358647823334 257.915655771891 258.512655893962 267.270565032959 277.685383955638 286.048531532288 291.939953962962 291.672110557556 284.857471783956 283.70209534963 278.239925702413 270.885090033213 263.687829176585 258.604486783346 255.365252494812 251.02706750234 247.894008954366 239.545663197835 237.785160541534 246.034820874532 251.369178295135 253.283381462097 255.789657433828 254.400968551636 251.932640870412 261.261641979218
