input/barkrak2/radiation/dir29024.grid
NCOLS 85 
NROWS 70 
XLLCORNER 665100 
YLLCORNER 4664600 
CELLSIZE 20 
NODATA_value -9999 
[rows 21 to 41 of 70, columns 0 to 47 of 85]
51.4210263888041 39.1935631632805 28.4091432889303 41.3581604758898 38.4483287731806 19.6226760745049 22.7315376202265 29.3976416190465 35.0174382328987 39.0398701032003 41.1659429470698 42.1560655037562 42.747641603152 41.4542804161708 47.7401514848073 60.7406397660573 74.9551554520925 85.6400032838186 94.3728983402252 109.771331151326 117.099354664485 131.695528825124 137.777109940847 135.491579771042 130.987107753754 117.124795913696 107.737561066945 101.370871067047 116.616547107697 101.380328337351 79.1110893090566 60.8020176490148 38.8427724440893 23.4127466877302 10.6530338525772 7.89026295145353 12.9531609515349 24.0127270420392 41.4198487997055 51.135316491127 51.8149832884471 58.8657210270564 61.5973621606827 54.3199777603149 75.1741230487823 88.1549119949341 92.3280119895935 96.638560295105
91.3981397946676 85.1694842179616 62.7025663852692 59.0411971012751 54.3441474437714 30.7702968517939 37.1861308813095 37.04667588075 33.5043743252754 34.9833692113558 40.7298654317856 43.2342837254206 46.4397569497426 48.5905309518178 50.2884636322657 57.2828700145086 68.6350961526235 80.3868472576141 87.1707797050476 91.8475985527039 96.7913866043091 113.51599295934 125.833213329315 131.3629647096 131.245623032252 125.602761904399 109.554906686147 103.566388289134 95.256229241689 75.8213996887207 56.0099979241689 29.6721607446671 12.5124367574851 1.47678299496571 0.486439598413805 0.747172627598047 5.34604365626971 13.4523908297221 20.6587885816892 18.7881514430046 21.4543317755063 51.7741739749908 36.4986111720403 30.3969730933507 59.6573452154795 79.719399412473 86.9944592316945 89.8573497931163
126.280089219411 115.552723407745 82.1516215801239 65.4526650905609 59.4740658998489 56.9046090046565 52.4694472551346 38.5733917355537 31.322052081426 31.4664294322332 41.9299602508545 45.9116200606028 50.8295843998591 59.7058484951655 56.0232400894165 59.0628236532211 67.9859320322673 77.3973961671193 84.4282507896423 78.0108918746312 77.4697164694468 83.1128110488256 97.7277358373006 108.291606108348 116.066118081411 116.793791453044 103.3722559611 99.7049808502197 78.3365418513616 37.1947735548019 31.421738366286 20.6797520319621 1.53633548567692 0 0 0 0 0 4.49806141356627 2.59473547339439 2.81236848483483 0 1.82092469185591 41.6779021422068 55.6582411130269 74.5375951131185 81.9479475418727 85.5660239855448
125.512977441152 121.55427535375 100.650370121002 70.4043209552765 51.2496729691823 57.3557019233704 52.1074086427689 46.9416429599126 38.2671679059664 35.6677571932475 40.6769464413325 44.52316959699 48.8152503967285 56.5447360277176 58.0303271611532 57.6305240392685 64.621423681577 77.516516049703 84.6771697203318 77.6155690352122 75.3538509209951 73.0333228905996 82.0699036121368 91.49169921875 96.6626902421315 98.0709989865621 90.6637410322825 85.0641429424286 66.2679473559062 29.9472113450368 23.9913711945216 21.4767530560493 6.71806558966637 0 0 0 0 0.0302072318542438 0 1.03140878491104 0 0 1.93550282468398 65.0105873743693 69.9017147223155 74.6805171171824 79.0897210439046 85.4318539301554
111.75274848938 116.704096396764 109.89976922671 79.8009087642034 52.1783530712128 57.3242555061976 61.2328499555588 68.8866525888443 67.5743718942006 55.7840367158254 50.0552753607432 55.6230445702871 56.7436963319778 64.2919540405273 67.7266816298167 62.2575481732686 64.4394208987554 76.8617391586304 83.2078357537587 86.9834224383036 88.1146689256032 85.2968593438466 83.0874840418498 82.2031994660695 84.5272044340769 87.9750649134318 82.8343778848648 79.5138776302338 56.565801302592 42.3676570256551 43.0743793646495 49.7332314650218 42.6065226395925 2.12898151949048 0 0.274209053410838 0.226988243715217 0.237423654956122 0 0 0 0 16.0156985123952 71.8453178803126 77.5082409381866 74.9119371175766 76.3234843810399 79.2174985011419
110.553781191508 116.054763396581 114.233702421188 89.6208087603251 67.9272711277008 73.8441447416941 83.5257172584534 92.4411813418071 99.3394354979197 89.0947381655375 70.0251410404841 74.1376330455144 71.3270505269368 79.8855076233546 82.5416892766953 69.2261755466461 68.8277781009674 79.4969151417414 87.5642796357473 100.553840398788 101.218968629837 99.3201931317647 90.517779191335 85.4912002881368 84.3039254347483 87.649683157603 82.1268012126287 85.0326120853424 77.1676550308863 76.0371784369151 85.353155930837 107.55913456281 116.727332274119 96.5014497439067 17.6716720064481 3.96938808262348 3.18360763291518 2.99891146520774 1.075213154157 0 2.0824399155875 12.6811886827151 47.354057431221 74.1421480973562 78.9615213871002 72.5292364756266 70.1711177825928 72.1583664417267
112.412969271342 111.021627982457 111.413429180781 95.5836077531179 98.0151196320852 97.9011754194895 107.324669758479 108.328382174174 107.801179091136 102.552314599355 83.0678045749664 77.9190063476562 76.6610304514567 79.352284471194 87.7161920070648 80.8396587769191 76.427698135376 83.915779987971 97.1043407917023 104.393472274144 100.966999928157 92.0007725556691 90.5652940273285 92.0233428478241 92.6474531491597 93.6155915260315 90.8030768235524 97.6451834042867 111.916989088058 117.901573578517 125.73187549909 133.885602156321 144.008179505666 156.721333662669 114.856719970703 24.158867696921 7.32592182854811 4.91748501857122 2.28484223286311 0 10.5604156851768 64.9122049411138 64.4049594799678 59.8890433708827 54.1705588499705 56.0988883177439 55.1888595024745 58.5673203070958
115.292678276698 103.309561808904 104.396392901738 99.7677644093831 119.313538074493 111.4535232385 106.605052947998 99.6370216210683 95.6709086894989 87.7557198206584 77.1289169788361 71.5763171513875 74.910968542099 78.869104385376 87.7482692400614 91.4535423119863 85.6727659702301 81.8759103616079 93.9767261346181 97.7882444858551 95.2150225639343 87.1986250082652 87.9786213239034 94.3286418914795 98.3740290006002 94.5034921169281 96.0173805554708 99.4697610537211 121.501505374908 134.749442338943 147.218147913615 155.807306369146 158.007969458898 166.747609774272 160.677035649618 85.6611728668213 8.02746911843618 1.40154951562484 0 0 21.4927246173223 51.2213408946991 52.9371400674184 34.5055063565572 33.771609266599 32.6321472724279 37.9169310132662 47.3659932613373
115.684986114502 96.7337389787038 98.2147554556529 107.036411762238 119.134177764257 110.048035780589 92.721958955129 76.5562057495117 62.3047004143397 56.1394492785136 55.3911030292511 60.260996222496 69.5723444223404 82.4294735987981 87.700883547465 95.8502193291982 91.6736920674642 79.5070330301921 83.7196409702301 87.859034538269 87.1701240539551 88.4405573209127 88.3209804693858 95.189909140269 101.940790812174 98.452349503835 102.462460597356 100.741932789485 116.557677586873 138.972947994868 158.031672239304 168.015042940776 169.116536776225 170.446475346883 181.197683016459 164.421906073888 76.2277195851008 7.29285987714926 4.10505601515373 4.67187849183877 12.7029319604238 32.1359286705653 38.1447821855545 18.1259550154209 11.7978764077028 14.3395053843657 31.7766219377518 48.4346896409988
112.896124521891 115.156849225362 139.904836813609 177.182575066884 151.425898075104 116.436908642451 83.0226043860118 56.7755401134491 44.487069050471 48.6390242973963 45.0925330320994 44.9288686116536 66.1193082729975 81.5367201964061 90.6135241190592 101.298878590266 97.4184075991313 85.5222741762797 85.5164627234141 90.323934952418 87.4716639518738 92.2134220600128 94.5162773132324 97.0311363538106 104.447811841965 109.5236937205 107.662618160248 107.743680477142 120.328843593597 144.687175750732 167.405128479004 173.615396022797 169.612924257914 178.971668084462 192.542572816213 199.339429537455 173.366228739421 113.476981719335 40.1945859193802 15.0607923666636 7.48620927333832 8.13048395017783 24.05796200037 16.5620533128579 6.60257413983345 10.971873998642 24.6345673998197 34.1834500432014
128.090471029282 164.387037356695 213.385621706645 235.575139522552 215.930143992106 160.972495873769 108.203878005346 72.4573830763499 63.1414204835892 69.8810964822769 60.3663772344589 50.2250343561172 63.865527510643 74.5011170705159 99.7868378957113 105.131020148595 101.141750812531 95.8687464396159 88.8718465963999 90.1853740215302 91.3752814133962 95.7951347033183 98.4560549259186 99.0431209405263 105.4680844148 118.497878313065 119.499762852987 126.12106402715 132.151822249095 151.582022507985 168.691734472911 177.405158678691 179.682751496633 186.605016390483 192.930499712626 195.012072722117 190.866470336914 180.284778277079 110.731939474742 37.0991105834643 13.9487485090892 14.9176120758057 14.8288235068321 17.6551416516304 13.2204989592234 14.3816471099854 21.6459855437279 22.0121269424756
190.576414267222 226.637005805969 249.258319536845 250.432014465332 250.758369763692 223.536451657613 180.716812610626 138.4496986866 111.643413702647 101.885616779327 96.3803132375081 80.4629077514013 66.4290388425191 71.7442333698273 100.182314713796 105.094840129217 99.2559691270192 101.697742938995 90.8899505933126 88.8350407282511 93.6713516712189 96.5825120608012 97.4800586700439 98.2932845751445 104.436059792837 119.279672702154 126.893689235051 135.966877142588 143.684228261312 151.849011580149 165.514767169952 177.54469315211 178.970058759054 175.927817821503 178.022265434265 164.626220862071 165.936172008514 153.487970431646 113.153249025345 58.1830590963364 27.1390626827876 25.8270502090454 21.8907023469607 9.14389391740163 9.4103217124939 9.15806119640668 6.15430809557438 4.22318776448568
238.877574602763 253.313501675924 256.363193194071 254.267275333405 256.634771823883 254.761397838593 231.425166130066 189.50895468394 150.234510501226 128.743469715118 128.506084283193 113.024552663167 87.7214471499125 84.038366874059 97.0949828624725 102.244168519974 95.342497030894 96.9352622826894 90.6219979127248 92.2473867734273 89.9230639139811 91.4205809434255 92.2271609306335 92.6755865414937 101.018031438192 112.532079219818 126.156230767568 130.227466424306 139.902214209239 152.131458123525 165.52076737086 167.564471562703 154.229879379272 143.222620089849 145.808398723602 129.724393288294 130.312462647756 115.267336368561 77.9400020837784 43.7828401724497 49.1000264883041 44.7373141845067 33.4420253833135 9.1640700896581 6.6994143029054 1.23480916954577 0 0
250.873366991679 256.150603294373 254.162530104319 254.850248495738 254.809935887655 255.320529143016 248.0814854304 219.150265057882 168.990254402161 139.002422491709 136.574665705363 133.62862666448 117.12979276975 99.449098110199 97.7145433425903 99.8081167538961 94.4040318330129 90.5217130978902 90.587854385376 94.6298539638519 89.1499022642771 89.3725554148356 91.0832583904266 92.2015607357025 97.8258351484935 105.638007322947 117.568989594777 118.19522579511 128.363658984502 147.22137649854 157.514065504074 151.107261578242 143.857767184575 137.56396373113 129.749278227488 114.854921897252 119.022339582443 116.177787383397 96.7707236607869 65.081720550855 67.4728800853093 74.4871596495311 51.857074101766 17.3343879481157 3.34059384961923 0 0 0
245.736539363861 248.688260714213 246.494849522909 246.265530586243 246.322194735209 242.852528889974 239.76457118988 223.770658175151 179.427146911621 150.068392356237 141.221791505814 138.602912425995 132.316400607427 109.783579905828 102.346817652384 105.879922707876 99.1392234961192 89.3210868040721 93.7203367551168 95.8776275316874 93.0775006612142 90.0131563345591 93.7052567799886 97.9361732800802 97.2979664802551 102.93518503507 108.111043771108 109.691609938939 118.050952752431 139.148126045863 148.441205422084 144.767304261525 146.115362644196 147.105425596237 128.380974133809 121.568083763123 126.302232344945 133.213569720586 128.511210282644 97.1996287504832 58.7568978468577 50.9235312541326 12.0594824353854 4.32522843281428 0 0 0 0
224.961737791697 228.179256121318 229.961236317952 227.637509504954 227.469503879547 226.053953170776 230.54305712382 225.506722927094 191.447496414185 157.099435726802 142.592589060465 133.497536182404 128.488133351008 109.287510315577 97.9061325391134 106.718709071477 109.102050463359 95.0300892194112 97.2741643587748 101.629654566447 100.497990846634 96.4642961819967 96.5690712134043 100.213378667831 99.1162856419881 99.3537108103434 107.430160045624 114.192495743434 119.436174631119 132.769485314687 146.084517240524 149.353444576263 147.41442600886 150.85024634997 131.686548391978 132.262547810872 132.735679546992 141.079843044281 140.925963719686 106.890559196472 37.9590863982836 7.79484522839387 0 0 0 0 0 0
203.715840975444 212.666134039561 222.781618436178 218.879620234172 218.578139940898 224.196036656698 232.373654842377 234.294315179189 210.104862848918 171.623547871908 145.244697729746 125.022878249486 115.028321743011 104.440112908681 94.0937399864197 100.780228773753 113.548994064331 103.690584500631 99.5764931042989 104.091306527456 104.238361120224 99.3731220563253 97.6037482420603 99.6056993802388 102.09913055102 101.242770751317 104.68594233195 115.621407826742 119.495848814646 125.869770844777 138.720909754435 150.022715330124 149.982452392578 141.273121039073 127.173682053884 141.500204801559 147.581209739049 149.317532777786 147.779703140259 122.634083032608 27.3382241527239 0.833955050135652 0 0 0 0 0 0
168.595055739085 178.765674432119 187.838037808736 192.031145095825 200.501203536987 215.216596921285 226.159612337748 232.752044995626 224.346538384755 187.656144301097 156.842311223348 128.518253564835 113.154391447703 109.568973382314 99.8732248942057 94.6783324082692 106.763293345769 107.615490754445 100.033144156138 99.5482007662455 101.519743601481 97.9744891325633 95.5817898114522 96.8407193819682 101.610561211904 105.74738184611 105.319172143936 112.365861733754 117.702136437098 118.911604086558 129.726688067118 146.683196226756 147.626270850499 128.481864929199 132.070372502009 155.930976072947 159.458825985591 154.103775819143 151.92985534668 147.800902525584 92.9635365804036 10.3204995393753 0.0122670887018709 0 0 0 0 0
131.754259268443 138.168275356293 137.834360202154 148.844033479691 164.569665988286 182.315985361735 195.297837257385 206.924219926198 204.096535841624 180.434306462606 146.756837765376 122.042487064997 109.265565872192 106.651455163956 102.109313011169 96.6158509254456 101.420561472575 103.051821390788 95.0665573279063 94.7046478589376 97.9589819908142 102.175732453664 100.345561901728 96.9258844852448 95.8337386449178 101.01396838824 106.952369213104 111.591239770253 116.688390572866 116.250296433767 120.43555577596 133.651783068975 138.847768306732 131.671607494354 156.024614969889 169.170081615448 165.234724680583 156.74622853597 158.896287282308 172.274808088938 168.292423089345 102.145632108053 26.1385291814804 3.92648950219154 0 0 0 0
120.591878890991 122.441579898198 121.528724829356 123.552600542704 132.360945145289 139.064838488897 141.986270745595 148.003319899241 146.185477574666 129.895190397898 113.605906565984 109.915971755981 107.711623112361 103.704820076625 102.222422758738 101.462125778198 100.441118081411 101.165413856506 94.9483911196391 93.3655599753062 97.7098047733307 103.151182333628 106.123387813568 101.506859064102 99.052627881368 97.1039136250814 108.55891307195 112.046360969543 116.985400517782 117.340972026189 118.609080712001 125.64871708552 132.193217674891 142.12824900945 167.701443036397 166.095038255056 155.183374881744 144.28119858106 147.312959035238 162.914117177327 176.306545734406 171.304027239482 114.206999540329 38.120706876119 4.86624054610729 0.0252513418672606 0 0
129.224608341853 126.256197690964 126.516203085581 125.7603764534 121.461441119512 118.939340114594 117.302676041921 117.723007996877 122.808496157328 113.322158654531 105.789879957835 106.523394584656 109.240154425303 109.7252368927 107.066472371419 103.905707597733 98.4745025634766 107.067048549652 106.64023955663 102.11236278216 104.129175345103 104.907224575679 103.534410397212 105.408718188604 106.08313481013 102.267940839132 107.697616020838 113.38073015213 115.678340196609 118.740032116572 120.206773281097 125.214427709579 130.93896706899 150.182992219925 161.638210217158 153.60493461291 138.652294874191 127.588738997777 125.169614950816 137.493073940277 168.499211470286 175.628264745077 150.418182214101 85.3009621302287 20.8206896980604 2.38910891736547 0 0
