input/barkrak2/radiation/dir28424.grid
NCOLS 85 
NROWS 70 
XLLCORNER 665100 
YLLCORNER 4664600 
CELLSIZE 20 
NODATA_value -9999 
[rows 0 to 20 of 70, columns 0 to 46 of 85]
167.824904123941991 183.855434258779 200.964788595835 222.131351629893 232.637365659078 232.527454694112 228.366335233053 223.332742849986 224.36002890269 227.928956349691 227.282722791036 226.575434207916 224.263151486715 224.530021349589 226.241966088613 215.336521466573 202.864448229472 191.167235374451 188.375453154246 177.309095859528 176.053722699483 192.620674769084 219.687422116598 227.479974428813 230.128228664398 242.541293303172 241.016288598379 225.412885348002 211.165646711985 210.082729657491 205.678721268972 227.466622988383 273.729602495829 272.206664085388 269.528965155284 255.802750587463 259.462316830953 274.543086687724 271.993160247803 270.931502183278 259.689847628276 263.32946618398 272.90274699529 268.28130086263 258.392095565796 262.099782625834 267.570336659749
144.351700941722 162.317017714183 178.294519583384 198.671778043111 213.515122731527 219.978471597036 221.991360187531 225.12408097585 232.639133930206 232.893645763397 230.791926383972 227.670709292094 225.630044937134 226.536134878794 226.399143536886 215.3240442276 208.835264046987 199.506163597107 194.579700628916 184.357563654582 190.122207005819 213.388323783875 235.563000043233 238.387564818064 241.99100335439 248.339474201202 242.931644121806 229.461967945099 216.116388638814 212.071776390076 212.870319684347 241.944491863251 275.215903917948 272.930999596914 269.056479136149 258.38961203893 263.222773869832 276.033242543538 270.843764146169 270.475327968597 264.7358973821 263.851443926493 260.769406954447 255.154569943746 251.7924507459 260.669728120168 257.801075776418
107.050359249115 117.459694544474 131.687700748444 144.922117392222 159.593403339386 171.948313713074 184.394419193268 202.912251154582 217.76024500529 220.112144947052 221.440394719442 225.307603677114 231.8261663119 236.969272295634 237.535039583842 240.496416886648 240.441004435221 229.598065217336 211.689134438833 200.832684834798 210.724234580994 226.635992527008 237.087349096934 240.093866984049 244.420289993286 244.321823120117 238.282243410746 229.005833466848 220.699807008108 220.737218856812 230.236212412516 258.505562941233 275.246938069661 274.699966112773 268.731335798899 264.315187931061 270.30090490977 275.693376859029 273.006697495778 269.033332665761 262.221932411194 251.83226664861 238.042195638021 234.713832537333 244.377315044403 258.763233820597 246.290465195974
88.6531670888265 87.7859393755595 95.2484508355459 102.336605389913 111.086855332057 118.373503287633 127.458353837331 145.353019237518 167.318125565847 186.782340208689 203.708092371623 221.83358669281 234.214663505554 238.779981931051 242.167671521505 247.512420018514 247.244298458099 236.289223035177 217.991689840953 210.433820883433 210.364321867625 210.543235143026 222.784717877706 231.600721677144 232.5346271197 233.694732189178 233.759482701619 230.580051740011 229.172468185425 232.469538847605 236.893693606059 263.16765944163 271.944304307302 271.354873975118 267.531394958496 268.744309743245 271.124521891276 271.81355158488 267.933944861094 257.244269053141 248.912394046783 235.662659009298 231.110453605652 245.045721530914 260.800162951152 256.55742486318 235.165079434713
110.256294409434 92.830369869868 80.4062038660049 70.5353269974391 72.0535814762115 89.0089571475983 113.706409931183 125.458935896556 136.386394500732 145.508160193761 170.154015223185 196.420013904572 212.835272153219 221.373697121938 228.541354338328 233.16369454066 229.247470696767 220.998128255208 214.276691277822 211.383601029714 206.291278203328 203.927318255107 215.696771939596 223.88482093811 227.058907349904 233.950972557068 234.299739201864 232.513050238291 231.332023938497 230.205158392588 237.613479296366 266.128361225128 266.586661338806 267.334719498952 264.537791411082 263.769686222076 263.398845990499 262.855072816213 253.176252047221 243.848284085592 242.293417453766 239.801386992137 244.909087816874 255.082925160726 257.380584875743 236.223439375559 208.145499229431
155.690302451452 125.468989213308 97.3639488220215 74.2127199967702 65.7697170972824 74.9453554550807 100.23291905721 121.71017130216 126.900176207225 125.900010267893 136.337170998255 151.585658391317 162.54997253418 169.971466064453 180.483857790629 190.664907296499 194.803019364675 201.993187268575 209.759434064229 214.715441068014 215.791424115499 218.137959639231 218.997836112976 220.445493857066 225.336352984111 231.87130689621 233.959356943766 235.258221626282 234.816710154215 235.552827517192 250.005145867666 266.304771105448 263.619820276896 261.737863222758 259.641687075297 257.805188496908 257.064620653788 253.163695335388 243.292093276978 244.323054949443 243.936518828074 241.726934909821 243.512491385142 246.59393231074 235.260466734568 206.476807594299 179.923017819723
182.605942090352 155.264834562937 131.962786118189 109.401603539785 87.8244042396545 75.3734608491262 80.3141593933105 110.943655172984 128.184249003728 136.789351701736 133.520652850469 128.452052672704 123.621881008148 119.055142005285 121.738294760386 138.638228178024 153.46771478653 176.491359869639 198.662420113881 212.94238169988 220.390558242798 224.034945170085 220.728993415833 219.044248263041 222.917755444845 225.50376256307 229.372521241506 233.361721038818 234.640558560689 240.839103857676 254.501938819885 262.584249178569 255.715270837148 251.260062058767 249.43212668101 246.890187263489 246.293485164642 241.430401802063 236.308614412944 231.906453768412 226.216753323873 224.84028339386 231.84871673584 239.167968432109 229.467193285624 218.529840310415 230.726679166158
197.174112002055 183.803021907806 168.815096219381 150.26847521464 124.59796667099 92.7006999651591 72.2166995207469 68.731889128685 102.139035860697 133.420725663503 143.005828062693 138.822952906291 129.577944676081 118.549187978109 104.314863681793 107.755740483602 122.146646181742 139.922956625621 166.382014751434 189.851661523183 205.142676830292 216.837187608083 223.706881205241 219.12157535553 217.392007509867 215.960184733073 220.042010148366 222.330232461294 225.088119506836 235.170682271322 246.811032295227 250.791271527608 243.810554345449 238.092919190725 232.422610123952 230.700135231018 234.775185585022 231.371661027273 225.086728731791 208.097914854685 206.561326980591 216.309765974681 234.110176563263 246.040085951487 243.746876716614 244.68453725179 252.853771050771
166.778922080994 188.860416412354 182.860016822815 172.608474890391 156.564841667811 130.371063947678 97.6036290327708 68.7659084796906 80.994392434756 103.008459011714 127.301772435506 139.613678057988 142.90310939153 139.774302641551 124.921977519989 115.284889936447 112.588544686635 117.45689312617 132.414211829503 151.490718126297 170.367916425069 188.154816627502 201.562285423279 199.987848599752 202.605545520782 201.342781384786 201.856772104899 203.43687136968 207.245548566182 219.582577546438 227.005779743195 227.392474810282 224.116106828054 223.186671733856 223.608454068502 224.609633286794 225.248277187347 224.959472815196 219.707171122233 212.44881550471 223.556737105052 236.966292063395 246.43615881602 248.594681421916 241.626520951589 236.470798651377 240.061263243357
118.132511774699 135.425964991252 153.09335788091 154.703279336294 167.079289754232 160.64640879631 140.230556329091 118.230799833934 85.5846107006073 75.817992289861 88.3513192335765 116.761147975922 141.134003798167 154.835363229116 154.994428157806 144.024024407069 127.780834833781 121.651003758113 119.554062684377 123.047689596812 133.155842622121 143.514821926753 156.024038791656 166.849573453267 177.399973074595 179.889559745789 180.422087510427 182.391087214152 185.644030570984 192.871987819672 194.170852502187 196.766297022502 204.477727413177 209.202806154887 213.883280754089 215.715130170186 214.520255724589 219.199538230896 218.605240186056 226.057529449463 242.536723613739 250.499745210012 252.677241961161 248.605847358704 240.141212940216 236.008882522583 247.378448645274
66.4039005835851 70.6384181976318 83.9996536572774 103.13422481219 116.397847731908 135.111520687739 134.998977184296 140.243510405223 116.61970615387 89.4398887952169 70.3547894954681 72.2400446732839 95.4568684101105 120.067874590556 144.204239050547 136.339644591014 130.166709423065 126.590311527252 116.149147351583 110.337227582932 111.144820849101 114.031424125036 120.596637328466 135.776261488597 151.744951804479 161.455929279327 162.199387947718 163.154095411301 170.786221822103 176.32007598877 179.769118626912 183.450996875763 192.141552766164 197.328090667725 201.232075691223 202.739795049032 208.30237865448 214.18027083079 220.86642185847 237.383762995402 248.377859592438 251.591801643372 249.372601509094 246.356189250946 242.680748303731 244.496941566467 252.207299073537
36.0559026400248 36.4569102724393 36.2510830163956 42.2439376513163 60.2061947186788 72.7999111016591 92.2658244768779 95.8841542402903 107.32701420784 91.515064239502 71.8575964371363 58.1762939691544 62.9429618517558 82.4751456578573 105.650931596756 110.054761171341 121.681382258733 123.881965875626 114.356736342112 106.240729490916 100.550413131714 99.0109741687775 100.055644909541 111.935396989187 123.194724321365 131.129264831543 135.633091131846 141.36266708374 150.527497132619 156.074225902557 161.965270837148 166.401207447052 172.317504882812 176.193753878276 177.897572517395 181.25836054484 194.876790046692 208.43780040741 215.576926867167 232.284923394521 240.276654561361 241.295695304871 237.583935260773 233.230332533518 231.643080711365 230.188091595968 236.472884813944
28.508668144544 20.6948022047679 16.6478864848614 12.5774020949999 5.92409819364548 9.03912509481112 31.5761466821035 58.1068297227224 79.9839645624161 91.9296741485596 83.5680762926738 73.5263824462891 57.8141162792842 55.6289404630661 71.7329730590184 94.0353771050771 108.117391665777 115.473767121633 114.780277013779 110.405594110489 105.286697546641 107.006887594859 107.750564813614 110.828836758931 113.451540470123 114.601423343023 120.623042186101 130.569636821747 136.732121308645 138.102153937022 143.711119890213 150.533258914948 151.489764451981 153.697590033213 158.118228117625 164.26557302475 175.46546459198 189.694960912069 196.446359157562 208.986322085063 216.989715894063 218.674600124359 218.715012073517 219.002385934194 216.832876205444 217.763980229696 221.594929695129
28.8910120725632 11.1886399487654 3.92628957827886 0.373613632594546 0 0 1.72515725716949 22.2814654310544 44.4671511650085 63.9964838822683 78.6474843819936 86.8664781252543 80.6687821944555 70.0974762439728 70.1685100793839 89.2073611418406 101.971725622813 116.384983062744 125.572760899862 124.483476082484 116.817573706309 116.036077340444 118.424107631048 118.551234404246 120.112369457881 121.958504120509 125.226676464081 135.064820448558 136.655350526174 131.100177764893 137.390325466792 142.356346050898 143.22085181872 144.163509209951 148.688107728958 156.995008389155 162.565489610036 169.83824968338 174.956937630971 178.284068902334 183.779537677765 192.830185095469 202.956080436707 210.841695467631 207.360943158468 213.819901148478 214.542885621389
37.2501164674759 15.2104819814364 1.21474351423482 4.62386443208137e-05 0 0 0.0313895313108029 11.7709624270598 24.5555614431699 48.0024367570877 79.7489186127981 94.536026318868 105.570375919342 100.74907541275 88.4688496589661 85.4674279689789 89.3941919008891 101.46560271581 120.212286710739 131.208608547846 129.873643318812 126.330991586049 123.729854822159 124.87401564916 128.186454375585 129.811276992162 131.885747114817 135.431339343389 133.605509996414 128.332604964574 131.691813468933 138.243814309438 138.039082288742 138.127505779266 142.333984375 147.012313206991 147.394369045893 146.796683470408 153.172791004181 154.527187347412 161.170244216919 169.723868370056 176.494419574738 181.803067525228 187.983115514119 194.6781873703 205.637196699778
33.1098685661952 18.3794858554999 1.64782100667556 0 0 0 5.68763601283232 14.6611606081327 25.7137815157572 41.2927865982056 67.8123533725739 95.4007109006246 112.834592660268 116.104046503703 106.872022151947 88.4321133295695 81.8555454413096 85.5439305305481 101.154804229736 122.827112674713 136.108030875524 133.000274499257 132.648050785065 129.940271377563 125.238418579102 132.04566637675 139.705995718638 138.674477736155 135.687748591105 138.047774632772 138.005206982295 136.640648047129 134.28403933843 132.58750240008 133.597354094187 132.466206947962 131.073147058487 126.873195171356 130.9954226017 134.026080369949 138.645460208257 145.416895548503 147.938589255015 151.383300622304 166.197170813878 172.931611537933 192.498882611593
28.7045439084371 21.6379960378011 4.36535788079103 0 0 0.777630135416985 7.26440424720446 19.0366928776105 29.9590975046158 37.4770561854045 52.8901120026906 80.7378788789113 100.975215435028 113.198111454646 116.720894972483 113.057275613149 108.576864004135 99.7134745121002 92.4554665883382 100.359241167704 122.860610485077 134.542912244797 142.026871442795 136.789133151372 130.791564782461 131.253172953924 134.875039259593 133.910000324249 138.60222697258 152.098784844081 149.904390176137 138.231197992961 133.27286640803 127.343485752742 122.530430555344 122.552980979284 117.426047722499 116.211583216985 117.643654346466 121.922860542933 124.054968357086 127.267092466354 131.085942188899 134.17782386144 154.131412506104 163.886288801829 173.896928628286
24.5402604341507 24.1384680072467 14.0488545099894 0 0 5.20827217648427 12.652900069952 27.8212676445643 38.6832803487778 45.241966843605 51.8325765927633 67.3823753992717 87.5454346338908 101.905723412832 119.666715463003 128.273377815882 130.958219369253 122.797290484111 107.548952102661 94.9267049630483 104.156225919724 127.128352721532 135.923445224762 137.461105982463 140.278786420822 141.138950983683 139.432887236277 139.436294635137 138.745228449504 150.007377068202 143.17665497462 140.960643688838 135.845879713694 127.604405085246 121.457705895106 118.533104658127 115.713993708293 115.186790625254 116.056273380915 118.485202391942 120.08735537529 121.857871611913 122.678448756536 125.948240359624 139.253248771032 154.933422803879 164.645940065384
26.0202685991923 29.4582645098368 29.5478478074074 3.2664838557442 1.76476469884316 14.5506833990415 23.2314889629682 38.5277618964513 50.5753854910533 63.3665422598521 68.864494562149 68.8946644465129 75.2347558736801 85.3907565275828 102.559824784597 122.376749912898 131.68869415919 134.468267361323 131.789068380992 115.843067566554 99.5579461256663 112.004597981771 121.10099196434 130.311499039332 140.869349241257 143.032898505529 146.525283654531 145.147909720739 144.494324922562 135.615954796473 129.735291004181 130.488216876984 121.469388405482 114.377558231354 126.008033752441 120.718866586685 119.074573119481 114.915410677592 114.692529042562 118.326445420583 122.042914231618 124.200522899628 124.01736776034 125.665038824081 127.850741147995 143.511235713959 149.009088675181
27.2765159606934 28.4196212887764 33.4547162055969 25.3471458951632 14.0428096055984 27.1132340033849 24.1859008868535 38.6124973495801 49.5569109916687 62.3461703459422 66.5634522835414 63.5843575000763 63.6281768480937 69.0292815367381 85.8141581217448 104.677140712738 117.640227079391 121.146579583486 129.782179991404 130.844304958979 124.116957187653 111.472497383753 112.593660751979 122.075110673904 130.464772383372 136.839518944422 140.253841876984 144.647488991419 137.403726577759 128.458937009176 126.753747463226 112.464050451914 106.078187624613 106.494247913361 99.851797024409 102.835237979889 99.9788443247477 110.202531019847 107.776194810867 113.708813985189 118.526210387548 121.508896350861 126.397728919983 125.916510820389 122.70051240921 133.859266837438 134.460479021072
32.456619044145 24.5382959644 22.6389293869336 37.6310547192891 32.524565855662 30.695286889871 23.132378856341 35.8712399999301 44.9962615966797 52.6966253916423 55.8845847845078 56.0348331928253 54.4912119706472 57.2585413853327 67.3635303974152 84.9112073580424 97.8722771008809 104.819317658742 114.812145630519 132.224768400192 140.68603515625 131.589064995448 128.145674864451 132.228205601374 130.411396423976 127.969364325205 127.290983994802 132.618069648743 126.514256000519 126.694023609161 113.947123289108 94.359169403712 83.3953817685445 64.4522855679194 61.3227983315786 66.9232358535131 73.1083303689957 75.0394662221273 86.3936642805735 94.7725673516591 97.4668761094411 99.9715427557627 106.178482373555 105.873982111613 109.204143285751 116.826484600703 121.797293424606
