input/barkrak2/radiation/dir26024.grid
NCOLS 85 
NROWS 70 
XLLCORNER 665100 
YLLCORNER 4664600 
CELLSIZE 20 
NODATA_value -9999 
[rows 0 to 19 of 70, columns 0 to 45 of 85]
228.868961334228999 243.116696675618 257.397174835205 274.078746636709 281.418999036153 280.67942460378 271.82145913442 265.771746635437 268.258929252625 269.02178923289 268.77361536026 270.947655042013 270.929435888926 271.200855573018 273.385107517242 266.685763994853 256.900171438853 246.071020762126 240.879734357198 229.283293088277 222.507476806641 234.102924664815 259.881138801575 266.023834546407 268.974979718526 277.104735374451 274.588962395986 262.018799781799 246.347069740295 243.322412172953 239.637494087219 257.457057634989 296.958088874817 296.823441982269 295.272390047709 278.844475746155 286.217431227366 300.899088382721 295.961976051331 297.847747802734 279.989620049794 281.798422336578 292.238036791484 294.423222541809 288.791239261627 289.980669816335
208.370983600616 225.228150685628 239.794333775838 257.361729939779 267.852524916331 271.057983239492 267.208774884542 266.10000928243 275.289316972097 273.829579353333 269.843637943268 270.354946454366 271.824101607005 272.706508636475 272.49664068222 265.706737836202 261.504292488098 253.932098547618 249.399701754252 235.843439896901 236.759106318156 252.564708391825 271.789451440175 273.579438527425 278.449316819509 282.397270202637 276.15350484848 264.422873655955 251.099805037181 244.957268238068 245.798965295156 270.775596300761 297.098954518636 296.926240126292 294.722338517507 280.905505021413 288.204769293467 298.521876335144 294.081648190816 296.481231848399 290.160238742828 283.919552961985 285.34475962321 287.054498990377 286.426285902659 291.083554426829
171.859860420227 184.907793998718 197.426974773407 210.213085015615 222.650249799093 232.580820719401 241.692344347636 254.241744677226 265.065232912699 264.410257339478 262.535572052002 266.926229000092 276.324113210042 280.373732248942 278.036812941233 282.608230908712 284.603397051493 277.310649553935 263.125439484914 252.552807331085 258.056163787842 266.22611284256 273.261964321136 274.743139743805 280.686895052592 279.385248819987 271.065990130107 263.557593027751 254.921913146973 251.601219177246 257.883071899414 283.926447232564 293.995757897695 295.701920986176 294.29829120636 287.35888004303 290.5166943868 293.14523935318 294.781307379405 295.695781707764 290.260056654612 277.786672115326 269.841929276784 273.140847682953 283.178965250651 290.905117988586
153.920282920202 154.473861058553 162.706216176351 169.890443483988 176.765322685242 181.427697340647 189.000924428304 205.073157946269 225.30996799469 242.006580034892 253.589709599813 268.171687920888 279.480179150899 283.684929211934 285.283923149109 289.715190728505 288.208166758219 279.348115126292 266.11332098643 260.467191537221 258.981327215831 257.660905520121 267.943739891052 271.03062470754 272.760987281799 274.412512779236 270.973364512126 265.50684372584 262.779573599497 262.860675652822 263.50611448288 288.559973239899 293.920238812764 294.866998990377 292.539159456889 293.947001298269 294.394373893738 294.351140658061 295.331199963888 289.720793565114 279.454390207926 268.202582995097 264.006555080414 277.951836585999 294.979532559713 290.039757887522
176.205535729726 158.355474472046 145.415167013804 136.407822370529 139.489829540253 155.899584293365 176.846146583557 187.942524751027 198.600212732951 206.44090572993 228.268345197042 251.334547996521 265.816986560822 273.081680138906 278.285622596741 281.253437201182 275.472581386566 265.975475311279 261.708458264669 260.38936773936 255.554556846619 253.950238227844 264.764467875163 268.051783243815 270.16141017278 275.711635748545 272.647698720296 267.622152964274 265.12211561203 263.171931107839 267.780363559723 293.727397918701 294.515570004781 295.099417368571 289.891203244527 291.642447312673 294.529795646667 293.908754984538 287.092487017314 281.201243400574 278.44766775767 272.149662176768 274.70197280248 284.21676158905 287.657519181569 275.690178076426
219.796260197957 190.608779589335 162.399788697561 138.680676619212 130.026082197825 141.625642776489 166.776478290558 184.50140953064 188.940087954203 188.669681549072 199.488917986552 213.957905769348 224.281907081604 230.654915173848 239.625771840413 247.629980246226 248.680412769318 250.614186127981 257.155160109202 262.828747431437 262.686153252919 265.779137611389 268.127024173737 267.755885918935 270.761013031006 275.897979736328 274.455606937408 271.652162075043 267.93642838796 267.04619328181 280.825992425283 295.676589012146 295.761168003082 295.239667097727 289.487997690837 287.146667639414 290.252904097239 288.424909114838 279.489576816559 281.426330407461 279.795070489248 275.64529577891 277.030110359192 277.795414129893 271.161139011383 249.903897444407
242.034792900085 216.976602872213 195.714910825094 174.009164174398 152.716507514318 140.079468488693 147.194226582845 176.803330580393 191.035012404124 199.529965718587 196.466406186422 191.105087598165 186.723132928212 182.178676128387 184.524456659953 200.634340445201 213.627517223358 233.275910218557 252.009113629659 264.178951581319 268.615444501241 270.340164502462 270.64836025238 268.614709377289 270.38832505544 272.888878981272 274.879733721415 273.988763491313 270.310123761495 274.590333302816 286.566217740377 294.176042079926 294.121046861013 291.771789391836 288.836002349854 281.811495621999 282.67373641332 278.17157904307 275.96245209376 274.08230304718 268.716553846995 265.694399674733 270.434220631917 274.188796679179 263.04550965627 253.068168958028
252.530614535014 241.577903429667 229.188799858093 212.639490763346 188.72994184494 157.8375796477 135.799725850423 135.671357313792 170.435885588328 196.931660175323 205.237726370494 201.170245806376 191.945135593414 181.269923845927 167.911489804586 171.536942323049 184.738357861837 202.035486698151 226.675868034363 246.922095616659 258.771141370138 265.759865442912 272.23402261734 269.592761993408 268.100202083588 267.912288506826 268.733441829681 268.74053478241 268.304288387299 276.467601458232 285.736123720805 289.683024088542 286.992232004801 282.410661379496 277.326206366221 274.128496646881 276.441256205241 270.492235819499 263.19412390391 253.06244691213 253.970324993134 263.472219308217 278.214395046234 285.245517889659 274.627566337585 271.371086438497
244.46843067805 244.842807451884 240.154564380646 231.36572043101 216.900030771891 193.292260169983 161.95152203242 132.300724585851 146.72843615214 170.045812924703 190.756658713023 201.240619023641 203.270733356476 200.391153494517 187.493125597636 179.405013720194 176.649471124013 181.443730990092 196.543971697489 214.110016822815 231.001595656077 245.383183161418 255.372802416484 252.957781155904 254.707078138987 254.944205284119 255.791306495667 256.961603959401 258.5795323054 267.736911773682 273.440142472585 273.451487223307 271.545946598053 271.233836809794 270.738184452057 271.592080593109 270.756940046946 267.017364501953 258.585472901662 254.399120807648 268.259942531586 280.94619512558 288.301030794779 288.87156645457 275.251428286235 269.836207230886
212.661147117615 223.086794217428 228.493173917135 228.308459122976 225.094179312388 220.515569051107 202.345728874207 182.523965835571 150.819003582001 141.017695267995 155.066887537638 180.840392907461 203.706304232279 215.207060178121 216.29407008489 206.955909729004 191.171745459239 185.688773790995 184.939920902252 187.73619333903 197.102983792623 205.754141012828 216.10826253891 224.518954753876 233.77799987793 236.703077952067 237.910628318787 238.914926846822 241.22945467631 248.197833697001 249.637345472972 250.529070695241 257.078309853872 261.608560880025 264.701048533122 264.796515305837 263.328830401103 265.288571516673 258.495728174845 264.309147993724 282.665689786275 290.301700433095 291.71085357666 287.979861100515 274.153967698415 269.136627515157
156.177858511607 171.557346979777 185.068825880686 196.617583433787 207.00591802597 215.365211168925 216.614822546641 210.225919882456 180.973947048187 154.335002104441 139.788260062536 147.089511156082 175.752182801565 203.091283639272 219.051400820414 208.621939023336 200.281659762065 192.584355672201 184.067110220591 177.69048611323 178.105334440867 178.755124409993 183.232665061951 197.537700335185 211.340645949046 219.924171765645 221.73023223877 222.179690996806 228.460709253947 233.890434106191 236.658255259196 240.826388200124 249.878187974294 253.986040751139 254.026333491007 254.311362902323 258.567174275716 263.29505443573 263.102432092031 275.715927282969 286.065697669983 289.847532908122 289.634346961975 286.800066630046 278.574367364248 279.308835665385
111.293166875839 116.757233937581 126.312683025996 139.993369579315 157.678107420603 174.985587596893 194.511234760284 201.25820239385 201.965947945913 187.125106652578 159.517685572306 138.766209284465 140.86702466011 165.147622426351 193.991164366404 198.371966679891 205.037613709768 201.203962167104 190.578897794088 178.681313991547 171.924312909444 169.576207796733 169.787208239237 179.312348365784 188.511371612549 195.646464824677 198.680440584819 203.329185644786 210.660537083944 215.764343738556 220.749020576477 226.312935352325 232.733209927877 236.183921496073 236.762344837189 239.003618558248 249.587734540304 259.762366612752 264.751732349396 275.892853736877 281.929433345795 283.664643764496 281.376202901204 277.701437473297 274.006803830465 273.33790063858
81.1608731746674 79.1968504587809 85.8185489972432 89.2145037651062 99.2641746997833 118.533949057261 144.800047079722 167.382637659709 198.119163513184 203.802347183228 191.365440686544 165.664325157801 136.550456285477 133.465389410655 157.907595237096 186.705311139425 203.697939713796 206.806858380636 201.405624548594 190.820654233297 181.47885799408 181.005994478861 180.49285809199 181.366960207621 182.321091492971 181.781113147736 186.161438624064 195.52884499232 199.52521721522 200.99925994873 206.487377484639 212.174912293752 213.68541320165 214.938203493754 218.943973382314 223.887324333191 236.019392808278 248.721361160278 251.942674318949 260.953605175018 266.934116681417 268.154621124268 266.434709231059 267.254412174225 263.242860635122 263.74089717865
78.2157282034556 53.3852676550547 36.754568417867 28.9090126752853 26.9747798641523 30.7971859971682 46.6379423936208 77.7149498462677 116.405526796977 158.687939246496 189.076642195384 201.477726300557 179.801026980082 152.863691250483 149.013012647629 175.929804642995 194.247643152873 208.943605422974 216.465214888255 211.875120798747 198.910176753998 195.639650026957 192.047993342082 191.587726275126 191.846966743469 189.902623494466 192.252298196157 201.379954814911 201.560894648234 194.616695245107 200.115541617076 205.757339795431 206.612209479014 206.904729207357 211.215992768606 218.833486239115 225.169877211253 231.346011161804 234.561820824941 237.017114957174 242.525060971578 248.581071694692 255.310575167338 260.3786389033 256.936351458232 260.50325234731
89.4823968410492 53.485780954361 27.0607123772303 13.8394435246785 7.77638827761014 11.9312418003877 29.2712698380152 52.5228331486384 72.0530599355698 109.251121679942 147.482285896937 178.084810574849 194.182236989339 192.006488641103 168.915450572968 166.506548722585 172.769705454508 189.950883388519 210.638821125031 221.986552079519 219.494700431824 212.07598845164 209.160983562469 204.960823059082 201.815903186798 200.532575448354 201.970775922139 203.912456830343 200.012008349101 194.548765818278 197.491010030111 202.721297740936 202.714184919993 201.83010896047 206.113457679749 210.243741671244 211.927970250448 210.127592086792 215.203146139781 216.116229693095 221.533417701721 230.591833591461 235.922078291575 240.674157937368 241.99249347051 246.171871821086
79.060286283493 53.411141037941 23.8307764132818 7.24668179949125 4.21155182023843 26.0156467556953 43.627401192983 57.1853816509247 70.3517347574234 92.869242032369 125.067005554835 159.285575151443 175.704061985016 185.043931007385 182.699700196584 159.556130568186 153.719266255697 157.763848702113 178.294857343038 205.613156159719 222.298900286357 219.795763492584 222.487509250641 215.472718079885 208.64866177241 209.458072980245 211.541632811228 207.574645678202 202.550888061523 204.481204350789 204.104900360107 203.433672587077 200.324654579163 197.790503501892 198.72659444809 198.030153910319 195.680916309357 190.572698911031 194.160302480062 196.589847405752 200.70747534434 206.958770751953 210.355858008067 212.680121262868 224.486549695333 230.616966883341
66.0614470640818 55.4773112138112 29.9917807181676 2.39826568091909 8.02286031345526 31.4461241165797 48.1112251679103 62.2332642475764 77.5056431690852 87.5694255034129 106.336722771327 138.853013515472 162.322650353114 174.563527107239 181.702415148417 179.423928260803 179.921925067902 172.753433386485 163.462142149607 174.556612968445 197.115063667297 212.830503781637 221.871097882589 218.886951605479 215.161462624868 217.725157737732 221.701482931773 217.495958010356 215.263565381368 220.248937606812 217.386305332184 205.506563186646 198.947389920553 194.374759991964 188.731054464976 187.607566515605 182.660063107808 181.196947892507 181.54513835907 185.400982697805 187.978565692902 190.477848052979 193.858961264292 196.855167547862 214.462180932363 224.343419075012
59.0671896934509 59.3395332495371 46.4421212673187 9.55570364991824 12.4126089115938 36.2933203577995 55.2381376425425 75.2213150262833 88.3912642796834 97.0972677071889 106.063177188238 124.29533402125 142.072280248006 162.719537814458 178.429007530212 192.167778809865 196.371893088023 191.839337348938 175.991932551066 165.011644363403 176.040331522624 202.368378639221 211.716651916504 214.127123355865 218.730370203654 224.624395370483 231.295466423035 231.450259685516 229.27447160085 231.417457262675 224.691132704417 211.931506792704 202.496965726217 193.9843694369 187.203804651896 184.147854646047 180.63485622406 180.500626564026 180.755138397217 182.470420996348 185.028155644735 186.904847621918 186.500271161397 190.442502498627 203.243374824524 216.866036256154
62.9202822844187 69.9215332667033 69.4900254408519 34.4066495696704 28.1837632258733 53.1737953424454 69.4348315397898 87.1676405270894 102.758864561717 115.212202072144 126.185834407806 121.732791264852 134.464263916016 140.082389116287 159.05957420667 172.909498214722 186.556021372477 192.225515842438 193.416515986125 182.5164159139 164.199531078339 174.915591875712 185.547173023224 194.92495059967 211.175799369812 226.920564969381 232.156276702881 237.868428230286 232.837200164795 231.718798478444 224.401275316874 217.394709587097 207.096060117086 196.740825970968 191.355526447296 186.166922251383 184.131940205892 180.751840273539 180.182735125224 183.690309524536 187.274217605591 189.259588718414 188.782334327698 190.610547860463 192.710240681966 207.893967628479
68.2162940502167 71.0271994272868 81.5279632806778 71.0134506225586 59.2231253782908 70.5945640802383 73.5593487819036 88.1778796513875 102.170387903849 113.214363654455 121.875365575155 119.959692160288 117.773125569026 123.94783894221 138.7739777565 158.259789148966 167.435765266418 174.848119417826 183.03644657135 186.921298503876 181.086083253225 166.075338919957 170.272827148438 178.927103678385 193.384826183319 201.428254445394 203.850289185842 202.761193116506 209.567368030548 213.095307350159 223.285257816315 216.227650642395 207.676490147909 199.885725975037 194.77504491806 189.268887042999 185.056845347087 175.910870234172 173.163334528605 182.275573412577 189.314047495524 190.934479236603 193.903783957163 193.006078402201 189.043362935384 200.051446755727
