input/barkrak2/radiation/dir20224.grid
NCOLS 85 
NROWS 70 
XLLCORNER 665100 
YLLCORNER 4664600 
CELLSIZE 20 
NODATA_value -9999 
[rows 20 to 39 of 70, columns 0 to 45 of 85]
188.105980555216 180.728713671366 196.361502011617 236.311058203379 231.509367624919 186.972161134084 173.733115196228 178.859929243724 191.684544086456 210.859020551046 225.909193356832 232.365250587463 238.307237625122 250.423808892568 265.24829864502 284.945070743561 307.625035444895 321.096201737722 326.482037703196 333.233038584391 335.807641347249 329.093337059021 327.961504459381 329.696337381999 329.922258853912 331.297079722087 333.473483721415 330.562591552734 326.368808746338 325.811803340912 319.712320963542 308.605889479319 299.507737159729 295.09699344635 293.44387849172 298.124730587006 298.260370890299 300.53049325943 305.120269457499 309.213697910309 308.99981657664 309.06077226003 311.275839805603 305.793225765228 310.284038384755 312.60750691096
216.109414895376 214.524626731873 231.107751528422 261.708577473958 257.665634155273 199.83172416687 186.260124047597 187.378068765004 195.226848125458 208.150009314219 218.486984570821 228.503227233887 234.877069791158 237.233678499858 251.381973425547 269.248167673747 287.898063659668 303.484698136648 321.291089057922 328.97679011027 333.338022232056 338.543176651001 340.267856915792 339.412013689677 335.667848587036 330.094695091248 326.979259649913 323.564569155375 322.899222373962 316.293815771739 299.550791581472 270.922601222992 250.382045904795 248.053212960561 255.44806321462 274.267474810282 281.812826792399 296.448588371277 305.093884468079 306.01425965627 304.266353448232 302.322586377462 296.85233036677 283.35561354955 301.582376162211 310.469468434652
256.622632344564 263.577143351237 269.264956315358 279.075503349304 279.165903727214 233.34534962972 207.905352115631 194.081346193949 190.545320510864 199.779371420542 220.041155815125 228.12807559967 241.531252861023 244.874238967896 250.049849351247 264.998098214467 276.183187961578 292.441586653392 304.521123568217 314.60702419281 318.683505058289 329.48891321818 335.385878880819 335.690220197042 332.997004191081 330.699920654297 325.192987918854 313.171188036601 306.199908256531 282.185236612956 243.903299172719 195.606728394826 173.098762830098 190.338611602783 218.455791473389 243.350664774577 260.615905125936 280.743539333344 292.954385280609 295.046011606852 298.219521840413 298.874338467916 277.124504248301 257.333397865295 283.563713232676 307.830929756165
277.968406677246 280.023475488027 277.983784675598 283.941070238749 283.649603525798 266.908744970957 232.537508010864 202.946941057841 187.879463036855 192.349394162496 215.254545211792 230.45551776886 243.515292803446 257.584889729818 257.508198420207 263.054311275482 274.318476517995 285.3910724322 294.486582279205 293.104588985443 298.682153224945 307.071367899577 317.186077435811 320.904731750488 311.931331952413 302.965958913167 284.845034281413 281.019747257233 251.989444096883 214.195946852366 175.987104574839 152.611156304677 122.403591871262 117.967794338862 131.119628747304 166.668275992076 211.055219173431 238.209982713064 254.789968331655 264.893492062887 264.375944932302 249.994079271952 235.809445381165 268.913805484772 269.822716712952 301.592707633972
270.415266354879 272.08952109019 279.560049374898 285.940925280253 277.408758799235 267.218788464864 239.604334036509 217.846433321635 199.312567710876 192.771375179291 209.042767683665 225.405077139537 238.542238871257 252.539277076721 256.725112597148 260.152479012807 270.413597424825 283.17791223526 290.360510349274 287.137071291606 293.065190315247 284.172693888346 281.113882859548 281.475901603699 283.633828163147 280.560592810313 273.356795310974 257.829288641612 228.347261746724 171.17981115977 151.59864226977 149.283279975255 129.779875278473 100.911796092987 92.9495990276337 110.091418027878 151.739706595739 191.993117332458 217.083136240641 231.402695178986 221.283177534739 198.761105537415 220.032711823781 287.64416774114 282.006859779358 302.135407924652
263.909916083018 268.149892489115 279.164791107178 282.923320929209 278.022825717926 268.88636747996 249.054610729218 243.719041347504 234.594881534576 219.796518484751 219.017803668976 236.510137716929 249.694069226583 263.209581375122 265.646417935689 264.911333719889 269.803206125895 281.584620475769 287.736535072327 289.902945359548 285.703917344411 273.527681827545 269.093672434489 272.818505764008 275.467455387115 273.607512315114 259.850362936656 249.372124671936 204.948663711548 179.942071437836 178.09122800827 194.198807080587 197.1235871315 165.939251581828 132.782648007075 119.656562805176 132.270753383636 159.93391474088 191.444079081217 214.467803637187 195.666193962097 186.977644761403 228.633006413778 275.463223457336 295.630355676015 311.970174312592
265.575071175893 268.051366011302 275.70374806722 280.957480271657 290.839195251465 279.111345609029 266.171991825104 257.087389628092 256.651679674784 250.731448332469 240.321894486745 256.618618965149 265.769759813945 276.787439982096 278.569539388021 271.815617879232 274.31046962738 276.177207628886 275.507609049479 286.061882972717 289.895971616109 286.93030277888 275.70648988088 272.288759549459 274.725218613942 272.874891757965 262.602289517721 250.455101331075 216.031551361084 210.26341120402 231.187303860982 255.071957906087 259.972969690959 268.661657969157 242.777665456136 160.086075464884 148.03272485733 158.361514409383 183.935602506002 209.009885787964 205.479602018992 237.005690733592 238.740205764771 253.228902816772 287.171363830566 297.840853532155
269.675354162852 266.049683094025 269.080678621928 278.051475683848 313.244620958964 290.789862473806 273.334761460622 258.599599202474 259.472330411275 266.409198443095 259.341537952423 261.281291643779 272.478063901265 281.82178735733 284.959634145101 281.644463539124 273.857911427816 274.442156155904 283.509214719137 290.519018967946 286.308447519938 279.512405395508 276.350935300191 278.749108314514 277.138193448385 278.330544630686 269.998073577881 261.752088864644 240.601579348246 239.480137825012 262.636582056681 277.027189731598 276.665906111399 290.424466133118 309.778213500977 239.429871241252 177.198529243469 163.052211205165 175.707618395487 204.579571882884 243.194460868835 292.884926001231 249.595026175181 246.410389741262 271.095176537832 282.863895098368
267.389257748922 258.72806708018 262.508829434713 284.45174296697 326.147596041362 290.947755177816 265.029092629751 252.912580966949 257.163763046265 263.602058092753 260.502219200134 258.571803569794 271.179676055908 281.392514705658 283.390581607819 280.691425005595 279.261946678162 273.512899875641 280.93942006429 282.879869143168 280.221402645111 275.41055281957 275.801241397858 280.037085215251 282.542328039805 278.834760189056 278.597791989644 269.558389981588 251.892367998759 247.975051403046 270.254294077555 287.770311037699 287.356019020081 286.064743995667 305.309891700745 300.966699918111 210.115949312846 152.94615427653 142.763833204905 183.048983414968 252.514719963074 274.654547373454 243.191997210185 220.343907674154 243.006666501363 254.254857699076
260.609408219655 250.888506571452 258.955995241801 294.815182685852 323.452631632487 288.919409116109 257.002909978231 239.275574684143 235.764563083649 241.145968437195 240.009466807048 245.666762193044 267.34991868337 279.636383056641 280.897617340088 285.250067710876 284.43435827891 271.033863226573 275.726576646169 275.978128115336 276.540954907735 276.759107907613 278.325120608012 280.446807543437 284.412741661072 281.236390272776 285.48135360082 275.133550167084 257.521430651347 256.643970807393 275.980512301127 293.619891007741 289.180974165599 286.151508490245 295.546412467957 312.201718489329 291.235566139221 215.149859587351 168.984631697337 178.759614626567 214.91014957428 229.743977387746 231.220384438833 203.526616096497 211.842815081278 232.64753818512
249.479989210765 259.028295675914 288.667639096578 334.539969762166 334.936777750651 294.241786003113 257.232308387756 230.159997940063 221.775313218435 232.360363006592 225.274046262105 226.741631825765 257.132808367411 275.77022711436 283.731619517008 289.492348829905 287.763754526774 279.213865598043 276.43620967865 278.672734896342 277.809898058573 281.498908996582 284.712274869283 283.651391665141 285.556375980377 288.595259189606 290.668805440267 283.83207321167 269.444048404694 268.786430358887 282.249987125397 294.666647911072 291.753967603048 292.206962903341 296.720087528229 299.674312273661 318.495392799377 323.649764060974 256.093382835388 209.448794523875 195.40282090505 188.485980033875 208.29705397288 202.54906018575 208.542227745056 236.252307891846
268.109579881032 295.040388902028 316.510419050852 323.475321133931 348.70167573293 327.80663172404 289.827545483907 252.62983640035 237.544039885203 250.327905019124 245.977640151978 227.505664030711 244.908471902212 273.610790570577 286.22579574585 290.780981381734 288.052399953206 286.037762959798 281.799594561259 282.098511854808 282.571276028951 287.588238716125 287.580231825511 289.732893308004 288.309931755066 296.359002590179 296.718974908193 297.144850095113 287.078340848287 283.554911613464 288.648386796315 293.061991532644 294.851422309875 299.673497676849 302.641014258067 291.410704453786 298.97811015447 332.831740379333 323.894500732422 261.014997959137 212.803721427917 190.542896588643 191.652317841848 207.400361696879 227.593998114268 257.084230581919
302.070657412211 313.34400177002 305.997490882874 298.966526985168 316.830277442932 335.260073343913 327.750364939372 298.736532529195 273.743251959483 276.499430338542 277.544756730398 254.255294799805 246.333161989848 269.917607307434 288.038671016693 289.655566215515 289.198497931163 292.892456054688 285.01816590627 282.008548577627 288.122653961182 289.87063964208 290.050387382507 288.627564907074 290.155212084452 297.588706016541 301.911771297455 303.906758626302 295.414706071218 289.920449256897 297.309080759684 301.351388295492 297.61149485906 299.369911352793 303.446233272552 293.021361033122 292.64094432195 309.860388437907 309.151391188304 281.20877345403 249.93751446406 214.849988619486 196.680327256521 200.58665672938 224.184970060984 256.332258383433
297.806362311045 292.571504910787 286.078254381816 275.408148765564 276.245911916097 295.933723449707 314.319252967834 309.585948785146 296.142677466075 296.79944117864 296.176870663961 283.078869183858 268.897255261739 276.551147301992 288.444638252258 290.688455104828 289.853513240814 290.032982826233 285.673936208089 286.68467203776 287.11728254954 286.837776501973 286.945243676503 282.471219698588 287.363628546397 295.155008633931 301.606436570485 302.248259385427 296.37070496877 296.126484870911 302.247246106466 301.032344500224 289.915680885315 287.953694661458 291.749536991119 276.313205560048 273.792386054993 272.838274637858 263.17818959554 264.391819636027 274.726331233978 245.068848133087 218.271692593892 205.79860607783 206.991791725159 230.327427387238
292.68354177475 283.521175384521 289.551138877869 276.087641716003 268.526077270508 279.646654923757 304.247279961904 325.091401735942 317.525029182434 305.128216743469 294.900894165039 293.203135331472 296.937346458435 293.89355580012 295.195480187734 294.2809065183 290.597915649414 289.90097840627 289.835174878438 289.914647738139 288.819531599681 283.463915189107 285.076876481374 282.52633412679 287.276367346446 292.117436726888 297.463317712148 294.619341691335 293.762266635895 299.812793731689 302.339812119802 292.772968610128 277.754406134288 281.854351361593 280.165513356527 263.408859570821 264.609634876251 264.387547969818 268.656770388285 286.116242408752 287.943740685781 278.918425242106 255.824665228526 238.843937714895 217.789789040883 210.707227389018
311.310648918152 306.681831677755 315.569400787354 310.811201731364 301.052828629812 304.896096388499 320.430080095927 340.387304623922 331.983347733815 308.833440144857 294.697324434916 300.073504447937 311.34170293808 305.401424566905 301.07456445694 300.877948602041 299.449662367503 289.827565352122 293.851415316264 293.380935986837 291.129589080811 286.31321589152 288.648227850596 288.524727026622 287.19170888265 290.674805641174 291.608373324076 289.046327273051 291.857620080312 300.587296485901 300.975541273753 291.128039360046 279.462059338888 280.292451381683 271.652698516846 266.855398813883 272.098580996195 273.30489953359 283.747414747874 307.883103688558 276.388923327128 263.808012008667 253.585716088613 246.53152624766 226.552347342173 207.582374413808
332.874973615011 330.589771270752 332.940677801768 335.164308547974 326.348582903544 320.199688275655 325.14355580012 339.156707127889 334.371527036031 307.037512461344 298.113942146301 307.204782962799 315.390427907308 310.158252716064 300.236284732819 303.554693857829 305.884003639221 298.683702945709 300.460775693258 298.922002315521 298.803369204203 293.330987294515 292.271097501119 292.644778887431 289.752423763275 287.553151448568 290.433049201965 292.960604031881 295.850435892741 302.32576529185 302.292704582214 293.824414412181 281.994064648946 276.959737141927 267.609397570292 272.357205549876 278.387288252513 278.409322102865 281.236867109935 298.103213310242 262.926876544952 223.869820435842 210.635006427765 204.432209332784 201.66556040446 198.768615722656
342.403690020243 340.969800949097 338.152170181274 338.917016983032 332.782685756683 325.69408416748 323.580702145894 329.374253749847 334.556738535563 315.268675486247 310.919543107351 316.4168993632 316.406190395355 304.37695980072 301.92353328069 305.444141228994 311.319351196289 307.320237159729 303.455710411072 304.87992366155 301.62258942922 297.358572483063 294.887602329254 292.179544766744 293.791353702545 291.92050298055 293.209354082743 295.254031817118 297.854363918304 300.150334835052 302.303433418274 296.007215976715 284.776965777079 269.826928774516 260.688702265422 276.495138804118 285.856127738953 284.43310658137 275.008936723073 286.7431640625 263.214310010274 195.68920135498 167.619407176971 153.130392233531 154.147545496623 164.092034101486
342.476606369019 344.797968864441 345.188140869141 343.359549840291 340.343038241069 336.560010910034 331.461747487386 328.006108601888 330.367028713226 325.156370798747 329.584499200185 326.630552609762 312.829494476318 313.356022040049 308.871150016785 301.127076148987 311.188062032064 309.971769650777 305.159409840902 304.14225657781 303.662935892741 298.555751641591 294.167836507161 294.823169708252 295.498152573903 296.192487080892 293.92671585083 298.032701015472 300.366977850596 299.466331799825 302.704393863678 298.59983921051 280.709842840831 258.141815662384 266.332864761353 288.958390553792 292.220075925191 286.688208580017 270.207206408183 275.326530138652 290.3653383255 240.093251069387 181.144873301188 153.827716906865 145.500977834066 142.688482999802
329.36155796051 333.253860473633 333.45087369283 337.231675783793 342.702150344849 347.085158030192 348.25591246287 346.859971682231 345.442295074463 344.469308853149 337.371071179708 322.283228238424 316.999435424805 313.928504784902 311.745901902517 306.004643440247 308.806379636129 308.094441890717 302.481055259705 301.65175596873 303.696910540263 302.779714266459 300.745606422424 295.722385247548 295.848468939463 295.432686805725 297.829031944275 299.124836921692 301.162997881571 301.454921563466 301.004628340403 297.970294952393 275.465448697408 259.114762147268 282.328724861145 297.259648640951 293.034931023916 288.29030195872 275.354603926341 272.563139597575 304.908851782481 322.908302148183 266.984780629476 211.928248405457 173.16867907842 146.360764900843
