input/barkrak2/radiation/dir24524.grid
NCOLS 85 
NROWS 70 
XLLCORNER 665100 
YLLCORNER 4664600 
CELLSIZE 20 
NODATA_value -9999 
[rows 20 to 39 of 70, columns 0 to 45 of 85]
106.497337420781 95.1534410317739 103.645116090775 131.72236084938 128.214021523794 110.163271427155 101.472675800323 114.297529061635 124.649892250697 135.917474826177 150.377094745636 152.753829956055 152.694195508957 155.212670564651 161.842872699102 179.064571857452 192.666927973429 203.161676724752 219.700316588084 237.679958343506 242.627282937368 230.557322502136 234.801530838013 237.115343411764 238.734245300293 238.907953103383 235.922276973724 239.028672377268 242.700358231862 252.479612827301 249.239385128021 235.34901936849 219.832936922709 208.936512470245 204.435030619303 210.732440153758 210.293412208557 212.424298127492 217.265129089355 221.551517645518 222.995122273763 222.503781318665 225.923558076223 219.29927666982 224.170466264089 229.503611723582
138.183196385702 128.173609574636 128.224988778432 158.015886942546 156.147956848145 112.81011501948 113.145291805267 123.242914676666 131.956020991007 138.161023457845 144.451647996902 147.90819088618 145.011901855469 139.770925045013 148.532817761103 161.944925785065 176.549971103668 186.442077159882 200.593988100688 215.282599131266 224.499742190043 236.527224381765 239.993532498678 238.658924897512 230.087955792745 218.130846818288 207.158923149109 202.730000019073 215.403834978739 205.287198225657 192.585249741872 165.832142035166 160.902371009191 151.338239510854 156.462093194326 177.755276362101 186.765213807424 204.344570636749 215.930799643199 217.204709847768 215.060869852702 213.134407997131 206.53768380483 188.250482082367 212.019244829814 224.383115768433
184.698621431986 184.239010016123 172.406216462453 178.12709013621 177.862048149109 138.191173473994 136.55020793279 133.699973424276 129.293113946915 132.708479960759 144.017934799194 143.308341503143 147.63069152832 147.945781548818 151.01753671964 159.297565619151 170.202215512594 184.021254380544 192.968726158142 197.404980659485 201.542496681213 216.174523035685 226.151823997498 228.912134965261 228.66827249527 219.732642173767 203.555961449941 195.073882738749 192.218403021495 186.982373396556 153.688112894694 115.734537442525 80.0877014795939 73.6402769883474 109.865367412567 136.028389135996 155.777166287104 179.157237211863 198.883990446726 202.428996562958 206.909914811452 208.81309111913 181.610544522603 155.47318259875 188.258032004038 220.645407835642
217.88235505422 212.306420008341 189.333875974019 184.456388155619 183.629989624023 174.909472465515 159.245441357295 138.012150923411 125.622103611628 127.063900232315 141.715159018834 148.778776327769 156.133155028025 165.324072043101 160.597105820974 162.389755249023 171.408851941427 182.862401008606 189.911305904388 182.582875092824 180.18368879954 184.976538022359 197.868386904399 206.089039643606 211.630821228027 206.757783889771 196.72546784083 184.991876284281 167.319496472677 135.880649089813 109.928747018178 80.887367328008 48.2850770155589 14.3006903429826 15.2730830013752 43.54194800059 83.0805947383245 116.521259148916 134.631445010503 153.523663679759 156.497369209925 144.696921110153 140.31046628952 169.47595278422 178.846259911855 209.886908531189
213.041086991628 211.551705996195 201.814214388529 187.50673532486 174.951295057933 175.515333811442 161.207069953283 149.653087059657 136.075596014659 132.1628789107 137.901037931442 148.10178677241 154.457787672679 163.125067949295 163.230290015539 163.976162672043 169.893801212311 181.573351224264 187.299946943919 179.529507954915 180.322130521139 176.823377609253 184.433917204539 190.473198890686 190.288285414378 190.338452657064 182.467261950175 170.092364152273 150.170514980952 103.124370177587 86.9557559490204 84.0799311796824 59.5788508653641 13.9633938670158 10.3510183592637 31.4220935106277 51.6627530256907 70.3445424636205 90.2912020683289 103.125294049581 97.5411534309387 90.963492790858 114.966144164403 196.09127442042 197.759747505188 212.938030560811
201.160430908203 206.369539101919 208.518346150716 190.418064594269 175.341566403707 175.59540271759 172.825694084167 177.517294883728 173.64776134491 160.614887873332 155.556569496791 162.491162618001 165.976663430532 176.470557848612 176.629960536957 168.754835923513 170.473456382751 182.588438193003 188.758234182994 192.195395628611 194.90905602773 190.826455752055 184.984882672628 181.223829587301 182.06000328064 180.271903673808 173.566222190857 154.308428366979 135.613153378169 118.326832850774 114.628831545512 126.734534899394 122.758785883586 64.5666470130285 38.1678094466527 47.8662401437759 53.6708136399587 62.3339066902796 80.9597969055176 78.3633142709732 70.5811182657878 74.4249572356542 123.173803091049 197.405695915222 214.912354946136 220.050394535065
201.318800449371 205.909768740336 209.03609196345 195.569396018982 191.323399543762 193.130195140839 197.584907213847 201.399366060893 207.11225271225 199.648380279541 180.781543254852 185.19006172816 184.557696183523 193.174163500468 192.301452159882 180.404444535573 176.814198493958 188.633998235067 193.969051043193 207.001407941182 209.840575853984 206.754326820374 194.352825482686 186.750451723735 182.292362054189 181.902945041656 172.63784011205 166.017631689707 149.796197811762 152.794500192006 168.477813402812 194.056411584218 202.144344647725 193.805754184723 133.690098921458 74.3733644485474 68.2870844999949 70.6845372915268 81.7345529794693 77.1179844935735 88.5189274946849 128.412882486979 159.64354077975 191.854993502299 213.843822479248 217.717448870341
204.347232977549 201.55797402064 203.606923421224 197.876632213593 220.912535985311 216.477612654368 217.404146989187 213.732143243154 217.042962710063 216.485818227132 198.113799095154 192.14936097463 193.77064704895 193.585216999054 200.405995051066 192.480603853861 186.760127544403 193.546613057454 204.415261745453 210.728208223979 209.960540135702 200.022379557292 195.862154165904 194.63171561559 191.665867964427 189.665218194326 184.733470280965 180.861334005992 177.944322427114 191.592613855998 209.042986234029 222.147067387899 228.157500425975 240.675946076711 225.98530848821 133.447627226512 88.9089703559875 77.9589017232259 73.5028733809789 82.0672611395518 123.067647218704 199.028491973877 184.673031171163 179.040650526683 191.764175891876 193.722466627757
204.638202985128 193.086445331573 195.869505405426 203.693111737569 241.424202919006 226.791143417358 214.645902315776 206.832031408946 206.006169319153 202.739675839742 193.159639835358 184.87137556076 193.02507241567 194.961150487264 198.042511940002 201.034088929494 197.385172049204 192.714750766754 202.94584830602 204.415957132975 201.222697893778 193.227012952169 192.499279975891 197.63853152593 197.871923446655 190.852046012878 191.056609153748 189.098477363586 186.652282873789 204.883774121602 225.065271059672 239.326198895772 243.669251600901 244.104087352753 250.471631685893 205.81978559494 103.518952926 66.6912496089935 55.2925715843836 64.1032407681147 138.304611047109 188.210725784302 172.637800375621 144.107788801193 147.164235512416 148.21915825208
201.372663180033 185.278614362081 190.179169178009 213.391602039337 240.964690844218 222.859660784403 200.822651386261 182.078897953033 171.097099781036 166.18404785792 165.886580944061 172.14294274648 183.445314566294 193.727234999339 198.688228925069 204.659640789032 202.867448329926 189.153393109639 193.074444929759 191.758612791697 191.950539747874 192.345837752024 193.936189015706 199.217438697815 201.596220334371 195.290227731069 199.88226890564 193.390051523844 192.498028278351 210.971673329671 234.448452790578 250.180145104726 248.304565747579 246.211489041646 256.872216860453 256.117006142934 193.922897179921 105.026880900065 78.135554989179 86.1088335514069 118.809839089712 138.44507932663 151.842564344406 118.650366862615 112.238585948944 117.641687393188
194.539527098338 200.629452864329 230.100552241007 275.149603684743 267.425696055094 229.396164417267 193.485140800476 161.518394947052 146.638025840124 156.693110863368 154.122372468313 151.58411860466 175.253808498383 194.129109382629 204.090754191081 211.692929267883 209.891776243846 196.677843729655 196.453511714935 195.901612440745 192.697028319041 198.580304781596 199.617743492126 200.94354947408 204.958359400431 207.046469052633 205.648362636566 205.264687538147 201.615850130717 220.046043395996 243.338505427043 254.607200622559 250.633776187897 255.431036154429 264.424860477448 269.044836362203 264.628946781158 235.528429349264 155.556738376617 112.044711907705 101.155857245127 105.571846167247 121.315519014994 114.413400491079 109.403669834137 127.391884724299
212.878207365672 247.387985388438 285.592277844747 303.119301795959 311.080038547516 271.556973457336 224.095483620962 182.958424091339 172.298411528269 183.013379573822 172.912418842316 157.327045996984 170.785546302795 192.728002866109 207.173804442088 215.199788411458 211.992859840393 204.636553923289 198.297222455343 197.504639625549 199.016988277435 203.093012173971 205.665290355682 205.054839452108 207.643568515778 218.587716420492 218.44224135081 220.869819323222 221.088767051697 231.469690799713 246.553083260854 255.697071552277 258.488615353902 266.199072202047 272.453049818675 264.894902706146 264.730989933014 277.697185675303 235.374589761098 156.453510125478 110.920796791712 108.198891083399 111.991743246714 120.191037654877 135.985871156057 162.566612164179
265.06096124649 291.817665100098 301.693538824717 298.619329929352 312.537709871928 311.05496486028 284.955302874247 250.002245108287 223.049998283386 217.279672622681 215.924700101217 188.686509927114 174.776256084442 190.086623032888 209.742665290833 215.52171309789 211.503346761068 213.996509710948 202.055553595225 200.531005859375 205.426553885142 207.316279411316 206.872125466665 206.334074338277 209.74991718928 223.543842633565 227.95045375824 233.252803484599 233.418027559916 235.122283299764 249.4269212087 260.026415189107 259.386996428172 257.657567660014 261.074463526408 250.318606694539 251.861373583476 255.450050036112 227.307895819346 178.86479695638 143.353303273519 130.112836758296 120.433896780014 121.706575155258 138.188650210698 168.153246243795
289.363026618958 299.450655778249 295.652866363525 287.677884101868 293.472548325857 306.893249352773 307.021836439768 282.598495483398 256.572842597961 243.013421694438 241.339961687724 224.51243797938 197.109957536062 196.498811244965 209.223667780558 210.795025030772 208.576162656148 211.143851280212 202.515145142873 204.386989275614 204.941948254903 206.628739833832 205.476740996043 204.854309558868 210.818191369375 219.824194908142 230.888783931732 233.955204486847 233.42768351237 240.64838886261 251.795947551727 253.714144229889 241.751194000244 233.810464541117 237.191796302795 218.281249205271 217.095971107483 206.906179587046 178.645094235738 159.889916578929 172.706445058187 160.782386859258 143.647402524948 129.536767800649 126.929750045141 147.750089565913
296.838025252024 297.902901967367 301.358600457509 292.020837465922 289.089620113373 296.923796335856 309.66329574585 306.351602077484 278.449753920237 253.208518028259 245.619257291158 237.031519412994 229.830066363017 216.5447473526 212.056835492452 212.600350379944 207.737425963084 205.045541127523 206.307828426361 209.682027498881 205.211758613586 203.661978244781 204.524914423625 205.411652723948 209.994475046794 217.155516147614 225.769062836965 223.301768302917 227.849304676056 241.009771823883 248.821059862773 240.9321864446 228.645821412404 226.903021335602 220.138549804688 202.775955200195 205.950299898783 204.075853029887 193.985025087992 185.132066408793 194.321155548096 201.25671227773 181.303381919861 161.605805158615 141.548315684001 122.374733289083
306.474089622498 306.315739949544 310.216387112935 306.822578112284 299.940307935079 299.908101558685 308.683594067891 313.698172569275 286.855280399323 257.392525672913 245.530764261882 243.421634038289 246.622025966644 227.868020534515 217.625498771667 220.925370852152 214.855988820394 207.116484642029 211.054305235545 212.918400764465 211.13375822703 207.022964954376 210.229496161143 214.226047197978 211.861928304036 216.335415840149 219.505389531453 217.776000499725 222.787777582804 238.582114378611 243.884265422821 236.50191227595 230.85739215215 232.051233450572 215.290904045105 208.708246548971 214.473744233449 219.36974922816 222.495635350545 215.763370196025 186.100641886393 187.260806560516 173.689424991608 156.850894292196 134.940286477407 114.555408557256
305.69585164388 306.416551272074 309.356411298116 308.065533638 301.187415917714 296.923041343689 304.095268249512 313.472747802734 293.184558550517 258.531848589579 245.011568069458 243.72939268748 244.968990484873 227.956195672353 217.46551990509 223.50267569224 224.709471066793 213.191986083984 215.552071730296 219.094236691793 220.011591911316 212.863445281982 212.777018547058 215.596258640289 214.654882748922 213.962356249491 218.869606653849 224.443833033244 227.864404519399 238.855044047038 243.101020654043 239.875197410583 233.115553855896 232.458690802256 215.325077374776 218.293269475301 221.98345263799 227.023323376973 228.334903717041 215.142428874969 161.646922429403 136.755734682083 122.06619977951 107.498854398727 104.338278373082 101.055055856705
298.530836900075 302.892168362935 307.95164903005 306.536237398783 300.94454685847 300.543089707692 305.564522743225 311.565597852071 302.31765906016 271.034995714823 254.578729470571 243.22521686554 231.981833775838 223.087668418884 212.339818477631 218.686123689016 229.779422283173 223.347862561544 219.897369543711 221.014976501465 222.478707631429 217.443426450094 214.088718096415 215.638041496277 216.253618399302 214.813689390818 218.638161818186 226.514518260956 229.263265927633 233.331878980001 241.341412067413 242.630461851756 235.918641090393 221.447587013245 208.840310573578 226.355771223704 234.609285990397 235.223114490509 228.956003983816 220.525364081065 155.028233925501 100.153982639313 76.725905140241 62.6018693049749 67.5572405258815 73.9934196074804
276.181817054749 284.859816233317 290.646394093831 292.228658994039 294.769982496897 302.097737789154 307.657182216644 310.93974908193 308.564305305481 285.546104113261 267.899076143901 247.948507467906 230.455001195272 229.147672653198 220.516284306844 213.906705379486 225.301106770833 226.228654384613 217.395544052124 216.622471809387 216.934820016225 213.21960290273 210.773825645447 211.561401685079 214.465459187826 218.195855617523 216.80361032486 222.808678944906 226.961155732473 229.148228963216 235.853175322215 243.537227312724 232.236961523692 208.33545923233 214.475591977437 241.558353106181 246.395289897919 239.921311537425 229.707479476929 229.501724243164 203.418473402659 127.750903367996 78.7958453098933 62.2507184743881 60.3485107421875 60.0259304046631
247.14861313502 252.604206403097 252.288500467936 261.358300844828 273.53690067927 286.695381005605 296.513438224792 303.225994110107 302.512387434642 286.249856154124 263.966063658396 240.87123076121 227.504054705302 226.136287053426 220.021267731984 214.744289716085 217.683831850688 219.250798225403 211.13133430481 208.738485972087 215.098659197489 215.747952461243 213.585535685221 210.199952125549 208.700219790141 208.413342634837 215.37439028422 217.931091785431 223.523020744324 224.252343177795 226.015130678813 233.681221803029 223.855753739675 210.746586322784 238.462706406911 255.693674087524 250.172336896261 242.793480555216 236.708263556163 242.439786593119 258.855621019999 234.747131665548 156.526068846385 104.402323563894 77.7369886636734 59.2479755481084
