input/barkrak2/radiation/dir21324.grid
NCOLS 85 
NROWS 70 
XLLCORNER 665100 
YLLCORNER 4664600 
CELLSIZE 20 
NODATA_value -9999 
[rows 40 to 59 of 70, columns 0 to 45 of 85]
308.115541934967 309.130767981211 308.647433916728 310.632427533468 316.294312477112 319.121201833089 321.91002368927 324.70581928889 325.302481651306 315.378665924072 304.444471995036 301.571806271871 299.773951371511 296.254257361094 294.247269630432 293.477018674215 291.801234086355 290.359616279602 287.174820899963 285.413960615794 288.381775220235 293.765644232432 293.961147467295 289.701660474141 286.025901635488 283.99117787679 290.262699127197 289.40890232722 289.91440931956 289.020339647929 286.319732666016 284.051199754079 265.107035636902 264.18391863505 288.066287835439 287.802318731944 277.89048353831 275.22865931193 276.870091756185 270.093242327372 280.713498592377 314.116418361664 318.34622224172 263.168851534526 202.993233998617 164.540976285934
313.632448514303 311.24359369278 311.429500579834 311.384836832682 309.029161930084 306.901613871257 306.409001350403 306.963821252187 309.882481892904 304.348568121592 297.759175300598 298.152883847555 299.844841162364 300.253013769786 298.143327236176 296.871244907379 292.129298051198 296.910186608632 296.477735042572 293.155411879222 294.233322143555 294.28376754125 292.316873868306 293.047229448954 293.298463026683 288.609345753988 290.13862212499 291.35803381602 290.749192237854 291.239996751149 289.444247881571 285.197675228119 271.132032076518 275.853912035624 287.824988365173 277.860860029856 262.621263662974 260.173896948497 265.748043855031 272.856771945953 293.029407660166 306.266148885091 310.983816782633 295.086741447449 245.703498522441 199.62078332901
315.393487612406 313.087741533915 315.237581729889 314.487099647522 309.072772661845 307.127515474955 306.341211001078 304.160714149475 304.559648036957 300.382395585378 299.260199069977 298.150281111399 301.403562227885 304.480671882629 303.375283877055 300.189594427745 298.277060190837 301.692644755046 302.629093329112 296.618620554606 293.94127925237 291.931569576263 288.154323895772 288.958330949148 290.085693200429 286.60507996877 281.324764092763 284.651696681976 286.972939968109 288.145482540131 287.947913010915 282.662868499756 277.032216389974 283.886849880219 284.679849942525 266.001582145691 249.967912832896 254.132469495138 266.983886559804 280.161758263906 289.556463559469 288.628935813904 281.316181023916 276.227951049805 251.861910025279 200.581232706706
305.023829142253 306.667685508728 312.658309936523 310.197035471598 311.585207780202 313.453714052836 312.923312187195 310.511966546377 302.623172601064 301.774561405182 303.477644920349 301.020880540212 300.598839918772 302.703599135081 304.726501305898 300.671696662903 302.107075850169 302.920560042063 302.443703015645 297.672688961029 292.631049950918 288.100938002268 285.21070877711 284.0363184611 285.524845123291 287.584026654561 280.790706475576 281.905273596446 284.687995910645 285.093526045481 282.032052675883 276.279767354329 278.307179609935 283.776382605235 273.620406786601 251.192649205526 245.929141839345 258.999665578206 276.600321133931 280.785183111827 279.046058654785 274.811069170634 267.127990722656 257.984896500905 240.449051062266 205.7137688001
304.484724998474 308.298786481221 310.261050860087 310.362696647644 311.139265696208 312.141537666321 312.551061312358 310.103158156077 306.760271390279 304.291466871897 304.776628812154 303.296824296315 301.207582155863 299.438377221425 298.324962457021 297.630568345388 295.427739620209 298.581123352051 300.425310929616 296.243190765381 292.078713575999 289.651016394297 286.56264146169 286.048193772634 283.003767331441 289.212266604106 290.629386901855 287.460843722026 284.073789914449 281.491974989573 275.352835655212 271.727204322815 273.018459479014 270.346999168396 260.872483253479 247.506658236186 249.884923299154 265.812238057454 279.936691125234 275.926053524017 276.161928971608 267.590522766113 256.762305895487 247.103174527486 237.000902493795 218.730012575785
309.187610944112 311.709880828857 309.078176816305 311.131636301676 310.139338175456 309.709906578064 310.824076334635 310.103356838226 311.379849910736 307.946403821309 307.58927265803 306.406239668528 302.30172475179 299.240787823995 297.687490781148 299.682875474294 295.668880144755 295.812567075094 297.384063402812 296.933213869731 292.298376560211 290.953834851583 289.210836092631 289.046188195546 286.957263946533 283.866842587789 288.400113582611 287.882268428802 284.802953402201 281.805197397868 274.233281612396 269.656856854757 269.900699456533 262.839178244273 249.93222951889 238.339881102244 245.484034220378 263.717611630758 270.286758740743 261.43616437912 266.64274930954 258.291184902191 248.107075691223 249.42946434021 252.664963404338 234.709481398265
308.445970217387 309.563835461934 310.626864433289 311.778903007507 311.489105224609 311.567942301432 312.245786190033 313.481450080872 311.566670735677 310.338656107585 309.927940368652 308.641652266185 305.269022782644 303.320944309235 300.821185112 303.947230180105 299.436767896016 294.026215871175 298.114140828451 294.8224345843 293.407241503398 291.383624076843 287.825584411621 283.852259318034 289.131204287211 283.730467160543 283.913294474284 282.552242279053 281.114359696706 278.854091962179 274.886131286621 272.332727909088 267.417589823405 259.493410587311 249.275624752045 240.150511264801 247.099300225576 259.971261024475 259.048581123352 259.581903616587 264.830609162648 254.260023434957 251.969158649445 259.794513384501 264.877041180929 248.431086540222
304.271221160889 306.058446566264 309.922893842061 310.079793135325 312.213142712911 313.491225242615 312.345663706462 311.338226000468 311.553835868835 312.983194986979 310.364305973053 307.120005289714 306.307733058929 304.20180161794 302.74889866511 299.736817677816 299.470106760661 290.566345055898 292.211731274923 294.529696305593 289.375245571136 286.887049674988 289.680262406667 282.557904720306 282.695889472961 280.122975508372 275.559584299723 277.763783931732 278.63601843516 277.721285820007 275.724132855733 273.471415042877 265.364388624827 264.049172401428 262.268046538035 252.85949309667 253.581504027049 257.790148258209 260.238707065582 268.505295117696 263.928592205048 256.112694740295 259.586354096731 262.295603752136 260.080019632975 247.513552506765
299.173792203267 301.631410916646 305.656214555105 307.940522829692 311.503529548645 313.615262508392 310.879170894623 309.853931268056 312.103807926178 312.85814444224 311.745484670003 308.377424875895 305.159668127696 305.93999226888 301.530838012695 298.445383707682 295.314351717631 287.160913149516 291.429877281189 292.389829953512 288.874725500743 289.130409558614 287.264188130697 282.615661621094 280.184706052144 282.763381799062 278.971076011658 280.738313992818 283.972481886546 284.432351589203 287.004212538401 284.638464450836 274.256964524587 274.531622727712 272.400438785553 260.440826416016 260.209838549296 263.164838155111 265.007714430491 267.340123653412 257.432440916697 252.876540025075 251.54721736908 247.049828370412 245.232284069061 244.609932104746
299.143354098002 296.648184458415 300.262411435445 305.328528086344 309.159954388936 310.41024128596 311.325291792552 313.210844993591 314.223329226176 310.393591721853 310.83869934082 310.977737108866 306.365390618642 303.413768609365 301.000595092773 296.858509381612 290.766874949137 289.635856946309 287.213842074076 291.070938110352 291.218280792236 289.59184885025 288.265109062195 287.005424499512 281.062245368958 286.069969336192 285.828590393066 286.647379398346 290.337880452474 293.930252393087 294.624169667562 293.16786924998 285.369118054708 283.213675022125 275.838116804759 264.827688535055 261.040012041728 266.075789928436 267.738064130147 256.803393363953 245.905180772146 248.470803101858 247.890472412109 241.945862770081 240.651667118073 244.977176189423
299.400170644124 301.07190211614 302.463471889496 307.345926761627 307.150880495707 307.473560174306 311.931927998861 314.385374387105 312.522947788239 312.304298082987 312.272608280182 308.800439039866 306.511839230855 300.824602444967 301.08376344045 298.709869384766 293.588578701019 289.31846221288 289.254983266195 293.930729230245 293.985644976298 291.281918684642 287.730952103933 288.019140561422 281.821350256602 286.148289839427 288.065552711487 287.945151329041 290.73041677475 295.037547747294 298.265139261882 295.693139235179 288.31825653712 282.112916310628 270.814677079519 261.448562145233 260.048151016235 265.634655952454 261.682470639547 246.445616086324 242.006142934163 253.471692403158 253.057956695557 245.239992936452 242.587506771088 238.912363847097
299.479603767395 306.286493937174 307.006200154622 308.907508850098 307.001650333405 304.782609144847 308.867573738098 312.579194704692 311.519841353099 312.232971191406 309.847235679626 309.618910153707 305.438458919525 302.208264668783 297.772308190664 301.712254683177 295.963863531748 288.514296213786 288.165887196859 291.251877943675 291.543324788411 289.599319299062 287.216444810232 283.558209737142 280.964096387227 281.772295633952 284.770647684733 284.833967685699 285.897533098857 290.020207564036 295.393625895182 295.216083526611 284.576535224915 270.251015822093 239.485323429108 229.53740755717 244.380076726278 256.905833880107 258.222262064616 257.329245408376 261.872132619222 260.39723555247 244.67678864797 237.564126650492 246.375262737274 234.29677883784
300.141910711924 299.289166927338 297.489583492279 299.383044242859 303.446769714355 305.742065111796 305.993616580963 306.939323743184 306.90856774648 309.866050879161 306.536714235942 307.936549186707 306.495149930318 301.484902699788 296.708206335704 297.850509484609 297.879735628764 288.524190584819 283.881704012553 283.792773882548 285.123924414317 283.152540524801 284.859299659729 279.623289903005 279.684603214264 276.888012886047 277.593612670898 277.846872806549 277.25350856781 278.148611386617 279.805759588877 282.675007979075 263.496915499369 237.168550491333 207.999368508657 194.880286852519 208.810071150462 235.461235046387 256.834705670675 258.149743080139 259.005904197693 250.388940175374 234.882950782776 235.168774922689 241.645693778992 218.439300855001
302.613854408264 294.261574745178 291.046937306722 294.263164202372 302.043239275614 305.69851398468 303.806185722351 305.380125840505 304.385880629222 302.828033765157 305.129210154216 305.595934391022 307.280957698822 304.46869134903 298.393567403158 298.078099886576 298.50822687149 287.920435269674 285.809735457102 286.796569824219 285.657664140065 282.408992449443 280.564785003662 276.60204966863 275.1571337382 275.796453158061 274.909555912018 274.733503659566 270.765523115794 267.261763413747 260.645528634389 256.458858648936 237.749516963959 214.390675226847 202.68040895462 193.230052789052 183.06024869283 192.744096120199 212.111830711365 236.618002255758 247.429490089417 237.578829129537 231.482307116191 231.680830319723 222.566962242126 201.861977577209
302.355666955312 296.99965318044 294.030984242757 293.151001135508 299.546996752421 304.633140563965 305.608073870341 302.442709604899 305.436293284098 302.822212378184 305.537700653076 305.43730656306 305.440584818522 304.82804775238 300.374706586202 299.068252245585 298.484365145365 291.321873664856 286.322315533956 289.692143599192 289.505044619242 285.621007283529 282.860279083252 281.035522619883 277.291337649028 278.580407301585 276.47070089976 271.592815717061 268.018464247386 263.13587029775 253.3966700236 248.640497525533 230.349838733673 219.562729199727 222.161571184794 221.490224202474 208.149214585622 195.937514305115 186.351756254832 197.919726371765 219.795823097229 216.449777285258 208.387573560079 199.370801448822 195.602913697561 193.116307258606
303.829769293467 301.347196102142 292.550563812256 289.351085821788 293.229838212331 301.566402117411 304.499467213949 302.397628625234 301.773508389791 304.69810962677 307.111461957296 306.633849938711 304.819941520691 305.470784505208 300.825317700704 299.007773399353 300.628185272217 295.616368452708 290.159602959951 288.341363271077 288.813491662343 286.689976851145 286.064048608144 286.047657330831 282.04749027888 279.815991719564 274.964074293772 270.194749037425 263.722618420919 259.703954060872 257.563332716624 254.313449064891 237.736761569977 235.538403193156 240.72007338206 246.629277865092 252.025008201599 243.390619754791 226.216971874237 193.902472654978 195.726176102956 203.378836313883 200.981636842092 195.637464523315 200.189113616943 210.340917110443
302.42395401001 301.625827948252 297.85950978597 292.225738366445 289.511104424794 297.995766003927 301.702459653219 300.888915856679 299.590686957041 303.971409797668 308.365881443024 308.04717540741 304.598073164622 306.053042411804 303.484976291656 298.347731431325 299.139340718587 296.45311832428 292.042930920919 290.611366430918 289.048731327057 289.494613806407 285.885214805603 284.218430519104 282.050132751465 278.512159983317 262.81330982844 241.032878557841 239.979227383931 242.176353931427 249.778827031453 247.286041577657 238.265077273051 235.148072242737 244.559665520986 257.009387016296 271.08367284139 276.720265547435 268.234690030416 229.395190874736 201.085090637207 209.123651186625 219.887177149455 228.918393452962 237.245281537374 244.032879670461
301.874041557312 299.943248430888 299.284239610036 295.581599076589 291.049679120382 294.306794802348 301.35182539622 301.41007900238 297.369380791982 299.445688724518 305.033246676127 305.969834327698 303.497910499573 302.784184614817 304.66228723526 297.573029994965 297.181189060211 295.993487040202 292.553941408793 292.559107144674 292.07839568456 290.611485640208 288.86890411377 281.227588653564 280.346135298411 281.77934885025 264.461100101471 244.60639556249 241.38484398524 246.802051862081 252.987742424011 250.907282034556 245.730638504028 248.067498207092 261.920809745789 268.442531426748 273.014922936757 249.061226844788 224.882880846659 217.656751473745 225.581844647725 237.564047177633 233.511924743652 224.268794059753 221.739927927653 234.440366427104
293.999453385671 297.392626603444 297.207395235697 295.631090799967 291.281282901764 288.709044456482 298.86124531428 303.224841753642 298.479934533437 297.576010227203 302.32826868693 304.945111274719 304.338395595551 299.945632616679 299.83119169871 298.150340716044 293.913006782532 293.340563774109 294.091761112213 294.527014096578 294.595678647359 291.285236676534 289.51225678126 284.317553043365 283.26819340388 284.968813260396 278.603990872701 275.371650854747 271.3596423467 270.922342936198 266.365468502045 257.433156172435 258.674561977386 259.381949901581 255.986253420512 239.902496337891 217.670241991679 183.304886023204 163.415849208832 199.809352556864 238.452394803365 245.183269182841 227.627635002136 219.6324467659 226.176301638285 238.332370917002
284.579753875732 293.961624304454 293.712139129639 291.634778181712 290.72231054306 288.212100664775 293.256282806396 302.315870920817 303.386012713114 298.179149627686 301.795899868011 303.137302398682 304.423590501149 300.742308298747 299.237132072449 298.762222131093 293.520867824554 290.876388549805 287.948727607727 286.214311917623 287.379900614421 288.399219512939 287.213742733002 285.306612650553 285.623908042908 288.232525189718 293.543378512065 295.543253421783 280.704855918884 278.216302394867 267.457703749339 254.183034102122 254.365583260854 240.225752194723 206.077297528585 182.49903122584 170.955896377563 158.835172653198 150.248865286509 169.630110263824 197.082718213399 220.820387204488 228.586256504059 243.686000506083 272.411942481995 279.441157976786
