input/barkrak2/radiation/dir26924.grid
NCOLS 85 
NROWS 70 
XLLCORNER 665100 
YLLCORNER 4664600 
CELLSIZE 20 
NODATA_value -9999 
[rows 40 to 59 of 70, columns 0 to 45 of 85]
169.42173242569 172.045449415843 171.895881493886 172.732472419739 182.310700416565 188.851793607076 191.392024358114 197.135269641876 194.724500179291 178.624192873637 162.591805060705 159.036527077357 156.508018573125 153.624693552653 150.473097960154 150.885611772537 149.772087732951 150.680283705393 143.88648668925 143.551329771678 147.951950629552 153.522700071335 156.671573718389 151.665210723877 149.092068274816 146.856327851613 157.153308391571 162.115732828776 165.443867444992 167.086283365885 166.776955127716 173.95293712616 168.863674004873 183.020393053691 208.972970644633 208.860198656718 197.066267331441 186.938126881917 190.636694431305 204.299648602804 220.355868339539 232.492963473002 187.266806761424 102.563202381134 50.5494674046834 30.371181666851
177.772243817647 175.771196683248 176.028609275818 173.931956291199 170.639534791311 169.079045454661 166.193008422852 167.490621407827 170.941332976023 162.665555874507 155.203839143117 155.601421991984 159.52597061793 158.495316902796 156.978110472361 153.421858946482 147.770295540492 156.731923421224 155.922998984655 151.017208894094 152.891933917999 153.683791557948 153.9679368337 155.770520369212 156.342506408691 150.532801946004 157.863905032476 163.566847642263 165.579736232758 168.639520804087 169.991672039032 172.529141108195 174.624105294546 192.276040712992 204.990009466807 187.625050544739 174.221356709798 169.059634208679 167.681932449341 179.826577504476 215.020298957825 232.115228970846 211.832463741302 152.742942174276 81.1402549346288 49.1340706745783
182.738582293193 180.098672707876 182.83619483312 180.360158284505 173.954864343007 170.538902282715 166.434586048126 162.741134564082 161.554793516795 159.151693185171 157.349079847336 155.089904864629 159.674594799678 162.660251061122 162.603080272675 158.321917057037 153.999835252762 160.649995009104 162.181039651235 155.693789323171 152.439882357915 150.621920824051 146.702667077382 149.750739336014 154.161483049393 150.123576323191 148.254017035166 156.206955512365 161.363124847412 164.304236570994 166.891733805339 166.07811053594 175.014138221741 196.602861086527 202.409307161967 176.072200139364 162.027418613434 160.0401699543 166.923880577087 178.539792696635 188.06258837382 190.664211908976 179.536501566569 149.01943008105 91.7290250460307 40.5860667427381
166.778922080994 169.462303320567 178.236822287242 174.899419148763 177.858253320058 180.244863033295 177.765508492788 172.923644383748 160.718222459157 159.676760435104 163.190573453903 157.418062289556 156.608323256175 161.521772543589 162.883500258128 158.939888079961 159.045954545339 162.292142709096 162.024050951004 155.36430478096 150.794456402461 148.005545139313 144.98366912206 145.251929759979 147.911101579666 151.710748672485 147.595435380936 150.189558664958 155.615905920664 159.28707520167 159.217675526937 155.924101670583 166.916131973267 183.68391195933 179.693380991618 164.578010638555 159.533232450485 169.911086559296 177.623550097148 179.614981015523 173.597852389018 171.466807524363 159.54718987147 137.555738290151 91.3821955521901 34.1695621609688
165.506651004155 170.010467370351 173.525015513102 174.974044164022 175.767123699188 178.542991479238 178.906003634135 174.066742261251 169.050415356954 162.909686565399 164.919714132945 160.717070102692 157.262404759725 155.074497063955 154.040366411209 154.714743296305 149.697889884313 158.091415961583 159.261991580327 155.731042226156 152.385900417964 150.206536054611 148.711015780767 150.115648905436 146.816462278366 155.910193920135 158.765445152918 157.430469989777 156.942228476206 157.025208075841 151.796360810598 149.68999226888 155.904829502106 160.39784749349 158.853908379873 158.187250296275 162.782688935598 178.07408173879 183.746377627055 175.136705239614 173.553923765818 161.426415046056 156.009485324224 136.453340450923 104.841887950897 60.4859441518784
171.257217725118 175.12567838033 172.783136367798 176.768879095713 174.412131309509 174.564520517985 176.382501920064 173.859298229218 174.935579299927 168.668786684672 167.620837688446 165.371437867483 160.777668158213 155.122409264247 154.620409011841 157.572269439697 149.802982807159 154.166827599208 159.102380275726 156.744738419851 154.975732167562 154.008785883586 151.989221572876 154.09583846728 154.611666997274 153.965373833974 160.868008931478 159.068564573924 158.409933249156 156.926105419795 153.239031632741 149.001042048136 152.850310007731 150.103787581126 143.140266338984 143.500645955404 152.139921983083 171.085377534231 168.03507010142 154.744803905487 162.581821282705 151.941458384196 149.18186267217 146.713048219681 131.96807106336 93.4362212816874
170.547207196554 172.682464122772 174.901942412059 177.544951438904 176.545143127441 176.186839739482 178.267618020376 179.115990797679 175.544559955597 172.405819098155 171.076734860738 168.832143147786 165.313561757406 160.908301671346 160.553644100825 163.428167502085 159.156213204066 153.945734103521 160.064220428467 160.113195578257 156.503756841024 156.774858633677 154.970059792201 152.613242467244 158.483296632767 153.627614180247 154.696484406789 156.889140605927 156.601270039876 157.580296198527 155.531803766886 152.859876553218 151.96027358373 149.089197317759 144.904474417369 143.795033295949 147.339950005213 156.276384989421 158.078720172246 158.062140146891 158.258060614268 148.340413967768 152.77494986852 161.880920330683 154.578308264414 119.290977716446
164.319882790248 165.819615125656 172.161936759949 174.718002478282 177.644034226735 178.962548573812 176.819344361623 175.993223985036 176.024715105693 176.431695620219 173.234184583028 168.322682380676 167.049368222555 165.644705295563 163.22585940361 161.386171976725 159.221947193146 151.505261659622 156.514624754588 157.991458972295 155.627330144246 155.44514854749 157.494207223256 149.047821760178 152.558386325836 152.358581622442 148.929138978322 152.960538864136 155.752638975779 156.383911768595 157.039930423101 156.941572825114 149.455229441325 152.787317832311 159.356772899628 161.134858926137 156.956881284714 156.226178010305 160.183320442835 171.720604101817 159.44496790568 150.467892487844 157.717734575272 163.460145394007 157.335301240285 137.383063634237
156.362692515055 159.823914368947 165.167758862178 169.662833213806 175.324519475301 179.396331310272 176.584164301554 173.492848873138 176.831285158793 177.481492360433 176.035583019257 170.471648375193 168.640414873759 168.119132518768 163.945386807124 159.583866596222 157.830347617467 149.938821792603 153.653413057327 159.769773483276 158.187170823415 158.616165320079 159.76619720459 154.879540205002 152.161151170731 155.822853247325 151.62189801534 156.801720460256 162.963579098384 167.870461940765 172.485550244649 172.220488389333 162.848929564158 164.955139160156 171.844482421875 173.073848088582 174.7065782547 166.579484939575 164.66482480367 166.212052106857 156.679451465607 148.854633172353 146.407236655553 145.533184210459 143.59321196874 142.619669437408
155.043840408325 152.451624472936 157.85296758016 165.858765443166 172.032952308655 175.052384535472 178.299824396769 179.3585618337 179.925203323364 175.148983796438 177.693565686544 176.184455553691 172.429919242859 168.439586957296 165.383795897166 161.674042542775 158.725768327713 153.390983740489 156.262209018072 161.492854356766 164.372503757477 163.16423813502 159.279932578405 158.914804458618 154.236018657684 158.406764268875 158.937116463979 163.068771362305 169.756015141805 179.481605688731 187.454203764598 190.683007240295 179.850180943807 175.270438194275 173.653781414032 175.439198811849 177.933971087138 178.146700064341 166.183054447174 154.758403698603 145.916322867076 147.755573193232 146.203229824702 140.733033418655 136.96946700414 141.565402348836
157.170275847117 158.694505691528 161.609411239624 167.888840039571 169.594864050547 169.790824254354 178.184707959493 183.32318464915 182.003696759542 181.270162264506 179.634233315786 178.453962008158 174.794296423594 169.029752413432 169.421990712484 171.750843524933 162.69647081693 158.933530251185 159.718732039134 167.853057384491 168.574790159861 165.534973144531 161.656618118286 160.242696603139 155.173321564992 161.687562863032 165.398915608724 166.262010733287 171.365241209666 179.784099260966 191.0360455513 196.146527926127 188.044945398966 177.173256874084 163.648684819539 165.192862351735 175.124069054921 180.103917916616 169.682741165161 148.373663425446 140.644232432048 150.053898493449 153.41196457545 148.2293009758 142.624080181122 139.235228300095
155.934015909831 167.010307312012 168.203373750051 171.588639418284 170.886278152466 168.976267178853 176.594376564026 181.538621584574 181.438247362773 184.857646624247 183.088839054108 181.328852971395 177.548925081889 172.646105289459 170.004725456238 176.346202691396 170.331756273905 163.447330395381 160.645624001821 164.128333330154 164.794633785884 162.896951039632 160.886903603872 156.788090864817 154.126197099686 156.118522087733 160.902053117752 161.875625451406 164.288967847824 169.122080008189 179.797132809957 190.634568532308 184.834480285645 164.294213056564 131.044209003448 123.566448688507 143.78164211909 167.568544546763 177.088499069214 172.8489001592 167.743623256683 160.173783699671 143.958359956741 140.255371729533 149.246642986933 140.391031901042
159.168859322866 157.91384379069 157.009075085322 161.358783642451 168.136080106099 172.886192798615 171.931862831116 179.033696651459 177.701036135356 182.364662488302 182.191689809163 182.988822460175 183.0246647199 176.386058330536 171.379526456197 172.093768914541 173.07569583257 162.807414929072 157.01029698054 156.223913033803 155.738770961761 158.81692369779 159.373342990875 151.251713434855 152.40353345871 151.451369126638 151.01221203804 152.133971452713 152.197569608688 152.046759923299 158.435165882111 170.998851458232 168.538431326548 141.873101393382 105.523039897283 85.6315791606903 94.1477119922638 123.98757537206 159.344534079234 174.159348011017 175.869445006053 159.725507100423 138.069788614909 134.767403205236 143.442630767822 130.074590444565
165.202111005783 153.551787137985 150.68065126737 156.738420327504 168.426632881165 176.433742046356 175.661742687225 176.600793997447 179.344236850739 178.150494893392 181.391755739848 183.12148253123 185.633222262065 182.417432467143 175.23185412089 174.066881338755 175.762832164764 166.009962558746 160.835792620977 162.025262912114 161.331127087275 158.13210606575 156.286299228668 152.107099692027 151.499032974243 149.885286887487 149.54270919164 150.051971276601 146.710634231567 140.888035297394 131.95213675499 140.590796868006 141.258239746094 121.382266283035 105.173101027807 86.5435302257538 67.3151512940725 74.9790966510773 98.8236665725708 135.180334250132 158.370574315389 148.048182328542 137.286901473999 132.340103387833 124.429831902186 115.616371234258
167.210658391317 160.820504029592 156.032502651215 160.946687062581 170.552631219228 179.669141769409 181.95120493571 178.782383600871 182.30660756429 179.412762324015 183.550159136454 184.436897436778 185.287574927012 187.053581078847 179.575522740682 178.546071052551 178.392887115479 170.415282249451 165.025472640991 168.454209963481 168.481012185415 163.859178622564 161.056150992711 160.255988438924 154.454280932744 153.6865234375 151.650319496791 148.921936750412 144.79077855746 139.485249916712 126.660138368607 130.013287067413 133.306880791982 131.321509679159 130.564530690511 119.711418946584 91.877818107605 74.7944662968318 68.7541961669922 83.967924118042 119.76683139801 124.025911092758 112.670828898748 98.132719596227 95.7853198051453 104.229360818863
171.644409497579 169.541319211324 162.914911905924 159.983734289805 166.114648183187 179.20841773351 181.238035360972 179.762581984202 180.344045162201 185.34247080485 190.621972084045 190.683384736379 189.783374468486 189.410924911499 184.693336486816 183.288951714834 184.924145539602 180.177370707194 174.05770222346 171.136260032654 168.934543927511 167.244434356689 168.123662471771 169.845004876455 163.077642520269 160.672078529994 154.35924132665 145.491977532705 136.681109666824 133.464654286702 132.660935322444 135.448803504308 139.431029558182 149.33854341507 156.778126955032 157.205124696096 146.949231624603 130.339721838633 111.052026351293 79.2507876952489 88.7030859788259 108.540713787079 108.136276404063 95.8532293637594 97.2164670626322 115.550259749095
175.071756045024 173.332631587982 170.901854832967 165.064950784047 164.035240809123 176.422874132792 180.236160755157 179.759283860525 178.788085778554 185.86790561676 194.957494735718 194.134593009949 189.136783281962 190.364480018616 190.68044424057 183.781743049622 185.699343681335 181.028882662455 175.909459590912 175.471584002177 174.028396606445 173.821965853373 170.570949713389 167.002101739248 164.441208044688 159.697105487188 139.095942179362 115.07722735405 109.913031260173 118.709335724513 129.87220287323 132.152060667674 137.822280327479 144.002854824066 155.939201513926 169.906695683797 174.409548441569 170.970757802327 172.553837299347 123.72147043546 93.9798355102539 111.740926901499 129.169434309006 132.384618123372 134.068349997203 148.599545160929
174.709697564443 172.279437383016 174.184083938599 173.532068729401 168.170611063639 173.142532507579 181.001404921214 182.525912920634 180.144647757212 186.595280965169 194.362282752991 193.948229153951 189.546763896942 191.229363282522 193.369766076406 183.171391487122 185.428122679392 182.749569416046 179.773410161336 180.441419283549 181.142449378967 180.82861105601 173.982501029968 167.246500651042 166.469713052114 164.613087972005 142.761389414469 119.718432426453 117.632885773977 126.496642827988 140.02404610316 139.989962180456 148.878753185272 159.503638744354 174.89763100942 175.674041112264 168.169279893239 134.417851765951 110.957692066828 125.673512617747 124.310106039047 139.733970165253 143.293033043543 126.605610052745 115.445911884308 129.411121209462
163.316746552785 171.186884244283 172.627071539561 174.512525399526 172.076205412547 169.605871041616 181.567887465159 186.504900455475 184.159636497498 185.8718196551 191.522061824799 192.755659421285 191.836317380269 188.144246737162 189.073105653127 185.854236284892 181.496421496073 183.595816294352 184.281746546427 185.872157414754 187.254051367442 183.237493038177 181.298534075419 174.818376700083 172.183712323507 173.42205842336 167.083104451497 158.22821855545 156.663397947947 160.873810450236 159.593602021535 150.804728269577 162.303000688553 174.809594949087 165.498038132985 154.711465040843 135.930359363556 81.1603715022405 58.5486938556035 93.1691825389862 128.072460492452 150.450547536214 144.543836514155 129.511535167694 120.118002096812 126.459489266078
152.460674444834 168.41451327006 171.109636624654 172.983249028524 175.723671913147 170.694390932719 177.351852258046 186.521728833516 195.510943730672 194.070061047872 191.693921883901 191.63715839386 192.594369252523 189.996560414632 190.329054991404 187.404036521912 182.234307130178 182.711700598399 180.581470330556 178.134838740031 180.039207140605 179.266075293223 178.44279607137 175.743142763774 177.361607551575 182.899713516235 192.155241966248 196.575522422791 181.466778119405 175.514658292135 164.096772670746 154.056976238887 157.285928726196 148.457845052083 117.470492919286 78.4537792205811 75.4600117603938 64.5504146814346 48.6728002627691 48.7926304340363 75.9425808986028 113.883813222249 142.443607250849 163.762489954631 182.148615519206 179.126401742299
