input/barkrak2/radiation/dir20824.grid
NCOLS 85 
NROWS 70 
XLLCORNER 665100 
YLLCORNER 4664600 
CELLSIZE 20 
NODATA_value -9999 
[rows 20 to 39 of 70, columns 0 to 45 of 85]
178.763250509898 170.930107434591 185.880204041799 225.377023220062 220.023274421692 179.661174615224 164.890577395757 171.035826206207 186.308642228444 204.196651776632 218.177437782288 225.739677747091 228.836337725321 238.793730735779 254.953324794769 273.77583583196 289.690295855204 311.430195967356 318.686366081238 326.870123545329 329.738994439443 321.507294972738 320.233722527822 322.080175081889 323.365092277527 324.877361456553 326.34840408961 323.82611433665 319.989780584971 319.325665632884 313.055197397868 301.407019297282 291.521827379862 286.306480566661 284.295300642649 289.711991945903 289.826492468516 292.167663574219 295.997738838196 300.211330254873 301.203846931458 300.193309783936 302.56458123525 297.926584879557 302.729805310567 305.298527081807
207.81014362971 205.092370510101 220.144152641296 251.201113065084 247.792462507884 189.484139283498 177.641073862712 180.049359798431 187.593142191569 199.951608975728 212.574521700541 219.610095024109 227.258404095968 223.697463671366 239.750484625498 260.668337345123 274.648606777191 288.197934627533 306.666692097982 322.255194187164 326.999286810557 332.850098609924 334.04548962911 333.05819829305 328.838229179382 323.537786801656 320.14141480128 315.287709236145 316.001574198405 309.656580289205 292.337199052175 262.708842754364 241.158048311869 238.142629464467 245.543599128723 264.134605725606 271.879096825918 286.901593208313 296.980798244476 296.868801116943 295.074780782064 294.156610965729 288.421094417572 273.368895053864 293.713470300039 301.629106203715
249.341825644175 255.441983540853 259.093403816223 268.491705258687 268.394827842712 222.444156805674 199.665188789368 189.387698968252 186.17578347524 194.484611352285 210.903286933899 221.689422925313 232.124070326487 236.688892046611 241.906344890594 251.805027325948 265.746970971425 279.317855834961 292.651395003001 300.153831640879 310.830593109131 322.91974623998 329.262455304464 329.015056292216 326.302250226339 323.537786801656 310.152312119802 301.730891068776 288.46400976181 271.764814853668 233.546992142995 187.012553215027 163.055896759033 179.084062576294 207.012534141541 232.219576835632 250.874618689219 270.497520764669 283.137003580729 286.495745182037 289.763549963633 289.579709370931 267.356673876445 246.539910634359 273.817658424377 300.329585870107
272.199352582296 273.38981628418 268.795748551687 273.952702681224 273.814638455709 256.761888662974 224.279165267944 195.447345574697 180.74889977773 185.13298034668 209.437429904938 222.846070925395 235.773921012878 248.084425926208 249.429305394491 253.394405047099 262.821773687998 277.192791302999 284.508168697357 283.209959665934 286.014338334401 293.835004170736 304.111480712891 301.570733388265 298.659602801005 290.70774714152 275.265733400981 267.783919970195 243.837634722392 200.893958409627 169.403195381165 145.329892635345 113.642116387685 106.195628643036 117.16432372729 153.231014808019 199.323991934458 226.861913998922 245.074987411499 254.212299982707 253.72322400411 240.040043989817 225.800077120463 259.615858395894 260.270535945892 291.750391324361
264.943778514862 266.262372334798 271.69535557429 275.738120079041 266.532341639201 258.423427740733 230.800827344259 212.274273236593 194.521605968475 188.299059867859 201.358000437419 217.049558957418 231.618324915568 244.836926460266 248.873829841614 252.014478047689 258.979499340057 273.704965909322 280.229846636454 276.921967665354 275.134603182475 262.003699938456 262.044886747996 273.559729258219 277.013838291168 271.969040234884 260.278443495433 249.374429384867 221.803307533264 164.583971103032 144.871552785238 141.545792420705 121.668269236883 88.6591176191966 80.5802643299103 99.3544061978658 141.35996500651 178.497552871704 206.762075424194 219.985047976176 209.969878196716 187.906920909882 209.460775057475 278.177301088969 273.291051387787 292.057196299235
257.772008577983 262.152632077535 272.148867448171 273.309111595154 267.155528068542 258.651773134867 242.444256941477 236.584444840749 227.990984916687 215.836822986603 214.551548163096 231.644988059998 241.024732589722 255.65763314565 258.05675983429 255.288283030192 260.058303674062 271.578470865885 271.207650502523 273.950159549713 272.383789221446 265.737493832906 258.856554826101 259.104212125142 264.038026332855 262.759804725647 252.966443697611 242.683172225952 196.718593438466 173.587580521901 171.358942985535 187.077323595683 189.129948616028 154.102295637131 120.504587888718 110.907187064489 124.068200588226 148.429969946543 180.045187473297 202.774306138357 184.685150782267 175.317148367564 218.958973884583 270.473519961039 287.970662117004 302.586615085602
259.265542030334 262.009163697561 269.160787264506 272.176464398702 281.030972798665 269.780536492666 258.928080399831 251.260697841644 253.783682982127 247.787793477376 236.465672651927 250.009814898173 258.632818857829 271.469632784526 270.788669586182 264.088014761607 259.455939133962 261.166711648305 268.153309822083 278.887589772542 279.724280039469 276.947716871897 267.498811086019 260.589798291524 264.677882194519 263.329903284709 253.712435563405 243.957698345184 210.292875766754 204.512516657511 224.896252155304 249.094764391581 254.398862520854 261.087516943614 231.152713298798 149.505694707235 138.581136862437 147.669444481532 174.719234307607 191.961208979289 194.493989149729 225.537498792013 230.473558108012 249.784449736277 279.375116030375 292.732338110606
263.294100761414 259.749293327332 262.65291372935 269.888818264008 303.735613822937 284.392774105072 267.607728640238 254.021883010864 257.44499762853 263.452271620433 253.010173638662 254.754702250163 266.60692691803 273.086905479431 274.537722269694 267.608046531677 260.888536771138 266.767382621765 274.535298347473 279.983262221018 278.938174247742 270.354866981506 267.697016398112 270.060896873474 268.493453661601 266.677439212799 262.349605560303 254.425168037415 235.94214518865 235.103567441305 257.558623949687 272.040009498596 272.28981256485 285.898268222809 301.361123720805 228.059033552806 168.900688489278 155.07173538208 165.048599243164 189.05911842982 231.949071089427 283.241947491964 245.689471562703 240.120867888133 263.81250222524 272.059241930644
261.327385902405 252.232015132904 255.897700786591 276.255091031392 317.556003729502 285.829186439514 259.887437025706 248.204708099365 254.290441672007 259.276608626048 253.415524959564 251.103003819784 266.240100065867 270.74521780014 271.67014280955 273.664037386576 270.176192124685 264.371414979299 273.547391096751 273.816227912903 272.964636484782 266.057670116425 267.000873883565 272.71568775177 273.927648862203 267.671704292297 267.630318800608 263.006667296092 247.293015321096 244.29311354955 266.188621520996 283.443808555603 283.328274885813 282.41370121638 300.252079963684 291.703383127848 199.928184350332 143.940875927607 133.740127086639 167.639374732971 241.236388683319 265.742719173431 236.030558745066 212.742427984873 231.128672758738 242.701391379038
254.921853542328 244.340300559998 252.067446708679 286.590198675791 315.056264400482 282.32220808665 251.154820124308 235.394279162089 231.108864148458 233.285446961721 234.43341255188 240.649163722992 256.925721963247 269.040326277415 273.991167545319 276.30482117335 275.457262992859 263.078769048055 266.366958618164 268.360257148743 268.908500671387 267.383058865865 268.974840641022 272.785405317942 275.586446126302 272.471209367116 274.170835812887 266.953845818837 252.290666103363 252.802709738413 272.359410921733 289.66478506724 285.718182722727 282.729347546895 292.319019635518 307.011445363363 281.541546185811 203.237970670064 158.178140719732 168.24068625768 206.621925036112 222.450276215871 222.771247227987 191.831151644389 201.541940371195 221.945722897848
244.190494219462 253.384649753571 283.121049404144 329.048693180084 329.193075497945 287.815093994141 252.422233422597 222.922444343567 213.509937127431 224.325855573018 219.683686892192 218.945542971293 249.825894832611 267.165243625641 274.843315283457 280.673404534658 278.858820597331 269.997557004293 269.020517667135 271.004617214203 268.38880777359 275.518735249837 275.523066520691 276.312669118245 278.390606244405 279.760996500651 280.032436052958 275.071779886882 263.881663481394 264.733592669169 278.971155484517 291.167775789897 288.010636965434 289.1859014829 294.154326121012 297.34335343043 313.587069511414 314.805507659912 245.3706463178 200.46595732371 186.617811520894 181.183218955994 197.964111963908 193.275173505147 196.110864480337 223.078409830729
262.867430845896 290.765543778737 314.209977785746 322.331170241038 345.898747444153 322.533925374349 284.714818000793 245.397289594014 232.622603575389 245.400786399841 238.310913244883 222.729722658793 238.004247347514 265.138705571492 277.453581492106 282.022376855214 282.648185888926 280.432025591532 274.336755275726 274.325688680013 273.249407609304 278.4224152565 280.393222967784 280.682762463888 280.882795651754 287.835796674093 288.48918279012 288.781901200612 281.144877274831 279.109597206116 285.199801127116 289.930065472921 291.939636071523 297.096451123555 299.97322956721 289.538423220317 296.231846014659 327.814479668935 315.006931622823 250.069856643677 201.619386672974 181.419471899668 182.793776194255 194.974700609843 217.104295889537 243.711809317271
298.993209997813 312.051892280579 306.70162041982 300.036907196045 317.415654659271 333.690444628398 324.024558067322 293.967882792155 270.590086778005 270.739456017812 273.263076941172 250.477035840352 239.579359690348 262.599031130473 282.808105150859 282.894174257914 280.193646748861 285.550812880198 275.708675384521 275.769333044688 280.564506848653 280.729413032532 279.125154018402 279.530266920726 281.271040439606 289.369265238444 294.085880120595 295.612235864003 290.041665236155 285.246729850769 293.104926745097 297.874708970388 294.646839300791 295.894583066305 299.786766370138 289.14213180542 289.172808329264 304.862817128499 300.948143005371 270.5397605896 239.936252435048 205.663760503133 185.950398445129 191.402693589528 213.011344273885 243.2568470637
298.093517621358 294.341822465261 288.260241349538 277.956704298655 279.041290283203 298.09312025706 314.95988368988 307.55748351415 294.102986653646 291.802664597829 293.040752410889 278.170049190521 262.525200843811 269.301692644755 283.020973205566 283.108711242676 282.346367835999 284.123679002126 276.282052199046 278.894146283468 277.403930823008 278.877794742584 275.888125101725 274.878938992818 279.719312985738 286.619345347087 293.660859266917 293.52343082428 290.000220139821 291.074792544047 297.670086224874 296.767711639404 285.518368085225 282.82642364502 286.519328753154 270.590245723724 268.495917320251 266.492207845052 254.473626613617 253.790040810903 264.045039812724 236.201326052348 210.14130115509 197.333892186483 198.379238446554 222.118337949117
294.204354286194 286.029140154521 291.894435882568 278.924842675527 271.660427252452 282.427112261454 305.896818637848 324.081003665924 315.333306789398 300.465365250905 290.789385636648 289.102832476298 291.225790977478 285.955389340719 286.327044169108 288.150588671366 284.286717573802 282.069166501363 280.495584011078 280.554970105489 277.727007865906 275.328159332275 275.733729203542 276.31002664566 278.165459632874 283.307671546936 289.49503103892 286.535382270813 286.575734615326 294.061938921611 297.880450884501 288.378675778707 273.344477017721 276.656111081441 274.413526058197 257.506708304087 258.957048257192 258.527080217997 261.103928089142 275.630315144857 276.847104231517 269.15317773819 245.871583620707 230.824510256449 209.742844104767 202.516853809357
311.849315961202 307.702898979187 316.168983777364 311.548928419749 302.098651727041 305.434962113698 320.223490397135 338.904579480489 329.276998837789 304.736336072286 290.92667500178 295.274158318837 306.823571523031 299.12281036377 293.744126955668 293.531636397044 288.955092430115 282.566448052724 284.549911816915 284.13728872935 284.116864204407 276.962796847026 279.39913670222 282.426317532857 279.212474822998 281.770129998525 281.731188297272 280.647913614909 284.013628959656 293.91606648763 294.913709163666 285.857518513997 274.891912937164 275.870641072591 266.401688257853 261.260171731313 266.577144463857 268.243273099263 277.869741121928 298.316915829976 265.421013037364 255.946516990662 245.567262172699 235.540827115377 217.780868212382 198.72925678889
330.953081448873 329.013605912526 331.375221411387 333.319385846456 324.757476647695 318.781534830729 323.930581410726 337.648987770081 332.137266794841 303.536693255107 294.112364451091 301.443576812744 310.788055260976 301.626960436503 291.113952795664 294.815381368001 298.445800940196 287.898659706116 290.741960207621 292.045493920644 290.801306565603 285.106221834819 284.125526746114 285.459299882253 281.743625799815 280.382513999939 283.316512902578 286.065320173899 287.879586219788 294.316490491231 295.276741186778 288.43492269516 277.697682380676 273.052275180817 262.70721356074 267.280360062917 272.976617018382 273.587167263031 276.36311451594 289.707283178965 252.140382925669 212.519804636637 199.044525623322 194.805185000102 192.21955537796 189.571142196655
338.836550712585 337.764660517375 335.811098416646 336.657325426737 330.510993798574 324.052711327871 322.709600130717 328.746894995372 332.659284273783 312.20684448878 306.256294250488 309.512098630269 306.734244028727 295.399864514669 292.376716931661 294.996897379557 303.714116414388 297.739545504252 294.473012288411 295.98480463028 296.114563941956 289.215763409932 285.800516605377 286.907772223155 284.852822621663 283.928116162618 284.46896870931 289.572358131409 291.331350803375 292.483111222585 296.782533327738 290.358324845632 280.625224113464 265.319764614105 255.807677904765 271.87575896581 281.243065992991 279.782553513845 270.783960819244 280.295848846436 250.998159249624 184.728403886159 154.928972323736 142.931044101715 146.78567647934 153.859376907349
336.246728897095 339.156707127889 340.625524520874 339.287400245667 336.517850557963 333.928465843201 330.038130283356 327.421128749847 329.551259676615 323.731323083242 323.198099931081 317.537844181061 304.083784421285 303.349018096924 300.551315148671 292.702635129293 301.010648409526 301.851590474447 296.160260836283 294.006546338399 292.99396276474 290.154457092285 286.436557769775 285.743713378906 288.159092267354 290.058970451355 287.805457909902 289.636890093486 292.299707730611 293.012579282125 294.77463165919 292.669236660004 275.978406270345 253.428141276042 261.490066846212 284.769912560781 287.835538387299 282.67769018809 266.716519991557 271.204570929209 281.452814737956 227.255940437317 169.549345970154 143.344461917877 136.351188023885 136.770615975062
321.821471055349 325.944264729818 325.718780358632 330.010533332825 336.642742156982 341.885368029277 344.255328178406 343.64120165507 341.874837875366 339.895407358805 330.29450972875 313.956677913666 307.081162929535 306.098977724711 301.46586894989 296.821316083272 300.702691078186 299.12006855011 293.727914492289 292.502760887146 294.688185056051 296.095053354899 294.121623039246 289.602597554525 287.419160207113 288.982709248861 292.315125465393 292.994300524394 294.495741526286 294.103980064392 294.023235638936 292.343974113464 270.235896110535 254.635453224182 278.44645579656 293.789982795715 289.103150367737 284.586687882741 272.076189517975 270.102222760518 300.858060518901 313.956737518311 254.777332146962 200.819571812948 163.417845964432 139.530996481578
