input/barkrak2/radiation/dir20424.grid
NCOLS 85 
NROWS 70 
XLLCORNER 665100 
YLLCORNER 4664600 
CELLSIZE 20 
NODATA_value -9999 
[rows 40 to 59 of 70, columns 0 to 45 of 85]
321.842789649963 322.706739107768 322.6531346639 324.530720710754 329.484979311625 332.372605800629 334.902087847392 337.360064188639 338.127891222636 328.771074612935 318.974773089091 316.354850927989 314.085682233175 311.236282189687 309.561471144358 308.046380678813 305.494507153829 305.754919846853 300.538976987203 299.193700154622 301.535248756409 305.161635080973 305.336693922679 301.051557064056 299.365778764089 296.620051066081 300.854047139486 301.220675309499 301.29474401474 300.869504610697 299.450437227885 296.400447686513 274.151206016541 271.438181400299 294.071356455485 294.390420118968 284.595429897308 283.113261063894 284.371376037598 275.083283583323 284.97435649236 320.896883805593 331.135312716166 279.812971750895 220.16441822052 179.712434609731
326.797107855479 324.983974297841 325.154145558675 325.776358445485 323.639869689941 322.159091631571 321.3778535525 321.285506089528 323.91893863678 318.944712479909 312.868436177572 314.221123854319 315.782030423482 315.064231554667 311.728676160177 310.513814290365 306.109110514323 310.249904791514 309.863249460856 306.491176287333 305.569609006246 307.265241940816 305.369794368744 306.126634279887 305.966794490814 301.487882932027 303.935527801514 304.948647816976 302.325208981832 302.744607130686 302.508254845937 296.840250492096 280.364195505778 282.910247643789 294.595022996267 285.039861996969 270.220239957174 268.959105014801 275.31232436498 281.361321608226 298.960109551748 311.89493338267 320.118526617686 310.066481431325 261.994461218516 215.817968050639
328.618586063385 326.936562856038 328.933616479238 328.295012315114 323.368509610494 321.215470631917 320.681512355804 318.802734216054 318.298757076263 316.134711106618 314.241031805674 313.219587008158 315.030574798584 316.648920377096 316.685875256856 313.654363155365 310.523231824239 314.88041083018 315.550267696381 309.777537981669 307.198087374369 305.330872535706 301.787912845612 302.377422650655 304.824769496918 301.363190015157 298.107246557872 300.419489542643 300.644775231679 301.356593767802 299.577335516612 293.840845425924 286.857227484385 291.567901770274 291.650871435801 273.775160312653 258.100251356761 263.006647427877 276.789287726084 289.621949195862 298.502385616302 297.172387440999 291.238884131114 290.175497531891 269.038299719493 218.935549259186
319.365501403809 321.34203116099 326.279759407043 324.487646420797 325.146575768789 326.864143212636 326.511899630229 324.466009934743 317.354142665863 316.571672757467 317.107717196147 314.806361993154 314.243992169698 317.309419314067 316.852509975433 314.092596371969 315.360506375631 315.978248914083 315.434396266937 312.425196170807 306.121468544006 304.844737052917 300.525824228923 299.413780371348 298.914651075999 300.712863604228 295.795540014903 296.629269917806 298.883557319641 298.983931541443 294.355193773905 288.345654805501 289.142350355784 292.235215504964 281.668345133464 258.985678354899 253.998935222626 267.473022143046 285.857578118642 290.200134118398 289.356966813405 285.560766855876 277.309417724609 271.044890085856 258.063435554504 224.882344404856
319.018304347992 323.085367679596 324.240108331044 324.207623799642 324.896971384684 326.301614443461 326.13213857015 323.9399989446 321.015238761902 317.969421545664 319.283445676168 316.899557908376 314.917922019958 313.207626342773 312.108874320984 312.626898288727 309.221784273783 313.338716824849 313.624382019043 312.538901964823 307.135581970215 304.763992627462 303.343991438548 302.969574928284 298.271914323171 303.861260414124 303.212900956472 300.128658612569 298.339207967122 295.587062835693 289.346178372701 284.294923146566 284.865578015645 281.530121962229 270.667513211568 255.955576896667 257.903277873993 273.871680100759 288.354913393656 285.094956556956 285.919189453125 277.932484944661 266.520500183105 258.726159731547 252.780417601267 237.656950950623
323.373218377431 325.590491294861 323.729157447815 325.423081715902 323.988338311513 324.179291725159 324.579139550527 323.302388191223 324.478050072988 321.293612321218 320.96258799235 319.743831952413 317.020138104757 314.228018124898 312.748908996582 314.505318800608 309.389968713125 310.790340105693 313.574949900309 310.129900773366 308.807373046875 305.884460608164 304.210245609283 303.967217604319 303.763131300608 302.753925323486 304.640293121338 302.114228407542 297.333836555481 295.736273129781 289.364298184713 284.761905670166 282.070060571035 274.619897206624 261.547267436981 248.420437177022 254.609882831573 272.566318511963 279.509961605072 271.770596504211 276.985545953115 268.759846687317 257.986446221669 259.80927546819 265.839278697968 251.595060030619
323.34299882253 323.698401451111 325.150926907857 325.50303141276 324.618657430013 324.713667233785 325.880904992421 326.322038968404 324.639042218526 324.291427930196 323.072155316671 322.788019975026 319.703002770742 317.943056424459 316.81086619695 318.379084269206 315.58096408844 309.036533037821 312.754273414612 311.154405275981 308.264315128326 307.805120944977 306.313832600911 300.967852274577 303.690791130066 298.63033692042 298.639337221781 298.746466636658 296.998878320058 294.255932172139 288.467685381571 285.870611667633 280.52282333374 271.718502044678 259.839336077372 249.917507171631 257.106105486552 270.051956176758 268.697261810303 269.740144411723 275.711317857107 264.793435732524 261.727571487427 269.242922465007 275.853037834167 262.587030728658
318.963746229808 319.888214270274 323.378880818685 324.008425076803 325.269639492035 326.442241668701 325.436373551687 324.403822422028 324.612339337667 326.650400956472 325.204014778137 322.343289852142 320.631881554921 320.9095398585 318.580687046051 315.820336341858 314.157744248708 307.469089825948 308.856964111328 310.85608402888 306.04753891627 305.364827315013 304.448167483012 299.795786539714 299.761811892192 299.075543880463 292.645772298177 294.292072455088 292.93562968572 290.127078692118 287.827591101329 286.796033382416 278.437415758769 275.446891784668 272.085607051849 261.432389418284 262.852549552917 268.067638079325 270.459711551666 278.450608253479 274.357199668884 266.587793827057 269.711931546529 271.513024965922 270.022491614024 259.068369865417
314.366459846497 316.613455613454 319.529255231221 321.588297684987 324.687918027242 326.544761657715 324.620187282562 323.743383089701 325.836777687073 327.343781789144 325.493454933167 323.416868845622 321.76411151886 320.182840029399 318.761626879374 313.238143920898 311.750153700511 306.024392445882 308.175881703695 310.485243797302 307.265957196554 305.805842081706 305.943012237549 299.735426902771 297.395805517832 297.486901283264 291.800439357758 293.29131046931 297.888437906901 297.774891058604 298.168222109477 295.553207397461 285.501897335052 286.600907643636 281.945904095968 268.058240413666 268.033723036448 272.992233435313 275.707562764486 277.348101139069 267.564078172048 263.783176740011 262.419561545054 258.186558882395 255.637506643931 255.097111066182
313.659032185872 312.073806921641 314.595381418864 319.896976153056 323.312560717265 324.286818504333 325.619379679362 327.408055464427 327.739238739014 325.183908144633 326.425194740295 325.716535250346 321.727057298024 320.351282755534 318.263749281565 314.550558725993 310.813903808594 308.333992958069 308.051625887553 309.4495733579 307.672063509623 308.105945587158 302.907506624858 299.310723940531 295.909285545349 298.453688621521 298.074841499329 298.651317755381 301.840424537659 304.749687512716 306.356330712636 303.9204676946 295.242508252462 293.43585173289 285.619854927063 273.005863030752 267.972032229106 274.314880371094 277.217427889506 266.848762830098 256.036559740702 259.356359640757 258.756756782532 252.67763932546 252.272327740987 255.735556284587
313.920080661774 316.129008928935 318.218191464742 321.782231330872 322.284122308095 321.734368801117 326.350092887878 328.557292620341 328.583598136902 327.772259712219 325.879772504171 325.979590415955 322.982947031657 318.087518215179 318.350414435069 317.886829376221 313.392380873362 308.155159155528 306.09009663264 308.288156986237 310.208121935527 305.662751197815 302.279631296794 300.262451171875 296.617766221364 300.476908683777 302.073001861572 301.807204882304 304.113825162252 307.603200276693 307.763675848643 304.195463657379 297.000726064046 293.084879716237 282.055596510569 270.443280537923 268.026351928711 273.137450218201 270.550787448883 256.272514661153 252.472201983134 263.847271601359 263.01501194636 255.07930914561 253.410696983337 249.440471331278
314.716299374898 320.863723754883 322.340706984202 323.186278343201 322.076598803202 320.969959100087 325.571695963542 327.067792415619 326.155543327332 328.892509142558 326.839029788971 324.452718098958 323.255896568298 319.313903649648 315.630535284678 317.407488822937 313.893914222717 305.383741855621 300.729711850484 303.762435913086 304.027179876963 304.145216941833 299.614171187083 298.32923412323 295.820335547129 294.08586025238 296.743194262187 296.640435854594 297.453204790751 300.976435343424 305.457909901937 303.867121537526 291.892727216085 280.228614807129 252.767662207286 241.686582565308 254.307647546132 264.934857686361 265.746732552846 265.12465874354 270.543376604716 272.000730037689 255.091230074565 248.570024967194 256.190339724223 244.244277477264
316.138962904612 314.477721850077 314.673781394958 316.270232200623 319.755832354228 322.043538093567 321.414530277252 325.177729129791 324.223299821218 324.790755907695 324.194848537445 325.374960899353 321.625769138336 318.719903628031 312.965869903564 313.937822977702 312.146782875061 303.303559621175 298.953652381897 298.897008101145 298.149327437083 298.097650210063 297.495464483897 292.481899261475 292.323629061381 289.61060444514 290.158907572428 290.258288383484 289.553423722585 290.207544962565 291.442513465881 296.400447686513 274.594982465108 248.075763384501 219.959100087484 208.482722441355 222.150901953379 248.350501060486 267.156541347504 265.647749106089 266.353329022725 259.674429893494 244.645377000173 246.357937653859 252.197623252869 229.860703150431
319.109280904134 311.685144901276 308.906654516856 311.908463637034 318.934381008148 324.258208274841 322.901626427968 321.949362754822 322.394728660583 322.48995701472 320.509592692057 322.251518567403 319.435020287832 318.307876586914 312.681396802266 310.643096764882 310.863296190898 304.821451505025 300.797720750173 301.678816477458 300.522863864899 297.39656051 295.592188835144 291.793505350749 290.316263834635 288.623054822286 287.66002257665 287.379860877991 285.776336987813 282.372315724691 273.737808068593 270.18149693807 248.537798722585 224.016149838765 213.341911633809 206.085701783498 197.864234447479 208.476404349009 225.902835528056 247.767249743144 256.255129973094 246.187428633372 240.995109081268 242.349604765574 234.685023625692 215.529084205627
318.808396657308 314.200758934021 310.669680436452 313.617507616679 319.397350152334 322.707653045654 323.588569959005 321.862498919169 320.860068003337 318.514764308929 320.920209089915 319.28147872289 319.170991579692 320.109903812408 314.490516980489 313.204606374105 312.577684720357 305.863320827484 301.11300945282 304.305652777354 301.963011423747 300.38462082545 297.72408803304 295.892755190531 292.293647925059 291.183511416117 289.097845554352 286.67430082957 280.898690223694 276.248037815094 266.840040683746 261.227091153463 240.481555461884 228.646318117777 231.71736796697 232.669671376546 222.169955571493 211.322804292043 202.376743157705 211.376547813416 230.871518452962 225.915690263112 218.519786993663 210.536142190297 206.663489341736 205.284913380941
320.836345354716 319.041033585866 314.331789811452 309.285859266917 312.868555386861 321.552793184916 320.096373558044 318.138698736827 317.58854786555 318.711082140605 320.748130480448 320.222953955332 320.10825475057 319.083412488302 316.58802429835 313.007613023122 314.503709475199 309.776981671651 304.643432299296 302.954832712809 301.369786262512 299.21813805898 298.38095108668 298.107266426086 296.681523323059 294.521749019623 289.935330549876 283.297578493754 275.045911471049 271.264672279358 269.130488236745 266.658186912537 248.367746671041 243.940830230713 248.616258303324 255.141953627268 262.909491856893 256.457567214966 239.119112491608 208.843727906545 208.060602347056 213.657955328623 211.185654004415 207.148293654124 212.110539277395 220.65136830012
321.76262140274 319.559137026469 317.811588446299 311.915675799052 309.643944104513 314.342240492503 317.570646603902 316.766043504079 314.101159572601 316.232045491536 321.811000506083 321.477949619293 319.883704185486 319.601277510325 317.136724789937 312.416970729828 313.031037648519 308.488051096598 306.42298857371 305.059949556987 303.524454434713 301.688512166341 298.098921775818 296.458681424459 294.384896755219 291.087985038757 276.403466860453 259.051442146301 254.488110542297 258.111119270325 268.543680508931 264.696637789408 249.534825483958 244.30509408315 252.695004145304 264.235337575277 279.471675554911 285.835425059001 277.014374732971 241.416494051615 214.264074961344 219.856301943461 229.358235994975 239.097793896993 248.188515504201 253.576457500458
320.370455582937 318.052391211192 318.020761013031 312.134782473246 306.195477644602 309.179981549581 315.798799196879 317.241291205088 313.66233030955 313.617289066315 318.690399328868 321.11116250356 317.327916622162 316.554586092631 316.369851430257 311.754286289215 311.275641123454 308.160583178202 304.752866427104 304.665784041087 306.246399879456 304.757495721181 300.962666670481 295.952200889587 295.036832491557 296.168287595113 277.733107407888 258.839190006256 257.50211874644 264.843960603078 267.923831939697 262.752095858256 256.87030951182 258.015195528666 272.752324740092 276.255925496419 281.979560852051 260.993381341298 234.395503997803 227.36793756485 236.547946929932 247.763892014821 243.0805961291 234.626273314158 234.796464443207 246.639609336853
312.287588914235 313.707451025645 312.215328216553 310.57345867157 308.130542437236 305.707414944967 315.041343371073 317.410588264465 312.890430291494 311.749517917633 316.268225510915 318.612694740295 316.435714562734 314.007182916005 313.792983690898 310.435930887858 308.324873447418 307.634552319845 306.088447570801 306.365450223287 308.491746584574 303.120076656342 303.666631380717 298.803687095642 295.42330900828 298.81473382314 291.960597038269 289.717475573222 283.740878105164 282.938261826833 278.388599554698 270.582417647044 268.518606821696 267.895857493083 264.453748861949 248.55649471283 232.964893182119 194.652179876963 175.734321276347 212.37987279892 249.671181042989 254.826545715332 235.889772574107 229.019681612651 237.955172856649 250.845392545064
300.677895545959 310.671289761861 310.457448164622 308.495044708252 307.620724042257 305.331548055013 308.236559232076 314.969599246979 317.224383354187 312.084933121999 313.917378584544 317.005058129628 316.534737745921 312.91272242864 313.263297080994 311.034878094991 305.97988764445 305.328885714213 302.497605482737 300.855755805969 301.848789056142 302.80468861262 299.391845862071 297.443807125092 297.582884629567 301.650683085124 304.032683372498 308.036168416341 297.15770483017 286.629935105642 281.250059604645 267.64976978302 264.934798081716 248.954355716705 221.657077471415 192.388832569122 180.681904157003 170.254866282145 163.142333428065 185.064693291982 211.643715699514 234.054406483968 237.190127372742 251.142779986064 280.676523844401 288.517435391744
