input/barkrak2/radiation/dir29524.grid
NCOLS 85 
NROWS 70 
XLLCORNER 665100 
YLLCORNER 4664600 
CELLSIZE 20 
NODATA_value -9999 
[rows 42 to 62 of 70, columns 0 to 48 of 85]
124.272247155507 120.833585659663 123.799542586009 122.417032718658 114.862620830536 111.420412858327 108.093907435735 104.046523571014 104.409327109655 100.696543852488 98.0882445971171 96.6006815433502 101.118336121241 104.404995838801 104.445358117421 100.549310445786 96.7020193735759 101.90612077713 103.759825229645 96.2590575218201 94.8739548524221 92.9435888926188 89.3049836158752 90.8872485160828 95.252384742101 91.6818579037984 88.5197619597117 94.7844485441844 101.291100184123 104.202300310135 105.401267608007 108.504951000214 119.912137587865 143.862356742223 148.727943499883 131.021201610565 116.67079726855 113.930135965347 115.389029184977 125.490248203278 135.595222314199 138.654073079427 123.275607824326 86.4478647708893 27.4074003100395 0 0 0 0
108.053495486577 110.498418410619 119.716594616572 116.59233768781 118.882616360982 121.442119280497 120.440344015757 114.983548720678 103.220641613007 102.088491121928 104.872206846873 99.9962786833445 99.8901426792145 104.635457197825 104.672789573669 101.178954044978 101.85299317042 103.569030761719 104.923109213511 98.9805658658345 93.0051306883494 91.4887289206187 88.8143579165141 86.6992672284444 89.3907845020294 94.4848457972209 89.2413357893626 91.8905138969421 97.2445905208588 99.4600057601929 99.8240311940511 96.7131157716115 109.343638022741 128.97139787674 134.486615657806 118.961075941722 114.15026585261 119.925916194916 125.121772289276 126.50062640508 121.80894613266 119.869450728099 112.636138995488 84.5137933890025 37.4322806795438 0 0 0 0
106.536090373993 112.20853527387 115.653326114019 116.207351287206 117.622663577398 120.444228251775 120.2053129673 115.651945273081 110.77614625295 105.511118968328 107.597460349401 104.262431462606 100.161562363307 98.249763250351 98.4678367773692 98.1343686580658 93.9902464548747 100.549697875977 102.0794014136 99.098265171051 94.3586627642314 92.3032561937968 92.4547513326009 92.7180747191111 89.7975663344065 98.5884368419647 101.503521203995 98.6797312895457 98.4826187292735 97.4867741266886 93.3315356572469 92.0391281445821 97.6820886135101 103.21984688441 111.458043257395 112.008333206177 117.022226254145 128.106147050858 131.405333677928 123.310744762421 119.788666566213 114.761829376221 108.8893810908 87.6167416572571 52.311509847641 11.5328803658485 0 0 0
113.007088502248 118.1667248408 114.812056223551 118.673751751582 116.72188838323 116.335610548655 118.190983931224 116.186678409576 116.801420847575 112.050106128057 110.346436500549 109.86136396726 104.406813780467 99.0647077560425 98.5570847988129 102.058708667755 95.5697496732076 98.765234152476 103.289067745209 101.333032051722 98.0531771977742 97.2101390361786 95.7740743954976 96.5266128381093 97.3977645238241 97.0021386941274 103.541264931361 101.886987686157 101.218233505885 98.9501277605693 94.9304799238841 91.4317568143209 95.8108901977539 93.9529637495677 94.160536924998 96.3217318058014 105.227589607239 119.799852371216 121.152480443319 106.127659479777 110.653738180796 103.609412908554 101.577540238698 98.6677606900533 80.2446305751801 42.2514180342356 4.54327464103699 0 0
113.060543934504 114.513496557872 117.660065491994 119.557609160741 119.461178779602 118.700474500656 120.870659748713 122.361958026886 118.092825015386 116.663773854574 114.834914604823 113.293478886286 108.756462732951 104.841341574987 104.847768942515 108.205050230026 106.192211310069 99.9438166618347 105.632881323497 104.063163201014 100.754628578822 101.183007160823 100.097437699636 96.8410273392995 103.178819020589 98.0089008808136 97.6037581761678 99.7783541679382 101.023415724436 100.828508536021 99.454661210378 95.0358907381694 94.3696101506551 94.502866268158 95.4313476880391 96.4660048484802 99.5114048322042 108.147829771042 111.02228363355 106.263011693954 106.735746065776 99.7777581214905 105.428397655487 113.524327675502 104.963839054108 69.7772353887558 29.1809389988581 0.348182201075057 0
106.939097245534 109.266062577566 115.592122077942 117.123971382777 120.624889930089 122.280220190684 119.548350572586 119.572073221207 119.099636872609 121.713280677795 117.911487817764 113.511770963669 111.322303613027 110.715309778849 107.75833328565 107.392986615499 105.892777442932 97.3508854707082 102.151105801264 103.530744711558 99.8012622197469 99.9404191970825 102.65197356542 95.42449315389 98.8772809505463 98.3966787656148 92.0673012733459 96.0302948951721 100.186536709468 99.7295578320821 100.943436225255 100.038945674896 94.1012104352315 97.3977744579315 109.218736489614 113.960981369019 109.624793132146 103.9879322052 108.201404412587 119.32768424352 110.546211401622 101.508249839147 109.113653500875 117.121825615565 110.1480225722 88.4947677453359 49.1530895233154 13.105553885301 0
99.1693337758382 102.805097897847 108.585218588511 112.611711025238 119.163652261098 123.144716024399 119.432469209035 116.991678873698 121.132304271062 122.919023036957 121.147930622101 116.34616057078 114.12904659907 114.419490098953 111.07811331749 106.326758861542 105.242550373077 98.6928741137187 102.645417054494 106.511284907659 104.051381349564 103.375186522802 106.40208919843 102.536658445994 99.9698440233866 101.60889228185 97.6321200529734 101.105352242788 107.209434111913 112.002700567245 115.712136030197 115.974416335424 106.564193964005 107.642581065496 116.269598404566 124.101330836614 126.306931177775 114.108502864838 111.121366421382 119.091798861821 108.180244763692 99.9886790911357 97.4357128143311 97.114106019338 95.4025288422902 94.341516494751 83.327442407608 30.29432396094 8.95875071485837
98.3627041180929 95.891664425532 100.425660610199 109.190811713537 115.375439325968 118.64044268926 121.72128756841 123.994559049606 125.247806310654 121.153821547826 122.882316509883 122.269690036774 118.912716706594 115.600844224294 113.228132327398 109.201202789942 107.125828663508 103.671322266261 107.115666071574 110.467155774434 111.853579680125 111.362755298615 108.033716678619 108.802100022634 105.426013469696 107.61696100235 108.494768540064 109.395166238149 116.016487280528 125.512888034185 133.972376585007 132.899145285288 124.416341384252 118.321448564529 116.974045832952 125.733435153961 130.434175332387 129.043142000834 116.710523764292 106.455763181051 97.8958010673523 98.4810789426168 96.8218247095744 91.8162564436595 88.3498291174571 93.0108825365702 88.0160927772522 37.9568934440613 8.83412174880505
98.7714827060699 102.311054865519 106.043835481008 112.819790840149 113.693644603093 113.934715588888 122.170348962148 127.746522426605 127.15803583463 126.797248919805 126.063744227091 125.458319981893 121.019601821899 116.833359003067 116.472582022349 119.648625453313 111.286093791326 111.168454090754 112.686733404795 118.036409219106 117.749313513438 115.11359612147 111.995627482732 111.607829729716 106.279561916987 111.340582370758 117.127994696299 116.880188385646 120.317627986272 130.884448687236 136.328160762787 144.191483656565 134.889394044876 124.958693981171 107.223808765411 111.543635527293 124.297380447388 133.779307206472 122.394094864527 99.681427081426 92.3439264297485 100.160857041677 103.150318066279 99.5283623536428 94.3432946999868 90.8806920051575 75.5013227462769 48.4553724527359 10.9740669528643
99.4288722674052 110.902766386668 112.882842620214 115.250458319982 113.440384467443 112.708578507106 120.534598827362 126.663208007812 126.03415052096 130.814641714096 128.615518411001 127.400537331899 125.129987796148 119.735757509867 118.951340516408 125.584781169891 118.092159430186 114.246189594269 111.900269985199 114.387561877569 114.757756392161 113.332152366638 112.536410490672 108.9841624101 105.379154284795 107.911576827367 112.891346216202 112.618029117584 113.562723000844 122.936765352885 133.682360251745 140.90837041537 137.199262777964 113.289296627045 79.273651043574 71.0765222708384 92.6866134007772 113.571643829346 129.7267973423 125.327736139297 120.041698217392 111.276855071386 94.3194528420766 91.8204188346863 100.256274143855 92.7729209264119 71.9208319981893 59.5467587312063 18.4428493181864
102.825989325841 100.598553816477 99.7033814589183 102.67029205958 110.582361618678 115.520606438319 116.207043329875 122.354418039322 122.288346290588 127.50298778216 128.245482842127 129.876961310705 129.152595996857 123.513917128245 121.556580066681 120.113492012024 121.819386879603 114.315648873647 108.731885751088 106.81755344073 105.242550373077 107.349842786789 108.694126208623 102.987686793009 105.040411154429 100.910156965256 104.146202405294 104.188521703084 103.121370077133 105.634182691574 113.25470606486 123.510658740997 119.484116633733 93.8932498296102 60.2575242519379 35.4067832231522 37.5354165832202 71.6989686091741 104.7456463178 125.572741031647 129.802972078323 110.808670520782 90.1152590910594 85.9980185826619 93.9502120018005 84.315299987793 68.3665176232656 76.2098530928294 57.7018161614736
106.779754161835 96.0691471894582 93.017836411794 98.2407430807749 111.351629098256 120.124081770579 118.951380252838 120.617300271988 122.937738895416 123.368442058563 125.580579042435 128.730664650599 130.934456984202 128.829687833786 123.383969068527 120.538860559464 122.956365346909 116.006473700205 111.176272233327 111.838539441427 111.644983291626 108.184367418289 106.525301933289 103.014349937439 102.00689236323 100.582480430603 100.622564554214 99.9845067660014 97.5229938824971 93.8985248406728 87.2499446074168 92.5028721491496 93.0387377738953 76.3784398635228 61.4798565705617 36.7701177795728 23.5068053007126 21.5715890129407 37.7219642202059 86.2338344256083 110.529194275538 100.75502594312 90.0684793790181 84.0226908524831 76.9881953795751 72.1809218327204 65.8127963542938 86.3837798436483 98.7510780493418
107.397556304932 101.029574871063 98.2605119546254 103.02327076594 113.636831442515 122.044424215953 124.844243129094 120.508213837941 125.417619943619 123.213787873586 126.736064751943 128.945132096608 130.148182312647 132.108430067698 126.820196708043 127.13693579038 126.42647822698 120.201289653778 115.81497391065 117.16033021609 117.093294858932 112.755715847015 110.444525877635 110.82524061203 106.449415286382 105.923463900884 104.192574818929 100.109070539474 94.4793423016866 87.6811444759369 78.6741475264231 82.1362336476644 86.0130687554677 86.5062276522319 84.8831633726756 72.7147956689199 45.6211119890213 29.9903005361557 21.9628140330315 31.474140783151 53.8262625535329 78.7487675746282 53.8532833258311 44.9529439210892 44.4702009359996 52.2956103086472 69.7265217701594 79.0968189636866 93.9942598342896
111.019064982732 109.39617951711 104.756861925125 102.240473031998 108.902931213379 121.430575847626 123.194674650828 120.878080526988 122.842152913411 127.777397632599 133.938054243724 134.296655654907 132.193038860957 133.082896471024 129.608392715454 128.776450951894 129.007150729497 126.557181278865 121.198068062464 118.988315264384 116.581539312998 115.6085729599 116.395264863968 119.044264157613 114.577949047089 112.349092960358 104.447484016418 93.9726829528809 86.6272747516632 82.3190460602442 81.6694796085358 87.7858599026998 91.7602181434631 103.258579969406 110.129237174988 109.736859798431 93.403289715449 74.7560908397039 61.2333317597707 35.4589372873306 45.2301303545634 65.0544911623001 65.2791261672974 53.1829694906871 53.4884035587311 71.0564702749252 96.6917673746745 93.0774410565694 88.0410472551982
114.040464162827 113.187243541082 111.689517895381 106.82471593221 107.649942239126 118.082364400228 121.326833963394 121.714492638906 120.97359697024 129.948993523916 138.300865888596 137.138764063517 132.658084233602 134.088466564814 134.356339772542 127.66088048617 129.825999339422 127.216468254725 122.614522775014 120.321452617645 120.1517979304 119.91693576177 118.727097908656 117.281526327133 114.729712406794 108.428259690603 80.2373737096786 60.8404278755188 58.4795127312342 65.9842590490977 78.9273728926976 84.2433075110118 89.8714661598206 97.1761842568715 111.308842897415 120.285441478093 122.395018736521 117.433438698451 101.792275905609 74.4124253590902 49.5374153057734 67.083145181338 83.9456518491109 85.1777493953705 85.6028000513713 101.103325684865 129.976451396942 118.441502253215 94.8961774508158
112.874140342077 110.787679751714 114.513903856277 115.153183539708 111.535618702571 114.392459392548 121.710767348607 122.569272915522 122.164030869802 129.583915074666 137.169569730759 135.871221621831 130.616843700409 133.36322704951 136.311640342077 126.895368099213 127.474546432495 125.41401386261 123.080025116603 123.933146397273 123.8727470239 124.046504497528 117.839654286702 112.689485152562 113.236059745153 110.186805327733 88.6484384536743 65.5769308408101 66.3762787977854 76.764370004336 87.7914826075236 90.201199054718 101.461797952652 112.589220205943 119.948248068492 129.747301340103 127.164582411448 73.1223026911418 60.3137115637461 74.5746443669001 76.8530666828156 91.4953549702962 96.4707732200623 79.5679986476898 50.3876358270645 80.7292759418488 106.960962216059 101.582745711009 87.2107744216919
100.019445021947 109.164973100026 112.563997507095 114.902287721634 114.564756552378 110.574464003245 122.533957163493 126.432836055756 126.106192668279 130.338331063588 133.702705303828 133.804400761922 132.849593957265 130.322833855947 131.640791893005 126.733521620433 122.878750165304 125.85590283076 127.365330855052 129.250824451447 129.80509797732 124.685436487198 121.555169423421 116.674731175105 113.191217184067 114.575654268265 110.725382963816 104.831953843435 106.96350534757 108.821521202723 107.645660638809 100.224763154984 116.017798582713 124.537358681361 120.25315562884 89.6228551864624 79.1680564483007 40.2194932103157 26.9943724075953 40.5419021844864 77.6754319667816 101.843764384588 99.6942520141602 84.41428343455 71.8295872211456 75.4780073960622 91.9840137163798 96.6995358467102 94.609002272288
89.7319515546163 105.701277653376 110.358516375224 113.26335867246 116.069902976354 112.025439739227 117.113838593165 126.149406035741 136.627485354741 137.758602698644 133.778870105743 131.595353285472 132.972041765849 131.449679533641 131.206184625626 128.363301356634 123.890737692515 124.828279018402 123.242596785227 119.757701953252 120.662669340769 118.94832054774 119.502365589142 116.19566877683 116.604834794998 121.458897988002 131.986578305562 139.494468768438 127.439051866531 125.197569529215 109.748135010401 100.362439950307 110.493183135986 100.9894212087 54.4047653675079 43.5517380634944 41.6882832845052 32.520259420077 19.0629487236341 14.0844782193502 16.516737639904 63.5081777969996 96.8661904335022 117.265005906423 131.783107916514 126.725633939107 119.97797091802 117.882291475932 116.736729939779
91.826468706131 102.481047312419 110.606670379639 113.194048404694 114.540835221608 114.977826674779 109.35511191686 120.421568552653 142.240703105927 141.543209552765 132.881095012029 128.662298123042 131.101628144582 134.720623493195 133.02884499232 129.188587268194 126.652260621389 123.54834874471 116.28587047259 108.773112297058 108.181893825531 111.165394385656 111.076653003693 112.320840358734 114.286859830221 122.510929902395 138.254006703695 149.335891008377 130.768020947774 119.820753733317 106.237987677256 90.42094151179 89.8754398028056 83.2418998082479 60.6098969777425 36.6631075739861 38.1803785761197 50.5613883336385 42.3848330974579 26.0770221551259 14.9608626961708 25.4437973101934 74.6565411488215 106.311817963918 117.58828163147 117.352426052094 109.797368446986 110.565294822057 105.849713087082
104.862590630849 107.938647270203 110.733985900879 107.07609852155 100.20766655604 96.651683251063 105.041891336441 111.602892478307 121.954828500748 119.672467311223 117.704590161641 123.644063870112 130.090485016505 131.682773431142 126.897354920705 128.895133733749 128.768861293793 121.523469686508 112.898528575897 106.045246124268 104.479789733887 105.827252070109 108.77650976181 111.819008986155 109.616945187251 114.434580008189 126.303285360336 135.645021994909 125.723451375961 111.586858828863 99.1249283154805 82.3191255331039 74.0033785502116 86.9380931059519 80.1703234513601 56.7064136266708 60.0550621747971 94.5114096005758 97.7638065814972 75.9119888146718 42.7163690328598 32.251164317131 51.1758675177892 69.5059796174367 58.9259117841721 74.2506980895996 79.3474366267522 84.4376484553019 82.9514563083649
117.902358373006 114.00776108106 110.035459200541 102.162877718608 90.6466245651245 82.7353894710541 95.973014831543 94.9961841106415 82.8831891218821 83.3949446678162 97.6145664850871 110.597262779872 116.494437058767 120.937744776408 124.662160873413 135.742922623952 138.254662354787 128.045568863551 118.853737910589 114.210506280263 110.197057326635 109.01532570521 109.413643678029 107.672105232875 106.866260369619 111.289550860723 114.325056473414 118.859400351842 117.888599634171 94.1940347353617 97.1058011054993 89.7101859251658 80.7408740123113 97.5602567195892 101.536393165588 88.3124868075053 79.8239707946777 81.6267977158229 86.579422156016 84.8385194937388 67.2918657461802 50.8628189563751 50.9291291236877 40.6372944513957 32.0786188046137 37.0455781618754 59.3007107575734 63.4577025969823 68.8707927862803
