input/barkrak2/radiation/dir28124.grid
NCOLS 85 
NROWS 70 
XLLCORNER 665100 
YLLCORNER 4664600 
CELLSIZE 20 
NODATA_value -9999 
[rows 0 to 20 of 70, columns 0 to 46 of 85]
175.468683242797994 191.417415936788 209.326008955638 230.248729387919 240.51558971405 241.12464984258 236.397445201874 230.401794115702 230.428834756215 233.923733234406 233.142077922821 232.365171114604 230.224112669627 231.004039446513 232.83193508784 222.435375054677 209.214429060618 197.717487812042 195.032596588135 183.255533377329 182.008941968282 198.101699352264 225.13218720754 233.192245165507 235.689997673035 247.63677517573 246.17063999176 230.592449506124 216.018358866374 214.712917804718 210.371951262156 231.814006964366 277.350902557373 277.105490366618 272.123773892721 259.57977771759 262.954076131185 278.297702471415 275.496164957682 273.350914319356 263.149519761403 266.044000784556 276.294708251953 273.409088452657 262.359162171682 266.405363877614 271.59853776296
153.175224860509 170.039852460225 186.040123303731 206.203738848368 220.775405565898 227.73798306783 228.925784428914 231.826384862264 239.872395992279 240.764260292053 236.490428447723 233.65044593811 232.011616230011 232.977986335754 232.824782530467 222.211182117462 215.150554974874 205.973108609517 201.156894365946 191.003739833832 196.182250976562 218.737423419952 240.598857402802 243.538479010264 247.481207052867 253.790160020192 248.309731483459 234.539270401001 220.969557762146 216.674347718557 217.479725678762 246.171116828918 278.616468111674 277.742425600688 271.916508674622 261.978546778361 266.352633635203 279.45347627004 273.85413646698 274.218440055847 267.999271551768 266.89342657725 264.183461666107 259.292046229045 256.20710849762 265.149513880412 263.471086819967
115.640143553416 126.633693774541 140.575776497523 153.92878651619 168.532172838847 180.382033189138 191.850066184998 209.741810957591 223.619818687439 227.269470691681 227.923393249512 232.142170270284 239.942888418833 243.892788887024 243.498464425405 246.647854646047 245.914280414581 235.431551933289 217.972993850708 207.277814547221 216.874162356059 232.197046279907 242.192546526591 245.109617710114 249.402463436127 249.351978302002 243.29799413681 234.005967775981 225.50106048584 225.145777066549 234.34446255366 262.403190135956 278.223514556885 277.903457482656 271.579464276632 267.44423309962 273.564497629801 278.530061244965 277.717530727386 271.911561489105 265.734771887461 255.944669246674 242.812633514404 239.885846773783 249.208052953084 263.55763276418 251.17560227712
96.9277620315552 95.7430601119995 103.855123122533 111.13378405571 119.937092065811 126.168330510457 134.728481372197 152.607043584188 174.544453620911 193.854014078776 210.394303003947 229.217012723287 242.215315500895 247.095346450806 250.296592712402 257.098356882731 254.326462745667 242.465774218241 224.546353022257 217.138250668844 216.937859853109 216.674089431763 229.030390580495 237.510661284129 238.344550132751 239.616811275482 239.432454109192 235.687772432963 234.035849571228 236.958603064219 240.982989470164 267.588337262471 276.421169439952 275.867998600006 272.107561429342 273.400684197744 275.681336720784 276.337206363678 272.973318894704 261.870483557383 253.670513629913 240.514695644379 235.884686311086 249.553163846334 264.573335647583 261.5038951238 240.487853686015
117.809057235718 101.223329703013 88.630199432373 78.3653656641642 78.6911795536677 97.659965356191 121.545135974884 133.311321338018 144.350955883662 152.893404165904 177.413821220398 203.528841336568 219.859262307485 228.325923283895 237.4334136645 241.940836111704 238.123834133148 228.732069333394 221.618930498759 217.95787413915 212.883234024048 210.531751314799 222.344001134237 230.194350083669 233.125507831573 239.984611670176 240.111450354258 237.67614364624 236.396392186483 235.043505827586 242.199758688609 270.999054114024 271.688203016917 272.289156913757 269.245405991872 269.547899564107 269.674261411031 268.144885698954 258.682052294413 249.516824881236 247.877677281698 244.792799154917 249.546726544698 259.915033976237 262.589693069458 242.414395014445 214.03576930364
163.396865129471 133.976916472117 105.485826730728 81.9957156976064 73.5886345307032 83.0046484867732 108.863333861033 129.575500885646 134.672959645589 133.82018605868 144.514749447505 159.860908985138 170.907199382782 178.407688935598 188.819984594981 197.958330313365 201.832254727681 208.892544110616 216.888666152954 222.24615017573 223.149021466573 225.140074888865 225.79300403595 226.437350114187 231.135487556458 237.496117750804 239.408453305562 240.459481875102 239.740610122681 240.261336167653 254.363973935445 269.973854223887 267.3526207606 267.310520013173 264.835556348165 262.849489847819 262.413760026296 258.754909038544 249.538898468018 249.913334846497 249.56488609314 247.098743915558 248.772025108337 251.919150352478 240.168710549672 212.176223595937 186.155994733175
189.125736554464 162.030110756556 139.491816361745 116.857995589574 95.1506594816844 82.5481712818146 88.5220368703206 119.792997837067 136.25102241834 144.877413908641 141.600708166758 136.381963888804 132.006069024404 127.50032544136 129.714479049047 146.089822053909 160.829444726308 183.660427729289 205.629030863444 220.405618349711 229.097723960876 232.438921928406 229.913036028544 226.637085278829 229.495147864024 232.115825017293 235.787828763326 238.824963569641 239.830116430918 245.695551236471 258.874217669169 266.685009002686 261.798004309336 256.117840607961 254.348158836365 251.736839612325 251.120766003927 246.477723121643 241.565028826396 237.98527320226 232.325315475464 231.02080821991 237.510542074839 244.926631450653 234.30331548055 223.341147104899 235.689461231232
204.300622145335 191.086630026499 176.258047421773 157.786160707474 132.113715012868 100.083291530609 78.4908930460612 75.9250621000926 109.084536631902 141.193091869354 150.466203689575 146.81010444959 137.425283590953 126.830706993739 112.17850446701 115.70550998052 129.544069369634 147.957702477773 174.547076225281 197.149475415548 212.187131245931 223.503371079763 232.013126214345 227.641741434733 226.537545522054 225.438972314199 226.743419965108 228.798528512319 231.242775917053 241.121510664622 252.675533294678 256.74690802892 249.036987622579 243.553558985392 238.045156002045 236.299177010854 240.854501724243 237.288912137349 230.469067891439 214.001854260763 212.673862775167 222.288052241007 240.394790967306 251.97160243988 249.009410540263 249.220728874207 256.758272647858
195.891618728638 196.000794569651 190.092206001282 179.920713106791 163.930515448252 137.814144293467 104.350348313649 75.1847823460897 88.0131224791209 110.982080300649 134.771128495534 147.476484378179 150.626440842946 147.492349147797 132.815887530645 123.41437737147 120.666881402334 125.579655170441 140.799969434738 160.044848918915 178.847034772237 195.464551448822 208.609501520793 206.933935483297 210.042119026184 209.805687268575 210.460861523946 212.636669476827 215.965489546458 226.878563563029 232.789238293966 233.154118061066 229.994793732961 229.10463809967 229.486544926961 231.174886226654 231.679558753967 231.05529944102 225.241402784983 218.117495377858 229.783117771149 243.337531884511 252.73323059082 253.524879614512 247.325718402863 241.774916648865 245.328565438588
132.314244906108 153.56241663297 162.277241547902 177.832583586375 174.306074778239 167.399088541667 147.048771381378 124.923090140025 92.8837756315867 83.2621802886327 95.3867832819621 124.805609385173 149.236838022868 162.192324797312 163.134942452113 152.319113413493 135.906745990117 129.84444697698 128.71112426122 132.308423519135 141.546587149302 151.681959629059 163.974573214849 174.047549565633 184.538622697194 187.09272146225 187.700708707174 191.26832485199 194.349924723307 201.963265736898 203.408161799113 204.506099224091 211.525658766429 216.307918230693 220.821301142375 222.424288590749 220.544219017029 225.065032641093 224.29883480072 231.512467066447 247.616092363993 255.326867103577 257.382531960805 254.6626329422 245.805939038595 241.284608840942 251.969754695892
71.005846063296 76.7915149529775 100.005169709524 115.052322546641 134.778290987015 144.521216551463 163.513163725535 155.237456162771 124.096006155014 96.769779920578 81.7048301299413 87.2324109077454 114.199121793111 142.382651567459 163.499593734741 154.631743828456 145.542621612549 136.492252349854 127.183298269908 121.266653140386 122.062385082245 123.703340689341 129.155665636063 144.434789816538 159.512172142665 168.698728084564 170.158684253693 171.032905578613 178.012947241465 182.857871055603 188.796202341715 192.736824353536 203.222294648488 207.821071147919 208.35667848587 209.669927755992 214.488824208577 220.24150689443 226.602335770925 242.446998755137 253.202795982361 256.346066792806 255.593299865723 251.279791196187 247.599403063456 249.167680740356 256.500979264577
42.9862042268117 40.927675863107 41.0148451725642 52.2599667310715 66.9200420379639 84.3036770820618 116.441269715627 118.100593487422 117.366353670756 107.122560342153 89.9829069773356 71.0162172714869 70.4564501841863 89.031308889389 116.686105728149 125.573217868805 135.746081670125 135.623375574748 126.637915770213 119.211445252101 113.05977900823 111.272782087326 114.163090785344 123.108138640722 133.503198623657 142.57138967514 146.242121855418 151.053458452225 158.150295416514 163.435955842336 168.637633323669 175.263166427612 180.745144685109 186.435123284658 187.667349974314 190.726339817047 202.877004941305 215.506255626678 222.430328528086 238.649884859721 246.562580267588 247.736573219299 242.926577727 238.713920116425 237.077633539836 236.40388250351 241.685171922048
32.3580354452133 26.8339663743973 19.8139250278473 15.8736842374007 7.81973327199618 22.8209147850672 43.5087780157725 65.206045905749 84.8479568958282 97.0753530661265 95.3852534294128 83.3316346009572 66.0427411397298 64.3129448095957 78.5720745722453 103.535860776901 120.680252710978 126.917123794556 129.240492979685 123.107333978017 116.126755873362 115.824321905772 117.997546990712 119.601607322693 121.38166030248 123.55441848437 130.622873703639 140.605479478836 145.32083272934 147.383113702138 153.169790903727 158.633132775625 159.507145484289 161.571800708771 165.609498818715 173.246661822001 186.150511105855 201.60702864329 205.742696921031 216.998775800069 223.92729918162 225.573142369588 224.634885787964 225.83148876826 223.402082920074 224.196394284566 227.387169996897
33.4765166044235 16.3571139176687 5.76057285070419 1.49004207924008 0 0 3.07080056518316 26.5266348918279 48.7023989359538 68.6301241318385 84.8432878653208 94.7859485944112 88.3814692497253 76.8600404262543 75.7256100575129 94.5790112018585 109.047671159108 122.66351779302 131.894489129384 134.456763664881 126.982589562734 127.032419045766 126.336097717285 126.951456069946 130.301972230275 129.660586516062 134.115109841029 144.078473250071 145.477265119553 139.597147703171 144.270767768224 150.659064451853 152.3643831412 151.542365550995 156.836450099945 164.641797542572 171.639223893483 178.61928542455 185.672680536906 188.636203606923 195.111056168874 202.152053515116 210.133691628774 217.845022678375 213.444908459981 219.704031944275 220.476766427358
43.3043092489243 18.1663557887077 2.32130583996574 0.195219433711221 0 0 0.807136452446381 15.090656777223 28.5070985555649 52.2928138573964 84.1287871201833 98.5180934270223 115.206936995188 109.910468260447 94.3404237429301 91.2403464317322 96.7493951320648 110.902080933253 124.45275982221 137.520949045817 139.335453510284 136.440912882487 138.824651638667 138.594686985016 136.950840552648 138.438175121943 140.440960725149 144.867976506551 142.97013481458 138.471682866414 141.78321758906 146.530658006668 146.091878414154 146.083176136017 150.525708993276 155.152291059494 156.19108080864 154.650022586187 160.745730002721 163.122236728668 170.490523179372 180.365920066833 187.303463617961 193.261901537577 195.955614248912 201.561947663625 212.505996227264
36.5553771456083 21.4518159627914 2.4424825484554 0 0 0.178834384617706 8.61570549507936 18.4953014055888 29.229924082756 46.0967222849528 71.6783752044042 99.9773144721985 119.95255947113 126.065363486608 115.237692991893 95.2605207761129 89.9088581403096 91.4257963498433 107.221533854802 131.003161271413 142.414073149363 140.557984511058 142.137269179026 136.112074057261 135.624756415685 144.410848617554 147.890508174896 145.359754562378 143.024663130442 147.096236546834 146.431316932042 146.377136309942 143.753111362457 141.490032275518 142.886430025101 142.192761103312 139.796783526738 134.650409221649 139.005422592163 141.725718975067 146.541148424149 151.990493138631 156.645774841309 160.486807425817 175.780951976776 183.27397108078 200.760106245677
32.0374990502993 24.7962151964506 6.0773187627395 0 0 1.81942169244091 9.70861191550891 22.2968210776647 34.6442734201749 42.6283776760101 58.1939319769541 85.9726965427399 105.468879143397 122.201889753342 126.603225866954 120.187878608704 114.743798971176 104.288727045059 98.2945263385773 106.33984208107 129.118223985036 142.128308614095 146.805763244629 144.821753104528 138.396581013997 138.252864281336 146.459211905797 146.956890821457 155.28334180514 160.757333040237 159.222463766734 147.428929805756 140.758881966273 136.278440554937 131.809771060944 130.775153636932 125.970800717672 124.411364396413 126.040458679199 130.26683529218 132.327030102412 135.076224803925 138.699948787689 141.81113243103 160.741031169891 172.499676545461 186.291575431824
27.7694364388784 27.36463646094 17.0123614370823 0 0 6.90337146321933 15.6329832971096 32.3077986637751 43.7708298365275 49.2625931898753 57.2788019975026 72.8722661733627 92.651625474294 111.495584249496 124.015301465988 134.529769420624 135.945747296015 128.111253182093 113.281706968943 102.056384086609 111.460377772649 133.317867914836 138.836016257604 145.074317852656 146.462788184484 147.164314985275 150.61871210734 147.612075010935 152.16064453125 157.251516977946 155.672490596771 152.372489372889 144.082278013229 135.672628879547 128.861208756765 127.088099718094 123.818020025889 123.707542816798 124.187817176183 126.910934845606 129.225343465805 130.411952733994 131.108194589615 134.473959604899 146.966556708018 162.597864866257 172.350684801737
29.2973344524701 34.970427552859 33.6536293228467 5.46270484725634 3.2924534752965 17.6691710948944 28.5707587997119 41.8921162684759 54.5358310143153 69.0707514683406 76.5150388081868 78.4169832865397 85.5520367622375 96.8537926673889 114.428212245305 129.701058069865 136.557787656784 138.413856426875 137.278189261754 123.312294483185 106.787800788879 118.111292521159 124.319036801656 137.905389070511 146.997670332591 150.963803132375 152.343640724818 153.157293796539 148.108720779419 139.986336231232 136.473794778188 144.167025883993 133.890887101491 138.59083255132 133.413285017014 127.846111853917 125.661720832189 123.1622894605 122.868955135345 126.56972805659 130.451848109563 132.600794235865 132.385124762853 134.306112925212 135.420272747676 151.156365871429 156.696190436681
30.5913736422857 31.764363249143 43.1550145149231 29.8973495761553 17.9482065141201 30.1297257343928 28.1459341446559 43.4459795554479 54.9272298812866 69.9970970551173 78.2657861709595 74.7723082701365 73.5303163528442 78.8559118906657 94.3444768587748 113.410075505575 121.393382549286 129.704763491948 136.109242836634 138.38404417038 130.230049292246 117.65710512797 119.991014401118 128.214220205943 136.46987080574 143.179575602214 149.005065361659 146.398444970449 141.417950391769 133.881906668345 132.218976815542 120.683938264847 113.629559675852 116.508622964223 113.730291525523 113.144775231679 126.478433609009 117.5204316775 115.089952945709 123.724420865377 130.347688992818 133.132507403692 136.34580373764 134.639998277028 130.258699258169 141.491095225016 143.275628487269
40.225975215435 27.787576119105 29.9262478947639 43.8504566748937 38.0725860595703 35.2557152509689 26.9980629285177 40.4714693625768 50.0553101301193 60.10901927948 67.1337991952896 66.7482763528824 61.0340933005015 65.4186556736628 75.9726464748383 92.3239986101786 104.137033224106 115.114519993464 125.976473093033 141.403565804164 148.473074038823 137.862821420034 135.798394680023 136.727313200633 134.924630324046 136.483460664749 133.813957373301 136.249959468842 132.021993398666 132.20602273941 116.76624417305 99.2537140846252 88.143785794576 70.7328617572784 70.4578856627146 80.2115897337596 82.6170295476913 92.5357143084208 94.5463478565216 103.711664676666 110.713978608449 114.230444033941 118.675053119659 117.633690436681 122.573266426722 129.596889019012 134.664436181386
