input/barkrak2/radiation/dir22524.grid
NCOLS 85 
NROWS 70 
XLLCORNER 665100 
YLLCORNER 4664600 
CELLSIZE 20 
NODATA_value -9999 
[rows 0 to 19 of 70, columns 0 to 45 of 85]
306.116700172423975 312.838395436605 316.725532213847 320.934971173604 321.748514970144 320.097088813782 313.456277052561 307.399948438009 310.876786708832 311.097939809163 308.736701806386 313.552379608154 316.47268931071 316.660245259603 317.936638991038 317.933936913808 312.153875827789 305.88032801946 302.484035491943 290.336986382802 274.288396040599 277.114868164062 298.097829023997 305.255055427551 303.591052691142 305.364767710368 304.575184981028 294.468839963277 274.960199991862 270.473480224609 267.735103766123 279.404699802399 301.610350608826 300.346593062083 306.611259778341 297.712385654449 298.356175422668 307.577033837636 298.408091068268 306.004683176676 294.659932454427 284.796297550201 294.061720371246 309.091567993164 310.627341270447 306.466579437256
284.1717004776 296.282013257345 305.87504307429 314.701676368713 320.242603619893 319.016337394714 312.20938762029 305.985073248545 311.287780602773 312.440435091654 307.466467221578 311.003267765045 316.293974717458 317.003349463145 316.796024640401 316.405355930328 315.095484256744 310.05863348643 306.857327620188 297.483007113139 288.425823052724 290.566225846608 301.705201466878 306.30232890447 306.932349999746 306.75733089447 303.437113761902 296.049316724141 279.462397098541 271.201928456624 272.412419319153 289.314786593119 298.888583978017 299.531141916911 306.512514750163 297.939300537109 296.166857083638 300.176044305166 296.647111574809 306.154052416484 302.755256493886 294.018010298411 298.117280006409 310.548623402913 314.06307220459 309.285958607992
255.672872066498 266.69450600942 275.442024072011 285.290757815043 295.962611834208 301.831920941671 306.08348051707 309.332251548767 311.450322469076 309.200803438822 303.849856058757 305.846949418386 314.842700958252 318.194071451823 314.740061759949 318.549116452535 322.449564933777 321.376701196035 315.676311651866 308.544218540192 308.36413304011 307.12107817332 304.943184057872 305.399894714355 308.446784814199 308.295090993245 302.074154218038 294.202327728271 282.005409399668 273.036440213521 275.426586469014 294.241070747375 291.190683841705 295.720378557841 305.253783861796 299.23411210378 290.57522614797 287.524024645487 294.814745585124 306.369841098785 304.563045501709 300.696750481923 298.286557197571 307.93708562851 319.01353597641 314.882437388102
240.955789883931 241.103847821554 248.439073562622 254.933694998423 260.710914929708 265.488187472026 271.007855733236 282.259205977122 295.888463656108 305.041511853536 307.650129000346 312.348584334056 317.989945411682 319.435397783915 317.809581756592 316.507776578267 317.294875780741 316.704710324605 314.830839633942 312.898198763529 311.194578806559 308.796842892965 311.987121899923 310.500204563141 309.053699175517 310.798863569895 306.280553340912 297.959446907043 291.549324989319 285.280505816142 279.495755831401 295.718252658844 291.742384433746 295.459528764089 299.016157786051 299.949367841085 296.510338783264 294.197837511698 305.490334828695 310.437897841136 304.748912652334 296.142478783925 291.775027910868 302.464425563812 316.605945428212 315.123120943705
259.64609781901 245.864689350128 234.884719053904 226.288219292959 230.340441068014 244.920750459035 262.565851211548 271.120448907216 278.596043586731 284.193356831868 298.172831535339 311.103026072184 318.278511365255 321.103135744731 321.168303489685 320.766866207123 317.267258961995 309.983789920807 309.614817301432 311.983366807302 309.718708197276 308.718462785085 314.725597699483 313.737233479818 311.16380294164 312.362929185232 308.307588100433 301.347513993581 295.028805732727 290.803690751394 292.705635229747 302.873611450195 298.704425493876 299.987594286601 297.107497851054 299.528380235036 306.36469523112 309.744477272034 312.402407328288 312.468846638997 310.37970383962 303.695837656657 300.294518470764 301.395138104757 306.144913037618 313.423832257589
294.896920522054 274.023095766703 251.086711883545 230.446298917135 222.594757874807 231.774131457011 254.514932632446 268.570462862651 271.676341692607 271.879037221273 279.634952545166 290.178736050924 297.30761051178 301.982402801514 307.111223538717 310.065746307373 307.887236277262 304.421106974284 306.360562642415 310.795525709788 310.718794663747 313.808480898539 318.493843078613 316.232899824778 314.755062262217 315.902809302012 311.683853467305 305.48361937205 297.81711101532 293.623030185699 299.247145652771 303.879380226135 305.944720904032 309.436698754628 304.463803768158 301.327109336853 307.023425896962 310.924053192139 309.779584407806 310.123483339945 310.704608758291 306.879460811615 305.633326371511 305.852055549622 301.2615442276 295.256455739339
309.785803159078 293.588221073151 278.136849403381 260.968744754791 242.822309335073 231.370290120443 237.249255180359 262.8187139829 273.70552221934 280.299723148346 278.053442637126 273.046871026357 269.588311513265 266.516228516897 268.498698870341 280.734539031982 289.282123247782 300.424635410309 309.568723042806 314.986864725749 314.465681711833 312.675217787425 317.413111527761 317.690094312032 317.233443260193 318.468034267426 316.783428192139 311.986565589905 305.108547210693 302.963376045227 305.055618286133 309.651593367259 318.504452705383 320.202827453613 316.679378350576 310.523231824239 309.143443902334 309.769372145335 310.441712538401 312.977254390717 310.929934183757 307.332873344421 306.337873140971 302.77818441391 288.323839505513 282.068292299906
312.374432881673 307.483573754628 301.076054573059 290.394882361094 272.801915804545 247.155944506327 227.951010068258 227.257867654165 257.60809580485 278.526584307353 284.377733866374 281.016866366069 273.98020029068 265.629629294078 255.098203818003 258.130411307017 268.61963669459 281.523962815603 298.390905062358 310.323139031728 314.464886983236 313.425421714783 316.24444325765 317.184130350749 316.614349683126 317.99320379893 317.835052808126 315.309623877207 311.06032927831 312.069217363993 314.758042494456 317.288180192312 322.305162747701 322.171330451965 318.855543931325 314.977526664734 312.372406323751 307.899912198385 301.426351070404 300.552268822988 305.679837862651 311.385850111643 316.45389397939 313.362022240957 300.447205702464 290.48099120458
307.309846083323 307.903031508128 306.053320566813 301.305452982585 292.203684647878 276.023228963216 251.036286354065 225.386420885722 235.909581184387 257.053911685944 273.831685384115 280.617872873942 281.577905019124 279.623071352641 271.191855271657 265.545507272085 262.383719285329 266.254981358846 278.157869974772 291.695912679036 302.619894345601 308.90687306722 311.839620272319 309.20547246933 310.299754142761 312.444408734639 313.459277153015 312.664886315664 311.790466308594 316.253781318665 319.197078545888 318.586190541585 319.360375404358 319.60666179657 317.34557946523 316.154996554057 312.779625256856 307.096441586812 295.298536618551 296.351174513499 311.259051163991 319.291373093923 320.112506548564 316.635092099508 307.38373597463 299.582362174988
287.800431251526 294.856111208598 298.374712467194 298.45263560613 296.447217464447 294.497072696686 283.198257287343 268.465101718903 241.464078426361 233.249584833781 244.710127512614 266.371726989746 283.220330874125 290.579577287038 292.21385717392 286.442478497823 274.59987004598 269.668102264404 269.11739508311 271.960059801737 279.082655906677 284.704407056173 290.143529574076 294.60887114207 299.933393796285 302.529176076253 304.118355115255 303.812603155772 304.399331410726 308.95475546519 310.116012891134 310.492197672526 314.384559790293 317.381799221039 317.56063302358 314.300417900085 312.463502089183 310.096899668376 296.995480855306 298.384408156077 314.268867174784 318.669736385345 317.479809125264 313.799281915029 304.580688476562 297.088404496511
246.333261330922 257.859508196513 268.30263932546 276.615520318349 284.034887949626 290.099720160166 292.127728462219 288.984298706055 267.227013905843 245.007713635763 232.202331225077 238.355954488118 262.54141330719 282.940705617269 293.82852713267 286.59196694692 280.871113141378 275.818943977356 268.438279628754 263.92012834549 264.182090759277 264.151255289714 266.939699649811 276.848594347636 286.238829294841 292.087435722351 293.836871782939 293.719172477722 297.586957613627 301.410396893819 303.444643815358 306.141277154287 312.039097150167 314.616998036702 313.715199629466 311.9811018308 313.31459681193 314.832806587219 308.493355909983 306.837340195974 313.673973083496 317.284643650055 318.138221899668 316.872954368591 309.725006421407 304.505507151286
208.015322685242 213.049391905467 221.097588539124 232.623020807902 247.138301531474 261.142015457153 276.672621568044 281.773289044698 282.642563184102 271.771311759949 249.530673027039 231.468578179677 233.88135433197 253.896832466125 276.208182175954 278.326153755188 283.98589293162 281.852304935455 274.23216899236 264.650901158651 258.986314137777 256.481607755025 256.607313950857 264.48001464208 270.879844824473 275.374372800191 277.654846509298 281.16508324941 286.571542421977 290.274500846863 293.803811073303 297.730187575022 302.663385868073 304.753522078196 304.253856341044 304.761469364166 310.667673746745 315.784414609273 316.301922003428 315.867702166239 317.318002382914 319.900254408518 320.552706718445 318.256100018819 313.479204972585 311.473528544108
196.511725584666 192.334850629171 190.109074115753 190.110603968302 197.655240694682 213.568886121114 237.007816632589 256.499906380971 280.186613400777 283.932526906331 274.724006652832 254.721283912659 229.527314503988 227.412223815918 247.752765814463 270.807305971781 283.60124429067 285.654346148173 281.94264570872 274.826327959696 266.658703486125 265.871345996857 265.467544396718 266.253491242727 266.343792279561 265.483637650808 269.17686065038 276.049673557281 278.966744740804 280.133664608002 284.284909566243 288.893342018127 290.643692016602 291.24641418457 292.94099410375 296.750664710999 305.418233076731 312.682052453359 312.83970673879 316.227376461029 317.695717016856 317.911903063456 317.170520623525 316.55216217041 311.661660671234 309.861699740092
191.648781299591 163.6863052845 146.1494465669 141.641994317373 140.100101629893 145.665268103282 165.728648503621 199.917852878571 236.35212580363 266.772051652273 281.57256046931 281.614263852437 266.342361768087 243.580977121989 241.055289904277 262.889583905538 277.192334334056 287.435491879781 292.479356129964 289.639890193939 280.81492582957 278.04305156072 274.628520011902 274.417142073313 273.90585343043 271.87834183375 274.68220392863 281.70512119929 281.013707319895 275.394181410472 280.036767323812 284.488717714945 286.059419314067 286.400516827901 288.357357184092 293.977300326029 298.933506011963 302.832285563151 304.689625898997 304.93970712026 307.751337687174 311.040977636973 314.381241798401 315.247058868408 310.416022936503 309.689621130625
173.923393090566 136.40088836352 113.231331110001 108.829349279404 110.431124766668 115.573306878408 124.288340409597 150.425006945928 179.166773955027 226.186394691467 273.212691148122 295.779546101888 298.886676629384 284.619530042013 263.019343217214 259.119967619578 262.90371020635 276.160617669423 290.005326271057 295.925994714101 294.548948605855 289.815485477448 287.980020046234 285.336176554362 281.441728274028 279.968202114105 282.18549489975 283.975481987 279.053688049316 275.528848171234 278.479695320129 282.512724399567 282.690723737081 282.757500807444 285.90722878774 289.118508497874 289.781192938487 289.004067579905 291.874984900157 291.353980700175 295.741279919942 301.396091779073 305.438001950582 306.095282236735 304.290970166524 304.970423380534
150.160978237788 122.788449128469 94.0162539482117 90.2490814526876 105.207363764445 129.304140806198 131.966481606166 140.835106372833 162.913451592127 192.668815453847 239.287714163462 290.000339349111 307.242194811503 305.47958612442 290.747900803884 265.426973501841 255.832850933075 258.190910021464 272.179345289866 292.304734388987 299.999932448069 296.051820119222 296.978791554769 292.37953821818 286.788622538249 287.136872609456 289.148489634196 285.937627156576 280.627508958181 283.025801181793 284.398933251699 283.893704414368 280.827780564626 279.804130395253 280.452529589335 279.913624127706 277.462482452393 274.049639701843 276.355425516764 277.975022792816 281.194686889648 285.920977592468 288.25447956721 288.297434647878 295.131206512451 298.926830291748
129.786193370819 120.881527662277 96.3903665542603 81.5938313802083 86.3310396671295 111.699948708216 131.310184796651 142.740835746129 159.243404865265 173.122723897298 198.797504107157 249.443630377452 287.94793287913 305.908580621084 302.67330010732 292.945861816406 283.203323682149 270.373503367106 261.830687522888 270.441174507141 290.060142676036 298.807740211487 301.471809546153 297.927002112071 292.287568251292 293.256858984629 296.867907047272 292.768518129985 289.703587690989 294.116655985514 293.720920880636 284.969607988993 280.15794356664 276.467005411784 272.530178229014 271.569609642029 267.874916394552 265.911559263865 266.455928484599 269.390781720479 271.773139635722 273.475686709086 275.937835375468 278.192738691966 290.764371554057 296.378235022227
122.353672981262 125.308682521184 115.450332562129 93.4551556905111 79.3697337309519 101.141462723414 128.169496854146 148.607045412064 166.543324788411 180.02055088679 187.794963518778 212.018628915151 247.105797131856 268.374701340993 297.931631406148 307.398835817973 304.577986399333 294.419864813487 277.838488419851 263.88676961263 272.52197265625 293.572942415873 297.182460625966 297.208587328593 297.597825527191 301.69665813446 304.856777191162 302.671591440837 300.054013729095 301.587959130605 297.053714593252 288.058002789815 282.104591528575 276.382168134054 270.563920338949 268.136401971181 266.069014867147 266.261200110118 266.27920071284 267.274737358093 269.572198390961 271.114508310954 271.224816640218 273.847202459971 283.36105744044 293.310324350993
130.309075117111 139.823913574219 142.614950736364 123.006999492645 103.129953145981 119.553615649541 137.509316205978 158.63898396492 177.007794380188 196.537295977275 208.979527155558 211.808800697327 231.490731239319 244.413157304128 260.626554489136 281.597892443339 303.115944067637 303.610682487488 299.380501111348 285.037616888682 268.872141838074 279.271125793457 286.256988843282 293.501575787862 301.234980424245 306.778371334076 309.187789758046 308.890879154205 303.816954294841 302.310725053151 296.141942342122 290.422161420186 283.960024515788 277.610500653585 274.060050646464 270.23454507192 269.667903582255 266.480286916097 265.837291876475 268.682599067688 271.514058113098 272.965391476949 272.548576196035 274.211923281352 275.820930798848 287.217656771342
139.547169208527 143.742303053538 156.088908513387 159.6506635348 147.064477205276 139.321645100911 141.140719254812 153.852909803391 168.906410535177 192.20232963562 203.791876633962 205.194513003031 209.33852593104 219.614148139954 236.779113610586 257.189194361369 269.160330295563 282.662967840831 296.936392784119 297.873695691427 290.78749815623 279.630144437154 280.370831489563 287.392238775889 296.542207400004 303.786059220632 308.777689933777 308.314065138499 301.598866780599 300.639530022939 295.637130737305 288.76934448878 282.673418521881 278.780142466227 276.156226793925 272.321740786235 269.599696000417 262.588659922282 260.238965352376 267.926494280497 273.67772658666 274.427473545074 276.711304982503 276.451945304871 273.082673549652 281.589031219482
