input/barkrak2/radiation/dir21424.grid
NCOLS 85 
NROWS 70 
XLLCORNER 665100 
YLLCORNER 4664600 
CELLSIZE 20 
NODATA_value -9999 
[rows 20 to 39 of 70, columns 0 to 45 of 85]
168.113748232524 159.677614768346 174.057284990946 212.667763233185 208.453019460042 169.304847717285 155.197650194168 164.696534474691 177.33895778656 194.812119007111 210.309684276581 215.016007423401 219.075481096903 224.415918191274 240.367611249288 260.471840699514 276.784221331279 290.847738583883 309.733827908834 318.630655606588 321.812411149343 313.614249229431 312.225222587585 314.244906107585 314.75172440211 316.395541032155 319.08655166626 316.546698411306 312.815944353739 312.042554219564 305.338740348816 293.095966180166 282.39228328069 276.552776495616 274.314403533936 279.422342777252 279.451529184977 281.763831774394 286.579489707947 291.068454583486 291.029671827952 291.118462880452 293.609340985616 287.673691908518 292.667547861735 295.476655165354
198.402484258016 194.464425245921 207.501629988352 238.700826962789 235.210478305817 179.816404978434 167.883276939392 174.283762772878 182.323435942332 193.349679311117 202.367524305979 209.770321846008 215.608298778534 216.317216555277 225.244681040446 246.354381243388 261.054535706838 277.097543080648 290.187040964762 310.63191095988 318.662583827972 325.343231360118 327.68436272939 326.526582241058 320.955912272135 314.993600050608 311.272998650869 307.210485140483 308.034737904867 301.531573136648 283.743004004161 253.234525521596 230.681618054708 226.628879706065 233.620186646779 253.315468629201 261.313041051229 276.930391788483 286.514441172282 287.524501482646 285.611569881439 283.674617608388 277.775605519613 263.12780380249 283.153017361959 292.867402235667
240.994314352671 246.137619018555 247.507850329081 256.872336069743 256.171802679698 210.280418395996 192.612707614899 181.323150793711 178.378423055013 185.473700364431 201.617320378621 212.898751099904 220.299124717712 224.129358927409 231.057445208232 241.104523340861 253.339469432831 268.33697160085 280.416289965312 287.876228491465 294.384598731995 311.171690622966 321.222583452861 321.975429852804 316.784004370372 310.529907544454 295.073568820953 278.262734413147 271.531522274017 250.384430090586 221.733073393504 177.606364091237 151.749233404795 166.59755508105 194.841901461283 220.524748166402 238.717297712962 260.014573733012 273.104190826416 275.534828503927 278.99165948232 279.819548130035 256.25346104304 234.351356824239 262.436966101329 290.112773577372
265.515863895416 265.728493531545 258.308589458466 262.089610099792 261.710544427236 246.778686841329 215.001285076141 189.37748670578 175.183176994324 179.785291353861 200.820962587992 212.495644887288 227.782348791758 235.844314098358 237.108747164408 242.549061775208 253.531455993652 264.935334523519 274.477998415629 269.679387410482 273.276050885518 270.780026912689 275.877157847087 281.703273455302 282.81440337499 278.553545475006 268.353680769602 253.759721914927 234.377364317576 188.569585482279 161.81942820549 137.437283992767 104.269514481227 92.4318035443624 104.190866152445 138.734002908071 187.316636244456 215.385059515635 232.674340407054 243.201573689779 241.675873597463 228.041430314382 214.183151721954 247.642636299133 249.605854352315 280.385851860046
258.600910504659 259.497284889221 262.670636177063 264.103372891744 254.185696442922 246.898909409841 222.773671150208 203.544457753499 186.457494894663 180.551886558533 192.498524983724 210.90042591095 222.86601861318 234.241704146067 237.964749336243 239.724636077881 249.774634838104 259.566207726796 268.536150455475 259.004414081573 255.250036716461 241.884072621663 249.759296576182 258.486350377401 262.590785821279 264.327863852183 252.774357795715 239.724536736806 209.13032690684 156.999131043752 137.181262175242 133.709291617076 112.461060285568 75.0401963790258 68.096453944842 89.1075730323792 128.363996744156 165.408213933309 193.633874257406 207.119067509969 197.204530239105 175.137182076772 196.584383646647 267.497022946676 263.548533121745 283.010959625244
250.681320826213 255.209406216939 264.0673716863 262.344320615133 255.478580792745 247.105975945791 232.898791631063 228.53680451711 222.919046878815 208.561559518178 206.522067387899 222.959478696187 234.638710816701 245.539724826813 249.213178952535 244.742393493652 245.996356010437 251.911083857218 255.679746468862 256.471395492554 260.904550552368 253.421088059743 248.997946580251 248.514612515767 250.01605351766 251.208583513896 242.901702721914 234.851956367493 189.876516660055 165.741046269735 163.722703854243 178.990463415782 180.082400639852 140.931715567907 106.786638498306 101.568043231964 112.585326035817 137.816081444422 167.774875958761 185.605049133301 170.734365781148 162.186086177826 206.127921740214 261.84211174647 281.861245632172 293.259998162587
251.979231834412 255.023777484894 261.605262756348 262.146910031637 269.13187901179 260.641713937124 250.714341799418 246.802767117818 247.973640759786 241.727650165558 229.210356871287 242.085893948873 251.796901226044 261.841515700022 262.833058834076 250.121235847473 241.595506668091 249.287287394206 256.155073642731 269.237260023753 268.59845717748 264.696478843689 257.381161053975 250.853359699249 250.874996185303 249.286969502767 243.22501818339 235.326528549194 203.639725844065 197.900235652924 217.664142449697 242.194255193075 247.933586438497 252.398709456126 218.02697579066 139.952758948008 129.938354094823 138.116935888926 161.451150973638 173.42080672582 182.262778282166 212.599356969198 223.927219708761 243.098239103953 270.817657311757 281.753500302633
255.864898363749 252.471228440603 255.229771137238 260.536154111226 292.867302894592 275.411188602448 262.971043586731 250.994582970937 252.39638487498 257.856567700704 246.124227841695 249.309420585632 258.809884389242 261.583209037781 260.645151138306 256.465017795563 250.670890013377 256.700992584229 264.746924241384 270.357668399811 269.805530707041 261.027693748474 256.04259967804 258.512616157532 257.067203521729 256.161252657572 250.147541364034 245.91722091039 230.335791905721 230.005045731862 251.666108767192 266.009291013082 266.989390055339 280.583004156748 291.687846183777 216.703514258067 157.617141803106 143.235782782237 152.350962162018 174.742639064789 219.230850537618 272.329390048981 238.079528013865 229.394336541494 254.182000954946 261.845270792643
254.314104715983 244.751513004303 248.27919403712 266.857186953227 308.415949344635 278.144419193268 256.01202249527 245.020111401876 248.226503531138 252.515474955241 248.227636019389 245.613694190979 254.103144009908 259.199579556783 260.307232538859 263.807555039724 260.206560293833 254.33615843455 263.995011647542 263.922949632009 262.96333471934 257.708291212718 257.135808467865 261.163512865702 264.210104942322 257.851203282674 257.584055264791 250.893712043762 241.534431775411 239.946226278941 261.399726072947 278.376738230387 278.846681118011 278.036157290141 294.31958993276 280.499716599782 186.74236536026 132.128775119781 121.730546156565 153.687059879303 228.293279806773 255.706191062927 228.000462055206 200.177510579427 221.755941708883 233.34002494812
247.964878877004 236.81104183197 244.148135185242 277.14733282725 306.318541367849 274.791280428569 246.529936790466 228.531857331594 222.42792447408 224.719345569611 225.926736990611 232.061545054118 245.698054631551 261.028130849202 264.196217060089 268.161237239838 265.621741612752 255.035916964213 256.121397018433 258.108019828796 256.949146588643 258.91238451004 259.111920992533 263.042708237966 265.700260798136 261.009256045024 263.427456219991 256.28270705541 246.317664782206 248.28577041626 268.065392971039 285.447557767232 281.185944875081 278.604408105214 288.440008958181 300.944844881694 270.056943098704 191.147665182749 147.996505101522 158.369908730189 195.124983787537 209.51771736145 213.336726029714 181.768139203389 188.993374506632 211.670716603597
238.075216611226 246.841172377268 276.658316453298 322.617948055267 321.560978889465 281.997243563334 244.820634524027 214.769124984741 204.548239707947 216.835498809814 210.83935101827 209.713101387024 237.975895404816 256.19504849116 265.176196893056 271.060506502787 270.909984906514 259.879946708679 260.322133700053 260.778327782949 259.761651357015 263.818462689718 267.269968986511 267.995893955231 269.767244656881 270.454525947571 271.889527638753 266.946951548258 255.6112408638 260.02828280131 275.070508321126 287.186185518901 283.874094486237 285.550812880198 291.208624839783 294.557730356852 307.810624440511 304.672280947367 234.777987003326 188.445289929708 174.666663010915 168.448805809021 185.252070426941 179.863413174947 182.9700867335 211.501320203145
256.771445274353 285.732964674632 311.369200547536 320.789774258931 342.247645060221 317.550083001455 277.024467786153 239.138642946879 224.690139293671 237.238963445028 231.764117876689 214.669346809387 229.92205619812 254.489541053772 271.528820196788 272.47683207194 272.908846537272 270.528316497803 264.147758483887 264.08855120341 264.679948488871 270.150502522786 272.214670976003 269.250750541687 271.212836106618 278.852303822835 278.138279914856 281.362652778625 273.528258005778 274.003863334656 281.018575032552 286.317348480225 288.262625535329 294.053395589193 297.278980414073 286.576012770335 292.911410331726 321.921825408936 304.833213488261 238.880117734273 189.081152280172 169.10974184672 170.778552691142 183.924436569214 205.607831478119 231.085360050201
295.428156852722 310.347119967143 307.26420879364 301.014482975006 317.850808302561 332.17446009318 319.616198539734 290.136555830638 264.739592870076 263.815104961395 266.071677207947 243.552108605703 231.694499651591 253.354211648305 273.261964321136 278.623481591543 273.6896276474 277.50031153361 267.099579175313 265.435496966044 268.725514411926 270.65388361613 270.875930786133 266.36145512263 269.983549912771 278.738538424174 284.009555975596 286.288102467855 280.379891395569 279.595971107483 288.3180975914 293.248375256856 290.480732917786 291.980008284251 295.922537644704 285.000006357829 285.031855106354 298.993527889252 291.52117172877 258.407791455587 225.84189971288 193.316022555033 176.641225814819 181.525965531667 203.081250190735 233.565330505371
298.117359479268 296.121815840403 290.440360705058 280.536115169525 282.012939453125 300.351818402608 314.945816993713 306.326548258464 289.858440558116 285.761574904124 287.282506624858 270.320455233256 255.090673764547 262.731810410817 273.396809895833 273.272514343262 272.265056769053 275.573054949443 267.578224341075 268.597761789958 267.11110273997 266.798694928487 265.64351717631 264.661073684692 268.408040205638 275.748292605082 285.019179185232 286.406000455221 282.364845275879 284.068902333577 292.890171209971 291.727542877197 280.326724052429 276.833474636078 280.420621236165 264.380633831024 262.332181135813 259.157240390778 244.548797607422 240.916232268016 251.949270566305 224.149405956268 201.060235500336 185.296436150869 186.059971650441 212.875723838806
295.694887638092 288.676102956136 294.354756673177 281.951387723287 275.020321210225 285.390277703603 307.565371195475 322.72477944692 311.19445959727 295.068224271138 287.934025128682 284.058133761088 284.239808718363 277.97391017278 276.538252830505 278.144260247548 275.516629219055 269.984404246012 268.65142583847 273.007174332937 268.587489922841 266.820649305979 266.656597455343 266.059835751851 268.102864424388 273.57025941213 278.661410013835 277.568121751149 277.287324269613 286.613206068675 291.533529758453 283.156593640645 267.955084641774 270.744860172272 268.037537733714 250.688175360362 252.391219139099 251.753826936086 252.441863218943 263.688584168752 265.845855077108 260.258734226227 237.320065498352 219.239175319672 200.780391693115 196.340998013814
312.219520409902 308.628837267558 316.651920477549 312.088131904602 303.047557671865 305.810193220774 319.745481014252 336.690187454224 324.829518795013 299.953659375509 286.541203657786 289.819041887919 299.646596113841 291.215161482493 283.683677514394 282.703816890717 278.792818387349 272.129535675049 275.227069854736 275.128304958344 273.847957452138 270.512938499451 270.280400911967 273.473064104716 269.126256306966 273.090779781342 275.018254915873 272.649506727854 274.094521999359 285.47865152359 288.11921676 280.109465122223 269.83235279719 270.650188128154 260.135610898336 254.786829153697 260.151386260986 262.319306532542 271.038969357808 287.60039806366 254.799822966258 244.881590207418 234.11770661672 225.960254669189 210.613210995992 191.597243150075
328.710973262787 327.105144659678 330.021480719248 330.959359804789 322.66902923584 316.931088765462 322.30927546819 335.652828216553 328.389743963877 299.445509910583 289.474387963613 294.943551222483 300.970514615377 289.139270782471 282.01150894165 284.896433353424 288.501044114431 279.584626356761 280.557950337728 282.951732476552 281.706293423971 276.797930399577 274.885376294454 276.478548844655 273.551404476166 271.450738112132 273.709297180176 278.049846490224 279.27561601003 287.501811981201 289.299329121908 282.674113909404 272.305448849996 268.300255139669 256.996115048726 261.341373125712 266.851584116618 268.112281958262 270.650327205658 280.08496761322 238.59171072642 199.973444143931 187.889277935028 183.314899603526 183.423777421316 178.727348645528
334.749182065328 334.736386934916 333.875219027201 333.636919657389 327.644606431325 321.94592555364 321.488380432129 327.789823214213 331.007381280263 308.606088161469 300.896207491557 298.703451951345 295.966108640035 288.899143536886 280.654311180115 284.850537776947 293.758392333984 287.71984577179 285.083870093028 285.07254521052 284.468869368235 280.653576056163 277.243355909983 276.884396870931 277.599056561788 275.789221127828 277.343948682149 281.832377115885 283.82819890976 286.769866943359 288.564721743266 284.507652123769 275.03224213918 259.920318921407 250.136176745097 266.469955444336 275.474071502686 274.75239833196 266.01634422938 272.847235202789 238.102316856384 170.836627483368 142.99808939298 131.669839223226 136.086225509644 146.183460950851
329.003910223643 333.134432633718 335.1731300354 334.221045176188 331.947207450867 330.697317918142 328.174630800883 326.510945955912 328.38386297226 318.173885345459 315.636157989502 309.566617012024 296.487808227539 294.451077779134 289.017101128896 283.781250317891 289.690176645915 291.962186495463 286.614676316579 285.657246907552 285.835305849711 281.778713067373 278.588553269704 278.726041316986 279.980560143789 282.755057017008 280.525306860606 282.665928204854 285.538037618001 285.556435585022 287.883917490641 286.944508552551 270.914991696676 248.056054115295 255.814433097839 279.793957869212 282.662451267242 277.508775393168 262.534002463023 266.344130039215 271.262208620707 213.983913262685 156.596630811691 132.076889276505 128.944098949432 127.657264471054
313.016454378764 317.049821217855 316.806316375732 322.101056575775 329.327960809072 335.553169250488 339.071194330851 339.422384897868 337.485154469808 332.315981388092 323.052684466044 304.336130619049 295.952598253886 296.48357629776 290.544231732686 286.488155523936 290.582875410716 290.022154649099 283.387879530589 282.641768455505 286.173383394877 288.153608640035 286.246041456858 281.208733717601 280.031005541484 281.82586034139 284.213761488597 285.687883694967 287.495175997416 285.079578558604 285.870869954427 285.201986630758 264.565447966258 249.405344327291 273.866653442383 289.206504821777 284.779985745748 279.583017031352 267.66163110733 267.255663871765 296.040892601013 303.959170977275 242.128888765971 188.236832618713 152.702947457631 129.867533842723
