input/barkrak2/radiation/dir21824.grid
NCOLS 85 
NROWS 70 
XLLCORNER 665100 
YLLCORNER 4664600 
CELLSIZE 20 
NODATA_value -9999 
[rows 40 to 59 of 70, columns 0 to 45 of 85]
299.114127953847 299.820522467295 299.745778242747 301.263590653737 307.392696539561 310.983717441559 313.955982526143 317.022204399109 317.637761433919 306.957840919495 295.332531134288 291.24927520752 289.362708727519 287.040750185649 284.772296746572 284.038345019023 284.100572268168 282.221376895905 277.547299861908 277.770360310872 280.649085839589 284.789562225342 285.099387168884 280.452847480774 277.159651120504 274.622857570648 281.654894351959 282.54759311676 283.246457576752 281.439085801442 279.918392499288 277.978221575419 259.978175163269 259.394546349843 284.196654955546 283.942699432373 273.371855417887 270.064135392507 271.751940250397 266.68393611908 277.774453163147 309.586008389791 310.024539629618 253.165245056152 191.510995229085 154.438038667043
304.512917995453 302.501261234283 302.207887172699 302.591542402903 299.462894598643 297.90190855662 296.606659889221 297.089040279388 301.049649715424 294.170737266541 288.297375043233 288.751284281413 291.727821032206 292.171478271484 290.162523587545 287.52613067627 282.593568166097 288.958668708801 288.876791795095 283.83328517278 285.023887952169 285.188138484955 283.103366692861 284.06435251236 282.577236493429 277.787367502848 281.198461850484 281.252344449361 282.579700152079 282.903631528219 283.254623413086 278.685788313548 265.292346477509 271.010597546895 283.066232999166 273.432513078054 257.592876752218 254.467785358429 259.54794883728 267.227272192637 289.040446281433 302.469213803609 305.006305376689 285.413106282552 234.209974606832 188.870012760162
306.957503159841 304.528335730235 306.78786834081 305.976013342539 300.291279951731 297.598958015442 296.570301055908 294.042805830638 294.42020257314 291.994253794352 289.872745672862 289.888978004456 292.166113853455 294.228116671244 295.510411262512 290.99436601003 288.981239000956 292.637765407562 293.692688147227 287.46372461319 284.716327985128 280.9978723526 277.216970920563 277.986466884613 281.024018923442 277.456025282542 273.88455470403 275.77422062556 278.407057126363 279.943784077962 279.603918393453 274.841248989105 271.088798840841 279.215494791667 280.508518218994 260.626256465912 244.577507177989 248.364647229513 260.628263155619 274.00795618693 283.667286237081 282.946685949961 274.881641070048 267.340878645579 240.356206893921 189.703464508057
295.436183611552 297.087510426839 303.426007429759 301.443735758464 302.966753641764 304.342965284983 304.317196210225 301.698803901672 293.368975321452 292.478601137797 294.308404127757 291.711548964183 292.519827683767 294.8237657547 294.471323490143 291.500449180603 293.022056420644 293.936669826508 293.488403161367 286.918799082438 281.646291414897 278.684238592784 275.740047295888 274.574756622314 276.196698347727 278.438528378805 271.515905857086 272.785782814026 275.858342647552 276.435216267904 273.582875728607 267.907460530599 271.757384141286 278.177162011464 268.052637577057 245.787421862284 240.671277046204 253.487586975098 270.604769388835 274.816672007243 272.4396387736 268.368303775787 260.55641969045 249.661902586619 229.318122069041 194.026350975037
294.717212518056 299.293160438538 300.76007048289 301.008641719818 302.413423856099 304.14205789566 303.944269816081 301.342209180196 298.555970191956 295.121073722839 296.648859977722 294.106443723043 290.699601173401 290.096660455068 288.971225420634 288.297216097514 285.999516646067 289.429306983948 288.359860579173 287.084996700287 281.116267045339 280.304948488871 277.209440867106 276.744643847148 271.728793780009 280.201335748037 281.778931617737 276.767035325368 275.255878766378 272.756695747375 265.209714571635 263.144294420878 264.944752057393 263.615985711416 254.826962947845 241.816977659861 244.658668835958 260.528763135274 274.246156215668 269.658823808034 269.652148087819 261.380096276601 250.029623508453 239.664196968079 227.07188129425 206.673999627431
299.570818742116 302.912811438243 300.806164741516 302.400171756744 301.357428232829 301.556845506032 302.736600240072 301.330367724101 302.646358807882 299.84172185262 298.604587713877 297.390103340149 293.105244636536 289.879520734151 287.020146846771 290.450890858968 283.218423525492 284.899810949961 288.281957308451 284.515122572581 283.068557580312 280.077298482259 278.192639350891 279.876867930094 277.854343255361 274.778803189596 279.596288998922 275.442659854889 272.626459598541 271.651069323222 265.646020571391 261.058290799459 260.62931617101 254.932045936584 241.571227709452 232.198397318522 239.569127559662 257.934272289276 264.213959376017 254.833420117696 260.156313578288 251.679023106893 241.497079531352 242.744247118632 244.279344876607 224.009156227112
299.416065216064 300.617476304372 302.450915177663 303.659339745839 302.795946598053 302.8537829717 304.248849550883 304.93175983429 302.858630816142 301.541229089101 300.11659860611 298.683265844981 296.233435471853 291.731158892314 291.65776570638 292.108654975891 290.352026621501 281.174143155416 287.403583526611 285.719235738118 280.803203582764 280.509054660797 278.673072655996 274.636646111806 275.806208451589 270.352741082509 270.811359087626 273.692985375722 272.359490394592 270.25963862737 266.463736693064 262.524724006653 259.239236513774 251.79386138916 242.63060092926 233.772496382395 240.645666917165 253.250777721405 252.779920895894 252.886772155762 258.214712142944 247.423768043518 245.676636695862 253.667076428731 257.816751797994 239.454587300618
294.997274875641 296.885172526042 300.999482472738 301.853915055593 303.565144538879 304.892639319102 302.973330020905 302.655001481374 302.157819271088 303.457160790761 300.556282202403 298.19397131602 294.974803924561 295.212705930074 290.738900502523 290.640572706858 285.400867462158 279.380043347677 281.177520751953 280.100882053375 278.340439001719 277.685801188151 276.597499847412 268.856485684713 271.34503920873 271.010756492615 266.339063644409 268.763899803162 271.618207295736 269.114931424459 267.380118370056 265.196601549784 257.212420304616 256.374696890513 255.710124969482 247.282147407532 247.461974620819 250.758806864421 253.62241268158 262.679795424143 257.386426130931 248.91330798467 253.372232119242 256.010194619497 253.712912400564 239.618221918742
290.355960528056 292.194684346517 296.455542246501 298.254589239756 302.746574083964 304.395735263824 301.487227280935 299.570401509603 302.565574645996 304.261008898417 301.082074642181 297.272582848867 296.224315961202 292.764703432719 292.527576287587 284.466167291005 284.429589907328 275.822858015696 276.354312896729 279.541810353597 277.820368607839 278.049151102702 278.259535630544 273.523231347402 271.037638187408 273.76514673233 269.893169403076 271.840512752533 275.418082873027 276.189764340719 279.17210261027 277.004977067312 266.526063283284 266.977945963542 265.084147453308 255.544622739156 255.042672157288 256.842176119487 258.87006521225 261.029521624247 250.841955343882 245.58037519455 244.43256855011 240.026732285817 237.95090119044 237.864772478739
289.542257785797 286.953826745351 289.931575457255 295.332868893941 298.617402712504 300.890962282817 301.920135815938 303.847948710124 303.840259710948 299.458503723145 301.097591718038 299.97718334198 294.69088713328 293.009380499522 288.781007130941 282.566706339518 279.658516248067 276.345769564311 278.066635131836 282.096743583679 282.323936621348 282.813668251038 279.316902160645 275.798956553141 272.035916646322 277.228355407715 277.06253528595 278.018116950989 282.05813964208 286.114315191905 289.181192715963 286.424855391185 277.195195357005 276.022692521413 269.053816795349 259.492258230845 256.377577781677 261.069774627686 261.307199796041 250.085790952047 239.264766375224 242.136418819427 241.110702355703 235.419313112895 233.357767264048 237.836678822835
289.130747318268 290.744205315908 292.115529378255 296.354353427887 297.204375267029 297.669152418772 301.514089107513 302.934050559998 302.943329016368 302.634457747142 298.603951931 298.831899960836 293.265283107758 290.279487768809 288.828015327454 289.900660514832 282.612800598145 280.25096654892 280.264655749003 285.134692986806 285.253882408142 282.486120859782 278.857707977295 276.867071787516 272.821843624115 279.6417872111 279.529829819997 281.818747520447 284.81924533844 289.535105228424 293.213744958242 290.993730227153 282.119274139404 276.4865954717 264.792561531067 255.378266175588 255.226453145345 260.695318380992 256.458818912506 239.707271258036 235.177715619405 245.999415715535 246.370176474253 239.144802093506 236.224452654521 230.985899766286
288.107971350352 295.136074225108 296.894709269206 298.042714595795 295.177678267161 293.574968973796 298.941075801849 301.863412062327 297.964155673981 301.09707514445 298.523386319478 298.320710659027 295.241634051005 290.062149365743 288.875997066498 293.081859747569 288.938045501709 279.547433058421 276.87680721283 282.326539357503 280.584235986074 280.698041121165 278.313537438711 274.567703406016 271.934409936269 272.863646348317 276.074051856995 278.580983479818 277.442236741384 281.931559244792 290.087759494781 288.861691951752 278.725822766622 262.475768725077 231.866240501404 221.624493598938 237.310767173767 251.23409430186 253.677825133006 252.609610557556 255.92178106308 254.493792851766 237.643380959829 231.284280618032 238.950828711192 228.289465109507
289.626757303874 286.452809969584 285.599191983541 286.507646242778 292.174458503723 295.59204975764 291.754464308421 295.450210571289 295.41552066803 298.505902290344 297.943075497945 297.926803429921 297.971983750661 292.738219102224 289.770325024923 287.128726641337 289.095838864644 279.505670070648 274.70197280248 274.568279584249 273.870666821798 274.0372021993 275.826613108317 270.438035329183 270.597358544668 267.747978369395 268.549958864848 268.891115983327 268.354852994283 269.381086031596 271.320223808289 275.248408317566 258.139729499817 230.304439862569 200.843731562297 186.425546805064 200.191716353099 228.127996126811 251.050114631653 252.881129582723 254.459838072459 244.961678981781 227.96909014384 228.630264600118 232.975701491038 209.3386054039
291.230420271556 281.016727288564 277.351101239522 282.033026218414 288.850824038188 294.026374816895 293.406844139099 293.703039487203 295.59059937795 294.020811716716 296.446919441223 297.01699813207 297.256946563721 295.896569887797 289.60253794988 287.362535794576 289.762755235036 278.896808624268 276.663740475972 277.698576450348 276.579221089681 273.278752962748 273.610631624858 269.639174143473 268.326163291931 266.602635383606 265.753209590912 265.640695889791 264.0647093455 260.462641716003 251.382211844126 249.554395675659 231.633424758911 207.873980204264 195.821324984233 185.162345568339 173.209190368652 184.222181638082 203.550040721893 229.467689990997 240.855892499288 231.013894081116 224.921047687531 224.587639172872 216.048359870911 196.960826714834
289.91703192393 285.127282142639 278.89496088028 282.106836636861 288.825035095215 294.247090816498 296.834746996562 293.534815311432 296.705365180969 294.010519981384 295.279383659363 295.189698537191 296.927551428477 296.361804008484 289.762278397878 290.369947751363 289.815743764242 282.435258229574 279.564321041107 280.763030052185 280.606468518575 276.607354482015 273.79967768987 272.006154060364 270.573417345683 269.509692986806 267.381290594737 264.81701930364 261.075754960378 255.926668643951 245.840430259705 240.113397439321 223.645607630412 213.716467221578 216.010252634684 214.364190896352 199.695686499278 186.469455560048 177.798946698507 189.10958369573 213.080028692881 207.196116447449 199.792822202047 191.911657651265 188.50032488505 187.00381120046
291.438460350037 289.659818013509 283.028165499369 278.074006239573 283.865809440613 292.611499627431 294.133226076762 293.484588464101 292.903304100037 294.330855210622 296.916365623474 298.221528530121 296.35488986969 297.044396400452 292.24306344986 292.386631170909 292.08759466807 286.949733893077 281.327764193217 279.424389203389 279.867847760518 277.731001377106 277.186393737793 277.285635471344 273.166716098785 270.896315574646 268.209894498189 260.91190179189 254.333396752675 248.541136582692 246.502558390299 243.303100268046 230.837305386861 230.100274085999 235.565960407257 241.101483503977 245.073080062866 235.327959060669 217.128793398539 185.572981834412 187.642514705658 196.661690870921 194.46869691213 188.355187575022 192.645808060964 203.74604066213
293.263216813405 291.144808133443 288.557092348735 281.080722808838 278.239945570628 287.155350049337 292.762060960134 291.95906718572 290.619095166524 293.498953183492 298.229654630025 299.724141756694 296.11212015152 295.90626557668 295.079112052917 289.708773295085 292.581836382548 287.811319033305 283.258537451426 281.779766082764 282.337248325348 280.707518259684 277.039647102356 275.354067484538 273.136933644613 269.488056500753 253.302156925201 232.950707276662 228.324234485626 234.294772148132 240.512728691101 237.790445486704 229.870557785034 228.741546471914 239.268441994985 252.27818886439 266.144653161367 271.330952644348 262.181878089905 222.296198209127 193.406065305074 202.232360839844 213.800311088562 222.389340400696 230.229576428731 237.86731561025
292.683064937592 289.36767578125 288.540561993917 284.594416618347 279.857158660889 283.268650372823 292.399923006694 292.507867018382 288.391391436259 290.735026200612 296.615024407705 299.25658305486 294.939001401265 294.294198354085 296.306411425273 288.856188456217 288.528501987457 287.292639414469 283.785462379456 283.846914768219 283.429721991221 281.994084517161 277.809023857117 274.632930755615 273.741881052653 272.954046726227 255.388557910919 234.94025071462 231.536189715068 237.175643444061 246.014893054962 242.590765158335 238.97381623586 242.06397930781 255.826433499654 260.190804799398 265.295644601186 241.120119889577 215.559085210164 211.421986420949 218.507568041484 231.242815653483 227.793633937836 217.736840248108 214.167952537537 227.062265078227
283.255358537038 286.641120910645 286.330064137777 284.643769264221 280.087153116862 279.348313808441 289.875129858653 294.430772463481 289.610028266907 288.877228895823 293.752074241638 296.478529771169 295.83078622818 291.288495063782 293.129722277323 289.445201555888 285.072386264801 284.59910551707 285.432120164235 285.957058270772 286.112904548645 282.691319783529 280.887921651204 275.509317715963 274.474819501241 276.455402374268 270.317673683167 266.557276248932 264.836668968201 262.037634849548 259.945611159007 247.538447380066 251.74347559611 254.635373751322 251.299639542898 236.414472262065 213.731567064921 174.29914077123 155.61588605245 191.881855328878 231.182813644409 239.303549130758 222.409605979919 213.606417179108 218.673765659332 230.568786462148
273.191769917806 282.942990461985 284.320791562398 282.319704691569 281.505048274994 278.861045837402 284.144918123881 293.481985727946 294.865230719248 291.845103104909 293.180882930756 294.554134209951 295.918822288513 292.11695988973 290.607194105784 290.081858634949 284.660776456197 282.058397928874 281.393488248189 277.303020159404 278.565466403961 279.611806074778 278.43968073527 276.531060536702 276.948710282644 281.91085656484 286.080400149028 287.877937157949 272.422313690186 267.144481341044 259.051481882731 247.735023498535 247.008601824443 230.627318223317 201.284527778625 176.764686902364 164.951960245768 152.347296476364 142.190118630727 160.253872474035 187.579532464345 213.25671672821 223.028322060903 238.807022571564 266.875108083089 273.100952307383
