input/barkrak2/radiation/dir21224.grid
NCOLS 85 
NROWS 70 
XLLCORNER 665100 
YLLCORNER 4664600 
CELLSIZE 20 
NODATA_value -9999 
[rows 40 to 59 of 70, columns 0 to 45 of 85]
309.730271498362 310.733278592428 310.669044653575 312.674403190613 317.793051401774 321.080406506856 323.289116223653 326.680779457092 326.574424902598 316.75398349762 306.993742783864 303.126136461894 301.308890183767 297.753969828288 295.890967051188 294.954677422841 292.968849341075 293.441772460938 288.669486840566 286.861220995585 289.990802605947 293.443481127421 295.321822166443 291.104634602865 287.412265936534 285.393019517263 291.575153668721 292.15145111084 292.500813802083 290.233333905538 287.502646446228 286.258737246195 266.044735908508 265.074630578359 288.779576619466 288.512965043386 278.706351915995 276.191870371501 277.795096238454 270.719250043233 281.250317891439 314.957241217295 319.878955682119 265.053629875183 204.885522524516 166.132191816966
315.182328224182 313.230872154236 312.990089257558 312.926967938741 310.600062211355 308.479468027751 307.989060878754 308.513522148132 312.2771581014 305.891950925191 300.331592559814 299.715300401052 302.518963813782 301.767468452454 299.638072649638 296.916385491689 293.663541475932 298.345506191254 297.98952738444 294.586380322774 295.632521311442 295.675277709961 293.729623158773 294.43629582723 294.654488563538 289.982676506042 293.158531188965 294.166187445323 293.390532334646 292.485932509104 290.975530942281 286.35036945343 272.176524003347 276.723186175029 288.600504398346 278.680860996246 263.547400633494 261.242051919301 266.910294691722 273.900767167409 293.766438961029 306.965450445811 312.103052934011 296.872675418854 247.684995333354 201.366146405538
316.9025182724 315.058926741282 316.733260949453 315.993030865987 311.13334496816 308.704733848572 307.924389839172 305.733839670817 306.12321694692 301.956395308177 300.842007001241 299.699505170186 302.922467390696 304.788907368978 304.847995440165 301.672557989756 298.417508602142 303.13503742218 304.032425085704 298.019409179688 295.351942380269 293.378790219625 289.67805703481 290.446559588114 291.46009683609 288.049062093099 284.491340319316 286.00800037384 288.08456659317 289.398868878682 289.197285970052 283.905784289042 278.127769629161 284.744103749593 286.209324995677 266.91347360611 250.963866710663 255.215446154277 268.176436424255 281.31377696991 290.639917055766 289.654314517975 282.522042592367 277.917007605235 253.945151964823 202.620049317678
306.656678517659 308.772663275401 314.187486966451 312.280694643656 313.109755516052 314.955989519755 315.076251824697 312.024156252543 304.194490114848 303.356448809306 305.01651763916 302.565614382426 302.112797896067 305.411338806152 305.015941460927 303.433418273926 303.560296694438 304.345389207204 303.856790065765 299.09344514211 294.081747531891 289.575378100077 286.694904168447 287.187218666077 286.950210730235 288.986265659332 283.960441748301 283.291081587474 286.036968231201 286.416888237 283.45654408137 277.620156606038 280.484577020009 284.858544667562 274.536033471425 252.149641513824 246.918102105459 260.038137435913 277.722418308258 281.900842984517 280.220886071523 276.433149973551 268.368462721507 259.559830029805 242.656230926514 207.92688926061
306.123693784078 310.485084851583 311.817844708761 311.920921007792 312.670012315114 313.641587893168 314.045906066895 311.628500620524 308.29926331838 305.844366550446 307.276288668315 304.822345574697 302.735964457194 300.968686739604 301.047921180725 300.424734751383 296.93990945816 301.494797070821 301.865299542745 297.665635744731 293.52331161499 291.119694709778 289.659122625987 289.274414380391 286.256372928619 292.355577150981 291.949689388275 288.801610469818 285.409192244212 282.833834489187 278.093179066976 273.122151692708 274.348934491475 271.607597668966 262.00391848882 248.531063397725 250.868121782939 266.800045967102 280.971566836039 277.051071325938 277.304232120514 268.753012021383 257.949789365133 248.508155345917 238.896191120148 220.975319544474
310.772001743317 313.850879669189 310.630599657695 312.662661075592 311.682800451914 311.876396338145 312.341054280599 311.628858248393 312.887728214264 309.466044108073 309.106449286143 308.925628662109 304.958820343018 300.785422325134 299.222528934479 301.174382368724 297.167102495829 297.241727511088 298.796554406484 298.355380694071 293.723066647847 293.967624505361 292.329351107279 290.419320265452 288.284718990326 287.268380324046 291.624963283539 289.198438326518 286.136349042257 283.147176106771 275.590161482493 271.025657653809 272.371391455332 264.174501101176 251.909951368968 239.673972129822 246.593554814657 264.79305823644 271.523276964823 262.67550388972 267.858604590098 259.53217347463 249.308387438456 250.686248143514 254.254162311554 236.737569173177
310.015638669332 311.124900976817 312.80513604482 313.302298386892 313.016891479492 313.094735145569 313.745180765788 314.966082572937 313.074231147766 312.65652179718 311.418533325195 310.119211673737 306.756536165873 304.828325907389 302.288095156352 305.386741956075 300.84631840388 295.444071292877 299.514512221018 296.216110388438 294.825275739034 292.781194051107 291.066388289134 287.267049153646 292.496164639791 287.081440289815 285.237848758698 285.691459973653 282.429277896881 280.171453952789 277.562201023102 273.676017920176 268.752892812093 260.806282361348 250.523765881856 241.336087385813 248.311817646027 261.169413725535 260.217328866323 260.807037353516 266.071458657583 255.544761816661 253.159026304881 260.944724082947 266.209860642751 250.1340508461
305.886169274648 307.655215263367 311.481634775798 311.623354752858 313.732663790385 314.994295438131 313.86258204778 312.85019715627 313.063144683838 314.445277055105 311.827937761943 309.64320898056 307.790756225586 305.64953883489 304.187834262848 301.161070664724 300.894061724345 291.996200879415 293.60701640447 295.933882395426 290.778795878092 288.264155387878 292.916576067607 283.891876538595 283.99654229482 281.433045864105 276.905099550883 279.093364874522 281.715710957845 279.049774010976 277.036766211192 274.774750073751 266.689995924632 265.336950620015 263.409495353699 253.903687000275 254.705627759298 259.012262026469 261.712193489075 269.594232241313 265.381217002869 257.360537846883 260.751287142436 263.416250546773 261.274596055349 248.913566271464
301.581919193268 303.264399369558 307.257652282715 309.52529112498 313.029925028483 315.117617448171 313.012003898621 311.383724212646 313.580731550852 315.202395121257 313.202897707621 309.844930966695 307.845811049143 307.365477085114 302.939414978027 299.893180529277 296.735862890879 290.44109582901 292.82013575236 293.757021427155 290.225942929586 290.468653043111 288.557251294454 283.893684546153 281.475166479747 284.061868985494 280.293107032776 282.031317551931 285.228788852692 285.662690798442 288.194457689921 285.810828208923 275.491654872894 276.863475640615 273.482839266459 261.353373527527 261.153856913249 264.273047447205 266.156017780304 269.090016682943 258.578598499298 254.098773002625 252.792795499166 248.851895332336 246.492822964986 245.880365371704
300.81848303477 299.119273821513 301.909645398458 307.652572790782 310.709595680237 311.931987603505 313.50177526474 314.67870871226 315.671761830648 312.826792399089 312.259137630463 312.392433484395 310.302535692851 304.81618642807 303.897003332774 298.274993896484 297.392090161641 291.012247403463 290.628492832184 292.377253373464 294.504841168721 292.953292528788 289.541979630788 288.237571716309 284.604549407959 287.332733472188 287.072817484538 287.860135237376 291.504959265391 295.030951499939 295.632680257161 294.150789578756 286.440432071686 284.309546152751 276.915987332662 265.736619631449 261.877099672953 267.008086045583 268.82133881251 258.4601243337 247.1049229304 249.659140904744 249.598423639933 243.559916814168 242.37334728241 246.218899885813
301.083465417226 303.484638532003 304.958701133728 308.895488580068 309.513568878174 309.025247891744 314.172526200612 316.645522912343 314.919213453929 314.751366774241 313.668787479401 311.454971631368 309.230327606201 303.7402232488 302.458882331848 301.799833774567 296.769042809804 290.616631507874 290.543556213379 295.189917087555 295.231560866038 292.530576388041 291.167100270589 289.245665073395 283.075491587321 287.359714508057 289.231419563293 289.083361625671 291.827360788981 296.056151390076 299.197673797607 296.560029188792 289.249300956726 283.159534136454 271.938920021057 262.489557266235 260.945717493693 266.476253668467 263.488749663035 247.61430422465 243.247667948405 254.67457373937 254.760543505351 246.806760629018 244.18568611145 240.115284919739
301.136116186778 307.845115661621 309.468368689219 310.442884763082 308.554450670878 307.253102461497 311.35231256485 314.002255598704 313.966532548269 314.799308776855 312.471767266591 312.230944633484 306.785941123962 303.577363491058 299.092968304952 302.987992763519 297.274867693583 289.769331614176 289.428333441416 292.530755201976 292.826453844706 290.87766011556 288.467367490133 284.814258416494 282.219529151917 282.995005448659 285.955588022868 285.996536413829 287.030220031738 291.084448496501 298.509657382965 297.616541385651 285.484631856283 271.368185679118 242.179989814758 231.57924413681 245.592474937439 257.893244425456 259.409089883169 258.540312449137 262.88119951884 262.302835782369 245.874424775441 238.956173261007 247.510313987732 235.423107941945
302.696605523427 300.901095072428 300.134023030599 300.971984863281 304.992953936259 308.290799458822 307.47111638387 309.583067893982 308.317760626475 311.234255631765 307.872235774994 309.258262316386 307.806491851807 302.807291348775 298.002084096273 299.172302087148 299.175481001536 291.977087656657 285.178601741791 287.211318810781 286.47243976593 286.598006884257 286.141812801361 280.925273895264 280.950645605723 278.162121772766 278.849403063456 279.082775115967 278.473019599915 279.335856437683 283.26823314031 285.582959651947 265.34100373586 238.565524419149 209.387679894765 196.632186571757 210.363248984019 237.605253855387 258.559823036194 259.012281894684 259.850303332011 251.403053601583 236.074407895406 236.39714717865 242.813467979431 221.874117851257
305.095831553141 296.919445196788 292.679568131765 297.033369541168 304.718712965647 309.565901756287 306.590815385183 306.798716386159 305.760423342387 304.181774457296 306.474169095357 306.909879048665 308.587710062663 305.764635403951 299.683610598246 299.396256605784 299.794614315033 291.371723016103 287.115832169851 288.109660148621 286.959707736969 283.703128496806 281.862417856852 280.174473921458 278.796513875326 277.084986368815 276.185989379883 275.997440020243 274.408062299093 268.530646959941 261.982282002767 259.293576081594 238.895912965139 215.563595294952 203.975081443787 194.81239716212 185.216347376506 195.101380348206 213.605562845866 238.232473532359 248.429596424103 238.633076349894 232.643246650696 232.903778553009 223.792592684428 202.938457330068
304.825842380524 299.640615781148 295.629382133484 297.511160373688 300.992647806803 307.442943255107 306.976914405823 305.290659268697 306.795954704285 304.178178310394 306.868672370911 306.744158267975 308.315177758535 307.768066724141 301.653663317362 300.338844458262 299.746831258138 294.707993666331 289.830485979716 290.960590044657 290.775179862976 286.907196044922 284.146110216777 284.591794013977 278.543531894684 279.840111732483 277.731041113536 275.223990281423 269.314924875895 264.484703540802 254.813849925995 250.02650419871 231.549600760142 220.669011274974 223.319550355275 222.842256228129 209.747274716695 197.586576143901 188.740313053131 199.462433656057 221.059759457906 217.604200045268 209.620277086894 200.725893179576 196.944812933604 194.710155328115
306.296308835347 303.964098294576 295.557181040446 292.460401852926 294.663786888123 304.521501064301 305.883944034576 303.791562716166 304.702699184418 306.019723415375 310.029029846191 309.56103404363 307.764947414398 306.728899478912 303.96169424057 302.208105723063 301.866630713145 296.837210655212 291.388829549154 291.770040988922 290.098567803701 287.962555885315 287.298321723938 287.240028381348 283.256411552429 281.031707922618 278.556068738302 271.534542242686 265.113512674967 261.121769746145 258.980870246887 255.677938461304 239.215016365051 236.557563145955 241.684516270955 247.664570808411 253.271400928497 244.79470650355 227.701683839162 196.00921869278 197.185317675273 204.627494017283 202.213009198507 197.024305661519 201.625724633535 211.584647496541
305.074791113536 303.12579870224 300.760845343272 293.693959712982 290.931443373362 299.359957377116 304.606477419535 303.804973761241 300.96028248469 305.259664853414 309.592465559642 309.288501739502 305.870254834493 307.303965091705 304.69411611557 299.588561058044 302.325149377187 297.675669193268 293.276111284892 291.862706343333 292.426904042562 290.719946225484 287.09876537323 285.433610280355 283.277928829193 279.776612917582 264.225939909617 244.368334611257 241.534094015757 245.558063189189 253.151675065358 249.906996885935 239.850620428721 236.270427703857 245.549877484639 257.891118526459 272.002319494883 277.723034222921 269.223590691884 231.122811635335 202.682177225749 210.406144460042 221.037328243256 230.147957801819 238.566974798838 245.197673638662
304.507295290629 301.460226376851 300.740400950114 296.990931034088 292.479733626048 295.678357283274 302.734891573588 302.786191304525 300.499856472015 300.703684488932 306.257367134094 308.886845906576 304.785033067067 305.847485860189 305.872182051341 298.841039339701 300.392746925354 297.23729689916 293.787121772766 293.781220912933 293.27795902888 294.069508711497 290.078163146973 282.456040382385 283.895969390869 283.076862494151 265.902638435364 246.149818102519 242.867628733317 248.188296953837 256.50014479955 252.206961313883 247.320850690206 249.051411946615 263.396720091502 269.905726114909 274.729510148366 251.152435938517 226.045330365499 218.833486239115 227.015892664591 238.75101407369 234.583417574565 225.500007470449 223.425507545471 236.15958293279
295.592745145162 300.210952758789 298.66898059845 297.04225063324 292.655309041341 290.087342262268 300.222078959147 304.576496283213 301.639020442963 298.809369405111 303.567190965017 306.218842665354 305.618166923523 301.211794217428 302.960654099782 299.42778746287 295.194149017334 296.688119570414 295.2974041303 295.712272326152 295.757253964742 292.461653550466 290.693859259288 285.526156425476 284.477929274241 286.216259002686 281.280934810638 276.695132255554 272.574841976166 272.080798943837 267.56227016449 258.660892645518 259.725232919057 261.64036989212 258.290370305379 240.811983744303 218.636711438497 184.650778770447 164.903104305267 201.315899689992 239.82032140096 246.284266312917 228.827039400736 220.771610736847 227.598269780477 240.005652109782
286.203543345133 295.471549034119 295.168459415436 294.837117195129 294.041196505229 289.637784163157 294.698019822439 303.665320078532 304.618199666341 301.501393318176 303.043087323507 304.43133910497 305.707991123199 302.009582519531 300.493280092875 300.042748451233 294.803619384766 292.107383410136 289.169033368429 289.727429548899 290.848096211751 289.626916249593 288.437008857727 286.517083644867 286.810994148254 289.409478505452 294.645349184672 296.568075815837 281.721154848735 279.264251391093 268.627266089122 255.387981732686 257.112940152486 241.299271583557 207.204302151998 183.701356252035 172.135174274445 160.095661878586 151.789049307505 172.094980875651 199.327270189921 223.007500171661 229.629198710124 244.601349035899 273.421724637349 280.555923779805
