input/barkrak2/radiation/dir26724.grid
NCOLS 85 
NROWS 70 
XLLCORNER 665100 
YLLCORNER 4664600 
CELLSIZE 20 
NODATA_value -9999 
[rows 0 to 19 of 70, columns 0 to 45 of 85]
212.022125720978011 227.039535840352 241.556425889333 259.947419166565 268.439253171285 268.258929252625 260.037024815877 254.109640916189 256.466348965963 257.239560286204 257.385452588399 259.016831715902 258.260091145833 258.936087290446 261.125425497691 253.294905026754 241.749823093414 230.220754941305 224.987109502157 214.585443337758 209.410508473714 222.724139690399 249.10181760788 255.88446855545 258.175293604533 267.704923947652 265.888492266337 252.872844537099 237.075944741567 234.652519226074 230.71300983429 250.030438105265 291.698078314463 291.23596350352 287.964026133219 273.97209405899 279.858390490214 294.834971427917 290.045360724131 291.089653968811 275.963723659515 276.958306630452 288.843592007955 290.112753709157 279.91529305776 283.041576544444
190.787692864736 207.243740558624 222.509145736694 241.238792737325 253.84654601415 257.87075360616 254.814922809601 254.696369171143 264.590322971344 262.602706750234 258.84469350179 258.862892786662 259.479920069377 260.643442471822 260.436375935872 252.351740996043 246.828536192576 238.604267438253 233.877976735433 220.610479513804 223.891894022624 242.294470469157 262.211203575134 263.95179828008 269.12518342336 273.720840613047 267.115791638692 255.771239598592 241.942524909973 236.418863137563 237.251083056132 263.478477795919 292.996883392334 291.542887687683 287.630558013916 275.435388088226 282.601237297058 293.286840120951 289.769927660624 291.870594024658 283.15794467926 277.644058068593 278.578797976176 279.504080613454 277.397433916728 282.511035601298
152.511388063431 165.742496649424 178.52662007014 191.671907901764 205.588757991791 215.36115805308 225.662132104238 240.277707576752 252.504726250966 252.096474170685 251.469711462657 255.752960840861 265.113393465678 269.149045149485 267.070770263672 271.587173144023 272.961934407552 264.426112174988 248.850186665853 238.040566444397 244.688153266907 255.280474821726 263.213018576304 264.836291472117 271.593848864237 269.402921199799 263.303359349569 255.010883013407 246.130128701528 243.744432926178 251.239796479543 278.183261553446 291.032095750173 292.064507802327 287.768145402273 280.805786450704 286.759972572327 289.467056592305 290.99706808726 288.75074783961 282.828708489736 272.015571594238 262.209157148997 262.961506843567 272.781570752462 281.290113925934
133.394956588745 134.96325413386 143.233279387156 150.489221016566 156.79340561231 162.633021672567 170.721014340719 187.582055727641 208.692093690236 226.549406846364 239.896754423777 255.836228529612 267.659862836202 272.735853989919 274.264176686605 280.307352542877 277.553935845693 267.696539560954 253.090639909108 246.744374434153 245.425919691722 244.387825330098 255.748728911082 259.679853916168 261.914034684499 263.379474480947 260.870774586995 256.918629010518 254.488070805868 255.539894104004 257.368385791779 283.049424489339 289.678672949473 290.097812811534 287.631034851074 289.065619309743 290.285527706146 289.474586645762 288.501222928365 281.079292297363 271.065870920817 260.330657164256 255.924999713898 269.417881965637 286.052127679189 279.831051826477
156.901329755783 138.875067234039 125.867187976837 116.788635651271 119.967391093572 136.245628197988 158.063222964605 169.512530167898 180.439035097758 188.617467880249 211.667398611704 236.161251862844 251.559714476267 259.396354357402 265.345374743144 268.911719322205 263.650635878245 253.878017266591 249.041716257731 246.701935927073 241.765220959981 239.911238352458 251.030822594961 255.606055259705 258.51841767629 264.53431447347 261.64436340332 259.138623873393 256.889760494232 255.096912384033 260.669012864431 288.397034009298 288.957953453064 289.43399588267 284.118493398031 285.742481549581 287.635644276937 287.172516187032 277.945617834727 271.626730759939 268.207748730977 264.431575934092 267.239689826965 276.75861120224 281.236211458842 265.205442905426
201.629261175791 172.403852144877 142.970353364944 119.066536426544 110.382785399755 122.015694777171 148.154308398565 165.932754675547 170.637130737305 170.179982980092 181.114315986633 196.07541958491 206.795156002045 214.09006913503 222.973545392354 231.789429982503 234.034836292267 236.992518107096 244.284967581431 250.121732552846 249.93101755778 252.933700879415 254.665811856588 254.671096801758 258.518298467 264.176428318024 263.233006000519 261.813561121623 260.029633839925 259.573658307393 273.285349210103 289.496421813965 288.821220397949 287.734389305115 282.248497009277 280.079166094462 282.596369584401 279.748241106669 269.600808620453 271.817366282145 269.785026709239 266.434331734975 268.163045247396 270.143608252207 262.765983740489 238.299945990245
225.969672203064 199.663758277893 177.647491296132 154.826194047928 133.185654878616 120.43355902036 128.412266572316 157.765676577886 172.601779301961 181.254625320435 178.080340226491 172.686854998271 168.246030807495 163.977166016897 165.83396991094 182.425697644552 196.172992388407 217.196861902873 237.366358439128 250.462353229523 256.20424747467 258.536616961161 257.494290669759 254.958828290304 257.702728112539 259.681204954783 262.354175249736 262.730956077576 261.197050412496 265.179097652435 278.890828291575 286.787390708923 285.014688968658 281.863152980804 279.135386149089 273.09528986613 273.546318213145 268.124639987946 265.482703844706 262.751877307892 256.84654712677 254.580438137054 259.551584720612 264.79576031367 254.737476507823 244.071920712789
237.803955872854 225.89647769928 212.579925855001 195.189197858175 169.896086057027 138.3276283741 117.087582747142 116.791198650996 151.876370112101 178.48789691925 187.206665674845 183.172682921092 173.739532629649 163.085569938024 149.39425388972 153.070469697316 166.102836529414 183.992743492126 209.648509820302 231.030722459157 244.186143080393 253.036717573802 259.561657905579 256.239354610443 254.634896914164 254.052261511485 255.07382551829 256.171504656474 256.405810515086 265.449146429698 275.441964467367 279.319862524668 275.128086407979 270.715137322744 265.359361966451 262.919465700785 265.527129173279 260.102073351542 253.707389036814 240.57404200236 240.693688392639 250.688592592875 266.715745131175 275.226314862569 267.796258131663 265.502452850342
229.322652022044 229.648550351461 224.503636360168 215.100606282552 199.863135814667 174.818893273671 142.634044090907 113.419850667318 128.097027540207 151.499191919963 172.142922878265 183.412949244181 185.965021451314 182.96213944753 169.460892677307 161.066750685374 158.258279164632 162.562022606532 177.909274895986 196.807364622752 214.515924453735 230.042417844137 240.695814291636 238.489170869191 240.302046140035 240.042150020599 240.789691607157 242.402136325836 244.542996088664 254.256844520569 260.222454865773 260.389506816864 258.687734603882 257.41446018219 257.322251796722 258.522828420003 258.520066738129 255.248010158539 248.687783877055 242.914199829102 256.624480088552 270.257850488027 277.868648370107 278.945724169413 267.911752065023 262.109975020091
195.736587047577 206.623613834381 212.294936180115 212.302883466085 208.904604117076 203.670382499695 185.031592845917 164.179613192876 132.111440102259 122.159173091253 136.270662148794 162.583569685618 186.186671257019 198.258678118388 199.237624804179 189.402878284454 173.141439755758 167.482693990072 165.999780098597 169.635454813639 179.259260495504 188.314000765483 199.305792649587 208.029866218567 217.859347661336 220.707535743713 221.733172734578 223.050038019816 225.698272387187 232.889095942179 234.314799308777 235.29181877772 241.962552070618 246.521929899851 250.224550565084 250.996172428131 249.64439868927 253.090421358744 248.348534107208 254.12650903066 272.596041361491 280.591547489166 282.302061716716 279.268145561218 266.814609368642 261.583348115285
136.064082384109 151.422580083211 166.107604900996 179.18453613917 189.974506696065 198.676784833272 199.896852175395 193.202277024587 162.585238615672 135.554631551107 120.912849903107 128.947347402573 157.879213492076 185.52178144455 202.158391475677 191.306531429291 182.620048522949 174.570123354594 165.806978940964 159.379164377848 159.808814525604 160.55828332901 165.263911088308 180.055240790049 194.464008013407 203.105966250102 204.824646313985 205.422282218933 212.039788564046 217.605193456014 220.943590005239 224.737147490184 233.910044034322 238.129019737244 238.479852676392 239.320755004883 244.055072466532 249.167025089264 252.142628033956 265.87696870168 276.590128739675 280.254999796549 278.661787509918 275.858342647552 269.550899664561 270.423094431559
77.3510237534841 84.6417645613353 95.5418944358826 119.90025639534 138.007750113805 156.864662965139 176.922023296356 183.892448743184 184.620598951975 168.926338354746 140.765527884165 119.84928448995 122.845868269602 147.185345490774 176.129996776581 180.843869845072 187.598407268524 183.521290620168 172.517597675323 160.991797844569 153.537034988403 151.241381963094 151.463747024536 161.145985126495 171.065866947174 178.119321664174 181.333800156911 186.118563016256 193.688154220581 198.969225088755 204.142928123474 209.810495376587 215.609908103943 219.254712263743 220.174054304759 222.795943419139 233.993351459503 245.535711447398 250.479141871134 264.36706384023 270.161747932434 272.664030392965 268.779695034027 264.994740486145 262.588560581207 262.179474035899
63.3200357357661 55.0903578599294 48.0684737364451 58.8405082623164 63.5371704896291 79.6705782413483 110.522796710332 149.136255184809 178.271313508352 183.984080950419 170.981804529826 146.993478139242 117.61686205864 115.290492773056 139.706343412399 168.614526589712 186.111688613892 189.363121986389 183.739165465037 173.370440800985 163.77533475558 163.247376680374 162.344247102737 163.222203652064 164.309720198313 164.153764645259 168.644388516744 177.956700325012 182.086924711863 183.594743410746 189.242839813232 195.04451751709 195.822536945343 197.852114836375 201.507151126862 207.279801368713 219.863533973694 232.381224632263 236.056725184123 245.975097020467 252.696712811788 254.086256027222 252.250492572784 254.129191239675 250.411768754323 251.292407512665
58.2835376262665 42.2003120183945 23.4281991918882 13.7563422322273 8.02752003073692 8.3364707728227 30.0118873516719 63.309167822202 91.5589531262716 118.646919727325 146.310488382975 163.439750671387 150.103231271108 129.255394140879 126.772294441859 151.349206765493 167.362709840139 188.185175259908 197.924216588338 194.555620352427 181.686858336131 178.29422156016 174.587905406952 173.663119475047 174.049019813538 172.143777211507 174.903353055318 184.327761332194 184.526721636454 177.012324333191 182.587722937266 188.362340132395 189.878145853678 190.185030301412 194.032788276672 201.898495356242 208.398938179016 213.937838872274 218.439102172852 221.102972825368 227.009812990824 232.590814431508 239.776571591695 246.447384357452 242.609163125356 247.57194519043
70.7228730122248 39.1838078697523 15.7463885843754 6.24260368446509 2.66540671388308 1.81332230567932 17.5887209673723 39.8909399906794 57.9243997732798 88.5109106699626 122.447202603022 142.765015363693 157.635430494944 153.989871342977 139.119605223338 137.707730134328 140.521705150604 158.101538817088 177.463829517365 193.092087904612 197.540283203125 193.128923575083 191.482106844584 187.934279441833 184.308628241221 183.074196179708 184.361199537913 186.952571074168 182.955741882324 177.275578180949 179.814755916595 185.183644294739 185.145755608877 184.934258460999 189.363578955332 192.931274573008 194.621860980988 193.716287612915 198.20111989975 199.203073978424 205.674250920614 213.380595048269 219.906449317932 225.14663139979 226.991613705953 231.15348815918
60.0276490052541 37.9100764791171 14.507624010245 2.88684231539567 0.0454165177264561 15.4969034095605 30.2569717168808 45.0222243865331 58.6354086796443 75.1866102218628 102.125744024913 137.12806502978 159.63938832283 166.705091794332 159.439752499262 137.100646893183 129.72151239713 134.018003940582 153.852045536041 181.929528713226 192.407747109731 192.177732785543 196.412086486816 192.579686641693 186.82450056076 189.431150754293 193.220496177673 190.212110678355 185.603340466817 187.552690505981 187.142113844554 185.89840332667 182.695825894674 180.766642093658 181.722720464071 180.354356765747 177.907307942708 173.476080099742 177.113632361094 179.014722506205 184.016664822896 190.492769082387 193.22677453359 195.750614007314 208.972493807475 214.817583560944
49.5579739411672 41.5934721628825 21.1586852868398 0.201667038102945 2.74103072782358 15.2202720443408 35.0714971621831 49.8867332935333 64.0178521474202 72.2475300232569 84.0871632099152 114.437162876129 140.385756889979 153.563976287842 159.841825564702 157.856990893682 153.644144535065 144.104609886805 138.488372166952 146.827429533005 171.857873598735 188.918193181356 201.431135336558 197.744905948639 192.521691322327 194.764852523804 201.093236605326 197.474002838135 197.369555632273 203.100701173147 200.953304767609 188.582201798757 181.327680746714 176.550885041555 171.403408050537 170.238852500916 164.615869522095 163.110544284185 164.149731397629 167.53476858139 170.125603675842 173.475742340088 176.934063434601 179.315229256948 198.39874903361 208.754201730092
44.8523312807083 44.4507797559102 35.1432288686434 3.05998449524244 6.50429104765256 24.3306408325831 42.7889227867126 62.5312079985937 73.1881161530813 76.8466889858246 84.9214494228363 101.609081029892 123.821487029394 141.370266675949 153.611689805984 167.520960172017 169.376293818156 161.180992921193 148.81099263827 137.553085883458 146.875560283661 169.750849405924 179.485301176707 187.205672264099 193.952043851217 201.133449872335 209.627906481425 212.12907632192 208.943843841553 212.799986203512 206.487278143565 194.667220115662 184.801797072093 176.047126452128 169.236441453298 166.130204995473 163.080116113027 162.396719058355 162.678023179372 165.094931920369 167.74066289266 169.00360584259 169.377346833547 172.670662403107 185.841421286265 200.913528601329
50.9700129429499 57.3004086812337 56.3067595163981 22.2400451699893 18.2219371199608 43.2034234205882 56.8708529074987 74.3992229302724 85.1921041806539 98.1783171494802 105.840106805166 107.389271259308 114.002873500188 124.598423639933 140.350083510081 157.097786664963 167.150298754374 169.351061185201 167.472064495087 153.653562068939 136.698434750239 149.283190568288 159.880767265956 170.612057050069 181.09800418218 189.910689989726 195.046563943227 203.417321046193 200.095772743225 212.640007336934 204.995771249135 199.001709620158 188.921968142192 178.89545361201 173.304498195648 168.200929959615 166.647305091222 163.223028182983 162.091076374054 165.665338436762 170.063217480977 171.411395072937 170.927246411641 173.729379971822 174.97311035792 190.588851769765
55.350790421168 57.8615764776866 67.6520119110743 55.687814950943 44.6535249551137 58.386022845904 61.4060411850611 73.7423747777939 83.9353005091349 99.6280709902446 107.7548066775 103.527247905731 104.267905155818 108.612070480982 123.183767000834 143.724938233693 152.966390053431 159.181882937749 167.247255643209 170.021494229635 162.136743466059 147.718727588654 150.383522113164 159.95380282402 170.2987353007 177.086770534515 177.912175655365 177.068213621775 177.803595860799 171.429852644602 187.71501382192 179.694255193075 189.167479674021 181.230008602142 176.868597666423 171.176334222158 167.031506697337 157.65584508578 155.430426200231 164.176166057587 171.349942684174 173.819700876872 176.151891549428 175.188342730204 172.162731488546 182.492911815643
