input/barkrak2/radiation/dir26424.grid
NCOLS 85 
NROWS 70 
XLLCORNER 665100 
YLLCORNER 4664600 
CELLSIZE 20 
NODATA_value -9999 
[rows 20 to 39 of 70, columns 0 to 45 of 85]
69.0380235513051 57.1303814649582 62.2696528832118 81.4649413029353 78.2154550155004 70.0940787792206 66.2285536527634 77.6095787684123 88.1263613700867 98.1992185115814 102.86146402359 101.415326197942 99.8632510503133 104.301075140635 114.357709884644 130.321681499481 143.14267039299 151.558528343836 163.065542777379 178.983489672343 186.687469482422 174.523631731669 172.607819239298 174.9187707901 174.65353012085 169.376730918884 176.755944887797 174.530824025472 170.421401659648 173.309067885081 158.299734195073 147.2487449646 149.074186881383 136.590033769608 154.371321201324 162.007123231888 161.448736985525 163.148323694865 167.870720227559 173.406859238942 174.968202908834 174.736758073171 178.498268127441 171.22087876002 176.886339982351 182.71275361379
98.4027485052745 86.1793756484985 79.7251711289088 103.540152311325 102.176487445831 71.2412049372991 74.5301892360051 86.7920617262522 95.7342982292175 98.0206429958344 98.2083678245544 99.0173021952311 101.350069046021 94.8835114638011 106.727768977483 121.217638254166 135.476410388947 147.436032692591 156.730443239212 173.280119895935 179.551144440969 193.022767702738 199.393033981323 195.132891337077 185.264448324839 168.640653292338 155.856748421987 155.040850241979 163.90930612882 155.63769141833 136.066645383835 107.401629288991 89.1823967297872 75.16048848629 84.218293428421 103.764782349269 113.272537787755 150.37856499354 163.097043832143 162.61304418246 162.801007429759 164.563000202179 155.211587746938 138.0948026975 163.862675428391 177.113433678945
144.276241461436 140.882074832916 122.217168410619 124.045521020889 123.363087574641 90.2465879917145 98.0267723401387 95.4376359780629 93.322475751241 92.2893186410268 100.007911523183 101.178973913193 107.849329710007 108.720391988754 111.362586418788 118.151615063349 130.50439953804 141.237944364548 151.559432347616 154.601126909256 159.204751253128 177.0365635554 185.882826646169 187.23185857137 183.49301815033 172.520617643992 156.794548034668 152.245541413625 154.515663782756 133.725057045619 97.679207722346 61.0013455152512 45.1292941967646 23.4424869219462 22.0159391562144 36.4535053571065 64.9894078572591 88.1879329681396 116.886834303538 126.824637254079 138.435473044713 142.80770222346 126.360734303792 104.220410188039 134.724189837774 170.744220415751
180.880784988403 172.459006309509 141.68256521225 130.673110485077 128.845443328222 125.968833764394 117.060363292694 99.953681230545 85.396150747935 86.6114099820455 101.951996485392 105.10907570521 110.362619161606 121.506124734879 118.109544118245 119.528065125148 128.419935703278 138.423313697179 146.672834952672 138.823082049688 138.399203618368 143.65808169047 157.441645860672 164.495011170705 170.522650082906 162.382473548253 153.029948472977 139.748970667521 120.649556318919 91.9896264870961 60.9018951654434 50.434206922849 22.6553231477737 1.26850046217442 0 3.46996324757735 27.6251087586085 44.2707041899363 58.3381950855255 71.8873590230942 77.9595077037811 64.7251605987549 74.7695217529933 115.327805280685 130.174765984217 159.187952677409
171.994268894196 174.734552701314 158.031493425369 134.256233771642 119.744231303533 124.703814586004 117.235700289408 109.309067328771 93.4114754199982 89.6628896395365 97.8097120920817 102.161506811778 109.419882297516 118.946979443232 118.734886248906 119.468003511429 126.629739999771 135.414948066076 142.715036869049 135.676642258962 135.274569193522 133.158872524897 141.176223754883 149.108668168386 150.997350613276 148.276060819626 142.871091763178 128.371586402257 109.386473894119 58.8795393705368 52.3998439311981 51.6695082187653 31.0763145486514 1.53877663736542 0.587593026769658 6.313756108284 16.3267416258653 30.784177283446 35.6652140617371 39.5917023221652 33.4095706542333 32.3149462540944 55.4992804924647 145.731826623281 152.518560489019 159.074227015177
163.756310939789 169.278999169668 167.385439078013 140.664706627528 120.161195596059 125.053117672602 128.786067167918 133.173664410909 129.609296719233 118.66220831871 109.604547421137 115.30273159345 122.242828210195 129.020561774572 130.439877510071 124.037176370621 125.63219666481 136.013219753901 142.537295818329 147.03960220019 149.608751138051 145.572165648142 141.554613908132 137.651761372884 139.891882737478 140.075623989105 129.941602547963 120.763381322225 96.2962508201599 81.545760234197 80.8301617701848 91.7378465334574 85.5472385883331 28.2787208755811 12.1472105383873 21.6148048639297 22.3395650585492 28.981126844883 32.5221121311188 23.8684962193171 21.6846813758214 24.8631487290065 70.0478702783585 149.563739697138 166.340053081512 166.516095399857
162.145694096883 168.691615263621 169.748703638713 148.935347795486 136.955946683884 144.385437170664 153.98234128952 159.748236338298 167.195538679759 159.062008062998 134.983936945597 142.175296942393 140.300452709198 144.406507412593 143.002718687057 130.925426880519 128.402809302012 140.058328708013 146.027545134226 160.617887973785 164.565006891886 161.193420489629 150.295893351237 141.202956438065 141.124109427134 140.996793905894 131.196598211924 126.154998938243 114.058762788773 116.707841555278 132.005463043849 157.6875547568 166.769961516062 151.674250761668 79.5937875906626 39.6556407213211 36.6508513689041 36.4593143264453 33.477154870828 21.8553319573402 35.4446172714233 72.2152938445409 114.701747894287 134.917795658112 158.0810546875 158.554375171661
164.470354715983 159.277518590291 165.062854687373 153.304308652878 167.953987916311 168.251355489095 173.242251078288 175.852020581563 176.296909650167 171.866595745087 148.125867048899 143.178462982178 144.644151131312 147.777746121089 149.621138970057 144.383162260056 139.252901077271 147.794584433238 160.869061946869 165.849417448044 164.445529381434 154.026369253794 150.054196516673 149.326145648956 149.557570616404 147.668619950612 142.60803659757 143.621335426966 149.872382481893 158.081511656443 174.53145980835 187.105536460876 195.752024650574 207.345426082611 178.311506907145 84.5236579577128 50.3775775432587 40.702906747659 25.9465326865514 21.4093526204427 59.7601135571798 138.408958911896 133.483827114105 122.405230998993 126.729369163513 121.569444735845
163.070569435755 152.066816886266 157.044728597005 158.545156319936 190.268456935883 179.766456286112 172.490139802297 161.532034476598 155.202309290568 152.331352233887 140.7517294089 134.560684363047 143.41018597285 145.811925331751 152.593741814295 154.891828695933 149.869014819463 147.465099891027 158.59783689181 160.418252150218 158.290574947993 149.788270394007 149.227033058802 156.071692705154 156.91884358724 150.290429592133 151.100218296051 146.407465140025 159.037083387375 172.690689563751 193.648199240367 206.478277842204 212.839742501577 214.192191759745 214.492658774058 153.541296720505 53.0321449041367 22.1340705951055 14.1163455943267 24.5660394430161 76.9518365462621 129.705687363942 121.442099412282 89.2680585384369 84.6373041470845 86.5318973859151
162.921885649363 145.715902249018 150.752594073613 167.432566483816 190.311630566915 177.906970183055 156.992336114248 133.924027283986 118.872096141179 111.618429422379 112.949848175049 117.879629135132 132.050375143687 148.516396681468 154.394288857778 162.94527053833 160.117516915003 146.288474400838 149.345576763153 151.144951581955 150.832921266556 151.169717311859 151.372015476227 157.210320234299 160.679131746292 155.449489752452 159.870574871699 155.533691247304 157.478590806325 182.200928529104 204.521099726359 219.392816225688 218.41824054718 217.147946357727 228.22105884552 219.39084927241 141.312172015508 55.4900864760081 36.1484959721565 41.7815943559011 67.5008992354075 84.6608877182007 95.7104861736298 65.8435374498367 60.1232548554738 66.2981371084849
159.37081972758 165.074457724889 193.231622378031 236.27249399821 221.743226051331 184.720396995544 147.454629341761 112.861146529516 100.587745507558 105.593840281169 101.354857285817 101.049363613129 123.088786999385 149.136284987132 159.62298711141 168.203850587209 166.95362329483 153.483420610428 150.585095087687 153.266062339147 151.108215252558 156.786680221558 160.566031932831 162.235339482625 166.904846827189 169.709404309591 167.283674081167 166.084031263987 168.934961160024 191.279729207357 215.110659599304 224.650581677755 220.713992913564 227.780222892761 239.530444145203 244.367877642314 228.609065214793 181.919932365417 99.9729832013448 62.291090687116 53.9069225390752 57.4449400107066 75.3476470708847 61.5601638952891 57.6553245385488 70.7153081893921
178.165992101034 214.748084545135 258.765339851379 281.630039215088 277.804791927338 228.034059206645 176.631808280945 133.469502131144 121.525595585505 130.893488725026 119.967033465703 110.993017752965 124.623616536458 146.774510542552 162.38397359848 166.523406902949 164.06637430191 160.137047370275 149.878879388173 150.385955969493 151.002466678619 157.875557740529 160.62585512797 162.040174007416 167.074799537659 180.580695470174 181.460678577423 185.398519039154 187.084535757701 201.424181461334 217.769821484884 227.173686027527 229.711929957072 237.830638885498 244.56117550532 240.680396556854 237.737496693929 240.379631519318 180.788973967234 98.0540116628011 59.5518002907435 58.4600071112315 63.5809302330017 66.9496357440948 78.7766377131144 97.8927214940389
237.432539463043 270.101189613342 287.095109621684 285.993258158366 295.274535814921 280.956745147705 244.815806547801 203.355967998505 174.721340338389 166.220247745514 163.882752259572 142.417112986247 126.968463261922 134.154429038366 162.05769777298 164.614727099737 160.105735063553 161.794453859329 149.96001124382 148.305475711823 154.66562906901 156.019737323125 158.613204956055 159.055550893148 165.105044841766 179.676135381063 187.354405721029 195.791443188985 200.506707032522 204.396526018778 218.895097573598 230.11306921641 229.487101236979 227.307240168254 229.265868663788 218.623240788778 220.18172343572 216.580231984456 177.679260571798 123.450994491577 85.5549573898315 76.9566198190053 66.9981787602107 68.7328080336253 73.8156388203303 101.050287485123
272.946774959564 290.56457678477 290.0683482488 281.100650628408 289.226571718852 294.356723626455 282.578627268473 248.140037059784 213.124454021454 194.553454717 194.252292315165 183.183550834656 142.645935217539 139.988134304682 153.082420428594 159.752349058787 154.566069444021 157.140632470449 150.161027908325 151.420116424561 150.884131590525 152.348309755325 151.766538619995 153.533587853114 160.303592681885 173.235654830933 186.198472976685 190.997759501139 197.222967942556 208.025693893433 221.04287147522 222.656488418579 209.059913953145 199.114839235942 202.413856983185 176.118016242981 176.468392213186 163.512309392293 134.363810221354 105.716993411382 112.527161836624 104.295174280802 86.4214301109314 69.1391626993815 67.9370711247126 82.7868680159251
285.787145296733 290.003577868144 293.035626411438 286.341945330302 285.681247711182 289.907455444336 293.493211269379 277.675787607829 233.370443185171 207.700769106547 197.739005088806 188.357988993327 172.774235407511 157.280842463175 155.005723237991 158.009231090546 153.367936611176 149.00408188502 151.018639405568 154.04886007309 148.558090130488 149.121840794881 150.763034820557 153.429090976715 158.037473758062 167.587141195933 178.228934605916 179.018298784892 186.275959014893 203.601539134979 214.752395947774 208.056529362996 196.103314558665 191.949864228566 176.327745119731 166.174282630285 166.991750399272 167.559524377187 151.919225851695 130.188683668772 133.543223142624 141.326268513997 121.641536553701 97.1206525961558 81.1797529459 72.403738896052
286.230127016703 287.388841311137 287.780821323395 287.950317064921 285.139203071594 283.910393714905 286.807318528493 280.89580933253 240.294754505157 203.367531299591 191.836575667063 188.379228115082 186.221400896708 167.853991190592 161.310642957687 164.864937464396 159.591654936473 149.55414334933 154.028395811717 156.540264685949 153.587609529495 150.61025818189 154.156506061554 158.499906460444 158.065338929494 163.59356045723 169.694046179454 169.694662094116 177.425185839335 197.424451510111 205.922544002533 201.384842395782 198.546806971232 199.551939964294 174.644351005554 172.919631004333 178.663333257039 184.974451859792 184.783538182577 163.678586483002 123.917430639267 126.371582349141 106.296479701996 93.5089290142059 79.4489681720734 63.9231900374095
275.000135103862 277.053415775299 279.01703119278 277.663071950277 274.46460723877 271.797180175781 277.600824832916 277.795215447744 245.906710624695 205.389936765035 190.568327903748 186.114450295766 186.065395673116 168.25528939565 159.014085928599 167.180756727854 170.094688733419 155.937592188517 158.193051815033 162.641584873199 161.447157462438 157.482514778773 157.346904277802 161.087463299433 160.121788581212 160.09200612704 168.264349301656 174.602150917053 179.667234420776 193.599661191305 203.451414903005 203.838189442952 199.356218179067 201.773226261139 181.813180446625 183.885176976522 186.466534932454 193.344136079152 194.300611813863 168.446620305379 101.580619812012 77.0883709192276 65.2950257062912 55.8232367038727 54.4619808594386 51.7551104227702
259.874165058136 265.652855237325 273.053328196208 271.375079949697 269.857943058014 272.686322530111 278.814693291982 279.721140861511 259.237964948018 216.673910617828 195.786416530609 181.403239568075 175.818065802256 165.570706129074 156.777411699295 162.114401658376 175.570905208588 165.531684954961 161.068469285965 165.763199329376 165.764391422272 162.34415769577 158.788998921712 160.743017991384 163.372973601023 162.232220172882 165.464987357457 176.368077596029 181.280970573425 186.111569404602 197.334170341492 205.310006936391 199.810862541199 184.923430283864 175.791462262472 193.374196688334 200.449625651042 203.276018301646 190.765182177226 180.851817131042 93.1382179260254 45.0744330883026 21.6491669416428 20.8170376718044 21.4749897519747 27.9789417982101
228.088200092316 238.084773222605 245.90269724528 249.056776364644 255.593657493591 266.799966494242 275.641918182373 279.880146185557 268.637816111247 236.76876227061 210.864345232646 188.272714614868 175.147453943888 171.82715733846 163.484702507655 156.633158524831 168.981353441874 169.886072476705 161.677996317546 162.724157174428 163.10707728068 160.941302776337 156.746367613475 157.847305138906 162.860333919525 166.918257872264 166.169146696726 173.198739687602 178.233067194621 180.722594261169 189.43331638972 202.308654785156 191.076636314392 173.236072063446 181.166927019755 207.773188749949 214.313586552938 208.986163139343 200.523773829142 198.337276776632 155.674159526825 67.2327776749929 30.8723499377569 24.0119521816572 23.5711385806402 19.3203464150429
193.886379400889 200.863222281138 200.551350911458 209.760169188182 225.242336591085 240.978519121806 251.591245333354 260.604619979858 258.401950200399 235.167721907298 208.260635534922 184.929013252258 172.337849934896 169.401367505391 166.104873021444 158.746957778931 163.43829035759 165.287435054779 156.697372595469 157.708833614985 160.926848649979 163.595775763194 163.216332594554 157.912095387777 158.264716466268 162.015974521637 167.8799589475 172.522783279419 177.316725254059 176.65958404541 180.637200673421 191.814223925273 183.592657248179 179.137488206228 206.3227891922 220.479130744934 217.646559079488 211.020191510518 208.052376906077 218.070387840271 226.582249005636 182.724992434184 96.5264538923899 55.4384142160416 38.1196935971578 24.0819950898488
