input/barkrak2/radiation/dir20024.grid
NCOLS 85 
NROWS 70 
XLLCORNER 665100 
YLLCORNER 4664600 
CELLSIZE 20 
NODATA_value -9999 
[rows 40 to 59 of 70, columns 0 to 45 of 85]
326.784869035085 327.612141768138 327.562689781189 329.364617665609 334.086457888285 337.206641832987 339.62341149648 341.926654179891 342.722376187642 334.901849428813 324.639896551768 322.096248467763 319.724043210347 316.099425156911 315.469205379486 313.884953657786 312.810262044271 309.932827949524 305.338342984517 303.539951642354 306.037863095601 309.499263763428 308.944125970205 305.16920487086 301.300942897797 300.723592440287 306.35658899943 306.491176287333 304.921825726827 304.492632548014 303.616901238759 299.847861131032 277.348260084788 274.121761322021 296.142379442851 296.463926633199 287.014365196228 286.012848218282 286.827842394511 277.308841546377 286.489864190419 323.379000027974 336.037794748942 286.754866441091 226.099809010824 184.796909491221
331.527968247732 329.794625441233 329.959034919739 330.555558204651 328.513662020365 327.096879482269 326.863129933675 327.489852905273 329.348524411519 324.601749579112 318.739930788676 319.058358669281 320.482730865479 319.696386655172 318.911115328471 315.039793650309 310.6609582901 314.830819765727 315.713663895925 310.754021008809 311.506271362305 311.390280723572 309.820075829824 311.592618624369 311.918795108795 305.545926094055 307.80827999115 308.318297068278 307.44477113088 307.271063327789 306.051691373189 300.767540931702 283.7788661321 285.625656445821 296.852628389994 287.44633992513 273.008724053701 272.222797075907 278.879106044769 284.598131974538 301.121075948079 313.925206661224 323.496222496033 315.580526987712 269.267360369364 221.326569716136
333.255549271901 332.027912139893 333.561619122823 332.956830660502 328.625082969666 327.067534128825 326.184431711833 324.458797772725 323.986689249674 321.872015794118 320.058822631836 319.105525811513 320.833722750346 322.366456190745 321.134666601817 318.134725093842 316.447774569194 319.225947062174 319.747606913249 313.989043235779 313.15956513087 311.271925767263 307.776808738708 308.328886826833 310.642917950948 307.410915692647 302.120327949524 304.128527641296 306.012789408366 305.482486883799 304.768840471904 297.4733710289 290.404578049978 294.146597385406 294.609745343526 276.497940222422 261.128147443136 266.311724980672 280.444264411926 293.137828509013 301.775415738424 300.255179405212 294.944802920024 295.442620913188 276.140411694845 225.258926550547
324.832181135813 326.746503512065 331.904093424479 329.732954502106 330.318331718445 331.978837649028 331.721882025401 329.834461212158 323.05649916331 322.298427422841 323.765695095062 319.493671258291 320.089300473531 321.811457475026 321.306586265564 319.90247964859 319.742302099864 320.266286532084 321.140229701996 316.739439964294 312.140246232351 309.331138928731 306.630829970042 305.490374565125 306.664844353994 308.126707871755 301.886339982351 302.464326222738 302.907506624858 302.92284488678 299.738844235738 293.50604613622 293.962279955546 296.302596728007 284.378747145335 261.851191520691 257.002075513204 270.624756813049 289.322276910146 293.851534525553 293.41713587443 289.160450299581 281.111657619476 275.975704193115 264.840483665466 232.667962710063
324.571390946706 328.507860501607 329.586386680603 329.489608605703 330.157558123271 331.477999687195 331.334431966146 328.62377166748 326.511283715566 324.534296989441 323.951145013173 322.644293308258 319.549679756165 319.092790285746 318.008482456207 317.23690032959 315.225382645925 319.164335727692 319.40237681071 316.903054714203 313.106636206309 310.746411482493 309.351404507955 307.25618203481 304.383178551992 307.928125063578 308.980425198873 305.946310361226 303.993503252665 301.150262355804 294.835031032562 289.66744740804 288.82896900177 285.324354966482 274.09565448761 259.073118368785 260.880510012309 276.860495408376 291.653434435527 288.801769415538 289.606928825378 281.918088595072 270.16015847524 263.115048408508 258.801341056824 244.699438412984
328.796764214834 330.902934074402 329.094469547272 330.166240533193 329.283912976583 329.474012056987 329.849600791931 329.277257124583 329.060177008311 326.814591884613 325.56692759196 325.364112854004 321.63143157959 318.960626920064 318.64341100057 320.317327976227 315.391739209493 316.700458526611 319.35981909434 317.509233951569 314.708968003591 311.807831128438 311.808367570241 309.932231903076 309.706966082255 306.761840979258 308.524131774902 307.789166768392 304.584860801697 301.225940386454 294.781088829041 288.970669110616 287.226676940918 278.697450955709 265.499373277028 252.045611540476 258.007387320201 275.857071081797 283.01864862442 275.565683841705 280.690093835195 272.828380266825 261.678536732992 263.711889584859 270.818432172139 258.073528607686
328.212261199951 329.115351041158 330.462733904521 330.752650896708 330.423136552175 329.998274644216 330.479582150777 331.516842047373 329.221189022064 328.866839408875 328.537027041117 327.302932739258 325.325548648834 322.552998860677 322.557707627614 324.039240678151 321.344097455343 316.589613755544 318.552275498708 316.97674592336 314.15855884552 313.663760821025 310.506125291189 307.01869726181 311.559200286865 306.569536526998 304.552495479584 304.489175478617 301.019191741943 298.29466342926 295.083165168762 291.308661301931 285.644968350728 275.762339433034 263.665894667308 253.56783469518 260.859707991282 273.75316619873 272.31502532959 273.53314558665 279.536505540212 268.707434336344 265.380839506785 272.759974002838 279.967208703359 267.959316571554
324.610451857249 326.16005341212 328.809420267741 328.752259413401 330.503344535828 331.652998924255 330.052057902018 329.683621724447 329.898357391357 331.121166547139 329.717953999837 327.844580014547 326.204458872477 325.408458709717 324.257493019104 321.573376655579 321.352283159892 313.498377799988 314.783215522766 316.683491071065 311.992426713308 311.295727888743 312.16961145401 303.855856259664 305.778781572978 303.102612495422 298.706730206807 298.355062802633 298.654556274414 297.168831030528 294.463992118835 290.767153104146 282.500167687734 280.967593193054 275.548239549001 264.611919720968 266.317705313365 272.194961706797 274.419665336609 281.811197598775 278.257966041565 270.628968874613 273.337841033936 274.93155002594 273.715774218241 263.421237468719
320.223430792491 321.645776430766 325.156807899475 326.424499352773 330.012698968252 331.738630930583 329.280277093252 328.442056973775 331.125736236572 332.583169142405 330.804785092672 327.942808469137 327.297588189443 326.921502749125 323.125243186951 320.420861244202 317.620555559794 313.710749149323 314.131478468577 314.706206321716 314.768354098002 311.712106068929 309.909502665202 305.755893389384 301.310221354167 301.394045352936 299.806912740072 301.129062970479 301.670432090759 301.481942335765 301.716049512227 299.0509668986 290.374437967936 290.228803952535 285.196622212728 270.796875158946 270.909567674001 276.385466257731 279.708385467529 281.233847141266 271.380742390951 267.720421155294 267.027795314789 262.036403020223 259.522199630737 259.01452700297
319.552063941956 317.237536112467 320.448199907939 325.505991776784 328.073124090831 329.611897468567 330.834766228994 331.94096883138 332.943598429362 330.526828765869 331.688503424327 331.023255983988 329.392552375793 325.920363267263 323.908527692159 318.93914937973 318.194131056468 312.581499417623 312.133272488912 316.971023877462 315.292477607727 311.972419420878 308.813412984212 305.254499117533 301.937778790792 304.320851961772 303.89940738678 302.236358324687 305.280685424805 309.874256451925 311.036268870036 306.827108065287 298.423608144124 297.986706097921 289.822955926259 275.745670000712 270.468870798747 277.1342198054 280.479490756989 270.899454752604 259.976665178935 263.061722119649 262.483795483907 257.42644071579 256.567438443502 259.53471660614
319.775998592377 321.936090787252 323.139468828837 327.353696028392 327.069600423177 327.222506205241 331.595897674561 333.689053853353 333.717425664266 332.976977030436 333.017885684967 331.256171067556 328.410665194194 326.172629992167 323.966066042582 324.896176656087 317.604899406433 312.137126922607 313.967982927958 315.989116827647 313.975691795349 309.399485588074 305.999060471853 306.173225243886 300.37001768748 304.090400536855 307.755311330159 305.177092552185 307.350516319275 310.584704081217 312.419354915619 308.18764368693 300.849000612895 296.216686566671 285.461048285166 273.580928643544 270.971616109212 275.659084320068 273.872494697571 259.849766890208 256.536205609639 267.515222231547 267.06858476003 258.83803764979 257.792731126149 253.115733464559
319.824914137522 326.493779818217 327.075918515523 328.692058722178 327.578028043111 326.526542504628 330.925623575846 333.072026570638 332.280854384104 334.031979242961 332.061409950256 330.820341904958 328.633427619934 324.881593386332 321.319619814555 326.024909814199 319.591422875722 313.342054684957 308.909038702647 309.673309326172 309.889952341716 307.981173197428 305.556039015452 302.087028821309 299.575587113698 300.087292989095 302.595814069112 300.052583217621 300.767958164215 304.067770640055 308.286229769389 306.413531303406 295.518656571706 283.586084842682 257.94126590093 246.286352475484 257.986664772034 268.649955590566 268.28388373057 267.899076143901 274.173637231191 275.388916333516 259.727497895559 252.295295397441 259.641468524933 247.672835985819
321.104049682617 320.372800032298 320.558508237203 322.070598602295 326.064626375834 328.380544980367 327.910959720612 330.527265866597 329.610824584961 331.194341182709 330.600301424662 330.631891886393 330.633958180745 324.258387088776 322.062770525614 319.633642832438 317.685882250468 309.276481469472 302.848756313324 304.987152417501 304.222742716471 304.137031237284 303.515692551931 298.62654209137 298.431396484375 295.761744181315 296.245793501536 296.291768550873 293.154458204905 293.702185153961 297.16169834137 299.60040251414 278.475383917491 251.708567142487 224.330961704254 213.425775369008 226.989229520162 252.709488073985 270.448088645935 268.209556738536 268.855671087901 262.764851252238 248.60805273056 250.600278377533 255.748391151428 233.228127161662
324.81187582016 317.679047584534 315.893332163493 318.826158841451 324.630002180735 329.700986544291 328.40629418691 328.469276428223 327.85697778066 327.957987785339 328.472177187602 327.634970347087 327.619771162669 323.79424571991 320.151209831238 316.408356030782 316.579699516296 308.687110741933 304.720600446065 307.674606641134 304.435670375824 303.462783495585 301.676948865255 297.960718472799 296.489179134369 294.804890950521 293.826897939046 293.506344159444 291.899840037028 286.181131998698 279.943207899729 274.123469988505 252.057095368703 227.595369021098 217.595716317495 211.347142855326 203.123350938161 213.608960310618 230.586508909861 251.601854960124 259.30255651474 249.9613960584 244.817773501078 246.098438898722 238.527814547221 219.038089116414
325.145781040192 320.891161759694 317.697683970133 319.542467594147 325.079600016276 329.275091489156 330.117543538411 327.372550964355 328.79102230072 325.456996758779 326.386570930481 326.136529445648 324.608266353607 325.503468513489 318.331778049469 317.017277081807 318.21874777476 311.731020609538 307.106296221415 308.106164137522 307.866295178731 306.345144907633 301.583766937256 301.928460597992 298.405011494954 294.914086659749 292.832056681315 290.462374687195 287.095487117767 282.412052154541 271.129409472148 265.454471111298 244.422912597656 232.05844561259 235.29573281606 236.891845862071 227.206269900004 216.514666875203 207.534670829773 216.916998227437 234.762231508891 229.430596033732 222.296218077342 214.713056882223 211.211880048116 209.016064802806
326.428512732188 325.486083825429 321.225166320801 317.795753479004 320.097883542379 327.119727929433 328.074137369792 326.223889986674 324.595928192139 325.74188709259 326.159119606018 325.619419415792 325.502912203471 324.488858381907 320.354084173838 318.625648816427 320.055762926737 315.48551718394 310.507615407308 308.862586816152 307.295540968577 305.180390675863 304.327011108398 304.008920987447 300.281206766764 298.14491669337 293.708205223083 287.303964296977 281.303286552429 277.431388696035 275.187929471334 270.813842614492 252.316534519196 247.067332267761 251.548568407694 258.29807917277 266.765912373861 260.816792647044 244.389653205872 213.866194089254 212.902983029683 217.50009059906 215.020835399628 211.515168348948 216.649889945984 224.55092271169
327.99635330836 326.887925465902 324.571490287781 317.866841952006 315.656344095866 322.981774806976 323.230465253194 323.779106140137 319.858908653259 321.843524773916 327.156901359558 326.80610815684 323.748469352722 324.98037815094 322.600464026133 318.063219388326 318.605840206146 314.209659894307 310.105443000793 308.804412682851 309.369345506032 307.55615234375 304.046948750814 302.425483862559 300.382514794668 297.141134738922 282.721161842346 263.770163059235 259.235858917236 264.474749565125 273.026367028554 268.970131874084 253.412107626597 247.73758649826 255.706290404002 266.884843508403 282.235205173492 289.751589298248 279.965837796529 246.712744235992 218.935151894887 223.842819531759 232.91273911794 242.935538291931 252.318978309631 257.173796494802
326.70525709788 324.662804603577 324.854731559753 322.230120499929 313.897450764974 316.831966241201 321.513652801514 321.45224014918 319.435119628906 319.300929705302 324.145833651225 326.450347900391 322.817742824554 322.052995363871 321.827133496602 315.557519594828 314.998269081116 313.905596733093 310.584604740143 310.461560885112 309.817731380463 308.250705401103 306.812187035878 301.943103472392 301.010290781657 300.083120663961 283.585011959076 266.662418842316 266.148785750071 269.104361534119 276.294032732646 268.050730228424 260.340472062429 261.716564496358 275.520225365957 279.099464416504 284.595171610514 266.908764839172 237.913727760315 231.009602546692 240.77832698822 251.398841540019 246.420383453369 238.960564136505 239.358723163605 250.918587048848
319.001098473867 322.767376899719 319.534103075663 318.081021308899 314.091106255849 311.82332833608 320.789873600006 323.022246360779 318.647960821788 317.467252413432 321.826020876567 324.03290271759 321.928401788076 319.628496964773 319.379905859629 316.129366556803 312.170386314392 313.400864601135 311.857183774312 312.080641587575 311.936696370443 308.877249558767 307.178020477295 304.690559705098 301.332732041677 304.3558994929 297.234535217285 293.729881445567 289.851625760396 286.33572657903 286.461075146993 276.049256324768 271.647572517395 271.731158097585 268.398761749268 255.255699157715 236.042559146881 198.869268099467 180.54320414861 217.169483502706 254.568914572398 258.166750272115 238.86251449585 232.550799846649 242.422262827555 255.708495775859
309.477070967356 317.95209646225 316.445469856262 314.503192901611 313.570340474447 309.550484021505 314.232766628265 322.237769762675 322.759727636973 317.676663398743 319.542348384857 320.90167204539 322.01741139094 318.541725476583 317.028403282166 316.698710123698 311.81929508845 309.002617994944 306.134164333344 306.796014308929 307.71392583847 306.470394134521 305.254459381104 303.33153406779 301.076670487722 305.166979630788 308.819711208344 311.040620009104 297.415157159169 295.080065727234 286.834875742594 271.294315656026 268.179992834727 253.321309884389 226.678172747294 196.074783802032 184.325754642487 174.43452278773 168.024480342865 190.845787525177 217.582821846008 238.512635231018 240.396360556285 253.902753194173 283.730665842692 292.304774125417
