input/barkrak2/radiation/dir21324.grid
NCOLS 85 
NROWS 70 
XLLCORNER 665100 
YLLCORNER 4664600 
CELLSIZE 20 
NODATA_value -9999 
[rows 20 to 39 of 70, columns 0 to 45 of 85]
169.803122679392 161.544372638067 176.104962825775 214.850783348083 210.484464963277 170.7590619723 158.786425987879 165.759325027466 178.346514701843 198.345800240835 211.398124694824 216.152906417847 220.281302928925 227.493166923523 241.640985012054 263.672669728597 277.988076210022 294.030567010244 311.180432637533 319.94632879893 323.071479797363 315.009911855062 313.641011714935 315.630853176117 317.010203997294 317.724009354909 320.373058319092 317.834635575612 314.08433119456 313.329974810282 306.672950585683 294.542213280996 283.998171488444 278.267741203308 276.069362958272 281.128625075022 281.162738800049 283.462643623352 288.239101568858 292.681117852529 292.623897393544 292.718927065531 295.188903808594 289.280792077382 294.216513633728 298.237224419912
200.043419996897 196.313818295797 209.688345591227 240.808367729187 237.2025847435 181.50407075882 169.366697470347 172.888656457265 183.267871538798 194.354097048442 204.277356465658 213.196277618408 218.119263648987 217.621127764384 230.188071727753 247.646192709605 264.509320259094 280.340929826101 294.872164726257 313.832700252533 319.974998633067 326.529343922933 328.814625740051 327.686369419098 322.980682055155 316.347539424896 312.681317329407 308.637181917826 309.799551963806 302.892903486888 285.211344559987 254.889408747355 232.503155867259 228.613356749217 235.609511534373 255.215664704641 263.169964154561 278.685351212819 288.169125715892 289.171795050303 287.27908929189 285.338620344798 279.488821824392 264.929433663686 284.763276576996 294.414401054382
242.457052071889 247.765024503072 249.537487824758 258.910536766052 259.014964103699 212.124645709991 193.862458070119 182.330032189687 179.312825202942 186.459600925446 205.11519908905 214.051604270935 223.050951957703 225.397944450378 234.068651994069 243.860046068827 256.6304008166 271.579484144847 283.41281414032 289.169987042745 297.669470310211 313.714782396952 322.492758433024 323.222637176514 320.358713467916 313.242117563883 298.472722371419 284.251014391581 279.142697652181 252.282023429871 225.161075592041 179.178953170776 154.009521007538 168.780565261841 196.973621845245 222.575883070628 240.68021774292 261.858363946279 274.870355923971 277.273058891296 280.711134274801 281.537731488546 258.633176485697 236.288825670878 266.011456648509 291.653354962667
266.695340474447 267.072717348735 260.139028231303 264.099180698395 263.694981733958 248.53394428889 216.270585854848 190.451721350352 176.180243492126 180.743436018626 201.812565326691 213.562428951263 228.95340124766 238.599260648092 240.141888459524 243.849118550618 254.834572474162 266.200145085653 275.755206743876 271.052201588949 275.784393151601 276.248832543691 281.52996301651 287.005364894867 284.023761749268 281.948248545329 269.580582777659 254.982968171438 235.655824343363 189.878205458323 163.148323694865 138.816465934118 105.896939833959 94.5829749107361 106.28135005633 141.994923353195 189.4211769104 217.395087083181 234.634200731913 245.13586362203 243.605613708496 230.039397875468 216.184119383494 249.523997306824 251.020193099976 281.816224257151
259.719888369242 260.684609413147 264.253735542297 266.092916329702 256.20432694753 248.673339684804 224.194745222727 204.697767893473 187.459607919057 181.472798188527 194.034198919932 211.99760834376 224.043428897858 235.458771387736 239.237507184347 241.015712420146 251.082539558411 261.982460816701 271.325429280599 261.540154616038 258.251210053762 245.70643901825 250.960787137349 259.669343630473 266.499698162079 265.680094559987 254.10258769989 243.174433708191 213.753243287404 158.327341079712 138.524750868479 135.077973206838 114.053150018056 77.2430797417959 70.1540956894557 90.7402237256368 130.539913972219 167.804479598999 195.660968621572 210.200111071269 199.320038159688 177.298903465271 198.699673016866 271.033028761546 267.511049906413 284.338255723317
251.928289731344 256.433288256327 265.481352806091 264.260689417521 257.528225580851 248.886565367381 234.258810679118 231.710950533549 223.832706610362 209.407091140747 207.457462946574 223.982989788055 235.776007175446 246.715823809306 250.448445479075 247.573256492615 248.880207538605 256.282528241475 257.196605205536 259.253700574239 263.433416684469 256.725251674652 251.234571139018 251.030405362447 253.737568855286 253.92484664917 244.315425554911 236.233294010162 191.080371538798 166.952868302663 165.051241715749 180.397152900696 181.659658749898 143.231521050135 108.909904956818 104.764928420385 115.94886581103 139.421115318934 169.495344161987 188.991566499074 172.902941703796 164.390593767166 208.080331484477 262.905557950338 282.864689826965 295.435806115468
253.2599568367 256.254891554515 262.927114963531 263.900617758433 271.11021677653 262.253224849701 251.826504866282 247.606992721558 248.618225256602 242.383281389872 230.044066905975 242.969989776611 252.833108107249 262.930274009705 263.999362786611 252.95352935791 242.80055363973 250.42716662089 259.188115596771 270.31675974528 269.651850064596 267.066200574239 260.717749595642 252.068638801575 252.114613850911 251.631120840708 245.4674243927 236.651500066121 204.809546470642 199.062009652456 218.93056233724 243.407626946767 249.070286750793 253.922641277313 220.135768254598 141.605824232101 131.336579720179 139.677256345749 163.113911946615 176.611840724945 184.402306874593 215.633114178975 225.087304910024 243.758638699849 272.981842358907 284.411112467448
257.213393847148 253.750363985697 256.531576315562 262.173295021057 295.214454332987 276.737372080485 263.804395993551 251.551548639933 252.867023150126 258.456567923228 246.923724810282 250.199377536774 259.820739428202 264.344831307729 261.719604333242 259.316325187683 251.844604810079 257.837196191152 267.602284749349 271.400332450867 270.881275335948 262.171467145284 259.159843126933 259.701689084371 258.261640866597 257.38267103831 252.358416716258 247.998932997386 231.293062369029 230.905294418335 252.707183361053 267.075419425964 267.899294694265 281.525611877441 293.386836846669 218.698302904765 159.236133098602 144.75538333257 153.992623090744 176.54009660085 221.336404482524 273.948927720388 238.926609357198 233.19939772288 255.20513455073 263.034780820211
255.550146102905 246.068000793457 249.615788459778 268.50148042043 310.028453667959 279.218077659607 256.717483202616 245.592474937439 249.120652675629 253.324548403422 249.159653981527 246.59792582194 258.324642976125 260.249416033427 262.950003147125 266.524434089661 261.341492335002 255.473494529724 266.755203406016 266.800284385681 264.094392458598 258.904973665873 258.336345354716 262.332320213318 265.399674574534 259.069621562958 258.820474147797 252.899905045827 242.485026518504 240.718086560567 262.249708175659 279.228806495667 279.645383358002 278.857290744781 295.365810394287 282.37247467041 188.77120812734 133.838574091593 123.381644487381 156.664629777273 230.255305767059 257.091323534648 228.917241096497 204.465647538503 223.031461238861 234.743038813273
249.116043249766 238.134284814199 245.534578959147 278.803884983063 307.861646016439 277.4312098821 247.362673282623 229.369839032491 223.388413588206 225.848038991292 227.044920126597 233.117957909902 249.061326185862 260.538776715596 265.276372432709 269.239962100983 266.724864641825 256.228864192963 259.225149949392 259.298920631409 259.825666745504 260.126868883769 261.798977851868 265.957554181417 266.864081223806 263.791461785634 265.871485074361 258.484164873759 247.379660606384 249.086240927378 268.827001253764 286.038557688395 281.92408879598 279.384831587474 289.133429527283 302.019278208415 272.009750207265 193.268040815989 149.756878614426 160.082707802455 196.889003117879 213.242848714193 214.533130327861 183.052778244019 192.521194616954 213.235318660736
239.153961340586 247.991025447845 277.796109517415 323.754409948985 322.758475939433 283.040046691895 245.839297771454 215.835332870483 207.786719004313 218.029936154683 212.003270785014 210.819105307261 238.973637421926 258.756498495738 266.219735145569 272.115170955658 272.003054618835 263.047615687052 261.524299780528 261.976023515065 260.995010534922 266.542355219523 268.479824066162 269.197205702464 270.945032437642 273.186802864075 273.097415765127 268.418252468109 257.396717866262 260.863880316416 275.767048199971 287.898182868958 284.613172213237 286.20183467865 291.740616162618 295.061806837718 308.834870656331 306.353847185771 236.63733402888 190.228044986725 176.421682039897 169.886430104574 189.02995189031 183.6825410525 184.438169002533 213.017841180166
257.848163445791 286.624848842621 311.883350213369 321.078360080719 342.863162358602 318.445265293121 278.101404507955 240.256448586782 225.725213686625 238.278925418854 232.925494511922 215.679585933685 230.833848317464 255.499482154846 270.921448866526 275.53802728653 274.013578891754 271.680295467377 265.350878238678 265.314161777496 267.484406630198 271.365483601888 273.414095242818 270.442545413971 272.389928499858 279.953062534332 280.736664930979 282.469113667806 275.24608373642 274.910132090251 281.749784946442 286.964952945709 288.891593615214 294.62722937266 297.768950462341 287.00848420461 293.508330980937 322.967052459717 306.499441464742 240.834712982178 190.976679325104 172.697047392527 171.924968560537 185.215512911479 206.908901532491 233.563840389252
296.067913373311 310.663640499115 307.185848553975 300.863862037659 317.794263362885 332.45849609375 320.211668809255 290.831824143728 265.439073244731 264.614860216777 266.998708248138 244.373500347137 232.573827107747 254.397491614024 274.329622586568 279.729942480723 274.842580159505 278.653581937154 268.333872159322 266.704678535461 269.951184590658 273.184398810069 272.086083889008 269.028941790263 271.160801251729 281.386017799377 285.050511360168 288.429896036784 283.529281616211 280.516048272451 289.141456286112 294.377068678538 291.455328464508 292.680680751801 296.615540981293 285.740574200948 285.770575205485 300.033569335938 293.170253435771 260.43705145518 227.84016529719 194.725553194682 177.779118220011 182.689487934113 204.304416974386 237.263957659403
298.121174176534 295.831104119619 290.34290711085 280.09303410848 281.512896219889 299.974878629049 314.879953861237 306.566913922628 290.329893430074 286.453525225321 287.97455628713 273.173928260803 255.923231442769 261.43882671992 275.943179925283 276.289502779643 274.944980939229 278.379499912262 268.858631451925 269.87346013387 269.661843776703 269.908905029297 266.892472902934 265.914916992188 269.606550534566 278.33370367686 286.070545514425 287.437319755554 283.292333285014 285.58878103892 293.727934360504 292.521516482035 281.499644120534 278.153955936432 281.400640805562 265.478273232778 263.417979081472 260.449131329854 246.28359079361 243.398427963257 253.845830758413 227.629562218984 202.217857042948 189.129253228505 190.008759498596 214.010020097097
295.454661051432 288.232525189718 293.943246205648 281.440297762553 274.452149868011 284.890909989675 307.292103767395 322.858115037282 311.704258124034 297.432581583659 288.460294405619 284.532169500987 285.000483194987 281.117339928945 279.378036657969 281.018992265065 276.820282141368 269.914050896962 269.954164822896 274.306178092957 269.890904426575 269.271731376648 267.950475215912 267.332553863525 271.12336953481 274.757126967112 281.38389190038 278.68249018987 279.593527317047 287.513156731923 292.407095432281 283.630788326263 268.872419993083 271.79088195165 269.164562225342 251.889963944753 253.54144970576 252.947847048442 253.95405292511 265.706598758698 267.518997192383 261.47319873174 238.400558630625 220.359186331431 201.855937639872 197.440385818481
312.17501560847 308.487097422282 316.589792569478 311.974902947744 302.901705106099 305.764675140381 319.848895072937 337.046583493551 325.437704722087 302.143315474192 286.983549594879 290.329992771149 300.429403781891 292.307118574778 284.915864467621 283.946096897125 281.437655289968 275.054673353831 276.560346285502 276.437381903331 275.163392225901 271.849095821381 271.572947502136 274.743298689524 272.216697533925 274.311323960622 276.211301485697 273.836334546407 277.534524599711 287.45565811793 289.656221866608 281.248211860657 270.730753739675 271.547098954519 261.213839054108 255.928933620453 261.325498421987 263.364334901174 272.239526112874 289.440751075745 256.374835968018 248.262683550517 237.721840540568 227.240800857544 211.881160736084 192.860047022502
329.137166341146 327.468236287435 330.199599266052 331.325054168701 323.019067446391 317.273080348969 322.611689567566 336.012125015259 328.897913297017 299.896458784739 289.932350317637 296.274085839589 301.919996738434 290.320813655853 284.797310829163 286.172926425934 291.080216566722 281.549572944641 281.898121039073 284.273187319438 283.00933043162 278.110861778259 276.188214619954 277.750293413798 274.820804595947 272.711237271627 274.914681911469 279.229700565338 281.502246856689 288.545032342275 290.238420168559 283.884684244792 273.203412691752 269.119103749593 258.005996545156 262.384454409281 267.934580643972 269.082287947337 271.655778090159 281.767686208089 240.467230478923 203.513463338216 189.306875069936 184.777756532033 184.824506441752 182.575166225433
335.295597712199 335.172891616821 334.096233050029 334.145744641622 328.15291484197 322.332898775737 321.720560391744 327.976902325948 331.316431363424 309.004624684652 303.576111793518 301.548679669698 297.156274318695 289.143840471904 282.015800476074 286.208510398865 296.002189318339 290.551066398621 286.451617876689 288.113375504812 287.527243296305 281.979242960612 277.824600537618 278.1782746315 278.88822555542 277.068833510081 278.610646724701 283.015529314677 284.983734289805 287.887096405029 290.302177270253 285.372356573741 276.516020298004 260.794123013814 251.138766606649 267.427404721578 276.433785756429 275.646468003591 266.863505045573 274.160126845042 240.208168824514 174.353718757629 145.036747058233 133.62118601799 137.392461299896 147.450864315033
330.2095135053 334.204912185669 335.655053456624 335.153500239054 332.762976487478 331.280132134755 328.519622484843 326.689839363098 328.528145949046 319.842497507731 316.356619199117 310.709218184153 297.790726025899 295.800149440765 290.427247683207 285.234232743581 293.255925178528 294.760743776957 288.011650244395 287.038326263428 287.217398484548 283.150732517242 279.982149600983 280.100444952647 281.299809614817 284.054001172384 281.819562117259 283.906241257985 286.742726961772 286.052703857422 288.970569769541 287.868718306224 271.752893924713 249.006827672323 256.812890370687 280.406216780345 283.953567345937 278.352836767832 263.279974460602 267.206788063049 273.041447003682 216.109196345011 158.570796251297 133.707384268443 130.232234795888 129.02158498764
314.569214979808 318.910717964172 318.30632686615 323.498566945394 330.579876899719 336.824695269267 339.91531531016 340.068340301514 338.750561078389 333.077530066172 324.20273621877 305.901745955149 298.566540082296 297.964533170064 291.989386081696 288.428465525309 292.03720887502 291.468878587087 284.857551256816 284.087558587392 287.602106730143 289.56393400828 287.645181020101 283.043503761292 281.438549359639 282.677551110586 285.529295603434 286.988198757172 288.742164770762 286.297221978505 287.072459856669 286.856710910797 265.439947446187 250.330030918121 274.681150913239 289.947668711344 285.55154800415 280.425767103831 268.832325935364 267.76917775472 296.897689501445 305.66660563151 244.153916835785 190.155307451884 154.22397851944 131.136039892832
