input/barkrak2/radiation/dir27124.grid
NCOLS 85 
NROWS 70 
XLLCORNER 665100 
YLLCORNER 4664600 
CELLSIZE 20 
NODATA_value -9999 
[rows 21 to 41 of 70, columns 0 to 45 of 85]
84.5159888267517 71.9359964132309 63.7231568495433 84.3316415945689 82.1299701929092 53.3174872398376 57.9264412323634 69.3401793638865 75.3747522830963 79.2483240365982 81.9342285394669 81.6529840230942 83.6324493090312 82.2700262069702 89.1778171062469 104.411204655965 118.565797805786 130.367358525594 141.22411608696 155.544817447662 167.031228542328 178.895552953084 181.682586669922 179.31870619456 167.290687561035 157.084097464879 144.874781370163 139.56880569458 144.590268532435 126.621882120768 122.169673442841 92.7866498629252 73.815256357193 53.6785622437795 57.1269541978836 64.8030440012614 90.1635090510051 102.008551359177 117.096563180288 126.140574614207 131.438146034876 135.62927643458 129.785239696503 114.675362904867 141.472021738688 153.801123301188
127.610842386882 125.080893437068 104.806939760844 104.255795478821 102.474103371302 71.6656049092611 78.180601199468 77.4687230587006 73.1604894002279 73.7114250659943 81.5316339333852 85.1842065652211 89.9304946263631 89.8630023002625 93.3076937993367 99.9491413434346 113.427033027013 125.18568833669 133.939921855927 136.812289555868 142.758766810099 158.987025419871 169.842600822449 171.351889769236 167.686184247335 160.73818008105 143.458465735118 136.784136295319 141.701489686966 119.574368000031 86.503654718399 51.5149136384328 34.9571829040845 15.072060128053 7.61322490870953 21.2557589014371 43.821707367897 71.5899616479874 82.0762068033218 91.9401049613953 100.213299194972 110.803445180257 95.316747824351 80.0294876098633 105.706234773 143.033961455027
164.850950241089 157.304763793945 124.547859032949 111.282030741374 108.072857062022 104.67263062795 96.0219204425812 79.7818601131439 67.8410778443019 68.554292122523 85.3492816289266 88.8750751813253 95.8899060885112 104.600161314011 101.206958293915 102.494974931081 109.862983226776 121.141721804937 129.161447286606 121.281504631042 120.694388945897 125.803768634796 139.482547839483 151.518742243449 154.47540084521 152.100721995036 137.369930744171 128.503898779551 109.617461760839 67.3335939645767 51.611656943957 40.5519679188728 14.357420305411 0.0341739554035788 0 0 10.0000686943531 29.4129873315493 41.1883989969889 47.7812439203262 53.4787873427073 46.8611121177673 52.461380759875 91.1946992079417 104.149003823598 132.756014664968
159.829755624135 156.353652477264 141.857335964839 114.521592855453 98.9252130190531 103.845695654551 96.1462954680125 90.7366375128428 77.2593170404434 73.7726837396622 81.170529127121 85.8311553796132 87.9464745521545 100.983470678329 100.672920544942 100.970735152562 109.332025051117 120.787233114243 128.105362256368 118.271291255951 118.68550380071 115.396281083425 124.939292669296 132.793297370275 136.105875174204 133.833279212316 127.070605754852 116.247584422429 96.3370501995087 49.7119824091593 43.4436400731405 42.0892387628555 22.6717218756676 0.21151069086045 0 0.544246674204866 5.80268974105517 18.0708728730679 18.1468551357587 20.4875605801741 23.912583788236 16.8478861451149 35.0671609242757 116.797933975856 121.358573436737 131.068408489227
147.007495164871 151.760945717494 151.916801929474 123.10387690862 99.6990899244944 103.906035423279 108.981589476268 113.949666420619 110.216945409775 99.2244283358256 92.7835504213969 98.6506938934326 103.538682063421 110.736886660258 113.128801186879 106.754690408707 109.281818072001 119.900524616241 126.282890637716 130.608201026917 134.345511595408 130.183895428975 126.151233911514 123.819986979167 124.656567970912 121.753136316935 115.609109401703 109.739750623703 85.9351257483165 70.5928901831309 69.5302238066991 79.3751229842504 72.7146863937378 18.290122350057 3.41948494315147 8.32930766046047 10.1063835124175 11.7797640462716 16.9048433502515 12.2406395773093 8.46895265082518 10.8997225761414 51.7263164122899 113.908817370733 139.659374952316 141.954978307088
145.973076423009 151.165912548701 154.800355434418 131.990214188894 116.828034321467 122.679849465688 133.475015560786 135.75941324234 142.367442448934 138.318995634715 119.655420382818 121.289710203807 121.774554252625 128.775874773661 128.469477097193 117.552022139231 114.924371242523 124.975661436717 133.820056915283 145.616104205449 150.928229093552 147.524058818817 134.898563226064 127.058168252309 125.922908385595 126.964896917343 116.83581272761 115.170528491338 103.841443856557 104.728221893311 118.802467981974 142.701894044876 151.376515626907 136.119902133942 58.8445514440536 24.3503972887993 21.7516670624415 21.8950212001801 14.969232181708 7.3749590665102 17.0401061574618 50.5196104447047 94.044695297877 115.075041850408 132.076481978099 127.958714962006
147.837767998377 146.451652050018 146.937559048335 136.943181355794 147.203395764033 148.958206176758 155.053158601125 155.868897835414 157.662580410639 153.295040130615 135.781556367874 127.945810556412 125.135471423467 126.932283242544 130.522817373276 125.065704186757 118.958652019501 127.273162206014 142.505387465159 151.966234048208 150.626003742218 138.440658648809 134.594738483429 134.01460647583 135.258297125498 133.430322011312 128.516683975855 128.622283538183 138.227880001068 147.902439037959 161.342034737269 173.334121704102 182.78310696284 193.946639696757 160.598814487457 62.4534835418065 35.378801325957 25.3686631719271 15.5669252077738 14.1692037383715 38.4236698349317 114.758869012197 114.786843458811 99.6115406354268 101.887911558151 102.009157339732
150.426278511683 139.008551836014 140.186051527659 141.922295093536 170.463363329569 160.82372268041 154.841850201289 145.393341779709 141.581883033117 135.81109046936 125.737965106964 110.443492730459 116.238574186961 117.368519306183 128.642459710439 133.653382460276 126.279671986898 123.713990052541 136.379450559616 137.551605701447 136.905382076899 128.5686592261 130.448490381241 136.662979920705 140.485982100169 135.121872027715 136.645982662837 129.939446846644 150.880525509516 163.316011428833 181.257665157318 193.265398343404 200.2099553744 201.845864454905 200.168947378794 131.762315829595 32.4965467055639 10.5614264806112 6.28925984104474 13.1314620375633 58.3774000406265 107.094248135885 99.5459357897441 70.9782987833023 66.4068361123403 68.0531958738963
150.42374531428 132.505238056183 134.262929360072 150.432129700979 169.301788012187 159.089614947637 139.122625192006 122.297475735346 109.37887430191 99.5331704616547 96.2493220965068 93.6788817246755 107.603818178177 117.947061856588 128.600110610326 135.414759318034 133.943160374959 119.787275791168 126.636882623037 128.623565038045 129.63988383611 129.78728612264 129.738161961238 137.451042731603 144.329180320104 139.868527650833 144.394020239512 141.367892424266 146.846721569697 168.984293937683 192.888617515564 206.61332209905 206.016818682353 205.068151156108 216.140707333883 204.766313234965 122.406631708145 37.1129512786865 24.0960866212845 28.7244444092115 52.8745750586192 65.4574384291967 74.9711493651072 49.2809116840363 43.7598625818888 50.9156187375387
147.044022878011 151.417950789134 178.829153378805 220.779299736023 202.792147795359 165.903548399607 131.541719039281 100.517203410467 86.0618948936462 93.289315700531 82.4218591054281 77.3709466060003 96.4990258216858 113.108436266581 134.764800469081 141.683499018351 139.183570941289 126.373469829559 126.570324103038 130.864202976227 128.316819667816 134.09012556076 136.127283175786 139.900346597036 146.150449911753 150.898108879725 149.118602275848 151.047945022583 153.252919514974 179.935256640116 203.40496301651 212.283094724019 208.185394605001 215.766072273254 228.373924891154 233.358244101206 214.123805363973 162.975072860718 79.7955344120661 46.550656358401 38.0247235298157 39.8000329732895 55.7842304309209 47.2582479317983 40.5179262161255 57.0363948742549
164.612372716268 201.496799786886 248.117327690125 271.340330441793 263.647774855296 213.500201702118 157.572537660599 119.751065969467 108.573317527771 112.04320192337 99.2180903752645 82.8961630662282 94.2221283912659 117.820570866267 136.710564295451 146.207918723424 141.763826211294 137.227396170298 130.612144867579 133.151312669118 133.5176328818 136.789669593175 141.21820529302 143.072744210561 147.750933965047 162.05237309138 161.990980307261 167.936424414317 173.705677191416 189.152757326762 206.220865249634 214.9831255277 217.486302057902 225.774208704631 231.657783190409 228.768905003866 226.17236773173 224.302152792613 160.624533891678 77.7020951112111 42.7362074454625 40.6739115715027 44.9200967947642 50.4849453767141 60.4184766610463 80.1043659448624
225.48379500707 260.053932666779 278.953909873962 278.534611066182 286.81093454361 270.031968752543 229.790250460307 190.331300099691 162.155210971832 147.262573242188 133.621195952098 115.116546551387 96.7516799767812 115.269511938095 139.939467112223 147.544016440709 141.044040520986 144.166896740595 132.472624381383 132.313470045725 136.271874109904 137.597372134527 140.182971954346 141.330401102702 146.974265575409 161.83344523112 169.699311256409 179.014186064402 184.851209322611 190.400719642639 205.198566118876 218.063394228617 218.537986278534 215.254485607147 214.902917544047 202.458004156748 203.476130962372 201.960166295369 160.288472970327 103.339572747548 64.8372371991475 56.9882889588674 49.8973180850347 51.5289803345998 61.2336099147797 79.4362525145213
267.315268516541 281.33891026179 283.18198521932 276.695370674133 284.014383951823 286.835134029388 274.25483862559 229.525605837504 186.335325241089 166.87422990799 166.283071041107 148.621499538422 123.644391695658 122.863471508026 136.51031255722 143.617182970047 137.068013350169 139.469703038534 132.60410229365 134.590754906336 132.457067569097 133.91520579656 134.983877340953 135.248263676961 144.06539996465 155.75435757637 170.177678267161 173.900584379832 181.55845006307 192.270497481028 204.714198907216 208.311855792999 186.153928438822 185.137708981832 178.94979317983 164.02792930603 164.446781078974 150.740643342336 118.209858735402 86.9410137335459 91.328372557958 81.9409986337026 65.7215267419815 54.0027767419815 53.1323800484339 67.6487982273102
277.084509531657 279.889225959778 280.777513980865 278.859257698059 277.337809403737 279.958029588064 279.761731624603 253.946204980214 206.829746564229 177.127083142598 172.756274541219 169.766962528229 156.132857004801 140.428493420283 137.466937303543 141.323854525884 135.679185390472 133.341471354167 133.214463790258 136.615693569183 132.491687933604 131.272415320079 134.591261545817 135.692089796066 139.973163604736 149.581670761108 161.852419376373 161.731799443563 170.786321163177 188.748180866241 198.620637257894 193.582892417908 182.088156541189 178.222954273224 164.193471272786 149.93021885554 153.794159491857 151.234497626623 136.380384365718 110.249221324921 111.793696880341 119.330167770386 100.435068209966 82.0763756831487 62.7246598402659 53.9296368757884
276.123642921448 277.790009975433 277.229905128479 276.309172312419 274.883468945821 272.588094075521 272.544423739115 260.279635588328 219.363590081533 187.81574567159 176.906069119771 176.095386346181 173.202633857727 152.461955944697 142.871618270874 148.007889588674 141.046464443207 132.61612256368 137.0849609375 137.994180123011 136.710385481517 132.062236467997 137.495309114456 141.660948594411 141.187012195587 146.989166736603 152.058730522792 153.235693772634 160.210430622101 180.819312731425 190.119206905365 185.806234677633 183.365384737651 184.349099795024 162.570377190908 159.098366896311 164.53742980957 167.024532953898 170.197109381358 144.341737031937 104.440132776896 99.6172229448954 89.9962584177653 72.043776512146 56.9188296794891 41.9691354036331
263.012727101644 264.238556226095 266.018350919088 264.328817526499 263.012290000916 260.704398155212 265.463928381602 264.140665531158 227.946718533834 190.44037659963 175.425926844279 170.004844665527 167.96871026357 152.349650859833 141.451706488927 151.25697851181 152.344514926275 139.362047115962 141.625185807546 146.273692448934 144.894500573476 139.060388008753 140.732526779175 144.46234703064 141.724318265915 143.413990736008 150.252312421799 158.072978258133 162.037034829458 176.375269889832 188.323140144348 188.733478387197 185.004969437917 182.485242684682 165.215224027634 170.367836952209 172.551850477854 178.523500760396 174.30849870046 151.191602150599 81.2076330184937 62.0519568522771 50.4147708415985 32.1574533979098 39.5902320742607 32.7294891079267
244.557797908783 252.214968204498 260.557770729065 257.1875055631 256.261388460795 260.075271129608 266.768554846446 268.842856089274 247.767249743144 204.871555169423 183.61622095108 166.384716828664 157.616317272186 148.590962092082 138.074427843094 145.281930764516 156.909247239431 146.818846464157 144.100566705068 147.147516409556 148.86415998141 143.680175145467 141.88011487325 143.865565458934 144.884526729584 145.41083574295 148.737321297328 159.779677788417 163.489550352097 169.849435488383 181.764860947927 190.874973932902 182.331264019012 173.731525739034 162.692815065384 179.850538571676 186.965823173523 190.215229988098 179.834802945455 165.75962305069 73.6465056737264 31.519408027331 13.6640494068464 12.9880582292875 13.5139897465706 13.0252453188101
211.815198262533 222.325126330058 229.247768719991 234.158158302307 241.38210217158 253.828605016073 263.964792092641 267.294685045878 258.001585801442 221.880654493968 193.800965944926 172.939161459605 156.775534152985 155.020346244176 144.793877998988 139.506796995799 151.940534512202 151.172399520874 144.697924455007 144.023070732752 146.147231260935 142.294545968374 139.809687932332 140.974779923757 144.341866175334 150.122116009394 149.430096149445 156.544049580892 161.764065424601 162.875205278397 173.40874671936 188.537319501241 180.029551188151 161.57478094101 168.009459972382 193.730811278025 198.378841082255 195.464352766673 182.993551095327 185.73796749115 138.26988140742 50.3526826699575 20.0301806131999 14.3102196355661 12.3852230608463 11.7148806651433
176.44065618515 182.4738184611 182.159920533498 192.832410335541 208.906094233195 223.996122678121 236.964682737986 246.912519137065 242.883861064911 220.837970574697 189.977248509725 167.841255664825 153.488377730052 152.122795581818 147.264033555984 141.525109608968 146.337489287059 146.542807420095 139.603535334269 138.998250166575 143.928160270055 146.694084008535 146.31462097168 141.053736209869 139.737983544668 145.185281833013 151.152869065603 154.36797340711 160.812715689341 161.691983540853 164.32386636734 177.44505405426 172.073006629944 166.574349006017 193.425138791402 207.194487253825 202.880859375 195.295651753743 195.711731910706 207.557082176208 213.370402654012 163.363556067149 77.1717379490535 40.3231630722682 24.7583289941152 11.5696986516317
164.691716432571 166.303416093191 166.152745485306 168.071607748667 177.708705266317 183.056791623433 186.939318974813 191.253125667572 190.474609533946 174.2871205012 158.11163187027 154.501020908356 152.014712492625 149.131566286087 146.043837070465 146.502604087194 145.373245080312 144.750465949376 139.499266942342 137.52007484436 143.67339015007 149.282316366831 150.645156701406 147.351374228795 143.131097157796 140.918731689453 152.894675731659 156.268358230591 159.66593225797 162.812888622284 162.536591291428 168.585201104482 166.21125737826 178.995788097382 205.480376879374 204.136669635773 186.84196472168 183.153669039408 186.205248037974 200.173815091451 217.137734095256 228.444457054138 181.598663330078 96.7890024185181 46.0071265697479 26.8541574478149
173.103113969167 171.065549055735 170.276721318563 169.297734896342 165.973713000615 163.280646006266 161.55336300532 161.592960357666 166.441867748896 158.118218183517 149.292608102163 151.053637266159 153.557429711024 154.02348836263 150.950958331426 149.042507012685 143.354177474976 150.755703449249 151.600917180379 144.918789466222 148.674428462982 149.449686209361 147.969384988149 151.47943298022 152.116119861603 146.327942609787 153.638362884521 157.68696864446 159.777988990148 162.865658601125 164.214611053467 168.350736300151 170.64235607783 188.608725865682 201.383809248606 185.567200183868 171.637972195943 161.855270465215 164.157251516978 176.590959231059 208.179851373037 224.809288978577 205.846806367238 147.844632466634 76.8696864446004 43.2483901580175
