input/barkrak2/radiation/dir27024.grid
NCOLS 85 
NROWS 70 
XLLCORNER 665100 
YLLCORNER 4664600 
CELLSIZE 20 
NODATA_value -9999 
[rows 40 to 59 of 70, columns 0 to 45 of 85]
167.055586973826 169.677793979645 168.49946975708 170.401295026143 180.009722709656 185.313026110331 189.16646639506 194.947103659312 192.600925763448 176.455756028493 160.350402196248 156.767209370931 154.2596022288 151.376187801361 148.25643102328 148.692111174266 147.570610046387 148.442318042119 141.690413157145 139.657527208328 145.810633897781 151.400983333588 154.522359371185 149.506429831187 145.262738068899 144.708027442296 155.022700627645 159.967025121053 163.308401902517 163.469016551971 164.656301339467 170.672218004862 168.094615141551 180.822273095449 207.231561342875 205.888946851095 188.601275285085 185.048659642537 188.083489735921 201.839685440063 218.753417332967 230.533321698507 184.912184874217 100.31255086263 47.5948949654897 27.9278829693794
175.437251726786 173.417786757151 172.6087530454 171.614209810893 168.305734793345 165.606757005056 163.871924082438 165.183703104655 168.690880139669 160.390516122182 151.57562494278 153.32571665446 155.797104040782 156.257847944895 153.14852197965 151.230414708455 145.560046037038 154.514054457347 153.760462999344 148.882806301117 150.781581799189 151.565253734589 150.105188290278 153.623481591543 154.227991898855 150.207171837489 155.749907096227 159.805089235306 163.447519143422 164.974669615428 167.885323365529 170.440157254537 172.634541988373 190.445820490519 203.191200892131 187.349120775859 173.441847165426 167.121112346649 166.161725918452 178.535401821136 211.148122946421 230.314215024312 209.697445233663 150.291363398234 78.9972941080729 46.148474017779
180.409650007884 177.755494912465 179.389258225759 178.048431873322 171.6068983078 167.121867338816 164.108673731486 160.432308912277 159.277548392614 156.844993432363 153.717170159022 152.831256389618 155.893246332804 160.441050926844 158.750712871552 156.119555234909 151.812414328257 158.479630947113 160.043954849243 151.673098405202 150.325616200765 148.477137088776 144.548624753952 147.604326407115 152.038594086965 149.764110644658 146.12020055453 152.505576610565 157.691955566406 162.189215421677 163.221418857574 163.965622584025 172.9816198349 194.735010464986 200.612008571625 175.387620925903 160.886734724045 158.924768368403 165.424058834712 176.544547080994 186.097105344137 188.725789388021 176.949898401896 146.287898222605 89.2909069856008 36.7942253748576
164.390693108241 167.086640993754 175.896505514781 172.561963399251 175.524075826009 177.924513816833 175.474564234416 170.631527900696 158.421516418457 157.373189926147 159.515082836151 155.167639255524 154.395361741384 159.312039613724 159.039417902629 156.740744908651 156.885464986165 158.340215682983 159.87761815389 153.241872787476 146.852066119512 145.835687716802 142.820090055466 143.106202284495 145.780901114146 149.586657683055 145.452996095022 148.057560125987 153.495182593664 157.16149409612 155.672053496043 153.782467047373 164.834876855214 181.698898474375 179.214775562286 163.49991162618 158.305039008458 167.619109153748 175.643444061279 177.622358004252 172.50386873881 169.455289840698 158.641388018926 131.841381390889 89.1028741995494 32.2469423214594
163.105070590973 167.65966018041 171.178380648295 172.617157300313 173.43799273173 176.221191883087 175.405462582906 171.752651532491 166.733384132385 160.622815291087 162.640889485677 158.471504847209 155.030886332194 152.851055065791 151.821712652842 152.502318223317 147.520432869593 155.926525592804 157.100727160772 153.591871261597 148.481945196788 148.03276459376 146.558711926142 147.988239924113 144.695738951365 153.808832168579 158.505409955978 155.318051576614 154.825001955032 153.39340766271 149.652163187663 146.433621644974 153.785447279612 158.306886752447 157.89653857549 156.96719288826 161.651402711868 175.622959931691 181.820034980774 173.981785774231 170.613984266917 160.577644904455 154.87680832545 135.068674882253 102.101176977158 57.5788567463557
168.891469637553 172.794083754222 170.431653658549 174.420893192291 172.075390815735 172.229488690694 172.904809315999 171.546260515849 172.637820243835 166.389882564545 165.350119272868 163.133045037587 158.536374568939 152.883211771647 152.379880348841 155.364463726679 147.639910380046 152.012666066488 156.943847735723 154.600967963537 152.8107325236 151.842912038167 149.85583225886 151.976923147837 152.525186538696 151.89266204834 158.789892991384 158.695220947266 156.287829081217 154.802928368251 149.854769309362 146.865179141363 149.69073732694 147.985359032949 141.892115275065 142.002363999685 150.813023249308 169.146736462911 167.27872689565 153.714100519816 159.043530623118 150.831083456675 147.844771544139 145.383298397064 129.84577814738 90.8059080441793
168.188571929932 169.196804364522 172.561248143514 175.202091534932 174.215277036031 173.860390981038 175.94834168752 176.822284857432 173.243939876556 170.136332511902 168.818195660909 166.599035263062 163.072764873505 158.68134299914 158.343950907389 161.247859398524 157.01421101888 151.804576317469 157.91392326355 156.209806601206 152.612527211507 154.617150624593 152.848690748215 148.580650488536 158.479104439418 151.538242896398 152.600685755412 154.781599839528 154.494822025299 154.003113508224 153.411467870077 150.731404622396 148.868511120478 147.000342607498 143.626034259796 142.32012629509 146.004408597946 155.233412981033 157.022694746653 156.064848105113 156.243910392125 147.124896446864 151.529421408971 160.615026950836 153.38193376859 118.02018682162
161.94028655688 163.468311230342 169.821341832479 171.264926592509 175.318121910095 176.649073759715 173.288106918335 173.684477806091 173.719008763631 174.177527427673 170.981129010518 166.080345710119 164.804955323537 163.431306680044 161.033739646276 159.204512834549 157.064457734426 147.540251413981 154.359628756841 155.834009250005 151.758273442586 153.288970390956 155.382553736369 146.980812152227 152.459412813187 152.122686306636 146.81355158488 150.843322277069 153.641412655512 152.850409348806 154.922425746918 154.822160800298 148.356596628825 150.718073050181 158.418675263723 160.023291905721 155.804137388865 154.208689928055 158.178438742956 169.754266738892 158.500850200653 149.30123090744 156.652788321177 162.479907274246 156.259487072627 135.992308457692
153.975407282511 157.447119553884 162.814488013585 167.304555575053 173.003872235616 177.081366380056 173.115928967794 171.176870663961 173.208216826121 175.234178702037 172.345379988352 168.227195739746 164.833496014277 165.917774041494 161.768535772959 157.385408878326 155.654648939768 147.801528374354 151.531328757604 157.616357008616 156.045456727346 154.646694660187 155.73658545812 152.817914883296 148.083845774333 153.736293315887 149.531543254852 154.703905185064 159.14331873258 164.202481508255 170.418302218119 171.587467193604 159.611890713374 162.90815671285 170.896649360657 172.250767548879 172.872503598531 164.608220259349 161.938687165578 165.412664413452 155.586431423823 147.631188233693 145.143697659175 144.165148337682 142.161349455516 141.166746616364
152.658194303513 150.065471728643 154.337743918101 163.504074017207 169.689456621806 172.724425792694 175.974110762278 177.069822947184 177.655935287476 172.892014185588 175.438721974691 173.956632614136 170.208156108856 166.234463453293 163.197388251623 157.810181379318 156.54910604159 151.270687580109 154.16341026624 159.383108218511 162.259151538213 161.079227924347 157.211363315582 156.894107659658 152.200092871984 156.356672445933 156.903187433879 158.982992172241 167.736013730367 175.484697024027 185.488303502401 188.728551069895 177.86572376887 174.762686093648 171.682854493459 174.726366996765 177.20756928126 176.304380098979 165.396710236867 153.661251068115 144.535015026728 146.438539028168 144.867201646169 139.252642790476 135.457138220469 140.152871608734
154.747138420741 157.43350982666 159.263104200363 166.813989480337 167.2549645106 168.58979066213 175.873100757599 181.033849716187 179.733912150065 177.598337332408 177.39729086558 177.717208862305 172.568321228027 166.817545890808 165.571083625158 169.575969378153 160.531520843506 156.843851010005 157.654970884323 163.790971040726 166.483670473099 163.454532623291 159.598926703135 156.04430437088 153.135617574056 159.662663936615 163.401981194814 164.287994305293 169.406533241272 177.860458691915 186.8510444959 194.282988707225 187.822759151459 176.733692487081 163.022915522257 164.286325375239 173.321425914764 179.473757743835 168.815791606903 147.01721072197 139.165828625361 148.851821819941 152.2230108579 146.84322476387 141.175935665766 137.70447174708
154.663135608037 164.670199155807 167.185505231222 169.250965118408 168.516119321187 166.626006364822 174.275616804759 179.249703884125 179.149409135183 182.615578174591 179.42335208257 179.085075855255 175.321380297343 170.417229334513 167.827407519023 174.188733100891 168.150146802266 161.358018716176 158.563355604808 162.023286024729 162.68132130305 160.797645648321 158.825655778249 154.740889867147 152.092347542445 154.108573993047 158.907463153203 159.89817182223 162.328958511353 169.611612955729 177.912930647532 188.786625862122 184.687336285909 163.614531358083 129.661987225215 121.890226999919 142.386436462402 165.712386369705 175.324678421021 171.962320804596 166.841566562653 159.228136142095 142.561892668406 138.684610525767 147.893905639648 138.780812422434
157.996813456217 155.540595451991 155.789395173391 158.964316050212 166.77858432134 170.535107453664 170.848349730174 176.717897256215 176.651537418365 180.092712243398 179.929594198863 182.15000629425 180.785715579987 174.164652824402 170.930604139964 169.892410437266 170.8984375 160.699367523193 154.904127120972 154.082755247752 153.59835823377 156.686385472616 157.273471355438 149.182697137197 150.36678314209 149.398277203242 148.993064959844 150.129685799281 150.209446748098 150.101900100708 156.488021214803 170.965711275736 167.805234591166 140.377819538116 103.590905666351 83.7163031101227 92.2146240870158 122.505237658819 158.315767844518 173.315644264221 175.061225891113 158.54212641716 136.432866255442 133.157074451447 142.007321119308 128.211011489232
162.786622842153 152.156094710032 148.269752661387 154.333591461182 166.059871514638 175.284465154012 173.336764176687 175.486743450165 177.037378152212 175.872544447581 179.109255472819 180.866122245789 183.374603589376 180.18498023351 173.038045565287 171.847363313039 173.570652802785 163.859287897746 158.689598242442 159.866432348887 159.187853336334 156.012296676636 154.171725114187 150.01055598259 149.432818094889 147.824714581172 147.496730089188 148.016879955928 144.707183043162 138.906876246134 131.781200567881 139.866729577382 139.815092086792 119.52860156695 103.326916694641 84.6565465132395 65.4115031162898 73.0084280172984 96.9645380973816 133.623570203781 157.135883967082 146.535376707713 135.581990083059 130.654752254486 122.572183609009 113.824844360352
164.75577155749 158.362547556559 153.619905312856 158.562471469243 168.201704819997 177.321910858154 179.62505420049 176.428516705831 179.989616076152 178.358534971873 181.260267893473 182.17013279597 184.370398521423 184.810916582743 177.36142873764 176.345964272817 177.794436613719 170.032838980357 164.747496445974 166.301469008128 166.326572497686 161.708543697993 158.918937047323 158.157169818878 152.397344509761 151.638050874074 149.610916773478 146.880149841309 142.735858758291 137.403666973114 124.605516592662 128.977835178375 131.629407405853 129.507631063461 128.711541493734 117.81844496727 89.9340113004049 72.9305495818456 66.7609622081121 81.9580952326457 117.874254782995 122.16862042745 110.816180706024 96.2586005528768 93.9407149950663 102.475007375081
169.17222738266 167.078812917074 160.501619180044 157.600114742915 163.758466641108 176.86136563619 178.88734738032 177.389204502106 178.002019723256 181.785742441813 188.3504986763 188.42343489329 187.504371007284 187.151471773783 182.469467322032 182.623048623403 182.70601828893 177.99969514211 171.89759016037 168.958763281504 166.748444239298 165.08009036382 165.997485319773 167.756716410319 163.005590438843 158.612549304962 152.282953262329 143.386920293172 134.581784407298 131.355663140615 129.219541947047 134.495705366135 137.912730375926 147.847811381022 155.445069074631 155.940671761831 145.707259575526 127.719750006994 109.390646219254 77.2692908843358 86.7845118045807 106.717596451441 106.34637872378 94.0132141113281 95.3337748845418 113.705317179362
172.592222690582 171.663125356038 168.470362822215 162.666777769725 161.686609188716 174.035569032033 177.833120028178 178.379158178965 176.426629225413 184.888422489166 192.697485287984 191.861748695374 188.029070695241 189.392586549123 188.45796585083 181.552906831106 183.48491191864 178.845703601837 173.73663187027 171.639641125997 170.192877451579 171.667416890462 166.558126608531 164.901922146479 162.33903169632 155.754675467809 136.913696924845 112.900118033091 108.821034431458 116.562167803446 127.766460180283 131.120940049489 136.310835679372 142.44689544042 154.99609708786 169.356862703959 174.142916997274 170.812805493673 171.843190987905 122.008303801219 92.0367836952209 109.869758288066 127.334256966909 130.591799815496 132.438629865646 147.145082553228
172.203242778778 169.777989387512 172.609170277913 171.133240063985 167.001605033875 170.781890551249 179.547548294067 180.109898249308 177.782575289408 184.303899606069 192.088107268016 192.691723505656 187.212407588959 188.943247000376 191.121935844421 182.213187217712 183.162252108256 180.508494377136 177.557448546092 178.235491116842 178.959210713704 178.672631581624 173.610270023346 165.105372667313 164.330104986827 162.421882152557 140.531986951828 116.687268018723 115.4665350914 124.395996332169 137.920757134755 138.866265614827 147.599011659622 158.33967924118 174.160321553548 173.978288968404 166.442602872849 132.553120454152 109.319080909093 123.828540245692 122.467378775279 138.160546620687 141.674806674322 124.727179606756 113.54794104894 127.736508846283
160.749971866608 168.664614359538 170.17138004303 172.091762224833 169.70698038737 167.215168476105 179.133077462514 184.068520863851 181.796093781789 184.959650039673 189.222633838654 190.419534842173 189.489344755809 185.826202233632 186.772465705872 183.53392680486 179.190238316854 181.336979071299 182.064652442932 183.671951293945 185.075064500173 181.058863798777 179.122388362885 172.639926274618 171.69596751531 171.220262845357 164.866179227829 156.040012836456 154.599130153656 158.838589986165 157.500028610229 148.735503355662 161.470542351405 174.121181170146 163.732449213664 152.937650680542 134.169121583303 79.5929183562597 57.1570793787638 91.253658135732 126.56690677007 149.090796709061 142.845710118612 127.68163283666 118.096719185511 124.326010545095
149.884670972824 165.888279676437 169.410228729248 170.546849568685 173.30934604009 168.286561965942 174.924671649933 184.051672617594 193.176468213399 191.793262958527 190.386096636454 189.208547274272 190.23323059082 188.668727874756 187.987824281057 185.058971246084 179.908692836761 180.444637934367 178.336242834727 175.883650779724 177.795231342316 177.032887935638 176.218469937642 173.558751742045 175.196369489034 180.710395177205 190.022031466166 194.506406784058 179.471472899119 173.518677552541 162.000556786855 148.869852224986 156.453231970469 147.151281436284 115.553398927053 76.9912153482437 74.0379492441813 63.1619195143382 47.3316758871078 47.4362870057424 72.4201053380966 112.002015113831 140.72330792745 161.754508813222 177.924255530039 174.233615398407
