input/barkrak2/radiation/dir26924.grid
NCOLS 85 
NROWS 70 
XLLCORNER 665100 
YLLCORNER 4664600 
CELLSIZE 20 
NODATA_value -9999 
[rows 0 to 19 of 70, columns 0 to 45 of 85]
206.552525361378997 221.758166948954 237.401326497396 256.242314974467 265.028695265452 264.891564846039 256.694376468658 250.758230686188 252.979576587677 253.892699877421 254.065752029419 255.495607852936 254.579464594523 255.274713039398 257.463852564494 248.556057612101 237.602531909943 226.806362469991 220.658977826436 210.30326684316 205.568691094716 219.340364138285 245.807449022929 253.15781434377 255.036532878876 264.825920263926 263.719181219737 250.10226170222 234.257936477661 232.002000013987 227.996230125427 247.664272785187 290.087739626567 289.845983187358 285.910069942474 272.631963094076 277.881781260173 292.101005713145 288.441379865011 289.136985937754 274.896423021952 275.517523288727 287.397861480713 288.031200567881 276.395916938782 279.861092567444
185.059110323588 202.683250109355 218.1289990743 236.018121242523 249.018629391988 253.468294938405 250.624040762583 251.989324887594 261.416018009186 259.434580802917 255.681792894999 255.482534567515 255.541245142619 256.642063458761 256.45250082016 247.863511244456 242.752591768901 234.361529350281 229.537645975749 216.804107030233 220.029989878337 239.122072855632 259.031216303508 261.699497699738 266.263842582703 270.313064257304 265.074292818705 253.163675467173 239.146490891775 233.802914619446 234.631816546122 261.220216751099 291.551808516185 290.157854557037 285.692910353343 274.273931980133 280.409117539724 291.820168495178 288.459618886312 290.084620316823 281.166235605876 276.941557725271 276.615103085836 276.961127916972 274.612545967102 280.151744683584
147.672752539317 160.919765631358 173.758804798126 185.89440981547 200.020750363668 210.799833138784 221.25780582428 236.273447672526 248.847782611847 248.590429623922 248.60030412674 252.493798732758 261.82633638382 265.901784102122 263.293008009593 268.410265445709 269.704461097717 259.935239950816 244.82790629069 233.558058738708 240.844746430715 252.543826897939 260.301828384399 262.680013974508 268.793324629466 266.574919223785 261.054197947184 252.415736516317 243.392825126648 241.31441116333 249.082386493683 276.311973730723 289.904812971751 289.539873600006 285.919070243835 278.949578603109 284.830411275228 288.450042406718 289.635976155599 287.844598293304 279.838562011719 270.395914713542 259.927014509837 259.871462980906 269.624650478363 278.690298398336
128.532469272614 130.060493946075 138.327231009801 144.603222608566 151.802728573481 157.607654730479 165.712296962738 182.710389296214 204.054951667786 222.201625506083 235.960721969604 252.294103304545 264.402250448863 268.913229306539 271.28279209137 276.820401350657 274.719436963399 264.459729194641 248.959223429362 242.444157600403 241.52930577596 240.559717019399 252.184212207794 257.16491540273 258.746981620789 259.638508160909 258.421679337819 254.352549711863 251.944025357564 253.255029519399 255.427400271098 281.323174635569 288.53311141332 288.726488749186 285.241981347402 287.410577138265 287.850379943848 288.114011287689 286.596179008484 278.60297759374 269.266486167908 257.963041464488 253.431220849355 266.828219095866 283.508817354838 277.106066544851
150.991727908452 133.993883927663 120.948811372121 111.774255832036 113.969345887502 131.103138128916 152.993778387705 164.49769337972 175.499697526296 183.743854363759 207.059284051259 231.95872704188 247.030039628347 254.957298437754 261.08451684316 264.807264010112 260.276059309642 249.867518742879 245.105663935343 242.811461289724 237.795054912567 235.882480939229 247.190773487091 251.405815283457 255.11908531189 261.292219161987 259.23091173172 256.645838419596 254.402041435242 252.614676952362 258.513549963633 285.825888315837 287.513534228007 287.844061851501 282.459835211436 283.983071645101 285.64061721166 285.00896692276 275.342583656311 268.695453802745 265.289386113485 262.18710343043 265.292485555013 274.552444616954 278.204003969828 262.890140215556
196.92192475001 166.689515113831 137.901405493418 113.963057597478 105.290949344635 116.922547419866 142.485201358795 160.898427168528 165.624638398488 165.170143047969 176.190753777822 191.277305285136 201.477289199829 208.811481793722 218.537171681722 227.50715414683 229.856868584951 233.09318224589 240.540424982707 246.14425500234 246.253987153371 248.830060164134 250.199198722839 250.95009803772 254.540920257568 260.264933109283 260.026415189107 259.437839190165 257.678151130676 257.314582665761 271.002650260925 287.772138913472 285.476326942444 285.668313503265 280.202011267344 278.037031491597 280.358215173086 276.4493227005 266.784469286601 268.994112809499 266.940375169118 264.285286267598 265.430291493734 268.267850081126 259.971916675568 234.772145748138
221.484661102295 194.841265678406 172.128081321716 149.757812420527 128.09361020724 115.374734004339 123.340427875519 152.729560931524 167.60774453481 176.324864228566 173.127929369609 167.69007841746 163.21807106336 158.929030100505 160.840034484863 177.53404378891 191.400150458018 212.713162104289 233.266234397888 246.661603450775 252.136369546254 255.107223987579 253.87974580129 251.23389561971 253.543297449748 256.095369656881 258.911410967509 259.511232376099 258.795062700907 263.090550899506 276.605864365896 284.717301527659 282.539109388987 279.118339220683 275.553663571676 269.579152266185 270.303666591644 265.256722768148 262.423157691956 259.474595387777 253.452062606812 251.731971899668 256.964226563772 262.539048989614 252.173185348511 241.314888000488
233.579337596893 221.430857976278 207.900643348694 189.85116481781 164.884726206462 133.258899052938 112.089415391286 111.660401026408 146.288126707077 173.54424794515 182.320217291514 178.248703479767 168.742974599202 158.02534421285 144.288331270218 147.490213314692 161.102712154388 179.106473922729 205.024520556132 226.72963142395 240.185876687368 248.915731906891 255.476474761963 251.959522565206 250.340183575948 249.617497126261 250.700831413269 252.047419548035 252.431114514669 262.316803137461 272.64811595281 276.620805263519 272.076984246572 266.487856705983 261.961241563161 259.009003639221 262.374381224314 257.569432258606 250.884294509888 236.915767192841 236.846963564555 246.710975964864 263.38517665863 272.346278031667 265.829126040141 263.736546039581
224.962532520294 225.282669067383 220.029314359029 210.183501243591 194.768687089284 169.807056585948 137.505561113358 108.32949479421 123.120486736298 145.71213722229 167.156577110291 178.491731484731 181.072692076365 178.04076274236 164.435466130575 156.026472647985 152.651846408844 157.563130060832 173.01466067632 192.064305146535 209.953983624776 225.15348593394 236.67041460673 234.456737836202 236.300130685171 235.979437828064 236.727873484294 238.407552242279 240.641494592031 250.577330589294 256.686131159465 256.874442100525 254.351456960042 253.749668598175 253.698488076528 254.964967568715 255.017518997192 252.461632092794 245.684504508972 239.632646242777 252.911388874054 266.394376754761 274.951875209808 276.147743066152 265.846073627472 259.813706080119
190.899928410848 201.763411362966 207.655072212219 207.660774389903 204.215447107951 198.630293210348 179.665803909302 159.182568391164 127.085357904434 117.060095071793 130.590190490087 157.53369530042 181.286017100016 193.4787829717 194.459617137909 184.535801410675 168.150325616201 161.895324786504 161.042551199595 164.702276388804 174.360434214274 183.460672696431 194.220244884491 203.447461128235 213.423947493235 216.295123100281 217.317938804626 218.673527240753 221.38257821401 228.682557741801 229.563454786936 230.562965075175 237.188498179118 241.685191790263 245.581686496735 246.606707572937 245.319485664368 248.972654342651 245.295643806458 251.094837983449 269.049922625224 276.847203572591 278.584003448486 275.689800580343 264.718910058339 259.320298830668
116.691887378693 145.932992299398 160.571038722992 174.123962720235 185.073733329773 193.730175495148 194.820920626322 187.879224618276 157.529006401698 130.455821752548 115.808765093486 123.810946941376 152.292758226395 180.614511171977 197.413782278697 186.449070771535 177.685618400574 169.591466585795 160.172243913015 154.39381202062 154.798775911331 154.908974965413 160.237183173498 174.869418144226 189.434985319773 198.450843493144 200.179636478424 200.791001319885 207.496662934621 213.130593299866 216.021319230398 219.793995221456 229.710380236308 234.007894992828 234.37225818634 235.266268253326 240.119894345601 244.64605251948 249.217391014099 262.530585130056 273.025790850321 276.447514692942 275.975267092387 273.064255714417 267.611066500346 267.855068047841
66.4399216572444 79.5239359140396 89.3527865409851 102.672040462494 132.376253604889 151.548782984416 171.633998552958 178.632915019989 179.310401280721 163.875162601471 135.611246029536 114.715874195099 117.750426133474 141.491631666819 171.148578325907 175.900300343831 182.705680529277 178.594688574473 167.521198590597 155.385226011276 148.478080828985 146.147231260935 146.368404229482 156.099259853363 165.75425863266 172.941565513611 176.45517985026 181.279063224792 188.917696475983 194.251239299774 199.480791886648 205.207089583079 211.118698120117 214.812636375427 215.74604511261 218.418339888255 229.107260704041 240.732789039612 246.719876925151 260.323901971181 267.147699991862 268.508811791738 265.617926915487 261.711875597636 259.35294230779 258.377432823181
58.3674162626266 51.4931231737137 44.7903176148733 46.6191669305166 56.7762653032939 72.0394750436147 96.0063934326172 122.774412234624 160.267333189646 171.596765518188 161.862641572952 138.377457857132 111.52317126592 107.80256986618 132.801870505015 163.584152857463 181.206107139587 184.484163920085 178.812046845754 168.375134468079 158.266385396322 157.833596070608 157.304267088572 158.18797548612 159.273624420166 159.117509921392 163.633932669957 173.043926556905 177.206039428711 178.724964459737 184.420704841614 190.274794896444 191.101590792338 193.150719006856 196.837921937307 202.675700187683 214.553236961365 228.189587593079 231.931686401367 242.073436578115 248.035232226054 249.468525250753 248.576978842417 249.589820702871 246.793786684672 247.177461783091
54.9406905968984 35.185640056928 21.0800195733706 12.0489386220773 4.89852484315634 5.53315257032712 23.5977868239085 52.6738166809082 86.6628189881643 113.783409198125 135.987788438797 149.127086003621 140.472590923309 119.332045316696 116.718500852585 142.89328455925 161.118606726329 180.921713511149 191.536068916321 188.49245707194 176.744858423869 172.910590966543 169.192453225454 168.694615364075 169.074992338816 167.156835397085 169.933299223582 179.429531097412 179.319699605306 172.089616457621 177.706917126973 183.530290921529 185.063004493713 184.739867846171 189.288417498271 197.236438592275 203.830162684123 209.4713250796 214.01834487915 216.719190279643 221.905012925466 228.440205256144 235.769132773081 242.607891559601 238.041758537292 243.264714876811
67.1807825565338 34.959152340889 13.2300332188606 4.9980649103721 1.63805826256673 0.245499967907866 13.1970817844073 35.538320740064 53.2094935576121 80.5959006150564 112.061947584152 141.914784908295 148.29820394516 144.149015347163 132.74809718132 131.271859010061 134.004970391591 148.765405019124 173.174798488617 185.01744667689 185.622076193492 182.729045550028 183.514853318532 180.806914965312 178.537925084432 178.16964785258 179.465691248576 182.077387968699 178.056379159292 172.072847684224 174.914499123891 180.326243241628 180.28978506724 180.08021513621 183.903316656748 188.188036282857 189.914246400197 188.156068325043 193.534513314565 194.541990756989 201.08425617218 208.927114804586 215.54442246755 220.866024494171 222.161332766215 227.093199888865
56.9921185572942 35.3648016850154 12.011744081974 2.10539034257332 0 11.9887826343377 26.8987119197845 39.010318617026 52.3169537385305 69.8607116937637 91.2024776140849 124.102751413981 153.26796968778 154.498755931854 147.212475538254 126.000583171844 121.067593495051 126.457085212072 146.530012289683 171.609004338582 188.466986020406 186.412851015727 190.691510836283 186.311841011047 180.162092049917 184.239904085795 187.642375628153 183.821519215902 179.960310459137 182.684143384298 181.746820608775 181.047956148783 177.81796058019 175.88198184967 176.224172115326 175.501465797424 173.046290874481 168.579975763957 171.637157599131 174.174984296163 179.221073786418 184.992770353953 188.547571500142 191.086332003276 204.472362995148 210.432052612305
46.8794206778208 39.0068963170052 18.8466670612494 0.0385149178327993 1.62765709683299 12.5803761184216 30.6960393985112 44.5225189129511 57.0360720157623 65.0431563456853 79.3936749299367 111.647665500641 137.961784998576 149.322400490443 153.913100560506 149.513185024261 145.784089962641 135.070582230886 126.672466595968 135.235329469045 163.64441315333 182.591180006663 190.60758749644 190.738757451375 186.758776505788 189.005394776662 195.561667283376 192.040701707204 190.915147463481 197.107752164205 194.985032081604 182.837049166361 176.324387391408 171.628673871358 166.444480419159 164.767533540726 159.657498200734 158.146440982819 159.180223941803 162.619729836782 165.234138568242 168.605883916219 171.418825785319 174.517591794332 193.76011689504 204.234838485718
42.2303378582001 41.8265213569005 30.5253192782402 2.09780735895038 4.58553526550531 20.8690986037254 37.7177993456523 53.9814879496892 68.5609976450602 73.8350947697957 80.685168504715 96.5817968050639 117.02154080073 136.18599375089 148.33469192187 162.251393000285 162.901858488719 157.539824644725 141.914923985799 128.456970055898 137.616713841756 164.736906687419 170.118312040965 176.525870958964 179.570456345876 193.935294946035 203.141748905182 205.943683783213 205.010732014974 207.416256268819 201.262434323629 188.896695772807 179.497301578522 171.146293481191 163.984596729279 161.092182000478 157.56286183993 157.427946726481 157.703210910161 160.129974285762 162.187198797862 164.109687010447 164.47843114535 167.852838834127 181.102236111959 196.30374511083
47.7469166119893 53.8778255383174 52.7474184830984 19.2074241737525 15.9072031577428 38.2013842463493 48.4908769528071 66.4007465044657 80.3991158803304 93.3374563852946 100.930939118067 104.530940453211 112.994929154714 121.903240680695 137.845695018768 154.696116844813 161.885370810827 164.125710725784 164.580961068471 148.720552523931 133.253276348114 143.407394488653 152.602006991704 164.003272851308 173.700948556264 183.251241842906 186.22624874115 193.614363670349 195.360283056895 193.340718746185 200.410743554433 194.020013014475 184.135317802429 173.541088898977 167.853494485219 162.891606489817 161.141773064931 157.649676005046 157.078137000402 160.705933968226 164.481908082962 166.530549526215 166.040400664012 168.894092241923 170.184135437012 185.906171798706
51.8737485011419 54.2956640323003 63.8584643602371 51.5824457009633 40.3179973363876 54.1225522756577 53.9968063433965 65.548708041509 78.9884179830551 94.6583648522695 102.809409300486 98.7594723701477 98.7182458241781 105.181634426117 121.465086936951 138.535678386688 150.290916363398 156.49143854777 162.043750286102 163.569152355194 157.253285249074 144.363800684611 144.005537033081 153.496235609055 164.857019980749 173.945864041646 173.911035060883 175.921161969503 170.811275641123 165.879646937052 173.239608605703 173.882246017456 183.680494626363 175.979117552439 171.151340007782 165.739556153615 161.480555931727 152.14745203654 149.885237216949 159.191350142161 165.716538826625 168.242752552032 171.30442460378 170.361876487732 166.420479615529 177.764753500621
