input/barkrak2/radiation/dir26724.grid
NCOLS 85 
NROWS 70 
XLLCORNER 665100 
YLLCORNER 4664600 
CELLSIZE 20 
NODATA_value -9999 
[rows 20 to 39 of 70, columns 0 to 45 of 85]
63.4706517060598 51.7637977997462 56.4079781373342 74.1803099711736 70.6368386745453 63.83282939593 58.8764399290085 67.9188420375188 77.6769171158473 89.5780622959137 96.4414874712626 95.3456362088521 95.286230246226 99.5461344718933 108.008205890656 124.86790617307 136.454006036123 147.10392554601 158.594151337941 172.439694404602 180.236518383026 167.968889077504 166.1337018013 168.538848559062 166.377276182175 167.056659857432 164.620528618495 163.87532154719 164.650251468023 154.128472010295 152.695049842199 135.166754325231 136.480748653412 129.163424173991 124.056647221247 152.909934520721 153.470019499461 155.157516400019 160.320470730464 165.180663267771 166.786253452301 167.325218518575 170.424977938334 163.061082363129 169.625997543335 174.52879746755
92.3695166905721 79.9594819545746 72.7043549219767 95.3578352928162 94.5289035638173 64.6637926499049 68.3443049589793 76.630378762881 82.877700527509 89.2710189024607 93.8390692075094 93.0760900179545 90.2213950951894 89.9534523487091 100.432674090068 113.534033298492 127.732714017232 139.629016319911 151.955684026082 166.673282782237 175.054768721263 186.704814434052 193.199614683787 188.991109530131 177.010635534922 164.753387371699 152.317732572556 144.525706768036 150.841315587362 149.881819883982 129.041731357574 102.471530437469 85.7185920079549 69.7583655516307 67.4945016702016 94.763308763504 103.745023409526 122.861574093501 149.097363154093 150.977909564972 154.794236024221 154.789427916209 145.870178937912 129.88484899203 156.54589732488 168.876886367798
137.845724821091 134.064008792241 114.708473285039 115.730573733648 114.775002002716 82.8510373830795 91.3548469543457 84.9546094735463 82.7301988999049 85.743635892868 93.5173233350118 92.8443074226379 99.6175408363342 98.7721880276998 102.375408013662 110.30446489652 121.522625287374 134.535372257233 143.51612329483 146.478225787481 152.53096818924 168.781479199727 177.671690781911 179.073830445608 177.26210753123 166.394174098969 153.121600548426 141.748905181885 147.019545237223 128.110547860463 92.768798271815 57.8270653883616 40.5241325497627 20.2226315935453 11.1734295884768 30.3404157360395 52.7883321046829 81.3050121068954 98.9934802055359 111.744403839111 122.731119394302 130.344053109487 114.780833323797 94.8975582917531 126.577794551849 159.298996130625
174.682259559631 166.005114714305 134.286820888519 122.401148080826 120.277712742488 115.861157576243 106.52494430542 87.493638197581 77.1749516328176 80.3064207235972 95.4176982243856 98.6938774585724 103.863557179769 115.250845750173 111.821989218394 111.76069577535 120.562682549159 133.4082086881 138.684540987015 130.845298369726 130.34854332606 135.533193747203 149.253656466802 159.627785285314 164.093464612961 158.102244138718 142.80112584432 133.858760197957 113.398134708405 73.0961163838704 56.6516021887461 46.3674167792002 18.9608397583167 0.476750467593471 0 1.21537572704256 15.5233331024647 35.2332144975662 50.7040719191233 64.2293194929759 66.9097900390625 52.8975427150726 67.2400494416555 106.266051530838 121.768017609914 144.748032093048
166.413893302282 163.067022959391 151.070783535639 125.822166601817 110.382109880447 113.585491975149 105.10375102361 98.8409022490184 89.2204244931539 83.3987593650818 91.2737647692363 93.5600797335307 95.4230229059855 111.60663763682 112.389584382375 110.226313273112 117.352098226547 130.307197570801 134.767234325409 127.763956785202 128.373652696609 125.099410613378 134.704609711965 142.510066429774 143.024017413457 138.867408037186 136.502921581268 122.321327527364 105.145633220673 54.6814203262329 48.3440260092417 47.6253032684326 27.3663178086281 0.7859425774465 0.0479301573553433 2.38561847557624 9.25487404068311 23.2098028063774 28.7926246722539 30.5244972308477 27.3110022147497 25.5420530835787 46.178991595904 131.7291756471 132.691631714503 144.562264283498
153.994103272756 158.618112405141 160.750170548757 133.07774066925 110.694199800491 113.879223664602 118.096609910329 124.185889959335 123.07400504748 112.138410409292 103.065391381582 106.404731671015 111.995875835419 121.16073568662 121.030926704407 114.640156428019 118.787517150243 129.471977551778 135.797868172328 139.04948035876 142.670174439748 138.356546560923 134.359697500865 132.221043109894 133.137921492259 134.78422164917 124.864141146342 116.333216428757 92.6460027694702 76.5886207421621 75.8259942134221 86.3893230756124 79.9610316753387 23.7478911876678 9.06071439385414 13.5048143565655 14.511543015639 20.7212505241235 21.1830710371335 14.5242984096209 16.9568831721942 19.4506247838338 60.1877321799596 121.153225501378 151.849130789439 154.815892378489
152.986894051234 158.042192459106 163.331270217896 141.620477040609 127.849251031876 132.702708244324 144.637525081635 148.571411768595 155.350257953008 149.441957473755 125.233550866445 132.095376650492 132.495592037837 139.613211154938 136.523693799973 125.69006284078 122.068365414937 133.574545383453 140.845328569412 153.981238603592 156.297743320465 152.923931678136 142.135004202525 134.452998638153 134.270956118902 134.192248185476 124.075035254161 121.970663468043 108.606000741323 111.36382818222 126.261274019877 149.849891662598 158.239622910817 144.98241742452 70.7373221715291 30.0795982281367 28.1695773204168 29.1233931978544 25.3601397077243 18.768938879172 25.0896414120992 62.1301035086314 102.648476759593 125.489900509516 149.969389041265 145.219931999842
154.79185183843 153.461853663127 158.771087725957 146.252363920212 159.13865963618 160.440146923065 168.567399183909 169.33403412501 168.003757794698 162.426630655924 141.258736451467 136.260171731313 136.766374111176 141.614735126495 143.037110567093 137.716482083003 133.798440297445 141.339401404063 154.208292563756 160.596907138824 159.030934174856 148.47062031428 144.482582807541 143.796414136887 142.696619033813 140.784213940303 137.146522601446 133.622487386068 146.408935387929 154.206991195679 169.272263844808 181.253790855408 190.239310264587 201.656659444173 170.691231886546 71.7598050832748 40.7009124755859 30.5211146672567 19.7865503529708 18.0897191166878 52.2534847259521 129.518538713455 126.255253950755 113.003551959991 117.161800463994 111.837536096573
157.319893439611 146.219730377197 147.367795308431 151.382813851039 182.005782922109 172.244687875112 165.710131327311 152.622560660044 148.978392283122 140.816231568654 133.939365545909 123.266418774923 133.757481972376 141.037086645762 147.61554201444 149.717072645823 145.369400580724 141.112585862478 151.982973019282 153.531442085902 150.099694728851 144.028772910436 143.459459145864 149.183889230092 149.989207585653 144.649128119151 145.457923412323 142.36111442248 155.449648698171 169.042646884918 188.309093316396 200.847427050273 207.491457462311 208.968937397003 208.398918310801 143.511434396108 41.7963018019994 16.0367488861084 9.98446842034658 19.3626520534356 66.3385639588038 121.411681175232 111.406664053599 83.1146538257599 79.0150314569473 81.8931659062703
157.301723957062 139.876286188761 144.435425599416 160.118043422699 182.100872198741 170.45118411382 147.518287102381 127.456853787104 114.844938119253 107.420057058334 106.439222892125 113.851815462112 125.349541505178 139.820834000905 144.722680250804 153.259168068568 149.433155854543 134.556313355764 137.339731057485 142.758309841156 142.661511898041 142.989774545034 145.419090986252 152.546594540278 155.884722868601 149.701595306396 152.888476848602 148.744722207387 153.35488319397 177.044073740641 199.342548847198 214.017748832703 213.183244069417 212.043325106303 223.123808701833 213.164190451304 133.00625483195 46.1398859818776 31.0295472542445 36.2530499696732 61.564380923907 78.4986168146133 84.6116642157237 58.0033808946609 51.3381063938141 60.2819422880808
153.932938973109 159.227401018143 187.078317006429 229.687909285227 212.695837020874 175.159732500712 137.941896915436 106.253087520599 94.0073331197103 101.242323716482 97.113033135732 94.566285610199 119.144479433695 133.533875147502 147.838721672694 155.054042736689 149.945179621379 136.232634385427 138.225505749385 140.764812628428 139.726499716441 144.095083077749 146.151483058929 149.900575478872 156.013985474904 162.321517864863 162.095814943314 160.34056742986 164.031664530436 186.894873778025 209.989587465922 219.684720039368 215.289910634359 222.826302051544 234.844783941905 239.749471346537 222.457110881805 174.45449034373 92.1476384003957 55.6858082612356 47.7823962767919 51.4705131451289 67.0729080835978 54.0131976207097 50.554503997167 63.8226866722107
172.385493914286 209.128777186076 254.016578197479 277.22442150116 270.634551843007 220.768650372823 166.900813579559 126.238306363424 116.965850194295 122.497042020162 115.120430787404 104.130576054255 109.865138928096 127.048313617706 148.405313491821 156.098335981369 153.534750143687 147.223363320033 139.875203371048 143.136392037074 143.564244111379 148.599286874135 151.338358720144 151.642243067423 157.655298709869 170.900702476501 171.91876967748 177.321374416351 182.620942592621 195.780316988627 213.206728299459 222.224493821462 224.808732668559 232.343971729279 239.035050074259 236.281553904215 232.871989409129 233.874976634979 172.432700792948 89.9695456027985 54.248904188474 54.2885810136795 55.5757135152817 57.3054353396098 70.7858701546987 89.5230273405711
232.399543126424 265.920698642731 283.312201499939 282.551288604736 292.152047157288 277.083933353424 238.150596618652 198.894103368123 167.744557062785 158.936897913615 156.456013520559 135.35604874293 111.302107572556 123.915572961171 149.790157874425 156.332621971766 151.042252779007 153.48078807195 142.506460348765 141.60567522049 146.387418111165 147.72555232048 150.331656138102 150.85024634997 156.995822985967 171.709676583608 180.137793223063 186.817904313405 192.288756370544 199.034929275513 213.624040285746 225.026726722717 224.548975626628 222.218553225199 224.163552125295 209.413667519887 215.070386727651 210.675895214081 170.1367298762 115.166793266932 76.5964289506276 68.4293210506439 58.8228106498718 58.4310442209244 70.2368269364039 94.8016842206319
270.56884765625 287.808517615 287.19965616862 278.281251589457 287.736137708028 293.57635974884 279.964129130046 242.390394210815 206.51646455129 190.034945805868 184.065878391266 160.296708345413 132.26376970609 132.187406222026 145.663102467855 150.879999001821 147.125512361526 149.577756722768 142.68504579862 144.71502105395 143.068373203278 144.062757492065 145.140031973521 145.346581935883 154.179652531942 165.780603885651 179.672141869863 183.267414569855 190.240422884623 200.731952985128 214.016119639079 217.250347137451 203.600525856018 193.310062090556 192.714035511017 170.517822106679 170.923908551534 157.664060592651 127.391844987869 97.6330637931824 104.373772939046 94.8564112186432 77.6858727137248 63.1573299566905 62.0950162410736 74.3842919667562
281.713684399923 285.239477952321 285.222113132477 283.774475256602 281.802117824554 288.365562756856 291.090210278829 267.966310183207 223.708629608154 188.919544219971 181.000689665476 178.023139635722 165.211379528046 149.586935838064 147.449731826782 150.68041284879 145.802279313405 141.867369413376 143.375138441722 146.3363468647 142.384072144826 141.20227098465 142.934322357178 145.214001337687 149.822612603505 159.427851438522 170.182267824809 171.582639217377 180.1438331604 196.72836860021 206.34380976359 201.84063911438 190.440853436788 186.104893684387 170.66615819931 156.870732704798 160.62053044637 158.154805501302 145.228912432988 121.610691150029 125.235875447591 131.051580111186 108.948558568954 90.2109940846761 74.1653939088186 65.0018155574799
281.92526102066 283.295313517253 283.238311608632 282.147188981374 281.338373819987 278.167148431142 280.2707751592 270.099222660065 228.036204973857 196.261862913767 181.518077850342 181.232949097951 178.815305233002 162.437945604324 152.985910574595 157.365451256434 151.277353366216 141.253709793091 147.334625323613 148.240228494008 146.988868713379 142.314414183299 146.13793293635 151.899625857671 149.836003780365 157.201737165451 162.140260140101 163.036425908407 169.868032137553 190.180897712708 199.063162008921 194.995582103729 192.779322465261 194.079558054606 169.094800949097 167.013744513194 172.719995180766 179.214437802633 178.552746772766 155.606746673584 114.030073086421 113.707929849625 99.9877353509267 84.9152207374573 68.4970368941625 54.9902419249217
269.326110680898 271.548867225647 273.40312798818 271.896680196126 270.121932029724 267.512917518616 272.416869799296 270.033140977224 236.378272374471 198.566397031148 183.611750602722 178.727686405182 177.83921957016 159.916500250498 151.226381460826 158.876756827037 161.78560256958 147.87678917249 151.805529991786 154.824753602346 155.249694983164 149.298936128616 149.331907431285 154.673337936401 151.886761188507 153.601348400116 160.256206989288 168.010334173838 171.915372212728 186.049818992615 197.452326615651 198.083460330963 192.330757776896 196.268995602926 171.600063641866 178.123076756795 180.528402328491 185.984889666239 188.343167304993 161.01861000061 92.2466218471527 71.3643878698349 59.3307117621104 50.6125092506409 49.3558347225189 46.7805415391922
253.245155016581 260.539213816325 266.958137353261 265.223761399587 264.012058575948 267.293612162272 273.647050062815 275.93469619751 252.894004185994 213.055849075317 191.934943199158 176.082412401835 167.850494384766 157.204469045003 148.414393266042 154.073476791382 167.261262734731 157.189985116323 154.488901297251 157.517492771149 159.234553575516 154.026667277018 150.499214728673 154.174774885178 155.154705047607 155.667116244634 158.905724684397 168.438971042633 173.444052537282 178.333560625712 191.213965415955 199.57180817922 195.388674736023 179.733792940776 170.255959033966 187.786519527435 194.83228524526 197.730720043182 185.635129610697 174.401084582011 85.5675041675568 39.3684233228366 17.4311933418115 17.8088123599688 18.5204967856407 18.2211672266324
221.650679906209 230.603297551473 238.637983798981 243.27290058136 250.069896380107 260.62015692393 269.92928981781 274.406055609385 265.284260114034 230.005304018656 203.095634778341 182.88375933965 167.01598962148 165.420373280843 155.239741007487 148.365398248037 162.379960219065 161.585013071696 155.112455288569 154.408802588781 156.537036101023 152.648101250331 148.474832375844 151.286820570628 154.624809821447 158.725847800573 159.613430500031 165.211945772171 171.765446662903 172.845641771952 183.152715365092 196.446696917216 185.82276503245 167.984465758006 175.582826137543 201.754013697306 207.630892594655 203.496932983398 188.547829786936 192.991296450297 148.164689540863 60.5273644129435 26.7743468284607 19.8573010663191 19.6523902316888 15.1887660225232
186.856746673584 192.811012268066 192.499081293742 203.031241893768 217.529793580373 233.551224072774 246.115485827128 255.623459815979 251.523753007253 230.13707002004 200.200359026591 178.33544810613 163.989226023356 162.628869215647 157.74800380071 150.38275718689 156.789034605026 156.964639822642 150.021215279897 149.379730224609 154.317478338877 157.053122917811 154.926061630249 151.371190945307 150.017201900482 153.828889131546 161.346276601156 164.488047361374 170.849959055583 170.249839623769 174.247244993846 185.681601365407 178.208669026693 173.766573270162 200.503309567769 214.226206143697 209.955453872681 204.344749450684 203.039288520813 213.651339213053 220.987757047017 174.606323242188 88.3591771125793 49.0858207146327 31.6812967260679 16.2340439856052
