input/barkrak2/radiation/dir20624.grid
NCOLS 85 
NROWS 70 
XLLCORNER 665100 
YLLCORNER 4664600 
CELLSIZE 20 
NODATA_value -9999 
[rows 20 to 39 of 70, columns 0 to 45 of 85]
181.839148203532 174.330592155457 189.515630404154 229.209065437317 224.965850512187 182.231704394023 167.096753915151 175.298889478048 188.10240427653 206.018924713135 222.487568855286 227.720459302266 232.903043429057 243.012011051178 257.234175999959 279.025355974833 294.297575950623 315.558711687724 321.171184380849 329.118152459462 331.884662310282 323.878169059753 322.639882564545 324.432094891866 325.681567192078 327.145993709564 329.460581143697 326.523900032043 322.145779927572 321.515560150146 315.349161624908 303.905606269836 294.288118680318 289.600590864817 287.320713202159 292.67152150472 292.793949445089 295.111020406087 299.844801425934 302.968144416809 303.95249525706 303.987920284271 305.264790852865 300.699432690938 304.081857204437 307.878375053406
210.707068443298 208.37543408076 223.985354105632 254.88817691803 251.264492670695 194.265246391296 179.906149705251 181.745489438375 189.564903577169 204.245686531067 215.096255143483 222.498635450999 229.400674502055 232.94593890508 242.054263750712 262.979487578074 279.691020647685 293.903132279714 312.131365140279 324.629505475362 329.239586989085 334.864854812622 336.777130762736 335.007190704346 330.96977074941 325.853765010834 322.555383046468 318.408071994781 318.266908327738 311.996618906657 294.876158237457 265.593647956848 244.377017021179 241.618911425273 249.0207751592 268.156369527181 275.084137916565 289.918839931488 299.8392979304 300.78532298406 297.932465871175 297.033190727234 291.389028231303 277.596056461334 296.488801638285 305.58717250824
251.89870595932 258.285482724508 262.687702973684 272.496163845062 271.848479906718 225.699226061503 203.970611095428 191.05996688207 187.734802563985 196.22262318929 213.602503140767 224.534630775452 234.224458535512 238.930801550547 245.812912782033 254.084746042887 270.044843355815 284.510234991709 297.403593858083 302.771310011546 313.380400339762 325.241605440776 331.427613894145 331.798772017161 328.993578751882 325.831472873688 317.353367805481 305.532832940419 295.716563860575 273.967226346334 236.55633131663 189.843018849691 166.356196006139 183.205962181091 211.536864439646 235.777735710144 254.297931989034 274.844924608866 286.171237627665 289.506276448568 292.740821838379 293.392856915792 270.569761594137 249.916752179464 278.405884901683 302.977403004964
274.227738380432 275.717457135518 272.006869316101 277.459462483724 277.271628379822 261.269927024841 226.460019747416 197.261373202006 182.381709416707 189.292848110199 211.479385693868 224.699457486471 239.823698997498 250.172038873037 253.402570883433 257.212519645691 268.755952517192 279.426415761312 288.596252600352 287.163774172465 289.640466372172 297.517577807109 310.397624969482 309.484362602234 302.897651990255 292.778114477793 277.326206366221 272.142728169759 246.026575565338 203.218321005503 171.713789304098 147.745470205943 116.599261760712 110.035200913747 121.916552384694 156.8450431029 204.24218972524 230.358481407166 248.490313688914 258.679509162903 257.085661093394 243.53430668513 229.310075441996 262.886802355448 262.692888577779 294.254978497823
266.871194044749 268.31175883611 274.449606736501 279.209931691488 270.051836967468 261.516531308492 233.214577039083 214.249511559804 196.195224920909 189.830740292867 203.001618385315 221.273263295492 233.621895313263 246.955454349518 251.092712084452 254.289110501607 264.362275600433 275.956094264984 282.456775506337 279.341181119283 281.254549821218 269.720335801442 265.986581643422 276.65388584137 279.355307420095 274.259209632874 267.012496789296 251.634875933329 224.108497301737 166.897495587667 147.226472695669 143.949031829834 124.50435757637 93.0331945419312 84.3164324760437 102.495471636454 144.956568876902 183.000604311625 210.304121176402 223.596334457397 213.681101799011 191.710690657298 213.170011838277 280.784130096436 275.750120480855 296.934723854065
259.931524594625 264.251291751862 274.601896603902 276.672740777334 271.417021751404 261.752386887868 244.780977567037 238.334695498149 229.479094346364 217.250466346741 216.125090916952 233.381152153015 243.972460428874 257.698814074198 260.179042816162 257.527947425842 262.341221173604 275.649011135101 275.490343570709 277.361452579498 275.725245475769 267.801702022552 263.410826524099 262.306332588196 267.714699109395 265.196144580841 255.397697289785 245.043019453684 198.789238929749 175.808866818746 173.701683680216 189.564188321431 191.916465759277 158.399442831675 124.240944782893 113.182862599691 126.717348893483 153.028200070063 183.054288228353 206.515272458394 188.533008098602 179.198662439982 222.36156463623 272.256910800934 292.097628116608 305.584808190664
261.484960714976 264.128565788269 271.4497645696 275.251646836599 284.477551778158 273.979067802429 260.813295841217 252.546429634094 254.816929499308 248.856027921041 237.852931022644 251.493791739146 262.567142645518 273.350993792216 272.794504960378 267.738501230876 266.637365023295 266.778727372487 270.12050151825 282.610793908437 282.875736554464 278.838753700256 270.772258440654 263.945341110229 266.922434171041 267.655154069265 256.205598513285 246.247589588165 212.310016155243 206.519961357117 227.103193600973 251.197318236033 256.361126899719 263.74081770579 234.839240709941 152.481764554977 141.123056411743 152.426352103551 177.65470345815 198.657731215159 198.500374952952 230.196237564087 235.146323839823 250.842332839966 283.241629600525 294.53843832016
265.53068558375 261.965612570445 264.908770720164 272.742549578349 306.86753988266 286.657174428304 268.957674503326 257.044831911723 258.190155029297 264.410416285197 254.557450612386 256.218234697978 269.361774126689 276.662627855937 277.917961279551 274.665395418803 262.911935647329 268.722474575043 278.175453344981 283.542374769847 280.787845452627 274.478316307068 271.098653475444 272.145370642344 271.942933400472 270.012597242991 265.343228975932 256.643096605937 237.585008144379 236.646751562754 259.347240130107 273.853202660878 273.836612701416 287.488301595052 304.326434930166 231.504241625468 171.800096829732 157.864391803741 167.94349749883 192.289570967356 235.635320345561 286.034067471822 247.091313203176 241.289814313253 267.863849798838 275.60293674469
263.449629147847 254.511098066966 258.21852684021 279.126524925232 320.311446984609 287.644326686859 260.998924573263 251.302341620127 255.331953366598 260.610044002533 255.406459172567 255.577643712362 267.997225125631 274.445434411367 274.95680252711 277.189155419668 272.127827008565 266.322652498881 277.453700701396 277.508477369944 274.918973445892 269.653260707855 269.079526265462 272.939562797546 275.994936625163 271.130243937174 270.809849103292 265.317618846893 248.917063077291 245.590885480245 267.61935154597 284.974197546641 284.658273061117 283.698916435242 302.037715911865 294.959505399068 203.46607764562 147.09335565567 136.655489603678 173.408647378286 244.708776473999 268.115003903707 237.558960914612 214.407404263814 236.800948778788 248.323758443197
256.916383902232 246.641715367635 254.478792349497 289.471586545308 317.686676979065 284.088929494222 254.530549049377 236.786524454753 232.775390148163 235.447188218435 236.577173074087 242.439866065979 261.037528514862 272.845645745595 275.866508483887 279.771327972412 277.356525262197 267.293930053711 268.400291601817 270.424365997314 271.013677120209 272.865414619446 271.076162656148 276.654720306396 277.612725893656 274.608075618744 278.392632802327 270.263195037842 254.135648409526 254.160583019257 273.64194393158 291.217843691508 286.948720614115 283.935268719991 293.464601039886 308.838327725728 284.945686658223 206.915577252706 163.121004899343 173.074066638947 209.655523300171 225.029706954956 227.445403734843 196.659763654073 204.99986410141 226.180414358775
246.05264266332 255.371292432149 285.076022148132 330.987175305684 331.227838993073 289.536794026693 254.142959912618 224.733849366506 215.466519196828 228.579958279928 221.664845943451 220.858097076416 251.56839688619 271.015922228495 276.653508345286 282.501439253489 284.272193908691 272.01255162557 272.643605868022 274.820963541667 272.231539090474 277.633130550385 277.585625648499 279.849807421366 281.798481941223 283.643782138824 283.347547054291 279.862622419993 265.843709309896 266.195237636566 280.132353305817 292.343139648438 289.233088493347 290.256440639496 295.009354750315 298.214276631673 315.315465132395 317.712903022766 250.100294748942 203.558186690013 189.685642719269 183.746794859568 200.097660223643 198.111732800802 200.817068417867 227.525313695272
264.704386393229 292.277276515961 315.032263596853 322.752038637797 346.901933352153 325.117210547129 286.535302797953 249.198933442434 234.380602836609 247.161050637563 242.413798967997 224.435269832611 239.534238974253 269.139329592387 279.225071271261 283.827344576518 284.558296203613 282.416125138601 274.569511413574 276.452263196309 278.636614481608 280.493299166362 285.64198811849 282.770156860352 284.517923990885 291.307548681895 293.048222859701 291.763663291931 282.969057559967 280.634919802348 286.423365275065 291.121363639832 292.97681649526 298.017601172129 300.745487213135 290.215531984965 297.204335530599 329.580048720042 317.885677019755 254.765490690867 205.003142356873 183.847943941752 184.842129548391 199.70428943634 223.296364148458 249.412457148234
300.160924593608 312.524100144704 306.476314862569 299.683729807536 317.230919996897 334.551771481832 324.980040391286 296.719074249268 271.721144517263 272.072315216064 274.796962738037 251.832703749339 241.050124168396 264.376997947693 286.412199338277 284.738739331563 283.968488375346 289.261241753896 277.821322282155 276.439825693766 282.706379890442 284.629384676615 284.389913082123 281.63476785024 284.831563631694 292.581299940745 295.912106831868 299.620846907298 292.354166507721 286.876459916433 294.763604799906 299.292941888173 295.703252156576 297.048032283783 301.375905672709 290.78350464503 290.399809678396 306.621233622233 303.827007611593 274.080216884613 243.453045686086 208.15376440684 190.484225749969 196.096817652384 217.734773953756 248.556812604268
298.013885815938 293.743093808492 287.658214569092 277.085781097412 278.081933657328 297.355055809021 314.759135246277 309.06222263972 294.863164424896 292.940974235535 294.173677762349 279.177725315094 263.907631238302 271.03720108668 284.941871960958 286.988615989685 284.460961818695 286.212662855784 279.90198135376 282.587587833405 281.347652276357 281.034409999847 278.043806552887 277.048369248708 283.482909202576 288.590709368388 296.976665655772 295.275747776031 292.633533477783 292.926887671153 299.660881360372 298.092623551687 287.235796451569 284.81254975001 288.181722164154 272.45706319809 270.362536112467 268.714467684428 257.51801331838 257.509271303813 268.594702084859 240.609844525655 212.127168973287 199.394345283508 203.160564104716 224.012911319733
293.693641821543 285.169124603271 291.092971960704 277.950962384542 270.582139492035 281.47147099177 305.337965488434 324.227015177409 316.132664680481 301.524122556051 293.47026348114 289.851784706116 292.484879493713 290.658096472422 288.359900315603 290.669699509939 284.935156504313 284.328520298004 282.776951789856 284.315009911855 279.948393503825 279.399871826172 277.938942114512 278.508245944977 282.094061374664 285.352031389872 292.689581712087 289.788782596588 288.36860259374 296.296715736389 299.433132012685 289.934853712718 274.903396765391 278.430422147115 276.330431302388 259.57977771759 260.942320028941 260.585268338521 263.753751913706 279.564023017883 281.168818473816 273.193458716075 250.10879834493 232.750495274862 214.421550432841 207.316994667053
311.682283878326 307.366251945496 315.971791744232 311.260064442952 301.75377925237 305.266638596853 320.316831270854 339.446028073629 330.252428849538 305.633227030436 293.47022374471 296.091437339783 308.131635189056 302.016297976176 297.152201334635 295.70480187734 293.912450472514 286.82005405426 286.823372046153 289.202789465586 286.382476488749 281.056463718414 282.746056715647 284.584641456604 283.221364021301 285.037199656169 286.608000596364 282.677133878072 285.977641741435 295.618275801341 296.531101067861 287.531574567159 276.677350203196 277.393082777659 268.253167470296 263.230363527934 268.498539924622 270.025571187337 279.9391746521 301.731069882711 269.757211208344 260.050495465596 247.555295626322 240.113914012909 222.577810287476 200.877070426941
331.607858339945 329.558253288269 331.850528717041 333.874622980754 325.289527575175 319.298068682353 324.375788370768 338.197469711304 332.94798930486 304.230431715647 294.831852118174 302.577912807465 312.423964341482 303.706546624502 294.746935367584 299.416661262512 300.689816474915 292.830030123393 294.638117154439 294.821461041768 293.013354142507 289.216558138529 285.322189331055 287.617047627767 283.902843793233 283.598860104879 285.396059354146 288.062373797099 291.209161281586 296.948075294495 297.478636105855 290.213942527771 279.218077659607 274.435520172119 264.423529307048 269.070367018382 274.817725022634 275.227169195811 278.082887331645 292.652507623037 255.448281764984 217.095057169596 203.771034876506 197.401901086171 197.110811869303 191.885193188985
340.10644753774 338.787078857422 336.521069208781 337.469816207886 331.326285998027 324.647426605225 323.03508122762 328.987379868825 333.773930867513 312.819838523865 307.442883650462 311.770081520081 308.798909187317 300.253808498383 294.750014940898 298.713366190592 305.960694948832 301.558713118235 298.43008518219 299.899538358053 298.364897569021 293.268879254659 288.884997367859 289.131323496501 288.840413093567 286.104102929433 286.591748396556 291.585862636566 293.294906616211 295.834481716156 297.359506289164 292.165855566661 282.097299893697 267.097115516663 257.526834805806 273.496786753337 282.874306042989 281.281312306722 272.388617197673 282.562692960103 255.528052647909 189.618706703186 159.694383541743 145.578255256017 149.186184008916 156.103640794754
338.300347328186 341.496348381042 342.244227727254 340.831716855367 337.871352831523 334.869305292765 330.557306607564 327.646950880686 329.71864938736 323.095997174581 325.935522715251 320.949614048004 307.543714841207 307.856460412343 303.002734978994 295.153141021729 305.516242980957 304.19909954071 298.53226741155 298.101425170898 297.027389208476 294.259548187256 288.777391115824 288.021822770437 290.400147438049 291.376332441966 289.97399409612 292.673210302989 294.308125972748 295.004725456238 297.311902046204 294.680595397949 277.421196301778 255.157252152761 263.19807767868 286.252935727437 289.237876733144 284.099102020264 267.955740292867 272.656718889872 284.573137760162 232.080221176147 172.991613547007 146.332959334056 138.619631528854 138.795485099157
323.933800061544 328.519880771637 328.301171461741 332.829833030701 338.781396547953 343.663255373637 345.675706863403 344.923377037048 343.33856900533 341.185530026754 332.210501035055 317.238926887512 309.563318888346 308.621684710185 305.246412754059 299.841364224752 304.244577884674 302.121698856354 296.254257361094 294.959644476573 297.117352485657 298.4632452329 296.46889368693 291.980783144633 289.752205212911 291.917204856873 293.814758459727 295.167545477549 296.57506942749 296.190361181895 296.689867973328 294.155379136403 272.293210029602 256.215910116831 279.814978440603 295.023659865061 290.687183539073 286.007881164551 273.242155710856 271.060784657796 302.29240655899 317.17449426651 258.307973543803 204.152166843414 166.132877270381 141.844809055328
