input/barkrak2/radiation/dir24824.grid
NCOLS 85 
NROWS 70 
XLLCORNER 665100 
YLLCORNER 4664600 
CELLSIZE 20 
NODATA_value -9999 
[rows 0 to 19 of 70, columns 0 to 45 of 85]
255.998253822327001 268.63839228948 280.835509300232 294.098754723867 299.251914024353 297.436773777008 289.645393689473 283.381978670756 285.717328389486 286.367734273275 285.615603129069 288.921256860097 289.857983589172 290.325800577799 292.086283365885 287.534296512604 278.17032734553 268.748879432678 263.653775056203 253.689487775167 243.174831072489 251.541435718536 276.038448015849 283.373455206553 283.879478772481 290.589431921641 289.292434851329 274.637222290039 259.687681992849 255.801876386007 252.642353375753 267.961382865906 302.122493584951 300.792256991069 302.413682142893 287.703891595205 293.731729189555 305.588682492574 298.814992109935 301.943878332774 287.615935007731 286.590039730072 296.775341033936 303.499817848206 300.364017486572 298.90384276708
237.049500147502 252.478361129761 265.509009361267 280.702074368795 289.162854353587 291.022817293803 285.737554232279 282.816052436829 290.730635325114 290.593087673187 286.168138186137 287.565648555756 290.215849876404 291.462202866872 291.231671969096 287.101010481517 284.218192100525 277.041435241699 272.402385870616 260.616699854533 256.517926851908 268.134713172913 285.355408986409 288.823962211609 291.299879550934 294.512053330739 288.99093468984 276.180525620778 263.858119646708 257.169326146444 257.98620780309 280.206521352132 301.495671272278 301.797926425934 301.762064297994 290.04975159963 294.263104597727 302.367627620697 296.701471010844 303.177078564962 298.314313093821 290.661752223969 293.673455715179 298.74716202418 298.408548037211 299.893260002136
203.573564688365 214.859088261922 226.751069227854 238.671203454336 251.206934452057 259.189168612162 266.655246416728 276.32611989975 283.929983774821 283.287266890208 279.699524243673 283.577660719554 292.78685649236 296.693543593089 293.857793013255 298.485080401103 301.37974023819 296.488483746846 284.542838732402 274.746457735697 278.691252072652 283.764044443766 287.439505259196 288.988709449768 293.564856052399 293.760359287262 285.840352376302 275.13062953949 266.923367977142 262.146691481272 266.174515088399 290.584564208984 297.520697116852 299.663583437602 300.720532735189 295.316735903422 294.043660163879 294.120947519938 297.966261704763 302.69467830658 298.726598421733 288.987119992574 282.856682936351 288.266936937968 298.427740732829 301.160017649333
185.250639915466 185.7075492541 193.721652030945 200.750390688578 207.741538683573 212.775667508443 219.551602999369 233.772794405619 252.007146676381 266.066094239553 275.160253047943 286.418378353119 295.917252699534 299.370666344961 299.872775872548 302.424490451813 301.858007907867 295.592029889425 286.063412825267 281.483769416809 279.95894352595 278.38941415151 285.831034183502 288.045247395833 288.539449373881 290.454586346944 286.44589583079 278.848608334859 273.906509081523 272.306442260742 270.918409029643 294.391055901845 296.790560086568 298.879623413086 298.750817775726 299.745281537374 298.968156178792 297.561526298523 302.123645941416 300.35807689031 291.880925496419 279.472708702087 275.441070397695 289.487799008687 303.243637084961 299.496332804362
206.608235836029 190.635621547699 178.166270256042 168.547689914703 171.999633312225 188.022236029307 208.372374375661 218.703468640645 228.162209192912 235.337694485982 254.768331845601 274.664024511973 286.826650301615 292.66224304835 296.365896860758 298.208812872569 292.304635047913 284.078160921733 281.212528546651 281.207760175069 277.285059293111 275.7355372111 284.974674383799 286.68075799942 287.225286165873 291.641076405843 288.991133371989 282.55828221639 277.689874172211 274.626572926839 279.576996962229 300.310730934143 299.632290999095 300.670564174652 296.395679314931 297.468185424805 301.143606503805 302.401642004649 299.288789431254 295.451601346334 292.805989583333 286.729375521342 287.146151065826 293.124000231425 297.02224334081 292.104085286458
247.919817765554 221.737523873647 194.939831892649 171.979228655497 162.592669328054 173.93030722936 198.995053768158 215.540289878845 219.529251257579 219.472964604696 229.102869828542 242.412288983663 251.773277918498 258.079747358958 265.815198421478 272.321502367655 271.371801694234 272.092084089915 277.102688948313 282.112061977386 282.388210296631 285.614291826884 289.174556732178 287.611961364746 289.414246877034 292.796651522319 291.184961795807 286.629100640615 280.920763810476 278.337597846985 290.559609731038 302.164196968079 302.068988482157 304.104208946228 298.710068066915 296.028812726339 299.7860511144 299.214879671733 293.681184450785 294.472217559814 294.217069943746 290.068527062734 289.554715156555 291.295806566874 283.37166706721 268.388152122498
268.343408902486 245.954791704814 226.421236991882 206.040600935618 185.619413852692 172.31023311615 180.074592431386 208.538154760996 221.685886383057 229.666332403819 226.84919834137 221.236308415731 217.117508252462 213.325301806132 215.605477492015 230.575899283091 242.133021354675 259.051203727722 274.755696455638 284.834980964661 287.303487459819 288.162509600321 289.691289265951 288.51064046224 289.550562699636 291.798154513041 292.241473992666 290.349006652832 285.916606585185 287.894725799561 296.282986799876 302.922944227854 305.877089500427 305.15718460083 301.445702711741 295.348286628723 294.764041900635 292.175829410553 291.247427463531 290.691534678141 286.713242530823 283.422668774923 286.54267390569 288.844545682271 274.194975694021 265.511174996694
276.072760423024 267.071028550466 256.627281506856 241.915583610535 219.927668571472 190.55712223053 169.911742210388 168.844183286031 202.443738778432 227.349062760671 234.8686059316 230.939308802287 222.322762012482 212.84822622935 199.884037176768 203.370610872904 215.767959753672 231.744408607483 254.04417514801 271.73779408137 281.058847904205 285.086254278819 290.460685888926 288.999597231547 287.80343135198 288.138826688131 288.638432820638 287.276049455007 286.001781622569 291.892250378927 299.017071723938 302.514553070068 302.402277787526 300.050059954325 294.933259487152 291.443824768066 292.21381743749 287.055611610413 279.426256815592 272.28319644928 274.732748667399 282.950758934021 294.711530208588 298.63437016805 285.446842511495 280.739585558573
268.873810768127 269.343098004659 265.589276949565 258.081158002218 245.268960793813 223.987897237142 194.526036580404 166.516304016113 179.389834403992 202.115833759308 221.601625283559 230.804761250814 232.588430245717 229.997575283051 218.680123488108 211.595873037974 208.283325036367 212.819218635559 227.066735426585 244.012296199799 258.959968884786 270.247360070546 277.884006500244 275.294403235118 276.856859525045 277.824680010478 278.769056002299 279.22910451889 279.967109362284 287.720580895742 292.63428846995 292.410751183828 290.883501370748 290.912528832753 289.984663327535 290.306925773621 289.030909538269 284.403045972188 272.521277268728 271.756231784821 286.097009976705 297.332227230072 302.770336469014 301.679611206055 289.317071437836 283.168435096741
240.824202696482 250.246008237203 255.085388819377 255.126118659973 252.272963523865 248.468359311422 232.830742994944 214.899261792501 184.580326080322 174.128631750743 187.783201535543 212.706605593363 233.664095401764 243.784626324972 245.214561621348 237.14554309845 221.885899702708 216.844439506531 216.206034024556 219.59255139033 228.189130624135 235.135277112325 244.080185890198 251.19411945343 259.226143360138 262.123465538025 263.525764147441 264.047662417094 265.771945317586 272.060990333557 273.445705572764 274.169663588206 280.164659023285 283.680538336436 285.827537377675 285.109102725983 283.62903992335 284.873863061269 272.876898447673 279.094914595286 296.793242295583 303.39252948761 304.179926713308 300.912896792094 286.971032619476 281.378388404846
189.1161998113 203.057169914246 215.766549110413 226.310431957245 235.822180906932 243.553201357524 245.240807533264 240.117470423381 213.222722212474 187.940816084544 172.942578792572 180.778880914052 208.102822303772 233.184337615967 247.577130794525 238.077203432719 230.571369330088 223.259429136912 215.368032455444 210.089325904846 210.332115491231 210.494001706441 213.882406552633 227.042953173319 239.490171273549 247.262100378672 249.107937018077 249.341607093811 254.879295825958 259.8663965861 262.72173722585 266.187449296315 274.442394574483 278.134822845459 277.779261271159 277.275999387105 280.581096808116 283.968448638916 281.547029813131 289.626161257426 299.454172452291 303.504586219788 302.769064903259 300.447622934977 292.959332466125 291.200518608093
146.768907705943 152.211487293243 161.002695560455 173.754572868347 189.917047818502 206.668217976888 225.16785065333 231.458604335785 232.30234781901 218.71958176295 192.705074946086 172.82247543335 174.809257189433 198.176344235738 224.767466386159 228.21299235026 234.761377175649 231.588800748189 221.363147099813 210.869689782461 204.278866449992 201.619942982992 201.786577701569 210.929115613302 219.258109728495 225.256224473317 228.252291679382 232.597748438517 239.410579204559 244.138201077779 248.726805051168 254.17681535085 259.740114212036 262.769083182017 262.904067834218 264.527956644694 273.686786492666 283.062020937602 285.884579022725 293.206890424093 297.8595495224 300.004760424296 298.668424288432 295.514047145844 291.127781073252 289.939761161804
133.585274219513 128.352463245392 125.162502129873 125.950912634532 135.554055372874 152.181466420492 177.84575621287 199.960072835286 228.981852531433 233.958303928375 222.469548384349 198.607385158539 170.670807361603 167.557199796041 191.048284371694 218.06538105011 233.845909436544 236.591041088104 231.733679771423 222.115516662598 213.28999598821 212.559521198273 212.072292963664 212.950984636943 213.456511497498 212.857961654663 216.817816098531 225.697000821431 229.370355606079 230.771839618683 235.912044843038 241.418560345968 242.528816064199 244.334916273753 247.05445766449 252.108732859294 263.463079929352 273.707767327627 276.163101196289 283.355236053467 287.864685058594 288.755098978678 287.185887495677 287.716388702393 283.141295115153 282.871246337891
119.813879330953 95.2203472455343 79.4491519530614 71.819394826889 67.1077966690063 73.7132380406062 94.3853656450907 131.219178438187 173.529704411825 212.953666845957 231.847961743673 231.471121311188 212.088088194529 186.600605646769 182.756543159485 208.535691102346 225.502610206604 238.687594731649 245.422879854838 241.430441538493 229.575455188751 226.370612780253 223.008354504903 222.662150859833 222.485343615214 220.376292864482 223.340809345245 231.480916341146 231.267074743907 224.852502346039 230.242272218068 235.625624656677 237.30480670929 236.993034680684 240.762333075205 247.888604799906 254.073957602183 258.64056746165 261.976102987925 263.909697532654 268.530627091726 273.757894833883 278.731147448222 283.229152361552 278.535842895508 280.974268913269
112.350990374883 78.7806113560994 53.8180222113927 42.3348098993301 40.5826369921366 47.1901595592499 58.1444402535756 85.8986973762512 112.347702185313 160.58138012886 213.766594727834 248.99023771286 253.296613693237 234.156330426534 208.669245243073 203.202188014984 208.560844262441 224.172552426656 241.168320178986 249.862670898438 247.721989949544 241.441766421 238.874912261963 235.194563865662 231.78231716156 230.315446853638 232.265114784241 234.019637107849 229.469577471415 224.627614021301 228.032012780507 232.961416244507 233.06139310201 232.338766256968 236.300190289815 240.223209063212 242.039660612742 240.231871604919 244.492808977763 245.134790738424 250.86788336436 257.631917794545 263.250946998596 266.766647497813 266.738037268321 269.676089286804
102.828681468964 76.2332379817963 45.2472716569901 24.4884938001633 37.4131674567858 60.7503702243169 71.0401137669881 82.5869937737783 100.693762302399 125.96520781517 161.933342615763 198.824405670166 236.168960730235 249.650498231252 239.364107449849 210.273325443268 199.153304100037 201.876044273376 218.584001064301 243.816097577413 255.020419756571 250.054260094961 250.91560681661 244.626502195994 238.017121950785 238.265991210938 240.54890871048 236.767033735911 231.694976488749 233.907004197439 234.322369098663 233.692208925883 230.787972609202 228.617628415426 229.455411434174 228.794932365417 226.749698321025 221.853892008464 224.962115287781 227.113326390584 231.12807671229 236.983338991801 240.050494670868 241.774439811707 252.255856990814 257.704893747966
88.158388932546 76.9233604272207 50.7664978504181 16.1707190175851 27.3591627677282 55.2410980065664 73.7141668796539 88.441789150238 105.144480864207 117.535571257273 136.230359474818 171.903292338053 196.774184703827 217.182675997416 218.089520931244 226.064085960388 225.761115550995 213.655789693197 205.331166585286 216.538727283478 241.204222043355 253.765722115835 257.342875003815 252.720514933268 245.025595029195 245.922108491262 249.818424383799 245.775103569031 243.186354637146 248.073140780131 246.449947357178 235.393563906352 228.776077429454 224.684198697408 219.952781995138 218.847990036011 214.286009470622 212.22847700119 213.057001431783 216.635306676229 218.492170174917 221.595029036204 224.684198697408 226.666947205861 243.369817733765 252.194980780284
80.394188563029 81.1320940653483 68.5823857784271 29.2181223630905 29.2344242334366 58.4928492705027 78.8164536158244 100.04523396492 116.805801788966 124.966820081075 133.531381686529 155.352115631104 177.615880966187 195.384462674459 210.431853930155 230.865259965261 233.057538668315 227.385560671488 213.902850945791 203.226188818614 213.743170102437 243.122339248657 250.795324643453 252.195099989573 252.720018227895 256.900548934937 260.624210039775 259.297092755636 256.637692451477 258.154471715291 251.604119936625 240.255256493886 231.847405433655 224.143167336782 217.821419239044 214.933335781097 212.261001269023 211.575508117676 211.758971214294 213.969349861145 215.748349825541 217.538118362427 217.815319697062 220.838884512583 232.730090618134 245.927075544993
85.2813323338826 93.2567218939463 93.3412611484528 60.3762765725454 50.8545388778051 76.3340393702189 93.7228798866272 111.344327529271 128.834148248037 143.729825814565 152.940223614375 160.588582356771 172.048151493073 178.753693898519 192.696452140808 212.863326072693 224.968632062276 228.333195050557 232.682883739471 220.950365066528 203.980565071106 217.784643173218 227.444291114807 241.972148418427 255.616823832194 263.431588808695 266.487995783488 267.065644264221 261.744280656179 259.290417035421 251.711348692576 244.768957297007 235.607465108236 226.437787214915 221.585869789124 216.77968899409 214.934885501862 211.819291114807 211.222231388092 214.555939038595 217.920005321503 219.757596651713 219.295223553975 221.066017945608 223.033269246419 236.089169979095
91.8905138969421 94.8710044225057 107.054859399796 100.008388360341 88.4985228379567 94.9325561523438 97.8394945462545 110.652585824331 124.195645252864 143.917302290599 153.787950674693 155.291477839152 154.742618401845 160.743236541748 174.840966860453 194.260160128276 204.984327157338 216.966509819031 224.460144837697 228.170434633891 228.175163269043 215.551813443502 215.411822001139 228.936553001404 240.872244040171 254.659493764242 263.157109419505 265.311181545258 259.586294492086 258.195459842682 252.246101697286 244.302193323771 235.700090726217 228.817443052928 224.141001701355 219.589412212372 215.211431185404 206.608653068542 204.579492410024 213.333090146383 219.136397043864 221.380988756816 224.163313706716 222.409784793854 219.617923100789 228.795051574707
