input/barkrak2/radiation/dir29724.grid
NCOLS 85 
NROWS 70 
XLLCORNER 665100 
YLLCORNER 4664600 
CELLSIZE 20 
NODATA_value -9999 
[rows 0 to 21 of 70, columns 0 to 48 of 85]
135.475456714630013 151.338577270508 168.687383333842 190.399209658305 201.549192269643 201.910456021627 199.261168638865 196.240146954854 195.104122161865 198.728462060293 198.778549830119 196.150501569112 192.471921443939 193.274935086568 194.216072559357 181.27969900767 167.948583761851 155.380109945933 153.919647137324 149.652053912481 150.747666756312 168.811360994975 194.842159748077 201.500455538432 205.676178137461 218.617081642151 216.945886611938 202.070991198222 189.431309700012 189.209739367167 184.629797935486 207.424322764079 252.477327982585 250.89434782664 249.222040176392 235.479911168416 240.253408749898 253.983775774638 251.635531584422 252.213060855865 240.615963935852 246.815661589305 254.352112611135 248.445709546407 236.787994702657 241.802175839742 245.642463366191 214.975635210673 147.577782471975
112.284739812215 129.333118597666 145.330409208934 165.650586287181 181.118289629618 188.781042893728 192.700068155924 197.500586509705 204.321444034576 204.286952813466 201.771775881449 198.573112487793 194.745222727458 195.264061292013 195.230702559153 182.599663734436 173.44605922699 164.065361022949 160.155326128006 154.035121202469 164.067526658376 189.363459746043 209.935347239176 211.493869622548 215.888480345408 224.007487297058 219.394167264303 206.502616405487 194.312870502472 191.2801861763 192.045191923777 221.798896789551 253.725111484528 251.754740873973 246.519645055135 237.13497320811 243.590176105499 253.882726033529 248.837033907572 249.380866686503 243.874768416087 245.227694511414 241.178929805756 232.88881778717 228.45588127772 240.602850914001 237.35107978185 199.329654375712 158.511698246002
74.679637948672 85.8199795087179 98.3909567197164 112.201412518819 126.97438398997 140.721638997396 154.030462106069 173.626403013865 188.478648662567 191.412011782328 194.095532099406 197.826822598775 202.770868937174 205.474813779195 206.416010856628 207.968552907308 205.686926841736 194.42085425059 177.44634548823 168.873528639475 180.209557215373 197.681148846944 209.817846616109 212.701022624969 217.216273148855 216.838081677755 212.292750676473 205.623308817546 199.027478694916 200.556894143422 211.082597573598 237.697164217631 254.287997881571 252.708852291107 246.854384740194 243.336002031962 250.158647696177 255.271156628927 250.209331512451 245.247701803843 238.937497138977 229.681630929311 215.896427631378 210.78630288442 219.476302464803 236.676752567291 225.013772646586 189.643065134684 176.676273345947
58.0619772275289 58.7390512228012 64.3031696478526 70.2825486660004 76.9477287928263 86.5694483121236 97.2694357236226 115.878820419312 137.441217899323 157.007267077764 174.895644187927 192.769686381022 203.192631403605 207.332730293274 211.220224698385 218.077500661214 215.052783489227 203.846971193949 185.571789741516 177.917679150899 178.622702757517 179.482102394104 191.604157288869 201.194246610006 204.600592454275 205.211440722148 207.195858160655 205.509026845296 205.672482649485 211.641510327657 217.588702837626 243.441065152486 253.580768903097 250.813623269399 246.469875176748 247.473696867625 250.375628471375 251.261790593465 243.939975897471 232.304732004801 224.779367446899 212.750355402629 209.265848000844 222.500960032145 237.223347028097 230.640987555186 210.880021254222 185.817122459412 186.924080053965
77.5410731633504 62.7200156450272 50.8612543344498 42.9850618044535 44.2117005586624 58.9086910088857 82.786758740743 95.5795645713806 106.617619593938 114.997009436289 139.392028252284 165.348082780838 181.459029515584 189.923405647278 197.408735752106 202.395498752594 199.200391769409 192.068954308828 184.642155965169 179.526110490163 174.826900164286 172.618369261424 183.004200458527 192.241549491882 196.367780367533 202.643831570943 205.218096574148 206.155220667521 206.535955270131 206.949671109517 215.092817942301 245.500465234121 248.501658439636 248.636921246847 245.762507120768 244.527280330658 241.755743821462 239.379445711772 228.730837504069 218.745728333791 217.441121737162 215.745707352956 221.93698088328 232.866525650024 236.095170180003 212.191085020701 182.26416905721 174.827754497528 181.292394797007
120.866000652313 92.4918452898661 66.5709326664607 45.5162624518077 38.1869127353032 46.4237481355667 68.0599759022395 90.6703273455302 96.5134501457214 95.8771804968516 106.293837229411 121.095915635427 130.811333656311 137.951006491979 148.486355940501 158.974299828211 164.060324430466 172.154784202576 180.03769715627 185.276905695597 185.872395833333 186.76499525706 185.030976931254 187.512238820394 193.387071291606 199.539800484975 202.907343705495 205.998142560323 208.563983440399 211.190044879913 224.480708440145 238.111217816671 233.538905779521 233.982483545939 237.935761610667 236.382206281026 235.833088556925 230.894386768341 219.987988471985 220.333417256673 219.818492730459 217.556099096934 219.044407208761 223.45115741094 214.966615041097 181.056459744771 153.490006923676 162.746171156565 182.504137357076
136.504491170247 120.952288309733 99.5592375596364 78.1242152055105 57.8152636686961 46.39666279157 51.1374572912852 77.3813476165136 96.7216690381368 104.582866032918 102.250595887502 98.3326633771261 94.329833984375 89.8522933324178 91.0995503266652 107.26339618365 122.778058052063 145.84419131279 168.031096458435 182.218253612518 190.263708432515 194.480717182159 190.012534459432 186.178962389628 189.561088879903 191.6410724322 196.20023171107 201.107223828634 204.497297604879 211.192270119985 226.203819115957 231.997549533844 224.246164162954 219.778140385946 219.282527764638 218.48992506663 220.553437868754 217.212955156962 211.544533570608 206.28829797109 200.353542963664 199.4309425354 206.730723381042 214.764674504598 207.030653953552 196.862657864889 207.909882068634 217.595716317495 230.960965156555
130.499502023061 131.083716948827 121.607760588328 111.045807600021 92.5264656543732 62.1687173843384 42.9187566041946 37.0736991365751 61.2528572479884 93.7207241853078 109.721084435781 106.838832298915 99.6397535006205 89.4863208134969 75.689767797788 78.0257781346639 89.7463758786519 105.15034198761 134.164949258169 154.897481203079 172.707915306091 185.458620389303 193.360865116119 188.286165396372 186.586499214172 184.720754623413 186.28066778183 189.684510231018 193.845450878143 203.804492950439 214.282751083374 217.088063557943 208.711783091227 203.015208244324 200.116753578186 199.58883523941 205.197731653849 202.73365577062 198.7344622612 182.232518990835 179.71408367157 189.457774162292 208.0370982488 221.350868542989 220.847388108571 223.41259320577 231.662193934123 233.955264091492 241.298913955688
107.220113277435 117.975741624832 113.01264166832 113.571663697561 104.610939820607 85.82404255867 57.624489068985 33.8259662191073 45.1946308215459 59.3365728855133 76.0938972234726 85.4383806387583 92.087725798289 95.5297152201335 85.7470631599426 78.0666520198186 75.3323137760162 76.3444205125173 88.3051057656606 103.04315884908 125.502189000448 142.397185166677 155.44072786967 157.974243164062 163.165410359701 164.805620908737 165.697524944941 171.210924784342 175.927480061849 185.915489991506 191.709578037262 192.400654157003 188.672959804535 187.326550483704 188.697775204976 192.27397441864 193.548401196798 195.979654788971 193.403482437134 186.30184729894 197.166780630747 211.962203184764 222.414414087931 223.793069521586 217.526157697042 213.333209355672 216.337045033773 227.209210395813 236.015896002452
79.7830919424693 78.6105493704478 87.1333877245585 92.2967990239461 99.4859238465627 94.8742628097534 79.163392384847 64.524586002032 41.7540619770686 32.1760699152946 39.5995179812113 56.1892837285995 73.3334322770437 82.2593371073405 90.8789535363515 87.7378483613332 79.6112616856893 76.219509045283 75.9199211994807 80.0974667072296 86.3787730534871 95.4228937625885 111.537615458171 121.907075246175 134.574989477793 138.400127490362 141.827126344045 144.979586203893 149.367471536001 157.365719477336 160.461684068044 162.318289279938 167.618711789449 171.656409899394 177.053471406301 180.713454882304 180.159648259481 186.622520287832 190.939386685689 199.682573477427 212.880571683248 220.992187658946 223.105728626251 225.482106208801 217.117587725321 213.754574457804 224.546333154043 234.21436548233 234.582046667735
44.7721133629481 42.6033784945806 47.7012495199839 49.0896801153819 61.9688928127289 73.0541398127874 71.9775607188543 69.3227748076121 53.3749063809713 38.3872638146083 31.8711226185163 34.3015318115552 50.9590407212575 69.2616055409114 85.4942599932353 81.6409836212794 79.4820090134939 78.7687947352727 74.5104004939397 69.6052561203639 71.7417150735855 71.0556755463282 76.4542023340861 91.8843944867452 108.294109503428 117.827077706655 120.669354995092 122.864961624146 133.186390002569 139.413416385651 143.679062525431 147.847970326742 158.411771059036 162.32763727506 163.679073254267 167.336265246073 171.951254208883 177.44255065918 186.541338761648 206.760267416636 217.011332511902 218.695898850759 217.678010463715 215.33207098643 213.415841261546 220.239798227946 229.906857013702 232.016682624817 231.172323226929
20.159558703502 16.986175129811 16.1492687960466 18.5145114858945 19.7491285701593 23.3524888753891 37.943589190642 42.4356907606125 47.0350484053294 45.1314697662989 37.5134671727816 31.3100789984067 35.6571525335312 46.9622313976288 65.6299740076065 71.3154623905818 79.1814178228378 78.595091899236 74.4561503330867 69.8987891276677 65.8030410607656 64.3330663442612 64.9860799312592 74.0087181329727 83.9530030886332 95.1950053373973 98.3035564422607 105.046937863032 113.054394721985 120.122800270716 124.918540318807 130.671322345734 135.824551184972 139.475802580516 142.92565981547 146.418174107869 157.743642727534 170.624891916911 178.244312604268 196.040471394857 203.758696715037 205.353061358134 201.864838600159 198.274513085683 198.58064254125 199.992120265961 207.092225551605 219.542781511943 224.100629488627
13.6130936443806 8.21329466998577 4.54991403967142 1.53177526469032 0.13255977925534 0.245743663981557 7.01383935908477 23.8492687543233 40.6388491392136 53.803026676178 52.1963139375051 45.2519655227661 32.087986667951 31.0642570257187 44.1063195466995 62.1463904778163 76.6363541285197 82.4367751677831 82.09561308225 77.8298377990723 71.2632089853287 72.9557375113169 73.013757665952 75.109601020813 77.0566960175832 79.8138131697973 86.8985950946808 96.2824622790019 101.539333661397 103.862752517064 108.868459860484 114.698618650436 116.193423668544 118.833680947622 123.047411441803 129.297157128652 141.252646843592 153.411149978638 158.691356579463 170.532564322154 178.541739781698 180.749317010244 178.432861963908 181.864778200785 183.29115708669 186.255474885305 187.934577465057 190.906703472137 196.007192134857
14.0898724397024 1.61493631700675 0 0 0 0 0 2.95322481542826 22.6676811774572 38.4645809729894 54.12557721138 60.4740182558695 54.5570552349091 42.9925123850505 41.9827252626419 57.6100051403046 71.0013310114543 84.0477546056112 92.1480258305867 92.2579566637675 84.3218366305033 83.2982212305069 83.1861197948456 82.9912573099136 83.1390619277954 82.4976513783137 86.8278940518697 96.7512925465902 102.284987767537 96.9580709934235 102.497547864914 108.364403247833 110.068539778392 110.91207464536 114.553193251292 122.255345185598 127.89194782575 134.482810894648 139.030873775482 142.251461744308 148.611178000768 155.705054601034 163.595577081045 171.676417191823 170.678973197937 179.468254248301 180.411179860433 176.227887471517 174.984276294708
19.2529422541459 3.85200325399637 0 0 0 0 0 0.64902298618108 8.27889827390512 26.5503128369649 53.4788469473521 77.0595173041026 78.7676026423772 67.5124724706014 56.989183028539 57.7249626318614 61.5227321783702 73.4403381745021 88.8751943906148 100.281864404678 100.079327821732 96.2693095207214 96.9748298327128 93.5757656892141 92.0715530713399 90.7394786675771 91.4117693901062 96.1705545584361 95.5461661020915 96.9282587369283 99.6397336324056 105.205744504929 105.729152758916 104.976137479146 109.066218137741 113.334586222967 114.202221234639 113.007009029388 119.121412436167 121.076802412669 127.085655927658 135.475297768911 141.747951507568 147.531688213348 152.043799559275 158.579717079798 168.38268438975 175.599336624146 171.287298202515
19.8243396977584 5.77562985320886 0.00739131307151789 0 0 0 0 2.22956979026397 4.51260867218177 20.1169724265734 39.1613294680913 66.7018244663874 79.5421699682872 85.3118399779002 76.4741351207097 60.9827588001887 55.0307184457779 58.0884218215942 71.7073579629262 94.4072306156158 106.544315814972 102.948794762294 106.861134370168 102.517565091451 97.7497498194377 98.8572239875793 96.4062412579854 93.7068661053975 95.6159631411235 99.1099675496419 97.5379347801208 100.601603587468 103.60257824262 101.073404153188 102.045595645905 101.001719633738 98.3513394991557 94.9679017066956 99.0962286790212 102.163096268972 105.547070503235 111.378709475199 115.175614754359 118.719657262166 133.629461129506 140.068004528681 154.800315697988 164.179642995199 164.243519306183
16.1783757309119 8.48376626769702 0.334283026556174 0 0 0 0.294508470688015 3.59892162183921 11.5733308096727 16.6247934103012 26.8071219325066 51.3606319824855 74.8534599939982 86.066464583079 90.5229449272156 85.9762231508891 79.1608244180679 68.7931925058365 63.1169478098551 72.7257629235585 92.7512844403585 106.243560711543 113.124261299769 109.449028968811 104.750980933507 106.768836577733 107.35938946406 104.63160276413 101.863871018092 103.052715460459 104.087213675181 91.6469891866048 89.8382067680359 92.4062430858612 93.6208367347717 91.909388701121 87.468683719635 85.9817961851756 87.0174368222554 90.7801191012065 92.8206145763397 95.7634548346202 99.4639694690704 102.377444505692 120.42843302091 130.710452795029 139.474918444951 146.988918383916 152.124881744385
12.667420009772 9.72108232478301 3.04885643223921 0 0 0.0199328836364051 2.91322575261196 7.35774884621302 17.7177153527737 21.1792041858037 27.0793388287226 40.6087040901184 63.0420595407486 77.2745360930761 92.5420622030894 101.338803768158 99.3925929069519 89.9610916773478 75.9023825327555 66.3483987251918 74.5904594659805 97.3503688971202 105.960269769033 110.25258898735 112.471203009288 116.500914096832 115.283459424973 113.413314024607 112.432996431986 109.938720862071 98.2916156450907 90.4826124509176 87.0522956053416 78.5141785939534 73.5597858826319 77.0603567361832 79.2180448770523 85.6466094652812 85.4633450508118 88.0347390969594 89.8758471012115 91.6998187700907 92.3832754294078 93.1800603866577 105.727334817251 120.632668336232 127.823084592819 130.830158789953 133.608102798462
13.8203303019206 16.7112089693546 14.7058181464672 0 0 3.66018774608771 7.12042550245921 15.0434461732705 25.3403161962827 35.6322129567464 41.580689450105 45.5107788244883 55.8378199736277 64.4292036692301 77.9432455698649 91.8762981891632 98.0815192063649 100.750078757604 97.6915260155996 85.4739149411519 70.3543325265249 83.087628086408 93.2131012280782 103.21498910586 114.786436160405 120.244165261587 120.184520880381 125.154743591944 116.376370191574 106.844584147135 92.2439992427826 89.9979869524638 77.9817253351212 65.5256807804108 63.8331224521001 69.0830449263255 66.8231646219889 71.303183833758 70.7391252120336 74.4972378015518 77.5295595328013 79.3468157450358 81.8536927302678 84.5101475715637 84.5061639944712 98.5065897305806 105.355709791183 108.031054337819 113.870511452357
14.8041968544324 14.2482643326124 16.2745739022891 9.02688192824523 2.27507421125968 9.14857101937135 9.83555739124616 12.7451693018277 26.0791927576065 36.0172937313716 43.4255301952362 42.9335037867228 44.4341252247492 49.9345660209656 59.8524113496145 75.9235223134359 86.2949093182882 92.8138693173726 98.6078679561615 100.178778171539 94.0627058347066 82.3126782973607 85.023820400238 93.8433905442556 106.014827887217 114.505439996719 118.433674176534 120.637665192286 109.640876452128 109.900216261546 98.5135734081268 82.7800035476685 75.3528525431951 57.8805555899938 53.6232590675354 47.1049696207047 44.6771482626597 40.102963646253 49.9385098616282 57.1621060371399 64.2525305350621 68.1655257940292 73.4257300694783 77.6482671499252 76.330358783404 85.7639114061991 90.5390679836273 94.3994323412577 100.920965274175
19.2346212764581 12.435025225083 8.76482017338276 16.0937681794167 12.3922737936179 10.1562142372131 9.12732258439064 12.2667973240217 22.7807636062304 29.6909262736638 35.1743549108505 35.749281446139 35.5958342552185 38.801650206248 45.8529939254125 60.0955138603846 70.7465410232544 78.8238694270452 88.9333784580231 103.537480036418 109.945754210154 100.120375553767 100.768019755681 102.817803621292 106.070299943288 105.977644522985 105.093280474345 115.077604850133 108.985324700673 96.4371562004089 82.1096003055573 75.0989814599355 53.5234461228053 38.4253809849421 30.0069724520047 22.5860103964806 23.0598623553912 25.514081120491 34.4610487421354 39.1764963666598 45.4315543174744 50.1271188259125 58.9340080817541 60.9123806158702 67.4674262603124 72.5806951522827 75.9373803933461 83.6463272571564 89.7095203399658
41.4501701792081 29.8050244649251 18.9273891349634 28.3245245615641 25.8447180191676 9.61256151398023 12.3112226525942 22.9113027453423 28.0492827296257 29.823012650013 31.4115136861801 32.0026601354281 34.0828026334445 31.3244238495827 37.4096954862277 49.567312002182 63.1924072901408 73.3921825885773 82.7339092890422 96.0253675778707 104.756116867065 117.164015769958 124.579052130381 124.111622571945 116.256028413773 106.116324663162 98.8019605477651 91.2567377090454 91.7833844820658 92.7375058333079 69.6476052204768 48.346683382988 32.3789690931638 17.502672970295 4.1082293416063 0.84690167568624 2.22825088227789 10.0934406121572 18.9330652356148 22.2165286540985 35.3124191363653 42.2331740458806 39.7990221778552 38.6335179209709 57.2741826375326 67.7578747272491 74.0368614594142 78.1647910674413 81.5315345923106
