input/barkrak2/radiation/dir22624.grid
NCOLS 85 
NROWS 70 
XLLCORNER 665100 
YLLCORNER 4664600 
CELLSIZE 20 
NODATA_value -9999 
[rows 40 to 59 of 70, columns 0 to 45 of 85]
282.444834709167 283.314983050029 283.225377400716 285.32612323761 292.161782582601 296.208918094635 298.746486504873 302.946209907532 302.517354488373 291.521648565928 278.769870599111 275.518198808034 273.614207903544 271.407286326091 268.992741902669 269.715348879496 268.333951632182 266.857822736104 261.650741100311 261.848092079163 265.466193358103 268.163045247396 268.55077346166 263.871550559998 260.188062985738 257.830997308095 263.979037602742 265.305320421855 268.265128135681 267.66049861908 266.633172829946 265.553692976634 250.146528085073 250.653127829234 276.658574740092 276.192605495453 265.273729960124 260.631918907166 262.685219446818 260.57098309199 272.138814131419 301.194886366526 295.279383659363 234.440962473551 172.742029031118 138.42366139094
288.31281264623 286.242485046387 286.452869574229 286.023775736491 283.326367537181 281.684676806132 280.205408732096 281.601806481679 285.952687263489 278.573155403137 272.198081016541 272.821525732676 276.037176450094 275.398413340251 274.538397789001 271.896799405416 266.632119814555 272.158583005269 272.094508012136 266.784946123759 268.137812614441 268.388370672862 264.781475067139 265.824755032857 267.866293589274 262.758096059163 264.947354793549 266.964952150981 267.297903696696 267.892718315125 268.228272596995 266.137798627218 254.51789299647 262.313624223073 275.261402130127 264.668226242065 248.362461725871 244.152088960012 248.39993317922 257.057964801788 281.602422396342 295.313894748688 294.143795967102 268.597066402435 214.770575364431 171.462078889211
291.239619255066 289.091686407725 291.519999504089 290.006061395009 284.471193949382 282.123883565267 280.934075514476 278.29380830129 278.718749682109 276.061813036601 273.887793223063 273.959040641785 276.548385620117 278.904318809509 277.746955553691 275.547405083974 272.050599257151 274.606029192607 277.302205562592 268.913368384043 265.984376271566 263.957838217417 260.047356287638 260.996599992116 264.309763908386 260.585983594259 256.928900877635 259.387771288554 262.54814863205 265.936414400737 265.913824240367 261.493364969889 259.499092896779 269.939323266347 271.914064884186 250.843683878581 234.922409057617 237.971822420756 249.223967393239 262.900869051615 272.587617238363 272.747198740641 263.298312822978 251.634001731873 220.541536808014 168.369928995768
279.080073038737 281.45291407903 288.381993770599 286.2322529157 287.418524424235 289.526144663493 289.434532324473 286.524514357249 277.550180753072 276.581764221191 278.687675793966 275.930205980937 275.688270727793 276.971936225891 277.931948502858 273.365378379822 274.971544742584 274.414956569672 275.550564130147 270.129044850667 260.93864440918 259.854793548584 256.824553012848 253.597994645437 255.423287550608 259.921848773956 254.504720369975 256.043136119843 257.911721865336 258.813977241516 256.330172220866 253.870050112406 258.922775586446 267.06596215566 259.043872356415 236.571927865346 231.137951215108 243.492325146993 259.502530097961 263.746162255605 261.130114396413 256.764511267344 248.767693837484 234.961072603861 209.710339705149 172.196805477142
278.744002183278 283.054868380229 285.413682460785 285.731116930644 287.264982859294 288.591702779134 289.040187994639 285.508275032043 282.338678836823 278.516928354899 280.173083146413 277.414321899414 272.431373596191 271.822869777679 269.29231484731 269.907514254252 264.181097348531 271.072645982107 270.023306210836 266.878008842468 262.291411558787 259.957532087962 256.534973780314 257.736027240753 254.518191019694 259.716828664144 259.524623552958 258.439421653748 257.248342037201 256.724794705709 250.756363073985 246.291100978851 249.137202898661 249.862293402354 242.882867654165 232.026775677999 235.164900620778 250.946164131165 263.764580090841 258.192280928294 258.63524278005 249.693473180135 238.550623257955 226.478695869446 209.775944550832 185.613354047139
283.997575441996 287.665585676829 284.771879514058 287.245313326518 285.51318248113 285.715798536936 286.358575026194 284.716665744781 286.01868947347 282.775123914083 281.289537747701 278.618057568868 275.103290875753 268.943627675374 268.533607323964 269.228557745616 264.318267504374 264.26496108373 268.17375421524 265.906035900116 260.759691397349 261.401116847992 257.371703783671 256.993095080058 256.765286127726 255.766709645589 263.292670249939 261.109312375387 256.476620833079 255.791962146759 249.957680702209 245.382388432821 246.797720591227 240.597327550252 229.266305764516 221.056342124939 228.96013657252 247.429490089417 253.380159536997 242.769519488017 248.168428738912 239.188035329183 230.120321114858 230.818192164103 229.494313398997 205.401380856832
283.821801344554 284.468273321788 286.551376183828 287.350336710612 286.437710126241 285.658458868663 287.209788958232 288.693428039551 286.306480566661 283.596316973368 281.7276318868 281.260808308919 275.88282028834 273.628830909729 270.334561665853 273.975729942322 266.519904136658 262.141784032186 265.186071395874 263.477365175883 262.045741081238 259.935915470123 259.827653566996 255.435585975647 261.496663093567 255.666931470235 256.207664807638 257.358928521474 258.00214211146 256.067792574565 252.445340156555 248.444358507792 244.347294171651 238.605876763662 229.873398939768 222.598751386007 229.113519191742 241.382559140523 241.43522977829 241.087118784587 245.677471160889 235.019445419312 234.387397766113 242.661416530609 245.21658817927 223.697145779928
278.290748596191 279.563327630361 283.346613248189 284.614622592926 286.54549519221 287.86035378774 286.410868167877 284.513413906097 283.678789933523 285.578926404317 282.118360201518 276.75720055898 275.775591532389 272.786498069763 270.713369051615 267.07528034846 264.799475669861 256.174763043721 262.278874715169 263.245046138763 259.454270203908 258.824408054352 261.88466946284 253.98576259613 256.683071454366 254.171907901764 251.410206158956 254.112124443054 255.478262901306 254.876573880514 253.473401069641 251.399517059326 243.49319934845 242.410620053609 244.269013404846 237.041413784027 236.609439055125 238.504330317179 241.590936978658 250.191430250804 244.708816210429 236.585875352224 241.65133635203 245.394806067149 242.236534754435 225.798010826111
271.550118923187 273.406604925791 278.223673502604 280.333836873372 284.477710723877 286.321918169657 283.068974812826 281.720201174418 284.700592358907 282.570044199626 280.04652261734 278.391639391581 273.893316586812 272.995114326477 270.978728930155 265.761276086171 263.846357663472 256.483217080434 261.328021685282 264.701326688131 262.98725605011 261.246105035146 261.582990487417 256.658832232157 254.094163576762 257.124861081441 255.181491374969 257.408340771993 261.456569035848 262.637217839559 264.646629492442 264.277100563049 253.520508607229 254.285136858622 253.840565681458 246.178905169169 245.468119780223 245.754361152649 246.474583943685 249.931693077087 239.550252755483 233.544886112213 231.803019841512 228.128572305044 226.139585177104 225.643674532572
269.658406575521 267.636895179749 270.83686987559 276.788453261058 278.071820735931 281.069815158844 284.373601277669 284.06282265981 283.326029777527 279.380599657695 281.300107638041 279.768884181976 275.152524312337 273.293554782867 270.422399044037 267.527262369792 264.613429705302 259.212831656138 261.149843533834 265.493194262187 265.842060248057 266.372879346212 262.722055117289 261.607746283213 257.59083032608 260.827382405599 262.916803359985 264.116684595744 268.662333488464 273.410320281982 277.362863222758 275.22599697113 266.798118750254 264.01017109553 257.544497648875 250.571608543396 247.605125109355 251.154085000356 249.431788921356 238.430817921956 227.594375610352 229.960898558299 229.17503118515 222.963054974874 220.91023127238 224.552869796753
270.244121551514 271.620710690816 270.224253336589 274.859309196472 276.245792706807 275.98782380422 282.325704892476 284.841060638428 283.461034297943 282.899757226308 282.74405002594 281.479239463806 277.074694633484 272.081812222799 272.347331047058 273.613353570302 265.848755836487 263.449052969615 263.588865598043 268.796006838481 269.019226233164 266.136606534322 264.595131079356 262.73508866628 258.411327997843 263.41321070989 265.878876050313 266.04570945104 269.513567288717 277.226706345876 281.852563222249 280.706465244293 271.67022228241 263.682981332143 252.848247687022 244.775136311849 246.026794115702 251.915574073792 246.455609798431 228.648543357849 222.884257634481 234.027485052745 234.815716743469 227.303922176361 224.24328327179 219.094316164652
266.096790631612 273.287872473399 273.762345314026 276.761889457703 275.092562039693 274.489402770996 278.865297635396 283.543487389882 282.056927680969 283.947745958964 282.752950986226 280.971686045329 279.23850218455 273.681382338206 270.484248797099 275.157550970713 270.656784375509 262.873291969299 262.419839700063 263.585289319356 266.201694806417 264.194826285044 261.765440305074 257.864971955617 257.491290569305 258.652627468109 262.202064196269 262.525677680969 263.990680376689 269.075810909271 275.96257130305 278.38655312856 267.636875311534 250.792841116587 218.566517035166 209.078272183736 225.870112578074 241.234481334686 244.945963223775 243.596692879995 245.546857515971 242.814064025879 225.75310866038 219.149311383565 227.561255296071 217.442393302917
265.771905581156 263.391931851705 264.022390047709 266.564587752024 272.990485032399 276.543895403544 275.172352790833 279.292364915212 277.720173199971 281.060179074605 282.113651434581 282.191018263499 280.603031317393 276.589830716451 271.44326766332 270.708819230398 272.835612297058 262.762804826101 257.691562175751 257.534205913544 258.963584899902 259.343524773916 259.08237695694 255.679408709208 253.731528917948 253.138780593872 254.100362459819 254.598577817281 254.178325335185 255.445559819539 257.810890674591 261.474827925364 246.200740337372 219.481110572815 187.887867291768 172.371387481689 185.414214928945 214.349687099457 239.046434561412 243.907968203227 245.587786038717 234.606842199961 216.417968273163 215.817670027415 219.78904803594 200.237949689229
270.470082759857 260.558009147644 258.027911186218 261.532783508301 271.951158841451 277.638713518779 275.383909543355 277.372737725576 277.856449286143 277.802348136902 278.841118017832 281.180322170258 281.558771928151 280.044555664062 273.315370082855 270.960450172424 273.560623327891 264.367600282033 259.730001290639 260.87208588918 261.913855870565 258.59526793162 256.703654925029 252.584596474965 253.628393014272 249.57682689031 251.124898592631 251.121123631795 249.56997235616 245.848457018534 238.553543885549 235.633015632629 219.831645488739 192.907532056173 183.587590853373 171.506067117055 158.192346493403 168.593883514404 189.610083897909 216.530899206797 230.549454689026 220.723271369934 213.574548562368 212.989628314972 202.277958393097 187.224487463633
271.689514319102 265.069425106049 259.633481502533 263.045350710551 270.302097002665 277.886768182119 279.118061065674 275.596896807353 279.054681460063 277.787407239278 279.268383979797 279.271125793457 281.182507673899 280.663390954336 275.556842486064 274.233082930247 273.72529109319 268.09968551 262.863516807556 264.187057813009 264.094670613607 262.063543001811 259.215593338013 257.567385832469 253.703316052755 255.016068617503 252.871950467428 247.899850209554 246.307174364726 240.95356464386 227.106690406799 225.856959819794 212.270597616831 203.255613644918 205.057124296824 201.761921246847 184.03148651123 170.534292856852 162.065933148066 174.217263857524 198.639611403147 195.415794849396 186.87504529953 175.892651081085 173.219819863637 176.706075668335
273.378570874532 271.334369977315 264.038523038228 260.532955328623 264.927466710409 274.424175421397 277.834216753642 275.540292263031 276.579260826111 278.243501981099 283.002018928528 282.608131567637 282.41221110026 281.414071718852 278.247932593028 276.44153436025 276.205539703369 272.9598681132 267.152587572734 265.07314046224 263.29094171524 261.111319065094 262.957692146301 263.317505518595 259.030838807424 254.274666309357 249.028285344442 241.616169611613 239.115039507548 231.38693968455 226.193944613139 228.276272614797 219.056745370229 220.276872316996 226.248522599538 231.122215588888 232.907036940257 221.433023611704 203.343331813812 170.430223147074 174.096008141836 182.555794715881 182.97153711319 175.597707430522 179.433147112528 192.089398701986
275.326291720072 272.947569688161 270.017206668854 263.737758000692 260.904312133789 270.385940869649 276.336987813314 275.549511114756 274.10622437795 277.418812115987 284.566978613536 284.265458583832 282.114406426748 282.096485296885 281.380434830983 275.673389434814 276.746471722921 271.708806355794 269.113659858704 267.528812090556 265.949646631877 264.338910579681 260.544419288635 261.208415031433 258.904357751211 252.748588720957 235.908130804698 215.097427368164 210.556308428446 215.216557184855 223.751465479533 223.783413569132 218.405187129974 217.755734920502 229.191025098165 243.590474128723 257.057925065358 260.526061058044 252.520978450775 209.232866764069 179.582715034485 190.22125005722 202.947696050008 210.766971111298 217.794934908549 226.81587934494
274.740894635518 271.023074785868 271.629015604655 269.410610198975 262.714763482412 266.265511512756 275.94530582428 276.142597198486 273.662984371185 274.547318617503 280.937890211741 285.406907399495 279.100159804026 280.405958493551 280.732830365499 272.6811170578 274.471382300059 271.111329396566 267.459611097972 269.813378651937 269.539296627045 268.217245737712 263.826111952464 258.024573326111 257.173498471578 256.660679976145 238.915820916494 218.981941541036 217.482268810272 221.783836682638 231.303870677948 228.831887245178 228.207627932231 231.743196646372 242.144286632538 247.287531693776 253.237366676331 227.193792661031 201.699395974477 200.335383415222 206.207036972046 219.101667404175 217.449645201365 205.773174762726 200.833221276601 214.094201723735
265.899459520976 269.541800022125 269.271334012349 269.449353218079 265.002191066742 262.111902236938 275.066792964935 278.234640757243 275.103727976481 272.677679856618 277.797977129618 282.494187355042 280.079166094462 277.144372463226 277.222792307536 275.217731793721 270.702362060547 270.497063795726 269.270777702332 269.936998685201 272.516091664632 268.937786420186 264.765600363414 261.443495750427 260.423302650452 262.562910715739 256.54266277949 250.350673993429 245.635131994883 245.612223943075 243.851959705353 235.830008983612 240.207274754842 241.805950800578 239.634871482849 228.59791914622 205.313364664714 162.38921880722 141.426066557566 178.029557069143 217.679142951965 228.653232256571 212.951461474101 202.84382502238 205.434282620748 216.629346211751
255.105574925741 267.143507798513 267.126977443695 267.034272352854 266.500274340312 261.67627175649 269.079307715098 277.203838030497 280.969719092051 276.000181833903 277.164498964945 280.3848584493 280.181030432383 277.999977270762 276.527086893717 273.999849955241 268.237054347992 267.889181772868 264.930268128713 263.0362311999 264.43886756897 260.933597882589 262.026747067769 257.778286933899 260.745465755463 266.599535942078 272.111475467682 271.053850650787 253.790736198425 254.139681657155 245.575964450836 234.322528044383 233.130733172099 215.981980164846 191.418886184692 165.769497553507 153.837790091832 140.501846869787 128.381669521332 144.650012254715 171.226302782694 200.184464454651 213.03125222524 229.93528842926 257.148702939351 261.456231276194
