input/barkrak2/radiation/dir20924.grid
NCOLS 85 
NROWS 70 
XLLCORNER 665100 
YLLCORNER 4664600 
CELLSIZE 20 
NODATA_value -9999 
[rows 0 to 19 of 70, columns 0 to 45 of 85]
332.552711168924986 337.523063023885 339.760263760885 339.555819829305 335.852066675822 330.971439679464 323.569734891256 317.392706871033 321.595191955566 320.77697912852 318.153440952301 324.532290299733 329.47826385498 328.78832022349 331.391235192617 337.386131286621 332.869629065196 327.381412188212 320.717970530192 309.774974981944 290.479242801666 288.688977559408 307.389219601949 314.611534277598 312.534689903259 312.540849049886 310.34638484319 300.758997599284 282.123684883118 276.663204034169 274.373372395833 282.246947288513 297.281642754873 302.178104718526 306.636651357015 298.803130785624 296.98117574056 306.995173295339 303.877075513204 304.187516371409 294.607321421305 279.373069604238 288.579364617666 307.269473870595 312.743862469991 305.642227331797
323.417782783508 329.275866349538 329.82329527537 332.878549893697 332.625905672709 331.307252248128 324.046929677327 315.432171026866 319.365938504537 320.773402849833 315.755426883698 320.77952226003 327.538847923279 328.119059403737 327.923019727071 330.288728078206 328.813751538595 326.661686102549 325.669924418132 316.643138726552 303.958853085836 299.929678440094 307.680070400238 312.940220038096 312.832951545715 311.362783114115 308.129191398621 300.962726275126 286.207477251689 276.824593544006 277.936200300852 290.699203809102 294.241150220235 294.405241807302 305.933475494385 297.806620597839 293.153663476308 294.702430566152 290.15576839447 303.439239660899 300.876617431641 290.32176733017 296.159903208415 311.954617500305 317.708909511566 309.172729651133
292.543570200602 296.380082766215 304.059724013011 308.515429496765 316.656629244487 322.793702284495 325.308124224345 325.161616007487 324.119369188945 320.967257022858 313.934961954753 314.960062503815 323.607405026754 326.432128747304 322.465538978577 326.085607210795 329.450726509094 331.019719441732 329.174876213074 324.804584185282 322.684665520986 316.380620002747 310.939848423004 310.283501942952 312.654614448547 312.468687693278 306.701441605886 299.584607283274 288.665016492208 277.727405230204 277.3650487264 292.328298091888 283.441702524821 289.320886135101 302.393813927968 296.753029028575 284.289956092834 279.096722602844 288.895388444265 303.008993466695 304.158965746562 303.123513857524 303.12305688858 315.022567907969 324.536363283793 315.001924832662
276.63399775823 273.743828137716 276.383678118388 280.844569206238 288.327217102051 293.188194433848 298.044304052989 306.61408106486 317.369023958842 323.488295078278 322.809596856435 323.463181654612 326.109766960144 326.68807109197 323.834478855133 320.133904616038 322.022636731466 324.437995751699 327.217857042948 326.750020186106 324.946403503418 321.875512599945 322.06799586614 318.165421485901 316.115379333496 318.233529726664 312.84507115682 304.872632026672 296.825846036275 288.924217224121 281.323273976644 292.317430178324 283.409436543783 289.190411567688 294.885436693827 296.163996060689 290.753563245138 287.943522135417 303.017516930898 312.274932861328 308.456162611643 301.506320635478 296.801308790843 305.950899918874 316.891034444173 317.289551099141
290.014684200287 274.201452732086 262.611508369446 256.579995155334 261.266907056173 273.967067400614 291.012664635976 298.485398292542 304.556965827942 309.192438920339 319.871048132579 328.38515440623 331.638117631276 332.428654034932 331.20588461558 329.473972320557 326.82603597641 321.162223815918 322.467962900798 326.534847418467 324.855903784434 324.304481347402 328.199068705241 324.458082516988 320.621609687805 320.64014673233 316.432038942973 308.4596991539 300.911009311676 296.281556288401 296.195884545644 299.147665500641 293.3642466863 295.236527919769 292.955180009206 296.171069145203 304.598371187846 308.498501777649 315.44150908788 318.118731180827 316.626032193502 309.421062469482 303.330361843109 301.153600215912 306.083897749583 320.2898701032
317.905902862549 301.924765110016 280.41277329127 261.428634325663 254.02295589447 263.726115226746 283.538778622945 296.292682488759 298.956612745921 299.170931180318 306.461910406748 314.191281795502 319.857954978943 323.439796765645 327.043175697327 328.186412652334 325.457195440928 319.77367401123 319.835186004639 323.719064394633 323.501527309418 326.747953891754 332.316676775614 329.304317633311 326.14920536677 325.311283270518 320.385237534841 312.598824501038 303.7229180336 298.103173573812 300.268451372782 300.048033396403 304.378350575765 308.961768945058 303.580025831858 300.484339396159 307.709952195485 313.1422996521 315.159916877747 315.491457780202 315.93386332194 312.069773674011 310.128748416901 309.488872687022 307.297507921855 307.300627231598
330.561677614848 318.443179130554 305.726965268453 289.592842260997 272.892375787099 261.976897716522 268.682956695557 292.190869649251 301.605105400085 306.348522504171 304.457863171895 300.809105237325 297.822574774424 295.220156510671 295.947591463725 306.442042191823 313.289682070414 321.035861968994 326.140185197194 328.566392262777 326.030512650808 323.017557462056 329.209129015605 330.366293589274 329.091966152191 330.302119255066 327.727516492208 321.120222409566 312.381486097972 307.426452636719 305.794994036357 308.365066846212 319.327612717946 323.157370090485 320.908387502034 314.172228177388 312.798917293549 314.945181210836 317.036688327789 320.853432019552 319.950262705485 316.160043080648 313.534140586853 309.172848860423 295.076429843903 288.428684075673
330.082635084788 327.782034873962 323.914249738057 315.844376881917 301.174441973368 278.122544288635 258.447845776876 259.63173309962 287.630518277486 305.795729160309 310.568451881409 307.642896970113 300.96169312795 294.410765171051 285.196562608083 287.891606489817 297.07940419515 307.097752888997 320.502956708272 328.776836395264 329.902867476145 325.997571150462 327.332854270935 329.719583193461 329.555948575338 331.033011277517 330.522974332174 327.091177304586 321.69246673584 319.778382778168 319.398621718089 321.011741956075 328.875184059143 331.19531472524 329.000115394592 325.28022925059 320.850968360901 316.574096679688 310.497403144836 313.491781552633 320.212781429291 324.527204036713 325.954596201579 320.024927457174 305.270949999491 291.929244995117
326.447109381358 327.097356319427 326.430996259054 323.445041974386 316.759844621023 303.900400797526 281.970063845317 258.07136297226 268.616775671641 286.795874436696 301.819006601969 307.698090871175 307.593723138173 306.056400140127 299.457907676697 294.693887233734 292.737325032552 296.117047468821 305.311997731527 316.541949907939 323.995272318522 328.573286533356 328.374644120534 325.680692990621 326.475938161214 329.423487186432 330.070594946543 328.552603721619 326.732416947683 329.048732916514 330.24940888087 329.472283522288 331.220785776774 332.330962022146 330.109477043152 328.321973482768 324.658811092377 317.898333072662 304.997821648916 307.072758674622 322.091678778331 328.499416510264 326.855659484863 322.576304276784 313.494106133779 304.773807525635
312.84503142039 318.300525347392 320.934096972148 321.03701432546 319.598396619161 318.930824597677 310.68480014801 298.435270786285 274.079740047455 265.422542889913 277.157843112946 296.269834041595 310.149451096853 315.571983655294 317.383567492167 313.257972399394 302.526215712229 299.096008141836 298.668265342712 301.130870978038 306.123356024424 310.601592063904 314.730962117513 317.36828883489 320.874730745951 323.289116223653 325.027207533518 324.14573431015 323.964496453603 327.401161193848 328.426420688629 328.57221364975 332.03136920929 333.906928698222 332.763890425364 328.974604606628 326.78343852361 323.192715644836 307.56946404775 305.835088094076 320.365170637767 323.04722070694 321.805377801259 319.007913271586 310.408552487691 301.833589871724
277.810633182526 288.411140441895 297.214130560557 303.948561350505 309.919575850169 314.851919809977 317.14407602946 315.433780352275 297.386328379313 277.57469813029 264.482696851095 271.361509958903 293.057799339294 310.017307599386 318.475087483724 312.18417485555 307.632327079773 303.600092728933 298.079609870911 294.15092865626 293.268998463949 293.202976385752 295.403261979421 304.012417793274 311.268051465352 315.806667009989 317.506829897563 316.67439142863 319.455663363139 322.481354077657 323.971430460612 326.12939675649 331.090231736501 332.973698774974 331.655561923981 329.050004482269 329.093555609385 329.823056856791 320.279757181803 312.801480293274 318.190038204193 321.851213773092 323.153754075368 321.997423966726 315.065503120422 307.769139607747
242.681523164113 247.390071551005 254.864195982615 265.462915102641 278.597076733907 291.463216145833 304.898778597514 309.170027573903 310.078660647074 301.156103610992 281.736572583516 263.961692651113 266.003807385763 285.447239875793 304.463982582092 305.589477221171 310.060183207194 308.557132879893 302.250027656555 294.768452644348 289.726356665293 287.243942419688 286.522289117177 293.478111426036 299.350420633952 302.748322486877 304.519593715668 307.451784610748 311.89356247584 314.349134763082 317.16267267863 321.069200833638 325.288573900859 326.742688814799 325.754165649414 324.919164180756 328.709642092387 332.10684855779 330.665270487467 325.256824493408 324.748734633128 327.679693698883 328.973035017649 328.240235646566 322.677612304688 320.345083872477
232.637306054433 228.683491547902 226.580580075582 226.613064606984 233.798404534658 247.956891854604 269.622544447581 287.191907564799 308.264315128326 311.106781164805 303.500592708588 286.391953627268 262.178818384806 260.177950064341 279.943505922953 299.998382727305 310.683091481527 311.582525571187 308.619856834412 302.759806315104 296.406010786692 295.520782470703 295.174698034922 295.90102036794 294.946551322937 293.978691101074 297.241469224294 303.605278333028 305.988033612569 306.993265946706 310.463945070903 313.76318136851 315.432031949361 316.569109757741 317.504525184631 320.471167564392 326.520641644796 331.313987572988 331.340889135997 332.217693328857 331.139822800954 330.939928690592 330.339848995209 329.942127068837 324.473222096761 321.958978970846
227.422714233398 201.793730258942 185.717642307281 180.37494023641 177.814483642578 183.925131956736 203.37837934494 234.725336233775 268.856167793274 296.654284000397 308.514058589935 308.865427970886 296.65333032608 274.813930193583 272.565583388011 293.448567390442 305.708944797516 313.819150129954 317.685385545095 314.960380395253 307.793299357096 305.390934149424 303.078373273214 302.974820137024 302.16779311498 300.168673197428 302.188396453857 308.120846748352 307.260036468506 303.078273932139 307.225167751312 311.047593752543 311.719616254171 312.038520971934 314.12136554718 318.731904029846 321.887870629628 324.789841969808 325.849910577138 326.302111148834 327.163656552633 329.198241233826 331.01091782252 330.056230227153 325.318535168966 322.684009869893
212.354858716329 175.636788209279 153.998007376989 149.761945009232 149.466733137767 154.561678568522 162.05695271492 188.058972358704 214.923799037933 259.505232175191 302.619139353434 320.705850919088 323.071738084157 312.268892923991 292.344470818837 288.883626461029 293.467998504639 304.942031701406 316.096981366475 320.166528224945 319.295565287272 314.986805121104 313.600480556488 311.573664347331 308.472375075022 306.966741879781 309.435844421387 310.12761592865 305.326620737712 302.614152431488 306.154787540436 309.569458166758 309.817751248678 309.060215950012 311.665157477061 314.342975616455 315.779089927673 314.017872015635 316.151976585388 316.218098004659 318.821648756663 323.189735412598 326.158463954926 326.340099175771 322.80429204305 322.112560272217
179.336726665497 152.890841166178 132.513503233592 130.553672711054 146.64700627327 167.796154816945 169.021149476369 177.086710929871 196.209013462067 226.125220457713 271.755894025167 316.851874192556 329.449057579041 328.120907147725 317.306717236837 295.909841855367 286.298175652822 288.368900616964 301.57470703125 318.139354387919 323.489089806875 320.249517758687 320.611159006755 317.10809469223 312.342166900635 312.536617120107 315.107822418213 312.311450640361 306.937535603841 308.87375275294 310.586412747701 310.171703497569 308.231194814046 307.562450567881 307.1502049764 306.701858838399 305.477241675059 301.493227481842 303.381164868673 304.694493611654 308.227260907491 311.155358950297 313.026328881582 313.402652740479 317.679127057393 319.780886173248
158.484886089961 147.798806428909 130.42539358139 122.461020946503 126.615544160207 151.004662116369 171.75281047821 176.55622959137 192.847768465678 204.996168613434 229.986170927684 278.523703416189 322.651346524556 327.686429023743 324.940721193949 318.574527899424 311.152259508769 300.141851107279 291.198054949443 300.060153007507 316.163818041484 322.356224060059 324.399669965108 321.086406707764 316.605846087138 317.536572615306 320.722103118896 317.651371161143 314.335405826569 318.376978238424 318.053523699443 310.918688774109 306.958635648092 304.658512274424 301.290929317474 299.552023410797 296.408494313558 295.491814613342 294.888695081075 297.409315903982 299.535175164541 301.791727542877 302.811503410339 304.713785648346 314.72518046697 319.412648677826
150.091826915741 152.392486731211 146.587451299032 133.195737997691 117.55840977033 132.177462180456 160.633504390717 181.540389855703 198.663671811422 211.393356323242 218.445817629496 247.183283170064 286.003549893697 321.181337038676 327.292164166768 328.950881958008 327.559947967529 320.095121860504 306.654254595439 293.155570824941 301.829616228739 319.275180498759 321.288386980693 320.129017035166 320.431391398112 324.163019657135 326.779961585999 325.100700060527 322.552879651388 324.073195457458 320.596694946289 312.820752461751 308.339337507884 303.790688514709 299.461742242177 297.366619110107 295.717676480611 295.034130414327 295.027256011963 296.592712402344 298.683901627858 299.008905887604 299.08561706543 302.272319793701 309.115350246429 317.029376824697
158.004462718964 168.469746907552 174.009442329407 161.975542704264 141.736924648285 146.403292814891 165.483663479487 185.155669848124 206.793308258057 225.639343261719 232.604463895162 240.820387999217 265.75243473053 279.626886049906 311.02462609609 326.688667138418 327.570815881093 326.634625593821 323.960781097412 311.654527982076 297.590931256612 307.668427626292 313.082814216614 317.857364813487 323.727230230967 328.11971505483 329.991459846497 329.073150952657 324.638108412425 323.719123999278 319.136142730713 314.341862996419 309.667944908142 305.131216843923 301.73921585083 298.53888352712 298.200885454814 296.20748758316 295.577049255371 297.137419382731 300.42024453481 301.621913909912 300.249795118968 302.661458651225 302.801708380381 312.367856502533
169.277548789978 174.535950024923 187.679966290792 197.238425413767 184.937198956807 163.817117611567 164.152890443802 178.297678629557 195.047775904338 218.425234158834 232.471863428752 234.43325360616 243.798613548279 257.249196370443 275.557418664296 297.200202941895 320.759495099386 322.096506754557 323.051929473877 322.549442450206 316.375354925791 307.018001874288 307.828644911448 314.199010531108 321.404874324799 326.225916544596 329.873204231262 328.621864318848 322.587430477142 321.923931439718 317.786594231923 312.052090962728 307.632068792979 305.588126182556 303.936282793681 300.893207391103 298.067410786947 292.045056819916 290.727555751801 297.556241353353 301.527718702952 302.932778994242 304.866055647532 303.63521973292 301.723599433899 307.687401771545
