input/barkrak2/radiation/dir28424.grid
NCOLS 85 
NROWS 70 
XLLCORNER 665100 
YLLCORNER 4664600 
CELLSIZE 20 
NODATA_value -9999 
[rows 42 to 62 of 70, columns 0 to 46 of 85]
147.339085737864 143.719245990117 146.540115276972 145.165175199509 137.606968482335 134.139716625214 130.242814620336 126.65981054306 125.740667184194 123.18362792333 120.266864697138 118.239651123683 122.793962558111 125.902652740479 125.869532426198 121.750076611837 119.104603926341 124.216099580129 125.901768604914 117.872019608816 114.787340164185 114.696582158407 110.95185081164 113.934526840846 118.385742108027 116.15589261055 112.723310788472 119.151651859283 125.865598519643 128.895531098048 130.074242750804 131.565352280935 141.400575637817 163.936903079351 171.192844708761 151.488810777664 136.177986860275 133.652081092199 136.535137891769 146.106938521067 155.169308185577 158.1176618735 143.251319726308 107.739041248957 44.742892185847 5.17008360475302 0
130.910495917002 133.688261111577 141.838361819585 139.491269985835 141.583422819773 144.031872351964 142.814586559931 136.884609858195 124.790579080582 123.719235261281 126.090466976166 121.882488330205 121.395488580068 124.808698892593 126.13433599472 122.366686662038 124.257465203603 125.868459542592 125.711063543955 119.333018859227 113.164156675339 110.593209664027 109.259774287542 108.01687836647 110.696057478587 116.098155577977 110.591391722361 114.756007989248 120.247443517049 123.92524878184 122.765103975932 120.352605978648 133.109410603841 150.646189848582 155.424137910207 139.067649841309 133.590489625931 140.247136354446 147.240827480952 147.119492292404 141.798386971156 139.907151460648 132.800747950872 104.885290066401 56.0327072938283 6.19403893748919 0
129.468937714895 135.328183571498 137.992431720098 139.339506626129 140.427718559901 142.305036385854 142.684042453766 137.925008932749 132.887810468674 127.016772826513 129.058241844177 125.168869892756 121.860961119334 119.808584451675 118.874887625376 118.166585763295 114.95249470075 121.719032526016 122.944355010986 119.625647862752 116.286039352417 114.218860864639 112.904340028763 112.697621186574 109.617014726003 120.224416255951 123.141705989838 120.214144388835 120.009690523148 120.382527510325 117.057859897614 114.3452723821 122.024108966192 127.216060956319 132.26388891538 131.963580846786 137.04917828242 148.041109244029 152.871002753576 143.878996372223 142.044603824615 134.881258010864 128.964950640996 108.00897081693 72.1012055873871 27.8388286630313 0
136.340836683909 140.643656253815 137.207408746084 141.206483046214 139.861871798833 139.175355434418 141.030659278234 138.721704483032 138.861755530039 133.941491444906 131.786555051804 129.817008972168 125.25662779808 119.744420051575 119.240333636602 122.422526280085 115.162402391434 119.567404190699 124.36451514562 122.195899486542 118.803153435389 117.949306964874 116.138676802317 116.5511906147 117.131501436234 118.393023808797 123.431841532389 121.920754512151 121.523876984914 120.482782522837 117.463101943334 114.748736222585 118.998159964879 117.166260878245 115.338355302811 115.906745195389 125.191152095795 140.63153664271 142.193078994751 127.645363410314 131.273289521535 124.565124511719 121.650318304698 118.899325529734 100.655992825826 60.8262370030085 18.9780493577321
135.745873053869 137.823979059855 140.291084845861 142.861465613047 142.06142226855 141.759018103282 143.004049857457 145.114610592524 140.51079750061 138.855636119843 136.531462272008 134.600023428599 131.042808294296 126.864492893219 125.299910704295 128.385116656621 124.500234921773 119.385898113251 125.367144743601 123.748292525609 120.298157135646 122.188548247019 119.077771902084 115.105171998342 124.774515628815 118.0160343647 117.460985978444 119.862417380015 121.376742919286 121.218999226888 119.816243648529 117.413431406021 118.299414714177 117.293655872345 117.198487122854 116.162349780401 119.803001483281 129.348148902257 131.299177805583 127.965807914734 128.380686044693 120.680133501689 125.493238369624 133.528610070546 125.312298536301 90.7547970612844 46.380211909612
130.061070124308 132.795890172323 138.43110203743 140.708188215892 144.011636575063 144.680162270864 142.506172259649 141.821622848511 141.89734061559 143.041719992956 138.723164796829 135.225266218185 132.718771696091 131.68074687322 129.522452751795 127.839664618174 125.987350940704 116.888433694839 123.369604349136 124.820490678151 120.905021826426 120.889147122701 123.241901397705 115.338951349258 118.848611911138 118.567963441213 113.507012526194 117.607871691386 120.562871297201 120.148787895838 122.563978036245 120.266248782476 116.04646841685 121.581941843033 132.789154847463 134.996096293132 129.846076170603 125.588238239288 129.544883966446 141.036401192347 132.705370585124 122.959315776825 130.778829256694 137.052665154139 130.298833052317 108.912179867427 67.7524507045746
122.819224993388 125.708103179932 132.117887338003 135.652254025141 142.657438913981 145.935078461965 142.861227194468 140.117744604746 142.98086365064 145.289401213328 142.564247051875 137.312074502309 135.702242453893 135.613073905309 131.84987505277 125.883062680562 125.840524832408 118.613143761953 122.490624586741 126.61337852478 125.202437241872 124.169528484344 125.547538201014 121.074755986532 118.458211421967 121.932486693064 117.873648802439 121.335069338481 127.602716286977 131.203005711238 136.138578255971 137.76421546936 126.729607582092 130.112141370773 141.654551029205 148.293356100718 146.481404701869 135.51523288091 133.531073729197 140.138685703278 129.709750413895 121.2184826533 118.569413820903 117.631743351618 115.544746319453 114.473650852839 103.735397259394
122.220128774643 119.016587734222 124.365419149399 132.76215394338 138.253231843313 142.220199108124 144.657135009766 147.243281205495 147.296408812205 143.856813510259 145.358006159465 144.358138243357 140.793701012929 137.158125638962 134.471078713735 129.248281319936 126.70894463857 122.25737174352 125.426669915517 130.39156794548 131.589452425639 130.718926588694 127.091556787491 127.264668544133 124.291201432546 128.195424874624 127.205073833466 129.466871420542 134.327938159307 144.117256005605 154.376377662023 154.700090487798 144.554932912191 141.31040374438 139.42813873291 149.154285589854 153.932591279348 149.54008658727 140.1307284832 127.638141314189 117.325007915497 119.028071562449 118.356953064601 112.510542074839 108.460287253062 113.308558861415 107.714712619781
123.382677634557 126.12380584081 129.636387030284 136.320690313975 136.739810307821 137.69135872523 145.645429690679 150.257964928945 150.251845518748 148.763547341029 147.588839133581 147.831469774246 143.033762772878 138.800382614136 138.086160024007 140.938977400462 132.193505764008 129.794339338938 130.981663862864 136.771331230799 137.633979320526 134.790947039922 131.292968988419 130.422413349152 125.189810991287 131.785055001577 133.93380244573 137.008458375931 140.233784914017 148.916433254878 160.336911678314 166.042109330495 156.386643648148 145.098765691121 133.387863636017 136.172662178675 148.495892683665 156.114916006724 142.803877592087 120.853126049042 112.500747044881 121.090312798818 124.055912097295 120.592395464579 114.484856526057 110.861678918203 93.7433342138926
123.251577218374 135.091414054235 136.871735254923 139.534056186676 137.349387009939 136.594374974569 144.016077121099 150.240321954091 149.329215288162 153.653542200724 150.604218244553 150.150299072266 146.806538105011 140.877276659012 139.196336269379 145.759691794713 139.423350493113 134.254803260167 131.690621376038 134.625772635142 135.124067465464 133.484780788422 132.167150576909 128.349363803864 125.937690337499 128.312011559804 133.292257785797 132.64192144076 133.257170518239 140.726705392202 153.709222873052 166.398843129476 157.036225001017 135.385086139043 101.675589879354 93.5137867927551 112.92772491773 137.577374776204 150.316208600998 146.635085344315 141.883671283722 130.417923132579 114.693989356359 112.10161447525 121.614287296931 112.304379542669 89.375913143158
126.964638630549 125.452468792597 124.587297439575 128.217289845149 135.11198759079 139.742106199265 140.325754880905 146.443029244741 146.37150367101 150.615404049555 151.523649692535 152.885069449743 151.901374260585 145.818819602331 142.06737279892 142.038027445475 143.485277891159 134.841789801915 129.104634126027 127.588450908661 127.071430285772 127.458105484645 128.444164991379 122.488836447398 124.182085196177 121.304432551066 123.073885838191 122.665613889694 122.956017653147 123.417129119237 131.574690341949 142.139375209808 141.232192516327 113.677312930425 77.9466480016708 58.8286022345225 65.4287735621134 94.523032506307 127.115984757741 147.390315930049 151.421517133713 133.258809645971 108.534604310989 104.552457729975 115.345239639282 102.750241756439 85.2181712786357
131.554573774338 120.717763900757 117.481420437495 123.548587163289 135.802169640859 145.147164662679 143.800258636475 144.872059424718 147.751331329346 147.305985291799 149.437298377355 152.599841356277 154.016762971878 151.469518740972 146.490762631098 143.606791893641 145.822525024414 137.131740649541 132.107436656952 132.970869541168 132.579942544301 129.892607529958 126.691381136576 122.86447485288 122.784266869227 119.653423627218 119.522968928019 118.471692005793 119.042247533798 113.607913255692 105.916380882263 111.961195866267 113.091250260671 94.3746864795685 78.6479413509369 60.036430756251 35.4955593744914 41.1934057871501 69.5670942465464 106.570740540822 131.4457654953 120.864321788152 108.397046724955 102.557142575582 95.9177315235138 89.5153880119324 82.6497574647268
132.536937793096 125.836918751399 122.73300687472 127.516160408656 138.277580340703 146.429518858592 149.843563636144 145.438452561696 150.386412938436 147.992114226023 151.404837767283 153.630673885345 154.751350482305 155.76046705246 149.127582708995 148.396621147792 149.582246939341 142.787347237269 138.042608896891 139.460504055023 139.40625389417 134.90308324496 132.391144831975 130.894233783086 127.484569946925 126.860052347183 123.368521531423 120.592703421911 114.708691835403 107.763866583506 97.9052285353343 102.290918429693 105.163246393204 104.64201370875 103.303134441376 91.3660327593486 63.2555733124415 46.5632379055023 41.5073161323865 44.5838371912638 91.2863810857137 96.898098786672 85.8001510302226 59.5042457183202 58.911735812823 78.9598127206167 87.1998866399129
136.062622070312 134.257843097051 129.442870616913 127.257376909256 133.084038893382 145.860403776169 148.326218128204 145.948588848114 147.218227386475 152.648468812307 158.667782942454 159.823973973592 157.648265361786 157.691419124603 153.912782669067 154.045482476552 154.222071170807 150.475283463796 143.48645011584 140.290121237437 137.946049372355 136.659195025762 138.195196787516 140.548914670944 135.912309090296 131.967484951019 125.399281581243 116.046518087387 107.303311427434 102.758894364039 101.025859514872 107.962747414907 111.079494158427 122.727940479914 129.724582036336 127.974530061086 115.90039730072 97.1112052599589 81.4783424139023 51.7967243989309 61.8266562620799 82.2336822748184 82.2454293568929 69.7509050369263 70.4422642787298 88.7491106987 116.126040617625
139.261990785599 138.093282779058 136.254052321116 130.547146002452 131.235023339589 142.286876837413 146.00537220637 145.941764116287 145.431995391846 153.932303190231 163.096874952316 161.976287762324 157.594869534175 159.563809633255 159.757216771444 152.921468019485 156.106422344844 152.377466360728 147.637903690338 145.276884237925 143.982549508413 143.322765827179 140.606462955475 139.060080051422 134.958664576213 129.929453134537 107.27126399676 84.3649208545685 79.8424780368805 87.6604517300924 99.2557406425476 104.436973730723 109.698563814163 115.516245365143 130.673150221507 145.723402500153 139.18415705363 134.357829888662 134.93275642395 94.739039738973 66.6176428397496 84.7374498844147 102.179110050201 104.250361522039 105.364561080933 120.962589979172 149.35114979744
138.350486755371 135.802318652471 139.281690120697 138.826469580332 134.407897790273 138.833582401276 145.939846833547 147.323687871297 145.982136329015 152.512768904368 160.296946763992 160.225391387939 154.760976632436 158.069471518199 160.841802755992 151.438077290853 152.764777342478 151.653190453847 148.119767506917 148.934255043666 150.013158718745 150.184094905853 145.170450210571 138.44707608223 137.658218542735 133.377472559611 110.763261715571 87.201992670695 87.1575474739075 96.02290391922 109.305818875631 110.406120618184 121.492246786753 131.30384683609 140.293101469676 148.082196712494 144.066601991653 94.7427153587341 76.5881637732188 98.5939502716064 95.793624718984 111.263930797577 115.693956613541 98.3853936195374 86.5131815274556 100.434094667435 127.007404963175
126.040657361348 134.384582440058 137.451231479645 139.39627011617 138.622601826986 134.972780942917 146.577646334966 151.170492172241 150.001287460327 153.240730365117 157.019217809041 157.676408688227 156.80464108785 153.629094362259 154.815256595612 150.452375411987 147.285540898641 150.026480356852 151.30615234375 153.043925762177 153.402864933014 150.828788677851 150.271385908127 142.538150151571 141.647974650065 140.794813632965 134.887079397837 126.970340808233 127.871185541153 132.528225580851 128.716538349787 120.337595542272 136.004130045573 142.342776060104 137.36234108607 115.626513957977 95.0713853041331 53.9991160233816 39.1413892308871 60.8353316783905 99.1856157779694 122.99652894338 118.05992325147 102.601051330566 90.8915102481842 95.6074098745982 112.261255582174
115.381876627604 131.929486989975 135.577221711477 137.609481811523 140.677163998286 135.862032572428 141.340792179108 150.930434465408 160.524239142736 160.155276457469 156.836618979772 155.313779910405 157.153844833374 155.120293299357 154.610296090444 151.733666658401 146.79616689682 147.897978623708 146.034161249797 142.299711704254 144.294242064158 143.640627463659 142.931799093882 141.940802335739 142.367621262868 149.235943953196 160.170237223307 166.887859503428 153.58179807663 149.425903956095 134.247680505117 120.464662710826 130.629509687424 121.02010846138 70.0080394744873 57.6492100954056 55.2311142285665 45.017808675766 30.1541537046432 28.1712959210078 29.969647526741 84.9281350771586 115.565280119578 136.826485395432 151.402334372203 146.727939446767 140.015333890915
117.325365543365 128.553926944733 136.055022478104 138.323356707891 139.533499876658 139.717360337575 134.26152865092 144.986520210902 165.887544552485 165.306031703949 157.431026299795 153.648485740026 155.716607968012 158.170560995738 156.800488630931 153.022557497025 150.510946909587 146.975547075272 139.609972635905 130.921850601832 130.91849287351 133.54613383611 134.396364291509 135.071853796641 140.014509359996 145.323097705841 164.190133412679 175.666511058807 160.93788544337 151.957958936691 126.158515612284 110.634158054988 110.157569249471 101.526488860448 76.7780790726344 49.5879153410594 54.537038008372 66.2415424982707 58.9768588542938 41.9875284036001 29.4634153445562 49.1787890593211 93.5627023379008 126.862724622091 142.309298117956 137.474646170934 129.92936372757
130.309124787649 133.425891399384 136.34795943896 132.294525702794 125.813841819763 121.941814819972 131.069759527842 136.540095011393 146.972686052322 145.497858524323 143.254280090332 148.339509963989 154.641310373942 156.173894802729 151.760150988897 153.343419233958 152.57062514623 144.733985265096 136.086364587148 128.645747900009 127.401967843374 127.501438061396 131.162544091543 133.609006802241 133.719841639201 135.413408279419 150.478363037109 159.853825966517 147.568881511688 136.360456546148 121.763328711192 102.637668450673 93.5011009375254 105.097671349843 96.9148675600688 72.2362697124481 76.6814947128296 113.457759221395 120.663861433665 98.3904898166656 61.157022913297 48.7018972635269 68.8204069932302 88.0294442176819 86.5996976693471 93.8573479652405 98.8783240318298
143.662830193837 139.909108479818 135.917027791341 128.054877122243 116.211086511612 107.380131880442 120.81370751063 119.857142368952 107.215454181035 108.345826466878 124.631623427073 137.392570575078 142.464905977249 146.549254655838 149.381140867869 160.092254479726 162.266254425049 152.508238951365 142.780085404714 138.205826282501 133.587310711543 131.934314966202 132.868587970734 129.34077779452 129.502554734548 130.594025055567 139.877557754517 140.955815712611 136.848956346512 113.073776165644 118.874440590541 110.018094380697 100.700189669927 116.22416973114 118.496954441071 105.447143316269 98.5126197338104 101.42860809962 107.379694779714 103.308727343877 88.6236230532328 69.6175346771876 68.6880201101303 65.5564963817596 45.1882084210714 63.1387084722519 77.4417022864024
