input/barkrak2/radiation/dir26624.grid
NCOLS 85 
NROWS 70 
XLLCORNER 665100 
YLLCORNER 4664600 
CELLSIZE 20 
NODATA_value -9999 
[rows 20 to 39 of 70, columns 0 to 45 of 85]
65.306489666303 53.5253137350082 58.3369880914688 76.5787065029144 73.6032625039418 66.748172044754 61.7902725934982 72.9389886061351 79.0938436985016 93.1433240572612 99.9590953191121 96.7712601025899 96.8174338340759 101.137051979701 109.582811594009 128.359893957774 140.165994564692 148.599565029144 160.09642680486 176.065901915232 181.697328885396 171.407779057821 167.721370855967 169.831911722819 171.492238839467 168.61746708552 165.016829967499 165.287951628367 166.01949930191 155.505686998367 154.107709725698 137.350221474965 139.6843791008 131.182352701823 148.799498875936 156.032582124074 156.075825293859 158.052146434784 162.820756435394 167.650997638702 169.247984886169 169.795791308085 173.575818538666 165.521124998728 172.046542167664 176.915089289347
94.3736433982849 82.0178737243017 75.0179042418798 98.066508769989 97.0617135365804 66.4694011211395 71.350947022438 81.9943348566691 86.4555736382802 92.9141044616699 95.3009923299154 94.537079334259 96.3155627250671 91.6612346967061 102.114637692769 116.357694069544 130.305498838425 142.219881216685 153.558075428009 166.685005029043 176.56664053599 188.135425249736 192.645271619161 190.439184506734 178.485016028086 164.093067248662 152.850210666656 147.454450527827 152.198374271393 151.279588540395 131.882617870967 105.045735836029 86.3844255606333 71.375717719396 69.8999712864558 96.8858202298482 108.340044816335 141.030599673589 152.146150668462 153.300682703654 157.239804665248 159.555594126383 149.645914634069 132.415026426315 158.983419338862 171.276370684306
139.983634154002 136.326899131139 117.201606432597 118.48771572113 117.498129606247 85.9403411547343 93.0237372716268 90.5271669228872 84.0644339720408 87.1945520242055 94.9729879697164 98.2386867205302 102.907121181488 102.874755859375 105.461875597636 113.365630308787 123.152047395706 136.152923107147 145.163913567861 148.132274548213 155.851225058238 172.185560067495 181.026120980581 184.328436851501 178.705632686615 167.869091033936 153.8026034832 144.635548194249 150.052497784297 129.431118567785 93.7639673550924 58.8909685611725 41.6303624709447 21.31487429142 14.9243002136548 31.8639626105626 54.7841489315033 83.8521520296733 100.759824117025 117.48860279719 126.988559961319 133.27302535375 118.738363186518 97.9837775230408 129.084179798762 161.472986141841
176.707168420156 168.159306049347 136.748572190603 125.142474969228 123.007555802663 120.301445325216 111.76934838295 90.9531712532043 78.4974992275238 81.6578318675359 96.8371828397115 100.1249452432 107.249826192856 116.906305154165 114.673852920532 114.918480316798 122.251530488332 135.088682174683 140.346904595693 132.586628198624 133.595357338587 138.433426618576 152.329623699188 161.261608203252 165.653228759766 159.613261620204 144.282519817352 136.799097061157 116.333514451981 87.6890619595845 59.0041726827621 47.4189668893814 20.4708141585191 0.701303360983729 0 1.87816501905521 17.4060401817163 38.6346032222112 54.4281303882599 67.2571261723836 68.3173189560572 57.1635812520981 69.4881677627563 109.140773614248 123.741537332535 151.422848304113
168.278833230337 170.632759730021 153.384586175283 128.468851248423 113.882571458817 118.209977944692 110.315173864365 100.375552972158 90.6060834725698 87.0001614093781 92.6693479220072 97.1389909585317 101.500233014425 114.419003327688 114.117274681727 114.471157391866 120.492319266001 132.018119096756 139.348129431407 129.504789908727 131.637632846832 126.925806204478 136.496603488922 144.254982471466 144.681324561437 142.035375038783 138.146579265594 123.818586270014 106.569508711497 55.5808991193771 49.3236929178238 49.1932978232702 28.5893132289251 1.00411156502863 0.290970415032158 4.25999518483877 10.4452942808469 26.2263764937719 31.5463418761889 31.0011034210523 29.3094565471013 26.7789686719577 48.1833914915721 135.538895924886 136.713286240896 147.600789864858
155.917773644129 160.533001025518 162.958145141602 135.564565658569 114.077210426331 116.079280773799 119.969546794891 125.634104013443 124.432981014252 113.460729519526 104.398399591446 107.744306325912 114.172925551732 125.640789667765 124.243547519048 117.933054765066 120.565980672836 132.519463698069 137.49768336614 140.773266553879 144.457370042801 140.170782804489 136.188318332036 134.039402008057 134.916881720225 136.557390292486 126.565287510554 117.819746335347 93.8674509525299 79.1829278071721 77.2379885117213 88.1527165571849 81.8087259928385 25.2166042725245 9.86023743947347 18.0938579142094 15.1815724869569 21.9858288764954 24.5709170897802 15.2745693922043 18.792367229859 20.7220489780108 62.0640367269516 137.68595457077 157.021105289459 158.387502034505
158.140401045481 159.960965315501 165.473173062007 144.045531749725 130.553007125854 136.255999406179 146.405279636383 154.283026854197 161.741515000661 150.748272736867 126.613438129425 133.094509442647 134.036223093669 141.220301389694 139.70555861791 127.44281689326 124.823302030563 135.333110888799 142.581959565481 155.700385570526 159.788717826207 154.676755269368 145.093361536662 137.522161006927 136.1044049263 135.978758335114 125.794072945913 123.377641042074 109.759628772736 112.691978613536 128.486295541128 153.725326061249 162.884771823883 147.210578123728 73.7985670566559 35.7821434736252 29.279184838136 30.3473994135857 27.7529433369637 19.7932943701744 28.3808186650276 64.9983336528142 104.207813739777 126.486122608185 151.305645704269 146.606067816416
156.740645567576 155.402600765228 160.872439543406 148.592760165532 161.769340435664 162.495950857798 170.135815938314 170.608540376027 169.097860654195 163.628369569778 142.606556415558 137.660682201385 139.603247245153 143.212854862213 144.662956396739 139.448165893555 133.924623330434 144.170075654984 155.966868003209 162.358601888021 160.846173763275 150.331755479177 146.348933378855 145.649214585622 144.535114367803 143.99915933609 138.977477947871 135.047117869059 147.586156924566 155.527035395304 171.047786871592 183.20486942927 192.084054152171 203.56273651123 173.230250676473 78.0719220638275 43.4279491504033 35.4925269881884 20.5299879113833 19.0631672739983 54.0294746557871 131.461143493652 127.64710187912 117.172181606293 121.727228164673 115.259885787964
159.239709377289 148.169865210851 152.873198191325 153.765936692556 184.485693772634 176.066935062408 169.669409592946 156.564295291901 150.095413128535 142.044047514598 135.333319505056 124.54941868782 137.471437454224 142.638097206751 149.284968773524 151.4519850413 147.213776906331 142.973005771637 153.794666131337 155.355930328369 153.332789738973 145.957440137863 145.390798648198 151.079525550207 151.855419079463 146.540512641271 147.350092728933 143.20053656896 156.668563683828 170.289516448975 189.89106019338 202.778279781342 209.285775820414 210.722188154856 210.436304410299 147.177745898565 43.4787422418594 16.6519147654374 10.5430024365584 20.775493234396 71.7128763596217 123.018662134806 115.735014279683 84.2969715595245 80.2813917398453 82.7073802550634
159.178604682287 141.82323217392 146.534522374471 162.551671266556 184.491316477458 172.242979208628 151.542792717616 128.726253906886 116.195112466812 108.826398849487 107.812692721685 115.20196000735 129.146873950958 143.381694952647 147.949347893397 157.987227042516 153.023292620977 136.411825815837 144.002705812454 146.156281232834 145.86599667867 147.219131390254 147.411932547887 154.531290133794 157.816747824351 150.92862645785 154.81835603714 150.554974873861 154.75191672643 179.478983084361 200.875719388326 215.77795346578 214.941998322805 213.757733503977 224.837025006612 215.249359607697 135.640164216359 48.1102516253789 32.3138137658437 37.6530364155769 64.5623505115509 81.8627178668976 88.2873336474101 61.2537016471227 52.5924662748973 61.6666227579117
155.749499797821 161.173691352208 189.134339491526 231.893142064412 214.805523554484 176.930864651998 139.525413513184 107.672989368439 95.4545239607493 102.699100971222 98.5328555107117 98.3024636904399 118.00558368365 141.700903574626 149.469912052155 158.260365327199 154.667297999064 141.85889561971 140.102525552114 144.140978654226 141.654759645462 147.576044003169 151.302526394526 156.034499406815 162.04489270846 165.792653958003 164.098848899206 162.271469831467 165.689329306285 188.388347625732 211.560587088267 221.368829409281 217.361330986023 224.492092927297 236.423353354136 241.306265195211 224.518597126007 176.94369951884 94.2595799763997 57.4066042900085 49.3277460336685 52.8745551904043 70.5169985691706 55.2762647469838 51.9646505514781 66.5383984645208
174.318194389343 211.012860139211 255.617717901866 278.640647729238 272.336105505625 222.560207049052 168.676972389221 130.193630854289 118.477523326874 123.864392439524 116.74044529597 105.550875266393 111.061662435532 130.998561779658 150.012622276942 159.65258081754 155.318021774292 149.064938227336 144.289791584015 145.053406556447 147.079785664876 150.562892357508 155.002673467 155.13688325882 159.611652294795 172.813415527344 176.578422387441 181.469957033793 184.587081273397 198.136627674103 214.887738227844 223.844806353251 226.458032925924 233.949641386668 241.500337918599 237.765312194824 234.509686628977 235.969165960948 175.863087177277 92.2467907269796 56.0018370548884 55.6683490673701 56.8402508894602 58.5601627826691 72.1625586350759 92.9612914721171
234.092553456624 267.335633436839 284.33746099472 283.489286899567 293.219923973083 278.397440910339 239.670475323995 200.388034184774 171.945929527283 163.176407416662 158.055682977041 139.639188845952 112.6675705115 128.564208745956 153.604298830032 158.068388700485 154.660324255625 156.128803888957 146.091441313426 144.364068905512 148.358921209971 151.478131612142 152.322113513947 152.846117814382 159.000178178151 174.963355064392 182.125588258108 189.910968144735 195.768892765045 201.102912425995 215.407729148865 226.730704307556 226.20968023936 223.928411801656 225.877980391184 215.191702047984 216.786960760752 212.653696537018 172.533472379049 117.788443962733 79.9189110596975 71.8818008899689 60.0472986698151 61.8214905261993 71.4335044225057 98.5362927118937
271.65565888087 288.590848445892 287.842750549316 278.886576493581 288.264016310374 293.104290962219 280.860543251038 245.976726214091 207.78222878774 191.552996635437 191.349943478902 164.807130893072 136.753857135773 133.914132912954 147.40859468778 154.420087734858 149.031579494476 152.194678783417 144.667496283849 147.377143303553 145.103563865026 146.515895922979 147.66052365303 149.365683396657 156.748086214066 167.799810568492 181.66842063268 185.25497118632 192.552864551544 202.621757984161 217.339396476746 219.064712524414 205.430746078491 195.253113905589 197.965502738953 172.389765580495 172.777533531189 159.615993499756 129.712204138438 100.282251834869 106.635808944702 98.7063348293304 78.9691358804703 64.3886427084605 63.2774233818054 78.0064811309179
283.429523309072 286.862274010976 287.290056546529 284.311890602112 284.886717796326 289.758940537771 291.996995608012 273.545642693837 230.362474918365 196.362257003784 185.567994912465 179.214755694071 166.692574818929 151.278227567673 149.284332990646 154.210388660431 147.773236036301 145.010123650233 145.414481560389 148.367295662562 144.448498884837 143.267889817556 146.589815616608 147.696624199549 153.469781080882 161.50360306104 173.719108104706 173.672636349996 182.20712741216 199.64987039566 208.253999551137 203.728636105855 192.28986899058 188.060522079468 172.558228174845 158.774157365163 162.502308686574 163.565129041672 147.458523511887 124.214917421341 129.191895325979 135.334312915802 110.411554574966 91.6232864061991 77.9044230779012 67.6901588837306
282.993535200755 284.261484940847 284.283677736918 284.643928209941 282.291531562805 280.215640862783 281.49139881134 271.498799324036 232.20553000768 197.588543097178 186.128040154775 185.866455237071 183.253328005473 164.252549409866 155.491809050242 160.93506415685 153.317153453827 144.96178428332 149.83657002449 150.692383448283 149.358540773392 144.422640403112 149.907012780507 154.257635275523 152.137537797292 159.340490897497 165.654838085175 165.198216835658 173.019905885061 192.24351644516 201.040764649709 196.929256121318 194.612105687459 195.913175741831 170.949896176656 168.984274069468 174.70649878184 181.141257286072 180.634955565135 158.178677161535 117.973486582438 117.834150791168 101.206739743551 88.5860621929169 74.6907691160838 55.95796306928
271.989822387695 273.019850254059 274.839043617249 273.375928401947 271.590352058411 268.96200577418 273.831725120544 273.272554079692 237.758199373881 199.73760843277 184.781988461812 180.143237113953 179.511785507202 163.827280203501 153.229822715124 160.890161991119 164.359112580617 151.67107184728 153.940866390864 156.952410936356 157.221714655558 151.425977547963 153.08756629626 156.817535559336 154.019276301066 155.7710369428 162.524859110514 170.230527718862 174.081246058146 188.153922557831 199.459513028463 200.010259946187 193.280180295308 198.02717367808 173.401673634847 180.050412813822 182.510018348694 189.608852068583 190.501232941945 163.484543561935 94.348003466924 72.7782895167669 60.6681108474731 51.7276227474213 52.3098011811574 49.7297048568726
255.082329114278 262.261172135671 269.989331563314 266.82182153066 265.617648760478 268.785258134206 274.991869926453 277.219335238139 256.793717543284 214.395761489868 193.231920401255 177.739977836609 169.816493988037 161.022365093231 150.781045357386 156.205177307129 169.384896755219 161.183973153432 156.646092732747 159.662624200185 161.381979783376 156.178603569667 154.393404722214 156.354775031408 157.341420650482 157.857149839401 161.097387472788 172.005772590637 175.599336624146 181.854764620463 193.260073661804 201.493243376414 196.221570173899 181.471705436707 172.107497851054 189.65748945872 196.636875470479 199.588815371195 187.354107697805 176.555355389913 88.0792737007141 42.1026349067688 17.9632479945819 18.397265424331 19.0491316219171 18.6608930428823
223.805586496989 233.997285366058 240.612069765727 245.214343070984 251.926283041636 263.529201348623 271.370788415273 275.682826836904 266.423682371775 231.368025143941 204.545378684998 184.796333312988 169.135093688965 167.477647463481 157.44212269783 152.216931184133 164.566407601039 165.461639563243 157.302270332972 156.58367673556 158.727616071701 154.832412799199 152.35381325086 153.474966684977 156.792243321737 162.566820780436 161.798824866613 168.826440970103 173.923452695211 176.427006721497 185.250600179036 198.408365249634 187.582433223724 169.741451740265 177.449822425842 203.586836655935 210.498054822286 205.337305863698 197.056849797567 194.783131281535 150.655219952265 62.7379765113195 28.1120489041011 20.8412582675616 21.761362751325 16.9530572990576
189.203103383382 196.243385473887 194.80033715566 205.279966195424 220.960080623627 235.547165075938 247.954964637756 257.30041662852 253.060460090637 231.807967027028 202.197253704071 180.539051691691 166.24124844869 164.886136849721 159.99369819959 154.253532489141 159.004946549733 159.182488918304 152.245253324509 151.572247346242 156.519860029221 159.233758846919 158.854514360428 153.550446033478 152.18323469162 157.637615998586 163.524677356084 166.65114959081 173.007527987162 173.868954181671 176.379958788554 187.731166680654 180.010358492533 175.582567850749 202.853679656982 217.044512430827 212.62397368749 206.386427084605 204.72240447998 215.139389038086 222.864349683126 177.756667137146 90.6768043835958 50.7166981697083 32.8283905982971 16.7592403789361
