input/barkrak2/radiation/dir25524.grid
NCOLS 85 
NROWS 70 
XLLCORNER 665100 
YLLCORNER 4664600 
CELLSIZE 20 
NODATA_value -9999 
[rows 20 to 39 of 70, columns 0 to 45 of 85]
86.6584479808807 74.4203080733617 81.1025053262711 104.56719994545 100.77374180158 87.1843496958415 81.9674084583918 93.1345621744792 105.788807074229 117.361128330231 123.443086942037 122.59707848231 119.017124176025 122.935305039088 133.354187011719 149.350305398305 160.925308863322 171.718657016754 184.382836023966 202.211101849874 207.781632741292 195.910175641378 195.408523082733 198.983232180277 199.438730875651 198.695719242096 195.647577444712 203.042725721995 196.94330294927 193.274815877279 196.475843588511 192.417939503988 194.420655568441 182.62924750646 178.873856862386 185.359060764313 184.812506039937 186.454554398855 191.142380237579 196.51343425115 197.129666805267 197.672963142395 201.295733451843 193.400740623474 199.616452058156 204.120874404907
116.185625394185 105.66121339798 101.996034383774 129.016051689784 126.59814953804 89.8643334706624 90.8332566420237 102.205107609431 113.302489121755 119.589666525523 114.690214395523 118.365118900935 117.630263169607 116.082261006037 124.576499064763 138.976871967316 154.901206493378 165.744165579478 176.899929841359 192.942519982656 200.548768043518 213.553726673126 217.543184757233 213.156183560689 203.519701957703 191.345373789469 179.773132006327 174.159129460653 186.607340971629 174.210608005524 166.914999485016 137.307584285736 120.77130873998 108.423809210459 128.947744766871 150.956173737844 160.200178623199 178.329785664876 190.590520699819 191.925644874573 189.672986666361 187.815467516581 180.961032708486 161.937733491262 186.92821264267 199.838320414225
163.605213165283 161.538710196813 145.866682132085 149.559259414673 148.388644059499 111.404677232107 115.367352962494 112.90364464124 110.680162906647 111.838400363922 116.686413685481 120.001574357351 122.988998889923 125.31723578771 129.39840555191 136.308570702871 148.944109678268 160.84411740303 171.428322792053 174.459954102834 178.814848264058 194.504419962565 204.659104347229 205.808659394582 203.928192456563 192.935983339945 180.800954500834 168.80867878596 168.811082839966 149.741441011429 130.158027013143 85.6009920438131 59.8103950421015 43.8796877861023 47.7192054192225 72.2755193710327 99.0746219952901 132.474919160207 159.102976322174 170.517961184184 179.309586683909 183.19175640742 152.903030316035 128.390371799469 163.058946530024 196.052610874176
198.74769449234 191.71933333079 164.263675610224 156.038622061412 154.339104890823 148.528705040614 135.460952917735 115.788906812668 104.687839746475 110.587467749914 121.073166529338 125.93886256218 133.689989646276 143.853376309077 139.18536901474 140.786170959473 149.726500113805 161.339779694875 166.60138964653 159.046282370885 158.645848433177 163.821637630463 177.060961723328 185.649315516154 187.841375668844 186.97726726532 171.264032522837 152.683258056641 145.766019821167 110.041360060374 78.2582362492879 65.3412689765294 34.4695299863815 5.60596212744713 2.3047022211055 14.3931458393733 46.5326954921087 75.2647221088409 90.2792811393738 104.867875576019 113.981197277705 106.259316205978 112.238476673762 142.524848381678 155.292729536692 184.61412191391
194.78178024292 192.581534385681 178.970992565155 159.630874792735 145.364840825399 147.91269103686 136.544197797775 128.686209519704 117.447366317113 113.706886768341 119.55064535141 120.76739470164 131.883720556895 141.635398070017 141.467173894246 142.046709855398 148.140052954356 159.762064615885 167.031308015188 157.180498043696 158.430437246958 155.278424421946 163.14830382665 167.491634686788 169.2080895106 167.802135149638 156.865328550339 142.961551745733 126.286963621775 82.5514942407608 68.3638403813044 65.2978271245956 43.1502163410187 5.64847886562347 3.55100849022468 16.1121264100075 34.1693957646688 49.650897582372 58.6930761734645 61.5874081850052 62.0029220978419 56.0777286688487 82.3192199071248 170.783936977386 177.015125751495 187.047839164734
181.855261325836 187.308331330617 187.185049057007 164.391458034515 145.856916904449 147.951712210973 149.784545103709 156.809230645498 154.062589009603 143.981824318568 131.272733211517 141.181608041128 145.599871873856 153.701444466909 154.756049315135 146.748512983322 148.437788089116 160.575866699219 165.598293145498 169.747153917948 173.14350605011 168.775320053101 162.935068209966 160.753071308136 158.755759398142 158.699830373128 149.321923653285 136.492093404134 113.364120324453 96.8513985474904 97.1826612949371 108.189006646474 102.907667557398 43.9562499523163 22.454338769118 32.5588708122571 37.6369034250577 45.7698802153269 51.6790946324666 46.5600689252218 39.4639497001966 44.4977382818858 94.6568846702576 175.850788752238 194.867253303528 198.752860228221
181.577523549398 186.687330404917 188.781142234802 171.099781990051 162.703007459641 167.645951112111 176.022171974182 182.567020257314 191.88400109609 184.244215488434 161.286413669586 167.104919751485 163.984507322311 170.766810576121 165.823111931483 155.362705389659 151.802827914556 163.526246945063 170.608699321747 182.199478149414 186.489125092824 183.223525683085 170.67277431488 161.641309658686 160.043130318324 161.110957463582 150.959094365438 140.318522850672 128.501147031784 132.779488960902 149.850954612096 175.270259380341 183.952391147614 171.823541323344 104.983518520991 54.5749763647715 53.0206610759099 55.0229201714198 55.5851558844248 45.616755882899 64.7628009319305 98.6547966798147 142.418404420217 175.455729166667 192.063311735789 194.580018520355
184.507191181183 181.946039199829 183.661997318268 174.570977687836 193.264842033386 193.052490552266 198.345363140106 199.479361375173 203.046222527822 201.087097326914 178.272664546967 171.498894691467 168.490608533223 170.902053515116 172.343790531158 165.964315334956 161.165177822113 167.958001295725 179.534077644348 187.595725059509 185.110112031301 176.186700661977 170.571386814117 169.77059841156 168.504178524017 166.302104791005 161.628385384878 157.091518243154 162.613491217295 173.943122227987 191.582798957825 204.249540964762 211.735864480337 223.804652690887 201.152821381887 107.173542181651 70.7983672618866 61.1322621504466 55.0959805647532 46.6576119263967 86.2583220005035 173.746844132741 167.210042476654 149.168699979782 161.483625570933 160.482903321584
185.692687829336 173.442383607229 175.735493501027 180.106639862061 215.633114178975 205.451091130575 196.915725866954 190.118769804637 179.855763912201 182.880322138468 171.47437731425 161.316901445389 165.396610895793 170.326848824819 173.8387743632 176.447292168935 171.846667925517 165.856172641118 177.636981010437 177.853326002757 176.041563351949 167.825202147166 167.278567949931 174.100677172343 174.798130989075 170.667886734009 171.385884284973 168.020347754161 171.44904534022 189.212401707967 209.38241481781 222.728292147319 228.160639603933 229.111631711324 232.189575831095 178.692181905111 77.5530338287354 48.7378487984339 31.6741491357485 43.1510259707769 105.781396230062 163.731873035431 154.68289454778 118.001798788706 117.202381292979 115.106741587321
177.527705828349 165.601859490077 169.671972592672 189.426382382711 215.685784816742 203.459699948629 183.924416700999 159.54378247261 147.279133399328 137.035449345907 140.378604332606 142.504870891571 157.636821269989 169.619679450989 174.250642458598 180.042167504629 177.4689356486 164.178550243378 168.505072593689 169.374406337738 169.297794500987 171.10667626063 171.351234118144 176.896055539449 179.758807023366 173.574964205424 178.151329358419 173.435509204865 170.732617378235 194.524665673574 219.336132208506 234.83270406723 233.343740304311 231.677174568176 242.662847042084 237.453083197276 166.448324918747 78.6936183770498 58.7888211011887 65.8380687236786 97.7003375689189 118.050535519918 121.305127938588 92.2357241312663 86.4281058311462 89.532474676768
177.172303199768 182.328999042511 211.235562960307 255.396723747253 246.19205792745 210.164686044057 174.875378608704 141.053895155589 126.368949810664 128.860731919607 126.248379548391 122.447828451792 140.726059675217 168.074429035187 179.528594017029 186.931947867076 186.292767524719 173.492352167765 172.157188256582 173.35432767868 171.236713727315 175.967117150625 178.329368432363 179.868340492249 184.45877234141 187.108715375264 185.55881579717 184.438864390055 185.859322547913 205.661674340566 228.547791639964 239.929477373759 235.782106717428 241.791864236196 252.568920453389 256.993293762207 246.388753255208 209.854205449422 130.053907632828 89.3028179804484 80.0043642520905 81.3928842544556 100.614617268244 80.8546046415965 76.280156771342 96.8569020430247
195.111393928528 230.909089247386 272.701958815257 292.904317378998 296.423236529032 253.531396389008 202.717125415802 161.819199721018 149.793565273285 155.281017223994 144.505163033803 132.061660289764 140.531092882156 167.863488197327 185.904383659363 191.994547843933 189.671576023102 184.553861618042 177.616556485494 178.537249565125 179.690678914388 183.055241902669 185.76188882192 185.078958670298 187.97626097997 198.739429314931 198.657830556234 203.260083993276 203.077912330627 215.912123521169 232.299566268921 241.211473941803 244.06232436498 251.853466033936 258.956869443258 253.881017367045 251.398583253225 258.963505427043 209.119975566864 129.200388987859 87.7652863661448 85.3361884752909 84.3980014324188 86.6709351539612 103.116015593211 127.365758021673
251.438895861308 281.43568833669 295.303622881571 293.283879756927 306.249936421712 299.339989821116 268.74053478241 230.373581250509 197.927594184875 190.51202138265 186.091065406799 166.562269131343 151.621003945669 167.370994885763 188.282569249471 195.090333620707 190.532088279724 192.300200462341 180.49563964208 177.242875099182 183.839400609334 185.993174711863 186.484475930532 186.756014823914 190.504332383474 204.095641771952 209.240555763245 215.350310007731 215.911984443665 220.03960609436 233.748257160187 244.928638140361 244.136095046997 242.559154828389 244.801660378774 234.160085519155 236.241102218628 235.452950000763 201.450268427531 150.307635466258 115.099628766378 105.937063694 88.1666938463847 89.361310005188 98.0579455693563 134.054084618886
281.973083813985 296.402494112651 294.861992200216 285.613258679708 293.076614538829 302.451392014821 295.882602532705 264.379064242045 234.411875406901 218.093673388163 217.999557654063 200.941761334737 173.960467179616 173.507531483968 187.361756960551 191.139578819275 186.6188844045 188.162585099538 180.061320463816 181.728402773539 182.017286618551 183.771669864655 181.126674016317 180.022617181142 188.556253910065 198.540250460307 212.474485238393 214.877466360728 217.0117298762 223.955432573954 236.62801583608 237.729867299398 225.304702917735 215.970317522685 219.215273857117 199.886620044708 199.399292469025 187.511245409648 155.503749847412 131.175229946772 142.444501320521 131.112287441889 107.999563217163 92.265784740448 95.0697561105092 113.177061080933
292.179107666016 296.043435732524 298.592189947764 290.941039721171 289.274096488953 295.519729455312 303.24908097585 291.768232981364 254.848877588908 228.276530901591 220.757404963175 218.067427476247 206.862648328145 191.707412401835 187.072396278381 189.481794834137 183.899283409119 180.701712767283 181.12979332606 183.19296836853 179.87734079361 178.922474384308 178.511341412862 179.495692253113 185.655474662781 192.77822971344 204.190035661062 202.316502730052 208.828608194987 223.763744036357 231.869697570801 224.822580814362 212.117989857992 209.16740099589 201.781074206034 183.911323547363 187.492946783702 185.26550134023 172.040899594625 155.976166327794 160.415351390839 164.832850297292 144.086728493373 126.969774564107 109.943419694901 102.042039235433
299.004932244619 299.091339111328 301.35707060496 300.559202829997 293.689827124278 292.962769667308 299.253662427266 295.705258846283 264.586587746938 232.706050078074 221.056958039602 223.956247170766 220.359841982524 200.371563434601 191.640059153239 192.641874154409 185.830056667328 176.596840222677 182.303468386332 182.477235794067 179.923335711161 173.602481683095 180.286765098572 184.537708759308 182.54276116689 189.275046189626 193.411926428477 193.71767838796 200.534760951996 219.120661417643 225.726624329885 219.302992026011 214.662253856659 215.61461687088 197.445134321849 190.323015054067 196.109096209208 201.810002326965 203.129748503367 188.111384709676 150.338778893153 148.702571789424 139.475882053375 125.317354996999 110.033412774404 88.2836778958638
292.390763759613 293.872396151225 296.785612901052 296.024739742279 289.601763089498 285.80363591512 292.913397153219 297.734042008718 272.00702826182 237.375458081563 220.014413197835 216.108500957489 214.640895525614 196.74026966095 185.382386048635 192.320068677266 195.416867733002 180.965503056844 183.201273282369 186.156590779622 186.44924958547 180.768887201945 180.537501970927 183.881521224976 183.048963546753 183.093825976054 189.485311508179 196.638842423757 201.541980107625 214.733242988586 224.877913792928 221.985518932343 216.103871663411 216.883261998494 198.220213254293 200.720568497976 203.763286272685 209.912339846293 210.890034834544 190.780282020569 126.361896594365 102.543354034424 87.4788860479991 79.9429665009181 77.0251601934433 75.6689459085464
279.377897580465 284.540851910909 291.722555955251 290.316263834635 287.700057029724 288.953105608622 295.043667157491 300.279180208842 285.576601823171 248.223702112834 222.714861234029 205.157518386841 197.925766309102 190.51327308019 180.164953072866 187.067826588949 198.271155357361 188.608090082804 185.879031817118 188.865025838216 188.657462596893 185.46195824941 182.01474348704 183.772444725037 186.473985513051 185.319443543752 188.291629155477 198.688149452209 201.982696851095 207.881728808085 219.006756941477 223.81862004598 219.686945279439 197.385827700297 191.965540250142 209.60940917333 217.265407244364 219.551841417948 213.06300163269 200.050234794617 121.612320343653 68.7962770462036 50.3086298704147 35.4953209559123 46.5799619754156 52.8848866621653
250.36895275116 259.73254442215 265.561819076538 269.195874532064 274.450083573659 283.876299858093 291.087826093038 294.489602247874 284.725705782572 252.919773260752 233.142693837484 212.177236874898 197.511474291484 196.164031823476 186.853965123494 181.823511918386 193.89001528422 193.19361448288 186.889986197154 186.164538065592 186.438997586568 184.368709723155 180.141866207123 181.13382657369 186.060130596161 189.928789933523 189.041058222453 195.758859316508 200.459837913513 202.832301457723 210.806747277578 221.73398733139 216.077148914337 191.939234733582 197.490155696869 225.106358528137 230.270723501841 224.379976590474 215.014060338338 213.743468125661 178.396026293437 95.0300097465515 50.858736038208 41.3564716776212 40.5083770553271 36.9364420572917
217.042128245036 223.706165949504 223.406195640564 233.282784620921 246.595144271851 261.100808779399 272.092600663503 278.268337249756 275.686740875244 254.509329795837 228.235562642415 208.188573519389 194.352507591248 193.023502826691 189.802924791972 182.468553384145 186.988751093547 188.835004965464 180.286864439646 181.275566418966 184.34876203537 186.903695265452 184.650003910065 181.220134099325 179.75119749705 185.147722562154 190.74418147405 193.60081354777 199.640731016795 198.917071024577 202.611227830251 212.266524632772 207.030375798543 194.659431775411 223.028222719828 239.890277385712 234.92572704951 226.719379425049 222.351868947347 230.43962319692 242.641230424245 207.095841566722 124.673227469126 79.2336165904999 53.3552865187327 39.5309080680211
