input/barkrak2/radiation/dir23624.grid
NCOLS 85 
NROWS 70 
XLLCORNER 665100 
YLLCORNER 4664600 
CELLSIZE 20 
NODATA_value -9999 
[rows 20 to 39 of 70, columns 0 to 45 of 85]
124.790519475937 114.496131738027 124.433328708013 156.620502471924 152.63236562411 128.515730301539 118.68824561437 129.312137762705 141.292949517568 159.025967121124 168.575465679169 173.851509888967 173.506716887156 178.030451138814 191.252191861471 206.438660621643 219.469745953878 230.532209078471 245.452046394348 262.147347132365 273.903369903564 264.236787954966 266.07342561086 272.407690684001 276.053051153819 277.384956677755 281.243701775869 278.954863548279 276.784161726634 275.759816169739 268.917202949524 254.306972026825 240.094761053721 230.835616588593 227.154056231181 233.008801937103 232.736090819041 234.991113344828 239.980340003967 245.125770568848 245.455225308736 245.720982551575 247.966428597768 241.828183333079 246.508300304413 251.495977242788
156.966924667358 148.531089226405 152.30859319369 183.54207277298 181.211948394775 132.841726144155 130.460778872172 137.834896643957 146.037767330805 157.790611187617 165.236055850983 167.893767356873 171.849052111308 168.297449747721 179.924209912618 195.120294888814 209.256033102671 221.158087253571 234.281758467356 253.686865170797 260.952174663544 269.874930381775 277.186612288157 274.55214659373 264.104723930359 253.82657845815 239.327967166901 238.242487112681 232.856690883636 230.260292689006 217.945377031962 203.683495521545 182.23762512207 175.626178582509 180.98646402359 202.175219853719 210.490802923838 227.661569913228 239.718755086263 239.984095096588 237.876892089844 236.825923124949 229.46298122406 212.152520815531 235.073685646057 246.720592180888
202.779630819956 204.049150149027 195.919930934906 203.060726324717 202.844182650248 160.568793614705 153.836439053218 149.611443281174 145.648797353109 149.137208859126 163.856506347656 170.637905597687 175.524552663167 177.95068025589 183.128297328949 186.100085576375 200.141509373983 209.660013516744 217.328270276388 219.819684823354 223.077376683553 237.398465474447 244.845767815908 248.934686183929 248.896241188049 241.219321886698 228.407422701518 220.142106215159 217.717289924622 202.737212181091 177.101155122121 135.278274615606 103.898187478383 110.535422960917 138.169765472412 164.875090122223 185.403764247894 207.85395304362 222.696661949158 225.92290242513 230.11569182078 231.674253940582 206.78706963857 180.314580599467 212.070306142171 243.302206198374
233.752151330312 229.963898658752 211.217065652212 209.208289782206 208.563288052877 197.309037049611 177.273670832316 153.972526391347 139.987756808599 143.503089745839 166.114995876948 174.28974310557 183.442135651906 187.561194101969 183.245321114858 181.868354479472 190.947413444519 204.225659370422 211.143811543783 200.580318768819 201.248427232107 204.961856206258 218.285421530406 229.326168696086 233.013451099396 229.462027549744 220.067938168844 200.697143872579 191.869775454203 156.904280185699 127.980093161265 102.212051550547 65.3553903102875 28.6693771680196 30.9716214736303 66.6334927082062 108.947535355886 147.775948047638 177.721659342448 189.311067263285 186.553617318471 169.429103533427 163.07125488917 194.255868593852 199.434538682302 232.425928115845
228.003243605296 227.394938468933 221.427281697591 211.947242418925 200.188199679057 198.197642962138 180.209974447886 168.397903442383 154.616852601369 148.360311985016 156.421105066935 171.67333761851 175.014277299245 184.297104676565 182.836771011353 183.68536233902 191.362698872884 201.360901196798 208.630621433258 199.29563999176 200.188179810842 195.794065793355 203.15937201182 209.271192550659 212.57875363032 212.074220180511 204.056700070699 186.786890029907 167.898654937744 122.69992629687 103.270133336385 99.1742412249247 74.8895406723022 25.1970042785009 22.1565142273903 46.7652380466461 69.1934823989868 95.579465230306 118.874460458755 141.744275887807 132.520616054535 118.715157111486 139.78851834933 219.205896059672 216.941893100739 233.821213245392
217.412491639455 222.429394721985 226.612269878387 213.193615277608 200.640559196472 198.314865430196 193.303426106771 195.733567078908 190.842608610789 177.441398302714 173.24443658193 183.714191118876 186.408559481303 195.700605710348 196.220020453135 190.345267454783 190.22540251414 202.276825904846 208.347499370575 211.806694666545 212.55886554718 209.48471625646 203.683972358704 200.54163535436 201.614419619242 199.475189050039 194.049040476481 180.492997169495 153.689384460449 134.124249219894 129.984567562739 143.126994371414 140.528440475464 85.3902796904246 55.4793775081635 65.0261888901393 70.1619933048884 84.8423441251119 104.853729406993 104.259828726451 97.8164871533712 105.184376239777 148.267686367035 215.870896975199 231.327096621195 243.290444215139
217.910965283712 222.042540709178 226.356387138367 216.810743014018 216.429869333903 214.429497718811 216.359416643778 217.550655206045 222.06308444341 217.361887296041 197.908302148183 203.521927197774 205.306967099508 213.830590248108 211.61675453186 200.221578280131 196.641802787781 208.375851313273 211.991985638936 224.53248500824 228.404879570007 225.249727567037 215.398887793223 205.076535542806 203.593333562215 201.198935508728 195.037007331848 189.58971897761 168.124794960022 167.517602443695 184.405863285065 209.869921207428 217.319170633952 212.689618269602 160.924881696701 93.7515298525492 87.9689355691274 90.8203323682149 104.276110728582 105.470458666484 115.662435690562 155.630300442378 176.97008450826 205.380419890086 230.778217315674 236.455758412679
221.087475617727 218.106706937154 220.442612965902 217.986087004344 244.185169537862 236.738403638204 233.595967292786 227.590759595235 230.532467365265 231.729586919149 215.213815371195 208.279291788737 212.056577205658 215.735574563344 217.759569485982 212.123513221741 205.773949623108 212.999324003855 225.328187147776 229.755759239197 229.141453901927 219.659507274628 215.662042299906 214.526991049449 211.553156375885 208.191990852356 203.02011569341 201.094190279643 197.557886441549 205.240348974864 223.326643308004 236.87881231308 241.466581821442 254.333873589834 247.230251630147 160.133043924967 110.745012760162 97.0579584439595 98.3186364173889 114.160031080246 154.687613248825 221.096098423004 196.654637654622 192.95060634613 208.742519219716 213.558534781138
220.781445503235 209.827601909637 212.848881880442 224.000215530396 263.524115085602 245.005130767822 229.623059431712 220.852653185527 221.399704615275 220.728000005086 211.428821086884 201.821287473043 208.187838395437 215.191860993703 217.129528522491 220.345060030619 216.788490613302 213.05114030838 224.123259385427 225.518266359965 222.464978694916 213.153998057048 214.086989561717 218.806266784668 220.304687817891 212.000528971354 211.862683296204 207.780778408051 208.605885505676 217.985510826111 237.551331520081 252.700785795848 255.743503570557 255.820155143738 265.358328819275 229.735672473907 128.11999519666 84.1857294241587 70.5165217320124 94.3208038806915 168.127457300822 208.120385805766 188.144087791443 160.222083330154 171.504219373067 179.975847403208
216.418961683909 201.940218607585 207.670271396637 233.952065308889 262.640277544657 242.412567138672 217.012842496236 198.442975680033 188.896695772807 184.684574604034 185.356914997101 188.785016536713 203.500886758169 215.770999590556 219.368537267049 225.003858407338 225.846807161967 213.908513387044 214.749753475189 214.759051799774 215.082705020905 213.949640591939 214.268902937571 219.031631946564 222.164511680603 217.308779557546 220.117330551147 212.502936522166 208.711723486582 224.482973416646 246.24756971995 262.553413709005 259.678880373637 257.434884707133 268.132587273916 271.319011847178 218.052566051483 131.086468696594 96.5697765350342 104.753206173579 138.691246509552 157.159775495529 166.46350423495 135.755836963654 135.785549879074 148.632526397705
208.997388680776 215.919395287832 245.679974555969 291.244149208069 286.738197008769 248.685042063395 211.227118968964 179.643750190735 167.793194452922 175.84894100825 171.046455701192 167.667110761007 194.354216257731 218.055645624797 226.317624251048 230.307718118032 229.590475559235 218.984166781108 216.969907283783 215.949416160583 215.959986050924 218.914806842804 221.180041631063 222.271978855133 223.827481269836 226.974288622538 225.637257099152 222.795565923055 218.589941660563 233.305176099141 254.794041315715 266.222218672435 261.805733044942 266.093611717224 274.335583051046 278.288245201111 279.379745324453 257.454057534536 178.440451622009 133.162826299667 120.455145835876 121.238549550374 142.735371987025 132.868627707163 129.909177621206 152.316470940908
227.557778358459 260.597248872121 295.231223106384 310.272892316182 322.635769844055 288.684686024984 242.386937141418 203.361690044403 190.266092618306 199.395378430684 190.019309520721 175.402462482452 191.807389259338 214.09022808075 229.559461275736 234.17474826177 233.080208301544 227.909127871195 221.839010715485 219.136456648509 219.457626342773 223.599314689636 226.040403048197 225.132664044698 226.845304171244 235.456506411235 236.849049727122 238.416870435079 236.502130826314 245.525240898132 258.548935254415 266.771833101908 269.024809201558 276.410142580668 282.154043515523 272.493302822113 274.941980838776 292.824745178223 256.504356861115 180.833478768667 132.485429445902 123.660782972972 130.620727936427 139.298548301061 158.410926659902 187.471310297648
275.737504164378 299.18909072876 305.266320705414 301.230152448018 315.956950187683 320.182760556539 297.901431719462 262.957473595937 236.132562160492 231.441954771678 229.324698448181 210.80090602239 195.679008960724 210.461219151815 230.887770652771 236.350039641062 231.719195842743 233.652353286743 223.199804623922 218.441545963287 224.539359410604 226.36737426122 226.856609185537 225.081582864126 228.098928928375 240.967472394307 244.682232538859 250.513990720113 247.160394986471 248.68635336558 262.851595878601 271.970649560293 270.050267378489 270.097633202871 273.132125536601 261.993606885274 263.677676518758 270.263036092122 248.11448653539 203.189094861348 167.978783448537 146.572411060333 136.817793051402 142.659664154053 158.747275670369 192.422290643056
293.889164924622 300.216635068258 295.875171820323 287.343760331472 291.547874609629 306.797623634338 310.83478530248 291.950980822245 267.48255888621 256.32514556249 258.905053138733 242.3468430837 217.791676521301 219.174226125081 229.24284140269 233.487208684285 228.748997052511 230.148911476135 223.093628883362 223.885655403137 221.947054068247 223.553041617076 222.485701243083 221.88009818395 228.352467219035 236.518899599711 246.698439121246 248.262524604797 247.364719708761 253.716905911764 265.162746111552 267.078240712484 255.132774511973 248.423039913177 251.922567685445 233.5418065389 232.039491335551 223.589936892192 200.021862983704 185.131072998047 196.613113085429 179.736733436584 160.56431333224 148.885140816371 148.810784022013 173.165361086527
298.350811004639 296.754399935404 301.048795382182 290.782411893209 286.399245262146 294.989228248596 310.778240362803 312.67770131429 289.386332035065 268.04526646932 263.88156414032 254.217326641083 247.318724791209 236.762424310048 231.678386529287 232.760369777679 229.323903719584 225.717067718506 223.705391089121 227.935949961344 225.280404090881 222.634792327881 222.785969575246 222.722947597504 227.08801428477 233.837862809499 242.533405621847 239.781936009725 242.594838142395 254.658500353495 261.531710624695 254.793544610341 242.036759853363 241.643190383911 235.792517662048 218.584915002187 221.345722675323 219.823400179545 212.826689084371 209.75935459137 216.350277264913 219.347337881724 200.580398241679 181.242108345032 166.103303432465 158.225516478221
310.030817985535 308.861633141836 314.018289248149 310.280283292135 302.764773368835 303.571820259094 313.828667004903 322.815418243408 300.206780433655 275.506595770518 261.388977368673 261.069337526957 263.142784436544 246.293862660726 237.473845481873 238.624691963196 234.522302945455 227.43151585261 231.159806251526 233.019550641378 230.327367782593 225.651164849599 228.764355182648 232.562998930613 230.11839389801 234.181106090546 236.221114794413 235.373516877492 238.894462585449 253.625015417735 257.78192281723 250.592927138011 244.17785803477 245.333135128021 230.251729488373 224.010010560354 229.687968889872 233.804901440938 238.614519437154 238.780597845713 207.104245821635 205.5517633756 196.116864681244 185.595870018005 168.301105499268 146.90907796224
314.565658569336 314.581294854482 317.799051602681 316.850244998932 309.560100237529 304.868002732595 311.422725518544 322.6424853007 306.815087795258 275.859991709391 258.910953998566 258.01686445872 262.321432431539 245.678782463074 235.361854235331 241.816997528076 245.112935702006 234.10971959432 236.934045950572 240.667978922526 240.150769551595 235.235253969828 234.668850898743 237.107535203298 235.778609911601 233.893672625224 238.315880298615 242.105881373088 244.566361109416 254.59353129069 257.879873116811 253.045638402303 246.551950772603 244.73492304484 229.364275932312 232.758442560832 236.86683177948 240.985035896301 242.607831954956 236.06938123703 186.255017916361 157.52774477005 146.042108535767 137.90895541509 136.016845703125 132.492244243622
311.752100785573 315.08473555247 318.326532840729 316.60662094752 311.15710735321 308.905820051829 312.323669592539 319.331069787343 314.770261446635 283.193270365397 267.275134722392 259.297887484233 252.086838086446 244.093537330627 236.880560715993 240.886648495992 252.620160579681 244.503855705261 241.472045580546 244.351983070374 246.088306109111 241.278449694316 237.676719824473 239.011883735657 239.793539047241 238.247652848562 239.800930023193 246.848583221436 249.086876710256 252.594927946726 256.848136583964 256.326675415039 249.443233013153 234.656929969788 222.731630007426 239.996373653412 248.585760593414 248.817245165507 241.750776767731 237.85126209259 181.450565656026 123.370657364527 101.844479640325 89.6511773268382 93.6859846115112 98.7294912338257
294.528325398763 302.103777726491 306.718071301778 306.8834344546 308.208425839742 312.779704729716 315.980692704519 317.851424217224 316.267232100169 296.831707159678 283.97798538208 267.918268839518 254.859328269958 252.396623293559 244.041601816813 237.376888593038 248.785654703776 249.352018038432 242.97841389974 243.782420953115 242.201209068298 239.989479382833 236.315449078878 235.550443331401 238.011797269185 241.392254829407 239.869097868601 243.359406789144 248.483081658681 249.142527580261 253.482679526011 259.009381135305 245.045483112335 221.756716569265 228.402892748515 254.639327526093 258.74118010203 253.073573112488 241.350849469503 242.15962489446 225.105384985606 156.305730342865 103.458603223165 88.5041356086731 86.7094894250234 86.5982174873352
268.889745076497 274.448990821838 274.14474884669 281.709512074788 292.920331160227 304.266393184662 312.399963537852 316.777169704437 316.046516100566 304.703831672668 284.668862819672 264.776229858398 252.95086701711 250.342528025309 246.448655923208 240.467111269633 246.249516805013 245.891253153483 236.741026242574 237.972398598989 240.579724311829 241.379737854004 241.057217121124 235.795617103577 234.451512495677 237.272759278615 241.538723309835 243.652184804281 246.973633766174 246.19456132253 247.569481531779 252.70148118337 238.021234671275 223.849395910899 250.747780005137 267.54230260849 262.454390525818 255.36984205246 248.029967149099 251.564224561056 271.782596906026 258.254090944926 186.674932638804 137.794097264608 109.640508890152 83.7688744068146
