input/barkrak2/radiation/dir20124.grid
NCOLS 85 
NROWS 70 
XLLCORNER 665100 
YLLCORNER 4664600 
CELLSIZE 20 
NODATA_value -9999 
[rows 0 to 19 of 70, columns 0 to 45 of 85]
341.781894365946016 345.595796902974 346.43828868866 344.191153844198 339.887857437134 334.792574246724 326.954464117686 320.782085259755 325.465718905131 324.570914109548 321.527004241943 328.956186771393 334.91853872935 334.841688474019 337.089697519938 343.991835912069 344.337026278178 334.476470947266 329.06707127889 316.465258598328 296.008626619975 292.730271816254 310.413479804993 317.431728045146 314.41863377889 313.092350959778 312.931338946025 302.852034568787 284.64130560557 278.223554293315 276.613493760427 282.77067343394 294.755876064301 300.283332665761 305.95870812734 298.106729984283 295.780777931213 304.866214593252 302.897036075592 304.10095055898 293.817520141602 276.581068833669 286.508361498515 307.521601517995 312.818785508474 304.886440436045
334.085504213969 340.722719828288 339.702129364014 342.453201611837 341.554005940755 337.38366762797 327.815433343252 318.541566530863 321.709632873535 323.314130306244 318.282385667165 323.745369911194 331.166684627533 331.833263238271 331.644435723623 336.116751035055 335.461457570394 332.508504390717 330.485224723816 324.18425877889 309.275726477305 303.015450636546 309.04765923818 314.089079697927 313.596983750661 310.298283894857 309.239427248637 303.508440653483 287.979543209076 278.603553771973 279.634992281596 290.621320406596 291.700899600983 293.871780236562 304.989457130432 297.075589497884 291.300415992737 291.842142740885 288.960099220276 302.641173203786 300.109108289083 288.663665453593 295.170982678731 312.938253084819 317.791779836019 307.503819465637
310.637692610423 312.953889369965 316.749374071757 324.283957481384 325.952728589376 330.459853013357 332.309285799662 330.715298652649 328.336040178935 325.041035811106 317.310551802317 317.976752916972 326.088269551595 328.497727711995 324.851989746094 328.362246354421 332.873860994975 335.736950238546 335.421204566956 330.590685208638 326.855023701986 318.910439809163 312.253514925639 311.150173346202 313.126881917318 312.748630841573 308.086454868317 301.247537136078 289.683719476064 278.494775295258 277.288913726807 290.914495786031 279.729048411051 286.107897758484 300.527413686117 294.892152150472 280.91828028361 274.356742699941 287.026087443034 302.387396494548 303.371469179789 302.879293759664 304.37841018041 317.593137423197 326.6481757164 315.27042388916
294.015367825826 289.265374342601 294.385313987732 292.914390563965 298.72739315033 303.652286529541 307.267824808757 315.938830375671 326.167066891988 330.334067344666 328.226149082184 327.271103858948 328.76455783844 328.238487243652 324.980159600576 320.256173610687 323.163727919261 327.505429585775 332.200308640798 332.506279150645 330.500702063243 327.195684115092 326.379040877024 320.806860923767 319.082061449687 319.957256317139 314.972182114919 306.747337182363 298.658430576324 289.883037408193 281.00327650706 290.304978688558 280.60112396876 286.026835441589 292.211314042409 293.324887752533 287.772277990977 285.517752170563 302.102824052175 312.911450862885 309.515595436096 301.89460515976 298.225462436676 306.774874528249 318.035384019216 319.515804449717
307.243665059408 294.02748743693 277.260422706604 269.816656907399 273.074686527252 286.639908949534 301.798065503438 307.835419972738 314.313769340515 318.558255831401 327.901562054952 334.616661071777 337.134122848511 337.161342302958 334.474484125773 331.514795621236 329.474409421285 324.733932813009 326.744616031647 331.15828037262 330.241143703461 330.248355865479 333.497683207194 328.705191612244 324.290156364441 323.851962884267 319.290439287821 310.868521531423 302.758793036143 297.565718491872 296.860595544179 297.444562117259 290.552457173665 292.640328407288 290.599822998047 294.128775596619 303.729693094889 308.241963386536 315.874516963959 320.184707641602 318.161606788635 310.845792293549 304.013311862946 300.899565219879 306.250989437103 323.571801185608
331.103364626567 313.300490379333 292.952060699463 273.252288500468 266.038199265798 275.442699591319 294.542113939921 306.780914465586 309.273302555084 309.479176998138 316.22701883316 324.163337548574 328.192114830017 331.32263024648 334.314584732056 335.49161752065 331.676443417867 325.243314107259 324.600696563721 328.051447868347 327.911635239919 331.142942110697 336.887200673421 334.171215693156 330.248395601908 328.948815663656 323.445061842601 314.985374609629 305.373946825663 299.164334932963 300.026138623555 298.442582289378 301.355322202047 307.679136594137 302.357772986094 299.543440341949 307.454864184062 313.793400923411 316.76705678304 316.804945468903 317.585666974386 313.793241977692 311.472992102305 310.680866241455 309.002300103505 311.577538649241
338.709036509196 328.33194732666 316.756407419841 302.814424037933 285.777946313222 273.636142412821 280.161499977112 302.95991897583 311.896125475566 316.136240959167 314.39071893692 311.017135779063 308.238724867503 305.796682834625 307.42625395457 316.08788172404 322.25755850474 328.641474246979 332.112749417623 333.320240179698 329.988102118174 326.499362786611 332.823057969411 335.228761037191 333.552956581116 334.631681442261 331.458667914073 324.10208384196 314.59379196167 308.564245700836 305.450558662415 307.117720444997 319.251656532288 324.858943621318 322.465221087138 315.403819084167 313.949545224508 316.790858904521 319.500029087067 324.174026648204 323.772589365641 319.807330767314 316.420018672943 311.429917812347 297.07400004069 290.273129940033
336.422363917033 335.12008190155 332.855423291524 325.123310089111 311.562180519104 289.457122484843 271.76704009374 271.6978987058 298.701326052348 315.776705741882 320.169667402903 317.467947800954 311.983009179433 305.05375067393 297.433972358704 298.845092455546 307.551026344299 316.698014736176 328.685661156972 336.138884226481 335.850119590759 330.309291680654 330.999791622162 333.919922510783 333.929896354675 336.07808748881 335.389455159505 331.425150235494 325.210730234782 322.197337945302 320.551673571269 321.766535441081 329.976181189219 333.030382792155 332.122008005778 328.420579433441 323.561350504557 319.367190202077 313.456475734711 318.073848883311 325.48052072525 329.325397809346 329.37236626943 321.99760278066 306.480407714844 291.74268245697
333.67653687795 334.36377843221 334.227204322815 332.013348738352 325.804591178894 314.185400803884 293.394823869069 270.110030968984 279.939532279968 299.018661181132 312.087655067444 317.602316538493 317.821502685547 315.899093945821 309.930006663005 305.397828420003 303.562541802724 306.75741036733 315.148731072744 325.447718302409 332.796474297841 335.399786631266 333.757479985555 331.274310747782 331.916868686676 334.875106811523 335.873047510783 334.126869837443 331.988533337911 333.387692769368 334.432045618693 333.54640007019 335.249026616414 336.481809616089 334.159056345622 332.112153371175 328.788757324219 321.580727895101 308.226903279622 310.770074526469 325.773298740387 330.856641133626 328.861236572266 324.254473050435 315.231223901113 306.125700473785
322.127223014832 326.938410600026 329.214533170064 329.324026902517 327.734470367432 327.829202016195 320.596853892008 309.003988901774 284.003357092539 277.256747086843 288.781483968099 307.069559892019 319.913923740387 324.678222338359 326.448222001394 322.825153668721 313.749353090922 309.550007184346 309.08594528834 311.381816864014 315.945088863373 320.08151213328 323.608716328939 326.038797696431 328.776260217031 330.724934736888 332.43731657664 331.416070461273 330.992062886556 333.487908045451 334.847331047058 334.910313288371 337.859630584717 339.299917221069 337.747812271118 334.04533068339 331.923286120097 327.831705411275 310.633301734924 308.181166648865 322.012782096863 324.357926845551 322.820544242859 320.384343465169 312.029163042704 303.002556165059
289.718588193258 299.763202667236 307.972053686778 314.13209438324 319.539487361908 323.997457822164 326.269904772441 324.928641319275 308.188815911611 289.177676041921 277.81089146932 284.460703531901 305.051704247793 319.816112518311 327.369213104248 322.293817996979 318.275252978007 314.774771531423 309.707164764404 306.038379669189 306.211690107981 304.908911387126 306.773285071055 314.561784267426 320.903519789378 324.884514013926 326.564252376556 326.086302598317 328.346947828929 331.083615620931 332.345426082611 333.854198455811 338.207920392354 339.04763062795 337.693413098653 334.926962852478 334.495902061462 334.722757339478 324.365933736165 314.547737439473 319.267849127452 322.962800661723 323.877056439718 323.583126068115 316.480000813802 308.39882294337
256.747086842855 261.303544044495 267.71072546641 277.925491333008 291.198511918386 303.351124127706 315.883795420329 319.799542427063 320.035020510356 311.797201633453 294.457952181498 277.348399162292 279.270052909851 297.90073633194 315.470596154531 315.635204315186 320.374766985575 319.199681282043 313.518206278483 306.599100430806 301.823079586029 298.485080401103 298.572957515717 305.139183998108 310.463627179464 313.387592633565 314.939757188161 317.056278387706 321.095049381256 323.807239532471 326.320052146912 329.995413621267 333.917657534281 334.267179171244 333.227892716726 332.745770613352 335.646033287048 338.082710901896 335.819045702616 328.341325124105 327.027916908264 329.583525657654 331.974228223165 331.578314304352 325.682997703552 323.213696479797
246.25684817632 242.404103279114 240.352431933085 240.378975868225 247.380038102468 261.95216178894 282.834271589915 299.549996852875 319.190382957458 321.642021338145 314.72369035085 297.834992408752 275.637785593669 273.700435956319 292.66893863678 311.409115791321 321.186284224192 321.860055128733 319.241583347321 313.979665438334 308.069447676341 307.137529055278 305.965801080068 306.650797526042 306.380709012349 305.3164879481 308.405121167501 314.323385556539 315.813700358073 316.746671994527 319.927573204041 323.63220055898 325.324058532715 326.344748338064 326.182782649994 328.804691632589 334.890842437744 338.630477587382 338.232755661011 338.054418563843 336.188435554504 335.807204246521 335.245331128438 334.693511327108 328.97812128067 326.165477434794
241.900463898977 216.823558012644 201.020101706187 195.807278156281 193.341473738352 199.398775895437 217.318256696065 249.120652675629 282.155871391296 308.354020118713 318.946301937103 319.430768489838 308.548072973887 287.704845269521 285.559912522634 305.470903714498 316.834807395935 323.319713274638 326.760649681091 324.999451637268 318.573415279388 316.303928693136 314.17707602183 314.121047655741 312.471290429433 310.568551222483 313.159942626953 318.626244862874 317.638238271077 313.851137955983 317.029734452565 320.553561051687 321.987847487132 322.308003902435 324.083010355632 328.264971574148 331.114888191223 333.563844362895 334.209084510803 334.39846833547 334.758043289185 336.260716120402 337.430874506633 335.707187652588 330.885628859202 327.392478783925
226.032773653666 191.298286120097 169.041752815247 164.80682293574 164.430399735769 169.21333471934 177.513281504313 202.835043271383 227.632323900859 272.980749607086 314.127405484517 330.28386036555 332.33509461085 323.019285996755 304.373582204183 301.106075445811 305.493831634521 316.187123457591 325.417041778564 328.901648521423 328.19531361262 324.932356675466 323.75580072403 322.027643521627 318.958282470703 316.839178403219 319.230496883392 320.547739664714 315.672655900319 313.33976984024 316.927154858907 320.077101389567 320.356567700704 319.628198941549 321.99223836263 324.459036191305 325.852453708649 324.115176995595 325.846095879873 325.801432132721 328.01894346873 331.857105096181 334.378600120544 333.227515220642 329.912980397542 328.58939965566
191.603700319926 166.070222854614 148.837069670359 145.806580781937 161.638478438059 183.451394240061 184.054394563039 189.284602801005 209.972182909648 239.55112695694 284.845093886058 327.197750409444 337.878465652466 336.732586224874 327.590882778168 306.759615739187 298.732697963715 300.68975687027 313.089529673258 327.282865842183 331.874012947083 328.977048397064 329.89231745402 326.871554056803 322.412073612213 322.525759538015 325.138092041016 321.820418039958 316.663106282552 319.069186846415 321.037928263346 320.659915606181 318.887750307719 318.374792734782 317.890365918477 317.478179931641 316.411435604095 312.616467475891 314.264297485352 315.420051415761 317.726413408915 321.320633093516 322.97557592392 322.212954362233 325.670619805654 327.915926774343
169.197857379913 159.388830264409 146.450042724609 137.765328089396 142.488906780879 166.697561740875 185.419658819834 190.459966659546 205.894668896993 217.875560124715 242.495973904928 291.451613108317 332.379917303721 335.92963218689 333.388566970825 328.451097011566 321.021676063538 310.560901959737 303.272088368734 311.678687731425 325.490752855937 330.818772315979 332.601964473724 330.130894978841 326.128582159678 327.061752478282 330.118755499522 327.22008228302 323.794404665629 327.140688896179 327.68843571345 321.228384971619 317.639668782552 315.654953320821 311.60698334376 310.816764831543 307.93688694636 306.034982204437 306.386113166809 308.709502220154 310.757994651794 311.787128448486 313.671807448069 315.413951873779 323.391238848368 327.454090118408
160.76382001241 163.956423600515 161.110639572144 149.291853109996 133.449524641037 144.592682520548 175.641695658366 194.200277328491 210.845033327738 223.687569300334 230.434596538544 256.615440050761 301.978588104248 331.5136830012 335.733572642008 337.09971110026 336.315631866455 329.209764798482 316.846787929535 305.157860120138 313.318292299906 329.196929931641 329.944888750712 329.029043515523 329.293151696523 332.938094933828 335.363547007243 333.629091580709 331.10789457957 332.623859246572 329.077442487081 322.529673576355 318.727274735769 314.732352892558 310.759862263997 307.949443658193 306.411862373352 306.677758693695 306.636134783427 307.093818982442 309.045215447744 310.308774312337 310.348788897196 312.214493751526 319.517970085144 325.531899929047
169.630209604899 180.663883686066 187.412599722544 177.797178427378 157.465239365896 156.010806560516 178.282300631205 197.052995363871 218.008279800415 238.250732421875 243.46649646759 252.83674399058 277.613004048665 305.846889813741 329.569081465403 335.414489110311 336.129188537598 335.405826568604 332.642177740733 322.413961092631 309.339880943298 318.753937880198 323.477466901143 327.43767897288 332.504491011302 336.454629898071 338.125030199687 336.859941482544 332.617481549581 331.955055395762 327.523390452067 323.174913724263 319.158613681793 315.215706825256 312.773704528809 309.859871864319 309.669494628906 306.869626045227 306.289633115133 308.620035648346 311.737219492594 311.793923377991 311.455150445302 313.798487186432 313.81501754125 322.561144828796
181.997895240784 187.678774197896 200.282553831736 212.137818336487 198.680440584819 175.207952658335 175.370097160339 188.668529192607 205.741206804911 230.122705300649 244.96066570282 245.640357335409 258.02485148112 271.167536576589 294.286032517751 325.469493865967 330.397188663483 331.45401875178 332.229653994242 331.358174482981 326.707720756531 318.146228790283 318.847596645355 324.588457743327 330.214122931163 335.075457890828 338.162104288737 336.456457773844 330.605665842692 329.755465189616 326.262215773265 320.93878587087 317.230383555094 315.501491228739 314.125637213389 311.352570851644 309.475859006246 303.913533687592 302.718122800191 308.13338359197 312.812864780426 314.07622496287 315.857410430908 314.704457918803 312.946736812592 318.337162335714
