input/barkrak2/radiation/dir22124.grid
NCOLS 85 
NROWS 70 
XLLCORNER 665100 
YLLCORNER 4664600 
CELLSIZE 20 
NODATA_value -9999 
[rows 40 to 59 of 70, columns 0 to 45 of 85]
292.651494344076 293.925245602926 293.845017751058 295.354684193929 301.758567492167 305.505275726318 308.57257048289 311.766942342122 311.340808868408 301.097194353739 289.053122202555 284.873267014821 284.103194872538 280.629475911458 279.610256354014 278.949379920959 277.562737464905 277.124126752218 272.405207157135 270.962456862132 275.910019874573 279.839833577474 280.342678229014 275.374889373779 270.481944084167 268.131852149963 275.475879510244 276.808857917786 277.527391910553 276.811222235362 275.68382024765 273.944218953451 255.812128384908 256.271918614705 281.333963076274 281.377414862315 270.495851834615 266.672829786936 268.520871798197 264.40954208374 275.799751281738 306.610862414042 304.774224758148 246.723612149556 185.160716374715 149.201522270838
298.740188280741 296.699047088623 296.899855136871 296.695590019226 294.123450915019 291.873733202616 290.474931399028 291.817506154378 294.997016588847 288.9204621315 281.839907169342 283.398409684499 285.357058048248 285.807331403096 283.712863922119 282.395243644714 277.30925877889 282.550712426503 282.42826461792 278.861085573832 280.151585737864 278.687099615733 276.742259661357 277.593394120534 277.996222178141 272.963722546895 274.973491827647 276.618520418803 276.841362317403 277.124365170797 277.351160844167 274.805645147959 261.616508165995 267.991503079732 280.304153760274 270.51184574763 254.369735717773 250.757654507955 255.541443824768 263.613661130269 286.399741967519 299.918293952942 301.121652126312 279.347002506256 227.519651254018 183.07892481486
301.354765892029 299.308896064758 301.143805185954 299.702743689219 294.434507687887 292.239824930827 290.453374385834 288.696388403575 289.105316003164 285.670240720113 284.457306067149 283.433159192403 286.952296892802 289.14213180542 289.234260718028 285.896400610606 282.507419586182 286.284665266673 287.380437056224 280.945976575216 278.13450495402 276.054382324219 270.577867825826 271.424452463786 274.503866831462 270.889083544413 267.293254534404 271.043181419373 273.807883262634 275.474548339844 275.307297706604 270.405610402425 266.555587450663 276.118059953054 277.743299802144 257.439176241557 241.010785102844 244.639277458191 256.535490353902 270.029127597809 279.763698577881 279.379487037659 270.719309647878 261.649012565613 233.339011669159 181.609710057577
289.385835329692 291.658123334249 298.219521840413 295.588771502177 297.213435173035 299.224019050598 299.204130967458 295.723636945089 287.987232208252 286.162257194519 289.030432701111 286.414424578349 286.126971244812 288.516958554586 289.401213328044 285.10049978892 286.65965795517 286.13160053889 287.176708380381 280.408064524333 275.007625420888 272.043605645498 269.065658251445 266.040921211243 269.550045331319 271.927138169607 266.648968060811 266.268193721771 269.553403059642 270.249009132385 267.517626285553 263.291656970978 266.532977422078 273.659110069275 264.845629533132 242.494225502014 237.258315086365 249.903957049052 266.672670841217 270.929058392843 268.388470013936 264.355719089508 256.307701269786 244.334240754445 222.202738126119 186.552802721659
288.571000099182 293.254633744558 295.464932918549 295.709868272146 296.564062436422 298.374176025391 298.810998598735 296.110947926839 292.498429616292 289.798259735107 290.445586045583 288.870930671692 285.497605800629 283.632596333822 281.196852525075 281.799753506978 277.944763501485 282.968203226725 281.911174456279 280.592501163483 274.493952592214 272.112687428792 270.569960276286 270.068426926931 264.981389045715 271.810412406921 273.500561714172 272.178292274475 268.937468528748 266.536196072896 260.526657104492 255.939940611521 258.276025454203 258.440613746643 250.896235307058 238.311549027761 241.261462370555 257.104257742564 270.442962646484 265.774448712667 265.707810719808 257.343093554179 245.993276437124 234.894633293152 220.770378907522 199.156105518341
294.18690999349 297.003308931987 294.855793317159 297.150989373525 296.06815179189 295.676489671071 296.907226244609 295.423467954 296.742220719655 293.782770633698 292.468011379242 290.043731530507 286.740740140279 282.189806302388 280.485252539317 284.019470214844 276.560525099436 276.547273000081 281.825602054596 277.978857358297 274.788916110992 273.508111635844 269.681930541992 269.347031911214 271.234889825185 270.259479681651 273.176670074463 269.060134887695 266.310334205627 263.858437538147 259.604652722677 256.361345450083 256.060560544332 249.529163042704 237.281103928884 228.006064891815 235.758562882741 254.224975903829 260.39711634318 250.285069147746 255.631327629089 247.396310170492 237.424234549204 238.450348377228 238.920549551646 217.21750497818
294.039825598399 294.606844584147 296.547671159108 297.851304213206 296.973546346029 297.007938226064 297.78269926707 299.165566762288 296.979705492655 295.545995235443 292.941947778066 292.528986930847 288.774490356445 285.340666770935 285.245358943939 285.730997721354 282.239596048991 274.491906166077 277.320126692454 279.226303100586 272.357841332753 272.113601366679 272.066374619802 265.73501030604 271.482626597087 265.857577323914 266.311983267466 267.291704813639 266.064047813416 264.128883679708 260.516186555227 257.948239644368 253.563821315765 247.300684452057 238.090872764587 229.756712913513 236.495037873586 249.174873034159 248.495042324066 248.725533485413 253.219167391459 242.992440859477 241.605997085571 249.718864758809 253.268321355184 233.736793200175
289.474745591482 290.718714396159 295.006434122721 295.333802700043 297.771076361338 299.114485581716 297.091861565908 296.081741650899 295.448362827301 296.509464581807 294.485032558441 290.865580240885 288.702706495921 288.934806982676 282.665530840556 282.610535621643 278.848012288411 268.74440908432 274.547100067139 273.504475752513 269.800881544749 271.067023277283 269.96914545695 264.324386914571 266.88019434611 266.479055086772 261.696616808573 264.174977938334 265.321751435598 264.538089434306 262.860496838888 260.709643363953 252.664526303609 251.95703903834 251.777648925781 243.664880593618 243.596573670705 246.25035127004 249.194165070852 258.031149705251 253.37024529775 244.437098503113 249.339938163757 252.195378144582 249.54887231191 234.910011291504
283.953626950582 285.837332407633 290.271023909251 292.177736759186 296.127259731293 297.848423322042 294.802029927572 293.583810329437 296.622713406881 297.325233618418 293.907165527344 291.097422440847 288.610299428304 286.423405011495 284.567892551422 277.893960475922 274.193187554677 266.990025838216 271.681845188141 274.900813897451 273.19198846817 271.432300408681 271.669228871663 266.81903998057 264.305392901103 269.270479679108 265.32518863678 265.360196431478 269.202609856923 271.924654642741 273.539801438649 272.934714953105 262.266675631205 262.845476468404 261.35907570521 252.16019153595 251.761972904205 252.557019392649 254.242658615112 257.284263769786 246.54879172643 241.429110368093 239.640255769094 235.893666744232 233.72362057368 233.537594477336
282.304883003235 280.419707298279 283.49498907725 289.098997910817 291.563411553701 294.082959493001 296.037236849467 297.079662481944 296.846449375153 293.36941242218 295.085271199544 291.127681732178 288.421670595805 283.376117547353 280.563096205393 277.807613213857 274.934490521749 269.59216594696 271.385570367177 277.571042378743 277.867039044698 276.324848333995 272.750536600749 271.549920241038 267.673293749491 270.740767319997 270.613312721252 271.641314029694 275.934159755707 282.259205977122 285.598119099935 282.962640126546 273.486455281576 270.837942759196 265.305697917938 256.313463052114 253.20025285085 257.341305414836 256.860156853994 246.095220247904 235.161225001017 238.031526406606 236.978868643443 230.737527211507 228.533943494161 232.751091321309
282.705426216125 284.315268198649 284.597973028819 290.097276369731 290.010511875153 289.645393689473 293.406109015147 297.01429605484 297.021230061849 292.643864949544 292.495985825857 292.739967505137 288.612147172292 283.893942832947 282.407800356547 285.35791238149 277.977049350739 273.606717586517 273.660143216451 278.681059678396 278.837084770203 278.145750363668 274.532755215963 272.63609568278 268.467466036479 273.198227087657 275.458594163259 275.522987047831 278.713425000509 283.744871616364 287.885387738546 287.881731987 278.83525689443 271.563092867533 260.865350564321 251.772085825602 252.068201700846 257.246931393941 253.045439720154 235.736827055613 230.668326218923 241.279304027557 241.791526476542 234.770099322001 231.536090373993 226.905107498169
280.5255651474 287.656744321187 289.487739404043 290.756185849508 286.633551120758 286.073406537374 291.586180528005 293.316523234049 293.255527814229 295.085112253825 292.43791103363 292.235056559245 289.046406745911 285.411576430003 282.441556453705 286.821246147156 280.644059181213 275.185267130534 272.525747617086 275.784691174825 276.171882947286 274.179776509603 271.740694840749 267.920235792796 267.576654752096 268.609742323558 271.94207906723 272.16891447703 273.478627204895 278.187870979309 284.446875254313 285.717268784841 273.36988846461 258.637805779775 226.486802101135 217.103719711304 233.199914296468 247.353176275889 250.694791475932 249.517162640889 251.804292201996 250.648140907288 233.013351758321 226.840615272522 235.081235567729 224.394281705221
281.956772009532 279.841899871826 276.26359462738 278.617918491364 284.638186295827 286.747495333354 285.370866457621 290.672878424327 289.19525941213 292.385141054789 291.836380958557 293.388207753499 291.88738266627 286.454836527507 283.362964789073 282.590607802073 282.724499702454 272.863705952962 267.946342627207 269.955356915792 269.252260526021 269.530514876048 269.18892065684 263.690968354543 263.876338799794 260.992666085561 264.192700386047 264.598250389099 264.115393161774 262.821058432261 267.321527004242 271.522402763367 254.633704821269 226.414144039154 196.243246396383 181.337873140971 194.553355375926 222.678144772848 246.540089448293 249.348362286886 250.960389773051 241.425156593323 223.935862382253 224.401772022247 229.034980138143 205.717106660207
282.377183437347 272.918124993642 269.037028153737 273.874441782633 282.355984052022 289.180914560954 287.069837252299 288.893818855286 289.361039797465 287.738482157389 290.270765622457 290.882070859273 291.170001029968 287.984410921733 283.212085564931 280.930777390798 283.410390218099 274.466395378113 269.959032535553 271.055579185486 269.934237003326 268.794576327006 266.920248667399 262.873808542887 261.550068855286 259.822984536489 258.987665176392 261.258701483409 257.343888282776 253.72040271759 246.779481569926 245.072185993195 227.665603160858 203.88521750768 191.317816575368 180.219531059265 167.765736579895 178.762535254161 198.51283232371 224.631269772848 237.41739988327 227.415283521016 220.787505308787 220.415671666463 211.837689081828 193.221926689148
282.240808010101 277.211089928945 272.091348965963 273.735324541728 282.305518786112 289.469281832377 290.614088376363 287.229796250661 288.932542006175 286.054968833923 289.062241713206 288.991888364156 290.812611579895 291.971325874329 285.359700520833 284.033258756002 285.429437955221 278.061270713806 272.939403851827 274.198154608409 274.074832598368 272.148609161377 269.342839717865 267.652134100596 263.848106066386 265.138904253642 260.649124781291 258.075674374898 256.554186344147 251.242438952128 240.945716698964 235.382318496704 219.553788503011 209.945241610209 212.068279584249 209.794759750366 194.275120894114 180.935581525167 172.322670618693 183.927019437154 208.747347195943 201.10680659612 193.031013011932 187.347809473673 181.330998738607 183.129151662191
285.048206647237 283.181031545003 276.331226030986 271.255592505137 277.190685272217 286.22845808665 287.831465403239 285.60072183609 286.579291025798 288.064857323964 292.562286059062 292.13152329127 291.969497998555 290.950238704681 287.913958231608 286.117911338806 285.843332608541 282.697200775146 277.049760023753 275.059342384338 273.319721221924 271.145860354106 272.894223531087 273.127913475037 266.535898049672 266.666491826375 261.513590812683 254.14913892746 249.554793039958 243.726372718811 241.62495136261 238.718648751577 226.774036884308 226.547161738078 232.221742471059 237.509926160177 240.811208883921 229.844450950623 212.153395016988 179.741442203522 182.741026083628 192.442258199056 190.310120582581 183.725853761037 187.84503142039 199.536561965942
286.921699841817 284.720460573832 280.479967594147 274.343609809875 271.448612213135 280.671636263529 286.413411299388 285.611351331075 284.205953280131 287.199079990387 293.994625409444 293.698688348134 289.987246195475 291.593929131826 288.908799489339 285.392026106517 286.354164282481 281.436542669932 278.966804345449 277.4312098821 275.860210259755 274.197697639465 270.45085032781 268.750607967377 268.86769135793 262.82678047816 246.462404727936 225.993990898132 221.440454324087 227.49392191569 235.739668210348 231.845875581106 225.755929946899 225.009699662526 235.8145515124 249.182999134064 262.906571229299 267.800748348236 258.734504381816 217.718621095022 188.479463259379 197.897553443909 209.887186686198 218.192855517069 225.741942723592 233.885586261749
285.104791323344 282.88745880127 282.01033671697 279.773592948914 273.156106472015 276.587764422099 286.031941572825 286.176363627116 283.749222755432 284.359018007914 290.457248687744 293.228844801585 290.473083655039 289.980530738831 290.186941623688 284.452339013418 284.202416737874 280.901948610942 277.308245499929 279.591719309489 279.247482617696 277.885874112447 273.633519808451 268.014868100484 267.144958178202 266.554156939189 249.039967854818 228.218694527944 226.476967334747 232.421100139618 239.328861236572 238.134582837423 235.113501548767 238.647898038228 249.357163906097 256.21896982193 260.865966478984 235.63539981842 207.190016905467 207.42404460907 214.073459307353 227.151731650035 224.082092444102 213.202357292175 209.441701571147 222.502867380778
276.653011639913 280.077974001567 279.731114705404 279.81424331665 275.37743250529 272.571722666423 285.168528556824 288.157721360524 285.074333349864 282.465557257334 287.471075852712 292.055825392405 289.699296156565 286.889910697937 286.897718906403 283.115347226461 280.627151330312 280.308981736501 279.007693131765 279.58071231842 282.052000363668 278.583884239197 276.764452457428 268.948455651601 267.93114344279 270.263036092122 265.872776508331 261.993765830994 258.147259553273 255.444943904877 253.536383310954 243.34188302358 246.731003125509 250.293811162313 243.494609991709 233.181496461233 210.332731405894 169.432997703552 150.690575440725 186.835567156474 226.491570472717 235.484063625336 219.019055366516 209.714849789937 213.869472344716 225.570182005564
266.253133614858 277.801791826884 277.66223748525 277.468303839366 276.822408040365 272.140125433604 279.37130133311 287.16512521108 290.574749310811 285.554031531016 286.906500657399 290.066679318746 289.799412091573 285.845398902893 286.241432030996 283.782958984375 280.209898948669 277.773896853129 274.844606717428 273.00751209259 274.311184883118 273.106853167216 271.940231323242 270.005345344543 272.809227307638 277.775883674622 282.228430112203 284.263610839844 268.831829229991 263.486643632253 254.987458388011 243.53818098704 243.222951889038 226.975242296855 197.36389319102 172.629336516062 160.913417736689 148.051530122757 137.127051750819 154.523402452469 181.940456231435 208.539287249247 219.42659219106 235.635717709859 263.400197029114 269.245584805806
