input/barkrak2/radiation/dir28724.grid
NCOLS 85 
NROWS 70 
XLLCORNER 665100 
YLLCORNER 4664600 
CELLSIZE 20 
NODATA_value -9999 
[rows 42 to 62 of 70, columns 0 to 47 of 85]
140.700290600459 137.917786836624 139.968852202098 138.591289520264 131.038308143616 127.574582894643 123.7939397494 120.287040869395 119.462907314301 116.840531428655 114.005913337072 112.127761046092 116.679549217224 119.844029347102 118.402888377508 114.33215936025 111.716916163762 118.304232756297 120.067963997523 112.191865841548 109.158565600713 107.401132583618 103.741437196732 105.148712793986 111.078351736069 107.323825359344 105.533510446548 111.947218577067 118.632614612579 121.623496214549 124.284605185191 124.529937903086 135.633091131846 158.37969382604 165.731449921926 145.997107028961 130.748689174652 128.097275892893 129.699776570002 140.357176462809 149.440666039785 152.426958084106 137.458850940069 101.034075021744 39.0829791625341 3.62992535034815 0 0
124.854028224945 127.01756755511 136.106332143148 132.885605096817 135.851562023163 137.494325637817 136.316776275635 130.48376639684 118.464589118958 117.381562789281 119.84055240949 115.706890821457 115.326752265294 120.166420936584 120.086292425791 116.389632225037 116.802473862966 119.973679383596 119.852970043818 113.587448994319 107.462863127391 104.840536912282 103.470851977666 102.349897225698 105.049987634023 108.851114908854 103.446582953135 107.580562432607 113.042066494624 116.710811853409 116.956651210785 114.543596903483 127.281834681829 143.709152936935 148.8878428936 133.663276831309 128.204842408498 134.704609711965 140.724847714106 141.37061436971 136.009236176809 134.128888448079 127.038141091665 99.0571777025859 50.747940937678 3.24296237279971 0 0
122.757146755854 128.662635882696 131.374696890513 132.681449254354 133.839627106984 136.670251687368 136.166115601858 132.384181022644 126.445263624191 121.782541275024 122.752120097478 118.98335814476 114.415248235067 113.721986611684 112.807701031367 112.183034420013 107.599010070165 115.84077278773 117.0414686203 113.831877708435 108.958035707474 108.366549015045 107.120335102081 107.046355803808 104.005992412567 112.896492083867 115.789810816447 112.937519947688 114.311635494232 113.238205512365 108.887692292531 108.545919259389 116.191198428472 121.390362580617 126.00968281428 126.272191603978 131.636440753937 142.502993345261 147.203067938487 138.140807549159 136.277914047241 129.1197737058 123.293161392212 102.260023355484 66.2745187679927 23.0944827198982 0 0
129.627207914988 134.784559408824 131.360948085785 135.317027568817 133.202354113261 132.57975379626 134.435872236888 132.191111644109 133.438209692637 127.542018890381 126.618007818858 124.858905871709 119.082669417063 114.831666151683 113.110224405924 116.360604763031 109.274884064992 112.150579690933 116.924713055293 116.310516993205 112.943917512894 112.091849247615 110.384146372477 110.893706480662 111.55758301417 111.057897408803 117.824743191401 116.271088520686 115.797360738118 114.749779303869 110.522399346034 107.916037241618 113.167742888133 111.343910296758 109.321693579356 110.383619864782 119.675586620967 135.015994310379 136.502554019292 121.901502211889 125.497837861379 118.821283181508 116.025507450104 113.217165072759 94.8425928751628 55.7773411273956 14.5733132958412 0
129.796544710795 131.1154961586 134.369293848673 136.164963245392 136.147419611613 135.115434726079 137.272258599599 138.5384897391 134.002824624379 132.390995820363 130.170911550522 128.323624531428 124.770025412242 120.658804972967 119.212985038757 123.768597841263 120.124638080597 113.525738318761 119.442105293274 117.839276790619 114.427417516708 114.818006753922 113.334486881892 111.206233501434 119.142880042394 112.366080284119 111.852904160817 114.195019006729 115.636706352234 114.116579294205 114.075233538946 110.527525345484 110.669881105423 110.917389392853 111.513435840607 110.586404800415 113.995879888535 123.643775780996 125.629037618637 122.248142957687 122.598022222519 114.953537782033 119.852383931478 127.865056196849 119.502335786819 84.6691528956095 41.4786462982496 6.38487190008163
123.926083246867 126.03489557902 131.717880566915 133.949150641759 137.300570805868 138.855516910553 135.881771643957 136.039624611537 135.31020283699 137.622326612473 133.483598629634 128.861089547475 126.424094041189 126.732448736827 123.394707838694 121.752083301544 119.97863650322 111.010452111562 115.930885076523 117.394268512726 114.949246247609 114.977300167084 117.435614267985 109.710613886515 113.210171461105 112.872501214345 107.814997434616 110.414743423462 114.815016587575 114.390025536219 115.592867136002 115.726600090663 109.367350737254 113.457232713699 126.505384842555 129.126846790314 124.288568894068 119.869450728099 123.829911152522 133.826225996017 125.715146462123 117.227405309677 125.081360340118 131.397207578023 124.588489532471 103.1580666701 62.3817443847656 24.5676139990489
116.024275620778 119.645337263743 125.355700651805 129.56037123998 135.916630427043 139.241437117259 136.141031980515 133.459905783335 137.363861004512 138.786613941193 137.108931938807 132.007698218028 129.366507132848 129.359473784765 126.996527115504 121.054510275523 119.722306728363 112.647871176402 116.541097561518 120.610564947128 119.240711132685 118.306934833527 119.756052891413 115.420480569204 114.487906297048 116.199791431427 112.15752363205 115.628659725189 121.862232685089 125.448942184448 130.408267180125 130.593081315358 122.226893901825 123.191058635712 133.969048659007 142.85683631897 139.760226011276 129.198839267095 127.777636051178 134.431630373001 123.080611228943 114.779283603032 112.841308116913 111.958851416906 109.886904557546 108.811289072037 97.9209144910177 42.0844405889511
115.376442670822 112.846732139587 117.57089694341 126.62747502327 132.235904534658 136.105328798294 138.624618450801 140.560070673625 140.719950199127 137.28192448616 138.834317525228 137.915581464767 134.391516447067 130.825499693553 128.207196791967 124.25356109937 121.874133745829 117.771873871485 121.055533488592 125.896443923314 127.180844545364 126.476466655731 122.951587041219 123.400102059046 118.563383817673 120.769570271174 121.517926454544 123.819212118785 130.53959608078 138.452470302582 148.685981829961 149.084230264028 138.928572336833 132.551560799281 132.503469785055 141.789625088374 147.911101579666 142.306745052338 132.708062728246 121.931731700897 112.132370471954 113.874703645706 112.673461437225 106.855432192485 102.776080369949 107.600311438243 102.134664853414 53.905780116717
116.435577472051 119.290292263031 122.850239276886 129.561563332876 130.65904378891 130.889882644018 139.602214097977 144.413451353709 144.410848617554 143.125375111898 142.114112774531 141.32950703303 137.673825025558 132.379998763402 131.741871436437 134.665032227834 126.003305117289 123.824387788773 125.069806973139 130.752633015315 133.209466934204 130.435923735301 127.083837985992 126.427342494329 121.093620856603 126.035173734029 130.134175221125 129.453758398692 134.650260210037 143.355309963226 154.737214247386 158.589174350103 150.843858718872 137.976457675298 126.568694909414 128.721018632253 141.54456059138 149.037549893061 136.524786551793 114.905814329783 106.86182975769 115.502119064331 119.141379992167 114.978979031245 108.820974826813 105.210731426875 88.5527233282725 60.4481051365534
116.976728041967 128.287235895793 130.86000084877 132.710029681524 131.074557701747 129.758338133494 137.271543343862 143.484175205231 142.632136742274 147.958099842072 144.962181647619 143.571138381958 141.270130872726 135.524829228719 134.177287419637 140.78484972318 133.140673240026 128.255714972814 125.740756591161 128.581613302231 129.056284825007 127.465705076853 126.260221004486 120.871682961782 120.144913593928 122.568279504776 127.557426691055 127.013107140859 127.723435560862 135.218173265457 146.04064822197 158.986588319143 153.004944324493 128.670891125997 95.2112774054209 88.230699300766 107.59836435318 132.952322562536 143.49776506424 141.29580060641 136.282553275426 125.697533289591 109.594027201335 106.556981801987 115.977346897125 106.788595517476 84.42289630572 71.9511906305949
120.785107215246 118.623485167821 118.367969989777 121.313095092773 128.704686959585 133.572449286779 133.551438649495 140.392005443573 139.618823925654 143.955359856288 144.832183917363 146.253138780594 145.324011643728 140.33979177475 136.962274710337 135.626872380575 137.131114800771 128.729254007339 123.028725385666 121.432761351268 120.921035607656 122.848073641459 124.004413684209 118.106335401535 118.392626444499 115.550180276235 117.338895797729 118.721574544907 117.363750934601 117.936432361603 125.973641872406 136.520445346832 135.651379823685 108.242452144623 72.8735278050105 54.050420721372 60.3169202804565 89.2101426919301 121.73851331075 141.199856996536 145.231564839681 127.731442451477 103.266338507334 99.2297728856405 109.679530064265 97.5430409113566 80.4270009199778 89.3196860949198
124.57549571991 113.752166430155 111.110746860504 116.647392511368 128.924737373988 138.260702292124 136.983533700307 138.732115427653 140.961517890294 141.368130842845 143.551429112752 145.919690529505 147.371898094813 144.91268992424 138.891985019048 137.135793765386 139.412532250086 130.888779958089 125.908692677816 126.733720302582 126.38783454895 123.781224091848 122.047285238902 118.329167366028 116.923958063126 115.427672863007 115.365743637085 114.479184150696 111.738920211792 106.411218643188 100.308110316594 106.259127457937 106.937636931737 89.2618993918101 73.7299670775731 55.2885681390762 32.1248521407445 32.2804699341456 64.4049296776454 100.627213716507 125.653733809789 115.459938844045 103.176246086756 97.2593426704407 90.5335446198781 84.597905476888 77.862024307251 100.446164608002
125.082314014435 118.836989005407 115.820984045664 120.704025030136 131.421307722727 140.217383702596 142.982502778371 139.188130696615 143.552203973134 141.223569711049 144.690245389938 146.913001934687 148.066312074661 150.027096271515 143.674343824387 143.029034137726 143.097718556722 136.451005935669 131.798952817917 133.198807636897 133.140981197357 128.676434357961 126.216977834702 126.331677039464 121.5594013532 120.961745580037 117.577294508616 114.812165498734 108.990520238876 102.076550324758 92.226376136144 96.5005258719126 99.6718605359395 99.5323856671651 98.1021126111348 86.0589842001597 58.1215818723043 41.6433264811834 36.8723745147387 41.0001923640569 85.9526991844177 91.7566915353139 80.7672341664632 55.6210875511169 55.0448546806971 74.2586056391398 82.2342336177826 93.515266974767
128.964453935623 127.194265524546 121.944089730581 119.768430789312 126.300662755966 138.305803140004 140.797078609467 138.438244660695 140.394181013107 145.100881656011 151.960531870524 153.083821137746 150.923599799474 151.018569866816 147.362450758616 147.492229938507 147.68640200297 144.074072440465 138.535529375076 135.246495405833 132.844577232997 131.692757209142 132.072667280833 134.514153003693 128.36558620135 126.066505908966 119.494378566742 108.82967710495 100.292086601257 96.9636042912801 95.3164100646973 102.152705192566 105.804473161697 116.628964742025 124.912559986115 123.394548892975 111.179818709691 87.7025922139486 76.1411190032959 46.9892422358195 57.0072084665298 77.335129181544 77.3984293142955 64.9845053752263 65.5563026666641 83.7126175562541 110.654254754384 107.80210296313
132.126033306122 131.372710069021 129.255394140879 123.730639616648 124.492565790812 135.49929857254 138.477434714635 139.029343922933 137.894342343012 147.224694490433 155.51894903183 154.428243637085 150.083144505819 152.838091055552 153.171012798945 147.333880265554 149.514536062876 145.89328567187 141.21201634407 138.838112354279 137.571414311727 138.380606969198 135.851492484411 132.94514020284 130.348900953929 123.877336581548 102.22531358401 78.432376186053 74.6350437402725 81.1404287815094 93.4876402219137 98.6380279064178 104.094574848811 110.67932844162 125.875651836395 140.470047791799 134.041448434194 129.139592250188 131.271859010061 89.1890525817871 61.6715202728907 79.692929983139 97.0303217569987 98.8673071066539 99.7566878795624 115.391184886297 143.862426280975 132.845421632131
131.155480941137 128.678460915883 132.241358359655 131.948331991831 128.42849890391 132.009148597717 139.548281828562 140.416274468104 139.154056708018 145.889500776927 153.647800286611 153.436362743378 148.042599360148 150.505006313324 153.261522452037 143.865346908569 145.180334647497 142.995456854502 140.513370434443 142.521440982819 144.83701189359 143.899808327357 138.915220896403 132.224559783936 130.146821339925 128.070046504339 104.987740516663 81.1141033967336 81.2398294607798 91.3713276386261 102.360685666402 104.588568210602 115.863422552745 126.532932122548 131.644785404205 144.805461168289 140.691300233205 84.5384399096171 72.4395265181859 93.5040414333344 90.4123981793721 105.267663796743 110.237260659536 93.0410921573639 81.1289399862289 94.8406557242076 121.395071347555 116.092373927434
118.779331445694 127.454946438471 130.382468303045 132.966220378876 131.76550467809 128.118018309275 140.151977539062 144.16699608167 143.191228310267 146.626045306524 150.304655234019 151.470522085826 149.985045194626 146.921763817469 148.110995690028 143.816441297531 139.720737934113 142.435570557912 143.678585688273 145.484705766042 147.141297658285 143.209238847097 139.966388543447 134.977598985036 135.423233111699 135.413855314255 127.957423528035 120.737572511037 121.983210245768 126.688063144684 122.787614663442 114.499181509018 130.28218348821 137.044777472814 133.747527996699 109.602222839991 90.5742446581523 50.2546081940333 35.6972341736158 56.6494961579641 93.4456984202067 115.719894568125 112.957318623861 97.47447570165 85.456242163976 89.8558795452118 106.549421946208 111.188660065333
108.319123586019 124.723205963771 128.470033407211 131.098171075185 133.741438388824 128.976841767629 134.925305843353 143.891314665476 154.36444679896 154.411792755127 150.860259930293 148.97092183431 150.36278963089 148.337841033936 147.877295811971 145.019849141439 140.17391204834 141.43294095993 139.648069938024 135.975946982702 137.97402381897 136.07202967008 135.379612445831 133.034557104111 133.287290732066 140.716373920441 153.89229853948 157.953868309657 143.995364507039 143.527458111445 127.118289470673 114.625026782354 124.847670396169 115.398625532786 65.9645795822144 53.8531243801117 51.5394111474355 41.5077333649 26.9147207339605 23.3265260855357 26.1865804592768 79.541340470314 109.737733999888 131.543507178624 145.785550276438 140.950918197632 134.312530358632 132.197817166646
110.356787840525 120.701998472214 129.225204388301 131.262491146723 132.973849773407 133.230527242025 127.220829327901 138.459662596385 159.872591495514 158.517171939214 150.320500135422 146.627485752106 148.782600959142 152.017484108607 150.704403718313 146.24759554863 143.83472998937 140.410244464874 132.064034541448 124.463528394699 124.517848094304 127.250671386719 128.135065237681 129.049638907115 130.872458219528 139.305382966995 156.644850969315 166.057884693146 151.25897526741 141.297072172165 120.320647954941 104.813436667124 104.44367925326 96.3612993558248 72.1546659866969 46.0054576396942 49.3140071630478 61.7177685101827 54.139385620753 37.2318352262179 25.012177725633 44.3321168422699 87.9295567671458 119.726707537969 136.647284030914 131.745427846909 124.261130889257 124.987194935481
123.109678427378 126.463025808334 129.17027870814 125.454882780711 118.291695912679 114.293803771337 123.599499464035 129.571030537287 139.905750751495 138.513028621674 136.465102434158 141.82236790657 148.10174703598 149.233202139537 144.718597332637 146.3822722435 145.789831876755 138.830403486888 129.411071538925 122.926374276479 120.942652225494 121.149837970734 123.683611551921 124.633212884267 127.692878246307 131.056090195974 142.90048678716 152.179191509883 141.989409923553 130.57753443718 115.939279397329 96.8702832857768 87.9417856534322 99.9831755956014 92.2010938326518 67.7887896696727 71.9167540470759 108.55354865392 115.995228290558 92.3845569292704 55.7937423388163 43.8344180583954 63.7163668870926 82.7761590480804 70.1351563135783 88.2601837317149 93.3209856351217 98.4088281790415
136.411746342977 132.639010747274 128.646989663442 120.767335096995 108.989924192429 100.48841436704 113.459487756093 112.505177656809 100.142925977707 101.10878944397 116.528292496999 130.374570687612 135.159333546956 139.260709285736 142.733226219813 153.764506181081 156.07026219368 145.666758219401 135.320534308751 130.719304084778 127.007742722829 125.484317541122 126.559327046076 124.575396378835 123.491754134496 126.356661319733 130.675216515859 135.206778844198 131.125837564468 108.566602071126 111.463298400243 104.2826573054 95.0242678324382 110.988358656565 113.782703876495 100.638846556346 93.2127734025319 96.1365401744843 102.015227079391 98.8830129305522 81.6422452529271 64.1740659872691 63.5423560937246 50.9685675303141 41.5657485524813 58.1180900335312 72.2290923198064 76.4229446649551
