input/barkrak2/radiation/dir23324.grid
NCOLS 85 
NROWS 70 
XLLCORNER 665100 
YLLCORNER 4664600 
CELLSIZE 20 
NODATA_value -9999 
[rows 0 to 19 of 70, columns 0 to 45 of 85]
288.080056508381972 296.316822369893 304.909745852153 313.586930433909 315.069893995921 313.604791959127 306.418299674988 300.435702006022 303.581774234772 303.732136885325 302.193641662598 306.5052429835 308.477282524109 308.760603268941 310.839712619781 308.04173151652 300.451318422953 292.861839135488 292.115171750387 281.107544898987 264.045039812724 269.369502862294 291.797041893005 299.491504828135 298.436423142751 301.863193511963 299.929976463318 288.356105486552 270.725985368093 266.166170438131 264.03953631719 276.614944140116 302.888115247091 300.822297732035 305.100977420807 295.647184054057 297.893742720286 307.42359161377 297.782222429911 305.036385854085 293.226599693298 286.361157894135 295.19522190094 307.317316532135 307.154615720113 304.18449640274
270.837028821309 282.868385314941 293.663183848063 305.498162905375 311.181803544362 310.699264208476 304.228027661641 299.328108628591 305.51819006602 306.260645389557 301.448464393616 304.24960454305 308.929065863291 309.8490635554 309.619466463725 308.719217777252 306.264519691467 300.538917382558 296.805222829183 285.131573677063 278.495371341705 283.983707427979 297.182599703471 301.533102989197 302.601297696431 303.256829579671 300.262709458669 290.561636288961 274.018009503682 267.05402135849 267.798860867818 287.319084008535 301.471928755442 300.200561682383 305.488069852193 296.402931213379 296.638329823812 302.046140034993 296.727697054545 306.34597937266 302.266498406728 294.179379940033 297.348082065582 307.156085968018 309.439241886139 306.125700473785
239.301820596059 250.840544700623 261.630793412526 270.893573760986 282.162447770437 289.49366013209 293.40257247289 299.015899499257 303.020000457764 301.265180110931 296.847502390544 299.455543359121 308.580875396729 312.197585900625 309.051771958669 312.930266062419 316.512803236643 313.844680786133 306.897799173991 298.643549283346 299.761195977529 300.589303175608 300.259113311768 300.736685593923 303.878426551819 304.117421309153 298.309286435445 288.983563582102 276.885131994883 269.736488660177 272.919714450836 294.093171755473 294.425209363302 298.153658707937 305.066307385763 299.266437689463 292.568465073903 290.28981924057 296.965758005778 306.359648704529 303.543567657471 297.719220320384 294.151683648427 302.322387695312 312.688608964284 310.594300429026
222.280701001485 223.932961622874 230.100433031718 236.874163150787 243.949770927429 248.714685440063 254.608015219371 266.953031222026 282.19614426295 292.856335639954 297.728975613912 304.666519165039 311.589181423187 313.976764678955 313.054660956065 312.572201093038 313.254296779633 310.717145601908 305.84180355072 303.381224473317 301.451484362284 299.099802970886 303.991377353668 304.102142651876 303.243438402812 305.355230967204 300.324380397797 293.040653069814 286.815325419108 281.618018945058 277.033269405365 296.382208665212 293.960849444071 297.058860460917 299.676994482676 301.035185654958 297.733028729757 296.481966972351 306.38857682546 308.68923664093 301.573793093363 291.466434796651 287.480314572652 299.211621284485 313.017467657725 311.5553855896
241.967042287191 227.382222811381 215.852856636047 208.152631918589 210.828026135763 226.040720939636 244.727154572805 253.959159056346 262.76421546936 268.886029720306 284.683744112651 300.049106280009 308.584690093994 312.438905239105 314.124961694082 314.478278160095 309.78403488795 302.375276883443 301.091611385345 302.890499432882 299.887458483378 298.640767733256 306.204954783122 305.747707684835 304.504116376241 306.858162085215 303.302605946859 296.825667222341 290.158073107402 286.332567532857 289.611299832662 303.103764851888 300.515611966451 301.3822833697 298.174699147542 299.719909826914 306.021809577942 307.968139648438 309.326271216075 307.865460713704 305.242975552877 298.977335294088 297.099490960439 299.713671207428 304.464717706044 308.398365974426
279.563307762146 256.784319877625 232.422471046448 210.882584253947 202.772577603658 213.539322217306 236.107269922892 251.174628734589 254.629890124003 254.712184270223 263.870437939962 275.385181109111 283.308347066243 287.834445635478 293.917218844096 298.52290948232 296.578566233317 294.33012008667 297.544380029043 302.296539147695 302.332679430644 305.602073669434 310.247321923574 308.296720186869 307.538072268168 309.704562028249 306.227644284566 299.871186415354 293.100416660309 289.701243241628 297.424038251241 304.743647575378 306.223293145498 308.822254339854 303.866227467855 300.681213537852 305.565575758616 307.756384213765 305.203636487325 305.54723739624 305.983026822408 302.242636680603 301.446239153544 301.949600378672 296.466251214345 287.170151869456
297.196129957835 278.806726137797 261.194825172424 242.806653181712 223.754644393921 211.915095647176 219.28616364797 244.891246159871 256.680528322856 263.771812121073 261.313180128733 256.741126378377 253.024180730184 249.734580516815 251.105646292369 264.361361662547 274.043122927348 287.29369242986 298.766136169434 305.80351750056 306.331098079681 305.53929011027 309.189756711324 309.198339780172 309.21067794164 310.738503932953 309.283097585042 305.484493573507 299.637675285339 299.09610748291 303.365707397461 309.035181999207 315.160950024923 316.602488358815 312.92196114858 306.649486223857 305.627882480621 305.057366689046 305.125137170156 306.675712267558 303.963224093119 300.562699635824 301.33326848348 300.490001837413 284.101963043213 277.535279591878
301.282525062561 295.014282067617 287.296871344248 275.271197160085 255.42422135671 228.305757045746 208.467304706573 208.757519721985 239.372372627258 261.783460776011 268.271386623383 264.725704987844 257.119397322337 248.778680960337 237.63636747996 240.027566750844 251.253624757131 265.309075514476 284.146885077159 298.128167788188 304.12362019221 304.973661899567 308.829247951508 309.000015258789 308.19829305013 308.857480684916 308.936397234599 306.806246439616 303.748965263367 306.364277998606 310.526808102926 313.337167104085 316.552897294362 316.092928250631 312.588493029277 308.677236239115 306.697408358256 301.654775937398 295.389612515767 292.042771975199 296.297450860341 303.107102711995 310.627301534017 309.077064196269 296.310226122538 288.233717282613
295.409778753916 295.982559521993 293.51536432902 287.835637728373 277.456919352214 259.007076422373 232.297043005625 205.648382504781 218.273123105367 238.749245802561 256.70071442922 264.442344506582 265.723864237467 263.535698254903 254.003524780273 247.760355472565 244.513630867004 248.635987440745 261.383255322774 276.164333025614 288.573801517487 296.67059580485 301.300883293152 298.708319664001 299.96246099472 301.661968231201 302.640120188395 302.310526371002 302.0232518514 307.611187299093 311.212062835693 310.745755831401 310.891727606456 310.833394527435 309.386730194092 309.023638566335 306.72816435496 300.366461277008 288.505454858144 289.083162943522 303.890446821849 313.330849011739 315.684537092845 312.761267026265 302.539765834808 295.267681280772
272.905190785726 280.802408854167 284.790356953939 284.858067830404 282.554189364115 279.708166917165 266.792019208272 250.775476296743 222.452123959859 213.778575261434 225.771864255269 248.724301656087 267.118712266286 275.502940018972 277.036507924398 270.393848419189 257.520000139872 252.271771430969 251.659413178762 254.697879155477 262.398779392242 268.757541974386 275.735596815745 280.736406644185 287.031869093577 289.718091487885 291.221261024475 291.229724884033 292.232871055603 297.383427619934 298.615356286367 299.11603530248 304.067929585775 306.833962599436 307.732542355855 306.0063123703 303.695638974508 301.427205403646 289.72057501475 292.942881584167 309.442897637685 314.498623212179 314.451575279236 311.154146989187 299.89363749822 293.01925500234
227.561851342519 240.270833174388 251.481453577677 260.547578334808 268.492182095846 275.152047475179 277.029991149902 273.121158281962 249.43341811498 226.00124279658 212.678909301758 220.155676205953 244.576235612233 266.760408878326 278.929432233175 270.87793747584 264.496763547262 258.798877398173 250.932852427165 246.114452679952 246.403018633525 246.507048606873 249.699076016744 261.099219322205 271.518965562185 278.04974714915 279.472986857096 279.492696126302 283.96071990331 288.187464078267 290.510495503743 293.466766675313 300.80783367157 303.834756215413 302.406251430511 301.15149418513 303.184886773427 305.804034074148 300.545891125997 302.209218343099 310.189882914225 314.074575901031 314.702788988749 312.324305375417 305.312673250834 301.257868607839
187.592486540476 192.790826161702 201.134085655212 213.13488483429 228.369136651357 243.70926618576 260.343591372172 265.418887138367 266.264537970225 254.376749197642 230.69421450297 211.863537629445 214.430451393127 235.409061113993 259.412507216136 262.059013048808 268.017490704854 265.478670597076 257.096926371257 247.765799363454 240.917682647705 238.406360149384 238.551417986552 246.887346108754 254.551291465759 259.498496850332 262.011011441549 265.828172365824 271.750171979268 275.404294331868 279.309908548991 284.165740013123 289.625744024913 292.036473751068 291.647374629974 291.967610518138 299.018164475759 306.027154127757 307.47918287913 309.624393781026 312.278111775716 314.844389756521 314.099987347921 311.928550402323 307.317852973938 305.401066939036
175.749222437541 171.468913555145 169.185757637024 169.170955816905 176.879366238912 193.21471452713 217.52792596817 238.013625144958 263.470609982808 267.692029476166 257.646997769674 236.154675483704 209.840754667918 207.66007900238 229.763766129812 253.524978955587 267.41627852122 269.730925559998 265.593767166138 257.747848828634 249.837636947632 248.984972635905 248.549044132233 248.745838801066 249.024113019307 248.284518718719 252.186179161072 260.143280029297 263.320803642273 264.577984809875 268.593569596608 273.506919542948 275.230626265208 276.782790819804 278.743863105774 282.35399723053 291.93651676178 300.548652807872 301.98601881663 305.97327152888 308.51803223292 308.972577253977 308.180014292399 308.326184749603 303.154726823171 301.982998847961
169.615904490153 139.560490846634 123.226185639699 117.455939451853 115.309009949366 122.751156489054 141.488264004389 179.186741511027 216.795563697815 249.654789765676 265.777627627055 265.339016914368 248.468955357869 224.563916524251 221.902628739675 245.867649714152 260.993917783101 271.615982055664 277.281562487284 274.012207984924 264.271795749664 261.335571606954 258.366147677104 258.128682772319 257.118741671244 255.082269509633 257.921199003855 265.514810880025 264.982501665751 259.417494138082 263.814230759939 268.592099348704 270.179549853007 270.520091056824 273.605446020762 279.802123705546 284.378012021383 288.843472798665 291.218320528666 291.798273722331 295.265893141429 299.238959948222 303.41112613678 305.953721205393 300.568322340647 300.974011421204
152.732799450556 115.903238455455 91.1388595898946 86.5425666173299 87.8172318140666 92.7912791570028 101.456811030706 129.361907641093 158.706823984782 206.219375133514 256.604154904683 281.224727630615 284.711301326752 268.12485853831 245.00185251236 240.873694419861 245.898803075155 259.086509545644 274.336616198222 281.240940093994 279.593944549561 274.302959442139 272.206525007884 269.193371136983 265.798926353455 263.843456904093 265.918652216593 267.890195051829 263.067424297333 259.071389834086 262.656331062317 267.027099927266 266.494254271189 266.510049502055 269.955416520437 273.429354031881 275.163233280182 273.361404736837 276.722967624664 277.105847994487 281.987349192301 287.547965844472 292.157590389252 294.262627760569 292.877316474915 293.943464756012
130.531092484792 104.58305478096 75.9185701608658 67.0338720083237 81.7502985397975 105.962723493576 111.201882362366 120.559910933177 142.102241516113 172.296742598216 220.818877220154 271.190365155538 294.176777203878 292.159199714661 274.823983510335 247.467696666718 237.302720546722 239.798386891683 255.706707636515 276.76922082901 285.710453987122 281.389653682709 282.299359639486 277.093986670176 271.121720472972 271.571218967438 274.156451225281 270.666698614756 264.873385429382 267.220656077067 268.274307250977 267.723282178243 265.178898970286 264.055411020915 263.993859291077 263.409833113352 261.707345644633 258.017381032308 259.739259878794 261.549512545268 265.903910001119 270.204703013102 272.802710533142 273.930648962657 281.898279984792 285.765608151754
116.24930302302 105.077097813288 80.1996638377507 58.5253288348516 64.7617528835932 92.2085444132487 109.066565831502 123.297929763794 140.610675017039 155.315587917964 178.775906562805 223.136405150096 258.790373802185 282.943626244863 289.036949475606 277.514815330505 266.552408536275 252.789239088694 243.769307931264 253.95276149114 274.384876092275 284.489472707113 287.48232126236 283.5467060407 277.305801709493 278.270244598389 282.04212586085 278.246978918711 275.132973988851 279.846608638763 278.610746065776 269.018749396006 263.749301433563 260.442038377126 256.198823451996 254.469891389211 250.459134578705 249.287784099579 249.098281065623 252.26895014445 254.745920499166 257.548570632935 259.369631608327 261.81834936142 275.840282440186 282.358864943186
108.318716287613 109.355727831523 99.3172625700633 70.2121506134669 57.8438490629196 83.2789093255997 111.350119113922 131.59970442454 150.591105222702 161.074896653493 171.649436155955 195.529818534851 226.772427558899 246.965308984121 262.220462163289 285.585463047028 290.54868221283 278.960804144541 260.737260182699 245.898505051931 256.252586841583 278.106212615967 282.566606998444 283.013860384623 283.451398213704 287.656585375468 291.060984134674 289.442380269368 286.672472953796 287.840942541758 282.746354738871 272.858877976735 266.057948271434 259.653846422831 254.092613855998 250.852425893148 248.567461967468 248.707552750905 248.764952023824 249.95344877243 252.355496088664 253.995696703593 254.147926966349 256.993611653646 267.353057861328 277.598977088928
114.791671435038 123.888333638509 126.306792100271 100.762744744619 82.7466398477554 104.907323916753 122.797757387161 143.899410963058 160.071710745494 182.209889094035 188.882489999135 195.913235346476 208.690146605174 222.913642724355 239.74072933197 257.533967494965 268.291155497233 280.483305454254 284.499963124593 268.527885278066 251.181999842326 263.326903184255 270.202835400899 278.445462385813 287.192463874817 293.300032615662 295.968631903331 296.11337184906 290.796717007955 288.629372914632 282.135744889577 275.932371616364 268.521149953206 261.211216449738 257.218480110168 253.044366836548 252.29932864507 248.936216036479 248.287816842397 251.319030920664 254.401902357737 255.982339382172 255.541920661926 257.346312204997 259.080429871877 271.473129590352
123.674581448237 127.41952141126 139.66315984726 138.913124799728 126.130044460297 124.467780192693 126.786490281423 137.224545081457 157.45422244072 175.903558731079 188.476721445719 188.730458418528 191.144903500875 200.330158074697 215.443273385366 236.08277241389 249.419510364532 259.511590003967 267.095625400543 276.111821333567 274.810254573822 262.677709261576 263.520201047262 271.345893541972 281.51931365331 289.655745029449 295.363048712413 295.475125312805 288.533409436544 287.415126959483 281.838377316793 274.631917476654 267.646153767904 262.762665748596 259.621600310008 255.372484525045 252.302726109823 244.739413261414 242.305854956309 250.430981318156 256.558378537496 257.521589597066 259.986499945323 259.621898333232 256.1194896698 265.293558438619
