input/barkrak2/radiation/dir23224.grid
NCOLS 85 
NROWS 70 
XLLCORNER 665100 
YLLCORNER 4664600 
CELLSIZE 20 
NODATA_value -9999 
[rows 20 to 39 of 70, columns 0 to 45 of 85]
134.310940901438 123.070299625397 133.651385704676 167.588134606679 163.998395204544 135.723888874054 127.099653085073 134.074509143829 145.501186450322 165.227601925532 178.231318791707 180.861671765645 182.930012543996 189.430395762126 199.757834275564 215.735634167989 230.774680773417 241.64213736852 257.997731367747 273.369669914246 284.079869588216 277.887403964996 278.756658236186 282.718936602275 283.699552218119 285.803735256195 289.426445960999 287.232458591461 284.707129001617 283.895711104075 276.340107123057 262.234469254812 248.639186223348 240.092794100444 236.743966738383 242.524246374766 242.33333269755 244.650642077128 249.720732371012 253.833552201589 255.087773005168 255.274732907613 257.39723443985 251.501202583313 257.28170077006 260.927120844523
165.089259545008 157.430062691371 162.937611341476 194.399396578471 191.572427749634 142.511337995529 137.127369642258 147.181799014409 152.466078599294 165.439446767171 170.950988928477 176.995714505514 178.204496701558 176.275789737701 189.640939235687 203.654289245605 218.547105789185 233.76476764679 246.823271115621 263.184428215027 274.460852146149 286.253094673157 293.927550315857 292.521437009176 284.851272900899 275.103131930033 258.663614590963 252.605179945628 250.866969426473 244.095126787821 241.276601950328 215.684294700623 191.575169563293 185.618778069814 191.532135009766 212.552130222321 221.271574497223 237.698296705882 249.539951483409 250.705063343048 247.679730256399 246.630072593689 239.32425181071 222.513755162557 245.041966438293 256.32385412852
210.400799910227 212.454994519552 206.072866916656 213.865359624227 213.899592558543 169.744312763214 162.350952625275 155.165135860443 149.867117404938 153.073499600093 172.479490439097 178.47341299057 184.890925884247 187.886158625285 192.850311597188 202.211459477743 211.226105690002 222.378055254618 234.186212221781 235.670924186707 237.695475419362 248.135050137838 255.11904557546 258.994877338409 258.051494757334 250.037809213003 238.048215707143 231.271386146545 224.07724459966 208.904524644216 182.459870974223 141.881833473841 115.308741728465 121.287882328033 149.80427424113 175.952176253001 196.264704068502 218.44490369161 232.992788155874 236.98365688324 240.11085430781 241.491476694743 216.413378715515 191.177407900492 222.502052783966 253.069996833801
240.299463272095 237.257659435272 220.580577850342 219.687541325887 218.95690759023 207.635005315145 184.14318561554 161.964446306229 148.851811885834 150.008102258046 173.003772894541 180.953025817871 192.746579647064 200.482745965322 199.251373608907 194.464166959127 201.944371064504 212.621688842773 217.875142892202 211.946626504262 210.422039031982 214.648524920146 227.041244506836 237.875898679098 241.519093513489 241.205930709839 227.938691775004 216.980497042338 199.756423632304 163.54634364446 134.851882855097 109.123915433884 72.4369833866755 38.5255068540573 40.2180477976799 81.8202743927638 127.971371014913 165.29260079066 188.782215118408 200.164596239726 198.870062828064 181.908249855042 173.020919164022 205.069681008657 211.679875850677 242.306073506673
234.392285346985 233.950177828471 229.724943637848 222.330192724864 210.717399915059 207.416931788127 189.54873085022 174.721678098043 160.214791695277 155.224561691284 162.216852108637 180.424908796946 188.405176003774 197.021166483561 192.49419371287 193.407555421193 199.284911155701 210.945248603821 216.082731882731 209.130605061849 209.457119305929 203.480064868927 211.960911750793 220.313489437103 221.679925918579 220.880468686422 212.668895721436 194.912691911062 175.95253388087 129.832843939463 109.830876191457 105.840444564819 81.850936015447 32.109205921491 27.8746783733368 53.6937415599823 83.8055809338887 107.095201810201 133.385688066483 156.742791334788 148.271063963572 129.864494005839 151.35391553243 229.328831036886 228.873372077942 243.546605110168
224.146048227946 229.034721851349 234.222273031871 222.944219907125 211.743414402008 207.553048928579 200.648307800293 201.610445976257 198.352038860321 184.822539488475 181.038200855255 192.315399646759 194.768071174622 205.225507418315 205.835700035095 198.202272256215 199.963827927907 210.134704907735 216.330051422119 219.772696495056 223.673442999522 216.989278793335 213.42933177948 211.672206719716 211.034119129181 210.488657156626 203.080395857493 190.583686033885 161.263018846512 140.50285021464 136.612147092819 150.189608335495 148.252546787262 95.2023069063822 63.9975766340891 72.4824815988541 77.1097193161647 95.020850499471 115.380595127742 116.377532482147 115.088919798533 116.352399190267 159.623652696609 226.788461208344 241.764307022095 253.352443377177
224.803249041239 228.679815928141 233.542879422506 225.860218207041 226.808031400045 224.189380804698 222.738226254781 224.52304760615 228.498379389445 221.637944380442 205.403168996175 213.778158028921 213.350911935171 221.121927102407 219.190677007039 208.335141340892 204.448143641154 216.179708639781 221.489151318868 233.861009279887 237.785359223684 232.600788275401 223.117689291636 214.607119560242 213.193496068319 210.730214913686 202.860037485758 198.649863402049 174.856821695964 173.650920391083 191.112518310547 216.471791267395 223.621428012848 220.681210358938 172.528624534607 102.718025445938 96.3595112164815 99.4422634442647 115.072737137477 121.144612630208 130.094945430756 167.004148165385 188.599367936452 209.936539332072 236.926674842834 243.885497252146
228.065888086955 224.900503953298 227.482279141744 226.517220338186 253.841698169708 244.134843349457 240.500887235006 233.487248420715 236.270467440287 238.305807113647 222.669740517934 216.349164644877 219.921251138051 224.989036719004 225.537081559499 220.012962818146 215.448141098022 222.592314084371 232.94468720754 237.271030743917 236.623624960581 227.382322152456 225.109418233236 222.462217013041 221.135993798574 217.421253522237 212.179819742839 210.061331590017 207.200030485789 210.417886575063 229.207475980123 242.93319384257 246.87135219574 259.871224562327 256.200134754181 171.473423639933 120.013425747554 105.73743780454 108.146657546361 128.010829289754 165.430416663488 231.406986713409 204.612175623576 197.792053222656 215.73148171107 221.637070178986
227.349718411764 216.74786011378 220.067878564199 232.605655988057 272.89084593455 251.3161500295 235.991895198822 226.935803890228 227.657039960225 227.757930755615 219.796379407247 210.041642189026 219.07240152359 224.383393923442 228.915492693583 231.595734755198 225.681841373444 221.74863020579 231.791218121847 233.342905839284 230.344812075297 222.797592480977 223.747034867605 228.269219398499 228.273848692576 220.027009646098 219.71603234609 215.14352162679 215.750336647034 222.788751125336 242.617090543111 258.11501344045 260.351995627085 260.695179303487 271.426836649577 239.984114964803 140.709241231283 94.6069359779358 80.2313238382339 105.197966098785 178.590476512909 215.46216805776 193.338096141815 168.241739273071 180.852929751078 188.702642917633
223.019341627757 209.02818441391 215.050518512726 242.649773756663 271.842261155446 250.03574291865 223.955353101095 205.55967092514 196.393370628357 193.808277448018 193.949421246847 194.46329275767 210.81268787384 225.002904733022 228.673895200094 232.780794302622 233.482638994853 220.500667889913 222.983102003733 224.385400613149 224.751432736715 223.620196183523 223.947584629059 228.531241416931 231.331388155619 226.359526316325 228.04323832194 220.89413801829 216.650982697805 230.309804280599 250.930269559224 267.546435197194 263.967494169871 262.124160925547 272.54331111908 277.54000822703 228.405296802521 142.832299073537 107.479115327199 114.043672879537 149.4988600413 167.566537857056 175.153930981954 142.302890618642 145.554065704346 161.952972412109
214.992384115855 222.278475761414 252.107739448547 297.82768090566 293.696204821269 256.186683972677 218.880295753479 187.587479750315 176.043470700582 183.925191561381 179.501434167226 176.042675971985 203.776796658834 225.132783253988 233.629087607066 239.522973696391 238.945007324219 226.773917675018 225.279986858368 227.112332979838 222.602427005768 228.56334845225 230.798443158468 230.140248934428 231.710473696391 235.814273357391 234.496037165324 231.133500734965 226.795673370361 239.438394705454 259.196599324544 270.889023939768 266.441325346629 270.466367403666 278.024156888326 282.127658526103 285.387555758158 267.020543416341 189.225633939107 143.462558587392 130.650341510773 130.117148160934 148.933947086334 140.502949555715 139.192561308543 163.242022196452
233.622113863627 265.945971012115 298.953115940094 312.869489192963 327.146212259928 295.252859592438 250.193695227305 211.381395657857 198.108871777852 209.448476632436 200.640976428986 183.408002058665 196.752389272054 223.176916440328 238.79462480545 244.892577330271 242.463707923889 237.440586090088 227.122783660889 227.258801460266 227.699975172679 233.233491579692 233.776768048604 232.985158761342 234.705547491709 242.986261844635 245.438635349274 246.492564678192 243.01423629125 250.915328661601 263.992369174957 270.980099836985 273.157278696696 280.447204907735 286.046504974365 275.097012519836 278.928796450297 298.978388309479 266.158898671468 192.080616950989 142.975548903147 132.503638664881 136.666536331177 146.469136079152 166.481574376424 196.12059990565
280.226031939189 301.896850268046 306.408981482188 301.893770694733 316.888689994812 323.317329088847 303.157965342204 270.774523417155 242.658992608388 238.445301850637 239.155054092407 215.64394235611 203.50968837738 220.989127953847 240.14820655187 243.900418281555 239.644130071004 243.096709251404 232.901692390442 228.160997231801 234.229683876038 234.922448794047 233.526428540548 232.987682024638 235.959649085999 246.990044911702 251.918196678162 255.942861239115 253.426988919576 255.715608596802 268.287122249603 276.491363843282 274.799386660258 274.542768796285 278.309146563212 267.223576704661 268.304924170176 276.313821474711 256.887237230937 214.029133319855 179.389556248983 155.768811702728 142.761250336965 148.797690868378 167.750835418701 202.98178990682
295.500655968984 299.969474474589 295.748293399811 286.859254042308 290.207982063293 306.129992008209 313.10377518336 295.64909140269 272.854646046956 263.084908326467 263.346672058105 248.853027820587 228.095352649689 227.620879809062 238.623738288879 242.907563845317 238.380789756775 239.768226941427 231.608748435974 231.18778069814 230.671644210815 233.312805493673 230.477074782054 228.799680868785 235.090613365173 244.14853254954 253.929158051809 255.320350329081 253.887434800466 259.494026501973 271.061837673187 272.024949391683 260.744114716848 254.589180151621 257.676482200623 239.672660827637 238.027890523275 230.500479539235 208.868781725566 196.124792098999 206.301093101501 186.892549196879 166.656285524368 154.950350522995 157.579044500987 179.416219393412
298.362195491791 295.70076862971 300.473590691884 289.846460024516 284.680902957916 293.639560540517 311.016718546549 315.466185410817 292.952537536621 274.281859397888 267.482002576192 259.991506735484 254.613180955251 242.72096157074 241.166273752848 243.682305018107 236.764053503672 233.482758204142 233.502209186554 237.691243489583 233.432670434316 231.724520524343 231.641173362732 232.450604438782 236.706713835398 242.206772168477 247.798422972361 247.226556142171 249.132931232452 260.830620924632 267.159998416901 260.809858640035 247.639894485474 247.791409492493 242.034614086151 225.15481710434 227.730671564738 226.369420687358 220.796346664429 220.110774040222 225.090543429057 226.020852724711 206.642945607503 189.956665039062 172.068556149801 166.855951150258
311.013102531433 309.408028920492 315.276503562927 311.481753985087 303.579707940419 304.648816585541 315.53860505422 325.73413848877 305.659453074137 279.32866414388 267.005721728007 266.943554083506 270.135283470154 254.479964574178 245.895425478617 246.750871340434 242.775877316793 234.892646471659 239.438831806183 239.607294400533 237.722376982371 233.765641848246 236.849745114644 241.490026315053 239.033778508504 242.787142594655 243.996421496073 241.115967432658 245.295504728953 259.260892868042 263.807654380798 256.414214769999 249.521970748901 250.665505727132 236.311614513397 230.362971623739 236.012697219849 239.75137869517 245.306531588236 248.45427274704 216.976046562195 215.150574843089 202.650626500448 192.556540171305 177.946845690409 156.456251939138
317.935566107432 317.62953599294 320.61900695165 319.862246513367 312.881509462992 307.87181854248 314.092536767324 325.597882270813 311.693787574768 281.139572461446 264.536400636037 265.326142311096 268.931130568186 253.909468650818 243.943075338999 250.029643376668 253.266751766205 243.920067946116 245.34930785497 248.787701129913 248.171289761861 242.808163166046 242.174744606018 244.463562965393 242.186745007833 241.261263688405 244.745175043742 249.009112517039 252.038498719533 260.782559712728 264.962255954742 260.011672973633 251.907428105672 249.882022539775 235.122462113698 238.709270954132 243.173619111379 246.613283952077 248.485704263051 244.924068450928 195.794403553009 164.998133977254 152.827640374502 146.736512581507 147.323101758957 143.680314222972
316.8625831604 319.431900978088 322.072227795919 320.285638173421 314.80731566747 312.040587266286 314.663986365 321.668525536855 318.50000222524 290.202577908834 276.117046674093 267.51321554184 261.240720748901 252.233962217967 245.198309421539 250.578582286835 259.175499280294 252.04336643219 249.606966972351 253.956198692322 253.674884637197 248.905877272288 245.780169963837 247.09673722585 246.953427791595 245.844145615896 247.750282287598 253.473321596781 256.073812643687 259.804288546244 263.395428657532 262.318710486094 254.726807276408 239.870429039001 228.429436683655 245.550374190013 253.99923324585 254.140893618266 246.812144915263 245.026230812073 192.25678841273 131.839682658513 108.900249004364 98.089188337326 102.564622958501 109.696606794993
302.253663539886 309.327443440755 313.023130098979 313.014388084412 313.411772251129 316.872278849284 319.072127342224 320.493340492249 320.083419481913 301.426152388255 288.763145605723 276.533226172129 262.904783089956 260.619123776754 253.313442071279 246.759017308553 258.313914140065 258.883674939473 252.391755580902 251.626173655192 251.505156358083 248.153189818064 245.799044768016 246.598164240519 247.60631720225 250.823835531871 248.58550230662 252.399365107218 256.909092267354 257.475038369497 261.618097623189 263.8973792394 250.854094823202 227.230608463287 234.129369258881 259.94877020518 263.876716295878 258.205890655518 246.035993099213 247.294147809347 234.330852826436 168.049454689026 113.795777161916 97.2461501757304 96.6354608535767 95.9500471750895
278.325200080872 283.09843937556 282.249967257182 289.95954990387 300.410429636637 310.871918996175 317.576348781586 321.781476338704 320.917884508769 309.549589951833 291.466971238454 273.549516995748 260.643601417542 259.941339492798 256.158192952474 251.858949661255 255.960603555044 255.084852377574 248.086531956991 247.815569241842 250.30783812205 252.464572588603 250.551283359528 245.524346828461 244.174679120382 246.50384982427 249.338150024414 252.60192155838 255.819757779439 255.015810330709 255.889296531677 259.224534034729 243.42409769694 229.214370250702 255.692958831787 272.255678971608 267.282068729401 260.488967100779 252.547184626261 255.106806755066 276.97096268336 267.464319864909 198.049664497375 146.943012873332 118.559370438258 97.5804328918457
