input/barkrak2/radiation/dir27724.grid
NCOLS 85 
NROWS 70 
XLLCORNER 665100 
YLLCORNER 4664600 
CELLSIZE 20 
NODATA_value -9999 
[rows 20 to 39 of 70, columns 0 to 46 of 85]
46.3570853074392 32.377764582634 37.7321590979894 51.8328497807185 45.1095998287201 41.4212420582771 37.3539254069328 46.4933464924494 56.5894742806753 67.2962963581085 74.3632614612579 73.856790860494 70.7034518321355 76.9005765517553 86.3563716411591 101.912826299667 114.70631758372 123.861889044444 134.971936543783 150.663375854492 157.824993133545 147.204299767812 145.179271697998 146.168311436971 146.242956320445 141.778101523717 140.921831130981 143.398553133011 148.547967274984 136.726806561152 123.323202133179 117.343594630559 96.2947209676107 84.8252574602763 87.2732599576314 93.0522382259369 102.209349473317 117.075423399607 126.425047715505 129.635502894719 128.350645303726 131.436308224996 137.818992137909 133.21794072787 138.797918955485 143.732577562332 147.366424401601
73.236679037412 60.5578720569611 51.1783609787623 69.5690959692001 66.453754901886 40.80847154061 45.483003060023 56.1374872922897 63.6452833811442 66.9691562652588 69.6858018636703 71.5031375487645 69.4390684366226 67.8794085979462 77.4863809347153 90.0161465009054 104.856650034587 115.36165078481 126.99431180954 142.993956804276 152.559757232666 166.408201058706 171.111424763997 166.983822981517 157.018502553304 140.889008839925 131.009181340535 130.058884620667 134.785443544388 119.919081528982 113.293508688609 82.830086350441 64.5782401164373 45.2984025080999 32.8221172094345 44.7844515244166 53.818479180336 70.3734705845515 87.6161853472392 97.6323386033376 100.651254256566 109.021733204524 106.532076994578 95.6603984038035 120.908041795095 130.952596664429 138.923118511836
116.07904235522 111.932168404261 90.5113816261292 88.778833548228 85.9708786010742 57.3171377182007 64.1869008541107 63.7498001257579 61.6645167271296 63.8555934031804 71.2353388468425 73.0556150277456 76.1752823988597 79.0839493274689 81.327145298322 86.8493914604187 98.7026393413544 110.169589519501 119.804720083872 124.092787504196 128.527859846751 144.62282260259 157.198846340179 160.65239906311 157.019277413686 144.218862056732 135.129898786545 128.666480382284 123.426228761673 112.127472956975 73.3656187852224 43.5831447442373 27.7602995435397 9.16161015629768 3.7402572731177 10.2417208254337 25.5991866191228 43.8416500886281 58.7096114953359 71.4073975880941 85.1442416508992 90.0083482265472 68.1865115960439 61.2321446339289 90.6660159428914 122.685492038727 130.186607440313
150.224765141805 139.98423020045 110.374271869659 95.4224169254303 91.5388961633046 88.5525246461232 80.6958576043447 67.7815526723862 58.6324781179428 59.2404305934906 72.8732844193776 76.5947351853053 79.3197005987167 90.0580684343974 87.7906779448191 86.6331060727437 95.0897534688314 108.707845211029 115.379482507706 107.334713141123 107.871651649475 112.906446059545 126.58346692721 138.696690400441 143.430918455124 137.830595175425 128.68990500768 119.976470867793 99.7934440771739 51.7818331718445 44.9897994597753 33.1634705265363 8.12519714236259 0 0 0 3.68003671367963 17.8079741696517 25.5307406187057 28.2618155082067 20.5082272489866 28.4833883245786 37.7854506174723 73.0661700169245 87.0349705219269 110.608885685603 120.360652605693
149.236182371775 145.578016837438 128.290603558222 99.7339387734731 82.48537282149 87.799350420634 81.7097922166189 76.0441521803538 67.5809780756633 62.2821897268295 68.9211388429006 71.5060879786809 70.6976900498072 82.1725676457087 83.175132671992 83.1131935119629 90.4975533485413 103.095471858978 110.380331675212 103.433609008789 104.419698317846 100.943694512049 111.896435419718 119.879454374313 122.193783521652 123.75553448995 114.644368489583 106.96542263031 86.3732894261678 43.1955754756927 35.9960719943047 34.668505191803 16.3788571953773 0.000549820848997721 0 0 2.8303520133098 6.7952387034893 8.12893733382225 5.91578458746274 10.7793472707272 5.03478354463975 21.6892609993617 98.4403590361277 103.555887937546 108.446101347605 116.77893002828
135.961294174194 140.839864810308 138.828327258428 108.724604050318 83.7061007817586 87.8018339474996 93.1674242019653 103.20982336998 102.30416059494 89.1413390636444 82.5983931620916 79.1486203670502 83.1873963276545 92.9507116476695 92.2689735889435 86.9323313236237 90.9586151440938 102.752278248469 108.896364768346 113.160034020742 116.73836906751 112.023641665777 108.229835828145 108.280042807261 111.040492852529 112.615615129471 105.406999588013 99.9773939450582 76.986829439799 62.5459402799606 60.1495951414108 69.1016415754954 62.3695999383926 11.4004090428352 0.782093421245615 4.6457468221585 5.49676145116488 6.49639094869296 6.14478811621666 5.48662431538105 1.2813878711313 2.2483910433948 37.8213599324226 96.5229868888855 121.202389399211 120.102276404699 115.404158830643
134.874681631724 140.221337477366 138.679802417755 117.904384930929 100.388516982396 107.446591059367 121.185789505641 128.183782100677 132.719536622365 125.256280104319 96.9999333222707 98.0981290340424 96.836268901825 106.261601050695 106.854101022085 96.0986415545146 92.9022232691447 104.896148045858 114.146252473195 128.009835879008 129.063179095586 127.291063467662 117.235779762268 109.382758537928 110.982159773509 113.285511732101 105.9743364652 105.325281620026 94.8389669259389 95.4475005467733 107.505212227503 131.563693284988 140.53675532341 123.071193695068 43.6630348364512 15.5966791013877 12.4539198974768 10.9267955025037 10.5576614538829 4.57863106081883 11.4592388272285 34.1938535372416 73.5778659582138 99.7688074906667 111.881057421366 106.111188729604 103.794515132904
136.776049931844 135.354071855545 135.829548041026 123.276770114899 132.02977180481 133.690615495046 145.898322264353 141.623576482137 144.129941860835 137.667149305344 106.557269891103 99.1506278514862 103.72472802798 106.826583544413 111.806015173594 108.956644932429 101.741055647532 108.993848164876 124.507218599319 131.138324737549 128.944406906764 118.941555420558 117.280821005503 118.306249380112 119.058122237523 119.96587117513 115.385582049688 118.692636489868 130.98539908727 138.524899880091 150.23547410965 161.472698052724 171.433409055074 182.208736737569 145.458300908407 48.1478571891785 22.7195744713147 13.8951825598876 8.35217349231243 8.48512165248394 30.9469650189082 96.4879592259725 95.2418943246206 87.7100030581156 85.5352977911631 81.8049510320028 85.9465797742208
139.465570449829 127.724548180898 128.9022564888 128.019611040751 154.231041669846 148.003607988358 140.667706727982 135.906567176183 125.749280055364 109.449754158656 98.6768205960592 92.820942401886 101.822912693024 106.292684872945 113.176296154658 118.015507857005 110.78201731046 107.582698265711 121.568868557612 124.025334914525 122.200111548106 114.823122819265 115.734080473582 122.085362672806 125.152786572774 121.679256359736 123.267988363902 121.276835600535 141.654471556346 155.377914508184 170.92223962148 181.715289751689 189.046740531921 190.915326277415 187.662859757741 115.766922632853 22.4694758653641 6.74032047390938 3.08923951039712 2.89299711585045 42.476162314415 91.7434493700663 81.8393329779307 59.6666932106018 56.3540756702423 56.3115974267324 63.4108185768127
139.554818471273 121.09453479449 122.833162546158 136.151681343714 154.316922028859 146.45924170812 125.88573495547 106.813967227936 86.6348842779795 77.9270728429158 76.8699149290721 81.4790079991023 90.2545352776845 104.137669006983 114.593217770259 122.770607471466 119.101792573929 104.981243610382 111.803511778514 114.027321338654 114.081511894862 115.015933911006 116.345902283986 122.683068116506 128.938217957815 125.087221463521 128.797650337219 126.954555511475 138.299196958542 159.967184066772 182.425419489543 195.267200469971 195.044934749603 194.313406944275 205.334524313609 192.008554935455 106.578717629115 24.4395534197489 15.2647010982037 18.9907910923163 40.5885179837545 54.2601595322291 63.4056180715561 38.7822935978572 34.3269184231758 39.9295488993327 58.8361769914627
136.285622914632 139.719933271408 166.382253170013 207.270781199137 188.646674156189 153.20685505867 117.560793956121 80.8018147945404 65.0018801291784 70.0284490982691 65.7894015312195 65.4242684443792 86.9708955287933 104.401439428329 119.066894054413 127.563814322154 126.091003417969 112.000405788422 113.330711921056 116.970439751943 114.933629830678 119.770437479019 123.21271498998 125.642359256744 132.734030485153 137.508869171143 136.534849802653 138.012329737345 143.124550580978 170.348862806956 192.919512589773 201.041261355082 196.617444356283 205.25844891866 217.56786108017 223.33155075709 201.304733753204 145.0348397096 64.4470850626628 33.0972274144491 26.8757442633311 30.0327365597089 44.7668433189392 35.3116119901339 31.1169326305389 43.848991394043 72.9565769433975
152.935614188512 189.856688181559 237.930834293365 261.679887771606 251.62136554718 198.697686195374 142.483731110891 96.549650033315 85.3993594646454 89.546004931132 81.0899883508682 70.8387941122055 84.8134358723958 102.149655421575 124.112437168757 133.141348759333 128.58044107755 122.036010026932 117.168168226878 118.271758159002 119.910657405853 123.153507709503 127.492258946101 127.907117207845 134.162187576294 146.665513515472 148.459355036418 154.675434033076 161.84788942337 177.354395389557 193.674266338348 204.513331254323 207.062919934591 214.756965637207 221.700708071391 218.657771746318 215.73277314504 210.476954778035 143.337984879812 63.2664461930593 31.8271964788437 32.4290419618289 36.6638898849487 38.2827272017797 48.303614060084 67.7118053038915 82.1781307458878
214.751799901327 250.050683816274 270.785371462504 270.913819471995 273.743410905202 251.995464166005 208.390355110168 165.020088354746 136.577685674032 124.466667572657 119.244078795115 101.670821507772 87.3781442642212 102.871686220169 126.959462960561 134.287645419439 127.674043178558 130.612065394719 118.937750657399 117.255240678787 122.550636529922 123.873213926951 126.373757918676 126.995176076889 133.197963237762 148.197859525681 156.574348608653 164.304176966349 171.546498934428 177.961468696594 191.693723201752 204.594731330872 205.490946769714 201.741794745127 201.59254471461 186.348756154378 193.986535072327 189.85523780187 145.84626754125 87.931623061498 51.1821409066518 45.6232329209646 39.5866086085637 40.8935944239298 48.5439797242483 66.2150879700979 77.54085958004
259.767572085063 273.187677065531 273.892184098562 271.805326143901 274.299462636312 274.985750516256 254.437645276388 210.906684398651 172.501266002655 152.301520109177 151.77658200264 137.915233771006 112.505247195562 110.558122396469 122.777531544367 130.173444747925 123.517612616221 124.689002831777 118.909299373627 119.884977738063 119.011392196019 120.436688264211 121.452937523524 121.78115049998 130.506545305252 142.265876134237 154.84211842219 160.113096237183 168.47817103068 179.796874523163 192.333102226257 195.210993289948 176.722466945648 171.234170595805 169.045885403951 153.49934498469 153.961837291718 139.692336320877 102.73356239001 72.142372528712 76.5001227458318 70.8153744538625 54.1987717151642 43.1982974211375 42.5066898266474 52.6224275430044 62.1197273333867
269.727031389872 273.390491803487 272.180358568827 271.349589029948 270.393411318461 272.144218285878 269.93719736735 244.173109531403 195.65204779307 165.700495243073 162.039657433828 159.055948257446 144.2063053449 127.627462148666 124.647915363312 127.818127473195 122.465630372365 117.916285991669 119.336406389872 122.646063566208 118.46724152565 117.076257864634 120.262632767359 121.398190657298 127.391467491786 135.25586326917 146.149019400279 147.841244935989 157.36045440038 174.796382586161 184.830586115519 180.570979913076 166.678547859192 164.845913648605 153.645565112432 138.954003651937 142.954617738724 140.276352564494 123.339722553889 95.1722264289856 96.5214769045512 102.266321579615 84.0712388356527 66.9583876927694 52.1636158227921 39.6694019436836 24.8602877060572
267.268180847168 269.39058303833 268.229683240255 267.554958661397 266.677339871724 263.963103294373 262.816766897837 249.074637889862 204.723556836446 176.614900430044 166.411956151327 161.640594402949 158.150891462962 138.772437969844 129.2431751887 133.397479852041 127.057840426763 117.080489794413 123.316516478856 124.192476272583 122.762034336726 118.104805548986 121.926367282867 127.690821886063 127.100765705109 132.866760094961 137.927869955699 139.187971750895 147.339403629303 167.336722215017 177.112619082133 174.08674955368 168.841381867727 169.791658719381 152.043074369431 145.442138115565 150.134116411209 156.665901343028 157.669881979624 128.771444161733 89.7428393363953 87.3309969902039 76.5208552281062 58.2901885112127 47.4941929181417 31.9740424553553 7.84659013152122
250.577251116435 253.305613994598 255.078335603078 253.150423367818 252.270718415578 250.282605489095 254.954198996226 251.008709271749 216.42275651296 179.727514584859 164.792249600093 158.108443021774 155.404438575109 139.361838499705 127.776404221853 135.185798009237 137.749294439952 123.370120922724 127.195258935293 130.238076051076 130.605270465215 124.800811211268 124.868293603261 130.191226800283 127.528727054596 129.163513580958 136.061857144038 143.967310587565 149.213264385859 162.576228380203 173.965811729431 177.037795384725 174.527625242869 173.044542471568 154.911468426387 155.709455410639 160.267859697342 164.209653933843 164.202262957891 136.716425418854 67.0441289742788 48.8161345322927 30.7926163077354 26.7864589889844 23.6922452847163 7.93408416211605 0
231.791893641154 239.954988161723 248.970011870066 245.391885439555 244.710465272268 249.199728171031 256.445546944936 258.436977863312 234.236816565196 194.351851940155 172.249217828115 153.756489356359 143.392930428187 132.751951615016 124.018887678782 130.912214517593 142.747640609741 132.577915986379 129.802405834198 132.84973303477 134.55738623937 129.406998554866 125.98596016566 129.570881525675 130.642275015513 131.143808364868 134.526093800863 144.29380496343 149.434387683868 155.864973862966 168.234626452128 178.182721138 172.698934872945 163.887659708659 150.314549605052 168.220579624176 173.562784989675 176.671266555786 170.202513535817 152.790596087774 59.2363725105921 21.9321226080259 10.4149791101615 8.88581946492195 7.66706528762976 0 0
197.592218716939 208.426495393117 215.67169825236 220.862587292989 228.591322898865 241.924246152242 251.407424608866 256.885488828023 247.766852378845 211.08732620875 181.518614292145 158.940772215525 142.237842082977 140.414983034134 130.287597576777 123.473316431046 137.384275595347 136.703620354335 130.285054445267 129.679063955943 131.754706303279 127.972493569056 123.929411172867 126.693348089854 130.105197429657 134.279012680054 135.212322076162 140.993654727936 147.674351930618 148.85088801384 159.578144550323 175.480484962463 170.329550902049 151.340673367182 156.570414702098 181.791742642721 185.534079869588 181.685348351796 173.715571562449 174.675365289052 123.77608815829 37.332018216451 12.3618493477503 8.35005939006805 6.83314477403959 0 0
161.529093980789 168.772280216217 167.372127374013 178.210238615672 194.642186164856 210.257391134898 223.816235860189 234.415630499522 230.742990970612 207.91631937027 175.919711589813 151.655614376068 138.820827007294 135.978360970815 132.670432329178 125.466446081797 131.837983926137 132.066071033478 125.162541866302 124.656617641449 127.953817447027 132.347087065379 130.339195330938 126.784374316533 125.538190205892 129.408200581868 136.92831993103 140.215218067169 146.698902050654 146.180838346481 150.332272052765 162.844041983287 161.989072958628 154.340287049611 181.941588719686 195.261061191559 189.999143282572 183.438658714294 183.896680672963 197.135667006175 201.67730251948 148.242851098379 63.4862532218297 30.8313692609469 15.9742770095666 1.17348918380837 0
