input/barkrak2/radiation/dir24724.grid
NCOLS 85 
NROWS 70 
XLLCORNER 665100 
YLLCORNER 4664600 
CELLSIZE 20 
NODATA_value -9999 
[rows 0 to 19 of 70, columns 0 to 45 of 85]
258.084257443746026 270.580967267354 282.599866390228 295.563638210297 300.52904287974 298.681298891703 290.894945462545 284.645716349284 287.042140960693 288.115819295247 287.055293718974 290.130992730459 291.29288593928 291.3498878479 293.500483036041 289.135098457336 279.902080694834 270.606795946757 265.524506568909 255.562444527944 244.789560635885 252.874493598938 277.243991692861 284.573833147685 285.455485184987 291.558424631755 289.403478304545 275.709529717763 260.68248351415 256.707787513733 253.590146700541 268.687605857849 302.337070306142 300.944487253825 302.79948314031 288.279374440511 294.166882832845 305.877248446147 299.002170562744 302.275876204173 288.086295127869 286.730666955312 296.916921933492 303.99211247762 301.095763842265 298.549175262451
239.266753196716 254.563053448995 267.454266548157 282.437324523926 291.608393192291 292.498489220937 287.095069885254 284.437239170074 291.866719722748 291.737596193949 287.314315636953 288.834472497304 291.864236195882 293.17436615626 292.620539665222 288.703978061676 285.915970802307 278.841972351074 274.255077044169 262.493491172791 258.095463116964 269.320766131083 286.32390499115 289.83344634374 292.727569739024 294.637799263 289.058089256287 277.194301287333 264.834781487783 258.055845896403 258.873204390208 280.835787455241 301.62105957667 301.924228668213 302.176475524902 290.563305219014 294.580777486165 302.509248256683 296.842416127523 303.531050682068 298.76035451889 290.979504585266 294.10574833552 299.509723981221 299.309730529785 300.553202629089
204.720199108124 217.216451962789 229.022880395254 240.861694018046 253.339370091756 261.961718400319 268.590072790782 277.994851271311 285.362442334493 284.645557403564 280.947248140971 284.783641497294 293.988585472107 297.866662343343 294.985969861348 299.614389737447 302.557190259298 297.874987125397 286.19380791982 276.495099067688 280.253052711487 284.991224606832 288.433273633321 289.933681488037 294.480840365092 294.698278109233 286.793748537699 276.893079280853 267.862280209859 262.926121552785 266.806880633036 290.976484616597 297.473549842834 299.722572167714 301.873803138733 295.685390631358 293.744603792826 294.022818406423 298.05580774943 303.105195363363 299.263993899028 289.67946767807 283.737401167552 289.363662401835 299.544493357341 301.956613858541
187.730511029561 189.369877179464 196.1550116539 203.209519386292 210.176467895508 215.242505073547 221.977690855662 236.061751842499 254.111886024475 267.953713734945 276.790042718252 287.786602973938 297.102610270182 300.477882226308 300.88879664739 303.268949190776 302.785515785217 296.765069166819 287.567516167959 283.416211605072 281.549513339996 279.947916666667 287.202258904775 289.219439029694 289.680957794189 291.610181331635 287.532528241475 280.553877353668 275.545497735341 273.083408673604 271.525382995605 294.683615366618 296.759227911631 298.967639605204 298.548062642415 299.994667371114 299.099385738373 297.651708126068 302.516579627991 301.079710324605 292.690873146057 280.381679534912 276.334484418233 290.292322635651 305.01921971639 300.364971160889
208.98840824763 193.098127841949 180.686195691427 171.100894610087 174.593806266785 190.611362457275 210.868636767069 221.137801806132 231.011668841044 237.629075845083 256.850520769755 276.458144187927 288.402179876963 294.103840986888 297.675867875417 299.422800540924 294.122894605001 285.412828127543 282.6922138532 282.796601454417 278.931180636088 277.417401472727 286.522189776103 288.04741303126 288.502315680186 292.818705240885 290.107409159342 283.595522244771 278.639435768127 275.525530179342 280.360281467438 300.62876145045 299.773275852203 300.88214079539 296.647667884827 297.780930995941 301.587323347727 302.939136823018 300.08602142334 296.443204085032 293.798247973124 287.669658660889 287.921945254008 293.702065944672 297.637085119883 293.24742158254
250.09693702062 224.130809307098 197.48189051946 174.601038297017 165.211309989293 176.520526409149 201.520383358002 217.995703220367 221.957882245382 221.904079119364 231.44523302714 244.647065798442 253.917912642161 260.156035423279 267.791966597239 274.185121059418 273.139258225759 273.708025614421 278.611501057943 283.775766690572 283.848484357198 287.092367808024 290.706316630046 289.555768171946 290.784100691477 294.476389884949 292.35057036082 287.67337401708 281.851390997569 279.807945092519 291.176696618398 302.450935045878 302.421192328135 304.586211840312 299.183468023936 296.501537164052 300.367792447408 299.950063228607 294.61262623469 295.402526855469 295.165161291758 291.010697682699 290.442665417989 292.127072811127 285.11788447698 269.775589307149
270.327667395274 248.192588488261 228.816449642181 208.549420038859 188.199102878571 174.888014793396 182.630062103271 211.021542549133 224.102000395457 232.025484244029 229.229549566905 224.161724249522 219.546993573507 215.777893861135 218.042810757955 232.911924521128 244.362533092499 261.058906714122 276.494244734446 286.37291987737 288.688878218333 289.462407430013 291.460931301117 289.992233117421 290.972868601481 293.190757433573 293.541212876638 291.520754496257 286.9580189387 288.770238558451 296.895384788513 303.406139214834 306.596000989278 306.030790011088 302.334845066071 296.204845110575 295.612394809723 293.138821919759 292.323370774587 291.896462440491 288.000206152598 284.678300221761 287.669062614441 289.817114671071 275.119841098785 266.464531421661
277.87309885025 269.037465254466 258.74928633372 244.192163149516 222.364763418833 193.111777305603 172.495206197103 171.518425146739 204.966366291046 229.724605878194 237.187008062998 233.286817868551 224.734167257945 214.835584163666 202.406664689382 205.874085426331 218.206981817881 234.071373939514 256.157000859578 273.614088694255 282.337824503581 286.823471387227 291.805783907572 290.442089239756 289.274215698242 289.646903673808 290.120859940847 289.115309715271 287.299513816833 293.008704980214 299.924572308858 303.364157676697 303.463717301687 301.238814989726 296.203454335531 292.699337005615 293.342312177022 288.190146287282 280.586719512939 273.746609687805 276.310324668884 284.603814284007 296.338359514872 299.591700236003 286.272048950195 281.361937522888
270.768642425537 271.241227785746 267.562349637349 260.164737701416 247.500677903493 226.407766342163 197.097996870677 169.147551059723 181.946357091268 204.579770565033 224.017341931661 233.147660891215 234.90583896637 232.339262962341 221.120138963064 214.072028795878 210.758169492086 215.269962946574 229.42179441452 246.233900388082 261.030713717143 272.12260166804 279.575288295746 276.99206272761 278.533299763997 279.540538787842 280.484100182851 280.899047851562 281.576156616211 289.182504018148 294.00360584259 293.766657511393 292.846779028575 292.358716328939 291.404823462168 291.68568054835 290.372749169668 285.666207472483 273.693144321442 273.063540458679 287.545839945475 299.004435539246 303.747872511546 302.585860093435 290.253321329753 284.073134263357
243.068913618724 252.394477526347 257.179617881775 257.221619288127 254.403154055277 250.665247440338 235.18564303716 217.347383499146 187.130669752757 177.642226219177 190.360168615977 215.181251366933 235.990881919861 246.009548505147 247.439404328664 239.449818929036 224.890728791555 219.270825386047 218.627631664276 221.991777420044 230.541626612345 237.960596879323 246.266563733419 253.281871477763 261.204918225606 264.08447821935 265.48832654953 265.982389450073 267.663955688477 273.875594139099 275.248308976491 275.958339373271 281.878471374512 286.013921101888 287.404417991638 286.632001399994 285.15762090683 286.301255226135 274.101297060649 280.173778533936 297.776480515798 304.249862829844 304.977516333262 301.762421925863 288.772741953532 282.245834668477
191.980540752411 205.600221951803 218.227088451385 228.687544663747 238.117098808289 245.779474576314 247.472167015076 242.412547270457 215.703368186951 190.517862637838 176.459193229675 183.372358481089 210.597991943359 235.517144203186 249.774734179179 240.3657635053 232.926726341248 226.286292076111 217.798749605815 212.544004122416 212.796807289124 212.969501813253 216.715852419535 229.379773139954 241.710543632507 249.404609203339 251.242359479268 251.465320587158 256.936073303223 261.871874332428 264.692405859629 268.122315406799 276.895105838776 279.898921648661 279.531160990397 278.990526994069 282.215158144633 285.513977209727 283.541719118754 290.610829989115 300.303896268209 304.325103759766 303.618232409159 301.359593868256 293.868740399679 291.989068190257
149.545729160309 154.975493748983 163.742671410243 176.452279090881 192.530592282613 209.195971488953 227.577567100525 233.821054299672 234.66153939565 221.177160739899 195.294459660848 175.45743783315 177.3987809817 200.707574685415 227.165977160136 230.573058128357 237.078885237376 233.938852945964 223.767360051473 213.33255370458 206.784228483836 204.145948092143 204.312245051066 213.404059410095 221.659342447917 227.606991926829 230.577031771342 234.88849401474 241.643786430359 246.329049269358 250.873625278473 256.279309590658 261.770824591319 264.762282371521 264.883001645406 266.46888256073 275.490721066793 284.707486629486 287.959416707357 294.405241807302 298.909028371175 301.059504350026 299.81005191803 296.729922294617 292.313456535339 291.113535563151
136.365513006846 131.116926670074 127.906888723373 128.718684116999 138.355116049449 155.322392781576 180.506984392802 202.52517859141 231.368184089661 236.304382483164 224.903464317322 201.170881589254 173.313081264496 170.181850592295 193.627734978994 220.511635144552 236.177166302999 238.897919654846 234.08301671346 225.110411643982 215.747555096944 215.024391810099 214.540561040243 215.414424737295 215.914368629456 215.31335512797 219.233234723409 228.052218755086 231.696824232737 233.088413874308 238.188107808431 243.652661641439 245.406250158946 246.528963247935 249.217589696248 254.220684369405 265.452027320862 276.362697283427 277.934074401855 284.972230593363 289.356867472331 290.21950562795 289.309660593669 289.164125919342 284.571766853333 284.266908963521
123.291909694672 97.8211760520935 82.6202382644017 74.3858267863591 69.6304390827815 76.2636164824168 96.9644288221995 134.564350048701 177.886803944906 215.449134508769 234.197060267131 233.831842740377 214.581727981567 189.163128534953 185.309072335561 211.013595263163 227.896173795064 240.978916486104 247.650027275085 243.699431419373 232.476154963175 228.744149208069 225.406408309937 225.06324450175 224.884549776713 222.785095373789 225.735942522685 234.274347623189 233.578821023305 227.215607961019 232.570131619771 237.912793954213 239.580829938253 239.933808644613 242.988765239716 250.050067901611 256.170968214671 261.553684870402 263.960540294647 265.864451726278 270.414710044861 275.560955206553 280.425608158112 284.8086754481 280.129492282867 282.442053159078
114.356895287832 80.7697673638662 56.5360536177953 44.7300771872203 43.1118160486221 49.7602373361588 60.9711954991023 88.871290286382 115.703403949738 164.714256922404 216.022074222565 251.311600208282 255.465149879456 236.49940888087 211.137195428212 205.675661563873 211.036642392476 226.569851239522 243.990222613017 252.440234025319 250.362118085225 243.690987428029 241.149425506592 237.502157688141 234.111766020457 232.650558153788 234.597126642863 236.85896396637 232.049167156219 226.989050706228 230.37983973821 235.27204990387 235.372404257456 235.332727432251 238.565703233083 242.455462614695 244.25075451533 243.315815925598 246.667385101318 247.301956017812 252.979020277659 260.456144809723 265.20049571991 268.651445706685 268.568237622579 271.419564882914
104.814857244492 78.2093455394109 47.1352189779282 26.3898521661758 39.9662504593531 63.7449125448863 73.0495204528173 85.6181184450785 103.416939576467 129.744499921799 164.771636327108 206.450800100962 242.111504077911 254.955887794495 244.142194588979 212.743322054545 201.679448286692 204.385141531626 221.819321314494 246.046404043833 257.132093111674 252.214749654134 253.072619438171 246.848702430725 240.292449792226 240.92302719752 243.351399898529 239.041666189829 233.9888215065 236.538469791412 236.622512340546 235.997935136159 233.116944630941 230.941871802012 231.774608294169 231.119632720947 229.087014993032 224.205056826274 227.296511332194 229.433039824168 234.17850335439 240.011274814606 242.24708477656 243.95227432251 254.301249980927 259.682933489482
90.0656282901764 78.7938435872396 52.5960524876912 19.1086592773596 29.0650675694148 56.895116964976 75.5538692077001 90.6784137090047 109.051237503688 119.350949923197 137.990494569143 175.367414951324 204.535325368245 221.3174700737 227.102637290955 231.841047604879 227.932373682658 217.752456665039 208.853860696157 218.942026297251 243.459026018778 255.886733531952 259.425242741903 254.851420720418 247.62620528539 248.562514781952 251.974503199259 247.96587228775 245.380143324534 250.234802563985 248.642047246297 237.683574358622 231.663425763448 227.038701375326 222.340126832326 221.243460973104 216.7094151179 214.642326037089 215.469539165497 219.026863574982 221.626758575439 223.931988080343 227.001945177714 229.7669450442 246.215681234996 254.243572552999
82.2517971197764 83.0228080352147 70.5549617608388 31.4301525553068 30.7509526610374 60.1704617341359 80.4472366968791 103.538314501445 118.498067061106 126.699735720952 137.732803821564 157.003541787465 182.636459668477 199.543913205465 217.458605766296 234.769543011983 236.709415912628 230.93448082606 219.310820102692 206.685443719228 219.63890393575 246.98015054067 253.452956676483 254.302819569906 255.191743373871 258.97494951884 262.661496798197 261.34047905604 258.697112401326 260.206858317057 254.186689853668 242.851356665293 234.608689943949 226.502060890198 220.223923524221 217.354675134023 214.698553085327 213.993668556213 214.178800582886 216.377158959707 218.923270702362 219.90027030309 220.178365707397 224.11855061849 234.96550321579 248.050053914388
87.2242649396261 95.2349007129669 95.338781674703 62.7542684475581 52.7644654115041 77.9766390721003 95.3399439652761 112.882335980733 130.438427130381 147.250175476074 156.576871871948 162.166575590769 175.224701563517 182.689964771271 197.54699865977 217.06767876943 226.812243461609 231.988509496053 237.064043680827 222.807506720225 208.185136318207 221.933702627818 231.173157691956 245.457708835602 257.892350355784 265.432775020599 268.452902634939 269.590159257253 263.714015483856 261.71749830246 254.143794377645 246.917108694712 237.854719161987 228.775163491567 223.962386449178 219.189683596293 218.017101287842 214.236617088318 213.645696640015 216.959814230601 220.277984937032 222.106377283732 221.648216247559 223.37015469869 225.327253341675 239.364445209503
93.8806732495626 96.8666573365529 109.234710534414 102.520187695821 90.8675193786621 96.5631405512492 99.4228323300679 112.161854902903 125.636667013168 147.555291652679 157.431542873383 156.864851713181 156.329731146495 162.332475185394 179.668764273326 195.665796597799 210.158864657084 219.543894131978 225.914438565572 231.731096903483 229.979316393534 217.475215593974 218.73148282369 230.837225914001 245.888630549113 257.50998655955 266.22086763382 268.279016017914 261.568466822306 260.196129480998 254.301806290944 246.423582235972 237.917323907216 231.125593185425 226.968010266622 221.979876359304 218.22734673818 209.059119224548 207.0392370224 215.740005175273 221.482157707214 223.717550436656 226.482351620992 224.705656369527 221.925556659698 231.020569801331
