input/barkrak2/radiation/dir22424.grid
NCOLS 85 
NROWS 70 
XLLCORNER 665100 
YLLCORNER 4664600 
CELLSIZE 20 
NODATA_value -9999 
[rows 40 to 59 of 70, columns 0 to 45 of 85]
286.388337612152 287.75558869044 287.669936815898 289.170642693837 295.850177605947 300.37126938502 302.91493733724 306.23726050059 306.738217671712 294.961353143056 283.633192380269 279.35008207957 278.562227884928 275.233685970306 272.741377353668 273.51580063502 272.081732749939 271.874686082204 266.831278800964 265.636702378591 269.079685211182 273.203313350677 273.600161075592 268.971820672353 263.544360796611 261.357367038727 269.006729125977 270.347873369853 271.508912245433 270.858764648438 269.792020320892 268.346428871155 252.70003080368 252.97212600708 278.592308362325 278.126776218414 267.427007357279 263.115922609965 265.086650848389 262.310306231181 273.659865061442 303.430199623108 299.09082253774 239.060839017232 178.580105304718 143.779546022415
292.691965897878 290.622492631276 290.828982988993 290.523687998454 287.170469760895 285.571038722992 284.863789876302 285.425980885824 289.659718672435 282.382051150004 276.145617167155 276.699821154277 279.855032761892 280.327757199605 278.297483921051 275.625387827555 270.451068878174 277.14612086614 277.185658613841 272.0547914505 273.381133874257 271.885017553965 269.959032535553 270.954231421153 271.290103594462 266.217788060506 270.062347253164 271.915336449941 270.556330680847 272.606690724691 272.862911224365 269.266724586487 257.276952266693 264.57808415095 277.344544728597 266.844908396403 250.736792882284 246.860345204671 251.328011353811 259.788235028585 283.584316571554 297.21995194753 297.00497786204 272.989213466644 219.555576642354 177.061438560486
295.478562513987 292.855938275655 295.22567987442 294.332226117452 288.304964701335 286.00819905599 284.832278887431 283.066550890605 282.572627067566 279.996077219645 278.757313887278 277.839124202728 280.331552028656 283.778409163157 282.685240109762 279.250105222066 275.76466401418 281.085968017578 280.800143877665 274.163941542308 271.290183067322 269.216279188792 263.667523860931 266.271074612935 269.507765769958 264.051953951518 260.440071423848 264.450510342916 267.448961734772 270.722270011902 270.645300547282 265.820721785227 262.40195830663 272.241910298665 274.780213832855 253.183603286743 237.42264509201 240.706404050191 252.219418684642 265.800456206004 275.604625542959 275.595227877299 266.341686248779 255.719304084778 225.555578867594 174.428125222524
283.600707848867 285.38582722346 292.162299156189 290.064692497253 291.745543479919 293.245593706767 293.150464693705 290.2938524882 282.321294148763 280.504703521729 282.515585422516 279.771129290263 279.460787773132 281.93740049998 282.860219478607 278.430998325348 280.027290185293 279.507001241048 279.040654500326 273.633599281311 266.314466794332 265.145023663839 262.135366598765 259.033024311066 260.809322198232 265.160083770752 258.00883769989 259.499529997508 262.994647026062 262.106875578562 262.691636880239 257.245103518168 262.044628461202 269.77676153183 261.432667573293 239.005188147227 233.650088310242 246.115148067474 262.490530808767 266.589780648549 264.108081658681 259.692986806234 251.852631568909 238.781233628591 214.786191781362 178.154667218526
282.766083876292 287.612855434418 289.254824320475 289.57458337148 291.074236234029 292.94741153717 292.769908905029 289.975762367249 286.166290442149 283.308188120524 283.967534701029 282.308479150136 277.515053749084 276.89669529597 274.419724941254 275.033791859945 269.480645656586 276.240348815918 275.198499361674 272.134025891622 267.612457275391 263.530611991882 263.674755891164 263.138393561045 257.984757423401 265.035351117452 264.822204907735 261.727213859558 262.366950511932 260.064482688904 254.156152407328 249.702254931132 252.40433216095 253.866950670878 246.281862258911 234.606047471364 237.667898337046 253.47630182902 266.384939352671 261.294623215993 261.537750562032 252.635439236959 241.467833518982 229.913751284281 214.240292708079 190.933326880137
287.900010744731 291.49071375529 289.254864056905 291.054884592692 289.946595827738 290.151913960775 290.803809960683 289.242784182231 290.563384691874 287.448287010193 286.056458950043 283.525824546814 280.103782812754 275.430421034495 273.682157198588 275.900324185689 269.638578097026 267.762462298075 275.104959805806 271.182159582774 264.210184415181 266.681790351868 262.771427631378 260.328471660614 260.02844174703 261.236230532328 266.503612200419 264.371792475383 261.572301387787 259.099860986074 253.315567970276 250.123759110769 250.113209088643 243.882616360982 232.373317082723 223.90345732371 231.746474901835 250.304460525513 256.169100602468 245.848794778188 251.227478186289 242.269933223724 233.051558335622 233.940899372101 233.328600724538 210.197726885478
287.719150384267 289.015332857768 290.368298689524 291.768391927083 290.877083937327 290.170709292094 291.683713595072 293.12531153361 290.010233720144 288.29832871755 286.540766557058 286.101559797923 280.889232953389 278.680682182312 275.522073109945 277.4671514829 271.849433581034 267.548779646556 270.510951677958 266.862650712331 265.482505162557 265.276292959849 263.188779354095 258.736928304036 264.65896765391 258.945107460022 259.488125642141 262.533942858378 261.308709780375 259.373446305593 255.753854910533 251.767953236898 248.77667427063 241.860826810201 233.313083648682 225.529948870341 232.136050860087 244.556546211243 244.329690933228 244.108359018962 248.768270015717 238.143146038055 237.34047015508 245.554606119792 248.508254686991 227.787812550863
282.999575138092 284.274776776632 287.97447681427 289.136946201324 291.013518969218 292.333483695984 290.935734907786 289.928793907166 288.316468397776 290.265917778015 288.140257199605 281.744798024495 280.787269274394 279.485007127126 275.928715864817 270.501335461934 272.033532460531 261.699557304382 265.694757302602 266.652305920919 264.822999636332 264.194448788961 265.201906363169 257.289330164591 259.941061337789 259.603321552277 254.787147045135 257.452050844828 260.538955529531 258.205413818359 256.760140260061 254.662235577901 246.79179986318 246.487776438395 247.136195500692 239.652295907338 239.398856957754 241.907080014547 244.519273440043 253.539244333903 248.195052146912 239.632884661357 244.56246693929 248.18487962087 245.233019193014 229.653537273407
276.463707288106 278.31639846166 282.995005448659 285.825530687968 289.926568667094 290.877064069112 287.696878115336 286.395490169525 289.383212725321 289.953450361888 286.300281683604 283.3251953125 277.354081471761 279.815455277761 274.40083026886 269.237617651622 269.193708896637 261.99875275294 264.731864134471 268.083949883779 266.360481580098 266.62403345108 264.827171961466 262.169520060221 259.617924690247 262.48300075531 258.508404095968 260.670900344849 264.635960261027 265.754878520966 267.648816108704 267.258048057556 256.624976793925 257.302323977153 256.572326024373 248.524288336436 248.123705387115 248.546044031779 250.057975451152 252.673367659251 242.420295874278 236.55754327774 234.865963459015 231.541574001312 229.183316230774 228.900949160258
275.555610656738 272.677004337311 275.821467240651 281.636834144592 284.086108207703 286.853055159251 288.974324862162 289.881646633148 286.762833595276 285.697778065999 286.166151364644 284.708698590596 280.248761177063 278.432567914327 275.634606679281 270.992755889893 268.053750197093 264.699935913086 266.604383786519 270.814259847005 271.148522694906 269.581039746602 265.931844711304 267.047345638275 263.055682182312 266.142805417379 266.076942284902 267.207582791646 271.651009718577 276.251157124837 280.01590569814 279.273390769958 269.548376401265 266.816874345144 260.295927524567 252.934495608012 250.094513098399 253.553946812948 252.919554710388 241.335391998291 230.568786462148 233.356436093648 232.171336809794 225.994129975637 224.030613899231 227.601567904154
275.175054868062 275.540471076965 276.653567949931 281.195441881816 282.392501831055 282.082239786784 285.861492156982 288.260102272034 288.258711496989 287.74615128835 286.118785540263 284.831583499908 282.107452551524 277.24415063858 277.512709299723 278.767466545105 271.176556746165 266.708155473073 269.018610318502 271.970589955648 274.287164211273 271.455228328705 267.759641011556 265.834331512451 263.858040173848 266.502638657888 268.868446350098 271.294216314952 274.620950222015 279.911776383718 284.341335296631 283.032953739166 274.10900592804 267.678519090017 255.720814069112 247.417012850444 248.357435067495 254.112641016642 248.964051405589 231.55285914739 225.923617680868 236.99963092804 237.676242987315 230.635503927867 227.230370044708 222.050944964091
272.520661354065 278.386433919271 280.298670132955 281.749506791433 280.054847399394 278.154055277507 283.801198005676 286.977887153625 286.912024021149 288.803458213806 287.614603837331 285.880982875824 282.58486588796 278.809984525045 275.745133558909 280.29743830363 275.878965854645 266.03639125824 265.623648961385 268.987933794657 269.426882266998 267.408013343811 267.177681128184 263.343175252279 260.675807793935 261.765678723653 265.23224512736 265.506386756897 266.90540711085 271.840731302897 278.542717297872 280.735592047373 270.000298817952 254.575212796529 221.807599067688 212.359488010406 228.872021039327 243.748625119527 247.520963350932 245.880623658498 248.118201891581 245.623628298442 228.727380434672 222.596387068431 230.377157529195 220.290303230286
271.039326985677 270.199457804362 269.300738970439 271.756370862325 277.995526790619 280.147711435954 278.71968348821 284.22604004542 284.187038739522 285.994946956635 285.461644331614 285.481890042623 285.535395145416 279.90734577179 274.696230888367 275.931318600972 276.092489560445 265.969157218933 263.232946395874 263.009349505107 262.328366438548 262.631316979726 264.524499575297 258.966525395711 259.269177913666 256.361762682597 257.282535235087 257.736563682556 257.27911790212 258.475343386332 263.078629970551 266.0138408343 248.762468496958 222.322007020315 191.428184509277 176.027337710063 189.142843087514 217.754999796549 241.779208183289 246.148407459259 247.800707817078 237.684110800425 219.692210356394 219.446023305257 224.879304567973 201.89893245697
275.588989257812 265.876253445943 263.403356075287 266.862034797668 275.593161582947 282.641510168711 280.464708805084 280.84792693456 282.863736152649 281.189878781637 282.182057698568 284.480214118958 286.455432573954 283.304949601491 276.560584704081 276.182214419047 276.797294616699 267.605205376943 263.003448645274 266.289273897807 265.205105145772 264.051973819733 259.9818110466 258.118271827698 256.878991921743 255.146066347758 254.351258277893 254.318833351135 252.760211626689 249.077578385671 241.924484570821 240.347683429718 223.483900229136 195.895890394847 186.744133631388 175.059239069621 162.092546621958 172.47611284256 193.243761857351 220.222512880961 233.069896697998 223.345716794332 216.421882311503 216.02874994278 204.373558362325 189.292093118032
276.733557383219 270.289957523346 266.567667325338 268.393258253733 275.530815124512 281.340638796488 282.511909802755 280.657708644867 284.045577049255 281.179944674174 282.579064369202 284.276743729909 284.431179364522 285.62730550766 278.778553009033 277.43540207545 278.885940710704 271.299481391907 266.062180201213 269.57501967748 269.447763760885 265.319228172302 262.468834718068 260.749200979869 259.247481822968 258.208374182383 256.063938140869 253.443479537964 249.598304430644 244.352797667185 234.057188034058 229.272484779358 215.251406033834 205.983559290568 207.925915718079 205.044110616048 188.149571418762 174.470861752828 165.955543518066 177.908599376678 203.651150067647 197.199781735738 188.906133174896 179.724593957265 175.570031007131 179.066280523936
278.387169043223 276.431779066722 269.367496172587 264.173964659373 268.503189086914 279.577473799388 281.262516975403 280.602355798086 279.989123344421 283.301472663879 286.192258199056 287.551601727804 285.623610019684 286.356488863627 281.419654687246 279.587149620056 281.314313411713 276.077389717102 270.285983880361 270.437141259511 268.644392490387 266.513049602509 266.098916530609 266.366223494212 262.113591035207 259.799540042877 254.574716091156 249.314188957214 242.578943570455 234.840154647827 231.475273768107 231.564323107402 221.999625364939 222.848256429036 228.700439135234 233.741422494253 235.994875431061 224.873105684916 206.941743691762 174.22612508138 177.621960639954 185.297290484111 185.955266157786 178.89940738678 182.848572731018 195.126414299011
280.309001604716 278.026700019836 275.218645731608 267.348170280457 264.447649319967 275.691092014313 279.797971248627 280.612508455912 277.527908484141 282.544771830241 287.675539652507 289.158403873444 285.347660382589 285.257379213969 284.474690755208 278.835932413737 281.845569610596 276.961048444112 272.257069746653 270.710527896881 269.128799438477 269.717156887054 266.010403633118 264.306346575419 262.028217315674 258.228520552317 239.389598369598 218.82019440333 214.287519454956 218.818326791128 227.170030275981 227.084040641785 221.383333206177 220.903654893239 232.020894686381 245.872616767883 259.464701016744 263.126869996389 255.075812339783 212.525566418966 183.332085609436 193.356911341349 205.7759364446 213.804523150126 221.027950445811 229.702750841777
278.451820214589 276.138146718343 275.21292368571 272.92271455129 266.167918841044 271.670619646708 279.397169748942 281.195382277171 277.050137519836 279.759685198466 285.984456539154 286.934117476145 284.083267052968 285.408596197764 285.749912261963 277.87192662557 277.639746665955 274.253269036611 272.799372673035 272.931675116221 272.607167561849 271.233459313711 266.887247562408 261.149605115255 260.301450888316 259.904762109121 242.452303568522 222.758134206136 221.161166826884 227.414806683858 234.592378139496 232.060154279073 231.03924592336 234.249711036682 245.80051501592 252.290070056915 255.464434623718 230.205774307251 203.240633010864 203.226506710052 209.422508875529 222.040454546611 220.168054103851 208.811899026235 204.193393389384 217.322468757629
269.78345712026 274.695456027985 274.51366186142 272.959987322489 268.445650736491 267.484406630198 278.496066729228 283.255636692047 278.417646884918 275.817175706228 282.940765221914 285.731275876363 285.035252571106 280.36371866862 280.402938524882 278.460542360942 273.951967557271 275.762399037679 272.328019142151 275.228122870127 275.501132011414 271.953860918681 270.115852355957 264.5263671875 263.507227102915 265.723903973897 259.779711564382 255.446275075277 251.218914985657 248.548010985057 246.887187163035 238.91027768453 242.887655893962 243.898808956146 240.262945493062 229.747474193573 206.739763418833 164.980381727219 145.603915055593 181.614140669505 221.567551294963 231.453835964203 215.439915657043 205.653925736745 208.879808584849 220.332185427348
260.511537392934 270.874122778575 270.739177862803 270.566026369731 269.916534423828 267.107903957367 272.505700588226 282.270312309265 284.115513165792 279.038687547048 282.32087691625 283.666094144185 285.12038787206 281.221926212311 279.723525047302 279.117703437805 273.519257704417 271.027028560638 268.042882283529 266.179958979289 269.803047180176 268.619736035665 267.468710740407 263.159155845642 266.124387582143 271.54004573822 276.57562494278 275.846600532532 259.340643882751 256.841361522675 248.548984527588 239.106118679047 234.08305644989 223.113238811493 193.241894245148 168.303767840068 156.696061293284 143.576920032501 131.919085979462 148.614466190338 175.602734088898 203.5973072052 215.647200743357 232.277035713196 259.717583656311 264.758149782817
