input/barkrak2/radiation/dir22124.grid
NCOLS 85 
NROWS 70 
XLLCORNER 665100 
YLLCORNER 4664600 
CELLSIZE 20 
NODATA_value -9999 
[rows 0 to 19 of 70, columns 0 to 45 of 85]
312.598327795663977 319.781144460042 324.855049451192 327.262818813324 324.559013048808 322.824796040853 316.606720288595 310.326675573985 314.009666442871 313.97666533788 311.635533968608 316.689928372701 319.948156674703 320.088068644206 321.361124515533 322.459956010183 317.441662152608 309.760828812917 307.687600453695 295.545299847921 279.109994570414 280.507822831472 300.813933213552 307.894647121429 306.561092535655 308.032313982646 306.423306465149 296.661694844564 276.968836784363 272.607704003652 269.634465376536 280.414521694183 300.75482527415 300.685624281565 307.457725207011 298.004666964213 298.240602016449 307.806372642517 297.825396060944 305.510779221853 295.298059781392 283.581833044688 293.38538646698 309.059460957845 312.278211116791 306.764920552572
292.885661125183 303.352137406667 309.944272041321 319.278180599213 324.192961057027 323.31383228302 315.858582655589 308.88843536377 313.811739285787 314.876139163971 309.940298398336 313.904563585917 319.602270921071 320.819278558095 320.077160994212 321.337262789408 319.465478261312 314.828832944234 311.845362186432 301.81751648585 292.631347974141 293.435414632161 303.516745567322 308.74772866567 308.63889058431 308.061281840007 305.835942427317 297.398368517558 281.37864669164 272.851367791494 274.056394894918 289.937774340312 297.580619653066 297.182202339172 307.02151854833 297.813514868418 295.577883720398 298.009912172953 295.555233955383 306.650757789612 302.747289339701 293.68793964386 298.212945461273 311.540921529134 315.544247627258 310.914516448975
263.182282447815 273.951152960459 282.338837782542 291.82497660319 300.909459590912 307.756801446279 311.534623305003 313.76059850057 315.25993347168 312.805910905202 306.721270084381 308.554967244466 317.476550738017 320.264915625254 317.097465197245 320.864458878835 324.905594189962 324.594080448151 319.916526476542 313.90517950058 312.865316867828 310.189445813497 307.072758674622 307.096282641093 310.012300809224 310.613473256429 304.389437039693 295.517245928446 283.764640490214 274.872263272603 276.074528694153 293.979386488597 289.335250854492 294.240097204844 304.196834564209 298.696557680766 288.904309272766 284.671584765116 294.678846995036 305.869201819102 304.308513800303 301.997860272725 300.046761830648 310.222943623861 321.286042531331 315.942962964376
247.320373853048 249.023000399272 256.219188372294 262.627442677816 268.398662408193 273.193200429281 278.53266398112 288.70423634847 301.615118980408 310.040632883708 311.996042728424 315.555890401204 320.235133171082 321.674247582753 319.244225819906 317.2274629275 318.855504194895 319.200992584229 318.584243456523 317.084908485413 315.315206845601 312.815725803375 315.268834431966 313.062091668447 311.474064985911 312.680999437968 307.904283205668 299.956281979879 292.760650316874 286.404013633728 280.014038085938 295.048713684082 289.104362328847 293.364723523458 297.814726829529 299.080848693848 295.21910349528 292.768895626068 304.171085357666 310.449083646138 305.931667486827 297.718048095703 293.325046698252 303.677181402842 316.587547461192 316.442211469014
267.109751701355 253.751655419668 243.064145247142 234.687924385071 238.88889948527 253.281871477763 270.465811093648 277.987162272135 285.839517911275 291.180769602458 304.278632005056 316.030184427897 321.787039438883 324.023286501567 324.160993099213 322.792569796244 319.743633270264 313.33061059316 313.236018021901 316.076020399729 313.730915387471 312.865157922109 318.635245164235 316.619495550791 314.095596472422 314.875821272532 311.204532782237 303.911785284678 296.771268049876 292.371491591136 294.00360584259 301.872630914052 296.398222446442 298.972507317861 296.253800392151 298.890650272369 306.749085585276 309.88343556722 313.509186108907 314.726034800212 312.230745951335 305.741508801778 301.376859347026 301.515539487203 306.587855021159 314.927061398824
302.496751149495 281.451980272929 259.224057197571 239.013314247131 231.276233990987 240.20928144455 262.570798397064 276.278913021088 279.265503088633 279.474516709646 287.709554036458 296.910285949707 303.651491800944 308.03660551707 312.756419181824 315.223594506582 313.146313031514 308.729588985443 310.239672660828 314.506689707438 314.513583978017 317.751924196879 322.319189707438 319.876511891683 317.535281181335 318.11132033666 313.540836175283 307.542204856873 299.885233243306 294.96435324351 299.779097239176 303.114732106527 305.471698443095 310.222367445628 304.395079612732 301.607648531596 307.822863260905 311.802009741465 311.738212903341 312.087972958883 312.391221523285 308.845420678457 307.114561398824 307.109256585439 302.914837996165 298.710942268372
316.134095191956 301.049987475077 286.395132541656 268.921415011088 251.153409481049 239.839692910512 246.858159701029 271.644274393717 281.232575575511 287.568310896556 285.416503747304 281.292080879211 277.942180633545 275.045077006022 276.137351989746 287.912646929423 296.004196008046 306.23588959376 314.035058021545 318.633298079173 317.682802677155 315.664291381836 320.560892422994 321.384151776632 320.704877376556 322.266638278961 319.76592540741 314.916332562764 307.503859202067 304.420630137126 305.40923277537 308.968444665273 318.331360816956 321.545600891113 318.66975625356 311.869303385417 310.470223426819 311.737259229024 312.445163726807 315.629800160726 313.902318477631 309.877117474874 308.180232842763 305.399954319 290.840725104014 284.195522467295
317.569692929586 313.449859619141 307.851731777191 297.975440820058 281.304736932119 255.364159742991 236.394544442495 237.069447835286 266.563137372335 285.867909590403 291.467249393463 288.239260514577 281.490047772725 274.130344390869 264.073093732198 266.083876291911 276.264985402425 288.66446018219 304.611484209696 315.568089485168 318.897088368734 317.17840830485 319.661200046539 321.058710416158 320.584992567698 322.203516960144 321.532090504964 318.755666414897 314.262866973877 314.411600430806 316.2828485171 318.573951721191 323.674460252126 324.700156847636 322.252333164215 318.223357200623 314.72247838974 310.705443223317 304.301778475444 304.280281066895 309.684236844381 315.098325411479 319.128135840098 315.038005510966 302.371760209401 291.30220413208
312.834898630778 313.466191291809 311.9904200236 307.764093081156 299.360493818919 284.247756004333 259.291251500448 234.018961588542 245.537141958872 266.152560710907 281.355222066243 287.827054659526 288.685838381449 286.835710207621 278.827667236328 273.348748683929 271.185179551442 273.957371711731 285.420795281728 298.366864522298 308.650970458984 314.690967400869 316.686431566874 313.97553284963 314.999481042226 317.436575889587 318.070729573568 317.111134529114 316.011786460876 319.884876410166 322.454988956451 321.797470251719 322.836518287659 323.150157928467 320.782383282979 319.421609242757 316.586295763652 309.950351715088 298.453648885091 299.488385518392 314.437766869863 322.165449460347 322.549720605214 318.909207979838 309.022704760234 301.15020275116
294.867714246114 301.495273907979 304.77778116862 304.864128430684 303.011516729991 301.473299662272 290.434261163076 276.138563950857 249.692221482595 241.762816905975 254.096686840057 274.165948232015 290.350695451101 297.278881072998 298.900564511617 293.464541435242 282.117267449697 278.220931688945 277.748624483744 279.428958892822 286.331295967102 291.714032491048 297.20538854599 301.112333933512 305.928826332092 308.516224225362 310.190260410309 309.324165185293 309.745272000631 313.975652058919 315.084258715312 315.405428409576 319.523910681407 322.417954603831 321.616450945536 318.64861647288 316.83737039566 314.234038194021 299.771686395009 300.646344820658 316.284557183584 319.973190625509 318.553348382314 315.884868303935 306.14032347997 298.517862955729
254.84844048818 266.478637854258 276.447494824727 284.30583079656 291.326959927877 297.098636627197 299.26343758901 295.957028865814 275.035917758942 253.315806388855 240.742564201355 247.925062974294 270.435651143392 290.095706780752 300.402005513509 293.556729952494 288.124759991964 283.291300137838 277.077297369639 272.744456926982 271.9500263532 271.964510281881 274.641255537669 284.598449865977 293.37485631307 298.870762189229 300.638417402903 300.426423549652 303.602317969004 307.205895582835 309.09518400828 311.637838681539 317.741135756175 320.17187277476 318.462312221527 316.599329312642 317.618529001872 319.247821966807 312.154014905294 308.702111244202 315.362254778544 319.139917691549 320.126434167226 318.391859531403 311.26860777537 305.704236030579
217.323164145152 222.277581691742 230.185329914093 241.479436556498 255.646904309591 269.722501436869 284.712195396423 289.592206478119 290.501435597738 279.467801253001 257.862627506256 240.08055528005 242.376764615377 263.053973515828 283.654729525248 285.616755485535 291.077415148417 289.079149564107 281.770547231038 273.390511671702 267.849763234456 265.259782473246 264.659643173218 272.290011246999 279.0287733078 283.170978228251 285.298546155294 288.658678531647 293.327391147614 296.845475832621 300.184885660807 304.552674293518 309.372544288635 311.284164587657 309.926827748617 310.287594795227 315.634568532308 320.753614107768 320.678909619649 318.488160769145 319.358925024668 321.942766507467 322.924097379049 321.507076422373 316.063503424327 314.019322395325
206.616004308065 202.49338944753 199.674983819326 199.674407641093 207.117140293121 222.77843952179 245.761930942535 264.764169851939 288.263122240702 291.712323824565 282.947500546773 262.923498948415 238.178690274556 236.08672618866 257.018566131592 279.171347618103 291.384120782216 292.694628238678 289.166808128357 282.34875202179 275.238633155823 274.366160233815 273.976544539134 274.008214473724 274.079541365306 273.216883341471 276.791950066884 283.929705619812 286.696155865987 287.246505419413 291.217048962911 295.636057853699 297.335823376973 298.672874768575 299.38675959905 302.977522214254 311.119755109151 317.737360795339 318.432907263438 320.441603660583 321.424682935079 321.534474690755 320.841093858083 320.699791113536 315.211613972982 313.274164994558
201.278905073802 174.760699272156 158.268024524053 152.767479419708 150.141179561615 156.435201565425 175.386408964793 209.130704402924 245.002090930939 275.285998980204 289.198974768321 289.360801378886 275.086462497711 251.840194066366 249.397754669189 271.794259548187 285.448133945465 295.029679934184 299.173553784688 296.510378519694 288.102885087331 285.440544287364 282.809893290202 282.642463843028 281.3707391421 279.393871625264 282.12700287501 288.864076137543 288.156310717265 283.306757609049 287.857333819071 291.460235913595 292.977690696716 293.307820955912 295.871953169505 300.408780574799 305.086135864258 308.737913767497 310.424486796061 311.287085215251 313.038885593414 315.99881251653 318.935294946035 319.977025190989 314.579010009766 313.377976417542
184.675534566243 146.591156721115 124.007840951284 120.805531740189 120.604862769445 125.581781069438 134.880642096202 162.129084269206 189.603408177694 234.803775946299 281.748016675313 302.96790599823 305.871427059174 292.666335900625 270.79959710439 267.012079556783 271.819174289703 284.534196058909 296.8670129776 302.398204803467 301.130712032318 296.661853790283 294.93502775828 292.434791723887 289.185464382172 287.661810715993 289.342085520426 291.051506996155 286.225835482279 282.897055149078 286.469101905823 290.34690062205 290.562212467194 289.831598599752 292.84260670344 295.905590057373 296.425143877665 295.700828234355 298.42338959376 298.63973458608 302.792966365814 307.277838389079 311.033209164937 312.127490838369 309.848626454671 309.741755326589
157.582600911458 130.34325838089 104.40394282341 100.989013910294 116.349309682846 140.158653259277 142.5634821256 150.738050540288 172.261754671733 202.318966388702 247.252921263377 298.04782072703 313.729604085286 312.070906162262 298.502544562022 273.27162027359 263.952513535817 266.230762004852 280.755519866943 299.062033494314 306.254386901855 302.51810948054 303.426305452983 299.106399218241 293.754994869232 294.070680936178 296.65607213974 293.522874514262 287.704249223073 290.070533752441 291.476051012675 290.995379288991 288.762927055359 287.003934383392 287.628591060638 287.11458047231 285.659670829773 282.362083594004 283.61713886261 285.169879595439 289.102653662364 292.689760526021 294.910907745361 295.644879341125 301.684498786926 304.63033914566
139.174650112788 128.188719352086 104.70113158226 92.4386183420817 96.8558192253113 123.208165168762 142.676413059235 152.078886826833 169.454534848531 182.735880215963 208.262284596761 258.206884066264 301.127692063649 312.193075815837 309.048136075338 299.736658732096 290.433684984843 277.958452701569 269.608775774638 279.122988382975 297.611673672994 305.105408032735 307.604312896729 304.268578688304 298.9408771197 299.890240033468 303.362846374512 299.939791361491 296.709597110748 301.081339518229 300.978461901347 292.004267374674 287.412166595459 284.627874692281 280.835409959157 279.094974199931 275.530854860942 274.490833282471 274.945894877116 276.916861534119 279.215395450592 281.737605730693 283.13934803009 285.306413968404 297.249754269918 303.138534228007
130.670368671417 132.671624422073 123.514304558436 104.467948277791 89.3870691458384 107.899904251099 136.426210403442 158.430367708206 176.000515619914 187.111258506775 196.758925914764 221.625367800395 255.46940167745 285.481492678324 311.473468939463 313.640375932058 310.67423025767 301.15928252538 285.273432731628 271.653294563293 281.148791313171 301.081657409668 304.129024346669 303.509453932444 303.876598676046 307.843486467997 310.841341813405 309.185405572255 306.524713834127 308.088878790538 303.823431332906 294.8304216067 289.236585299174 283.795237541199 278.869529565175 276.52649084727 273.790578047435 273.97350470225 273.997207482656 275.750160217285 277.092556158702 278.581301371257 278.693954149882 282.189746697744 290.258566538493 299.704392751058
137.731601794561 147.371908028921 150.975624720256 133.490741252899 114.174365997314 125.682413578033 145.559817552567 165.251394112905 183.497985204061 206.803242365519 214.637557665507 222.452998161316 240.232547124227 256.090482076009 270.419081052144 297.460913658142 311.576267083486 310.281177361806 306.541005770365 292.163113753001 276.503503322601 287.589967250824 293.996393680573 300.143202145894 307.393133640289 312.610944112142 314.865469932556 314.447820186615 309.581915537516 308.226148287455 302.697976430257 297.186970710754 291.235665480296 284.930070241292 281.555612881978 277.884383996328 277.352452278137 275.06697177887 273.572226365407 276.323894659678 279.929121335347 281.297107537587 279.970606168111 282.605806986491 284.139533837636 293.93196105957
147.11199204127 151.614884535472 164.594839016596 169.75728670756 156.579573949178 145.29209335645 146.739343802134 161.30938132604 176.49781703949 199.31701819102 214.853485425313 212.654968102773 221.346815427144 229.39799229304 249.227821826935 269.372622172038 281.000336011251 297.455410162608 305.967132250468 304.408450921377 297.637244065603 286.93809111913 287.76623805364 295.163571834564 303.081731001536 309.882362683614 314.515968163808 313.906610012054 307.424485683441 306.543548901876 301.785786946615 295.291384061178 289.663374423981 286.360800266266 284.057517846425 280.460298061371 277.283410231272 270.51309744517 269.014577070872 276.511192321777 281.129459540049 282.737036546071 284.921924273173 283.695260683695 281.553010145823 288.526435693105
