input/barkrak2/radiation/dir29224.grid
NCOLS 85 
NROWS 70 
XLLCORNER 665100 
YLLCORNER 4664600 
CELLSIZE 20 
NODATA_value -9999 
[rows 22 to 43 of 70, columns 0 to 47 of 85]
87.7750416596731 81.6775461037954 58.8833938042323 54.9068550268809 50.1694778601329 28.3335298299789 35.2663074930509 33.6717242995898 31.9593598445257 33.2922240098317 38.7584169705709 41.0575345158577 44.2349414030711 45.154278477033 47.2327321767807 52.8737753629684 66.1276280879974 78.0524561802546 84.5285455385844 87.6667698224386 93.9912597338359 110.720574855804 121.566037336985 128.55597337087 126.870671908061 118.053436279297 108.457028865814 100.790768861771 92.7573839823405 73.6923863490423 54.0388921896617 28.0785784125328 10.7116674383481 0.995136409377058 0.223460141569376 0.386296887882054 1.66596953446666 9.77622593442599 12.0127138992151 18.0522066851457 21.8360001842181 37.8253658612569 32.6686451832453 27.7460043629011 54.320419828097 73.1220344702403 80.0941487153371 85.82870165507
123.140354951223 112.352818250656 78.1846145788829 61.3034218549728 55.0071895122528 53.8453012704849 48.5094785690308 36.8262603878975 28.1935135523478 29.9413899580638 40.0583470861117 43.7628626823425 48.6386368672053 56.0347884893417 54.408664504687 56.0355136791865 63.470979531606 74.8642434676488 81.7263921101888 74.0706622600555 74.5804011821747 80.1784296830495 93.3212339878082 105.033030112584 113.115946451823 113.788634538651 103.046923875809 99.0711649258931 75.7366319497426 35.6348603963852 29.8759589592616 19.1478257377942 0.960530014708638 0 0 0 0 0 0 1.60737444336216 2.6456102107962 0 0 37.161851922671 51.7666041851044 67.9102490345637 75.141578912735 80.5627206961314
122.277140617371 118.28358968099 96.6866413752238 66.3196792205175 47.0562875270844 53.1513790289561 48.1253961722056 43.1644817193349 36.6049955288569 34.1275855898857 37.1021504203478 40.7501856486003 45.0780838727951 54.1649907827377 54.0558745463689 54.5239796241124 61.9797259569168 72.58340716362 80.7484139998754 72.7695524692535 72.4122921625773 68.7762896219889 79.0841033061345 88.0722999572754 93.6044951279958 94.9706534544627 87.9350999991099 78.0237515767415 63.9016230901082 28.4322400887807 21.9140450159709 19.5437495907148 5.64682669937611 0 0 0 0 0 0 0 0 0 1.02917912105719 62.6916140317917 64.8930370807648 66.7468557755152 73.7656106551488 76.7578532298406
108.297189076742 113.336702187856 106.656610965729 75.7467597723007 48.1827259063721 53.1186809142431 57.024210691452 64.4887586434682 63.2118135690689 53.985928495725 48.2317507266998 51.5037675698598 52.7857641379038 61.9213779767354 62.9808008670807 58.2902133464813 60.537725687027 71.9594011704127 80.3972731033961 82.9698493083318 85.133562485377 80.7530383268992 78.134149312973 77.9802550872167 81.4051230748494 83.1437657276789 79.6137402455012 76.8394867579142 46.5285827716192 40.6348556280136 40.7577604055405 47.0353762308756 39.9300927917163 1.40026863664389 0 0.0425713078584522 0.0222546077566221 0.04702127383401 0 0 0 0 13.4433756271998 67.5859302282333 75.7264693578084 71.2263435125351 70.8258301019669 79.0228843688965
107.109020153681 112.679143746694 110.946416854858 85.6214761734009 63.8115604718526 69.2678838968277 81.0802231232325 87.7032577991486 94.5389370123545 87.1996581554413 68.0362284183502 69.6904907623927 67.0868555704753 77.4387369553248 76.274315516154 66.0065313180288 64.1628354787827 74.5335519313812 83.6915175120036 95.1384405295054 98.2142786184947 94.6482419967651 87.3853067557017 80.3086211284002 81.1279465754827 83.676815032959 78.3470620711644 82.1419060230255 73.6452341079712 73.3441114425659 82.080215215683 103.984177112579 113.259851932526 92.6859974861145 14.4988683362802 2.792880559961 2.54950843130549 2.00007778281967 0.638739593947927 0 1.52209990968307 9.48558561503887 45.3375180562337 69.7050094604492 71.4563131332397 68.8626915216446 64.3614282210668 66.9965893030167
109.035193920135 107.579300800959 108.009000619253 91.6410982608795 93.204935391744 94.7465797265371 102.757771809896 103.47318649292 105.998853842417 100.641508897146 81.0543845097224 73.4192232290904 74.5032380024592 77.0142724116643 82.4026117722193 77.1541347106298 72.0666100581487 78.850120306015 93.2457248369853 98.9066958427429 97.9074736436208 88.2727801799774 87.3794456322988 87.7396464347839 88.6331001917521 88.8556142648061 86.1681501070658 93.8139855861664 109.045167764028 114.685922861099 122.421791156133 130.820115407308 141.114900509516 152.820060650508 110.566973686218 21.6829131046931 6.30155019462109 3.61636591454347 0.786116889988383 0 5.57937286794186 58.6761434872945 61.3518059253693 55.8513502279917 49.1338868935903 52.8940906127294 52.3062298695246 53.9942483107249
111.905376116435 99.7218588987986 100.859453280767 95.7322716712952 114.17614420255 108.484288056691 101.753274599711 97.7489749590556 93.7165121237437 85.6483976046244 75.0050842761993 67.1991507212321 72.74263103803 76.5296618143717 83.6847027142843 87.5943104426066 81.1432600021362 77.2849023342133 89.4075632095337 93.2923754056295 91.357300678889 84.0130349000295 84.742416938146 91.0887122154236 95.0312813123067 90.4395580291748 91.9489562511444 95.944474140803 117.785235246023 131.563653548559 142.607430617015 151.668608188629 155.516227086385 162.488430738449 156.616389751434 81.5251022577286 5.75705866018931 0.552059228842457 0 0 19.1621755560239 47.7757155895233 48.7888604402542 25.4897947112719 18.3347587784131 21.226445833842 26.1526703834534 38.9397690693537
112.227539221446 93.1811630725861 94.6022868156433 102.854639291763 113.942126433055 107.159485419591 87.9828631877899 72.0244745413462 60.2226505676905 53.9352893829346 53.2232075929642 56.059792637825 67.4112091461817 74.7461467981339 83.6153924465179 92.992236216863 88.7145002683004 76.4520168304443 80.6391636530558 83.4816098213196 83.3694338798523 83.9868187904358 85.4631066322327 91.324249903361 97.8608429431915 94.3128565947215 97.6779262224833 97.8967944780986 113.290806611379 135.918349027634 154.484609762828 163.584520419439 164.873232444127 166.590561469396 177.428166071574 160.184413194656 71.9379882017771 5.69609055916468 2.8986098865668 3.84062621742487 7.71580636501312 18.3107654253642 36.5648915370305 9.56635984281699 5.85542557140191 8.41590637962023 17.945879449447 28.3598651488622
109.410206476847 111.537247896194 135.961244503657 172.884424527486 145.954579114914 113.494843244553 80.6699097156525 52.7089138825734 42.5475686788559 46.5380599101385 43.1364377339681 43.0131355921427 63.9987140893936 72.0407416423162 86.4517092704773 95.8090225855509 94.4103201230367 82.4130475521088 82.3456595341365 85.8401954174042 82.5257003307343 88.0516767501831 91.1492705345154 93.6427414417267 100.009461243947 105.163713296254 104.52797015508 104.98109459877 116.943428913752 141.790866851807 163.18823893865 170.006553332011 165.990134080251 174.608747164408 187.173902988434 195.764005184174 168.95192861557 108.488609393438 36.4385768771172 13.3909160892169 5.72706510623296 6.09535413483779 21.1723397175471 5.55920973420143 3.9615835994482 9.36709220210711 15.9304514527321 26.1273036400477
124.406367540359 160.52124897639 209.651033083598 231.146931648254 212.282299995422 155.397315820058 105.313936869303 70.0641175111135 58.8686366875966 65.4642830292384 56.1294456322988 48.3711461226145 61.8589470783869 72.3462502161662 95.223993062973 102.083226044973 97.3412692546844 90.6696220239003 85.2488875389099 86.9032144546509 86.7595374584198 91.0201569398244 95.0498580932617 95.6058700879415 101.948151985804 114.466428756714 115.811467170715 122.360984484355 129.240324099859 145.886451005936 164.29943839709 172.836621602376 175.052662690481 183.088084061941 189.459542433421 189.481695493062 186.08029683431 175.363977750142 105.667978525162 33.4046731392542 11.6229814787706 11.3500654697418 6.24528465171655 6.72398010889689 9.91534193356832 12.3742694656054 14.1423766811689 19.2615364988645
186.820904413859 223.116040229797 244.962811470032 246.29537264506 246.054927508036 220.488309860229 175.106187661489 135.813842217127 109.324196974436 96.792330344518 91.3404325644175 75.8761664231618 64.4454856713613 69.602037469546 95.4591631889343 101.992934942245 95.4528947671254 96.8221227327983 87.5309109687805 85.463007291158 90.2686913808187 91.7034844557444 92.4086173375448 94.5168236891429 99.6955235799154 115.608900785446 123.150020837784 131.007303794225 138.071248928706 147.432039181391 160.835534334183 173.947393894196 174.179315567017 172.327955563863 174.406488736471 162.353893121084 163.682560125987 151.176641384761 104.648232460022 54.0068993965785 24.493729074796 22.8451018532117 16.5545406440894 5.64657337963581 6.44790815810363 7.25982151925564 1.96558469906449 4.11240911732117
235.782186190287 250.600874423981 253.866314888 251.826465129852 254.265089829763 250.138779481252 228.923777739207 184.042592843374 144.761145114899 123.315960168839 123.071988423665 110.793699820836 85.3972534338633 81.3162227471669 92.2204852104187 98.3567535877228 91.9849574565887 92.1400189399719 86.8462522824605 87.5512957572937 86.5811904271444 87.8466963768005 88.7044072151184 89.1182720661163 96.2075193723043 108.836789925893 122.380296389262 126.420478026072 136.082112789154 148.388206958771 160.677889982859 161.350121100744 151.68152252833 140.428781509399 143.113056818644 126.576721668243 127.139161030451 111.913631359736 74.4421084721883 39.9942249059677 45.0207740068436 42.5621618827184 22.3157455523809 7.18052498996258 3.29320567349593 0 0 0
246.701757113139 251.944621404012 251.681347688039 252.507587273916 252.573649088542 251.047591368357 245.501081148783 216.465632120768 166.310250759125 136.411319176356 134.252607822418 131.320645411809 114.48989311854 96.4476068814595 92.8066074848175 96.4398880799611 89.974840482076 85.1669013500214 87.0526532332103 89.8237625757853 85.6276551882426 84.530899922053 87.4942243099213 88.6028905709585 94.1789944966634 101.97381178538 112.527549266815 114.393621683121 123.639136552811 142.415781815847 152.608265479406 148.543546597163 140.981038411458 134.60244735082 126.657565434774 111.391663551331 115.610460440318 112.725098927816 92.7899181842804 60.848206281662 62.9377216100693 67.6060418287913 31.4415320754051 15.076719224453 3.18755023181438 0 0 0
242.678741614024 244.047443072001 241.620123386383 243.337333202362 243.418633937836 239.809016386668 236.53370141983 218.265493710836 176.425894101461 147.505203882853 138.954689105352 136.131872733434 129.182696342468 106.61917924881 97.1253911654155 101.960261662801 94.0772891044617 85.7445100943248 90.1256998380025 90.9928580125173 89.518407980601 85.123340288798 90.0930464267731 94.3090716997782 92.3829674720764 99.2667774359385 104.383955399195 104.932765165965 113.324155410131 134.256154298782 144.677768150965 142.067164182663 143.299520015717 144.306739171346 125.172257423401 118.21394165357 123.054563999176 130.071888367335 125.419467687607 91.6037956873576 51.1994659900665 38.7487138311068 9.89399353663127 0 0 0 0 0
221.358358860016 224.64253505071 226.48427883784 222.45180606842 222.622672716777 221.419115861257 225.698351860046 222.115854422251 188.453694184621 154.645423094432 137.071132659912 127.924462159475 125.340123971303 106.04061683019 94.1796600818634 103.078961372375 104.103823502858 91.3603603839874 93.6215122540792 96.5942442417145 96.8749225139618 91.46848320961 92.969278494517 96.5858896573385 94.1665569941203 95.7040190696716 102.561771869659 109.317948420842 114.54239487648 128.975450992584 142.305165529251 144.664943218231 144.648929437002 148.116797208786 128.495544195175 129.109839598338 129.643619060516 138.119161128998 137.979636589686 100.596537192663 27.7349725365639 5.51504703859488 0 0 0 0 0 0
199.806491533915 208.872338136037 217.545727888743 215.239147345225 214.898665746053 220.635851224264 228.994210561117 229.062040646871 207.172731558482 165.978034337362 142.64041185379 121.919532616933 110.024183988571 100.711127122243 90.4688239097595 95.4157114028931 108.416060606639 99.9728242556254 95.944623152415 98.9926060040792 99.1332133611043 95.7869390646617 92.6167865594228 95.9762136141459 97.1188644568125 97.5916882356008 101.002564032873 110.652953386307 115.741709868113 120.817581812541 134.958982467651 146.318564812342 147.311627864838 138.28976949056 123.863885800044 138.54440053304 143.223971128464 146.578152974447 144.929707050323 119.53192949295 23.9224111040433 0 0 0 0 0 0 0
164.424071709315 174.70637957255 183.826247851054 188.049455483754 196.576317151388 210.077166557312 222.698012987773 229.510207970937 218.777855237325 185.279250144958 153.908918301264 125.08761882782 107.942084471385 105.784744024277 96.1986879507701 89.7215108076731 103.01207502683 102.510273456573 96.3957409063975 95.9450503190358 96.4694321155548 94.3646430969238 90.6362930933634 91.8953716754913 96.6138044993083 100.715855757395 101.642489433289 107.403457164764 113.961666822433 115.202168623606 125.973105430603 142.945577700933 144.862512747447 125.192195177078 128.478785355886 151.453673839569 155.81742922465 151.492645343145 149.168491363525 144.944190979004 88.1687601407369 8.10675943891207 0 0 0 0 0 0
127.533088127772 134.843458731969 133.648365736008 144.667148590088 160.462121168772 178.315122922262 191.481073697408 203.282117843628 200.718402862549 176.958580811818 143.019646406174 118.207603693008 104.173600673676 102.85281141599 98.3645717302958 92.9128328959147 97.7331300576528 98.0187058448792 90.1158551375071 91.1057988802592 94.3578680356344 97.1246361732483 96.7645446459452 91.9608771800995 90.8878942330678 96.0589249928792 101.963549852371 106.600224971771 112.960080305735 112.557013829549 116.71108007431 131.060302257538 135.869393746058 128.446569045385 152.476251125336 164.297839005788 160.514463980993 153.143068154653 155.429422855377 169.834931691488 164.604405562083 98.5403160254161 23.7658992409706 3.13222066809734 0 0 0 0
115.657200415929 118.214666843414 118.059456348419 119.386543830236 129.145403703054 134.935041268667 139.067540566126 143.969714641571 142.281800508499 126.020560661952 109.705378611883 105.987558762232 103.834758202235 99.8925467332204 98.4365344047546 97.7633198102315 96.7332621415456 96.2037146091461 90.0060037771861 89.8068249225616 94.1657026608785 99.6053417523702 102.508395910263 97.9034006595612 94.0650204817454 93.5471753279368 103.483527898788 108.377854029338 111.935655275981 113.643825054169 114.894767602285 123.018423716227 129.1124522686 139.176497856776 164.147516091665 163.888394832611 152.593195438385 141.440043846766 144.538054863612 160.471379756927 174.15726184845 167.668541272481 108.892103036245 33.2552716135979 3.97934671491385 0 0 0
124.980330467224 122.728059689204 122.290879487991 120.720783869425 117.304563522339 115.604192018509 113.195359706879 114.636282126109 118.795762459437 109.362820784251 101.815700531006 102.604776620865 105.36390542984 104.641675949097 103.278875350952 101.534267266591 95.9927638371785 103.286802768707 102.962076663971 96.9919164975484 98.9697972933451 99.7666517893473 99.9146600564321 101.800411939621 102.527479330699 97.2033937772115 104.128877321879 108.275443315506 112.007081508636 115.049600601196 117.950528860092 122.630735238393 127.254068851471 146.600166956584 159.330030282338 151.00234746933 135.606368382772 124.340931574504 121.956924597422 134.507149457932 166.36257370313 173.884809017181 148.298442363739 81.9070637226105 19.7219078739484 1.84559837604562 0 0
130.596379439036 127.110183238983 130.059699217478 127.919455369314 121.090024709702 116.949180761973 113.367994626363 109.994351863861 109.325935443242 106.605509916941 103.911360104879 103.384405374527 106.813818216324 110.059142112732 108.76934727033 106.118659178416 102.192540963491 107.347617546717 109.134366114934 103.037486473719 100.094934304555 98.2259611288707 94.5759415626526 96.0957010587056 100.448062022527 96.807191769282 93.6162173748016 101.365586121877 106.578727563222 110.912670691808 113.485753536224 116.168806950251 127.04786658287 148.045321305593 155.392775932948 137.590775887171 122.036983569463 119.25615866979 120.863815148671 131.781111160914 141.128331422806 144.164641698202 128.828078508377 91.7747616767883 30.9162189563115 0.938858604058623 0 0
113.944937785467 116.804629564285 126.022040843964 122.859587272008 125.11478861173 127.662907044093 125.775039196014 121.0558116436 109.184732039769 107.153803110123 110.771040121714 105.745375156403 105.538566907247 110.323578119278 110.31785607338 106.745938460032 107.324918111165 110.452304283778 110.391070445379 104.323923587799 98.2876022656759 96.8829095363617 92.897891998291 91.8600261211395 94.5413410663605 99.7355282306671 94.4276948769887 97.0827142397563 103.854199250539 104.683140913645 103.794167439143 104.089836279551 117.825518051783 135.525047779083 139.812688032786 124.718099832535 119.474460681279 125.998636086782 131.314794222514 131.05966647466 127.354164918264 125.400851170222 118.133902549744 89.9729430675507 42.3847138881683 0.643328569519023 0 0
