input/barkrak2/radiation/dir23424.grid
NCOLS 85 
NROWS 70 
XLLCORNER 665100 
YLLCORNER 4664600 
CELLSIZE 20 
NODATA_value -9999 
[rows 0 to 19 of 70, columns 0 to 45 of 85]
286.213020483652997 294.362664222717 303.471287091573 312.455276648204 314.949293931325 312.691807746887 305.489798386892 299.287438392639 302.570243676503 302.793761094411 301.212906837463 305.215994517008 307.373464107513 307.668964068095 309.754570325216 306.745886802673 299.043695131938 291.33141040802 290.534496307373 278.818130493164 262.735784053802 268.327236175537 290.904521942139 298.606872558594 297.623376051585 301.21648311615 299.254417419434 287.596384684245 270.022928714752 265.542169411977 263.372222582499 276.185949643453 302.983820438385 300.954977671305 305.008947849274 295.392553011576 297.759592533112 307.451446851095 297.877430915833 304.998974005381 293.07234287262 286.719799041748 295.348008473714 307.144284248352 306.743741035461 303.92465988795
267.64303445816 281.075219313304 292.02127456665 302.924354871114 309.939702351888 309.553245703379 303.189277648926 298.433403174082 304.701546827952 305.435081322988 300.416886806488 303.297142187754 307.86128838857 308.786908785502 308.557093143463 307.443737983704 304.903129736582 299.07089471817 295.281370480855 283.580581347148 277.211626370748 283.101081848145 296.734174092611 300.843437512716 301.967243353526 302.728116512299 299.668510754903 289.860943953196 273.336827754974 266.449908415477 267.195125420888 286.9899670283 301.104664802551 300.363341967265 305.393179257711 296.268781026204 296.624084313711 302.211860815684 296.863873799642 306.295434633891 302.750746409098 294.191519419352 297.220488389333 306.713362534841 308.006286621094 305.787980556488
237.140317757924 247.393647829692 258.296569188436 268.977642059326 280.320286750793 287.723382314046 291.780829429626 297.66454299291 301.908592383067 300.227046012878 295.9104180336 298.560937245687 307.700435320536 311.349511146545 308.244009812673 312.130033969879 315.66979487737 312.797586123149 305.573304494222 297.212640444438 298.517346382141 299.318313598633 299.581785996755 300.480961799622 302.643835544586 303.502440452576 297.673106193542 288.309852282206 276.244640350342 269.239624341329 272.579312324524 294.003228346507 294.768691062927 298.393944899241 305.02716700236 299.217959245046 292.782266934713 290.680090586344 297.169804573059 306.268751621246 303.348422050476 297.349254290263 293.584088484446 301.54142777125 311.900734901428 310.125728448232
220.024645328522 221.692820390066 227.904736995697 234.646320343018 241.747697194417 246.501604715983 252.441962560018 264.9245262146 280.370553334554 291.262209415436 296.402017275492 303.614815076192 310.728351275126 313.196758429209 312.365174293518 312.055865923564 312.655607859294 309.463719526927 304.666101932526 302.084346612294 300.180375576019 298.178315162659 302.941679954529 303.244590759277 302.421351273855 304.521361986796 299.557367960612 292.333404223124 286.193648974101 281.14652633667 276.723166306814 296.393911043803 294.28497950236 297.981321811676 299.731473128001 301.096638043721 297.90586233139 296.698371569316 306.316475073497 308.292965094248 301.087121168772 290.871401627858 286.897281805674 298.668662707011 312.593579292297 311.014970143636
239.833235740662 225.15606880188 213.557680447896 204.541881879171 208.431124687195 223.680873711904 242.480278015137 251.784026622772 260.668694972992 266.8563524882 282.500843207041 298.204521338145 307.32927719752 311.321894327799 313.141922156016 313.591857751211 308.84975194931 301.352938016256 299.92405573527 301.404853661855 298.552135626475 297.274172306061 304.974973201752 304.695506890615 303.541541099548 306.004464626312 302.507400512695 296.103378136953 289.520700772603 285.743176937103 288.863917191823 303.102433681488 300.67519346873 301.482896010081 298.234899838765 299.717466036479 305.898706118266 307.751774787903 308.85241429011 307.19655752182 304.57216501236 298.354049523671 296.32834593455 299.450675646464 304.170409838359 307.575702667236
277.673979600271 254.653890927633 230.11702299118 208.474516868591 200.33848285675 210.031549135844 233.822305997213 248.975535233816 252.461314201355 252.541104952494 261.782844861348 273.41902256012 280.728459358215 286.054491996765 292.243381341298 296.967705090841 295.11022567749 293.020566304525 296.339988708496 301.049292087555 301.181892553965 304.440756638845 309.036791324615 307.137231032054 306.491573651632 308.303833007812 305.384993553162 299.145956834157 292.484184106191 289.171735445658 297.11510737737 304.775814215342 306.182583173116 308.662831783295 303.711414337158 300.52109559377 305.299818515778 307.343701521556 304.592669010162 304.937799771627 305.356403191884 301.618854204814 300.87673664093 301.437755425771 295.849641164144 286.084334055583
295.506954193115 276.190181573232 259.066879749298 240.545451641083 221.402406692505 209.531883398692 215.787609418233 242.657343546549 254.526674747467 261.682550112406 259.200096130371 254.586338996887 250.837286313375 246.827681859334 248.924493789673 262.295842170715 272.09468682607 285.581866900126 297.336518764496 304.582715034485 305.260022481283 304.554104804993 308.094183603923 308.031678199768 308.104316393534 309.668600559235 308.30983320872 304.635723431905 298.913419246674 298.344333966573 303.072611490885 308.876395225525 314.770897229513 316.058377424876 312.358160813649 306.114872296651 304.851949214935 304.414014021556 304.366747538249 305.79020579656 302.993178367615 299.618502457937 300.522228082021 299.835364023844 282.512068748474 276.475469271342
299.785574277242 293.342431386312 284.989635149638 272.666037082672 253.24809551239 225.983579953512 206.096967061361 206.365485986074 237.093408902486 259.675621986389 266.227602958679 262.649158636729 254.970649878184 246.556083361308 234.551390012105 237.768371899923 249.070823192596 263.253490130107 282.326281070709 296.559492746989 302.769144376119 303.841749827067 307.800988356272 307.525952657064 306.714057922363 307.669897874196 307.774484157562 305.717845757802 302.7649919192 305.566569169362 309.943298498789 312.814553578695 315.82107146581 315.232654412587 311.154166857402 307.367901007334 305.891553560893 300.840020179749 294.128477573395 290.878931681315 295.020937919617 301.934460798899 309.728423754374 308.447202046712 295.803745587667 287.921865781148
293.811122576396 294.381082057953 291.587928930918 285.733222961426 275.136212507884 256.85187180837 229.961395263672 203.225533167521 215.982218583425 236.526787281036 254.546999931335 262.369990348816 263.67845137914 261.463542779287 251.822551091512 244.678338368734 242.287834485372 246.43862247467 259.295582771301 274.226089318593 286.800106366475 295.101702213287 299.92155234019 297.319789727529 298.596541086833 300.258060296377 301.238119602203 300.953328609467 300.726989905039 306.468288103739 310.165882110596 309.712628523509 309.272249539693 309.709966182709 308.287620544434 307.965656121572 305.710355440776 299.425880114237 287.643472353617 288.078824679057 302.800536155701 312.041858832041 315.03572066625 312.183658281962 301.924447218577 294.67769463857
270.928700764974 278.743167718252 282.79056151708 282.853563626607 280.508895715078 277.798175811768 264.710247516632 248.583674430847 220.119814078013 211.384793122609 223.424017429352 246.503333250682 265.065272649129 273.560623327891 275.09593963623 268.366595109304 255.367855230967 250.102818012238 249.494612216949 252.558648586273 260.314623514811 266.084015369415 273.390253384908 278.937300046285 285.348792870839 288.055578867594 289.558788140615 289.594968159993 290.642261505127 295.8758076032 297.121047973633 297.636230786641 302.108804384867 305.500785509745 306.474566459656 304.800947507222 302.49410867691 300.340235233307 288.806815942128 292.171577612559 308.78214041392 313.969393571218 313.98206949234 309.82913573583 299.300074577332 292.466104030609
225.16256570816 237.957000732422 248.968223730723 258.200903733571 266.472061475118 273.207704226176 275.082647800446 271.105925242106 247.207363446554 223.653972148895 210.276921590169 216.772397359212 242.330352465312 264.700551827749 277.018189430237 268.866856892904 262.411991755168 256.657818953196 249.658405780792 243.910570939382 244.189381599426 244.2826628685 247.503697872162 259.015182654063 269.22078927358 275.845110416412 277.625620365143 277.656038602193 282.196005185445 286.478618780772 288.838903109233 291.834195454915 299.291769663493 301.628967126211 300.96709728241 299.748321374257 301.864782969157 304.096897443136 299.519598484039 301.540056864421 309.664030869802 313.581983248393 313.374479611715 311.738868554433 304.724335670471 300.787130991618
185.003976027171 190.220693747203 198.596715927124 210.652649402618 225.971142450968 241.414328416189 257.741888364156 263.327797253927 264.177779356639 252.17878818512 228.339433670044 209.443390369415 212.040901184082 233.117401599884 257.27903842926 259.966870148977 265.974303086599 263.400117556254 254.939476648966 245.538413524628 238.657395044963 236.122707525889 236.26830180486 244.663874308268 252.394556999207 257.398863633474 259.940485159556 263.795892397563 269.380788008372 273.49583307902 277.449985345205 282.355149586995 287.880778312683 290.332039197286 289.358297983805 290.327548980713 297.523081302643 304.698407649994 306.270122528076 308.745384216309 311.552266279856 313.403824965159 313.285926977793 311.037659645081 306.078493595123 304.545442263285
173.121492067973 168.828368186951 166.538735230764 166.524469852448 174.25549030304 190.648357073466 215.069135030111 235.673983891805 261.948545773824 265.61979452769 255.476097265879 233.831405639648 207.411090532939 205.224355061849 227.3996869723 251.33752822876 265.358726183573 267.70007610321 263.515969117482 255.594333012899 247.618397076925 246.757825215658 245.714406172434 246.535917123159 246.819933255514 246.082107226054 250.012834866842 258.039275805155 261.249423027039 262.041290601095 266.592403252919 271.552920341492 273.288349310557 274.858514467875 276.222229003906 280.531922976176 290.248016516368 299.027442932129 300.517717997233 304.673413435618 307.346304257711 307.829101880391 307.024439175924 307.192961374919 301.614026228587 300.669928391774
166.973491509755 136.924962202708 120.568672815959 114.796260992686 112.634619077047 120.077480872472 138.878454764684 176.624933878581 214.373846848806 247.398356596629 263.687173525492 263.624310493469 246.228814125061 222.229818503062 219.555556774139 243.622938791911 258.127927780151 269.602835178375 275.33886830012 272.023936112722 262.177427609762 259.214063485463 256.216704845428 255.332112312317 254.981954892476 252.93376048406 255.789359410604 263.454755147298 262.927830219269 257.304767767588 261.756141980489 266.579806804657 268.180012702942 268.523176511129 271.645287672679 277.155598004659 282.572865486145 287.101904551188 289.521813392639 290.144224961599 293.686509132385 297.745188077291 302.022258440654 304.02410030365 299.286723136902 299.81937011083
150.509277979533 113.561123609543 88.5326464970907 83.8900506496429 85.0777427355448 89.2916123072306 98.9112953344981 126.937399307887 156.274735927582 203.902363777161 254.422505696615 279.288411140442 282.343606154124 266.05623960495 242.784063021342 238.629937171936 243.656237920125 256.953994433085 272.350092728933 279.355486234029 277.679979801178 272.321442763011 270.196914672852 267.146746317546 263.236900170644 261.777917544047 263.858497142792 265.85058371226 261.006553967794 256.960093975067 260.561962922414 264.97479279836 264.455695947011 264.470775922139 267.951329549154 271.462440490723 273.218989372253 271.417776743571 274.818102518717 275.209208329519 279.402613639832 285.814066727956 290.497183799744 292.671044667562 290.915588537852 292.504111925761
128.700176874797 102.730184793472 73.8353083531062 63.1701101859411 79.0804922580719 102.518657843272 107.4291964372 118.383208910624 139.864683151245 170.076330502828 218.722939491272 269.396881262461 292.427917321523 289.862275123596 272.825558980306 245.232701301575 235.00003417333 237.515429655711 253.529965877533 274.808724721273 283.880293369293 279.505848884583 280.419548352559 275.142550468445 269.110520680745 269.568701585134 272.165735562642 268.119712670644 262.837111949921 265.190998713175 266.23398065567 265.676816304525 263.106008370717 261.206309000651 261.928955713908 261.338671048482 259.621183077494 255.042612552643 257.654130458832 259.481390317281 263.876338799794 268.244206905365 270.870804786682 272.019545237223 279.622832934062 284.081816673279
114.434113105138 103.244880835215 78.1309604644775 55.8578570683797 62.1961106856664 89.3328885237376 106.838623682658 121.311883131663 138.644168774287 152.998069922129 175.27045806249 219.99587615331 250.726679960887 277.024745941162 287.550032138824 275.546193122864 264.470756053925 250.619451204936 241.552571455638 251.774112383525 272.397299607595 282.648881276449 285.683910051982 281.694988409678 275.374889373779 276.343862215678 280.149817466736 276.315907637278 272.904833157857 277.542153994242 276.690900325775 266.989767551422 261.664827664693 258.322278658549 253.342608610789 252.317746480306 248.274127642314 247.093717257182 246.922532717387 250.117739041646 252.61519352595 254.587848981222 257.300396760305 259.771128495534 273.237804571788 280.587951342265
106.498708327611 107.525289058685 97.233921289444 67.4794216950734 55.7205975055695 82.2628239790599 109.562734762828 129.889210065206 148.784905672073 159.040719270706 169.88750298818 192.737380663554 225.262482961019 245.650192101796 258.720060189565 280.264059702555 288.757522900899 277.00408299764 258.604129155477 243.683914343516 254.10129626592 276.160299777985 280.692895253499 281.174023946126 281.617124875387 285.85418065389 289.299527804057 287.673751513163 284.528036912282 286.073207855225 280.905306339264 270.898938179016 264.005362987518 257.529377937317 251.917401949565 248.670339584351 246.366322040558 246.508320172628 246.564527352651 247.783203919729 250.205258528392 251.858711242676 251.169919967651 254.907468954722 265.359898408254 275.746822357178
112.818459669749 121.85529867808 124.20055270195 97.8723466396332 81.6701253255208 103.234559297562 121.163308620453 142.312705516815 158.494095007579 180.268049240112 187.398632367452 194.414556026459 205.353995164235 219.225406646729 238.44712972641 256.328821182251 266.57623052597 277.713398138682 281.416038672129 266.472597916921 249.000747998556 260.301371415456 268.16721757253 276.516397794088 285.387416680654 291.577696800232 294.285655021667 294.463674227397 288.790126641591 286.899288495382 280.316352844238 274.043758710225 266.522864500682 259.111642837524 255.073626836141 250.860651334127 249.418119589488 246.738155682882 246.08314037323 249.13763999939 252.269287904104 253.86122862498 253.416160742442 255.270143349965 257.016956806183 269.525806109111
121.617019176483 125.340133905411 137.555728356043 136.295656363169 123.656531174978 122.778167327245 125.172813733419 135.278681914012 153.048704067866 174.510796864827 187.07807858785 186.13604704539 189.641733964284 196.634670098623 211.509903271993 232.292135556539 247.575402259827 258.146166801453 265.689253807068 273.791352907817 270.605564117432 260.576605796814 260.645310084025 269.320388635 279.614706834157 287.86446650823 293.663918972015 293.816367785136 286.587397257487 285.452087720235 280.051132043203 272.770365079244 265.678822994232 260.695457458496 257.505297660828 253.211696942647 250.110308329264 241.805851459503 240.057249863942 248.244782288869 254.423717657725 255.414446194967 257.90003935496 257.540305455526 254.037996133169 263.289610544841
