input/barkrak2/radiation/dir29124.grid
NCOLS 85 
NROWS 70 
XLLCORNER 665100 
YLLCORNER 4664600 
CELLSIZE 20 
NODATA_value -9999 
[rows 42 to 62 of 70, columns 0 to 47 of 85]
132.74026910464 129.239072402318 132.182061672211 130.021810531616 122.491051753362 119.03914809227 116.258502006531 112.01673746109 112.346748510997 108.615607023239 105.893085400263 104.211837053299 108.751356601715 111.981729666392 110.661784807841 106.672843297323 104.061702887217 109.198639790217 110.962112744649 104.834059874217 101.873070001602 100.025365749995 96.3725348313649 97.8705982367198 102.217386166255 100.065539280574 96.8049863974253 101.741870244344 108.377317587535 112.721512715022 115.368068218231 116.960783799489 128.090818723043 149.844775597254 157.170742750168 138.768643140793 123.62418572108 120.82377076149 122.215529282888 132.825563351313 141.920387744904 144.946654637655 129.881242911021 93.5900012652079 32.3373625675837 1.18595470363895 0 0
116.089731454849 118.946770826976 127.462218205134 124.986628691355 127.229203780492 129.77260351181 127.851148446401 122.156302134196 111.212839682897 109.162628650665 112.77648806572 107.701410849889 107.460260391235 112.257599830627 112.237294514974 108.639776706696 109.186311562856 110.847095648448 112.25026845932 106.142421563466 100.08712609609 97.4034667015076 94.6975747744242 95.0283904870351 97.7502663930257 101.523747046789 96.1954692999522 97.4219739437103 104.256530602773 106.460273265839 106.912851333618 105.911751588186 119.687934716543 137.378772099813 141.609768072764 126.238187154134 121.138781309128 127.433786789576 132.424732049306 132.899125417074 128.438433011373 126.57372156779 119.514127572378 91.5157794952393 43.6945209900538 0.961049847925703 0 0
114.595194657644 119.995961586634 123.479922612508 124.6644059817 125.999619563421 128.086219231288 128.506163756053 123.877922693888 118.07178457578 113.498270511627 114.563365777334 110.958496729533 107.801079750061 105.835656325022 104.948282241821 105.680306752523 101.357311010361 108.219842116038 109.416504700979 106.31979505221 101.511478424072 100.793679555257 99.6382534503937 99.7361640135447 96.7536369959513 105.603228012721 108.511040608088 105.670273303986 105.500102043152 105.850478013357 101.509253184001 98.0341732501984 106.642613808314 113.807290792465 118.626117706299 119.175304969152 124.530553817749 135.223646958669 139.758169651031 130.626738071442 127.911259730657 121.593415737152 115.885565678279 94.8019623756409 59.1148187716802 17.0220298071702 0 0
121.518641710281 126.048773527145 123.298267523448 126.584460337957 124.533275763194 124.716262022654 126.578519741694 124.486227830251 124.981641769409 120.169828335444 118.339240550995 116.716891527176 111.072639624278 106.796483198802 105.168759822845 108.501076698303 101.655671993891 104.639410972595 109.30809378624 108.679284652074 105.3533355395 104.505042235057 104.333937168121 103.567987680435 104.338347911835 103.891253471375 110.549698273341 108.943353096644 106.974611679713 106.020798285802 101.977547009786 99.4756817817688 102.86220908165 102.43566830953 102.184504270554 103.238880634308 112.138986587524 127.655545870463 129.048496484756 113.96403114001 117.384811242421 111.335655053457 108.689079682032 105.816592772802 87.3268644014994 48.6893604199092 9.09957475960255 0
121.616770823797 123.025347789129 125.605136156082 128.07618578275 127.400984366735 127.150396505992 128.621717294057 129.966378211975 126.372436682383 123.976995547613 122.918039560318 121.265610059102 116.620560487111 112.60445912679 112.549722194672 115.847289562225 112.380037705104 105.933765570323 111.753304799398 110.174268484116 106.819023688634 107.229063908259 107.350746790568 103.881816069285 111.834138631821 103.478024403254 104.588607947032 106.848458449046 106.826543807983 108.011951049169 105.488489071528 102.04216837883 102.335681517919 102.218041817347 103.913853565852 103.412806987762 106.721768776576 115.68491657575 118.219633897146 114.787588516871 114.527642726898 106.438448031743 112.488975127538 120.458463827769 111.935754617055 77.0112127065659 35.0256611903509 2.70973208049933
115.064948797226 117.819060881933 123.616069555283 125.708431005478 129.165977239609 130.13944029808 127.978334824244 127.370178699493 126.730839411418 129.133641719818 125.117788712184 120.584785938263 119.308789571126 118.583410978317 116.674731175105 115.106006463369 113.501439491908 104.761670033137 109.624673922857 111.032277345657 107.229808966319 107.31452703476 109.904676675797 102.42489973704 105.904440085093 105.493585268656 100.450108448664 103.08035214742 106.026550134023 106.921335061391 108.132759730021 107.167224089305 101.081122954686 105.260034402212 117.023477951686 122.271239757538 116.634438435237 111.578762531281 116.369754076004 127.22443540891 118.950337171555 109.442889690399 116.568972667058 123.993933200836 117.131213347117 95.6911047299703 55.5388430754344 19.089716176192
107.719123363495 110.837211211522 117.136696974436 120.715220769246 127.734849850337 131.163199742635 127.979616324107 125.45183300972 128.76429160436 131.213088830312 128.603984912237 123.614837725957 121.126035849253 121.225416660309 118.898113568624 113.020181655884 111.783226331075 104.920625686646 110.167135794957 114.113618930181 112.816333770752 112.112402915955 113.740414381027 109.689235687256 105.520556370417 108.765989542007 104.752779006958 108.229120572408 112.93559273084 117.963999509811 124.314526716868 123.167087634404 113.688011964162 114.632904529572 124.42950407664 133.604149023692 133.293996254603 121.876378854116 118.824561436971 126.961082220078 115.767578283946 107.447981834412 104.463795820872 104.571868975957 102.522154649099 101.442952950795 90.2931094169617 35.9364698330561
106.966425975164 104.00253534317 109.273642301559 117.754141489665 123.414734999339 127.229670683543 129.798531532288 132.516086101532 132.964193820953 129.529813925425 131.201932827632 130.485951900482 126.054406166077 123.652676741282 121.184378862381 116.093556086222 113.830129305522 109.970152378082 113.304803768794 118.041644493739 119.383871555328 118.787477413813 115.35840233167 115.970621506373 111.131538947423 114.875912666321 115.710526704788 116.479456424713 121.43208583196 131.056884924571 139.473011096319 143.354992071788 131.569882233938 125.327775875727 125.279754400253 132.522920767466 140.794654687246 136.056045691172 125.522534052531 113.93795410792 104.896903038025 106.599867343903 104.893753925959 98.7281302611033 95.4129497210185 100.178847710292 94.935268163681 47.6319640874863
107.432534297307 110.920518636703 114.040384689967 121.386994918187 122.330745061239 122.564554214478 130.747358004252 136.31796836853 135.653754075368 134.481410185496 134.43186879158 133.762250343959 129.213273525238 124.999463558197 124.542444944382 127.643913030624 119.142482678096 117.482483386993 118.867844343185 124.383101860682 125.35172700882 122.645169496536 117.877791325251 117.249856392543 113.551278909047 120.152731736501 122.710774342219 122.186640898387 127.370188633601 136.08397046725 147.387901941935 151.31280819575 143.562793731689 130.685985088348 119.338134924571 118.21045478185 129.898369312286 141.978204250336 128.535588582357 107.645869255066 99.5269616444906 107.075651486715 110.714226961136 106.356124083201 101.450840632121 97.9067881902059 81.8850298722585 54.2529771725337
108.031749725342 120.02432346344 122.00794617335 124.386499325434 122.10601568222 121.36705716451 129.117359717687 135.286202033361 134.582062562307 139.261166254679 136.311421791712 135.808497667313 132.694731156031 127.076337734858 127.023458480835 133.667051792145 126.091678937276 121.878643830617 119.460662206014 122.073133786519 122.4744617939 120.982140302658 118.581583102544 114.914268255234 112.626165151596 115.107903877894 120.098094145457 119.691590468089 120.522608359655 128.033220767975 138.804972171783 147.970805565516 144.283552964528 122.418820858002 88.1362855434418 80.6341071923574 100.000232458115 122.25600083669 136.542499065399 132.584472497304 127.055575450261 118.37778488795 100.512673457464 98.0995893478394 106.565405925115 99.655677874883 78.0220131079356 65.5732204516729
111.32824420929 109.768092632294 108.613838752111 112.354815006256 119.662572940191 125.13741850853 125.340044498444 131.513764460882 130.815724531809 136.012415091197 136.796206235886 138.361165920893 137.56588101387 131.795068581899 128.640274206797 127.275715271632 128.85061899821 120.778958002726 115.137706200282 114.612450202306 114.086012045542 116.205314795176 116.21238787969 110.40527621905 112.370789051056 109.567701816559 109.900216261546 109.725852807363 108.425597349803 110.824207464854 118.688722451528 129.181077082952 127.458681662877 101.168056329091 66.388800740242 48.0250467856725 47.8995591402054 79.9246082703273 114.72350358963 133.314987023671 138.175298770269 116.760621468226 96.4217483997345 92.3287570476532 100.174407164256 90.7994210720062 74.2573191722234 82.6231737931569
115.51500360171 104.324340820312 101.708819468816 107.214430967967 119.983305533727 128.734250863393 128.106663624446 129.775881767273 132.100601991018 132.540782292684 134.756882985433 137.19720641772 139.439026514689 137.21638917923 131.568779548009 128.703723351161 131.054878234863 122.765362262726 117.852876583735 118.626455465953 118.339608112971 115.84284901619 112.864891688029 110.528349876404 110.725224018097 107.863048712413 107.853134473165 108.581523100535 106.031745672226 99.2969572544098 93.0651128292084 99.6845165888468 100.149770577749 82.686314980189 67.4379368623098 49.3018130461375 27.3156687617302 26.5935137867928 50.0040799379349 93.5379465421041 117.980301380157 106.904049714406 96.3891843954722 90.3926491737366 83.4529101848602 78.2488435506821 71.6844797134399 93.2665566603343
116.26015106837 109.762688477834 106.386423110962 111.867129802704 121.90173069636 130.675146977107 133.439004421234 129.664957523346 133.985886971156 132.383783658346 136.617292960485 138.138820727666 140.042513608932 141.30711555481 135.119487841924 134.531637032827 134.635339180628 128.194997708003 124.862372875214 125.046561161677 124.984095493952 120.578815539678 118.192235628764 117.096076409022 113.866637150447 111.852238575617 110.065519809723 107.319494088491 101.589441299438 95.891664425532 84.9050879478455 89.0151162942251 92.7616556485494 92.8922692934672 91.3637777169545 79.2261213064194 51.646222670873 35.5444153149923 31.1519155899684 35.5784619847933 79.090158144633 85.1213335990906 58.6542040109634 49.5162804921468 49.0151544411977 57.0171773433685 75.8322576681773 86.1333608627319
119.742115338643 118.019898732503 113.455474376678 110.941857099533 117.215732733409 130.075603723526 131.85907403628 129.517376422882 130.839278300603 136.305699745814 142.395546038946 143.523474534353 141.393264134725 141.495704650879 139.704366525014 138.930877049764 139.147728681564 135.717630386353 130.299707253774 126.9844075044 124.577681223551 123.514980077744 125.387946764628 128.056387106578 122.117211421331 119.84724799792 111.831615368525 102.450589338938 93.8812990983327 89.4831915696462 87.9490375518799 94.6308175722758 98.6618399620056 109.848380088806 117.244025071462 116.470952828725 104.044020175934 81.0833623011907 67.4458493789037 40.9884452819824 50.9149084488551 71.0327724615733 71.1952994267146 58.9079757531484 59.3392252922058 77.2420018911362 103.557795286179 100.223143895467
123.049914836884 122.119585673014 120.159685611725 115.433226029078 115.734994411469 126.640448967616 130.05260626475 130.033930142721 129.623701175054 138.454576333364 146.805395682653 145.646194616954 140.508969624837 143.295526504517 143.610934416453 136.842330296834 139.000833034515 135.266989469528 131.734549999237 130.443712075551 129.217525323232 130.168567101161 126.467277606328 124.983608722687 121.07108036677 117.24978685379 94.3552652994792 69.670836130778 67.1031177043915 74.386070171992 85.2292080720266 91.136634349823 96.844752629598 103.821088870366 117.986251910528 133.55694214503 129.019300142924 124.119391043981 107.906003793081 81.5570503473282 55.4055670897166 73.2340315977732 90.3615554173787 91.9130245844523 92.5320585568746 108.119904994965 136.639694372813 125.316093365351
121.938367684682 119.646499554316 123.422920703888 123.509715000788 120.189865430196 123.414625724157 130.488783121109 131.350984176 130.247006813685 137.239247560501 145.775109529495 144.486933946609 139.180868864059 141.794204711914 144.681483507156 134.362796942393 135.682533184687 133.503278096517 131.052752335866 131.885290145874 132.9611937205 134.445001681646 130.758762359619 124.12495414416 122.148722410202 118.938754002253 96.4219768842061 73.2802848021189 72.9742596546809 83.9029749234517 95.9559082984924 97.0514714717865 108.523945013682 119.466960430145 126.528412103653 136.298278967539 133.846541245778 78.6957591772079 65.2876744667689 80.4812411467234 83.4787786006927 98.2606907685598 103.245834509532 86.1567556858063 74.229970574379 87.6243412494659 114.061901966731 108.724693457286
109.421064456304 118.094235658646 121.49715423584 123.859494924545 122.845977544785 119.50296163559 131.040493647257 135.054876406988 134.812672932943 138.815561930339 142.289131879807 142.514089743296 141.002913316091 138.176381587982 139.414022366206 135.126272837321 131.167391935984 134.014874696732 134.191433588664 136.005977789561 137.665162483851 133.771340052287 130.580544471741 124.279737472534 123.465746641159 125.355045000712 119.718323151271 111.833393573761 115.713427464167 117.56099263827 115.082681179047 106.917341550191 122.802366813024 130.095481872559 126.912067333857 95.3860282897949 84.7544471422831 44.6011672417323 30.9381733338038 44.970562060674 84.4674309094747 108.671595652898 106.218238671621 90.8131996790568 78.4722069899241 82.4857701857885 99.1244912147522 103.811164697011
98.953386147817 115.038951237996 119.497080643972 122.277587652206 125.136236349742 120.499422152837 126.210540533066 135.082483291626 145.376155773799 145.652403434118 141.873886187871 140.027016401291 141.851236422857 140.113910039266 139.775405327479 136.263052622477 131.544570128123 133.006622393926 131.316651900609 127.737949291865 129.7367811203 127.966364224752 126.042207082113 123.745491107305 126.959900061289 130.30735651652 142.977734406789 151.351710160573 138.298332691193 132.504234711329 120.355983575185 107.041736443837 117.306927839915 108.068764209747 59.2177559932073 48.0195780595144 46.0402568181356 36.5969687700272 22.7179576953252 18.5371960202853 21.0210854808489 72.6503829161326 103.090365727743 123.957316080729 138.403127590815 133.383144934972 126.845131317774 124.811410903931
101.0569135348 111.370414495468 119.911720355352 122.351994117101 123.60413869222 124.428470929464 118.398288885752 129.288544257482 150.946726401647 149.6535440286 141.728609800339 137.836505969365 140.160113573074 143.014381329219 141.130795081457 137.945095698039 135.863383611043 132.719347874324 124.529639879862 116.069247325261 115.206638971965 119.067559639613 118.851671616236 122.57394194603 123.179932435354 128.556291262309 145.656685034434 154.600967963537 135.641624530156 128.672848145167 112.731128931046 97.2718993822734 97.0251162846883 89.6711349487305 66.2403553724289 40.8550451199214 42.413463195165 55.9746374686559 48.0488588412603 31.3742210467656 19.6529862781366 32.7607666452726 81.1379750569661 112.91715502739 123.394548892975 124.250928560893 116.854230562846 117.622057596842
113.784571488698 117.107450962067 119.846800963084 115.959952274958 109.037220478058 105.037689208984 114.175617694855 120.507369438807 130.802184343338 128.961364428202 127.248694499334 132.591813802719 138.964513937632 140.524049599965 136.067926883698 137.374540170034 136.910786231359 129.331767559052 120.713214079539 114.332507054011 113.41651280721 113.861034313838 116.675575574239 118.210653463999 117.002725601196 120.343029499054 135.281801223755 140.817672014236 134.697675704956 123.043100039164 106.219549973806 89.4061724344889 80.7991673549016 93.3321118354797 86.0672394434611 62.1084024508794 65.8308168252309 100.754876931508 108.827521403631 82.3449542125066 49.0507930517197 37.7861335873604 57.2419961293538 75.9970744450887 64.2723192771276 81.0807943344116 86.169570684433 91.2762681643168
127.033233642578 123.199512561162 119.2879875501 111.339867115021 99.756787220637 91.3864572842916 104.425211747487 103.433648745219 91.6917224725087 92.0703212420146 106.972793738047 120.572606722514 125.501284996669 130.073100328445 133.558144172033 144.67266201973 147.018750508626 137.218316396077 127.040863037109 122.026185194651 117.617557446162 117.103278636932 118.35910876592 116.559207439423 117.006838321686 118.691782156626 121.508578459422 124.29537375768 123.670081297557 101.241409778595 104.156990845998 96.8388219674428 87.7180397510529 104.175269603729 107.589016358058 94.3660239378611 86.3689482212067 87.9619816939036 93.8170353571574 91.3318991661072 73.7553189198176 57.295024394989 57.028591632843 45.084352294604 36.2464636564255 41.3807903726896 65.5760864416758 69.7636206944783
