input/barkrak2/radiation/dir24324.grid
NCOLS 85 
NROWS 70 
XLLCORNER 665100 
YLLCORNER 4664600 
CELLSIZE 20 
NODATA_value -9999 
[rows 20 to 39 of 70, columns 0 to 45 of 85]
110.44838031133 99.4223753611247 108.279665311178 137.250930070877 134.405424197515 113.922715187073 106.957455476125 117.288738489151 129.630068937937 140.852789084117 153.381456931432 155.909488598506 157.693992058436 158.560574054718 169.581095377604 185.400366783142 199.106713136037 210.487246513367 225.675205389659 242.905080318451 251.73807144165 242.63588587443 242.575287818909 246.647457281748 245.535890261332 249.163707097371 247.359395027161 247.523347536723 252.933283646901 259.088079134623 253.622134526571 239.686866601308 224.450012048086 213.950057824453 209.670662879944 215.986828009288 215.614438056946 217.284421126048 222.054441769918 227.227389812469 227.650364240011 228.077292442322 231.422245502472 223.971585432688 229.901313781738 233.963549137115
142.391582330068 132.714927196503 133.565684159597 163.739283879598 161.590337753296 118.313620487849 116.634458303452 126.114586989085 134.677916765213 140.86127281189 146.55014872551 153.110186258952 152.4764696757 147.669891516368 156.155774990718 168.838739395142 181.029856204987 194.706539312998 205.673615137736 223.091582457225 232.113599777222 240.216692288717 247.175614039103 242.682258288066 232.883632183075 223.287065823873 217.56645043691 212.707320849101 219.844659169515 210.660437742869 197.452823321025 169.620394706726 165.394335985184 156.880408525467 162.030617396037 183.385670185089 192.387680212657 209.284007549286 221.628725528717 222.887277603149 219.829857349396 218.791306018829 212.133228778839 193.244596322378 217.951933542887 228.902836640676
188.793023427327 188.681781291962 177.686512470245 183.868229389191 183.921297391256 142.923494180044 141.855816046397 136.516034603119 134.251177310944 137.675255537033 148.345530033112 154.802878697713 153.798788785934 152.834445238113 155.779202779134 164.183080196381 176.791250705719 188.479701677958 199.610690275828 200.508157412211 206.268807252248 220.690747102102 230.635066827138 233.332335948944 231.326421101888 225.422819455465 211.438496907552 200.244386990865 202.106455961863 189.996341864268 165.312945842743 119.452873865763 90.3466741243998 81.2765657901764 117.108891407649 141.34473601977 165.78338543574 188.547750314077 203.836580117544 208.235402901967 211.774230003357 213.676492373149 186.631818612417 160.676131645838 194.583376248678 225.168983141581
221.488614877065 216.241657733917 194.273988405863 190.025289853414 189.158240954081 180.82727988561 162.941912810008 141.16229613622 128.430674473445 132.066984971364 146.660506725311 156.386077404022 159.295002619425 168.526073296865 167.140404383341 167.195578416189 176.411151885986 186.00324789683 194.971521695455 185.908655325572 184.976736704508 190.963784853617 202.509800593058 210.730850696564 214.443286259969 212.91983127594 204.780042171478 190.71090221405 170.292655626933 141.587863365809 114.745517571767 90.0284945964813 51.1113405227661 16.6817208131154 18.4658393263817 48.0289310216904 90.1946425437927 122.886478900909 147.444387276967 161.396056413651 162.209351857503 149.703055620193 145.385722319285 174.600799878438 183.117349942525 213.99454275767
216.489672660828 215.153515338898 206.264197826385 193.029940128326 180.535872777303 180.387377738953 165.081451336543 154.913743336995 142.187178134918 134.812563657761 142.897417147954 151.251842578252 158.601234356562 166.424800952276 168.092866738637 167.402962843577 174.963275591532 185.05330880483 192.396521568298 184.610843658447 183.787524700165 180.339713891347 187.806268533071 195.244689782461 196.857988834381 195.104082425435 185.529768466949 172.738055388133 152.988334496816 108.26834042867 91.6563669840495 87.4242683251699 62.9147986570994 16.1185078322887 11.902658889691 34.1577604413033 54.7724316517512 74.3094384670258 95.0849652290344 112.037360668182 105.473895867666 96.9893336296082 120.45015891393 200.42892297109 201.493144035339 218.31347544988
204.8592766126 210.01277367274 212.643643220266 195.554534594218 181.340952714284 180.477698644002 178.306063016256 182.738025983175 178.78262201945 163.329869508743 158.472855885824 168.08275381724 171.525041262309 179.765343666077 181.50786558787 174.003183841705 175.275385379791 187.532285849253 192.017197608948 195.48894961675 199.735442797343 195.455571015676 189.617355664571 186.075170834859 185.37833293279 185.167868932088 175.178110599518 161.916702985764 138.120333353678 121.942063172658 118.068834145864 130.421956380208 126.733422279358 69.0290381511052 41.3212701678276 50.5308508872986 56.7107498645782 65.3639137744904 85.2069954077403 82.4893812338511 74.3746360143026 81.7066182692846 128.234714269638 200.505932172139 218.958914279938 225.764334201813
205.097198486328 209.56814289093 213.048577308655 200.378318627675 197.181224822998 197.688857714335 202.808459599813 206.26437664032 211.830019950867 202.054699261983 183.560490608215 190.981964270274 190.848747889201 196.263412634532 195.511996746063 183.848738670349 181.570410728455 192.056854565938 199.041962623596 210.203846295675 214.554051558177 211.416562398275 199.176371097565 190.225700537364 187.306086222331 186.56059106191 177.551647027334 170.485238234202 153.932511806488 155.941118796666 172.105093797048 197.66906897227 205.628871917725 198.100368181864 140.024642149607 77.935665845871 73.1240262587865 75.3097285827001 86.8068834145864 82.3197464148204 92.33624736468 133.667677640915 162.964681784312 194.117307662964 217.898805936178 222.619732220968
208.3434065183 205.287337303162 207.420349121094 202.442089716593 226.120193799337 221.789181232452 222.158352533976 218.147317568461 219.102044900258 219.129204750061 200.807213783264 195.423165957133 196.742097536723 200.179080168406 203.608433405558 197.492818037669 191.488067309062 198.815743128459 212.617337703705 217.256307601929 213.245213031769 203.444202740987 199.309806029002 199.667771657308 196.726520856222 194.723029931386 188.071529070536 185.679058233897 183.786769707998 195.263981819153 212.328831354777 225.539207458496 231.246630350749 243.84872118632 230.812112490336 139.787356058757 94.2482749621073 83.1096072991689 77.2952139377594 86.0256055990855 130.470931529999 203.87476682663 187.457203865051 181.364417076111 194.819827874502 198.414961496989
208.260397116343 197.020908196767 199.75624481837 208.302636941274 246.783673763275 230.295161406199 219.176272551219 209.014733632406 208.295583724976 205.388247966766 196.510851383209 188.372413317362 193.708161513011 201.510866483053 204.574306805929 207.551101843516 202.065388361613 198.195576667786 208.018819491069 207.742651303609 204.597989718119 198.187053203583 197.615643342336 201.046725114187 201.211293538411 195.966303348541 196.025729179382 192.103147506714 190.568208694458 208.698610464732 227.968831857046 242.435654004415 246.550003687541 246.885458628337 253.910581270854 211.049894491831 109.612723191579 70.1856911182404 58.4502220153809 69.9627896149953 144.691010316213 192.305684089661 175.520638624827 149.673779805501 155.132989088694 159.031043450038
204.833308855693 189.08816576004 194.159944852193 218.062440554301 246.327718098958 227.888147036235 203.641692797343 184.828321139018 174.298485120138 169.319669405619 171.620349089305 175.666709740957 189.921319484711 200.310269991557 201.790054639181 209.37168598175 208.030104637146 193.765600522359 196.580906709035 198.298116525014 196.999172369639 198.864817619324 199.16037718455 202.695369720459 204.939723014832 201.340436935425 204.300940036774 196.530342102051 196.787317593892 214.270095030467 237.243513266246 253.174026807149 251.067856947581 248.892267545064 259.490172068278 259.639759858449 199.273467063904 110.261519749959 81.8540106217066 89.9569392204285 124.378770589828 144.020905097326 154.909511407216 122.204889853795 119.165668884913 125.361243883769
197.858989238739 204.139987627665 233.691096305847 278.87624502182 272.169550259908 234.373986721039 196.674684683482 164.707849423091 152.523060639699 161.995629469554 157.474060853322 157.004574934642 178.07525396347 199.264983336131 207.203527291616 213.135778903961 214.971800645192 203.214863936106 200.053552786509 200.965623060862 197.815597057343 203.815499941508 206.132133801778 205.795029799143 208.337048689524 211.363911628723 211.614668369293 208.528637886047 206.146816412608 223.554650942485 245.706895987193 257.290502389272 253.383219242096 257.946074008942 266.693433125814 271.250526110331 268.056114514669 240.398685137431 160.363972187042 116.375197966894 106.674720843633 109.135220448176 123.999824126561 118.97008617719 113.718758026759 133.547971645991
216.261347134908 250.462333361308 287.854790687561 304.871916770935 313.637832800547 275.974214076996 227.531909942627 188.232700030009 175.451477368673 186.1705382665 178.436875343323 162.784149249395 173.964778582255 195.785840352376 213.74903122584 218.434731165568 215.365350246429 211.175600687663 203.650196393331 203.976432482402 204.24872636795 209.577441215515 212.127506732941 210.207184155782 212.390164534251 221.844832102458 223.214149475098 225.539406140645 224.078774452209 233.866473038991 249.610424041748 258.106092611949 260.977367560069 268.563270568848 274.668018023173 266.955276330312 267.148753007253 281.213760375977 240.209261576335 161.660303672155 116.838693618774 111.69570684433 114.76789911588 125.37807226181 141.337176163991 169.122596581777
267.583807309469 293.614168961843 302.557249863942 299.290140469869 313.48979473114 312.765022118886 287.401894728343 252.629518508911 225.604335467021 220.149636268616 219.034731388092 194.05194123586 177.717705567678 193.262497584025 214.839120705922 218.835075696309 216.669281323751 219.385266304016 207.419991493225 204.320271809896 209.177116552989 211.050073305766 210.548917452494 211.144288380941 214.585502942403 226.965844631195 231.201807657878 236.323714256287 234.640121459961 237.607677777608 251.897136370341 262.445231278737 261.874159177144 260.292828083038 263.721625010173 253.057638804118 254.573126633962 258.886833985647 232.041001319885 184.380332628886 149.749090274175 133.833517630895 123.600075642268 129.259417454402 143.683622280757 173.632224400838
290.415167808533 299.754361311595 295.682470003764 287.626107533773 293.191651503245 306.943893432617 307.830393314362 285.700579484304 258.827447891235 245.565672715505 246.152381102244 226.876537005107 202.684660752614 202.302277088165 214.614351590474 217.226882775625 212.264657020569 214.875320593516 206.341167291005 208.266119162242 207.205772399902 208.814442157745 209.420581658681 207.858184973399 214.626590410868 223.407844702403 235.409696896871 237.323661645254 236.365437507629 243.356823921204 255.109886328379 256.284117698669 244.632522265116 237.098534901937 240.459322929382 221.707065900167 220.449209213257 211.056152979533 183.54070186615 165.69052139918 177.825252215068 164.609144131343 146.935989459356 132.827798525492 132.728715737661 153.976698716482
297.276874383291 297.798832257589 301.365156968435 291.793882846832 288.635929425557 296.646555264791 309.996247291565 307.680706183116 280.671536922455 257.814526557922 250.194430351257 244.39795811971 232.512990633647 219.852765401204 215.637604395548 216.273883978526 212.635238965352 211.405495802561 210.338115692139 214.508573214213 209.269384543101 207.681973775228 208.542386690776 209.425449371338 213.962872823079 221.038977305094 229.446589946747 226.877013842265 232.226530710856 243.322571118673 252.356032530467 244.265675544739 231.621424357096 230.449795722961 223.623355229696 206.394990285238 209.481994311015 207.680900891622 198.257267475128 190.641323725382 199.002385139465 204.925219217936 186.973750591278 167.401313781738 147.341519594193 139.547129472097
307.413895924886 307.016332944234 311.131576697032 307.61855840683 300.635874271393 300.836563110352 309.991578261058 316.255629062653 290.83925485611 264.055689175924 247.636576493581 245.43555577596 249.398112297058 231.280982494354 222.28995958964 223.441004753113 219.76625919342 211.258927981059 215.746442476908 217.738111813863 215.848783651988 211.701055367788 214.904685815175 218.31359465917 215.926229953766 220.930596192678 224.088708559672 221.669713656108 225.808680057526 242.578128973643 247.004508972168 239.578704039256 234.01157061259 235.097289085388 218.676467736562 212.229450543722 217.978755633036 222.704211870829 226.187189420064 220.971504847209 190.50258398056 191.089292367299 179.169774055481 165.61163465182 146.250327428182 120.019604762395
307.796279589335 308.363238970439 311.645865440369 310.038844744364 303.101281325022 298.793852329254 305.887440840403 315.879305203756 295.374969641368 262.889643510183 249.53552087148 246.201813220978 248.125712076823 234.108885129293 222.946206728617 227.461655934652 228.663245836894 219.396412372589 221.729497114817 224.701722462972 224.166512489319 220.272580782572 218.573709328969 221.253931522369 218.805412451426 218.49916378657 224.141875902812 228.89365752538 232.158362865448 242.148796717326 247.282008330027 243.033727010091 236.236989498138 235.320488611857 218.559265136719 221.633871396383 225.419263044993 230.210622151693 231.575588385264 219.897210597992 167.825758457184 142.467319965363 127.786586682002 119.708915551503 108.835309743881 105.593661467234
301.464994748433 305.893003940582 310.626188913981 308.843334515889 303.596496582031 302.531937758128 307.370702425639 314.088443915049 306.913475195567 275.129675865173 257.237394650777 246.312896410624 236.429572105408 228.441377480825 218.5906569163 224.13843870163 235.735615094503 228.958328564962 225.671470165253 226.781209309896 228.198925654093 223.559975624084 219.910979270935 219.825764497121 220.393021901449 220.791081587474 222.786466280619 230.568587779999 233.214577039083 237.382352352142 244.858205318451 245.792726675669 238.909780979156 224.874933560689 212.044854958852 229.517499605815 237.850308418274 238.272607326508 231.864968935649 224.429488182068 160.687953233719 105.725804964701 82.7863216400146 70.6260104974111 70.3247785568237 78.7350634733836
280.605256557465 289.068897565206 294.015447298686 295.472145080566 298.049132029216 304.552872975667 309.556206067403 312.442402044932 309.906681378682 289.339959621429 272.619187831879 253.718634446462 237.297753492991 234.65883731842 226.574937502543 220.007618268331 232.296586036682 230.11589050293 224.863946437836 222.7423787117 224.445283412933 220.808108647664 215.03746509552 217.450022697449 220.558722813924 223.979810873667 222.608745098114 228.275458017985 231.068690617879 233.175079027812 240.837375322978 246.961236000061 235.258360703786 211.43913269043 217.692414919535 244.630376497904 249.397476514181 243.297775586446 232.42708047231 232.446710268656 208.333750565847 135.119378566742 85.5657756328583 68.6077376206716 64.9958004554113 64.6618207295736
252.325654029846 257.70103931427 257.386485735575 266.25516017278 278.759757677714 291.590313116709 300.380865732829 307.619253794352 306.170721848806 290.776252746582 267.696003119151 246.478299299876 234.505534172058 231.897294521332 227.275808652242 220.818897088369 226.739863554637 225.14416774114 217.211325963338 216.581026713053 221.007506052653 223.414500554403 219.672163327535 216.221769650777 214.765310287476 216.055413087209 221.221407254537 225.204388300578 229.064246018728 229.760487874349 231.413086255391 239.39194281896 227.023224035899 213.778614997864 241.323908170064 258.472720781962 253.19892168045 245.826284090678 239.360133806864 244.606077671051 261.874377727509 240.716179211934 163.995077212652 111.873884995778 82.9199055830638 63.888818025589
