input/barkrak2/radiation/dir21024.grid
NCOLS 85 
NROWS 70 
XLLCORNER 665100 
YLLCORNER 4664600 
CELLSIZE 20 
NODATA_value -9999 
[rows 0 to 19 of 70, columns 0 to 45 of 85]
331.258237361908016 336.386919021606 338.816126187642 338.892539342244 334.424336751302 329.829752445221 322.820723056793 316.905657450358 321.067134539286 320.307731628418 317.697405815125 323.997755845388 328.864316145579 328.191479047139 330.796341101329 335.618019104004 333.603938420614 324.696063995361 319.781402746836 308.818598588308 289.68870639801 288.106441497803 306.944688161214 314.191500345866 312.166531880697 312.311848004659 311.137477556864 300.437609354655 281.830569108327 276.421229044596 274.098614851634 282.149910926819 297.606368859609 302.505930264791 306.826968987783 298.405528068542 297.121008237203 307.266394297282 302.714924017588 304.417133331299 294.755558172862 279.733081658681 288.9098127683 307.409067948659 312.700390815735 305.713295936584
321.776072184245 328.039288520813 327.367663383484 330.961187680562 334.004322687785 331.463615099589 323.49693775177 314.988454182943 318.832039833069 320.393522580465 315.362672011058 320.303718249003 326.984981695811 327.574153741201 327.377120653788 329.593022664388 329.447011152903 325.817048549652 324.76927836736 315.689126650492 303.197105725606 299.486418565114 307.426452636719 313.124398390452 312.60867913564 310.388247172038 307.942390441895 300.686478614807 285.933395226796 276.601632436117 277.712861696879 290.684600671132 294.629355271657 295.902093251546 306.131581465403 297.949314117432 293.384075164795 295.069813728333 290.497203667959 303.662180900574 301.061511039734 290.571749210358 296.315828959147 312.551180521647 317.538539568583 309.191743532817
289.862036705017 294.980784257253 302.72642771403 307.298978169759 315.511703491211 321.701268355052 324.310044447581 324.365655581156 323.508302370707 320.414900779724 313.456435998281 314.51690196991 323.18921883901 325.573722521464 322.106162707011 325.739483038584 329.08699909846 330.502072970072 328.443884849548 323.973079522451 321.98695341746 315.935095151265 310.674766699473 310.463527838389 312.462290128072 312.267104784648 306.478023529053 299.324134985606 287.914156913757 277.59325504303 277.349511782328 292.497952779134 283.929983774821 289.73795970281 302.623470624288 296.973347663879 284.702976544698 279.621918996175 289.287924766541 303.214967250824 304.289976755778 303.127447764079 302.963058153788 314.678510030111 324.210047721863 314.927458763123
273.485600948334 269.227882226308 274.904529253642 281.080842018127 286.858777205149 291.712880134583 296.604951222738 305.297275384267 316.218018531799 322.513163089752 322.033623854319 322.90913661321 325.712581475576 326.357583204905 323.57120513916 320.00458240509 321.83297475179 324.056148529053 326.577186584473 326.021770636241 323.613862196604 321.182310581207 321.528176466624 317.770044008891 316.249469916026 317.861715952555 312.519669532776 304.070989290873 296.6002424558 288.814584414164 281.339605649312 292.569279670715 283.883512020111 289.601385593414 295.181334018707 296.467403570811 291.138132413228 288.355151812236 303.226828575134 312.255163987478 308.373868465424 301.349103450775 296.599606672923 305.820246537526 316.844046115875 317.164301872253
286.878049373627 272.704442342122 262.780368328094 254.976272583008 259.607156117757 273.505489031474 289.493938287099 296.137650807699 303.179462750753 307.868957519531 318.732301394145 326.946934064229 330.939988295237 331.841270128886 330.721954504649 329.063514868418 326.365371545156 320.618371168772 321.819881598155 325.809379418691 324.082891146342 323.506315549215 327.521959940592 323.911408583323 320.146997769674 320.252577463786 316.084504127502 308.162530263265 300.673067569733 296.076714992523 296.078145503998 299.402276674906 293.724417686462 295.566876729329 293.25258731842 296.424647172292 304.767608642578 308.601121107737 314.787268638611 317.886869112651 316.379070281982 309.219082196554 303.229749202728 301.204403241475 306.122144063314 319.934964179993
317.9585536321 299.233496189117 278.846224149068 259.766260782878 252.334455649058 260.619401931763 281.988819440206 294.815103212992 297.503372033437 297.717889149984 305.082738399506 312.925537427266 318.674842516581 322.318553924561 325.137992699941 327.250679334005 324.568748474121 318.991661071777 319.150447845459 322.945535182953 322.864572207133 326.111753781637 331.653714179993 328.677217165629 325.604856014252 324.860990047455 320.000847180684 312.298834323883 303.501387437185 297.944962978363 300.275842348735 300.327777862549 304.59988117218 309.107780456543 303.332110246023 300.616582234701 307.766954104106 313.090165456136 314.947764078776 314.9174451828 315.71900844574 311.857759952545 309.947391351064 309.358795483907 307.078878084819 306.700269381205
329.514543215434 317.168593406677 303.318977355957 288.066109021505 271.282951037089 260.336518287659 267.072896162669 290.673454602559 299.299875895182 304.966708024343 303.055862585704 299.369851748149 296.354989210765 293.73037815094 294.486482938131 305.079420407613 312.021613121033 319.956739743551 325.286646684011 327.880660692851 325.455665588379 322.509189446767 328.623135884603 329.73317305247 328.503350416819 329.741100470225 327.232638994853 320.720632870992 312.075396378835 307.243128617605 305.819670359294 308.507164319356 319.304823875427 323.020259539286 320.746541023254 314.021686712901 312.650720278422 314.710239569346 316.714604695638 320.440967877706 319.472352663676 315.698246161143 313.17663192749 308.937033017476 294.860482215881 288.16552956899
329.178392887115 326.739430427551 322.740356127421 314.532657464345 299.709359804789 276.526868343353 258.382419745127 257.98237323761 286.072353521983 304.387191931407 309.212962786357 305.531938870748 299.525042374929 292.912324269613 284.65340534846 286.349356174469 295.603712399801 305.742104848226 319.342414538066 327.821791172028 329.114596048991 325.374007225037 326.797544956207 329.109827677409 328.548153241475 330.379843711853 329.888979593913 326.505561669668 321.179270744324 319.416741530101 319.210012753805 320.87653875351 328.584452470144 330.804248650869 328.53752374649 324.816902478536 320.486923058828 316.19926293691 310.091137886047 312.833686669668 319.47124004364 323.880573113759 325.530370076497 319.80836391449 305.144429206848 291.941066582998
325.457950433095 326.106985410055 325.379331906637 322.298963864644 315.482199192047 302.450875441233 280.363122622172 256.379644076029 266.910076141357 285.273551940918 301.267147064209 305.733680725098 306.229432423909 304.669797420502 297.983050346375 293.185611565908 291.212558746338 293.576300144196 303.921977678935 315.279801686605 323.737740516663 327.600260575612 327.550788720449 324.845353762309 325.659473737081 328.581432501475 329.239010810852 327.753444512685 325.978318850199 328.420281410217 329.70666885376 328.938166300456 330.633441607157 331.725915273031 329.519748687744 327.27442185084 324.141542116801 317.43069489797 304.583191871643 306.536634763082 321.55179977417 327.852686246236 326.624770959218 322.401940822601 313.280800978343 304.567754268646
311.53682867686 317.080716292063 319.76322333018 319.865345954895 318.395733833313 317.673881848653 309.286852677663 296.944558620453 271.043837070465 263.759990533193 275.523722171783 294.749677181244 308.772603670756 314.286649227142 316.102723280589 311.103542645772 301.079173882802 297.622044881185 297.19877243042 298.540711402893 304.735938707987 309.262712796529 313.476622104645 316.19797150294 319.799741109212 321.843246618907 323.493957519531 322.73542881012 322.666903336843 326.119899749756 327.124178409576 327.294548352559 330.712993939718 333.130160967509 332.044959068298 327.880700429281 326.110641161601 322.6092060407 307.116250197093 305.48483133316 320.109883944194 322.908560434977 321.714202562968 318.875590960185 310.211499532064 301.65692170461
276.141107082367 286.817650000254 295.702497164408 302.516500155131 308.564941088359 313.562273979187 315.855940183004 314.093152681987 295.864641666412 274.697085221608 262.812316417694 269.704778989156 291.516562302907 308.635433514913 316.664656003316 310.853580633799 306.240280469259 302.163163820903 296.601017316182 292.646666367849 291.768451531728 291.689991950989 293.912092844645 302.615384260813 309.978524843852 314.589063326518 315.790335337321 315.484404563904 318.32484404246 321.398218472799 322.919408480326 325.111130873362 330.171426137288 332.102735837301 330.790519714355 327.788313229879 327.958623568217 328.761001427968 319.737871487935 312.533895174662 318.045258522034 321.741064389547 323.02188873291 322.25767771403 314.868807792664 307.657460371653
240.833481152852 245.560427506765 253.066559632619 263.717512289683 276.929259300232 289.888024330139 303.444067637126 307.761450608571 308.675189812978 299.658020337423 280.098537604014 262.275139490763 264.340976874034 283.865074316661 303.018629550934 303.672472635905 308.702051639557 307.171761989594 300.79863468806 293.257137139638 288.170138994853 284.85103448232 284.955720106761 291.965206464132 297.893424828847 301.337341467539 303.132653236389 306.097984313965 310.055514176687 313.101232051849 315.955638885498 319.906810919444 324.184636274974 325.67177216212 324.017107486725 323.89509677887 327.804307142893 331.338028113047 329.988320668538 324.835817019145 324.451327323914 326.799273490906 328.613877296448 327.816545963287 322.26308186849 319.936434427897
230.734884738922 226.767480373383 224.657674630483 224.690914154053 231.102824211121 246.133128801982 267.902910709381 285.581270853678 306.836605072021 309.715529282888 302.02442407608 284.783144791921 260.483344395955 258.47723086675 278.310736020406 298.506697018941 308.603882789612 310.236573219299 307.234823703766 301.311552524567 294.900218645732 294.005990028381 293.656388918559 293.56050491333 293.448130289714 292.478978633881 295.768260955811 302.19288667043 304.603199164073 305.618246396383 309.12850300471 312.481085459391 314.162949721018 315.315127372742 316.275914510091 319.290041923523 325.464367866516 330.394784609477 330.461661020915 331.466098626455 330.495953559875 330.318033695221 329.707145690918 329.326411088308 323.85524113973 321.367800235748
225.499033927917 199.798921744029 183.690369129181 178.342223167419 175.788919130961 181.929111480713 201.431314150492 232.901116212209 267.137428124746 295.115848382314 307.113428910573 307.45671192805 295.119384924571 273.206988970439 270.947615305583 291.924258073171 304.272174835205 312.477906545003 315.794408321381 313.65176041921 306.395471096039 303.96842956543 301.631549994151 301.525870958964 300.717035929362 298.113763332367 300.754169623057 306.748708089193 305.889546871185 301.65841182073 305.842459201813 309.705416361491 310.401479403178 310.723265012105 312.8355940183 317.508379618327 320.73716322581 323.691368103027 324.785590171814 324.466069539388 326.192577679952 328.297177950541 330.195069313049 329.34033870697 324.578702449799 322.040915489197
210.478862126668 173.606753349304 151.908606290817 147.671272357305 147.385855515798 152.520994345347 160.14164686203 186.275502045949 213.193853696187 257.630944252014 301.14338795344 319.441219170888 321.846922238668 310.885469118754 290.844122568766 287.35609849294 291.945497194926 303.502301375071 314.780175685883 318.93132130305 317.447125911713 313.682238260905 312.273343404134 310.216546058655 307.089805603027 305.575847625732 308.054069677989 308.774530887604 303.947925567627 301.194151242574 304.754575093587 308.205882708232 308.454871177673 307.709117730459 310.34396092097 313.054442405701 313.397030035655 312.749803066254 314.913392066956 314.122577508291 317.651391029358 322.094480196635 325.124422709147 324.609796206156 321.866571903229 321.242928504944
177.736560503642 151.179363330205 130.449364582698 128.435959418615 143.646577994029 165.810366471608 166.959404945374 173.338274161021 194.593449433645 224.160472551982 269.545515378316 315.543075402578 328.341444333394 326.986213525136 315.983712673187 293.292462825775 284.721891085307 286.810457706451 300.110379854838 316.846052805583 322.301705678304 318.485220273336 319.392263889313 315.829634666443 311.010400454203 311.211367448171 313.796877861023 310.969392458598 305.144627888997 307.524045308431 309.233864148458 308.813631534576 306.85039361318 305.233418941498 305.777112642924 305.323402086894 304.086804389954 300.084789594014 301.988403002421 303.31548055013 305.893003940582 309.870302677155 311.764677365621 312.155604362488 316.546479860942 318.717579046885
157.039880752563 146.306624015172 128.299395243327 119.571258624395 123.825093110402 148.252387841543 169.969360033671 174.935102462769 189.260681470235 203.350424766541 228.564918041229 276.499370733897 321.415841579437 326.581120491028 323.798457781474 317.27276245753 309.758305549622 297.443668047587 289.698282877604 298.594693342845 314.846098423004 321.158727010091 322.713891665141 319.888790448507 315.340876579285 316.276490688324 319.49386994044 316.388169924418 313.061833381653 316.613574822744 316.802302996318 309.573709964752 305.566509564718 303.237875302633 299.836953481038 298.101842403412 294.930299123128 294.00622844696 294.36194896698 295.958459377289 298.10353120168 300.381064414978 301.431973775228 303.353091080983 313.497920831044 318.271895249685
148.62980445226 150.892515977224 144.790093104045 131.060341993968 115.560551484426 130.169063806534 158.338119586309 179.279645284017 197.278221448263 207.824130853017 217.094620068868 245.19948164622 284.848431746165 319.170415401459 326.165239016215 327.862362066905 326.4080286026 318.805913130442 304.183065891266 291.657984256744 300.388276576996 317.995429039001 319.499929745992 318.938314914703 319.245278835297 323.008060455322 325.661242008209 323.972761631012 321.405788262685 322.935362656911 318.890531857808 311.52884165446 306.971808274587 302.364071210225 297.991534074148 295.876940091451 294.21212275823 293.544173240662 293.53533188502 295.113503932953 297.223031520844 297.572612762451 297.648111979167 300.868093967438 307.802736759186 315.82365433375
156.449457009633 166.856169700623 172.264317671458 159.843385219574 139.765799045563 142.471184333165 163.744986057281 183.345417181651 203.206260999044 224.492073059082 233.77670844396 239.749073982239 264.643490314484 278.563062349955 307.957172393799 325.532476107279 326.434870560964 325.473189353943 322.731057802836 310.296058654785 296.123226483663 306.261499722799 310.980478922526 316.596388816833 322.569529215495 327.033301194509 328.938841819763 328.042884667714 323.560237884521 322.609742482503 317.950407663981 313.095529874166 308.330734570821 303.132116794586 300.293644269307 297.060290972392 296.716272830963 294.705828030904 294.069012006124 295.662442843119 298.975904782613 300.187150637309 298.822999000549 301.26694838206 301.430344581604 311.09619140625
167.609453201294 172.326505184174 185.951173305511 195.168435573578 183.014651139577 162.345389525096 162.837505340576 176.984747250875 193.484266599019 216.472943623861 231.485784053802 233.382145563761 242.684741814931 254.70095872879 272.453725337982 296.145856380463 319.485286871592 320.855359236399 321.831127007802 320.653438568115 315.07682800293 305.62041203181 306.409418582916 312.850217024485 319.422086079915 325.084805488586 328.808724880219 327.58375008901 321.495115756989 320.814967155457 316.623528798421 310.823480288188 306.31552139918 304.192701975505 302.501837412516 299.421350161235 296.581963698069 290.507733821869 289.180278778076 295.059939225515 300.095915794373 301.510810852051 303.462187449137 302.249471346537 300.32475789388 306.368549664815
