input/barkrak2/radiation/dir27924.grid
NCOLS 85 
NROWS 70 
XLLCORNER 665100 
YLLCORNER 4664600 
CELLSIZE 20 
NODATA_value -9999 
[rows 21 to 41 of 70, columns 0 to 46 of 85]
69.6345170338949 56.9600512584051 47.2612182299296 64.9112910032272 61.5285138289134 38.0510290463765 41.6219631830851 51.9816974798838 59.2488596836726 64.4281804561615 67.009116212527 67.0338620742162 65.2933617432912 63.8752281665802 73.3274618784587 86.9983235994975 100.17250974973 112.387508153915 120.953887701035 138.164967298508 147.983690102895 159.852425257365 164.481242497762 162.088364362717 154.013613859812 139.882028102875 128.047813971837 127.157181501389 132.676303386688 115.855832894643 95.6581731637319 80.436959862709 56.9476087888082 42.6037261883418 30.1602408289909 32.9384505748749 49.029216170311 64.5919442176819 81.2105586131414 90.4572109381358 94.346155722936 102.699637413025 98.8236467043559 86.2080454826355 111.223916212718 123.136291901271 131.329526503881
112.135072549184 107.669442892075 85.9260857105255 83.6365620295207 81.1616728703181 52.8189937273661 61.4656855662664 61.3964945077896 57.3457578818003 59.3942999839783 66.5941337744395 66.7024155457814 67.8883294264476 71.1410442988078 71.4835474888484 80.0553659598033 93.4167901674906 104.887157678604 114.049484332403 118.055631717046 125.298738479614 141.512374083201 152.45720744133 155.946493148804 154.067178567251 141.672720511754 130.7705839475 122.373352448146 111.98232571284 109.480649232864 69.8397308588028 41.7246222496033 25.3060683608055 7.42555533846219 3.08116090794404 8.62808836003145 21.699512998263 38.9992073178291 55.5672397216161 64.3575638532639 74.8630116383235 84.5978359381358 59.999739130338 56.3561419645945 83.8059981664022 114.487191041311 122.86231915156
146.371096372604 136.031707127889 105.792731046677 90.4632111390432 86.6708954175313 84.5813949902852 77.7556399504344 63.3299350738525 54.4242560863495 56.9495956103007 68.1482702493668 66.0237520933151 67.9491659005483 81.2901010115941 78.2409906387329 79.8667818307877 88.2652203241984 100.604216257731 106.884866952896 100.442945957184 100.770622491837 107.067843278249 123.267948627472 135.432054599126 138.712833325068 133.263965447744 125.603685776393 116.953740517298 95.6966777642568 49.9931524197261 42.0669615268707 31.3586890697479 6.64397204915683 0 0 0 2.80628570665916 12.9678932329019 22.7496872345606 24.4730338454247 19.5809702078501 18.4680558741093 34.2239985863368 68.1427419185638 82.1262101332347 103.050728638967 111.504564682643
145.445605119069 141.729831695557 123.856673638026 94.7592258453369 77.6674499114354 83.8188032309214 78.6567529042562 73.269377152125 63.1135900815328 60.0510189930598 62.1591210365295 62.8749281167984 64.5471264918645 77.8074016173681 78.7894825140635 79.2447080214818 86.0412120819092 98.6631214618683 105.988085269928 99.0225474039714 97.3642865816752 95.3672130902608 105.525155862172 113.744417826335 118.901570638021 119.101723035177 111.441334088643 103.885332743327 83.4447244803111 40.31124462684 34.2205290993055 32.1406324704488 14.6154053509235 0 0 0 1.70779911180337 3.88735098143419 7.61060292522113 5.39287303884824 6.61766777435939 2.32163614903887 17.3208179573218 93.5657024383545 98.4646280606588 105.556060870488 112.348934014638
132.101982831955 136.983265479406 134.534617265066 104.028662045797 78.7645181020101 84.8952829837799 89.8026426633199 98.2365806897481 97.2894231478373 84.2295388380686 70.594718058904 74.4168659051259 76.2721051772435 86.3343675931295 87.7632300059001 81.5273423989614 85.4856769243876 97.0317721366882 105.767279863358 109.931965668996 111.825476090113 108.615318934123 104.80476419131 103.55136791865 105.441242456436 108.007609844208 102.952132622401 96.9225168228149 74.5784193277359 58.6639245351156 56.9040675957998 65.9983853499095 59.0711037317912 9.46008848647277 0.286421331111342 3.83555113027493 4.5368280261755 5.13766116152207 5.65033343931039 4.51495312154293 0 2.10133443276087 33.6714585622152 91.7550226052602 113.60901594162 114.170213540395 112.770368655523
130.989134311676 136.359433333079 134.741177161535 113.333145777384 95.4168140888214 102.07986831665 115.822424491247 123.123824596405 130.427171786626 114.324549833934 89.2607470353444 90.4693404833476 91.8726623058319 101.427068312963 100.933055082957 90.4817978541056 88.9798899491628 101.018399000168 110.887914896011 121.915231148402 125.742167234421 122.108111778895 112.276534239451 105.930030345917 106.459071238836 108.920176823934 101.770967245102 102.39456097285 92.3451284567515 92.6904380321503 104.128777980804 127.807478109996 136.76584760348 118.805150190989 38.622943063577 12.3205545047919 10.5362969140212 9.95128477613131 9.27293486893177 3.56833854069312 6.08032693465551 30.8331226309141 70.9227820237478 94.7920282681783 106.311619281769 103.846708933512 102.026452620824
132.870505253474 131.46643837293 131.917824347814 118.820637464523 126.605768998464 128.128250439962 140.456944704056 139.408538738887 132.979998985926 126.360565423965 104.259381691615 94.1986838976542 98.6640850702922 102.029124895732 108.902484178543 103.093008200328 97.7948804696401 105.749895175298 120.106796423594 126.159479220708 125.56137641271 115.503599246343 113.276282946269 114.767710367839 115.48967162768 114.453166723251 112.469325462977 115.60469865799 128.364205360413 135.570426781972 146.599213282267 157.501508792241 167.626778284709 178.275267283122 140.493134657542 43.755183617274 20.7277312874794 11.9576392074426 7.48703690866629 6.67349311212699 22.9121968150139 88.8178547223409 92.7343865235647 82.8752020994822 81.1999340852102 76.1416753133138 77.5555521249771
135.603874921799 123.840481042862 124.990969896317 123.476554950078 149.521052837372 144.448171059291 137.395203113556 127.821375926336 115.053415298462 107.200096050898 93.722681204478 87.9588723182678 96.790224313736 101.497640212377 110.28070251147 113.250394662221 108.276903629303 103.708505630493 116.467664639155 119.601637125015 118.726193904877 110.459158817927 110.75434088707 118.495812018712 120.461086432139 116.209586461385 118.800153334936 117.980102698008 138.805051644643 152.35569079717 167.178531487783 177.825470765432 185.286700725555 187.220891316732 183.485309282939 111.063847939173 20.0156892339389 5.88111951947212 2.30069660271207 1.8407735042274 39.9658754467964 86.8941048781077 77.060341835022 55.3072839975357 54.180254538854 54.0939817825953 57.08280702432
135.768433411916 117.23385254542 118.906815846761 131.494671106339 149.782677491506 142.99339056015 123.300065596898 98.8186001777649 81.8764219681422 73.1941163539886 72.1582422653834 76.7281452814738 85.5525434017181 99.4026859601339 111.636221408844 117.939035097758 115.79030752182 101.075460513433 106.005479892095 110.515813032786 111.296951770782 111.389636993408 111.270507176717 119.760572910309 125.153869390488 121.371964613597 125.023424625397 122.749278942744 135.120153427124 156.851371129354 178.800165653229 191.495656967163 191.244641939799 190.669973691305 201.663335164388 187.741657098134 101.533760627111 20.9539731343587 12.7658074100812 16.1795640985171 36.7248331507047 51.827276746432 58.9844733476639 36.5813498695691 30.9909010926882 36.9120587905248 56.9340238968531
132.614920536677 135.855535666148 162.249584992727 202.741384506226 183.01651875178 149.716715017954 105.068743228912 73.7757037083308 62.5456919272741 67.5161282221476 63.3568515380224 60.8493139346441 82.2303046782811 99.5883047580719 116.067628065745 122.645437717438 122.696061929067 108.492861191432 108.149290084839 112.588187058767 111.252854267756 115.439275900523 117.378185192744 121.234635512034 127.038995424906 132.910152276357 131.964822610219 133.538275957108 139.682153860728 166.63521528244 189.103245735168 197.388112545013 192.933201789856 201.073845227559 214.117149511973 219.847659269969 197.075724601746 140.405764182409 60.9357357025146 30.5108552177747 24.6224254369736 26.6425808270772 42.5223062435786 33.0620855093002 27.8077870607376 40.4310747981071 69.005474448204
149.047325054804 185.937762260437 234.361191590627 255.984246730804 244.948506355286 186.631103356679 132.32014576594 91.3280347983042 80.4958442846934 87.1460338433584 78.4107148647308 68.5726553201675 79.9952447414398 97.2552895545959 119.807630777359 126.957486073176 125.138322512309 118.510643641154 112.951596577962 114.602794249852 115.545312563578 119.395871957143 122.117181619008 124.088863531748 129.161775112152 142.87139972051 144.512365261714 149.343778689702 157.21117456754 173.607389132182 190.061946709951 199.664950370789 202.85701751709 209.418694178263 214.741508165995 212.504963080088 212.167302767436 205.588400363922 137.659251689911 58.4034323692322 29.2090624570847 28.9480189482371 32.998114824295 36.023053030173 44.4915592670441 65.2677913506826 79.4401963551839
211.09535296758 246.416012446086 267.184992631276 267.52515633901 269.662956396739 246.910035610199 202.693561712901 159.269829591115 130.978941917419 121.761739253998 116.443971792857 99.256823460261 85.1960778236389 97.6249575614929 122.804214557012 129.13046280543 124.108771483103 124.594668547312 115.21844069163 112.889210383097 118.249992529551 120.07220586141 120.971630016963 123.115281263987 128.025541702906 144.313633441925 152.162492275238 159.978260596593 167.640844980876 174.088637034098 187.944670518239 199.88743464152 200.908641020457 199.139952659607 199.333250522614 182.802418867747 191.371083259583 181.198000907898 141.300062338511 83.2458734512329 47.5905189911524 43.2007163763046 35.8080590764681 37.0300461848577 44.5631444454193 62.0124737421672 73.3170360326767
256.45782550176 269.742210706075 271.954158941905 268.81206035614 271.174788475037 271.117726961772 252.279202143351 208.628217379252 170.027236143748 149.529884258906 149.063110351562 135.461936394374 109.827856222788 104.913324117661 119.388669729233 125.001053015391 118.256419897079 120.458801587423 113.713622093201 116.004357735316 115.097105503082 116.533468166987 116.036673386892 117.456018924713 124.830305576324 137.902557849884 150.803486506144 156.012852986654 164.4180615743 175.876537958781 188.518444697062 191.458602746328 173.068702220917 167.990148067474 165.26452700297 149.685601393382 150.1790980498 135.773519674937 98.7183650334676 67.392960190773 72.7481146653493 65.9664024909337 51.9357273976008 39.23665980498 38.3887017766635 48.6652006705602 55.8795779943466
266.232073307037 269.927620887756 270.235816637675 269.595682621002 268.774092197418 270.369688669841 267.802596092224 238.986134529114 189.90687529246 159.839769204458 156.273225943247 153.255651394526 138.266384601593 121.786057949066 121.03991707166 123.406112194061 116.649091243744 113.683839639028 114.044229189555 118.351678053538 114.260494709015 113.281557957331 115.04011352857 117.35654870669 121.908416350683 131.369819243749 142.086843649546 143.688042958577 152.289211750031 170.789698759715 180.930117766062 176.723917325338 163.015494743983 161.416053771973 149.796009063721 135.122328996658 139.150828123093 136.444429556529 119.088232517242 90.1039242744446 91.081976890564 99.2143352826436 79.0207386016846 59.8518947760264 48.0860322713852 36.2409700949987 9.92925092577934
263.130784034729 265.322268009186 263.856172561646 265.032192071279 264.211416244507 261.319200197856 259.90891456604 245.943526426951 201.687693595886 170.770426591237 160.664816697439 159.043580293655 154.791673024495 133.014768362045 125.538617372513 128.957370917002 123.103449741999 113.11415831248 117.836276690165 120.144069194794 117.17031399409 114.051719506582 117.7732249101 122.110982735952 121.460229158401 127.242147922516 133.737454811732 134.934395551682 142.164011796316 163.232823212941 173.121770222982 169.413546721141 165.187279383341 166.143000125885 148.262759049733 141.641239325205 146.325558423996 152.919391791026 153.516630331675 123.570601145426 84.4435493151347 82.537184158961 68.3303972085317 54.3690025806427 43.8398371140162 7.62092508375645 0
247.15526898702 249.979257583618 251.817981402079 248.220523198446 247.742076714834 245.998640855153 250.457505385081 247.800628344218 213.461558024089 177.237788836161 162.356505791346 152.117043733597 152.030150095622 133.349627256393 123.541931311289 131.204108397166 132.235874732335 119.301338990529 123.088995615641 126.140415668488 126.493960618973 120.737016201019 120.799114306768 124.50651327769 123.415400584539 123.580286900202 131.851891676585 138.569454352061 143.844981988271 158.433457215627 171.078006426493 172.278145949046 170.770684878031 169.484237829844 151.218275229136 151.965081691742 156.311005353928 160.499314467112 160.459707180659 131.991525491079 62.1675501267115 46.2791721026103 27.4387498696645 22.6912920673688 14.375913888216 2.79424867282311 0
227.894008159637 234.840512275696 243.934075037638 241.878132025401 241.170763969421 245.840052763621 253.329734007517 255.441168944041 231.454233328501 188.620169957479 166.309038798014 147.826254367828 139.585336049398 128.495464722315 119.809836149216 125.438968340556 137.076238791148 128.45108906428 124.05319015185 128.725757201513 128.781537214915 125.298609336217 121.89190586408 123.907764752706 126.507341861725 125.530689954758 130.344649155935 140.120218197505 145.25631070137 150.377849737803 165.353675683339 174.281100432078 169.021248817444 160.284201304118 146.656811237335 164.435257514318 169.703324635824 173.502087593079 166.617314020793 148.452013731003 54.8712064822515 14.6704502403736 8.72926041483879 6.5760010232528 0.451900608216723 0 0
193.247715632121 204.218804836273 211.594521999359 216.818292935689 224.665403366089 236.944794654846 248.146891593933 253.906766573588 245.092511177063 208.272099494934 178.535242875417 152.994602918625 138.203163941701 134.646862745285 126.082281271617 119.270036617915 131.646811962128 132.505297660828 124.532759189606 125.552237033844 126.018911600113 123.832603295644 119.823396205902 121.042917172114 125.989397366842 130.170603593191 131.039996941884 136.827945709229 143.499851226807 144.717117150625 155.461023251216 171.50624593099 166.670938332876 147.736102342606 152.80161301295 177.276531855265 182.654698689779 178.662359714508 170.24286588033 170.963267485301 119.067003329595 33.818706870079 10.6249302625656 7.15214014053345 6.15059087673823 0 0
156.960825125376 163.191904624303 162.868370612462 173.765202363332 190.31157096227 206.162532170614 219.959100087484 228.869716326396 227.419714132945 201.976736386617 171.895424524943 147.412359714508 134.509801864624 131.71507914861 128.400226434072 121.265232563019 127.626955509186 127.849996089935 119.488338629405 120.514184236526 123.823126157125 126.617173353831 126.241018374761 121.112207571665 119.880974292755 125.294824441274 131.321827570597 136.064390341441 141.148746013641 142.049392064412 146.192232767741 158.788621425629 158.277382453283 150.764008363088 178.302466869354 191.620806852976 187.406857808431 178.871790568034 180.385033289591 193.400979042053 197.533249855042 142.823080221812 58.5654079914093 26.2344429890315 13.4375852843126 0.772116317724188 0
145.066638787587 146.77906036377 146.625330050786 148.59014749527 158.351182937622 163.896222909292 167.890608310699 172.442197799683 171.840926011403 155.454367399216 139.037162065506 135.335703690847 132.969031731288 130.101263523102 127.1866162618 126.202017068863 126.609613498052 125.973204771678 119.382441043854 119.122684001923 123.578041791916 129.177610079447 132.241745789846 127.34317779541 123.225013415019 122.678895791372 132.974177598953 136.461287736893 141.472041606903 141.7302886645 142.985632022222 149.653246005376 152.016669511795 164.235134919484 191.184798876444 189.842700958252 173.872689406077 163.688242435455 166.582614183426 180.625398953756 198.528707027435 206.764976183573 159.761399030685 76.1248916387558 28.7422190109889 4.93053440004587 0
153.588910897573 150.541414817174 150.79986055692 149.854759375254 145.407855510712 143.840154012044 142.129758993785 142.316530148188 147.284378608068 138.888090848923 130.08721669515 131.879399220149 134.523580471675 133.601715167363 132.121980190277 128.717929124832 124.570767084757 132.004688183467 132.970323165258 126.581569512685 128.543476263682 131.061891714732 129.542867342631 131.418655316035 132.090667883555 126.426180203756 133.674323558807 137.838761011759 141.581296920776 143.187493085861 144.593665997187 149.303098519643 150.95246831576 172.194679578145 185.566782951355 172.454794247945 157.937258481979 147.504508495331 147.310862938563 159.772157669067 191.206971804301 197.163780530294 176.571488380432 114.271809657415 44.791450103124 12.9252001643181 0
