input/barkrak2/radiation/dir23724.grid
NCOLS 85 
NROWS 70 
XLLCORNER 665100 
YLLCORNER 4664600 
CELLSIZE 20 
NODATA_value -9999 
[rows 40 to 59 of 70, columns 0 to 45 of 85]
257.305145263672 259.002983570099 258.895695209503 261.15761200587 268.315633138021 273.646672566732 277.330497900645 281.460881233215 282.132784525553 268.479347229004 254.194895426432 250.572403271993 247.446258862813 245.017151037852 242.549459139506 243.289430936178 240.387499332428 240.430613358816 234.862883885702 233.353396256765 235.479315121969 240.287661552429 242.810070514679 237.801571687063 232.154726982117 231.490393479665 240.286290645599 240.740974744161 242.77126789093 243.890762329102 243.067622184753 245.956977208455 234.181443850199 236.48456732432 264.175256093343 263.476808865865 251.286307970683 245.426495869954 247.814397017161 249.878346920013 262.375334898631 287.30179866155 272.167682647705 205.47870794932 141.810417175293 107.286850611369
263.869186242421 261.677781740824 261.908014615377 261.972566445669 258.230924606323 256.498575210571 255.568703015645 257.089753945669 260.970791180929 252.780576546987 245.815515518188 246.513644854228 248.875498771667 249.379674593608 245.646675427755 244.086305300395 235.493620236715 244.748095671336 242.786665757497 236.651738484701 240.045666694641 238.617757956187 235.084652900696 239.950478076935 238.489031791687 232.958594957987 235.599239667257 240.433653195699 243.039091428121 242.259403069814 244.552214940389 244.072079658508 237.283627192179 248.140613238017 261.027336120605 250.575204690297 233.561873435974 227.771242459615 230.806052684784 240.85142215093 269.172569115957 283.226490020752 276.730020840963 241.604308287303 180.51811059316 134.814788897832
267.37121740977 264.989256858826 267.630298932393 265.899976094564 259.850700696309 257.153908411662 255.568325519562 252.461612224579 250.720878442129 249.117334683736 246.631423632304 243.938485781352 248.001138369242 249.106427033742 249.111751715342 245.204627513885 241.227189699809 243.701616923014 248.410085837046 236.889282862345 233.685632546743 233.943283557892 228.17466656367 229.015529155731 234.607040882111 230.621616045634 226.970632870992 232.197304566701 236.136972904205 239.970405896505 240.275581677755 237.473130226135 240.062177181244 254.417796929677 258.931716283162 236.449877421061 219.582637151082 221.522271633148 231.276194254557 245.074907938639 255.704760551453 256.466825803121 245.009064674377 227.575123310089 185.612638791402 128.901263078054
253.741284211477 255.650222301483 263.320326805115 261.057694753011 263.16249370575 264.750758806864 263.485232988993 257.770399252574 249.640683333079 247.520804405212 249.524494012197 246.056536833445 243.912259737651 246.626317501068 246.176441510518 242.46476093928 242.257018884023 243.264635403951 242.761135101318 236.427267392476 230.407873789469 229.712128639221 226.609627405802 224.887112776438 226.973434289296 232.040961583455 226.384858290354 228.314220905304 232.633372147878 233.924448490143 231.807470321655 228.929022947947 236.194729804993 247.884054978689 243.728280067444 221.581280231476 215.961674849192 227.579613526662 242.283860842387 245.621204376221 242.390513420105 238.17378282547 229.028284549713 211.493293444316 180.262049039205 133.935878674189
251.018087069194 256.17794195811 258.961280186971 259.670635064443 260.522087415059 261.879682540894 260.241429011027 258.166511853536 254.242817560832 246.631364027659 249.778926372528 244.537552197774 239.758690198263 237.569411595662 238.131622473399 236.988464991252 232.026060422262 237.592498461405 240.385015805562 236.881971359253 232.009629408518 231.722493966421 230.031510194143 229.240655899048 225.917061169942 233.834167321523 238.059322039286 234.845618406932 233.836452166239 231.817543506622 226.131319999695 223.393718401591 227.313915888468 228.270788987478 225.655933221181 216.283142566681 220.025638739268 235.406001408895 246.679504712423 240.721186002096 239.868422349294 231.498976548513 220.666110515594 206.022143363953 183.897296587626 152.874042590459
254.409074783325 260.578910509745 257.393717765808 259.562273820241 256.413658459981 255.453546841939 258.090376853943 255.87522983551 255.672812461853 250.152945518494 249.257902304331 246.991833051046 242.960810661316 237.703760464986 235.528349876404 239.540100097656 232.017119725545 235.842347145081 240.236639976501 237.830539544423 236.327449480693 233.287831147512 232.99769560496 232.819139957428 232.799728711446 231.881598631541 237.879713376363 235.875904560089 233.228246370951 232.772350311279 227.069993813833 222.509026527405 224.716703097026 219.231009483337 209.892690181732 203.925232092539 212.241053581238 230.313261349996 234.718759854635 223.387062549591 228.789389133453 219.959040482839 212.353607018789 212.252577145894 206.906994183858 177.762866020203
252.744237581889 255.638619263967 256.100177764893 258.208334445953 257.093946139018 256.860792636871 257.377405961355 259.085297584534 256.161689758301 253.341495990753 252.215484778086 249.992807706197 246.960202852885 242.816348870595 240.596532821655 242.725153764089 240.338623523712 233.545144399007 239.08261458079 237.343947092692 235.803365707397 235.74968179067 233.63862435023 231.249650319417 237.97881603241 231.710950533549 232.418258984884 233.90140136083 233.003993829091 233.164846897125 229.926566282908 225.869297981262 222.384591897329 217.741131782532 211.459596951803 205.031394958496 211.052397886912 222.996513048808 223.362763722738 221.644639968872 224.700470765432 215.673645337423 216.46785736084 225.322564442952 225.370705127716 197.607477506002
246.219495932261 248.483121395111 253.857453664144 254.711151123047 258.023679256439 259.215076764425 256.204744180044 256.447950998942 255.224525928497 256.743172804515 252.491215864817 249.585668245951 246.848881244659 245.181063810984 242.811799049377 240.912119547526 240.534901618958 229.392806688944 235.924303531647 237.093865871429 235.068917274475 234.552085399628 235.856016476949 227.482318878174 232.719341913859 232.348303000132 227.233429749807 230.383197466532 232.199927171071 231.944998105367 231.118818124135 229.223469893138 222.681959470113 222.451706727346 225.934068361918 221.050580342611 219.409108161926 219.669679800669 223.055322964986 233.060161272685 226.702491442362 217.034260431925 222.166875998179 227.023879686991 223.842163880666 205.93273639679
239.300052324931 242.304583390554 247.938334941864 250.492513179779 256.228963534037 258.324126402537 254.695097605387 253.093620141347 255.927364031474 256.100694338481 253.359119097392 249.841451644897 246.392369270325 247.268994649251 243.164539337158 239.468256632487 237.500806649526 229.707797368368 234.902799129486 238.67001136144 236.937204996745 235.159039497375 237.816393375397 232.798218727112 230.133970578512 235.472877820333 231.292804082235 233.911395072937 238.673746585846 242.161492506663 244.915127754211 243.470033009847 233.683109283447 234.89918311437 236.388961474101 231.518447399139 230.517188707987 227.35474507014 227.592845757802 231.933037439982 220.828890800476 214.452048142751 212.446570396423 209.224939346313 206.867833932241 206.526497999827
238.136351108551 234.441816806793 239.259501298269 247.253477573395 251.1820991834 253.41002146403 256.128668785095 258.025407791138 256.990949312846 254.16358311971 256.319463253021 254.68115011851 249.64318672816 247.592926025391 244.550704956055 241.38617515564 238.327125708262 232.669810454051 237.05263932546 241.719663143158 242.263595263163 242.86542336146 239.084223906199 238.207519054413 233.891506989797 237.449586391449 239.710370699565 241.226474444071 246.505836645762 252.248684565226 257.493694623311 256.402194499969 247.574289639791 245.589733123779 239.765127499898 235.123833020528 234.235763549805 235.455334186554 232.110937436422 219.797611236572 209.194302558899 211.787621180216 210.761030515035 203.972617785136 201.356609662374 201.914191246033
239.19540643692 239.91580804189 242.212494214376 247.365971406301 249.052147070567 248.950600624084 256.01460536321 260.23389895757 258.762001991272 258.083581924438 256.266196568807 256.586015224457 251.774032910665 248.177250226339 246.658364931742 250.076015790304 241.789301236471 237.316151460012 237.594525019328 245.427350203196 245.800932248433 242.815792560577 241.153359413147 239.417175451914 234.762450059255 242.516160011292 243.238866329193 243.641277154287 249.953210353851 256.459613641103 262.474497159322 263.096491495768 254.067679246267 245.923240979513 233.435153961182 228.176315625509 230.875213940938 237.835963567098 230.67174355189 210.695226987203 204.393744468689 214.239160219828 216.299474239349 209.686795870463 205.268402894338 199.052294095357
237.706243991852 245.505670706431 247.657895088196 249.472220738729 249.279995759328 247.179547945658 253.484646479289 258.737246195475 257.15446472168 260.973930358887 258.018791675568 257.786631584167 254.19149796168 249.929885069529 246.772905190786 252.007683118184 247.003515561422 239.229261875153 236.392418543498 242.138266563416 242.648442586263 240.632772445679 240.490873654683 236.501693725586 233.789145946503 235.239624977112 239.244123299917 239.785015583038 241.58372481664 247.462232907613 255.645275115967 260.460495948792 249.296943346659 230.650047461192 199.185729026794 189.206560452779 206.90780878067 224.949876467387 230.935752391815 229.191501935323 229.285597801208 225.045740604401 205.242931842804 200.280328591665 207.319498062134 194.871048132579
238.874653975169 236.357887585958 237.013538678487 239.867905775706 246.962706247965 249.334851900736 249.366641044617 254.05498345693 254.006922245026 257.747729619344 257.303317387899 259.150147438049 257.555385430654 253.129084904989 247.860332330068 247.065126895905 249.38573439916 238.981246948242 235.828757286072 233.29754670461 234.737753868103 235.364735126495 235.306859016418 229.391554991404 232.239286104838 229.228655497233 228.095213572184 231.111804644267 230.838974316915 232.409437497457 235.378662745158 244.791706403097 224.045018355052 195.6494251887 165.082265933355 150.894353787104 162.967205047607 192.872802416484 221.687197685242 227.846761544546 230.062127113342 218.403617540995 198.895772298177 196.518083413442 202.843248844147 184.96028582255
243.940790494283 233.251670996348 230.528871218363 234.393397967021 245.728294054667 253.631214300791 251.333912213643 253.467321395874 254.178206125895 254.148860772451 255.432426929474 258.030017217 258.612811565399 255.182325839996 249.853809674581 247.346162796021 250.19649664561 240.561743577321 235.672195752462 238.966524600983 235.865275065104 234.606305758158 232.689380645752 228.452523549398 227.316498756409 225.583056608836 224.896152814229 225.036879380544 221.149583657583 219.735662142436 210.342665513357 213.308612505595 195.57778040568 177.178303400675 163.415610790253 149.091611305873 135.22348801295 144.973675409953 166.762749354045 197.101573149363 212.812840938568 203.235546747843 194.827278455098 192.506988843282 181.987583637238 171.276052792867
245.307604471842 238.13404639562 233.97958278656 236.082315444946 245.759169260661 253.979802131653 255.476792653402 251.682738463084 255.519151687622 252.440889676412 255.938212076823 256.118734677633 258.206824461619 257.83367951711 252.283811569214 250.984827677409 250.556846459707 244.567414124807 239.136894543966 240.585128466288 240.553061167399 238.289415836334 235.377828280131 233.867367108663 229.913592338562 228.933890660604 226.763943831126 221.725583076477 217.876255512238 212.882737318675 201.171020666758 202.183783054352 193.954348564148 186.93079551061 188.03338209788 182.458778222402 161.517173051834 146.933446327845 138.818343480428 151.037404934565 177.921156088511 179.756005605062 170.31455039978 158.167997996012 155.446877082189 160.107086102168
248.561799526215 244.961619377136 238.787869612376 233.443935712179 240.127444267273 250.434279441833 254.032651583354 251.61470969518 252.791146437327 254.876375198364 260.190149148305 259.885907173157 259.596685568492 258.667329947154 253.297845522563 253.461599349976 253.311614195506 249.895334243774 243.795275688171 241.515437761943 239.638288815816 237.478415171305 237.263977527618 240.205188592275 233.287612597148 233.302215735118 227.639098962148 217.478473981222 210.762778917948 205.450654029846 204.159597555796 206.082900365194 200.15424489975 204.202612241109 211.21609210968 215.294738610586 214.092552661896 200.365980466207 181.12701177597 147.566795349121 150.413572788239 165.898243586222 164.737522602081 156.289130449295 159.472992022832 174.172282218933
250.704844792684 248.266180356344 245.203038056691 236.900667349497 236.022591590881 246.257106463114 252.363542715708 253.1977891922 250.125527381897 254.183014233907 262.061516443888 261.729935805003 259.241422017415 259.432117144267 256.8039894104 252.603451410929 253.917396068573 248.684207598368 245.825707912445 244.129121303558 242.544849713643 241.095741589864 237.246791521708 237.871527671814 233.130713303884 229.097485542297 211.246768633525 191.379865010579 185.279250144958 192.150771617889 201.572080453237 201.511482397715 199.455459912618 200.847645600637 212.462345759074 228.14812262853 240.838289260864 243.689894676208 236.214160919189 189.621011416117 158.857345581055 169.774850209554 185.693581899007 192.764222621918 198.578278223673 209.503591060638
250.046034653982 246.147414048513 246.994197368622 244.874437650045 238.079289595286 241.811633110046 251.944581667582 252.273738384247 249.732613563538 251.286566257477 260.216613610586 261.08992099762 256.057858467102 257.597208023071 258.216182390849 251.382152239482 251.379589239756 247.937202453613 246.395289897919 246.684988339742 246.507426102956 245.302498340607 240.637838840485 234.474738438924 233.593702316284 231.330911318461 213.610728581746 191.1634405454 190.36873181661 194.955587387085 207.534273465474 205.410500367483 208.860516548157 215.697606404622 229.515492916107 234.696825345357 234.006285667419 199.237048625946 186.085899670919 183.155715465546 187.093297640483 201.454202334086 196.294963359833 183.444142341614 180.881381034851 194.829026858012
240.36580324173 245.927850405375 244.485318660736 244.899074236552 240.535835425059 237.394134203593 251.018802324931 254.607379436493 251.441061496735 249.495049317678 256.75235191981 259.654402732849 258.857289950053 253.977795441945 256.093184153239 251.952290534973 247.198303540548 247.283498446147 246.26487493515 247.138102849325 245.265444119771 243.81697177887 241.915504137675 233.469843864441 232.525964577993 236.028591791789 231.311877568563 225.221772988637 219.692885875702 222.627758979797 221.105992794037 212.410489718119 222.59134054184 227.668801943461 220.576683680216 210.042834281921 190.96565246582 144.36345299085 122.223854064941 157.21321105957 197.538316249847 211.317400137583 194.918096065521 186.092813809713 185.214797655741 195.309340953827
228.8010319074 241.885940233866 242.19012260437 242.347836494446 242.09858973821 238.932410875956 244.685331980387 255.163311958313 258.106708526611 253.353734811147 256.025195121765 257.290124893188 257.242878278096 254.888415336609 253.440181414286 250.774522622426 244.705299536387 242.304563522339 239.234109719594 237.244645754496 241.156935691833 240.012844403585 236.598094304403 234.642843405406 235.420028368632 242.511987686157 249.846796194712 250.203589598338 234.876930713654 234.913885593414 225.498497486115 212.545812129974 216.426988442739 201.501627763112 175.030728181203 148.197511831919 136.6974512736 122.67209092776 108.24187596639 121.574193239212 146.681119998296 179.491480191549 197.295784950256 215.700705846151 241.263270378113 243.383864561717
