input/barkrak2/radiation/dir21024.grid
NCOLS 85 
NROWS 70 
XLLCORNER 665100 
YLLCORNER 4664600 
CELLSIZE 20 
NODATA_value -9999 
[rows 20 to 39 of 70, columns 0 to 45 of 85]
175.565600395203 167.406996091207 182.07710981369 221.153914928436 216.334442297618 176.969627539317 162.416885296504 168.779015541077 181.234240531921 201.386570930481 216.201623280843 223.63801797231 226.625959078471 236.450254917145 249.264021714528 269.326627254486 283.356547355652 307.001749674479 316.06654326121 324.496328830719 326.668957869212 319.005330403646 317.694862683614 319.59730386734 320.918997128805 321.522295475006 324.947476387024 321.51981194814 317.715386549632 317.016243934631 310.638387997945 298.778275648753 288.615028063456 283.200045426687 281.116604804993 286.60128513972 286.707182725271 288.343787193298 293.003837267558 297.307292620341 298.308749993642 297.310610612233 299.720327059428 295.006275177002 298.656562964122 302.577753861745
204.790155092875 201.674262682597 216.124614079793 247.336904207865 244.145770867666 186.387936274211 175.249497095744 178.240259488424 185.941894849141 197.202106316884 209.787865479787 217.506309350332 223.045229911804 221.356054147085 237.322727839152 251.347819964091 272.340516249339 283.945560455322 302.084604899089 318.936308224996 324.632545312246 329.914848009745 332.037389278412 330.994963645935 326.585650444031 321.092704931895 317.594528198242 312.725166479747 313.612620035807 306.793332099915 289.426366488139 259.681264559428 237.793485323588 234.336614608765 241.34228626887 260.685960451762 268.512725830078 283.728818098704 293.971538543701 293.899436791738 292.06645488739 291.129112243652 284.410993258158 270.109057426453 290.789445241292 298.848589261373
246.680458386739 252.46274471283 255.392372608185 264.784097671509 264.768362045288 219.03661886851 197.425206502279 185.163219769796 184.509615103404 191.822091738383 208.210011323293 217.333137989044 229.902744293213 232.74819056193 239.499926567078 249.401211738586 263.388951619466 275.206764539083 290.306627750397 296.764314174652 304.259081681569 320.466836293538 326.122244199117 326.787273089091 324.014882246653 318.987309932709 305.456638336182 297.141750653585 285.007993380229 262.14853922526 230.392217636108 184.06089146932 159.641007582347 175.08868376414 203.124403953552 228.487610816956 247.281571229299 267.159978548686 279.945313930511 283.32922856013 285.650511582692 286.474605401357 263.983527819316 242.994407812754 270.691275596619 296.067615350087
270.077129205068 270.942171414693 265.432894229889 269.888838132222 269.406537214915 253.583431243896 221.966862678528 193.536798159281 179.004848003387 183.457374572754 204.624513785044 220.876177151998 233.662883440653 243.924876054128 245.541711648305 249.349077542623 258.566915988922 272.936542828878 282.163361708323 276.663978894552 282.380799452464 287.840723991394 294.237732887268 297.105689843496 290.49297173818 285.397092501322 273.082574208577 260.87894042333 239.31473493576 199.923058350881 166.981259981791 142.803559700648 110.610634088516 101.484795411428 112.325131893158 147.909929354986 196.691354115804 223.207493623098 241.488754749298 250.703354676565 250.192860762278 236.376047134399 221.957206726074 256.178994973501 255.437254905701 287.656505902608
262.927273909251 264.105180899302 268.807351589203 272.09746837616 262.837886810303 253.778258959452 228.253523508708 207.992215951284 192.733446756999 186.660329500834 199.355880419413 215.115586916606 227.399826049805 240.800340970357 244.678099950155 249.614556630452 256.605267524719 271.332740783691 277.884284655253 271.438817183177 270.075102647146 256.383856137594 256.483097871145 265.228648980459 272.508303324382 269.549051920573 257.902463277181 246.987283229828 219.377815723419 162.160416444143 142.409384250641 139.036287864049 118.707289298375 83.9965542157491 76.4545996983846 95.9609150886536 137.185762325923 174.412528673808 203.037202358246 216.197828451792 206.081906954447 183.926045894623 204.802056153615 275.424798329671 271.076897780101 288.87548049291
255.508621533712 259.945750236511 269.570728143056 269.798815250397 263.431489467621 255.392750104268 238.140165805817 234.723011652629 226.409097512563 211.816767851512 210.320095221202 229.79336977005 239.012797673543 251.760502656301 255.817135175069 252.924184004466 257.649580637614 266.476651032766 265.023907025655 266.332825024923 266.815404097239 260.159432888031 254.705746968587 254.579126834869 259.648144245148 260.189036528269 248.366951942444 240.196168422699 194.540977478027 171.261747678121 168.90674829483 184.485137462616 186.221063137054 149.883876244227 116.591244935989 108.545422554016 120.312650998433 144.534081220627 174.433906873067 197.439392407735 180.258572101593 171.255528926849 213.700870672862 265.915791193644 286.194364229838 298.736194769541
256.938179334005 259.788691997528 266.753713289897 268.969058990479 276.805281639099 266.878386338552 256.917595863342 249.87538655599 250.415285428365 244.217058022817 232.445518175761 248.421231905619 255.776007970174 269.478897253672 268.673201402028 260.040084520976 253.700852394104 257.43035475413 262.429654598236 273.39639266332 277.783393859863 272.509634494781 265.375753243764 258.362174034119 257.023930549622 260.2392633756 251.084605852763 240.453839302063 208.173990249634 202.405273914337 222.579220930735 246.892174084981 252.333283424377 258.306384086609 227.285623550415 146.421670913696 135.681728521983 144.24271384875 168.681899706523 183.41988325119 190.581997235616 221.703886985779 228.409985701243 245.606104532878 277.881403764089 287.395675977071
260.942240556081 257.423599561055 260.280986626943 266.895929972331 300.443808237712 280.510048071543 266.155560811361 253.095110257467 254.420479138692 260.127663612366 251.603960990906 253.18721930186 264.799118041992 271.120667457581 271.186669667562 264.21844959259 258.746763070424 261.076311270396 272.600690523783 276.165584723155 275.5020459493 265.432079633077 265.559573968252 266.033331553141 266.274034976959 263.421495755513 258.807758490245 252.088129520416 234.209974606832 233.481725056966 255.68942228953 270.127872625987 270.496527353923 284.217397371928 298.27884833018 224.440197149913 163.933306932449 149.159034093221 158.698956171672 182.61045217514 228.085319201152 278.593003749847 241.319219271342 235.808769861857 261.952658494314 269.876917203267
259.097953637441 249.851206938426 253.458976745605 273.250997066498 314.653436342875 283.892432848612 258.689800898234 247.233808040619 250.925739606222 257.845958073934 251.793622970581 249.383946259816 264.371236165365 266.898274421692 269.715507825216 269.67187722524 266.657551129659 262.302895387014 269.916494687398 271.815935770671 269.032220045726 262.321531772614 263.323644797007 267.264584700267 268.795589605967 265.423317750295 264.553745587667 258.614242076874 245.578368504842 242.92004108429 264.675339063009 281.824688116709 281.916836897532 281.050324440002 298.366765181224 288.283983866374 194.701850414276 140.659789244334 129.811008771261 162.812501192093 237.508734067281 263.236820697784 234.391808509827 208.047688007355 228.825350602468 240.149935086568
252.830406030019 241.938789685567 249.534726142883 283.57207775116 312.28510538737 280.454218387604 249.703526496887 231.726785500844 226.646224657694 231.266339619954 230.217039585114 238.739450772603 252.868890762329 267.143845558167 268.362621466319 274.353722731272 273.446281750997 259.63028271993 264.216303825378 264.432450135549 263.297816117605 265.187482039134 265.312572320302 270.924886067708 271.867553393046 267.285029093424 271.916230519613 263.922413190206 250.345269838969 251.369615395864 271.000186602275 288.275917371114 284.409642219543 281.448721885681 291.100561618805 305.09078502655 277.634143829346 199.379920959473 154.894749323527 165.137906869253 201.64813597997 217.506349086761 220.609227816264 189.496914545695 196.793456872304 219.097256660461
242.247899373372 251.294136047363 281.060655911763 327.002962430318 326.170563697815 285.989920298258 248.718818028768 220.98982334137 211.0609014829 222.168485323588 217.575252056122 216.370244820913 244.974732398987 265.320678551992 272.930900255839 277.16722091039 276.887794335683 267.864227294922 264.955937862396 267.159422238668 267.836292584737 270.036160945892 273.340423901876 272.392590840658 275.99557240804 277.65413125356 277.843256791433 272.892733414968 261.707246303558 263.247390588125 277.744889259338 289.917429288228 286.710778872172 288.045783837636 293.237268924713 296.477357546488 311.760167280833 311.746855576833 242.010235786438 195.484419663747 181.509733200073 176.308353741964 192.516764005025 190.532366434733 193.357288837433 220.297376314799
260.93320051829 289.167841275533 313.327093919118 321.866075197856 344.593207041423 320.971846580505 282.772282759349 243.432521820068 228.668371836344 243.357936541239 236.220419406891 218.536992867788 233.408987522125 262.046496073405 275.580724080404 280.11550505956 278.815805912018 274.965703487396 270.343979199727 270.541389783223 271.032392978668 278.029561042786 278.230508168538 277.040203412374 277.384877204895 284.708976745605 285.362124443054 285.617729028066 278.188169002533 277.496178944906 283.900539080302 288.797954718272 290.833314259847 296.245257059733 299.139499664307 288.804630438487 295.193552970886 325.951298077901 311.977167924245 246.448079744975 198.150356610616 176.68871084849 177.78480052948 191.669980684916 213.738640149434 240.547815958659
297.877152760824 311.533828576406 306.91126982371 300.379713376363 317.583600680033 333.236436049143 322.990159193675 292.776842912038 269.367059071859 268.925786018372 269.614696502686 249.031543731689 237.705906232198 258.398989836375 279.175122578939 280.945519606272 278.136034806569 281.943380832672 273.476541042328 270.333866278331 276.649912198385 276.683926582336 276.942193508148 275.865813096364 277.612368265788 284.497956434886 289.485335350037 293.793936570485 286.144455273946 283.337851365407 291.482706864675 296.673675378164 293.519973754883 294.666349887848 298.576394716899 287.841359774272 287.869890530904 303.005417188009 297.940731048584 266.825616359711 234.959840774536 200.961530208588 183.603843053182 188.714226086934 210.791945457458 241.292357444763
298.084298769633 294.941465059916 289.089620113373 278.841217358907 280.020972092946 298.842330773671 314.638336499532 307.201445102692 293.300310770671 290.57498772939 289.911011854808 277.076303958893 260.801255702972 266.719698905945 279.167652130127 279.614865779877 280.113021532695 283.360600471497 273.965994517008 275.055527687073 275.098919868469 274.755895137787 273.608326911926 270.92832326889 276.15362405777 281.591951847076 290.456831455231 291.663765907288 287.184496720632 289.044737815857 296.172618865967 294.774909814199 283.976356188456 281.0298204422 284.760316212972 268.621285756429 266.528864701589 264.159679412842 251.294910907745 249.52765305837 260.579506556193 233.669459819794 205.532948176066 192.547877629598 193.451205889384 217.228611310323
294.711709022522 286.904295285543 292.709310849508 279.918928941091 272.763947645823 283.402880032857 306.457936763763 323.898414770762 313.11575571696 299.319644769033 289.916793505351 288.282712300618 289.368033409119 284.104625384013 284.175674120585 284.627119700114 280.552923679352 278.18775177002 278.086721897125 279.608249664307 275.378167629242 273.001035054525 273.402055104574 273.985743522644 274.676362673442 281.143228212992 285.884380340576 284.500221411387 283.467352390289 290.969789028168 296.153644720713 286.730349063873 271.696249643962 274.783392747243 272.391855716705 255.339423815409 256.867329279582 256.374478340149 258.340020974477 271.937092145284 273.788392543793 266.964952150981 243.927458922068 226.211110750834 207.803825537364 200.561801592509
311.997890472412 308.028896649679 316.349466641744 311.824162801107 302.433451016744 305.584947268168 320.099870363871 338.311115900675 327.136794726054 303.760886192322 290.168543656667 294.384002685547 303.519090016683 295.411904652913 290.008167425791 290.06826877594 286.572972933451 280.09690841039 280.667086442312 281.777441501617 280.663212140401 275.662481784821 277.073323726654 280.142267545064 275.820771853129 277.790387471517 279.611965020498 278.499801953634 280.808806419373 291.250387827555 292.826910813649 284.075836340586 273.293932278951 274.260401725769 264.449954032898 259.203732013702 264.552752176921 266.363898913066 275.69051583608 294.957856337229 262.548009554545 253.789663314819 241.061766942342 233.303507169088 215.504765510559 196.470022201538
330.323795477549 328.471978505452 331.095317999522 332.711100578308 324.175417423248 318.217019240061 323.439915974935 337.003151575724 330.312848091125 302.773853143056 291.417062282562 300.223151842753 306.320130825043 298.006276289622 288.555185000102 291.08194510142 296.074986457825 285.457968711853 287.336568037669 289.668679237366 287.472665309906 281.855861345927 281.785388787587 281.376520792643 279.456714789073 278.11861038208 279.578804969788 282.59007136027 284.776250521342 292.438725630442 293.589870134989 286.535898844401 276.08855565389 271.451791127523 260.896762212117 265.393118063609 271.034836769104 271.854599316915 274.548312028249 286.635915438334 247.31703599294 209.801614284515 196.403245131175 189.001262187958 189.646979173025 186.401923497518
337.483684221904 336.973269780477 335.383057594299 335.781971613566 329.576909542084 323.406159877777 322.34525680542 328.46987247467 332.161168257395 310.09566783905 305.245618025462 307.801087697347 304.547667503357 294.27174727122 287.418643633525 292.520483334859 300.104558467865 294.45892572403 292.014559110006 293.594241142273 293.731411298116 287.617802619934 283.43931833903 282.763421535492 282.563308874766 280.716200669607 282.220323880513 287.437856197357 288.270592689514 291.92978143692 293.169180552165 288.373351097107 279.052297274272 263.753533363342 254.009346167246 270.164450009664 279.518226782481 278.194963932037 269.278883934021 277.928312619527 247.138301531474 179.642697175344 151.494105656942 137.812117735545 141.173998514811 151.104827721914
334.076960881551 337.256153424581 338.907877604167 337.64910697937 335.080146789551 332.921306292216 329.47035630544 327.1590868632 329.348603884379 322.018345197042 321.705599625905 315.977156162262 301.765004793803 300.91933409373 296.590646107992 290.854871273041 298.543353875478 299.367487430573 291.99739297231 291.523079077403 291.159828503927 287.685294946035 283.957918485006 283.331453800201 285.784820715586 287.754952907562 285.508195559184 287.438193957011 290.169437726339 290.897568066915 292.819599310557 291.012863318125 274.348477522532 251.726567745209 259.688754876455 282.906413078308 286.347448825836 281.170725822449 265.400310357412 269.668618837992 278.193195660909 223.356346289317 164.400845766068 138.465404510498 133.92514983813 134.646713733673
319.024244944255 323.23169708252 322.999060153961 327.501773834229 334.386030832926 340.004364649455 342.562993367513 342.233101526896 340.932925542196 336.423277854919 327.473262945811 311.595916748047 303.310771783193 303.4321864446 298.838675022125 294.142762819926 296.188990275065 295.085112253825 290.64412911733 289.902786413829 292.11680094401 293.587207794189 291.17876291275 287.083745002747 285.452584425608 286.562184492747 289.944708347321 289.962192376455 292.290051778158 291.222214698792 290.485759576162 289.89311059316 268.351395924886 252.973179022471 277.00153986613 292.477607727051 287.743310133616 283.080697059631 270.83561817805 269.215047359467 299.338499704997 310.84813674291 249.982635180155 197.271366914113 160.580615202586 134.972274303436
