input/barkrak2/radiation/dir29124.grid
NCOLS 85 
NROWS 70 
XLLCORNER 665100 
YLLCORNER 4664600 
CELLSIZE 20 
NODATA_value -9999 
[rows 0 to 20 of 70, columns 0 to 47 of 85]
149.704406658808011 165.715903043747 183.064003785451 203.219711780548 214.091499646505 215.766072273254 212.55765358607 208.230157693227 207.309385140737 211.69900894165 211.540540059408 210.194766521454 206.997672716777 207.801938056946 209.05876159668 196.849147478739 183.764894803365 172.23858833313 169.944564501444 162.71311044693 162.28257616361 179.763654867808 206.74608151118 214.131633440653 217.074493567149 229.343434174856 228.229939937592 212.823669115702 199.550906817118 198.953568935394 194.435159365336 216.864744822184 263.753374417623 262.286802132924 260.522802670797 245.695849259694 249.851067860921 263.927161693573 261.604567368825 261.27161582311 250.153382619222 255.331059296926 263.412574927012 258.81173213323 247.536301612854 250.647246837616 256.165742874146 226.972202459971
127.390851577123 145.223299662272 159.754375616709 180.234412352244 195.565899213155 202.834188938141 206.058462460836 210.227449735006 217.321892579397 217.398126920064 214.50678507487 210.676789283752 208.232879638672 208.854059378306 208.794216314952 197.648008664449 190.307120482127 179.712911446889 175.443092981974 167.867143948873 176.032443841298 200.703203678131 223.162035147349 225.592792034149 229.31973139445 235.908071200053 230.466743310293 217.144012451172 204.477508862813 200.994114081065 201.775193214417 231.448034445445 264.355599880219 262.847761313121 257.993102073669 248.171011606852 253.702521324158 266.074498494466 260.540982087453 260.797381401062 254.635989665985 254.51248884201 250.823557376862 243.653078873952 240.1149670283 248.667438824972 245.697379112244 210.64418554306
90.7975832621257 100.193321704865 114.14310336113 127.493520577749 142.54504442215 154.923737049103 167.149126529694 187.167723973592 201.82603597641 204.544266064962 206.709980964661 210.499624411265 216.052273909251 218.991716702779 219.644208749135 222.773432731628 221.253176530202 210.115671157837 192.768633365631 183.365941047668 194.239894549052 211.192031701406 224.002321561178 227.073530356089 231.8235039711 231.604695320129 225.847820440928 216.91236893336 209.150473276774 210.035443305969 220.14574209849 247.294624646505 263.253112634023 262.06111907959 256.911297639211 253.104011217753 260.170936584473 265.510002772013 261.509001255035 256.845037142436 251.016120115916 240.476707617442 226.371705532074 221.983095010122 231.338600317637 245.011508464813 233.42094818751 200.588504473368
73.0237315098445 72.3095834255219 79.6172916889191 85.7030848662059 93.4354662895203 101.545721292496 110.802670319875 128.676980733871 150.396804014842 169.936458269755 187.514583269755 205.109556516012 216.816584269206 221.051911513011 224.753359953562 231.469968954722 228.558878103892 218.616982301076 200.296401977539 192.646682262421 193.828721841176 194.253484408061 206.724445025126 216.09882513682 217.823008696238 220.222532749176 220.679700374603 218.170622984568 217.405279477437 221.493621667226 226.707696914673 252.097368240356 260.932485262553 260.190705458323 256.171802679698 257.234573364258 259.857694307963 260.633587837219 254.271388053894 244.291226069132 236.330608526866 223.821918169657 219.57008043925 233.340978622437 248.393972714742 243.496060371399 221.90002600352 196.639041105906
93.9294695854187 77.9863993326823 65.1309639215469 55.8864971001943 56.6600163777669 72.9077806075414 97.5823601086934 109.197318553925 119.957486788432 128.460933764776 153.097569942474 179.287016391754 195.558786392212 204.065759976705 211.445212364197 216.302116711934 212.844808896383 205.285131931305 197.963078816732 193.169792493184 189.172228177389 186.898986498515 197.816292444865 206.712603569031 210.506836573283 217.986245950063 219.635903835297 219.805777072906 219.240804513296 218.628923098246 226.259966691335 255.46125570933 258.184373378754 256.909430027008 254.219571749369 253.196279207865 252.145012219747 250.050604343414 239.897767702738 230.236053466797 228.847742080688 226.760506629944 232.948998610179 243.894120057424 246.639827887217 222.535947958628 194.333672523499 186.104655265808
138.646493355433 109.685520331065 81.3058863083522 58.8730424642563 50.7584114869436 60.0649019082387 82.9665511846542 105.459342400233 110.678384701411 109.584947427114 119.767089684804 134.860038757324 145.740449428558 153.108259042104 162.669231494268 173.103094100952 177.870392799377 185.474812984467 193.31423441569 197.754899660746 198.335965474447 200.378119945526 199.117441972097 201.358318328857 207.969784736633 214.269538720449 217.184801896413 219.624718030294 221.650799115499 223.876615365346 238.649050394694 257.035851478577 252.43482987086 251.640776793162 249.522626399994 247.698207696279 246.454040209452 240.880370140076 230.530699094137 230.875392754873 230.41311899821 228.098193804423 230.097889900208 234.376827875773 224.205076694489 192.78347492218 165.505141019821 174.517631530762
165.753096342087 138.467917839686 115.364710489909 93.1291381518046 72.0169444878896 59.8224500815074 64.6390716234843 93.0488506952922 111.776371796926 120.271513859431 116.355230410894 111.522823572159 107.38930106163 102.849841117859 104.829470316569 121.449659268061 136.35058204333 159.537265698115 181.81582291921 196.080803871155 203.92253001531 207.931816577911 203.889151414235 200.180848439535 204.625487327576 206.886609395345 211.216966311137 216.630518436432 219.175457954407 225.73451201121 239.615221818288 249.644994735718 243.088781833649 238.13408613205 236.445466677348 234.310269355774 233.804742495219 228.585441907247 223.123570283254 218.212405840556 212.352216243744 211.224913597107 218.264599641164 225.989997386932 217.523217201233 206.973512967428 218.723118305206 228.873948256175
158.892045418421 167.301058769226 152.107814947764 133.54836901029 108.084380626678 76.751247048378 57.1586489677429 53.7256101767222 84.7076078255971 116.831401983897 126.450717449188 122.407217820485 113.328884045283 102.413068215052 88.3519947528839 91.6924973328908 105.292866627375 123.460342486699 149.743874867757 172.298789024353 187.951385974884 199.231564998627 205.835739771525 200.931986172994 199.255307515462 198.777794837952 200.285275777181 203.410645325979 207.187394301097 218.190789222717 229.072014490763 232.276161511739 224.395076433818 220.073997974396 217.300156752268 215.956628322601 222.015500068665 218.610147635142 211.990733941396 194.137295087179 192.036668459574 201.833069324493 220.170934995015 231.936971346537 231.661756833394 233.362098534902 241.3210272789 244.509239991506
126.637697219849 144.262125094732 150.119523207347 143.451422452927 140.059888362885 113.920718431473 81.6110074520111 53.1476388374964 65.6313796838125 85.8464439709981 109.463016192118 123.283515373866 126.664678255717 123.026708761851 108.104020357132 99.0151464939117 96.3828961054484 101.15921497345 115.800340970357 133.609235286713 152.435332536697 170.559823513031 184.39390261968 183.119217554728 184.906343619029 183.144529660543 183.484017848969 186.280608177185 189.756194750468 199.869513511658 207.15073744456 207.750161488851 204.159319400787 202.936549981435 204.024891058604 206.089536348979 209.190885225932 211.181163787842 206.725418567657 199.243585268656 210.103869438171 224.059840043386 233.014980951945 235.472599665324 228.855788707733 224.2178718249 227.265457312266 237.878918647766
90.3967420260112 99.4398891925812 112.682600816091 120.228777329127 129.986226558685 128.485898176829 108.452220757802 92.9611325263977 60.9828978776932 53.5030861695608 61.833788951238 82.9876412947973 104.460030794144 117.322891950607 124.487628539403 113.493223985036 101.700435082118 96.6107149918874 94.5923924446106 100.031544764837 108.06605219841 117.923676967621 131.204595168432 145.064304272334 157.180945078532 161.9566877683 162.096927563349 164.322078227997 167.732695738475 174.613873163859 175.780475139618 177.988986174266 184.173941612244 189.503947893778 194.618324438731 197.268505891164 196.391026178996 201.482137044271 203.937411308289 213.328858216604 229.399085044861 237.497846285502 239.8521900177 236.976524194082 228.299935658773 224.47524468104 235.362331072489 243.683497111003
52.2027164697647 55.1206668217977 60.8197152614594 78.4683525562286 87.4740084012349 96.6472029685974 104.792356491089 103.80365451177 83.8409165541331 61.5518142779668 46.9757417837779 48.5737969477971 66.4486984411875 91.5033618609111 107.470552126567 102.433383464813 100.452403227488 93.5416917006175 89.6727740764618 83.7269822756449 88.0039731661479 88.1048043568929 94.3527122338613 108.706504106522 126.428345839183 134.784907102585 138.657361268997 140.883684158325 149.421979983648 155.482629934947 159.661928812663 164.124379555384 173.584580421448 178.066412607829 180.55005868276 183.138132095337 188.819607098897 194.506148497264 202.832500139872 219.717105229696 232.930958271027 237.264275550842 236.332058906555 233.224908510844 229.861954847972 232.264717419942 240.536669890086 242.788235346476
26.6309157013893 23.6352533102036 26.1901368697484 24.8600170016289 29.8949455221494 48.8570034503937 57.1502248446147 65.3583606084188 70.1177616914113 63.2020930449168 52.0801395177841 44.0934399763743 47.4150081475576 63.5273506244024 80.679511030515 85.8341058095296 94.6099460124969 96.7879096666972 90.3248886267344 82.5456380844116 78.8061320781708 78.9522876342138 81.4148585001628 90.7540122667948 100.585639476776 109.588652849197 115.083783864975 121.732920408249 129.848698774974 135.764300823212 141.544292370478 145.55154244105 151.672730843226 155.968954165777 157.923440138499 161.925454934438 175.094803174337 187.063495318095 195.023755232493 213.63111337026 221.221307913462 221.519867579142 216.052333513896 216.568152109782 216.951270898183 217.37277507782 224.010825157166 231.165369351705
20.2435118456682 13.3838479717573 8.26492222646872 4.23581587771575 0.886432050416867 2.24846477309863 18.7264283498128 35.7528924942017 54.963340361913 63.4565105040868 64.0155424674352 57.654857635498 42.9271310567856 44.391930103302 56.3396761814753 78.6128441492717 94.8317646980286 100.063343842824 98.5941787560781 91.4795597394307 85.7699910799662 85.0924253463745 87.6138210296631 90.760072072347 93.4612452983856 95.8335200945536 100.89377562205 110.660215218862 116.568972667058 119.176536798477 125.220507383347 130.963305632273 131.575365861257 134.087373812993 138.467450936635 144.665559132894 156.310687462489 170.726835727692 175.366620222727 187.155644098918 195.218364397685 198.832233746847 198.104898134867 198.043922583262 197.259108225505 202.348132928212 206.973612308502 213.038365046183
20.1603335638841 5.13131326685349 0.22854560908551 0 0 0 0 5.31499894956748 30.8030620217323 47.505055864652 67.3076411088308 71.9590882460276 65.6772752602895 57.0086886485418 54.7281901041667 72.0432599385579 85.4193568229675 98.0743269125621 106.921752293905 107.200920581818 98.4452366828918 96.2708592414856 94.4691896438599 94.6270823478699 98.2152720292409 101.58638159434 106.229583422343 115.091015895208 116.879930098852 111.213326454163 116.912980874379 122.918337583542 123.895982901255 125.351101160049 130.124588807424 136.416465044022 142.279128233592 148.996114730835 153.547366460164 158.09432665507 165.400127569834 171.786427497864 181.507686773936 189.625918865204 187.651912371318 194.612443447113 194.536407788595 193.219125270844
28.9306392272313 8.62207015355428 0.103676371509209 0 0 0 0 2.80282708505789 13.9347414175669 33.0905591448148 60.9937806924184 83.9308500289917 86.8249634901683 79.8722108205159 68.5802002747854 69.2012210687001 72.7058251698812 86.5451296170553 104.780187209447 115.469714005788 113.202681144079 111.001551151276 107.867201169332 105.884830156962 104.311923185984 105.963637431463 107.437670230865 113.272935152054 114.754984776179 110.393822193146 113.115688165029 118.870993455251 119.418640931447 119.639337062836 122.897267341614 127.297143141429 128.266175587972 127.000878254573 133.179684480031 135.095258553823 141.278713941574 149.856438239415 156.281153361003 163.390616575877 168.675382932027 175.064305464427 185.413181781769 191.806276639303
25.2435679237048 11.4338422815005 0.41584693826735 0 0 0 1.07170517245928 4.58254727224509 13.9924312631289 26.2952198584874 50.6813228130341 82.3089132706324 95.6102013587952 96.2425172328949 89.439849058787 70.3536768754323 65.2502924203873 68.5356160004934 83.8909347852071 110.007246335347 121.233959992727 119.374394416809 119.241138299306 113.545854886373 108.918646971385 109.977155923843 111.207654078801 109.402716159821 110.710561275482 119.759182135264 119.211028019587 119.428902864456 116.321494181951 114.04957373937 115.653971831004 115.549663702647 112.87714044253 108.334124088287 112.524648507436 115.628222624461 119.892557462056 125.197480122248 128.79087527593 132.56765405337 148.389309644699 155.268351236979 170.671403408051 182.259360949198
21.389069656531 14.3568391601245 1.30738892282049 0 0 0 2.36687840272983 6.78985379636288 17.0480236411095 22.912027935187 37.2368743022283 65.0086204210917 87.9872043927511 95.4789022604624 100.187599658966 93.7853952248891 88.8370672861735 79.9204607804616 74.1402606169383 84.1496189435323 104.636410872142 121.707886457443 127.025842666626 121.920237938563 117.411504189173 116.518050432205 116.91685517629 112.475653489431 116.399864355723 123.044391473134 119.570314884186 115.386605262756 115.429520606995 111.053645610809 106.368323167165 105.93060652415 100.127081076304 98.9980896313985 100.473781426748 104.71123456955 106.663306554159 109.082202116648 112.629989782969 114.813576141993 134.116570154826 144.816527764002 155.357678731283 163.051148255666
17.6291664441427 16.5604303280513 7.08010171850522 0 0 0.976451206952333 5.57555568714937 15.4153903325399 23.6948976914088 29.3689419825872 35.1359397172928 50.2995600303014 72.2959587971369 84.4377775986989 102.36515601476 110.420902570089 109.756261110306 104.108154773712 88.6951585610708 76.3759911060333 86.2166881561279 109.624614318212 119.70990896225 122.614979743958 125.354458888372 124.500910441081 126.655419667562 124.708692232768 123.70628118515 116.860926151276 114.561388889949 114.127526680628 102.872620026271 105.818430582682 104.82398668925 101.788143316905 98.5402464866638 98.3293453852336 98.9071230093638 100.783924261729 102.745672067006 104.691694180171 105.35595814387 107.44438568751 120.385855436325 134.222606817881 143.100072940191 145.083139340083
18.9010873436928 21.9726860523224 19.8367163538933 0.397879785547654 0 7.12295000751813 11.3206182916959 23.7953215837479 33.0001587669055 45.1830923557281 51.8173525730769 54.1191101074219 65.2660131454468 71.8144277731578 88.7819329897563 106.731007496516 110.724806785583 115.641077359517 110.211898883184 96.0049331188202 82.8457176685333 95.0615704059601 104.022790988286 115.545223156611 126.067588726679 129.803001880646 131.643444299698 132.557262976964 125.551909208298 122.339516878128 109.674235184987 101.109206676483 95.2171683311462 93.7173167864482 84.3123892943064 86.548238992691 96.4369972546895 98.8646348317464 97.8727042675018 101.355979839961 104.824870824814 105.535159508387 105.536431074142 105.908473332723 106.926014026006 121.883044640223 128.058234850566 128.61113746961
19.9446976184845 20.9603309631348 23.0713983376821 16.1781882246335 5.84837421774864 12.8524837394555 13.5846311847369 16.9327619175116 32.5308218598366 45.1502501964569 53.2226214806239 50.7728755474091 53.5215536753337 57.3082864284515 71.691503127416 87.556391954422 97.5720981756846 104.331115881602 109.046856562297 110.876480738322 104.953457911809 92.9421782493591 95.717857281367 106.116672356923 117.234528064728 122.121254603068 125.587642192841 127.691884835561 128.530701001485 117.955048878988 103.35252682368 89.4045035044352 85.4120850563049 76.8059094746908 68.7713374694188 78.422745068868 73.5248327255249 70.9972778956095 75.2128263314565 81.9559991359711 89.2233153184255 94.512403011322 97.9561805725098 98.8654990990957 95.5179433027903 106.240550676982 107.415070136388 112.985928853353
24.6495082974434 17.4326337873936 14.1503723959128 24.7700934608777 19.8504949609439 15.027854591608 13.7909799814224 17.6575941344102 28.6185666918755 36.5679462750753 42.7281310160955 45.0043429931005 44.3624307711919 47.8004962205887 56.5315932035446 70.7882940769196 83.2132399082184 88.7022117773692 101.098696390788 114.385584990184 121.028343836466 111.070891221364 111.89196507136 114.02149995168 115.704079469045 117.280393838882 115.10290702184 121.482412020365 118.061502774556 104.819238185883 103.780577580134 82.771509885788 64.2168621222178 47.7485805749893 40.5597810943921 37.5456884503365 37.6372883717219 48.7923721472422 60.2289189894994 66.4494186639786 71.7335790395737 77.5343477725983 83.3570659160614 81.6184282302856 88.6283119519552 92.8578078746796 96.0799554983775 102.550198634466
