input/barkrak2/radiation/dir24924.grid
NCOLS 85 
NROWS 70 
XLLCORNER 665100 
YLLCORNER 4664600 
CELLSIZE 20 
NODATA_value -9999 
[rows 40 to 59 of 70, columns 0 to 45 of 85]
223.2745885849 224.560221036275 225.332756837209 226.373533407847 233.996629714966 239.920655886332 243.532141049703 247.378389040629 246.799250443776 230.544845263163 217.175404230754 212.252378463745 211.251854896545 206.979711850484 205.473701159159 204.165279865265 202.965339024862 202.179471651713 197.116533915202 194.868465264638 198.894480864207 206.054091453552 207.202613353729 202.239513397217 199.768006801605 197.392503420512 207.024852434794 209.854642550151 214.197019735972 214.027802149455 213.402589162191 217.49472618103 213.406284650167 218.3957695961 246.616582075755 246.732771396637 233.745912710826 226.05695327123 228.879590829213 235.06764570872 248.9306529363 269.108335177104 241.618891557058 163.304775953293 102.357049783071 73.2939889033635
229.980528354645 228.026211261749 227.1928191185 226.435462633769 223.357379436493 220.666666825612 219.142695267995 220.411996046702 223.558068275452 215.831398963928 207.337180773417 209.008892377218 211.178302764893 211.614986260732 208.463629086812 206.60255352656 201.047678788503 209.599494934082 208.695193131765 201.920032501221 205.546836058299 204.209744930267 204.649309317271 206.165889898936 206.475138664246 200.689852237701 207.731147607168 211.232503255208 212.749322255452 215.534269809723 216.476360956828 217.529694239298 214.966177940369 228.706518809001 241.621891657511 232.453425725301 214.940508206685 207.39624897639 209.113677342733 220.595240592957 252.729654312134 266.840716203054 254.779934883118 208.836754163106 140.66743850708 99.3908842404683
234.370569388072 231.916209061941 233.403245608012 232.196092605591 225.071132183075 221.955418586731 219.340026378632 214.623034000397 214.794516563416 211.072325706482 209.373156229655 208.546419938405 211.264053980509 213.861842950185 213.774700959524 209.540704886119 205.213109652201 211.497286955516 212.680598100026 206.376036008199 203.081429004669 201.380630334218 197.456697622935 200.389266014099 204.405426979065 200.31217734019 198.526004950205 204.304158687592 208.824276924133 211.302081743876 211.914400259654 211.659848690033 216.176986694336 233.727435270945 239.264369010925 217.575093110402 200.543721516927 201.144874095917 209.160765012105 223.062038421631 233.74863465627 234.780708948771 221.82023525238 199.04500246048 150.349775950114 93.1018193562825
218.624432881673 221.149404843648 229.246497154236 225.993593533834 228.657404581706 230.879584948222 228.523850440979 224.09466902415 213.977634906769 211.571176846822 213.326414426168 209.131995836894 208.063999811808 212.738474210103 212.276856104533 210.119624932607 209.91184314092 213.0113641421 212.584833304087 205.962916215261 199.681957562764 198.939065138499 195.814530054728 196.03818655014 198.40141137441 201.858103275299 197.889924049377 200.127204259237 204.979538917542 206.623514493306 204.754372437795 202.302018801371 211.278100808462 225.303808848063 223.635494709015 202.924231688182 196.998397509257 207.634190718333 218.888700008392 222.361246744792 219.283739725749 215.265830357869 206.919312477112 184.480865796407 145.750552415848 95.5048203468323
216.612994670868 221.750299135844 223.738670349121 225.096225738525 226.831356684367 228.121936321259 228.452304999034 225.108504295349 219.152887662252 214.596589406331 216.470181941986 212.256550788879 207.1187098821 206.65568113327 205.524881680806 206.145246823629 201.019763946533 207.073450088501 210.023204485575 206.414699554443 201.355437437693 201.075116793315 199.408372243245 198.683857917786 197.320262591044 205.872197945913 208.385626475016 207.089861234029 206.259290377299 204.430143038432 200.28547445933 196.387529373169 201.352874437968 203.455686569214 202.803750832876 196.714341640472 201.036731402079 215.448498725891 224.326769510905 216.902454694112 216.557105382284 208.187242348989 199.023465315501 181.837737560272 153.563678264618 114.315092563629
221.864342689514 226.463596026103 223.072111606598 226.737280686696 225.580493609111 224.49799378713 226.16446018219 224.931677182515 224.564651648204 219.982365767161 217.419346173604 216.639757156372 210.581600666046 206.780950228373 204.582115014394 208.864827950796 201.03661219279 203.083237012227 209.862271944682 207.415839036306 203.899363676707 204.71849044164 202.52784093221 202.46962706248 204.731583595276 203.916569550832 210.382541020711 210.253457228343 207.569718360901 205.577770868937 201.382458209991 196.832299232483 198.52089881897 194.649597009023 180.172065893809 177.990734577179 191.681583722432 209.39701795578 212.976574897766 199.949661890666 203.766703605652 196.341435114543 190.667907396952 189.710676670074 180.136144161224 144.733369350433
221.170842647552 223.173499107361 225.003898143768 227.445860703786 227.540612220764 225.980559984843 227.880418300629 229.757924874624 225.14420747757 223.448654015859 220.601439476013 219.883322715759 214.909295241038 212.251464525859 210.012078285217 214.316288630168 209.913551807404 202.845692634583 210.744698842367 208.986818790436 205.375015735626 207.354187965393 205.361286799113 200.831492741903 208.121955394745 203.658282756805 204.513331254323 206.291059652964 207.317213217417 206.077476342519 203.246335188548 200.466990470886 197.428524494171 193.529029687246 188.469131787618 183.626969655355 189.060350259145 200.549403826396 201.015075047811 198.965787887573 201.1705438296 191.584746042887 194.535752137502 203.451454639435 201.147019863129 169.71476872762
215.444386005402 217.889189720154 222.461819648743 224.870880444845 228.55269908905 228.505710760752 226.549188296 226.890365282694 225.606679916382 227.154850959778 222.598473230998 219.440420468648 216.591060161591 216.689010461171 212.40907907486 210.479895273844 210.080722967784 200.624465942383 207.371671994527 208.676477273305 204.591194788615 206.084330876668 207.751512527466 199.236273765564 202.504972616831 204.276303450267 198.973496754964 202.529072761536 204.772929350535 204.834262530009 204.590638478597 202.90203889211 195.680896441142 197.535951932271 204.110066095988 201.169868310293 198.499242464701 197.286029656728 200.462639331818 211.180826028188 204.021314779917 193.308730920156 199.82773065567 204.08574740092 200.785100460052 182.085553805033
207.966347535451 211.18688583374 215.975383917491 220.213313897451 226.483921209971 228.910644849141 226.365228494008 224.604825178782 226.284265518188 228.115638097127 225.274999936422 221.462408701579 217.997749646505 218.975981076558 214.797258377075 210.754414399465 208.855966726939 202.916999657949 204.328715801239 210.364898045858 208.669424057007 207.02850818634 209.883451461792 204.862813154856 202.124953269958 205.591976642609 203.281740347544 206.274588902791 211.696147918701 214.173674583435 219.384630521139 218.405306339264 207.382639249166 210.173785686493 214.816431204478 212.563872337341 211.657345294952 206.59073193868 205.399791399638 208.933115005493 198.571542898814 191.394746303558 188.509861628215 186.602791150411 184.412658214569 182.420631249746
206.706921259562 204.237222671509 208.011865615845 216.640571753184 222.369829813639 224.951903025309 227.932691574097 228.635052839915 229.07555103302 225.982864697774 226.793984572093 226.740082105001 221.516152222951 219.299912452698 216.217676798503 210.948526859283 209.722816944122 204.146186510722 208.780070145925 213.709970315297 214.461863040924 213.060180346171 209.145506223043 210.698326428731 206.108053525289 209.930539131165 210.259060064952 212.047835191091 220.125277837118 226.810693740845 235.157171885173 234.870652357737 224.074482917786 221.590797106425 216.76109234492 215.577661991119 216.29810333252 216.303050518036 210.720400015513 197.152296702067 186.893324057261 189.265489578247 187.468826770782 181.623717149099 177.410284678141 177.343567212423
207.872807979584 210.097750027974 212.662319342295 218.338429927826 218.66375207901 220.094243685404 227.800687154134 231.017808119456 231.003781159719 228.713949521383 228.495399157206 227.177838484446 223.78146648407 218.133370081584 218.465785185496 220.318694909414 213.457187016805 209.258635838827 209.767063458761 215.716739495595 218.348940213521 215.300063292185 211.368997891744 209.690451622009 207.018554210663 213.092585404714 216.448903083801 217.100262641907 221.6810186704 231.427311897278 238.775412241618 241.142332553864 233.576019605001 222.626765569051 209.869980812073 206.285794576009 211.672047773997 218.45801671346 209.703326225281 188.832481702169 181.745409965515 192.587455113729 193.632880846659 188.213388125102 182.451705137889 175.09667078654
206.233143806458 216.312368710836 217.072327931722 220.608115196228 220.291097958883 218.189795811971 225.076814492544 230.807423591614 229.248344898224 231.885631879171 230.39166132609 228.503664334615 226.379672686259 220.02778450648 218.753298123678 226.409236590068 219.034234682719 211.443781852722 208.558559417725 212.187250455221 214.868386586507 212.877055009206 210.652808348338 206.527749697367 203.773856163025 205.459316571554 212.182879447937 212.947607040405 215.070863564809 221.697052319845 231.085002422333 238.210797309875 226.587653160095 204.836905002594 167.647143205007 160.784274339676 184.861620267232 205.273588498433 211.901545524597 209.81764793396 207.608044147491 202.281773090363 179.259022076925 178.05556456248 188.375552495321 175.695240497589
207.560519377391 206.548492113749 207.120696703593 210.198362668355 217.771351337433 220.562100410461 220.647811889648 225.864430268606 225.80889860789 229.945063591003 229.59699233373 231.622080008189 230.053206284841 223.502536614736 219.969987869263 219.105899333954 219.688276449839 211.040854454041 205.404241879781 204.9201130867 204.351981480916 207.235217094421 207.41347471873 201.29386583964 202.124377091726 199.062645435333 200.442353884379 201.33101940155 201.186915238698 200.587073961894 204.152047634125 214.749455451965 200.10373989741 176.70738697052 143.769562244415 124.993731578191 137.121200561523 167.666514714559 199.431935946147 210.351745287577 211.077908674876 192.261298497518 173.559010028839 174.67470963796 178.845882415771 165.693541367849
214.298049608866 203.023453553518 200.175126393636 204.452077547709 216.558396816254 223.606089750926 222.813645998637 223.538339138031 226.024806499481 224.384685357412 227.564036846161 228.753765424093 231.201688448588 227.679709593455 222.060283025106 219.416519006093 222.49710559845 212.5590244929 207.469761371613 208.735823631287 209.856251875559 206.486423810323 204.568048318227 200.275719165802 199.322501818339 197.610517342885 197.050313154856 197.345832983653 195.904513200124 189.794798692067 180.479109287262 185.603817303975 176.381627718608 157.494674126307 142.532457907995 125.639418760935 107.136239608129 117.479672034581 141.124963760376 175.242066383362 190.868079662323 181.67108297348 172.552784283956 168.78354549408 161.558230717977 151.469469070435
215.673486391703 208.179116249084 203.923106193542 206.492741902669 216.794530550639 225.57544708252 227.349996566772 224.84157482783 227.507352828979 225.987434387207 228.157560030619 228.538870811462 230.777362982432 230.583945910136 224.655826886495 225.302795569102 224.981188774109 216.799318790436 211.252411206563 212.804834047953 212.828775246938 208.266218503316 205.296377340953 203.848958015442 199.807365735372 196.52924935023 194.363077481588 194.037636121114 190.070509910583 184.993902842204 173.337817192078 174.703339735667 168.985883394877 165.919671456019 165.808151165644 159.537494182587 135.326385498047 119.795024394989 108.525892098745 123.707224925359 157.224625349045 160.126427809397 149.796386559804 136.477043231328 133.7511241436 139.744947353999
219.167570273081 216.835220654806 209.117770195007 205.565412839254 210.919658342997 223.672648270925 225.737412770589 224.759538968404 224.546074867249 228.79022359848 232.931216557821 232.729454835256 232.327342033386 233.221093813578 227.904597918193 226.145684719086 227.932771046956 222.558478514353 214.033941427867 211.623271306356 209.710041681925 207.543313503265 207.481821378072 208.25316508611 203.54825258255 201.126138369242 195.339977741241 187.317450841268 180.631637573242 177.506943543752 176.483929157257 178.742329279582 174.653192361196 182.045042514801 191.368261973063 195.440570513407 190.607329209646 174.799621105194 156.038681666056 121.307720740636 128.025829792023 145.342747370402 144.373734792074 133.675754070282 135.797629753749 152.3657143116
221.501608689626 220.381100972493 215.916911760966 209.240992863973 208.666086196899 219.395538171132 223.870774110158 224.760949611664 221.718986829122 228.419582049052 235.125044981639 234.746893246969 230.202476183573 232.338786125183 229.855497678121 223.206381003062 226.755321025848 221.412579218547 216.158350308736 214.405218760173 212.826311588287 211.448391278585 207.51299460729 205.770095189412 203.344066937764 199.189146359762 180.822134017944 159.220556418101 154.905954996745 160.543411970139 172.121167182922 175.47086874644 173.382381598155 180.585602919261 192.673166592916 206.326802571615 218.218882878621 219.451546669006 214.21088774999 161.140223344167 133.248666922251 149.103800455729 164.598643779755 171.059727668762 175.549030303955 188.324789206187
220.76404094696 218.06788444519 219.379544258118 215.930183728536 209.161659081777 214.894970258077 223.469078540802 225.465178489685 221.400400002797 223.713835080465 233.1516345342 233.969589074453 230.285743872325 230.386932690938 231.331706047058 223.769764105479 223.96715482076 220.503846804301 216.759304205577 219.323952992757 219.41335995992 218.362291653951 213.464935620626 206.995129585266 206.229408582052 205.823997656504 187.175949414571 162.593344847361 159.795304139455 166.756411393483 180.001537005107 179.62125937144 186.424374580383 194.959044456482 209.168553352356 213.286499182383 211.353699366252 179.607252279917 166.385094324748 161.760379870733 164.278328418732 175.785144170125 177.744785944621 163.337290287018 153.712809085846 166.522343953451
210.276961326599 216.35103225708 216.791609923045 215.941389401754 213.591694831848 210.272570451101 222.537159919739 228.068292140961 223.391572634379 224.125742912292 229.389528433482 233.944753805796 231.465518474579 226.433157920837 228.692611058553 224.322617053986 219.394266605377 221.866647402445 221.248825391134 222.360968589783 223.126510779063 219.152092933655 217.215538024902 210.909505685171 209.973553816477 212.965448697408 207.880258560181 199.679017066956 197.323282559713 195.806225140889 198.713839054108 190.076073010763 199.656128883362 204.998215039571 204.477488994598 185.641288757324 172.656059265137 122.585237026215 99.8124877611796 133.151908715566 171.310941378276 184.656341870626 177.475790182749 165.798902511597 161.321302254995 170.018553733826
199.353237946828 212.139348189036 214.390794436137 213.285207748413 215.1966492335 209.928353627523 217.672844727834 228.472272555033 232.716679573059 228.527009487152 230.358302593231 231.335779031118 233.107626438141 229.157169659932 229.582707087199 226.788759231567 220.781664053599 221.171001593272 218.383153279622 216.2051598231 217.964708805084 216.925779978434 215.905328591665 214.223364988963 215.329567591349 221.952815850576 230.144540468852 232.000986735026 214.690168698629 214.18289343516 203.272481759389 190.205534299215 198.373039563497 182.81086285909 154.610455036163 126.903295516968 106.17807507515 102.272123098373 85.9531263510386 95.4560240109762 119.477371374766 152.19580133756 176.067014535268 197.754224141439 221.207082271576 221.688628196716
