input/barkrak2/radiation/dir21124.grid
NCOLS 85 
NROWS 70 
XLLCORNER 665100 
YLLCORNER 4664600 
CELLSIZE 20 
NODATA_value -9999 
[rows 0 to 19 of 70, columns 0 to 45 of 85]
329.932848612467012 335.222363471985 337.846875190735 338.20895353953 333.922147750854 329.375227292379 321.972966194153 316.300670305888 320.273300011953 319.821834564209 317.225078741709 323.44522078832 328.234553337097 327.175994714101 329.637964566549 334.823846817017 330.819288889567 323.679010073344 318.817873795827 307.835678259532 288.875699043274 287.506322065989 306.484162807465 313.755412896474 311.783730983734 312.07021077474 310.876647631327 300.10179678599 281.524022420247 275.862058003743 273.811300595601 282.044311364492 297.930618127187 302.833676338196 307.013034820557 298.465927441915 297.256688276927 307.53634373347 302.366515000661 303.594966729482 294.898927211761 280.093411604563 289.284110069275 307.289918263753 312.647501627604 305.777132511139
320.302546024323 323.864936828613 325.266619523366 330.124219258626 333.298961321513 330.828567345937 322.928746541341 314.528902371724 318.445324897766 319.998522599538 314.954976240794 319.811244805654 326.412359873454 327.010413010915 326.812545458476 328.87480656306 328.661282857259 326.394041379293 323.84204864502 313.846111297607 302.034000555674 299.027482668559 307.160496711731 312.838832537333 312.371790409088 310.242116451263 307.743708292643 300.3964026769 285.646498203278 276.36706829071 277.478118737539 290.662864844004 294.711232185364 296.262363592784 306.325634320577 297.756791114807 293.612003326416 295.437216758728 290.83780447642 302.756369113922 301.242152849833 291.198213895162 296.467105547587 312.467038631439 317.35614935557 309.202094872793
286.677141984304 295.257369677226 298.647125562032 306.050042311351 314.335862795512 320.579489072164 323.284427324931 323.546568552653 322.878201802572 319.844305515289 312.961459159851 314.058184623718 322.755297025045 325.175801912944 321.731944878896 325.37845770518 328.707496325175 329.964856306712 327.690124511719 323.117256164551 321.268022060394 315.814554691315 310.397148132324 310.226281483968 312.258283297221 312.053104241689 306.241929531097 299.050847689311 287.661294142405 276.963492234548 277.135531107585 292.66369342804 284.421324729919 291.019121805827 302.830537160238 297.117551167806 285.144170125326 279.373327891032 288.388888041178 303.417007128398 304.416060447693 303.272724151611 302.790522575378 314.320246378581 323.868532975515 314.842124780019
271.859288215637 267.678360144297 273.387849330902 279.585162798564 285.35391887029 290.201624234517 294.256647427877 303.947726885478 315.036992232005 321.511546770732 321.235179901123 322.336713473002 325.299779574076 326.01257165273 323.294997215271 319.303830464681 321.63139184316 323.658724625905 325.916031996409 325.270970662435 322.881499926249 320.467829704285 321.547230084737 317.358911037445 315.864284833272 317.474683125814 312.179724375407 303.771615028381 296.36271794637 288.695136706034 280.955115954081 292.819142341614 284.360190232595 290.013273557027 295.475681622823 296.769340833028 291.522880395253 288.767536481221 303.431948026021 312.317530314128 308.431367079417 300.957242647807 296.38683795929 305.676976839701 316.787302494049 317.027052243551
284.506698449453 271.169126033783 261.18125518163 253.332396348317 257.906218369802 271.848241488139 287.938793500264 294.656813144684 301.767925421397 306.512395540873 317.563811937968 326.039036115011 330.219944318136 331.234236558278 330.220222473145 328.636705875397 325.887739658356 320.056557655334 321.151892344157 324.707388877869 323.287487030029 322.295228640238 326.823711395264 323.346575101217 319.655378659566 319.849232832591 315.722088019053 307.851731777191 300.42310555776 295.592526594798 295.950929323832 299.654126167297 294.084191322327 295.896152655284 293.548365434011 296.311100323995 304.932057857513 308.69734287262 314.681092898051 317.641198635101 316.036959489187 309.003988901774 303.119381268819 301.24843120575 306.152939796448 319.564620653788
316.709419091543 297.786752382914 277.241965134939 258.064607779185 250.606298446655 258.948187033335 280.401428540548 293.301622072856 296.014527479808 296.229521433512 303.668876489003 311.627328395844 317.460636297862 321.167469024658 324.942370255788 326.965053876241 323.655406634013 318.07820002238 318.445404370626 322.281618913015 322.207808494568 325.455605983734 330.969333648682 328.029831250509 325.042208035787 324.393630027771 319.600959618886 311.98529402415 303.267856438955 297.776599725087 300.276279449463 300.605734189351 304.817676544189 309.248507022858 303.467055161794 300.743997097015 307.81751871109 313.029090563456 314.723710219065 314.697364966075 315.485994021098 311.544517676036 309.754729270935 309.217552344004 306.848247845968 306.080877780914
328.439235687256 315.861384073893 301.872412363688 286.502361297607 269.635101159414 258.657038211823 265.423019727071 289.119243621826 297.826488812764 303.55046192805 301.619271437327 297.89533217748 294.851740201314 291.249871253967 292.989512284597 303.682863712311 310.721337795258 318.849126497904 324.409107367198 327.174027760824 324.862162272135 321.983973185221 328.018188476562 329.079568386078 327.895442644755 329.161047935486 326.71997944514 320.305665334066 311.756074428558 307.049075762431 305.837512016296 308.644036451976 319.272895654043 322.871307531993 319.886366526286 313.860535621643 312.491993109385 314.463019371033 316.378474235535 320.012291272481 318.977038065592 315.219442049662 312.804341316223 308.688580989838 294.632176558177 287.890076637268
328.248977661133 325.66887140274 321.536123752594 313.187817732493 298.208236694336 274.892767270406 255.1495830218 256.291846434275 284.476657708486 302.943805853526 307.823618253072 304.123679796855 298.767248789469 292.200823624929 282.033284505208 284.77011124293 294.092337290446 304.352482159932 318.151632944743 326.840241750081 328.303297360738 324.730674425761 326.244135697683 328.097701072693 327.900191148122 329.706152280172 329.234818617503 325.900832811991 320.648670196533 319.040735562642 319.010098775228 320.730586846669 328.279495239258 330.397347609202 328.057706356049 324.334522088369 320.107837518056 315.809508164724 309.6697529157 312.156001726786 318.595131238302 323.213696479797 325.089772542318 318.874518076579 305.007576942444 291.946053504944
324.442267417908 325.090289115906 324.299931526184 321.123063564301 314.172546068827 300.965984662374 278.717776139577 254.648149013519 265.300055344899 285.003244876862 299.771189689636 304.315567016602 304.831723372142 303.249398867289 296.472748120626 291.640877723694 289.650976657867 292.053441206614 302.497227986654 313.985188802083 322.580655415853 326.600650946299 326.703349749247 323.98647069931 324.819842974345 327.353378136953 328.383485476176 326.931218306224 325.202027956645 327.448626359304 329.145312309265 328.385730584462 330.484390258789 331.627468268077 328.439871470133 326.707243919373 323.606014251709 316.378633181254 304.15286620458 305.983225504557 320.998092492421 327.446679274241 326.381266117096 322.215616703033 313.055455684662 304.350634415944
310.196280479431 315.83042939504 318.563044071198 318.664133548737 317.162871360779 316.385527451833 307.854533195496 294.271985689799 269.406000773112 262.057662010193 273.850599924723 293.193062146505 306.725601355235 312.495013078054 314.196149508158 309.730052947998 299.596786499023 296.112020810445 295.693178971608 297.070980072021 303.313891092936 307.890375455221 312.190492947896 314.997831980387 318.389574686686 320.769111315409 322.422464688619 321.6845591863 321.650346120199 325.174768765767 326.190988222758 326.373040676117 329.861263434092 332.330127557119 330.76286315918 327.189326286316 325.416843096415 322.006384531657 306.058923403422 305.120905240377 319.710314273834 322.759032249451 321.612993876139 318.732480208079 310.002903143565 301.469425360362
274.432758490245 285.1868669192 294.155061244965 301.049967606862 307.177106539408 312.240759531657 314.535737037659 312.718907992045 294.306377569834 273.040413856506 261.102298895518 268.008867899577 289.93825117747 306.554754575094 315.386394659678 309.489607810974 304.813981056213 300.69096883138 295.086264610291 289.940516153971 290.231267611186 290.140509605408 292.385141054789 301.184376080831 308.656970659892 312.901755174001 314.562439918518 314.263939857483 317.164639631907 320.286651452382 321.839531262716 324.065566062927 329.226613044739 331.206599871318 329.280535380046 326.930741469065 327.167709668477 328.04008324941 319.178144137065 312.253912289937 317.889948685964 321.620583534241 322.879195213318 321.616331736247 314.660807450612 307.536562283834
238.944033781687 243.689656257629 251.228253046672 261.932194232941 275.222877661387 288.275718688965 301.95426940918 306.318501631419 307.237207889557 298.123419284821 277.418394883474 260.548909505208 262.642661730448 282.244900862376 300.834774971008 302.235186100006 307.310322920481 305.752178033193 299.311598141988 291.709065437317 285.59551636378 283.24689467748 283.35177898407 290.41580359141 296.401083469391 299.89230632782 301.712095737457 304.710924625397 308.735211690267 311.821619669596 314.717769622803 318.714201450348 323.05109500885 324.571927388509 323.600391546885 322.843293348948 326.873302459717 330.546220143636 329.290350278219 324.398835500081 324.140270551046 326.494654019674 328.239639600118 327.376584211985 321.832935015361 319.512804349263
228.7903825442 224.809229373932 222.692509492238 221.964995066325 229.177594184875 244.26809946696 266.143361727397 283.932685852051 305.373867352804 308.290044466654 300.512532393138 282.151639461517 258.748054504395 256.73645734787 276.639183362325 296.979109446208 307.202140490214 308.857063452403 305.815656979879 299.827992916107 293.357908725739 292.454818884532 291.302800178528 292.023917039235 291.91376765569 290.943423906962 294.259329636892 300.745964050293 303.184449672699 304.209391276042 307.129859924316 311.166485150655 312.861323356628 314.028998215993 315.015951792399 317.342340946198 324.379404385885 329.449276129405 329.557140668233 330.049932003021 329.83144124349 329.676111539205 329.053819179535 328.690787156423 322.951376438141 320.599993069967
223.533074061076 197.761217753092 181.620001792908 176.266094048818 173.719922701518 179.889798164368 198.301513989766 231.035391489665 265.412151813507 293.540636698405 305.67878484726 306.013802687327 292.600214481354 271.561523278554 269.28981145223 290.362775325775 302.800059318542 310.432692368825 314.490576585134 312.310258547465 304.962952931722 302.510996659597 300.14955997467 300.041417280833 298.564533392588 296.627322832743 299.284974733988 305.34287293752 304.485380649567 300.203700860341 304.425617059072 308.329741160075 309.05028184255 309.374709924062 311.517337958018 316.253185272217 319.555958112081 322.563211123149 323.692321777344 323.407292366028 325.194676717122 327.370444933573 328.595757484436 328.602532545726 323.817034562429 321.377873420715
208.562592665354 170.60645421346 149.775932232539 145.537028710047 145.261347293854 149.357179800669 158.182064692179 184.449255466461 209.844549496969 255.946020285288 299.631317456563 318.144838015238 320.59101263682 308.548549811045 289.306839307149 285.795013109843 290.386140346527 302.026788393656 313.430190086365 317.134102185567 316.167573134104 312.345246473948 310.91296672821 308.825612068176 305.6733806928 304.151097933451 306.638181209564 307.387888431549 302.535434563955 299.739638964335 303.319732348124 306.808511416117 306.208332379659 306.324382623037 308.989524841309 311.732987562815 312.108516693115 311.44909063975 313.643097877502 312.868634859721 316.450635592143 320.969641208649 324.062287807465 323.609352111816 320.90304295222 320.349097251892
176.106731096903 149.443805217743 128.118624289831 126.274665196737 141.532758871714 163.758804400762 165.099302927653 171.651403109233 192.936917146047 220.747093359629 267.552057902018 314.20115629832 327.204664548238 325.822134812673 314.627170562744 291.740039984385 283.107757568359 285.214463869731 298.609892527262 315.520068009694 320.515672365824 317.23016500473 318.142135938009 314.518968264262 309.645613034566 309.853235880534 312.452793121338 308.931728204091 303.752481937408 306.140998999278 307.847400506337 307.421724001567 305.435538291931 303.821086883545 304.369926452637 303.910295168559 302.661796410878 298.641582330068 300.56099096934 301.90239350001 304.528613885244 308.552145957947 310.471057891846 310.876588026683 314.793070157369 317.626198132833
155.275563398997 144.783556461334 126.20210647583 117.417275905609 121.638496716817 146.484802166621 166.508535544078 173.273106416066 187.718451023102 201.841294765472 225.041806697845 275.210916996002 320.147772630056 325.447082519531 322.626789410909 315.938115119934 308.329482873281 295.949816703796 288.161595662435 297.093033790588 313.4951988856 319.417099157969 321.53183221817 318.660457928975 314.043899377187 314.984798431396 318.234165509542 315.092782179515 311.348636945089 315.353830655416 315.519134203593 308.195491631826 304.139991601308 301.782389481862 297.468562920888 296.616355578105 293.416599432627 292.48454173406 292.84139474233 294.472058614095 296.636641025543 298.935413360596 300.996243953705 301.958600680033 312.239388624827 317.101061344147
147.137592236201 149.361590544383 142.969608306885 128.880947828293 113.519122203191 126.850813627243 156.770785649618 175.699412822723 195.855577786764 206.028501192729 215.015113353729 241.006751855214 282.05128510793 316.935439904531 325.008988380432 326.74519220988 325.226247310638 317.484180132548 302.721540133158 290.12389977773 298.911134401957 315.832714239756 318.254371484121 317.7170753479 318.02902619044 321.823020776113 324.512958526611 322.815358638763 320.229371388753 321.767926216125 317.670245965322 310.204724470774 305.570562680562 300.902465979258 296.485424041748 294.351140658061 291.791379451752 292.017936706543 292.007327079773 293.598135312398 295.726815859477 296.100874741872 296.175281206767 298.29333225886 306.456883748372 314.586917559306
154.87535794576 164.937525987625 170.495688915253 157.667050758998 137.751926978429 141.220947106679 162.447949250539 182.102084159851 200.99151134491 222.59908914566 230.288664499919 238.646626472473 260.504762331645 277.472217877706 306.290030479431 324.345966180166 325.269420941671 324.281533559163 320.739010969798 308.903316656748 294.619202613831 304.819544156392 309.599240620931 315.30358393987 321.381787459056 325.917820135752 327.857752641042 326.985041300456 322.454333305359 321.471472581228 316.734472910563 311.81808312734 306.567788124084 301.689147949219 298.813124497732 295.546015103658 295.195738474528 293.16786924998 291.624188423157 294.151564439138 297.495941321055 297.727147738139 297.361016273499 299.837589263916 300.024608771006 309.791882832845
165.922025839488 170.596321423848 184.199074904124 193.055192629496 181.049187978109 161.106725533803 161.705255508423 173.528850078583 192.4134294192 215.441068013509 230.470697085063 232.300937175751 241.540948549906 253.534237543742 271.324535210927 295.064568519592 318.024675051371 319.582899411519 320.053954919179 319.385945796967 313.744862874349 304.188032944997 304.955204327901 310.662170251211 318.879226843516 323.91361395518 327.715595563253 326.518177986145 320.374588171641 319.677313168844 315.431237220764 309.564312299093 304.966866970062 302.763422330221 301.032702128092 297.274311383565 295.060733954112 288.933714230855 287.596166133881 293.546239535014 298.628687858582 300.053755442301 301.019032796224 300.829033056895 298.890809218089 306.239346663157
