input/barkrak2/radiation/dir26124.grid
NCOLS 85 
NROWS 70 
XLLCORNER 665100 
YLLCORNER 4664600 
CELLSIZE 20 
NODATA_value -9999 
[rows 0 to 19 of 70, columns 0 to 45 of 85]
226.604262987773012 240.968962510427 255.398511886597 272.341291109721 279.078841209412 278.561949729919 270.290116469065 264.232297738393 266.651133696238 267.486155033112 267.254630724589 269.323070844014 269.217431545258 269.834955533346 271.690209706624 264.822622140249 254.914879798889 243.978301684062 238.781650861104 227.813800175985 220.674077669779 232.525090376536 258.399029572805 264.544149239858 267.55295197169 275.828897953033 273.287832736969 261.112093925476 245.081464449565 242.143948872884 238.420685132345 256.567398707072 296.376764774323 296.333154042562 294.346392154694 278.968930244446 285.433570543925 300.248185793559 295.324603716532 296.984612941742 280.293087164561 281.296034653982 291.732668876648 293.584764003754 286.800801753998 289.067467053731
206.010202566783 222.97078371048 237.649778525035 254.347125689189 266.029238700867 269.312898317973 265.577912330627 264.610091845195 273.855487505595 272.393544514974 268.409093221029 268.805384635925 269.867579142253 271.040380001068 270.830889542898 263.848980267843 259.564280509949 251.89467271169 247.307658195496 233.773191769918 235.10350783666 251.326302687327 270.518779754639 272.269189357758 277.185320854187 281.22886021932 274.93025859197 263.632575670878 249.867081642151 243.798613548279 244.639098644257 269.830703735352 296.603480974833 296.448191006978 293.958346048991 280.055522918701 287.23531961441 298.013309637706 293.625315030416 295.795122782389 289.367198944092 283.253093560537 284.56449508667 285.965065161387 285.207013289134 290.091395378113
169.390459855398 182.468831539154 195.029218991598 206.787943840027 220.361053943634 230.338215827942 239.550213019053 252.339859803518 263.361593087514 262.785295645396 260.432541370392 265.438616275787 274.829228719076 278.901954491933 276.063819726308 281.17561340332 283.125281333923 275.644262631734 261.218309402466 250.55730342865 256.244281927745 264.721035957336 271.966020266215 273.491422335307 279.457410176595 278.136630853017 270.611484845479 262.747784455617 253.831485907237 250.54266055425 257.130662600199 283.146739006042 293.664991855621 295.273045698802 293.584088484446 286.636769771576 290.06963968277 292.872627576192 294.315854708354 293.903628985087 288.658102353414 277.739842732747 269.270956516266 271.749913692474 281.758467356364 289.78176911672
150.362471739451 151.951253414154 160.192469755809 167.382180690765 173.424283663432 178.871909777323 186.477283636729 202.642937501272 223.027427991231 239.898999532064 251.724382241567 266.329328219096 277.997712294261 282.271921634674 283.954838911692 288.543581962585 286.959966023763 277.877370516459 264.346063137054 258.593400319417 257.141470909119 255.857348442078 266.292154788971 269.570092360179 271.327137947083 272.963841756185 269.592881202698 264.77171977361 261.963287989299 262.147784233093 262.972732385 287.912309169769 293.579041957855 293.489297231038 291.924516359965 293.336451053619 293.896555900574 292.840321858724 294.586718082428 288.668255011241 278.326610724131 267.562588055929 263.203620910645 276.833256085714 293.893496195475 288.846552371979
172.649105389913 155.847807725271 142.868787050247 133.815030256907 136.222869157791 152.809798717499 174.274464448293 185.413320859273 196.122566858927 204.007863998413 226.003805796305 249.31259950002 263.983885447184 271.366556485494 276.68837706248 279.098550478617 273.92715215683 263.895074526469 259.972314039866 258.325338363647 253.672401110331 251.892765363057 262.610236803691 265.802005926768 268.600304921468 274.23894405365 271.239439646403 266.987860202789 264.393091201782 262.387156486511 267.23833878835 293.051461378733 294.012387593587 294.523974259694 289.277116457621 290.977199872335 292.96620686849 293.027182420095 285.969853401184 279.901027679443 276.454548041026 271.687507629395 273.608207702637 283.307075500488 286.709209283193 274.254381656647
216.581424077352 188.119610150655 159.807791312536 136.045585076014 126.644750436147 138.249814510345 164.19376929601 181.957443555196 186.414281527201 186.143120129903 197.018106778463 211.003839969635 221.371332804362 228.407959143321 237.459202607473 245.557467142741 246.679107348124 248.765508333842 255.397419134776 260.875582695007 260.968347390493 264.041384061178 266.339341799418 266.016523043315 269.118666648865 274.347047011058 272.99976348877 270.310600598653 267.340759436289 266.450921694438 279.874861240387 295.02938191096 293.627778689067 294.40826177597 288.665493329366 286.326289176941 289.330005645752 286.659757296244 278.247197469076 280.183633168538 278.537372748057 274.396459261576 275.831977526347 276.647766431173 270.639618237813 248.512188593547
239.858229955037 214.594880739848 193.214078744253 171.431601047516 150.102108716965 136.647303899129 144.600600004196 174.245953559875 188.519299030304 197.056949138641 193.472703297933 188.155909379323 183.788100878398 179.641842842102 181.999325752258 198.182264963786 211.25606695811 231.08430703481 250.044961770376 262.387871742249 266.95708433787 268.762687842051 268.96345615387 266.866942246755 268.694122632345 271.220088005066 273.292124271393 272.525628407796 268.973072369893 273.403326670329 285.617232322693 293.343345324198 293.067554632823 290.57385524114 287.62408097585 280.636827150981 281.045953432719 276.213447252909 274.588366349538 272.588729858398 267.154494921366 264.164169629415 269.0190076828 272.912919521332 262.197852134705 251.871983210246
250.508546829224 239.415148893992 226.897676785787 210.226456324259 186.199386914571 154.466658830643 133.228242397308 133.059660593669 167.84942150116 194.44731871287 202.329019705454 198.329130808512 189.100623130798 178.726394971212 165.328770875931 168.96778345108 182.210961977641 199.589093526204 223.914742469788 244.83867486318 256.403803825378 264.049649238586 270.609696706136 267.880181471507 266.362845897675 266.140679518382 266.984780629476 267.061869303385 266.238192717234 274.75376923879 284.509499867757 288.50793838501 284.748017787933 280.928671360016 275.768280029297 272.587200005849 275.016526381175 269.069413344065 262.325247128805 251.34797890981 252.15357542038 261.720955371857 276.242097218831 283.973177274068 274.341424306234 271.075785160065
242.144147555033 242.487668991089 237.695395946503 229.106148084005 214.21472231547 190.333167711894 158.748179674149 129.686196645101 144.186546405156 166.629791259766 187.69774834315 198.480049769084 200.841585795085 197.943488756816 184.974551200867 176.867703596751 174.100915590922 178.911169370015 193.353851636251 211.764554182688 228.771487871806 243.302981058757 253.449956576029 251.030882199605 252.797861893972 252.999742825826 253.847082455953 255.056897799174 256.728768348694 266.013443470001 271.79745833079 271.821220715841 269.85243956248 269.51785882314 269.046247005463 269.937713940938 269.138236840566 264.878213405609 257.530887921651 252.829035123189 266.654809315999 279.483000437419 287.008504072825 287.644267082214 274.981399377187 269.275883833567
210.136950016022 220.605492591858 226.035714149475 226.050555706024 222.808321317037 217.872341473897 199.886918067932 180.011053880056 148.255854845047 137.60902484258 151.806304852168 178.300738334656 201.270898183187 212.849020957947 213.936587174733 204.539676507314 188.673575719198 183.173676331838 181.687156359355 185.262242952983 194.658041000366 203.344782193502 213.773826758067 222.264448801676 231.613000233968 234.551886717478 235.75754960378 236.785431702932 239.136377970378 246.16934855779 247.618536154429 248.061458269755 255.134661992391 258.962492148081 262.869536876678 262.537797292074 261.138101418813 263.599852720896 257.445693016052 262.942771116893 281.371593475342 289.120197296143 289.563755194346 286.807497342428 273.825844128927 268.569270769755
152.896702289581 168.24201742808 182.67019589742 194.139877955119 204.590658346812 213.002999623617 214.248557885488 207.812309265137 178.429861863454 151.73997481664 136.381069819132 144.489467144012 173.201898733775 200.651367505391 216.714978218079 206.214944521586 197.824557622274 189.482847849528 180.841247240702 175.178726514181 175.581932067871 176.217317581177 180.348972479502 195.086677869161 208.693961302439 217.312355836233 219.060838222504 219.566166400909 225.897093613942 231.302777926127 234.509110450745 238.207777341207 247.848848501841 252.001921335856 252.052187919617 252.36964225769 256.694853305817 261.494040489197 261.495689551036 274.426778157552 284.894148508708 288.702011108398 288.461784521739 285.569985707601 277.353723843892 277.575234572093
108.174562454224 113.618552684784 123.125294844309 136.741985877355 154.843389987946 172.399361928304 192.009667555491 198.791662851969 199.502527713776 184.5916112264 156.900564829508 136.137743790944 138.282189766566 162.5803510348 191.502650578817 195.910314718882 202.608307202657 198.243737220764 187.491436799367 176.158765951792 169.369876384735 167.00287659963 167.2136982282 176.308155059814 186.028560002645 192.889153957367 196.253021558126 200.927038987478 208.302279313405 213.438908259074 218.458155790965 224.057614803314 230.527281761169 234.008332093557 234.597663084666 236.327946186066 246.96284532547 257.887880007426 262.978196144104 274.406274159749 280.576268831889 282.306512196859 279.939333597819 276.198188463847 272.533893585205 271.875957647959
78.6222368478775 76.0310739278793 76.0307063659032 86.3058765729268 96.1805085341136 115.20196000735 142.114818096161 164.775023857752 195.637106895447 201.34836435318 188.84672721227 163.062940041224 133.918205897013 130.855590105057 155.303100744883 184.18288230896 201.259136199951 204.385956128438 198.953111966451 188.337524731954 178.955415884654 178.47470442454 177.958945433299 178.836663564046 179.426948229472 179.26957209905 183.667461077372 193.078637123108 197.096268335978 198.577523231506 204.09635702769 209.247251351674 211.336115996043 212.616503238678 216.04464451472 221.628030141195 233.860651652018 246.691842873891 249.954581260681 258.266746997833 264.372150103251 265.622178713481 264.708121617635 265.547037124634 261.55428091685 262.082934379578
75.9636263052623 51.5806674957275 34.6300527453423 26.8188292781512 24.7459610303243 28.632049759229 43.4445589780807 75.7116476694743 106.328467528025 153.898219267527 184.073170026143 199.011544386546 177.245895067851 150.285979111989 146.438360214233 173.397978146871 191.766381263733 206.53502146403 214.105725288391 208.951334158579 196.463207403819 193.173766136169 189.564128716787 189.102232456207 189.360638459524 187.40850687027 189.784745375315 198.958992958069 199.142932891846 192.160487174988 197.686096032461 202.778975168864 204.239030679067 204.533775647481 208.868404229482 216.5367603302 221.94774945577 228.193958600362 232.409060001373 234.887619813283 240.452786286672 245.718638102214 253.389636675517 258.564591407776 254.523932933807 258.787035942078
87.4456465244293 51.7208675543467 25.6924480199814 12.8843399385611 6.8543367087841 9.99066419899464 27.1951953570048 50.9376873572667 70.2125082413356 107.355028390884 145.128677288691 173.031012217204 190.900087356567 186.80868546168 166.479080915451 161.757151285807 167.065064112345 185.469269752502 208.28104019165 219.668209552765 217.155496279399 209.703087806702 206.769029299418 202.544728914897 199.381033579508 198.092798391978 198.985517024994 201.505720615387 197.590390841166 192.093431949615 195.047636826833 200.305680433909 199.64744647344 199.431657791138 203.737815221151 207.894206047058 208.642542362213 207.802315553029 212.899883588155 213.817636171977 219.293216864268 227.522035439809 233.800967534383 237.748305002848 239.967246850332 243.680040041606
77.0793259143829 51.6412208477656 22.6019894083341 6.44103437662125 2.8018324325482 24.0945766369502 42.0021365086238 55.5607577164968 68.7687695026398 91.1504626274109 119.970659414927 155.231932799021 174.514770507812 183.739264806112 178.753515084585 155.599961678187 149.590621391932 155.002862215042 173.577845096588 201.496402422587 215.556462605794 216.754595438639 218.987027804057 213.120679060618 206.254581610362 207.06973473231 209.161957105001 205.170591672262 200.146158536275 202.079733212789 201.697667439779 201.022207736969 197.895566622416 195.371905962626 196.311275164286 195.610344409943 193.253715833028 188.140650590261 191.737095514933 194.176216920217 198.338250319163 204.624593257904 208.039959271749 209.62909857432 222.298383712769 228.482027848562
64.3087724844615 53.7928740183512 28.699999054273 1.94109852115313 6.87405839562416 28.4085149566333 46.4587211608887 60.6098522742589 75.9005645910899 85.9174728393555 104.66593503952 135.970969994863 161.025842030843 173.399806022644 177.439093589783 177.878101666768 176.491498947144 168.15451780955 160.342295964559 172.510862350464 195.263504981995 210.883378982544 217.461446921031 216.883738835653 211.123486359914 214.103937149048 219.391047954559 215.157310167948 212.922692298889 217.489322026571 215.061326821645 203.105668226878 196.509619553884 191.91579023997 186.265011628469 185.135185718536 180.16908566157 178.015649318695 179.06653881073 182.935992876689 185.527861118317 188.059528668722 191.453178723653 194.462815920512 212.189714113871 222.143769264221
54.2913923660914 57.619720697403 44.7474122047424 8.20733979344368 11.4527493715286 34.8780602216721 53.5830855369568 73.5883563756943 86.807906627655 93.2596723238627 102.585345506668 122.679173946381 143.941005071004 159.34016307195 175.408482551575 184.926867485046 192.371884981791 187.71888812383 170.634945233663 160.412281751633 172.728657722473 197.436531384786 205.256779988607 210.422893365224 215.631206830343 221.689840157827 227.991163730621 228.154381116231 227.116485436757 229.189852873484 221.952895323435 209.577798843384 200.079441070557 191.520492235819 184.70823764801 181.13253513972 178.132851918538 178.001761436462 178.253889083862 179.994980494181 182.566444079081 184.451142946879 184.062937895457 188.031176726023 199.985841910044 214.61021900177
61.1570179462433 68.06281208992 67.5420065720876 32.5263788302739 26.7349084218343 51.7098655303319 67.7802413702011 85.5714778105418 101.190020640691 113.702277342478 120.488524436951 120.278964440028 127.676943937937 137.355675299962 155.006508032481 171.189427375793 180.686453978221 187.441110610962 189.737915992737 177.528818448385 159.144987662633 171.734432379405 179.380893707275 191.106498241425 206.39580488205 220.280269781748 228.269716103872 236.03085676829 230.952064196269 228.983799616496 221.830586592356 214.881996313731 204.716463883718 194.292068481445 188.877860705058 183.665235837301 182.216684023539 178.253451983134 177.678863207499 181.20006720225 184.824287891388 186.81534131368 186.334629853566 188.209474086761 190.315703550975 204.546729723612
66.3168430328369 69.0894921620687 79.5058558384577 68.7425931294759 57.1779062350591 69.0091947714488 72.0072289307912 86.5814983844757 100.628942251205 111.782242854436 120.434939861298 116.30783478419 116.29182100296 122.46968348821 137.339383363724 154.348899920781 166.134377320608 173.527677853902 179.161369800568 183.260281880697 175.181527932485 160.649637381236 167.767028013865 176.07718706131 187.437891960144 197.648882865906 202.153782049815 198.782662550608 203.082978725433 209.256450335185 221.311271190643 214.121480782827 205.176631609599 197.211007277171 192.315141359965 186.780631542206 182.549913724264 172.836105028788 170.634806156158 179.785470167796 186.856706937154 188.499967257182 191.481590270996 190.592666467031 186.64163351059 197.696169217428
