input/barkrak2/radiation/dir24924.grid
NCOLS 85 
NROWS 70 
XLLCORNER 665100 
YLLCORNER 4664600 
CELLSIZE 20 
NODATA_value -9999 
[rows 20 to 39 of 70, columns 0 to 45 of 85]
98.5474387804667 86.355984210968 94.4786071777344 120.737294356028 117.826173702876 101.157357295354 93.3785537878672 104.325026273727 116.754094759623 128.14403573672 139.164388179779 140.255351861318 138.071725765864 136.787573496501 147.166510423025 163.668602705002 175.530691941579 186.947544415792 201.261103153229 218.876262505849 224.925557772319 217.053771018982 215.001185735067 219.951470692952 224.498967329661 222.441156705221 220.830718676249 219.089051087697 226.007421811422 227.531433105469 228.736380736033 226.474483807882 209.751963615417 199.070533116659 194.142957528432 200.472911198934 199.957251548767 202.016413211823 206.752777099609 211.059590180715 212.557593981425 212.140162785848 215.666035811106 208.845019340515 213.758130868276 219.226857026418
129.720230897268 119.104077418645 117.608447869619 146.413067976634 144.428749879201 104.541758696238 104.500244061152 115.312814712524 121.88055117925 128.115276495616 136.216928561529 132.474958896637 131.367673476537 128.890961408615 139.043281475703 152.240147193273 166.277756293615 179.265777269999 190.189083417257 205.769995848338 213.095148404439 227.544645468394 229.151904582977 228.562494119008 220.713575681051 208.388408025106 198.818147182465 193.324387073517 196.513136227926 197.416047255198 182.198663552602 150.183459122976 136.448125044505 141.052385171254 145.69749434789 167.237718900045 175.934195518494 193.615476290385 206.261416276296 206.648012002309 204.502622286479 203.449408213298 195.972522099813 177.304367224375 202.580690383911 213.969528675079
176.357984542847 175.26113986969 161.795298258464 166.810790697734 166.200379530589 127.610256274541 127.710888783137 123.796721299489 121.491094430288 124.883393446604 131.757507721583 132.11848338445 139.318068822225 138.264844814936 142.614702383677 149.468998114268 163.820693890254 175.735831260681 184.809943040212 187.622308731079 191.684544086456 206.95302883784 214.905003706614 219.848096370697 219.756126403809 208.712995052338 194.989919662476 189.199308554331 177.504241466522 176.368733247121 144.2718009154 107.970476150513 73.6224253972371 62.4330192804337 77.1003713210424 97.3398387432098 138.10870051384 164.903819561005 183.805664380391 192.470828692118 196.210583051046 198.275327682495 170.388261477152 144.949406385422 178.824881712596 210.108915964762
210.475822289785 204.088608423869 179.353574911753 173.13406864802 172.032554944356 164.133807023366 150.106112162272 129.642734924952 115.591019392014 119.234591722488 131.65737191836 137.14262843132 146.538654963175 155.537317196528 153.870284557343 153.873940308889 161.522249380747 173.068980375926 181.585272153219 172.608733177185 171.922345956167 174.920578797658 188.437978426615 198.361833890279 200.304945309957 199.306011199951 183.084925015767 175.343294938405 157.251358032227 122.125685214996 94.585508108139 74.9679952859879 42.6798264185588 9.93110612034798 9.2425774782896 28.0774384737015 69.7568158308665 99.6280113855998 115.820785363515 133.059114217758 139.569818973541 130.946894486745 130.181312561035 158.189326524734 170.313576857249 200.459023316701
205.952803293864 204.160849253337 192.774693171183 176.387588183085 163.22593887647 163.611570994059 151.692489782969 140.907526016235 128.294746081034 124.418159325918 130.178302526474 136.652022600174 144.861916700999 153.274913628896 153.316557407379 153.979669014613 161.538620789846 173.382639884949 178.920646508535 170.990308125814 170.572817325592 168.501496315002 176.25367641449 182.346185048421 182.289083798726 182.386676470439 173.143863677979 160.830209652583 139.325728019079 94.8691666126251 77.6628355185191 77.4268607298533 53.0602683623632 9.87499952316284 6.79594029982885 23.9536638061206 45.5008298158646 62.7114623785019 80.0119340419769 89.0765885512034 80.5076609055201 77.8521200021108 102.948347727458 187.26255496343 189.222693443298 201.846261819204
193.588157494863 198.902010917664 200.105905532837 180.050810178121 163.637638092041 163.677056630452 163.333912690481 168.9067085584 165.457308292389 152.603487173716 147.18625942866 153.481135765711 156.410753726959 166.579941908518 166.668852170308 160.442034403483 162.122070789337 174.170811971029 180.222074190776 181.854883829753 186.582088470459 182.62376387914 176.77781979243 172.857781251272 173.652132352193 172.042667865753 162.341564893723 147.000521421432 124.719560146332 110.92613140742 107.699731985728 119.325955708822 114.659021298091 55.9628506501516 31.2569091717402 42.6400949557622 47.5518753131231 56.2296013037364 66.7859216531118 64.8329804340998 57.1456054846446 62.2171610593796 110.269993543625 186.74906094869 205.028891563416 212.039788564046
193.587779998779 198.412537574768 201.088786125183 185.853560765584 179.858247439067 182.755470275879 188.709696133931 193.567216396332 199.759940306346 192.134340604146 172.57159948349 179.030537605286 177.511632442474 183.815836906433 183.996478716532 171.951413154602 169.594367345174 178.543031215668 185.729503631592 198.683520158132 199.921051661173 196.76681359609 186.019718647003 176.726460456848 173.784454663595 173.527399698893 164.35041030248 153.071105480194 141.359120607376 145.824531714121 161.12028559049 186.663409074148 195.007185141246 185.108065605164 122.476180394491 65.9357806046804 62.0782275994619 64.5362238089244 70.4830487569173 63.4425381819407 78.2554298639297 115.951587756475 152.848909298579 186.529537041982 205.797553062439 209.594070911407
196.388065814972 193.924784660339 195.804138978322 188.638985157013 209.660847981771 206.951677799225 209.55495039622 206.853330135345 210.111896197001 209.35195684433 189.854641755422 183.883945147196 185.724834601084 185.799936453501 186.846474806468 182.517866293589 177.861392498016 183.480501174927 194.533785184224 200.89465379715 200.004994869232 189.940234025319 185.814619064331 183.298627535502 183.481117089589 180.03378311793 174.654225508372 172.597646713257 172.069827715556 184.833844502767 202.282309532166 215.161502361298 221.772253513336 234.133760134379 216.171145439148 123.322526613871 81.5907220045726 70.7419564326604 65.8918917179108 62.3860458532969 110.178599754969 187.615215778351 176.063696543376 173.496047655741 184.121708075205 183.028697967529
197.214663028717 185.366193453471 187.917749087016 194.351673126221 231.11613591512 218.097925186157 207.305133342743 199.814975261688 198.438624540965 194.328288237254 183.838903903961 178.873757521311 178.962628046672 184.824168682098 186.835964520772 191.202282905579 185.462673505147 182.604451974233 191.154698530833 192.858358224233 191.222071647644 184.51855580012 182.387630144755 187.694112459819 188.128511110942 183.937350908915 182.618538538615 179.275592168172 180.712838967641 198.348800341288 219.041307767232 232.885738213857 237.679183483124 238.325953483582 243.365585803986 195.191919803619 93.9738949139913 58.4960728883743 47.7047711610794 55.7741522789001 124.072104692459 179.559985796611 166.695753733317 138.282140096029 135.56515177091 135.34688949585
190.148790677389 177.505970001221 182.078321774801 203.908522923787 230.827867984772 215.914011001587 193.010926246643 174.210429191589 157.60604540507 159.253776073456 159.42660967509 158.801138401031 170.86652914683 184.018870194753 188.914000988007 194.841146469116 192.874570687612 180.030862490336 181.184192498525 184.670925140381 183.341900507609 183.77294143041 185.37183602651 189.198712507884 191.915412743886 188.351074854533 191.367983818054 184.530476729075 185.726503531138 204.036831855774 228.519777456919 244.348506132762 242.551783720652 240.616838137309 251.392424106598 248.856286207835 183.067679405212 94.6676135063171 70.7554966211319 78.4629732370377 110.880196094513 130.958914756775 142.683237791061 108.345548311869 102.039794127146 106.755971908569
187.728047370911 193.451484044393 222.726265589396 267.470200856527 258.570869763692 222.512245178223 185.039560000102 154.965261618296 139.278680086136 150.016784667969 145.223031441371 135.602414608002 163.563787937164 184.454699357351 194.306433200836 201.859394709269 199.912865956624 185.653885205587 184.488654136658 187.127470970154 185.3333512942 191.183944543203 192.363262176514 193.764090538025 196.455279986064 198.656837145487 198.748389879862 196.367303530375 194.437225659688 214.200437068939 237.464189529419 248.946209748586 244.972944259644 250.289003054301 259.992877642314 264.001071453094 257.548034191132 225.084125995636 145.86474498113 103.402465581894 93.2308435440063 96.5368847052256 113.525321086248 105.097512404124 99.4388461112976 116.429249445597
205.926259358724 241.009573141734 280.556718508403 299.325823783875 305.225332578023 265.084743499756 216.98800722758 176.117161909739 163.806140422821 176.297028859456 163.863400618235 146.260231733322 159.72367922465 180.770436922709 197.372635205587 203.754703203837 202.021499474843 197.519520918528 190.887252489726 190.139889717102 190.364340941111 194.625437259674 197.251200675964 196.541130542755 200.480302174886 210.750083128611 209.202448527018 213.595906893412 213.830888271332 225.214421749115 240.992426872253 250.202735265096 253.258407115936 260.784268379211 267.760078112284 260.853290557861 259.643872578939 270.432829856873 224.858621756236 145.959476629893 102.081328630447 99.3061761061351 104.088803132375 105.51443696022 125.687599182129 151.816795269648
259.406705697378 287.946442763011 299.670954545339 296.984553337097 310.387551784515 307.349423567454 279.789924621582 242.769380410512 215.603669484456 209.148089090983 205.272396405538 180.511673291524 163.297782341639 178.041497866313 201.21838649114 207.193970680237 203.011333942413 205.647170543671 193.357507387797 192.702730496724 197.671929995219 199.593683083852 200.133601824443 198.739965756734 202.298899491628 213.989456494649 221.155067284902 226.802011330922 226.336399714152 229.779601097107 243.425905704498 253.439545631409 253.410339355469 252.139945824941 254.652341206868 243.979473908742 245.835582415263 247.823516527812 217.679599920909 167.411287625631 132.814367612203 120.748380819956 110.569010178248 109.325130780538 122.297495603561 148.932009935379
286.973098913829 298.294186592102 295.297741889954 287.491679191589 293.740391731262 306.485493977865 304.192582766215 279.256343841553 250.081340471903 235.291123390198 231.297055880229 214.224060376485 188.606739044189 189.457933108012 201.146006584167 203.656017780304 199.474056561788 202.49605178833 194.611390431722 195.467789967855 194.518903891246 196.22806708018 195.101380348206 194.55619653066 201.569855213165 212.028900782267 223.811467488607 224.934220314026 226.616501808167 233.985364437103 246.325751145681 246.981640656789 235.549052556356 227.017819881439 230.438033739726 211.232761542002 210.192998250326 199.302514394124 169.406731923421 148.47328265508 162.364741166433 151.070992151896 134.693513313929 115.869750579198 110.590447982152 128.266712029775
295.266250769297 297.649284203847 300.527473290761 292.181134223938 289.50967391332 297.118763128916 308.252592881521 302.30579773585 270.373384157817 243.481357892354 236.046671867371 232.986787954966 221.297303835551 206.90929889679 203.672369321187 203.777670860291 198.840916156769 196.127951145172 195.878128210704 200.676143169403 196.253796418508 195.36825021108 196.231166521708 197.121818860372 201.199968655904 208.509802818298 218.113700548808 216.560482978821 220.174193382263 234.706461429596 242.079834143321 234.919587771098 222.253203392029 219.990293184916 212.971250216166 195.360442002614 198.704957962036 196.686844031016 185.297211011251 173.790335655212 183.536231517792 189.727246761322 169.760564963023 144.662161668142 121.601313352585 113.580505053202
303.873578707377 304.046312967936 307.549635569255 304.929375648499 297.694464524587 297.420084476471 305.471420288086 306.114077568054 276.57026052475 247.927983601888 238.955736160278 235.827326774597 237.921257813772 218.113541603088 209.079186121623 209.541042645772 204.526623090108 196.575621763865 200.60137907664 203.171372413635 199.667453765869 194.895843664805 199.780901273092 203.883210817973 201.996525128682 207.204123338064 211.409290631612 209.112743536631 214.881658554077 231.537461280823 236.145575841268 229.954600334167 224.555214246114 225.74116786321 208.325843016307 201.515158017476 207.280814647675 212.513128916423 214.915076891581 205.07949590683 175.678233305613 174.02191956838 151.663035154343 140.106568733851 122.941831747691 104.946454366048
300.984223683675 302.016258239746 305.317401885986 303.824802239736 296.490470568339 292.896707852681 300.155063470205 307.393968105316 285.206158955892 251.935640970866 235.163867473602 232.871731122335 236.435095469157 216.235041618347 206.37579758962 213.003913561503 214.835643768311 203.280607859294 204.161087671916 208.201507727305 207.636594772339 202.394684155782 202.33013232549 205.634971459707 204.30455605189 203.693747520447 208.921174208323 214.212318261464 217.422684033712 229.97651497523 236.125747362773 232.501784960429 226.876298586527 226.286749045054 208.66060256958 211.437324682871 214.767277240753 220.439851284027 221.644043922424 205.50008614858 150.49934387207 119.500507911046 104.789813359578 92.8201079368591 96.278965473175 92.4750367800395
291.623632113139 296.400268872579 302.076657613118 300.571242968241 296.099821726481 296.05903228124 301.803310712179 307.59068330129 295.359452565511 259.832700093587 242.247442404429 230.619649092356 222.759187221527 210.607330004374 202.967445055644 206.068774064382 219.622751077016 209.612548351288 207.568844159444 208.966851234436 209.064384301504 205.842693646749 200.473507245382 199.986656506856 202.692866325378 203.225334485372 205.920418103536 215.552190939585 218.647877375285 224.222938219706 232.817649841309 235.214749972026 229.631086190542 215.319534142812 202.261507511139 219.846745332082 227.763791879018 228.904545307159 222.92294104894 212.51118183136 140.414575735728 83.0197980006536 64.0504161516825 55.1294634739558 58.2862397034963 66.624770561854
266.973654429118 276.045123736064 281.556288401286 283.941388130188 287.753999233246 295.83481947581 302.166263262431 305.600802103678 301.310102144877 275.079945723216 257.667263348897 232.631365458171 218.738933404287 214.496572812398 208.499987920125 200.239221254985 213.48911523819 209.906021753947 205.402632554372 204.551021258036 204.785982767741 201.019008954366 196.749905745188 195.993304252625 200.830976168315 204.610705375671 203.514238198598 210.08042494456 214.538395404816 218.241572380066 224.215586980184 235.645850499471 225.974520047506 201.937337716421 207.846422990163 235.190272331238 240.161160628001 233.775357405345 224.05081987381 223.397652308146 193.488558133443 111.800412336985 64.429298043251 52.933265765508 53.151989976565 51.0797053575516
235.741058985392 242.128729820251 241.811573505402 251.253167788188 264.007687568665 276.868303616842 288.314382235209 294.428547223409 291.340251763662 274.770061175029 247.86768356959 226.266264915466 214.212854703267 209.77662007014 206.586897373199 199.40060377121 203.735629717509 205.457886060079 197.151700655619 196.354687213898 201.154748598735 203.605433305105 201.386491457621 196.097652117411 196.455836296082 199.899812539419 205.302874247233 207.977732022603 213.781217734019 212.997794151306 214.963555335999 225.059628486633 217.314203580221 204.488138357798 232.516348361969 249.55560763677 244.297703107198 236.613313357035 231.17983341217 237.870891888936 252.593437830607 223.67916504542 142.632643381755 94.4290359814962 69.4750448067983 52.1011898914973
