input/barkrak2/radiation/dir24824.grid
NCOLS 85 
NROWS 70 
XLLCORNER 665100 
YLLCORNER 4664600 
CELLSIZE 20 
NODATA_value -9999 
[rows 40 to 59 of 70, columns 0 to 45 of 85]
225.610872109731 228.636105855306 228.65629196167 229.731559753418 237.354218959808 244.16728814443 246.894796689351 249.425669511159 250.307639439901 234.352052211761 219.405134518941 215.983549753825 213.507354259491 209.225575129191 207.714637120565 206.361591815948 205.173134803772 206.024448076884 199.336369832357 197.037577629089 202.995479106903 208.163917064667 209.315617879232 204.376022020976 201.911966005961 199.532270431519 209.112862745921 211.927016576131 216.258565584819 216.068625450134 217.000683148702 220.702608426412 215.165972709656 219.994902610779 248.64653746287 248.186051845551 235.634525616964 227.749029795329 230.54164648056 236.408015092214 250.16325712204 270.738005638123 243.93218755722 167.166411876678 106.137057145437 74.9531984329224
233.331720034281 230.312287807465 230.553805828094 229.89281018575 225.639939308167 224.129498004913 222.669204076131 222.676952679952 225.753982861837 218.078116575877 211.059053738912 211.277504762014 214.975853761037 213.834782441457 212.384283542633 208.789169788361 203.27091217041 211.803158124288 210.843125979106 204.03399070104 207.648078600566 208.31827322642 206.782321135203 208.277583122253 210.507293542226 204.755107561747 209.799885749817 213.291784127553 216.454446315765 217.562119166056 218.474348386129 220.80800930659 216.784775257111 230.283637841543 243.132789929708 234.011928240458 216.811279455821 209.180851777395 211.00511153539 222.379803657532 254.210253556569 268.292744954427 256.715039412181 211.362640062968 143.201529979706 103.226075569789
236.609578132629 234.177748362223 236.745476722717 234.425028165181 228.433708349864 225.349088509878 221.627334753672 218.303183714549 217.046916484833 214.761257171631 213.08430035909 210.798859596252 213.472882906596 217.743595441182 215.937157471975 213.485221068064 209.206680456797 215.489029884338 214.76423740387 208.465953667959 205.169558525085 203.506390253703 201.452851295471 202.518939971924 206.496040026347 204.357385635376 200.645625591278 206.405977408091 210.890233516693 215.043743451436 215.63450495402 213.667809963226 218.899488449097 236.248234907786 240.780234336853 219.199856122335 202.218512694041 202.923039595286 211.077809333801 224.943439165751 235.566655794779 236.544529596965 223.76145919164 201.485375563304 153.050760428111 95.382163921992
221.982061862946 223.460694154104 231.495380401611 228.249092896779 232.00923204422 233.101030190786 232.041637102763 227.696140607198 216.252605120341 213.837862014771 217.097262541453 211.350202560425 212.018569310506 214.901804924011 214.423457781474 212.279121081034 212.029973665873 215.119083722432 214.678883552551 208.051045735677 203.807751337687 201.099057992299 197.976549466451 198.180854320526 200.519243876139 203.95682255427 200.020790100098 202.237645785014 207.058787345886 208.67774883906 208.39528242747 204.374730587006 213.242411613464 227.100769678752 226.013541221619 204.56862449646 198.663830757141 209.366003672282 221.295932928721 225.36830107371 221.198916435242 217.160185178121 208.843330542246 186.663071314494 148.530642191569 99.0579128265381
220.053752263387 224.035620689392 227.246681849162 227.355023225149 229.076027870178 231.591661771139 230.658928553263 227.342387040456 222.771247227987 216.836790243785 218.696037928263 214.460174242655 211.091876029968 208.852569262187 209.456245104472 208.331286907196 203.183472156525 211.152831713359 212.141235669454 208.519597848256 205.429593722026 203.232606252035 201.547503471375 202.803313732147 199.431439240774 207.933863004049 210.421204566956 209.15691057841 208.330670992533 206.503729025523 202.39520072937 198.495030403137 203.396141529083 206.396579742432 204.645196596781 198.415438334147 202.728231747945 217.125693957011 226.057747999827 218.72623761495 218.420704205831 210.62050263087 201.17042462031 183.912952740987 156.001458565394 117.28572845459
224.144200483958 228.713850180308 225.332280000051 228.981693585714 227.836906909943 227.986454963684 228.391249974569 227.165321509043 226.76287094752 222.197016080221 221.19927406311 218.822081883748 214.499096075694 208.994110425313 208.523571491241 211.037536462148 203.184843063354 205.199082692464 211.977958679199 209.522604942322 207.941850026449 206.856230894725 204.637070496877 206.595202287038 206.782519817352 205.954273541768 212.402860323588 212.313214937846 209.640741348267 207.651197910309 203.48709821701 198.937972386678 200.583259264628 196.70178492864 186.793227990468 179.718097050985 193.469246228536 211.152752240499 214.768906434377 201.858123143514 206.380128860474 198.255221048991 192.538579305013 191.655834515889 182.384788990021 147.279898325602
223.445653915405 225.443740685781 227.246960004171 229.682882626851 229.783495267232 228.204528490702 230.090896288554 231.955667336782 227.343281110128 225.642402966817 222.77037302653 222.04977273941 217.076241970062 214.434723059336 212.160031000773 216.442883014679 212.011913458506 204.937299092611 212.848862012227 211.093465487162 209.406912326813 209.475020567576 207.448800404867 205.035368601481 212.338864803314 205.714702606201 206.57217502594 210.164308547974 209.393699963888 208.150545756022 205.314914385478 202.55172252655 199.49209690094 195.562899112701 190.406501293182 185.484449068705 190.941572189331 202.423632144928 203.298012415568 201.346874237061 203.780035177867 194.090088208516 196.3818470637 205.616513888041 203.162292639414 171.93732659022
217.758615811666 220.187822977702 224.713027477264 227.125446001689 230.788250764211 230.708241462708 228.762745857239 229.113082091014 227.809488773346 229.320327440898 224.75532690684 221.617937088013 218.756794929504 218.843996524811 214.530766010284 214.515129725138 212.1954758962 202.740629514058 209.491372108459 210.793972015381 206.713060537974 208.207726478577 209.821025530497 201.28345489502 206.705530484517 206.346491972605 201.071321964264 204.61384455363 208.527624607086 206.916630268097 206.650634606679 204.946438471476 198.779543240865 200.36506652832 205.964803695679 202.895303567251 200.302044550578 199.191530545553 202.860414981842 213.658551375071 205.883721510569 195.199767748515 201.654771963755 205.84503809611 202.643712361654 184.113323688507
210.311075051626 213.511248429616 219.594637552897 222.489853700002 228.721896807353 232.4032386144 228.593548138936 226.842900117238 229.911585648855 230.271061261495 227.430959542592 223.635633786519 220.144828160604 221.111019452413 216.918786366781 212.911466757456 210.994084676107 205.056468645732 208.460489908854 212.472637494405 210.769236087799 209.096630414327 211.933890978495 206.886410713196 204.156160354614 207.637548446655 205.361922581991 208.327174186707 213.716129461924 217.808981736501 221.340417861938 220.336715380351 210.521996021271 212.119082609812 216.633081436157 214.569568634033 213.292717933655 208.410779635111 207.268913586934 210.716088612874 200.396676858266 193.287551403046 191.056728363037 188.477476437887 186.290462811788 184.281925360362
209.053774674733 206.591804822286 211.701492468516 218.924641609192 224.624574184418 228.472471237183 230.149447917938 232.200821240743 231.229821840922 228.155334790548 230.489432811737 228.878597418467 223.642647266388 221.437950929006 218.344807624817 214.923659960429 211.859345436096 206.238249937693 210.855603218079 215.783596038818 216.512560844421 215.08381764094 213.313599427541 212.68222729365 208.122889200846 211.945553620656 214.344461758931 216.14670753479 222.064514954885 228.687644004822 236.963947614034 236.632446448008 225.900292396545 223.450819651286 218.583385149638 217.191676298777 218.225479125977 217.942436536153 212.526261806488 199.002703030904 188.757558663686 191.136002540588 189.345498879751 183.517515659332 180.417656898499 180.808226267497
210.233430067698 212.421059608459 214.950362841288 220.58242559433 222.333232561747 222.346166769663 230.003933111827 234.614173571269 233.152270317078 232.424875100454 230.616807937622 230.950057506561 225.905378659566 222.032527128855 220.585465431213 222.397069136302 215.56947628657 211.301445960999 211.777806282043 219.848116238912 220.362941424052 217.311501502991 215.550859769185 213.957607746124 209.03217792511 215.069770812988 218.381841977437 221.287131309509 225.812713305155 233.234405517578 240.497787793477 242.787718772888 235.270579655965 225.766241550446 211.730659008026 208.023071289062 213.263293107351 219.995776812236 211.379746596018 190.665364265442 183.643698692322 194.473663965861 196.372628211975 190.038939317067 184.313853581746 176.907857259115
208.555519580841 218.560338020325 220.872759819031 222.840984662374 222.559253374736 220.442652702332 227.275749047597 231.495837370555 231.402079264323 235.604306062063 232.507904370626 232.242246468862 228.49694887797 222.143630186717 220.839897791545 228.472610314687 221.123973528544 213.455319404602 210.57649453481 214.212497075399 216.917792956034 214.916666348775 212.657411893209 208.529512087504 205.768783887227 207.421481609344 214.128732681274 214.870015780131 216.964264710744 223.527789115906 232.841034730275 239.864150683085 228.215535481771 206.629951794942 169.539948304494 162.667085727056 186.736186345418 206.952055295308 213.433543841044 211.382667223612 209.312876065572 204.105814297994 181.055943171183 179.86528078715 190.18542766571 177.4556239446
211.404879887899 208.835542201996 209.432383378347 212.498962879181 220.055600007375 222.78747955958 222.85916407903 228.036363919576 227.981408437093 232.078989346822 231.720487276713 233.733415603638 232.149879137675 227.367043495178 222.042421499888 221.194247404734 221.748093763987 213.074048360189 207.457820574443 207.007348537445 206.43957455953 209.303319454193 209.446728229523 203.336139520009 204.127868016561 201.068202654521 202.429890632629 203.297972679138 203.135132789612 204.921126365662 206.01350069046 220.407803853353 209.18462673823 178.458313147227 145.657698313395 126.961270968119 139.265676339467 169.709324836731 202.158808708191 212.766369183858 212.608178456624 193.91131401062 175.777633984884 176.567117373149 180.642485618591 167.425254980723
216.610928376516 205.366909503937 202.521800994873 206.757108370463 218.812028566996 225.798110167185 225.004394849141 225.717186927795 228.18664709727 226.519644260406 229.694664478302 230.851213137309 233.295162518819 229.75492477417 224.132120609283 221.501231193542 224.565307299296 214.611013730367 209.531128406525 210.806906223297 211.930791536967 208.545088768005 206.626196702321 202.326655387878 201.342483361562 199.629088242849 199.053665002187 199.335277080536 197.887361049652 194.032947222392 182.490547498067 187.594433625539 178.160905838013 159.250229597092 144.365688165029 127.592116594315 109.959711631139 120.405574639638 143.208374579748 177.136182785034 192.507167657216 183.337767918905 174.295723438263 170.608301957448 163.400679826736 153.209388256073
218.003710110982 210.510055224101 206.237534681956 208.744327227275 219.005564848582 227.76073217392 229.507784048716 227.036595344543 229.654769102732 228.142301241557 230.273524920146 232.33695824941 232.865452766418 234.388689200083 226.720054944356 225.459893544515 227.04017162323 218.838890393575 213.281909624736 214.834054311117 214.859346548716 210.305412610372 207.328697045644 205.842634042104 201.79029305776 200.869083404541 198.705355326335 196.019232273102 192.07767645518 187.043865521749 175.414979457855 176.737387975057 170.763274033864 167.592306931814 169.1987713178 161.501308282216 137.541562318802 122.053603331248 110.558837652206 125.719348589579 159.085333347321 161.87925140063 151.60721540451 138.374298810959 135.638902584712 141.495287418365
221.486707528432 219.149152437846 211.396296819051 207.820852597555 213.122367858887 225.865264733632 227.918605009715 226.955890655518 226.707438627879 230.910658836365 234.992623329163 236.533621946971 234.39884185791 235.28931538264 229.948401451111 228.173196315765 231.908957163493 226.626634597778 216.021160284678 215.657035509745 211.737593015035 209.552307923635 209.448119004567 210.174898306529 205.478390057882 203.058262666066 197.3068912824 189.338405927022 182.689726352692 179.583013057709 178.5542567571 180.736203988393 176.426271597544 183.657288551331 193.254411220551 197.142362594604 192.924459775289 177.416165669759 158.190310001373 123.429278532664 129.986663659414 147.14382092158 146.150648593903 135.557522376378 137.708326180776 154.156108697255
223.802268505096 222.677826881409 219.662189483643 211.481014887492 210.86847782135 221.613486607869 226.085901260376 226.958155632019 223.881781101227 230.501095453898 237.147768338521 236.785848935445 232.268214225769 234.384417533875 231.849431991577 225.224216779073 228.769918282827 223.406434059143 218.15433104833 216.417789459229 214.834849039714 213.412980238597 209.456741809845 207.711716492971 205.294251441956 201.169848442078 182.921310265859 161.396930615107 157.076338926951 162.657847007116 174.183070659637 177.478075027466 175.179322560628 182.307998339335 194.285809993744 207.849144935608 220.843493938446 221.18604183197 215.919693311056 163.028577963511 135.200947523117 150.929023822149 166.312833627065 172.934353351593 177.533408006032 190.171539783478
224.259595076243 220.380226771037 221.639196077983 218.129833539327 213.180561860402 217.043916384379 225.634694099426 227.668722470601 223.544736703237 225.75173775355 235.182563463847 236.031174659729 232.382297515869 232.429623603821 233.32933584849 225.83278020223 226.002871990204 222.520053386688 218.756337960561 219.163139661153 221.390128135681 220.311184724172 215.428312619527 208.979547023773 208.213945229848 207.866152127584 187.945306301117 164.785573879878 161.932607491811 168.803175290426 182.01474348704 181.58745765686 188.210149606069 196.620225906372 210.748533407847 214.74822362264 212.893903255463 181.456208229065 168.169856071472 164.223988850911 166.230867306391 180.652519067129 179.447909196218 165.149132410685 155.627061923345 168.393631776174
213.769952456156 218.669613202413 219.052573045095 218.142986297607 215.764582157135 212.439815203349 224.751114845276 230.228622754415 225.5011399587 226.149499416351 231.425086657206 234.427313009898 233.555495738983 228.499035040538 230.755587418874 226.397037506104 221.463859081268 223.899165789286 223.236322402954 224.327286084493 225.067377090454 221.102297306061 219.167689482371 212.879498799642 211.942474047343 214.978257815043 209.92124080658 201.73301299413 199.270784854889 200.221101442973 200.664083162944 192.017118136088 201.416174570719 206.580479939779 206.059336662292 187.223235766093 174.321035544078 124.441971381505 101.679583390554 135.183334350586 173.332452774048 186.386028925578 179.068048795064 167.551537354787 163.356860478719 172.178347905477
201.770981152852 214.448114236196 216.657241185506 215.487957000732 217.367053031921 212.105393409729 219.849387804667 229.081511497498 234.768112500509 230.52187760671 232.472916444143 233.453571796417 235.219240188599 231.242756048838 229.89543279012 228.884816169739 222.869634628296 221.148252487183 220.408399899801 218.242824077606 219.990531603495 218.942443529765 217.914621035258 216.214597225189 217.296401659648 223.92874956131 232.034146785736 233.815371990204 216.465989748637 216.003775596619 205.211500326792 192.147195339203 200.217048327128 184.561192989349 156.433363755544 128.722846508026 107.6586941878 103.988607724508 87.7916018168132 97.4749128023783 121.669242779414 154.117345809937 177.700122197469 199.332733949025 222.926696141561 223.53857755661
