input/barkrak2/radiation/dir20924.grid
NCOLS 85 
NROWS 70 
XLLCORNER 665100 
YLLCORNER 4664600 
CELLSIZE 20 
NODATA_value -9999 
[rows 40 to 59 of 70, columns 0 to 45 of 85]
314.360360304515 315.328697363536 315.268079439799 317.20761458079 322.538415590922 325.680057207743 328.373869260152 330.450117588043 331.068933010101 321.77213827769 311.368842919668 307.576398054759 306.675712267558 303.517083326976 300.20676056544 300.520678361257 298.896908760071 297.713279724121 292.93421904246 292.692303657532 295.761386553446 297.307133674622 299.508035182953 295.101702213287 291.705191135406 289.02143239975 295.308947563171 295.801997184753 296.042184034983 295.063555240631 292.895833651225 289.459486802419 269.171436627706 267.626225948334 291.061282157898 290.998299916585 281.027952829997 278.94135316213 280.432860056559 272.488156954447 282.763699690501 317.347526550293 324.27320877711 271.558185418447 210.303922494253 170.739750067393
319.623410701752 317.741612593333 317.92014837265 318.495313326518 315.702597300212 313.635985056559 313.212772210439 313.760221004486 316.559831301371 311.285754044851 304.935236771901 305.306533972422 306.911945343018 306.101759274801 305.244326591492 302.625854810079 298.075298468272 303.889552752177 303.602476914724 298.717439174652 299.527605374654 299.640337626139 297.755400339762 299.950699011485 300.171792507172 293.892602125804 296.948154767354 297.550201416016 297.378579775492 297.05289999644 295.915007591248 290.811598300934 275.571505228678 279.209097226461 290.800034999847 281.554818153381 266.191403071086 264.322936534882 270.256459712982 276.885032653809 295.857946077983 308.946013450623 315.300345420837 302.003741264343 253.378828366598 206.406513849894
321.650882562002 319.86786921819 321.5238849322 320.821722348531 315.620640913645 313.794712225596 312.460958957672 311.110297838847 310.600439707438 308.345059553782 305.372714996338 305.322746435801 307.268997033437 310.242017110189 309.060255686442 305.914282798767 304.075658321381 307.258069515228 309.507528940837 303.690810998281 301.089386145274 299.104412396749 295.440951983134 294.555604457855 297.095517317454 293.694694836934 288.4747783343 291.491349538167 293.546100457509 294.776221116384 293.993910153707 287.434637546539 281.479477882385 287.26069132487 288.407703240712 269.860784212748 253.812889258067 258.316119511922 271.597802639008 284.621934096018 293.735305468241 292.581299940745 285.999099413554 282.770911852519 259.939829508464 208.583295345306
311.798830827077 313.86403242747 319.108525911967 316.730936368306 318.006038665771 319.806853930155 319.372117519379 317.136983076731 309.617618719737 307.888070742289 310.425957043966 306.987444559733 307.680070400238 309.669693311055 309.232592582703 307.696600755056 307.715316613515 309.820552666982 309.329728285472 304.731110731761 298.229098320007 295.384089152018 294.06080643336 291.388769944509 292.774637540181 292.989949385325 288.035710652669 288.974225521088 291.506985823313 291.619777679443 287.236015001933 281.436820824941 283.974130948385 287.835637728373 277.139087518056 254.884918530782 249.747633934021 263.009270032247 280.992190043132 285.373687744141 283.835093180339 279.790679613749 271.923820177714 264.10973072052 248.763183752696 215.11165301005
311.355074246724 315.611879030863 316.882093747457 316.385328769684 317.6575700442 319.170256455739 318.993290265401 315.997064113617 313.526193300883 310.291071732839 311.675707499186 310.281117757161 307.110091050466 306.567986806234 305.467983086904 304.7802845637 301.266511281331 305.637101332347 305.982013543447 303.324162960052 299.279689788818 296.870032946269 293.822248776754 293.309966723124 290.320078531901 296.24213774999 295.718451340993 292.629301548004 290.923714637756 289.769530296326 283.380230267843 278.284430503845 278.147637844086 276.055117448171 265.239695707957 251.462161540985 253.680348396301 269.623021284739 283.927758534749 280.267993609111 280.570447444916 272.590319315592 261.352737744649 252.561271190643 244.373639424642 227.449595928192
315.90344508489 318.288763364156 316.343307495117 317.655682563782 316.104571024577 316.29212697347 317.345937093099 315.997858842214 317.204733689626 314.697742462158 313.449283440908 313.249468803406 309.31293964386 306.373596191406 304.860691229502 306.751529375712 301.45259698232 301.36384566625 305.927952130636 303.985794385274 299.450874328613 298.094948132833 296.393970648448 294.341047604879 294.103900591532 293.085515499115 297.211289405823 294.710993766785 289.945503075918 286.982913812002 282.152235507965 277.533968289693 276.250243186951 267.999589443207 255.602995554606 243.0220246315 249.775111675262 267.900109291077 274.714847405752 266.227086385091 271.339853604635 263.351321220398 252.752900123596 254.315197467804 258.840123812358 242.6518201828
315.216739972432 315.597633520762 317.233304182688 318.283279736837 317.393104235331 317.467908064524 318.713784217834 319.879174232483 317.390163739522 316.969354947408 316.60799185435 315.376400947571 312.144656976064 310.283919175466 309.135397275289 309.502124786377 306.456049283346 301.205058892568 305.12281258901 303.492744763692 300.517022609711 298.477371533712 298.593938350677 293.151219685872 298.200031121572 290.892799695333 290.987014770508 289.478878180186 287.938078244527 285.518904527028 282.690207163493 278.83247534434 272.574901580811 265.949547290802 254.101832707723 244.736532370249 251.809497674306 264.601846536001 263.565083344777 264.318446318309 269.984364509583 259.229977925618 256.570299466451 264.239192008972 270.032942295074 255.05926211675
311.23141447703 312.230626742045 315.946678320567 316.679696242015 318.667769432068 319.298326969147 318.206946055094 317.836503187815 318.057338396708 319.481790065765 317.00477997462 314.906855424245 313.129365444183 312.289396921794 309.695502122243 308.189769585927 306.495348612467 297.857542832692 302.719910939534 301.600257555644 296.558419863383 297.601004441579 296.772678693136 287.699441115061 289.899150530497 287.306269009908 282.813350359599 284.816006819407 285.496910413106 282.846768697103 280.78947464625 278.501292069753 271.594842274984 269.023517767588 266.674876213074 256.892005602519 257.925550142924 262.514114379883 265.12356599172 273.02086353302 269.241293271383 260.937293370565 264.326711495717 266.624510288239 264.697511990865 252.934118111928
306.370794773102 308.731297651927 311.846951643626 314.066569010417 318.056543668111 320.020953814189 317.393521467845 316.438575585683 318.630119164785 319.35441493988 318.28631957372 315.088431040446 313.199460506439 312.741537888845 309.895555178324 305.514534314473 302.44117975235 298.09166987737 298.625568548838 299.466609954834 299.590786298116 296.245932579041 294.353644053141 287.538170814514 285.155971844991 289.845188458761 286.108016967773 285.721739133199 290.662705898285 290.84320863088 291.589995225271 289.155920346578 279.019872347514 280.309319496155 276.573240756989 263.956983884176 263.84977499644 267.442425092061 270.688414573669 272.208114465078 262.154857317607 258.408904075623 256.362438201904 252.47989098231 250.109453996023 249.525845050812
305.621087551117 303.956786791484 307.419896125793 312.236110369364 315.871397654216 316.991925239563 318.456391493479 319.638311862946 320.650617281596 317.943036556244 318.373401959737 317.532658576965 314.378639062246 310.268978277842 309.384087721507 303.924361864726 303.076306978862 296.880503495534 294.418056805929 301.893770694733 300.163686275482 296.589950720469 293.183286984762 291.748483975728 288.221418857574 290.933708349864 292.740186055501 291.316072146098 294.827938079834 298.162182172139 300.311207771301 298.369208971659 289.493521054586 287.433346112569 279.990553855896 269.069075584412 264.38303788503 269.667406876882 272.540291150411 261.811276276906 250.543713569641 253.828167915344 253.087997436523 247.106850147247 246.072729428609 249.777356783549
306.578735510508 308.209141095479 310.409486293793 314.201315244039 314.753214518229 314.238329728444 318.44828526179 321.553289890289 320.785423119863 319.789052009583 318.765103816986 318.876326084137 314.506153265635 310.624063014984 307.972272237142 310.5348944664 302.452683448792 294.319530328115 296.35880390803 298.779487609863 300.854623317719 298.212687174479 294.747034708659 292.739927768707 288.95628452301 293.064753214518 294.837633768717 294.654409090678 297.214865684509 301.141103108724 303.837895393372 300.54771900177 291.894495487213 286.14064057668 276.200731595357 265.463630358378 263.869206110636 268.871903419495 266.317168871562 251.179277896881 247.047702471415 258.119404315948 258.058746655782 250.109215577443 247.63822555542 243.561824162801
306.70028924942 313.210487365723 314.774294694265 315.688729286194 313.81352742513 312.573949495951 316.544373830159 319.058994452159 319.027940432231 320.938646793365 317.594210306803 317.354083061218 314.830740292867 309.046049912771 306.402246157328 310.171643892924 302.903215090434 295.60794432958 293.053686618805 296.177486578623 296.486000219981 296.601831912994 292.032718658447 290.680348873138 288.12837600708 286.478936672211 291.68309768041 291.681249936422 292.629659175873 294.107218583425 299.156665802002 298.604289690654 288.06600968043 274.5587627093 246.02735042572 235.510269800822 249.068319797516 260.713378588359 261.834581693013 261.320432027181 266.192694505056 267.145951588949 249.305287996928 242.367307345072 250.759184360504 239.347994327545
308.228810628255 306.492586930593 305.759966373444 307.505667209625 311.292548974355 313.608686129252 313.909331957499 316.978712876638 314.808527628581 316.434959570567 317.073921362559 314.480980237325 314.513425032298 308.272739251455 303.641378879547 304.755965868632 304.738163948059 295.646190643311 291.141251722972 293.101529280345 290.322045485179 290.345509847005 289.799114068349 286.888341108958 286.894579728444 281.795660654704 284.774621327718 284.963647524516 284.333189328512 285.134732723236 286.558151245117 288.639823595683 268.209497133891 241.917411486308 213.313261667887 201.128860314687 214.831670125326 242.255528767904 262.257893880208 261.469006538391 262.254257996877 254.300574461619 239.491184552511 239.918808142344 247.124175230662 225.060304005941
310.543318589528 302.636901537577 299.642463525136 302.767177422841 311.24476591746 314.862251281738 313.244144121806 313.409050305684 313.858886559804 309.637705485026 311.824798583984 312.225381533305 312.317152818044 311.112821102142 305.265049139659 303.157051404317 305.339376131694 297.179798285166 293.02438100179 293.955167134603 292.811234792074 289.625902970632 287.799616654714 283.917208512624 284.79532400767 280.76050678889 279.826958974202 279.60209051768 278.005182743073 274.542967478434 265.802025794983 263.026595115662 242.176751295725 218.930145104726 207.697888215383 199.153204758962 190.0461713473 199.787278970083 217.899858951569 241.816262404124 251.542627811432 241.650859514872 235.97260316213 237.011114756266 227.945427099864 207.414706548055
310.259858767192 305.274387200673 302.545587221781 303.243378798167 308.03261200587 312.836905320485 315.074960390727 309.30636326472 312.162339687347 309.633672237396 310.667634010315 312.080383300781 312.032024065654 311.40524148941 307.163834571838 305.870532989502 305.267552534739 300.414244333903 293.454587459564 296.732485294342 294.396777947744 292.728960514069 290.017644564311 288.200795650482 284.528990586599 283.431311448415 281.324744224548 278.863310813904 275.321861108144 270.423730214437 258.870045344035 253.998279571533 234.99071598053 223.843177159627 226.645390192668 226.728598276774 214.727600415548 203.178366025289 193.446437517802 203.901052474976 224.686841169993 220.916152000427 213.161567846934 204.623818397522 200.805524984996 200.00684261322
312.461654345195 310.413201649984 304.040233294169 298.327704270681 303.629398345947 308.491329352061 309.838712215424 309.264858563741 310.154716173808 311.421235402425 313.66628408432 313.168168067932 311.397651831309 312.014857927958 307.542204856873 305.754860242208 307.310938835144 302.448014418284 297.14959859848 295.385718345642 293.763856093089 291.590849558512 290.815035502116 293.015579382579 289.117376009623 286.91844145457 282.181998093923 275.361021359762 269.090076287587 265.178521474202 263.038555781047 260.720610618591 242.685397466024 239.475786685944 244.44321791331 250.64359108607 256.843666235606 249.615093072255 232.599298159281 201.744516690572 201.384584108988 208.21738243103 205.762445926666 201.026956240336 205.761472384135 215.180893739065
312.501112620036 309.814294179281 307.704071203868 301.112294197083 296.856462955475 305.065274238586 308.605233828227 309.279382228851 306.546052296956 310.699741045634 314.838190873464 314.506491025289 311.18514140447 312.567353248596 310.066640377045 305.126925309499 305.836399396261 301.158010959625 298.97940158844 297.575096289317 296.025812625885 294.210533301036 292.910794417063 288.894852002462 289.130210876465 285.6631676356 270.290791988373 250.56403875351 245.992263158162 251.604080200195 259.001811345418 254.965583483378 243.562002976735 239.472846190135 248.398900032043 260.438323020935 275.106648604075 281.539758046468 272.766689459483 234.996596972148 207.022349039714 214.092612266541 224.338869253794 233.708878358205 242.388268311818 248.537679513296
310.95939874649 308.208743731181 306.382874647776 302.739878495534 296.47441705068 301.50181055069 308.270931243896 309.77992216746 306.109964847565 306.267062822978 311.614731947581 312.487006187439 310.140291849772 309.414128462474 309.318820635478 304.398437341054 303.971389929454 300.782144069672 299.474457899729 299.437046051025 298.920253912608 297.450482845306 293.521920839945 288.335601488749 287.43573029836 288.691878318787 271.470129489899 250.575502713521 249.139686425527 254.262427488963 260.262628396352 255.926231543223 250.558813412984 252.472241719564 267.079472541809 272.130926450094 277.246594429016 253.975888093313 229.377110799154 222.212553024292 230.807761351267 242.153326670329 238.229155540466 229.061583677928 227.542678515116 240.098814169566
301.295975844065 304.575800895691 304.380734761556 302.784502506256 298.505663871765 295.932511488597 307.489991188049 310.023506482442 305.406888326009 302.346547444661 307.129224141439 311.510821183523 310.938517252604 306.711872418721 306.553463141123 304.952840010325 300.848583380381 300.234357515971 298.730949560801 299.086193243663 301.315406958262 298.100630442301 296.353022257487 291.313687960307 290.249546368917 293.400863806407 284.997204939524 280.476629734039 276.037474473317 275.378167629242 273.258487383525 262.168606122335 262.721657752991 264.160712560018 260.775645573934 243.400057156881 222.132007280986 188.69960308075 169.192930062612 205.68702618281 243.745446205139 249.434431393941 231.647868951162 224.055230617523 231.697976589203 244.24934387207
292.241315046946 301.275293032328 300.981779893239 298.895478248596 299.829045931498 295.540551344554 300.449311733246 307.518124580383 310.053765773773 304.901083310445 306.629300117493 309.796174367269 309.371729691823 307.47518936793 305.988848209381 303.694943586985 300.473590691884 297.849973042806 294.973949591319 293.280065059662 294.363558292389 293.124874432882 294.156273206075 292.267640431722 290.191531181335 294.703265031179 297.783493995667 301.607966423035 287.404576937358 282.239437103271 274.03599023819 260.655581951141 260.251641273499 244.3661292394 210.432410240173 187.157173951467 175.5291223526 163.789798816045 156.280706326167 177.232086658478 204.216043154399 227.30807463328 232.642849286397 247.217814127604 276.310324668884 283.741891384125
