input/barkrak2/radiation/dir28424.grid
NCOLS 85 
NROWS 70 
XLLCORNER 665100 
YLLCORNER 4664600 
CELLSIZE 20 
NODATA_value -9999 
[rows 21 to 41 of 70, columns 0 to 46 of 85]
60.9907805919647 48.4467248121897 38.1168673435847 53.6649326483409 50.9060472249985 30.6220253308614 34.6523200472196 44.8197871446609 49.8372366031011 48.6787209908167 51.323726773262 52.0831048488617 51.8085757891337 50.8405417203903 59.0387682120005 73.0145225922267 87.9632631937663 96.2897638479869 106.800417105357 122.924228509267 132.243017355601 145.445535580317 151.71351035436 153.07820836703 141.211609045664 130.928099155426 117.427716652552 120.410780111949 124.292582273483 108.084549506505 87.0992342631022 73.3428249756495 47.8995442390442 37.0890026291211 21.1631307999293 21.6546754042308 26.8506507078807 45.4091827074687 72.3235209782918 76.0016192992528 78.6949247121811 84.4143927097321 79.9987614154816 70.7126309474309 93.3588743209839 106.404840946198 110.586037238439
102.656930685043 96.5115825335185 74.9321530262629 72.1225341161092 69.1804786523183 43.7602748473485 53.3443590005239 51.9546121358871 48.10964067777 44.16523873806 50.7969558238983 53.2728681961695 55.576945344607 57.9804132382075 61.8705948193868 67.1713600556056 80.1682968934377 92.5465822219849 100.992937882741 103.118846813838 109.914988279343 125.306814908981 138.031462828318 143.33497484525 141.600211461385 134.552270174026 118.169983228048 109.957059224447 100.611249605815 101.457784573237 63.2741749286652 36.2800285220146 18.8528373837471 2.96960460642974 1.52392235274116 2.74554174393415 12.2863824168841 25.8780643343925 32.7856739362081 47.8722105423609 47.6565808057785 62.6816848913829 49.4084457556407 44.1089073816935 71.9233204921087 95.820685227712 105.366577704748
137.549897034963 126.999318599701 94.6881175041199 78.6531070868174 74.5445738236109 73.9279886086782 68.7818278868993 55.5146982272466 43.5787985722224 40.1269594828288 51.9060840209325 56.137149532636 60.2639963229497 69.499929745992 68.9025868972142 69.1194236278534 78.617662191391 89.406023422877 96.7363019784292 89.0386899312337 87.7287288506826 94.4959223270416 109.445969263713 121.414005756378 129.46558992068 127.274870872498 113.288233677546 109.778553247452 84.761639436086 44.4161693255107 36.7974092562993 26.2568295001984 3.62204574048519 0 0 0 0.859370920807123 6.49997716148694 10.0707647701104 7.4675598492225 12.823178122441 7.21658455828826 22.0231711864471 53.3524851004283 70.354034503301 88.9648795127869 98.4619657198588
136.617481708527 132.779866456985 113.041778405507 83.4267437458038 65.7148460547129 73.1337865193685 68.0711815754573 62.9333704710007 49.5588481426239 42.6239868005117 48.3242223660151 53.0137072006861 56.8509449561437 67.1247790257136 68.5249269008636 68.4173355499903 76.3387282689412 87.3265564441681 95.8042641480764 87.7139965693156 86.5579644838969 84.2773616313934 94.9792265892029 103.143314520518 107.165565093358 109.809358914693 103.591054677963 96.0418581962585 75.3460973501205 36.1695165435473 29.0927415092786 26.8967772523562 10.5804863075415 0 0 0 0.208533097368975 1.44656219830116 3.4388688703378 4.50871822734674 0.427674230498572 0 11.6735485692819 81.1525732278824 82.2164465983709 91.2113189697266 95.9091484546661
122.941037019094 127.919187148412 122.948586940765 92.632273832957 66.6226247946421 73.0980386336644 79.8311879237493 87.0800912380219 78.9828399817149 66.3164258003235 58.1009189287821 64.1481975714366 64.8398598035177 75.2045313517253 79.0690282980601 71.2379366159439 75.7088263829549 87.925265232722 95.5554048220317 99.526305993398 101.187109947205 96.3451365629832 94.1967169443766 93.8503046830495 96.077968676885 98.6855427424113 94.2172408103943 88.6055926481883 67.1549240748088 49.4506706794103 50.680677096049 58.3139806985855 51.2337187925975 5.40084267656008 0 1.80452177301049 1.81765574961901 2.64759920537472 2.55809150015314 1.92456552758813 0 0.156812709368144 23.5856796304385 84.0357045332591 98.5270142555237 94.7056512037913 95.590482155482
121.80041273435 127.27893392245 125.638693571091 102.230330308278 83.0936282873154 92.4286146958669 103.622595469157 103.985796372096 107.692927122116 100.278923908869 78.5327851772308 82.4239899714788 83.2535674174627 89.2894566059113 92.2819972038269 81.5145174662272 79.6996255715688 90.721607208252 97.8925824165344 111.23580733935 113.103846708934 111.251980066299 103.809972604116 96.2273875872294 95.9323843320211 99.3943015734355 93.7223235766093 95.2402353286743 84.7164193789164 84.9165717760722 95.3466693560282 118.582526842753 127.724379301071 108.406643072764 28.4302632013957 8.14279913902283 7.20470088223616 6.11303374171257 4.75812268753846 0.126430143912633 3.79786205788453 22.1447795629501 62.3646974563599 84.209531545639 87.9305303096771 86.055060227712 84.853063027064
123.722473780314 122.277398904165 122.732847929001 107.974251111348 114.106953144073 115.234980980555 122.848083575567 116.52672290802 118.758628765742 112.253298362096 92.987726132075 86.1345827579498 89.8983677228292 93.3015247186025 95.9306657314301 92.8950309753418 87.5645180543264 95.3092773755391 108.836432298024 116.389522949855 112.925549348195 104.689051707586 102.473258972168 103.96808385849 103.723734617233 104.80527083079 101.892252763112 107.035497824351 121.488014856974 127.314070860545 136.530160903931 147.661795218786 154.869417349497 168.430586655935 128.62973411878 34.8306025067965 14.4387359420458 8.4939319640398 4.67944703996181 0.391965809588631 17.4333353837331 78.5374889771144 80.1903108755748 72.6268788178762 69.6075508991877 62.7483328183492 68.7840481599172
126.511176427205 114.503641923269 115.667184193929 112.418671449025 135.942667722702 125.275512536367 115.196466445923 110.903263092041 103.949129581451 96.1580872535706 85.554709037145 79.8868735631307 82.7754437923431 94.7122871875763 97.2401599089305 102.830032507579 97.7484782536824 93.2682156562805 105.740934610367 109.757343928019 106.400460004807 100.40545463562 99.9230841795603 108.34742585818 110.50667365392 106.477667888006 108.052869637807 109.415431817373 130.617837111155 144.449919462204 158.166140317917 168.087542057037 175.786693890889 177.921732266744 173.046807448069 99.1036593914032 13.8417507211367 3.30725871026516 0.639724234739939 0 32.443068921566 71.367750565211 69.413810968399 46.0258225599925 44.4513559341431 41.9720411300659 47.894686460495
126.713921626409 107.789695262909 109.480599562327 120.098888874054 132.678707440694 123.743583758672 101.722548405329 85.6051445007324 71.1861302455266 65.0265117486318 64.1080637772878 68.7396377325058 77.5838444630305 90.9082690874736 101.366619269053 107.390453418096 105.081935723623 91.0269220670064 95.9800283114115 99.7342069943746 99.1100668907166 100.482145945231 100.360323985418 108.014682928721 113.337963819504 110.560566186905 114.804784456889 111.770073572795 126.516332228978 149.167597293854 169.449945290883 181.439320246379 181.758145491282 181.490838527679 192.397177219391 177.070577939351 89.6901488304138 14.0924528241158 8.42940931518873 10.4979475339254 28.278427819411 42.6583041747411 49.4764844576518 26.9850194454193 22.7491408586502 27.1283239126205 44.4506009419759
123.607605695724 126.292288303375 151.972273985545 190.635005633036 164.724886417389 127.924789985021 93.3187007904053 65.5455936988195 54.6341240406036 59.3024889628092 55.3712795178095 53.0902544657389 74.275940656662 91.0342037677765 105.657786130905 113.095511992772 111.782511075338 97.7178414662679 97.3641177018483 102.409154176712 99.0033447742462 104.408154884974 106.820046901703 110.696285963058 116.817454497019 122.595409552256 121.51105205218 122.762342294057 130.973070859909 155.252347389857 178.698698679606 186.272660891215 183.23278427124 191.102822621663 204.444924990336 210.953811804454 186.132311820984 127.249906460444 51.3922224442164 22.6188823580742 17.6145272950331 19.6218664447467 33.9021682739258 25.176003575325 20.5755593876044 30.3610960642497 52.868182460467
139.4136150678 176.107207934062 225.086490313212 246.832231680552 230.336964130402 173.356731732686 119.575182596842 82.2488963603973 72.1667359272639 78.8070907195409 69.6830203135808 60.6899162133535 72.1292644739151 88.6428157488505 111.478437980016 116.117537021637 114.143510659536 107.536484797796 100.9355088075 103.589862585068 103.106429179509 107.754369576772 110.893537600835 112.830807765325 117.978582779566 131.682902574539 132.754266262054 138.782819112142 147.027045488358 163.290768861771 180.304408073425 189.073284467061 191.396037737528 200.624644756317 207.404017448425 205.222407976786 202.475647131602 194.313883781433 124.363601207733 48.4583874543508 21.3969647884369 21.7327574888865 25.4063010215759 27.8575892249743 35.406306385994 47.9589998722076 64.0963713328044
201.828340689341 237.574239571889 259.229262669881 259.977499643962 261.197765668233 237.268070379893 192.393839359283 149.414827426275 121.753404537837 112.261732419332 106.837550799052 90.5400812625885 74.6557017167409 83.4481716156006 112.018138170242 118.098477522532 113.012135028839 114.033003648122 102.677096923192 102.351605892181 106.03862007459 107.251753409704 109.712431828181 111.816346645355 116.736531257629 133.370449145635 141.105681657791 148.956348498662 156.946162382762 163.869857788086 177.644292513529 189.645111560822 190.87145725886 187.958896160126 191.421131292979 175.341010093689 176.584700743357 168.983896573385 129.630466302236 71.3033974170685 37.4508773287137 34.4367275635401 29.5978933572769 28.9839183290799 35.2749899029732 48.5865573088328 31.4692283670108
248.681584993998 262.492895126343 265.089372793833 262.477060159047 264.826416969299 263.835787773132 243.996918201447 199.779868125916 160.675466060638 139.659225940704 139.295339584351 126.205970843633 97.7055430412292 97.2625315189362 109.507103761037 113.126854101817 108.654538790385 109.722544749578 102.584809064865 104.741990566254 102.343887090683 105.227669080098 104.748298724492 105.196177959442 113.744000593821 126.702328523 139.244139194489 144.404550393422 153.456628322601 165.328631798426 177.930037180583 181.007325649261 165.161589781443 158.260057369868 157.015512386958 140.916476647059 141.429285208384 126.632422208786 89.2720023790995 56.1041931311289 61.2927277882894 55.4519196351369 42.6446298758189 30.9864804148674 30.3228398164113 12.0418878893057 9.65218742688497
258.822719256083 263.084053993225 263.112266858419 263.132671515147 262.691219647725 263.750414053599 259.976446628571 229.857484499613 180.121382077535 149.964253107707 146.90966407458 143.920799096425 128.191411495209 111.113965511322 109.95231072108 112.214068571726 107.288579146067 102.791885534922 103.119264046351 107.287486394246 101.665675640106 101.938982804616 103.68808110555 104.807356993357 110.491375128428 118.482142686844 130.624939997991 132.27258125941 141.140401363373 159.869541724523 171.183546384176 162.195106347402 154.751857121785 151.685923337936 141.031950712204 125.995606184006 130.119701226552 127.328902482986 108.695358037949 78.3818860848745 80.4657290379206 87.1186256408691 70.4878667990367 50.6430764993032 28.1274318695068 3.48704991241296 0
256.159881750743 257.098873456319 255.183597405752 256.607095400492 256.241997083028 253.0783812205 250.830988089244 235.77872912089 191.274762153625 160.984754562378 151.438633600871 149.342993895213 144.122739632924 122.210929791133 114.278962214788 118.655612071355 111.955732107162 101.945340633392 106.412380933762 108.656386534373 107.195526361465 102.64453291893 106.410712003708 110.660970211029 110.054552555084 115.756352742513 122.221608956655 122.516999642054 130.875368913015 152.024447917938 162.191023429235 159.697324037552 157.000362873077 157.982329527537 139.478971560796 132.674723863602 137.459615866343 144.256323575974 139.896889527639 111.568460861842 74.4299242893855 74.4393269220988 59.0437998374303 24.9322528640429 6.8641019364198 0.939004821702838 0
238.388895988464 240.091522534688 241.886576016744 239.725232124329 239.228447278341 236.485858758291 240.819017092387 237.604777018229 203.199863433838 167.724668979645 152.985284725825 144.885301589966 141.257504622142 121.949056784312 112.082868814468 119.638293981552 122.002571821213 107.852210601171 110.042969385783 114.578694105148 113.356232643127 109.247237443924 109.32128628095 113.017638524373 111.916323502858 112.120618422826 120.347738265991 127.115746339162 132.397562265396 145.769089460373 158.871273199717 161.686072746913 158.340295155843 161.52169307073 142.581671476364 143.293331066767 143.923381964366 152.078926563263 152.006844679515 120.447685321172 52.5338550408681 37.1752704183261 22.2227747241656 3.36631791045268 0.847435401131709 0 0
216.802795728048 225.453058878581 235.141555468241 231.369256973267 230.887055397034 236.035168170929 243.85408560435 245.834271113078 221.581935882568 182.429075241089 159.44641828537 139.676680167516 127.801507711411 118.453472852707 108.383884032567 113.766928513845 126.819312572479 116.745332876841 112.458715836207 117.070297400157 117.165664831797 113.714545965195 110.383818546931 112.403223911921 114.965051412582 114.044566949209 117.508461078008 128.60040863355 133.741716543833 138.887534538905 152.893404165904 163.566062847773 160.95091899236 151.997029781342 137.947767972946 154.667993386587 160.070439179738 160.281598567963 158.496956030528 134.147375822067 44.0002779165904 10.8569401005904 5.83461609979471 0 0 0 0
181.317289670308 192.438284556071 199.985424677531 205.400586128235 213.580588499705 227.763632933299 238.139967123667 244.290153185527 235.57323217392 198.466161886851 168.501635392507 143.588622411092 126.422752936681 122.798502445221 114.338437716166 107.622692982356 121.312081813812 120.748301347097 114.448557297389 113.929470380147 114.421476920446 112.24901676178 108.335117499034 109.577059745789 114.455193281174 118.628054857254 119.503686825434 125.310858090719 130.657613277435 133.214543263117 142.696807781855 159.368644158045 158.531794945399 139.126191536585 143.280843893687 167.076071103414 171.522835890452 167.868614196777 162.380139033 158.527612686157 107.616434494654 25.1232807834943 5.90852275490761 1.43194307262699 0 0 0
144.778867562612 151.051143805186 150.726795196533 161.666125059128 178.359270095825 194.454948107402 208.568871021271 219.80885664622 216.629862785339 190.733114878337 160.096704959869 136.973510185877 122.604032357534 121.250520149867 116.591691970825 109.593709309896 115.884085496267 116.128623485565 109.316219886144 108.938703934352 112.243235111237 116.563429435094 114.67644572258 111.12579703331 109.968274831772 113.809476296107 121.204247077306 124.533394972483 129.641622304916 130.543132623037 133.363743623098 147.619009017944 149.835715691249 142.263352870941 168.477396170298 181.302587191264 176.12091700236 168.693840503693 170.207301775614 183.098991711934 183.787147204081 127.898693084717 45.6838260094325 15.3933664162954 0 0 0
132.886648178101 135.518332322439 134.483357270559 136.437356472015 145.11302113533 151.779333750407 155.782590309779 160.386721293132 159.828553597132 141.853312651316 127.05871462822 122.113476196925 121.059487263362 116.917073726654 115.38964509964 114.494462807973 114.861230055491 114.252716302872 109.189093112946 107.585906982422 112.034638722738 119.243413209915 120.605289936066 115.791360537211 113.276024659475 111.229002475739 121.439943710963 126.407265663147 129.949967066447 130.254278580348 131.525526444117 138.420820236206 143.347551425298 154.142568508784 179.764648278554 176.813026269277 165.994753440221 155.358572800954 158.353825410207 173.215806484222 188.964505990346 186.020056406657 134.259680906932 51.7804423967997 11.1586935818195 1.02091565107306 0
141.397188107173 139.313459396362 139.573146899541 137.697279453278 134.325583775838 131.735573212306 130.028198162715 130.257844924927 135.221560796102 125.60381491979 118.14362804095 118.702312310537 122.604111830393 121.740748484929 120.290110508601 116.982638835907 112.835745016734 120.2319363753 119.670152664185 114.987919727961 116.975724697113 117.771724859873 117.928524812063 119.822512070338 120.535870393117 116.594562927882 122.132241725922 126.302431027095 130.047649145126 131.682972113291 133.119324843089 138.023346662521 142.248491446177 162.92667388916 173.875550429026 164.506653944651 149.503310521444 138.680934906006 136.476516723633 149.471998214722 180.745244026184 188.207586606344 161.772946516673 98.8781750202179 29.583103954792 7.96818919479847 0
