input/barkrak2/radiation/dir24224.grid
NCOLS 85 
NROWS 70 
XLLCORNER 665100 
YLLCORNER 4664600 
CELLSIZE 20 
NODATA_value -9999 
[rows 0 to 19 of 70, columns 0 to 45 of 85]
269.217590490976988 280.924121538798 291.901787122091 302.537282307943 306.555012861888 303.888122240702 296.792606512706 290.621717770894 293.535808722178 294.054627418518 292.901635169983 296.498417854309 298.122028509776 298.516531785329 300.783594449361 296.799023946126 288.234293460846 279.583553473155 275.847474733988 265.339334805806 251.951654752096 259.234090646108 282.938420772552 290.231664975484 290.769199530284 296.047329902649 293.043553829193 279.84756231308 264.706591765086 260.583976904551 257.875065008799 271.98467652003 303.338944911957 301.363249619802 301.985104878743 291.754027207692 295.983533064524 307.821214199066 299.597938855489 302.518784999847 290.07629553477 287.333110968272 296.614289283752 306.08081817627 303.581337134043 300.052165985107
251.282870769501 265.873312950134 276.871879895528 290.782352288564 299.132784207662 298.866589864095 293.539484341939 290.143171946208 297.195176283518 297.610600789388 292.697846889496 294.867297013601 298.482457796733 299.448390801748 299.217502276103 296.379288037618 293.142735958099 286.461551984151 283.200999101003 271.574278672536 265.677094459534 275.264322757721 290.707369645437 295.032759507497 296.672880649567 297.703226407369 293.275872866313 282.749553521474 268.476585547129 261.741856733958 262.524505456289 283.636252085368 302.456955115 302.200416723887 302.748044331868 293.588519096375 295.83066701889 302.842020988464 298.841635386149 306.159595648448 300.621569156647 292.902112007141 295.905152956645 302.958766619364 303.45223347346 302.299618721008
217.783729235331 229.949573675791 241.398135821025 251.571496327718 263.714134693146 272.005498409271 278.402050336202 286.012927691142 292.466799418132 290.632247924805 287.276168664296 290.583868821462 299.838801225026 303.739329179128 300.666451454163 304.900705814362 308.080454667409 303.562223911285 293.308575948079 284.916241963704 287.32963403066 290.783762931824 293.375611305237 294.304649035136 297.728439172109 298.45666885376 291.796902815501 281.47691488266 271.090348561605 265.728890895844 268.533070882161 292.578220367432 296.8656818072 299.647112687429 303.295354048411 297.676781813304 294.160405794779 294.078767299652 298.14217487971 304.783562819163 300.127466519674 292.779326438904 287.792146205902 294.501264890035 303.900917371114 304.190516471863
199.935654799143 201.628724733988 209.470232327779 215.12907743454 222.315887610118 227.343678474426 233.866115411123 247.593561808268 264.673908551534 277.413566907247 284.614821275075 294.380307197571 303.016662597656 306.130250295003 306.034366289775 307.643671830495 307.055115699768 302.274386088053 294.749697049459 291.207989056905 289.489527543386 287.412206331889 294.056296348572 295.20575205485 294.719795385997 296.625236670176 293.172458807627 285.312056541443 279.861072699229 275.901099046071 272.699733575185 295.866390069326 296.2340315183 299.034396807353 299.451510111491 300.869146982829 299.382110436757 297.73070414861 304.107507069906 304.320236047109 297.056158383687 284.5791776975 281.019727389018 293.962478637695 307.380457719167 305.875261624654
220.662077267965 205.211897691091 193.106094996134 184.952139854431 187.531312306722 203.357477982839 223.122775554657 233.06926091512 242.579261461894 249.341229597727 267.340918382009 285.477697849274 295.940180619558 300.962388515472 303.870260715485 305.133461952209 300.058404604594 292.096674442291 289.75768884023 290.410002072652 286.835352579753 285.328606764476 293.922046820323 295.039534568787 294.829368591309 298.354685306549 295.337796211243 289.036055405935 283.042629559835 279.678344726562 283.929089705149 302.36287911733 300.112128257751 300.713260968526 297.539273897807 298.975268999736 304.162462552388 305.254399776459 303.70706319809 301.043192545573 298.404435316722 292.01885064443 291.447122891744 296.230534712474 300.345540046692 299.443026383718
261.704405148824 235.850771268209 209.98203754425 187.529881795247 179.170747598012 190.306464831034 213.931798934937 230.036338170369 233.859221140544 233.81769657135 243.614792823792 256.235241889954 265.045662720998 270.24120092392 277.369022369385 283.185839653015 282.130757967631 281.466444333394 285.899261633555 290.810803572337 290.814359982808 294.14443174998 298.022905985514 296.610792477926 297.288318475087 300.440271695455 297.364393870036 293.089747428894 286.156296730042 283.664504686991 293.906013170878 303.507924079895 305.13213078181 307.506998380025 301.726222038269 298.879722754161 302.908579508464 303.83974313736 298.912485440572 299.69580968221 299.009164174398 295.367121696472 295.085589090983 295.925458272298 289.431989192963 276.391247908274
280.573010444641 259.724934895833 240.540683269501 220.869104067485 200.899461905162 188.694000244141 196.318070093791 223.991354306539 235.937654972076 243.565241495768 240.87909857432 236.002246538798 232.028722763062 228.439311186473 230.671803156535 244.334538777669 255.236546198527 270.799855391185 284.865498542786 293.724894523621 295.61189810435 295.616666475932 298.197865486145 297.499716281891 298.121134440104 300.266484419505 300.147950649261 296.479423840841 291.815400123596 292.794326941172 299.831549326579 306.198398272196 309.815843900045 310.02668539683 307.056208451589 300.638298193614 299.493670463562 298.086126645406 297.352313995361 297.891398270925 294.091324011485 290.985484917959 292.954981327057 294.327954451243 277.764757474263 270.485281944275
286.792914072673 278.873880704244 269.519686698914 255.866090456645 234.307487805684 205.680032571157 185.249825318654 185.351848602295 218.076745669047 241.99116230011 248.516281445821 244.766374429067 236.545364061991 227.472563584646 215.51771958669 218.910217285156 230.805575847626 245.447675387065 266.430854797363 282.679180304209 290.743251641591 293.727338314056 298.50838581721 297.707597414653 296.661535898844 297.318398952484 297.190447648366 295.809368292491 293.806592623393 298.239926497142 304.09824848175 307.243466377258 308.404564857483 306.822041670481 302.75175968806 299.068073431651 298.182209332784 293.514251708984 286.548554897308 280.798653761546 283.975342909495 291.724781195323 302.12523539861 302.598853905996 290.042678515116 284.121712048848
280.09021282196 280.607322851817 277.369221051534 270.581523577372 258.718013763428 238.793651262919 209.74858601888 182.129899660746 195.550978183746 217.820803324382 235.852042833964 244.605084260305 246.2331255277 243.791917959849 233.080347379049 226.221263408661 223.688125610352 228.059649467468 240.944027900696 257.06535577774 271.087110042572 281.694988409678 288.040101528168 285.372535387675 286.827623844147 288.177808125814 289.168794949849 288.920819759369 289.291481177012 296.150684356689 300.500770409902 300.196548302968 299.633224805196 299.871484438578 298.65300655365 298.66494735082 296.735862890879 292.094965775808 279.954473177592 279.273291428884 293.868819872538 304.489493370056 309.024075667063 306.750039259593 295.445481936137 288.768609364827
254.188199838003 263.024965922038 267.53689845403 267.588992913564 264.948129653931 261.678655942281 247.226536273956 229.350845019023 199.68585173289 190.52129983902 203.880985577901 227.321485678355 247.36366669337 256.859163443247 258.286158243815 250.705202420553 236.720641454061 231.944640477498 231.370051701864 233.745217323303 242.049634456635 249.185125033061 257.327437400818 263.711174329122 271.045804023743 273.912310600281 274.996916453044 275.351464748383 276.816487312317 282.630980014801 283.942580223083 284.581879774729 290.11857509613 293.973604838053 295.555591583252 293.90811920166 292.465329170227 292.149424552917 279.888371626536 285.229941209157 302.694956461589 308.928291002909 308.594644069672 303.938229878743 292.983015378316 286.807219187419
204.93088165919 218.408823013306 230.536341667175 240.503509839376 249.491592248281 256.823261578878 258.667508761088 254.146138827006 227.873047192891 203.202287356059 189.364989598592 197.054286797841 223.568161328634 246.921181678772 260.481874148051 251.540939013163 244.446476300557 238.065640131632 230.554898579915 225.482741991679 224.890053272247 225.117087364197 228.730718294779 241.204539934794 252.858340740204 260.154128074646 262.010852495829 261.800110340118 266.92799727122 271.600147088369 274.243076642354 277.488748232524 285.706996917725 289.158761501312 288.594245910645 287.237743536631 290.054837862651 292.905489603678 289.911170800527 295.340418815613 304.187873999278 308.057566483815 308.39878320694 305.553634961446 298.693378766378 295.965353647868
163.28622897466 168.644706408183 177.280326684316 189.761797587077 205.738008022308 221.967657407125 239.773531754812 245.776057243347 246.657033761342 233.224431673686 208.035012086233 188.45142920812 191.195011138916 214.004476865133 239.396135012309 242.120007673899 248.403747876485 245.431145032247 236.238400141398 226.201017697652 219.788829485575 217.074871063232 216.722587744395 225.548466046651 233.912527561188 239.484051863352 242.288450400035 246.435364087423 252.912819385529 257.396996021271 261.32462422053 266.501426696777 272.387286027273 275.174518426259 275.072157382965 276.358286539714 284.191032250722 292.601525783539 295.259197552999 300.516287485758 304.411987463633 306.763867537181 305.157939592997 302.45441198349 297.891239325206 296.633839607239
151.444772879283 147.05902338028 143.725156784058 144.370267788569 152.230948209763 168.97451877594 194.167673587799 215.684811274211 243.594249089559 248.214522997538 237.296104431152 213.774859905243 186.346213022868 184.104084968567 207.049548625946 233.031054337819 248.070498307546 250.167667865753 245.571533838908 236.94763580958 228.464643160502 227.66125202179 227.192799250285 228.058775266012 227.970202763875 227.35732793808 231.481273969014 240.019937356313 243.501643339793 244.85037724177 249.758680661519 254.55097357432 256.252427895864 257.961948712667 260.360598564148 265.111605326335 275.093038876851 285.199840863546 287.233233451843 293.418248494466 297.121584415436 297.832012176514 296.345671017965 296.719908714294 291.386346022288 291.195193926493
138.864169518153 112.138817707698 96.8785881996155 91.616948445638 86.8451694647471 93.3278203010559 112.107992172241 150.326122840246 193.407376607259 228.151043256124 245.945990085602 245.712280273438 227.505167325338 201.776027679443 198.980093002319 224.054495493571 240.287204583486 252.664029598236 258.507907390594 254.772365093231 244.042833646139 240.926027297974 237.711886564891 237.413843472799 237.079580624898 234.585801760356 237.464646498362 245.673259099325 245.309591293335 239.219864209493 244.471987088521 249.653855959574 250.694513320923 251.035630702972 254.526575406392 261.310160160065 266.366342703501 271.448194980621 274.380087852478 276.057779788971 279.523253440857 284.25657749176 289.358039697011 293.071488539378 288.19465637207 289.754271507263
128.700236479441 93.3395723501841 67.7974720795949 59.5924208561579 58.3616544802984 65.1235779126485 75.6401469310125 103.829175233841 130.921542644501 182.996471722921 234.772304693858 262.557049592336 266.478896141052 248.672425746918 223.247547944387 218.881249427795 224.085708459218 239.07474676768 255.055983861287 263.026396433512 261.084715525309 255.184868971507 252.805848916372 249.395549297333 245.950063069661 244.437098503113 245.99826335907 248.165130615234 243.441979090373 238.937079906464 242.460707823435 247.1830646197 246.666709582011 246.630589167277 250.394503275553 254.156231880188 255.967974662781 254.160980383555 258.040944735209 258.567969004313 263.248483339945 270.307799180349 275.54452419281 278.469463189443 277.409116427104 279.821713765462
114.68184987704 88.0685945351918 56.7966550588608 39.5297855138779 54.4711252053579 77.5483200947444 85.5839351812999 97.8453556696574 116.732905308406 146.162033081055 193.787217140198 238.841593265533 270.304719607035 274.84263976415 255.271077156067 225.740929444631 214.976906776428 217.620472113291 234.526991844177 257.639427979787 267.93251434962 263.199329376221 264.091869195302 258.224050203959 251.831988493601 252.390563488007 254.922568798065 250.707109769185 245.499491691589 247.791488965352 248.507618904114 247.906446456909 245.13703584671 243.098417917887 243.886490662893 243.253568808238 241.352657477061 236.58678929011 239.47403828303 241.485218207041 246.122300624847 250.927885373433 253.810048103333 255.272706349691 264.739076296488 269.276400407155
99.6728340784709 88.2880389690399 62.0646973450979 33.0949649214745 40.8532420794169 66.8190171321233 84.526538848877 102.50120361646 118.731468915939 132.317364215851 152.536600828171 191.822052001953 222.683191299438 235.416392485301 252.539396286011 258.953412373861 246.217370033264 231.485803922017 221.978147824605 232.666154702504 255.096296469371 266.67712132136 270.03268400828 265.66477616628 258.76263777415 259.722749392192 263.675610224406 259.177505970001 256.413280963898 261.220157146454 259.944876035055 249.435524145762 243.670880794525 239.953895409902 234.746217727661 233.670135339101 229.325493176778 228.054682413737 228.042145570119 231.460611025492 234.042902787526 237.043897310893 239.173273245494 241.828342278798 257.411022981008 264.931082725525
91.6140675544739 92.6034549872081 80.4083645343781 44.8961059252421 39.7319917877515 68.3855464061101 89.8583233356476 113.864998022715 130.650301774343 139.305035273234 148.85284503301 170.592904090881 195.80356280009 218.591908613841 233.007391293844 244.125247001648 255.053142706553 252.231458822886 238.967716693878 224.172989527384 234.156350294749 259.055316448212 264.428317546844 265.334049860636 265.824198722839 270.151098569234 273.829817771912 271.810273329417 269.125243028005 270.666539669037 264.95361328125 254.087865352631 246.36713663737 239.230553309123 233.204960823059 229.852517445882 227.339565753937 227.428774038951 227.524121602376 228.935698668162 231.452743212382 233.197788397471 232.606967290243 236.504375934601 247.762461503347 259.279171625773
96.985787153244 105.51247994105 106.967916091283 75.2733846505483 63.5947535435359 87.5927805900574 104.897946119308 125.215351581573 140.631814797719 160.057544708252 170.267502466838 174.159228801727 188.167850176493 193.385342756907 207.576274871826 232.125322024027 241.63685242335 249.364137649536 251.210749149323 241.835236549377 226.465086142222 240.186969439189 249.674916267395 259.824156761169 269.194602966309 275.819361209869 278.717160224915 279.518922170003 274.108350276947 271.895825862885 264.67223962148 257.93731212616 249.488393465678 241.138219833374 236.169377962748 231.595635414124 230.5641969045 227.667371431986 226.303696632385 229.524811108907 233.613590399424 235.328376293182 234.051505724589 236.854592959086 237.671176592509 251.162608464559
103.785216808319 108.3043217659 120.21337946256 115.410357713699 102.878709634145 107.27200905482 108.97562901179 121.544450521469 136.922866106033 156.051129102707 170.254985491435 167.777220408122 170.744359493256 175.565183162689 193.000614643097 212.087611357371 223.41517607371 235.070586204529 241.135915120443 248.659670352936 244.095941384633 233.833889166514 236.711124579112 246.760249137878 262.281755606333 271.367609500885 277.835567792257 278.824706872304 271.870831648509 270.580987135569 264.576395352681 256.925900777181 249.065279960632 243.101239204407 238.974094390869 234.232544898987 230.706671873728 222.507953643799 219.902078310649 228.412787119548 234.893202781677 236.089964707692 238.755683104197 238.151252269745 234.412213166555 244.316796461741
