input/barkrak2/radiation/dir23224.grid
NCOLS 85 
NROWS 70 
XLLCORNER 665100 
YLLCORNER 4664600 
CELLSIZE 20 
NODATA_value -9999 
[rows 40 to 59 of 70, columns 0 to 45 of 85]
268.871406714122 270.451923211416 269.771297772725 271.909435590108 279.290358225505 284.316599369049 287.090142567952 291.660209496816 292.307655016581 279.411315917969 266.880253950755 262.344161669413 261.498967806498 258.104264736176 255.790114402771 256.4950188001 253.631869951884 253.574232260386 246.885935465495 246.968885262807 250.651081403097 253.629346688588 254.292885462443 249.391178290049 247.220873832703 244.853377342224 251.513699690501 253.310183684031 255.04595041275 255.978206793467 255.083839098612 254.717131455739 242.086231708527 243.217448393504 270.002683003743 269.87357934316 258.166333039602 252.626518408457 254.809896151225 255.208452542623 267.109612623851 293.949067592621 283.176779747009 219.037572542826 157.640198866526 125.497917334239
275.739947954814 273.565332094828 273.786822954814 273.320039113363 270.451764265696 268.728613853455 267.937401930491 268.65295569102 273.28105767568 265.505174795787 258.764505386353 259.495119253794 261.794229348501 262.295206387838 258.810559908549 257.345159848531 251.892844835917 257.807970046997 257.65061378479 252.03416744868 253.497918446859 252.042710781097 250.230113665263 253.101925055186 253.536363442739 246.365050474803 250.680426756541 254.7953526179 255.37363688151 256.109913190206 255.091925462087 255.216221014659 245.639741420746 254.785597324371 267.221172650655 257.615109284719 240.672965844472 235.505719979604 239.112854003906 248.574058214823 275.14394124349 289.007763067881 284.987231095632 254.511376221975 198.837757110596 155.797878901164
278.936167558034 276.646077632904 279.216349124908 278.224627176921 271.767516930898 269.242246945699 267.903864383698 265.133778254191 265.585700670878 261.897623538971 259.567002455393 258.377293745677 262.28004693985 263.495842615763 263.553400834401 259.853780269623 256.101707617442 258.666634559631 261.501669883728 252.414425214132 249.334375063578 249.249378840129 243.553300698598 242.587546507517 249.820192654928 245.973030726115 240.43208360672 245.204150676727 248.791178067525 252.426246802012 252.585232257843 247.72051970164 248.996675014496 262.492140134176 265.160302321116 243.306199709574 226.921200752258 229.301253954569 239.740331967672 253.384351730347 263.866504033407 264.314790566762 253.644168376923 238.821148872375 202.935735384623 149.68071381251
265.958289305369 268.454988797506 275.826891263326 272.992253303528 274.915814399719 276.520371437073 276.276151339213 273.045897483826 263.440410296122 261.470933755239 263.558348019918 260.438521703084 260.028719902039 262.71907488505 262.363076210022 257.40373134613 259.0318719546 260.090470314026 257.887065410614 253.793855508169 246.066073576609 241.452236970266 240.206718444824 238.60506216685 238.584895928701 241.552690664927 237.944960594177 239.728649457296 245.552579561869 244.913935661316 242.676059405009 238.221247990926 246.024489402771 255.614380041758 250.699798266093 228.773534297943 223.152339458466 235.113203525543 250.518341859182 254.085977872213 251.357018947601 247.414410114288 238.254149754842 222.974101702372 193.891227245331 152.077565590541
264.915823936462 270.085215568542 271.944046020508 271.751205126445 273.363530635834 274.72972869873 275.90815226237 272.127211093903 267.748951911926 262.213349342346 265.098770459493 260.631998380025 256.412982940674 254.32946284612 253.163556257884 253.779153029124 247.556606928507 251.11049413681 253.74964872996 248.421311378479 243.653774261475 243.405520915985 241.697390874227 240.838905175527 237.552682558695 245.162049929301 247.20690647761 246.055960655212 244.952499866486 242.840150992076 237.089773019155 232.901076475779 237.642129262288 238.066335519155 233.805457750956 223.654270172119 227.204203605652 242.86017815272 255.053102970123 249.17608499527 249.016185601552 239.862422148387 228.80627711614 215.396543343862 195.896585782369 167.369902133942
269.642392794291 273.594280083974 270.536740620931 272.575537363688 271.428147951762 271.621286869049 272.231896718343 269.374251365662 270.548343658447 266.851544380188 264.956593513489 261.655330657959 259.328484535217 251.174509525299 252.344111601512 251.203755537669 245.751599470774 245.421946048737 251.736283302307 249.34842189153 245.992739995321 244.85053618749 244.56399679184 244.304438432058 244.198520978292 243.244886398315 248.993734518687 246.961951255798 244.270424048106 243.690590063731 237.90450890859 233.32667350769 233.979105949402 229.318817456563 219.193021456401 212.00700600942 220.131754875183 238.304098447164 243.568221728007 232.616901397705 237.786451975505 228.530844052633 220.624307791392 220.963835716248 217.452466487885 190.548201402028
268.503884474436 269.147753715515 271.561582883199 273.302674293518 272.328972816467 271.328171094259 270.941356817881 273.615797360738 270.936846733093 266.098896662394 263.600627581279 262.993236382802 258.487621943156 254.434625307719 254.020313421885 256.066203117371 251.83759133021 245.167156060537 252.519925435384 250.786483287811 247.342010339101 249.134182929993 247.144142786662 240.517278512319 249.184668064117 243.10028553009 243.724942207336 245.044767856598 244.036694367727 242.436766624451 239.192187786102 236.555616060893 232.769966125488 226.817627747854 220.140298207601 213.277121384939 219.554324944814 231.690923372904 231.469670931498 230.458080768585 234.52087243398 224.591175715129 225.01794497172 233.477155367533 234.814425309499 208.92870426178
262.463907400767 264.645357926687 268.670241038005 268.327871958415 270.352105299632 270.390252272288 269.910931587219 267.687578996023 267.760713895162 267.935176690419 265.362024307251 261.01807753245 258.322894573212 258.399864037832 254.313091437022 254.328429698944 252.05926100413 245.246668656667 247.486452261607 250.521739323934 246.639132499695 246.072808901469 247.241655985514 238.998770713806 244.118352731069 243.730187416077 238.703846931458 241.64346853892 243.248661359151 241.271813710531 241.710146268209 239.730219046275 231.961409250895 231.419205665588 234.625955422719 228.696624437968 227.54822174708 228.571554025014 231.828312079112 241.498450438182 234.902262687683 226.061622301737 231.841127077738 235.654532909393 232.151925563812 215.053141117096
256.045858065287 256.76441192627 259.67264175415 263.277173042297 267.549395561218 270.708878835042 268.394629160563 265.708903471629 267.157117525737 268.781125545502 267.626702785492 262.807945410411 259.566386540731 258.63778591156 256.499191125234 251.059134801229 249.084293842316 243.507544199626 246.478180090586 250.107129414876 250.338514645894 248.650352160136 249.126116434733 244.157691796621 243.77586444219 244.690934816996 242.636501789093 245.078802108765 249.511897563934 251.043101151784 253.502746423086 253.381093343099 242.493430773417 244.652390480042 245.090564092 238.332827885946 237.465500831604 235.853731632233 236.553768316905 240.496436754862 229.474047819773 223.472932974497 221.006949742635 218.196292718252 216.245929400126 215.445955594381
251.53781970342 249.328335126241 252.622485160828 258.962372938792 264.009277025859 266.056299209595 268.591364224752 270.475705464681 269.607126712799 265.409588813782 267.47198899587 267.438352108002 262.68470287323 258.957087993622 257.806678613027 252.922614415487 249.888360500336 244.258900483449 248.511373996735 253.029187520345 253.487944602966 251.924872398376 250.339468320211 249.36717748642 245.177189509074 248.582422733307 248.636881510417 252.141674359639 257.087230682373 262.378652890523 267.033894856771 266.946216424306 256.76037867864 253.668069839478 247.676352659861 242.516537507375 240.616798400879 242.963751157125 239.927252133687 228.623251120249 217.874228954315 220.564762751261 219.201266765594 213.344236214956 210.478583971659 213.89627456665
252.480943997701 253.293395042419 255.563278992971 260.491391023 260.632594426473 261.846522490184 268.590887387594 271.263241767883 269.800404707591 269.152859846751 268.968840440114 267.658511797587 262.983779112498 259.531060854594 257.994214693705 259.366710980733 253.223280111949 248.700022697449 248.885850111643 256.563444932302 256.869852542877 253.931641578674 250.096360842387 250.540216763814 246.025224526723 251.337329546611 254.056175549825 256.652077039083 258.142272631327 264.218807220459 269.747833410899 269.950270652771 262.532989184062 255.027174949646 242.671529452006 235.756834348043 238.125304381053 244.816939036051 237.911522388458 219.172179698944 213.241100311279 223.97768497467 225.700497627258 217.745184898376 214.228510856628 206.24041557312
251.209576924642 258.770704269409 259.289622306824 262.506783008575 260.855237642924 258.779605229696 264.821112155914 269.840816656748 268.268843491872 271.901388963064 269.026398658752 268.808484077454 265.30659198761 261.215488115946 258.054633935293 263.038039207458 258.255203564962 250.49897034963 247.693161169688 251.220007737478 253.861467043559 251.851220925649 249.469498793284 247.767190138499 245.076855023702 246.402303377787 250.205198923747 250.650982062022 252.302428086599 257.830282052358 265.424768129985 267.369012037913 257.608532905579 240.639348824819 208.301683266958 198.709905147552 216.059307257334 233.176787694295 237.40033308665 236.244042714437 236.687322457631 233.057618141174 215.632538000743 209.528605143229 218.592464923859 201.364159584045
250.852684179942 249.97087319692 249.046921730042 251.78849697113 258.632679780324 260.845144589742 260.863920052846 265.306969483693 265.262266000112 268.82795492808 268.346428871155 268.462657928467 268.520732720693 264.284272988637 259.086728096008 258.312741915385 260.546306769053 250.308791796366 245.069007078807 246.908982594808 246.243814627329 246.766885121663 246.624271074931 240.829050540924 243.579566478729 240.605473518372 241.687456766764 239.958246548971 241.963843504588 243.402977784475 248.403986295064 252.719521522522 236.826618512472 210.447827974955 177.516400814056 160.842845837275 173.064490159353 202.246367931366 230.313579241435 235.29326915741 237.244129180908 225.813368956248 207.152326901754 205.619176228841 209.8468542099 191.750705242157
255.819340546926 245.43563524882 242.783029874166 246.46912018458 257.423679033915 265.015761057536 262.744267781576 263.24184735616 265.421489874522 263.698816299438 266.558051109314 267.363329728444 269.530892372131 266.178925832113 261.023581027985 258.581419785817 259.348114331563 251.895447572072 247.117718060811 248.295247554779 249.361554781596 246.016502380371 244.108696778615 239.925523598989 238.732576370239 236.99692885081 236.263155937195 236.337184906006 234.806100527445 233.339111010234 223.829746246338 225.301961104075 202.724874019623 184.208273887634 171.075940132141 160.362501939138 145.762463410695 155.944218238195 177.703499794006 206.917564074198 218.925436337789 209.819118181864 204.535365104675 203.359802563985 189.133961995443 178.542415301005
257.158915201823 250.174740950267 246.103803316752 248.023728529612 257.401287555695 263.701359430949 266.705890496572 263.031820456187 266.700466473897 263.684233029683 267.032504081726 267.137408256531 269.141554832458 268.70987812678 263.367573420207 262.059728304545 261.596202850342 255.777955055237 250.438888867696 251.827955245972 251.765290896098 249.600470066071 246.718207995097 245.154678821564 243.564665317535 242.565433184306 238.07160059611 237.642347812653 229.247411092122 222.18257188797 212.55620320638 211.549719174703 202.823062737783 194.60141658783 196.033080418905 191.479722658793 172.117749849955 157.616277535756 149.344156185786 162.117818991343 185.199856758118 186.753551165263 177.776098251343 166.169544061025 163.521448771159 167.774021625519
260.291198889414 256.763815879822 250.735719998678 245.404700438182 251.888692378998 261.816223462423 265.332162380219 262.968937555949 264.086981614431 265.993078549703 271.058976650238 272.467176119487 270.461817582448 269.50591802597 266.217768192291 264.418919881185 264.229377110799 258.740385373433 254.933913548787 252.737323443095 250.897129376729 248.732189337413 248.421450455983 248.84949127833 244.413991769155 242.047886053721 236.604193846385 228.936553001404 222.288568814596 216.874937216441 213.622132937113 215.21254380544 208.898782730103 211.833794911702 218.409915765127 222.763379414876 223.100185394287 209.930956363678 191.515485445658 158.185213804245 161.352127790451 173.466781775157 172.289888064067 165.275474389394 168.759385744731 182.549436887105
262.348969777425 259.945809841156 256.952921549479 248.762806256612 247.843027114868 257.725218931834 263.740261395772 262.976149717967 261.512160301208 265.251378218333 270.911633968353 272.474606831868 268.40595404307 270.234048366547 267.595231533051 263.600687185923 264.806727568309 261.797447999318 254.726847012838 255.277693271637 253.695170084635 252.183755238851 248.364587624868 246.635675430298 244.294762611389 240.357577800751 222.914497057597 201.681971549988 197.161436080933 202.13508605957 211.110373338064 212.026158968608 208.399752775828 207.853436470032 220.879932244619 235.729455947876 248.384277025859 252.168973286947 243.595798810323 198.830266793569 168.545564015706 179.588834444682 193.995932737986 201.211710770925 207.585295041402 217.644254366557
261.720061302185 257.913192113241 258.665998776754 254.719614982605 249.765038490295 253.483812014262 263.321916262309 263.602912425995 261.102040608724 262.376348177592 271.019776662191 271.883428096771 267.025987307231 268.469293912252 268.965363502502 262.462258338928 262.385229269664 258.98689031601 255.297780036926 255.523959795634 257.540325323741 256.287972132365 251.742859681447 245.736181735992 244.903743267059 246.313691139221 226.315299669902 205.715556939443 202.257672945658 208.767672379812 218.801021575928 215.815742810567 217.671672503153 221.990168094635 234.952648480733 242.245972156525 238.765597343445 212.249934673309 192.923804124196 191.211501757304 196.017225583394 209.771593411764 202.579696973165 196.158945560455 190.23722410202 203.883449236552
252.408067385356 256.360232830048 256.227672100067 256.540536880493 252.155681451162 249.173998832703 262.393792470296 265.831112861633 262.696206569672 260.56440671285 265.743454297384 270.525574684143 268.063644568125 265.01069466273 265.181442101796 261.124054590861 258.385479450226 258.351882298787 257.249474525452 258.031666278839 260.728100935618 257.029751936595 257.394333680471 249.231815338135 243.572990099589 246.839006741842 241.875449816386 236.272037029266 230.842053890228 230.935553709666 231.943885485331 224.417726198832 228.842337926229 232.871154944102 232.274572054545 215.439657370249 197.285135587056 152.664264043172 131.114184856415 166.884899139404 207.000434398651 219.733595848083 200.900117556254 193.95899772644 194.657444953918 205.239097277323
241.203089555105 252.293646335602 254.001577695211 252.232154210409 253.675401210785 248.699724674225 256.233354409536 264.766573905945 269.009590148926 264.17863368988 265.06100098292 268.275260925293 268.16181341807 265.894134839376 264.438410600026 263.695657253265 257.928570111593 255.67885239919 252.710203329722 248.435974121094 249.974767367045 248.790601889292 247.65678246816 245.686252911886 246.36443456014 253.062983353933 259.68333085378 260.229051113129 245.370189348857 242.721974849701 233.966549237569 222.890416781108 225.961267948151 207.583606243134 182.307342688243 156.305809815725 144.676208496094 130.933344364166 117.385864257812 132.225294907888 158.379664023717 188.829163710276 204.708059628805 222.448209921519 248.632629712423 251.975834369659
