input/barkrak2/radiation/dir29524.grid
NCOLS 85 
NROWS 70 
XLLCORNER 665100 
YLLCORNER 4664600 
CELLSIZE 20 
NODATA_value -9999 
[rows 21 to 41 of 70, columns 0 to 48 of 85]
44.1662420829137 32.326802611351 21.427109837532 32.0149486263593 29.1352421045303 10.4224408666293 13.0626882116 24.2337534825007 29.4636338949203 33.010778327783 34.6926848093669 35.3514427940051 36.1366470654806 34.208615620931 40.4039969046911 52.7777820825577 66.4752821127574 75.731227795283 85.1828058560689 100.092103083928 110.520621140798 121.5540766716 129.138400157293 126.780092716217 122.080653905869 110.004007816315 102.534790833791 94.8686003684998 97.7304379145304 95.1908131440481 71.7443923155467 50.167257587115 34.5742950836817 19.6874799827735 6.84292117754618 2.99898348748684 3.94578836858273 16.0061828792095 21.2224870920181 29.8925091822942 41.7643487453461 47.1289207537969 47.881156206131 41.7396128177643 61.9491934776306 71.2601592143377 77.620138724645 84.624042113622 85.278461376826
82.4783096710841 76.3167242209117 53.4115036328634 49.0014751752218 44.3297276894251 24.0979691346486 31.1008741458257 31.3794066508611 18.3606222271919 29.2954792579015 34.3514035145442 36.4172334472338 39.7400458653768 41.1482527852058 42.1234369277954 49.0525712569555 61.4038308461507 71.6452598571777 78.1214535236359 82.55635201931 87.3164733250936 104.869991540909 115.713745355606 121.181239684423 121.056437492371 113.823403914769 103.158195813497 95.6962704658508 87.958166996638 69.4020688533783 51.1101583639781 25.140143930912 8.40984284877777 0.741198814163605 0.0356719125799524 0.175267651987573 0.543678916680316 3.99936238924662 4.76715279122194 10.2716715385516 16.1828311781089 16.2383603552977 29.014453291893 22.6348862051964 42.0930286248525 68.3515469233195 75.4679441452026 76.7084111769994 80.5077701807022
117.699086666107 106.862793366114 72.4509010712306 55.2845597267151 49.1612801949183 48.3486354351044 43.6663677295049 32.6935549577077 20.0626850128174 27.7554119626681 35.6692324082057 39.0470077594121 43.9864546060562 51.812599102656 49.6857513984044 49.881453315417 58.6637755235036 69.8898335297902 76.5587240457535 69.9645976225535 68.4581299622854 73.8909542560577 87.5868499279022 99.6067623297374 106.118341286977 106.60982131958 97.7125267187754 93.6881899833679 70.9756513436635 33.3280687530835 26.8717308839162 16.8995819985867 0.688227980087201 0 0 0 0 0 0 0.716389389708638 0 0 0 31.7788347601891 47.5104649861654 61.0320270061493 68.9725627501806 72.8106250365575 78.5082479317983
116.910040378571 112.873395284017 90.2200142542521 60.3464196125666 41.5551140904427 47.6670165856679 43.1962261597315 38.6548787355423 32.5226783752441 30.1998083790143 34.6421872576078 36.218802134196 41.8855051199595 48.7783054510752 49.3584324916204 50.2297232548396 56.9667816162109 67.6851123571396 75.5650103092194 68.5925980408986 66.3475493590037 64.456452926 73.4106202920278 81.6142857074738 87.0893994967143 89.4365012645721 83.5174520810445 73.0995237827301 60.0355317195257 26.1886070171992 19.6504928171635 17.2967538237572 4.27642899254958 0 0 0 0 0 0 0 0 0 0.31840013495336 56.9443752368291 58.2235852877299 59.3472470839818 64.4950568675995 70.5166757106781 73.8196869691213
102.928688128789 107.943514982859 101.166546344757 69.8998471101125 42.2384838263194 48.6590166886648 53.3766249815623 61.2458686033885 60.2866560220718 49.2202341556549 43.6034947633743 48.4828303257624 49.630880355835 56.2323580185572 58.0396205186844 53.4399002790451 55.4596682389577 67.9165224234263 75.1826763153076 78.7297387917836 79.4097185134888 75.877125064532 72.3528166611989 71.7853059371312 75.9795804818471 77.7642081181208 72.1685240666072 71.4335689942042 43.0296361446381 38.0402008692423 37.3642320434252 43.1650280952454 36.1233750979106 0.614457375680407 0 0 0 0 0 0 0 0 10.0823063403368 62.5847429037094 66.8069273233414 64.6682480971019 64.5971447229385 69.3284918864568 70.4716990391413
101.718167463938 107.283602158229 105.477124452591 79.8176527023315 57.5587054093679 64.7129913171132 75.4310786724091 84.5969021320343 88.906854391098 81.668217976888 62.7374947071075 66.72536333402 63.9683355887731 70.215235153834 68.9261655012767 62.1117800474167 57.8606426715851 70.420781771342 78.2431364059448 90.828816095988 92.1955009301503 90.1989738146464 80.92466990153 75.04936059316 75.6563593943914 77.5084793567657 73.0598618586858 77.6889075835546 69.9783315261205 69.2960719267527 77.2848029931386 98.7336834271749 107.961962620417 87.1496597925822 10.3608438124259 1.87056915213664 1.42923214783271 0.866129528731108 0 0 0 6.51991181075573 40.5949279665947 58.9871356884638 56.6934098800023 54.5340528090795 58.9394321044286 61.0558042923609 59.7437620162964
103.612134853999 102.183073759079 102.583885192871 85.89901526769 86.52130762736 88.365375995636 96.9172517458598 100.664307673772 100.331803162893 94.9506461620331 75.5587915579478 70.4534600178401 69.2309439182281 71.8180636564891 73.4223127365112 71.8788206577301 66.0259922345479 74.6845801671346 87.4828894933065 94.5284962654114 91.171274582545 83.7266643842061 80.9382200241089 83.028922478358 82.9880734284719 83.306759595871 80.0507465998332 89.2006655534108 104.670902093252 109.871864318848 117.15837319692 125.426282485326 135.809123516083 144.393811623255 104.133576154709 17.6526705423991 3.66828466455142 1.90137000754476 0 0 3.98453169812759 52.6382575432459 56.5550128618876 30.9535314639409 25.6466244657834 28.4105266133944 26.042195657889 36.2959951162338 46.9040373961131
106.51433467865 94.3824549516042 95.4738855361938 89.8540318012238 108.244041601817 101.997117201487 98.6799895763397 92.1199520428975 88.0794823169708 80.0572633743286 69.5793330669403 64.1550421714783 67.5051311651866 68.0118550856908 78.4674187501272 80.0130466620127 74.8372375965118 71.4240968227386 84.3839744726817 88.0245765050252 85.4651530583699 77.6417354742686 78.3637116352717 86.2996975580851 88.5522266228994 84.8535199960073 86.2882037957509 91.0827120145162 113.189041614532 126.710553963979 136.908670266469 145.68484822909 150.220394134521 152.529656887054 150.601049264272 75.1624256372452 2.17603224640091 0 0 0 16.1195124189059 43.7160432338715 41.3653900225957 11.9820733865102 12.7088750402133 15.5595764517784 15.7948633035024 23.8214259346326 34.1319913665454
106.918623050054 87.9987080891927 89.2579356829325 96.7675149440765 108.266105254491 100.728104511897 84.7907265027364 66.6869779427846 55.1133801539739 48.8968988259633 48.2147733370463 53.0201196670532 62.2350921233495 68.532794713974 79.8321465651194 86.3497157891591 82.199364900589 70.2663660049438 74.3288447459539 78.8529316584269 78.059251109759 78.0789156754812 79.0603458881378 85.3433112303416 92.0227070649465 89.2689029375712 91.8291509151459 92.3523902893066 107.95858502388 130.887389183044 148.792326450348 158.143490552902 155.17454346021 159.710754950841 171.252191066742 154.108683268229 65.9544765949249 3.41855051616828 1.92324087644617 2.61657716085513 6.99231897791227 7.2337482124567 18.8764159878095 4.2163614804546 3.59393066416184 4.55963518470526 11.8398865063985 24.2429773012797 29.4894228378932
104.30696606636 106.242954730988 130.163113276164 166.179100672404 140.497028827667 106.960932413737 75.0170846780141 49.7633516788483 38.059135278066 41.8018996715546 38.5885089635849 38.4859840075175 58.8414967060089 68.9090589682261 82.6762666304906 91.5820797284444 88.4073078632355 76.3770987590154 76.3486375411351 79.4155597686768 77.7619977792104 82.8033288319906 84.6134225527446 87.0941380659739 94.4316883881887 100.004335244497 98.0709095795949 99.6902088324229 111.692726612091 136.612862348557 157.948682705561 163.694034020106 159.776717424393 167.474329471588 178.988734881083 187.955935796102 162.087281545003 101.662586132685 31.6528379917145 10.4412374397119 4.36322080592314 3.92909348011017 7.17619992792606 3.83331812918186 2.15187016874552 5.51792792975903 12.5422390798728 23.1431424617767 25.2194578448931
118.577529986699 154.780169328054 203.671137491862 225.827554861704 205.096880594889 150.59690674146 98.8782147566478 64.5506133635839 55.8477938175201 62.2473458449046 52.9467761516571 45.6771204868952 58.906634648641 67.2343820333481 90.1541113853455 95.2463348706563 92.7426218986511 86.028258005778 79.1711310545603 82.0635159810384 81.8680375814438 85.8169595400492 88.7022614479065 89.3439849217733 95.7605044047038 108.188172181447 109.174559513728 115.830997625987 123.745570580165 140.547146399816 158.108601967494 166.477978229523 169.787585735321 175.196528434753 182.792981465658 181.913177172343 176.976958910624 168.457269668579 98.8314946492513 29.3273354570071 8.83309232691924 5.11468295007944 0 4.80227762212356 6.0671791434288 8.3143034329017 10.2044064551592 8.1489613900582 6.19829694430033
181.206206480662 217.203895250956 240.339954694112 241.830031077067 241.433262825012 215.875188509623 170.700053373973 129.169513781865 103.1447549661 93.1074420611064 87.7514481544495 73.0279435714086 61.525156100591 64.4852171341578 91.1100606123606 96.634844938914 89.883695046107 92.0446912447612 81.0478130976359 80.4989089568456 83.9928885300954 86.5221321582794 87.5713924566905 88.21835120519 94.2308306694031 108.850717544556 116.445591052373 125.407844781876 132.563710212708 141.203105449677 155.409942070643 167.345762252808 167.606691519419 165.801703929901 167.741517225901 157.065292199453 158.420324325562 145.672291517258 99.2036561171214 48.1521685918172 20.1891039808591 18.1652270257473 4.91038120041291 3.97660893698533 3.10275486359994 0 1.88472215086222 0 0
231.066207091014 246.424635251363 248.257080713908 246.596535046895 248.939255873362 246.355911095937 222.44664033254 180.462578932444 141.245365142822 119.546552499135 119.403153657913 107.501357793808 82.0162991682688 75.2457479635874 87.3660643895467 92.197597026825 86.7078105608622 86.9639317194621 80.6997766097387 82.4746787548065 80.122098326683 81.1920662720998 82.3464939991633 82.813153664271 90.9324288368225 102.151731650035 115.569104750951 119.637429714203 129.572172959646 141.957342624664 154.018898804983 155.985414981842 146.320819854736 134.989390770594 137.651522954305 121.160219113032 121.754109859467 106.457899014155 69.1054960091909 34.6221849322319 38.7931664784749 28.6587501565615 12.3273407419523 4.63507262368997 2.05788249149919 0 0 0 0
242.444952329 248.141348361969 247.842351595561 247.064729531606 247.329552968343 247.410694758097 241.533358891805 209.639469782511 162.31303413709 132.573147614797 130.809952815374 127.927482128143 107.892453670502 89.951346317927 87.8128111362457 90.2381738026937 83.6679041385651 80.0836582978566 80.5907398462296 84.6491555372874 79.2413304249446 79.1538953781128 81.1096330483754 82.2127362092336 87.675929069519 95.3683455785116 107.06040263176 107.788056135178 118.045568466187 136.853396892548 147.097031275431 143.121858437856 135.66118478775 129.183659950892 121.201574802399 106.035182873408 110.262215137482 107.360382874807 87.3468518257141 53.3491323391596 48.3799378077189 45.119712750117 25.2242038647334 7.0314339051644 0.929197917381922 0 0 0 0
236.436506112417 239.612460136414 237.079342206319 236.97563012441 237.384517987569 233.727157115936 230.008443196615 213.33513657252 169.292469819387 140.730986992518 132.430861393611 129.445453484853 122.118423382441 99.9698042869568 90.6388958295186 95.560481150945 87.6659651597341 79.0747801462809 83.6791694164276 85.7745409011841 83.0069283644358 79.9729575713475 83.6107532183329 87.7725481987 87.143083413442 92.6917990048726 98.9330013593038 99.452942609787 106.859733661016 127.575188875198 138.026495774587 136.609504620234 137.978255748749 138.986716667811 119.800428549449 112.855265537898 117.661654949188 124.71216917038 119.921296834946 80.9862862030665 38.1410469611486 32.7133436997732 2.96178118636211 0 0 0 0 0 0
215.939184029897 219.315389792124 219.620029131571 217.188874880473 217.312673727671 216.126958529154 220.476508140564 215.007146199544 181.320707003276 147.932082414627 133.660892645518 121.127426624298 118.211487929026 99.3273854255676 87.3702863852183 96.7171688874563 97.4297920862834 84.7975214322408 87.0307087898254 89.9612307548523 90.2303655942281 84.9255522092183 86.4143967628479 90.0003413359324 88.921070098877 89.1889035701752 96.0301558176676 103.836476802826 107.930103937785 122.209121783574 135.596146186193 139.202197392782 139.306604862213 142.878611882528 123.204906781514 123.757849136988 124.221463998159 132.759551207225 132.584343353907 94.3649113178253 22.5383440653483 3.20873906215032 0 0 0 0 0 0 0
195.150335629781 203.195293744405 212.162653605143 209.777553876241 209.377626578013 213.988701502482 222.354928652445 224.168757597605 200.055738290151 159.153908491135 138.773153225581 115.006268024445 104.950229326884 93.9553876717885 85.1878424485524 90.0833408037821 101.596335570018 93.2660301526387 89.2988344033559 92.3055708408356 92.4530227979024 89.1700088977814 86.0766569773356 89.4038478533427 90.5461708704631 91.0349488258362 94.4481194019318 105.200231075287 109.053164720535 115.33929904302 129.418979088465 139.73738749822 141.944537560145 133.051415284475 118.638098239899 133.217145999273 137.775719165802 141.214529673258 139.678657054901 113.993465900421 19.4555620352427 0 0 0 0 0 0 0 0
158.255259195964 168.688972791036 177.866339683533 183.29385916392 190.72437286377 204.523841540019 217.485725879669 224.608759085337 214.413285255432 178.349196910858 149.426430463791 119.937757651011 102.502882480621 100.250730911891 90.8362170060476 84.4042400519053 96.2678094704946 97.1093773841858 89.7426903247833 89.3094340960185 91.2187099456787 87.7852936585744 84.1384331385295 85.3967765967051 90.0367001692454 94.0897266070048 95.0636168320974 100.780189037323 107.274363438288 109.765102465947 120.457837978999 137.428313493729 138.744254906972 120.020717382431 122.950981060664 145.17946044604 150.417566299438 146.148870388667 144.026140371958 139.688869317373 82.6424658298492 5.45282786091169 0 0 0 0 0 0 0
121.334652105967 128.63435347875 127.494623263677 138.513823350271 154.391825199127 172.379036744436 185.797572135925 197.837829589844 195.662617683411 169.521550337474 137.58717974027 112.585335969925 98.6099044481913 97.3002711931864 92.8956071535746 87.5109036763509 92.3486749331156 92.6242768764496 84.8559439182281 84.270437558492 89.1030331452688 91.8918748696645 90.1474058628082 85.4512254397074 84.4135085741679 89.5234048366547 95.3640639781952 99.9618271986644 106.265713771184 107.146700223287 111.249983310699 124.420046806335 129.935403664907 123.071491718292 147.211710611979 158.989797035853 155.206064383189 147.801131010056 150.276770194372 163.070648908615 157.935698827108 91.9429858525594 18.9370239774386 1.7798460709552 0 0 0 0 0
110.121826330821 112.615923086802 111.863185962041 113.278051217397 123.013337453206 128.86252005895 133.031199375788 138.027926286062 137.948373953501 120.332052310308 103.9965848128 100.241740544637 98.1665949026744 94.3231582641602 91.736117998759 92.3627316951752 91.3198391596476 91.8671488761902 85.939347743988 84.6194426218669 88.9945427576701 94.4261352221171 95.794419447581 91.3011233011882 88.9044304688772 87.0381991068522 96.815158923467 100.300947825114 105.227490266164 108.226766188939 109.450836976369 117.47686068217 123.184740543365 133.350342512131 157.565752665202 157.29421377182 147.28315671285 136.038492123286 139.145314693451 155.369569857915 167.861938476562 162.275314331055 105.540712674459 29.80142335097 2.83396833886703 0 0 0 0
119.400421778361 116.471350193024 116.733094056447 115.422914425532 111.211856206258 109.488258759181 107.17981060346 108.644723892212 112.912883361181 103.568136692047 96.0071583588918 96.8768199284871 100.766092538834 100.196301937103 97.7422595024109 94.7738985220591 89.3465479214986 97.7607468763987 97.5858569145203 91.8107529481252 95.3431328137716 96.0707366466522 94.6269631385803 96.5275267759959 97.3309278488159 92.0902987321218 97.4240402380625 102.984646956126 105.283985535304 106.889287630717 111.108402411143 116.005222002665 121.825724840164 140.348017215729 151.405284802119 145.656208197276 129.838565985362 118.973344564438 116.075923045476 129.065622886022 161.051690578461 168.585936228434 142.769068479538 76.967845360438 16.8828542033831 0.504622313504418 0 0 0
