input/barkrak2/radiation/dir22624.grid
NCOLS 85 
NROWS 70 
XLLCORNER 665100 
YLLCORNER 4664600 
CELLSIZE 20 
NODATA_value -9999 
[rows 20 to 39 of 70, columns 0 to 45 of 85]
146.276851495107 135.456373294195 147.855629523595 183.612465858459 180.119812488556 147.886385520299 136.534949143728 147.554765144984 160.740186770757 175.485889116923 189.514835675557 193.591078122457 196.11930847168 202.485839525859 212.22327152888 232.3317527771 244.793633619944 256.766319274902 274.332106113434 290.131668249766 301.416556040446 293.80190372467 292.115370432536 293.623824914296 295.303702354431 297.259549299876 300.546586513519 297.990441322327 295.094708601634 294.062574704488 286.922713120778 273.451268672943 260.813494523366 253.078579902649 250.008126099904 255.948980649312 255.852878093719 258.206407229106 262.409031391144 267.206350962321 268.383065859477 267.57421096166 270.424167315165 264.86869653066 269.248485565186 273.811399936676
176.719705263774 170.436044534047 178.57031027476 210.28196811676 207.465370496114 156.048039595286 148.668020963669 155.37749727567 164.052913586299 176.043788592021 182.82679716746 187.495609124502 193.144957224528 192.244112491608 204.641044139862 220.169206460317 235.139270623525 245.561162630717 261.638363202413 281.079808870951 289.682825406392 300.497492154439 309.053937594096 308.947523434957 302.970151106517 295.625805854797 291.20534658432 278.277774651845 278.773049513499 269.235988457998 260.885775089264 229.257345199585 205.856839815776 200.164377689362 206.651449203491 227.295736471812 235.206584135691 251.736303170522 263.163268566132 263.317465782166 261.28343741099 260.257601737976 253.091752529144 236.993193626404 260.00839471817 269.45682366689
221.478799978892 224.517544110616 220.767696698507 229.021648565928 228.815197944641 184.454580148061 171.758015950521 165.305346250534 162.739177544912 169.129172960917 181.119342645009 190.728724002838 196.739474932353 202.196439107259 207.20899105072 215.319355328878 229.250729084015 240.506589412689 255.792359511058 259.633501370748 263.250291347504 272.206683953603 276.959776878357 278.275112311045 279.163678487142 272.120734055837 250.757018725077 243.106623490651 238.262236118317 225.450535615285 193.446199099223 152.330001195272 128.640353679657 137.660712003708 165.380318959554 191.723306973775 211.648245652517 234.236439069112 247.322261333466 251.131037871043 254.028379917145 255.223274230957 231.063266595205 207.440376281738 238.516171773275 266.386469205221
249.513268470764 247.587362925212 234.044373035431 234.937449296316 234.454472859701 220.675686995188 195.81268231074 170.307199160258 156.709671020508 161.175151666005 183.072288831075 193.167905012767 204.752405484517 212.729652722677 213.521361351013 217.090606689453 224.769314130147 234.514494736989 240.20779132843 231.051743030548 226.960718631744 228.581706682841 239.502867062887 248.644948005676 256.950318813324 255.884190400441 241.61030848821 231.962998708089 210.322459538778 173.723419507345 144.938598076502 119.286427895228 83.1203212340673 60.4060192902883 71.369876464208 107.383112112681 150.367071231206 184.410671393077 205.381234486898 215.444087982178 214.93931611379 199.205776055654 187.562187512716 220.192154248556 225.31803448995 255.404353141785
243.366479873657 243.35648616155 241.576492786407 237.329502900441 226.462264855703 221.876343091329 200.236121813456 185.597777366638 170.399367809296 165.132780869802 176.590859889984 189.517855644226 202.64345407486 212.754408518473 212.842702865601 212.521036465963 214.500228563944 223.167459170024 228.497564792633 221.482555071513 223.460793495178 217.333694299062 225.641330083211 231.856087843577 238.507787386576 236.043552557627 225.967923800151 215.29366572698 188.464840253194 139.877180258433 119.450906912486 115.637411673864 92.3027396202087 45.6758538881938 39.2536992828051 63.3087207873662 100.750883420308 128.070483605067 153.193742036819 177.237629890442 166.996697584788 146.145870288213 167.303760846456 242.942372957865 241.257111231486 258.17592938741
233.846962451935 238.712827364604 245.017250378927 236.993511517843 226.989547411601 222.037653128306 212.759534517924 212.074935436249 205.744902292887 194.218973318736 191.053330898285 205.942591031392 213.13472588857 224.461495876312 219.617565472921 210.747440656026 214.030146598816 222.440759340922 228.387554486593 231.839597225189 235.442241032918 230.597456296285 226.071377595266 223.617037137349 224.823435147603 225.330928961436 215.961118539174 208.054840564728 175.190031528473 149.701545635859 146.221816539764 160.414218902588 159.48224067688 110.585947831472 77.415277560552 82.974299788475 90.0156696637471 110.650400320689 135.07800300916 142.670124769211 137.961645921071 132.452676693598 176.992396513621 239.17959133784 258.447925249736 270.166277885437
234.714806079865 238.42066526413 243.721008300781 238.841752211253 242.116828759511 236.369490623474 233.466724554698 231.305638949076 234.187583128611 229.823887348175 214.875082174937 226.767758528392 226.849754651388 234.827061494191 231.119672457377 222.378015518188 216.977953910828 228.534738222758 233.798424402873 243.89656384786 247.582137584686 242.360730965932 234.886646270752 226.812581221263 225.460886955261 224.299848079681 217.714091142019 209.924896558126 185.540437698364 182.403842608134 200.686891873678 225.810031096141 232.492287953695 232.086141904195 188.982586065928 115.384995937347 107.976883649826 112.969021002452 132.031480471293 140.171507994334 148.989756902059 183.114270369212 200.191458066305 223.522623380025 250.140488147736 259.056051572164
238.455673058828 234.903216362 237.655202547709 238.728702068329 268.044312795003 255.903462568919 247.542262077332 238.591551780701 240.828375021617 246.270676453908 232.006371021271 231.357594331106 231.948554515839 236.24320824941 237.321237723033 232.169290383657 227.866927782694 232.78272151947 244.829376538595 250.735958417257 248.51264556249 239.14909362793 235.673149426778 234.667340914408 234.882354736328 229.616483052572 225.737432638804 221.151987711589 216.331203778585 217.630803585052 237.45201031367 251.416444778442 254.212419191996 267.563283443451 268.984099229177 187.430600325267 132.953663667043 119.480053583781 122.736712296804 146.257370710373 183.742960294088 245.468477408091 217.53317117691 207.40024248759 227.343281110128 237.652162710826
237.359960873922 226.921200752258 230.311771233877 244.908928871155 285.325586795807 261.618415514628 242.121040821075 232.206642627716 235.807498296102 237.245519955953 230.421423912048 221.773644288381 230.254133542379 237.739900747935 238.655904928843 241.915742556254 237.884163856506 234.055618445079 241.940279801687 245.376686255137 242.495437463125 235.088229179382 234.516739845276 240.537742773692 240.238070487976 232.433795928955 233.110090096792 229.211747646332 225.871602694194 229.205111662547 249.610443909963 265.660881996155 267.384628454844 267.175634702047 279.894630114237 254.911065101624 156.826674938202 107.167840003967 95.5536166826884 122.60365486145 194.297075271606 230.469584465027 206.613739331563 176.324963569641 193.503300348918 205.672880013784
231.788655122121 218.93843015035 225.547870000203 255.063891410828 284.569621086121 258.660515149434 230.93577226003 214.623053868612 206.394890944163 205.319225788116 205.495218435923 208.468576272329 222.023288408915 236.616730690002 240.436295668284 246.507207552592 245.526909828186 232.973118623098 235.14445622762 235.231657822927 235.690673192342 237.72935072581 237.906297047933 242.347677548726 244.900723298391 237.110575040181 238.981604576111 231.729646523794 226.250112056732 237.134317557017 257.36544529597 274.283130963643 270.309666792552 268.303871154785 278.602759043376 286.179105440776 243.441303571065 159.397790829341 120.656073093414 129.625201225281 166.458715995153 182.994862397512 187.449793020884 154.674738645554 161.657939354579 175.491114457448
223.422904809316 231.232285499573 261.11110051473 306.979278723399 304.180363814036 264.663775761922 228.895425796509 198.026041189829 186.506152153015 197.337508201599 192.688345909119 186.412930488586 215.717752774556 236.6637190183 243.732372919718 249.671876430511 250.804940859477 239.178677399953 237.757047017415 239.54709370931 238.271514574687 242.692410945892 243.189434210459 244.03840303421 245.202283064524 246.152063210805 246.517300605774 242.87070830663 236.587663491567 248.035848140717 265.197694301605 277.069509029388 273.12966187795 276.152769724528 282.934407393138 287.040968736013 293.700575828552 280.941208203634 205.722371737162 159.609655539195 146.56737446785 141.906877358754 160.437444845835 153.327484925588 153.925915559133 178.901215394338
242.103536923726 273.318032423655 303.786714871724 316.147009531657 333.044946193695 302.815914154053 260.4900598526 220.212241013845 208.379526933034 220.468421777089 211.772461732229 193.708459536235 207.253436247508 234.61127281189 248.599747816722 254.699806372325 252.728581428528 250.089645385742 241.339763005575 241.22142791748 241.660157839457 245.659172534943 247.935911019643 246.879816055298 246.543963750203 254.081209500631 255.376140276591 257.616738478343 253.386080265045 259.99907652537 270.579139391581 276.902953783671 279.022892316182 285.654584566752 290.775736172994 279.376824696859 284.298678239187 307.486494382222 280.319809913635 207.726319630941 159.393946329753 144.408941268921 147.69035577774 159.1623822848 180.972615877787 208.684166272481
285.881141821543 305.352250734965 307.301938533783 302.136162916819 317.724764347076 326.578140258789 309.78524684906 278.507828712463 252.745529015859 249.689598878225 248.94913037618 224.874118963877 213.603595892588 232.482095559438 253.620803356171 257.132271925608 253.285765647888 256.927053133647 245.50728003184 239.306807518005 244.195024172465 247.39146232605 247.774183750153 243.919193744659 248.008847236633 258.270482222239 262.810071309408 267.661253611247 263.602654139201 263.075768947601 275.895535945892 283.052881558736 280.933121840159 281.072457631429 285.550534725189 274.080653985341 274.615089098612 284.702678521474 269.375840822856 229.426741600037 195.346713066101 168.165584405263 153.698047002157 157.393833001455 178.246378898621 213.535666465759
297.037084897359 299.08827940623 294.589420159658 285.275936126709 287.764549255371 304.545919100444 314.419746398926 299.870212872823 280.97148736318 273.280203342438 273.430546124776 256.756444772085 240.356127421061 240.159749984741 254.380524158478 255.047599474589 251.098732153575 252.69208351771 244.44834391276 243.840197722117 244.514624277751 244.958758354187 242.04295873642 241.382122039795 247.388124465942 254.498302936554 265.023609002431 265.954395135244 263.108352820079 268.645664056142 279.2755762736 279.84078725179 267.930885155996 262.695749600728 266.270915667216 248.770912488302 246.767381827037 241.331835587819 221.5922276179 211.89683675766 221.555352210999 199.303170045217 177.854975064596 163.677086432775 166.348377863566 192.063927650452
297.992289066315 293.692231178284 298.88109366099 287.664949893951 281.727433204651 291.177054246267 310.322701931 319.32254632314 300.85297425588 281.995991865794 276.425302028656 271.920303503672 267.928719520569 255.577007929484 254.001617431641 253.076275189718 250.950157642365 249.038517475128 247.862974802653 249.427378177643 244.521657625834 243.751188119253 244.467496871948 244.143068790436 246.533274650574 252.734303474426 259.361843268077 257.246057192485 258.467972278595 268.917997678121 276.255567868551 268.746952215831 255.028824011485 256.127536296844 252.392172813416 234.456439812978 236.735741297404 235.617339611053 232.180674870809 235.334912935893 239.066421985626 237.551192442576 215.110659599304 198.721210161845 183.234830697378 177.961190541585
311.931252479553 309.624254703522 316.334982713064 311.952332655589 303.789615631104 305.550773938497 317.516267299652 330.449064572652 313.720444838206 288.242816925049 275.708734989166 274.550000826518 279.656728108724 267.021656036377 256.965577602386 260.366996129354 256.911317507426 249.512712160746 251.899182796478 252.43886311849 250.625769297282 246.037244796753 248.084008693695 251.62547826767 250.005920728048 251.812040805817 253.422995408376 251.558979352315 255.306800206502 269.014775753021 272.660136222839 265.348196029663 257.016519705455 258.033514022827 245.242555936178 239.277064800262 244.837721188863 248.047729333242 254.70236937205 262.425939242045 228.757639726003 224.384665489197 215.155104796092 205.742915471395 190.934320290883 168.696522712708
322.241306304932 321.465929349263 324.483871459961 324.319044748942 316.615998744965 311.593731244405 317.475199699402 329.849759737651 317.686935265859 287.393987178802 273.804346720378 275.962769985199 280.36775191625 267.521262168884 257.614692052205 263.721346855164 264.702995618184 254.560907681783 257.373929023743 261.57675186793 259.645700454712 253.310481707255 253.241101900736 257.127006848653 253.421902656555 253.108620643616 256.890078385671 259.703834851583 262.542128562927 270.099957784017 273.292024930318 267.749587694804 259.410897890727 256.705284118652 243.174870808919 247.029662132263 251.906156539917 254.609028498332 256.80023431778 257.566889127096 210.902094841003 178.409477074941 165.537516276042 160.297205050786 160.425881544749 156.315137942632
323.659678300222 325.401624043783 326.85387134552 325.520833333333 319.863259792328 316.013654073079 317.564209302266 324.452976385752 322.861572106679 295.998056729635 283.795634905497 279.870609442393 273.100892702738 267.142077287038 258.239726225535 261.246800422668 270.208994547526 265.485167503357 262.515207131704 264.59946235021 264.728267987569 260.500252246857 256.510376930237 257.238368193309 258.008042971293 256.34906689326 258.994857470195 265.242020289103 266.870975494385 270.389278729757 272.225280602773 269.998073577881 262.529730796814 247.483968734741 236.417512098948 253.294010957082 261.834462483724 261.934141318003 253.786524136861 255.147099494934 207.731366157532 145.850718021393 120.907465616862 111.273775498072 114.826818307241 120.418687661489
311.994234720866 318.207840124766 321.850995222727 321.081578731537 320.431649684906 322.235266367594 322.773039340973 323.177655537923 323.118964831034 308.426181475321 299.204707145691 286.468863487244 275.980989138285 271.411836147308 264.288862546285 258.519609769185 270.330786705017 269.786477088928 263.395170370738 264.577329158783 264.780561129252 260.735114415487 257.285753885905 258.033335208893 259.999473889669 263.065020243327 261.035760243734 264.00629679362 266.838431358337 267.732203006744 270.789504051208 271.522998809814 258.01412264506 234.944840272268 242.108384768168 267.268121242523 270.930349826813 265.262643496195 252.419749895732 254.38912709554 247.558335463206 183.695356051127 128.852715094884 109.638055165609 107.785234848658 109.659373760223
290.720204512278 295.57853937149 294.81448729833 301.840782165527 311.089158058167 319.786290327708 325.769265492757 328.779737154643 326.965709527334 317.566931247711 302.357713381449 283.941368261973 272.997736930847 271.663149197896 269.576648871104 263.699809710185 266.868809858958 268.115897973378 261.403520901998 261.094431082408 264.678418636322 266.925017038981 265.086829662323 260.210156440735 257.02162583669 259.552995363871 263.032197952271 264.820675055186 268.761893113454 266.596555709839 267.358720302582 268.059194087982 251.533170541128 236.664831638336 262.488305568695 279.018501440684 273.593306541443 267.526507377625 258.415639400482 259.584287802378 284.113526344299 280.710796515147 214.069326718648 161.76176071167 130.983253320058 110.674440860748
