input/barkrak2/radiation/dir23524.grid
NCOLS 85 
NROWS 70 
XLLCORNER 665100 
YLLCORNER 4664600 
CELLSIZE 20 
NODATA_value -9999 
[rows 20 to 39 of 70, columns 0 to 45 of 85]
128.254214922587 116.661667823792 126.768509546916 159.374922513962 156.300862630208 130.353172620138 120.329916477203 130.67967693011 142.58419473966 160.457273324331 172.196288903554 175.37663380305 175.091723601023 179.657240708669 192.904114723206 211.11657222112 220.948338508606 234.354039033254 249.050001303355 267.124772071838 275.367518266042 268.026192982992 268.173813819885 274.856626987457 278.001566727956 280.193010965983 283.103406429291 280.785342057546 278.575638930003 277.90355682373 270.808319250743 256.315092245738 242.264807224274 233.143051465352 229.507644971212 235.706210136414 235.495666662852 237.845202287038 242.241561412811 247.33825524648 247.64613310496 247.917930285136 251.015027364095 244.03041601181 249.829113483429 253.585398197174
159.021774927775 150.770455598831 154.975593090057 186.287760734558 183.833658695221 136.359979708989 132.152587175369 139.139145612717 147.266129652659 159.121781587601 166.698237260183 169.414460659027 173.471351464589 169.982214768728 181.634147961934 198.74095916748 211.595932642619 223.991672197978 239.388465881348 255.184213320414 264.939208825429 276.156008243561 278.514862060547 278.036057949066 270.456314086914 258.851965268453 247.404793898265 241.911212603251 239.641308784485 236.504991849264 220.784028371175 207.452555497487 184.905827045441 178.14177274704 183.571855227152 204.679191112518 213.477810223897 230.75141509374 241.97522799174 243.168195088704 240.129888057709 239.089210828145 232.523401578267 214.536786079407 238.568246364594 248.843709627787
204.703291257223 206.1794201533 198.483685652415 205.728809038798 205.471614996592 162.883361180623 157.398680845896 151.026298602422 146.892815828323 150.391817092896 165.287971496582 172.140796979268 177.098512649536 179.619550704956 184.840937455495 190.881073474884 203.817784786224 211.16296450297 222.388784090678 223.694562911987 226.634303728739 238.742967446645 246.069232622782 250.149031480153 250.14861424764 243.864079316457 230.745176474253 221.64922952652 219.338059425354 204.359670480092 178.866704305013 137.13663816452 106.2025030454 113.292157649994 141.303678353628 168.12660296758 187.968691190084 211.227357387543 225.052416324615 229.176938533783 232.421855131785 233.97821187973 209.226330121358 183.709422747294 216.051141421 245.401938756307
235.416690508525 231.818755467733 213.586489359538 211.86109383901 211.195627848307 199.598034222921 179.021060466766 155.464311440786 143.467684586843 147.047181924184 168.331106503805 175.756732622782 186.265389124552 192.668040593465 184.817552566528 186.797698338827 195.362945397695 205.717921257019 212.629199028015 205.58488368988 204.284270604452 206.527868906657 221.229751904806 230.745553970337 234.353164831797 232.271711031596 221.51505947113 203.163822491964 195.300281047821 159.365952014923 129.770328601201 103.947142759959 67.1104490756989 30.5358618497849 33.117284377416 69.7214355071386 114.955127239227 151.810805002848 180.259168148041 191.829343636831 191.408673922221 172.919531663259 165.568828582764 196.718076864878 203.552941481272 234.351575374603
229.572375615438 229.070385297139 223.528981208801 214.575926462809 202.853918075562 200.527409712474 182.307740052541 170.006255308787 156.049152215322 149.576842784882 157.630840937297 173.187375068665 180.690010388692 185.867170492808 184.415698051453 185.296217600505 192.959725856781 202.888528505961 210.12810866038 202.677726745605 203.234811623891 197.444717089335 204.738239447276 212.768753369649 215.701758861542 213.554680347443 205.539484818776 188.190360864004 169.281502564748 124.639322360357 104.920148849487 100.852469603221 76.6212691863378 26.7641469836235 23.3057017127673 48.2416152954102 71.0770040750504 99.1554061571757 120.922108491262 144.138832887014 137.360552946726 121.8388179938 142.925560474396 221.26183907191 221.102277437846 237.531622250875
219.125350316366 224.110623200734 228.546182314555 215.653121471405 203.323165575663 200.652559598287 195.170084635417 197.241187095642 192.181587219238 181.072990099589 177.006820837657 187.980850537618 187.94173002243 197.239895661672 197.787423928579 191.982765992483 193.285266558329 203.840772310893 209.869722525279 213.343183199565 217.543959617615 211.083134015401 205.289920171102 204.005559285482 203.176379203796 204.217116038005 195.608913898468 181.877930959066 154.940476020177 135.727862517039 131.657044092814 144.913484652837 142.477403084437 87.8144999345144 57.2904696067174 66.4697090784709 73.2017507155736 86.8819157282511 108.097056547801 108.752548694611 103.306035200755 108.043561379115 150.751908620199 217.336694399516 236.072023709615 246.175229549408
219.663639863332 223.731716473897 228.180348873138 219.099005063375 219.058573246002 217.781007289886 217.985272407532 218.784729639689 225.329697132111 218.464811642965 201.623499393463 204.822719097137 206.737240155538 216.847062110901 213.110824426015 201.832493146261 198.27789068222 209.97162659963 216.948707898458 227.681418259939 231.883764266968 226.769506931305 216.987013816833 208.268344402313 205.195168654124 204.455633958181 196.623643239339 190.939505894979 169.323245684306 169.074018796285 186.10817193985 211.544771989187 218.923608462016 214.707414309184 163.643618424733 95.5805977185567 89.6108249823252 94.2162175973256 106.653143962224 111.189067363739 117.738862832387 158.282577991486 181.255539258321 206.374228000641 231.985529263814 239.743192990621
222.897092501322 219.834824403127 222.259720166524 220.148285230001 246.635238329569 238.623797893524 234.902739524841 230.623126029968 233.634789784749 234.999855359395 218.81232659022 212.137917677561 213.442285855611 218.753774960836 219.223856925964 213.678419589996 209.356268246969 214.567065238953 226.830462614695 232.948899269104 230.658630530039 221.248626708984 218.817750612895 216.130038102468 214.804967244466 209.744274616241 204.578518867493 202.413479487101 201.583683490753 206.561346848806 224.825898806254 238.422989845276 242.848098278046 255.749841531118 249.499996503194 162.658403317134 112.62376109759 100.644061962763 100.263118743896 118.417332569758 156.983663638433 223.224898179372 200.954437255859 194.764097531637 210.133274396261 215.123991171519
222.45325644811 211.586574713389 214.647610982259 226.179718971252 265.750845273336 246.623476346334 230.77259461085 221.815049648285 222.433269023895 221.962650616964 212.770422299703 203.161478042603 211.934824784597 218.133548895518 220.489819844564 221.831440925598 218.359212080638 215.845147768656 227.21662123998 227.077722549438 224.049607912699 217.945535977681 215.73934952418 220.409532388051 221.90272808075 214.186469713847 213.442961374919 209.199368953705 209.568798542023 219.381431738536 238.847414652507 254.085799058278 256.715655326843 257.031162579854 266.908546288808 232.221265633901 131.93134466807 87.5579416751862 72.0003346602122 96.417377392451 170.470118522644 209.968169530233 189.468642075857 161.530872186025 173.147598902384 181.747396787008
218.357543150584 203.708151976267 209.539512793223 236.154596010844 265.506267547607 243.980228900909 218.290984630585 199.695607026418 190.260032812754 186.639249324799 186.844050884247 190.181374549866 204.914371172587 219.218194484711 222.354372342428 228.421529134115 227.415462334951 214.418252309163 216.400663057963 216.392338275909 216.749946276347 217.209617296855 217.33295917511 222.184141476949 223.73511393865 218.914330005646 221.712827682495 213.984290758769 209.807872772217 226.66875521342 247.448285420736 263.809680938721 260.509689648946 258.754213651021 269.266883532206 272.908210754395 220.604956150055 133.739729722341 100.093225638072 106.601178646088 140.610188245773 158.875862757365 167.918225129445 137.252489725749 138.589193423589 151.566247145335
210.523883501689 217.538019021352 247.318724791209 292.923490206401 288.513382275899 250.236093997955 214.46559826533 183.097422122955 169.30091381073 179.41943804423 174.812277158101 171.508113543193 199.178079764048 219.497819741567 227.791508038839 233.241359392802 232.734302679698 220.638076464335 218.639254570007 219.134469827016 217.657208442688 222.238183021545 222.825666268667 223.899563153585 227.102935314178 228.5076379776 227.191070715586 225.010911623637 219.802379608154 235.442976156871 255.923390388489 267.38574107488 262.996355692546 267.173667748769 275.289336840312 279.49180205663 280.914743741353 259.726901849111 180.770754814148 135.317196448644 122.679730256399 122.884800036748 144.680072863897 134.412467479706 131.615976492564 155.437807242076
229.10354534785 261.966367562612 296.173791090647 310.954252878825 324.015021324158 290.086110432943 245.495895544688 204.949875672658 191.756904125214 202.987472216288 193.798323472341 179.272751013438 193.077544371287 215.514282385508 231.021662553151 235.660254955292 234.655618667603 229.533314704895 223.539650440216 222.325583299001 221.140126387278 225.261767705282 227.686365445455 228.132367134094 228.434443473816 238.632877667745 238.348603248596 239.830950895945 237.739364306132 246.606985727946 260.152300198873 267.853736877441 270.089626312256 277.411719163259 283.077120780945 272.680381933848 275.970240434011 294.39789056778 259.540359179179 183.345417181651 134.69867904981 125.332981348038 132.338225841522 140.923957029978 160.733679930369 190.176328023275
277.110358079274 299.897611141205 305.818518002828 301.584243774414 316.22060139974 320.862710475922 300.10461807251 265.819728374481 239.3612464269 232.675890127818 232.919792334239 212.046444416046 196.995000044505 211.943964163462 233.923216660817 237.888137499491 233.337581157684 235.264420509338 224.918981393178 223.036865393321 226.25744342804 228.075325489044 228.562414646149 226.759394009908 229.737957318624 242.511848608653 246.140519777934 251.910924911499 248.355189959208 249.787131945292 263.976911703746 273.046274979909 271.127005418142 271.241307258606 274.99798933665 263.185719648997 264.865815639496 271.808346112569 250.333607196808 206.27748966217 170.529027779897 148.340036471685 138.328522443771 144.136061271032 162.722448507945 195.056955019633
294.224540392558 300.180534521739 296.389857927958 287.133534749349 291.238029797872 306.636810302734 311.839838822683 292.550206184387 268.334865570068 257.806837558746 260.053435961405 243.370453516642 219.056010246277 220.696965853373 232.767840226491 235.115428765615 232.03965028127 234.685858090719 226.364692052205 225.666622320811 223.715245723724 225.311696529388 224.253435929616 223.648885885874 230.076273282369 238.129178682963 248.206257820129 249.717692534129 248.641908168793 254.871606826782 266.286075115204 268.242478370667 256.807684898376 249.9072154363 253.393292427063 235.105156898499 233.566880226135 225.404858589172 202.259461085002 187.837958335876 199.064393838247 181.554913520813 162.122825781504 150.435556968053 150.318543116252 174.646178881327
298.381686210632 296.516954898834 300.864100456238 290.856838226318 285.99351644516 294.677257537842 310.756246248881 313.157935937246 290.312727292379 269.13324991862 264.816880226135 257.59486357371 248.527328173319 238.29048871994 235.154608885447 235.872566699982 230.007807413737 226.546367009481 227.004647254944 231.324394543966 227.145473162333 226.27047697703 224.614342053731 224.522213141123 228.861312071482 235.561887423197 244.179586569468 241.378049055735 244.061728318532 255.931893984477 263.648430506388 256.030261516571 243.561228116353 243.16285053889 237.384061018626 220.256666342417 222.971340020498 221.487323443095 214.8450811704 212.380886077881 218.567887941996 221.049765745799 202.12592681249 182.809631029765 167.619963486989 159.657448530197
310.306350390116 309.018552303314 314.279178778331 310.482939084371 302.920659383138 303.844392299652 314.287463823954 323.579788208008 302.649180094401 276.499052842458 262.357115745544 261.957446734111 264.356593290965 247.853557268778 239.18088277181 240.346074104309 236.343443393707 229.33703660965 233.042140801748 234.920779863993 232.216755549113 229.259788990021 230.641583601634 236.03888352712 231.963396072388 235.968271891276 238.899489243825 237.122237682343 240.538318951925 255.07915019989 259.11819934845 251.910626888275 245.476206143697 246.697187423706 231.7968805631 225.626349449158 231.28479719162 235.313991705577 240.317404270172 241.233944892883 209.190885225932 207.163751125336 197.673161824544 187.240084012349 169.911086559296 148.38848511378
315.418124198914 315.357009569804 318.537652492523 317.637324333191 310.320655504862 305.773417154948 312.122702598572 323.415855566661 307.745099067688 276.706000169118 262.223919232686 259.104450543721 262.846390406291 247.347493966421 237.148980299632 243.601858615875 246.942758560181 236.706058184306 239.752570788066 242.569744586945 242.053945859273 237.169722716014 236.586610476176 238.988200823466 238.245328267415 235.777755578359 240.166485309601 243.066847324371 248.067220052083 256.187240282695 259.963671366374 254.989822705587 247.854650020599 245.998501777649 230.833331743876 234.271168708801 238.597909609477 242.422699928284 244.171957174937 238.312045733134 188.665350278219 159.366071224213 147.733241319656 141.560445229212 139.733811219533 133.933991193771
313.034415245056 316.206673781077 319.234093030294 317.561209201813 312.103708585103 309.705257415771 312.940816084544 320.101837317149 315.451562404633 286.035100618998 268.619656562805 261.321266492208 253.75775496165 245.930393536886 238.828678925832 243.523120880127 253.236571947734 246.430516242981 243.416806062063 247.825801372528 248.027046521505 243.227124214172 239.629646142324 240.964849789937 241.746544837952 239.751756191254 241.708358128866 248.697837193807 250.879943370819 254.317243893941 258.417089780172 257.678210735321 250.730415185293 236.01363102595 224.18487071991 241.41518274943 249.788880348206 250.179549058278 243.046243985494 239.676594734192 184.184432029724 125.50100684166 103.640655676524 91.1450684070587 96.9967444737752 100.055118401845
296.297113100688 303.729275862376 308.22741985321 308.602710564931 309.626619021098 313.887655735016 316.874285538991 318.404873212179 316.753486792247 297.535638014476 285.122613112132 270.020266373952 256.748259067535 254.364430904388 247.429112593333 240.792373816172 251.276930173238 251.322229703267 246.493339538574 245.785276095072 244.169553120931 242.287874221802 238.330105940501 237.280488014221 241.851727167765 243.310809135437 241.813858350118 246.534029642741 250.327308972677 250.95264116923 255.167762438456 259.647091229757 246.517459551493 223.155617713928 229.863921801249 255.998194217682 260.057012240092 254.388173421224 242.551585038503 243.469913800557 227.436542510986 159.040262301763 106.932977835337 90.3240938981374 90.1096065839132 90.0331139564514
271.009802818298 276.508231957753 276.208182175954 284.220099449158 294.701039791107 305.822948614756 313.730875651042 318.597575028737 317.025820414225 305.952986081441 286.453723907471 267.922202746073 255.015909671783 252.379377683004 250.02787510554 244.118173917135 248.324910799662 247.959434986115 240.298608938853 241.565048694611 242.607792218526 244.999726613363 243.051687876383 237.963994344076 236.452480157216 239.270985126495 243.639647960663 245.573580265045 248.841444651286 248.14768632253 249.401291211446 254.377086957296 239.447971185048 225.219368934631 252.014676729838 268.752694129944 263.69313398997 256.38202826182 249.189257621765 252.479036649068 273.112257321676 260.592659314473 190.180718898773 140.09565114975 111.453711986542 91.0314917564392
