input/barkrak2/radiation/dir26824.grid
NCOLS 85 
NROWS 70 
XLLCORNER 665100 
YLLCORNER 4664600 
CELLSIZE 20 
NODATA_value -9999 
[rows 40 to 59 of 70, columns 0 to 45 of 85]
171.789169311523 174.414078394572 174.265086650848 175.064444541931 184.610843658447 191.123843193054 193.615019321442 199.319958686829 198.597550392151 180.792232354482 166.361649831136 161.308368047078 160.245925188065 155.876189470291 154.285113016764 153.082261482875 153.598546981812 152.921626965205 146.086742480596 145.721137523651 150.096476078033 157.495101292928 158.822884162267 153.826812903086 151.253481705983 149.008085330327 159.285883108775 164.265761772792 167.579829692841 169.223686059316 168.897767861684 176.053881645203 170.729716618856 184.456706047058 210.703869660695 210.598846276601 198.852062225342 189.462721347809 192.510048548381 205.949187278748 221.944212913513 234.440902868907 190.482258796692 104.821264743805 52.1959513425827 31.5168773134549
180.107295513153 178.125083446503 178.381721178691 177.456657091777 172.974348068237 171.428779760996 168.515662352244 169.799069563548 174.667477607727 164.942582448324 157.51584370931 157.880167166392 161.792814731598 160.735080639521 159.203797578812 155.616184075673 151.571015516917 158.952295780182 158.087919155757 153.15439303716 155.004799365997 155.804773171743 156.131953001022 157.919853925705 160.27644276619 154.46263551712 159.979691108068 164.046098788579 167.712469895681 169.19465859731 172.097603480021 174.616793791453 176.610132058462 194.098571936289 206.779519716899 189.384837945302 176.006813844045 170.994559923808 170.5655058225 182.973265647888 218.179305394491 234.71454779307 214.396794637044 155.198603868484 83.3059052626292 52.1933734416962
185.066839059194 182.441612084707 185.161530971527 182.671427726746 176.303366820017 172.896126906077 168.76220703125 165.052096048991 165.248850981394 161.460896333059 159.658223390579 157.351464033127 161.924570798874 164.881229400635 164.816568295161 160.526514053345 156.190027793249 162.822087605794 164.319614569346 157.820751269658 154.556592305501 152.76966492335 150.53595105807 151.900231838226 156.286617120107 154.032150904338 150.390992561976 156.783839066823 163.506617148717 167.996843655904 169.007837772369 168.190399805705 176.150023937225 198.463102181753 204.197665055593 177.86850531896 163.83304198583 165.266861518224 168.929616610209 180.53142229716 190.023104349772 193.678359190623 181.621034940084 151.3978044192 94.1790242989858 43.3320105075836
169.168988863627 171.839416027069 180.576999982198 177.237411340078 180.192391077677 182.564814885457 181.316355864207 175.216297308604 164.351910352707 161.98272506396 165.479898452759 159.670988718669 160.453617572784 163.733224074046 165.100047985713 161.141057809194 162.984391053518 164.45329785347 164.171953996023 159.361938635508 152.942498524984 150.178879499435 148.782034715017 147.401223580043 150.044649839401 155.570397774378 149.741222461065 152.324378490448 157.738635937373 161.414007345835 159.920513629913 158.067365487417 168.996671835581 185.664772987366 181.51181936264 166.366755962372 161.32707397143 171.810587247213 179.599821567535 181.603769461314 175.60875415802 173.475782076518 161.498626073202 141.594807306925 94.1035946210225 36.125307281812
167.910357316335 172.362506389618 175.872286160787 177.331487337748 178.09663216273 180.864612261454 180.001775423686 176.381230354309 171.368738015493 165.198644002279 167.200187842051 162.964800993601 159.496515989304 157.300730546316 157.848169406255 156.929989655813 151.878545681636 160.25839249293 161.425113677979 157.872378826141 154.548486073812 152.383506298065 150.866697231928 152.245899041494 148.940513531367 158.01348288854 160.853048165639 159.54464673996 159.061213334401 157.630304495494 153.943012158076 150.709231694539 158.025393883387 162.488907575607 160.778303941091 160.009890794754 164.579500754674 179.951171080271 186.618606249491 177.115023136139 175.551652908325 163.372735182444 157.931516567866 138.457556565603 107.450187206268 62.7200106779734
173.624217510223 178.627113501231 175.135572751363 179.117023944855 177.8497894605 176.900049050649 178.712725639343 176.172773043315 177.233735720317 170.94882329305 169.89278793335 167.611201604207 163.02102804184 157.364467779795 156.863907972972 159.782350063324 153.738051652908 156.313320000966 161.26275062561 160.685747861862 157.143086194992 156.177232662837 154.125193754832 156.217157840729 156.700193881989 156.040171782176 162.947207689285 161.165446043015 160.533567269643 159.050861994425 155.386606852214 151.139497756958 154.97965614001 152.223934729894 145.115216573079 145.389974117279 154.006481170654 173.020303249359 169.934928417206 159.97772415479 163.875470558802 153.904219468435 151.101529598236 148.662865161896 135.144283374151 96.8249638875325
172.907054424286 175.043721993764 177.243073781331 179.88783121109 179.98727162679 178.513487180074 180.586834748586 181.409319241842 177.845458189646 176.062325636546 173.33596944809 172.605156898499 167.555689811707 164.707690477371 162.765314181646 165.609975655874 163.143823544184 156.088223059972 162.216166655223 162.28511929512 158.671081066132 158.934752146403 157.093743483225 154.711455106735 162.609755992889 155.719141165415 156.794369220734 158.998429775238 160.329659779867 159.707486629486 158.915817737579 154.990384976069 153.090258439382 151.179581880569 146.8605697155 145.693669716517 149.262696504593 161.89643740654 159.994920094808 160.595973332723 160.2716644605 150.304953257243 154.692272345225 163.812537988027 156.597375869751 121.354758739471
166.701674461365 169.337073961894 174.50346549352 177.070220311483 181.090851624807 181.275725364685 179.137428601583 178.30216884613 178.330620129903 180.108348528544 175.487577915192 172.070463498433 169.295032819112 169.468263785044 165.419439474742 163.569470246633 163.171718517939 153.663496176402 158.671776453654 161.891917387644 157.802234093348 157.603760560354 159.607648849487 153.118451436361 156.628688176473 156.333227952321 151.047686735789 155.080159505208 159.455279509226 158.516983191172 159.158736467361 157.81381726265 152.577956517537 155.712207158407 161.283711592356 162.975122531255 158.843944470088 158.243000507355 162.186861038208 172.920882701874 161.385665337245 152.4292131265 159.646332263947 165.356775124868 159.270236889521 139.386812845866
158.753206332525 162.203629811605 167.523046334585 172.022461891174 177.6455839475 181.710998217265 178.916414578756 175.809482733409 179.11704381307 179.7287662824 178.295791149139 172.716697057088 170.872191588084 171.968022982279 167.855620384216 161.78423166275 161.734084288279 153.919458389282 157.65510002772 161.924868822098 160.330772399902 160.748024781545 161.86785697937 156.943003336589 154.224852720896 159.783711036046 155.521422624588 158.90113512675 165.053208669027 169.967452685038 174.551526705424 174.267570177714 164.925366640091 167.001446088155 173.798143863678 174.854675928752 177.085995674133 167.910536130269 165.939629077911 168.123384316762 158.604621887207 150.814235210419 148.377229770025 147.48215675354 145.540734132131 144.571443398794
157.433062791824 154.841641585032 160.239458084106 168.215294679006 174.377381801605 177.380700906118 180.625478426615 181.646923224131 182.193954785665 177.406072616577 179.948091506958 178.412119547526 174.651980400085 170.645574728648 167.571385701497 163.87814283371 160.904516776403 155.513793230057 158.359944820404 165.504038333893 166.486660639445 165.25008281072 161.349803209305 160.936564207077 156.273702780406 162.457863489787 163.007815678914 167.134980360667 173.794507980347 181.4892689387 191.346406936646 190.886298815409 183.25420220693 178.767661253611 175.621847311656 177.236437797546 183.141668637594 180.796583493551 168.09602578481 156.698276599248 147.8491127491 149.696886539459 148.154944181442 142.686714728673 138.944864273071 143.539140621821
159.596840540568 161.070138216019 163.958122332891 170.211454232534 171.93599541982 173.300822575887 180.496096611023 185.611665248871 184.272547562917 183.530549208323 181.870659192403 182.198484738668 177.020291487376 171.242793401082 171.629865964254 173.925757408142 164.862851301829 161.024471124013 163.852880398432 169.955213864644 170.666078726451 167.615969975789 163.715342680613 162.26460536321 157.212654749552 163.713236649831 167.395710945129 168.235619862874 173.32269748052 181.704819202423 192.93204943339 199.974914391836 191.606561342875 180.660784244537 165.601094563802 167.068719863892 176.9211490949 184.982260068258 171.521604061127 150.288184483846 142.591506242752 152.011106411616 155.345578988393 150.146514177322 144.576519727707 141.19079709053
158.320158720016 169.351935386658 171.855568885803 173.927406469981 173.2577085495 171.328028043111 178.913315137227 183.826863765717 183.726370334625 187.098264694214 183.898429075877 183.571815490723 179.776151974996 174.875338872274 172.182480494181 178.503135840098 170.754055182139 165.5379931132 162.722885608673 166.235735019048 166.908661524455 164.997229973475 162.949115037918 158.836970726649 156.16183479627 158.129870891571 162.897090117137 163.853297630946 166.248818238576 171.029984951019 181.67785803477 192.476630210876 186.666945616404 166.233082612356 133.056233326594 125.554064909617 145.717283089956 169.420758883158 178.845902283986 176.308472951253 169.606844584147 162.11274266243 145.910928646723 142.179995775223 151.171098152796 142.303208510081
161.533117294312 160.291135311127 159.383694330851 163.755357265472 170.516093571981 175.238211949666 174.250622590383 181.349376837413 179.997503757477 183.213869730632 184.452871481578 185.224791367849 185.262560844421 178.607285022736 173.547307650248 174.295405546824 175.25307337443 164.9163266023 159.122496843338 158.367176850637 159.666875998179 160.949200391769 161.474734544754 155.301113923391 156.519790490468 153.50662668546 153.033544619878 154.140154520671 154.187440872192 156.276096900304 160.382727781932 172.931969165802 170.423746109009 143.780261278152 107.461184263229 87.5562330087026 96.1686273415883 126.01496775945 161.257396141688 175.921857357025 177.621404329936 161.577999591827 139.984955390294 136.727492014567 145.393709341685 131.939351558685
167.619923750559 157.033542792002 153.096258640289 159.14660692215 170.79492410024 179.980933666229 177.987138430277 180.158575375875 181.650857130686 180.428306261698 183.673600355784 185.37582953771 187.890330950419 184.648891290029 177.425444126129 174.648324648539 177.954653898875 168.161571025848 162.983477115631 164.185444513957 163.475811481476 160.25365392367 158.402840296427 154.20600771904 153.567681709925 151.948501666387 149.529377619425 152.089416980743 148.71671795845 142.872552076975 133.945514758428 142.618149518967 143.189777930578 123.238464196523 107.032984495163 88.4402791659037 69.2359358072281 76.9930531581243 100.853055715561 137.142290671666 160.210500160853 149.891664584478 139.177034298579 134.293695290883 126.382966836294 117.410679658254
169.667740662893 162.316451470057 158.448239167531 162.099411090215 172.903815905253 180.790384610494 184.276779492696 179.955780506134 184.622983137767 181.712786356608 184.479832649231 186.702370643616 187.538504600525 187.822858492533 181.788961092631 180.745681126912 180.582781632741 172.56631453832 167.153596878052 170.607487360636 170.635958512624 166.010985771815 163.194765647252 162.356197834015 158.544858296712 157.774527867635 153.691877921422 150.966326395671 146.848946809769 139.874011278152 128.720432519913 132.053991158803 135.220030943553 133.135815461477 132.418543100357 121.661722660065 93.9019421736399 76.813022295634 70.7599570353826 85.9880646069845 121.726701656977 125.885387261709 114.53511317571 100.013663371404 97.6369182268779 105.990101893743
174.118240674337 171.105444431305 165.330807367961 161.131511131922 168.477257092794 180.354197820028 183.601935704549 181.032697359721 182.685891787211 186.375856399536 192.891339461009 192.941089471181 190.733929475149 191.668470700582 186.915755271912 185.492515563965 185.560981432597 180.591026941935 176.217516263326 173.314114411672 171.1212793986 169.409473737081 170.250197251638 169.900457064311 165.14179110527 162.732621033986 156.437615553538 145.815432071686 138.785103956858 134.107649326324 134.768585364024 137.483497460683 141.353100538254 151.135842005412 158.548623323441 159.032394488653 148.912797371546 132.429480552673 113.091429074605 81.258624792099 90.6304816404978 110.368291536967 109.930316607157 97.7002680301666 99.1062422593435 117.398679256439
177.552461624146 175.789018472036 173.334856828054 166.292081276576 166.382571061452 177.553137143453 182.612438996633 182.131866614024 181.144873301188 188.145935535431 195.832808812459 196.407496929169 191.422561804454 192.618012428284 192.900756994883 186.009367307027 187.912166118622 183.211088180542 179.803411165873 177.675545215607 176.225145657857 175.97629626592 172.698179880778 171.035468578339 166.544149319331 161.818295717239 141.282846530279 117.262204488118 113.151629765828 120.863656202952 131.983329852422 134.190609057744 139.762510855993 145.853678385417 159.949839115143 171.634038289388 176.195621490479 177.731871604919 174.422045548757 125.714401404063 95.9309935569763 113.623648881912 131.014446417491 134.297162294388 136.036684115728 150.498151779175
177.217602729797 174.039483070374 176.624874273936 174.805323282878 170.523146788279 174.363593260447 183.38280916214 183.970471223195 182.504375775655 187.503973642985 196.644186973572 196.253557999929 190.754512945811 193.513433138529 195.614914099375 185.440977414449 186.272025108337 183.456937472026 180.349270502726 180.99590142568 181.610842545827 181.179463863373 176.11958583196 169.388214747111 168.610036373138 165.312906106313 144.994914531708 121.972858905792 118.547916412354 128.603279590607 143.623332182566 142.058740059535 150.800973176956 161.34320696195 176.699539025625 187.354187170664 169.891178607941 136.285046736399 122.143089771271 127.520143985748 126.262972752253 141.664077838262 145.159353812536 128.535648187002 117.445091406504 131.400485833486
165.8868988355 173.711001873016 175.083835919698 176.934540271759 174.444158871969 172.021706899007 183.9599609375 188.908199469248 186.511635780334 189.526259899139 193.816641966502 195.116559664408 194.179932276408 190.460423628489 191.372036933899 188.173572222392 183.801968892415 185.853481292725 186.497569084167 188.07065486908 189.431071281433 185.414691766103 183.473527431488 176.996608575185 174.338738123576 175.623575846354 168.338716030121 160.41824221611 158.729235331217 162.909954786301 161.688347657522 152.875602245331 164.230426152547 176.632483800252 167.259653409322 156.482716401418 137.691477934519 82.7361593643824 59.9518169959386 95.0927237669627 130.094299713771 152.355670928955 146.312296390533 131.342341502508 122.154851754506 128.618409236272
155.041585365931 170.217017332713 173.587083816528 175.422569115957 177.093644936879 173.106412092845 178.806225458781 188.973069190979 196.728269259135 196.335514386495 194.013138612111 193.133970101674 194.980978965759 192.333141962687 191.560824712118 188.638965288798 184.559265772502 184.9777897199 182.825843493144 180.385768413544 182.282427946726 181.498726209005 180.666565895081 177.927215894063 179.526050885518 185.087362925212 194.284697373708 196.886857350667 181.177397569021 177.509049574534 166.193197170893 156.181226174037 159.251342217127 150.378127892812 119.391431411107 79.9243450164795 76.8898874521255 65.9486949443817 50.026868780454 58.2675437132517 77.967643737793 115.886191527049 144.244730472565 165.53940375646 184.054334958394 181.126793225606
