input/barkrak2/radiation/dir29224.grid
NCOLS 85 
NROWS 70 
XLLCORNER 665100 
YLLCORNER 4664600 
CELLSIZE 20 
NODATA_value -9999 
[rows 0 to 21 of 70, columns 0 to 47 of 85]
147.652755180995001 163.677265246709 179.791450500488 201.309104760488 212.246358394623 213.916500409444 210.688849290212 206.356366475423 205.410440762838 208.970248699188 208.898027737935 207.46910572052 204.130927721659 204.931835333506 207.107961177826 194.852113723755 181.747277577718 169.038712978363 167.096316814423 160.603394110998 160.336335500081 177.928407986959 204.886496067047 212.248682975769 215.228279431661 227.566242218018 225.963215033213 211.035867532094 197.869340578715 197.33726978302 192.806382973989 215.308547019958 261.547327041626 260.753631591797 259.051581223806 244.142671426137 248.350660006205 262.496431668599 260.359168052673 259.822408358256 248.250226179759 254.03505563736 262.080530325572 257.25664695104 245.851655801137 249.073227246602 254.675964514414 225.185533364614
124.232828617096 141.943663358688 157.793998718262 178.288956483205 193.627198537191 199.625452359517 203.178942203522 208.377023537954 215.504050254822 215.573648611704 212.684015432994 208.80256096522 205.318172772725 206.92378282547 206.863482793172 194.632112979889 187.122007211049 177.677035331726 173.375089963277 165.763874848684 174.038549264272 198.878228664398 221.402227878571 223.799606164296 227.551658948263 234.190007050832 228.72269153595 215.378026167552 202.789942423503 199.383715788523 200.162212053935 229.838013648987 261.829495429993 260.017057259878 256.503641605377 246.151189009349 252.27020184199 263.495941956838 259.358406066895 259.324391682943 253.126164277395 253.104090690613 249.336004257202 241.962234179179 237.899084885915 248.035470644633 244.115869204203 208.843191464742
87.8654321034749 98.2011556625366 111.48993174235 125.162820021311 139.376481374105 151.694357395172 164.944191773733 184.359967708588 198.995192845662 201.781511306763 204.130907853444 207.85798629125 213.095724582672 215.883672237396 216.663082440694 219.704389572144 217.914938926697 206.792831420898 189.650654792786 181.305130322774 192.23697980245 209.322869777679 220.330913861593 224.529385566711 230.072895685832 229.841192563375 224.091708660126 215.167681376139 207.472085952759 208.469907442729 218.6572154363 245.834569136302 262.065807978312 260.813891887665 254.274189472198 251.655240853628 257.895112037659 262.865742047628 260.266224543254 255.365173021952 248.675207297007 238.855957984924 224.619269371033 220.021923383077 229.450027147929 244.394222895304 232.770005861918 198.784033457438
71.1793104807536 70.6043889125188 77.8279453516006 83.7950209776561 90.4007454713186 98.8377332687378 108.718941609065 126.565535863241 148.297011852264 167.871296405792 185.515602429708 203.206181526184 214.992880821228 219.268043835958 223.007798194885 229.81059551239 226.858456929525 215.5681848526 197.357634703318 189.73167737325 191.082835197449 191.617647806803 203.9874792099 214.251180489858 215.440392494202 217.744946479797 218.85480483373 216.161052385966 215.698440869649 219.888647397359 225.211580594381 250.689546267192 259.752929210663 258.916298548381 254.788060983022 255.855202674866 257.07995891571 257.813016573588 252.81947851181 241.677105426788 234.002908070882 221.94230556488 217.886785666148 231.657346089681 246.7054327329 240.592360496521 220.067461331685 194.833079973857
92.0167962710063 75.1985808213552 63.3470912774404 54.2115271091461 54.3751865625381 69.9811627467473 95.5217281977336 107.113540172577 117.865016063054 126.360873381297 151.002407073975 177.251140276591 193.594177563985 202.152729034424 208.117504914602 212.980230649312 209.717492262522 202.444593111674 195.149918397268 190.247595310211 186.396718025208 184.151430924733 195.835173130035 204.791724681854 208.624720573425 215.173224608103 216.252048810323 216.901560624441 217.514038085938 216.941475868225 224.623620510101 254.039307435354 256.906469662984 255.567808945974 252.845942974091 251.785278320312 250.658770402273 248.509446779887 238.210459550222 228.450258572896 227.063695589701 225.016176700592 231.294055779775 242.334683736165 245.051821072896 220.686773459117 192.364811897278 184.217929840088
136.605441570282 106.795897086461 79.3182750542959 56.9721162319183 48.9834547042847 57.6798369487127 80.7486474514008 103.388885656993 108.585764964422 107.50346382459 116.969128449758 131.950438022614 142.739087343216 150.030394395192 160.626063744227 171.071410179138 175.843258698781 183.48773320516 191.366632779439 195.82058986028 196.404695510864 197.411735852559 197.165191173553 199.415067831675 205.048123995463 212.396899859111 215.350488821665 217.847685019175 218.765358130137 221.861720085144 237.069805463155 254.147211710612 251.043518384298 250.139196713765 248.017112414042 246.194760004679 243.789454301198 239.234447479248 228.784521420797 229.129513104757 228.657762209574 226.351579030355 228.381156921387 231.984794139862 223.132828871409 190.876523653666 163.477847973506 172.53299554189
162.65477736791 135.577887296677 113.286554813385 91.0948316256205 70.0551023085912 57.3866615692774 62.821164727211 90.6918346881866 109.730909268061 118.186453978221 114.293396472931 109.456618626912 105.323612689972 100.795934597651 102.778971195221 119.377642869949 134.261111418406 157.462934652964 179.801781972249 194.13032134374 202.020923296611 206.063369909922 200.717608133952 198.251366615295 200.278282165527 203.726092974345 208.114902178446 213.766535123189 216.510653495789 223.079264163971 236.892739931742 248.146176338196 241.474727789561 236.428380012512 234.719395637512 232.601523399353 232.101341088613 226.824104785919 221.30811214447 216.333627700806 210.437953472137 209.328452746073 216.429352760315 224.229733149211 215.826869010925 205.296039581299 216.98804696401 227.127075195312
153.742651144663 164.37374552091 150.010059277217 131.449510653814 106.017609437307 74.7844477494558 54.6698371569316 51.9793927669525 82.4268013238907 114.810486634572 123.68381023407 120.325336853663 111.249178647995 99.8371839523315 86.3303740819295 89.6686812241872 102.636118729909 120.708624521891 146.803557872772 169.187168280284 184.83563264211 197.319507598877 203.964670499166 199.02761777242 197.339872519175 195.560455322266 197.084426879883 200.325270493825 205.314914385478 215.251704057058 227.37063964208 230.611304442088 222.638527552287 216.879467169444 213.054219881694 213.005642096202 219.416320323944 216.767509778341 210.147817929586 192.166209220886 190.01175959905 199.837386608124 218.280911445618 230.182230472565 229.290286699931 231.23840490977 239.868919054667 242.269496122996
123.978634675344 136.976669232051 142.944832642873 133.108764886856 132.028957207998 111.250857512156 79.0759573380152 51.3118008772532 63.9065603415171 82.3014477888743 104.974220196406 121.195216973623 124.567051728566 120.948096116384 106.053451697032 96.9875752925873 94.3573117256165 98.448634147644 111.9624376297 129.308223724365 148.907879988352 168.534696102142 179.381589094798 181.126077969869 182.919720808665 181.151668230693 180.306990941366 183.16795428594 186.702231566111 197.954912980398 203.904668490092 205.86500565211 202.250123023987 201.021134853363 202.11261510849 204.190830389659 206.192533175151 207.751075426737 204.891880353292 197.350700696309 208.173970381419 222.196936607361 231.257239977519 233.746985594432 227.115909258525 222.510933876038 225.567062695821 236.27640803655
88.9439384142558 95.6914822260539 110.167612632116 114.988376696904 113.732616106669 124.28363164266 105.893194675446 86.970458428065 59.3215922514598 51.8390635649363 57.5731843709946 78.0448416868846 98.9679396152496 112.113535404205 118.776549895604 108.942250410716 94.5476492245992 93.438982963562 92.3544466495514 97.7233250935872 104.755342006683 114.471097787221 128.665139277776 137.227237224579 148.729026317596 156.792541344961 157.531479994456 162.28848695755 165.705074866613 172.607143719991 173.778156439463 174.906114737193 182.186325391134 186.221063137054 191.39301776886 195.316553115845 194.435020287832 199.559410413106 200.851798057556 211.539487044017 227.632323900859 235.800822575887 238.188624382019 235.27850707372 226.575791835785 222.793142000834 233.725607395172 242.126842339834
50.9135772784551 50.7678886254629 57.6659739017487 65.9809758265813 82.1790446837743 95.0215856234233 94.365139802297 95.8712200323741 74.612687031428 54.394135872523 42.1254138151805 46.5448796749115 64.6162579456965 85.0542982419332 104.988684256872 99.978228410085 96.2787369887034 90.8152560393016 87.0513220628103 81.7174514134725 81.6385895013809 86.4809552828471 91.4962689081828 105.719010035197 121.784100929896 133.030513922373 135.732630888621 137.775599956512 146.658658981323 152.898530165354 157.097895940145 161.880632241567 170.269052187602 173.946658770243 177.231033643087 181.04883035024 186.730265617371 192.560215791066 200.947125752767 217.990716298421 228.272457917531 235.597173372904 234.650810559591 231.504380702972 228.140890598297 230.610032876333 238.983571529388 241.236607233683
25.4983405272166 22.4269926548004 24.9241540829341 23.6165126164754 27.7277280886968 42.2307153542837 52.1696408589681 56.6400388876597 65.0692681471507 59.1944952805837 49.4307527939479 42.2197033961614 45.456126332283 61.0248943169912 79.2204141616821 84.5607320467631 93.3031539122264 93.7001407146454 87.4434312184652 81.1041196187337 74.8272736867269 74.578379591306 79.142689704895 88.0280137062073 98.9561378955841 106.683353583018 112.397074699402 117.970049381256 126.29563609759 133.155395587285 138.843993345896 143.716732660929 149.814705053965 153.593401114146 156.044354041417 160.019427537918 171.632468700409 185.188015302022 193.007032076518 210.292438666026 217.853903770447 218.015750249227 214.284380276998 210.629343986511 213.785529136658 214.676638444265 221.186280250549 229.451715946198
19.1479586064816 12.4356982608636 7.57275149226189 3.40420659631491 0.59535827798148 1.64329539984465 17.3008441925049 34.3610172470411 53.2713830471039 61.5673263867696 61.3689223925273 52.6781380176544 41.1580950021744 40.3939535220464 54.5511394739151 75.6088594595591 90.855081876119 96.8425075213114 95.5124497413635 87.7024928728739 83.0703874429067 83.0974082152049 82.8541914621989 87.2882803281148 91.8544729550679 93.0097103118896 99.2121895154317 108.338952064514 113.24343085289 116.445829470952 122.622748215993 128.445823987325 129.107962052027 131.582657496134 135.600805282593 141.210983196894 153.116971254349 166.976312796275 172.077695528666 185.302217801412 193.406720956167 195.36550839742 194.675147533417 196.128924687703 195.334831873576 196.801682313283 202.611883481344 209.818402926127
19.0944895148277 4.41650797923406 0.0198357714301286 0 0 0 0 4.51013290633758 29.8134237527847 44.180303812027 65.6220763921738 70.1595395803452 60.5249504248301 51.1726240317027 51.1152595281601 68.4769550959269 82.4310382207235 96.8010425567627 105.634013811747 104.002873102824 97.0390439033508 94.8594808578491 92.3654437065125 92.2017097473145 95.6531365712484 96.698780854543 102.786391973495 112.296839555105 114.066670338313 108.502805233002 114.262203375498 120.317369699478 122.086664040883 122.917354106903 126.675705115 134.583344062169 140.42870203654 146.613279978434 151.7014503479 154.934505621592 161.835640668869 169.930219650269 177.952249844869 186.058461666107 185.602287451426 192.729532718658 192.62284040451 189.940889676412
27.823880314827 7.58002822597822 0.0342247124838953 0 0 0 0 2.32013858233889 12.8363731006781 32.1953694025675 59.0403030316035 82.9635361830394 85.8683387438456 78.7900437911351 66.2718117237091 64.5940005779266 69.4910536209742 82.0762862761815 101.436406373978 112.099627653758 111.875881751378 109.601000944773 106.469631195068 103.053679068883 102.868298689524 102.234423160553 104.766517877579 110.333333412806 113.087475299835 108.680963516235 111.357748508453 117.087751626968 117.604444424311 116.240600744883 121.077617009481 125.452915827433 126.425961653392 124.706347783407 131.331553061803 132.749736309052 138.199468453725 146.245102087657 152.969469626745 161.160409450531 165.650953849157 172.036310036977 183.371980985006 189.881126085917
24.2906858523687 9.73103567957878 0.284323507609467 0 0 0 0.779640783245365 4.01432315508525 12.4687825640043 25.3627051909765 48.5328535238902 81.277663509051 93.241274356842 93.8969353834788 87.0427886644999 69.1473583380381 62.78195977211 66.2657121817271 81.5496345361074 103.270163138707 119.905769824982 118.002663056056 117.874473333359 113.428831100464 106.013337771098 109.861850738525 108.782470226288 108.386933803558 108.044405778249 115.109264850616 116.541514794032 116.740435361862 114.526341358821 112.250765164693 113.828331232071 112.225751082102 110.04118124644 106.090207894643 110.662519931793 112.435052792231 116.986642281214 123.000542322795 126.899530490239 130.376676718394 145.423064629237 151.989032824834 168.758352597555 180.257439613342
20.4714710513751 12.9647528131803 0.964254296074311 0 0 0 1.74571418513854 6.08746583263079 16.1796435713768 21.9654987255732 34.9454035361608 63.9112343390783 85.5083664258321 91.8344855308533 99.1907219092051 92.662235101064 87.601363658905 77.3686567942301 72.8058516979218 80.3717921177546 103.320866823196 117.141703764598 125.662157932917 120.558500289917 114.391018946966 116.549462080002 115.522185961405 112.783710161845 112.459033727646 121.879835923513 116.258343060811 115.579177935918 113.635619481405 107.749233643214 103.714476029078 102.783014376958 98.2925097147624 96.7809955279032 97.8236695130666 101.673096418381 103.890925645828 106.93566997846 109.746356805166 112.71067460378 132.210870583852 142.699877421061 151.938041051229 159.575521945953
16.7473331093788 14.4423618912697 6.09823937217395 0 0 0.776300206780434 5.01174324502548 14.6466108659903 22.7020531892776 27.2076974312464 34.0384791294734 49.2085268100103 69.6962028741837 83.4598342577616 98.7530648708344 107.938587665558 108.63130291303 99.029411872228 84.721177816391 75.0157584746679 84.8399599393209 106.837789217631 117.000967264175 121.266523996989 123.965998490651 124.845236539841 125.283867120743 125.276029109955 122.344056765238 115.551521380742 113.161265850067 110.176831483841 98.8710323969523 93.1182603041331 102.246701717377 99.9526083469391 96.7052976290385 96.4710911115011 96.2512890497843 98.9191432793935 100.882589817047 101.846724748611 102.536459763845 105.563412110011 118.491609891256 132.345676422119 141.223321358363 143.198708693186
18.0048470695813 21.0461293657621 18.9316136141618 0.219654951555034 0 5.96713585158189 9.60392939547698 20.1347842812538 30.7288517554601 44.0686245759328 50.7355829079946 53.0507912238439 62.5800391038259 70.7780520121257 86.4303310712179 103.221982717514 109.614819288254 108.541975418727 107.02587167422 94.6745177110036 79.1516403357188 91.0867949326833 102.635234594345 114.161650339762 123.01175793012 130.316396554311 128.204882144928 133.306006590525 124.2496073246 112.015416224798 108.394334713618 98.9883641401927 91.6417936484019 90.6863808631897 82.8147232532501 84.9551558494568 87.1489346027374 92.2355949878693 96.0105458895365 99.2320875326792 101.44896308581 102.695226669312 102.518578370412 102.743585904439 103.852013746897 118.585497140884 122.302422920863 124.554057916005
19.0381010373433 19.4113925099373 21.4790751536687 15.0398251911004 5.19624414543311 11.9638405740261 12.6243618627389 15.6890973448753 31.6421414415042 44.0873901049296 52.1471003691355 49.7038066387177 50.9971429904302 56.2410453955332 69.3886131048203 86.4535967508952 96.4482724666595 101.847638686498 107.854207356771 109.607626994451 102.015912532806 91.5432969729106 94.3055748939514 103.333681821823 115.824828545252 120.768407980601 126.421580712001 126.401682694753 125.708123048147 117.550909519196 105.772902568181 88.294247786204 83.2743793725967 74.2245217164357 67.5264050563176 62.1702373027802 72.0936556657155 67.7591413259506 71.0264046986898 77.8641452391942 86.6061945756276 90.9503599007924 92.3916101455688 93.1846896807353 92.0457045237223 102.170338233312 104.275951782862 107.91289806366
23.6972371737162 16.549742470185 12.9090870420138 22.9913840691249 18.6563059687614 13.9878839254379 12.8638496001561 15.1771182815234 27.8386597832044 35.6470793485641 41.6859438021978 42.358656724294 43.2626952727636 45.8418677250544 54.2743653059006 66.6461288928986 80.251008272171 87.5122547149658 98.0292956034342 113.111317157745 119.730353355408 109.717587629954 108.962138493856 112.601478894552 114.283253749212 112.115124861399 115.804135799408 121.957669655482 115.309635798136 103.61056526502 102.532645066579 81.6441625356674 63.1835162639618 43.2152102390925 38.2470935583115 34.665750960509 33.8026160995165 38.2184659441312 59.024711449941 63.6541197697322 65.3421382109324 72.8295793135961 77.638308207194 78.5781691471736 84.3748052914937 89.8000597953796 94.6961243947347 99.8364786307017
48.4397262334824 36.3525624076525 25.4930878678958 37.3012150327365 34.1204330325127 17.0044774810473 19.3470977246761 27.8615231315295 33.3962043126424 35.5159441630046 37.5114232301712 39.9654830495516 40.5438815553983 38.5833432277044 46.1744964122772 58.3264976739883 72.4909951289495 80.4252525170644 90.2259250481923 103.924800952276 114.461084206899 127.284705638885 133.122940858205 132.764349381129 124.902049700419 114.264309406281 106.761535008748 98.7574756145477 113.894691069921 98.8982021808624 76.9330561161041 57.7489236990611 37.1164828538895 22.0385144154231 9.39305623372396 5.19116626431545 10.2493098626534 17.4198523163795 30.5445020397504 47.5763281186422 48.8808204730352 50.8638471364975 50.7040321826935 49.6976276238759 67.7878558635712 78.7998686234156 85.4887863000234 92.6623145739238
