input/barkrak2/radiation/dir24224.grid
NCOLS 85 
NROWS 70 
XLLCORNER 665100 
YLLCORNER 4664600 
CELLSIZE 20 
NODATA_value -9999 
[rows 40 to 59 of 70, columns 0 to 45 of 85]
244.61297194163 246.478815873464 246.362686157227 247.913181781769 256.132702032725 261.757095654805 264.725883801778 268.879731496175 269.195179144541 255.796829859416 239.722847938538 234.895129998525 235.180457433065 228.693465391795 228.797455628713 226.363976796468 226.588507493337 223.962684472402 219.318429629008 217.485745747884 219.564358393351 226.458807786306 227.415084838867 222.437520821889 218.27361981074 215.882619222005 225.011646747589 225.845654805501 229.947368303935 231.22775554657 230.488121509552 233.42223962148 226.076026757558 229.263146718343 257.414599259694 257.107535998027 244.465510050456 237.531741460164 240.136941274007 244.048893451691 257.131775220235 280.09170293808 259.645760059357 183.661957581838 120.887935161591 90.8365845680237
252.133627732595 249.213318030039 249.451359113057 248.52309624354 245.442907015483 243.710060914358 241.746127605438 242.191354433695 246.956626574198 238.315542538961 230.043450991313 231.785496075948 232.725103696187 231.711804866791 230.411907037099 228.713790575663 219.852904478709 228.084524472555 225.348154703776 220.601141452789 222.0645348231 222.711702187856 221.215307712555 222.591360410055 224.743843078613 219.077150026957 223.901172478994 227.177083492279 230.156600475311 231.111148993174 231.87243938446 232.315639654795 227.937618891398 240.377108256022 253.566185633341 243.619441986084 226.219058036804 219.556887944539 222.053368886312 232.749938964844 262.671172618866 276.774843533834 267.923255761464 227.840960025787 162.607649962107 120.851258436839
254.479169845581 251.264293988546 253.873447577159 253.570318222046 246.623158454895 242.912113666534 239.842275778453 238.166670004527 237.331966559092 231.013218561808 230.736613273621 227.258165677389 229.835530122121 233.959853649139 232.209901014964 228.081305821737 223.850170771281 229.918877283732 231.007317701975 224.916120370229 219.566583633423 219.957788785299 216.048359870911 218.906919161479 222.733577092489 218.700607617696 215.019543965658 220.515926678975 224.719981352488 228.709916273753 229.148626327515 226.762811342875 230.631411075592 246.397773424784 250.473241011302 228.587726751963 211.942374706268 213.315645853678 222.339034080505 235.87558666865 246.824065844218 247.349917888641 235.890289147695 215.916653474172 171.520749727885 113.838384548823
238.685707251231 240.268309911092 248.007496198018 246.895054976145 247.386793295542 248.490254084269 247.578899065653 243.488907814026 232.48169819514 230.121930440267 233.302017052968 227.785726388296 228.453516960144 231.216828028361 230.721712112427 228.643218676249 228.394071261088 231.380422910055 230.915625890096 224.471131960551 220.323880513509 217.55838394165 214.436928431193 212.751646836599 216.915806134542 218.236327171326 214.418669541677 216.486553351084 221.051255861918 222.498555978139 222.114443778992 217.858155568441 225.895126660665 238.620082537333 235.573490460714 214.104215304057 208.338439464569 219.595015048981 233.545740445455 236.646175384521 232.860227425893 229.372402032216 220.063726107279 200.449268023173 166.57500465711 119.326184193293
236.028293768565 239.952484766642 243.003984292348 244.132856527964 244.687557220459 247.085054715474 246.219972769419 243.019143740336 238.698363304138 233.05606842041 234.862168629964 230.797191460927 227.564434210459 225.354572137197 225.910087426504 224.806427955627 221.660892168681 225.6019115448 228.445092837016 224.90926583608 219.94560956955 219.620108604431 217.950900395711 217.230121294657 213.878512382507 222.078680992126 226.434369881948 223.202069600423 222.287038962046 220.364292462667 214.754780133565 210.848073164622 216.549932956696 218.024214108785 216.016928354899 208.45361550649 212.408761183421 227.222919464111 237.574021021525 231.295724709829 231.178859869639 222.212394078573 212.053696314494 196.095665295919 171.618183453878 137.021442254384
240.079919497172 244.462867577871 242.345949014028 244.604150454203 243.481655915578 243.636826674143 244.025508562724 242.864271004995 243.896901607513 238.20839325587 235.739568869273 235.009074211121 229.144155979156 223.750670750936 223.2958873113 225.632508595785 219.812035560608 221.727271874746 226.358970006307 223.897496859233 222.405989964803 221.301138401031 221.00834051768 220.911145210266 220.977584520976 220.097025235494 226.324081420898 226.250290870667 223.534782727559 221.418460210164 215.812087059021 212.597211201986 213.848849137624 208.722770214081 200.76847076416 195.268213748932 203.942815462748 221.828540166219 225.857615470886 213.551998138428 218.811213970184 210.51021416982 203.626871109009 203.103582064311 195.794463157654 163.53373726209
239.449918270111 241.338769594828 243.021905422211 245.296895503998 245.350201924642 243.874430656433 245.686252911886 246.167222658793 243.080496788025 240.029454231262 238.794883092244 238.116939862569 233.305096626282 229.016423225403 228.551228841146 230.8216492335 226.375202337901 219.385067621867 227.187037467957 225.438753763835 223.834077517192 223.83725643158 221.749107042948 219.333827495575 226.333995660146 219.900866349538 220.686852931976 222.325523694356 223.282555739085 221.865872542063 218.825856844584 216.080168883006 212.692221005758 207.475165526072 202.076017856598 196.348031361898 202.118833859762 213.842451572418 214.450975259145 212.855279445648 215.042054653168 205.839276313782 207.721948623657 216.55942996343 215.692122777303 186.200499534607
233.959794044495 235.01451810201 240.631540616353 241.617480913798 245.122055212657 246.299207210541 243.112842241923 243.449171384176 243.494133154551 243.552565574646 240.705688794454 236.053804556529 234.914541244507 233.267823855082 228.935201962789 228.952010472616 226.601004600525 217.277805010478 223.931511243184 225.168903668722 221.137245496114 222.603976726532 224.03879960378 215.558369954427 220.897277196248 220.543404420217 215.354025363922 218.701700369517 222.43587176005 220.641811688741 220.088442166646 219.575921694438 211.929221947988 212.172865867615 217.345416545868 213.114420572917 211.063921451569 210.791210333506 214.326977729797 224.127332369486 217.423995335897 207.567056020101 213.022212187449 218.153556187948 214.267373085022 196.01176182429
226.801772912343 228.559454282125 234.44656531016 237.168828646342 243.150393168132 246.671756108602 242.951393127441 241.27737681071 242.744088172913 244.458754857381 243.231415748596 238.010207811991 234.521945317586 235.438923041026 231.277406215668 227.437098821004 225.48238436381 217.588623364766 222.899734973907 226.794123649597 225.069681803385 225.392540295919 226.069450378418 221.015373865763 220.531344413757 223.758459091187 219.527741273244 222.312311331431 229.181865851084 231.179058551788 234.306255976359 233.072221279144 223.284820715586 224.676509698232 228.03940375646 224.219759305318 223.085920015971 219.00349855423 218.16098690033 222.878019014994 212.313532829285 205.550114313761 202.883223692576 198.782364527384 196.500937143962 197.325189908346
225.600341955821 221.854329109192 226.816296577454 233.72749487559 239.216983318329 241.600513458252 244.442661603292 246.407349904378 245.384216308594 242.437561353048 243.110617001851 243.042429288228 237.891455491384 235.766271750132 232.688585917155 229.404250780741 226.328690846761 222.767372926076 225.159327189128 229.962865511576 230.589588483175 231.219291687012 227.387924989065 228.884339332581 222.178479035695 227.968017260234 228.20923725764 229.8570672671 235.448638598124 241.61700407664 249.268651008606 248.411317666372 237.872958183289 234.256724516551 229.169487953186 227.203786373138 227.039198080699 228.0233502388 223.024646441142 211.143692334493 200.423796971639 202.577471733093 201.441248257955 194.043278694153 190.490504105886 194.162309169769
226.68453057607 227.498610814412 229.897499084473 235.276341438293 237.004578113556 236.957212289174 244.305531183879 248.708327611287 247.231145699819 246.52373790741 244.698226451874 245.026787122091 241.800904273987 236.359417438507 234.862466653188 238.409837086995 229.90870475769 225.497464338938 228.117346763611 233.833273251851 234.271784623464 231.247544288635 229.535361131032 227.850834528605 223.069608211517 228.862921396891 231.961131095886 232.461293538411 239.024142424266 245.968818664551 252.586364746094 254.021147886912 246.420542399089 236.303746700287 223.717411359151 219.542642434438 223.643024762472 230.311632156372 222.428520520528 202.097594738007 195.135792096456 204.74644502004 206.276019414266 199.468572934469 194.439669450124 187.513848145803
225.178758303324 233.334342638652 235.564271608988 237.456580003103 237.236857414246 236.533482869466 241.669893264771 247.141718864441 245.552023251851 249.548395474752 246.520578861237 246.274689833323 242.595911026001 238.175670305888 236.964344978333 240.501880645752 235.290726025899 227.519094944 224.642693996429 230.437854925791 230.984568595886 228.968679904938 228.846251964569 222.54741191864 222.074468930562 223.644077777863 227.835834026337 228.46790154775 230.405429999034 238.984684149424 245.344221591949 251.240968704224 240.630149841309 221.067368984222 184.160053730011 179.680188496908 198.13338915507 216.689070065816 223.519643147786 221.617261568705 220.765908559163 215.687831242879 197.331726551056 191.746373971303 199.950039386749 187.751809755961
226.45362218221 223.907510439555 224.536597728729 227.502862612406 234.830796718597 237.357338269552 237.402121225993 243.849595387777 242.271900177002 246.178150177002 245.771467685699 247.698545455933 246.099988619486 239.706218242645 236.170788606008 235.355973243713 237.7570271492 227.214296658834 221.714119116465 223.423659801483 222.804029782613 223.532557487488 223.558982213338 219.663043816884 218.19277604421 217.437883218129 218.708296616872 219.500044981639 219.290832678477 218.580524126689 221.830805142721 234.630763530731 217.779517173767 188.693563143412 156.80072704951 140.651673078537 152.263770500819 181.731899579366 211.677134037018 220.077872276306 221.432983875275 208.638648192088 189.209322134654 187.66458829244 191.151817639669 177.568713823954
231.606920560201 220.63942750295 217.852791150411 221.887310345968 233.574430147807 241.768081982931 239.451388518016 240.086595217387 242.455045382182 242.433766523997 243.82338921229 246.530254681905 247.201601664225 245.472331841787 238.215366999308 235.64867178599 238.602598508199 228.784521420797 223.796705404917 225.050469239553 226.160864035288 222.768247127533 220.847467581431 216.568946838379 215.492427349091 213.765740394592 213.126718997955 213.33239475886 211.848974227905 205.715914567312 198.59379529953 200.843354066213 188.569525877635 169.556816418966 155.178129673004 139.169325431188 124.362856149673 134.20491417249 156.107525030772 187.544008096059 206.059634685516 193.050424257914 186.277449131012 184.42177772522 174.226880073547 163.434694210688
232.997477054596 227.052529652913 221.425394217173 223.705053329468 233.671148618062 240.53039153417 243.764738241831 239.860435326894 243.854701519012 240.722378094991 244.359254837036 244.61442232132 246.780316034953 246.465981006622 240.724603335063 239.437540372213 240.994334220886 232.902010281881 227.394700050354 228.897551695506 231.002986431122 226.539810498556 223.606765270233 222.152988115946 218.168298403422 217.215994993846 215.047955513 212.338368097941 208.339730898539 201.12144947052 189.447263876597 189.992467562358 181.176543235779 177.982270717621 179.655432701111 173.093358675639 150.784601767858 135.476013024648 127.579500277837 138.235698143641 170.032143592834 172.163605690002 162.267237901688 149.589558442434 146.802683671316 151.88326438268
236.365516980489 232.702493667603 226.398388544718 222.815732161204 227.895538012187 238.559822241465 242.254038651784 241.361737251282 241.019447644552 243.27806631724 248.825093110402 248.560170332591 248.236080010732 247.334897518158 243.823170661926 242.024799187978 241.913755734762 238.422433535258 232.203265031179 229.846219221751 227.936863899231 227.933863798777 225.668887297312 228.724638621012 224.128345648448 221.715211868286 215.92523654302 203.444619973501 198.874513308207 195.503135522207 192.51408179601 195.220589637756 192.035635312398 196.814119815826 203.751663366954 207.248648007711 204.656024773916 190.35549958547 170.891463756561 137.01664408048 141.607860724131 157.754262288411 156.616469224294 147.034585475922 149.916748205821 164.742449919383
238.588849703471 237.493336200714 232.995708783468 226.367036501567 223.806579907735 234.264771143595 240.471263726552 239.791671435038 238.270064194997 244.520644346873 250.822504361471 252.234280109406 247.85856405894 249.893267949422 247.514148553212 241.129159927368 244.510809580485 239.358226458232 234.262764453888 234.598795572917 233.028848965963 233.963151772817 225.554923216502 221.531172593435 219.144940376282 215.11971950531 195.257941881816 175.921718279521 171.530365943909 176.864107449849 188.131431738536 191.918889681498 190.71888923645 193.217078844706 205.582817395528 219.466745853424 232.011953989665 233.63451162974 228.332996368408 179.993212223053 146.758377552032 161.677976449331 176.352520783742 183.928926785787 189.181764920553 200.930337111155
237.901488939921 235.287308692932 234.86053943634 232.778509457906 225.950181484222 231.653372446696 240.064005057017 242.048044999441 237.895429134369 241.741021474202 248.910546302795 249.796589215597 246.328453222911 246.234615643819 248.915235201518 239.828646183014 239.899694919586 238.493899504344 232.659935951233 233.001112937927 232.911070187887 231.665869553884 226.879954338074 220.570862293243 219.807684421539 219.8073665301 201.983451843262 179.16738986969 176.388382911682 183.003266652425 193.836132685343 196.050226688385 200.493355592092 208.029548327128 219.674070676168 223.144888877869 221.772015094757 192.281981309255 178.634564081828 174.724221229553 177.777647972107 190.825521945953 189.390858014425 175.785024960836 170.330742994944 185.347815354665
227.876404921214 233.635465304057 233.876784642537 232.799331347148 230.356574058533 227.15304295222 239.112079143524 244.509736696879 239.713668823242 240.08717139562 243.363718191783 248.287439346313 245.734810829163 242.46476093928 242.77808268865 238.497038682302 233.543992042542 235.751688480377 234.818617502848 235.779166221619 236.365179220835 232.462962468465 230.544567108154 224.376380443573 223.434408505758 226.72833998998 221.849977970123 213.758230209351 210.658589998881 211.24134461085 209.857980410258 203.378597895304 210.138519605001 220.136602719625 215.20600716273 204.009930292765 184.042731920878 135.516613721848 112.913936376572 147.287050882975 186.42779191335 196.946958700816 188.338021437327 177.85632610321 175.435523192088 184.89549557368
217.339992523193 229.492723941803 231.544931729635 230.194369951884 231.935322284698 226.780414581299 232.6806584994 243.419289588928 246.713519096375 242.028733094533 244.505325953166 245.815555254618 247.525135676066 243.399997552236 241.962452729543 241.11008644104 235.058188438416 232.963899771372 229.971686999003 227.911651134491 229.605774084727 230.708479881287 229.638377825419 227.832754453023 226.435760656993 233.503818511963 243.004103501638 244.327982266744 226.780990759532 226.59037510554 214.49206272761 205.149292945862 209.550897280375 194.77923711141 167.155603567759 139.542212088903 128.483225901922 114.234616359075 98.9199181397756 110.815505186717 134.178111950556 168.240427970886 188.327252864838 208.502570788066 232.884784539541 234.284162521362
