input/barkrak2/radiation/dir20424.grid
NCOLS 85 
NROWS 70 
XLLCORNER 665100 
YLLCORNER 4664600 
CELLSIZE 20 
NODATA_value -9999 
[rows 20 to 39 of 70, columns 0 to 45 of 85]
185.259222984314 177.599827448527 193.054974079132 232.85581668218 228.331347306569 184.670825799306 171.408315499624 177.054941654205 189.784308274587 208.509902159373 224.257747332255 230.603118737539 236.405889193217 245.13985713323 263.166069984436 281.133691469828 302.5008837382 318.742215633392 323.519547780355 331.239422162374 333.907802899679 326.968153317769 325.804432233175 326.651950677236 327.867766221364 329.286197821299 331.529935201009 328.604976336161 324.434479077657 323.846558729808 317.519386609395 306.35400613149 297.01030254364 292.427003383636 290.189643700918 295.476754506429 295.606076717377 297.899524370829 302.560428778331 305.575489997864 306.5518339475 306.600034236908 307.818512121836 303.322434425354 307.913720607758 310.315390427907
213.475445906321 211.523552735647 227.641940116882 258.392373720805 254.557172457377 197.123050689697 182.056367397308 185.810148715973 193.672378857931 205.865561962128 216.850996017456 226.710438728333 232.957323392232 235.15385389328 247.761646906535 265.166381994883 281.815747419993 298.475166161855 318.012932936351 326.870540777842 331.352929274241 336.762468020121 338.578740755717 336.841622988383 332.979400952657 328.039705753326 324.834863344828 321.362853050232 320.866048336029 314.209361871084 297.281424204508 268.332699934642 247.455875078837 244.924108187358 252.323905626933 271.298408508301 278.917988141378 292.777061462402 302.544554074605 303.477505842845 301.694333553314 299.756010373433 294.200460116069 280.559420585632 299.112518628438 308.102488517761
254.326899846395 261.004865169525 266.06555779775 275.877098242442 276.044309139252 228.794157505035 206.006248792013 192.618548870087 189.187029997508 197.862227757772 218.369762102763 226.392249266307 238.173047701518 242.854793866475 247.995416323344 256.239672501882 274.137814839681 290.398955345154 299.550970395406 308.499773343404 316.396514574687 327.431937058767 333.468993504842 333.805004755656 331.056594848633 328.643838564555 322.100599606832 307.698885599772 301.13430817922 277.944187323252 241.513053576152 192.9958264033 170.028607050578 186.867554982503 215.091427167257 239.156703154246 257.546464602153 277.879774570465 290.220638116201 292.357405026754 295.560558636983 296.213428179423 274.219771226247 253.120541572571 281.065503756205 305.478533109029
276.152829329173 277.923385302226 275.074640909831 280.790428320567 280.551314353943 264.172355333964 228.517134984334 201.334754625956 186.434586842855 190.812309583028 213.08038632075 226.436416308085 241.729021072388 254.058877627055 255.517482757568 259.37690337499 270.93098560969 283.374687035878 292.457262674967 290.879408518473 294.49204603831 302.819053332011 312.873621781667 313.450296719869 307.096640268962 298.851390679677 279.262602329254 279.091954231262 250.032047430674 209.095895290375 173.909664154053 150.046169757843 119.587997595469 114.468395709991 126.62802139918 161.843955516815 207.743843396505 235.061864058177 251.73024336497 261.87523206075 261.337578296661 246.853947639465 232.648273309072 265.987455844879 264.970640341441 297.260483105977
268.69535446167 270.252267519633 277.068416277568 282.508571942647 273.391624291738 264.450867970784 237.427691618601 216.112613677979 197.754879792531 191.431323687236 207.112391789754 223.007063070933 236.75396045049 250.630080699921 253.18976243337 256.437917550405 266.542057196299 279.285371303558 288.326799869537 283.318678538005 289.623002211253 279.66312567393 273.608485857646 279.381175835927 281.562368075053 276.41761302948 271.306832631429 255.806485811869 226.290623346965 169.097264607747 149.470269680023 146.981507539749 127.210120360057 97.2895522912343 89.1924202442169 106.960405906041 147.882282733917 187.335391839345 213.893870512644 228.13340028127 217.209537823995 195.330878098806 216.69590473175 285.308043162028 280.141294002533 299.683133761088
261.977970600128 266.257007916768 276.94833278656 279.879848162333 274.812797705332 266.077299912771 246.99064095815 239.979982376099 233.279804388682 218.570252259572 217.588365077972 235.0026567777 245.775024096171 261.377374331156 263.733367125193 261.280258496602 266.080637772878 277.788519859314 280.953129132589 283.003767331441 282.598912715912 271.668275197347 265.39808511734 268.464346726735 273.223598798116 271.401723225911 257.6930920283 247.273564338684 200.750887393951 177.922606468201 175.953984260559 191.943864027659 194.587667783101 162.268579006195 129.391610622406 115.363289912542 129.217237234116 154.463579257329 187.28369474411 211.069862047831 192.195574442546 183.451433976491 225.587964057922 273.919781049093 293.672144412994 307.970265547435
263.588766256968 266.146639982859 273.636341094971 278.176208337148 287.748396396637 276.62193775177 262.590567270915 255.945603052775 255.764464537303 249.836484591166 239.137848218282 252.873996893565 264.22389348348 275.123496850332 276.761889457703 269.838492075602 270.688156286875 270.694673061371 271.976788838704 284.39066807429 286.044438680013 280.614157517751 273.89387289683 269.330938657125 269.082963466644 270.646313826243 258.561372756958 248.414158821106 214.223563671112 208.442310492198 229.198018709819 253.190239270528 258.219718933105 266.259551048279 239.440778891246 157.311836878459 145.692745844523 155.180553595225 180.430988470713 203.312436739604 202.083786328634 233.696063359578 237.005194028219 251.815756162008 285.91787815094 296.241064866384
267.650246620178 264.066398143768 267.047027746836 275.471369425456 309.836169083913 288.786470890045 270.207126935323 257.860640684764 258.864978949229 265.288551648458 255.785743395487 257.579028606415 270.974258581797 280.132412910461 279.782017072042 276.638507843018 268.305619557699 270.56211233139 281.849344571431 286.960860093435 284.658273061117 276.354591051737 274.518330891927 275.528689225515 275.226056575775 272.768020629883 267.800768216451 259.756902853648 239.138424396515 238.105773925781 261.040647824605 275.567094484965 275.29521783193 289.000471433004 307.12886651357 236.316243807475 174.566606680552 160.53295135498 171.893119812012 199.071864287059 239.855070908864 288.671612739563 248.389422893524 242.369532585144 269.533216953278 277.581652005513
265.476226806641 256.679534912109 260.419408480326 281.863848368327 323.667883872986 289.354741573334 264.05002673467 252.146482467651 256.288945674896 262.441674868266 256.837507088979 257.129987080892 269.643565018972 277.898748715719 278.903226057688 278.993606567383 273.963967959086 271.750887235006 279.252092043559 279.315054416656 278.469125429789 273.555477460225 272.51789967219 278.198341528575 277.943174044291 274.41147963206 274.232506752014 267.502148946126 250.450352827708 246.814827124278 268.974304199219 286.416312058767 286.173562208811 284.907341003418 303.723812103271 298.048456509908 206.942101319631 150.121132532756 139.411022265752 178.464452425639 248.003760973612 272.531509399414 238.990426063538 218.877971172333 238.906502723694 250.67009528478
258.816401163737 248.825132846832 256.773312886556 292.21099615097 321.088631947835 285.736501216888 255.817135175069 238.081912199656 234.326998392741 237.243056297302 238.355040550232 244.112193584442 262.723724047343 274.552981058757 277.637283007304 281.537652015686 282.713611920675 269.224445025126 270.316402117411 272.372345129649 272.999823093414 274.872998396556 274.497071901957 278.610328833262 281.089266141256 278.013646602631 280.473967393239 273.015856742859 255.879600842794 255.440910657247 274.848659833272 292.458315690358 288.102587064107 285.067915916443 294.539014498393 310.571094353994 288.178443908691 211.819450060527 166.095445553462 176.096161206563 212.366282939911 227.464954058329 229.397396246592 198.750078678131 207.443157831828 230.178236961365
247.816304365794 257.252852121989 286.925156911214 332.817494869232 333.138624827067 291.142404079437 255.745927492777 226.4457543691 219.464838504791 230.536858240763 223.527848720551 225.029488404592 253.196616967519 272.674123446147 278.362115224202 284.226477146149 286.073009173075 277.389744917552 274.599591890971 276.805996894836 275.889913241069 277.788639068604 282.843589782715 281.810442606608 283.735076586405 286.766946315765 287.706653277079 281.911253929138 267.697850863139 267.531275749207 281.22611840566 293.444593747457 290.671149889628 291.260302066803 295.973817507426 298.971652984619 316.948195298513 320.466776688894 253.213544686635 206.476986408234 192.659854888916 186.184366544088 204.656104246775 200.404008229574 203.304608662923 230.043450991313
266.457279523214 293.702085812887 315.79601764679 323.132356007894 347.835620244344 326.511859893799 288.234988848368 250.976920127869 236.02169752121 248.80305926005 244.259715080261 226.024071375529 240.957299868266 270.804603894552 284.612695376078 287.584662437439 286.359508832296 284.284551938375 279.936691125234 278.460224469503 280.664722124736 285.712440808614 285.751760005951 286.409536997477 286.472201347351 293.136696020762 294.941584269206 294.554233551025 285.135328769684 282.190998395284 287.57248322169 292.125066121419 293.946961561839 298.876166343689 301.459411780039 290.838758150737 298.12228679657 331.256131331126 320.610900719961 257.983028888702 208.134353160858 186.150590578715 189.27123149236 202.908853689829 225.515166918437 252.818465232849
301.148951053619 312.953690687815 306.240141391754 299.325366814931 317.034304141998 334.9263270696 325.859347979228 297.771036624908 272.775908311208 273.308237393697 276.223758856456 253.093957901001 245.042681694031 266.04292790095 286.410967508952 287.994821866353 287.426670392354 291.134158770243 281.479934851329 280.051430066427 284.72630182902 287.981390953064 286.381304264069 285.283247629801 286.801914374034 295.873741308848 298.953215281169 301.283101240794 293.936630090078 288.413325945536 296.077529589335 300.357699394226 296.690980593363 298.350552717845 302.447418371836 291.94043080012 291.552007198334 308.284560839335 306.5584897995 277.442514896393 246.788541475932 210.516730944316 192.383209864298 198.73058795929 219.720164934794 251.249412695567
297.916690508525 293.151179949443 286.856333414714 276.234149932861 277.148187160492 296.633501847585 314.544161160787 309.345205624898 295.536041259766 295.803805192312 295.218269030253 280.10771671931 267.688552538554 275.014917055766 286.749621232351 288.894653320312 288.097163041433 288.182377815247 281.999309857686 284.69854593277 285.14168659846 284.908016522725 280.075351397196 280.524094899495 285.484155019124 291.838427384694 298.706471920013 300.62468846639 294.88750298818 294.413626194 300.997038682302 299.334724744161 288.618604342143 286.431690057119 289.747615655263 274.463971455892 272.128303845723 270.83565791448 260.420838991801 261.044939359029 271.749754746755 242.91068315506 216.489454110463 203.951915105184 205.143729845683 225.783109664917
293.185035387675 284.332056840261 290.310025215149 277.003347873688 269.535442193349 280.542691548665 304.786423842112 324.34336344401 316.862106323242 304.196417331696 294.220884641012 292.564749717712 293.65199804306 292.332073052724 291.663269201914 292.357007662455 288.618683815002 287.873486677806 286.382635434469 287.926097710927 283.316493034363 281.496107578278 280.017654101054 280.580361684163 284.116784731547 288.545866807302 294.525265693665 292.872687180837 292.125602563222 298.341075579325 300.947447617849 291.399677594503 276.373485724131 280.2614569664 278.142035007477 261.549611886342 262.822091579437 262.54145304362 266.274074713389 282.931208610535 283.950448036194 275.165398915609 251.840134461721 234.57141717275 216.1678870519 209.072550137838
311.501085758209 307.024280230204 315.78274567922 311.109662055969 301.40346288681 305.085082848867 320.384462674459 339.93935585022 331.15158478419 306.453824043274 294.116218884786 298.884510993958 310.196975866954 303.765515486399 299.175103505452 297.757526238759 297.37800359726 289.04797633489 288.968463738759 291.357040405273 287.379463513692 284.303724765778 284.842769304911 286.617437998454 285.269955794017 287.013530731201 288.545231024424 287.199437618256 290.068745613098 299.040277798971 299.205938975016 289.63307539622 278.113623460134 278.828203678131 270.003736019135 265.095949172974 270.316402117411 271.710554758708 281.898081302643 304.787755012512 272.372603416443 261.990785598755 251.807332038879 242.217342058818 224.63462750117 205.654541651408
332.314272721608 330.129365126292 332.545717557271 334.380189577738 325.774788856506 319.769700368245 324.779073397319 338.699062665304 333.691835403442 304.865578810374 295.484066009521 304.257869720459 313.957631587982 305.6653936704 298.221270243327 301.548421382904 302.80727148056 295.055190722148 296.836535135905 296.936313311259 295.095980167389 291.339774926503 288.415710131327 290.715575218201 287.825365861257 285.639643669128 287.354409694672 291.165788968404 294.07258828481 299.937824408213 299.000004927317 291.749854882558 280.650039513906 275.737822055817 266.045769055684 270.762821038564 276.557385921478 276.939610640208 279.707491397858 295.448084672292 259.934306144714 221.494833628337 206.182559331258 202.115416526794 199.4522412618 194.075226783752
341.294924418132 339.738686879476 337.17409769694 338.222146034241 332.082708676656 325.193504492442 323.324163754781 329.195280869802 334.187269210815 313.371936480204 310.103297233582 314.978758494059 314.517180124919 302.378932634989 296.988129615784 300.946990648905 308.07888507843 303.779125213623 299.799700578054 302.842020988464 299.660782019297 295.379757881165 291.00888967514 290.24213552475 290.896534919739 288.981874783834 288.589159647624 293.479442596436 296.094199021657 298.454860846202 300.756653149923 294.420719146729 283.481121063232 268.504977226257 259.154756863912 275.041520595551 284.411946932475 282.691895961761 273.740172386169 284.713387489319 259.050885836283 192.763010660807 164.322167634964 148.111482461294 151.476015647252 161.447395881017
340.237696965535 343.200206756592 343.764861424764 342.012961705526 339.143355687459 335.745652516683 331.03080590566 327.840646107992 330.249687035878 324.73345597585 327.072620391846 325.507998466492 309.634804725647 310.071309407552 305.313269297282 298.933545748393 307.763417561849 307.875315348307 303.020219008128 302.029013633728 299.208799997966 296.47696018219 292.104919751485 291.990598042806 292.507867018382 294.277389844259 293.649236361186 296.151598294576 297.123154004415 297.682325045268 300.417860349019 296.171506245931 279.392818609873 256.694575150808 264.812489350637 287.648876508077 290.555596351624 285.435875256856 269.119064013163 274.027248223623 287.543098131816 236.693660418193 178.020437558492 149.212837219238 142.953127622604 140.723178784053
326.992233594259 330.957055091858 331.129352251689 335.096836090088 340.801437695821 345.338106155396 347.161928812663 345.926682154338 344.673832257589 342.387318611145 333.523352940877 319.366017977397 313.669403394063 311.694900194804 307.613015174866 303.717772165934 306.597928206126 305.89751402537 298.144062360128 297.748307387034 299.836695194244 300.691405932109 298.67692788442 296.013633410136 291.947106520335 294.09646987915 295.886874198914 297.210693359375 299.934446811676 298.149963219961 298.619429270426 296.345710754395 273.963650067647 257.709125677745 281.111617883046 296.17977142334 291.900118192037 287.344932556152 274.334589640299 271.839420000712 303.642372290293 320.224344730377 262.754321098328 208.93007516861 168.719867865245 144.04692252477
