input/barkrak2/radiation/dir21424.grid
NCOLS 85 
NROWS 70 
XLLCORNER 665100 
YLLCORNER 4664600 
CELLSIZE 20 
NODATA_value -9999 
[rows 40 to 59 of 70, columns 0 to 45 of 85]
306.465784708659 307.088255882263 307.02006816864 309.027771155039 314.295291900635 317.665954430898 320.499002933502 323.366324106852 323.10559352239 313.970943291982 302.899797757467 298.948407173157 297.081053256989 293.487509091695 292.710781097412 291.963736216227 290.303707122803 290.169616540273 285.643736521403 283.930877844493 286.942899227142 292.361458142598 292.565941810608 288.263201713562 284.604767958323 282.273491223653 287.328561147054 288.103620211283 289.065639177958 287.774662176768 285.56098540624 282.900810241699 264.140427112579 263.270258903503 287.332912286123 287.071506182353 277.053554852804 274.242202440898 275.922298431396 268.954873085022 280.159910519918 313.253303368886 316.579461097717 261.244455973307 201.058765252431 162.919898827871
311.604062716166 309.646824995677 309.366504351298 309.808671474457 306.809941927592 305.288831392924 304.086367289225 305.379490057627 308.364987373352 302.770654360453 295.102794965108 296.555737654368 298.289020856221 298.703948656718 296.614289283752 293.902119000753 290.559232234955 295.388162136078 296.480695406596 291.689991950989 292.799949645996 292.857766151428 290.869077046712 291.444520155589 290.236572424571 285.465598106384 288.784861564636 290.024816989899 289.460817972819 289.960344632467 288.230359554291 284.012536207835 270.057559013367 274.934828281403 287.028114000956 277.018984158834 261.672794818878 259.081224600474 264.559706052144 271.709700425466 292.272349198659 305.547177791595 309.838076432546 293.263812859853 242.613991101583 197.842140992483
313.850998878479 311.531762282054 313.708742459615 312.4178647995 307.484209537506 305.515766143799 304.038723309835 302.55248149236 302.043159802755 298.773248990377 297.64328400294 296.566208203634 299.850265185038 301.796654860179 300.603985786438 298.672576745351 295.40612300237 300.216992696126 301.19256178538 295.176943143209 292.496959368388 288.844108581543 286.653876304626 287.492593129476 288.677096366882 285.189270973206 279.904723167419 283.260881900787 285.624543825785 286.858459313711 286.665439605713 281.386733055115 275.905509789785 283.003707726796 283.88903538386 265.067199865977 248.948971430461 253.024995326996 265.764673550924 278.983215490977 288.3220911026 287.578781445821 280.083298683167 274.515986442566 249.737501144409 198.499202728271
302.889128526052 305.033842722575 311.094919840495 308.621307214101 310.0266456604 311.355213324229 311.40132745107 308.166921138763 301.016867160797 299.236198266347 301.904002825419 299.441536267598 299.050589402517 302.39995320638 302.033682664235 299.160699049632 299.245238304138 301.462431748708 299.545069535573 296.218772729238 291.146814823151 286.592582861582 282.086690266927 282.550911108653 284.058213233948 286.148806413015 279.348572095235 280.496716499329 283.305704593658 283.736924330393 280.688126881917 274.905959765116 277.058859666189 282.713135083516 272.6837793986 250.088691711426 244.917492071788 257.939676443736 275.452454884847 279.643436272939 277.844150861104 273.354887962341 265.860040982564 256.377518177032 238.29984664917 203.457792599996
302.270293235779 306.68713649114 308.669686317444 308.229327201843 308.958689371745 310.607632001241 311.022321383158 307.864566644033 305.186947186788 302.7037580808 303.218523661296 301.73667271932 298.452258110046 297.872980435689 296.759565671285 296.087483565013 292.467474937439 297.111988067627 297.520379225413 294.78778441747 288.962086041768 288.148760795593 285.086691379547 284.616152445475 281.562010447184 287.831823031108 289.277613162994 284.314831097921 282.706737518311 280.1180879275 273.947238922119 270.300169785817 270.641009012858 269.057154655457 259.714961051941 246.458907922109 248.878955841064 264.800985654195 278.695484002431 274.77502822876 274.993141492208 266.401330629985 255.548715591431 245.668848355611 235.076646010081 216.442863146464
306.964874267578 309.48527654012 307.491262753805 309.566815694173 308.561742305756 308.146059513092 309.272984663645 308.543622493744 309.095958868663 306.392629941305 306.037863095601 304.874320824941 300.759216149648 297.661026318868 296.117822329203 298.157374064128 292.675375938416 294.349153836568 295.938432216644 293.896873792013 290.840208530426 287.85765171051 287.768522898356 285.765608151754 285.597920417786 282.530029614766 287.090361118317 284.686783949534 283.438205718994 278.929114341736 272.845109303792 268.257021903992 267.501711845398 261.473933855693 248.627662658691 237.167398134867 244.349757830302 262.617389361064 269.155124823252 260.169446468353 265.3994957606 257.022698720296 246.879776318868 248.145600159963 251.043279965719 232.642372449239
306.841373443604 307.967623074849 309.058864911397 310.221870740255 309.92724498113 309.382478396098 310.71259578069 311.963280042013 310.02547343572 308.810671170553 308.403333028158 307.130455970764 303.747713565826 300.62214533488 299.32043949763 301.119963328044 297.993977864583 292.574505011241 296.680490175883 293.39587688446 290.304064750671 289.953132470449 286.434292793274 280.357301235199 285.68289677302 280.299385388692 282.557050387065 281.206965446472 279.768367608388 277.505993843079 273.533125718435 270.958622296651 266.052027543386 258.151531219482 248.00032377243 238.939305146535 245.860437552134 258.494675159454 257.853825887044 258.329828580221 263.562043507894 252.899944782257 250.755310058594 258.618652820587 263.515512148539 246.693789958954
302.620510260264 304.426471392314 307.661016782125 308.501819769541 310.659786065419 311.954299608866 310.140232245127 309.792300065358 309.324324131012 311.487456162771 308.867255846659 305.610875288645 303.678572177887 302.720705668132 301.276465257009 298.279384771983 298.012793064117 289.102832476298 288.983027140299 293.092608451843 287.938912709554 285.477638244629 286.361277103424 279.025653998057 279.158691565196 278.781612714132 274.182260036469 276.402692000071 277.293264865875 276.36190255483 273.001631100972 272.137900193532 264.008720715841 262.73238658905 261.10037167867 251.791338125865 252.432147661845 255.935311317444 259.031295776367 267.390767733256 262.734651565552 254.837532838186 258.395314216614 261.149684588114 258.858879407247 246.08435233434
297.480682531993 299.962480862935 304.019252459208 305.683354536692 309.943040211995 312.079151471456 309.327483177185 307.603577772776 309.75341796875 311.385850111643 309.32229757309 305.813829104106 303.688168525696 304.481188456217 300.089478492737 295.466860135396 293.859521547953 283.798178037008 288.157840569814 289.170106252034 285.566171010335 283.742070198059 285.939792792002 281.306147575378 278.862754503886 281.433741251628 277.617613474528 279.414117336273 282.685955365499 283.172289530436 285.784999529521 283.437410990397 272.993683815002 273.308018843333 271.292169888814 259.506086508433 259.104172388713 262.031038602193 263.832847277323 265.675107638041 256.260255972544 251.627306143443 250.274221102397 245.536386966705 243.944843610128 243.312398592631
297.432005405426 294.938464959462 298.579156398773 303.706645965576 306.838730971018 308.138251304626 309.798618157705 311.709940433502 311.887800693512 308.914184570312 309.385180473328 308.413763840993 303.566575050354 301.978270212809 299.569288889567 293.792506059011 289.353887240092 286.274711290995 285.867472489675 289.733091990153 289.901991685232 288.297275702159 286.956787109375 283.436238765717 279.77466583252 282.65788157781 284.553587436676 285.404404004415 289.141496022542 290.869454542796 293.588856856028 290.683587392171 283.06919336319 282.090564568837 274.733980496724 263.895948727926 260.182023048401 265.120327472687 266.629199186961 255.61648607254 244.678974151611 247.255921363831 246.656775474548 240.693151950836 239.090899626414 243.708312511444
297.680417696635 299.401183923086 300.841768582662 304.877559343974 305.571178595225 305.105805397034 310.416698455811 312.03814347585 311.086853345235 310.872495174408 309.716502825419 307.406544685364 305.097222328186 297.821462154388 298.071583112081 297.36731449763 292.203644911448 285.831093788147 287.956754366557 292.640368143717 292.709151903788 290.002286434174 286.455988883972 284.468650817871 280.536373456319 284.906586011251 286.869963010152 286.77769502004 289.604763189952 293.991506099701 297.306756178538 294.801910718282 287.362734476725 281.039933363597 269.663592179616 260.382910569509 259.128272533417 264.771620432536 260.684887568156 245.251218477885 240.737875302633 252.242048581441 251.259366671244 244.07152334849 241.367081801097 237.682998180389
296.958327293396 303.773721059163 305.442233880361 306.471784909566 304.589211940765 302.226960659027 307.375530401866 310.115814208984 308.984537919362 309.575756390889 308.463215827942 305.524706840515 302.557587623596 299.22882715861 294.548730055491 300.405244032542 294.621109962463 287.227948506673 284.615774949392 287.825842698415 288.178126017253 288.289825121562 285.934567451477 282.271325588226 279.678126176198 280.519048372904 283.555885155996 283.641775449117 284.735639890035 288.927813371023 294.385850429535 294.307808081309 282.662034034729 269.107401371002 238.140006860097 228.165547053019 243.141035238902 255.894939104716 257.356206576029 256.429036458333 260.83892583847 259.26814476649 243.452509244283 236.359079678853 244.582136472066 233.14509789149
298.507332801819 296.648720900218 295.849919319153 296.71710729599 300.879200299581 304.218133290609 303.319354852041 304.207364718119 304.175694783529 305.754025777181 305.169264475505 305.109818776449 305.152356624603 300.130565961202 295.382718245188 296.49692773819 296.552399794261 287.218153476715 282.552440961202 282.426834106445 281.710207462311 281.819760799408 283.545553684235 278.289914131165 276.040514310201 275.582830111186 276.307066281637 276.580532391866 276.003738244375 276.931603749593 278.631528218587 281.583368778229 262.474715709686 235.990385214488 206.621706485748 192.948758602142 207.225918769836 234.052002429962 255.72814544042 257.265468438466 258.139948050181 249.351004759471 233.291169007619 233.913600444794 240.451574325562 215.390801429749
300.987184047699 291.516621907552 288.18674882253 292.639036973317 300.500114758809 302.920500437419 302.355647087097 302.591959635417 302.978674570719 301.442046960195 302.220404148102 304.250439008077 304.423848787944 303.141017754873 297.072092692057 294.890721638997 295.29337088267 286.612470944722 284.472048282623 283.338328202565 284.324069817861 281.083325544993 279.235680898031 275.27125676473 273.852090040843 272.137542565664 273.601909478505 273.438652356466 269.485374291738 265.962203343709 259.277244408925 255.136211713155 236.577371756236 213.192820549011 201.359589894613 191.713432470957 181.003709634145 191.100557645162 210.587700208028 234.746634960175 246.405720710754 235.947867234548 230.296095212301 230.431358019511 221.31488720576 200.76181491216
300.73074499766 295.359671115875 291.174829006195 290.098448594411 296.560664971669 303.204317887624 304.207066694895 301.017165184021 302.539706230164 301.433841387431 302.600800991058 304.098864396413 304.118414719899 303.533355394999 297.179261843363 297.766407330831 297.190725803375 290.032029151917 285.031835238139 286.219239234924 288.203676541646 284.303625424703 281.54315551122 279.75062529246 276.008387406667 274.925967057546 275.179266929626 270.29812335968 266.690830389659 261.755625406901 251.94776058197 247.224013010661 229.124049345652 218.432863553365 220.978995164235 220.110535621643 206.519484519958 194.256107012431 184.701959292094 196.346561113993 218.505124251048 214.860916137695 207.129200299581 197.988569736481 194.234251976013 191.326896349589
302.234490712484 298.643052577972 291.013399759928 286.126891771952 291.76139831543 300.153195858002 301.591396331787 300.970713297526 300.377110640208 301.692326863607 305.816610654195 305.349508921305 303.526878356934 302.456955115 299.549996852875 297.744154930115 297.419925530752 294.364889462789 288.899958133698 287.054002285004 285.391747951508 285.386284192403 284.799098968506 284.825285275777 280.808389186859 278.569956620534 273.67381254832 268.823365370433 262.299756209056 258.254150549571 256.113827228546 252.918561299642 236.51111125946 234.496235847473 239.733457565308 245.570341746012 250.391622384389 241.956412792206 224.00156656901 192.296048005422 193.811972935994 202.10462808609 199.725409348806 194.233457247416 198.724369208018 209.071695804596
300.888339678446 298.839092254639 296.350677808126 289.059519767761 288.056115309397 296.597599983215 300.282855828603 299.474497636159 296.495536963145 300.861398379008 305.329044659932 305.068135261536 303.294936815898 303.048094113668 302.245517571767 297.076265017192 297.888060410817 295.200030008952 290.778855482737 289.329171180725 287.767151991526 288.238883018494 282.267212867737 282.973090807597 280.791958173116 277.217010656993 261.368374029795 239.480872948964 236.691574255625 240.663329760234 248.353163401286 244.510928789775 235.919853051504 234.016478061676 243.546624978383 256.106158097585 270.141979058584 275.692264238993 267.221391201019 228.030383586884 199.605027834574 207.815110683441 218.712747097015 227.663437525431 235.895911852519 242.836972077688
300.326506296794 297.135551770528 297.794282436371 294.138630231221 287.763973077138 291.098872820536 298.331419626872 300.001422564189 295.995553334554 298.156360785166 303.784092267354 304.688036441803 302.179296811422 301.513950030009 301.520387331645 296.274065971375 295.906543731689 292.647004127502 291.289925575256 291.306535402934 290.848632653554 289.404988288879 287.629346052806 279.968798160553 279.085318247477 280.450622240702 262.987414995829 241.509954134623 239.869236946106 243.101139863332 251.652995745341 248.144547144572 244.583507378896 247.060000896454 260.138809680939 267.071922620138 271.091461181641 247.803648312887 223.694900671641 216.455340385437 224.246799945831 236.350953578949 232.416232426961 223.013599713643 220.299939314524 233.056386311849
292.370577653249 295.846104621887 295.711994171143 294.178267319997 289.873798688253 287.296295166016 297.464430332184 300.232986609141 297.139704227448 294.210970401764 301.057616869609 303.640266259511 301.333208878835 298.648416996002 298.551658789317 296.841820081075 292.600790659587 292.077124118805 292.855580647786 291.068454583486 293.404459953308 290.079017480214 288.30087184906 283.078610897064 279.684662818909 281.817475954692 277.28529771169 272.229731082916 270.114203294118 269.734581311544 265.139440695445 256.176690260569 257.598181565603 258.479038874308 255.095144112905 238.969763120015 216.680705547333 181.932826836904 161.901026964188 198.27655951182 237.055361270905 244.05711889267 226.628184318542 218.474606672923 224.725564320882 236.838638782501
281.528691450755 292.417148749034 292.221705118815 290.199319521586 289.336800575256 286.799649397532 291.86624288559 299.27517970403 302.123129367828 296.977718671163 298.581083615621 301.812171936035 301.440437634786 299.443920453389 297.950069109599 295.587758223216 292.206704616547 289.614776770274 286.697924137115 284.948666890462 286.127050717672 284.897605578105 283.706823984782 284.066041310628 282.06596771876 287.026246388753 290.836075941722 294.491171836853 279.660801092784 277.140239874522 266.259411970774 252.949515978495 251.698752244314 237.622221310933 204.925258954366 181.272069613139 169.753273328145 157.550702492396 148.680587609609 167.802691459656 195.36813100179 219.396710395813 227.520128091176 242.749253908793 271.325647830963 278.300344944
