input/barkrak2/radiation/dir29624.grid
NCOLS 85 
NROWS 70 
XLLCORNER 665100 
YLLCORNER 4664600 
CELLSIZE 20 
NODATA_value -9999 
[rows 21 to 41 of 70, columns 0 to 48 of 85]
42.7963236967723 31.0478781660398 20.1576985418797 30.1021908720334 27.7158046762149 10.0150207678477 12.6847463349501 23.5680242379506 28.7470792730649 30.5646111567815 32.2754929463069 32.9635292291641 35.104346772035 32.3295841614405 39.3342847625415 50.654004017512 63.9311869939168 74.5586852232615 83.9553078015645 97.2659687201182 107.571979363759 120.272070169449 125.879337390264 125.444183746974 119.359562794367 107.491811116536 100.163509448369 92.5064086914062 98.2119838396708 93.961884578069 70.6936021645864 49.2540498574575 33.1719815731049 19.3906389176846 5.17718742291133 1.27394846640527 3.86332192768653 13.1479427218437 19.7814032435417 23.1299276153247 36.0703021287918 46.2363560994466 43.1849857171377 40.7129799326261 60.775284965833 70.1467345158259 75.1651525497437 82.1108321348826 84.0458273887634
80.7529836893082 74.5721260706584 51.6545275847117 47.1078008413315 42.5924112399419 22.2581773996353 30.24988869826 29.0410965681076 18.0406793951988 28.5502175490061 33.4653779864311 35.4248136281967 38.7056271235148 39.0751957893372 41.0261228680611 47.9012827078501 59.1243058443069 69.373036424319 76.8785973389943 79.8838436603546 85.9969258308411 103.517721096675 114.380935827891 119.836022456487 119.678328434626 112.421790758769 101.761639118195 96.0282981395721 86.759606997172 68.3882882197698 50.1435200373332 24.404264986515 7.84914754331112 0.664278088758389 0.00480547078041127 0.117887529389312 0.464516730668644 2.10636450598637 5.75047917664051 2.64520136018594 15.8888796965281 15.9480000535647 28.2557035485903 21.6181253393491 41.1988546450933 65.8667236566544 70.0285832087199 74.2929627497991 79.2959630489349
115.915238857269 105.067193508148 70.6018507480621 53.349976738294 47.3111321528753 46.9394028186798 42.6385005315145 31.9060484568278 17.9939692219098 25.5154718955358 34.8289534449577 38.0670751134555 42.9579466581345 50.7121582825979 47.8724141915639 49.8370329538981 57.4615101019541 68.6427255471547 75.2626806497574 67.556565006574 67.1067386865616 71.2031672398249 86.1894289652507 96.7562794685364 104.71373796463 105.171104272207 96.2836345036824 92.2315319379171 69.7361479202906 32.5697213411331 26.154118279616 15.8065197368463 0.606542259144286 0 0 0 0 0 0 0 0 0 0 30.0141101082166 44.4675634304682 58.5284680128098 66.5911535422007 71.7043628295263 76.0217656691869
115.149587392807 111.100604136785 88.0978802839915 58.4393491347631 39.4850770632426 46.254833539327 42.1002407868703 37.7658853928248 31.7751864592234 29.5113200942675 32.1624949574471 35.3024080395699 39.431519806385 46.977624297142 48.2068161169688 49.0283519029617 55.0523698329926 65.2860502401988 73.1832285722097 66.3709342479706 64.9728824694951 61.8420789639155 71.989893913269 80.1886220773061 85.6442550818125 87.9411101341248 82.0622692505519 71.7886835336685 57.7676941951116 25.4502842823664 18.9084410667419 16.4199247956276 3.59229433039824 0 0 0 0 0 0 0 0 0 0.1681661621357 52.6897410551707 55.4681072632472 58.4314962228139 60.2144052584966 67.8238968054454 71.2139209111532
101.171980301539 106.177479028702 99.3728439013163 68.013588587443 40.4023875792821 46.2194780508677 52.2034515937169 60.1954360802968 57.1408122777939 48.4005361795425 40.8119906981786 45.6221699714661 48.5978821913401 55.1346093416214 56.8614155054092 51.6652812560399 54.2080899079641 64.6417041619619 73.835755387942 77.3335993289948 77.9867023229599 74.4388898213704 70.9142833948135 70.3378667434057 74.4846363862356 77.0137856403987 70.697546005249 69.9773629506429 42.2311127185822 37.1792763471603 36.1248056093852 41.9155309597651 34.9076936642329 0.429149251431227 0 0 0 0 0 0 0 0 8.79448155562083 61.7287854353587 63.704381386439 63.8447105884552 63.7315462032954 66.5592004855474 69.4681654373805
99.9548633893331 105.517049630483 103.688259919484 77.9346376657486 55.6472639242808 63.2335444291433 74.2716292540232 83.5742652416229 87.9892408847809 80.7702541351318 61.8045528729757 65.7523920138677 62.9441440105438 69.0994660059611 67.7767743666967 60.8332902193069 56.6103408734004 69.0701802571615 76.8677294254303 89.4084572792053 90.756098429362 87.1806343396505 79.4530163208644 72.6049443085988 74.1364409526189 76.6574045022329 70.852925380071 76.2216498454412 68.7582592169444 68.1225458780925 75.7358719905217 97.0158676306407 106.22575879097 85.3452185789744 8.98207413653533 1.33136939257383 0.955348368734121 0.370935498115917 0 0 0 5.61914965510368 39.6852840979894 55.6896279255549 46.2210128704707 37.6565605401993 48.1710334618886 57.2203497091929 58.7672094504038
101.838231086731 100.417921940486 100.80956419309 84.038237730662 84.549754858017 86.884339650472 95.8399474620819 96.8865354855855 99.4671781857808 94.0367579460144 74.6065378189087 69.4793214400609 68.2081480820974 70.7035958766937 72.2779432932536 70.6004699071248 64.707746108373 73.3169714609782 86.0868394374847 91.6042228539785 90.3959770997365 80.8990250031153 79.4403403997421 80.4757376511892 81.4378410577774 81.042155623436 79.1051685810089 87.6688758532206 102.567106485367 108.228544394175 115.429878234863 123.655011256536 134.062747160594 140.997668107351 102.098077535629 16.5894826253255 2.3055556230247 1.02646113373339 0 0 3.50905333956083 51.6384392976761 55.8094183603923 26.1545106768608 25.245413184166 27.9472892483075 24.1414979100227 28.9192497730255 36.4131803313891
104.749470949173 92.6482876141866 93.7141577402751 87.9501005013784 105.299363533656 100.597282250722 97.6644555727641 91.2200013796488 87.1496399243673 79.0573457876841 68.5765892267227 63.1564557552338 66.4780040582021 66.9728368520737 77.2452503442764 78.7395884593328 73.4978218873342 70.0497478246689 82.9653888940811 85.2298339207967 83.3262701829274 76.1466026306152 76.8439918756485 83.6688379446665 86.9728128115336 82.6002856095632 84.6502880255381 89.4728799661001 111.644417047501 125.089744726817 135.195622841517 143.872360388438 148.473640282949 150.795718034108 148.627817630768 72.862297296524 0.937856345747908 0 0 0 15.2996679147085 41.2294343113899 30.239649116993 11.6265701750914 11.2705814341704 12.2122789422671 14.4289309779803 20.6517005960147 29.3029993772507
105.179299910863 86.3139629364014 87.5208775202433 94.7851936022441 105.172028144201 99.3698239326477 83.7399363517761 65.7424579064051 54.1573713223139 47.8904296954473 47.2368498643239 52.0256857077281 61.2149586280187 67.4962749083837 78.2663027445475 85.0031971931458 80.8108896017075 67.3774580160777 72.8862037261327 76.1964619159698 76.0437945524852 76.539268096288 77.498992284139 83.7700466314952 90.4144446055094 86.9370102882385 90.1539623737335 90.6935433546702 106.305142243703 129.22865152359 147.058755159378 155.539304018021 153.435975313187 157.345712184906 168.3629155159 151.951342821121 63.9102756977081 2.6495528096954 1.37779535725713 2.36650602892041 5.95223344862461 3.45699675381184 14.095979432265 3.90958786010742 2.87530602266391 4.34516618649165 10.5278827250004 18.2904303073883 23.9520122607549
102.635244528453 104.508380095164 128.260771433512 164.091696341832 137.003640333811 105.570246775945 73.9038288593292 48.8074570894241 37.182629108429 40.8627341190974 37.7104729413986 37.6194392641385 57.8438540299734 67.8776204586029 82.5603306293488 90.1890993118286 87.5465174516042 74.9015808105469 74.5011021693548 77.8971115748088 75.7900575796763 80.0221115350723 83.0312172571818 85.4992270469666 92.7937626838684 97.4765419960022 96.3574846585592 97.7187554041545 109.951327244441 134.906659523646 156.216194232305 161.927352348963 158.005634943644 165.732224782308 177.264928817749 182.185113430023 160.111457109451 99.7366607189178 30.447947482268 9.75068596502145 3.59489054729541 1.74671023463209 7.65197599927584 2.98334223528703 1.91605929285288 5.27464722593625 12.2676976025105 17.6799632608891 19.4132986168067
116.828332344691 152.885148922602 201.810717582703 223.091840744019 203.298211097717 149.015635251999 97.5168645381927 63.4426424900691 54.8665622870127 59.111883242925 51.9214322169622 42.848656574885 55.7710230350494 66.2114322185516 87.1799091498057 93.8065548737844 89.766929546992 84.156334400177 77.642892797788 79.3518225351969 80.2650600671768 82.9013834396998 87.0818893114726 87.7043604850769 93.0571953455607 106.468697388967 107.606788476308 114.144106705983 121.947526931763 138.789117336273 156.359414259593 164.742996295293 168.044527371724 174.833873907725 181.079824765523 180.235326290131 175.222138563792 165.543337663015 96.9640016555786 27.3234397172928 7.63415731489658 2.01982290794452 0 3.80519187698762 5.44130367537339 5.88724948465824 6.59659691154957 0 0
179.343104362488 215.433577696482 238.780836264292 240.320881207784 239.875634511312 212.018847465515 169.244666894277 127.907494703929 102.039833863576 91.515064239502 86.5812003612518 72.0925082763036 58.324009180069 63.4709894657135 89.0668034553528 95.1229135195414 88.3485078811646 90.4767115910848 79.4710417588552 77.7722050746282 82.3771407206853 83.5408568382263 85.7698818047841 86.5596334139506 92.5236741701762 107.107232014338 114.555497964223 122.399389743805 130.755066871643 139.411975940069 152.568896611532 165.585199991862 164.482136567434 164.040267467499 165.973087151845 155.319313208262 156.682302554448 143.86197924614 97.4281032880147 45.5864568551381 17.8761184215546 13.2978881398837 4.62193880230188 3.71355128784974 3.00076293448607 0 1.85811379924417 0 0
228.593071301778 245.007375876109 246.947089831034 245.30835946401 247.685134410858 245.06801366806 221.148689587911 179.26949262619 140.088508526484 118.311454852422 118.193328380585 103.496352831523 78.4028917551041 73.9875386158625 84.5177173614502 90.0904635588328 83.819717168808 85.3885213534037 79.0755897760391 80.8130999406179 78.4870783487956 79.582820336024 80.6819200515747 81.0251732667287 89.1222357749939 100.462953249613 112.482210000356 117.822587490082 127.74063150088 140.148669481277 152.224351962407 154.216080904007 144.554634888967 133.20130109787 135.855933030446 119.382937749227 119.986474514008 104.67267036438 67.371075352033 32.8159605463346 34.6083293358485 23.4928876161575 10.7295587658882 4.37276003261407 1.98365282267332 0 0 0 0
241.003175576528 246.84468905131 244.562844435374 245.825966199239 246.138274669647 246.168633302053 240.188241004944 208.294252554576 160.991698503494 128.465910752614 126.61741177241 123.679180939992 106.643031040827 88.5498722394307 84.7017665704091 88.628629843394 82.0312649011612 78.2001316547394 79.0786345799764 82.9575310150782 77.5838991006215 76.2725919485092 79.4208149115245 80.5208186308543 85.9618087609609 93.6322013537089 104.034652312597 105.988442897797 116.214732329051 135.026355584462 144.097328186035 141.33741458257 133.910417556763 127.403537432353 119.411985079447 104.28108771642 108.509431282679 105.603237946828 85.5720738569895 49.9949604272842 42.7492360273997 42.0022408167521 23.0968420704206 6.88374911745389 0 0 0 0 0
234.876890977224 238.115668296814 235.550105571747 235.479136308034 235.893805821737 232.173283894857 228.375613689423 211.690107981364 167.835871378581 139.501919349035 131.336987018585 128.267129262288 121.051778395971 98.5499819119771 88.8547201951345 93.8853621482849 85.9851936499278 76.2297809123993 81.9820413986842 82.8303396701813 81.3274631897608 77.058345079422 80.6903541088104 86.0734581947327 84.2155118783315 90.9696122010549 96.0665146509806 97.6656476656596 105.950395266215 125.758280356725 136.215547720591 134.815474351247 136.226495107015 137.2349858284 118.037521839142 111.098488171895 115.892708301544 122.951616843541 118.118822574615 78.3762534459432 35.580908258756 32.0363566279411 0 0 0 0 0 0 0
214.132686456045 217.537403106689 219.493468602498 215.433478355408 215.540746847788 213.189601898193 217.309097448985 213.319659233093 179.85612154007 146.749675273895 129.413455724716 122.619112332662 116.717467705409 97.6803700129191 85.7565104961395 94.422588745753 95.6710775693258 81.8401326735814 84.0329031149546 88.2547199726105 87.1593356132507 83.2637697458267 83.4094087282817 88.3001784483592 85.9583814938863 87.4780217806498 94.2792296409607 102.047592401505 106.146037578583 120.401511589686 133.781135082245 137.405971686045 137.547791004181 141.151746114095 121.4666167895 122.000058492025 122.441550095876 130.996952454249 130.810528993607 91.9554928938548 21.589790781339 0 0 0 0 0 0 0 0
193.202475706736 201.310276985168 211.936970551809 207.960506280263 207.540392875671 212.212761243184 220.658401648204 222.531239191691 198.600669701894 161.034127076467 134.560247262319 115.861793359121 103.285988171895 92.236856619517 82.2023550669352 88.3496105670929 99.81769323349 91.5205776691437 87.5975787639618 90.6100471814473 90.7706618309021 87.4904990196228 84.411084651947 86.408257484436 88.8496438662211 88.0737602710724 92.7169819672902 103.420476118724 107.276340325673 113.548129796982 127.602656682332 139.042854309082 140.177408854167 131.326993306478 116.921494404475 131.464640299479 135.983328024546 139.448513587316 137.948403755824 112.180382013321 17.7729092538357 0 0 0 0 0 0 0 0
156.225681304932 166.705469290415 175.898512204488 181.320428848267 188.786625862122 204.031268755595 215.746601422628 222.968180974325 212.951481342316 180.040121078491 147.946357727051 118.285675843557 100.728422403336 98.446915547053 89.0906552473704 82.675168911616 94.5044954617818 95.3492919603984 88.0385438601176 87.6217881838481 89.5092686017354 86.0951940218608 82.4723492066066 83.7319791316986 87.0064198970795 92.3951466878255 92.1023587385813 99.0363458792369 105.505804220835 107.98916220665 118.652840455373 134.458204110463 136.999348799388 118.164241313934 121.217787265778 143.410742282867 147.660493850708 144.387930631638 142.329186201096 137.957354386648 80.3764015436172 4.78525646030903 0 0 0 0 0 0 0
119.977603356044 126.601010560989 125.479727983475 136.495649814606 152.395824591319 170.420944690704 185.471733411153 196.03153069814 193.983713785807 170.17791668574 135.75671116511 110.748708248138 96.7962543169657 95.4906145731608 91.1143322785695 84.5676064491272 90.5954639116923 90.8674895763397 83.1450869639715 83.8790933291117 87.3927970727285 90.1881257692973 88.4697337945302 85.1102769374847 84.0979516506195 87.8385702768962 93.6586658159892 98.2282757759094 103.234420220057 105.380376180013 109.465698401133 122.619241476059 128.188331921895 121.384620666504 145.475486914317 157.237350940704 153.454194466273 146.040419737498 148.575166861216 161.438624064128 156.142254670461 90.2523199717204 17.9364321132501 1.51813061287006 0 0 0 0 0
108.08934768041 110.572328170141 109.838962554932 111.993491649628 121.006866296132 126.873821020126 131.053149700165 136.079341173172 136.041084925334 118.471384048462 102.134048938751 98.3681380748749 96.3189502557119 92.5087332725525 91.1067128181458 90.6039973100026 89.5572304725647 88.9820257822673 84.2006802558899 82.9323629538218 87.3115758101145 92.7391250928243 94.0967698891958 90.9280975659688 87.2249801953634 85.3737890720367 95.1254069805145 99.9533236026764 103.490948677063 103.856851657232 107.672731081645 115.663588047028 121.422906716665 131.626586119334 155.832956234614 155.55798014005 145.532548427582 134.261866410573 137.370695670446 153.682808081309 166.187028090159 160.496741533279 103.860835234324 29.7527263561885 2.49508690709869 0 0 0 0
116.714159647624 114.426096280416 114.687542120616 113.413939873377 109.937091668447 107.491016387939 105.216125647227 106.688449780146 110.990941524506 101.677656173706 94.1141843795776 95.0100024541219 98.8949735959371 98.3509421348572 95.9375500679016 93.0078725020091 88.7172023455302 95.9595839182536 95.833698908488 91.5464460849762 93.6440030733744 94.3615237871806 92.9045081138611 94.8094129562378 95.6375102202098 90.4255310694377 95.747172832489 101.258794466654 103.550990422567 105.166643857956 109.353433052699 113.002220789591 120.045572519302 138.612776994705 149.66489871343 142.862925926844 128.109494845072 117.211947838465 114.301333824794 127.278258403142 159.297893444697 166.834950447083 140.95272620519 75.3637850284576 15.2224563062191 0 0 0 0
