input/barkrak2/radiation/dir23224.grid
NCOLS 85 
NROWS 70 
XLLCORNER 665100 
YLLCORNER 4664600 
CELLSIZE 20 
NODATA_value -9999 
[rows 0 to 19 of 70, columns 0 to 45 of 85]
290.467619895935002 298.418680826823 306.384940942128 314.694623152415 315.984527269999 314.494729042053 307.324210802714 301.36509736379 304.57083384196 304.996271928151 303.096771240234 307.502488295237 309.557537237803 309.828658898671 311.901370684306 309.285481770833 302.039424578349 294.367790222168 293.671349684397 281.957825024923 265.854239463806 270.524819691976 292.672832806905 300.35396416982 299.227933088938 302.488287289937 301.586310068766 289.09432888031 271.40877644221 266.770422458649 264.687240123749 277.025063832601 302.774846553802 300.673762957255 305.172801017761 295.882264773051 298.009713490804 307.377854983012 297.670682271322 305.054386456807 294.230500857035 286.382257938385 295.024911562602 307.470917701721 308.446029822032 304.424385229747
271.49893840154 284.636596838633 295.28013865153 306.891878445943 312.399645646413 311.821301778158 305.243869622548 300.456623236338 306.313196818034 307.064274946849 302.258173624674 305.17981449763 309.973875681559 310.887932777405 310.658653577169 309.970537821452 307.60133266449 301.981826623281 298.304438591003 286.658545335134 279.756665229797 285.101771354675 297.817866007487 302.713513374329 303.214013576508 302.836994330088 300.835768381755 291.24120871226 274.678349494934 267.638266086578 268.382827440898 287.629326184591 301.2668689092 301.193614800771 305.56317170461 296.513934930166 296.63477341334 301.863928635915 296.575287977854 306.377053260803 302.332778771718 294.146180152893 297.456860542297 307.578186194102 309.993704160055 306.443095207214
241.43914381663 251.551906267802 262.282570203145 272.784113883972 283.979296684265 290.423989295959 294.999321301778 300.343453884125 304.108341534932 302.28062470754 297.762592633565 300.328354040782 309.439182281494 313.023130098979 309.837281703949 313.708345095317 317.332804203033 314.867973327637 307.313978672028 300.050417582194 300.981462001801 301.481286684672 300.915499528249 301.342864831289 304.452359676361 304.711143175761 298.336704572042 289.636353651683 277.505040168762 270.213762919108 273.241360982259 294.165511926015 294.066210587819 297.897656758626 305.086294809977 299.29506778717 292.337954044342 289.884308973948 295.395175615946 306.43101533254 303.715586662292 298.066298166911 294.69883441925 303.081790606181 313.453952471415 311.041613419851
224.513272444407 226.146499315898 233.674844106038 239.028910795848 246.15478515625 250.903268655141 256.74957036972 268.957078456879 283.997217814128 294.426321983337 299.032588799794 305.695315202077 312.427421410878 314.73441918691 313.275913397471 313.067436218262 313.831269741058 311.128834883372 306.994001070658 304.153482119242 302.698930104574 300.638834635417 305.018206437429 304.937839508057 304.043650627136 305.732528368632 301.069835821788 293.726702531179 287.416517734528 282.069643338521 277.324080467224 296.390692392985 293.621440728505 296.827057997386 299.604574839274 300.955732663472 297.542850176493 296.248435974121 305.586278438568 308.343132336934 301.267902056376 292.040626207987 288.043240706126 299.683888753255 313.420136769613 312.073926130931
244.076689084371 229.58234945933 218.122045199076 210.48492193222 213.199198246002 228.376825650533 246.949632962545 256.109674771627 264.835079511007 270.890990893046 286.459346612294 301.517128944397 309.816141923269 313.532094160716 315.085033575694 315.34206867218 311.121682325999 303.374926249186 302.236358324687 304.142534732819 301.199376583099 299.983859062195 307.411233584086 306.777040163676 305.218577384949 307.689726352692 304.075558980306 297.022223472595 290.774881839752 286.901692549388 290.063162644704 303.086698055267 299.194971720378 301.263610521952 297.674298286438 299.704194068909 306.12579981486 308.164755503337 309.779206911723 308.513005574544 305.892427762349 300.037920475006 297.539452711741 299.957493940989 304.739197095235 309.19885635376
281.42774105072 258.88995329539 234.703719615936 213.26736609141 205.183883508046 215.910712877909 238.368193308512 253.349324067434 256.774008274078 256.858547528585 265.933314959208 277.326206366221 285.14963388443 289.589365323385 295.566181341807 300.053556760152 298.022965590159 295.842587947845 298.725763956706 303.438504536947 303.460597991943 306.740343570709 311.433752377828 309.432665506999 308.561762173971 310.148199399312 306.561728318532 300.574898719788 293.69596640269 290.210366249084 297.713756561279 304.693122704824 306.245863437653 308.962126572927 303.486227989197 300.822456677755 305.811524391174 308.148642381032 306.210935115814 306.135435899099 306.588331858317 302.845478057861 301.994860172272 302.440762519836 297.061661879222 288.389623165131
298.860112826029 280.069669087728 263.297935326894 245.043476422628 226.083159446716 214.274883270264 221.613208452861 247.100651264191 258.809804916382 265.836318333944 263.401627540588 258.87135664622 255.186518033346 251.924296220144 253.262360890706 266.402085622152 275.966763496399 288.981239000956 300.172011057536 307.000855604808 307.582179705302 306.502302487691 310.262481371562 310.341676076253 310.293833414714 311.785002549489 310.233275095622 306.311011314392 300.756553808848 299.635291099548 303.639570871989 309.174319108327 315.529783566793 317.124565442403 313.462674617767 307.163457075755 305.888175964355 305.679321289062 305.698712666829 307.538946469625 304.911017417908 301.484525203705 302.12265253067 300.496776898702 284.699340661367 278.169373671214
302.755137284597 296.661694844564 289.11030292511 276.630659898122 257.575571537018 230.60405254364 210.813105106354 211.243589719137 242.446660995483 263.866543769836 270.290156205495 266.777515411377 259.243567784627 250.976800918579 239.910741647085 243.105391661326 253.411988417308 267.339805761973 285.942713419596 299.671868483226 305.454134941101 306.269268194834 309.834798177083 310.103793938955 309.33145682017 310.462216536204 310.074965159098 308.192253112793 304.710586865743 307.140151659648 311.089297135671 313.838680585225 317.262331644694 316.930452982585 313.515146573385 309.213836987813 307.011286417643 302.447537581126 296.217719713847 293.184121449788 297.550717989604 304.256717363993 311.503668626149 309.685111045837 296.795904636383 288.526316483815
296.984136104584 297.55973815918 295.171002546946 289.609173933665 279.391507307688 261.13756497701 234.60857073466 208.048224449158 220.637698968252 242.119173208872 258.829692999522 266.4901415507 267.744739850362 265.583356221517 256.159802277883 249.959290027618 247.596939404806 250.808914502462 263.446271419525 278.0775030454 290.322522322337 298.734188079834 302.656233310699 300.073146820068 301.304817199707 303.041557470957 304.017961025238 303.643663724263 303.295969963074 308.730880419413 312.234997749329 311.755975087484 311.972518761953 312.522828578949 310.462156931559 309.582491715749 307.164072990417 300.597409407298 289.994120597839 290.065983931224 304.885963598887 314.151962598165 316.311518351237 312.43222951889 303.133845329285 295.837124188741
274.857302506765 282.648762067159 286.577542622884 286.646624406179 284.380376338959 281.948149204254 269.444406032562 252.942681312561 224.751770496368 216.148058573405 229.049464066823 250.92081228892 269.147177537282 277.42067972819 278.952240943909 272.396286328634 259.64742898941 255.287329355876 253.799637158712 256.812453269958 264.458119869232 270.755350589752 277.626772721608 282.821873823802 288.69088490804 291.355927785238 292.859117190043 292.839904626211 293.79940032959 298.866589864095 300.085425376892 300.571660200755 305.443127950033 308.849533398946 308.96657705307 306.724707285563 304.299255212148 302.490929762522 290.61237970988 293.693482875824 310.082077980042 315.006256103516 314.067403475444 310.853580633799 300.466100374858 293.551961580912
229.937434196472 242.560704549154 253.67526213328 262.646873792013 270.707130432129 277.305026849111 279.317160447439 275.111416975657 251.634955406189 228.324731190999 215.057591597239 222.521364688873 246.797800064087 268.795430660248 280.815819899241 272.864242394765 266.556819279989 260.915080706279 254.01508808136 248.293896516164 248.592257499695 248.707056045532 251.870214939117 263.158679008484 273.449043432872 279.535412788391 281.295677026113 281.304836273193 285.701016585032 289.871692657471 292.157451311747 295.074721177419 302.299439907074 305.269757906596 303.820967674255 302.530447642008 304.481148719788 307.015220324198 301.549434661865 302.857557932536 310.694853464762 314.546048641205 314.394692579905 312.888344128927 305.879791577657 301.708181699117
190.15888373057 195.338527361552 203.648567199707 215.594013532003 230.74342807134 245.979924996694 262.476801872253 267.48518149058 268.32644144694 256.549934546153 233.025133609772 214.260578155518 216.800312201182 237.676620483398 261.521319548289 264.126678307851 270.035942395528 267.532308896383 259.229779243469 249.968647956848 243.954877058665 240.665932496389 240.810573101044 249.086479345957 256.683687369029 261.573811372121 264.057119687398 267.835776011149 273.266792297363 277.288019657135 281.145373980204 285.951455434163 291.345715522766 293.715953826904 293.3123310407 293.58301560084 300.488849480947 307.331760724386 308.664580186208 310.480813185374 312.981983025869 315.551241238912 314.891457557678 312.797029813131 308.163364728292 306.23471736908
178.8303454717 174.088021119436 171.811441580454 171.796242396037 179.481565952301 195.758461952209 219.963173071543 240.328987439473 266.185641288757 270.246624946594 259.793063004812 238.45366636912 212.247172991435 210.071603457133 232.103864351908 256.30126396815 269.44903532664 271.736900011698 267.646590868632 259.876529375712 252.032399177551 251.187523206075 250.755647818247 250.93138217926 251.203954219818 250.462810198466 254.335165023804 262.222727139791 265.36762714386 266.613523165385 271.086533864339 275.436143080393 277.147809664408 278.682112693787 280.609250068665 284.810920556386 293.600042661031 302.045186360677 303.429881731669 307.923376560211 309.666156768799 310.092568397522 309.312184651693 309.435685475667 304.251412550608 303.046325842539
172.237237294515 142.177005608877 125.865568717321 120.097766319911 117.965439955393 125.40610631307 144.078522920609 181.726654370626 219.224731127421 251.88668568929 267.843246459961 267.804503440857 251.465896765391 226.87425216039 224.223673343658 248.087922732035 263.111472129822 274.16197458903 279.199381669362 275.975505510966 266.341288884481 263.432403405507 260.490993658702 260.256807009379 259.23091173172 257.206281026204 260.028521219889 267.55021015803 267.012596130371 261.505802472432 266.437947750092 270.579755306244 272.154271602631 272.492051124573 275.540868441264 281.665325164795 286.158124605815 290.560046831767 292.889853318532 294.173757235209 296.820739905039 300.70839325587 304.775754610697 307.199100653331 302.224596341451 302.370031674703
155.039926369985 118.250042200089 94.2931373914083 89.1793568929036 90.5401209990184 95.4738358656565 103.981167078018 131.762146949768 161.112596591314 208.845138549805 258.797943592072 283.135771751404 286.574721336365 270.959496498108 247.195065021515 243.096470832825 248.116970062256 262.044270833333 276.298145453135 283.101598421733 281.482974688212 276.25964085261 274.19118086497 271.21502161026 267.845849196116 266.31889740626 267.953991889954 269.905090332031 265.103816986084 261.158108711243 264.726142088572 269.054611523946 268.508056799571 268.524587154388 271.934787432353 275.371273358663 276.086072127024 275.279998779297 278.60297759374 278.977751731873 283.797045548757 289.257208506266 293.793141841888 295.829733212789 294.38994328181 295.681635538737
132.348299026489 106.424301862717 77.9991547266642 69.6847339471181 84.4041705131531 108.565171559652 114.2731209596 122.733463843664 144.314795732498 177.235722541809 223.424653212229 273.232877254486 295.900623003642 293.91489426295 277.581969896952 249.678154786428 239.581267038981 242.057025432587 257.858713467916 278.704841931661 287.515759468079 283.248702685038 284.154196580251 279.020428657532 273.108164469401 273.54904015859 276.122212409973 272.119402885437 266.885121663411 269.225716590881 270.289778709412 269.745071729024 267.226974169413 266.116182009379 266.034026940664 265.45641819636 263.768752415975 260.113437970479 261.799951394399 263.592938582102 267.906725406647 273.006319999695 274.709820747375 275.816857814789 283.641119798024 287.942886352539
118.052144845327 106.89781109492 82.2719583908717 61.609759926796 67.2426770130793 94.4274465243022 111.291259527206 125.277409950892 142.561992009481 157.327155272166 180.688341458639 225.958625475566 262.560288111369 286.499222119649 291.089415550232 279.989302158356 268.609086672465 254.934330781301 245.961666107178 256.106714407603 276.968002319336 286.305328210195 289.255936940511 285.373568534851 279.21195824941 280.171831448873 283.909598986308 280.153314272563 277.044395605723 281.720995903015 280.505498250326 271.022955576579 265.808999538422 262.537280718486 258.332232634227 256.597638130188 252.619624137878 251.457492510478 252.019047737122 254.395703474681 256.852030754089 259.630878766378 261.414508024852 263.840953509013 277.702430884043 284.789562225342
110.127031803131 111.174315214157 101.387818654378 72.929913798968 60.3283445040385 84.7360988457998 113.133082787196 133.306433757146 153.082072734833 162.878672281901 173.773586750031 198.026239871979 230.332732200623 248.2590675354 263.404806454976 291.166027386983 292.865971724192 280.892312526703 262.845516204834 248.088399569194 258.379260698954 280.775348345439 284.415523211161 284.829080104828 285.260895888011 289.434055487315 292.797684669495 291.185895601908 288.434604803721 290.030062198639 284.983158111572 274.794201056163 268.085916837056 261.753678321838 256.243268648783 253.660082817078 250.74424346288 250.882267951965 250.940918922424 252.877771854401 254.481335481008 256.108164787292 256.260891755422 259.055058161418 269.32156085968 280.287683010101
116.755773623784 125.913937886556 128.398050864538 103.595405817032 86.1714780330658 106.558372577031 124.410033226013 145.463287830353 161.632140477498 183.822413285573 191.471914450328 197.388052940369 210.124333699544 226.558287938436 243.576804796855 258.718331654867 271.791617075602 285.137275854747 286.360859870911 270.558079083761 253.338555494944 265.412886937459 272.826711336772 280.349572499593 288.972576459249 294.997413953145 297.626654307048 297.738333543142 292.473256587982 290.676951408386 283.930778503418 277.796487013499 270.495037237803 263.286332289378 259.338676929474 255.203465620677 254.467805226644 251.109798749288 250.468055407206 253.475944201152 257.38513469696 258.078893025716 257.643262545268 260.477662086487 261.119365692139 273.395856221517
125.717659791311 129.484077294668 141.754517952601 141.527463992437 128.599832455317 126.134266455968 128.377427657445 140.662133693695 158.880253632863 177.273710568746 192.08284219106 191.278338432312 194.356799125671 201.83805624644 216.884434223175 239.96643225352 253.177265326182 261.326650778453 270.197510719299 279.206017653147 276.770691076914 264.753739039103 265.618364016215 273.346364498138 283.398985862732 291.421830654144 297.037164370219 297.109186649323 290.224512418111 289.126455783844 283.767322699229 276.539385318756 269.589205582937 264.805277188619 261.713306109111 257.508854071299 254.470686117808 246.967832247416 244.530359903971 252.5927623113 258.668462435404 260.47956943512 262.048244476318 261.67885462443 258.176505565643 267.272591590881
