input/barkrak2/radiation/dir20224.grid
NCOLS 85 
NROWS 70 
XLLCORNER 665100 
YLLCORNER 4664600 
CELLSIZE 20 
NODATA_value -9999 
[rows 0 to 19 of 70, columns 0 to 45 of 85]
340.740164120992006 344.687541325887 345.690806706746 343.677918116252 339.513421058655 334.461569786072 326.608022054036 320.413649082184 325.058877468109 324.101169904073 321.176528930664 328.544100125631 334.439555803935 333.734273910522 336.623350779216 343.377431233724 343.60150496165 333.681503931681 328.326423962911 315.722187360128 295.394102732341 292.283316453298 310.084541638692 317.128757635752 314.161837100983 313.820083936055 312.776287396749 302.633285522461 284.438927968343 278.061429659526 276.424090067546 282.72553284963 295.058290163676 300.583680470784 306.160390377045 298.204302787781 295.933147271474 305.122435092926 303.177158037821 302.534778912862 293.983022371928 276.914974053701 286.640127499898 307.679295539856 312.831242879232 304.993788401286
332.90821313858 339.69791730245 338.882088661194 341.803789138794 341.026504834493 336.911042531331 327.403346697489 318.209489186605 321.439206600189 322.700440883636 318.000574906667 323.397596677144 330.743352572123 332.069675127665 331.860323746999 335.585395495097 334.885517756144 331.865052382151 329.801201820374 322.582880655924 308.685501416524 302.681922912598 308.881243069967 314.492583274841 313.459495703379 311.196267604828 309.133907159169 303.323328495026 287.795543670654 278.456687927246 279.486775398254 290.64534107844 292.054692904154 294.207533200582 305.193960666656 296.991626421611 291.527052720388 292.185743649801 289.287726084391 301.844596862793 300.298313299815 288.912733395894 295.340975125631 312.92200088501 317.702253659566 308.844943841298
309.333165486654 311.796565850576 315.675993760427 321.507811546326 325.048804283142 329.606314500173 331.529676914215 330.099205176036 327.562848726908 324.620723724365 316.949307918549 317.64809290568 325.788935025533 328.226983547211 324.597895145416 328.122099240621 332.620024681091 335.356473922729 334.861993789673 329.95080947876 326.329032580058 318.589309851329 312.079528967539 311.537365118663 313.016613324483 313.569764296214 307.948688666026 301.076789697011 289.527515570323 278.424481550852 277.313192685445 291.091163953145 280.784567197164 286.490658919017 300.251384576162 295.110921065013 281.294306119283 274.825155735016 287.392874558767 302.599012851715 303.515374660492 302.935063838959 304.279843966166 317.346453666687 326.429108778636 315.26380777359
291.520059108734 288.003186384837 291.511793931325 291.759292284648 297.561367352804 302.477260430654 306.13108476003 315.654397010803 325.249632199605 329.570869604747 327.62489716212 326.853593190511 328.480283419291 328.015049298604 324.811081091563 320.197363694509 323.053300380707 327.230672041575 331.709702809652 331.943770249685 329.368869463603 326.660215854645 325.973133246104 320.524156093597 318.819483121236 319.700340429942 314.74898258845 306.014180183411 298.511147499084 289.831737677256 281.056841214498 290.550172328949 281.030337015788 286.403874556224 292.495628197988 293.615758419037 288.129369417826 285.8979900678 302.32028166453 312.941869099935 309.45098400116 301.825841267904 298.095186551412 306.703190008799 318.045298258464 319.466372330983
306.02369705836 291.841228802999 276.007652282715 268.5254017512 271.746059258779 285.343845685323 300.585468610128 306.683897972107 313.21907043457 317.508101463318 327.003121376038 333.924134572347 336.596926053365 336.00648244222 334.121624628703 331.226766109467 329.142034053802 324.328581492106 326.254109541575 330.606659253438 330.022434393565 329.623440901438 332.97723531723 328.292330106099 323.936522006989 323.573311169942 319.044272104899 310.662706693013 302.600502967834 297.435661156972 296.800335248311 297.694802284241 290.891269842784 292.95418659846 290.88564713796 294.379115104675 303.912838300069 308.371921380361 315.845866998037 320.031861464183 318.00768772761 310.724516709646 303.964932759603 300.981879234314 306.327283382416 323.324163754781
329.181353251139 312.159816424052 291.691025098165 271.922051906586 264.685988426208 274.12474155426 293.305933475494 305.602272351583 308.113892873128 308.321197827657 315.132021903992 322.12762037913 327.26122935613 330.443481604258 333.505074183146 334.756334622701 330.984791119893 324.634830156962 324.072559674581 327.559053897858 327.425161997477 330.659011999766 336.385250091553 333.691875139872 329.836010932922 328.617413838704 323.167383670807 314.777096112569 305.228292942047 299.069662888845 300.069332122803 298.714101314545 301.584680875142 307.845056056976 302.515029907227 299.692253271739 307.543476422628 313.792745272319 316.630244255066 316.67286157608 317.456881205241 313.656429449717 311.369697252909 310.614466667175 308.860460917155 311.113397280375
337.881406148275 327.237327893575 315.613488356272 300.462504227956 284.480532010396 272.325356801351 278.876562913259 301.750123500824 310.739894707998 315.038045247396 313.276092211405 309.870560963949 307.068149248759 304.608086744944 306.25174442927 315.006156762441 321.252504984538 327.791154384613 331.448435783386 332.795520623525 329.553504784902 326.118310292562 332.79546101888 334.744016329447 333.104252815247 334.206978480021 331.087489922841 323.809583981832 314.377884070079 308.450102806091 305.480043093363 307.278593381246 319.28147872289 324.792702992757 321.761171023051 315.319498380025 313.866337140401 316.636125246684 319.272557894389 323.873579502106 323.417703310649 319.464842478434 316.175580024719 311.279495557149 296.271761258443 290.090044339498
335.716088612874 334.746440251668 331.269999345144 324.083387851715 310.395876566569 288.183271884918 270.427862803141 270.368854204814 297.456582387288 314.656535784404 319.092392921448 316.364566485087 310.826738675435 304.787317911784 296.173473199209 297.613720099131 306.374510129293 315.621097882589 328.529795010885 335.386594136556 334.783951441447 329.834083716075 330.598930517832 333.458741505941 333.448767662048 335.577090581258 334.904074668884 330.678105354309 324.825644493103 321.937719980876 320.438027381897 321.699341138204 329.787691434224 332.759340604146 331.785102685293 328.080177307129 323.298136393229 319.094777107239 313.15682331721 317.56204366684 324.899673461914 328.82684469223 329.062521457672 321.229179700216 306.417524814606 291.789432366689
332.891305287679 333.578070004781 333.391189575195 330.630242824554 324.789881706238 313.029865423838 292.109608650208 268.755276997884 278.68131796519 296.390155951182 310.934662818909 316.489020983378 316.187103589376 314.792593320211 308.752596378326 304.19530471166 302.346110343933 305.562019348145 314.045965671539 324.451764424642 331.911087036133 334.639072418213 333.124438921611 330.629924933116 331.28833770752 334.227959314982 335.229317347209 333.508531252543 331.405540307363 333.199461301168 334.022601445516 333.143432935079 334.808468818665 336.02766195933 333.715558052063 331.698298454285 328.401724497477 320.721467336019 307.922422885895 310.363173484802 325.406928857168 330.576419830322 328.712662061055 324.15380080541 315.094788869222 305.990755558014
321.083764235179 325.968702634176 327.933847904205 328.038911024729 327.156106630961 326.830645402273 319.483598073324 306.560575962067 282.728254795074 275.927106539408 287.473479906718 305.854956309001 318.816920121511 323.656022548676 325.4314661026 321.75201177597 311.636646588643 308.375954627991 307.916601498922 310.231586297353 314.843813578288 319.018304347992 323.174218336741 325.102547804515 327.919046084086 329.893529415131 331.609308719635 330.603500207265 330.20681142807 333.185076713562 334.132194519043 334.2045545578 337.212800979614 338.704029719035 337.19797929128 333.143552144368 331.404586633046 327.389458815257 310.302217801412 307.928840319316 321.841279665629 324.285785357157 322.788556416829 320.318738619487 311.906437079112 302.892168362935
288.375119368235 298.483490943909 306.75999323527 312.985459963481 318.457245826721 322.969913482666 325.245440006256 323.863287766774 306.974609692891 287.8724137942 276.46138270696 283.122181892395 302.774866422017 318.715532620748 326.371669769287 321.225921312968 317.156473795573 313.620309034983 308.518767356873 304.828703403473 303.89149983724 303.689102331797 305.570244789124 313.436985015869 319.867829481761 323.456645011902 325.08659362793 324.671308199565 327.027797698975 329.775293668111 331.064919630686 333.04766813914 337.486346562703 338.374416033427 337.023496627808 334.274133046468 333.896954854329 334.181427955627 323.955317338308 314.364115397135 319.187064965566 322.914401690165 323.814292748769 323.471824328105 316.355347633362 308.342397212982
255.240797996521 258.99350643158 266.259332497915 277.266879876455 289.845565954844 302.076756954193 314.711411794027 318.042914072673 318.916261196136 310.600717862447 292.07972685496 275.984704494476 277.929564317067 296.625236670176 313.570817311605 314.505060513814 319.283644358317 318.086942036947 312.351167201996 305.382510026296 299.541890621185 297.219177087148 297.307014465332 303.919096787771 309.289415677388 312.250812848409 313.257972399394 315.976997216543 320.061961809794 322.808007399241 325.355331103007 329.069554805756 333.042363325755 333.428184191386 332.393844922384 331.934769948324 334.934314092 337.486147880554 335.297346115112 328.030526638031 326.482097307841 329.385697841644 331.719597180684 331.26837015152 325.376987457275 322.911361853282
244.715968767802 240.851581096649 238.793949286143 238.821109135946 245.843927065531 260.467906792959 281.439363956451 298.247714837392 318.04221868515 320.523321628571 312.806288401286 296.54719432195 274.266620477041 272.324780623118 291.349252065023 310.206691424052 319.362998008728 320.779701073964 318.129062652588 312.815447648366 306.856354077657 305.915613969167 304.751753807068 305.441657702128 305.171549320221 304.10502354304 307.216286659241 313.186049461365 314.709544181824 315.650681654612 318.865080674489 322.606046994527 324.3102033933 325.343569119771 325.211048126221 327.872395515442 334.056456883748 337.910572687785 337.544878323873 336.856245994568 335.695823033651 335.332830746969 334.761381149292 334.22331015269 328.273355960846 325.59210062027
240.327596664429 215.1886622111 199.356496334076 194.139361381531 191.680828730265 196.615477403005 215.741693973541 247.638662656148 280.788064002991 307.111740112305 317.817687988281 318.296372890472 307.312071323395 286.409894625346 284.256041049957 304.244458675385 315.680245558421 322.253346443176 325.742761294047 323.951204617818 317.450622717539 315.159956614176 313.012639681498 312.102198600769 311.312615871429 309.398333231608 312.005261580149 317.524154980977 316.536068916321 312.707463900248 315.92857837677 319.486876328786 320.933143297831 321.255564689636 323.054591814677 327.289263407389 330.202996730804 332.695047060649 333.367109298706 332.791904608409 333.993395169576 335.554480552673 336.795608202616 335.155328114827 330.310185750326 326.895872751872
224.492410818736 189.623594284058 167.332053184509 163.098096847534 162.731905778249 167.552709579468 175.950328509013 201.387604077657 226.244648297628 271.644016106923 312.940915425618 329.271852970123 331.356167793274 321.910182634989 303.168813387553 299.880564212799 304.269413153331 314.00187810262 324.371814727783 327.922284603119 327.19745238622 323.887189229329 322.691857814789 320.939222971598 317.846576372782 315.729200839996 318.130691846212 319.462299346924 314.562320709229 312.195738156637 315.801978111267 318.982978661855 318.387230237325 318.546096483866 320.935090382894 323.429842789968 323.720673720042 323.10422261556 324.858089288076 323.950568834941 327.088514963786 330.98977804184 332.601348559062 332.460920015971 329.172968864441 327.904899915059
190.247317155202 164.585928122203 147.114892800649 144.073009490967 159.937431414922 181.827823321025 182.568868001302 187.944114208221 208.669940630595 238.290031750997 283.639808495839 326.1532386144 336.998422940572 335.829893747966 325.613717238108 305.540720621745 297.462403774261 299.434781074524 310.790002346039 326.258341471354 330.93516031901 327.998479207357 328.91857624054 325.848261515299 321.342746416728 321.46155834198 324.087460835775 320.753037929535 315.569241841634 317.984302838643 319.953242937724 319.570660591125 317.77944167455 316.303471724192 316.789587338765 316.372752189636 315.296908219655 311.486840248108 313.146591186523 314.313371976217 316.661477088928 320.294280846914 320.936262607574 321.226437886556 324.776550134023 327.071825663249
167.963902155558 158.089349667231 144.721905390422 136.026382446289 140.857875347137 165.263235569 183.96649758021 188.954492410024 202.555636564891 216.456532478333 239.23913637797 289.694686730703 331.396480401357 335.049430529277 332.476556301117 326.756199200948 319.914937019348 309.392094612122 302.068432172139 309.278925259908 324.444810549418 329.870601495107 331.683735052745 329.174359639486 325.114667415619 326.052705446879 329.137643178304 326.208551724752 322.345455487569 326.157927513123 326.688408851624 320.149302482605 316.520909468333 314.513583978017 310.447951157888 309.650460879008 306.747396787008 304.850320021311 305.201590061188 307.542324066162 309.607982635498 310.665647188822 312.565743923187 314.323802789052 323.267201582591 326.555192470551
159.532864888509 162.661373615265 159.505873918533 147.531777620316 131.811906894048 143.345008293788 174.369176228841 190.839409828186 209.739863872528 220.357735951742 229.360381762187 255.610664685567 300.015568733215 330.509305000305 334.836045900981 336.233973503113 334.773262341817 328.188260396322 315.70307413737 303.955912590027 312.16299533844 328.174233436584 328.974723815918 328.077038129171 328.344941139221 332.017640272776 334.474523862203 332.730809847514 330.192466576894 331.20318253835 328.127006689707 321.492870648702 317.628184954325 313.584446907043 308.728277683258 306.759238243103 305.209219455719 305.478354295095 305.434703826904 305.91360727946 307.881514231364 309.155205885569 309.193670749664 311.099529266357 318.469007809957 325.542291005452
168.301602204641 179.290393988291 185.922741889954 176.040609677633 155.852288007736 154.95220820109 177.195827166239 196.049571037292 214.646955331167 236.797451972961 242.611745993296 251.958290735881 276.713748772939 302.378237247467 328.558325767517 334.492762883504 335.224509239197 333.912571271261 331.670502821604 321.32758696874 308.16258986791 317.626476287842 322.386900583903 326.428453127543 331.581592559814 335.59246857961 337.292154630025 336.04375521342 331.759134928385 330.671409765879 326.582789421082 322.182714939117 318.091551462809 314.081569512685 311.609466870626 308.668037255605 307.557304700216 305.671115716298 305.085082848867 307.433088620504 309.51193968455 310.651977856954 310.30946969986 312.681833902995 312.718232472738 321.54788573583
180.579702059428 186.215321222941 198.83253177007 210.444569587708 197.128613789876 174.191276232402 174.432496229808 187.808374563853 204.881469408671 228.973766167959 241.24550819397 244.796454906464 255.12973467509 270.217796166738 287.752985954285 322.942674160004 329.380929470062 330.461283524831 330.715239048004 330.371161301931 325.671931107839 317.027568817139 317.708055178324 322.677711645762 329.227447509766 334.168871243795 337.319930394491 335.633516311646 329.434037208557 329.180916150411 325.33073425293 319.787085056305 315.931260585785 314.386169115702 312.979499499003 310.175935427348 308.278719584147 302.673280239105 300.487359364827 306.944886843363 311.663568019867 312.934617201487 313.695470492045 313.595235347748 310.511370499929 317.2847032547
