input/barkrak2/radiation/dir26824.grid
NCOLS 85 
NROWS 70 
XLLCORNER 665100 
YLLCORNER 4664600 
CELLSIZE 20 
NODATA_value -9999 
[rows 0 to 19 of 70, columns 0 to 45 of 85]
208.848714828491012 223.962028821309 239.484588305155 258.102794488271 266.743183135986 266.584555308024 258.374512195587 252.442558606466 254.731376965841 255.574822425842 255.734483400981 257.264812787374 256.427864233653 257.113496462504 259.302934010824 251.32030248642 239.681760470072 228.988746802012 222.827076911926 212.448120117188 207.494537035624 221.039116382599 247.488458951314 254.795730113983 256.615281105042 266.275823116302 265.194276968638 251.621544361115 235.676030317942 233.336567878723 229.363600413005 248.858193556468 290.907700856527 290.556311607361 286.828478177388 273.727893829346 278.883357842763 293.980220953623 289.165337880452 290.00981648763 275.897860527039 276.251951853434 288.135647773743 289.085328578949 277.650098005931 280.980308850606
187.419752279917 204.965849717458 220.322926839193 239.198962847392 250.949184099833 255.336324373881 253.062983353933 253.631472587585 263.012886047363 261.028011639913 257.27254152298 257.181604703267 257.346312204997 258.448620637258 258.258620897929 249.838550885518 244.796792666117 236.488163471222 231.712619463603 218.958894411723 221.966703732808 240.727365016937 260.788798332214 263.180712858836 267.705162366231 272.389034430186 266.475399335225 254.633148511251 240.553915500641 235.120415687561 235.950966676076 262.3610496521 292.289634545644 290.866374969482 286.675035953522 275.323291619619 281.309962272644 292.568524678548 287.587364514669 290.994743506114 282.175223032633 277.825355529785 277.609884738922 278.244396050771 276.015977064768 281.343519687653
150.088042020798 163.325975338618 176.143209139506 188.216745853424 202.326496442159 213.083545366923 223.464250564575 238.281726837158 250.684022903442 250.351448853811 250.274141629537 254.132290681203 263.479351997375 267.535110314687 264.878988265991 270.008623600006 271.342913309733 262.63701915741 246.845583120982 235.958417256673 242.773314317067 254.202961921692 261.767466862996 264.106293519338 270.204444726308 267.999490102132 262.484172979991 253.856897354126 244.771122932434 242.539803187052 250.173528989156 277.261137962341 290.484150250753 290.21034638087 286.857485771179 279.891014099121 285.520493984222 288.974185784658 290.315747261047 288.827300071716 280.927459398905 271.599491437276 261.285324891408 261.426210403442 271.213054656982 280.001600583394
130.962371826172 132.506062587102 140.778680642446 148.01820119222 154.273937145869 160.120228926341 168.216009934743 185.147007306417 206.376115481059 224.37995672226 237.9350066185 254.073480765025 266.040603319804 270.48933506012 272.784133752187 278.179268042247 276.147782802582 266.087810198466 250.847935676575 244.425137837728 243.484298388163 242.480635643005 253.974696000417 258.78232717514 260.3400349617 261.791189511617 259.966870148977 255.831678708394 253.332694371541 254.495322704315 256.507833798726 282.200455665588 289.121468861898 289.427240689596 286.81468963623 288.252453009288 288.587133089701 288.809259732564 287.562370300293 279.853185017904 270.579437414805 259.340484937032 254.784305890401 268.134315808614 284.79258219401 278.479476769765
154.476135969162 136.429945627848 123.402853806814 114.277054866155 117.408076922099 133.680423100789 155.526667833328 167.004346847534 177.969415982564 186.181426048279 209.366281827291 234.065353870392 249.628861745199 257.570306460063 262.816627820333 267.268081506093 261.972367763519 252.146999041239 247.192700703939 244.763592878977 239.786505699158 237.902959187826 249.118049939473 253.176132837931 256.827453772227 262.922644615173 260.800898075104 258.144716421763 255.81419467926 253.973722457886 259.78147983551 287.521878878276 288.25044631958 288.653492927551 283.303260803223 284.876724084218 286.651651064555 286.103824774424 276.655614376068 270.171642303467 266.758799552917 263.605395952861 266.568422317505 275.668044885 279.354929924011 264.490028222402
199.277361234029 169.153988361359 140.433092912038 116.510321696599 107.831060886383 119.464884201686 145.014017820358 163.41444849968 168.130199114482 167.67426331838 178.65264415741 193.677663803101 204.455196857452 211.096823215485 220.759272575378 229.653179645538 231.951216856639 235.04904905955 242.419759432475 248.003125190735 248.100062211355 251.081605752309 252.768317858378 252.81822681427 256.751616795858 262.492001056671 261.639098326365 260.947108268738 259.080052375793 258.631904919942 272.156119346619 288.64840666453 287.923177083333 286.714454491933 281.238297621409 279.071132342021 281.490047772725 277.709265549978 268.203258514404 270.416537920634 268.373231093089 265.709539254506 266.807456811269 269.598285357157 261.379281679789 236.543317635854
223.731219768524 197.254061698914 175.144831339518 152.290026346842 130.636105934779 117.900103330612 125.871370236079 155.245880285899 170.104225476583 178.789873917898 175.603946050008 170.187830924988 165.731171766917 161.451766888301 163.336038589478 179.980119069417 193.788011868795 214.958548545837 235.322038332621 248.569289843241 254.424691200256 256.8306128184 255.695104598999 253.104011217753 255.366941293081 257.896542549133 260.641535123189 261.130412419637 260.300834973653 264.456411202749 277.760982513428 285.765647888184 283.788939317067 280.502219994863 277.76030699412 270.936648050944 271.656235059102 266.701022783915 263.962904612223 261.122465133667 255.157828330994 253.413339455922 258.538981278737 263.987640539805 253.552615642548 242.702980836233
235.697150230408 223.667800426483 210.243026415507 192.75313615799 167.389512062073 135.790159304937 114.584594964981 114.234387874603 149.315257867177 176.015933354696 184.764007727305 180.710971355438 171.240786711375 160.554140806198 146.838953097661 150.012632211049 163.601716359456 181.549986203512 207.339247067769 228.884935379028 242.192347844442 251.210769017537 257.816195487976 254.415730635325 252.194305260976 251.500308513641 253.218293190002 253.855625788371 254.145363966624 263.892769813538 274.056235949198 277.981797854106 273.612856864929 269.094586372375 263.669351736705 261.241952578227 263.960440953573 259.15386279424 252.485016981761 238.751987616221 238.776842753092 248.583932717641 265.05970954895 273.797074953715 267.144560813904 264.859994252523
227.147360642751 227.470298608144 222.270568211873 212.789575258891 197.169264157613 172.312478224436 140.066891908646 110.869159301122 125.604003667831 148.954818646113 169.649104277293 180.952707926432 183.519423007965 180.501798788706 166.947325070699 158.545126517614 155.728201071421 160.061250130335 175.461828708649 194.437265396118 212.238033612569 227.303842703501 238.689184188843 236.478964487712 238.307197888692 238.016764322917 238.764762878418 240.411043167114 242.59881178538 252.424756685893 258.46254825592 258.640269438426 256.17249806722 255.589922269185 255.518317222595 256.752053896586 256.777167320251 254.151145617167 247.291088104248 241.340200106303 254.658897717794 268.017709255219 276.420911153158 277.557889620463 267.266949017843 261.194507280986
193.319737911224 204.26994562149 209.977924823761 209.98481909434 206.562558809916 201.282600561778 182.136257489522 161.679804325104 129.595031340917 119.605600833893 133.696556091309 160.057206948598 183.736840883891 195.870359738668 196.850180625916 186.970074971517 170.645276705424 164.976358413696 163.520048062007 167.168060938517 176.809887091319 185.888091723124 196.938951810201 205.741385618846 215.645372867584 218.505203723907 219.529489676158 220.865925153097 223.544955253601 230.791012446086 232.225080331167 233.212172985077 239.214837551117 244.539697964986 247.512996196747 249.112447102865 247.756958007812 250.792443752289 246.952573458354 252.620100975037 271.14729086558 278.21163336436 281.007965405782 277.048210302989 266.116718451182 260.664542516073
120.380530754725 148.442288239797 163.142601648966 176.684657732646 187.525014082591 196.270624796549 197.486420472463 190.315286318461 160.055687030156 133.001834154129 118.356496095657 126.37534737587 154.819945494334 183.068633079529 199.788014094035 188.878834247589 180.15311161677 172.080318133036 163.301408290863 156.884888807933 157.30224053065 157.409936189651 162.74947921435 177.31503645579 191.812972227732 200.780669848124 202.504515647888 203.10898621877 209.771315256755 215.371489524841 218.733708063761 221.975406010946 231.815278530121 236.073931058248 236.43167813619 237.29932308197 242.093861103058 247.268219788869 250.97393989563 263.991276423136 274.381438891093 277.777671813965 277.329643567403 274.472137292226 269.011398156484 269.15031671524
68.8039710124334 81.6949754953384 91.6252334912618 105.014224847158 135.0204149882 154.280771811803 174.402177333832 181.400279204051 181.785603364309 166.399796803792 138.185391823451 117.278118928274 120.294014612834 144.022812445958 173.639019330343 178.372224171956 185.152729352315 181.058287620544 170.01881202062 158.466766277949 151.005536317825 148.692150910695 148.91395966212 158.621201912562 168.568889300028 175.650278727214 178.894797960917 183.699528376261 191.304326057434 196.611980597178 201.814115047455 206.922769546509 213.367521762848 217.037200927734 217.963794867198 220.611234505971 231.193900108337 242.705146471659 248.606642087301 261.960069338481 268.664836883545 270.029028256734 267.208298047384 263.362328211466 260.979930559794 259.991765022278
60.2097064256668 53.2017598549525 46.3441212972005 48.3583708604177 58.7422847747803 75.5101541678111 101.566582918167 127.261201540629 175.379316012065 181.195040543874 166.29417737325 144.422739744186 115.044057369232 112.720668315887 136.654824018478 166.098435719808 183.659414450328 186.924417813619 181.275904178619 170.872211456299 161.246647437414 160.350302855174 159.822911024094 160.703818003337 161.790470282237 161.634574333827 166.138380765915 175.500313440959 179.646849632263 181.1603307724 186.83268626531 192.661007245382 194.121718406677 195.503036181132 199.174543221792 204.980254173279 217.649718125661 230.290293693542 233.999530474345 244.030654430389 250.847041606903 251.303831736247 250.421186288198 251.417458057404 248.610297838847 248.96244208018
56.5981020530065 39.9497871597608 22.2464154163996 12.8950426975886 6.20154850184917 6.79281540215015 25.950754682223 60.270369052887 89.1035695870717 116.317530473073 138.719181219737 153.74289949735 142.70955324173 125.834951798121 121.182421843211 145.6185678641 165.063520272573 183.223287264506 193.863610426585 192.140857378642 179.215927918752 175.80791314443 171.675602595011 171.17840051651 171.561598777771 169.649839401245 172.417998313904 181.879003842672 181.75216515859 174.550930658976 180.147627989451 185.947100321452 187.471469243368 187.1297955513 191.661854585012 199.569384256999 206.11705382665 211.707532405853 216.232260068258 218.914886315664 224.870204925537 230.52050669988 237.778703371684 244.534254074097 240.685780843099 245.09867032369
68.9459939797719 36.3537818193436 14.7014173368613 5.61264902353287 2.07289463529984 0.845849514007568 14.4299902021885 38.3818993965785 55.5475950241089 83.7913552920024 114.94047443072 141.479382912318 155.764311552048 150.757124026616 137.117683887482 133.571098248164 138.487209876378 154.645631710688 175.592164198558 188.258806864421 191.154797871908 187.760233879089 187.566181023916 183.446367581685 181.861023108164 180.622299512227 181.913872559865 184.515496095022 180.506467819214 174.799243609111 177.364706993103 182.755430539449 182.718316713969 182.507693767548 186.296800772349 190.560777982076 192.269305388133 191.35328133901 195.869505405426 196.87432050705 203.381617863973 211.156904697418 217.729171117147 223.010619481405 224.257965882619 229.12867863973
58.5039108991623 36.6302852829297 13.0157147844632 2.48868235697349 0.000431994105080472 13.1847572823366 28.8965751727422 42.4876759449641 57.0270816485087 72.4784135818481 99.581390619278 134.940167268117 153.718411922455 162.900527318319 152.676045894623 132.604688405991 123.669008413951 131.012996037801 151.191075642904 174.763441085815 190.179944038391 189.915776252747 193.944732348124 188.646892706553 184.430241584778 186.416943868001 190.125246842702 187.549253304799 183.167695999146 185.119211673737 184.169173240662 183.473765850067 180.257221062978 178.324401378632 179.282704989115 177.92809009552 175.476729869843 171.027501424154 174.063165982564 176.594952742259 181.61936601003 188.12358379364 190.888424714406 193.420032660166 206.725319226583 212.628205617269
48.2124090194702 40.2933607498805 19.9945792555809 0.0998897497386982 1.92456925287843 13.8427726924419 32.8810637195905 47.2071667512258 61.1907790104548 66.5352940559387 80.8354218800863 113.045752048492 139.178772767385 150.410890579224 155.083765586217 151.603519916534 149.30913845698 139.269719521205 130.492905775706 143.905133008957 168.211201826731 186.061461766561 196.240663528442 195.889592170715 188.691894213359 192.756712436676 198.201338450114 194.611072540283 193.871398766836 200.276851654053 198.278466860453 185.536861419678 178.871929645538 174.089550971985 168.923318386078 167.753636837006 162.135571241379 160.627315441767 161.663850148519 165.612667798996 167.679250240326 171.040415763855 173.827171325684 176.916519800822 196.081201235453 206.497251987457
43.5347606738408 43.1319971879323 31.7607497175535 2.54630468164881 5.18289146323999 22.5927134354909 41.2502760688464 59.5973630746206 70.0996071100235 75.3421684106191 83.4023753801982 98.0163812637329 122.447391351064 134.622275829315 149.444739023844 166.330923636754 168.059587478638 159.019649028778 143.568595250448 131.226599216461 142.562439044317 166.353464126587 171.630024909973 179.559906323751 186.117867628733 198.7158258756 205.855290095011 208.682656288147 206.98606967926 210.746725400289 203.908403714498 191.650390625 182.06117550532 173.563957214355 166.754484176636 163.620332876841 160.572578509649 159.911076227824 160.189340511958 162.611325581868 164.639314015706 166.555941104889 166.927178700765 170.261343320211 183.472494284312 198.610603809357
49.3455529212952 55.5737515290578 54.5202096303304 20.6966561575731 17.0461175342401 40.722648302714 54.0385196606318 69.55320139726 81.9036016861598 96.6962973276774 102.334221204122 105.962882439295 114.400327205658 123.254815737406 139.102826515834 156.998346249262 163.130422433217 168.02970568339 166.032393773397 152.032673358917 134.979516267776 145.053625106812 156.537900368373 166.982293128967 177.010893821716 184.276243050893 189.016540845235 194.525420665741 199.533998966217 210.719267527262 202.985803286235 196.874499320984 186.676661173503 176.246364911397 170.886655648549 165.714631477992 164.158344268799 160.114149252574 159.600416819255 163.184622923533 167.600393295288 168.97052526474 168.483217557271 171.311338742574 172.57833480835 188.248574733734
53.5956919193268 56.0722152392069 65.7401780287425 53.6205073197683 42.7998453378677 56.9013307491938 58.4700802961985 66.9547468423843 80.4623464743296 98.1714824835459 106.340497732162 100.146383047104 102.788726488749 106.634040673574 120.771586894989 142.351647218068 151.634107033412 157.842377821604 163.416753212611 166.338255008062 160.517474015554 146.045555671056 147.148191928864 156.738152106603 168.034255504608 174.55530166626 177.814185619354 177.328725655874 173.332134882609 169.360299905141 176.056404908498 176.512122154236 186.228473981222 178.664644559224 174.211919307709 168.751100699107 164.489934841792 154.629528522491 152.370929718018 161.690682172775 168.896774450938 170.674860477448 173.727929592133 172.774791717529 168.816983699799 180.129150549571
