input/barkrak2/radiation/dir29424.grid
NCOLS 85 
NROWS 70 
XLLCORNER 665100 
YLLCORNER 4664600 
CELLSIZE 20 
NODATA_value -9999 
[rows 44 to 65 of 70, columns 0 to 47 of 85]
108.203540245692 114.290406306585 117.14827020963 118.292113145192 119.688014189402 121.82476123174 122.252523899078 118.405610322952 112.788418928782 107.477744420369 109.564065933228 106.188058853149 102.04154253006 100.115785996119 99.249134461085 99.9906261761983 95.8018004894257 102.68912712733 103.900889555613 100.878149271011 97.4494318167369 95.3084429105123 94.2205886046092 94.4431821505229 91.5068586667379 100.313951571782 103.227893511454 100.399394830068 100.208987792333 99.2133915424347 95.0540900230408 93.7743286291758 99.4023482004801 106.692413489024 113.227625687917 113.970369100571 118.718296289444 129.867931207021 134.195516506831 124.345461527507 121.57087524732 116.580824057261 110.677808523178 89.3855194250743 53.9774000644684 12.872585405906 0 0
115.104426940282 120.269358158112 116.903642813365 120.775938034058 118.807772795359 118.401616811752 120.259096225103 118.232647577922 118.818074464798 114.05078570048 112.315426270167 111.818760633469 106.329133113225 100.966950257619 99.4096795717875 102.796713511149 97.3933637142181 100.565413633982 105.113486448924 103.140334288279 99.8488664627075 99.0043977896373 97.5347459316254 98.2582867145538 99.1047422091166 98.6964106559753 105.266253153483 103.623529275258 102.978348731995 100.689907868703 96.6638326644897 93.1461453437805 97.5459714730581 95.6727862358093 96.5823928515116 98.0255007743835 107.107520103455 121.560245752335 122.933089733124 108.53918393453 111.926247676214 105.708907047908 103.340248266856 100.447436173757 82.0355514685313 43.8250203927358 5.5842213332653 0
115.168869495392 116.611262162526 119.768778483073 121.65821592013 121.567159891129 120.784044265747 122.955501079559 124.429702758789 120.134294033051 117.846101522446 116.827140251795 115.258038043976 110.693385203679 107.800950606664 106.743901968002 110.087126493454 106.753478447596 100.427468617757 106.168568134308 105.903714895248 102.579146623611 103.003124396006 101.882010698318 97.0613261063894 104.888498783112 99.7400681177775 99.3217428525289 101.517905791601 102.787653605143 102.596541245778 101.220200459162 96.7593391736348 96.0858762264252 96.2230960528056 98.1641709804535 98.1793999671936 101.235369841258 109.9025507768 112.799535195033 108.004381259282 108.506063620249 101.527154445648 107.204536596934 115.315894285838 106.784969568253 71.9776153564453 30.5887460708618 0.759753088156382
109.061280886332 111.372739076614 117.195943991343 119.240254163742 122.731397549311 124.381462732951 121.62717183431 121.660312016805 121.166537205378 122.940421104431 119.927595059077 115.503489971161 113.289932409922 112.653642892838 109.649091959 108.104248841604 106.515794992447 97.8846649328868 103.990346193314 105.377227067947 101.628929376602 101.754754781723 104.436914126078 97.1458256244659 100.605895121892 100.142419338226 93.7822659810384 99.0606844425201 101.952234903971 102.59277621905 102.713296810786 101.793626944224 95.8184599876404 99.1069674491882 110.93083024025 116.691480080287 111.355751752853 106.2238017718 109.958539406459 121.094276507696 112.864285707474 103.246460358302 111.489017804464 118.915140628815 111.948619286219 90.2665058771769 50.7074495156606 15.3820775449276
101.272821426392 104.911903540293 110.691328843435 114.73493774732 121.277153491974 124.738564093908 121.54013911883 119.077364603678 123.205641905467 124.965081612269 123.199085394541 118.367373943329 116.112838188807 116.378446420034 113.00469438235 107.182125250498 106.016258398692 99.3180672327677 103.227188189824 107.156823078791 105.886121590932 106.518805027008 108.208874861399 104.296932617823 101.721376180649 104.761560757955 99.3836124738057 102.858394384384 108.981470266978 113.805919885635 117.494831482569 117.748459180196 108.319610357285 109.365344047546 117.97954638799 125.768770774206 128.036657969157 115.851779778798 112.875898679097 120.874325434367 109.917153914769 101.721982161204 99.1676052411397 99.1868376731873 97.1552232901255 96.0838596026103 85.040956735611 31.6603655616442
100.479026635488 97.5920458634694 102.511862913768 111.300011475881 117.495477199554 121.209671099981 123.847454786301 126.096934080124 126.642296711604 123.219698667526 124.934713045756 125.136266152064 120.922903219859 117.58550008138 115.188737710317 110.159566005071 107.983887195587 104.306121667226 107.672363519669 112.32911547025 113.708853721619 113.191912571589 109.837472438812 110.567589600881 107.212126255035 109.404504299164 108.763098716736 111.140112082163 117.776970068614 127.304603656133 135.766506195068 134.656449158986 126.183122396469 120.050340890884 118.688354889552 127.413252989451 133.194774389267 130.779147148132 118.449300527573 108.209033807119 99.6220707893372 100.173095862071 98.5144774119059 93.4955477714539 90.0892217954 94.7770873705546 89.7119343280792 42.3437257607778
100.902080535889 104.429642359416 108.153065045675 114.930669466654 115.82159002622 116.055856148402 124.286552270253 129.862030347188 129.254778226217 128.885517517726 128.128757079442 127.507368723551 123.040497303009 118.846505880356 118.461887041728 121.620267629623 113.221675157547 111.771355072657 113.207399845123 118.658383687337 119.623651107152 116.969873507818 113.822003205617 113.401472568512 108.069916566213 113.119115432103 117.301752169927 118.635336558024 122.057129939397 132.650742928187 138.062636057536 145.954688390096 136.632839838664 125.349422295888 112.878382205963 113.189280033112 125.965595245361 136.673976977666 123.32143386205 102.114607890447 94.0489172935486 101.865172386169 105.510294437408 101.211965084076 96.0859457651774 92.6016767819722 77.0636548598607 49.86172914505
101.112455129623 113.007207711538 115.562548240026 117.36406882604 115.57200551033 114.841987689336 122.651467720668 128.791719675064 128.143479426702 132.900128761927 130.706836779912 129.475712776184 126.432726780574 120.915700991948 120.941827694575 127.579212188721 120.064516862233 116.127262512843 113.762577374776 116.285741329193 116.658786932627 115.217268466949 114.386111497879 109.395921230316 107.163270314535 109.683752059937 113.049785296122 114.360988140106 115.277945995331 124.676803747813 133.504251639048 142.656246821086 138.952871163686 115.015288194021 82.5857321421305 75.8051226536433 94.3017601966858 116.334478060404 131.415257851283 126.999616622925 121.775527795156 113.029380639394 95.9911942481995 93.4716761112213 101.971586545308 94.4607754548391 73.4197447697322 61.0231906175613
104.919056097666 102.65792409579 101.743052403132 105.165630578995 112.715532382329 118.133743604024 118.308961391449 125.033726294835 124.959051609039 129.603207111359 129.714141289393 131.971488396327 131.22949997584 125.556896130244 123.56565395991 122.127890586853 123.818377653758 116.232087214788 110.629916191101 107.634534438451 107.137143611908 109.223584334056 110.545734564463 104.81329758962 106.844991445541 104.082812865575 105.932891368866 105.943938096364 104.841202497482 107.344607512156 115.011235078176 125.288277864456 121.214598417282 95.552384853363 61.7491354544958 39.9467498064041 42.1395152807236 73.239008585612 109.601596991221 129.125634829203 131.496528784434 112.478623787562 91.7563537756602 87.6485407352448 95.6210891405741 85.912565390269 69.8089996973674 77.7773310740789
108.930667241414 97.8445013364156 95.101277033488 100.302507479986 112.982153892517 122.244775295258 121.635695298513 122.721304496129 125.0312825044 125.459571679433 128.333270549774 130.819509426753 133.034318685532 130.89993596077 125.403185685476 122.55252401034 125.915497541428 117.964496215185 113.114575544993 113.789091507594 113.581399122874 110.070437192917 108.401517073313 104.863742987315 103.807657957077 102.373868227005 102.40164399147 101.733247439067 100.705514351527 95.6011712551117 88.9783799648285 94.2695836226145 94.7211583455404 77.9214998086293 62.9398673772812 40.0245636701584 24.4289363423983 23.2164040207863 39.7682835658391 88.3889098962148 112.202564875285 102.391054232915 91.6966497898102 85.6640636920929 78.607107202212 73.6731191476186 67.2551244497299 88.0786677201589
109.579304854075 103.178302447001 100.376178820928 105.084458986918 115.743299325307 124.198218186696 126.957188049952 122.62557943662 127.552707990011 125.311573346456 128.821422656377 131.027907133102 132.222195466359 134.925901889801 128.868659337362 128.323574860891 128.452688455582 122.172673543294 117.751936117808 119.103978077571 119.038929541906 114.683389663696 112.353503704071 112.701664368312 108.275651931763 107.740829388301 105.996608734131 101.883143186569 96.2275664011637 89.41251039505 80.4154574871063 83.9204291502635 87.6663823922475 88.0802671114604 86.4738722642263 74.3150959412257 47.0846394697825 31.3281963268916 24.0905185540517 32.4703752994537 65.7126853863398 80.3172091643016 55.0266057252884 46.0655192534129 45.5782810846964 53.4496456384659 71.2271283070246 80.8229347070058
113.224059343338 111.350278059642 106.898744901021 104.439814885457 110.425333182017 123.036255439123 125.393529733022 123.027076323827 124.960283438365 129.879246155421 136.022965113322 136.371314525604 135.014315446218 135.169396797816 131.63901368777 130.793909231822 131.990899642309 129.609654347102 124.288698037465 120.959450801214 118.551681439082 117.557903130849 118.294298648834 120.920836925507 116.436004638672 114.196519056956 106.265207131704 96.8912641207377 88.4095629056295 84.0785106023153 83.4237635135651 89.5825723807017 93.461016813914 104.886064926783 111.752609411875 111.400455236435 95.0170755386353 76.3089259465535 62.7555598815282 36.7997338374456 46.6159135103226 66.5224641561508 66.7243003845215 54.5732875665029 54.9128452936808 72.5665191809336 98.3780324459076 94.8931177457174
116.259396076202 115.387419859568 113.868713378906 108.944664398829 109.721144040426 120.179643233617 123.570044835409 123.461325963338 122.556229432424 132.044474283854 140.387217203776 139.226257801056 134.152710437775 136.156986157099 136.420885721842 129.667898019155 132.813562949499 129.202872514725 124.580870072047 123.332480589549 122.125148773193 123.036245505015 120.634963115056 119.179348150889 115.354090929031 110.297381877899 81.9295247395833 62.5051309665044 60.1640741030375 68.3740874131521 80.6754728158315 86.0328177611033 91.583639383316 98.8154113292694 112.959196170171 121.891021728516 124.032626549403 119.084060192108 103.298972050349 76.3360112905502 50.963431596756 68.5866822799047 85.5196118354797 86.8030389149984 87.3017509778341 102.83225774765 131.737927595774 120.264192422231
115.10576804479 113.010972738266 116.708934307098 116.936087608337 113.637228806814 116.473903258642 123.842944701513 125.079929828644 124.295095602671 131.678332885106 139.249513546626 137.970308462779 132.715463638306 135.431945323944 139.19668396314 128.124783436457 129.495243231455 127.416610717773 125.041782855988 125.900288422902 125.794142484665 125.9446144104 122.375259796778 115.834335486094 115.119854609172 112.996478875478 90.5599494775136 67.8378492593765 68.1548764308294 78.516220053037 90.5079046885173 92.0032759507497 103.229353825251 114.288816849391 121.574819087982 131.369094053904 128.81741921107 74.4888931512833 61.5308731794357 76.0899285475413 78.4732004006704 93.1621392567952 98.1422861417135 81.1842679977417 51.544393102328 82.4255396922429 108.731786410014 103.34500670433
102.423558632533 111.395418643951 114.765097697576 117.371807495753 116.695016622543 112.887769937515 124.717424313227 128.597408533096 128.241052230199 132.430086533229 135.801692803701 135.924915472666 134.969979524612 132.426828145981 133.037388324738 128.833432992299 124.918917814891 127.865334351857 129.352341095606 130.047390858332 131.744613250097 126.588443915049 123.427480459213 118.548293908437 115.016996860504 117.50986178716 113.71186375618 106.755395730337 108.779182036718 113.567064205805 109.477579593658 102.04408566157 117.827087640762 126.226951678594 121.89902861913 91.0412470499675 80.5410842100779 41.2867988149325 27.9511883854866 41.6201402743657 79.8420111338298 103.528002897898 101.305762926737 85.987389087677 73.4518468379974 77.1983762582143 93.7362809975942 98.4467367331187
91.9152796268463 108.201305071513 112.741649150848 115.439315636953 118.211646874746 113.823592662811 119.278301795324 128.327459096909 138.773659865061 139.885137478511 135.926226774851 133.762816588084 135.214199622472 133.010605971018 133.325298627218 130.473136901855 125.980029503504 126.848598321279 124.161303043365 121.729016304016 122.616956631343 122.052729129791 121.426939964294 118.05534362793 118.43537290891 124.546080827713 133.86548558871 141.372541586558 131.010909875234 127.000719308853 111.561328172684 102.182080348333 112.31196920077 102.754533290863 55.5809487899145 44.6411470572154 42.749543984731 33.5117056965828 19.9472308158875 14.790619413058 17.1641185879707 65.0281459093094 98.4680851300557 118.921339511871 133.581777413686 128.562321265539 121.787885824839 119.672626256943
93.9334332942963 104.624132315318 112.787504990896 115.136206150055 116.874555746714 117.306381464005 111.524711052577 122.61046965917 144.392857948939 143.673559029897 135.010103384654 130.79430659612 133.332987626394 136.39893134435 135.160048802694 131.409207979838 129.413187503815 125.592072804769 118.314991394679 110.791673262914 110.15706260999 113.111436367035 112.991114457448 114.163875579834 118.994961182276 124.367773532867 140.084137519201 151.137083768845 132.497946421305 121.561825275421 108.06280374527 92.2242204348246 91.6520555814107 84.8254561424255 61.9844893614451 37.6839364568392 39.2117947340012 51.8825749556224 43.762465318044 27.3466780781746 16.0682102044423 26.3435865441958 76.2739578882853 107.941925525665 119.294871886571 119.166612625122 111.586759487788 112.345854441325
107.080549001694 110.123813152313 112.970650196075 109.245032072067 102.449466784795 98.7332065900167 107.533176740011 113.725880781809 124.012887477875 121.749818325043 119.798441727956 125.792990128199 132.516115903854 133.831441402435 129.036088784536 131.141493717829 130.899369716644 123.619774977366 114.383548498154 108.085344235102 106.468657652537 107.804824908574 110.721369584401 112.480342388153 111.435025930405 116.262892882029 128.10813387235 137.416332960129 131.21618827184 118.824770053228 100.872089465459 84.0997298558553 75.6630599498749 88.5142187277476 81.622044245402 58.0234080553055 61.4668081204096 96.1617330710093 99.3903279304504 77.4913380543391 44.1818336645762 33.5815399885178 52.6571969191233 71.1001654465993 60.2339059114456 75.9242872397105 81.0234695672989 86.1153701941172
120.15093366305 116.215705871582 112.262258927027 104.405045509338 92.8139587243398 84.8444600900014 97.8420774141947 97.0678826173147 85.1120551427205 85.8501195907593 100.219577550888 112.695018450419 118.610292673111 123.056163390477 126.816183328629 137.895375490189 140.40333032608 130.679488182068 120.987196763357 116.299370924632 112.234632174174 111.00705464681 111.341148614883 108.322590589523 111.260344584783 113.113790750504 116.095463434855 120.628654956818 119.688987731934 95.9278444449107 98.8426208496094 91.4922853310903 82.4495404958725 99.1934239864349 103.034327427546 89.8063679536184 81.4316968123118 83.2756658395131 88.1776611010234 86.435337861379 68.8689251740773 52.4303019046783 52.4118343989054 41.7201121648153 33.0909291903178 38.0997806787491 60.8330816030502 64.9984776973724
123.390813668569 115.916391213735 110.684345165888 106.460551420848 98.2329348723094 90.390423933665 85.1336618264516 78.3466200033824 58.5433642069499 68.6889638503392 92.173437277476 105.297317107519 105.864991744359 114.611734946569 129.594087600708 146.353532870611 152.610063552856 144.476711750031 134.950160980225 129.600922266642 123.56307109197 120.924125115077 119.836916526159 114.055832227071 110.835671424866 109.226236740748 105.954070885976 104.339152574539 105.216413736343 87.5607132911682 87.8191987673442 88.4545644124349 83.2934925953547 103.723426659902 121.406296888987 124.774873256683 99.3967652320862 61.5934034188588 42.8130328655243 64.1945898532867 66.1191244920095 68.7063286701838 65.2598192294439 58.9110304911931 45.1390643914541 41.005606452624 53.7656446297963 65.5619204044342
126.251707474391 120.210150877635 118.738412857056 119.992127021154 116.248379151026 108.928640683492 102.79909769694 103.859583536784 102.066258589427 106.97082678477 117.101728916168 124.897917111715 125.202357769012 118.954867124557 130.305856466293 147.934178511302 159.097691377004 158.38756163915 149.72726504008 138.775795698166 131.929645935694 126.688847939173 124.381512403488 124.792158603668 116.554399331411 108.027110497157 99.9449094136556 96.2136884530385 96.1083769798279 91.1872287591298 77.3155192534129 75.3032267093658 67.5675769646962 91.4177000522614 130.951821804047 138.406276702881 104.773263136546 67.4980332454046 40.4135460654894 34.3557198842367 46.1584031581879 51.5204817056656 69.3139086167018 76.1908441781998 79.8681825399399 64.5736108223597 63.4019672870636 85.2979222933451
127.170463403066 124.076823393504 124.381482601166 126.194457213084 125.441332658132 120.971997578939 119.98724937439 129.967033863068 147.988428672155 142.753124237061 133.456548055013 136.340906222661 142.591158548991 127.733548482259 128.65138053894 138.533135255178 148.586144049962 155.068556467692 154.518733421961 147.095491488775 139.586955308914 132.414042949677 126.647422711054 124.013652404149 117.620855569839 104.680200417837 89.3937548001607 86.2471163272858 88.1795585155487 79.9295206864675 44.1620647907257 41.0338640213013 33.7275117635727 57.7484865983327 130.098144213359 139.270891745885 118.649701277415 109.126249949137 74.0597148736318 27.3705472548803 18.5514365633329 15.575331946214 53.8314481576284 82.7639102935791 93.061625957489 81.7711055278778 80.4979652166367 113.022973140081
