input/barkrak2/radiation/dir28024.grid
NCOLS 85 
NROWS 70 
XLLCORNER 665100 
YLLCORNER 4664600 
CELLSIZE 20 
NODATA_value -9999 
[rows 42 to 62 of 70, columns 0 to 46 of 85]
156.343986590703 152.679145336151 155.454774697622 154.086540142695 146.537085374196 143.072625001272 140.101373195648 135.346601406733 135.576854149501 131.836781899134 130.037645498912 127.973407506943 132.563014825185 135.669787724813 135.635534922282 131.459454695384 128.791511058807 133.920301993688 135.594030221303 129.219353199005 126.083095868429 124.229888121287 120.408207178116 123.429507017136 127.906888723373 124.018371105194 122.136692206065 128.576616446177 133.866439263026 138.358066479365 139.509389797846 139.549334843953 150.195091962814 172.632495562236 177.037914594014 158.041189114253 143.116772174835 140.705873568853 143.827974796295 154.851377010345 164.119770129522 164.457827806473 150.004943211873 115.703841050466 51.541323463122 8.28198343515396 0
140.017171700796 142.766773700714 150.768945614497 148.468206326167 151.458770036697 152.905861536662 151.637444893519 145.587871472041 134.616633256276 132.363875706991 135.904093583425 130.309283733368 131.152232487996 134.566674629847 134.377767642339 132.081657648087 132.363259792328 133.902420600255 135.404745737712 130.645791689555 124.343633651733 121.581077575684 118.692775567373 117.409199476242 121.721794207891 125.559051831563 121.475944916407 124.149878819784 129.655291636785 133.342792590459 132.079899311066 129.461040099462 142.138004302979 159.604728221893 161.855349938075 145.916034777959 140.568514664968 148.595839738846 154.259334007899 154.880632956823 149.628510077794 146.775454282761 139.879604180654 112.257152795792 63.9184713363647 10.5619728565216 0
138.613015413284 143.447498480479 146.989723046621 147.456119457881 149.378885825475 151.169329881668 151.534428199132 146.724323431651 141.65652791659 135.62281926473 137.64876127243 133.602539698283 130.215972661972 128.117899099986 127.159545818965 127.846598625183 123.051981131236 129.739006360372 132.615804672241 129.238625367483 124.24623966217 123.743732770284 122.387071450551 122.153739134471 119.003822406133 129.7447681427 132.66925017039 129.669596751531 130.966514348984 131.133655707041 125.012288490931 123.367826143901 129.968136548996 135.132869084676 139.318257570267 139.002104600271 143.95996928215 155.493358771006 161.509970823924 150.656859079997 148.857225974401 141.901940107346 136.167575915655 115.557213624318 79.5644521713257 34.8329196373622 0
144.566078980764 149.677644173304 146.21772368749 150.235176086426 147.978891928991 148.139456907908 148.971925179164 147.597978512446 147.603720426559 142.649352550507 140.367031097412 139.658153057098 133.67427388827 128.113031387329 127.610425154368 130.692670742671 123.208592335383 125.869294007619 132.464657227198 130.224655071894 126.803050438563 125.948349634806 124.000449975332 126.056333382924 126.617381970088 126.04750196139 132.947027683258 133.056322733561 132.445782423019 131.18972380956 126.597662766774 123.781899611155 126.945475737254 124.296883742015 122.715214888255 123.305022716522 132.413893938065 147.524436314901 149.04049038887 134.828915198644 138.359993696213 131.828447182973 129.005710283915 126.312444607417 108.128686745962 69.062997897466 25.6225888927778
144.846200942993 146.023511886597 149.357457955678 151.040057341258 151.101380586624 149.811059236526 151.936789353689 152.973175048828 149.352570374807 146.436750888824 145.180642604828 143.138309319814 138.192395369212 135.322282711665 133.598456780116 136.596967776616 132.538239161173 127.386073271434 133.443782726924 131.806323925654 128.310739994049 130.272299051285 128.638605276744 124.58739678065 132.449567317963 125.730295976003 126.898547013601 129.274000724157 129.204918940862 130.500972270966 130.186557769775 126.473367214203 126.249094804128 124.505748351415 124.566256999969 123.564173777898 127.153724431992 136.499027411143 138.423601786296 135.159174601237 135.526637236277 128.029684225718 132.774174213409 140.642136335373 132.535000642141 98.2429385185242 53.958257039388
138.443231582642 141.149789094925 146.640678246816 149.057308832804 153.123040994008 153.676142295202 150.49002567927 150.779704252879 149.804929892222 151.800264914831 147.368063529332 142.56872733434 141.286075115204 140.122751394908 136.315524578094 136.133799950282 134.177267551422 124.918202559153 129.910707473755 133.003214995066 129.032840331395 128.956804672877 131.160000960032 123.029192288717 126.545498768489 126.343429088593 121.287922064463 125.436296065648 128.403296073278 128.002822399139 130.479753017426 130.575646956762 125.827898581823 129.500210285187 139.834304650625 141.992936531703 137.366036574046 132.814387480418 136.697242657344 147.925327221553 139.79305823644 130.265374978383 137.942423423131 144.083122412364 137.487490971883 116.471300522486 75.3852427005768
131.310005982717 134.884148836136 140.478024880091 144.82660094897 150.935540596644 154.090166091919 151.117185751597 148.221840461095 151.85867746671 152.91420618693 151.342332363129 145.991961161296 142.960498730342 144.118070602417 140.236566464106 134.225954612096 132.666716972987 125.145057837168 130.606800317764 134.793837865194 133.329590161641 132.16295838356 133.440623680751 128.788808981578 126.15246574084 131.470819314321 125.678499539693 129.118750492732 135.418126980464 139.026939868927 143.916467825572 144.018014272054 136.954496304194 140.340884526571 149.339775244395 154.922217130661 153.179675340652 143.144905567169 140.570511420568 147.04754948616 136.885484059652 128.566006819407 125.968893369039 125.07293621699 123.033066590627 121.988207101822 111.383696397146
130.826969941457 128.26219201088 132.841189702352 141.140272219976 147.390017906825 150.554796059926 153.772195180257 155.356705188751 155.104716618856 151.674797137578 153.044720490774 151.836335659027 148.17679921786 144.395083189011 142.992595831553 137.712031602859 135.058909654617 130.364994208018 133.468488852183 140.151153008143 141.336341698964 140.438377857208 136.75848642985 134.95593269666 130.236903826396 136.085778474808 134.950538476308 139.047433932622 143.907229105632 151.791393756866 160.095512866974 164.093236128489 153.742790222168 148.948887983958 148.351013660431 157.349556684494 160.363614559174 156.020184357961 147.030929724375 134.845197200775 125.564535458883 127.44551897049 125.778039296468 120.045363903046 116.061230500539 120.835155248642 115.312586228053
132.26455450058 134.669999281565 138.023406267166 144.613603750865 145.928353071213 146.143277486165 154.786348342896 159.275263547897 158.250073591868 157.663951317469 156.390299399694 155.439833799998 151.76197886467 146.248211463292 145.347644885381 148.004005352656 139.124502738317 137.923220793406 139.027784268061 144.91218328476 145.741800467173 142.838666836421 139.231393734614 138.218323389689 133.011033137639 139.607399702072 143.585662047068 142.621099948883 147.807568311691 156.438241402308 165.690739949544 173.53347937266 165.555616219838 152.701715628306 142.231206099192 145.269056161245 155.127306779226 162.522345781326 150.200506051381 128.208855787913 120.015879472097 129.819730917613 133.379489183426 127.983629703522 121.996502081553 118.442197640737 100.841462612152
132.589956124624 143.480887015661 146.04506889979 147.972921530406 145.883291959763 145.120759805044 152.257680892944 158.503005901972 157.439281543096 162.589311599731 159.504145383835 157.954484224319 155.642141898473 149.601489305496 147.716184457143 154.249608516693 146.523366371791 142.413983742396 139.78589574496 142.845710118612 143.375843763351 141.673197348913 140.204727649689 134.5121661822 132.013112306595 134.242037932078 139.150222142537 138.253271579742 142.87132024765 148.195962111155 159.036894639333 172.093391418457 167.496562004089 143.001000086466 109.29924249649 102.120041847229 123.393555482229 147.077033917109 156.721542278926 154.712249835332 148.774832487106 137.95797030131 122.176259756088 119.639068841934 128.998160362244 119.801541169484 96.1875220139821
136.246889829636 133.964200814565 133.892635504405 136.93035642306 143.815855185191 148.992250363032 148.642003536224 155.605951944987 154.629439115524 158.605595429738 159.609874089559 160.814026991526 159.693956375122 153.399407863617 150.649756193161 149.436126152674 150.734663009644 141.528238852819 137.379785378774 135.976533095042 135.453005631765 137.197275956472 138.169527053833 130.490442117055 132.075279951096 129.155178864797 130.894392728806 130.346973737081 130.580425262451 130.886783202489 137.1950507164 153.135001659393 149.708539247513 121.06321255366 84.9686861038208 65.5317852894465 72.7046032746633 102.79455780983 139.762540658315 154.532164335251 157.974779605865 140.349129835765 115.107903877894 111.18217309316 122.845749060313 109.855324029922 91.7953550815582
140.419294436773 129.610925912857 126.174340645472 132.25911060969 145.160625378291 153.72633934021 152.197539806366 154.09916639328 156.088531017303 156.409204006195 158.49628051122 160.647332668304 161.98476155599 159.198264280955 154.005418221156 151.142179965973 153.193453947703 144.123057524363 139.041523138682 140.022198359172 139.534125725428 136.674851179123 134.891013304392 130.971163511276 130.777478218079 129.22532359759 127.335458993912 127.955655256907 124.975065390269 119.432469209035 112.064977486928 118.646989266078 120.829423268636 101.354618867238 85.4276418685913 66.6779577732086 45.4291452964147 54.0149807929993 77.1946360667547 114.13981517156 138.502200444539 128.181169430415 114.97700214386 109.2329621315 103.306372960409 96.2645709514618 89.2590085665385
141.690333684285 135.386566321055 131.47109746933 136.80378595988 146.779318650564 155.744930108388 158.321887254715 153.931727011999 158.82553656896 156.284918387731 160.505394140879 161.763211091359 163.803845643997 164.712369441986 157.929758230845 157.140970230103 157.127012809118 149.970670541128 145.027667284012 146.500209967295 146.479666233063 141.932249069214 139.323174953461 139.063149690628 133.853197097778 133.186479409536 129.497528076172 126.763204733531 122.522940238317 115.54874976476 104.525983333588 109.550694624583 112.510104974111 111.602634191513 110.404719909032 98.6745953559875 70.4444497823715 53.5630881786346 48.1378932793935 62.8906736771266 98.6254413922628 103.925973176956 92.7057266235352 64.9000604947408 64.2853329579035 85.4564011096954 94.0375030040741
145.725677410762 143.876850605011 138.929317394892 135.852833588918 142.318824927012 155.240952968597 156.974693139394 155.317048231761 156.482646862666 160.960167646408 167.755881945292 167.994379997253 165.801634391149 165.706078211466 162.783414125443 161.729127168655 161.877264579137 157.777041196823 153.425008058548 150.203684965769 146.489272514979 145.111958185832 146.515399217606 148.744026819865 142.351925373077 139.997263749441 133.447905381521 122.685650984446 114.000330368678 109.504073858261 108.852028846741 115.159551302592 118.494421243668 129.898478587468 137.823770443598 135.083198547363 123.304188251495 104.557732741038 89.4972681999207 58.5843821366628 68.5718357563019 88.9874895413717 88.893194993337 76.3697077830632 77.2268523772558 95.6561366717021 123.55692187945
148.970633745193 148.176938295364 145.778656005859 140.609204769135 140.421360731125 152.345816294352 155.474026997884 155.311028162638 154.740750789642 163.015147050222 172.176718711853 171.085774898529 166.795253753662 168.659508228302 168.663144111633 161.804179350535 163.898040850957 159.884711106618 155.020793279012 152.732610702515 151.38977766037 151.784310738246 148.946623007456 147.368172804515 143.167436122894 138.170222441355 115.513443946838 92.5296445687612 88.5823269685109 95.6456959247589 106.095482905706 111.700187126795 117.209593454997 123.451411724091 137.781381607056 152.783175309499 146.12223704656 141.420702139537 145.15099922816 102.363695700963 73.5136767228444 91.6710495948792 109.209269285202 111.595203479131 113.007813692093 128.37407986323 156.076540549596
147.803624471029 145.50190170606 148.857136567434 148.179004589717 144.431541363398 148.102521896362 155.381073554357 157.415201266607 155.234336853027 162.540932496389 171.288351217906 170.22575934728 164.784620205561 167.138298352559 170.826077461243 160.466303428014 161.710530519485 159.426669279734 158.095816771189 157.628158728282 158.629258473714 158.698499202728 153.657257556915 145.429879426956 144.65206861496 140.73520898819 119.306266307831 95.5701768398285 94.3776170412699 105.121930440267 117.270876963933 117.595394452413 128.7961602211 138.550788164139 156.72367811203 154.918849468231 151.035120089849 101.227720578512 82.3038121064504 105.677058299383 103.192309538523 118.710100650787 123.056809107463 105.691611766815 93.9462780952454 108.116815487544 134.314397970835
135.73545217514 144.147584835688 146.509091059367 148.835182189941 147.136976321538 143.487642208735 155.990153551102 160.013308127721 159.277121225993 162.196765343348 166.19211435318 167.719483375549 166.060417890549 162.697662909826 164.798150459925 160.42818625768 157.273630301158 160.019050041835 161.283572514852 163.076480229696 164.725621541341 160.760452349981 158.862094084422 152.415037155151 150.100390116374 150.418043136597 142.879903316498 134.424100319544 137.518217166265 138.690074284871 135.357588529587 127.316455046336 142.964680989583 156.554083029429 144.348243872325 136.36048634847 101.214816172918 59.2131912708282 43.9787258704503 66.6448175907135 106.848299503326 130.343476931254 125.000774860382 109.618326028188 98.3956456184387 103.353589773178 119.847277800242
124.957491954168 141.383151213328 144.743889570236 147.095898787181 149.384945631027 145.228087902069 150.761902332306 159.843544165293 169.783929983775 169.109960397085 165.981501340866 164.600213368734 165.816167990367 164.28616642952 163.748562335968 160.82376241684 155.784418185552 156.667331854502 154.705733060837 152.238259712855 154.214094082514 154.836177825928 152.804642915726 151.860654354095 155.08426229159 158.888608217239 168.641825517019 173.735380172729 159.545550743739 155.553390582403 142.447421948115 130.175580581029 137.660215298335 128.342509269714 96.567044655482 62.9231184720993 60.3594680627187 49.9232957760493 34.7300246357918 34.7122475504875 48.4401981035868 92.369536558787 122.591743866603 143.734216690063 158.095022042592 153.511792421341 147.032558917999
127.127240101496 137.982348601023 145.754317442576 147.376457850138 148.390591144562 149.183432261149 143.255174160004 153.800070285797 174.98924334844 173.513213793437 166.301469008128 162.698616584142 165.084540843964 167.373220125834 165.9843424956 162.212878465652 159.554640452067 155.881702899933 147.365699211756 139.716227849325 139.634033044179 142.112553119659 144.237200419108 146.411975224813 146.550844113032 156.573156515757 176.88129345576 188.928544521332 170.753479003906 160.099238157272 132.905373970668 117.823223272959 117.628216743469 108.577201763789 83.1268777449926 54.5798987150192 60.142308473587 72.5049724181493 65.7586554686228 48.7835109233856 35.9548181295395 56.048795580864 100.960552692413 133.067021767298 149.254610141118 144.541720549266 137.185712655385
139.811863501867 142.801890770594 145.736326773961 141.513774792353 135.046859582265 132.012953360875 141.188383102417 145.363887151082 155.862271785736 154.263367255529 153.321792682012 158.318171898524 164.045919974645 164.834767580032 160.511275132497 162.019590536753 160.968701044718 153.818796078364 145.184258619944 138.562421003977 136.20525598526 136.157353719076 138.407419125239 141.946504513423 140.269219875336 145.117392142614 160.212655862172 167.590101559957 157.262355089188 142.585227886836 128.852903842926 110.098322232564 101.153055826823 112.067321936289 103.33106915156 78.3509016036987 83.240732550621 122.350722551346 129.791150490443 107.280115286509 68.7089661757151 55.6023418903351 75.9418805440267 94.9253141880035 94.0926969051361 101.566334565481 106.497496366501
153.263747692108 149.572799603144 145.559251308441 137.773295243581 125.821769237518 117.037564516068 130.497564872106 129.717161258062 117.058704296748 118.646293878555 134.478698174159 146.820565064748 151.507963736852 155.578315258026 159.097750981649 169.517914454142 171.541174252828 161.784787972768 151.297032833099 146.490603685379 141.468306382497 139.511982599894 140.091280142466 139.14680480957 137.688219547272 143.595268328985 146.133561929067 146.842132012049 142.80621210734 124.180763959885 126.145372788111 117.472271124522 108.323951562246 123.326460520426 124.84351793925 111.963291962941 105.768660704295 109.599232673645 116.4730489254 114.693840344747 96.3634848594666 77.2265990575155 75.8604059616725 72.3297297954559 50.2634545167287 70.1687832673391 84.6783022085826
