input/barkrak2/radiation/dir23124.grid
NCOLS 85 
NROWS 70 
XLLCORNER 665100 
YLLCORNER 4664600 
CELLSIZE 20 
NODATA_value -9999 
[rows 40 to 59 of 70, columns 0 to 45 of 85]
270.996729532878 272.564669450124 272.466758886973 273.984710375468 281.287789344788 286.254048347473 288.966178894043 293.469627698263 294.075767199198 281.293988227844 268.926839033763 264.424403508504 263.585130373637 260.188778241475 257.852931817373 258.515397707621 257.098158200582 255.676825841268 250.407000382741 248.971064885457 252.593755722046 257.246057192485 256.176888942719 252.91379292806 249.147772789001 246.838589509328 253.349979718526 255.206863085429 258.26100508372 257.764319578807 256.83339436849 256.388982137044 243.552962938944 244.508385658264 271.103898684184 270.980676015218 259.37553246816 254.003266493479 256.145417690277 256.096144517263 267.997205257416 295.20982503891 285.260677337646 221.511085828145 159.956326087316 127.395212650299
277.794579664866 275.646090507507 275.865832964579 276.073932647705 272.540291150411 270.838300387065 270.049631595612 270.73085308075 275.300065676371 268.554369608561 260.903159777323 261.598408222198 264.963110287984 264.345049858093 262.174963951111 260.75953245163 253.949244817098 259.812951087952 259.601255257924 253.96207968394 255.391120910645 255.739728609721 253.835797309875 255.012174447378 255.400101343791 250.084122021993 252.514878908793 256.61826133728 257.175008455912 259.356002012889 258.394201596578 256.910502910614 247.174421946208 256.051441033681 269.082804520925 258.844614028931 241.989990075429 236.997246742249 240.712861220042 250.042776266734 276.273846626282 290.097773075104 286.574085553487 257.012645403544 201.390147209167 157.908250888189
280.958334604899 278.694907824198 281.235734621684 280.255734920502 274.391750494639 271.350800991058 270.019431908925 267.23712682724 267.678161462148 264.015078544617 262.668569882711 261.630972226461 265.496969223022 266.787846883138 266.866902510325 261.836191018422 259.561200936635 262.205759684245 265.024701754252 256.176590919495 253.140727678935 251.17435057958 247.233033180237 246.371209621429 251.688500245412 247.847020626068 244.172692298889 247.05296754837 250.596006711324 255.787670612335 255.910277366638 251.917620499929 251.254737377167 263.788779576619 266.340891520182 244.61551507314 228.305697441101 230.798006057739 241.376638412476 255.014518896739 265.377720197042 265.777190526326 255.308906237284 241.012970606486 206.638971964518 152.201731999715
268.627206484477 270.588457584381 277.883728345235 275.643726189931 276.966293652852 279.169976711273 278.286556402842 275.082588195801 266.459206740061 263.567328453064 265.60652256012 263.683160146077 262.046674887339 264.694670836131 265.728731950124 260.910630226135 260.950644810994 261.978069941203 259.746034940084 257.488052050273 249.86473719279 245.216071605682 245.631376902262 242.43833621343 240.443050861359 245.351175467173 239.817102750142 241.57718817393 247.377256552378 248.45016002655 246.084749698639 241.373717784882 247.706214586894 257.093985875448 252.682507038116 230.124076207479 224.532624085744 236.562351385752 252.072056134542 255.639294783274 252.988378206889 249.029735724131 240.242560704549 225.02322991689 196.63675626119 154.786825180054
267.668207486471 272.194703420003 274.017532666524 274.488389492035 275.407373905182 277.481933434804 277.925431728363 274.163822333018 269.799033800761 265.412052472432 267.130414644877 263.966997464498 259.896655877431 257.843732833862 256.679574648539 255.757212638855 251.273155212402 254.880865414937 257.43047396342 250.270009040833 247.502088546753 245.315094788869 243.59134833018 242.684404055277 239.405790964762 249.005039532979 251.018663247426 247.850338617961 246.752401192983 244.644701480865 240.403016408285 234.736979007721 239.41977818807 239.772081375122 235.373159249624 225.070039431254 228.581428527832 244.256953398387 256.501952807109 250.735263029734 250.608086585999 241.471429665883 230.771760145823 217.333277066549 198.257386684418 170.092840989431
272.476037343343 275.646011034648 272.604048252106 275.370657444 274.217983086904 274.41660563151 275.06685256958 272.356232007345 273.574411869049 269.976198673248 266.936818758647 265.066544214884 261.309504508972 254.761894543966 254.335820674896 254.884978135427 249.561985333761 249.331593513489 253.590623537699 251.197556654612 247.856199741364 246.719121932983 246.423085530599 246.123274167379 245.980401833852 247.212568918864 250.736236572266 248.729526996613 247.857292493184 245.493233203888 239.729861418406 235.160092512767 235.766470432281 231.101592381795 220.878720283508 213.566064834595 221.651514371236 240.062614281972 245.38916349411 234.516580899556 239.819884300232 230.366031328837 222.219189008077 222.646017869314 219.512204329173 193.067530790965
270.575722058614 272.097011407216 274.436632792155 276.103655497233 274.341364701589 273.324867089589 273.969848950704 276.557604471842 272.910535335541 269.3772315979 268.429716428121 266.42898718516 260.401010513306 258.043567339579 255.922277768453 257.924914360046 253.674666086833 247.024595737457 254.36141093572 252.633213996887 249.198993047078 250.997463862101 248.977224032084 244.548479715983 250.916600227356 244.889159997304 245.515068372091 248.702903588613 247.591296831767 245.827476183573 240.9787774086 238.362630208333 234.560092290243 229.351242383321 221.81628147761 214.868684609731 221.183935801188 233.29613606135 233.379244804382 232.491095860799 236.180861790975 226.628462473551 226.625184218089 235.08624235789 236.600120862325 211.673061052958
265.506585439046 267.668187618256 270.701090494792 271.346052487691 273.362318674723 274.591346581777 272.984345753988 270.829240481059 269.69305674235 271.255970001221 267.253816127777 262.920022010803 261.877338091532 260.283509890238 256.16975625356 256.197571754456 253.912429014842 247.130950291952 249.332924683889 252.379655838013 248.507658640544 247.925122578939 251.11997127533 243.061661720276 245.897591114044 245.532155036926 240.541537602743 243.46266190211 245.046178499858 243.069926897685 243.500133355459 241.506993770599 233.752767244975 233.14909140269 236.195047696431 230.139334996541 229.073325792948 230.202456315358 233.427206675212 243.002494176229 236.479659875234 227.707306543986 233.419994513194 237.163841724396 233.855644861857 216.923515001933
258.194406827291 258.85542233785 261.701087156932 265.290935834249 270.708362261454 272.636195023855 270.350992679596 267.662723859151 270.452936490377 270.64836025238 269.513289133708 264.702518781026 263.140877087911 262.283762296041 258.352080980937 252.937833468119 252.890268961589 245.379944642385 248.318036397298 251.937588055929 252.17870871226 250.461200873057 250.899930795034 248.182773590088 245.557109514872 248.544732729594 244.449774424235 246.859927972158 251.251439253489 254.397511482239 256.701469421387 255.018711090088 244.189540545146 246.316313743591 246.605118115743 239.635129769643 239.099760850271 237.923582394918 238.135675589244 242.003818353017 231.031636397044 225.111842155457 222.658673922221 219.824095567067 217.892209688822 217.114627361298
253.641605377197 251.443386077881 254.695693651835 260.973532994588 265.982985496521 269.253154595693 270.519256591797 272.376338640849 271.471758683523 268.812815348307 270.831843217214 269.290824731191 264.532844225566 262.587587038676 259.663283824921 254.79644536972 253.681937853495 246.082663536072 250.310023625692 254.820704460144 255.255421002706 253.667195638021 252.096076806386 251.073122024536 246.920704841614 252.436737219493 252.494951089223 253.837565581004 258.732398351034 263.949632644653 268.510023752848 268.385608990987 258.280515670776 255.216479301453 250.252882639567 243.829886118571 241.832733154297 244.296312332153 241.427302360535 230.209012826284 219.4904088974 222.18398253123 220.829705397288 214.999715487162 212.166984875997 215.995252132416
254.596412181854 255.35261631012 257.584134737651 262.460748354594 264.00496562322 265.129208564758 270.505905151367 273.119449615479 273.113449414571 270.989159742991 270.801663398743 269.47949330012 264.811098575592 261.383652687073 259.824951489766 263.074278831482 255.053738753001 250.467240810394 252.900699774424 258.304099241893 258.595148722331 255.658527215322 254.058082898458 252.240339914958 247.766315937042 253.032505512238 257.956226666768 258.279085159302 264.163672924042 267.929017543793 273.210207621257 272.910952568054 263.896028200785 256.52801990509 244.248310724894 237.211187680562 239.420533180237 246.052304903666 239.297906557719 220.752954483032 214.900612831116 225.596348444621 227.273265520732 219.298124313354 215.850313504537 207.809587319692
253.290196259816 260.746975739797 262.79612382253 264.461894830068 264.184772968292 262.185156345367 268.205841382345 271.704355875651 270.118236541748 273.703038692474 270.83694934845 270.626266797384 268.800735473633 263.055046399434 259.852151075999 266.722897688548 260.055363178253 252.231955528259 249.419609705607 255.154669284821 255.62713543574 253.609855969747 251.196265220642 249.511818091075 246.818741162618 248.108108838399 251.869877179464 252.290527025859 253.908753395081 259.361982345581 266.8643395106 268.682062625885 258.923987547557 242.183287938436 210.066060225169 200.489640235901 217.688957850138 234.572132428487 238.633175690969 237.520813941956 238.105913003286 234.597643216451 217.248737812042 211.114327112834 220.139543215434 202.837824821472
254.438678423564 252.011775970459 251.081347465515 253.810207049052 260.626753171285 264.279425144196 262.782235940297 268.718143304189 267.135183016459 270.656744639079 270.16548315684 271.912038326263 270.312269528707 266.100287437439 260.868350664775 260.111411412557 262.330273787181 252.063949902852 246.846437454224 248.742361863454 248.078584671021 248.562296231588 248.384594917297 242.607414722443 245.332757631938 242.365578810374 243.426918983459 244.017958641052 245.981196562449 245.064934094747 250.032067298889 254.237671693166 238.243222236633 212.004462877909 179.292778174082 162.783225377401 175.400813420614 204.787850379944 231.822987397512 236.536939938863 238.474090894063 227.235913276672 208.747108777364 207.260171572367 211.394409338633 193.212529023488
257.846196492513 247.50812848409 244.862238566081 248.501658439636 259.389420350393 266.926089922587 264.639457066854 266.703983147939 267.28347937266 267.236590385437 268.386999766032 269.157608350118 271.317541599274 269.727925459544 262.801766395569 260.375956694285 263.093849023183 253.666996955872 248.906036218007 252.190669377645 251.159727573395 247.803608576457 245.898147424062 241.714199384054 242.804229259491 238.756895065308 238.008836905162 240.407427151998 241.149504979452 235.099037488302 227.696577707926 227.081139882406 206.06529712677 185.704529285431 172.71089553833 162.266333897909 148.07473619779 158.000359932582 179.640968640645 208.571453889211 223.877529303233 211.227079232534 206.091602643331 205.015659332275 190.708120663961 180.034240086873
259.200811386108 252.227743466695 248.146414756775 251.733740170797 259.325563907623 267.212430636088 268.562098344167 264.913241068522 268.545985221863 267.216563224792 268.845995267232 270.655949910482 270.923654238383 270.461042722066 265.134453773499 263.816237449646 265.302220980326 257.53128528595 252.190172672272 253.576437632243 255.648295084635 251.380324363708 248.495678106944 246.895293394725 242.978751659393 244.31041876475 242.15571085612 239.467938741048 231.007973353068 225.820819536845 214.415411154429 214.615603288015 204.447865486145 196.090737978617 197.584907213847 193.241715431213 174.154202143351 160.305847724279 151.400834321976 164.077232281367 186.797738075256 188.243885835012 179.338177045186 167.834599812826 165.181656678518 169.305662314097
262.317379315694 260.190049807231 252.73593266805 249.193072319031 253.812432289124 263.677358627319 267.205556233724 264.851649602254 265.950540701548 269.546349843343 272.811790307363 274.221777915955 272.225280602773 271.250943342845 267.959793408712 266.146938006083 265.950282414754 262.610753377279 256.653030713399 254.485825697581 252.663095792135 252.65896320343 252.425332864126 250.509897867839 248.517374197642 246.157685915629 238.330602645874 230.731348196665 224.132438500722 218.725840250651 215.452551841736 216.977457205454 210.993111133575 213.460882504781 219.765404860179 224.207182725271 224.788904190063 211.7840051651 193.441430727641 160.196999708811 164.701322714488 175.026218096415 173.827807108561 167.034268379211 170.577108860016 184.185942014058
264.353772004445 261.932730674744 258.924901485443 252.511282761892 249.750554561615 261.385480562846 265.630006790161 264.859159787496 263.381024201711 267.016092936198 274.510502815247 274.202346801758 271.904091040293 271.971603234609 269.284784793854 265.337228775024 266.520857810974 263.512372970581 256.437182426453 257.021546363831 255.437036355337 253.883361816406 252.421240011851 248.32022190094 245.991547902425 242.09193388621 226.759354273478 203.681270281474 199.162701765696 204.071501890818 212.956488132477 213.810324668884 210.014859835307 210.368533929189 222.23832209905 236.984928448995 249.714811642965 253.618280092875 245.008925596873 200.615763664246 170.43282588323 182.022551695506 195.535262425741 202.852030595144 209.328949451447 219.222247600555
263.737678527832 261.314113934835 260.61757405599 258.426308631897 251.645465691884 255.335847536723 265.199244022369 267.074167728424 262.953241666158 264.119168122609 272.734264532725 273.634692033132 268.802920977275 270.206650098165 270.65630753835 264.228940010071 264.124274253845 260.711411635081 257.00839360555 257.221837838491 259.226461251577 257.947425047557 253.423790136973 247.447848320007 246.616542339325 246.178249518077 229.630370934804 207.743148008982 204.217255115509 210.62437693278 222.653150558472 218.987782796224 219.206114610036 225.103894869486 236.221094926198 243.395646413167 241.410215695699 215.076088905334 194.434801737467 192.779362201691 197.793483734131 211.377799510956 203.995068868001 197.810630003611 192.05367565155 205.637256304423
254.511892795563 259.789804617564 258.18407535553 258.45992565155 254.027525583903 251.047889391581 264.254927635193 267.6815589269 264.510273933411 262.278954188029 269.471009572347 272.302051385244 271.551489830017 266.776820023855 266.927282015483 262.887100378672 260.164976119995 260.076721509298 258.930285771688 261.953075726827 262.372891108195 258.689304192861 256.81479771932 253.285686175028 247.649451096853 250.431597232819 246.542374293009 238.049626350403 232.501228650411 232.532302538554 233.603815237681 226.0955174764 230.307797590892 237.143715222677 233.554621537526 216.752668221792 198.671003182729 154.326756795247 132.869223753611 168.780227502187 208.834032217662 221.2722102801 202.209194501241 195.47959168752 196.500698725382 207.247893015544
243.335644404093 255.854765574137 255.966345469157 255.978802839915 255.537430445353 250.574668248494 258.170485496521 266.614178816477 270.739237467448 265.835762023926 266.783197720846 270.073791344961 269.935766855876 267.661690711975 266.192475954692 265.476842721303 259.70991452535 259.585996468862 254.417936007182 252.469122409821 251.669486363729 250.477572282155 249.33781226476 247.35168615977 248.00431728363 254.703720410665 261.228362719218 261.695742607117 246.832350889842 244.217038154602 235.595146814982 224.554856618245 227.49263048172 209.034581979116 183.872779210409 157.924950122833 146.234114964803 132.556895414988 119.178831577301 134.312172730764 160.483866930008 190.642317136129 206.143001715342 223.740875720978 250.23885567983 254.041314125061
