input/barkrak2/radiation/dir28824.grid
NCOLS 85 
NROWS 70 
XLLCORNER 665100 
YLLCORNER 4664600 
CELLSIZE 20 
NODATA_value -9999 
[rows 0 to 20 of 70, columns 0 to 47 of 85]
157.077918450037998 171.890497207642 189.146598180135 210.429529349009 221.143047014872 222.658177216848 219.152092933655 215.250452359517 215.229550997416 218.122879664103 218.461473782857 216.708461443583 213.739216327667 215.213974316915 217.585504055023 207.06562201182 193.407515684764 181.608080863953 178.90453338623 169.101178646088 168.159405390422 185.277958710988 212.324579556783 220.024943351746 222.847918669383 235.152920087179 233.584582805634 218.161145846049 204.568346341451 203.769008318583 199.293971061707 221.477071444194 267.838219801585 267.383515834808 264.998038609823 250.271121660868 254.259030024211 269.216577212016 265.563110510508 266.709049542745 254.528979460398 259.098807970683 267.286360263824 263.383090496063 252.519726753235 255.289773146311 260.547578334808 232.305069764455
134.697169065475 151.350259780884 167.235891024272 187.689046065013 202.871521313985 209.890882174174 212.714691956838 216.513653596242 223.731219768524 224.785844484965 221.505284309387 217.925945917765 214.959700902303 215.635418891907 215.561191240946 203.7087281545 199.547032515208 190.0741259257 185.187439123789 175.438384215037 182.044009367625 206.165671348572 228.688339392344 231.364448865255 235.08741458257 241.671661535899 236.140052477519 222.51695394516 209.509253501892 205.789645512899 206.578453381856 236.030618349711 269.32817697525 268.172899881999 264.424343903859 253.065466880798 258.433620134989 269.962052504222 264.44007953008 265.113830566406 259.071052074432 259.173591931661 255.650162696838 249.111791451772 245.392799377441 253.449241320292 251.722494761149 216.028690338135
97.7423489093781 107.475330432256 121.237486600876 135.294198989868 149.936576684316 161.163489023844 174.13584391276 193.257053693136 207.656443119049 210.290173689524 212.301671504974 216.755112012227 223.57565164566 226.803203423818 227.174361546834 229.399164517721 228.167812029521 217.211127281189 199.910581111908 190.819541613261 202.21879084905 218.830903371175 229.752818743388 232.810040314992 237.02871799469 236.850619316101 231.074611345927 222.110331058502 214.149216810862 214.68323469162 224.544326464335 252.157648404439 268.212894598643 267.267386118571 262.272040049235 258.880496025085 264.809191226959 270.248671372732 268.373767534892 262.367089589437 255.608300367991 245.629211266836 231.436351935069 227.482934792837 236.972153186798 251.15313132604 238.51482073466 205.989003181458
79.6620746453603 78.8340469201406 85.9816670417786 92.6916400591532 100.703001022339 108.328501383464 117.686301469803 135.599027077357 157.419413328171 176.938533782959 194.287618001302 211.785197257996 223.568956057231 227.839231491089 232.77751604716 239.548444747925 236.66125535965 225.251754124959 207.12943871816 199.555297692617 199.884374936422 200.68105061849 214.486201604207 224.199612935384 225.22379954656 226.336081822713 226.575156052907 223.464369773865 222.484866778056 226.289351781209 231.211165587107 257.117172082265 266.056021054586 263.898432254791 260.220388571421 262.487630049388 265.039106210073 265.791058540344 259.938955307007 250.07160504659 241.901457309723 229.001899560293 224.574307600657 238.54653040568 254.288037618001 248.672644297282 227.372308572133 202.047069867452
100.916484991709 83.7673644224803 71.562002102534 62.0096027851105 63.019519050916 79.0742933750153 104.409118493398 116.100311279297 126.956403255463 135.494252045949 160.16411781311 186.374564965566 202.667355537415 211.161911487579 218.450903892517 223.214606444041 219.626168409983 212.649782498678 205.349167188009 200.839002927144 195.964197317759 193.686366081238 204.710086186727 214.902281761169 218.967874844869 226.532578468323 227.032860120138 225.485463937124 224.593063195546 223.64733616511 231.113413969676 259.628971417745 261.905988057454 262.350777784983 259.426573912303 257.333238919576 256.517767906189 254.595637321472 244.903266429901 236.242413520813 234.772880872091 232.72430896759 238.233884175618 249.144514401754 251.329640547434 228.906432787577 200.253347555796 191.773692766825
146.000365416209 115.937699874242 88.1067315737406 65.3167068958282 56.9542696078618 66.5050794680913 90.084046125412 112.350622812907 117.560605208079 116.515209277471 126.840770244598 142.034033934275 152.052452166875 159.382323424021 169.95890935262 180.318633715312 184.887985388438 192.185898621877 200.668036937714 205.377221107483 205.949564774831 208.074450492859 207.325021425883 209.309856096903 214.66859181722 220.952093601227 225.303451220194 227.721273899078 228.086153666178 229.092558224996 243.964413801829 261.120438575745 256.522973378499 256.062805652618 253.955324490865 252.125382423401 251.088440418243 246.806899706523 236.472547054291 236.827333768209 236.395478248596 233.91862710317 236.364563306173 240.025341510773 229.331215222677 198.512355486552 171.6481645902 180.502196153005
172.03551530838 144.882251818975 122.443070014318 100.032279888789 78.6896000305812 65.6036039193471 71.1622883876165 100.40952761968 118.750015894572 127.317210038503 124.059667189916 119.052668412526 114.283621311188 109.728296597799 111.753205458323 128.500392039617 143.410742282867 166.567434867223 188.802619775136 203.049957752228 210.744043191274 215.607523918152 211.953818798065 208.343843619029 211.517135302226 213.821530342102 218.015889326731 222.127834955851 226.624250411987 233.697136243184 247.574905554454 255.514740943909 249.467730522156 244.60236231486 242.698609828949 239.38775062561 238.865892092387 233.830173810323 228.540897369385 223.831593990326 218.086183071136 216.903626918793 223.747094472249 231.796681880951 222.754081090291 211.972494920095 223.953823248545 234.331965446472
187.966446081797 174.430509408315 159.298042456309 140.708943208059 115.114390850067 83.4991733233134 62.7094805240631 59.938112894694 91.8723543485006 123.910844326019 132.834047079086 129.409889380137 120.235522588094 109.253942966461 95.1030353705088 98.4967947006226 112.203747034073 130.487571159999 156.050095955531 178.457041581472 193.947494029999 206.130723158518 212.755481402079 209.176937739054 207.463224728902 206.988990306854 208.449045817057 211.301187674204 214.736978212992 224.646965662638 237.778862317403 242.982606093089 235.493898391724 229.584058125814 223.953485488892 222.428381443024 227.521856625875 224.115610122681 217.501143614451 200.061659018199 198.131918907166 207.83007144928 225.824971993764 238.201916217804 236.637850602468 237.916986147563 246.288696924845 249.484439690908
146.161605914434 164.111216862996 157.597541809082 163.203448057175 147.11997906367 120.915700991948 87.8124833106995 59.4326754411062 72.0653782288233 92.9806033770243 117.184638977051 130.243957042694 133.054892222087 129.94330128034 115.578194459279 105.930189291636 103.263288736343 107.382367054621 122.030268112818 140.870700279872 159.745037555695 177.779634793599 191.471775372823 190.103153387705 191.904266675313 190.268278121948 191.713770230611 194.357752799988 197.68234093984 208.015402158101 214.128454526265 214.688102404277 211.188753445943 213.438133398692 214.109381039937 216.826836268107 217.53458182017 217.417081197103 212.444603443146 204.919338226318 215.888241926829 229.626536369324 239.535133043925 240.60595035553 234.035491943359 229.296922683716 232.315977414449 243.506610393524
99.4974772135417 116.197685400645 130.052387714386 138.143062591553 142.165998617808 143.580655256907 130.722810824712 107.928772767385 76.5668302774429 66.6435907284419 72.2830295562744 100.009024143219 127.775172392527 140.556712945302 142.032404740651 132.123579581579 118.354966243108 111.258924007416 109.190205732981 111.880302429199 120.965341726939 129.369388024012 143.997877836227 156.24542037646 166.715105374654 168.969889481862 170.216679573059 172.326107819875 176.450689633687 182.755907376607 184.940775235494 186.067640781403 192.507108052572 196.743706862132 201.753795146942 206.036488215129 205.800652503967 210.695862770081 210.92696984609 219.009439150492 235.608200232188 243.882576624552 244.790196418762 242.021997769674 233.430147171021 229.476491610209 240.21585782369 249.672770500183
56.1865419149399 58.8875114917755 66.651850938797 89.6666447321574 101.870238780975 111.712793509165 123.862981796265 119.300703207652 93.0114686489105 67.7139063676198 52.9712637265523 56.0633887847265 76.2961010138194 99.2639859517415 117.164621750514 115.336159865061 109.758267800013 106.176952521006 101.770083109538 96.1427092552185 96.9530443350474 96.7142283916473 104.127109050751 118.344823519389 133.627543846766 147.999823093414 149.672985076904 150.982191165288 160.029649734497 165.32705227534 169.62057352066 173.194408416748 182.711879412333 186.86173359553 188.035527865092 190.288801987966 195.880691210429 203.546663125356 211.0569079717 229.797740777334 240.660806496938 243.694424629211 242.812196413676 239.624659220378 235.956072807312 237.177570660909 245.128512382507 247.374971707662
30.9573362270991 27.9787828524907 29.6432326237361 31.9866389036179 43.613001704216 59.2592656612396 75.2898057301839 78.8017412026723 81.4904520908992 73.4451065460841 59.1228852669398 49.0516771872838 53.0344198147456 69.2338248093923 88.8297359148661 93.0704871813456 105.745236078898 104.703178008397 98.9561676979065 91.0539925098419 87.8445009390513 87.0599051316579 89.4203384717305 98.5321005185445 108.601540327072 117.687324682872 123.293121655782 128.847072521845 137.146204710007 143.038054307302 148.02951614062 155.039151509603 161.14221016566 164.765139420827 167.127589384715 171.857337156932 183.677653471629 196.018318335215 202.180862426758 219.12827094396 230.616052945455 232.948005199432 229.094862937927 224.738438924154 223.429401715597 222.8963971138 229.392170906067 237.5248670578
23.659460246563 16.2421017885208 12.7611284454664 5.27496263384819 3.08787388106187 3.63322657843431 22.319108247757 42.4084961414337 62.172124783198 70.7477231820424 75.613205631574 60.9936416149139 48.2365339994431 48.9021490017573 63.3821487426758 84.9306682745616 100.7259786129 107.935965061188 104.518165191015 98.7277328968048 92.1562115351359 94.8907832304637 97.8823602199554 99.2575287818909 102.502922217051 103.669077157974 108.779668807983 118.689994017283 124.621272087097 126.90269947052 132.930338382721 138.173878192902 139.381070931753 141.37398203214 146.229565143585 153.339604536692 165.37880897522 179.883937040965 184.45477883021 196.226119995117 204.177101453145 206.030646959941 203.892807165782 208.864370981852 208.232720692952 210.014204184214 213.811735312144 218.725244204203
24.0551084280014 7.57758629818757 1.51802320033312 0 0 0 0.259607293022176 17.680519570907 36.6854717334112 57.1214954058329 72.7633784214656 75.5571275949478 72.4425067504247 63.6926194032033 62.320684393247 79.1812241077423 92.9035147031148 103.953093290329 114.941000938416 113.965044418971 105.326592922211 102.072308460871 101.666857798894 104.219367106756 110.02970735232 109.644770622253 113.146841526031 122.162580490112 124.976426362991 119.922459125519 125.529199838638 130.812038977941 132.402350505193 133.066713809967 136.938472588857 144.319911797841 151.435673236847 158.25476249059 163.985172907511 167.168458302816 174.223959445953 181.082765261332 188.962201277415 197.013815244039 194.744567076365 205.244898796082 205.778479576111 202.874541282654
32.3752587040265 11.5456444521745 0.448692357167602 0 0 0 0 4.45140960315863 17.552441606919 36.3084599375725 67.6698038975398 89.5249048868815 97.6964930693309 90.6144678592682 80.4163366556168 76.1561890443166 80.8368623256683 94.1513578097026 110.751459995906 119.439740975698 122.28254477183 115.820070107778 114.960392316182 111.679573853811 110.475987195969 113.843927780787 121.675431728363 124.379217624664 122.912059227626 119.302759567897 121.019681294759 126.013229290644 126.577029625575 126.409421364466 130.120992660522 135.065694650014 136.043359835943 135.492742061615 142.044971386592 143.431852261225 150.150984525681 158.818980058034 165.396511554718 172.250469525655 176.122029622396 182.285408178965 192.539572715759 203.0095855395
28.7764544288317 14.0087120234966 0.810898374766111 0 0 0 3.09278381367524 7.67861679196358 17.345167696476 30.0732553005219 55.0170441468557 84.6385757128398 98.2616941134135 106.90043369929 98.6539920171102 78.9179156223933 73.5126634438833 77.5163173675537 92.7628775437673 114.139308532079 127.297947804133 125.42732556661 126.547147830327 119.410932064056 116.039206584295 117.898275454839 118.582427501678 119.018773237864 124.302059412003 126.822690169017 126.376271247864 126.589000225067 123.446116844813 121.789107720057 122.790018717448 122.67408768336 118.983884652456 115.378081798553 119.580090045929 122.691730658213 127.041131258011 133.532226085663 137.164940436681 140.809506177902 155.577441056569 163.478165864944 178.174694379171 189.654568831126
24.5212987065315 17.6946980257829 2.23543774336576 0 0 0.0311332502557586 4.82117446760337 13.1096616387367 20.6050636867682 26.8671363592148 40.3153946002324 68.5652643442154 90.1145736376445 100.894351800283 108.32221309344 101.774702469508 98.3821352322896 89.9776021639506 84.1471453507741 93.0262207984924 114.151577154795 128.253320852915 133.064250151316 127.858618895213 123.313476641973 122.298121452332 125.337104002635 120.834608872732 127.327690521876 130.880574385325 139.609227577845 128.125101327896 122.514228026072 118.113030989965 113.356053829193 112.075328826904 107.034206390381 105.89141647021 107.35892256101 111.636569102605 112.733562787374 116.100251674652 119.679103295008 123.893241087596 143.533200025558 154.241979122162 164.233495791753 172.01292514801
20.4986433188121 19.3647183477879 9.61659972866376 0 0 2.99372430890799 9.16797916094462 20.7460323969523 27.5067041317622 32.4950565894445 39.7980287671089 54.599737127622 75.5186627308528 91.200202703476 106.758097807566 117.659320433935 114.639202753703 108.594983816147 97.8712439537048 87.6556833585103 95.5727696418762 119.584232568741 127.017895380656 129.931231339773 129.515588283539 133.744845787684 134.258240461349 130.282163619995 127.242386341095 127.26174791654 131.112277507782 118.642747402191 120.867609977722 118.422617514928 110.986123482386 108.676820993423 105.405330657959 105.213592449824 105.781604846319 107.675274213155 109.690298636754 111.660599708557 112.317264080048 114.475717147191 127.559572458267 144.092907508214 153.617719809214 155.493944883347
21.9157909353574 25.2310236295064 24.4100193182627 1.27510788540045 0.512814847752452 11.4383039375146 16.4881174763044 27.7206252018611 37.1807341774305 50.059586763382 56.6244622071584 58.6947898070017 67.3602720101674 78.1955073277156 94.2551891009013 111.449390649796 115.522255500158 118.394434452057 118.96358927091 102.99230615298 88.4708762168884 101.971844832102 112.328469753265 122.790386279424 131.828476985296 139.332880576452 137.252628803253 138.130327065786 128.781179587046 127.736906210581 115.878184636434 111.145466566086 113.286445538203 100.667367378871 99.239965279897 110.861589511236 109.095871448517 105.444053808848 105.549911657969 108.003169298172 111.561636130015 113.95995815595 113.599836826324 114.022423823675 116.182635227839 129.994581143061 136.670480171839 137.19246784846
23.1232494115829 24.2259999116262 27.3338109254837 19.8555414875348 10.1218658188979 19.4673736890157 19.4775934020678 19.5348237951597 36.9195093711217 50.2064824104309 58.068926135699 55.3695956865946 55.9973667065303 64.4553999106089 76.7811288436254 94.3355758984884 103.220244248708 110.073149204254 116.234888633092 118.119418621063 112.147311369578 99.8600721359253 103.772064050039 113.223095734914 121.473143498103 131.60906235377 131.031046311061 133.147070805232 132.588615020116 121.817102034887 108.299960692724 106.095612049103 93.3428506056468 82.204540570577 89.1766051451365 85.7239564259847 87.8639022509257 83.0056369304657 79.324613014857 90.9803609053294 102.912276983261 105.958938598633 108.914156754812 109.804312388102 105.298896630605 117.784043153127 118.730882803599 121.57878279686
28.1252264976501 20.475613574187 17.5624961654345 29.7846893469493 25.9643445412318 25.4814426104228 19.6235105395317 20.3347504138947 32.6839213569959 41.1635835965474 47.6793547471364 48.0690052111944 48.4770685434341 52.354688445727 61.254953344663 75.5259195963542 86.8321855862935 95.4202711582184 106.276710828145 121.762047211329 126.701802015305 118.351429700851 117.699205875397 121.373474597931 124.805589516958 122.843305269877 120.441973209381 127.063065767288 121.964871883392 108.445922533671 107.525100310644 86.1614942550659 67.3363606135051 54.8440714677175 44.5177952448527 52.1023770173391 51.4957805474599 62.0644092559814 67.4057106177012 70.069616039594 75.5462348461151 84.6282839775085 91.7544960975647 90.5176997184753 97.6852675278981 104.23285762469 107.864946126938 113.742967446645
