input/barkrak2/radiation/dir28624.grid
NCOLS 85 
NROWS 70 
XLLCORNER 665100 
YLLCORNER 4664600 
CELLSIZE 20 
NODATA_value -9999 
[rows 42 to 62 of 70, columns 0 to 47 of 85]
142.900675535202 140.124509731928 142.146875460943 139.828205108643 133.214026689529 129.748622576396 125.92891852061 122.396290302277 121.540586153666 118.939469257991 116.077284018199 114.149510860443 118.702799081802 121.849298477173 120.377699534098 117.747555176417 113.672186930974 118.705054124196 120.345155398051 114.070951938629 111.020137866338 109.286506970723 107.086429993312 108.563393354416 112.954785426458 110.766092936198 107.406000296275 113.844086726507 120.554874340693 123.530407746633 126.201967398326 126.45677725474 137.546330690384 160.227646430333 167.549093564351 147.822300593058 132.551570733388 129.940668741862 131.599009037018 142.265458901723 151.343216498693 154.317537943522 139.380594094594 103.841563065847 40.6563952565193 4.11273911595345 0 0
127.087662617366 129.226446151733 138.304948806763 135.073850552241 138.044734795888 139.660755793254 137.434740861257 132.603814204534 121.623545885086 119.478811820348 121.909081935883 117.750237385432 117.33466386795 122.183432181676 122.088104486465 118.367393811544 118.745923042297 120.329240957896 120.169748862584 115.488300720851 109.348197778066 108.180930217107 105.384608109792 104.223152001699 106.916765371958 110.723584890366 106.787284215291 107.957969109217 114.927222331365 118.612597386042 117.547293504079 116.466263930003 129.213035106659 146.810879309972 150.726109743118 135.458419720332 129.993160565694 136.544913053513 142.63704419136 143.27875773112 137.929777304331 136.045644680659 128.948897123337 100.984652837118 52.4882425864538 3.97066461543242 0 0
124.978929758072 130.8700243632 133.566617965698 134.886980056763 136.02219025294 138.853341341019 138.325830300649 134.549041589101 128.578493992488 122.792422771454 124.839683373769 121.030469735463 116.417576869329 115.735550721486 114.814788103104 115.528374910355 110.986302296321 117.78579155604 119.011263052622 115.748693545659 110.860894123713 110.301951567332 109.032998482386 108.915100495021 105.860978364944 114.758769671122 117.647310098012 116.414407889048 116.197089354197 115.124036868413 111.995756626129 110.464483499527 118.122319380442 123.320321242015 127.884268760681 128.070086240768 133.434057235718 144.342948993047 149.08571044604 140.045116345088 138.191163539886 131.030450264613 125.173985958099 104.162712891897 68.3139165242513 24.6525754531225 0 0
131.85062011083 136.197626590729 133.575707674026 136.762251456579 135.408461093903 134.764562050501 136.620779832204 134.354402621587 135.590106248856 129.661152760188 128.727118174235 126.933763424555 121.125956376394 115.642458200455 115.13818303744 118.36643020312 111.222138007482 114.071736733119 118.867049614588 116.709758838018 114.882260560989 114.029457171758 112.287511428197 112.765073776245 113.401393095652 112.88845539093 119.680494070053 118.140757083893 116.183112064997 116.646965344747 113.591273625692 109.813829263051 115.09758234024 113.271266222 111.200312773387 112.200309832891 121.505031983058 136.880099773407 138.391176859538 123.805463314056 127.412507931391 120.72479724884 117.890030145645 115.099916855494 96.7647433280945 57.5574239095052 16.0180628299713 0
132.031957308451 133.337448040644 136.599272489548 138.383756081263 138.372123241425 137.31657465299 138.605296611786 140.717774629593 136.158883571625 133.455574512482 132.277597983678 130.402157704035 126.846849918365 122.712790966034 121.227492888769 125.787536303202 122.099727392197 115.464766820272 121.403098106384 119.794766108195 116.369783878326 116.755217313766 115.234524011612 113.077104091644 121.00691596667 112.544824679693 113.708118597666 117.611646652222 116.057515144348 117.372592290243 115.975260734558 112.408896287282 112.561027208964 113.410850365957 113.39670419693 112.41070429484 115.845600763957 125.535160303116 127.509603897731 124.143640200297 124.514619509379 116.850922505061 121.722678343455 129.743844270706 121.427396933238 86.8826508522034 43.0344641208649 7.63436034321785
125.535855690638 128.27338774999 133.941491444906 136.188248793284 139.524400234222 141.071498394012 138.076702753703 138.244738181432 137.492706378301 138.728479544322 135.612378517787 130.968749523163 128.508418798447 127.532611290614 125.423381725947 123.767187198003 121.967415014903 112.954884767532 119.365751743317 120.805084705353 116.919825474421 116.933355728785 119.357099135717 111.572176218033 115.075558423996 114.756733179092 109.697371721268 113.771051168442 116.71707034111 116.29577477773 116.247912247976 116.452187299728 111.23929421107 116.1936322848 128.977278868357 130.944122870763 126.132011413574 121.764957904816 125.724732875824 137.231012185415 127.588669459025 119.126856327057 126.970797777176 133.273859818776 126.48206949234 105.062633752823 64.1596813996633 26.1282746990522
118.272443612417 121.892442305883 127.594480911891 131.14207983017 138.150036334991 141.459802786509 138.367672761281 135.665516058604 139.550765355428 140.941669543584 139.27173614502 134.14387901624 131.464838981628 131.430645783742 127.72857149442 123.103280862172 121.74724539121 114.621003468831 118.509819110235 122.597515583038 121.213833491007 120.247135559718 121.673007806142 119.01185909907 116.376658280691 118.096838394801 114.048490921656 117.516994476318 123.762875795364 127.354760964712 132.307241360346 132.481038570404 124.123195807139 125.050842761993 135.826299587886 144.663681586583 141.55520995458 131.056606769562 129.685461521149 136.325359344482 125.911295413971 116.644899050395 114.73889152209 113.838414351145 111.761311690013 110.686997572581 99.8943547407786 43.6673065026601
117.640515168508 115.105976661046 119.819154342016 128.233770529429 134.481400251389 137.701451778412 140.868763128916 142.775078614553 142.899701992671 139.46059346199 140.996317068736 140.05055030187 136.512577533722 132.923016945521 130.281587441762 126.333296298981 123.925069967906 119.762231906255 123.031804958979 127.895613511403 129.166771968206 128.435035546621 124.886939922969 125.293453534444 120.459079742432 122.664590676626 125.094880660375 125.689287980398 132.417688767115 140.330731868744 150.574554999669 150.948703289032 140.795091787974 137.539575497309 134.33712720871 143.570929765701 149.680485328039 145.039776961009 134.574711322784 123.823553323746 113.97326985995 115.725407997767 114.556580781937 108.728448549906 104.657938083013 109.490732351939 103.982309500376 55.5388430754344
118.734031915665 121.551642815272 125.096301237742 131.7999958992 132.915923992793 133.142501115799 141.853153705597 146.638105312983 145.805736382802 145.321349302928 144.285708665848 143.484652042389 138.735393683116 133.358796437581 133.843372265498 136.743724346161 128.05300951004 125.801056623459 128.625849882762 134.308944145838 135.208636522293 132.419049739838 129.038711388906 128.34761540095 121.350725491842 127.939343452454 132.023384173711 131.303171316783 136.500865221024 145.199994246165 156.596690416336 162.318915128708 152.684986591339 139.825691779455 128.406494855881 130.507439374924 143.331825733185 150.818129380544 139.138569434484 116.751293341319 108.729561169942 117.353578408559 120.984415213267 116.839687029521 110.697170098623 107.082217931747 90.2698338031769 62.0516041914622
119.259456793467 130.540410677592 133.114198843638 134.973526000977 132.779816786448 132.022281487783 139.50635989507 145.723819732666 144.852022329966 150.165637334188 147.159079710642 145.752191543579 142.452110846837 137.673904498418 136.276662349701 142.880837122599 135.22203763326 130.242635806402 127.71221001943 130.582580963771 131.065905094147 129.458983739217 128.216256697973 124.439607063929 122.062315543493 124.46986635526 127.653380235036 128.877421220144 131.514290968577 137.044131755829 147.874852021535 162.634501854579 154.849161704381 130.519568920135 97.020169099172 89.9770557880402 109.36317841212 134.751905997594 145.25318145752 143.070330222448 138.142158587774 127.556800842285 111.430505911509 108.393718798955 117.845873037974 108.614951372147 86.0587358474731 73.5973616441091
123.05881579717 120.881736278534 120.645513137182 123.598158359528 131.008197863897 135.84574063619 135.795543591181 142.648826042811 141.856610774994 146.163205305735 147.050619125366 148.45210313797 148.433337608973 142.511576414108 139.078478018443 137.751132249832 139.236688613892 130.753388007482 125.039845705032 123.470366001129 122.956832249959 124.859154224396 125.990231831868 118.56397986412 120.308657487233 117.45419104894 120.859503746033 120.6094622612 119.214534759521 119.750459988912 127.828737099965 138.383815685908 137.503574291865 110.042969385783 74.5436996221542 55.6194335222244 62.0023260513941 90.6190276145935 123.521188894908 142.956366141637 147.828708092372 129.565924406052 105.010767777761 100.991169611613 111.556460460027 99.2674132188161 82.0047954718272 91.0416940848033
126.885851224264 116.056064764659 112.878819306691 118.93027027448 131.202151377996 140.537957350413 139.245967070262 141.002386808395 143.211861451467 142.818689346313 145.785510540009 148.134549458822 149.575263261795 147.086570660273 142.160793145498 139.280050992966 141.536951065063 132.956653833389 127.961178620656 128.799011309942 128.438194592794 125.804493824641 124.061942100525 118.887960910797 118.863195180893 117.358535528183 117.283274730047 116.364856561025 113.589902718862 109.878162542979 102.161814769109 108.145435651143 109.017123778661 90.9536381562551 75.3461420536041 56.8440953890483 33.2294950882594 35.3327716390292 66.1074717839559 102.435708045959 127.453714609146 117.252329985301 104.905247688293 99.0123351414998 92.3145711421967 86.2245559692383 79.4446567694346 102.280517419179
127.798914909363 121.153295040131 118.108044068019 123.60617518425 133.690565824509 142.533590396245 145.243962605794 140.852034091949 145.816544691722 143.46785346667 147.702316443125 149.140566587448 150.28315782547 151.340593894323 145.847449700038 145.187695821126 145.247360070546 138.550619284312 133.867154518763 135.273218154907 135.216603676478 130.738586187363 128.26140721639 128.341495990753 123.520771662394 122.914175192515 119.493832190831 116.724799076716 110.881706078847 103.956679503123 94.1024919350942 98.4149575233459 101.44438346227 101.225157578786 99.8187760512034 87.749312321345 59.8024725914001 43.2513604561488 38.3824979265531 42.176475127538 87.7109368642171 93.4583346048991 82.4310133854548 56.8992098172506 56.3176025946935 75.8120516935984 83.8761627674103 95.4165657361348
131.314605474472 129.532714684804 124.228835105896 122.017939885457 128.54661544164 141.308039426804 143.141905466715 141.347626845042 143.309623003006 148.112247387568 154.186278581619 155.318210522334 153.154164552689 153.232475121816 150.534898042679 149.665375550588 149.853706359863 146.196285883586 140.629132588704 137.348035971324 134.948352972666 132.501393556595 134.10085439682 136.513650417328 130.328406890233 129.587024450302 121.448785066605 110.766003529231 103.383074204127 98.878800868988 97.2031156222026 104.074468215307 107.623338699341 117.966115474701 126.650114854177 124.461561441422 112.261494000753 93.4719443321228 77.9587924480438 48.5661377509435 58.5905661185583 78.9496203263601 79.0005028247833 66.5534089008967 67.1589920918147 85.3781501452128 112.464169661204 109.734783569972
134.489089250565 133.36569070816 131.573061148326 125.987867514292 126.723110675812 137.750228246053 140.855133533478 141.304492950439 140.144248803457 149.4466761748 157.723089059194 156.656444072723 152.317633231481 155.06985783577 156.319429477056 149.528443813324 151.698966821035 146.893074115117 143.342365821203 140.971958637238 139.696598052979 140.468219916026 137.90832956632 134.970963001251 132.370620965958 125.881105661392 103.24098666509 80.3904930750529 75.9595632553101 83.0338547627131 95.3934788703918 100.555658340454 105.950385332108 112.023810545603 127.63367096583 142.21598704656 135.748644669851 130.870223045349 133.02410642306 91.0243491331736 63.2918377717336 81.3602854808172 98.7295011679332 100.642631451289 101.61300500234 117.238352696101 145.686527093252 134.755074977875
133.537749449412 131.037006775538 134.573409954707 134.834051132202 130.671799182892 134.278168280919 141.392290592194 142.708679040273 141.406824191411 148.084690173467 155.889213085175 155.663778384527 150.273621082306 152.69923210144 156.431386868159 146.047095457713 148.348838090897 146.228502194087 143.81683866183 145.786742369334 145.763874053955 145.983914534251 140.988349914551 134.285827477773 132.182935873667 129.179696242015 107.075264056524 83.1242005030314 83.1933418909709 93.2857493559519 104.262848695119 106.513231992722 117.729077736537 128.323932488759 133.341630299886 146.508485078812 142.422735691071 86.0375861326853 73.8083918889364 95.1888759930929 92.1924312909444 106.646319230398 112.014442682266 94.8036015033722 82.9018106063207 96.6872374216716 123.256425062815 117.964843908946
121.181239684423 129.842142264048 132.723500331243 134.75423057874 134.038746356964 130.389630794525 141.917198896408 146.459291378657 145.450512568156 148.822178443273 152.584691842397 153.706898291906 152.221520741781 149.170299371084 150.3520210584 146.007458368937 141.904254754384 144.572158654531 145.779947439829 147.574822107951 149.218589067459 146.61838610967 144.757986068726 137.022952238719 137.485772371292 136.578132708867 130.620539188385 122.801045576731 123.932371536891 128.622164328893 124.750812848409 116.432040929794 132.180074850718 138.803879419963 135.478913784027 111.201077699661 92.0617779095968 51.4863431453705 36.8273208538691 58.0277542273204 95.3440566857656 116.892000039419 114.668587843577 99.1713603337606 87.2530440489451 91.7575558026632 108.440975348155 113.065659999847
110.549906889598 127.1078089873 130.824327468872 133.427838484446 136.03663444519 131.831228733063 137.232561906179 146.184345086416 155.938645203908 156.627118587494 153.107623259226 151.229361693064 152.6198387146 150.614390770594 150.088916222254 147.235840559006 142.361372709274 143.580039342244 140.517175197601 138.070325056712 140.066891908646 138.131807247798 138.748188813527 135.043750206629 138.293772935867 142.760833104452 155.976245800654 159.965773423513 149.65941508611 143.749058246613 130.212088425954 116.558253765106 126.764198144277 117.261866728465 67.2975530227025 55.1026562849681 52.7546306451162 42.6611453294754 27.9758324225744 25.1612092057864 28.0687808990479 81.3111364841461 111.426621675491 133.298893769582 147.651573022207 142.868330081304 136.205067237218 134.069422880809
112.740536530813 123.743325471878 131.600240866343 133.599897225698 135.30828555425 135.557115077972 129.550079504649 140.297989050547 162.130465110143 160.835802555084 152.547707160314 148.888637622197 151.556710402171 154.276529947917 152.287115653356 148.495614528656 146.056065956751 142.585416634878 135.228971640269 126.60073240598 126.635869344076 129.336019357046 128.955543041229 131.044218937556 132.830291986465 141.300171613693 158.6059431235 169.90848382314 157.051702340444 143.232613801956 122.253944476446 106.739183266958 106.3352227211 98.0716745058696 73.679119348526 47.1836626529694 51.8303314844767 63.2091462612152 55.7205428679784 38.7855047980944 26.4517789085706 45.920342206955 89.6665851275126 123.324294885 138.526886701584 133.646190166473 126.141051451365 126.855671405792
125.494261582692 128.848055998484 131.545672814051 127.537657817205 120.804289976756 117.26838350296 126.251737276713 131.877481937408 142.431865135829 140.792101621628 139.02473449707 144.101838270823 150.532136360804 151.585867007573 146.439711252848 148.648391167323 148.037880659103 141.06027285258 131.622900565465 124.259094397227 123.079756895701 123.252689838409 125.748058160146 128.092855215073 129.688809315364 133.030792077382 143.063068389893 154.063443342845 143.839995066325 132.493803898493 117.867966492971 98.7777411937714 89.7745192050934 101.677616437276 93.7626461187999 69.2549248536428 73.4875698884328 109.897702932358 117.013533910116 95.0605471928914 57.5510809818904 45.4276899496714 65.3955588738124 84.5122039318085 82.9608738422394 90.1107788085938 95.1521197954814 100.239048401515
138.810535271962 135.047306617101 131.054788827896 123.178998629252 111.375063657761 102.911611398061 115.832269191742 115.202178557714 102.780749400457 103.603899478912 119.941771030426 132.703393697739 137.467722098033 141.784409681956 145.017464955648 156.050175428391 157.728970050812 147.92463183403 138.209919134776 132.931460936864 129.186789194743 127.619912226995 128.648459911346 126.618206501007 125.48174460729 128.309110800425 130.831509828568 137.112220128377 133.02222887675 110.436817010244 115.01490076383 106.181144714355 96.9020227591197 112.718592087428 115.348736445109 102.233111858368 94.9594775835673 97.9679723580678 103.790571292241 100.626885890961 84.7822328408559 65.963809688886 65.2304341395696 54.019828637441 42.7551865577698 59.7662578026454 73.9491283893585 78.143169482549
