input/barkrak2/radiation/dir29424.grid
NCOLS 85 
NROWS 70 
XLLCORNER 665100 
YLLCORNER 4664600 
CELLSIZE 20 
NODATA_value -9999 
[rows 22 to 43 of 70, columns 0 to 47 of 85]
84.2248300711314 78.0829091866811 55.2002439896266 50.9416162967682 46.0869570573171 25.19824107488 31.9788902997971 32.1354940533638 19.9583868185679 30.0610388318698 35.2552682161331 37.4204268058141 42.0645922422409 42.2546118497849 43.8384811083476 51.2950718402863 62.6089721918106 74.1974761088689 80.622543891271 84.987203280131 88.6436601479848 106.228361527125 118.838449319204 122.52942721049 124.060322841008 115.22967616717 104.561299085617 97.0365504423777 89.1617735226949 71.5739876031876 52.081952492396 26.5086938937505 8.97878097991149 0.822042037422458 0.0879758930144211 0.24036110456412 1.37777967999379 4.18628007173538 4.87991825987895 17.3598863184452 17.6730292538802 16.5302356084188 29.7779192527135 23.9516571164131 46.2780346473058 69.4533487161001 77.9616336027781 80.8251053094864
119.498441616694 108.676095803579 74.3367274602254 57.2468936443329 51.3234237829844 49.7736086448034 44.7047352790833 33.4898432095846 23.978794614474 28.4695128599803 38.2559100786845 41.6709631681442 46.4809834957123 52.9217471679052 50.8467306693395 52.2011866172155 59.8749220371246 72.2840478022893 77.8626998265584 71.3244279225667 70.5161392688751 75.9536921977997 88.9932910601298 101.028243700663 108.781307935715 108.054339885712 99.1487701733907 95.1526363690694 73.1589943170547 34.0920041004817 28.3453166484833 17.641673485438 0.774529296904802 0 0 0 0 0 0 1.49969477206469 0 0 0 33.5853223999341 49.5454519987106 63.3091032505035 70.0364212195079 75.1994550228119
118.685334920883 114.662021398544 92.7103261152903 62.2800439596176 43.3570444583893 49.1025745868683 45.7909305890401 41.2566612164179 33.2785919308662 30.8962315320969 35.4472746451696 38.7840196490288 42.9399857918421 49.8869270086288 50.5197544892629 51.4415949583054 58.2304994265238 69.9364095926285 76.8950084845225 69.9757089217504 67.7335560321808 65.8844262361526 74.8429397741954 84.2838188012441 89.5203550656637 90.9404158592224 84.9818189938863 75.3015577793121 61.3194058338801 26.9320284326871 20.3991507490476 17.9566368460655 4.70622628927231 0 0 0 0 0 0 0 0 0 0.512310963434478 58.8144908348719 62.8072569767634 60.268372297287 66.9124374787013 71.5475777784983
104.702293872833 109.7259024779 102.978895107905 71.8150387207667 44.1072285175323 50.1251717408498 54.5817116896311 62.3057087262472 61.2514714399974 52.2387623786926 44.4407413403193 49.4698882102966 50.6735245386759 58.8890314102173 60.5286111434301 55.2049080530802 57.9311549663544 69.254865248998 76.5383392572403 80.1349331935247 80.8433989683787 77.3274650176366 73.8038718700409 74.3227104345957 76.6874055067698 80.0595829884211 74.3898451328278 72.897657752037 43.8300718863805 38.9035940170288 38.4807387987773 44.4345821936925 37.3699019352595 0.835995034625133 0 0 0 0 0 0 0 0 11.0108355681101 65.7914479573568 71.5346336364746 67.4949785073598 69.2645460367203 71.7894335587819
103.498806556066 109.066635370255 107.283612092336 81.7235956589381 59.8042160272598 66.2061224381129 76.5992800394694 85.6262842814128 92.625896135966 82.5722366571426 63.6790245771408 67.706361413002 65.0005290905635 71.338415145874 72.6762712001801 63.4005169073741 60.9687318404516 71.7819631099701 79.6278963486354 92.2577083110809 92.8861697514852 91.6724801063538 82.4076235294342 77.2105306386948 77.1875530481339 79.7512133916219 75.1229772965113 79.1694968938828 71.1971372365952 70.645531018575 78.8491020600001 100.468178590139 109.713623921076 88.9745354652405 11.6987240811189 2.15728053202232 1.99154950678349 1.49381843705972 0.0666976460100462 0 0.317284371703863 7.46545319755872 41.5144364039103 59.629941980044 65.7136589288712 65.2653376261393 63.1010929743449 61.976432800293
105.403482913971 103.965580463409 104.375759760539 87.7814094225566 89.0993376572927 89.8581147193909 97.9999999205271 101.597398519516 104.203522205353 95.8688855171204 76.5181084473928 71.4351584513982 70.2610810597738 72.9397237300873 76.0106394688288 73.1660226980845 68.8143173853556 76.0630865891774 88.8880093892415 95.9799488385518 93.3363636334737 85.2314829826355 83.0576668183009 84.5888257026672 84.5491290092468 84.888090689977 82.8752368688583 90.7360116640727 106.13626241684 111.470460891724 118.900706370672 127.211481332779 137.567232052485 147.969116767248 106.190820535024 19.3447036047777 4.64661264171203 3.05682451774677 0 0 4.48832257340352 53.6454568306605 57.3066423336665 43.0333216985067 27.9916351040204 33.9192400376002 38.5299523671468 46.7047840356827
108.295828104019 96.1387753486633 97.2518523534139 91.78493420283 110.202054182688 103.415111700694 99.7003018856049 95.8737432956696 89.0149076779683 81.0640106598536 70.5900440613429 65.1620328426361 68.5397535562515 70.2457328637441 81.1576594909032 82.3937753836314 76.1872828006744 74.4249820709229 86.4743192990621 89.5063877105713 86.9725743929545 80.3378969430923 79.8957645893097 86.7823163668315 90.1420215765635 87.1324638525645 87.9364907741547 92.6985641320546 114.728291829427 128.339360157649 138.632396856944 147.508362929026 151.977082093557 156.071583429972 152.59509285291 77.1259764830271 3.19326668977737 0 0 0 17.4316490689913 44.44353779157 44.1992183526357 13.6366325120131 15.3691234687964 15.969538440307 17.3947078486284 26.4745826522509
108.673632144928 89.7017916043599 91.0139580567678 98.7715423107147 110.138158003489 102.11115082105 85.8485003312429 70.0371116399765 56.0785233974457 49.9134560426076 49.2204626401265 54.0242741505305 63.2634659608205 69.5757567882538 81.086794535319 88.7032548586528 84.1829478740692 71.7057635386785 75.7835308710734 78.6000241835912 79.0942658980687 80.7959934075673 80.6352943181992 88.072270154953 93.6410625775655 90.9410516421 94.2384600639343 94.0185189247131 109.612216552099 132.556160291036 150.962541500727 159.949272871017 156.92213177681 161.486168702443 173.724850018819 156.12268447876 67.923496166865 4.0351723631223 2.22150857249896 3.27326605717341 7.2311448554198 10.6730634967486 23.8539179166158 4.54133066038291 4.72965898613135 7.70332974692186 15.1931494474411 24.7083455324173
105.993489424388 107.99311598142 132.080018520355 168.279031912486 142.303009827932 108.360588550568 76.138973236084 50.728569428126 40.6587769587835 44.5135484139125 41.2368501226107 39.3647675712903 59.847836693128 69.9470440546672 83.9285353819529 92.9835041364034 91.4351840813955 77.8657048940659 77.8676768143972 82.1427255868912 79.3373882770538 84.401547908783 86.2092177073161 89.9010300636292 96.6260333855947 101.716051499049 100.605706373851 101.445913314819 113.439987103144 138.329605261485 159.688889980316 165.468742450078 161.556482315063 170.192082722982 180.717428525289 190.483709176381 164.901514848073 103.610138098399 33.8431671261787 11.1556028326352 5.19993559767803 5.67400269210339 11.642741660277 4.16549357275168 3.1495929385225 5.76371389130751 12.8189201156298 23.5002065698306
120.340943336487 156.685163577398 205.912470817566 227.604508399963 208.635687828064 152.185300985972 100.250055392583 65.6683892011642 56.846022605896 63.3108466863632 53.98890376091 46.5560605128606 57.6599140961965 70.2134867509206 91.5283858776093 96.6950058937073 94.2658285299937 87.5636537869771 80.7128647963206 83.6645563443502 83.4853053092957 87.4298612276713 90.0467832883199 90.997318426768 97.4644025166829 110.946446657181 110.939125219981 117.635945479075 125.555207331975 142.316708962123 160.744855801264 169.317324956258 171.537299950918 178.302804629008 184.510827064514 184.889952341715 181.770841280619 171.325544516246 101.781904697418 29.912975927194 9.51558351516724 6.17627240717411 0.933232484385371 5.18924308319886 6.3071238497893 11.8224794665972 10.3684049099684 14.4967014590899
183.074255784353 218.972484270732 241.890609264374 243.329584598541 242.982983589172 217.413902282715 172.164142131805 130.444784959157 104.256431261698 94.4371422131856 88.9307260513306 73.9707003037135 62.4906122684479 67.4838920434316 92.550665140152 98.1568296750387 92.8675134976705 93.625416358312 82.9468170801799 82.139993707339 85.6236120065053 88.1672402222951 89.0603760878245 90.1011923948924 96.1697002251943 111.971994241079 118.264377117157 127.262552579244 134.386678536733 143.769611914953 157.209773858388 169.114212195079 170.662681261698 167.571127414703 169.518093268077 158.820370833079 160.167028506597 147.495537996292 100.99932551384 50.2138038476308 21.369457244873 20.059622824192 7.93584249913692 4.96804062277079 6.02986725668112 4.07117108503977 1.91151211038232 2.01151675234238
232.646743456523 247.829953829447 251.30307674408 247.87050485611 250.178615252177 247.630814711253 226.414521535238 181.657274564107 142.411808172862 120.788524548213 120.619972546895 108.584811290105 83.1348896026611 78.6668707927068 88.8447066148122 93.7714676062266 88.3244474728902 88.5525643825531 82.3387702306112 84.1521322727203 81.7742745081584 84.1642717520396 84.0286413828532 85.6197774410248 92.6752289136251 104.006260633469 117.391089598338 121.46915992101 131.419042746226 143.778592348099 155.824184417725 157.764832178752 148.097972075144 136.790563662847 139.460196097692 122.952193021774 123.536010583242 108.26035340627 70.8625316619873 36.3720804452896 41.1308879653613 35.6865003705025 12.8060939411322 6.5356536457936 2.13305124392112 0 0 0
243.876020113627 249.4242588679 249.136567115784 250.094672044118 250.262935956319 248.6385901769 242.867767810822 213.729461034139 163.637717564901 133.840541044871 131.953279177348 129.054039716721 109.159121910731 93.5198366641998 89.364359776179 91.8603142102559 86.5793228149414 81.7109247048696 83.3979845046997 86.3580107688904 80.9177309274673 81.1006625493367 82.8180412451426 85.0737194220225 89.4106527169545 97.1238811810811 108.864396810532 109.606742858887 119.893809159597 138.694604237874 148.923059304555 144.918312629064 137.423863013585 130.977441867193 123.006224632263 107.805510361989 112.030535936356 109.133611122767 89.1419053077698 56.2683641910553 54.2045384645462 48.1991072495778 28.283899029096 7.18072180946668 3.0374980221192 0 0 0
237.989048163096 241.100668907166 238.601426283518 240.366260210673 238.866666952769 235.274155934652 231.637001037598 214.979926745097 170.754154523214 144.954760869344 136.697977781296 130.632797876994 123.781611522039 103.494743506114 93.8123961289724 97.2488919893901 90.7663305600484 80.9727261463801 86.5942736466726 87.5141421953837 84.7153166929881 81.6692809263865 85.323840379715 90.7572408517202 88.8692637284597 94.4345891475677 100.730588038762 101.260334253311 109.600762526194 129.407962163289 139.851232369741 138.416717449824 139.741639296214 140.749822060267 121.577729781469 114.6273513635 119.445512692134 126.486321290334 121.739466985067 83.6169322331746 39.179320136706 33.3978260556857 7.87672338386377 0 0 0 0 0
217.746277650197 221.092840035756 222.992698351542 218.944291273753 219.08434232076 217.89288520813 222.21960624059 218.713641166687 182.788213094076 149.118214845657 134.788086016973 125.257303317388 119.714895884196 100.989013910294 88.9982581138611 98.4845360120137 99.2055932680766 86.5325232346853 90.0570650895437 93.0327872435252 91.9490456581116 86.6083304087321 88.1200134754181 91.7213559150696 90.6492968400319 90.9207860628764 98.9153981208801 105.644981066386 110.841155052185 124.033669630686 137.425641218821 141.011367241542 141.077011823654 144.615709781647 124.956429004669 125.529338916143 126.015742619832 134.534786144892 134.371072053909 96.2267319361369 23.5178470611572 5.1940322543184 0 0 0 0 0 0
195.912381013234 205.084721247355 215.552608172099 211.597045262655 211.217125256856 217.065274715424 224.04932975769 225.803792476654 201.510528723399 163.501918315887 140.056977669398 118.861844142278 106.628557046254 95.7569281260173 86.9277119636536 91.8365120887756 103.403965632121 95.0322250525157 91.0210410753886 95.4523583253225 95.6200162569682 90.870201587677 89.1334712505341 91.1255280176799 92.2634402910868 92.7684108416239 96.1996813615163 106.999278068542 110.848685105642 117.14842915535 131.250997384389 141.536523898443 143.72326930364 134.787301222483 120.367924372355 134.981950124105 139.580547809601 142.992079257965 141.419519980749 115.823646386464 20.7325940330823 0 0 0 0 0 0 0
160.29879450798 170.684218406677 179.8441807429 184.093475341797 192.669173081716 207.752744356791 219.224711259206 226.24663511912 215.87210893631 179.638028144836 150.914082924525 121.602127949397 104.296525319417 100.769807895025 92.6029185454051 86.1556728680929 99.3365943431854 98.8899568716685 91.4680163065592 91.0178224245707 92.9489533106486 89.4963840643565 87.1506532033284 88.413526614507 91.7436381181081 97.1802572409312 96.812109152476 103.775233030319 109.061857064565 111.559689044952 122.280051310857 139.254589875539 140.500803788503 121.733099222183 124.697287877401 146.959433952967 152.208268642426 147.920608520508 145.732293526332 141.431202491124 84.4632188479106 6.52665831148624 0 0 0 0 0 0
123.382031917572 130.686382452647 129.528204600016 140.548964341482 156.402061382929 174.347996711731 187.685410181681 199.649016062419 197.34529654185 171.276907126109 139.386236667633 114.440937836965 101.63676738739 99.130908648173 94.6980516115824 89.2900427182515 94.1232244173686 94.4020748138428 86.58833305041 86.2644612789154 90.8343096574147 93.6162968476613 91.845711072286 88.4945591290792 87.451974550883 91.2289917469025 97.0896085103353 101.71506802241 108.046472072601 108.932028214137 113.052825133006 126.237034797668 131.69535001119 124.77046251297 148.957868417104 160.751362641652 156.967381636302 149.572451909383 151.987055937449 165.668805440267 160.94633936882 93.6541358629863 21.5140109260877 1.73204004143675 0 0 0 0
112.175732851028 114.06355102857 113.908429940542 115.294575691223 125.039041042328 130.869448184967 135.026802619298 139.993061621984 139.871656894684 122.210890054703 105.879763762156 102.136611938477 100.035528341929 96.1589217185974 93.5346881548564 94.1419502099355 93.1037267049154 93.6859448750814 87.699830532074 86.3274137179057 90.6982819239299 96.1331824461619 97.5120663642883 94.3756997585297 90.6046132246653 88.7234111626943 98.5246698061625 103.43008240064 106.982986132304 110.014468431473 111.247678597768 119.307637214661 124.960919221242 135.085821151733 159.307539463043 159.039656321208 149.044136206309 137.827684481939 140.932023525238 157.063911358515 169.542829195658 164.064109325409 107.239186763763 30.9273848930995 3.19367212553819 0 0 0
121.476928393046 118.537227312724 118.138899405797 117.452373107274 113.222827514013 111.506640911102 109.164704879125 109.705944856008 114.85477288564 105.479598045349 97.9221363862356 98.7653235594432 102.65835126241 102.062563101451 99.5677312215169 96.5609749158223 91.1312202612559 99.5827416578929 99.3583599726359 93.5181578000387 95.5227017402649 97.8001256783803 96.3698426882426 98.2657571633657 99.0440845489502 93.77521276474 99.1204877694448 104.729811350505 107.036014397939 110.057969888051 114.308655261993 117.814729611079 123.621126015981 142.094771067301 153.156022230784 147.428572177887 131.579955418905 120.749215284983 118.305236101151 130.866785844167 162.814398606618 170.345226923625 144.599388043086 78.5933981339137 17.8035336236159 1.3825058316191 0 0
126.361588637034 122.906744480133 125.867694616318 124.484171470006 116.918623447418 112.826883792877 110.104829072952 106.008589267731 105.40117820104 102.645337581635 100.008358558019 99.5319485664368 102.996677160263 107.454160849253 106.304178635279 102.385977904002 98.5120932261149 103.700757026672 105.532596508662 99.4992355505625 96.5948800245921 94.6844617525737 91.041624546051 92.603474855423 96.9649751981099 93.3707654476166 90.1987155278524 96.4952111244202 103.035062551498 105.935792128245 107.126792271932 110.288014014562 121.707101662954 145.644168059031 151.861776908239 132.763097683589 118.39085817337 115.691850582759 117.198983828227 128.083308537801 137.426694234212 140.478690465291 125.111709038417 88.2032016913096 28.7719642122587 0 0 0
110.154459873835 112.579772869746 121.158132950465 118.661751349767 121.566941340764 123.496909936269 122.481683890025 116.988291343053 105.187982320786 104.058007399241 106.818189223607 101.892203092575 101.752569278081 106.511880954107 106.534987688065 103.014886379242 105.000754197439 106.764962275823 106.726864973704 100.742399692535 94.7460929552714 93.2665467262268 89.3580118815104 89.7339284420013 92.4676458040873 96.2155361970266 89.611679315567 93.6015446980794 98.9693204561869 102.540115515391 100.293646256129 98.4380741914113 112.117151419322 130.769381920497 136.250436306 121.04786435763 115.855425596237 121.668706337611 126.927107572556 128.314435482025 123.642424742381 121.698309977849 114.453136920929 86.3133668899536 39.2048358917236 0 0 0
