input/barkrak2/radiation/dir25824.grid
NCOLS 85 
NROWS 70 
XLLCORNER 665100 
YLLCORNER 4664600 
CELLSIZE 20 
NODATA_value -9999 
[rows 0 to 19 of 70, columns 0 to 45 of 85]
233.364284038544014 247.371276219686 261.346022288005 277.494470278422 284.493645032247 283.700346946716 274.821599324544 268.789827823639 271.414279937744 272.031625111898 271.749377250671 274.135788281759 274.29469426473 274.879137674967 277.189314365387 270.358085632324 260.822653770447 250.214000542959 245.035290718079 233.379205067952 226.132432619731 237.207730611165 262.785236040751 268.921891848246 271.755119164785 279.587964216868 277.123967806498 264.674603939056 248.817483584086 245.617886384328 242.011447747548 259.438395500183 298.032601674398 297.802031040192 297.828992207845 280.574798583984 287.704586982727 302.112996578217 296.916643778483 299.101293087006 281.519412994385 283.288359642029 293.161869049072 297.135670979818 290.837983290354 291.728655497233
213.067591190338 229.710380236308 244.04388666153 261.251131693522 272.322436173757 275.051633516947 270.411133766174 269.018073876699 278.235177199046 277.301589647929 272.648612658183 273.558994134267 275.102814038595 276.34068330129 276.112814744314 269.904295603434 265.333473682404 257.960041364034 252.831657727559 239.943861961365 240.352988243103 255.421837170919 274.263123671214 276.834686597188 281.281272570292 284.661809603373 279.274741808573 266.968627770742 253.54129076004 247.215529282888 248.056372006734 272.592067718506 298.738221327464 297.840317090352 297.220230102539 282.528301080068 289.461672306061 299.449761708577 295.142869154612 299.02172088623 292.422731717428 285.170674324036 287.433207035065 289.158304532369 288.792928059896 292.990744113922
177.900155385335 189.763744672139 202.211022377014 214.865565299988 228.132526079814 237.030287583669 245.935638745626 257.995625336965 268.626729647319 267.601867516836 265.522599220276 270.107944806417 279.494325319926 283.66365035375 280.82408507665 285.876373449961 287.492175896962 280.582010746002 266.887664794922 256.4963499705 261.627197265625 269.175211588542 275.786360104879 277.17787027359 283.416867256165 281.812568505605 274.313608805339 266.046325365702 257.297257582347 253.652254740397 259.656071662903 285.298883914948 294.566591580709 296.469748020172 295.643011728923 289.511839548747 291.322986284892 293.59891017278 295.58797677358 297.135094801585 291.934927304586 279.745002587636 272.145211696625 276.033282279968 286.674380302429 293.07758808136
158.977011839549 159.519543250402 167.725880940755 174.890319506327 181.819478670756 187.023440996806 194.031854470571 209.910134474436 229.841768741608 246.179759502411 257.269899050395 271.397709846497 282.37909078598 286.442438761393 287.871301174164 291.983246803284 290.631731351217 282.223264376322 269.591530164083 264.162401358287 262.608408927917 261.215249697367 271.188000837962 273.887952168783 275.859157244364 277.244766553243 273.669183254242 268.069167931875 265.161077181498 264.932413895925 265.242099761963 289.7709608078 294.511914253235 295.693715413411 294.279853502909 295.082132021586 295.302232106527 295.171101888021 296.736975510915 291.749536991119 281.637867291768 270.549237728119 266.31361246109 280.117074648539 296.267569065094 292.353351910909
181.131978829702 164.445479710897 151.524086793264 141.614337762197 144.814074039459 161.200443903605 182.42484331131 193.371534347534 203.535358111064 211.283385753632 232.763270537059 255.332012971242 269.428193569183 276.452322800954 281.417012214661 284.208397070567 278.500199317932 269.132455190023 265.125036239624 264.017502466838 259.268383185069 257.742206255595 268.332282702128 271.271447340647 273.463666439056 278.592268625895 276.027083396912 270.219703515371 267.546117305756 265.490611394246 269.897242387136 295.665204524994 295.434435208638 296.163400014242 291.776935259501 292.888323465983 296.028296152751 296.36021455129 289.263606071472 283.732215563456 280.975659688314 275.352855523427 277.491291364034 285.958647727966 289.476493994395 279.394209384918
224.444925785065 196.380198001862 168.319364388784 144.691467285156 135.31239827474 146.88112338384 172.596573829651 189.989765485128 194.305499394735 193.70710849762 204.410254955292 218.706985314687 228.882392247518 235.789974530538 244.52926715215 252.227425575256 252.977013587952 254.261791706085 260.616679986318 266.244212786357 266.065875689189 269.465923309326 272.201061248779 271.177609761556 274.282832940419 279.319405555725 277.302583058675 274.2693622907 270.33132314682 269.26730076472 282.652159531911 296.885073184967 297.087709108988 296.820600827535 291.849335034688 289.344946543376 292.019327481588 290.477971235911 281.904439131419 283.841411272685 282.877703507741 278.757890065511 279.927531878154 280.019481976827 273.564179738363 253.129442532857
246.963699658712 222.261230150859 201.262633005778 179.793020089467 157.943626244863 145.309825738271 153.220514456431 182.536005973816 196.049471696218 204.932153224945 201.424618562063 196.12185160319 191.783348719279 187.734564145406 190.105120340983 206.029772758484 218.714714050293 237.85928885142 256.129244963328 268.039166927338 271.872957547506 273.433566093445 273.959000905355 272.053082784017 273.718138535817 276.166339715322 277.992844581604 276.850700378418 272.91864156723 276.894569396973 288.761556148529 296.639343102773 296.150684356689 294.093668460846 291.186451911926 284.81270869573 284.934461116791 280.643999576569 278.64412466685 277.383267879486 271.780073642731 269.220511118571 273.660620053609 276.673038800557 265.409429868062 255.466004212697
256.799936294556 246.173520882924 234.150846799215 217.924475669861 193.775316079458 163.028379281362 141.913831233978 141.631742318471 175.600429375966 201.880892117818 210.100531578064 206.080317497253 196.955482165019 186.776518821716 173.617998758952 177.246352036794 190.286338329315 207.349081834157 231.19976123174 251.045068105062 262.532393137614 269.123176733653 275.421977043152 272.959510485331 271.517634391785 271.399021148682 272.173464298248 272.03905582428 271.394689877828 279.229998588562 288.116415341695 291.95902744929 289.664328098297 286.132216453552 280.378878116608 277.633726596832 279.224753379822 273.273944854736 266.01634422938 256.438215573629 257.742027441661 266.919036706289 281.188686688741 288.261731465658 276.827394962311 273.179054260254
248.628377914429 249.009072780609 244.450529416402 235.849797725677 221.630215644836 198.319872220357 167.189399401347 138.358881076177 152.840952078501 175.102849801381 195.767641067505 206.144293149312 208.353976408641 205.520292123159 192.94406970342 185.113668441772 182.366172472636 187.121252218882 201.448698838552 219.581186771393 236.137608687083 250.023623307546 259.559492270152 257.035533587138 258.773386478424 259.218176205953 260.115742683411 261.109928290049 262.529651323954 271.560192108154 277.230898539225 276.651501655579 274.874091148376 274.607559045156 274.063110351562 274.840732415517 274.387081464132 270.039399464925 261.431694030762 257.482528686523 271.585901578267 284.378170967102 290.814936161041 291.253467400869 277.668356895447 272.185166676839
217.410365740458 227.677464485168 232.993324597677 233.01488161087 229.849616686503 225.188752015432 207.738995552063 188.351492087046 156.891286373138 146.239459514618 160.296022891998 186.445116996765 208.982249101003 220.233778158824 221.434613068899 212.354302406311 196.712176005046 190.704226493835 189.942479133606 193.489909172058 202.698588371277 211.072822411855 221.097926298777 228.994846343994 238.069971402486 241.291344165802 242.177446683248 243.13352505366 245.648860931396 252.578417460124 253.629108270009 254.496653874715 260.916252930959 265.350083510081 268.309851487478 268.305043379466 266.846080621084 269.055684407552 261.446217695872 266.978363196055 285.183866818746 292.59051879247 293.888092041016 291.044592857361 276.525696118673 271.410981814067
161.452213923136 176.773111025492 190.316458543142 201.702992121379 211.968660354614 220.259507497152 221.644282341003 215.544641017914 186.693648497264 160.304576158524 145.016302665075 153.050690889359 181.474526723226 208.399454752604 224.116881688436 213.809708754222 205.174883206685 197.547813256582 189.085821310679 183.509886264801 183.847884337107 184.315184752146 188.263793786367 202.419400215149 216.035743554433 224.492092927297 226.285358270009 226.716816425323 232.885956764221 238.229910532633 241.371929645538 245.046734809875 254.595756530762 258.701642354329 258.593658606211 258.634448051453 262.730956077576 267.350713411967 266.257921854655 278.225898742676 289.013385772705 292.064229647319 291.90593957901 289.188067118327 281.793216864268 281.452079614003
116.639753182729 122.765590747197 131.674995024999 145.353982845942 162.994305292765 180.421988169352 199.849486351013 206.541796525319 206.871370474497 192.676067352295 164.747794469198 144.026438395182 146.920045216878 170.275668303172 198.950091997782 203.27498515447 209.873100121816 206.088026364644 195.565680662791 184.414982795715 177.625934282939 174.71444606781 175.330599149068 184.377392133077 193.895022074382 200.550337632497 203.833063443502 208.450655142466 215.728084246318 220.793962478638 225.737531979879 231.353938579559 237.840056419373 240.497450033824 241.053223609924 243.229905764262 253.579099973043 264.223138491313 268.91561349233 279.424448808034 285.355448722839 287.272334098816 285.115500291189 281.409839789073 276.889065901438 276.197950045268
90.6486213207245 96.0639615853627 93.9576029777527 95.0255294640859 104.574958483378 123.999446630478 150.172412395477 173.038502534231 203.573405742645 208.687921365102 196.385979652405 170.860648155212 141.819139321645 139.4937535127 163.11306754748 191.735168298086 208.552857240041 211.62490049998 206.289271513621 196.386436621348 187.099317709605 186.055719852448 185.547967751821 186.414361000061 187.36465771993 187.100688616435 191.486656665802 200.815876324972 204.764405886332 206.234474976858 211.690624554952 216.865162054698 218.356907367706 220.298687616984 223.541537920634 229.027370611827 241.152226924896 253.634254137675 255.872309207916 264.614621798197 270.37388086319 271.545151869456 270.612915356954 271.375060081482 266.563733418783 267.410020033518
85.6155653794606 57.9077154397964 43.9445575078328 34.1600775718689 38.800152639548 43.5093740622203 61.8341267108917 95.4335828622182 135.246942440669 170.099675655365 204.66685295105 206.388851006826 184.899310270945 158.017079035441 155.057112375895 180.98251024882 199.191808700562 213.736077149709 221.156199773153 216.632088025411 204.373002052307 200.55228471756 196.998059749603 196.541448434194 196.802179018656 194.873909155528 197.648564974467 206.722458203634 206.374784310659 199.91002480189 204.95327313741 210.530817508698 212.050219376882 212.360898653666 216.560244560242 224.147617816925 229.623019695282 235.705455144246 239.694714546204 242.038389046987 247.396926085154 252.546230951945 259.10359621048 264.827132225037 260.550538698832 264.39243555069
93.5727953910828 57.8477183977763 30.5826291441917 17.72798721989 12.0665940145651 16.7089079817136 32.3630074659983 55.7263741890589 77.807346979777 117.516209681829 156.982421875 189.925074577332 211.937566598256 201.128979523977 178.800781567891 175.143361091614 179.812868436178 197.569568951925 216.778139273326 226.592222849528 224.143405755361 217.31428305308 213.919997215271 209.76992448171 206.66378736496 205.390612284342 206.820607185364 209.29350455602 205.144127209981 199.440161387126 202.357808748881 207.530359427134 207.522670427958 207.348644733429 210.840920607249 214.917441209157 216.562390327454 215.691109498342 220.56782245636 220.684885978699 226.82656844457 234.935502211253 241.097489992777 245.574156443278 246.000270048777 250.030239423116
83.0681969722112 57.0254574219386 27.0598630110423 8.99527470270793 7.04900237421195 30.004158616066 46.8686769406001 60.4215463002523 75.5835920572281 95.4040884971619 128.342608610789 162.912507851919 187.364896138509 193.385481834412 187.516709168752 165.057996908824 160.499711831411 166.262358427048 183.677891890208 215.961098670959 229.364732901255 226.815402507782 227.603574593862 220.149000485738 213.411927223206 214.209258556366 216.274837652842 212.358335653941 207.624912261963 209.657371044159 208.896438280741 208.234190940857 205.161690711975 203.35708061854 203.536768754323 202.849249045054 200.516124566396 196.23323281606 198.987901210785 201.396962006887 206.252892812093 211.602727572123 214.961330095927 217.260162035624 229.468981424967 235.508879025777
69.6201473474503 58.8918725649516 33.8940074046453 3.3554636562864 10.0769897301992 34.3824898203214 51.4059563477834 65.4654751221339 80.6971689065297 93.6414996782939 108.604888121287 145.760754744212 168.628772099813 180.008133252462 187.214414278666 187.134464581807 187.333623568217 179.444471995036 168.815791606903 178.606728712718 202.487309773763 222.376704216003 228.356579939524 229.013502597809 221.523404121399 222.366352876027 226.29177570343 222.144405047099 219.916840394338 224.850316842397 222.00749317805 210.28478940328 203.802227973938 199.274222056071 194.299340248108 192.536393801371 187.627951304118 186.174988746643 186.488707860311 190.31568368276 192.863881587982 196.112871170044 198.651651541392 201.619625091553 219.766398270925 228.709518909454
62.4779909849167 62.8224760293961 49.9092638492584 11.9761899113655 14.3526419997215 39.1979018847148 58.5354467233022 78.4689038991928 91.5361444155375 100.39417942365 110.317756732305 131.760229667028 154.702474673589 168.164968490601 181.502342224121 194.690942764282 200.348774592082 197.291771570841 183.033088843028 171.314477920532 181.709051132202 207.656979560852 217.037598292033 220.855414867401 224.558790524801 230.915049711863 237.09237575531 236.950079600016 234.393397967021 235.837022463481 229.222655296326 216.993689537048 207.309563954671 198.893745740255 192.179322242737 189.152121543884 185.625731945038 185.485263665517 185.744603474935 188.087185223897 189.936657746633 191.796282927195 191.359221935272 195.247828960419 207.931876182556 221.348325411479
66.5023376544317 73.6852735280991 73.4364887078603 38.3073488871256 31.1797733108203 57.5071076552073 72.7310478687286 92.055469751358 105.870485305786 121.249506870906 131.196687618891 133.181194464366 139.070272445679 146.142850319544 162.482043107351 181.979695955912 189.979175726573 196.68980439504 200.737277666728 187.53723303477 173.647244771322 181.487421194712 191.963354746501 208.900332450867 222.45991230011 234.477599461873 240.279853343964 243.436992168427 239.290138085683 237.837096055349 229.282140731812 222.237547238668 212.124665578206 201.618393262227 196.293314297994 191.155115763346 189.719438552856 185.735464096069 185.177683830261 188.656449317932 192.158182462056 194.131414095561 193.661332130432 195.395350456238 197.481075922648 212.513446807861
72.0701615015666 74.9611705541611 85.5908691883087 75.6391783555349 63.3867035309474 73.7962424755096 78.335444132487 91.3477142651876 105.226755142212 122.342983881632 127.005378405253 121.827979882558 123.617062966029 128.830095132192 143.881102403005 160.920759042104 173.911213874817 180.121779441833 185.724377632141 192.699710528056 186.996320883433 172.25040992101 175.237059593201 189.216812451681 197.787582874298 206.800003846486 207.949777444204 219.164649645487 220.269242922465 234.55818494161 229.514360427856 221.531470616659 212.587714195251 204.773624738057 200.065354506175 194.228649139404 190.055867036184 180.982768535614 178.210337956746 187.242070833842 194.212396939596 195.786197980245 198.729534943899 197.814921538035 193.829973538717 204.740663369497
