input/barkrak2/radiation/dir26524.grid
NCOLS 85 
NROWS 70 
XLLCORNER 665100 
YLLCORNER 4664600 
CELLSIZE 20 
NODATA_value -9999 
[rows 40 to 59 of 70, columns 0 to 45 of 85]
179.99126513799 182.572245597839 181.370655695597 183.261871337891 192.73849328359 197.92119661967 201.711277167002 207.377592722575 204.985658327738 189.074118932088 173.157413800557 169.617295265198 167.071660359701 164.199242989222 161.023825407028 161.428868770599 160.291930039724 161.189317703247 154.377569754918 154.036392768224 158.403585354487 163.9404296875 167.083144187927 162.041922410329 157.749315102895 157.199223836263 167.43806997935 172.320743401845 175.536672274272 175.629814465841 175.253470738729 182.340145111084 182.359039783478 190.254886945089 216.969013214111 216.894129912059 204.935471216838 195.092777411143 199.205458164215 211.224675178528 226.619561513265 240.453203519185 198.569774627686 114.431391159693 58.66472919782 36.5278273820877
188.272436459859 186.269640922546 185.434877872467 184.465527534485 181.195139884949 178.478221098582 176.766514778137 178.065776824951 181.478023529053 173.258165518443 164.462546507517 166.198352972666 168.599426746368 169.053932030996 165.887852509816 163.961350917816 158.294230699539 167.232731978099 166.400065024694 159.575512011846 163.328458865484 164.101471503576 164.382855097453 166.14689429601 166.694243748983 162.687838077545 168.168187141418 172.129809856415 175.690690676371 177.1479845047 178.405602773031 182.179570198059 182.540416717529 199.513673782349 212.08514769872 201.264202594757 181.324124336243 176.770667235057 176.142195860545 189.265211423238 225.560029347738 240.011016527812 221.092899640401 164.690355459849 92.4759904543559 58.4431240955989
193.158864974976 190.539320309957 192.124863465627 190.805315971375 184.432089328766 179.966648419698 177.001396814982 173.356533050537 172.154823939006 169.753710428874 166.594475507736 165.692776441574 168.67999235789 173.200825850169 171.45957549413 168.852647145589 164.513289928436 169.340709845225 172.634720802307 164.207090934118 162.879675626755 161.046316226323 157.088915506999 160.139620304108 164.514809846878 160.446753104528 158.560564120611 164.856612682343 169.936537742615 174.396932125092 175.349513689677 175.780018170675 183.108806610107 203.991909821828 208.217839399974 183.217982451121 169.22124226888 171.041270097097 175.494154294332 187.371492385864 197.005867958069 202.223241329193 188.316206137339 158.545196056366 102.879226207733 50.8742779493332
177.340765794118 180.016378561656 187.589983145396 185.387194156647 188.300689061483 189.514458179474 188.23766708374 183.457652727763 171.317597230275 170.279184977214 172.351320584615 168.012738227844 167.17255115509 172.067066033681 171.751578648885 169.468839963277 169.539789358775 170.937736829122 172.481775283813 165.806909402212 161.2495581309 158.427715301514 155.366241931915 155.642847220103 158.267954985301 162.023514509201 157.894233862559 160.437047481537 165.786842505137 169.406513373057 167.79625415802 164.49890534083 176.348567008972 192.711432774862 186.927318572998 171.70109351476 166.680614153544 177.813053131104 186.298708120982 188.462714354197 182.603279749552 179.480751355489 167.339404424032 148.35262298584 101.977209250132 45.8284417788188
175.125737984975 180.602749188741 184.077382087708 184.398988882701 186.261137326558 187.821090221405 188.166578610738 184.55845117569 178.322851657867 173.500955104828 174.043575922648 171.297967433929 166.205863157908 165.647317965825 164.587626854579 165.259997049967 160.216202338537 166.763663291931 169.732371966044 166.179815928141 161.045442024867 160.625795523326 159.100313981374 158.646772305171 157.177189985911 166.233092546463 169.047812620799 167.68741607666 167.115926742554 167.113324006399 161.72331571579 158.331553141276 165.45581817627 167.785882949829 166.535884141922 165.453533331553 169.940114021301 185.543994108836 192.375183105469 183.022896448771 181.520680586497 169.196267922719 163.683791955312 144.478718439738 114.404102166494 69.6388731400172
180.723945299784 185.675978660583 182.189722855886 186.155259609222 184.914231300354 183.901747067769 185.696542263031 184.357563654582 184.121986230214 179.219683011373 176.708122094472 175.927619139353 169.755399227142 165.698478619258 163.603842258453 166.41887029012 160.315414269765 162.768652041753 169.573843479156 167.193293571472 163.652241230011 164.426187674204 162.383526563644 162.587533394496 164.97399409612 164.298246304194 171.149750550588 169.281462828318 168.555061022441 166.947662830353 163.098891576131 159.904529651006 161.370575428009 157.756596803665 151.040812333425 151.050428549449 159.590115149816 178.795874118805 175.609866778056 166.631440321604 170.687238375346 159.785062074661 156.851232051849 157.035062710444 142.514129479726 104.025880495707
179.985880851746 182.124892870585 185.44614315033 186.909397443136 187.02757358551 186.683396498362 187.536001205444 189.567685127258 184.74147717158 182.927886644999 180.109937985738 179.366409778595 174.282948176066 171.462118625641 169.404029846191 173.93829425176 169.643263022105 162.530134121577 170.531948407491 168.803970019023 165.178885062536 167.189717292786 165.363361438115 161.013096570969 168.806711832682 163.96035750707 163.092801968257 167.090276877085 166.716754436493 166.090488433838 165.339211622874 162.615120410919 160.48197944959 158.152341842651 152.726332346598 151.382764180501 157.644669214884 167.87854830424 169.406533241272 166.609634955724 167.131920655568 158.93496076266 162.350594997406 170.943260192871 165.076712767283 127.575774987539
174.992501735687 176.460325717926 182.743827501933 184.122184912364 188.117365042369 189.438243707021 186.084349950155 186.46913766861 186.507026354472 186.921219031016 183.757801850637 178.860227266947 177.596052487691 176.174481709798 172.001083691915 171.9056169192 169.717987378438 160.147726535797 166.993697484334 168.439030647278 164.333472649256 165.865550438563 167.884389559428 159.403741359711 162.890642881393 164.554327726364 157.41358200709 161.44526998202 165.858189264933 164.918919404348 166.825254758199 165.424366792043 159.921596447627 162.789851427078 171.997745831807 168.471058209737 167.807737986247 164.748132228851 168.182631333669 179.546554883321 170.900344848633 160.630971193314 165.417412916819 171.024958292643 165.061265230179 145.405799150467
167.097767194112 170.539339383443 175.815006097158 180.256485939026 185.844957828522 189.86314535141 185.906291007996 183.994948863983 187.330385049184 187.963823477427 186.526954174042 180.992404619853 179.178516070048 178.63388856252 174.453874429067 170.11547088623 168.33774248759 160.418033599854 165.986329317093 170.213023821513 168.604771296183 169.03426249822 170.151472091675 165.23618499438 162.49418258667 166.116237640381 161.871492862701 165.202329556147 173.080583413442 176.24968290329 180.734753608704 181.888997554779 172.307352224986 174.358665943146 181.682189305623 184.154570102692 182.556867599487 175.009151299795 172.698318958282 177.97597249349 164.36571876208 156.687875588735 154.284765323003 153.325140476227 151.380638281504 150.425453980764
165.79016049703 163.213064273198 167.409539222717 176.50032043457 181.4084649086 185.567617416382 187.593897183736 189.818183581034 188.989281654358 185.652693112691 186.702390511831 186.658938725789 181.312421957652 178.953607877096 175.88879664739 172.198752562205 169.231752554576 163.858075936635 168.667296568553 173.802216847738 174.771229426066 173.538088798523 171.650409698486 171.399096647898 166.628619035085 170.676350593567 171.210865179698 173.292795817057 179.897586504618 189.490834871928 197.245359420776 200.141628583272 189.211110273997 184.747815132141 182.73780743281 182.589093844096 188.991109530131 187.029739220937 178.01566918691 162.506312131882 153.64196896553 155.514498551687 154.006063938141 148.547857999802 144.876023133596 149.461795886358
166.888395945231 169.423302014669 171.010851860046 178.52916320165 178.959131240845 180.367847283681 187.421917915344 192.463596661886 191.06654326121 190.299391746521 188.568254311879 188.907742500305 183.690547943115 177.878618240356 178.249855836233 180.443962415059 173.186600208282 169.369637966156 170.118411382039 176.25629901886 178.952574729919 175.900439421336 172.004739443461 170.556584993998 163.333594799042 171.954830487569 175.628701845805 176.462451616923 183.776458104452 192.143201828003 200.864732265472 203.526933987935 197.232206662496 186.518371105194 176.518479983012 172.671695550283 183.767259120941 191.114644209544 177.006920178731 156.022598346074 148.432950178782 160.07661819458 161.135385433833 155.889352162679 150.432487328847 147.05890417099
165.490488211314 176.378965377808 177.462160587311 180.941601594289 179.168522357941 178.383529186249 185.863375663757 190.679868062337 190.579017003377 193.804224332174 192.101081212362 190.28772910436 186.447739601135 181.557297706604 178.710778554281 184.96302763621 179.05463774999 171.807010968526 168.959120909373 172.551353772481 173.248330752055 171.296497186025 169.134775797526 167.117635409037 162.272324164708 164.164920647939 168.878475824992 169.780810674032 174.469351768494 179.232041041056 189.77681795756 200.127085049947 192.123214403788 172.032058238983 139.106412728628 131.534258524577 151.520828406016 175.641934076945 184.073805809021 182.320276896159 177.924255530039 167.914172013601 151.766429344813 147.951781749725 156.935483217239 148.036321004232
168.635765711466 166.103154420853 166.518181562424 169.75200176239 177.657961845398 181.012570858002 181.20414018631 186.942040920258 186.878403027852 189.956267674764 191.223462422689 191.91829363505 191.961685816447 185.261885325114 180.044412612915 180.894315242767 181.77737792333 171.242276827494 165.455291668574 164.802471796672 164.315303166707 165.400365988413 167.780260245005 161.588490009308 160.564124584198 157.545149326324 159.102857112885 160.162717103958 160.160412391027 162.17980782191 166.220714648565 182.595471541087 176.053404808044 149.497270584106 113.315045833588 93.4316515922546 102.277080217997 132.118205229441 166.978696982066 181.168476740519 182.834466298421 167.112310727437 145.72944243749 142.613271872203 151.244958241781 137.534330288569
173.728307088216 163.243879874547 159.141381581624 165.163218975067 176.620999972026 185.741305351257 183.585147062937 185.858825842539 187.174538771311 187.252442042033 189.063231150309 192.124883333842 193.177898724874 189.730286598206 183.997432390849 181.239108244578 182.746609052022 174.613912900289 169.428547223409 170.667350292206 169.911205768585 166.621496280034 164.757043123245 160.510361194611 159.780393044154 158.146063486735 157.744506994883 156.065781911214 154.743373394012 150.977243979772 141.877780357997 148.711125055949 148.982475201289 128.821631272634 112.637639045715 94.2323803901672 75.1193364461263 83.0979198217392 106.983751058578 143.033613761266 165.707409381866 155.406971772512 144.844661156336 140.16122619311 132.255295912425 122.828950484594
176.060338815053 169.648289680481 164.491951465607 169.202923774719 178.615848223368 187.765816847483 189.913868904114 186.951418717702 190.22274017334 188.602983951569 191.275596618652 193.48422686259 194.275339444478 194.471637407939 188.417216142019 187.332729498545 187.140583992004 179.013609886169 173.535525798798 175.143361091614 177.096366882324 172.465761502584 169.612010320028 168.657461802165 164.790689945221 161.892712116241 159.822225570679 157.107561826706 153.035213549932 146.081238985062 134.927531083425 139.294435580572 140.962153673172 138.574500878652 137.980331977208 127.529382705688 100.350668032964 82.9329490661621 76.84525847435 92.1030044555664 127.623776594798 131.484021743139 120.170513788859 105.720827976863 103.242307901382 111.292719841003
180.660506089528 177.41326491038 171.388665835063 168.237010637919 174.202720324198 187.349796295166 189.425627390544 188.089629014333 188.424865404765 191.831866900126 198.244214057922 198.234081268311 196.03164990743 196.973025798798 191.925903161367 190.377533435822 192.137042681376 187.047819296519 180.781404177348 178.004880746206 175.893465677897 174.048225084941 174.647212028503 176.096041997274 171.331365903219 166.764378547668 162.677397330602 152.087241411209 145.116666952769 141.942977905273 139.665226141612 143.602341413498 147.117962439855 156.50807817777 163.832793633143 164.490938186646 157.433172067006 138.716479142507 119.2427277565 87.3589714368184 96.4854756991069 115.883449713389 115.355501572291 103.276044130325 104.851553837458 122.99511830012
184.15762980779 183.157543341319 179.549952348073 173.435946305593 172.044595082601 184.576690196991 188.610136508942 189.247985680898 186.949769655863 194.964210192362 202.527105808258 201.829234759013 198.261559009552 199.358423550924 197.93959458669 192.676981290181 194.533487161001 189.743359883626 184.589207172394 182.549516359965 181.067566076914 180.539429187775 177.08295583725 175.399820009867 172.85019159317 168.183445930481 146.329661210378 123.856166998545 119.701782862345 126.129219929377 136.933356523514 140.323638916016 145.584712425868 151.395211617152 165.310601393382 176.776925722758 181.516687075297 183.376610279083 179.995914300283 131.710678339005 101.850767930349 119.291504224141 136.555721362432 140.037675698598 141.948302586873 156.183193127314
184.009929498037 181.494832038879 182.908574740092 181.94188674291 176.214337348938 181.438803672791 189.467827479045 191.133062044779 188.321510950724 192.779004573822 202.054182688395 201.940059661865 196.422974268595 198.984185854594 200.849632422129 190.752804279327 192.992866039276 190.10466337204 186.923146247864 187.539080778758 188.084324200948 187.570174535116 182.521402835846 175.809582074483 175.027449925741 173.381010691325 152.699152628581 127.875020106633 125.034630298615 134.951730569204 148.469636837641 148.276438315709 156.55916929245 166.837970415751 182.067195574443 192.51008828481 175.021608670553 141.894161701202 125.866721073786 133.0792705218 132.405300935109 147.453288237254 150.748868783315 134.334663550059 123.46691886584 137.380649646123
173.01865418752 180.544435977936 181.452413400014 183.093806107839 180.270413557688 177.991350491842 190.080642700195 195.160587628682 192.30588277181 194.905658562978 199.400782585144 202.128211657206 200.109084447225 196.101983388265 198.250889778137 193.840225537618 189.335544904073 191.079656283061 191.453993320465 192.941963672638 194.186508655548 190.156638622284 188.211063543955 181.737502415975 178.960601488749 180.800318717957 174.932519594828 166.991372903188 166.942238807678 166.851957639058 166.239162286123 159.090389808019 169.994751612345 182.064990202586 172.513524691264 161.774903535843 142.967750628789 87.5074664751689 64.2247200012207 100.941856702169 136.176745096842 158.059676488241 151.599407196045 136.854618787766 128.299216429392 135.101536909739
162.099897861481 177.751183509827 181.020061175028 181.681176026662 184.272666772207 179.173171520233 186.051845550537 195.255517959595 203.67968082428 201.693415641785 199.759602546692 200.240731239319 201.080441474915 199.335992336273 198.510150114695 195.598165194194 191.52307510376 191.762963930766 189.54732020696 187.128822008769 189.000725746155 188.185393810272 187.326828638713 184.469640254974 186.007777849833 191.632469495138 199.416816234589 202.999472618103 187.078714370728 183.475236097972 172.476808230082 161.52345140775 165.137638648351 156.130234400431 125.170181194941 84.377904733022 81.2203784783681 70.1968173185984 54.1615933179855 63.7780924638112 84.1054717699687 121.919453144073 149.634122848511 170.834938685099 190.349837144216 187.933643658956
