input/barkrak2/radiation/dir27024.grid
NCOLS 85 
NROWS 70 
XLLCORNER 665100 
YLLCORNER 4664600 
CELLSIZE 20 
NODATA_value -9999 
[rows 0 to 19 of 70, columns 0 to 45 of 85]
204.251766204834013 219.547053178151 234.437187512716 254.366596539815 262.392401695251 262.465218702952 254.997134208679 249.057511488597 251.002232233683 252.193768819173 251.957376797994 253.484567006429 252.351601918538 253.052274386088 255.118350187937 246.565242608388 235.512733459473 224.615732828776 217.477202415466 207.56850639979 203.636348247528 217.6287372907 244.161367416382 251.502792040507 253.439903259277 263.35601011912 262.224157651265 248.564839363098 232.822398344676 230.649371941884 226.61167383194 246.44935131073 289.238393306732 288.951337337494 284.958362579346 271.511753400167 276.854077974955 291.190842787425 287.687261899312 288.230141003927 273.869673411051 274.755040804545 286.630630493164 286.950687567393 275.118887424469 278.717418511709
182.697534561157 200.396656990051 214.825471242269 233.97038380305 247.074723243713 251.585284868876 248.846093813578 250.330050786336 259.503245353699 257.822831471761 254.073103268941 253.766496976217 253.720204035441 254.819432894389 254.630247751872 245.875358581543 240.696787834167 232.225100199382 226.700007915497 214.641710122426 218.082765738169 237.500429153442 257.568657398224 260.198613007863 264.801839987437 268.938501675924 263.652463754018 251.675248146057 237.720926602681 232.46685663859 233.294049898783 260.056356588999 289.929668108622 289.339284102122 284.684181213379 273.199518521627 279.480973879496 291.042009989421 286.225577195485 289.140601952871 280.131240685781 276.031533877055 275.594552357992 275.65457423528 273.187418778737 278.935849666595
145.259251197179 158.514002958934 170.316696166992 183.569669723511 197.710573673248 208.444972832998 219.043731689453 234.253525733948 246.996641159058 246.814052263896 246.910055478414 250.838160514832 259.76691643397 263.694822788239 261.688152949015 266.175945599874 267.124394575755 258.122086524963 242.148419221242 231.462756792704 238.492608070374 250.867942969004 258.816440900167 261.233448982239 266.928255558014 265.129824479421 259.604136149089 250.955442587535 241.995473702749 240.068813165029 247.968951861064 275.336146354675 289.294242858887 288.838982582092 284.953534603119 277.98185745875 284.110327561696 287.894368171692 288.923839728038 286.834836006165 278.724551200867 269.169390201569 258.548061052958 258.040924866994 268.017172813416 277.356564998627
126.116156578064 127.618690331777 135.885288317998 142.170369625092 149.332622687022 154.937167962392 163.191258907318 180.273095766703 201.729118824005 220.015088717143 233.974436918894 250.498871008555 262.745281060537 266.541957855225 269.006470839183 275.438904762268 272.420148054759 262.813071409861 247.056126594543 240.450660387675 239.561518033346 238.625844319661 250.06240606308 255.529761314392 257.135768731435 258.016586303711 256.857732931773 252.854386965434 250.535567601522 251.993457476298 254.323959350586 280.418395996094 287.914335727692 287.995855013529 284.367024898529 286.54009103775 287.084102630615 287.388960520426 286.632279555003 276.48389339447 267.931838830312 256.565312544505 252.058029174805 265.19501209259 282.201250394185 275.711019833883
148.594488700231 131.562332312266 118.502000967662 108.715246121089 110.066205263138 128.555397192637 150.465091069539 161.993692318598 173.030734062195 181.305766105652 204.398492972056 229.383230209351 245.080431302389 253.108084201813 259.335458278656 263.132611910502 258.562405904134 248.10916185379 243.232568105062 240.510741869609 235.791603724162 233.611941337585 245.24998664856 249.619960784912 253.393789132436 259.64351495107 257.642487684886 255.127946535746 252.970159053802 251.235663890839 257.224162419637 284.893830617269 286.747574806213 287.0059410731 281.588494777679 283.061544100444 284.602801005046 283.888061841329 274.007042249044 267.198999722799 263.799985249837 260.748585065206 263.994594415029 272.755404313405 277.028501033783 261.271973450979
194.563686847687 164.227217435837 135.376234849294 111.425658067067 102.761973937352 114.389816919963 139.962246020635 158.385515213013 163.121382395426 162.668486436208 173.729677995046 188.875118891398 199.144005775452 206.521093845367 216.308236122131 225.352247556051 227.75274515152 231.125553448995 238.64750067393 244.271020094554 244.393567244212 246.954162915548 248.281121253967 248.460829257965 252.746820449829 258.549829324086 258.395671844482 257.909496625264 256.256222724915 255.976398785909 269.825140635173 286.867578824361 284.528851509094 284.595767656962 279.140035311381 276.977479457855 279.201447963715 275.166094303131 265.34511645635 267.550627390544 265.487134456635 262.840747833252 264.032363891602 266.915857791901 258.544663588206 232.98712571462
219.231009483337 191.908558209737 169.644415378571 147.230515877406 125.558952490489 112.860719362895 120.10802825292 150.217533111572 165.113339821498 173.860549926758 170.653104782104 165.194382270177 160.707791646322 155.999203523 158.3471596241 175.088504950205 189.010103543599 210.461457570394 231.199681758881 244.740207990011 250.330626964569 253.367225329081 252.048850059509 248.709400494893 251.101791858673 254.278461138407 257.164418697357 257.203678290049 257.270276546478 261.703650156657 274.836540222168 282.551328341166 279.97233470281 276.606917381287 274.137298266093 268.200278282166 268.929521242778 263.792157173157 260.864396890004 257.809082667033 251.729925473531 250.034213066101 255.371332168579 261.070688565572 250.774045785268 239.908238252004
231.451233228048 219.186385472616 205.142676830292 187.426447868347 162.382443745931 130.734821160634 109.609216451645 107.611080010732 143.755465745926 171.073754628499 179.876069227854 175.786674022675 166.246910889943 155.500044425329 141.74340168635 144.972910483678 158.606688181559 176.663001378377 202.705363432566 224.565585454305 238.167484601339 247.065504391988 253.703554471334 250.112036863963 248.47145875295 247.720579306285 248.822887738546 250.223954518636 250.700732072194 260.254323482513 270.468970139821 274.277746677399 269.484678904216 264.836331208547 259.517709414164 257.300833861033 260.18500328064 255.966862042745 249.266405900319 235.066095987956 234.90442832311 244.823773701986 261.180361111959 270.874440670013 264.492074648539 262.589792410533
222.769320011139 222.842733065287 217.506190141042 207.87254969279 192.36558675766 167.303522427877 134.950925906499 105.800340572993 120.644231637319 143.231153488159 164.66627518336 176.031013329824 178.625464439392 175.579905509949 161.926160256068 153.511663277944 150.14836192131 155.068616072337 170.568704605103 189.68935807546 207.664847373962 222.9945063591 234.64035987854 232.423404852549 234.281420707703 233.931223551432 234.679937362671 236.392219861348 238.671660423279 248.715202013652 254.893581072489 254.343410332998 252.515236536662 251.061002413432 251.148025194804 253.162145614624 252.656002839406 250.755627950033 244.061291217804 237.910012404124 251.14780664444 264.752348264058 273.461759090424 274.715999762217 264.404793580373 258.412400881449
188.3864402771 199.412127335866 205.164174238841 205.166220664978 201.711932818095 196.24795516332 177.19562848409 156.688799460729 124.584972858429 114.524135986964 128.049989541372 155.013749996821 178.834795951843 191.084822018941 192.066550254822 182.100911935171 165.657411019007 159.412254889806 158.56796503067 162.238895893097 171.912054220835 180.553654829661 191.860755284627 201.148847738902 211.195985476176 214.078009128571 215.099374453227 216.473619143168 219.212134679159 226.564685503642 227.463781833649 228.472749392192 235.151171684265 239.688515663147 243.637402852376 244.702219963074 243.411203225454 247.13808298111 243.622680505117 249.55141544342 267.561852931976 275.460680325826 277.247548103333 274.309118588765 263.300478458405 257.955392201742
111.792763074239 131.957064072291 158.095816771189 171.638349692027 182.553013165792 191.330313682556 192.417562007904 185.442090034485 155.00612060229 127.917329470317 113.270779450734 120.690355698268 149.770021438599 178.160448869069 195.036510626475 184.01829401652 175.21858215332 167.104442914327 157.690902551015 151.90667907397 152.29935447375 152.411858240763 157.727986574173 172.42435614268 187.055091063182 196.117420991262 197.850942611694 198.468784491221 205.216725667318 210.883498191833 213.808655738831 217.605074246724 227.596124013265 231.931805610657 232.302625974019 232.571244239807 237.484117348989 242.728114128113 247.445484002431 261.04998588562 271.648248036702 275.095244248708 273.319621880849 271.635154883067 266.190012296041 266.53782526652
65.753052632014 70.6063906351725 85.859606663386 98.749299844106 113.94343773524 148.989180723826 169.131378332774 176.155209541321 176.835576693217 161.353300015132 133.044222990672 112.163305282593 114.541828632355 138.966371615728 168.659746646881 173.428932825724 180.258234341939 176.131427288055 165.025740861893 152.885695298513 145.955512921015 143.607517083486 143.82807413737 153.58101328214 163.5795434316 170.488556226095 174.015760421753 178.858002026876 186.529258886973 191.887756188711 197.143872578939 202.337205410004 208.864331245422 212.581813335419 213.521758715312 215.611735979716 227.011342843374 238.74835173289 244.819541772207 258.670051892598 265.611052513123 266.969203948975 262.823601563772 259.030302365621 256.941537062327 256.063858668009
56.5520723660787 49.8159577449163 41.646587351958 40.9866124391556 48.3580579360326 69.0398067235947 92.1150247255961 114.320387442907 140.11138677597 164.365609486898 157.342622677485 135.407735904058 107.666512330373 103.691796461741 126.66130065918 159.463117520014 178.752720355988 182.043155034383 175.931890805562 165.403177340825 155.761559804281 155.32045563062 154.789318641027 155.675619840622 156.759917736053 156.603634357452 160.909573237101 170.588453610738 174.765467643738 176.289518674215 182.007849216461 187.886675198873 188.737730185191 190.796037515004 194.498260815938 200.367033481598 212.340156237284 226.079960664113 229.853987693787 240.103920300802 246.16543451945 247.618913650513 246.71866496404 247.747878233592 244.962771733602 245.377659797668
54.2522370815277 33.7390179435412 18.8778638839722 10.8165517449379 3.83889861404896 4.22815047204494 20.8727171023687 49.0721513827642 83.3525458971659 104.921638965607 130.319794019063 142.188131809235 132.984817028046 115.498006343842 111.344108978907 135.814746220907 154.345830281576 173.119525114695 186.350365479787 184.167683124542 172.812600930532 170.44194539388 166.711231072744 166.212717692057 166.590104500453 164.665778477987 167.450229326884 176.576455434163 176.886995633443 169.629454612732 175.26646455129 181.112726529439 182.058036327362 182.348887125651 186.913291613261 194.900393486023 201.539119084676 207.229793071747 211.798310279846 214.516739050547 219.76105372111 226.350665092468 233.748853206635 240.669031937917 236.101488272349 241.417050361633
65.4279887676239 33.5800051689148 11.8069872260094 4.04402023802201 1.21951739614209 0.0180978058779147 10.8556325236956 33.4375823537509 50.1210043827693 77.24629342556 107.123295466105 130.814830462138 146.372745434443 141.033331553141 127.309540907542 124.786267677943 130.603949228923 146.531234184901 168.282369772593 179.479797681173 183.253566424052 177.920778592428 179.527560869853 176.759203275045 174.994667371114 174.986402193705 177.017649014791 179.16746934255 175.403078397115 169.613003730774 172.465185324351 177.896956602732 177.861293156942 177.038629849752 181.50915702184 185.813804467519 187.557419141134 185.806274414062 191.197176774343 192.207018534342 198.783119519552 206.692039966583 213.353196779887 218.713661034902 220.056116580963 225.047926108042
55.4929872353872 34.114234149456 10.601735363404 1.6876965140303 0 9.07768122851849 24.2833321293195 36.5801403919856 50.7864157358805 66.0335669914881 89.8549556732178 122.903863588969 142.981112003326 152.239054441452 144.937117894491 122.46169646581 117.127597332001 123.858422040939 136.878907680511 166.625688473384 184.807697931925 182.149171829224 188.275218009949 182.633260885874 177.015483379364 179.590423901876 183.853328227997 180.380165576935 176.687896251678 179.860134919484 179.324110349019 178.622007369995 175.37921667099 173.440138498942 173.80158106486 173.075616359711 170.616845289866 166.134138902028 169.212381045024 171.755731105804 176.822781562805 182.637413342794 186.20498975118 188.750366369883 202.214419841766 208.229621251424
45.5596745014191 37.7347320318222 17.7154516180356 0.00941913276619744 1.00722614054879 10.0180916488171 27.8608227769534 41.9193903605143 55.5087029933929 63.5498215754827 77.9491166273753 108.653883139292 134.015738964081 148.222476243973 152.730812629064 148.1125553449 142.958323160807 130.5277744929 124.924153089523 132.565567890803 157.416770855586 174.856225649516 185.116171836853 182.243367036184 182.3810338974 186.428825060527 192.431350549062 188.029011090597 187.638441721598 194.210767745972 191.821177800496 180.279672145844 173.904856046041 169.018805027008 163.439452648163 162.283370892207 157.182594140371 155.668924252192 156.186232964198 160.165578126907 162.791172663371 166.172901789347 169.011473655701 172.119239966075 191.436251004537 201.269328594208
40.9397209684054 40.5350054303805 29.3053835630417 1.6609076410532 3.49731184542179 18.1325835486253 35.3007564942042 52.4355073769887 67.0211066802343 72.3260492086411 77.5172462066015 95.1428612073262 115.690310796102 132.238964239756 146.182835102081 158.160507678986 161.604593197505 153.857996066411 138.600965340932 125.254054864248 135.908553997676 160.463601350784 167.762339115143 169.834772745768 177.955110867818 188.18853298823 197.073479493459 200.418829917908 200.860063234965 203.964352607727 197.796642780304 186.078488826752 177.178621292114 168.107688426971 161.097268263499 158.200244108836 155.090361833572 154.930492242177 155.220369497935 157.125443220139 159.737765789032 161.665836970011 162.031938632329 165.446023146311 178.731640179952 193.993826707204
46.1630374193192 52.1951963504156 51.0092675685883 17.7690560619036 14.3007375299931 35.8203450838725 47.0982144276301 64.8815780878067 78.8921217123667 91.8738146622976 99.5228489240011 103.094011545181 111.583332220713 120.544115702311 136.578937371572 153.477986653646 160.628318786621 162.807991107305 160.905023415883 147.110601266225 131.520291169484 141.752908627192 151.021351416906 161.823530991872 170.388340950012 178.884049256643 181.882202625275 184.876243273417 186.613241831462 189.913034439087 196.008245150248 190.412084261576 180.289387702942 170.857469240824 165.467232465744 160.079608360926 158.610582351685 155.183414618174 154.607594013214 157.676806052526 162.041475375493 164.092749357224 163.598666588465 165.629754463832 167.791108290354 183.562695980072
50.1688371102015 52.5561422109604 61.9939515988032 49.5745440324148 37.8777186075846 49.9285558859507 52.6552100976308 64.1412834326426 77.5121301412582 93.2202537854512 101.411014795303 97.3679224650065 97.2879330317179 102.504372596741 120.00697851181 137.171606222788 148.937145868937 155.129253864288 160.659124453863 162.104318539302 154.000222682953 142.673949400584 142.362962166468 151.897112528483 161.645114421844 169.967313607534 170.971473058065 172.924399375916 165.410389502843 164.616902669271 160.028805335363 169.05403137207 159.813304742177 172.777016957601 167.003313700358 162.798513968786 158.883412679036 149.10763502121 147.398978471756 156.100163857142 163.270870844523 165.811518828074 168.881138165792 167.093316713969 164.025992155075 174.415767192841
