input/barkrak2/radiation/dir21224.grid
NCOLS 85 
NROWS 70 
XLLCORNER 665100 
YLLCORNER 4664600 
CELLSIZE 20 
NODATA_value -9999 
[rows 20 to 39 of 70, columns 0 to 45 of 85]
171.761631965637 163.771708806356 178.12458674113 216.993431250254 212.475756804148 172.193725903829 160.026073455811 166.794081528982 179.326971371969 199.387987454732 213.419318199158 217.260877291361 222.964445749919 228.721578915914 242.885947227478 264.889438947042 281.054337819417 296.445886294047 312.594850858053 321.231524149577 324.300607045492 316.373606522878 315.024753411611 316.984971364339 318.344871203105 319.021324316661 321.629365285238 319.092949231466 315.323770046234 314.588109652201 307.977298895518 296.02187871933 285.570998986562 279.947598775228 277.78838078181 283.342639605204 282.8382452329 285.125990708669 289.863387743632 294.258594512939 294.183373451233 294.284661610921 296.734174092611 291.941384474436 295.73118686676 299.718161424001
201.653182506561 198.128620783488 211.834867795308 242.875377337138 239.154636859894 183.163444201152 170.640786488851 176.318407058716 184.185683727264 195.33097743988 205.329060554504 214.337686697642 219.325145085653 218.895634015401 232.926785945892 248.909175395966 265.73367913564 281.570871671041 296.132187048594 316.328803698222 321.256756782532 327.686746915181 329.916954040527 328.817745049794 324.212332566579 318.520029385885 314.057469367981 310.032149155935 311.100741227468 304.223636786143 286.648154258728 256.511112054189 234.302123387655 230.559945106506 237.560073534648 257.077952226003 264.989177385966 280.403673648834 289.788444836934 290.78350464503 288.910965124766 287.954072157542 281.166036923726 266.693949699402 286.338289578756 295.927107334137
243.895093599955 249.359925587972 251.52858098348 260.909120241801 260.973612467448 213.93754084905 195.082207520803 183.302561442057 180.220723152161 189.929962158203 206.175605456034 215.174973011017 224.234104156494 226.637581984202 235.364496707916 245.153784751892 257.883111635844 272.817035516103 284.661551316579 292.971809705098 300.162374973297 316.282629966736 323.732892672221 324.440578619639 321.607232093811 314.529856046041 302.93607711792 291.790544986725 282.632867495219 257.468362649282 227.479656537374 181.009491284688 156.121919552485 170.924047629038 199.065208435059 224.587241808573 243.523557980855 263.664126396179 276.599665482839 280.009845892588 282.394448916117 283.219933509827 260.454614957174 239.285250504812 267.609377702077 293.159445126851
267.84880956014 268.388231595357 261.940558751424 266.069273153941 265.639424324036 250.254114468892 217.512965202332 191.49657090505 177.149554093679 181.674798329671 202.777107556661 215.629021326701 231.43462340037 239.7700548172 241.382519404093 245.119313398997 256.108164787292 268.477121988932 277.003248532613 274.04393752416 278.442124525706 282.024025917053 285.835146903992 288.281718889872 286.449174086253 283.127625783284 270.777861277262 258.557339509328 236.905058224996 192.605594793955 164.451897144318 140.171021223068 107.496827840805 97.3375936349233 108.334600925446 144.008129835129 191.485464572906 219.382524490356 236.554801464081 247.031370798747 246.499359607697 231.998642285665 218.147337436676 251.366893450419 252.399881680806 283.212065696716
260.814011096954 261.84610525767 265.804489453634 268.043478329976 258.182724316915 250.412225723267 225.580175717672 205.820143222809 190.830747286479 184.91393327713 194.965402285258 213.065882523855 225.191533565521 236.647625764211 240.481376647949 242.277105649312 252.3606022199 265.167574087779 273.533384005229 264.482498168945 260.81923643748 246.950546900431 252.132217089335 261.796216169993 269.407649834951 267.001211643219 255.40022055308 244.475881258647 216.834664344788 159.6306959788 139.844338099162 136.422395706177 115.627308686574 79.7468523184458 72.2319682439168 92.338353395462 132.251580556234 170.288324356079 197.645942370097 212.24049727122 201.395730177561 179.421087106069 200.774908065796 272.532264391581 268.732269605001 286.357561747233
253.148674964905 257.630705833435 266.869763533274 266.13986492157 259.537279605865 251.980344454447 235.583980878194 232.74165391922 224.718848864237 210.230867067973 208.559890588125 225.417971611023 236.88413699468 247.863868872325 251.655002435048 250.43644507726 250.148316224416 257.481058438619 258.330523967743 262.279490629832 264.590164025625 257.900536060333 252.422213554382 252.243876457214 254.965960979462 256.424744923909 245.697756608327 237.584710121155 192.25929180781 168.336510658264 166.355003913244 181.779662768046 183.207452297211 145.490835110346 112.508535385132 106.017678976059 117.41715669632 141.467839479446 171.178996562958 191.969116528829 176.08916759491 166.55495762825 209.993799527486 263.938943545024 283.839861551921 296.565592288971
254.513541857402 257.4596007665 264.230191707611 265.619357426961 273.048996925354 263.826429843903 254.786332448324 248.388767242432 249.239881833394 243.015805880229 230.883797009786 246.726711591085 253.841718037923 265.673776467641 265.138506889343 255.941033363342 246.036887168884 255.233327547709 260.295689105988 271.369814872742 273.569782574971 270.443161328634 261.867801348368 256.012578805288 254.658540089925 252.845009167989 247.783899307251 237.947940826416 205.955425898234 200.200259685516 220.171193281809 244.595249493917 250.181873639425 255.415479342143 223.24409087499 143.235504627228 132.71360596021 141.267935434977 164.740453163783 179.65292930603 186.502556006114 217.698415120443 226.219157377879 244.396527608236 273.800591627757 285.431702931722
258.47719113032 255.00226020813 257.80580441157 263.777375221252 296.440859635671 278.029322624207 264.61136341095 252.08705663681 253.318250179291 259.034872055054 250.097711881002 251.062949498494 260.804315408071 267.172853151957 262.768765290578 260.447303454081 254.43826119105 258.945107460022 270.55956919988 274.182200431824 273.457845052083 263.286769390106 261.760592460632 260.861814022064 260.881006717682 258.5742076238 253.953834374746 249.634067217509 232.228517532349 231.784840424856 253.724853197734 268.117268880208 268.787026405334 282.445629437764 295.052786668142 220.653116703033 160.829643408457 146.247913440069 155.598034461339 179.170250892639 224.049786726634 275.533298651377 239.747285842896 233.885804812113 256.20178381602 265.66755771637
256.759504477183 247.356990973155 250.924507776896 270.11239528656 311.605711778005 281.833132108053 257.398823897044 246.143301328023 249.744693438212 254.108846187592 250.064651171366 247.554361820221 259.327232837677 262.907644112905 263.989885648092 267.599900563558 262.447992960612 256.582140922546 267.836372057597 269.706606864929 266.878286997477 260.072708129883 259.507894515991 263.472735881805 266.560395558675 261.714975039164 260.026315848033 255.123893419902 243.773440519969 241.471032301585 263.079007466634 280.116359392802 280.423124631246 279.608150323232 296.387394269307 284.705380598704 190.757751464844 135.530680418015 124.996731678645 159.365872542063 232.314030329386 260.599414507548 229.806582132975 205.423772335052 224.276502927144 237.470984458923
250.635862350464 239.43018913269 246.892472108205 280.427674452464 309.369246164958 278.469085693359 248.169044653575 230.181535085042 224.321007728577 229.123493035634 228.132685025533 234.145045280457 250.073333581289 263.112545013428 266.330778598785 270.292858282725 269.747853279114 257.392287254333 258.447686831156 260.461449623108 261.012057463328 261.312325795492 262.999951839447 267.126023769379 267.999927202861 264.985183874766 268.411378065745 259.653190771739 248.296558856964 249.867002169291 269.568860530853 286.804993947347 283.022344112396 280.092020829519 289.807955423991 303.068379561106 273.924072583516 195.347527662913 151.493897040685 161.874771118164 198.514421780904 214.699546496073 215.697606404622 184.421598911285 193.980038166046 214.765946070353
240.209062894185 249.115884304047 278.908371925354 324.864029884338 323.924799760183 284.052968025208 246.828456719716 216.871837774913 208.907564481099 219.192604223887 213.135878245036 214.261889457703 242.430051167806 263.369262218475 269.319117069244 273.144443829854 274.808049201965 265.612761179606 262.697339057922 264.876087506612 262.199282646179 267.736474672953 269.660115242004 271.853009859721 272.0947265625 275.434176127116 274.275720119476 269.58821217219 259.389082590739 261.67893409729 276.444911956787 288.590490818024 285.332143306732 286.834438641866 292.256037394206 295.549551645915 309.834758440654 307.999491691589 238.455891609192 191.970805327098 178.149660428365 173.532704512278 190.219640731812 185.03216902415 187.934100627899 214.499990145365
258.900761604309 287.494540214539 312.380890051524 321.353375911713 343.459010124207 319.313625494639 279.147883256276 241.34624004364 226.735810438792 239.289522171021 234.05534029007 216.660817464193 231.718977292379 258.746922016144 271.933992703756 276.568373044332 276.876926422119 272.803902626038 268.053968747457 266.510824362437 268.69668563207 272.550741831462 274.584174156189 274.744311968486 273.538808027903 281.026879946391 283.221185207367 283.546884854635 276.25560760498 275.794247786204 282.46142466863 287.594159444173 289.502422014872 295.183598995209 298.242052396138 287.42520014445 294.087290763855 323.986947536469 308.129986127218 242.748061815898 192.871928215027 174.055933952332 175.587236881256 188.934842745463 208.178261915843 234.77969566981
296.689252058665 310.966690381368 307.100514570872 300.707459449768 317.7303870519 332.730670770009 320.787648359935 291.503469149272 266.114433606466 267.414788405101 267.898182074229 247.482657432556 233.426829179128 255.412896474202 277.146756649017 278.892735640208 275.968035062154 279.778480529785 271.125058333079 267.944176991781 272.845069567362 274.381041526794 274.639387925466 273.551722367605 272.309343020121 282.450517018636 287.499229113261 290.700276692708 284.426887830098 281.408945719401 289.943158626556 295.039216677348 292.077640692393 293.361922105153 297.288676102956 286.460836728414 286.489903926849 301.048795382182 294.794976711273 262.426197528839 231.131315231323 198.248823483785 178.886850674947 183.837453524272 205.49609263738 238.333741823832
298.116465409597 295.536875724792 289.92489973704 279.649158318837 281.013707319895 299.597163995107 314.806262652079 306.792636712392 290.781875451406 288.953304290771 288.64316145579 273.783087730408 256.730039914449 262.435475985209 277.046302954356 277.425487836202 277.760942776998 279.588063557943 271.528522173564 271.118998527527 272.669096787771 271.129727363586 268.111228942871 267.138799031576 273.844301700592 279.448131720225 288.453161716461 288.441399733226 284.19421116511 286.437571048737 294.583996136983 293.293992678324 282.347102959951 279.136558373769 282.3566198349 266.550997893016 264.479279518127 261.713782946269 247.984210650126 245.483239491781 255.703548590342 228.990832964579 203.354299068451 190.291166305542 191.188136736552 215.113619963328
295.210421085358 287.788768609365 293.53145758311 280.930320421855 273.88604482015 284.392674763997 307.015935579936 323.674956957499 312.194148699443 298.084378242493 288.965960343679 284.987072149913 285.737256209056 282.141327857971 281.90545241038 282.251258691152 279.523968696594 272.779246171315 274.140894412994 277.139723300934 271.162887414296 270.546555519104 270.944217840831 268.574515978495 273.54770898819 275.914450486501 283.758223056793 279.768188794454 280.605673789978 289.243916670481 293.253143628438 284.989714622498 269.76748307546 272.812803586324 270.266016324361 253.065963586171 254.674255847931 254.116058349609 255.447089672089 267.685035864512 269.159376621246 262.6607020696 239.450832207998 224.078853925069 202.901820341746 198.509653409322
312.122861544291 308.339277903239 316.520531972249 312.08066145579 302.749892075857 305.711428324382 319.941937923431 337.387998898824 326.024750868479 302.703579266866 289.324402809143 292.901992797852 302.050014336904 293.370505174001 286.117752393087 287.680049737294 282.725751399994 276.389539241791 277.861714363098 279.290616512299 276.44681930542 273.152768611908 274.620155493418 275.982320308685 273.449162642161 275.501449902852 277.374525864919 274.993538856506 278.655250867208 289.378225803375 290.561238924662 282.216350237529 271.607240041097 272.562245527903 262.267688910166 257.045785586039 262.426455815633 264.388144016266 273.41365814209 291.244029998779 259.526868661245 249.423583348592 238.861640294393 228.45983505249 213.122288386027 194.090306758881
329.548001289368 327.816963195801 330.511887868245 331.675410270691 323.354681332906 317.601164182027 322.900553544362 336.356560389201 329.387346903483 301.938692728678 290.58031241099 296.94922765096 302.843372027079 294.527312119802 286.081731319427 287.419001261393 292.36360390981 282.885332902273 283.205727736155 286.461512247721 284.280180931091 279.391547044118 279.31543191274 278.990546862284 276.058793067932 273.94046386083 277.279853820801 280.37965297699 282.62323141098 289.559622605642 291.149616241455 284.796078999837 274.078845977783 269.91726954778 258.992791175842 263.40917746226 268.992781639099 270.029485225677 272.63867855072 283.421893914541 243.719279766083 204.960207144419 191.440641880035 186.217069625854 186.194618542989 183.879097302755
336.04633808136 335.792263348897 334.541440010071 334.63716506958 328.643997510274 322.704911231995 321.940581003825 328.152139981588 331.610421339671 309.385498364766 304.153541723887 304.283261299133 299.829165140788 290.41850566864 284.831941127777 287.533978621165 297.626336415609 291.886905829112 287.785847981771 289.411664009094 288.806557655334 285.10590394338 279.106994469961 280.303200085958 280.145366986593 278.316497802734 279.845496018728 284.168342749278 286.109089851379 288.974543412526 291.286369164785 286.71665986379 277.358154455821 262.100577354431 252.118468284607 268.362323443095 277.699689070384 276.518185933431 267.68966515859 275.444765885671 242.272992928823 176.145752271016 146.568397680918 135.038713614146 138.674279054006 148.690362771352
331.386466821035 335.248748461405 336.593151092529 336.06219291687 333.55704943339 331.844925880432 328.850150108337 326.857089996338 329.106132189433 321.393450101217 320.335984230042 313.337604204814 299.06173547109 297.11639881134 291.803459326426 286.652565002441 294.593910376231 296.746830145518 289.374510447184 288.385589917501 288.565834363302 284.489115079244 281.341671943665 281.440953413645 282.586296399434 285.320242245992 283.081571261088 285.961310068766 287.915865580241 287.207961082458 290.745000044505 288.764794667562 272.564133008321 249.935587247213 257.794499397278 281.261543432872 284.773190816243 279.175241788228 264.00633653005 268.048445383708 274.791936079661 218.193014462789 160.638431708018 135.316073894501 131.489396095276 130.162934462229
316.088418165843 320.384244124095 319.773475329081 324.86480474472 331.802805264791 338.019728660583 340.907732645671 341.028292973836 339.277744293213 334.997336069743 325.322727362315 307.167212168376 299.972971280416 299.410124619802 294.773578643799 291.319747765859 293.456494808197 292.880535125732 286.291817824046 285.498519738515 288.996001084646 290.94002644221 289.009730021159 284.4251592954 282.811284065247 284.006277720133 287.439982096354 288.255314032237 289.95688756307 288.922945658366 288.242081801097 287.89879878362 266.669650872548 251.232703526815 275.475084781647 290.668586889903 286.30260626475 281.246880690257 269.5192694664 268.266677856445 297.732830047607 307.592590649923 246.138374010722 192.031761010488 155.724714199702 132.373948891958
