input/barkrak2/radiation/dir28024.grid
NCOLS 85 
NROWS 70 
XLLCORNER 665100 
YLLCORNER 4664600 
CELLSIZE 20 
NODATA_value -9999 
[rows 21 to 41 of 70, columns 0 to 46 of 85]
67.8603649139404 55.2078783512115 45.3619261582692 62.6125435034434 59.4648172458013 36.7009441057841 40.4553264379501 50.866554180781 58.1108729044596 63.1823788086573 65.674955646197 65.6966666380564 59.5875233411789 59.1277380784353 69.6099847555161 80.8741251627604 95.6835846106211 108.023216327031 119.462311267853 135.178516308467 144.663761059443 158.401727676392 163.044581810633 158.896634976069 150.610556205114 138.355702161789 126.5616218249 125.699500242869 131.298700968424 114.588936169942 93.0784046649933 79.2356183131536 55.8722664912542 41.5959482391675 29.0458649396896 30.1071057717005 47.7411697308222 63.2647176583608 79.8111607631048 83.7109585603078 88.0663891633352 97.457359234492 95.6583420435588 83.2522163788478 107.906331618627 121.270517508189 127.736310164134
110.177755355835 105.558395385742 83.6745699246724 81.280842423439 78.7878185510635 51.1456926663717 60.1336608330409 58.2653979460398 56.2449395656586 58.2054754098256 65.2670611937841 63.5757148265839 61.9122137626012 67.5757477680842 68.7337964773178 75.9772559007009 89.5668764909108 100.99270939827 109.736899534861 113.515049219131 120.571196079254 139.950096607208 150.954703489939 152.682910362879 152.579575777054 140.19376039505 125.261147816976 116.8006559213 107.007245222727 108.149170875549 68.7732448180517 40.7956689596176 24.4030629595121 6.05530043443044 2.7285311371088 7.85499438643456 20.8357696731885 31.8769589066505 53.8886984189351 63.1669163703918 69.869135816892 81.2217146158218 58.9034308989843 54.2234083016713 80.8832248051961 110.07085442543 119.917690753937
144.450217485428 134.065230687459 103.525737921397 87.8659685452779 84.2684904734294 82.6261540253957 76.2888093789418 62.099223335584 53.3208201328913 53.8435727357864 64.7852172454198 62.8016740083694 66.7429765065511 78.3775349458059 75.8373190959295 77.0040601491928 86.7985188961029 97.8329678376516 105.380078156789 98.8569955031077 99.1439918677012 103.914896647135 118.50639184316 129.271467526754 137.155671914419 131.762067476908 122.759501139323 115.437686443329 91.2730693817139 47.8507379690806 41.223573187987 30.4569378495216 5.88829070329666 0 0 0 2.47694179415703 11.8661696712176 12.2810217241446 23.8736644387245 19.1182394822439 17.9205139478048 30.6183472275734 64.2559329668681 78.3165941635768 100.323418776194 108.67569843928
143.555482228597 139.812499284744 121.665964523951 92.4569169680278 75.2899646759033 81.847017010053 77.1335115035375 70.0022528568904 61.9566738605499 58.9528332153956 56.7314078410467 59.6475054820379 63.3423775434494 74.8978853225708 77.3252348105113 75.4914780457814 83.1341495116552 95.7865218321482 104.451914628347 96.219410498937 95.7287748654683 92.2255615393321 102.321187655131 112.08834250768 117.251813411713 115.105181932449 108.662446339925 102.341741323471 80.1432232062022 39.4845282038053 33.3309769630432 31.1680336793264 13.7692453960578 0 0 0 1.33097761621078 3.54751478880644 7.12012189129988 5.13263853887717 3.32615245133638 2.18489191805323 16.1170649031798 90.2399917443593 94.0825442473094 102.2709608078 107.655435800552
130.181173483531 135.06277402242 132.398863633474 101.689040660858 76.3249695301056 82.8913450241089 86.4323675632477 96.8493421872457 93.6021308104197 83.0326974391937 67.0606692632039 70.9354976812999 71.49571677049 83.2193543513616 86.3126417001088 80.0353586673737 82.4619432290395 95.4835613568624 104.201008876165 107.085367043813 110.158870617549 105.254153410594 101.510922114054 101.84453924497 104.756971200307 106.312612692515 100.171774625778 95.3906178474426 71.8401422103246 54.2284448941549 55.666908621788 64.4612908363342 57.4635366598765 8.55760897199313 0.170352907540898 3.45675057421128 4.0768701583147 4.71192287902037 5.18417699883382 4.03209465245406 0 1.85697122166554 31.4287046591441 90.7218754291534 112.37695813179 110.825836658478 109.838674465815
129.055917263031 134.436547756195 132.781565189362 111.070404450099 92.95787413915 100.125054518382 114.178905884425 121.860225995382 126.500189304352 110.296676556269 85.434764623642 89.3728832403819 90.5957619349162 100.038508574168 99.5154877503713 88.9759163061778 85.8313639958699 98.5187391440074 106.676449378331 120.310336351395 122.28657801946 120.434691508611 110.579709211985 104.20415798823 105.681558450063 107.167452573776 100.040833155314 100.919932126999 91.0912851492564 90.3494656085968 102.423369884491 125.923971335093 134.886900583903 116.699874401093 36.5658601125081 11.5616743763288 10.0293755531311 9.46726091206074 8.15395700434844 3.06629079083602 5.58054385085901 29.2769794662793 69.6206192175547 90.7938679059346 100.795646508535 98.624845345815 97.2080131371816
130.927264690399 129.532049099604 129.971702893575 116.620361804962 124.158362547557 126.242230335871 138.957560062408 138.290752967199 128.868192434311 125.243564446767 100.259919961294 93.1091904640198 97.3750154177348 100.673178831736 107.447882493337 101.555277903875 96.1871743202209 103.355467319489 116.82324608167 124.530454476674 122.128983338674 113.78468076388 110.671699047089 112.997800111771 112.66486843427 112.679968277613 110.639800628026 114.048173030217 125.552992026011 133.254925409953 144.760499397914 155.536313851674 165.721813837687 176.306049029032 138.127466042837 41.1782587567965 18.7917711834113 11.4727690815926 7.05767547090848 1.7541799073418 21.7689424753189 87.3927970727285 88.7035230795542 81.9431444009145 80.1695336898168 75.1016835371653 75.3366450468699
133.681168158849 121.909399827321 123.046497503916 121.236075957616 147.177904844284 140.669643878937 136.170446872711 117.923607428869 114.01492357254 103.289067745209 92.5982296466827 86.8315398693085 92.8755601247152 100.14013449351 107.365300258001 111.709574858348 104.086627562841 102.062731981277 113.91552289327 117.925296227137 115.505615870158 108.703384796778 108.21529229482 116.700212160746 118.677536646525 114.410668611526 116.9387002786 116.321265697479 137.350300947825 150.257855653763 165.402760108312 175.876041253408 183.400829633077 185.366749763489 181.395351886749 108.733673890432 18.8392363488674 5.45523439844449 1.94340106099844 1.40041190509995 38.7158319354057 81.8829039732615 76.0385692119598 54.2774945497513 51.554282506307 49.2326070864995 55.9620708227158
133.882184823354 115.315486987432 116.956373055776 129.182447989782 147.530347108841 141.267458597819 119.398901859919 92.7600264549255 78.2172530889511 71.9789763291677 70.9745387236277 75.5820373694102 84.4068725903829 98.1035530567169 110.154887040456 116.380085547765 111.486613750458 99.3942022323608 104.297131299973 108.760972817739 107.400198777517 109.578271706899 109.457393487295 117.200195789337 123.314082622528 119.510173797607 123.131255308787 117.904424667358 133.504311243693 155.257572730382 177.000780900319 189.601719379425 189.385533332825 188.840011755625 199.817419052124 185.610989729563 99.1622408231099 19.5987597107887 11.9720449050268 15.2754572530588 35.4673663775126 48.9266167084376 57.8761398792267 33.9102620879809 28.845377266407 35.086194674174 53.5911619663239
130.785495042801 133.929967880249 160.186290740967 200.480918089549 180.923620859782 145.621726910273 101.185301939646 72.5496311982473 61.3346596558889 64.1619016726812 60.0115358829498 59.6995602051417 81.0980300108592 98.2937216758728 114.564925432205 122.23744392395 120.997607707977 106.742103894552 106.390704711278 110.808193683624 107.403099536896 113.606383403142 115.547716617584 119.379977385203 125.202844540278 131.02787733078 130.042970180511 131.588826576869 137.937366962433 164.869278669357 186.818301677704 194.995443026225 190.639535586039 199.283599853516 212.377349535624 218.112031618754 194.957931836446 138.106246789296 59.2120041449865 29.2523528138797 22.513007124265 25.6629238526026 39.6656667192777 30.5446634689967 25.6933768590291 38.2415850957235 66.3442214330037
147.10674683253 183.973789215088 232.558608055115 254.331906636556 239.277859528859 182.566920916239 128.279109795888 89.9535914262136 79.288641611735 85.9463214874268 77.083612481753 65.0451878706614 78.9152135451635 95.964103937149 118.282675743103 125.330815712611 121.706426143646 116.749236981074 109.556595484416 112.769862016042 112.288822730382 117.045442263285 119.765291611354 121.630767981211 127.254903316498 140.965650478999 141.501426696777 147.414783636729 155.285725990931 171.318729718526 188.248495260874 197.091221809387 201.077620188395 207.672576109568 214.319109916687 210.856159528097 210.371077060699 203.466931978861 135.41309038798 56.547279159228 26.958870391051 27.9769723614057 32.0455556114515 33.3942025899887 43.4053341547648 56.7785998185476 75.2924531698227
209.254781405131 244.766533374786 265.850563844045 266.263822714488 268.309791882833 245.452125867208 201.163371404012 157.877822717031 129.726320505142 120.407432317734 115.043381849925 98.0633596579234 81.4562936623891 96.1828430493673 119.2267537117 127.418994903564 120.691557725271 122.816900412242 111.307928959529 111.025720834732 115.333825349808 118.175278107325 119.069427251816 121.177067359289 126.08257929484 142.364472150803 148.950497309367 158.014953136444 164.901206890742 172.167897224426 186.065216859182 198.077460130056 199.131151040395 197.319984436035 197.518825531006 181.024233500163 183.695872624715 179.225285847982 139.040211836497 80.9298753738403 45.8336720863978 40.398562947909 33.126970132192 34.2968553304672 45.3677475452423 61.0772718985875 68.682258327802
255.083739757538 268.606921037038 270.946602026622 267.84614721934 270.248631636302 270.108759403229 248.563746611277 207.471569379171 168.790956338247 148.139576117198 147.71556854248 134.23103094101 105.643401543299 103.366593519847 115.719685951869 122.406303882599 115.820775429408 118.615518013636 111.825188000997 114.068160454432 111.643274625142 114.588071902593 113.803694645564 114.189803600311 122.857540845871 134.597063064575 149.901896715164 153.818130493164 161.532113949458 173.117836316427 185.54284175237 188.513120015462 171.240051587423 166.039446989695 163.375278313955 147.783358891805 148.291746775309 133.823136488597 96.7300534248352 65.0538504123688 69.7089682022731 64.5645807186763 48.7782855828603 38.236824174722 37.4369497100512 46.3307797908783 39.147675037384
265.056431293488 268.941044807434 269.226014614105 268.678943316142 267.923474311829 269.442995389303 264.573057492574 237.733721733093 188.560307025909 158.469706773758 155.05584081014 152.051021655401 136.835197607676 120.078345139821 117.387115955353 121.564129988352 114.768962065379 111.776491006215 112.106045087179 116.395324468613 110.999584197998 109.643667936325 112.865487734477 113.997220993042 119.895895322164 127.938210964203 140.151292085648 140.476167201996 150.223036607107 168.788492679596 178.978681564331 174.798866113027 161.18386387825 159.463773171107 147.876401742299 133.214255174001 137.255450089773 134.535888830821 116.980582475662 87.7699851989746 89.2333785692851 95.2926178773244 77.7875830729802 58.8717659314473 43.9464896917343 22.2894996404648 8.2164965569973
261.773566404978 264.051298300425 262.526651223501 263.739744822184 262.946287790934 259.967088699341 258.4281762441 242.18471844991 200.159033139547 169.433693091075 159.480075041453 157.738655805588 153.259436289469 131.284475326538 121.915062268575 127.071440219879 119.311948617299 111.333757638931 115.838805834452 118.127008279165 115.169475475947 110.459506511688 115.760425726573 120.092928409576 119.43597594897 125.204712152481 130.385994911194 131.794581810633 140.069276094437 161.185999711355 171.127816041311 167.465488115946 163.359612226486 164.317895968755 146.37690782547 139.74674542745 144.426455100377 151.049057642619 151.232351859411 121.21586004893 82.7529976765315 81.3736369212468 67.3732757568359 53.5258154074351 35.2007548014323 6.16681886216005 0
245.424747467041 248.295187950134 250.166237354279 246.54491742452 246.063828468323 244.333505630493 248.82177511851 246.176381905874 209.173460801442 172.704021135966 157.791455586751 150.662759939829 150.339424610138 131.475369135539 119.99100446701 129.215101401011 130.224724610647 117.27574467659 119.549026091894 124.100307623545 122.872998317083 117.120414972305 118.777523438136 122.492611408234 121.372232834498 121.533175309499 128.51137916247 136.483828226725 140.571484963099 156.369189421336 167.963365713755 170.332272847493 168.241520722707 167.701423168182 149.374186992645 150.095969438553 154.335598150889 158.645212650299 158.58988960584 129.650443792343 60.4306260744731 43.4022049109141 26.8309886256854 22.1381237109502 8.7418369948864 0 0
225.934247175852 232.978085676829 242.196182409922 240.104297796885 239.383657773336 244.139949480693 250.294327735901 252.031783262889 230.044583479563 187.383949756622 164.942691723506 146.181046962738 135.478178660075 126.520693302155 117.786159118017 123.374074697495 135.088235139847 126.376857360204 122.011750936508 126.67774160703 126.747965812683 121.650944153468 119.861235221227 121.870974699656 124.455392360687 123.486171166102 126.922031243642 138.045648733775 141.88348253568 148.323516050975 162.141273419062 172.330458958944 167.181531588236 158.482104539871 144.830783208211 162.190228700638 167.773306369781 171.607772509257 164.82283671697 144.793957471848 52.7283747990926 14.1789043943087 8.32729041576385 6.20449210206668 0 0 0
191.076397895813 200.795292854309 209.55091714859 214.78933095932 221.472124258677 235.125501950582 246.495942274729 252.393464247386 241.10476175944 207.005381584167 177.034278710683 151.125858227412 136.135995388031 132.53132502238 122.463991244634 117.187549670537 129.557311534882 130.420237779617 122.491379578908 123.504559199015 123.975942532221 120.2432513237 117.787261803945 119.012027978897 123.947024345398 128.130932648977 127.58606672287 134.758104880651 140.097190936406 142.661064863205 152.08445986112 168.389995892843 164.840877056122 145.935793717702 150.746822357178 174.564202626546 179.926176865896 176.094194253286 168.502430121104 169.034560521444 116.735011339188 31.4806203047435 9.21846429506938 5.75604227681955 2.64342936376731 0 0
154.687583446503 160.951276620229 160.625646511714 171.549061934153 186.913967132568 204.111675421397 218.022167682648 227.070768674215 225.744605064392 200.175960858663 169.926047325134 145.308395226796 132.369011640549 129.598597685496 126.280983289083 119.181682666143 124.025702476501 125.75767437617 117.42768685023 118.459939956665 121.773978074392 124.582568804423 122.595399618149 119.089663028717 117.873132228851 123.253792524338 129.275918006897 134.002159039179 139.096786578496 139.995257059733 142.778396606445 156.766841808955 156.42304221789 148.976782957713 175.754368305206 188.598533471425 184.537986914317 177.018284797668 177.980403105418 191.173573335012 195.553501447042 140.498220920563 56.6203544537226 25.0576759378115 12.7171377340953 0 0
142.778764168421 144.505629936854 144.351671139399 146.330644687017 155.010839303335 161.68541709582 165.702313184738 170.299867788951 169.74397500356 151.7267425855 136.878629525503 131.873905658722 130.812605222066 126.610388358434 125.068932771683 124.129464228948 124.507168928782 123.857875665029 117.317418257395 117.087175448736 121.558864911397 127.168029546738 128.562569618225 125.300536553065 121.210753917694 119.111796220144 130.948056777318 134.429852167765 139.423658450445 139.696995417277 140.946706136068 148.797432581584 150.12405316035 161.482890446981 188.224752744039 188.031375408173 172.067681948344 161.822368701299 164.726634820302 178.9231300354 196.84374332428 204.807857672373 154.419342676798 73.0147113402684 23.287259042263 3.91311136384805 0
151.318043470383 148.275802532832 148.534506559372 147.606402635574 143.170098463694 141.590376694997 139.889935652415 140.109996000926 145.104835430781 135.414888461431 127.897997697194 128.437538941701 132.370213667552 131.475726763407 130.012065172195 126.643508672714 122.462838888168 129.899422327677 129.308144251506 124.564468860626 126.546005407969 127.336174249649 125.91082851092 129.380812247594 130.08255759875 124.436716238658 131.663342316945 135.813395182292 138.047635555267 141.159931818644 142.583906650543 147.276510794957 149.028917153676 170.33996184667 182.51097202301 170.631210009257 156.108568112055 145.619054635366 143.468141555786 157.841106255849 189.399381478628 195.378283659617 171.259144941966 110.872139533361 39.6028434236844 12.2189025084178 0
