input/barkrak2/radiation/dir25224.grid
NCOLS 85 
NROWS 70 
XLLCORNER 665100 
YLLCORNER 4664600 
CELLSIZE 20 
NODATA_value -9999 
[rows 40 to 59 of 70, columns 0 to 45 of 85]
214.150846004486 216.540098190308 216.405669848124 217.191080252329 226.110498110453 232.154548168182 234.464009602865 239.721874396006 239.073435465495 222.462813059489 207.332730293274 203.943987687429 201.378146807353 200.167457262675 195.388615131378 195.73708375295 194.559037685394 195.435742537181 190.388401349386 186.398029327393 190.475642681122 197.714686393738 198.921779791514 193.95919640859 191.455940405528 189.09219900767 200.684944788615 201.850612958272 206.367492675781 206.244826316833 207.253615061442 211.541334788005 208.038071791331 213.249564170837 240.716218948364 241.573373476664 229.043245315552 220.882415771484 223.793526490529 230.936090151469 245.113770167033 264.099061489105 233.99293422699 154.377162456512 94.4028000036875 64.8052940766017
222.007473309835 218.956271807353 219.200750192006 218.371868133545 214.012285073598 212.5483751297 210.966249306997 210.853536923726 215.392132600149 206.019481023153 198.977013429006 200.656453768412 202.854573726654 203.291138013204 200.092176596324 198.201139767965 192.626516024272 199.622491995494 198.470373948415 193.501969178518 195.101499557495 195.859650770823 196.350296338399 197.913825511932 200.174033641815 194.37305132548 199.550926685333 203.219036261241 206.543405850728 207.733988761902 208.727558453878 211.560408274333 208.840707937876 223.872939745585 236.978312333425 226.979116598765 209.985136985779 201.956947644552 203.355550765991 215.148746967316 248.172144095103 262.361645698547 248.86945883433 200.120170911153 131.734718879064 88.0162417888641
225.410302480062 222.96009461085 225.517372290293 224.284092585246 217.079043388367 213.898777961731 211.178580919902 206.338187058767 206.497609615326 202.767670154572 201.038678487142 198.546926180522 202.921529610952 205.563406149546 205.468614896139 201.195915540059 198.653976122538 203.184127807617 204.389691352844 198.001980781555 194.69028711319 193.020860354106 190.946499506632 192.06299384435 196.138938268026 193.971872329712 190.266191959381 196.224590142568 202.548642953237 205.14194170634 205.826719601949 204.245607058207 210.501313209534 228.79821062088 234.607179959615 212.606032689412 195.435643196106 195.679326852163 203.164875507355 217.038849989573 227.087875207265 229.388515154521 215.914984544118 191.208720207214 139.959444602331 82.1345945199331
210.520148277283 213.062942028046 221.27103805542 217.986623446147 220.722874005636 222.961604595184 220.510005950928 215.970893700918 205.694238344828 203.267276287079 206.583102544149 200.759808222453 201.444327831268 204.414387543996 205.758690834045 201.778848965963 201.570630073547 204.711397488912 204.297502835592 199.622948964437 193.289717038473 190.583030382792 189.260065555573 187.66446908315 190.076231956482 195.489247639974 189.641733964284 191.954632600149 198.666572570801 200.384338696798 198.518176873525 194.741209348043 205.303192138672 218.722860018412 218.594054381053 195.75180610021 191.919922828674 202.202359835307 212.710499763489 215.296427408854 213.449239730835 209.01346206665 200.704356034597 177.871604760488 137.027601401011 84.7828388214111
208.427091439565 213.599324226379 216.895043849945 217.059890429179 218.815863132477 221.398452917735 220.456004142761 217.065056165059 212.36522992452 206.315875053406 208.210289478302 203.923900922139 200.502594312032 198.257466157277 198.86714220047 197.761694590251 192.582666873932 200.675884882609 201.710999011993 200.024525324504 194.929401079814 192.747831344604 192.920287450155 192.343711853027 188.969373703003 199.611067771912 202.20148563385 198.960582415263 199.969212214152 198.134859402974 192.522784074148 188.779612382253 195.148785909017 197.449088096619 194.755911827087 186.885893344879 195.970634619395 210.324684778849 219.038347403208 210.596760114034 210.283756256104 201.847811539968 193.380216757456 175.548394521077 146.212130784988 105.477939049403
213.703632354736 218.382020791372 216.207226117452 218.716561794281 217.552185058594 217.700660228729 218.138893445333 216.877937316895 217.884600162506 211.788535118103 210.763255755107 208.368102709452 203.962802886963 198.395868142446 197.917183240255 200.511197249095 194.519917170207 196.708957354228 201.544443766276 201.019525527954 197.478195031484 196.421643098195 196.1270570755 196.188728014628 196.42049074173 197.728832562764 204.242567221324 202.195207277934 199.594696362813 199.281831582387 193.715492884318 190.445144971212 192.261834939321 187.626481056213 174.118439356486 173.620184262594 186.194638411204 204.042812188466 207.511862119039 193.621834119161 197.240392367045 189.974665641785 184.983094533285 183.804313341777 173.227270444234 136.915147304535
212.97824382782 215.029219786326 218.189199765523 220.647652943929 219.545165697734 219.22246615092 221.161564191182 221.781353155772 218.460579713186 215.309977531433 214.011073112488 211.661318937937 208.328445752462 203.930000464121 203.491151332855 206.017931302389 201.561689376831 196.485579013824 202.431519826253 202.589710553487 198.965688546499 199.078281720479 197.054425875346 194.6120262146 202.068944772085 195.375482241313 196.302692095439 200.029154618581 199.36348994573 199.782272179921 196.965912977854 192.905028661092 191.166261831919 186.705470085144 182.586868604024 178.006827831268 183.344562848409 193.821569283803 194.938838481903 193.253556887309 194.610456625621 185.862263043722 188.196937243144 197.484076023102 194.276988506317 162.995100021362
208.422442277273 209.649443626404 215.624292691549 216.804643472036 220.572451750437 221.810261408488 218.495070934296 218.875606854757 217.5572514534 219.071606794993 216.042796770732 211.219827334086 210.01281340917 210.142652193705 204.0776014328 204.054792722066 201.735397179921 194.204886754354 199.017246564229 200.374245643616 198.151568571726 197.787602742513 199.462711811066 193.023065725962 196.341494719187 196.021258831024 190.735757350922 196.201066176097 198.49705696106 197.06267118454 197.027544180552 196.693936983744 189.46647644043 190.599819024404 197.906772295634 195.910573005676 193.011303742727 191.04919830958 194.203694661458 204.977711041768 197.686731815338 187.562545140584 194.267849127452 199.450234572093 193.301419417063 175.938347975413
200.857758522034 202.828447024027 209.041615327199 212.045073509216 218.425790468852 222.214420636495 218.347609043121 216.546754042308 219.656268755595 220.042586326599 218.720595041911 213.281889756521 209.749082724253 210.736254851023 206.501563390096 202.415347099304 200.503885746002 194.488008817037 197.975039482117 202.079951763153 200.387001037598 200.748185316722 201.610525449117 196.534713109334 193.79723072052 199.3794242541 195.088962713877 198.162615299225 203.771511713664 208.112160364787 211.91277106603 212.524592876434 201.385696729024 203.090488910675 207.500398159027 207.180301348368 206.298251946767 200.520018736521 198.960502942403 204.345027605693 193.595051765442 185.644348462423 183.332582314809 176.302234331767 178.711235523224 177.321294943492
199.592530727386 195.78097263972 200.983544190725 208.385586738586 214.214483896891 218.179126580556 219.938715298971 222.019990285238 221.028387546539 217.875281969706 220.270037651062 218.644817670186 215.052386124929 211.067895094554 209.754784901937 204.460501670837 201.38148466746 197.795331478119 200.425207614899 205.450634161631 206.230680147807 206.908861796061 203.014930089315 202.428698539734 197.819848855337 201.748331387838 204.195896784465 206.077039241791 212.204992771149 219.116012255351 227.822661399841 227.903306484222 218.504190444946 214.540799458822 210.088491439819 210.641761620839 211.140513420105 210.658669471741 204.448719819387 192.129929860433 181.230485439301 182.524979114532 181.192994117737 175.876478354136 172.170837720235 172.879993915558
200.716435909271 203.051586945852 204.290171464284 210.0657025973 211.860775947571 213.256001472473 219.758947690328 224.481840928396 223.00644715627 222.249527772268 220.423797766368 220.766504605611 215.631504853566 211.672822634379 210.231880346934 213.999450206757 205.158074696859 200.907210508982 203.64514986674 209.600885709127 210.159103075663 207.085907459259 203.11446984609 203.72341076533 198.741356531779 204.920848210653 208.338518937429 209.01620388031 213.715354601542 221.40630086263 231.382807095846 232.45890935262 227.011839548747 215.736746788025 204.203883806864 201.659381389618 207.385341326396 213.747104008993 204.585293928782 180.667181809743 175.98428328832 186.856071154277 187.500437100728 178.489406903585 177.356044451396 170.536835988363
199.192007382711 207.979242006938 210.34030119578 213.826298713684 212.099234263102 211.349944273631 216.94149573644 222.792744636536 222.698410352071 225.509484608968 222.365478674571 222.094972928365 218.285302321116 213.596701622009 210.504293441772 218.294243017832 210.817019144694 203.121145566305 200.214346249898 206.027984619141 206.641892592112 204.642732938131 202.390293280284 200.445771217346 197.713832060496 199.49613014857 204.003612200419 204.800248146057 206.978837649027 213.73724937439 221.041480700175 227.291544278463 220.022976398468 200.688203175863 163.078963756561 155.925383170446 178.766032059987 198.842485745748 207.211236159007 205.620010693868 203.150411446889 196.72969977061 174.867351849874 172.561148802439 179.538091023763 171.147584915161
200.66491762797 198.078076044718 198.666055997213 203.216552734375 209.540367126465 213.802854220072 212.418794631958 219.2622423172 217.693905035655 221.888562043508 223.136941591899 223.623593648275 223.673224449158 217.124342918396 211.735705534617 212.757547696431 213.424543539683 202.709118525187 199.178775151571 198.583682378133 198.014775911967 198.932985464732 199.121197064718 195.094108581543 196.03963692983 192.973732948303 194.406588872274 195.355693499247 195.26747862498 194.814006487528 200.846234957377 209.285755952199 196.655452251434 172.295371691386 138.447304566701 119.372268517812 130.483130613963 161.485066016515 194.104929765066 205.704192320506 207.249522209167 188.371698061625 168.965578079224 169.354120890299 174.414833386739 160.870095094045
205.94588915507 195.92144091924 191.640973091125 197.46470451355 209.71675713857 216.944734255473 216.156403223673 216.916700204213 219.452599684397 217.893819014231 221.08401854833 222.372432549795 224.830488363902 221.365213394165 215.759495894114 213.078776995341 214.33021624883 204.245249430339 199.112296104431 202.445010344187 201.56341791153 198.16517829895 196.253736813863 194.050391515096 193.190177281698 189.285079638163 188.743154207865 189.069310824076 185.349543889364 181.555330753326 172.340095043182 179.567495981852 171.97056611379 152.52161026001 137.160122394562 119.98716990153 101.421505212784 109.170893828074 132.626175880432 169.976135094961 186.944047609965 177.401165167491 167.935947577159 164.03274734815 156.589716672897 146.280626455943
208.603620529175 201.111793518066 196.907202402751 199.659069379171 210.070669651031 217.401742935181 220.788915952047 216.689904530843 220.977405707041 217.851122220357 221.721529960632 222.182333469391 222.761273384094 224.322338898977 218.376517295837 219.008207321167 216.85912211736 210.527360439301 202.935794989268 204.529404640198 204.583207766215 199.989477793376 197.006344795227 195.5459912618 191.482881704966 190.585593382517 188.433825969696 183.43186378479 179.616729418437 174.885392189026 165.375371774038 168.544511000315 164.329340060552 161.236266295115 161.067346731822 153.618941704432 128.613889217377 112.745374441147 102.984954913457 118.204643328985 152.180969715118 155.167122681936 144.540021816889 130.912601947784 128.11682621638 134.453028440475
212.128976980845 208.533604939779 202.206154664358 198.72111082077 204.201181729635 215.451101462046 219.129343827566 216.604908307393 216.38164917628 220.687468846639 224.909981091817 226.489702860514 224.332392215729 223.49226474762 219.805637995402 218.026300271352 217.989325523376 212.248345216115 207.990825176239 205.504477024078 203.548967838287 201.439261436462 201.504826545715 202.408770720164 197.681784629822 195.255080858866 189.368903636932 179.066161314646 172.45622475942 169.466435909271 166.837573051453 173.96076520284 170.174558957418 177.896976470947 184.949179490407 190.030296643575 184.322555859884 167.931854724884 147.982736428579 113.59758178393 122.388700644175 139.992982149124 139.007250467936 128.039161364237 130.209982395172 147.149294614792
214.517116546631 212.138533592224 209.059337774913 200.797120730082 200.229088465373 211.09930674235 217.257022857666 216.606179873149 215.146462122599 220.290740331014 227.135201295217 228.536625703176 223.914901415507 226.110100746155 223.782320817312 217.066367467244 218.667904535929 215.34522374471 210.087776184082 208.286007245382 206.720451513926 205.474177996318 201.603750387828 199.867685635885 197.417914867401 193.174421787262 174.465378125509 152.647097905477 146.885335445404 152.575890223185 164.198776086171 169.391572475433 168.865462144216 173.623482386271 187.754491964976 201.668043931325 213.276545206706 211.559434731801 205.464780330658 156.234443187714 127.698481082916 143.827597300212 159.769614537557 165.341754754384 169.561445713043 182.758967081706
213.74386548996 211.050152778625 211.080332597097 209.250807762146 202.598949273427 206.53639237086 216.833531856537 217.331926027934 214.883228143056 217.510044574738 226.981202761332 227.692166964213 223.906278610229 224.168320496877 225.247045358022 217.494587103526 217.773238817851 214.370131492615 210.685213406881 211.138645807902 213.398019472758 212.430874506632 207.493205865224 200.964470704397 200.198829174042 197.755734125773 180.650651454926 157.209366559982 154.968659083048 162.508457899094 171.957075595856 174.999256928762 180.995623270671 189.895113309224 201.607267061869 210.522135098775 208.420256773631 175.361355145772 161.594361066818 156.551122665405 158.351769049962 170.710980892181 173.296014467875 158.405890067418 148.561348517736 161.694765090942
203.043838342031 209.315319856008 208.445866902669 209.255913893382 205.220798651377 203.622380892436 217.494567235311 221.473197142283 218.70364745458 217.950602372487 223.152975241343 227.548877398173 225.105007489522 221.903045972188 222.414235273997 218.012511730194 214.936137199402 215.683261553446 215.200503667196 216.375430425008 219.35240427653 215.370535850525 213.427265485128 204.919457435608 203.987280527751 206.845641136169 201.679189999898 193.444848060608 191.40879313151 192.598919073741 190.749764442444 184.18425321579 194.295684496562 201.752901077271 201.195577780406 182.449698448181 164.427250623703 116.996953884761 94.2334334055583 126.689891020457 164.620955785116 180.432101090749 173.146267731984 160.026212533315 155.164132515589 163.507729768753
192.03116496404 206.464568773905 207.512537638346 208.223064740499 208.601276079814 205.046792825063 212.598284085592 221.834937731425 228.200256824493 224.484244982402 224.042038122813 226.356148719788 226.681629816691 224.456230799357 223.232805728912 220.412770907084 216.201881567637 214.957356452942 212.224026521047 210.00991264979 211.803714434306 210.792978604635 209.795037905375 208.167990048726 209.345976511637 215.937813123067 224.381327629089 226.46168867747 209.276517232259 206.122835477193 197.379012902578 185.794671376546 190.084179242452 178.600629170736 149.522831042608 121.42613530159 101.716617743174 90.2951757113139 80.4842164119085 89.5130832990011 112.58461078008 147.045234839121 171.6388463974 192.934433619181 215.954383214315 214.760621388753
