input/barkrak2/radiation/dir25924.grid
NCOLS 85 
NROWS 70 
XLLCORNER 665100 
YLLCORNER 4664600 
CELLSIZE 20 
NODATA_value -9999 
[rows 40 to 59 of 70, columns 0 to 45 of 85]
195.38406531016 197.906752427419 196.669459342957 198.522170384725 207.772334416707 212.75007724762 216.421167055766 221.8945423762 221.158007780711 203.884780406952 189.913868904114 184.890071551005 182.299315929413 179.456075032552 176.210145155589 176.557163397471 175.419171651204 176.373442014058 169.50003306071 169.092297554016 173.347274462382 178.772767384847 181.944886843363 176.917334397634 172.577599684397 172.048111756643 182.119190692902 185.266057650248 189.959565798442 189.958850542704 191.03995958964 196.041663487752 194.26832596461 201.161166032155 227.954586346944 227.938810984294 216.584324836731 207.954088846842 211.234450340271 220.680594444275 235.532542069753 251.734733581543 213.669995466868 131.524384021759 74.0750084320704 50.7852137088776
203.479548295339 201.523462931315 200.647016366323 199.696441491445 196.501314640045 193.775852521261 192.092696825663 193.357566992442 196.593860785166 188.532968362172 179.822405179342 181.522031625112 183.80198876063 184.241890907288 180.999318758647 179.066240787506 173.455993334452 182.329952716827 181.364595890045 176.419456799825 178.161303202311 178.926328818003 179.290453592936 180.971622467041 181.421637535095 177.468578020732 182.832101980845 186.66805823644 190.125942230225 191.472967465719 194.25364335378 195.964395999908 194.917301336924 210.823158423106 223.527471224467 214.544574419657 195.350249608358 188.702543576558 189.379851023356 201.983153820038 236.406683921814 250.628213087718 234.545906384786 180.494030316671 109.129250049591 73.6276557048162
208.238641421 205.685059229533 208.346446355184 205.890854199727 199.662486712138 196.364462375641 192.328711350759 188.723564147949 187.448740005493 185.12362241745 181.929151217143 180.991053581238 183.849195639292 188.307344913483 186.493893464406 183.940589427948 179.579138755798 186.107416947683 187.482893466949 181.028525034587 177.727083365122 175.951460997264 173.751135667165 175.01566807429 179.275254408518 177.043318748474 173.331360022227 179.490307966868 186.005075772603 188.783903916677 189.622004826864 189.715107282003 195.987522602081 215.801199277242 222.129046916962 192.38022963206 178.955694039663 182.603776454926 187.953432401021 200.786928335826 212.392071882884 214.511712392171 201.10817750295 173.487385114034 119.925022125244 64.7945751746496
192.78480609258 195.411364237467 203.924854596456 200.602432092031 203.442891438802 205.767691135406 203.325688838959 198.643366495768 186.655084292094 185.639878114065 189.070820808411 183.271567026774 184.021512667338 187.166174252828 186.790664990743 184.544622898102 184.498488903046 187.701006730398 187.354445457458 180.655856927236 176.187177499135 173.398415247599 172.011892000834 170.548578103383 173.088312149048 178.558150927226 172.678510348002 175.126473108927 180.331369241079 183.879057566325 182.142436504364 179.829955101013 189.91223971049 205.509463946025 202.718158562978 181.272069613139 179.691632588704 189.295570055644 198.741535345713 201.108793417613 196.38067483902 194.603900114695 186.721543471018 162.172695000966 117.5284186999 62.7126445372899
190.623104572296 195.986032485962 198.18103313446 199.640174706777 201.461474100749 202.920893828074 203.259567419688 199.735860029856 194.884399573008 188.797175884247 189.247727394104 186.51274840037 181.362469991048 180.842836697896 179.752727349599 180.406232674917 175.293346246084 181.679824988047 184.666176637014 181.06734752655 177.802224953969 175.587296485901 173.995514710744 175.353626410166 171.989599863688 180.904507637024 183.623671531677 182.298123836517 181.647260983785 181.592027346293 176.072378953298 172.503530979156 179.307341575623 183.05907646815 176.726162433624 175.37518342336 183.506548404694 197.524348894755 205.449899037679 197.239796320597 195.163468519847 186.02196375529 174.051562945048 160.625060399373 129.112591346105 85.7406556606293
196.101625760396 200.945834318797 197.478791077932 201.358616352081 200.146516164144 199.092825253805 200.848758220673 199.54123099645 199.23722743988 194.422125816345 191.864371299744 191.073497136434 184.903303782145 180.929223696391 178.778429826101 183.220386505127 175.356229146322 177.648325761159 184.504389762878 182.083785533905 178.537249565125 179.345349470774 177.224437395732 177.318930625916 179.666956265767 178.934812545776 185.694257418315 185.607234636943 183.054884274801 181.32217725118 177.366435527802 172.944784164429 176.32399002711 172.108372052511 161.863774061203 161.671449740728 173.112809658051 190.162599086761 193.005124727885 179.256796836853 182.715793450673 170.36364475886 167.443156242371 169.727663199107 156.814237435659 118.457317352295
195.370078086853 197.473625342051 200.729171435038 202.096859614054 202.212572097778 201.878885428111 202.646831671397 204.631268978119 199.848135312398 198.058128356934 196.753025054932 194.457252820333 189.381877581278 186.609307924906 184.457580248515 188.928226629893 184.556345144908 177.417476971944 185.435573259989 183.69072675705 181.891024112701 182.07194407781 180.159648259481 175.701320171356 185.490190982819 178.633173306783 179.612259070079 181.632399559021 182.82425403595 181.910316149394 180.757304032644 176.733454068502 174.295008182526 170.735637346903 163.471758365631 162.027915318807 169.408679008484 180.288751920064 181.611617406209 178.519368171692 179.990688959757 171.50072256724 174.449523289998 182.4831366539 178.067545096079 146.714588006337
189.362545808156 191.921015580495 198.083182175954 199.374914169312 203.277945518494 203.300615151723 201.227823893229 201.607565085093 200.341482957204 201.96141799291 197.290599346161 193.976362546285 191.117425759633 191.239635149638 186.986704667409 186.920762062073 184.672077496847 175.086975097656 181.941231091817 183.348536491394 179.229875405629 180.759231249491 182.640751202901 174.086133639018 177.512288093567 177.287658055623 173.903226852417 177.747885386149 181.940138339996 180.681725343068 180.924415588379 180.673857529958 173.684438069661 175.326446692149 183.833320935567 178.362607955933 179.338574409485 176.79504553477 180.0497174263 191.098650296529 183.462242285411 173.21519056956 180.276115735372 185.042182604472 178.425788879395 156.55122200648
181.56756957372 184.923350811005 191.290577252706 194.458782672882 201.059718926748 203.731417655945 201.057811578115 199.191033840179 201.039016246796 202.976326147715 200.083990891775 196.081777413686 192.606091499329 193.64325205485 189.43194548289 183.40257803599 183.350006739298 175.37001768748 178.96701892217 185.098389784495 183.448433876038 181.902607282003 184.864699840546 179.870287577311 177.119712034861 180.725077788035 178.340256214142 181.576212247213 187.44828303655 190.405984719594 196.201801300049 195.604999860128 185.916046301524 187.82647450765 194.279511769613 195.289413134257 193.789899349213 186.686078707377 184.605042139689 190.384825070699 179.669598738352 171.353856722514 165.081471204758 164.119750261307 162.24068403244 161.333908637365
181.494057178497 177.702387173971 183.018445968628 190.707365671794 196.714282035828 200.793147087097 202.707846959432 204.878886540731 203.985571861267 200.721700986226 201.682686805725 201.630592346191 196.286161740621 193.968176841736 190.873940785726 187.260031700134 184.239069620768 178.741037845612 183.509906133016 188.606321811676 189.496874809265 188.185532887777 186.328689257304 185.937523841858 181.218822797139 185.220837593079 185.681164264679 189.742843310038 194.099843502045 203.457077344259 210.816582043966 213.297486305237 202.303210894267 199.561436971029 196.75209124883 197.954595088959 199.203332265218 197.837670644124 190.454343954722 172.937671343486 164.362927277883 169.576823711395 164.779980977376 159.502565860748 155.995150407155 160.450349251429
182.601511478424 185.061732927958 186.506728331248 193.916877110799 194.303711255391 195.704440275828 203.833599885305 207.453668117523 206.022540728251 205.261210600535 205.058813095093 203.829646110535 198.639432589213 194.562991460164 194.937924544017 197.097837924957 188.128352165222 186.194638411204 184.780061244965 192.945957183838 193.583071231842 190.514067808787 186.577260494232 187.254190444946 182.149529457092 188.52953116099 192.152778307597 192.961593468984 197.880764802297 205.980996290843 214.310228824615 220.257043838501 211.530864238739 201.100051403046 188.396354516347 188.190499941508 194.325725237528 201.440453529358 186.606049537659 166.610618432363 161.973764499029 171.957532564799 171.632607777913 166.522234678268 161.339620749156 158.081263303757
181.155323982239 191.815078258514 192.802131175995 196.286241213481 194.523374239604 193.752646446228 199.663658936818 205.709060033162 205.610970656077 208.669404188792 207.023719946543 205.188731352488 201.356510321299 196.544269720713 193.591852982839 201.554934183757 193.920294443766 186.471203962962 183.585584163666 189.286510149638 189.915060997009 187.956988811493 185.826381047567 181.679725646973 181.116461753845 183.047731717428 187.730411688487 188.639680544535 190.965294837952 195.635477701823 208.215077718099 215.126593907674 209.445536136627 181.995630264282 150.31835436821 142.947832743327 162.281066179276 186.559677124023 195.074955622355 192.722221215566 188.165187835693 178.164025147756 162.616193294525 158.84659687678 167.56816705068 158.904552459717
182.81082312266 181.688110033671 180.759747823079 185.321072737376 193.115373452504 196.314613024394 196.481843789419 202.054301897685 201.993266741435 204.912126064301 204.638640085856 206.779142220815 205.228686332703 200.18082857132 194.885551929474 193.997780481974 196.599841117859 185.969412326813 180.207371711731 179.632703463236 179.117679595947 180.094758669535 180.331905682882 176.239848136902 177.247881889343 174.193700154622 173.48301410675 174.474398295085 172.056436538696 176.337758700053 182.599186897278 196.093777815501 185.767372449239 160.217026869456 125.064770380656 105.457027753194 114.269912242889 146.837363640467 177.177786827087 190.322736899058 191.89045826594 177.147269248962 156.651596228282 153.76075108846 162.128349145254 148.512343565623
188.074588775635 177.781263987223 173.541923364004 179.489970207214 190.647721290588 199.601093928019 197.312990824382 199.642459551493 200.770000616709 200.791716575623 202.496647834778 205.493172009786 206.4395348231 202.848712603251 197.034796079 194.324831167857 195.653339227041 187.441209952037 182.259500026703 183.568795522054 182.720541954041 179.304679234823 177.418867746989 173.085788885752 172.170917193095 170.511325200399 170.020659764608 170.412977536519 166.770120461782 163.030405839284 158.003946145376 165.190488100052 159.781028827031 139.953901370366 123.971203962962 106.097976366679 87.2889657815297 95.1896905899048 118.923584620158 154.135515292486 175.734480222066 165.780166784922 155.706832806269 151.36127670606 143.663644790649 133.684128522873
190.641601880391 183.067341645559 178.870101769765 181.884109973907 192.536850770315 200.135787328084 203.612446784973 199.413398901621 203.863759835561 200.739602247874 204.742391904195 205.320080121358 205.99490404129 207.626799742381 199.732879797618 198.526640733083 200.137575467428 191.814521948496 186.223129431407 187.847018241882 187.922616799672 183.293064435323 180.340786774953 179.025769233704 175.008018811544 174.158910910288 172.043561935425 169.360677401225 165.395130713781 158.50830078125 149.040361245473 152.859797080358 151.937345663706 149.249533812205 148.842126131058 138.981978098551 113.214770952861 94.9440598487854 88.9564752578735 104.233274857203 139.125645160675 142.61390765508 131.506065527598 117.318779230118 114.652494589488 121.982892354329
194.26017999649 190.692444642385 184.342086315155 180.918018023173 186.622758706411 199.744602044423 201.879064242045 200.747648874919 200.766086578369 205.329596996307 209.932108720144 211.474021275838 209.286650021871 208.584189414978 204.977492491404 203.319668769836 203.329463799795 197.829981644948 191.40499830246 190.847198168437 188.80174557368 186.831037203471 187.18820810318 188.392599423726 183.632930119832 181.204756100973 172.939936319987 166.606247425079 157.801687717438 153.036177158356 153.837651014328 158.337702353795 157.950878143311 166.610419750214 173.601349194845 176.947911580404 169.459482034047 151.958624521891 130.976547797521 99.5472272237142 108.471691608429 127.010335524877 126.27578775088 114.635288715363 116.52797460556 134.225795666377
197.829822699229 195.61380147934 192.685306072235 184.734682242076 184.386630853017 195.448736349742 201.306502024333 200.746814409892 199.407537778219 205.203394095103 214.117805163066 213.580965995789 210.333168506622 211.121261119843 209.16090408961 204.134106636047 205.875873565674 200.768828392029 195.523957411448 195.532321929932 194.013396898905 193.224430084229 189.615865548452 187.906563282013 185.384313265483 178.802669048309 159.381578365962 137.150307496389 131.613930066427 139.078358809153 151.101887226105 153.817176818848 156.514038642248 161.869704723358 175.141533215841 189.256111780802 199.081559975942 200.13815164566 189.579884211222 143.187840779622 113.879263401031 130.719641844432 147.480587164561 151.129146416982 155.181914567947 169.145782788595
197.961886723836 194.299240907033 196.123580137889 193.288544813792 188.568234443665 192.476828893026 202.327867348989 202.847500642141 200.791815916697 204.400658607483 213.791370391846 214.069565137227 208.578447500865 210.835794607798 212.335149447123 202.431797981262 204.635878403982 201.495925585429 198.067605495453 198.609014352163 198.948244253794 198.177377382914 193.165818850199 186.526894569397 185.763637224833 184.79178349177 165.149609247843 141.430646181107 139.579514662425 145.920226971308 159.410874048869 161.840011676153 167.108456293742 176.785826683044 191.317756970723 201.067010561625 187.267303466797 154.750565687815 149.052778879801 144.116292397181 144.413630167643 158.382227023443 161.370644966761 145.631571610769 135.201295216878 148.771981398265
186.727623144786 193.600515524546 194.807330767314 194.735546906789 192.801455656687 189.323782920837 202.937722206116 208.215812842051 204.71195379893 206.654747327169 211.431384086609 213.524480660756 212.611218293508 208.23609828949 210.42666832606 206.019977728526 201.355278491974 202.633221944173 202.603777249654 205.840984980265 206.946790218353 202.937444051107 200.987776120504 192.596077919006 191.657741864522 193.776329358419 188.03068002065 178.564826647441 177.273472150167 178.868571917216 178.623159726461 171.467065811157 180.059472719828 191.37704372406 180.951575438182 170.734405517578 152.563760677973 103.983571132024 81.4549773931503 112.873435020447 149.672826131185 168.59233379364 161.78231438001 147.762477397919 140.687574942907 148.200849692027
176.631291707357 190.750777721405 193.609277407328 194.85874970754 195.844848950704 192.077378431956 197.928388913473 208.426515261332 214.572389920553 211.625874042511 211.973567803701 212.014675140381 213.819980621338 210.531830787659 209.482709566752 208.032886187236 202.421128749847 201.840281486511 199.327766895294 197.01224565506 198.861499627431 197.940309842428 197.00833161672 195.579628149668 196.952859560649 201.472342014313 211.851100126902 215.018133322398 198.729554812113 195.269703865051 183.26073884964 172.897577285767 175.427854061127 166.697899500529 136.5860303243 94.9410299460093 91.2633935610453 79.8548360665639 63.4958644707998 75.3416468699773 96.2421397368113 133.662799994151 160.020589828491 181.244651476542 200.862606366475 198.85649283727
