input/barkrak2/radiation/dir27424.grid
NCOLS 85 
NROWS 70 
XLLCORNER 665100 
YLLCORNER 4664600 
CELLSIZE 20 
NODATA_value -9999 
[rows 42 to 62 of 70, columns 0 to 45 of 85]
171.102305253347 167.413115501404 170.169790585836 168.812791506449 162.237117687861 157.804350058238 154.836922883987 149.991164604823 150.205324093501 146.430303653081 144.623249769211 142.432103554408 147.028684616089 150.072117646535 150.022725264231 145.776967207591 143.104980389277 148.165146509806 149.758607149124 143.30130815506 140.092055002848 138.265560070674 134.388744831085 137.429455916087 141.878505547841 139.614323774974 136.028071244558 142.471581697464 149.231016635895 152.222335338593 154.851227998734 154.346545537313 163.119256496429 186.189353466034 193.34485133489 168.102423350016 153.58978509903 151.406904061635 156.875987847646 167.662978172302 177.070617675781 179.816981156667 165.036062399546 133.567124605179 73.8036384185155 23.0318655570348
154.872079690297 156.676481167475 165.517697731654 163.232326507568 166.203369696935 167.58926709493 166.32487376531 160.229027271271 149.273693561554 146.956334511439 150.486608346303 146.207253138224 145.583420991898 148.943076531092 150.299201409022 146.397411823273 148.277541001638 149.819076061249 149.589111407598 144.78874206543 138.408084710439 135.636667410533 132.670700550079 132.948011159897 135.643720626831 141.131689151128 135.370761156082 138.011326392492 143.495033184687 145.631810029348 145.816932121913 144.149035215378 156.516393025716 172.613481680552 171.836296717326 156.264384587606 151.058733463287 160.365442434947 166.908880074819 167.723139127096 163.51776321729 157.44161605835 150.777955849965 123.645037412643 78.0321856339772 21.0440903902054
152.643998463949 157.212287187576 160.755604505539 162.227253119151 163.061857223511 165.864129861196 166.226993004481 161.385039488475 156.326393286387 151.510258515676 152.22488840421 149.525304635366 144.633720318476 142.480880022049 142.991254727046 142.159998416901 138.858258724213 145.614812771479 146.811246871948 145.072350899378 139.976849158605 137.82744606336 136.387844880422 137.805720170339 134.559522072474 143.669227759043 148.363610108693 145.231932401657 144.81649796168 143.480201562246 139.891415834427 136.837800343831 144.348462422689 149.131566286087 150.13974905014 149.609992901484 154.387503862381 168.088813622793 174.077153205872 163.377155860265 161.671688159307 152.731041113536 147.13462193807 127.037783463796 92.0661389827728 46.9818413257599
158.426185448964 163.488258918126 160.007297992706 164.034028848012 161.696543296178 161.84796889623 163.68156671524 161.173363526662 162.253042062124 155.987838904063 154.939522345861 152.738889058431 148.136039574941 142.509857813517 142.006615797679 145.018557707469 139.034221569697 141.721804936727 146.654019753138 146.061877409617 142.554730176926 141.62399371465 139.666855335236 141.779472430547 142.354995012283 141.75229271253 148.66625269254 146.919230620066 146.298984686534 144.932637612025 140.15918970108 137.261092662811 140.253325303396 135.377864042918 133.964508771896 134.409487247467 143.2945728302 158.07909766833 159.602671861649 145.842363437017 149.284462134043 142.936756213506 140.123953421911 137.548387050629 119.626035292943 80.3947746753693
157.710075378418 159.861326217651 162.14116414388 164.813886086146 164.913495381673 163.480420907338 165.579398473104 166.473577419917 162.866989771525 159.747203191121 158.416986465454 156.212329864502 152.677516142527 148.30673734347 147.971610228221 150.904893875122 146.709551413854 139.695008595785 147.623757521311 145.946850379308 144.079128901164 144.38929160436 142.64835913976 138.429989417394 148.29542239507 141.399333874385 142.498672008514 144.748290379842 144.540180762609 145.610431830088 144.960780938466 141.121755043666 139.49586947759 138.038317362467 135.769238074621 134.690264860789 138.274093468984 147.439291079839 149.299879868825 148.079524437586 146.530658006668 139.229565858841 143.811802069346 151.490867137909 143.652975559235 109.78298385938
152.459959189097 154.09771601359 160.48397620519 161.959042151769 166.030645370483 166.278600692749 164.113014936447 164.466838041941 163.353065649668 165.175259113312 160.587688287099 155.692527691523 154.413322607676 153.061131636302 148.977229992549 148.860742648443 146.751135587692 137.284537156423 142.312745253245 145.570943752925 141.532878081004 141.363382339478 143.324504295985 134.87516840299 138.386140267054 140.173415342967 135.040422280629 140.828510125478 143.699675798416 143.047034740448 145.266234874725 144.024819135666 139.030406872431 141.628235578537 150.651196638743 152.592102686564 148.19723367691 143.860469261805 147.64658610026 158.53879849116 150.679488976796 141.414622465769 148.882279793421 154.824912548065 148.464977741241 127.961625655492
144.476274649302 147.983849048615 153.436819712321 157.900760571162 163.740267356237 167.834599812826 163.884023825328 161.934266487757 164.16131456693 166.257093350093 163.401395082474 159.272164106369 156.020104885101 155.552357435226 153.08885773023 147.037168343862 145.336151123047 139.297644297282 143.082002798716 147.350152333577 145.809441804886 144.440333048503 145.555943250656 140.646249055862 137.990792592367 141.767770051956 139.477094014486 142.893582582474 149.175107479095 152.700771888097 159.117251634598 160.550167163213 151.385843753815 153.558890024821 162.045001983643 165.031433105469 163.388351599375 155.483692884445 153.183112541835 157.694756984711 147.83122142156 139.754186073939 137.230237325033 136.335740486781 134.340971708298 133.331139882406
144.152402877808 140.575756629308 145.983278751373 154.120047887166 160.34068663915 163.432617982229 166.686415672302 167.926708857218 168.589015801748 163.880477348963 166.431824366252 165.058662494024 161.339620749156 157.437245051066 154.478053251902 150.69513519605 147.877375284831 142.828653256098 145.812640587489 150.971313317617 152.015497287114 150.863220294317 147.028177976608 146.749953428904 142.086714506149 146.255671977997 148.792793353399 150.952597459157 155.665814876556 163.468658924103 173.691888650258 177.465240160624 168.484568595886 165.314624706904 162.578880786896 167.438904444377 170.174817244212 168.893337249756 157.672464847565 145.851661761602 136.768102645874 138.635377089183 137.025733788808 131.412963072459 127.538631359736 132.233083248138
145.949045817057 147.903462251027 151.036659876506 157.475660244624 158.994406461716 159.197380145391 167.72586107254 171.882510185242 171.870350837708 169.97238000234 168.45824321111 168.761928876241 163.67980837822 157.991270224253 156.849881013234 160.893758138021 151.900639136632 148.515224456787 149.414936701457 157.361606756846 158.135155836741 155.152291059494 151.391377051671 150.160819292068 145.016352335612 151.583641767502 155.427902936935 156.402170658112 159.353315830231 167.857090632121 176.979939142863 182.7259461085 176.887969175975 165.858407815297 155.147790908813 156.708717346191 165.239383776983 172.351717948914 161.37574116389 139.317770799001 131.351252396901 140.982449054718 144.440223773321 139.133562644323 133.337785800298 129.859844843547
145.096033811569 156.477004289627 157.876153786977 161.021053791046 159.063875675201 158.283094565074 165.018240610758 171.261509259542 170.003294944763 174.955725669861 171.80593808492 170.11680205663 167.805870374044 161.520302295685 159.137725830078 167.197942733765 159.443030754725 153.023103872935 150.282243887583 153.624266386032 154.250969489415 152.425070603689 150.605887174606 146.581629912059 143.989781538645 146.096706390381 150.94921986262 152.005563179652 154.500464598338 159.575382868449 170.356035232544 181.34876092275 177.244067192078 155.791153510412 121.609210968018 113.945931196213 134.6116065979 157.552818457286 167.41947333018 164.807130893072 159.310022989909 151.412824789683 134.720822175344 130.959411462148 140.154331922531 131.104280551275
148.509601751963 147.160371144613 146.265536546707 150.378674268723 157.217234373093 162.183125813802 161.518553892771 168.564637502035 167.400658130646 171.011567115784 172.133644421895 173.126955827077 171.83385292689 166.711866855621 162.191609541575 161.104788382848 162.204374869665 152.293076117833 148.319025834401 147.232055664062 146.72573407491 148.196478684743 148.903638124466 142.788122097651 144.197225570679 141.223927338918 142.907857894897 142.145444949468 142.288525899251 142.350941896439 146.535019079844 163.15088669459 160.184681415558 132.7177186807 95.9914028644562 76.2172440687815 84.1894745826721 114.404092232386 150.603870550791 166.166732708613 167.950610319773 151.066432396571 128.748118877411 125.302016735077 134.172966082891 120.788276195526
154.060502847036 143.334805965424 139.643828074137 145.727107922236 157.650709152222 166.936775048574 165.175139904022 167.210618654887 168.959558010101 169.194499651591 171.182751655579 173.117180665334 174.341479937236 172.609011332194 165.813555320104 162.985245386759 164.814054965973 155.279934406281 151.835471391678 152.893175681432 152.312616507212 149.301240841548 145.748436450958 141.664127508799 141.206582387288 139.622718095779 139.352609713872 139.914770921071 138.676861921946 132.963647445043 122.068425019582 131.73563281695 132.060716549555 112.164775530497 96.0332751274109 77.2540072600047 58.0454965432485 65.1054282983144 88.8966023921967 125.760465860367 149.71121152242 139.114727576574 127.996762593587 122.829218705495 114.761581023534 106.700559457143
155.712842941284 149.35498436292 144.980728626251 150.108228127162 159.910490115484 168.978194395701 171.3893810908 167.024453481038 171.819448471069 169.090350468953 172.106663386027 174.34028784434 175.285180409749 175.838569800059 169.96435324351 169.047315915426 168.959001700083 162.977695465088 157.872647047043 159.374922513962 159.363319476446 154.767215251923 152.06511815389 149.7902572155 146.101027727127 145.381877819697 143.397231896718 138.753285010656 134.562889734904 127.57150332133 117.767731348674 120.813012123108 123.960425456365 122.285266717275 121.322969595591 110.032687584559 81.9090108076731 64.9425983428955 58.9830130338669 74.074332912763 110.04497607549 114.775240421295 103.451629479726 88.8821880022685 86.6950750350952 95.5580472946167
159.959057966868 157.979011535645 151.829401652018 149.149636427561 155.455400546392 168.490588665009 170.372684796651 168.796002864838 169.670303662618 173.772096633911 180.446286996206 180.590887864431 178.384641806285 179.312606652578 174.965004126231 173.725406328837 173.83352915446 169.294039408366 163.270185391108 160.266508658727 158.025443553925 156.445364157359 157.511949539185 159.417450428009 152.782599131266 150.399655103683 144.012580315272 135.015517473221 127.704719702403 124.262968699137 120.962828397751 126.345177491506 130.198508501053 140.604913234711 148.294190565745 148.567487796148 137.818068265915 118.968347708384 101.263423760732 69.5209354162216 79.2866299549739 99.5040436585744 99.2439786593119 86.7989063262939 87.9201889038086 106.373687585195
163.303395112356 162.437895933787 159.608652194341 154.086112976074 153.460045655568 164.617637793223 169.132649898529 169.577260812124 168.02446047465 176.840265591939 184.828678766886 183.881004651388 179.830690224965 181.420683860779 180.911640326182 174.019237359365 176.02280775706 171.660244464874 168.181200822194 164.464106162389 163.059075673421 163.061877091726 159.951229890188 158.324748277664 155.730028947194 149.129013220469 128.246525923411 105.236152807872 100.274364153544 108.05998245875 120.561490456263 122.96117345492 128.528296947479 135.003566741943 147.851089636485 162.351946036021 166.900138060252 152.149816354116 164.283563693364 114.042828480403 84.4273368517558 102.470020453135 120.017458995183 122.927139202754 124.552498261134 139.507869879405
162.711481253306 160.37055850029 162.798861662547 162.488748629888 157.547394434611 162.297308444977 169.862389564514 171.183228492737 169.359485308329 175.140241781871 184.110363324483 183.361013730367 177.876790364583 180.909117062887 183.352033297221 173.057834307353 174.100975195567 171.548902988434 170.147299766541 170.876145362854 171.752095222473 171.664039293925 166.603436072667 158.23025504748 157.43891398112 154.986321926117 132.473955551783 107.878357172012 107.956409454346 117.454995711644 129.562864700953 128.766536712646 139.868040879567 148.708959420522 166.855533917745 165.193219979604 161.548833052317 111.260314782461 91.201772292455 116.479059060415 114.658196767171 130.414664745331 134.172677993774 117.008358240128 105.571687221527 119.775831699371
150.905559460322 159.123440583547 161.129951477051 163.276612758636 161.271383364995 158.594389756521 170.316378275553 175.111373265584 173.391898473104 177.008907000224 181.020379066467 181.851108868917 180.951337019602 177.594820658366 178.64187558492 175.287942091624 171.098589897156 173.587997754415 174.620191256205 176.325519879659 176.353573799133 172.344942887624 170.420825481415 163.938601811727 161.423444747925 162.425975004832 156.016717354457 148.477743069331 148.192505041758 150.720179080963 149.151504039764 140.489419301351 153.696238994598 166.734238465627 154.919256766637 147.055566310883 110.667924086253 67.4540996551514 51.7159104347229 83.7379892667135 118.480771780014 141.424636046092 135.724196831385 120.384703079859 110.073228677114 115.095317363739
140.118181705475 156.368126471837 159.464041392008 161.619395017624 163.676639397939 158.681044975917 165.184150139491 174.284338951111 183.788498242696 182.704011599223 179.930647214254 179.564515749613 181.470513343811 179.195602734884 178.610682487488 175.6764849027 170.616110165914 172.660609086355 170.72739203771 168.230692545573 170.15544573466 169.459621111552 168.694098790487 166.331897179286 168.081184228261 171.950956185659 181.465824445089 184.54776207606 173.579136530558 167.580723762512 154.980500539144 141.647358735402 148.537933826447 139.429042736689 107.337425152461 71.2320903937022 68.4384206930796 57.7163994312286 42.1062459548314 42.1552310387293 63.1127059459686 104.01572783788 133.041520913442 154.780884583791 171.186248461405 167.35049088796
141.792555650075 152.397155761719 160.021642843882 161.217530568441 162.803073724111 162.852267424266 157.055328289668 168.185651302338 187.715888023376 186.284522215525 180.500070254008 177.062551180522 178.590138753255 181.385417779287 180.013696352641 176.218688488007 173.349916934967 169.467389583588 162.123183409373 154.452194770177 154.307146867116 159.313499927521 158.795177936554 162.360350290934 164.177944262822 173.70080947876 192.134539286296 202.692786852519 184.750517209371 170.740048090617 150.749584039052 128.995458285014 128.993521134059 119.42579348882 93.0382907390594 62.4781350294749 69.027453660965 82.3642015457153 76.5901257594426 59.8994394143422 46.8317717313766 67.1688715616862 112.457523743312 143.8936094443 159.890860319138 155.377527077993
154.287894566854 157.093683878581 160.040318965912 155.604819456736 149.183621009191 146.243204673131 155.384480953217 158.904890219371 168.896059195201 168.715218702952 167.463103930155 172.633469104767 177.91227499644 178.222517172496 173.964579900106 175.310591856639 174.888809521993 167.680462201436 159.104426701864 151.286900043488 149.72201983134 150.774816672007 154.295792182287 156.339804331462 156.193554401398 159.257352352142 174.254894256592 187.276065349579 179.106831550598 165.104329586029 139.870196580887 121.537347634633 112.786809603373 122.756689786911 113.182753324509 87.9114170869191 93.4941867987315 133.57612490654 142.841070890427 118.900120258331 80.4753005504608 66.7819182078044 87.2092048327128 105.969885985057 105.800410111745 113.345781962077
167.805016040802 163.733929395676 160.225411256154 152.602642774582 140.558858712514 131.47841890653 145.452042420705 143.154303232829 131.802290678024 134.113281965256 149.024039506912 160.905659198761 166.162669658661 170.086026191711 172.976791858673 182.974537213643 184.672017892202 175.001939137777 165.361404418945 160.401483376821 155.062854290009 152.843902508418 153.11673283577 152.027130126953 151.950418949127 152.559677759806 161.984582742055 162.615984678268 156.480213006337 135.078032811483 137.313395738602 128.839413324992 119.859615961711 134.130418300629 134.424785772959 121.917595465978 116.991062959035 121.1858689785 127.395321925481 127.200156450272 108.124921719233 89.0832146008809 87.2294505437215 83.0607910950979 58.3534638086955 81.3560336828232
