input/barkrak2/radiation/dir22224.grid
NCOLS 85 
NROWS 70 
XLLCORNER 665100 
YLLCORNER 4664600 
CELLSIZE 20 
NODATA_value -9999 
[rows 20 to 39 of 70, columns 0 to 45 of 85]
153.76623471578 143.581926822662 156.875610351562 193.766216437022 189.640065034231 154.864569505056 144.514590501785 152.779082457225 165.648559729258 181.929429372152 197.009404500326 199.921667575836 205.232640107473 211.662213007609 222.217261791229 240.218997001648 257.188379764557 269.169231255849 283.848643302917 304.882566134135 309.927821159363 300.607403119405 299.010495344798 301.230529944102 302.810867627462 303.774257500966 306.8754474322 304.764688014984 301.490048567454 300.548493862152 293.529828389486 280.42205174764 268.442114194234 261.431415875753 258.695165316264 264.552593231201 264.537731806437 266.31893714269 271.224915981293 275.965332984924 276.055216789246 276.19864543279 278.912226359049 272.593458493551 277.914841969808 281.082352002462
184.280435244242 178.787807623545 188.671310742696 220.150053501129 216.847618420919 163.747290770213 156.731863816579 162.744661172231 171.185692151388 180.811663468679 189.497411251068 197.006265322367 201.705714066823 201.796968777974 212.162057558695 228.147765000661 243.039091428121 255.618214607239 273.640255133311 288.988471031189 300.019641717275 312.447766462962 316.877961158752 315.496563911438 309.896349906921 303.062478701274 298.067192236582 292.39962498347 294.270674387614 287.378112475077 270.738641421 237.888435522715 215.047637621562 209.448198477427 215.984463691711 236.26567920049 244.582196076711 260.867714881897 271.0981965065 272.177259127299 270.161986351013 268.227140108744 262.052059173584 246.493915716807 267.750998338064 278.122941652934
228.36975256602 232.126911481222 230.120360851288 238.909701506297 238.959153493245 194.398244222005 179.717938105265 170.192142327627 167.414804299672 174.352387587229 190.53061803182 197.918057441711 207.10156361262 208.207905292511 214.996874332428 224.590937296549 238.277991612752 252.590219179789 263.492544492086 269.77401971817 276.886502901713 292.789459228516 295.863628387451 300.185561180115 294.398148854574 284.936269124349 270.16152938207 252.955337365468 250.254034996033 231.097420056661 205.368717511495 157.932887474696 136.663456757863 147.745003302892 175.853908061981 202.038963635763 220.887283484141 242.98099676768 256.723324457804 259.423613548279 263.116439183553 264.13094997406 239.78191614151 216.562747955322 248.130997021993 275.222341219584
255.223035812378 254.027247428894 242.569247881571 244.398375352224 243.822753429413 230.250736077627 201.91623767217 177.708367506663 163.956691821416 168.568511803945 188.491702079773 199.200809001923 212.992986043294 223.591228326162 222.93496131897 226.559201876322 235.503713289897 248.056431611379 254.125157992045 247.977058092753 242.931326230367 239.158729712168 249.602119127909 259.709298610687 264.379898707072 266.758382320404 252.779424190521 240.493277708689 214.021881421407 178.675373395284 150.861263275146 125.738322734833 89.8058215777079 70.9812939167023 82.9749604066213 117.764989535014 163.064380486806 196.786046028137 214.607020219167 225.481688976288 224.036574363708 210.319797197978 196.884632110596 230.184276898702 234.339376290639 264.472107092539
248.808741569519 249.10581111908 249.023874600728 246.871888637543 236.675242582957 230.227410793304 208.708504835765 191.206018129985 175.289253393809 169.760505358378 184.139728546143 197.021504243215 208.315809567769 220.316847165426 223.710695902507 225.345889727275 228.707750638326 235.816995302836 240.3271595637 234.111646811167 232.016205787659 225.50110022227 233.678579330444 240.076283613841 244.818607966105 245.239694913228 237.521330515544 226.070006688436 192.987322807312 145.920306444168 125.641723473867 121.961772441864 99.0273257096608 55.7043502728144 49.2593844731649 70.6762870152791 109.976748625437 141.925235589345 169.434825579325 188.364624977112 178.45473686854 156.315386295319 177.719493707021 252.226789792379 249.980270862579 267.083803812663
239.830056826274 244.57581837972 251.767536004384 245.895445346832 237.175544102987 231.668869654338 219.279746214549 219.297448794047 212.570468584696 198.512514432271 195.767839749654 211.063802242279 221.624970436096 231.944839159648 231.811682383219 223.138332366943 219.750682512919 231.543302536011 237.779438495636 241.11666282018 242.94110139211 238.557895024618 234.016537666321 232.080082098643 233.49134127299 233.662565549215 225.938975811005 219.009478886922 180.267910162608 155.433416366577 152.33513712883 166.910330454508 166.662871837616 121.15208307902 88.5245501995087 88.7404481569926 98.4261631965637 120.409786701202 147.570828596751 160.116543372472 150.10658899943 142.903536558151 187.670330206553 247.122406959534 266.313493251801 278.583904107412
240.843494733175 244.321783383687 250.074724356333 247.041900952657 251.460671424866 245.328565438588 238.981127738953 237.514535586039 239.862342675527 233.324686686198 219.174146652222 234.061479568481 237.308581670125 245.033999284108 239.986459414164 229.666312535604 226.157963275909 235.656976699829 242.747227350871 252.626895904541 254.206975301107 252.561549345652 241.843104362488 234.045624732971 234.239081541697 233.187993367513 226.064761479696 219.496866067251 190.294325351715 187.879463036855 206.69162273407 231.635292371114 237.993240356445 239.258746306101 199.781358242035 124.325444300969 116.095572710037 122.12997674942 142.655581235886 151.058216889699 162.966092427572 193.691968917847 208.45373471578 230.525016784668 255.635619163513 267.545382181803
244.664589564006 241.347114245097 243.89636516571 246.416211128235 276.64856115977 262.358645598094 253.653645515442 243.749101956685 245.498299598694 249.788721402486 238.448878129323 238.59973748525 239.098211129506 243.276953697205 246.086478233337 241.127908229828 234.882235527039 241.762280464172 251.754244168599 257.556358973185 255.27169307073 246.098895867666 242.822527885437 243.557631969452 240.495344003042 239.905218283335 234.235882759094 230.584581693014 221.901794274648 222.066024939219 242.535253365835 256.635864575704 258.746266365051 272.254109382629 277.007301648458 198.101937770844 142.021755377452 127.979139486949 134.392688671748 155.225972334544 197.577675183614 254.873335361481 224.72866376241 214.637875556946 236.078639825185 246.647795041402
243.579745292664 233.361522356669 236.67573928833 252.650499343872 293.709178765615 267.002701759338 247.72568543752 237.414022286733 239.794452985128 242.499013741811 237.668593724569 231.861710548401 237.464547157288 242.772916952769 247.392773628235 248.748362064362 245.391468207041 239.581227302551 250.798364480337 252.49977906545 247.898439566294 242.360552151998 241.792321205139 247.776091098785 247.513433297475 241.41252040863 241.793910662333 237.364451090495 231.68949286143 233.082234859467 253.86114915212 270.23591597875 271.444916725159 271.182258923848 285.069743792216 263.795614242554 167.700588703156 116.223216056824 104.86513376236 133.724957704544 206.839243570964 239.283541838328 214.081923166911 184.228777885437 202.764232953389 215.177953243256
237.340251604716 225.188930829366 232.124129931132 262.86123196284 292.032917340596 265.450497468313 237.124900023142 218.817532062531 211.07280254364 213.358958562215 213.692625363668 217.150568962097 231.068988641103 241.543968518575 247.442324956258 251.637021700541 252.435902754466 239.981929461161 242.68494049708 244.259099165599 244.74561214447 243.47327152888 245.214740435282 249.614675839742 252.192914485931 245.56032816569 248.881836732229 241.094946861267 234.548469384511 241.168200969696 261.254807313283 278.397997220357 274.541755517324 272.123714288076 282.192925612132 291.489005088806 252.886414527893 171.659628550212 131.596386432648 139.992157618205 176.894942919413 191.404302914937 196.940620740255 164.176175991694 169.167121251424 189.56724802653
228.649020195007 236.790597438812 266.668041547139 312.598804632823 310.124297936757 271.31853501002 233.9715162913 203.216552734375 194.179773330688 203.273932139079 198.45712184906 194.549739360809 221.378922462463 243.705928325653 252.385973930359 258.279005686442 257.867872714996 248.168349266052 245.007971922557 248.550017674764 245.764096577962 251.683751742045 252.145250638326 252.895732720693 253.710905710856 257.148921489716 254.735589027405 252.074360847473 243.690113226573 252.475619316101 268.803973992666 280.855814615885 276.933670043945 279.64840332667 286.112527052561 289.796829223633 298.787693182627 289.503037929535 215.824882189433 169.589201609294 156.186819076538 151.011228561401 168.699324131012 160.930285851161 161.798059940338 187.616109848022
247.353494167328 277.798771858215 306.619862715403 317.955811818441 336.361567179362 308.469553788503 265.871485074361 227.497438589732 213.499327500661 225.770990053813 219.483554363251 201.039950052897 215.669771035512 240.840037663778 257.189472516378 259.797135988871 259.838084379832 258.905967076619 250.352183977763 250.215768814087 250.795880953471 255.034883817037 253.617346286774 252.563854058584 255.091389020284 263.821482658386 264.838874340057 265.008648236593 260.596553484599 265.23099342982 274.339954058329 280.294895172119 282.337069511414 288.809339205424 293.527404467265 282.509962717692 287.476817766825 312.693973382314 288.969894250234 219.438115755717 169.585883617401 152.941147486369 155.364016691844 165.733734766642 187.830964724223 214.462916056315
289.474705855052 307.281653086344 307.444214820862 301.934401194255 317.962368329366 328.897535800934 313.020428021749 282.217760880788 256.429672241211 256.170570850372 255.681653817495 231.460511684418 218.25102965037 240.858177344004 262.181222438812 265.691061814626 262.033045291901 263.94514242808 251.626372337341 248.365759849548 253.180722395579 255.097587903341 253.58247756958 252.781669298808 255.158801873525 266.389310359955 270.644982655843 274.964551130931 269.67187722524 269.17827129364 280.628720919291 287.111123402913 284.292916456858 285.000860691071 289.173563321431 277.899781862895 278.403480847677 289.847652117411 277.204354604085 239.914099375407 205.971896648407 176.865021387736 161.618630091349 165.439943472544 187.468926111857 222.23699092865
297.548254330953 298.241992791494 293.187975883484 283.746620019277 285.939435164134 303.249418735504 314.593593279521 302.711486816406 283.707578976949 279.07939751943 279.052217801412 262.38489151001 244.853337605794 248.273491859436 261.179109414419 262.138704458872 258.534610271454 260.248243808746 253.497421741486 252.883235613505 252.470771471659 252.847234408061 249.869704246521 249.068796634674 254.864017168681 261.368711789449 270.097255706787 272.250294685364 270.354211330414 273.673752943675 284.200886885325 283.976753552755 272.631168365479 267.989317576091 271.718859672546 254.546821117401 252.797365188599 247.956057389577 229.653656482697 222.039262453715 233.050088087718 207.948764165243 183.402379353841 172.142386436462 172.583480676015 199.121356010437
297.396341959635 292.123754819234 297.461311022441 285.817980766296 279.56082423528 289.324343204498 309.564113616943 321.172932783763 305.100123087565 287.298083305359 281.218330065409 277.132868766785 274.632136027018 265.044232209523 261.460661888123 261.887689431508 259.934027989705 256.984909375509 255.710661411285 256.043016910553 252.569993336995 252.872010072072 250.725110371908 250.296612580617 254.316608111064 260.224978129069 267.615437507629 263.927161693573 264.769911766052 276.147087415059 281.787812709808 273.79184961319 259.815573692322 261.421183745066 257.896224657695 240.231573581696 242.306192715963 241.361320018768 239.331483840942 245.124677817027 248.438874880473 243.352075417837 222.883105278015 206.776857376099 188.492556413015 183.874428272247
312.225123246511 309.46950117747 316.550890604655 312.356948852539 303.821663061778 305.828789869944 318.487803141276 332.948903242747 318.151036898295 293.055593967438 280.336280663808 282.395462195079 285.75058778127 274.193286895752 265.696108341217 269.076546033223 265.824218591054 257.632950941722 260.917643706004 261.432488759359 258.813579877218 253.3886830012 254.351317882538 258.754293123881 255.249718825022 259.530444939931 261.860807736715 259.755651156108 261.787096659342 274.864673614502 277.890682220459 270.355860392253 261.58340771993 262.682477633158 250.644008318583 244.813561439514 250.336746374766 253.162324428558 260.529279708862 271.064400672913 237.861037254333 230.06006081899 221.499641736348 212.557713190715 197.024544080098 177.529811859131
324.692209561666 323.62695535024 326.69194539388 327.01051235199 319.046815236409 313.639124234517 319.353580474854 332.12556441625 321.613570054372 293.524265289307 280.968864758809 281.748334566752 286.839107672373 276.003420352936 265.378673871358 272.421558698018 272.256175676982 265.147964159648 265.56122303009 267.272432645162 266.768991947174 262.277404467265 261.522829532623 262.61180639267 260.542531808217 258.519371350606 262.98067967097 266.562342643738 268.18710565567 276.41620238622 277.807553609212 273.271719614665 264.260013898214 260.836203893026 248.12787771225 252.151012420654 257.206579049428 259.409268697103 261.768718560537 265.515009562174 219.607392946879 185.27626991272 172.368327776591 167.336165904999 167.888303597768 166.281590859095
327.542503674825 328.853646914164 329.503059387207 328.658143679301 322.83486922582 318.271199862162 319.127082824707 325.812876224518 326.537708441416 301.737348238627 289.337575435638 287.17577457428 281.432946523031 274.946689605713 265.678246815999 268.229603767395 278.762439886729 272.765596707662 268.52152744929 271.684845288595 271.746913592021 266.55391852061 264.82743024826 266.056398550669 266.132473945618 264.407734076182 264.546434084574 269.025862216949 271.366914113363 274.732232093811 277.908444404602 274.9116619428 267.004013061523 251.863360404968 241.327007611593 258.029282093048 266.959150632222 266.418735186259 258.296449979146 261.432707309723 218.334952990214 153.913388649623 127.986272176107 117.730528116226 122.921834389369 132.520059744517
317.954262097677 323.607762654622 326.831618944804 325.807730356852 324.644088745117 325.378775596619 324.85177119573 324.601928393046 325.002511342367 312.021573384603 305.088102817535 295.413116614024 283.871074517568 278.360486030579 272.508462270101 267.555673917135 277.073164780935 277.899384498596 272.245764732361 271.789292494456 271.094580491384 267.967700958252 264.545162518819 264.396925767263 268.747329711914 271.188835302989 268.999735514323 270.251532395681 272.823135058085 273.706654707591 276.264448960622 276.686509450277 262.466589609782 239.657958348592 247.025986512502 271.709561347961 275.592645009359 269.969662030538 256.117661794027 258.701761563619 255.903601646423 194.615284601847 138.004889090856 116.749475399653 115.736454725266 115.315427382787
298.620223999023 303.199648857117 302.932858467102 309.051036834717 317.526499430339 325.744946797689 330.510238806407 332.713087399801 330.848574638367 322.894036769867 310.758173465729 291.156550248464 281.658113002777 280.373732248942 277.066985766093 270.641207695007 275.686800479889 275.518417358398 268.883128960927 269.546409447988 272.000908851624 273.850083351135 271.960258483887 267.430822054545 265.883366266886 267.654995123545 271.470546722412 272.735555966695 275.074124336243 274.17532602946 273.36331208547 274.333854516347 256.332874298096 241.234282652537 266.602456569672 282.888511816661 277.543862660726 272.061129411062 261.768480141958 262.35552628835 288.441340128581 288.874785105387 223.605136076609 170.416474342346 137.883007526398 116.750965515773
