input/barkrak2/radiation/dir26724.grid
NCOLS 85 
NROWS 70 
XLLCORNER 665100 
YLLCORNER 4664600 
CELLSIZE 20 
NODATA_value -9999 
[rows 40 to 59 of 70, columns 0 to 45 of 85]
174.157241980235 176.782786846161 176.634430885315 178.562521934509 186.909476915995 193.393250306447 197.247902552287 201.500395933787 200.732211271922 182.958364486694 168.627123037974 163.581798473994 162.520488103231 158.130009969076 156.529933214188 155.281196037928 155.828187863032 155.165483554204 149.918258190155 147.894064585368 152.243663867315 159.642954667409 160.975486040115 157.668113708496 153.417319059372 151.162465413411 163.128823041916 166.416058937709 171.231091022491 171.360532442729 172.497193018595 178.152402242025 172.591229279836 186.262885729472 212.423364321391 212.326169013977 201.400180657705 191.347082455953 194.37571366628 207.834998766581 223.517616589864 236.608703931173 193.806111812592 109.756956497828 53.8480182488759 32.6812316974004
183.571338653564 180.47837416331 180.734237035116 179.794331391652 175.309518973033 173.77914985021 172.079761823018 172.107934951782 176.938891410828 167.220671971639 159.830172856649 160.160919030507 164.061178763707 162.976404031118 161.431203285853 157.812496026357 153.810292482376 161.174237728119 162.022113800049 155.293732881546 157.119254271189 159.810642401377 158.297747373581 160.070608059565 162.415643533071 156.593501567841 162.096281846364 167.84942150116 169.844806194305 172.89670308431 174.20228322347 177.985151608785 178.591787815094 195.912520090739 208.558638890584 198.722581068675 177.785933017731 173.180063565572 172.573328018188 184.91260210673 220.745503902435 236.494282881419 216.819842656453 159.047285715739 86.7612957954407 55.2703589200974
188.476502895355 184.783498446147 187.485138575236 186.154584089915 178.651710351308 175.253709157308 172.305146853129 167.364279429118 167.550623416901 163.771897554398 161.969343821208 159.615149100622 164.176066716512 167.103032271067 167.031089464823 162.732472022374 160.082638263702 164.994955062866 168.315589427948 159.949173529943 156.67513012886 156.698892513911 152.718673149745 154.052038987478 158.413350582123 156.169414520264 152.530332406362 160.530587037404 165.650467077891 170.131504535675 171.123305956523 170.301675796509 179.069817066193 200.314958890279 205.976049105326 179.658432801565 165.634016195933 166.995863119761 171.928286552429 183.38930606842 191.977560520172 195.61493396759 183.701316515605 153.778582811356 97.2563028335571 45.0238933165868
172.520140806834 174.21700557073 182.916502157847 180.678228537242 182.525634765625 184.88355477651 183.62549940745 177.508771419525 166.673362255096 164.290318886439 167.770326137543 161.925663550695 162.692705790202 165.945718685786 167.317390441895 163.343538840612 165.169527133306 166.615168253581 166.320453087489 161.509960889816 155.092696348826 152.354816595713 150.974829991659 149.553517500559 152.18045314153 157.720675071081 151.889503002167 154.461244742076 161.497642596563 163.541535536448 162.046114603678 160.21129488945 171.075522899628 187.640349070231 183.323840300242 168.150365352631 163.116325934728 173.705120881399 181.571424007416 183.587789535522 177.616079648336 175.48135916392 163.44811518987 143.845429023107 96.8388617038727 38.6440480748812
170.315265655518 174.714922904968 178.219517072042 179.688632488251 180.425584316254 183.185458183289 183.539827664693 178.695360819499 173.687398433685 167.488773663839 169.481456279755 166.756749153137 161.732325951258 159.528950850169 160.093684991201 159.14715329806 154.061794281006 162.42653131485 163.589239120483 161.84933980306 156.713167826335 154.562791188558 154.735753933589 154.378364483515 151.067078113556 161.981056133906 164.830764134725 161.6596976916 162.835439046224 161.305328210195 156.091163555781 154.008626937866 160.146256287893 164.578994115194 162.700364987055 161.828656991323 166.371504465739 181.822021802266 188.544034957886 179.951608181 177.545666694641 165.316740671794 159.851570924123 140.463401873906 109.761039415995 65.0024612744649
175.991555054983 180.978218714396 177.487889925639 181.464711825053 180.206020673116 179.235279560089 181.0422539711 178.485989570618 179.531375567118 174.620668093363 172.165155410767 171.406328678131 165.265659491221 159.608493248622 159.10945336024 161.99404001236 155.929277340571 158.45995148023 163.4241938591 162.854770819346 159.312119086583 158.347398042679 158.061186472575 158.339997132619 158.790061871211 158.11629096667 166.951497395833 165.04693031311 162.657926479975 162.657797336578 157.535493373871 154.448052247365 157.10989634196 154.344747463862 147.090544303258 147.278289000193 155.870566765467 174.950540065765 171.830932299296 162.594765424728 165.889799594879 155.865957339605 153.019845485687 150.61217546463 137.31109102567 99.093367656072
175.267299016317 177.405059337616 179.58394686381 182.230075200399 182.33581384023 180.839657783508 182.90513753891 184.951821962992 180.145700772603 178.352177143097 175.595084826152 174.859901269277 169.798533121745 166.959146658579 164.978077014287 167.792359987895 165.310442447662 158.238381147385 164.369056622187 164.458066225052 160.839895407359 161.096046368281 161.068578561147 156.811346610387 164.676010608673 157.812168200811 158.893555402756 162.828902403514 162.458757559458 161.835332711538 161.05709473292 158.313810825348 156.220455964406 153.938929239909 148.816456397374 147.591412067413 151.184459527334 164.368281761805 161.908676226934 162.6029809316 163.085778554281 152.268966039022 156.607657670975 165.741125742594 159.482856591543 123.423784971237
169.084866841634 171.711504459381 178.024212519328 179.42214012146 183.434883753459 183.587968349457 181.454718112946 181.819200515747 180.635730425517 182.381272315979 177.740534146627 174.334625403086 171.540995438894 171.704351902008 167.613685131073 165.753732124964 165.353874365489 155.823806921641 160.830398400625 164.074162642161 159.978628158569 159.763862689336 161.722262700399 155.212640762329 158.715665340424 158.440987269084 153.168390194575 158.874640862147 161.589523156484 160.651018222173 162.551134824753 161.183387041092 154.690474271774 157.798558473587 163.208276033401 164.811531702677 160.728265841802 160.258273283641 164.188206195831 174.868484338125 163.324246803919 155.973722537359 161.572674910227 167.249997456868 161.203096310298 141.392131646474
162.265588839849 164.585302273432 171.061297257741 174.382587273916 181.169549624125 184.024651845296 181.248009204865 179.327209790548 181.402027606964 183.438738187154 180.55522441864 176.465233167013 173.104067643483 174.191057682037 170.055667559306 163.985937833786 163.935085137685 156.084567308426 159.803370634715 165.858507156372 164.272308349609 162.880897521973 163.970291614532 159.007648626963 158.31849972407 161.894609530767 157.637536525726 162.784894307454 168.865958849589 172.06331094106 176.615397135417 177.776694297791 167.000671227773 170.245051383972 177.74756749471 176.629265149434 179.373701413473 169.864277044932 167.93684164683 170.031348864237 160.527577002843 152.773251136144 150.347014268239 149.430672327677 147.487938404083 146.523267030716
159.824897845586 157.234748204549 162.6282731692 170.572837193807 176.72195037206 179.708659648895 182.950099309285 183.934052785238 184.461355209351 179.662446180979 182.201643784841 182.172000408173 176.873524983724 172.851502895355 171.472986539205 166.083127260208 163.084457317988 159.562905629476 162.448108196259 167.636930942535 168.600896994273 167.336006959279 165.453096230825 165.144145488739 160.416861375173 166.490952173869 167.05983877182 169.188976287842 175.831317901611 183.493574460348 193.318545818329 194.575925668081 185.244838396708 180.765330791473 177.586197853088 179.027318954468 184.890647729238 183.976650238037 173.226078351339 158.636430899302 149.781246980031 151.637345552444 150.106221437454 144.640604654948 140.921254952749 145.513315995534
162.025849024455 163.447856903076 166.308581829071 172.534664471944 174.277643362681 175.657212734222 182.806650797526 187.898377577464 186.539789040883 185.789326826731 184.105575084686 182.893633842468 179.245471954346 173.455735047658 173.837622006734 176.100114981333 167.029817899068 163.116325934728 165.937632322311 172.057032585144 172.756731510162 169.696787993113 165.774216254552 164.286722739538 159.253011147181 167.865673700968 169.391632080078 170.208017031352 175.278047720591 185.973366101583 194.822212060293 201.836228370667 193.488955497742 182.618180910746 172.515332698822 168.940782546997 179.49519554774 186.74906094869 173.355460166931 152.201364437739 144.538958867391 153.967430194219 157.277603944143 152.062465747197 146.528959274292 143.14678311348
160.70877512296 171.694537003835 172.833363215129 176.266292730967 174.466510613759 173.680245876312 179.913421471914 186.113655567169 184.641659259796 189.336717128754 186.133841673533 185.813089211782 182.002186775208 177.10409561793 174.359897772471 180.658678213755 172.914922237396 167.628566424052 164.799312750498 168.342312177022 169.022838274638 167.097767194112 165.011614561081 160.886545976003 158.198575178782 162.32501467069 164.891938368479 165.83048303922 168.207665284475 175.392190615336 183.554470539093 196.454366048177 188.492914040883 168.169359366099 135.070910056432 127.544830242793 147.652596235275 171.268224716187 180.596033732096 178.781549135844 171.465595563253 164.049367109934 147.863358259201 144.104460875193 153.094232082367 144.215007623037
163.899789253871 161.384046077728 161.760360002518 164.993474880854 172.896921634674 176.351189613342 176.569481690725 182.357569535573 182.292977968852 185.463865598043 186.712423960368 187.45885292689 187.498490015666 180.827498435974 175.714592138926 176.496545473735 177.429556846619 167.025665442149 161.232531070709 160.511861244837 161.83270017306 163.082540035248 163.576821486155 157.39631652832 158.582001924515 155.563513437907 155.056218306224 156.147480010986 156.178335348765 158.244321743647 162.329932053884 176.812410354614 172.304848829905 145.686914523443 109.404454628627 89.5025332768758 98.1974403063456 128.046115239461 163.167556126912 177.677671114604 179.36646938324 163.426766792933 141.900191704432 138.688753048579 147.344718376795 133.804420630137
170.038978258769 158.393492301305 155.515134334564 160.379995902379 173.164029916128 181.090235710144 180.312037467957 181.232571601868 183.956384658813 182.705005009969 185.953915119171 187.628308931986 188.715140024821 186.878442764282 179.618000984192 176.846861839294 178.411285082499 170.313239097595 165.132015943527 166.346410910288 165.621250867844 162.376224994659 160.520633061727 156.306763490041 155.637880166372 154.013444979986 153.641521930695 152.02929576238 150.724589824677 144.859572251638 137.8293633461 144.647697607676 145.121226708094 125.096301237742 108.897238969803 90.3634031613668 71.1768865585327 79.0178378423055 102.889865636826 139.105399449666 162.046859661738 151.7327328523 141.06688896815 136.248638232549 128.338515758514 119.207719961802
171.182334423065 164.75921869278 159.692943096161 164.466808239619 175.260106722514 183.11870098114 185.311059157054 182.28938182195 185.638705889384 184.011578559875 186.747670173645 188.965936501821 189.787248770396 190.042495727539 184.000849723816 182.943741480509 182.77108669281 174.716929594676 171.195526917775 172.760526339213 172.79060681661 168.163160483042 165.334115425746 164.456973473231 160.626709461212 159.848074118296 155.734797318776 150.944491227468 148.909538984299 141.940613587697 130.785524845123 134.09831126531 137.133856614431 134.949574867884 134.272734324137 123.615026473999 96.1397886276245 78.842615087827 72.777400414149 88.0176027615865 123.68976076444 127.746045589447 116.410762071609 101.900537808736 99.4944969813029 107.754389444987
175.750056902568 173.551181952159 167.747894922892 163.499722878138 170.837759971619 182.682772477468 185.953378677368 183.386663595835 185.026605923971 188.668628533681 193.760057290395 195.195953051249 192.989706993103 192.511558532715 189.13612763087 187.693973382314 187.75616089503 182.745854059855 176.510473092397 173.695683479309 171.564857165019 169.76265112559 170.439998308818 171.967228253682 167.205989360809 164.79347149531 156.51340285937 147.904207309087 140.892763932546 139.133036136627 135.475446780523 139.521022637685 143.275151650111 152.930021286011 160.314778486888 160.855978727341 150.876045227051 134.522517522176 115.136682987213 83.2827389240265 92.5657947858175 112.199395895004 111.727654933929 99.5533168315887 101.008594036102 119.260410467784
180.033485094706 178.245743115743 175.768613815308 168.671488761902 168.736060460409 179.881870746613 184.985280036926 184.508363405863 183.500727017721 190.42177995046 198.068618774414 198.675533135732 193.70577732722 196.207880973816 195.117930571238 188.234925270081 190.122604370117 187.075793743134 181.99489514033 179.878433545431 178.421119848887 178.129593531291 174.824635187785 171.203017234802 168.647090593974 163.940191268921 143.473515907923 119.454125563304 115.328470865885 123.024344444275 132.735063632329 136.232376098633 141.703257958094 147.702932357788 161.741385857264 173.355062802633 177.97573407491 179.618716239929 176.28534634908 127.710531155268 97.8893438975016 115.509837865829 132.86167383194 136.210362116496 138.006349404653 152.395119269689
179.030994574229 176.524798075358 179.066141446431 177.185793717702 172.873020172119 176.708102226257 185.759703318278 186.356405417124 184.863011042277 189.77169195811 197.558383146922 198.563019434611 193.066040674845 194.470246632894 197.856823603312 187.708894411723 188.515265782674 185.67552169164 182.542900244395 183.179457982381 183.771332105001 183.312475681305 178.255538145701 171.529809633891 170.750200748444 167.485435803731 147.231499354045 123.381793498993 121.987203756968 130.715151627858 145.755449930827 144.129772981008 152.721991141637 163.178980350494 178.495287895203 189.081529776255 171.607434749603 138.153771559397 123.941461245219 129.367649555206 128.218193848928 143.594235181808 147.024263938268 130.467355251312 119.448552529017 133.392045895259
168.459475040436 175.530771414439 177.541573842367 178.292751312256 176.816701889038 174.41729704539 186.347802480062 191.333929697673 188.862641652425 190.395454565684 196.105202039083 197.46188322703 196.528712908427 192.774395147959 193.66842508316 189.251820246379 186.106145381927 188.109358151754 188.711206118266 190.266788005829 191.60532951355 187.589605649312 185.646494229635 177.429060141246 176.492810249329 177.823980649312 170.537928740184 162.609150012334 160.795897245407 164.945999781291 163.783331712087 154.947141806285 166.155099868774 178.44957113266 169.016321500142 158.250590165456 139.451632897059 84.3194623788198 61.3656838734945 97.0241030057271 132.11926817894 154.259125391642 148.07782570521 133.173167705536 124.199867248535 130.776464939117
157.626628875732 172.72804180781 176.064948240916 176.84547106425 179.485976696014 174.392739931742 181.207935015361 190.483113129934 199.033617973328 197.213927904765 196.32629553477 195.487856864929 196.383694807688 194.665869077047 193.880458672841 190.961420536041 185.616453488668 187.242110570272 185.068885485331 182.635505994161 184.524337450663 183.729946613312 182.888905207316 181.750496228536 181.689063707987 187.272469202677 196.409444014231 198.930203914642 183.148324489594 179.501096407572 168.289124965668 158.305913209915 161.215414603551 152.297149101893 121.3152607282 81.4020534356435 78.3267170190811 67.3560053110123 51.393191019694 60.0832204023997 80.0034602483114 117.893169323603 146.043697992961 167.31059551239 186.553279558818 183.122595151265
