input/barkrak2/radiation/dir28924.grid
NCOLS 85 
NROWS 70 
XLLCORNER 665100 
YLLCORNER 4664600 
CELLSIZE 20 
NODATA_value -9999 
[rows 21 to 41 of 70, columns 0 to 47 of 85]
52.9564519723256 40.6579126914342 29.9272214372953 43.3112780253092 41.2329435348511 23.2028712828954 24.7679203748703 31.7899485429128 35.8389938871066 39.9588545163473 42.1952654918035 43.2649254798889 43.8617716232936 43.6270336310069 48.9112536112467 63.0565583705902 76.1935164531072 86.911529302597 95.6762135028839 111.110190550486 120.157559712728 133.031676212947 139.125605424245 138.482759396235 132.430692513784 116.677780946096 109.141210714976 102.681825558345 117.978026469549 102.62260834376 81.4530203739802 61.8512580792109 39.7138471404711 26.7591550946236 11.884368956089 9.57454430560271 15.1265772680442 24.6329928437869 41.4106249809265 52.1401514609655 61.0104848941167 64.6241555611293 65.9173280000687 57.379812002182 79.0146738290787 89.5083645979563 95.005214214325 102.26184129715
93.2355523109436 87.0165129502614 64.6661818027496 61.1360569794973 56.6665679216385 34.7301363945007 39.7434160113335 37.8891279300054 36.0841030875842 35.8478700121244 41.7487273613612 44.3361153205236 48.9541987578074 49.7919619083405 51.5175759792328 59.3988001346588 69.8972443739573 81.6808144251506 89.8366669813792 93.2311515013377 98.1989403565725 114.918102820714 129.067152738571 132.766316334407 134.340941905975 127.095282077789 110.986441373825 104.959666728973 96.509059270223 76.8884420394897 58.1123332182566 30.4766843716304 13.5635485251745 1.77061775078376 0.621796818450093 0.866435778637727 5.69633021950722 13.03348193566 20.0427547097206 19.149087369442 26.8942515055339 53.5213003555934 37.3409340778987 31.5934717655182 61.7316017548243 80.9503147999446 89.7670785586039 93.9854085445404
128.132512172063 117.428521315257 84.1752886772156 67.5652722517649 61.4692866802216 59.6501429875692 53.6562303702037 39.4722769657771 32.1027934551239 33.9857786893845 44.7530845801036 48.7674176692963 53.5146842400233 61.8132501840591 59.3344122171402 60.3441844383876 69.3129201730092 81.2430481115977 87.0413978894552 79.4343451658885 78.9263745148977 84.5918456713359 99.2176830768585 110.988686482112 118.990470965703 118.30003062884 104.811271031698 102.235933144887 79.6431601047516 37.980059782664 32.1991617480914 21.4540933569272 1.71941487739484 0 0 0 0 0 4.68794691065947 7.35869631171227 2.89654545485973 0 8.14565271139145 44.302836060524 59.0165754159292 76.9262810548147 86.0617558161418 88.4505709012349
127.339462439219 123.398214578629 102.666825056076 72.4828143914541 53.2571425040563 58.9543084303538 53.3698896567027 47.973503669103 39.1142442822456 36.4688187837601 41.5803467233976 45.6013381481171 49.9416887760162 57.7453076839447 60.5492343505224 58.9127639929454 65.9537613391876 78.9161771535873 86.0914289951324 79.0907293558121 76.8376837174098 74.5414098103841 85.6292148431142 93.9367512861888 99.3114511171977 100.697706143061 92.1698609987895 88.4008010228475 67.5516227881114 30.709112683932 24.8041301965714 22.3503659168879 7.28749545911948 0 0 0 0 0.0880250008776784 0.348327293371161 1.13991523782412 0 0 3.76452319324017 67.8782612085342 73.0840663115184 75.8133033911387 83.5105379422506 86.6398612658183
113.587309916814 118.544737497965 111.778656641642 81.8654447793961 54.4956723848979 58.9281469583511 62.5152240196864 70.0547695159912 68.6225096384684 56.6929032405218 50.9776969750722 56.6969513893127 57.8547219435374 66.3687884807587 69.0312683582306 63.6172393957774 65.8246179421743 78.2929410537084 85.7727328936259 89.5587007204692 89.6164874235789 86.2855017185211 84.665576616923 84.900438785553 87.871382633845 89.5957152048747 83.7065279483795 81.0221582651138 61.2853864828746 43.2331065336863 44.2386617263158 51.1023302872976 43.974757194519 2.55629047751427 0 0.374068428451816 0.335982341008882 0.650341195675234 0 0 0 0 17.0703195035458 75.2479781707128 80.9388657410939 81.6274086634318 79.2967577775319 83.7356249491374
112.396975358327 117.896576722463 116.102755069733 91.6654964288076 70.3926980495453 75.4676361878713 84.7574571768443 93.5241381327311 100.334197282791 90.0478859742482 71.0289975007375 75.1784096161525 72.419007619222 81.1170339584351 83.886464436849 71.3782409826915 68.8528617223104 80.9526741504669 89.0371998151143 102.066248655319 103.549142678579 101.577281951904 92.0966366926829 87.1204634507497 86.7697298526764 90.0103847185771 83.7900042533875 86.508721113205 78.4377803405126 77.3871193329493 87.003747622172 109.366834163666 118.534038464228 98.4356204668681 19.2573890089989 4.3951024611791 4.01392516990503 3.31559497863054 1.26287923194468 0 2.39316156754891 14.5712258915106 50.3945648670197 74.9768018722534 82.4292649825414 75.3487348556519 72.6355413595835 73.1971363226573
114.266574382782 112.86649107933 113.268295923869 97.5994467735291 100.166698296865 99.5099147160848 108.662346998851 109.299739201864 111.799776554108 103.510648012161 84.0815007686615 78.9579649766286 79.437385002772 80.5283635854721 89.05095855395 83.1978172063828 77.8810332218806 85.3894054889679 98.5956390698751 105.929176012675 102.506975332896 95.0422485669454 92.1708941459656 94.4094061851501 94.3027138710022 95.3101913134257 92.5302803516388 99.2160042126973 113.344013690948 119.500249624252 127.52170364062 135.716964801153 145.802785952886 158.655593792597 117.029398679733 26.1559734741847 8.41129136582216 5.26169314980507 2.60331155732274 0 13.1946417192618 68.7403778235118 69.8613623778025 60.6337487697601 64.1520420710246 58.4730257590612 57.8839331865311 59.5791339874268
117.133309443792 105.141937732697 106.241116921107 101.826171080271 121.386180321376 112.956096728643 107.669115066528 103.532155354818 96.6528058052063 88.8159473737081 78.1991630792618 72.6450433333715 76.0028759638468 80.0459931294123 89.0538891156514 92.8693215052287 87.142954270045 83.3667318026225 95.4968829949697 99.3598898251851 96.8163212140401 90.0739332040151 90.1905496915181 97.1314311027527 100.056062142054 96.2044596672058 98.431408405304 101.12805167834 123.054047425588 136.390070120494 149.020969867706 158.015380303065 159.791568915049 168.604969978333 162.720024585724 87.7630114555359 9.29922983050346 1.66149080420534 0.00947358967096079 0 22.408997019132 58.1135253111521 56.0936878124873 37.4820282061895 37.5950733820597 36.7156316836675 38.8062248627345 48.3319858709971
117.496212323507 98.5332727432251 100.056280692418 109.155197938283 121.12428744634 111.51447892189 93.8347677389781 77.6150474945704 63.3565237124761 57.2715848684311 56.4931631088257 61.3338400920232 70.6617732842763 83.6818019549052 89.0076756477356 97.2874363263448 94.8614279429118 81.0499986012777 87.2416496276855 89.4649922847748 88.8018409411113 90.096781651179 90.4693404833476 98.0881551901499 103.65022222201 100.864390532176 104.262183109919 102.454662322998 118.239988883336 140.673130750656 160.176654656728 169.862667719523 170.948604742686 172.284324963888 183.06440114975 166.495581467946 78.3396462599436 8.1542773793141 4.55544982105494 5.5413693189621 21.9509949286779 33.0181146661441 38.943774998188 20.0977002580961 16.3679644465446 19.3776587645213 33.3312327663104 49.3389765421549
114.656587441762 116.986115773519 141.892959674199 179.344236850739 153.31228574117 117.916911840439 84.2079023520152 57.8396717707316 47.3345667123795 51.5771210193634 46.093891064326 45.9030618270238 67.1892414490382 83.6766362190247 93.2296713193258 102.783222993215 101.335416237513 87.4828497568766 88.5573824246724 91.9789771238963 89.1514321168264 93.8918391863505 96.2154467900594 100.009779135386 106.187889973323 111.288607120514 110.807557900747 109.50897137324 122.115115324656 146.435737609863 169.177750746409 175.425628821055 172.211031119029 180.764138698578 194.315254688263 201.425115267436 175.430576006571 115.567098061244 41.6060810287794 16.7460615436236 7.96407088637352 9.38538337747256 26.3033285737038 18.4254844983419 13.3356712758541 16.5378972887993 33.439464867115 51.5235314766566
129.955619573593 166.329065958659 215.566118558248 237.333238124847 219.47964032491 162.623226642609 109.672337770462 73.6665030320485 64.2278293768565 71.012074748675 61.4939878384272 53.3350606759389 64.8788660764694 75.5855639775594 101.244499286016 107.558578252792 104.321817557017 97.5037813186646 90.5171930789948 93.6284164587657 93.0766463279724 97.5125034650167 100.174973408381 102.06264257431 107.724209626516 121.378868818283 122.345467408498 128.226677576701 133.873701095581 153.941839933395 170.49515247345 179.18582757314 181.460519631704 188.365658124288 196.094433466593 196.722388267517 193.130016326904 182.345926761627 112.765143314997 38.6036584774653 14.8276301721732 15.5932083725929 18.8562174638112 20.7974972824256 14.8011570175489 18.1657373905182 21.9828486442566 32.5726668039958
192.455371220907 228.38819026947 250.759204228719 251.874148845673 252.265095710754 227.400422096252 182.215472062429 139.77187871933 112.821668386459 103.128572305044 97.6407329241435 81.4613252878189 67.4303472042084 72.823112209638 99.8796820640564 107.504288355509 102.38923629125 103.355705738068 92.5858914852142 91.7651156584422 95.7080920537313 98.0783899625142 99.2410182952881 101.334184408188 106.259673833847 122.324377298355 128.774384657542 137.882848580678 146.411021550496 153.722941875458 168.300072352091 179.348826408386 180.750906467438 177.733500798543 181.08461300532 166.403790314992 167.703727881114 155.348271131516 116.646776596705 60.4560275872548 29.2405610283216 28.0662849545479 21.1774011452993 20.578321069479 10.6200203299522 11.0118389129639 16.2017506857713 10.8265951275826
240.408221880595 254.645804564158 257.584869861603 255.459745724996 257.790784041087 255.969047546387 232.643961906433 190.712908903758 151.439408461253 130.050619443258 129.787156979243 117.221415042877 88.8949831326803 87.6672069231669 99.0607043107351 103.912562131882 98.4498858451843 98.6253221829732 92.3690696557363 94.0161943435669 91.6739205519358 93.1804478168488 94.1654741764069 94.6410000324249 102.85351673762 114.394893248876 128.057797749837 133.374273777008 141.829699277878 154.01636560758 166.233162085215 170.572956403097 156.038522720337 145.065148671468 147.657374540965 131.566067536672 132.142643133799 117.130875587463 79.7822872797648 45.739417274793 50.6920566161474 47.5639899571737 34.3001633882523 11.9338110089302 6.96076142291228 1.2614451504002 0 0
252.241532007853 257.356544335683 255.377372105916 255.993167559306 255.898296833038 256.469209988912 251.626213391622 220.496992270152 170.330941677094 143.273224433263 137.74561882019 134.784271319707 118.455439805984 103.211800257365 99.3659694989522 101.505647102992 96.501221259435 92.2973851362864 92.5910770893097 96.6178377469381 91.0215179125468 91.1709666252136 92.9008523623149 94.0244396527608 99.6733208497365 107.53587881724 119.475841522217 120.11996905009 130.30547897021 149.135907491048 159.402589003245 152.939180533091 145.657440026601 139.402151107788 131.605019172033 116.683443387349 120.845595995585 118.008474508921 98.7273852030436 67.1393076578776 69.0482060114543 75.77150563399 59.5481097698212 17.6972274978956 5.69184745351474 0 0 0
247.247974077861 250.127891699473 247.977316379547 249.552468458811 247.754534085592 244.357208410899 241.366744041443 225.417931874593 180.929362773895 151.353091001511 142.357796430588 139.843046665192 133.756419022878 113.673706849416 104.086856047312 107.668985923131 100.96933444341 91.1317666371663 96.936047077179 97.8066424528758 94.8903361956279 91.8346544106801 95.550944407781 101.115743319194 99.1462965806325 104.796359936396 111.188809076945 111.611247062683 119.989862044652 141.083161036173 151.43483877182 146.615485350291 147.914310296377 148.903429508209 130.207528670629 123.393674691518 128.137369950612 135.033190250397 130.382607380549 99.7417072455088 63.4621779123942 62.742163737615 14.1573610405127 5.96130328873793 0 0 0 0
228.126645088196 229.94069258372 231.69203599294 229.392528533936 229.235291481018 227.810899416606 232.275605201721 229.188640912374 192.944645881653 158.327768246333 143.767019112905 134.888807932536 130.071381727854 112.731397151947 101.143091917038 108.554909626643 110.813309748967 96.8872706095378 100.498139858246 103.489657243093 102.337419986725 98.2945462067922 98.3968675136566 103.442261616389 100.965559482574 101.206213235855 108.169744412104 116.110434134801 121.36498093605 134.686966737111 147.99032608668 151.228298743566 149.220178524653 152.61713663737 133.48247607549 134.079953034719 134.577751159668 142.89520184199 142.754058043162 109.239419301351 41.5333832303683 10.3855170309544 0 0 0 0 0 0
205.674231052399 214.563250541687 224.583387374878 220.697204271952 220.414916674296 225.970049699148 234.053611755371 235.914508501689 214.287320772807 172.892610232035 149.614413579305 129.042764504751 116.771717866262 107.73574312528 97.3311861356099 102.67182191213 115.487515926361 105.57629664739 102.867027123769 105.950365463893 106.083373228709 102.679312229156 99.4367698828379 102.820326884588 103.959729274114 103.095630804698 106.554299592972 117.529501517614 122.643083333969 127.778738737106 141.886234283447 152.988771597544 151.795625686646 143.045296271642 128.949135541916 143.30385128657 148.763080437978 151.129941145579 149.552931388219 124.523023764292 32.0389916499456 1.37362287690242 0 0 0 0 0 0
169.602612654368 180.807093779246 189.853072166443 194.029450416565 202.468117078145 217.081805070241 229.566216468811 234.362502892812 225.7941365242 188.945988814036 158.344566822052 130.247096220652 115.06050825119 111.487130324046 103.149632612864 96.5561668078105 110.018938779831 109.513829151789 103.324403365453 102.856715520223 103.369891643524 99.8071829477946 97.4169274171193 98.6731251080831 103.461076815923 107.602387666702 107.184042533239 114.263196786245 119.596342245738 122.13068207105 131.624460220337 148.567626873652 149.428943792979 130.237291256587 134.068250656128 156.934400399526 161.289672056834 155.906538168589 153.662383556366 149.575660626094 95.3617294629415 12.2833115359147 0.117305695312098 0 0 0 0 0
133.889357248942 140.28255144755 139.95016614596 150.952686866124 166.63932800293 184.326986471812 197.212139765422 208.746492862701 205.785532792409 182.129502296448 148.616919914881 123.984674612681 111.218978961309 108.578066031138 105.328579743703 98.4960794448853 103.291769822439 104.95055715243 96.9236493110657 97.9351997375488 101.219038168589 104.019244511922 103.654344876607 98.7504025300344 97.6430873076121 102.863013744354 108.816494544347 113.479256629944 118.576735258102 119.473030169805 122.320950031281 135.538717110952 140.660544236501 133.419851462046 158.659934997559 170.974731445312 167.040685812632 158.5580209891 160.637011130651 174.813429514567 171.316683292389 105.403214693069 28.2713224490484 4.36226185411215 0 0 0 0
121.993829806646 124.581634998322 123.648504416148 125.661631425222 134.451597929001 141.151964664459 144.037594397863 150.0397225221 148.156533638636 131.855110327403 115.582595268885 111.907651027044 109.677652517955 106.873760620753 104.143400986989 103.338976701101 102.322985728582 103.083382050196 96.8093673388163 96.6266294320424 101.046919822693 106.56213760376 107.956935962041 104.773759841919 100.872884194056 98.9097952842712 110.405991474787 113.9055788517 118.870496749878 119.213332732519 120.489756266276 127.537588278453 134.02975598971 143.910427888234 169.485847155253 167.873462041219 156.973550717036 146.109799544017 149.13676182429 164.62645928065 179.264088471731 173.131148020426 117.809017499288 39.426917831103 6.53551208476226 0.0609542573026071 0 0
131.371955076853 129.150857528051 128.654549519221 126.969913641612 123.566309611003 121.032188336054 119.38331524531 119.772632916768 124.84007080396 115.328818559647 107.805599768956 108.510812123617 111.20550831159 111.687044302622 108.987311522166 105.788598457972 100.358545780182 108.984192212423 108.505755662918 102.342327435811 105.94039162 106.728533903758 105.370908975601 107.238978147507 109.491338332494 104.069938262304 111.088703076045 115.235994259516 118.957837422689 120.60875693957 123.5344906648 127.101461092631 132.799168427785 151.985983053843 163.439691066742 155.408730109533 140.443702538808 129.414220650991 127.027690410614 139.339447021484 170.282820860545 177.4041056633 152.28945016861 87.026705344518 21.8433812260628 4.24782528231541 0 0
