input/barkrak2/radiation/dir26324.grid
NCOLS 85 
NROWS 70 
XLLCORNER 665100 
YLLCORNER 4664600 
CELLSIZE 20 
NODATA_value -9999 
[rows 40 to 59 of 70, columns 0 to 45 of 85]
184.757192929586 187.336186567942 187.19079097112 189.122875531514 197.349429130554 203.744987646739 207.558433214823 211.73228820165 210.978289445241 193.423350652059 179.247200489044 174.204885959625 173.150618871053 168.753246466319 167.159934838613 165.875146786372 166.428466637929 165.726045767466 160.501182079315 158.437838157018 162.747701009115 170.132736365 171.428064505259 166.414399941762 163.849701484044 161.558290322622 171.742101510366 176.651418209076 179.831902186076 181.426405906677 181.029617786407 186.510125796 186.681509017944 193.819383780162 221.379597981771 221.328397591909 209.118286768595 199.385245641073 203.330079714457 214.41654364268 229.657769203186 244.241734345754 204.18788989385 119.143744309743 63.6423428853353 43.611337741216
192.960878213247 190.998454888662 191.252549489339 190.357307593028 185.893654823303 184.362788995107 181.446890036265 182.715435822805 187.512675921122 177.851319313049 170.501192410787 170.804679393768 174.684166908264 173.577328523 172.039051850637 168.399373690287 164.418478806814 171.71847820282 172.566910584768 165.813555320104 167.600909868876 170.300126075745 168.757438659668 170.488476753235 172.830065091451 166.993021965027 172.43754863739 178.09538046519 179.97932434082 182.981212933858 184.233645598094 186.356902122498 187.119285265605 203.812460104624 215.564608573914 204.775432745616 184.830685456594 181.079904238383 180.922031402588 193.527181943258 229.429165522257 243.895848592122 225.638866424561 169.734239578247 98.3874003092448 65.0782585144043
197.825531164805 195.239424705505 197.925130526225 195.441504319509 189.152320226034 185.798307259878 181.69116973877 178.018450737 178.207218647003 174.416919549306 172.628919283549 170.265316963196 174.800793329875 177.680214246114 177.607814470927 173.304617404938 168.941934903463 175.523678461711 176.946441332499 170.453608036041 167.160888512929 165.392826000849 163.18882505099 164.490620295207 170.637269814809 166.567703088125 162.887195746104 169.17892297109 175.813456376394 178.652326265971 181.177079677582 180.018365383148 187.992076079051 207.628488540649 214.177866776784 186.745683352152 172.783752282461 174.864172935486 180.396954218547 191.327830155691 202.922562758128 206.099808216095 192.461947600047 163.328111171722 108.71014992396 56.9664488236109
182.15548992157 184.80126063029 193.421920140584 190.085013707479 192.986051241557 195.33109664917 192.836503187815 188.067754109701 175.957898298899 174.935003121694 178.396006425222 172.564506530762 173.324267069499 176.528970400492 176.180064678192 173.91308148702 173.904796441396 177.13330189387 176.812847455343 170.099933942159 165.596783161163 162.829746802648 161.444475253423 159.999926884969 162.588576475779 166.324297587077 162.239601214727 164.755562941233 171.721736590068 173.693041006724 173.545777797699 170.009632905324 180.51532904307 195.480267206828 190.498471260071 175.225059191386 170.220732688904 181.57684803009 190.222163995107 191.466371218363 186.609466870626 183.459401130676 178.536574045817 152.862022320429 106.875737508138 52.4032016595205
179.93152141571 185.337205727895 188.796997070312 190.22270043691 190.940837065379 193.665603796641 192.780037720998 189.21039501826 184.271534283956 178.117950757345 180.09744087855 175.834536552429 172.36848672231 170.148173967997 170.712987581889 169.73872979482 164.631714423498 172.966221968333 174.098292986552 172.366122404734 167.217274506887 165.032039086024 165.204813083013 164.822866519292 161.48042678833 170.480370521545 175.167183081309 171.95322116216 171.390771865845 171.428442001343 166.057775417964 163.815766572952 169.723610083262 172.918597857157 170.354763666789 169.056554635366 176.329811414083 189.76229429245 196.1749792099 187.841653823853 186.407824357351 178.113321463267 167.500535647074 152.035762866338 119.265099366506 75.0205367803574
186.626295248667 190.362632274628 188.070893287659 190.834164619446 189.611673355103 189.762691656748 190.339187781016 189.007878303528 190.060575803121 183.810313542684 182.761053244273 180.441538492839 175.886809825897 170.231223106384 169.734756151835 172.573983669281 164.701362450918 168.997347354889 173.934578895569 171.527723471324 169.8091228803 168.809751669566 166.704018910726 168.777465820312 169.193804264069 168.490588665009 175.339758396149 175.308426221212 172.836661338806 171.231547991435 167.431791623433 163.08871905009 166.707396507263 162.823498249054 154.985318581263 154.81170018514 163.293093442917 182.61593580246 184.563120206197 170.653740564982 174.719095230103 163.693189620972 160.670260588328 161.050736904144 147.568007310232 109.029153982798
184.696475664775 186.835745970408 190.151492754618 191.576659679413 191.707412401835 191.357175509135 192.154010136922 194.169441858927 190.66321849823 187.492946783702 186.16251150767 183.863619963328 180.390079816182 175.960163275401 173.825403054555 178.33685874939 173.970520496368 166.825552781423 174.874246120453 173.144857088725 169.514775276184 171.552022298177 169.654468695323 165.212581555049 175.058881441752 168.187181154887 169.221103191376 173.082490762075 172.621925671895 171.857337156932 170.896371205648 166.911880175273 165.74959953626 162.359734376272 156.628469626109 155.163546403249 161.517957846324 172.370950380961 173.325339953105 170.000890890757 171.932637691498 163.44870130221 167.087276776632 174.815555413564 169.185439745585 131.740798552831
179.795543352763 181.203325589498 187.454084555308 189.976811408997 192.787031332652 194.080789883931 191.978275775909 191.106994946798 191.138803958893 191.448012987773 188.28809261322 183.376987775167 182.119409243266 180.636843045553 178.185403347015 176.310280958811 174.076755841573 166.3805047671 171.351611614227 172.799150149027 170.47393321991 170.22716999054 172.151128451029 163.593232631683 167.061944802602 168.810407320658 163.494189580282 167.442917823792 171.744068463643 170.649488766988 171.09219233195 170.922001202901 165.140181779861 166.983981927236 175.349712371826 172.108153502146 171.676596005758 168.784062067668 172.700166702271 182.608405749003 174.854556719462 164.618839820226 173.07456334432 174.779216448466 168.903887271881 149.418036142985
171.929816404978 175.34476518631 180.563310782115 185.006737709045 190.508882204692 194.507857163747 191.750486691793 188.651998837789 191.920797030131 193.943838278453 191.066781679789 187.023520469666 183.671593666077 183.067301909129 180.616279443105 174.557407697042 174.507041772207 166.644861300786 170.324782530467 174.56175883611 174.751142660777 173.3371814092 174.391011397044 169.404586156209 166.666557391485 172.249337037404 167.955279350281 171.263257662455 177.285412947337 182.048221429189 186.42791112264 185.98335981369 176.472345987956 178.457498550415 185.59326728185 187.726378440857 186.165968577067 178.928812344869 177.401602268219 182.674606641134 168.188254038493 160.592744747798 158.214489618937 157.210777203242 155.265271663666 154.320379098256
170.621395111084 168.049653371175 172.190090020498 181.250135103861 187.33408053716 190.24662176768 193.435251712799 194.409668445587 194.950838883718 190.187613169352 192.69605477651 191.132426261902 187.408487002055 183.394312858582 182.026863098145 176.645080248515 173.630754152934 170.104026794434 172.945161660512 178.099830945333 180.950840314229 179.751296838125 175.866961479187 175.517519315084 170.786817868551 174.85386133194 177.367309729258 179.454584916433 185.992976029714 193.500518798828 201.144138971965 202.279845873515 193.152189254761 190.205971399943 187.826911608378 190.85286060969 192.438105742137 190.670569737752 182.734966278076 166.362345218658 157.492816448212 161.252399285634 157.896916071574 152.448892593384 148.827731609344 153.404692808787
172.82098531723 174.222270647685 177.06157763799 183.207949002584 184.925496578217 185.070236523946 193.320751190186 197.012801965078 196.997125943502 194.794138272603 194.5854028066 193.363388379415 189.756711324056 183.994889259338 182.652632395426 186.58975760142 177.554766337077 175.642053286235 174.28990205129 180.445075035095 183.158278465271 180.089215437571 178.248802820841 176.842490832011 171.721875667572 178.181608517965 181.870102882385 182.718873023987 189.969182014465 198.283076286316 204.623103141785 211.134095986684 204.14654413859 188.787162303925 180.503010749817 179.898063341777 187.933246294657 195.365031560262 180.631677309672 159.831653038661 154.028117656708 164.633959531784 164.979507525762 159.704258044561 154.328773419062 150.965690612793
170.272548993429 181.057155132294 182.084143161774 185.608049233754 185.104807217916 183.079600334167 190.483391284943 195.231099923452 195.130209128062 198.254386583964 196.585774421692 194.746891657511 190.879682699839 185.999512672424 183.051367600759 189.253171284993 183.403491973877 175.977269808451 173.102339108785 176.75511042277 177.465180555979 177.506407101949 175.395309925079 171.252985795339 168.540755907694 170.449594656626 175.161202748617 173.720836639404 176.019648710887 185.521860917409 195.967713991801 203.764537970225 202.119847138723 175.876637299856 143.144796291987 135.528852542241 155.380437771479 179.925580819448 188.951512177785 185.098032156626 180.821816126506 171.762486298879 155.661642551422 151.791522900263 160.764584938685 151.849369208018
173.370957374573 170.821825663249 171.274125576019 174.510836601257 182.41274356842 185.6649518013 185.829599698385 191.513856252035 191.451152165731 194.433530171712 195.718725522359 196.361263593038 196.408331394196 189.683278401693 184.363087018331 185.281078020732 186.113178730011 175.451278686523 169.670820236206 169.089674949646 168.60177119573 171.610494454702 171.977877616882 165.77802101771 166.828115781148 163.792153199514 165.344576040904 164.17384147644 164.137790600459 166.108717521032 170.101781686147 186.485886573792 179.778516292572 153.298487265905 117.260754108429 97.4097450574239 106.380631526311 136.197914679845 170.772194862366 184.626400470734 186.268448829651 170.776724815369 149.551739295324 146.535029013952 155.137479305267 141.258905331294
178.522805372874 168.096383412679 163.946578900019 169.946988423665 181.311150391897 190.380930900574 188.179949919383 190.473278363546 191.72736008962 191.786706447601 193.563421567281 196.605126063029 197.623451550802 195.76362768809 188.363830248515 185.620188713074 187.069217363993 178.90606323878 173.71924718221 174.981951713562 174.194971720378 170.861879984538 168.989459673564 164.712061484655 163.920640945435 162.27709253629 161.845922470093 160.100668668747 158.760994672775 155.001689990362 145.932197570801 152.775019407272 152.836292982101 132.564842700958 116.397559642792 98.1508294741313 79.1446268558502 87.2132976849874 111.0992928346 146.959125995636 169.346829255422 159.065455198288 148.614545663198 144.071946541468 136.174341042837 126.451581716537
180.933892726898 173.401534557343 169.292410214742 172.529359658559 183.273832003276 191.004494825999 194.502214590708 190.250595410665 194.792290528615 191.72465801239 195.788025856018 196.46551211675 197.20329840978 198.882599671682 191.074728965759 189.92159763972 191.495378812154 183.29926331838 177.781045436859 179.394920667013 179.463505744934 174.829602241516 171.921114126841 170.762081940969 166.810214519501 165.993024905523 163.906653722127 161.201059818268 155.121783415476 148.363908131917 140.639275312424 143.436888853709 144.786179065704 142.191092173258 141.681889692942 131.448676188787 104.607899983724 87.0593289534251 80.9517602125804 96.2181389331818 131.563156843185 135.22990544637 123.936186234156 109.560698270798 107.024371623993 114.8388783137
185.564120610555 182.259718577067 176.181455453237 171.557724475861 178.873380025228 190.592507521311 194.069544474284 191.504597663879 193.048477172852 196.354667345683 202.708661556244 202.675044536591 201.972166697184 201.415181159973 196.301201979319 194.715917110443 196.500658988953 191.334505875905 185.040195782979 182.303786277771 180.213093757629 178.325494130452 178.844849268595 180.213650067647 175.448218981425 173.025627930959 166.833837827047 156.272411346436 149.346689383189 146.196812391281 143.863300482432 148.897250493368 150.953769683838 160.06741921107 167.326966921488 168.104767799377 161.458035310109 143.497467041016 123.364180326462 91.4673010508219 100.4405717055 119.589775800705 118.991514046987 107.046703497569 108.712126811345 126.733442147573
188.126901785533 187.070985635122 184.369365374247 176.843523979187 176.700572172801 187.817315260569 193.297684192657 192.777792612712 191.605011622111 197.973430156708 205.407460530599 206.294337908427 201.412717501322 203.827738761902 202.303806940715 195.433219273885 197.242677211761 192.24472840627 188.911656538645 186.897257963816 185.402274131775 184.787670771281 181.279083093007 179.586509863536 174.973448117574 170.450031757355 150.681684414546 127.013792594274 122.882743676503 130.436966816584 142.593284447988 144.419958194097 149.461030960083 155.07427851359 168.856640656789 180.167237917582 185.027201970418 187.108198801676 183.680236339569 135.715961456299 105.845699707667 123.083879550298 140.243947505951 143.860787153244 145.888268947601 159.957945346832
188.981016476949 185.549934705098 187.740405400594 185.384372870127 180.869519710541 184.742649396261 194.220821062724 194.753626982371 192.980647087097 197.248597939809 206.521769364675 206.479966640472 202.273627122243 203.478395938873 205.262025197347 195.22625207901 197.453459103902 194.518109162649 191.288908322652 191.883703072866 192.381620407104 191.811839739482 186.773896217346 180.079956849416 179.295639197032 177.756190299988 156.195213397344 132.385035355886 129.38270966212 139.200150966644 152.701507012049 151.27894282341 160.384366909663 170.47530412674 185.60794989268 195.899327596029 178.406377633413 145.63325047493 141.774555047353 136.79509361585 136.260509490967 151.305327812831 154.461254676183 138.201812903086 127.494951089223 141.370912392934
178.1312028567 184.701502323151 186.318794886271 186.662236849467 184.957901636759 181.43626054128 194.796681404114 198.844095071157 196.945548057556 197.826643784841 203.954478104909 205.654799938202 203.520834445953 200.665016969045 201.452056566874 197.022716204325 192.40007797877 195.528149604797 195.816059907277 197.267333666484 198.466698328654 194.441517194112 190.611561139425 184.141516685486 183.212101459503 185.145854949951 179.316600163778 171.368598937988 169.05681292216 170.872688293457 170.381506284078 161.946952342987 173.816323280334 185.650487740835 175.98424355189 165.278851985931 146.473387877146 90.7191236813863 71.860005458196 104.88086938858 140.238920847575 161.846419175466 155.103226502736 140.530288219452 132.413079341253 139.328132073085
167.244613170624 181.875228881836 184.979836146037 185.331682364146 187.819639841715 183.945715427399 189.736743768056 200.061897436778 206.98889096578 206.137140591939 204.315940539042 204.967379570007 205.746014912923 202.762881914775 203.121066093445 200.217505296071 194.80574131012 194.697896639506 192.353367805481 189.97577826182 191.845953464508 190.987388292948 190.099934736888 188.815613587697 190.311630566915 194.52702999115 203.59460512797 205.12729883194 190.989375114441 187.431693077087 176.653822263082 165.731847286224 169.046620527903 159.951607386271 129.029671351115 87.3762468496958 84.1360290845235 73.0680326620738 56.973452369372 67.5563712914785 88.2425804932912 125.956644614538 153.209507465363 174.331446488698 193.479975064596 191.049774487813
