input/barkrak2/radiation/dir21524.grid
NCOLS 85 
NROWS 70 
XLLCORNER 665100 
YLLCORNER 4664600 
CELLSIZE 20 
NODATA_value -9999 
[rows 0 to 19 of 70, columns 0 to 45 of 85]
324.329257011413972 329.039772351583 332.658131917318 333.331108093262 329.999347527822 326.802929242452 320.270220438639 314.130842685699 317.872881889343 317.704717318217 315.166831016541 320.877273877462 325.140476226807 324.914773305257 327.378114064534 329.117298126221 325.317025184631 317.622085412343 313.131968180339 302.578707536062 284.959038098653 284.919063250224 304.478645324707 311.844070752462 309.583624204 310.134251912435 309.690356254578 299.412031968435 280.157883961995 274.727662404378 272.528648376465 281.527201334635 299.209157625834 302.887161572774 306.676904360453 298.630515734355 297.74421453476 307.85878499349 300.162414709727 304.449756940206 295.409679412842 281.520942846934 290.763119856517 308.638572692871 313.125769297282 306.818226973216
311.142325401306 315.088629722595 321.006774902344 325.380166371663 329.408387343089 327.347338199615 320.46639919281 312.525808811188 316.744287808736 318.261365095774 313.101967175802 317.459424336751 323.430756727854 324.561953544617 324.361105759939 326.719125111898 326.529403527578 322.621544202169 319.869518280029 309.694389502207 298.704882462819 296.925703684489 305.965483188629 311.117271582286 311.292111873627 310.366113980611 307.671586672465 299.093782901764 283.750116825104 274.856468041738 276.417195796967 290.494342645009 295.535147190094 296.314199765523 306.994160016378 297.998706499736 294.485787550608 296.892543633779 292.175730069478 304.664611816406 302.19974120458 292.159716288249 297.366082668304 312.023858229319 316.499511400859 310.301721096039
277.509172757467 282.221893469493 291.771511236827 300.732453664144 310.691992441813 315.797905127207 318.909744421641 319.687803586324 319.922864437103 317.373971144358 310.673614343007 312.060256799062 320.579409599304 323.421676953634 319.707651933034 323.182145754496 327.021559079488 327.619194984436 325.550019741058 320.197939872742 318.651099999746 313.780744870504 309.406658013662 309.148252010345 311.314304669698 311.865548292796 305.870731671651 297.144254048665 286.518414815267 276.278754075368 276.958823204041 293.277641137441 286.402265230815 292.694846789042 303.69774500529 297.962188720703 286.564668019613 281.501233577728 289.941469828288 304.937362670898 304.496387640635 302.643199761709 301.794151465098 312.976320584615 322.343826293945 315.772334734599
259.353280067444 259.904702504476 266.920526822408 271.587689717611 278.979182243347 283.803304036458 288.887977600098 298.84550968806 310.559213161469 317.649722099304 317.81530380249 319.859723250071 323.485175768534 324.478507041931 321.562230587006 318.636039892832 320.048232873281 321.906765302022 322.487672170003 322.042902310689 320.311705271403 317.824721336365 319.10248597463 315.993944803874 314.165910085042 315.765539805094 311.27538283666 302.933633327484 295.284469922384 287.651022275289 280.907531579336 293.783247470856 287.105679512024 291.656533877055 296.281536420186 297.497749328613 292.349914709727 289.537906646729 304.19800678889 311.239461104075 307.21922715505 300.07016658783 295.416394869487 305.010735988617 316.451191902161 317.914485931396
277.362545331319 264.599164326986 254.335999488831 246.273001035055 250.731686751048 264.846086502075 281.359771887461 289.214611053467 295.785228411357 300.759275754293 312.596519788106 322.662472724915 327.698032061259 329.23549413681 328.622221946716 326.760073502858 323.401073614756 317.526340484619 318.141579627991 321.524659792582 319.501757621765 318.805913130442 323.18905989329 320.363740126292 317.512035369873 318.071643511454 313.502510388692 306.464870770772 299.293418725332 294.613242149353 295.340279738108 300.968746344248 295.507232348124 297.188758850098 294.330338637034 297.270615895589 305.528958638509 309.006114800771 314.713895320892 316.940685113271 314.885417620341 307.998776435852 302.667041619619 301.34658018748 306.189338366191 318.825840950012
310.196121533712 291.653096675873 270.455638567607 250.876029332479 243.30860376358 253.263115882874 273.686408996582 286.896447340647 289.713601271311 289.927701155345 297.676205635071 306.114097436269 312.297443548838 316.26562277476 320.402344067891 322.819451491038 320.103387037913 314.66277440389 315.418144067128 319.518685340881 319.467385609945 322.8520154953 328.017711639404 325.234035650889 322.212000687917 322.348634401957 317.300756772359 310.586551825206 301.89190308253 296.806454658508 300.197958946228 302.310248215993 304.453651110331 308.888216813405 303.942640622457 301.191528638204 307.481249173482 312.68322467804 313.701113065084 314.041574796041 314.423620700836 310.590008894602 308.863282203674 308.533867200216 305.401206016541 303.275307019552
323.853929837545 310.311357180278 296.663343906403 280.969421068827 262.668490409851 251.559615135193 258.415679136912 282.541851202647 291.587193806966 297.547936439514 295.531868934631 291.652262210846 288.489778836568 285.746693611145 287.596861521403 297.762076059977 305.203855037689 314.137518405914 320.657034715017 324.13383324941 322.296718756358 319.704969724019 325.401981671651 326.258540153503 325.266321500142 326.64700349172 324.105163415273 318.48418712616 310.337007045746 306.157648563385 305.829683939616 309.127072493235 319.043258825938 322.151402632395 319.079081217448 313.098470369975 311.742146809896 313.661456108093 314.886669317881 318.630695343018 317.337354024251 313.589612642924 311.697483062744 307.556430498759 292.837341626485 286.461293697357
324.280142784119 321.110407511393 316.417117913564 307.482302188873 291.852275530497 267.982383569082 249.55685933431 248.99677435557 277.728676795959 296.828369299571 301.93418264389 298.822979132334 291.824022928874 284.885028998057 275.266329447428 278.090059757233 287.694672743479 298.462192217509 313.088297843933 322.648743788401 324.825088183085 321.958263715108 323.844909667969 325.761755307515 325.449148813883 327.253619829814 326.825837294261 323.515216509501 318.348626295726 317.409992218018 318.306763966878 320.030013720195 326.910773913066 327.906986077627 325.961629549662 321.891983350118 318.112949530284 313.764572143555 307.824929555257 309.244831403096 315.351208051046 320.341428120931 323.156952857971 317.834417025248 303.753654162089 291.699628035227
320.115129152934 320.757329463959 319.705267747243 316.126147905986 308.617015679677 294.678787390391 271.763285001119 247.33579158783 256.968140602112 277.102748552958 292.604863643646 298.309107621511 298.911948998769 297.235230604808 290.081282456716 284.0975522995 282.042880853017 285.606960455577 296.457171440125 308.485825856527 316.848158836365 321.830014387767 322.800695896149 320.156574249268 321.054259936015 323.678493499756 324.720482031504 323.409120241801 321.873943010966 324.975848197937 327.109396457672 326.341191927592 327.834645907084 328.398068745931 325.827717781067 324.246188004812 321.277459462484 314.281404018402 301.783124605815 303.605755170186 318.602442741394 325.662235418956 325.270533561707 320.636053880056 311.554312705994 303.243676821391
304.246008396149 310.279528299967 313.231567541758 313.324769337972 311.681707700094 310.519059499105 301.111857096354 287.859658400218 262.474417686462 254.858533541361 265.680412451426 285.790085792542 300.795435905457 306.950887044271 308.669825394948 303.90586455663 292.454878489176 288.742025693258 288.245002428691 290.843109289805 297.285238901774 301.322877407074 306.233127911886 309.563517570496 313.734948635101 316.196242968241 317.859490712484 317.207753658295 317.318598429362 321.139434973399 322.205126285553 322.019457817078 325.6822625796 328.24178536733 327.602863311768 324.21084245046 321.938236554464 318.73744726181 304.024219512939 303.520162900289 318.518280982971 322.042246659597 320.447504520416 317.323207855225 308.566570281982 300.451854864756
267.224033673604 278.298795223236 287.614544232686 294.846057891846 301.016529401143 306.354522705078 308.520197868347 306.237498919169 286.787033081055 266.037106513977 253.879189491272 259.657820065816 282.323718070984 300.603270530701 309.960643450419 303.708553314209 298.772056897481 293.562471866608 287.63218720754 283.471961816152 283.725063006083 283.585826555888 285.255054632823 294.57950592041 302.63086160024 307.644784450531 309.347947438558 309.081653753916 312.233567237854 315.55700302124 317.241231600444 319.609125455221 324.525773525238 326.63897673289 325.504620869954 323.259313901265 323.775092760722 324.939469496409 316.352645556132 311.003724733988 317.154089609782 320.420543352763 321.557839711507 320.704877376556 313.450872898102 306.949575742086
230.986714363098 235.809048016866 243.481576442719 254.404564698537 268.021146456401 281.463623046875 295.088509718577 299.661040306091 300.541083017985 290.881852308909 270.391404628754 253.258883953094 254.133820533752 274.296700954437 294.617215792338 296.150942643483 301.413277784983 299.73707596461 293.015360832214 284.160614013672 278.911809126536 276.467005411784 276.57296260198 283.862849076589 290.086050828298 293.2435075442 295.208036899567 298.348585764567 303.136924902598 306.39241139094 309.461812178294 313.644289970398 317.413171132406 319.100757439931 318.326751391093 318.361183007558 322.894831498464 327.146410942078 325.81094900767 322.210272153219 322.365641593933 325.127482414246 326.581597328186 324.920932451884 319.705804189046 317.512631416321
219.928542772929 215.892175833384 213.74253431956 213.758766651154 221.072514851888 236.409544944763 258.719146251678 276.184717814128 298.470457394918 301.66886250178 293.472071488698 275.245765844981 251.420537630717 249.386588732402 268.590410550435 289.799650510152 301.261524359385 303.009629249573 299.802402655284 293.54598124822 285.96560160319 285.145918528239 284.77934996287 285.523136456807 285.424669583638 284.451226393382 287.877519925435 294.018149375916 296.599388122559 297.661463419596 301.375925540924 305.588821570079 307.335317134857 307.720243930817 308.964192867279 312.234342098236 319.754163424174 324.53715801239 324.953178564707 326.75180832545 326.962888240814 326.301475365957 325.678865114848 325.418849786123 320.224165916443 317.988355954488
215.26300907135 189.197937647502 172.924319903056 167.546987533569 164.214104413986 170.327146848043 189.994057019552 223.17111492157 256.964842478434 286.224404970805 299.204409122467 299.425721168518 286.007841428121 264.603952566783 262.247741222382 283.754547437032 295.719981193542 304.652154445648 308.957636356354 306.620438893636 298.893769582113 296.339154243469 293.138821919759 292.988518873851 292.325655619303 290.337443351746 293.065071105957 299.385706583659 298.537254333496 293.445328871409 297.75349299113 301.793297131856 303.318123022715 302.765786647797 305.127183596293 310.091018676758 314.527571201324 316.751956939697 318.198879559835 318.891882896423 320.934573809306 323.406636714935 325.025280316671 325.427214304606 320.546746253967 318.522612253825
198.377013206482 161.091536283493 139.682561159134 136.043975750605 135.635664065679 140.671749909719 149.756689866384 174.918909867605 202.100058396657 248.589754104614 292.286912600199 312.077621618907 314.713994661967 302.587231000264 282.796740531921 279.179771741231 283.786257108053 294.832070668538 307.019491990407 311.800420284271 310.73659658432 306.674321492513 305.144886175791 302.929401397705 299.078563849131 297.604282697042 299.936493237813 301.509380340576 296.555082003276 293.583591779073 296.486735343933 300.12188355128 300.33540725708 300.451715787252 302.340388298035 305.188596248627 306.634306907654 305.924574534098 307.366053263346 307.541747887929 311.343948046366 316.179156303406 318.605959415436 319.338262081146 316.790958245595 316.529552141825
168.383717536926 141.527225573858 118.901958068212 116.672853628794 132.662415504456 155.23969133695 155.678937832514 164.503037929535 183.87774626414 214.053829511007 260.672271251678 308.502991994222 321.787734826406 320.309480031331 308.021485805511 285.168846448263 276.281138261159 278.462668259939 291.219770908356 309.135496616364 315.38204352061 311.901410420736 312.832991282145 308.957537015279 303.306698799133 303.576946258545 306.078493595123 303.148070971171 297.857503096263 300.28114716212 301.180243492126 300.735116004944 298.653443654378 297.833859920502 298.403998215993 296.995838483175 295.622666676839 292.525410652161 294.513165950775 295.04652818044 298.741141955058 302.957097689311 304.976999759674 305.446664492289 309.892694155375 312.979499499003
149.150311946869 138.461321592331 117.24462111791 108.387897411982 112.480858961741 136.233568191528 157.63266881307 164.298246304194 181.113620599111 195.42396068573 218.650917212168 269.719401995341 314.752101898193 320.622702439626 317.320605119069 309.6897204717 301.34920279185 289.620518684387 281.653523445129 289.598186810811 307.082712650299 314.241607983907 316.506008307139 313.443501790365 308.043738206228 308.962345123291 312.230865160624 309.035877386729 305.857082207998 310.006181399028 310.071269671122 302.352905273438 298.097193241119 294.785698254903 291.214108467102 290.32697280248 287.008663018544 285.082777341207 285.52653392156 288.179775079091 290.424247582753 291.831533114115 294.025222460429 296.045879522959 306.107103824615 311.413725217183
140.879968802134 143.007536729177 135.229527950287 119.74557240804 104.916622241338 120.383898417155 148.25513958931 169.573068618774 189.601123332977 199.325760205587 208.834369977315 233.92395178477 273.952762285868 310.818791389465 319.65160369873 321.559965610504 319.622834523519 311.161637306213 296.527862548828 282.342751820882 291.465699672699 310.306708017985 312.964717547099 312.531590461731 312.8635485967 316.785454750061 318.975289662679 317.371626694997 314.828177293142 316.337426503499 312.486271063487 304.591139157613 299.634516239166 294.713815053304 290.112376213074 287.13846206665 285.321235656738 285.558640956879 285.541415214539 286.297102769216 288.448870182037 289.867281913757 288.964490095774 292.245765527089 300.745368003845 308.425962924957
148.322929938634 158.058742682139 162.782380978266 148.54171872139 127.862691879272 135.999282201131 154.947916666667 176.244775454203 195.783575375875 217.678685983022 225.173691908518 231.015145778656 254.389723141988 270.921448866526 289.325356483459 318.79190603892 319.819768269857 318.697333335876 315.425197283427 302.99437046051 288.247366746267 297.673225402832 303.742448488871 309.8171154658 316.332717736562 321.16820414861 323.250452677409 321.975390116374 317.749440670013 316.631992657979 311.2553358078 306.144615014394 300.808628400167 295.580009619395 292.546232541402 289.139012495677 287.93474038442 285.765548547109 285.142699877421 287.756721178691 290.250678857168 291.552285353343 291.16827249527 292.602479457855 294.062455495199 304.251392682393
158.636093139648 163.104593753815 176.457305749257 184.122006098429 171.367843945821 153.834899266561 156.913091739019 169.072111447652 184.757788976034 211.017449696859 223.76416126887 226.006408532461 231.997311115265 244.593779246012 262.415568033854 283.01864862442 302.987853686015 313.665131727854 314.779182275136 314.003189404805 308.088680108388 298.113346099854 297.923783461253 304.846962292989 312.768419583638 318.930407365163 323.056439558665 321.97783390681 315.610309441884 314.580718676249 310.178498427073 304.117163022359 299.082557360331 296.324769655863 294.290900230408 290.947059790293 288.624246915181 282.277385393779 280.01336256663 287.137985229492 292.413075764974 292.90908575058 294.973214467367 294.806281725566 291.581054528554 299.273649851481
