input/barkrak2/radiation/dir24124.grid
NCOLS 85 
NROWS 70 
XLLCORNER 665100 
YLLCORNER 4664600 
CELLSIZE 20 
NODATA_value -9999 
[rows 0 to 19 of 70, columns 0 to 45 of 85]
271.196146806081003 282.750765482585 292.722344398499 303.861021995544 307.687977949778 304.985264937083 297.902007897695 291.748464107513 294.726490974426 295.173009236654 294.002056121826 297.702670097351 299.418250719706 299.800455570221 301.497240861257 298.262337843577 289.833227793376 281.31361802419 277.604381243388 267.101546128591 253.436505794525 260.444164276123 284.010728200277 291.294515132904 291.763206322988 296.874682108561 293.900112311045 281.666398048401 265.575071175893 261.367360750834 258.70144367218 272.578775882721 303.10446023941 302.637100219727 302.242656548818 292.183180650075 296.277642250061 307.959814866384 301.152010758718 302.720348040263 291.420936584473 287.327229976654 296.61770661672 306.426147619883 304.169217745463 300.489048163096
253.404378890991 267.852743466695 279.849648475647 292.383253574371 300.567408402761 300.196488698324 294.759114583333 291.215618451436 298.190911610921 298.616468906403 293.705344200134 296.000738938649 299.736380577087 300.697843233744 300.467014312744 297.182818253835 294.695754845937 288.119892279307 284.924348195394 273.32729101181 267.130593458811 276.320338249207 291.650076707204 295.902252197266 297.486265500387 298.411250114441 294.049143791199 283.626139163971 269.324839115143 262.505412101746 263.288140296936 284.129202365875 302.43186155955 302.187959353129 303.01841100057 293.906211853027 296.001493930817 302.837312221527 298.878610134125 306.373635927836 300.886352856954 293.029189109802 296.195069948832 303.577383359273 304.209232330322 302.815278371175
220.094521840413 232.191582520803 243.594467639923 253.65682442983 265.727957089742 273.951212565104 280.22038936615 287.55001227061 293.767551581065 291.850050290426 288.390318552653 291.654864947001 300.902207692464 304.77233727773 301.654815673828 306.307673454285 309.112350145976 304.800391197205 295.628766218821 286.534150441488 288.752436637878 292.309860388438 294.229884942373 295.48046986262 298.502326011658 299.251834551493 292.610168457031 282.325704892476 271.899859110514 266.384045283 269.639611244202 292.829771836599 296.674033006032 299.561858177185 303.507765134176 297.897219657898 294.098277886709 293.83252064387 298.091053962708 305.046816666921 300.487101078033 293.325583140055 288.53448232015 295.459906260173 304.87197637558 306.221425533295
202.33162244161 204.01535431544 211.833119392395 218.699872493744 224.669893582662 229.712108771006 236.190597216288 249.786655108134 266.671299934387 279.184063275655 286.331335703532 295.614977677663 304.062267144521 307.09562699 306.907018025716 308.341920375824 308.343291282654 303.601523240407 296.365956465403 292.698582013448 290.952583154043 288.838009039561 295.294384161631 296.242753664653 295.720517635345 297.638893127441 294.120987256368 286.19521856308 280.656556288401 276.544988155365 273.98802836736 296.011646588643 296.060045560201 298.97673924764 299.561401208242 300.972878932953 299.367586771647 297.675609588623 304.353614648183 304.896573225657 297.722240289052 285.35004456838 281.77543481191 294.627626736959 307.984928290049 306.59939845403
224.276463190715 207.614302635193 195.577204227448 187.448620796204 190.97892443339 205.860733985901 225.522955258687 235.402464866638 244.837323824565 251.53648853302 269.314348697662 287.149628003438 297.87423213323 302.263637383779 305.03781636556 306.203842163086 301.175018151601 293.29792658488 291.103402773539 291.865229606628 288.551489512126 286.873400211334 295.333425203959 296.272655328115 295.971194903056 299.793779850006 296.314040819804 289.935310681661 283.854842185974 280.441244443258 284.969011942546 302.53130197525 300.110439459483 301.631410916646 297.646880149841 299.143354098002 304.457068443298 305.645187695821 304.926137129466 301.892479260763 299.25525188446 292.819241682688 292.509138584137 296.666344006856 300.816019376119 300.447463989258
263.779143492381 238.140642642975 212.434331576029 190.073231856028 181.73623085022 192.834754784902 216.365456581116 232.392092545827 236.186345418294 236.147105693817 245.86546421051 258.370101451874 267.084697882334 272.195756435394 279.220044612885 284.920314947764 283.777077992757 282.952348391215 287.280340989431 292.150060335795 292.355120182037 295.486350854238 299.416641394297 297.95249303182 298.519869645437 301.562666893005 298.38752746582 293.995102246602 286.948362986247 284.367442131042 294.382790724436 303.647259871165 305.338740348816 307.839393615723 302.051266034444 299.205044905345 303.345263004303 304.428617159526 299.702048301697 300.48398176829 299.814740816752 296.168486277262 295.831720034281 297.250072161357 290.225605169932 277.649243672689
282.44145711263 261.860887209574 243.525306383769 223.282833894094 203.393896420797 191.212932268778 198.811908562978 225.598653157552 238.251109917959 245.817542076111 243.153929710388 238.316496213277 234.373231728872 230.809271335602 233.025272687276 247.191568215688 257.352769374847 272.685627142588 286.473711331685 295.126875241597 296.863714853923 296.943565209707 299.475888411204 298.849006493886 299.409647782644 301.524102687836 301.311214764913 297.508676846822 292.717456817627 293.825248877207 300.297836462657 306.532382965088 310.38643916448 310.752809047699 307.800233364105 301.351010799408 300.547858079274 298.907657464345 298.44065507253 298.959056536357 295.240620772044 292.107164859772 293.943285942078 295.579433441162 278.556704521179 271.308680375417
288.469950358073 280.723631381989 271.532535552979 258.043070634206 236.642400423686 208.146850268046 187.755564848582 187.881728013357 220.523397127787 244.276026884715 250.725249449412 247.006456057231 238.853732744853 229.85053062439 217.965722084045 221.337000528971 232.504328091939 247.666637102763 268.424232800802 284.426629543304 292.27880636851 295.039653778076 299.718260765076 299.016753832499 297.999958197276 298.694550991058 298.981706301371 297.079026699066 294.969936211904 299.359957377116 304.861346880595 307.946960131327 309.320131937663 307.86657333374 303.884247938792 300.186733404795 299.168229103088 294.974048932393 287.574609120687 282.135923703512 285.427689552307 293.081164360046 303.212205568949 303.410748640696 290.726919968923 284.605145454407
281.866451104482 282.386720180511 279.226422309875 272.554397583008 260.847210884094 241.124471028646 212.231198946635 184.685309727987 197.985649108887 220.212717851003 238.832751909892 246.84073527654 248.4423716863 246.026913324992 235.419313112895 228.599488735199 226.083656152089 230.428536732992 243.19318930308 259.17249917984 273.035625616709 283.451517422994 289.606253306071 286.946336428324 288.37913274765 289.769113063812 290.758967399597 290.793697039286 290.999253590902 297.81432946523 301.729877789815 301.412463188171 300.920486450195 301.183958848317 299.939274787903 299.909392992655 297.938883304596 293.223758538564 280.993580818176 280.449648698171 295.06512482961 305.515388647715 309.857527414958 307.510534922282 296.239912509918 289.533495903015
256.332397460938 265.067001183828 269.521613915761 269.575119018555 266.970793406169 263.771156469981 249.487260977427 232.605894406637 202.156444390615 193.052550156911 206.390380859375 230.32800356547 249.581615130107 258.970260620117 260.396202405294 252.898911635081 239.032506942749 234.286685784658 233.707865079244 236.042340596517 244.295835494995 251.372893651327 259.411931037903 265.691896279653 272.91218439738 275.759279727936 277.258674303691 277.161717414856 278.5830895106 284.316599369049 285.615563392639 286.240776379903 291.699290275574 295.497039953868 297.002752621969 295.706530412038 294.19618844986 293.431282043457 280.978461106618 286.17391983668 303.535977999369 308.877050876617 309.24516916275 305.54719765981 293.755014737447 287.534654140472
207.475026448568 220.87421019872 232.91160662969 242.788811524709 251.68897708257 258.947551250458 260.796348253886 256.342649459839 230.992535750071 205.692966779073 191.903372605642 199.584046999613 225.984036922455 249.633928140004 262.563486893972 253.718495368958 246.694604555766 240.36705493927 232.902387777964 227.857212225596 227.257450421651 227.495392163595 231.081704298655 243.449886639913 254.979252815247 262.19230890274 264.040072758992 264.14676507314 269.187291463216 273.483157157898 276.089986165365 279.297888278961 287.403166294098 290.799736976624 290.222704410553 289.265096187592 291.555404663086 294.837435086568 291.116714477539 296.185433864594 304.892977078756 308.731238047282 309.102157751719 307.01474348704 299.460192521413 296.610891819
165.998508532842 171.341419219971 179.948667685191 192.381501197815 208.281377951304 224.415898323059 242.093125979106 248.044828573863 248.922189076742 236.157536506653 210.535983244578 191.007653872172 193.722367286682 216.462373733521 241.704980532328 244.37415599823 250.611921151479 247.673491636912 238.555471102397 228.583176930745 222.21710284551 219.524761041005 219.673673311869 227.925936381022 236.227413018545 241.744259993235 244.520564874013 248.631199200948 255.047043164571 259.485920270284 263.354738553365 268.484433492025 274.307310581207 277.055203914642 276.937743028005 278.184294700623 285.865247249603 294.112145900726 296.650091807048 301.576415697734 305.319527784983 307.676096757253 306.155780951182 303.528269131978 299.38797156016 297.668516635895
154.208421707153 149.83328183492 147.502154111862 147.130727767944 154.972891012828 171.667675177256 196.766098340352 218.174735705058 245.888829231262 250.465492407481 239.641785621643 216.954469680786 188.910782337189 186.673005421956 209.559400876363 235.391696294149 250.306804974874 252.833982308706 247.813145319621 239.260991414388 230.839808781942 230.043828487396 229.579051335653 230.439702669779 230.766256650289 229.714592297872 233.811378479004 242.284814516703 245.735466480255 247.073590755463 251.938164234161 256.672243277232 258.362750212352 260.055184364319 262.42067416509 267.117460568746 277.758081754049 286.90105676651 288.88205687205 294.907371203105 298.482100168864 299.164036909739 297.683676083883 298.035244146983 293.163935343424 292.459587256114
143.761922915777 115.620911121368 99.5472570260366 94.3086345990499 89.4976655642192 95.9789156913757 116.637309392293 152.926365534465 195.969780286153 230.563739935557 248.200595378876 247.979044914246 229.917208353678 205.291589101156 201.469620068868 226.453204949697 242.591261863708 254.857500394185 261.082033316294 256.928582986196 246.300339698792 243.209302425385 240.021646022797 239.726901054382 239.39037322998 237.26361989975 239.756186803182 247.896949450175 247.527480125427 241.493205229441 246.70688311259 251.845041910807 252.859850724538 253.198405106862 256.654143333435 263.368566830953 269.270519415538 273.364325364431 276.252329349518 277.898728847504 281.962831815084 285.929719607035 290.927946567535 294.522603352865 289.661824703217 291.09259446462
130.863140026728 96.8707998593648 70.170670747757 62.1990064779917 61.0080907742182 67.7876869837443 78.2276888688405 106.279402971268 134.528030951818 185.453136761983 237.031539281209 264.664947986603 268.540740013123 250.921229521434 226.632018884023 221.276680628459 226.482212543488 241.383492946625 257.787585258484 265.083114306132 263.169288635254 257.334669431051 254.982491334279 251.607696215312 248.185614744822 246.67892853419 248.790522416433 250.369628270467 245.665113131205 241.208473841349 244.717200597127 249.399701754252 249.538203080495 248.833775520325 252.564231554667 256.290316581726 258.080144723256 256.271700064341 260.11445124944 260.6334288915 265.9858862559 272.215743859609 277.381042639414 280.237952868144 279.562830924988 281.43713871638
116.128782431285 89.7902548313141 58.5906306902568 42.0682032903036 57.0973952611287 80.751250187556 88.3352259794871 101.215203603109 120.350956916809 150.973260402679 195.924401283264 240.616281827291 272.068123022715 276.800274848938 258.173644542694 228.1307776769 217.429200808207 220.05432844162 236.86271905899 260.424156983693 269.936124483744 265.254537264506 266.143480936686 260.344843069712 254.0096839269 254.559795061747 257.081250349681 252.885083357493 247.698823610942 249.98551607132 250.712851683299 250.117659568787 247.373282909393 246.063808600108 246.114015579224 245.487133661906 243.600209554036 238.851010799408 241.719365119934 243.714372316996 248.313208421071 253.053645292918 255.908449490865 257.350842158 266.677180926005 271.13284667333
101.552714904149 90.2049740155538 63.9671335617701 35.7321749130885 43.3511684338252 68.7238524357478 86.4401658376058 104.338824748993 122.189402580261 134.973496198654 156.052778164546 194.918076197306 224.02286529541 242.62007077535 259.350796540578 261.104822158813 248.46351146698 233.812888463338 224.347492059072 235.002736250559 257.252077261607 268.690745035807 272.005339463552 267.688949902852 260.86300611496 261.819104353587 265.739738941193 261.739810307821 258.785327275594 263.277848561605 262.03461488088 251.629690329234 245.917956034342 242.234905560811 237.70680030187 235.980073610942 231.666127840678 230.40368159612 230.372567971547 233.768165111542 236.331184705098 239.309906959534 241.402169068654 244.036535422007 259.466111660004 267.534613609314
93.4990743796031 94.5214728514353 82.1992705265681 47.6331611474355 41.485237578551 69.9900090694427 93.0493076642354 117.29629834493 132.998774449031 141.248196363449 151.691675186157 172.990143299103 199.463327725728 219.924529393514 237.417737642924 248.348037401835 257.914245128632 257.058521111806 241.235931714376 226.541221141815 237.461845080058 261.171142260234 266.47408803304 267.3459649086 267.830630143483 272.12784687678 275.767286618551 274.224599202474 271.433671315511 272.608558336894 266.966501871745 256.21489683787 248.583455880483 241.515616575877 235.537985960642 232.190430164337 229.695339997609 229.782660802205 229.879279931386 231.260975201925 233.7593237559 235.491891702016 235.685447851817 238.748908042908 249.919374783834 262.125829855601
98.8265176614126 107.551366090775 109.137872854869 77.8858363628387 65.6351943810781 89.1785124937693 106.452584266663 128.511885801951 144.586483637492 161.633431911469 172.763228416443 177.781263987223 189.703822135925 198.375324408213 215.068201224009 233.822703361511 245.450834433238 250.770767529806 252.802689870199 245.296398798625 229.781667391459 244.101782639821 252.702911694845 261.923313140869 271.663029988607 278.319160143534 280.567387739817 281.336665153503 275.975028673808 273.800412813822 266.663094361623 259.994149208069 251.651604970296 243.399182955424 238.975127538045 233.921011288961 232.898235321045 230.02020517985 229.368468125661 231.845994790395 235.90350151062 237.607598304749 236.319144566854 239.08919095993 240.942339102427 253.261049588521
105.385154485703 110.449959834417 122.397164503733 118.004610141118 105.3074101607 109.006613492966 110.493938128153 124.986459811529 138.316373030345 157.468636830648 171.733260154724 172.468463579814 172.320127487183 180.403590202332 195.415854454041 213.486552238464 227.471907933553 236.480752627055 244.739651679993 250.246008237203 247.173110644023 236.904422442118 239.479144414266 252.334435780843 265.01985390981 273.322105407715 279.701292514801 280.651052792867 273.750881354014 272.480686505636 266.743938128154 259.055972099304 251.1967420578 245.330433050791 241.678973038991 236.536741256714 233.04029305776 224.897066752116 223.023593425751 230.737964312236 237.170318762461 239.218990008036 240.986466407776 240.376432736715 236.634790897369 246.467471122742
