input/barkrak2/radiation/dir25224.grid
NCOLS 85 
NROWS 70 
XLLCORNER 665100 
YLLCORNER 4664600 
CELLSIZE 20 
NODATA_value -9999 
[rows 0 to 19 of 70, columns 0 to 45 of 85]
247.475564479827995 260.674655437469 273.568689823151 287.242194016774 293.178935845693 291.605571905772 283.90767176946 277.767340342204 280.193607012431 281.123578548431 280.444979667664 283.192038536072 283.893525600433 284.40914551417 286.709268887838 280.912359555562 271.036843458811 261.122624079386 255.980690320333 245.321253935496 236.638744672139 246.090114116669 270.996153354645 277.774969736735 279.128273328145 286.474545796712 285.059611002604 270.894944667816 255.662480990092 251.998643080393 248.640775680542 264.628291130066 301.000277201335 299.934009710948 301.646490891774 285.154779752096 291.677991549174 304.17001247406 297.798156738281 301.445861657461 284.305572509766 285.348991552989 295.252104600271 302.272121111552 297.18679189682 296.344061692556
228.022118409475 243.96421511968 257.537146409353 272.493302822113 282.679835955302 284.293870131175 280.08234500885 277.758320172628 285.711546738942 285.200277964274 280.992070833842 282.262901465098 284.434378147125 285.678585370382 285.448869069417 280.471126238505 276.380697886149 268.683751424154 264.792899290721 252.445220947266 250.012576580048 262.741347153982 281.247834364573 283.947050571442 287.714064121246 290.140271186829 285.837173461914 272.728224595388 260.043124357859 253.48836183548 254.320502281189 277.463873227437 300.728698571523 301.021138827006 300.888498624166 286.774893601735 292.738497257233 301.535288492839 297.377526760101 302.510619163513 296.274224917094 289.137621720632 291.21212164561 295.448422431946 295.3067223231 295.80303033193
192.669332027435 205.386698246002 217.505236466726 228.581209977468 241.549670696259 250.78292687734 258.724133173625 269.176681836446 277.979373931885 277.205685774485 274.485806624095 278.527478377024 287.746071815491 291.763345400492 289.108375708262 293.727238972982 296.428561210632 290.71040948232 277.723888556163 267.548143863678 272.231419881185 278.120100498199 283.228774865468 284.496366977692 289.659857749939 289.196232954661 281.0946504275 271.737198034922 263.367354869843 259.064058462779 263.851245244344 288.772801558177 296.560327212016 299.162169297536 299.01256163915 292.925516764323 293.461680412292 294.249256451925 297.347923119863 300.79311132431 296.92288239797 285.02490123113 278.496325016022 283.735275268555 293.721199035645 296.347518761953
174.07766977946 175.742745399475 183.840910593669 190.916260083516 196.939706802368 202.223340670268 209.355453650157 224.463840325673 243.413746356964 258.001903692881 268.197099367778 280.721247196198 290.939052899679 294.699311256409 295.563896497091 298.795660336812 297.899464766185 290.663083394368 279.826740423838 274.797439575195 273.384094238281 271.728038787842 280.423581600189 282.575408617655 283.742010593414 285.599013169607 281.866649786631 274.5361328125 270.658175150553 269.61342493693 268.899341424306 292.965054512024 295.580923557281 297.477086385091 297.01429605484 298.486431439718 298.180143038432 296.937723954519 300.291736920675 297.858516375224 288.398206233978 275.603612263997 271.636684735616 286.113679409027 299.986481666565 295.775771141052
196.963409582774 179.522971312205 166.885296503703 158.194839954376 161.459227403005 177.537560462952 197.77500629425 208.412051200867 218.616843223572 226.017634073893 246.262093385061 267.28481054306 280.30534585317 286.668678124746 290.891687075297 292.52831141154 287.601947784424 278.516074021657 275.031626224518 274.446805318197 270.274917284648 268.688420454661 278.56719493866 280.989289283752 282.148798306783 287.074307600657 283.75518321991 278.177797794342 272.940278053284 270.799537499746 275.679548581441 298.778374989827 298.807402451833 298.672417799632 295.128385225932 295.959035555522 299.110134442647 299.994349479675 295.850912729899 291.244765122732 288.597385088603 282.057960828145 283.247669537862 290.563484032949 294.31148370107 287.296573321025
239.042381445567 212.024450302124 183.865308761597 160.597691933314 152.037193377813 163.483242193858 188.777883847555 205.586095650991 209.318280220032 209.155182043711 219.585518042246 233.311136563619 243.021885553996 249.594151973724 257.717967033386 264.197250207265 264.491379261017 265.143036842346 270.7426349322 276.015977064768 276.07387304306 279.271562894185 282.321989536285 281.49425983429 283.476789792379 287.525236606598 285.847663879395 282.217780749003 276.229600111643 274.731636047363 287.728905677795 300.754765669505 300.400416056315 301.916023095449 295.882761478424 293.883701165517 297.204852104187 296.617249647776 289.196908473969 290.841042995453 289.647618929545 285.482982794444 285.763382911682 286.974211533864 279.401580492655 262.350142002106
260.213971138 236.838062604268 216.696679592133 195.882598559062 174.402356147766 161.908686161041 169.731577237447 198.478480180105 211.882412433624 219.581762949626 216.670473416646 211.490829785665 207.264979680379 203.384359677633 205.72304725647 221.082866191864 232.672810554504 250.614325205485 267.396012941996 278.185327847799 281.537175178528 282.51435359319 283.818344275157 282.361467679342 283.636530240377 286.000370979309 286.811927954356 285.429219404856 280.911882718404 283.746500809987 293.582657972972 300.730228424072 302.745183308919 300.457100073497 297.641555468241 291.058480739594 291.484932104747 288.084765275319 286.472260951996 285.640875498454 280.950168768565 277.732531229655 281.438569227854 284.19554233551 270.93764146169 261.803030967712
268.66885026296 259.014864762624 247.961342334747 232.6487104098 209.418932596842 179.400265216827 158.502002557119 158.312906821569 192.234019438426 217.144131660461 224.98095035553 221.026301383972 212.195535500844 202.405273914337 189.676622549693 193.236788113912 205.335021018982 221.822778383891 244.976222515106 263.57247432073 273.816227912903 279.088973999023 284.852067629496 283.005237579346 281.698167324066 281.885027885437 282.486001650492 281.854192415873 280.585070451101 287.191331386566 295.141220092773 298.865675926208 297.108868757884 294.306059678396 289.618750413259 286.600689093272 287.46505578359 281.738976637522 273.970663547516 266.219973564148 268.214265505473 276.787916819255 289.577682813009 295.109311739604 280.851781368256 277.292728424072
261.099716027578 261.555751164754 257.507542769114 249.566833178202 236.177504062653 214.167555173238 183.493713537852 155.064870913823 169.230739275614 192.068854967753 211.237688859304 220.988829930623 222.969174385071 220.272978146871 208.385050296783 200.939277807871 198.258439699809 202.885786692301 216.762661933899 234.218100706736 249.870657920837 262.549916903178 270.910839239756 268.298268318176 269.943277041117 270.754337310791 271.700958410899 271.99399471283 273.067792256673 281.276325384776 286.427120367686 286.29744052887 284.971972306569 284.902731577555 284.078598022461 284.564773241679 283.437510331472 279.124776522319 268.336415290833 266.31361246109 280.553936958313 292.431573073069 298.613588015238 298.569639523824 285.333196322123 279.315253098806
231.684903303782 241.480926672618 246.531665325165 246.566971143087 243.578195571899 239.512244860331 222.809910774231 204.188068707784 173.325578371684 163.669347763062 177.370607852936 202.16425259908 223.82664680481 234.445929527283 235.760927200317 227.236151695251 212.14892466863 207.00478553772 206.386049588521 209.068576494853 217.950224876404 225.846926371257 235.169490178426 242.66904592514 251.126746336619 254.092494646708 255.487521489461 255.812605222066 257.762451966604 264.266987641652 265.660246213277 266.445398330688 272.595127423604 276.8634557724 279.302636782328 278.799752394358 277.297596136729 278.943320115407 268.545687198639 274.553775787354 292.61847337087 299.713512261709 300.737003485362 297.265946865082 283.078193664551 277.673880259196
178.556243578593 192.76628891627 205.792049566905 216.658552487691 226.488391558329 234.484553337097 236.150999863942 230.317374070485 202.550828456879 176.746189594269 162.461966276169 170.307397842407 197.383145491282 223.299125830332 238.264997800191 228.422919909159 220.612406730652 213.559885819753 205.51210641861 199.35675462087 199.65918858846 199.989438056946 204.013228416443 217.549681663513 230.448683102926 238.522708415985 240.399658679962 240.388035774231 246.193925539652 251.32284561793 254.296183586121 257.840116818746 266.973217328389 270.872851212819 270.56618531545 269.763727982839 273.410061995188 277.5692542394 275.973677635193 285.451312859853 295.230547587077 299.094001452128 299.122432867686 296.553333600362 288.337608178457 287.803173065186
135.414282480876 140.904774268468 149.790267149607 162.697772185008 179.358144601186 196.43493493398 215.386986732483 221.859773000081 222.331285476685 208.284934361776 181.66438738505 161.439339319865 163.467913866043 187.201182047526 214.627762635549 218.403279781342 225.006937980652 221.599380175273 211.60751581192 200.890203317006 193.548003832499 190.990169843038 191.172440846761 200.467546780904 209.515392780304 215.709666411082 218.806544939677 223.282516002655 230.003376801809 234.871784845988 239.607691764832 245.109538237254 251.434922218323 254.609723885854 254.801551500956 256.103316942851 265.754699707031 275.64134200414 279.578944047292 288.179278373718 293.420155843099 295.543471972148 293.01122824351 289.72731033961 285.629073778788 284.67865784963
120.756795008977 115.641087293625 112.432738145192 113.202999035517 123.318910598755 141.145567099253 167.107741038005 189.14520740509 218.822260697683 224.053045113881 212.212006251017 187.663892904917 159.260938564936 156.147748231888 180.018305778503 207.70929257075 223.943213621775 226.819852987925 221.764028072357 212.372144063314 202.766895294189 202.123522758484 201.626300811768 202.505310376485 203.166643778483 202.682852745056 207.021355628967 215.768535931905 219.916264216105 220.991591612498 226.263741652171 231.845378875732 233.525693416595 235.393881797791 238.234043121338 242.914358774821 254.564026991526 266.222854455312 268.875559171041 276.673158009847 280.994137128194 282.002707322439 281.085113684336 281.702796618144 276.673058668772 277.068138122559
98.8326966762543 79.2404115200043 68.8537855943044 59.38521027565 54.8877368370692 60.4013750950495 80.9388806422551 115.858246882757 157.307227452596 202.481091022491 222.10830450058 221.61610921224 201.400299866994 175.358255704244 171.501954396566 197.729468345642 215.199609597524 228.935102621714 235.491394996643 231.74911737442 219.484666983287 216.249783833822 212.800681591034 212.414304415385 212.387502193451 210.330386956533 212.802986303965 221.588989098867 221.510966618856 214.898705482483 220.338563124339 225.823481877645 227.458119392395 227.800250053406 231.083671251933 238.396286964417 244.648297627767 250.356157620748 253.085335095723 255.20392258962 260.1424853007 265.668749809265 271.745959917704 276.696145534515 271.496037642161 274.534225463867
105.135679244995 69.0204203128815 43.4482494990031 32.3949058850606 29.1358878215154 34.9855696161588 47.7420936028163 75.2305835485458 95.6248839696248 139.584124088287 186.614116032918 230.807443459829 244.037628173828 223.991950352987 196.833948294322 192.244489987691 197.744349638621 213.020483652751 231.421728928884 240.61663945516 238.33962281545 231.826305389404 229.133486747742 225.265343983968 221.937378247579 220.530390739441 221.760173638662 224.131484826406 219.795107841492 214.727481206258 217.980126539866 223.024666309357 223.088006178538 222.308079401652 226.389944553375 230.393668015798 232.168714205424 230.359713236491 234.91225639979 235.649426778158 241.568744182587 249.38174088796 254.394332567851 258.346418539683 258.783936500549 262.158691883087
95.0824916362762 68.3611482381821 34.9794949094454 15.411784251531 26.1961917082469 50.0365247329076 58.4593713283539 72.9100555181503 91.0675724347432 112.248907486598 145.643373330434 182.765185832977 208.72817436854 223.108887672424 220.892548561096 193.233450253805 187.097787857056 190.073211987813 208.01583925883 234.079241752625 245.907068252563 240.823328495026 241.645336151123 234.53547557195 228.392700354258 228.685160477956 230.85077603658 227.022926012675 222.133914629618 224.25365447998 224.396685759226 223.750869433085 220.769206682841 218.468308448792 219.342033068339 218.667467435201 216.512560844421 211.531658967336 214.812775452932 217.065294583639 221.12516562144 227.131406466166 230.319897333781 232.255637645721 243.433197339376 248.581846555074
80.6141942739487 69.5384045441945 43.6945110559464 8.70878497759501 18.1230381131172 47.7452427148819 62.2073113918304 80.0955146551132 96.078485250473 106.821616490682 126.330236593882 160.753389199575 187.794665495555 200.077037016551 209.658106168111 207.406878471375 206.012586752574 196.274300416311 190.493027369181 200.781941413879 229.051490624746 244.165400664012 247.850974400838 243.140737215678 235.67920923233 236.546178658803 240.434726079305 236.364761988322 233.959277470907 238.847653071086 236.950476964315 225.017408529917 218.774477640788 214.4802014033 209.647019704183 208.53312810262 203.827500343323 201.726635297139 202.634354432424 206.316967805227 208.164215087891 211.328526337941 214.526096979777 216.579894224803 233.920454978943 243.132432301839
73.0857849121094 73.6516217390696 60.8747204144796 21.464412411054 22.8703543543816 50.6700525681178 70.9323237339656 89.6243751049042 106.04206720988 114.965339501699 122.639964024226 143.383185068766 168.047626813253 183.606843153636 196.271042029063 216.98659658432 222.063422203064 215.288639068604 199.168304602305 188.260157903035 200.870990753174 226.241946220398 234.582304954529 240.877489248912 243.748346964518 247.87441889445 251.646876335144 250.425378481547 247.829496860504 248.76481294632 242.509404818217 230.850160121918 222.048143545787 214.025219281514 207.532306512197 204.58577076594 201.148708661397 201.0577917099 201.282342274984 203.553239504496 205.336689949036 207.154790560404 207.471350828807 210.491021474202 222.736418247223 236.430664857229
77.6269733905792 85.3374302387238 85.5001906553904 51.0598123073578 42.6689336697261 68.3250526587168 85.6344997882843 101.510544617971 116.897692282995 134.494721889496 144.651571909587 150.063574314117 160.650461912155 169.411818186442 184.481004873912 201.544264952342 214.244961738586 220.210909843445 219.683567682902 208.100616931915 192.433853944143 207.499941190084 216.440657774607 227.369427680969 242.034236590068 253.024776776632 256.769100824992 259.179472923279 253.237426280975 250.637491544088 242.825746536255 235.739628473918 226.1576851209 216.524004936218 211.458206176758 206.504921118418 204.534888267517 201.304455598195 200.732588768005 203.381578127543 207.523067792257 209.42493279775 208.108464876811 210.667570432027 212.689638137817 226.121127605438
83.9938124020894 87.0207250118256 97.6115465164185 90.0492171446482 78.3050855000814 86.7696801821391 89.7084673245748 102.594256401062 116.256495316823 131.044526894887 148.71621131897 144.808948040009 139.561921358109 144.435435533524 159.174680709839 177.811880906423 191.537817319234 201.843440532684 213.075598080953 216.505448023478 213.56475353241 198.072711626689 202.042281627655 210.577845573425 222.068190574646 235.669533411662 246.031582355499 247.187872727712 248.386681079865 249.512990315755 243.59405040741 235.515673955282 226.530273755391 219.129085540771 214.650928974152 209.436595439911 204.875906308492 196.049352486928 193.945606549581 202.807267506917 208.71776342392 211.05565627416 213.908990224202 212.039172649384 209.159433841705 218.582729498545
