input/barkrak2/radiation/dir20524.grid
NCOLS 85 
NROWS 70 
XLLCORNER 665100 
YLLCORNER 4664600 
CELLSIZE 20 
NODATA_value -9999 
[rows 40 to 59 of 70, columns 0 to 45 of 85]
320.510963598887 321.384906768799 321.330229441325 322.746872901917 327.81728108724 331.188519795736 333.755771319071 336.275617281596 337.075312932332 327.640056610107 317.727824052175 314.073503017426 312.007466952006 309.996763865153 308.313568433126 307.115137577057 303.994536399841 304.529766241709 299.3403673172 298.013885815938 300.403972466787 304.059783617655 304.241081078847 299.933075904846 298.236469427745 295.505523681641 299.812575181325 300.203104813894 300.308446089427 299.883782863617 298.479994138082 295.003354549408 273.365239302317 270.717680454254 293.507317701976 293.825189272563 283.831377824148 282.329559326172 283.629318078359 274.598717689514 284.562230110168 320.229887962341 329.87250884374 278.249382972717 217.025279998779 178.349494934082
325.521369775136 323.687434196472 323.859214782715 324.487805366516 322.325925032298 320.354362328847 319.456775983175 320.001284281413 322.692771752675 317.66680876414 311.546524365743 311.900893847148 313.427408536275 313.811977704366 310.46724319458 307.839453220367 304.853538672129 309.052189191182 308.696548144023 303.613225618998 304.322520891825 306.1443567276 304.231266180674 304.996867974599 304.877916971842 300.601959228516 303.223570187887 303.486029307048 301.323930422465 301.75260702769 300.057987372081 295.919040838877 279.516855875651 282.213568687439 293.440341949463 284.385561943054 269.401331742605 268.082618713379 274.35568968455 280.515929063161 298.373321692149 311.342140038808 319.206277529399 308.583895365397 260.361591974894 214.338501294454
327.368517716726 325.665354728699 327.68589258194 326.615770657857 321.618616580963 319.9063539505 318.719744682312 317.49830643336 317.014575004578 314.818223317464 312.929471333822 310.777147610982 313.786546389262 315.439502398173 314.185400803884 312.442084153493 310.67689259847 312.270959218343 314.411640167236 308.634658654531 306.05137348175 304.158906141917 300.59293905894 301.082889238993 303.697943687439 300.241271654765 296.958863735199 299.309631188711 299.583117167155 300.6897966067 298.583626747131 291.676421960195 285.968621571859 290.872832139333 291.043698787689 273.037751515706 257.283568382263 262.115836143494 275.806844234467 288.676579793294 297.618230183919 296.133736769358 290.247698624929 288.76785437266 267.311056454976 217.109739780426
318.007528781891 320.003549257914 325.012306372325 323.199371496836 323.8831559817 325.620174407959 325.280606746674 323.214491208394 316.051483154297 315.259496370951 315.84511200587 313.539564609528 313.004493713379 314.853250980377 315.647502740224 312.885602315267 312.767883141836 314.816852410634 314.283311367035 309.71093972524 304.939170678457 302.127520243327 299.307346343994 298.218448956807 297.758857409159 299.577196439107 294.648865858714 293.795009454091 296.190778414408 296.358684698741 293.290873368581 287.269592285156 288.173198699951 291.411757469177 280.284285545349 258.211453755697 253.195405006409 266.629338264465 284.937918186188 289.288640022278 288.376112778982 284.589568773905 276.285549004873 269.72230275472 256.29468758901 223.026156425476
317.655205726624 321.218689282735 322.948813438416 322.915116945903 323.628385861715 324.495534102122 324.894964694977 322.676440080007 319.740235805511 316.694478193919 318.022727966309 315.649469693502 312.437971433004 311.953663825989 310.85475285848 311.380445957184 307.984471321106 312.156776587168 312.449733416239 311.357498168945 305.946151415507 302.028695742289 302.144010861715 301.809787750244 297.111988067627 302.757322788239 302.143931388855 299.048046271006 297.28486140569 294.493039449056 288.223524888357 283.163587252299 283.789098262787 280.501425266266 269.741435845693 255.114813645681 257.10529088974 273.06471268336 287.519613901774 284.183502197266 284.985105196635 276.970982551575 265.540242195129 257.554173469543 251.172701517741 235.437671343486
322.058002154032 324.316501617432 322.43150472641 323.631862799327 322.70876566569 322.32662041982 322.689374287923 322.049458821615 323.240598042806 320.04725933075 319.718519846598 318.517367045085 315.773685773214 311.812082926432 311.479091644287 313.273688157399 308.165232340495 309.578319390615 312.402208646138 308.971504370372 307.62380361557 304.706732432048 303.051670392354 302.840769290924 302.666445573171 299.712856610616 303.585648536682 301.035443941752 296.254436175029 293.175955613454 288.23576370875 283.621728420258 280.972520510356 273.525138696035 260.482649008433 247.454067071279 253.694613774618 271.684130032857 278.603653113047 270.748138427734 275.986075401306 267.736275990804 256.992677847544 258.768359820048 264.503141244253 249.894817670186
321.427722771962 322.403391202291 323.289334774017 323.650002479553 323.363105456034 323.459208011627 323.993007342021 325.104176998138 323.401828606923 322.226464748383 321.851253509521 321.567753950755 318.474392096202 316.697061061859 315.589269002279 315.889676411947 314.41068649292 307.871878147125 311.603585879008 309.998313585917 305.488308270772 306.645075480143 305.177728335063 299.866894880931 302.658240000407 297.548234462738 295.616050561269 297.658801078796 295.909206072489 293.162027994792 287.37735748291 283.554275830587 279.417037963867 270.627280076345 258.808334668477 248.935838540395 256.102760632833 269.054929415385 267.734110355377 268.704613049825 274.680038293203 263.739546140035 260.744074980418 268.295387427012 274.749596913656 261.152942975362
317.622284094493 318.573852380117 322.097182273865 322.120726108551 324.021279811859 325.208346048991 324.190517266591 323.162138462067 323.373039563497 325.442671775818 323.10555378596 321.113586425781 319.407025973002 319.693446159363 316.104511419932 314.637184143066 311.486939589183 306.28114938736 307.699938615163 306.51992559433 304.88262573878 304.212292035421 303.352514902751 296.640237172445 298.689266045888 297.982811927795 291.531244913737 293.190638224284 291.8594678243 289.044499397278 286.75635655721 285.72142124176 277.33971675237 274.389684200287 271.150549252828 260.574877262115 261.926551659902 267.059961954753 269.479334354401 277.543505032857 273.389935493469 265.557487805684 268.735031286875 270.59135834376 269.027749697367 257.903933525085
312.988559405009 314.497152964274 318.210919698079 320.283790429433 323.434034983317 325.311462084452 323.363025983175 322.475711504618 324.616173903147 326.145430405935 324.29027557373 321.258982022603 320.556163787842 319.009045759837 317.580739657084 312.045633792877 310.56934595108 303.117056687673 305.296063423157 307.721734046936 306.136667728424 302.848656972249 304.866115252177 298.683285713196 294.164339701335 296.425978342692 290.728727976481 292.2443151474 295.0466076533 296.769022941589 297.205229600271 294.604241847992 284.49551264445 285.618623097738 281.065901120504 267.317454020182 267.257213592529 272.07624912262 274.759511152903 276.457726955414 266.613682111104 262.766023476919 261.38162612915 257.150212923686 254.537026087443 253.9897163709
312.277058760325 310.681660970052 313.23778629303 318.580210208893 322.028120358785 323.026438554128 324.373523394267 325.529217720032 326.54337088267 323.97985458374 325.232625007629 323.557754357656 320.563832918803 319.175601005554 315.750916798909 313.362717628479 309.647460778554 305.432001749674 305.077830950419 306.541244188945 304.687221844991 307.055632273356 301.866471767426 298.319975535075 294.886529445648 297.434608141581 297.071834405263 297.675728797913 300.903836886088 303.869465986888 305.546482404073 303.128778934479 294.378697872162 292.551934719086 284.747441609701 272.264043490092 267.295837402344 273.268421490987 276.335080464681 265.896717707316 255.04606962204 258.063654104869 257.350424925486 251.654783884684 251.204192638397 254.711250464121
312.53045797348 314.770479996999 316.053112347921 320.498426755269 320.992946624756 320.448140303294 325.11430978775 327.368934949239 327.395439147949 325.709243615468 324.73091284434 324.828624725342 321.82514667511 316.930651664734 317.199230194092 316.782534122467 310.655434926351 307.073871294657 302.959283192952 305.230398972829 307.226022084554 304.646750291189 301.267882188161 299.27666982015 295.597036679586 297.273635864258 301.129718621572 300.888280073802 303.230663140615 306.788345177968 307.030240694682 303.513586521149 295.077800750732 291.033625602722 281.133453051249 269.59486802419 267.293194929759 272.060592969259 269.752343495687 255.308568477631 251.444796721141 262.321829795837 262.078464031219 254.139383633931 252.4174451828 248.449047406514
312.551558017731 319.571693738302 321.063001950582 321.914672851562 320.778409639994 319.679796695709 323.539217313131 325.883746147156 324.982007344564 326.782544453939 325.696686903636 323.326329390208 320.916453997294 316.804846127828 314.528743426005 316.356122493744 312.800526618958 302.202502886454 299.71049229304 302.730679512024 302.991131941477 301.056345303853 298.607031504313 295.051455497742 294.798851013184 293.103098869324 295.793493588765 295.709987481435 296.54868443807 300.131380558014 304.68362569809 303.170720736186 291.174670060476 279.319723447164 251.658618450165 240.559577941895 253.316044807434 264.138539632161 265.059391657511 264.407535394033 269.722779591878 271.084507306417 254.105031490326 247.567057609558 255.258599917094 243.318676948547
314.798951148987 313.140074412028 313.321630160014 314.928630987803 318.452258904775 320.789615313212 320.183277130127 323.054432868958 323.030114173889 323.655863602956 323.067545890808 323.092261950175 320.541799068451 317.615767319997 311.899065971375 309.371093908946 309.25722916921 302.265485127767 297.885775566101 297.806044419607 297.056138515472 297.035376230876 296.460409959157 291.429777940114 291.303058465322 288.582742214203 289.146959781647 289.263308048248 288.57284784317 289.255241552989 290.526191393534 293.973167737325 273.774186770121 247.097313404083 218.796372413635 207.032303015391 220.850944519043 247.196038564046 266.266445318858 264.952997366587 265.674451986949 258.839170138041 243.66956949234 245.332956314087 251.238743464152 228.952527046204
317.765076955159 310.29866139094 307.525436083476 310.565531253815 317.663609981537 322.094599405924 321.689347426097 319.634755452474 321.232517560323 320.105671882629 319.395919640859 319.790005683899 318.376282850901 317.248404026031 311.628719170888 309.576352437337 309.824208418528 303.770820299784 297.578612963359 300.606191158295 299.460053443909 296.340723832448 294.53299442927 290.732761224111 289.278229077657 287.582337856293 286.629716555278 286.360164483388 284.758567810059 281.336883703868 272.650877634684 267.568329970042 247.587541739146 223.052521546682 212.270696957906 204.797466595968 196.453332901001 206.298967202504 224.643448988597 246.733884016673 255.431473255157 245.329896608988 240.044156710307 241.339027881622 233.649969100952 214.584628740946
317.466139793396 312.845289707184 309.33157602946 312.320351600647 317.025939623515 320.358157157898 322.431365648905 319.535930951436 318.366944789886 317.391594250997 316.87064965566 316.643138726552 318.116148312887 317.47970978419 313.447157541911 312.168856461843 311.548868815104 304.83865737915 300.088465213776 303.272406260173 300.938347975413 299.335519472758 294.500251611074 294.872403144836 291.274964809418 290.168503920237 288.081844647725 285.644114017487 279.849410057068 275.150616963704 265.679140885671 260.085622469584 239.48856194814 227.729439735413 230.755766232808 231.54087861379 220.817685127258 209.927638371785 200.162490208944 210.084875424703 229.823589324951 224.968830744425 217.503885428111 209.413846333822 205.551286538442 204.282780488332
318.820059299469 317.724605401357 313.029170036316 306.642154852549 311.653554439545 319.13149356842 317.593634128571 315.604945023855 316.458761692047 317.629555861155 319.717506567637 319.201250871023 319.068372249603 318.057537078857 313.759446144104 312.005082766215 313.496013482412 308.785816033681 303.645491600037 301.932235558828 300.332029660543 298.191606998444 297.388394673665 297.151664892832 295.701185862223 291.141510009766 288.909375667572 280.002176761627 273.92319838206 270.116329193115 267.980535825094 265.535791714986 247.366627057393 243.102113405863 247.825423876444 254.29113705953 261.870622634888 255.283315976461 237.882912158966 207.495093345642 206.837177276611 212.625483671824 210.15590429306 205.980181694031 210.904041926066 219.613035519918
319.695035616557 318.284730116526 315.441290537516 309.299091498057 305.307447910309 311.609208583832 316.420078277588 315.620521704356 312.977850437164 315.191467603048 320.813397566477 320.466717084249 318.834940592448 318.581620852153 314.266840616862 311.407784620921 312.039176623027 307.505567868551 303.266326586405 301.929533481598 302.506705125173 300.703624884288 297.124803066254 295.483152071635 293.397704760234 290.067931016286 275.250752766927 257.776578267415 253.205796082815 256.881495316823 267.367005348206 262.482285499573 248.491287231445 243.388772010803 251.882672309875 263.519048690796 278.302629788717 285.027245680491 276.214281717936 240.29544989268 213.010470072428 218.618869781494 228.402515252431 238.07418346405 247.085591157277 252.622246742249
318.251351515452 316.762725512187 316.785057385763 309.36453739802 305.046776930491 308.056135972341 314.663529396057 314.64280684789 312.55304813385 312.593559424082 317.699154218038 320.080856482188 316.27627213796 315.545618534088 315.397143363953 308.814803759257 310.263673464457 307.159165541331 303.761223951976 303.683499495188 305.27400970459 303.805768489838 299.99182621638 294.954617818197 294.036984443665 293.225804964701 276.549915472666 257.5656970342 256.272335847219 263.689498106639 266.852855682373 261.687199274699 255.128741264343 257.191439469655 272.002915541331 275.633275508881 281.269550323486 259.974698225657 233.44620068868 226.388931274414 235.459248224894 246.784170468648 242.182632287343 233.585814634959 233.571728070577 245.489696661631
309.069693088531 311.208566029867 311.010897159576 309.414585431417 305.20353714625 302.761554718018 313.914895057678 316.302339235942 311.821679274241 308.711429437002 315.231064955393 317.572633425395 315.401295820872 311.121900876363 312.776366869609 309.404651323954 305.312832196554 306.632836659749 305.120825767517 305.41584889094 305.338700612386 302.178104718526 302.709996700287 297.823309898376 294.451653957367 297.795832157135 290.900588035583 288.630167643229 282.764116923014 279.352128505707 277.424295743306 269.573012987773 267.669459184011 267.195324103038 263.764321804047 246.32849295934 232.133030891418 193.520764509837 174.489378929138 211.103955904643 248.548964659373 253.924270470937 235.087732474009 228.078464667002 236.76727215449 249.614596366882
299.330910046895 308.037757873535 309.245268503825 307.333211104075 306.498726209005 302.343567212423 307.120064894358 313.874661922455 314.337929089864 311.103860537211 312.909960746765 315.947572390238 315.495808919271 311.890085538228 312.240183353424 310.000419616699 304.944256941477 304.32911713918 301.507532596588 299.852470556895 300.856391588847 299.616773923238 298.408389091492 296.47175470988 296.63074016571 298.793951670329 303.147673606873 307.215412457784 293.652733167013 285.808920860291 280.298391977946 266.66134595871 264.053543408712 248.089551925659 218.234956264496 191.39685233434 179.70335483551 169.142484664917 161.835511525472 183.574199676514 210.232814153035 232.856472333272 236.329078674316 250.401457150777 279.851714769999 287.61621316274
