input/barkrak2/radiation/dir28224.grid
NCOLS 85 
NROWS 70 
XLLCORNER 665100 
YLLCORNER 4664600 
CELLSIZE 20 
NODATA_value -9999 
[rows 42 to 62 of 70, columns 0 to 46 of 85]
151.82226896286 148.179024457932 150.978267192841 149.606178204219 142.050007979075 138.583123683929 134.610444307327 130.978614091873 129.9955646197 127.484699090322 124.514232079188 123.727103074392 126.939922571182 131.471008062363 129.961272080739 125.806719064713 123.163928588231 128.223448991776 129.854679107666 123.498578866323 122.115174929301 120.210448900859 116.383790969849 117.85630385081 123.914202054342 120.062410831451 118.142704168955 124.5476603508 129.844089349111 134.331256151199 135.509699583054 135.538309812546 146.251708269119 168.880482514699 173.406481742859 154.365668694178 139.467298984528 136.964499950409 139.912664890289 150.930354992549 159.019450346629 160.648246606191 146.105736494064 110.705216725667 48.1014102697372 6.92205751935641 0
135.439256827037 138.203809658686 146.282881498337 143.9581712087 146.017014980316 148.449003696442 147.205909093221 141.214658816655 130.233784516652 128.016243378321 130.32611211141 126.07071797053 125.51149725914 130.390137434006 130.232771237691 126.41962369283 128.287037213643 129.862864812215 129.680653413137 123.230755329132 118.704527616501 116.037547588348 114.656349023183 113.454480965932 116.15930000941 121.571362018585 115.985741217931 120.150158802668 125.653614600499 127.864142258962 128.056704998016 125.438620646795 137.04710205396 154.508719841639 158.131490151087 142.287651697795 136.946856975555 143.414050340652 150.361647208532 150.9889960289 145.700087149938 142.882535854975 135.98953684171 108.285884062449 59.6592426300049 8.43102050324281 0
134.015748898188 138.9313240846 142.468879620234 142.949978510539 144.88207300504 146.716862916946 147.089024384816 142.303129037221 137.249181667964 131.295571724574 133.329937855403 129.361490408579 126.013656457265 123.93789490064 122.991691033045 123.688161373138 118.976235389709 125.705281893412 126.929740111033 123.555948336919 120.241065820058 118.192801872889 116.832862297694 118.216395378113 115.089972813924 124.090731143951 128.726303577423 125.726540883382 126.966675122579 125.722000996272 121.011128028234 119.342813889186 125.974764426549 130.223910013835 135.476013024648 135.334998369217 140.323261419932 151.011447111766 157.661467790604 146.797209978104 144.975076119105 138.01513115565 132.337560256322 111.647019783656 75.6769677003225 31.1159665385882 0
140.017648537954 145.139137903849 141.690115133921 145.699501037598 143.472383419673 143.63569021225 144.512037436167 143.138309319814 143.21165283521 138.272901376088 136.05405886968 135.369122028351 129.441320896149 123.903135458628 123.399684826533 126.533170541128 119.159609079361 121.888836224874 126.773744821548 124.542931715647 122.778544823329 121.924132108688 120.044817527135 120.390921831131 120.913883050283 120.347321033478 129.057387510935 127.44923432668 125.406056642532 125.801573197047 122.584313154221 119.756698608398 122.949411471685 120.344340801239 118.834942579269 119.568765163422 128.690103689829 143.748203913371 145.212809244792 130.945980548859 134.458909432093 127.941896518071 125.200321276983 122.46310710907 104.163000981013 64.4797384738922 22.5114350517591
140.272746483485 141.480624675751 144.802570343018 146.511683861415 146.560351053874 146.250089009603 147.449970245361 148.531516393026 144.910842180252 142.064968744914 139.552672704061 138.847380876541 133.944322665532 131.0695707798 129.425456126531 132.468531529109 130.135357379913 123.361388842265 129.38259045283 127.75398294131 124.280333518982 124.644120534261 122.974067926407 118.894795576731 126.665522654851 120.062629381816 122.999161481857 125.339100758235 125.268210967382 125.116089979808 124.971310297648 122.487485408783 121.290991703669 120.56639790535 120.712339878082 119.811058044434 123.348772525787 132.646193106969 134.597510099411 131.295323371887 131.61696990331 124.15079275767 128.962099552155 136.82347536087 128.60236565272 94.2867000897725 50.1808375120163
134.643375873566 136.563589175542 142.972151438395 144.482403993607 148.546665906906 149.158030748367 146.011491616567 146.279841661453 146.349857250849 147.401094436646 143.02471280098 139.53177134196 136.980007092158 135.879417260488 132.16644525528 131.963789463043 130.059232314428 120.877941449483 125.853319962819 127.346783876419 123.410721619924 124.898840983709 127.178062995275 119.159728288651 122.673749923706 122.432013352712 117.372343937556 121.498147646586 124.460160732269 124.053120613098 125.23611386617 125.393172105153 120.912144581477 124.741186698278 135.986198981603 138.286809126536 133.592814207077 128.946801026662 132.8371266524 144.09284790357 135.921349128087 126.385470231374 134.096364180247 140.274385611216 133.631736040115 112.558702627818 71.4254279931386
127.428064743678 130.269477764765 136.697232723236 140.215933322906 146.376033624013 150.456845760345 146.572093168894 144.619703292847 147.399455308914 148.524145285288 146.933158238729 141.630570093791 139.989137649536 139.844199021657 136.021157105764 130.03080089887 129.986961682638 122.660944859187 126.524855693181 130.680739879608 129.242936770121 128.14333041509 129.471937815348 124.90901350975 122.281889120738 125.81933538119 121.752192576726 125.204185644786 131.48973385493 135.095725456874 140.010327100754 141.649484634399 131.823827823003 135.212004184723 145.484924316406 151.282042264938 149.518668651581 139.317095279694 136.687775452932 143.205751975377 133.048435052236 124.693810939789 122.086425622304 121.228675047557 119.197070598602 118.147740761439 107.474664847056
126.168837149938 123.610456784566 128.220677375793 137.346138556798 142.798950274785 146.788309017817 149.194131294886 151.757001876831 151.737709840139 147.232800722122 149.764984846115 148.710856835047 143.851101398468 140.113015969594 138.710002104441 133.457024892171 130.860428015391 126.287231842677 129.42510843277 134.432733058929 137.236138184865 136.393974224726 132.756521304448 132.990707953771 128.173222144445 132.1193476518 131.056904792786 133.290002743403 140.03998041153 147.939463456472 156.279116868973 158.477038145065 149.893224239349 145.115594069163 144.533097743988 153.67446343104 156.794488430023 152.344465255737 143.186489741007 130.988985300064 121.746649344762 122.775574525197 121.927092472712 116.207619508107 112.19788591067 116.96062485377 111.493448416392
127.534170945485 130.756388107936 133.416126171748 140.03391067187 141.310791174571 141.534825166066 150.195648272832 154.748092095057 154.741366704305 153.195192416509 153.088668982188 152.221868435542 147.378027439117 141.907354195913 142.377028862635 145.179957151413 136.384139458338 133.836666742961 134.981950124105 140.821983416875 141.668657461802 138.794799645742 135.241607824961 134.300023317337 129.078457752864 135.676284631093 139.692942301432 140.827814737956 144.00460322698 150.463233391444 161.945025126139 169.78245973587 160.110016663869 148.887981971105 137.164851029714 138.839930295944 151.486108700434 158.909459908803 145.644217729568 124.414732058843 116.189390420914 125.948051611582 127.783119678497 124.185214440028 118.154913187027 114.605526129405 97.2662170728048
127.892702817917 139.697770277659 141.43493771553 144.151151180267 141.982138156891 140.487054983775 148.574193318685 153.942873080572 152.919183174769 158.104240894318 155.036191145579 153.517504533132 151.205360889435 145.218878984451 143.43590537707 151.378184556961 143.671383460363 138.314147790273 135.719110568364 138.715296983719 139.229297637939 137.55809267362 136.165201663971 132.307857275009 129.862695932388 130.356808503469 135.276953379313 136.449972788493 136.999766031901 144.445955753326 155.291130145391 168.32967599233 162.279228369395 139.178643623988 105.462918678919 97.1060196558634 117.723683516184 141.20144645373 153.15521756808 150.317172209422 145.01033226649 134.172866741816 118.41626962026 115.852057933807 125.184287627538 116.035223007202 92.7601854006449
131.578872601191 129.319806893667 129.211852947871 132.237513860067 139.783958594004 144.34469739596 144.907216231028 151.004254817963 150.933216015498 155.110915501912 155.096590518951 156.343807776769 156.339625517527 150.202880303065 146.338810523351 145.105650027593 146.445433298747 137.39679257075 131.65162007014 130.323549111684 131.238748629888 133.037527402242 134.064098199209 128.067622582118 128.106147050858 125.206579764684 126.961578925451 126.484215259552 124.849130709966 127.131044864655 133.412063121796 145.929306745529 144.989252090454 117.352684338888 81.4281304677327 62.1323585510254 69.0209716558456 98.5626777013143 130.74654340744 150.955935319265 154.376318057378 136.626720428467 112.102051575979 108.162105083466 119.00395154953 106.275737285614 88.4852310021718
136.282503604889 124.86340602239 122.151265541712 127.561787764231 140.457153320312 149.062395095825 147.592385609945 149.462759494781 151.501834392548 151.837845643361 153.948048750559 157.107452551524 158.499052127202 155.894249677658 149.635712305705 146.77228530248 148.868530988693 139.903684457143 134.846478700638 135.800937811534 135.343472162882 132.536858320236 130.768269300461 126.894096533457 125.090301036835 123.563349246979 123.405635356903 124.043762683868 121.131241321564 115.647425254186 108.245631059011 115.830679734548 116.704255342484 97.8428423404694 82.0064047972361 63.3122225602468 37.8361468513807 50.5394438902537 73.0966826279958 110.334197680155 134.826441605886 124.509284893672 111.930867036184 106.150676806768 99.5760361353556 92.859278122584 85.9310527642568
137.334873278936 130.583554506302 127.4234354496 132.133464018504 142.916838328044 151.068876187007 154.449383417765 150.055299202601 154.212107261022 152.57316827774 155.934234460195 157.234330972036 158.306121826172 160.21982828776 153.510431448619 153.936405976613 153.959512710571 147.069195906321 142.265051603317 143.694291512171 143.642455339432 137.720455725988 135.14444231987 134.957075119019 131.498515605927 129.19224301974 127.294331789017 122.842679421107 116.985460122426 113.004833459854 100.648095210393 105.60205578804 108.816931645075 108.097722133001 106.835802396139 94.996045033137 66.8020397424698 49.9926507472992 44.7603464126587 47.0628539721171 94.9313938617706 100.383778413137 89.2220834891001 62.1725767850876 61.5690350532532 82.1825116872787 90.5908942222595
141.242325305939 139.041403929392 134.158472220103 131.185869375865 137.676427761714 150.564461946487 152.358184258143 150.628755489985 151.834666728973 157.235364119212 163.197010755539 163.455804189046 162.182629108429 162.189116080602 158.331205447515 157.315870126088 157.475868860881 153.464585542679 147.7097372214 144.533604383469 142.196893692017 140.864670276642 142.335335413615 144.627670447032 139.967521031698 135.961612065633 129.400869210561 118.659476439158 111.284196376801 106.701165437698 103.786925474803 111.204077800115 114.768246809642 126.30162636439 133.226921161016 131.517122189204 119.58325902621 100.808292627335 85.1923028628031 55.1341076691945 65.1550789674123 85.5864783128103 85.5423410733541 73.0317930380503 73.7949758768082 92.1706358591716 119.825661182404
144.091496864955 142.877101898193 140.991270542145 135.897606611252 136.609017848969 146.893958250682 151.35258436203 151.204297939936 150.06818373998 159.367640813192 167.610168457031 166.523486375809 161.369462807973 164.095878601074 164.19514020284 157.345672448476 160.550693670909 156.751811504364 150.687694549561 148.386875788371 147.061963876088 147.534628709157 144.757211208344 141.628583272298 139.042586088181 134.027779102325 112.453867991765 88.4130994478862 84.5069587230682 91.6205147902171 103.181501229604 107.748299837112 113.40410510699 119.845310846965 134.217212597529 149.247914552689 142.644117275874 137.876699368159 138.462016979853 98.5112984975179 70.0158675511678 88.1686508655548 105.676154295603 107.903182506561 109.164794286092 124.606072902679 152.400334676107
142.912626266479 140.626241763433 144.045293331146 143.478661775589 138.95312945048 143.455823262533 150.727192560832 152.05329656601 150.584111611048 156.980911890666 165.811697642008 164.816031853358 160.153408845266 163.477152585983 166.301995515823 155.931363503138 157.220602035522 154.990017414093 152.464499076207 153.263429800669 154.304027557373 154.42434946696 149.395406246185 142.655005057653 140.452494223913 137.624631325404 115.007390578588 91.8122828006744 90.3224845727285 99.9214351177216 112.024426460266 113.637725512187 124.987532695134 134.915937980016 153.042256832123 151.495665311813 147.543241580327 97.9618032773336 79.4216295083364 102.04338033994 99.4634727636973 114.968289931615 119.360069433848 102.016101280848 90.1986459891001 104.25215959549 130.524575710297
130.968511104584 139.239341020584 142.23708709081 144.09065246582 142.493774493535 139.612058798472 151.236156622569 155.248741308848 154.634237289429 157.702545324961 161.626716454824 162.18505303065 161.351601282756 158.165504535039 159.293095270793 155.884216229121 151.75606807073 154.425829648972 156.886001427968 158.702830473582 160.388767719269 156.437158584595 153.189996878306 146.753708521525 145.854870478312 146.079381306966 139.200369517008 131.191670894623 131.859391927719 136.480311552684 131.343613068263 123.356034358342 139.107247193654 152.837018171946 140.845616658529 133.863846460978 98.1242458025614 56.5760234991709 41.5262108047803 63.7090702851613 102.93373465538 126.558880011241 121.518512566884 106.091966231664 94.6163932482402 99.4269152482351 115.969300270081
120.289236307144 136.475930611293 140.38955171903 142.326484123866 144.691576560338 140.520950158437 146.009256442388 155.158817768097 165.141214927038 164.621939261754 161.434431870778 160.626808802287 161.836594343185 159.707725048065 159.165243307749 156.268914540609 151.272157828013 152.265042066574 150.351971387863 147.880633672078 149.861653645833 147.888372341792 147.160669167837 146.127621332804 149.363726377487 154.57954009374 164.39421971639 169.602155685425 155.604024728139 151.586135228475 138.32817475001 123.468597730001 133.753538131714 124.538491169612 93.2298401991526 60.2573851744334 57.7673812707265 47.4396745363871 32.4064021309217 30.3251395622889 33.1966703136762 88.6102120081584 119.065145651499 140.189011891683 154.330472151438 149.627864360809 143.193751573563
122.192521890004 133.429338534673 140.879501899083 143.100519975026 144.258707761765 144.425263007482 139.022350311279 149.683902661006 170.435070991516 169.029315312703 162.359078725179 158.566474914551 160.344183444977 162.776211897532 161.40079498291 157.581756512324 155.020793279012 151.407897472382 142.934590578079 135.293593009313 135.250836610794 137.807339429855 138.633698225021 140.707989533742 142.470836639404 149.385829766591 168.198267618815 184.919933478038 166.778981685638 154.437879721324 128.951927026113 113.863637049993 113.745143016179 105.023960272471 79.9289445082347 52.0545542240143 57.3044319947561 69.333682457606 62.3203615347544 45.3214744726817 32.6286554336548 52.55359907945 97.2265899181366 130.433658758799 145.447383324305 140.681236982346 133.359690507253
134.905119736989 138.282159964244 140.860656897227 137.11075981458 130.211740732193 127.153108517329 135.826170444489 140.64234495163 151.237140099208 150.141656398773 148.154546817144 153.233895699183 159.9327425162 160.879850387573 156.467735767365 157.369802395503 156.376361846924 149.257133404414 140.613536039988 133.08717807134 131.779124339422 131.805181503296 135.428925355275 137.75634765625 136.194169521332 139.400164286296 154.452403386434 163.711686929067 153.433531522751 138.68177930514 124.905000130335 106.167376041412 97.3013639450073 108.556360006332 100.103348493576 75.2698282400767 79.9306233723958 117.058654626211 124.355475107829 102.169315020243 64.8801227410634 52.0948469638824 72.3389933506648 91.6040639082591 90.3053085009257 97.6773997147878 102.657298247019
148.568838834763 144.627014795939 140.84396759669 132.793108622233 121.123810609182 112.171957890193 125.430921713511 124.885668357213 111.750255028407 113.283157348633 130.03612558047 142.289499441783 147.0581193765 151.288131872813 154.29292122523 164.793968200684 166.892290115356 157.129873832067 147.398253281911 141.924440860748 137.010196844737 135.141551494598 135.819852352142 133.473177750905 131.985267003377 137.888689835866 142.146398623784 142.967909574509 138.944725195567 120.220224062602 122.232347726822 113.573620716731 104.456255833308 119.762122631073 121.663818756739 108.692387739817 102.119465668996 105.152785778046 111.016859610875 106.851756572723 92.4379428227742 73.377584417661 72.2302893797557 68.9080854256948 47.692080338796 66.6024784247081 81.030751268069
