input/barkrak2/radiation/dir23624.grid
NCOLS 85 
NROWS 70 
XLLCORNER 665100 
YLLCORNER 4664600 
CELLSIZE 20 
NODATA_value -9999 
[rows 40 to 59 of 70, columns 0 to 45 of 85]
259.539047876994 261.224786440531 261.118868986766 263.356347878774 270.423452059428 275.69568157196 279.331564903259 284.168759981791 284.012734889984 270.47199010849 257.423917452494 252.758165200551 250.780880451202 248.391588528951 244.702239831289 245.414356390635 242.43555466334 242.573300997416 237.003087997437 235.446294148763 239.289661248525 244.059840838114 244.797865549723 239.861687024434 235.884646574656 233.500242233276 242.240826288859 245.785892009735 246.161023775736 245.775143305461 246.371726195017 247.75751431783 235.744178295135 237.871050834656 265.38344224294 264.687120914459 252.589424451192 246.907969315847 249.255140622457 250.984410444895 263.362487157186 288.676679134369 274.354716142019 208.047111829122 145.573278268178 109.104106823603
267.268280188243 264.457027117411 264.685809612274 264.838973681132 261.166095733643 259.405891100566 258.541822433472 259.275396664937 263.082981109619 255.997697512309 249.038676420848 248.705446720123 251.02174282074 251.518448193868 247.744520505269 246.182640393575 239.164789517721 248.228510220846 244.807302951813 240.53148428599 242.023011048635 240.583856900533 238.898317019145 241.93674325943 242.301205794017 234.905024369558 239.451944828033 244.048992792765 246.467789014181 245.745937029521 246.37512365977 245.853543281555 238.915920257568 249.511122703552 262.309332688649 252.483725547791 234.972933928172 229.357858498891 232.502222061157 242.416361967723 270.409524440765 284.427007039388 278.424859046936 244.307816028595 184.203704198202 136.847158273061
270.078539848328 267.134726047516 269.746979077657 268.698950608571 262.640953063965 259.356578191121 257.776876290639 254.65585788091 254.01097536087 251.324613889058 248.830358187358 246.081789334615 251.443564891815 252.626498540243 252.654353777568 247.257808844248 244.900325934092 247.46052424113 250.375986099243 240.859031677246 237.692276636759 235.934098561605 233.841101328532 230.978051821391 236.541906992594 232.560157775879 228.925168514252 234.126845995585 238.024592399597 241.829911867777 242.108722527822 239.296634991964 241.739888985952 255.809386571248 260.220487912496 237.861673037211 221.05618317922 223.113457361857 233.006020387014 246.754129727681 257.317503293355 258.030474185944 246.772329012553 229.863882064819 190.355738004049 131.330172220866
255.992770195007 258.535265922546 266.161521275838 263.878226280212 265.308817227681 267.575780550639 266.455034414927 260.969440142314 252.88192431132 250.813722610474 251.646002133687 248.181263605754 247.530996799469 250.251968701681 249.829053878784 246.188422044118 244.229733943939 247.092962265015 244.68990166982 240.386446317037 234.399080276489 231.723805268606 228.6270459493 226.86763604482 230.923473834991 233.987053235372 228.351235389709 230.257670084635 234.539310137431 235.802849133809 235.314249992371 230.829854806264 237.973093986511 249.473432699839 245.164295037587 223.021725813548 217.437366644541 229.120413462321 244.086702664693 247.273027896881 244.11952495575 239.87474044164 231.221814950307 213.601450125376 182.941873868306 137.612322966258
254.041989644368 259.224037329356 261.950214703878 262.577414512634 262.645661830902 263.968586921692 264.368295669556 261.246502399445 256.369014581044 250.112692515055 251.86828772227 249.639868736267 243.516425291697 241.350650787354 240.186810493469 239.017764727275 234.038809935252 241.512258847555 242.341001828512 238.829016685486 233.975807825724 233.729004859924 232.021510601044 233.226974805196 227.864483992259 237.767338752747 239.932954311371 236.737032731374 235.732833544413 233.718057473501 228.057245413462 225.337048371633 229.185223579407 231.024980545044 227.326035499573 217.795332272848 221.499423185984 236.88938220342 248.677392800649 242.377380530039 241.546809673309 233.212828636169 222.333451112111 207.931379477183 186.325351397196 155.978788932165
258.568445841471 262.709895769755 259.539087613424 262.591600418091 259.557048479716 259.725650151571 261.22260093689 259.090940157572 257.70777463913 253.631949424744 251.295526822408 250.628173351288 244.995713233948 239.759345849355 239.320158958435 241.552730401357 234.014133612315 237.79817422231 242.190440495809 239.778319994609 238.305032253265 237.143715222677 234.953761100769 234.73459482193 234.677950541178 235.936681429545 239.720225334167 237.740794817607 236.910621325175 234.67097679774 228.98922363917 224.434554576874 226.610978444417 221.104025840759 211.66455745697 205.578446388245 213.856856028239 231.876889864604 236.316402753194 225.131074587504 230.539043744405 221.713145573934 214.045941829681 214.033345381419 209.052522977193 180.339694023132
258.155445257823 257.763306299845 259.334921836853 260.278383890788 259.154399236043 260.078887144725 260.644773642222 261.098106702169 258.196870485942 255.357921123505 254.226287206014 251.986126104991 248.976051807404 244.835555553436 244.414687156677 246.567606925964 244.252701600393 235.480825106303 242.998699347178 241.254587968191 237.758298714956 239.606360594432 237.600922584534 233.146607875824 239.808658758799 233.595887819926 234.304467837016 235.788444677989 236.654241879781 235.062539577484 231.822331746419 227.769454320272 224.266489346822 219.596664110819 213.234345118205 206.717550754547 212.768197059631 224.692583084106 225.023825963338 223.347008228302 226.440489292145 217.445413271586 218.360662460327 226.993242899577 227.236072222392 199.798226356506
249.60188070933 251.851658026377 255.948384602865 257.961551348368 260.075529416402 261.249343554179 259.515384833018 258.488933245341 258.554756641388 258.727093537648 256.050209204356 251.590609550476 248.845378557841 248.92520904541 244.768977165222 242.865522702535 242.487629254659 233.454386393229 237.868825594584 239.034692446391 237.03529437383 236.501793066661 237.749556700389 231.626570224762 234.594921271006 234.246432781219 229.165474573771 232.297937075297 234.093387921651 233.85347922643 233.004113038381 232.400079568227 224.579175313314 224.286119143168 227.595329284668 222.583015759786 221.023440361023 221.841295560201 224.745174249013 234.658817450205 228.3829053243 219.273547331492 224.409639835358 229.108373324076 225.543936093648 207.795004049937
242.776612440745 244.465708732605 250.070869922638 252.59534517924 258.285959561666 260.342955589294 258.002877235413 256.430725256602 257.927060127258 258.058190345764 256.903747717539 251.823921998342 250.129242738088 249.216099580129 247.012694676717 241.446495056152 239.46213722229 233.756840229034 236.840446790059 240.59917529424 238.860189914703 239.147921403249 239.688356717428 234.648684660594 231.995284557343 237.36035823822 233.202040195465 235.789100329081 240.511417388916 243.981917699178 246.676802635193 245.207051436106 235.487600167592 236.659268538157 237.999816735586 232.921004295349 231.946468353271 229.561924934387 229.267716407776 233.53503147761 223.038176695506 216.1785364151 214.197278022766 210.938374201457 208.587070306142 208.279589811961
241.63826306661 238.029440244039 242.788016796112 249.368170897166 253.244936466217 256.776650746663 259.429017702738 260.017434755961 260.464151700338 256.140410900116 258.283694585164 256.623168786367 253.353198369344 249.542653560638 246.492962042491 243.360042572021 240.285873413086 236.732184886932 238.950451215108 243.610739707947 244.130671024323 244.722028573354 240.939239660899 240.011294682821 237.973193327586 241.399725278219 241.539835929871 243.021428585052 248.251676559448 253.922243913015 259.074171384176 259.494125843048 250.453948974609 247.248987356822 241.389791170756 236.532688140869 235.551635424296 237.426082293193 233.715216318766 221.473316351573 210.895995299021 213.493247826894 212.487320105235 205.699563026428 203.127264976501 203.601956367493
241.396526495616 243.473052978516 244.318942228953 250.934263070424 251.12114350001 252.39634513855 258.019944032033 262.19630241394 260.709265867869 260.025064150492 259.830753008525 258.51172208786 255.432148774465 250.132024288177 248.590588569641 251.980026563009 243.719577789307 241.398453712463 241.704046726227 247.268478075663 247.626662254333 246.790210405986 242.986440658569 241.215527057648 236.600279808044 244.324862957001 244.983474413554 247.670531272888 251.635948816935 258.056839307149 263.974825541178 264.512340227763 255.533754825592 247.524340947469 235.10746161143 229.732592900594 232.264320055644 239.167511463165 232.159713904063 212.362011273702 206.13686243693 217.299580574036 217.950065930684 211.336215337118 206.97416861852 200.726767381032
239.871342976888 247.568488121033 249.706367651621 251.515328884125 251.358350118001 250.685056050618 255.488952000936 260.706663131714 259.108940760295 262.881497542063 259.934604167938 259.709537029266 256.112635135651 251.872181892395 248.671730359395 255.80096244812 248.905142148336 241.060614585876 238.217731316884 244.000852108002 244.513789812724 242.490430672963 242.331027984619 238.343795140584 235.627512137095 237.042148907979 241.006890932719 241.522789001465 245.647092660268 249.09504254659 257.189035415649 261.88717285792 250.714421272278 232.278148333232 201.046307881673 191.064159075419 208.610733350118 226.960678895315 232.26805528005 230.561216672262 230.806072552999 226.688365141551 208.437999089559 201.269408067067 208.920657634735 196.446617444356
240.989526112874 238.467633724213 239.144285519918 241.990625858307 249.060034751892 252.871533234914 251.388231913249 257.574121157328 255.984008312225 259.681681791941 259.227255980174 261.059621969859 259.451746940613 255.048791567485 249.743501345317 248.965084552765 251.271684964498 240.834772586823 237.719972928365 235.212127367655 236.669818560282 237.257421016693 237.164437770844 231.265028317769 234.088619550069 231.083651383718 232.241829236348 232.924163341522 232.632080713908 234.167238076528 239.413758118947 246.420979499817 229.451139767965 197.213292121887 167.194167772929 152.914583683014 165.019373099009 194.784144560496 223.287542661031 230.116009712219 231.386701265971 219.924171765645 200.583199659983 197.525322437286 204.497238000234 186.519066492716
246.070285638173 235.423684120178 232.707003752391 236.525555451711 247.796515623728 255.646169185638 253.332753976186 255.468904972076 256.144404411316 256.105422973633 257.365743319194 259.943465391795 260.50466299057 258.842587471008 251.734137535095 249.242107073466 252.07249323527 242.432415485382 237.55802710851 240.876813729604 239.8761510849 236.490329106649 234.575231870015 232.543130715688 229.169726371765 227.436701456706 226.73499584198 226.861357688904 225.347220897675 221.571425596873 212.226887543996 215.161363283793 197.1701780955 178.769787152608 165.101945400238 152.582406997681 137.360274791718 147.089829047521 169.295926888784 198.048313458761 214.28112188975 204.745332400004 196.431338787079 194.204310576121 183.661421140035 172.859708468119
247.452835241954 241.719861825307 236.121733983358 239.870270093282 247.795104980469 255.97083568573 257.437586784363 255.262593428294 257.469336191813 256.080090999603 257.856070995331 259.749054908752 260.093728701274 261.462251345317 254.153589407603 252.843658129374 254.370073477427 246.420959631602 240.986386934916 242.432455221812 244.532863299052 240.167498588562 237.252533435822 235.704521338145 231.744547684987 230.758567651113 228.586852550507 225.911597410838 219.727396965027 214.783370494843 203.113913536072 204.095383485158 195.646862188975 188.496629397074 189.662098884583 184.295694033305 163.621683915456 149.101287126541 140.953063964844 153.038630882899 179.617881774902 181.34206533432 171.97056611379 159.925361474355 157.198051611582 161.727060874303
250.692168871562 248.485604921977 240.888814131419 237.301150957743 242.154061794281 254.117767016093 256.010393301646 255.194167296092 254.758675893148 256.78296883901 262.048165003459 261.731823285421 261.465271313985 260.517179965973 257.108012835185 255.29271364212 257.105926672618 251.709818840027 245.614171028137 243.36318174998 243.599792321523 239.326576391856 241.362194220225 241.978128751119 237.482130527496 235.094606876373 229.474822680155 221.537013848623 212.694505850474 209.25897359848 206.091463565826 207.947591940562 201.188504695892 206.052462259928 212.82434463501 216.825902462006 215.868850549062 202.316919962565 183.127780755361 149.639030297597 152.243534723918 167.549649874369 166.366149981817 158.110489447912 161.355117956797 175.87931950887
252.814332644145 251.752515633901 247.27737903595 240.741391976674 238.060712814331 248.207648595174 254.355013370514 255.200227101644 252.097447713216 256.051123142242 263.878385225932 263.563315073649 261.121074358622 261.274596055349 260.596752166748 254.442830880483 255.7346423467 250.486354033152 247.651020685832 245.973030726115 244.386414686839 242.893993854523 239.028334617615 239.668250083923 234.923621018728 230.92653354009 213.219980398814 193.4787829717 187.358697255452 194.185654322306 203.518629074097 203.378657499949 200.468997160594 202.399214108785 213.893453280131 229.49081659317 242.851197719574 245.238025983175 237.731575965881 191.498498121897 160.82630554835 171.445945898692 187.694112459819 194.483041763306 200.416445732117 211.169163386027
252.168158690135 249.647120634715 249.048670132955 246.889412403107 240.06187915802 245.737254619598 253.92492612203 255.850970745087 251.686453819275 255.16265630722 262.036919593811 262.946764628092 259.675542513529 259.438951810201 260.011474291484 253.251492977142 253.221154212952 251.851816972097 248.220801353455 248.497843742371 248.368521531423 249.416450659434 242.417474587758 236.28306388855 235.402802626292 233.182946840922 215.596159299215 194.681406021118 192.408561706543 196.876168251038 209.403872489929 208.670735359192 210.481286048889 216.297924518585 229.672392209371 235.945999622345 235.342442989349 200.894971688588 187.69637743632 184.798280398051 188.913027445475 203.154345353444 197.810928026835 185.085475444794 182.78698126475 196.676214536031
242.572128772736 248.060862223307 246.543685595194 246.914446353912 242.509484291077 239.449918270111 252.980450789134 256.562113761902 253.358026345571 251.328488190969 258.586287498474 261.536280314128 260.745326677958 255.847334861755 257.95716047287 253.832678000132 249.07910823822 249.109327793121 248.045980930328 248.896698156993 249.367992083232 245.562354723612 243.664940198263 237.65774567922 234.284698963165 237.828493118286 233.145435651143 227.092564105988 221.443136533101 224.330961704254 222.857634226481 214.162548383077 222.772240638733 229.057828585307 221.938669681549 211.460371812185 192.44909286499 146.112501621246 124.05996521314 159.172713756561 199.468036492666 212.942441304525 196.323831876119 187.699695428212 187.138557434082 197.332739830017
231.032530466715 244.013587633769 245.899975299835 244.374374548594 244.06369527181 240.926067034403 246.654868125916 257.128198941549 261.848549048106 257.283985614777 257.867793242137 259.193301200867 260.822494824727 256.759842236837 255.297462145487 252.643863360087 248.606324195862 244.111080964406 241.025726000468 241.371512413025 242.964824040731 241.812527179718 240.703145662944 238.796869913737 237.156788508097 244.252026081085 251.493811607361 251.772741476695 236.436009407043 236.518541971842 227.233787377675 214.29830789566 218.048612276713 203.057706356049 176.69266462326 149.903327226639 138.307938973109 124.340355396271 110.101530949275 123.725553353628 149.254113435745 181.393186251322 198.811252911886 217.087308565776 242.778182029724 245.591402053833
