input/barkrak2/radiation/dir28824.grid
NCOLS 85 
NROWS 70 
XLLCORNER 665100 
YLLCORNER 4664600 
CELLSIZE 20 
NODATA_value -9999 
[rows 42 to 62 of 70, columns 0 to 47 of 85]
138.513465722402 135.725160439809 137.804488341014 136.426448822021 128.877391417821 125.415802001953 121.674557526906 118.193686008453 117.401053508123 114.758004744848 111.951142549515 110.122422377268 114.672124385834 117.854009071986 116.443186998367 113.804548978806 109.777549902598 114.854832490285 116.545657316844 110.327978928884 107.312391201655 105.531732241313 101.872980594635 103.303571542104 109.217315912247 105.484187602997 102.198888858159 110.06568868955 115.327884753545 119.73050236702 120.927274227142 122.616271177928 133.730302254359 156.537453333537 163.917889197667 144.178499778112 128.953923781713 126.263280709585 127.811213334401 138.458361228307 147.546529769897 150.543848673503 135.547379652659 99.1467833518982 36.7542753616969 2.10553531845411 0 0
122.636725505193 124.824434518814 133.921990791957 130.712022384008 133.672734101613 136.199871699015 134.177625179291 128.378242254257 117.408027251561 115.300635496775 117.787738641103 113.679667313894 113.334586222967 116.806755463282 118.09965968132 114.427318175634 116.360505421956 118.037313222885 117.928693691889 111.701786518097 105.59344291687 102.95503338178 100.209047396978 99.0104377269745 103.199362754822 106.994330883026 101.607998212179 104.265610376994 111.171940962474 113.386293252309 113.760312398275 112.635632356008 125.363131364187 141.827682654063 147.05636103948 131.875683863958 126.424650351206 132.872720559438 138.030548890432 139.47186867396 134.099274873734 132.222672303518 125.138660271962 97.1460044384003 48.6389150222143 2.57480889558792 0 0
121.163129806519 126.4708340168 129.973779122035 130.490750074387 131.671518087387 134.501238663991 134.020467599233 130.233883857727 124.32724237442 119.68602736791 120.679984490077 116.95193250974 113.728284835815 111.724476019541 110.816866159439 110.219756762187 107.082972923915 113.911002874374 115.114192167918 111.927231152852 108.54826370875 106.447378794352 105.223923921585 105.19348581632 102.167129516602 111.049195130666 113.946845134099 111.096908648809 110.9472711881 111.367324988047 108.19806655248 106.64290189743 114.274322986603 119.473477204641 124.145964781443 124.483187993368 129.846632480621 140.670488278071 145.328362782796 136.246174573898 134.374797344208 127.220114072164 121.423304080963 100.372036298116 64.2464160919189 21.400215725104 0 0
127.419322729111 132.576604684194 129.161338011424 133.110135793686 131.011048952738 131.190756956736 132.265488306681 130.042453606923 131.300667921702 125.437865654627 123.411734898885 122.799098491669 117.054998874664 112.796703974406 111.098637183507 114.37048514684 107.343981663386 110.249032576879 116.469353437424 114.374508460363 111.021250486374 110.169937213262 108.496447404226 109.037707249324 109.728733698527 109.2422803243 115.983148415883 114.415864149729 112.453083197276 112.86731561025 108.644356330236 106.033742427826 110.279142856598 109.431048234304 107.456594705582 108.578612407049 117.856442928314 133.16085934639 134.623318910599 120.009432236354 123.59482049942 116.93000793457 114.172567923864 111.346920331319 92.9372310638428 53.4590135018031 13.1136067211628 0
127.57670879364 128.908812999725 132.154057423274 133.960674206416 133.937180042267 132.928818464279 135.086506605148 136.372903982798 132.766117652257 130.264023939768 128.078788518906 126.259644826253 122.708330551783 118.620256582896 117.213835318883 120.375901460648 116.668224334717 111.602962017059 117.49592423439 115.898867448171 112.500508626302 112.896134455999 111.449698607127 109.350681304932 117.293000221252 108.870247999827 111.602991819382 112.334618965785 112.318376700083 112.250496943792 112.189908822378 108.66113503774 107.81055688858 109.027246634165 109.643081823985 108.77392689387 112.15803027153 121.76368633906 123.759150505066 120.364169279734 120.693524678548 113.068799177806 117.993295192719 125.99645058314 117.590039968491 82.4510157108307 39.6728962659836 5.23673680921396
121.683786312739 123.812596003215 130.201091368993 131.725033124288 135.091116031011 136.653562386831 133.701195319494 133.84884595871 133.142054080963 135.477622350057 131.369024515152 126.768161853154 125.487228234609 124.671270449956 121.381024519602 119.751910368601 118.004937966665 109.082241853078 113.989810148875 115.446656942368 111.602465311686 111.611584822337 115.529010693232 107.86450902621 111.359725395838 111.003488302231 105.948507785797 109.992792208989 112.927873929342 112.49906818072 113.704681396484 111.485699812571 107.510179281235 111.59735918045 124.638746182124 127.318531274796 122.455358505249 117.482403914134 121.946354707082 131.972899039586 123.852789402008 115.340371926626 123.202860355377 129.530290762583 122.706015904744 101.26805305481 60.6060822804769 23.1891324122747
114.354173342387 117.415477832158 123.757084210714 127.323528130849 133.697857459386 137.741853793462 133.928875128428 131.269097328186 135.19099354744 136.645178000132 134.95996594429 129.885951677958 127.282798290253 128.512273232142 124.948233366013 119.021117687225 117.712775866191 110.690285762151 114.587783813477 118.6330417792 117.282569408417 116.381585597992 117.853621641795 113.564242919286 112.614144881566 115.849852561951 110.281815131505 113.755096991857 118.439575036367 123.556315898895 128.521571556727 128.717084725698 117.97758936882 121.343831221263 131.008704503377 141.056557496389 137.972484032313 127.351303895315 125.880906979243 132.547696431478 121.234248081843 112.926264603933 110.956678787867 110.091845194499 108.025262753169 106.948455174764 95.7018832365672 40.5231167872747
113.130331039429 110.606213410695 115.340282519658 124.382754166921 130.005717277527 133.862316608429 136.394739151001 138.358781735102 139.434734980265 135.117322206497 136.685927708944 135.794142882029 132.284412781397 128.742317358653 126.147419214249 122.189064820607 119.8384364446 115.796426932017 119.093676408132 123.882969220479 125.208924214045 124.53172604243 121.030360460281 121.520499388377 116.682112216949 120.497286319733 119.649072488149 121.962527434031 128.673871358236 136.585334936778 144.990662733714 148.915549119314 137.072136004766 130.727608998617 130.68030277888 138.916363318761 146.147032578786 140.512923399607 130.851407845815 120.051344235738 110.303729772568 112.036198377609 110.802908738454 104.995538791021 100.908190011978 105.723321437836 100.309600432714 52.2926052411397
114.155401786168 117.597470680873 120.620499054591 127.338816722234 128.417819738388 128.652801116308 137.365400791168 142.20208923022 142.199804385503 140.942633152008 139.955699443817 140.163004398346 135.536253452301 130.267560482025 129.654576381048 132.599979639053 123.968342940013 121.86195453008 123.123784859975 128.784894943237 129.704525073369 128.466308116913 125.142733256022 124.520639578501 117.566247781118 124.144514401754 128.257652123769 129.498243331909 132.811228434245 141.520738601685 152.885893980662 156.758228937785 150.599817434947 136.137187480927 124.742388725281 123.345126708349 138.777236143748 147.262672583262 134.722550710042 113.071938355764 105.00713189443 113.662978013357 117.309967676799 113.129913806915 106.957664092382 103.35444410642 86.8631800015767 58.865745862325
114.710946877797 126.691083113352 128.621518611908 131.078322728475 128.810147444407 127.510060866674 135.741790135702 141.258050998052 140.425652265549 145.763138930003 142.778128385544 142.286409934362 139.104257027308 133.389790852865 132.091740767161 138.701697190603 131.073246399562 126.28318866094 123.785773913066 126.590609550476 127.06051270167 125.486393769582 124.318093061447 120.584120353063 116.612662871679 120.680669943492 125.671188036601 125.161707401276 125.902911027273 133.403460184733 144.215802351634 157.135426998138 148.153116305669 126.833180586497 93.4179425239563 85.6220523516337 105.846305688222 131.161272525787 141.748368740082 139.527797698975 134.431570768356 123.849421739578 107.770452896754 104.732811450958 114.12047346433 104.985515276591 82.8008502721786 70.3309228022893
118.529250224431 116.380989551544 116.110394398371 119.045446316401 126.417477925618 131.31445646286 131.986955801646 138.14918200175 137.395004431407 142.568558454514 142.626891533534 144.06696955363 143.156051635742 138.181527455648 134.859591722488 133.516530195872 136.176506678263 128.099292516708 122.401436169942 119.410425424576 118.90059709549 120.851894219716 122.033059597015 116.156776746114 116.491258144379 113.661189874013 115.455657243729 116.848081350327 115.527182817459 116.136203209559 124.131500720978 134.667853514353 132.883816957474 106.185734272003 71.2200552225113 52.5005410114924 51.8068720897039 86.424728234609 119.966795047124 139.44994409879 143.457074960073 125.90616941452 101.53474410375 97.4823335806529 107.815364996592 95.8311855792999 78.8629353046417 87.6161257425944
122.282683849335 111.466705799103 108.836909135183 114.381680885951 127.209415038427 135.99681854248 134.742319583893 136.475851138433 138.720164696376 139.138877391815 141.330589850744 143.717706203461 145.181099573771 143.67550611496 137.881060441335 135.005255540212 137.301385402679 128.835032383601 123.870939016342 124.683082103729 124.352077643077 121.772746245066 120.047628879547 116.354366143545 114.999830722809 113.512098789215 113.463342189789 112.608472506205 109.902948141098 104.607939720154 98.4710256258647 104.388256867727 105.149447917938 87.5959595044454 72.1323241790136 53.7572801113129 31.0395807027817 31.2408953905106 62.7214213212331 98.8326966762543 123.862971862157 113.677730162938 101.459642251333 95.5203672250112 88.7686610221863 82.984780271848 76.2937068939209 98.6255009969075
122.772405544917 116.539259751638 113.553762435913 118.465234835943 128.505706787109 137.34491666158 140.732338031133 136.336346467336 141.296128431956 138.988226652145 143.226544062297 144.698162873586 145.862181981405 147.826770941416 141.514271497726 140.883425871531 140.960882107417 134.364952643712 129.744708538055 131.138255198797 131.079236666361 126.628696918488 122.896373271942 124.336163202922 119.612663984299 119.024018446604 115.675568580627 112.914691368739 107.115129629771 100.213050842285 90.3680523236593 94.602753718694 97.912609577179 97.8512068589528 96.3977773984273 84.3227406342824 56.4603606859843 40.0691702961922 35.3884821136793 39.8427446683248 84.2098395029704 90.0683303674062 79.1325072447459 54.3600072463353 53.789089123408 72.71974782149 80.6065897146861 91.6395783424377
126.631259918213 124.872932831446 119.678676128387 117.532789707184 123.738348484039 136.085798343023 138.5657787323 136.193543672562 138.141612211863 142.878164847692 149.741232395172 150.860607624054 148.705085118612 148.818552494049 145.202736059825 145.331591367722 145.531336466471 141.964256763458 136.455088853836 133.158673842748 130.754689375559 129.625558853149 130.058099826177 132.527609666189 127.945164839427 124.126334985097 116.085102160772 106.909513473511 98.3969072500865 95.0658520062764 93.4471090634664 100.246886412303 103.998363018036 114.918142557144 122.318039337794 121.648172537486 109.375089406967 86.932768424352 73.4704633553823 45.4455415407817 55.4425865411758 75.7355789343516 75.8246332406998 63.4324997663498 63.9709035555522 82.0637543996175 108.86162519455 105.883985757828
129.779646794001 129.032214482625 126.954674720764 122.101912895838 122.276922067006 133.251418670019 136.258572340012 136.765857537587 135.657787322998 145.014633735021 153.324544429779 152.227640151978 147.85165588061 149.828145901362 149.995823701223 144.197563330332 147.341459989548 143.756369749705 139.095515012741 136.717428763707 134.337484836578 136.306017637253 132.444490989049 130.932807922363 128.340969483058 121.888190507889 100.229799747467 76.4945447444916 72.7198918660482 79.266349474589 90.7131135463715 96.73672914505 102.252026398977 108.946939309438 123.114208380381 138.730625311534 134.103188912074 129.266579945882 127.967665592829 87.3851676781972 60.0695212682088 78.0509213606517 95.3434606393178 97.1077481905619 97.9255239168803 113.555173079173 142.045021057129 130.946050087611
128.790428241094 126.603682835897 129.926462968191 129.686882098516 126.197199026744 129.769543806712 136.773447195689 138.08528582255 136.913806200027 144.595881303151 152.341345945994 151.13639831543 145.787099997203 148.291250069936 151.063978672028 141.694605350494 143.028736114502 140.86788892746 138.410786787669 140.409092108409 141.560922066371 140.512486298879 136.854777733485 130.177120367686 128.12461455663 124.024311701457 102.917571862539 79.1240632534027 79.3062597513199 89.4752939542135 100.4751821359 102.679491043091 114.009459813436 124.751170476278 131.57923022906 141.308893760045 138.967355092367 83.0542147159576 71.0856020450592 84.978461265564 88.6471470197042 103.495339552561 108.471264441808 91.2976861000061 79.3725748856862 93.0089851220449 119.544327259064 114.231526851654
116.397241751353 125.085711479187 128.411124149958 130.663534005483 129.511445760727 126.444071531296 137.859950462977 141.884724299113 140.928665796916 144.447942574819 148.119151592255 149.241099754969 147.75691429774 144.725422064463 145.929257074992 141.636162996292 137.564241886139 140.306363503138 141.584932804108 143.399933973948 143.717259168625 141.156226396561 137.940833965937 132.945517698924 132.088243961334 133.317848046621 125.875095526377 119.4948554039 120.048463344574 123.165756464005 120.838542779287 112.580686807632 128.394782543182 135.293781757355 132.024526596069 99.8538931210836 89.0992681185405 49.0400095780691 34.5856621861458 49.6300508578618 91.56334400177 113.939315080643 111.255337794622 95.7897106806437 83.6754441261292 87.9853963851929 104.671438535055 109.324157238007
105.941692988078 122.355957825979 126.439839601517 128.78625591596 131.459256013234 127.245138088862 132.63084491094 141.607890526454 152.113119761149 152.205685774485 148.559888203939 146.58377567927 148.028512795766 146.118104457855 145.674725373586 142.780333757401 137.998044490814 139.306088288625 137.541353702545 133.894602457682 135.893583297729 134.024600187937 133.341838916143 132.435272137324 131.324857473373 138.683984676997 150.952289501826 157.353192567825 142.102658748627 138.134926557541 125.152150789897 112.706124782562 122.943073511124 113.547106583913 64.6473517020543 52.6201874017715 50.3402898708979 40.3715694944064 25.8727520704269 22.3895907402039 25.3103996316592 77.7883678674698 108.059098323186 129.656533400218 143.927077452342 139.043043057124 132.429619630178 130.335579315821
107.999324798584 118.383785088857 126.869479815165 128.938227891922 130.654354890188 130.92103600502 125.28133392334 136.14954551061 157.614996035894 156.310210625331 148.09979001681 144.373675187429 146.516511837641 149.767398834229 148.377279440562 144.588927427928 141.640424728394 138.248234987259 129.930645227432 122.337361176809 122.414747873942 125.181476275126 126.077075799306 128.495126962662 128.927777210871 135.841945807139 154.692778984706 164.168248573939 147.368560234706 139.372746149699 118.401110172272 102.9032766819 102.566341559092 94.6634312470754 70.6533342599869 44.8438872893651 46.4646965265274 60.2566450834274 52.5775055090586 35.7180188099543 23.6110016703606 42.7812834580739 86.2077275911967 118.007361888885 134.178052345912 129.854907592138 122.391859690348 123.128940661748
120.750109354655 124.094655116399 126.809000968933 123.101433118184 116.001466910044 112.290948629379 121.321231126785 127.276996771495 137.315889199575 135.809481143951 133.909940719604 139.285862445831 145.835061868032 146.813839673996 142.332474390666 144.125123818715 143.523325522741 136.612892150879 127.924899260203 120.752036571503 118.821203708649 119.063903888067 121.635635693868 124.094019333522 122.71918853124 129.094709952672 140.977561473846 150.304059187571 140.149275461833 128.673652807871 114.024410645167 94.9788192907969 86.125115553538 98.3002881209056 90.6503399213155 66.346009572347 70.3712701797485 106.788555781047 114.18346563975 90.5813574790955 54.0636330842972 42.2752698262533 62.0557467142741 81.0561825831731 68.6646302541097 86.4321291446686 91.5092825889587 96.6033935546875
134.026557207108 130.251586437225 126.261572043101 118.379443883896 106.622725725174 98.0821847915649 111.265669266383 110.262821118037 97.9965726534526 98.9564657211304 114.197035630544 127.933243910472 133.01275173823 137.004504601161 140.457371870677 151.403327782949 153.767605622609 143.419613440832 133.701006571452 128.515581289927 124.845127264659 123.36407105128 124.484966198603 122.54739801089 121.516406536102 122.851262489955 128.773947556814 129.766841729482 129.241754611333 106.71137770017 109.614968299866 102.398653825124 93.1618412335714 109.268645445506 112.2232178847 99.0541477998098 91.4798577626546 94.3199197451274 98.9128847916921 97.1534649531047 78.864797949791 62.4159624179204 61.8787010510763 49.7323373953501 40.3949295481046 55.4336110750834 70.5265055100123 74.7194786866506
