input/barkrak2/radiation/dir28324.grid
NCOLS 85 
NROWS 70 
XLLCORNER 665100 
YLLCORNER 4664600 
CELLSIZE 20 
NODATA_value -9999 
[rows 21 to 41 of 70, columns 0 to 46 of 85]
62.6789033412933 50.0984390576681 39.8721297581991 55.8536996444066 53.449422121048 31.841812034448 35.7272103428841 45.8516428867976 52.8200219074885 53.6807725826899 52.4989912907282 53.2638529936473 52.9871533314387 52.8681377569834 60.3518088658651 74.3637233972549 89.3196165561676 100.564668575923 109.887182712555 124.334514141083 135.394712289174 148.685028155645 156.884620587031 154.54160173734 142.673869927724 130.535970131556 118.868271509806 119.996090730031 125.655084848404 109.331746896108 89.6017253398895 74.5101521412532 51.8101155757904 38.0464245875676 22.6661811272303 22.4822958310445 33.7280953923861 56.5012743075689 73.633740345637 77.346459031105 80.7364135980606 85.7477188110352 83.6934049924215 72.6124048233032 97.9624291261037 107.986877361933 113.794386386871
104.373077551524 98.0754295984904 77.0716965198517 74.3795235951741 71.8099176883698 45.3144858280818 54.6027918656667 54.9310644467672 51.0671039422353 49.0043759346008 51.9648293654124 54.4465283552806 56.7531039317449 60.1029942433039 63.2455994685491 68.510095278422 82.755833864212 93.9355194568634 102.43954261144 104.570438464483 111.413945754369 128.617743651072 139.462729295095 146.563688913981 143.041610717773 134.240736564 118.85279417038 112.585107485453 103.229741255442 102.765778700511 64.3071631590525 37.1652493874232 20.4382501542568 3.41413790980975 1.69625412672758 3.19530256092548 17.3557363450527 28.1352425614993 36.5170687437057 51.2511978546778 50.7030536731084 70.4259624083837 52.5960475206375 45.5930531024933 74.1678973038991 101.427694161733 106.83000087738
138.721207777659 128.214428822199 96.8635380268097 80.9230407079061 76.8391042947769 75.7795323928197 70.2029764652252 56.656206647555 48.2548226912816 42.9531733194987 52.9944399992625 57.2956105073293 61.4315370718638 70.7814296086629 70.271705587705 71.356326341629 80.0232589244843 90.8125837643941 98.1884598731995 90.5414223670959 90.6532903512319 96.0588653882345 111.007501681646 123.205443223317 131.016314029694 127.233306566874 112.971434990565 109.707067410151 87.2835516929626 45.2742874622345 38.6877258618673 27.1118382612864 3.9868193368117 0 0 0 1.42439796278874 8.42641604443391 9.62370634078979 13.679546614488 13.1653882563114 11.4193943639596 22.8880420327187 55.6289851665497 73.5045125087102 90.3378327687581 99.8453199863434
137.915104627609 134.097158908844 115.167806545893 85.6559971968333 67.969337105751 74.9987065792084 69.5201406876246 66.0397509733836 56.5640131632487 45.5491741498311 49.3377496798833 54.1611462831497 58.0147753159205 69.3151305119197 69.8940753936768 69.8165794213613 77.7831623951594 88.7767374515533 97.2865223884583 89.2428855101268 89.5045200983683 85.8800113201141 95.1051910718282 104.743202527364 111.164967219035 111.435393492381 105.186601479848 96.5388317902883 76.6715109348297 36.9987413287163 29.9391100804011 27.8184960285823 11.2119180460771 0 0 0 0.481184649591645 1.62309966981411 3.76180000603199 4.79260521630446 0.455478904768825 0.692789287616809 12.7349582811197 83.3210001389186 83.4114452203115 93.8046872615814 98.6938377221425
124.463667472204 129.34210896492 125.996847947439 94.8630770047506 68.9483880996704 74.968750278155 81.60200715065 90.6042853991191 82.6050043106079 67.3489073912303 61.4495575428009 65.2615626653035 65.9842689832052 78.1842768192291 80.4846187432607 72.6348807414373 77.1850049495697 88.4479482968648 98.3131130536397 101.093153158824 102.794965108236 97.9594389597575 94.2937135696411 95.5215493837992 98.7155338128408 100.355128447215 95.9138572216034 89.5520647366842 68.3274914820989 50.3685474395752 51.9284705320994 59.7895532846451 52.7542134126027 6.12212593356768 0 2.0675774042805 2.47439090162516 3.10508192827304 3.89607095470031 2.59768683463335 0 0.61966684491684 25.4214058319728 85.0439767042796 102.251748243968 101.56919558843 98.7336238225301
123.303671677907 128.709455331167 126.951058705648 104.406257470449 85.4528844356537 94.332754611969 107.323855161667 107.770582040151 111.68176929156 101.275026798248 82.238291700681 83.4907193978627 84.4966371854146 92.5117631753286 93.672772248586 82.9842239618301 81.2264035145442 92.26260582606 101.94539030393 113.970597585042 116.461237271627 112.869838873545 104.029625654221 97.9199310143789 98.5679626464844 100.915769735972 95.4691370328267 96.4652995268504 85.9546462694804 86.2839917341868 97.2791115442912 120.279997587204 129.285315672557 110.452075799306 30.3143958250682 8.77404833833377 7.81264963249366 7.38223704198996 5.80249105890592 1.69410028805335 4.21536527574062 24.1271903117498 63.5973910490672 88.0935688813527 91.5343662103017 87.0401561260223 85.9072208404541
125.144928693771 123.776058355967 124.181866645813 110.105574131012 116.473267475764 120.649456977844 129.484574000041 120.56306997935 119.68739827474 118.829309940338 94.0858125686646 87.1964693069458 91.1561052004496 96.6051121552785 97.2767869631449 94.3743785222371 89.1072551409404 96.8684156735738 112.049569686254 117.995729049047 116.259276866913 107.115397850672 104.164024194082 105.679094791412 106.458306312561 106.556137402852 103.664646546046 108.116229375203 121.624886989594 129.401306311289 137.894789377848 149.633089701335 155.838310718536 170.397877693176 130.930821100871 36.382091542085 16.1413624882698 9.25268729527791 5.31257564822833 0.537750699246923 18.4814271827539 81.532210111618 81.635594367981 76.3256053129832 72.7540751298269 68.9718623956044 69.8276907205582
127.955347299576 116.169194380442 117.266972859701 114.591469367345 140.214681625366 131.165047486623 119.142959515254 111.887395381927 107.933501402537 97.2368319829305 86.650143067042 80.9829384088516 83.8873585065206 96.0677564144135 98.5833505789439 105.911682049433 99.3283788363139 94.8493381341298 109.029273192088 111.406266689301 109.519233306249 102.125704288483 101.644923289617 110.113422075907 112.266759077708 108.255863189697 109.858731428782 111.310929059982 132.872174183528 145.707845687866 159.988751014074 170.0293024381 177.673916021983 179.785947004954 175.130923589071 101.346691449483 14.8549104730288 3.72913541893164 1.05699625176688 0.107414341376474 33.6215694745382 72.4902302026749 70.4018771648407 46.9852238893509 45.4408824443817 43.9008126656214 49.6869484583537
128.260682026545 109.617332617442 111.165006955465 122.345864772797 134.777198235194 125.307977199554 102.856328090032 86.7147147655487 74.7178097565969 68.3502058188121 65.2512808640798 69.8485473791758 78.6981880664825 94.2049423853556 102.796117464701 110.526233911514 106.679697831472 92.6653842131297 99.1887350877126 101.4271179835 102.139711380005 102.229475975037 103.456278642019 109.78235801061 115.968257188797 112.367699543635 116.680890321732 112.71404226621 128.561000029246 150.353213151296 171.457688013713 183.329502741496 183.623393376668 183.330476284027 194.258173306783 179.224272569021 91.9700562953949 15.7702180246512 9.08926005164782 11.9723752140999 30.5887584884961 43.7941650549571 50.5137344201406 29.3863068024317 24.7048561771711 28.7369042634964 45.5115089813868
125.329991181691 128.189414739609 154.018501440684 193.160990873973 166.686574618022 131.900360186895 94.6407417456309 66.7070647080739 55.775706966718 60.5104168256124 56.5141091744105 56.2766939401627 77.7076482772827 94.4094161192576 107.109477122625 114.649554093679 113.425135612488 99.402924378713 100.609312454859 104.153454303741 102.058410644531 106.747150421143 110.073208808899 112.517486015956 118.633657693863 124.466280142466 123.420615990957 125.230779250463 132.621983687083 158.676147460938 181.019167105357 189.382513364156 185.08783976237 193.879862626394 206.608017285665 212.721864382426 188.458800315857 130.398372809092 52.9933273792267 24.6787816286087 18.5463602344195 21.6511661807696 33.2266315817833 24.834950764974 22.5231473644574 33.9259182413419 52.4720251560211
141.32684469223 178.074200948079 226.924538612366 248.535652955373 232.16720422109 175.049821535746 123.520155747732 83.5615992546082 73.3352899551392 79.972172776858 70.9436734517415 61.7561936378479 75.6834199031194 92.09277232488 111.910670995712 117.693841457367 116.61484837532 109.236925840378 104.234993457794 105.359752972921 106.802046298981 110.007544358571 112.704813480377 114.677459001541 119.829396406809 133.543332417806 135.185301303864 141.581724087397 149.440079927444 165.636281172434 182.12221066157 190.859039624532 193.177064259847 202.394843101501 207.87783463796 205.85956176122 204.566935698191 196.4244445165 127.660016218821 50.1867234706879 22.496335208416 22.5726117690404 26.2380689382553 28.8399135073026 37.2467885414759 51.9888401031494 64.9991234143575
203.693350156148 239.273508389791 260.638972123464 261.319994926453 262.620568275452 238.762696584066 193.942566712697 153.683533271154 122.98513452212 113.569815953573 108.187327782313 91.6822850704193 78.2684882481893 89.9646679560343 113.599350055059 119.7576324145 113.810241222382 115.776499112447 106.398026148478 104.174633820852 109.326720237732 110.645870367686 111.888349056244 114.081044991811 119.045903285344 135.307818651199 143.07114481926 152.080645163854 158.895870049795 166.385432084401 180.417040983836 191.461265087128 193.769752979279 190.85705280304 193.25711329778 175.679584344228 176.913897196452 174.372375011444 131.827473640442 73.4948217868805 39.0378509958585 35.5033228794734 30.4631839195887 29.8609808087349 38.3909071485201 49.3487566709518 51.7458915710449
250.12743473053 263.71560494105 266.190906365712 263.542294502258 265.852808952332 264.931897322337 245.169480641683 200.96609989802 161.906053622564 141.016105810801 140.625506639481 127.402504285177 101.76032781601 98.773588736852 110.723912715912 115.624497334162 110.440532366435 111.526429653168 106.183012326558 106.610496838888 105.674346288045 107.102930545807 106.635520855586 108.373045921326 115.677773952484 128.673086563746 140.986700852712 147.732128699621 156.268487373988 167.27219025294 178.702771663666 181.7507147789 165.756205717723 160.702149073283 157.723208268483 142.104913791021 142.655660708745 128.017663955688 90.8509989579519 58.2950512568156 63.0508710940679 56.7265848318736 43.6475177605947 33.5863083600998 31.2002946933111 21.6044212381045 11.4094913005829
261.39756043752 265.833636124929 264.212210973104 264.14825518926 263.64537080129 264.774183432261 261.156519254049 231.148540973663 184.513131777445 154.36511238416 151.382207870483 145.1143125693 129.580736160278 115.11751015981 111.69296503067 113.996793826421 108.721554279327 104.652315378189 106.320858001709 109.197109937668 103.56068611145 103.851566712062 105.618258317312 108.066260814667 112.53962914149 121.815055608749 132.624963919322 134.314517180125 144.048273563385 161.842932303747 172.041912873586 168.225089708964 155.698508024216 153.624455134074 142.148355642954 127.530366182327 131.604671478271 128.849496444066 110.739638408025 80.6173980236053 82.2189897298813 90.895672639211 74.1057097911835 53.747703631719 38.1309042374293 3.56826062003771 0
257.589975992839 260.118087132772 256.57860438029 257.969359556834 257.58288304011 254.500389099121 252.368887265523 237.39622036616 192.795952161153 162.301778793335 152.604550123215 150.622636079788 145.618041356405 126.104185978572 116.068889697393 120.018760363261 113.885541756948 103.867093722026 109.715312719345 110.602388779322 107.675135135651 104.581932226817 108.295053243637 114.042013883591 112.017959356308 117.747803529104 124.2422858874 125.576774279277 132.912874221802 154.032766819 164.158980051676 161.634504795074 157.884061336517 158.848871787389 140.746722618739 134.096572796504 138.759324947993 145.459731419881 140.997389952342 113.844414552053 76.0266929864883 75.5683581034342 62.2271001338959 35.39211054643 8.26023084421953 1.98657810688019 0
240.163564682007 241.815050443014 243.578235308329 241.446415583293 240.954379240672 239.261865615845 243.834515412649 239.262700080872 204.702436923981 168.975710868835 154.191235701243 146.329989035924 142.925182978312 123.765061299006 113.976170619329 121.566067139308 122.570375601451 109.818031390508 113.464365402857 116.503318150838 115.311781565348 111.200094223022 111.27112309138 116.461257139842 113.886286815008 114.093273878098 122.370183467865 129.138867060343 134.425719579061 147.769898176193 160.839686791102 164.505273103714 159.164528052012 162.351946036021 143.861591815948 144.511004288991 145.05261182785 153.096675872803 152.996589740117 122.722188631694 54.1528910398483 38.3045723040899 24.1834496458371 5.45329103867213 0.876008377720912 0 0
218.76980861028 227.344155311584 236.919244130452 234.723846117655 232.702414194743 237.773617108663 245.483756065369 247.403701146444 223.017493883769 183.701654275258 160.823772350947 141.33495092392 129.62818145752 120.388676722844 110.361923774083 115.83086848259 128.856013218562 118.747413158417 115.969280401866 119.046231110891 119.126598040263 115.679005781809 112.33851313591 115.832934776942 116.94394548734 116.015911102295 120.828986167908 130.612929662069 135.762105385462 140.888849894206 154.882957537969 165.495425462723 161.668807268143 153.083513180415 139.373828967412 156.544794638952 161.435127258301 161.070932944616 159.441709518433 135.243703921636 46.002060174942 11.8539395431677 6.46909202138583 0.601794764709969 0 0 0
183.45977862676 194.525520006816 203.409175078074 207.424779733022 215.559005737305 229.615430037181 241.469085216522 245.850741863251 236.975431442261 199.739277362823 172.825157642365 145.432184139887 128.422677516937 126.302301883698 116.349915663401 111.015439033508 123.354802529017 122.762183348338 116.439501444499 115.902791420619 116.39067530632 112.714459498723 110.293984413147 111.531754334768 116.424232721329 120.597501595815 121.505667765935 127.3160080115 133.985757827759 135.2126399676 146.027723948161 162.491828203201 159.357438484828 140.55202404658 145.287940899531 168.946405251821 173.386077086131 170.493801434835 163.274715344111 159.47758158048 109.861741463343 26.6655633846919 6.54175753394763 3.5390400638183 0 0 0
146.994322538376 154.275258382161 152.916351954142 163.837482531865 180.491725603739 196.489612261454 210.503856341044 221.632818380992 218.317369620005 194.914778073629 162.085076173147 139.039178689321 124.673823515574 123.318413893382 118.636627991994 113.00786336263 117.899715900421 118.147104978561 111.323008934657 110.91544230779 114.217152198156 118.548969427745 116.636802752813 111.596723397573 111.924131711324 115.77715476354 121.793935696284 126.530110836029 131.632635990779 132.537066936493 135.346621274948 149.59987004598 150.875836610794 143.628577391307 170.296827952067 183.128615220388 179.054200649261 171.454091866811 172.694842020671 185.547788937887 188.483754793803 131.154050429662 47.4140296379725 19.8679640889168 1.02142873220146 0 0
135.108282168706 137.747665246328 136.692305405935 138.633410135905 148.384749889374 153.937836488088 157.921612262726 162.483831246694 161.880473295848 145.499656597773 129.148741563161 125.470995903015 123.143762350082 120.295663674672 117.432256539663 117.984145879745 116.888652245204 116.292715072632 111.200034618378 109.54350233078 113.979041576385 121.206144491831 122.576365868251 117.761492729187 115.239977836609 113.179743289948 123.398244380951 126.912494500478 131.937513748805 133.651862541835 133.505801359812 140.397499005 144.47146654129 155.974517265956 182.793160279592 177.082618077596 166.651169459025 156.238128741582 159.168720245361 173.798819382985 190.66596031189 191.242039203644 137.731770674388 58.7206184864044 12.7496023972829 1.21944126052161 0
143.607676029205 141.537408034007 141.796966393789 139.882932106654 136.519193649292 133.918861548106 132.200380166372 132.397323846817 137.337625026703 127.702345450719 120.258331298828 122.035413980484 124.686310688655 123.795608679454 122.328182061513 118.983993927638 114.867309729258 122.265835603078 123.22082122167 116.931905349096 118.901968002319 121.382355690002 119.905253251394 121.790617704391 124.12233153979 118.536382913589 124.075909455617 128.263890743256 132.031828165054 133.651514848073 136.60587867101 139.999488989512 143.288562695185 164.777805407842 176.98460817337 165.162354707718 150.635272264481 139.990329742432 137.716929117839 151.376108328501 183.961153030396 191.807270050049 165.433267752329 99.2752114931742 30.8219641447067 8.53555587430795 0
