input/barkrak2/radiation/dir28324.grid
NCOLS 85 
NROWS 70 
XLLCORNER 665100 
YLLCORNER 4664600 
CELLSIZE 20 
NODATA_value -9999 
[rows 42 to 62 of 70, columns 0 to 46 of 85]
149.575392405192 145.943661530813 148.754010597865 146.377990643183 139.822592337926 136.355300744375 132.420301437378 128.812690575918 127.861638863881 125.327438116074 122.383683919907 121.622979640961 124.860425790151 127.949396769206 127.909223238627 123.77193570137 119.627098242442 126.213649908702 129.543840885162 121.540854374568 118.444412946701 116.650273402532 114.390969276428 115.888684988022 120.32820781072 118.102629979451 114.664246638616 122.55056699117 127.849002679189 130.861461162567 133.524318536123 133.546670277913 144.289493560791 167.006512482961 171.590844790141 152.531812588374 137.64892021815 135.102063417435 137.964884440104 147.01172709465 158.283203840256 158.748656511307 144.165595372518 108.741780122121 46.4117179314295 6.28769459823767 0
133.168319861094 135.939737161001 144.055018822352 141.718914111455 144.70166961352 146.235118309657 143.907179435094 139.043827851613 126.928140719732 125.86102883021 128.201852242152 123.969932397207 123.446921507518 128.31907471021 128.177394469579 124.386797348658 124.66033299764 127.859671910604 127.689898014069 122.964521249135 116.737365722656 114.051957925161 111.21987303098 111.496686935425 114.210098981857 118.037402629852 114.02428150177 116.701076428096 123.669703801473 125.888814528783 124.727308750153 123.443802197774 135.073482990265 151.318391164144 156.273573637009 140.478978554408 135.142435630163 141.55837893486 148.420413335164 147.994756698608 142.74533589681 140.94599088033 134.055584669113 106.3192486763 57.835986216863 6.78586463133494 0
131.735682487488 136.690268913905 140.224715073903 140.712916851044 142.649173736572 144.505421320597 144.881029923757 141.123453776042 135.062376658122 129.1497250398 131.187776724497 127.258767684301 122.513264417648 121.86653415362 120.926549037298 120.190143585205 115.43278892835 123.705863952637 124.930848677953 123.217403888702 118.256936470668 116.199016571045 114.861776431402 116.266250610352 111.516773700714 122.151464223862 125.062098105748 122.133632500966 123.488306999207 123.738904794057 119.028111298879 117.348025242488 123.993704716365 128.266483545303 133.565286795298 133.508920669556 138.510912656784 149.160255988439 153.710047403971 144.875903924306 143.043259779612 136.082311471303 130.433271328608 109.708487987518 73.759064078331 29.4662490487099 0
137.760351101557 142.885605494181 140.303273995717 143.447269996007 142.10769534111 141.399671634038 142.297556002935 140.924215316772 141.031046708425 136.101186275482 133.914252122243 133.241375287374 127.34255194664 121.817052364349 121.313234170278 124.471376339595 117.15430021286 119.915088017782 124.7778236866 124.184985955556 120.784382025401 119.93016799291 118.08521548907 120.169967412949 119.016508261363 118.463357289632 125.326166550318 125.505536794662 123.458961645762 123.830378055573 120.594759782155 116.709977388382 119.964331388474 118.384222189585 116.909394661585 117.712497711182 126.837929089864 141.867657502492 143.307149410248 129.01649872462 132.520000139872 126.011242469152 123.309314250946 120.551466941833 102.199812730153 62.6433541377385 20.6465423107147
138.003081083298 140.087107817332 142.540981372197 144.262850284576 144.305199384689 143.998841444651 145.221521457036 147.330582141876 142.705172300339 139.894704023997 138.6771996816 136.717895666758 131.837050120036 128.960728645325 127.356380224228 130.42085369428 126.492122809092 119.712769985199 127.368797858556 125.744968652725 122.282852729162 122.65224258105 122.668882211049 118.775129318237 124.775618314743 118.163665135701 119.357417027156 123.388399680456 123.316476742427 123.161574204763 121.756007273992 119.356622298559 119.328131278356 118.612349033356 118.799060583115 117.946634689967 121.458490689596 130.730847517649 132.694661617279 129.374931255976 129.674464464188 122.224599123001 127.067069212596 134.923676649729 126.649409532547 92.3306047916412 48.0845520893733
132.345418135325 134.288529555003 140.695571899414 142.210960388184 146.273632844289 146.913637717565 144.739359617233 144.045094648997 143.140097459157 145.216087500254 140.868326028188 137.372672557831 134.843428929647 133.774141470591 131.591488917669 129.895627498627 128.0171473821 118.876695632935 123.842130104701 125.329931577047 121.408114830653 122.887601455053 125.203867753347 117.242942253749 120.754967133204 120.493729909261 115.433047215144 119.54665184021 122.505406538645 122.094889481862 123.282730579376 122.192233800888 117.978195349375 122.783700625102 134.072591861089 136.441280444463 131.715754667918 127.025147279104 130.918274323146 142.185002565384 133.996228377024 124.458352724711 132.183959086736 138.37871948878 131.714701652527 110.618760188421 69.5800632238388
124.396046002706 127.981732288996 134.400904178619 137.927850087484 144.92991566658 148.190518220266 145.126660664876 142.362932364146 145.184655984243 147.480587164561 144.743283589681 139.465570449829 136.547565460205 137.722939252853 133.929630120595 127.950658400853 127.907494703929 120.630164941152 124.501436948776 128.640939791997 127.216547727585 126.150319973628 127.503871917725 122.985869646072 122.126301129659 123.869836330414 119.806587696075 123.263627290726 129.540652036667 133.144160111745 138.069738944372 139.702349901199 128.641913334529 132.023433844248 142.551928758621 149.465878804525 147.692730029424 137.412518262863 134.757310152054 141.293585300446 131.140559911728 122.770716746648 120.158910751343 119.319766759872 117.292513449987 116.241196791331 105.537474155426
123.860547939936 121.305962403615 125.930458307266 135.047574838003 140.520066022873 144.498407840729 146.920075019201 149.494886398315 149.511893590291 146.072864532471 147.556225458781 146.529297033946 141.703208287557 139.294226964315 136.584758758545 131.346484025319 128.778457641602 124.265849590302 127.420405546824 132.406383752823 133.590122063955 132.69180059433 130.771269400915 131.049166123072 126.226325829824 130.151718854904 129.125396410624 131.373087565104 138.11927040418 144.07933751742 154.379109541575 156.585723161697 146.447072426478 143.209089835485 142.633517583211 150.973717371623 155.011713504791 151.379744211833 141.273150841395 129.072308540344 119.8504169782 120.897064606349 120.014796654383 114.302843809128 110.281666119893 115.037977695465 109.598676363627
125.18984079361 128.432899713516 131.131112575531 138.60144217809 139.019091924032 139.986008405685 147.915015618006 152.498036623001 152.491629123688 150.974253813426 150.872051715851 150.021602710088 145.20060022672 140.965729951859 140.225966771444 143.054167429606 134.282906850179 131.809949874878 132.976541916529 138.791302839915 139.646311601003 136.787543694178 133.26175014178 132.355789343516 127.128303050995 133.725345134735 137.759983539581 138.913333415985 142.114828030268 148.60596259435 160.078525543213 167.910516262054 158.245990673701 146.989931662877 133.980572223663 137.008796135585 149.669488271077 157.105048497518 143.808176120122 122.529397408168 114.290157953898 124.024937550227 125.915080308914 122.297783692678 116.247872511546 112.701565027237 95.4989393552144
125.564436117808 137.388288974762 139.147341251373 141.838183005651 139.663219451904 138.901442289352 146.28944794337 151.676634947459 151.584804058075 155.874152978261 152.815242608388 151.312192281087 149.000803629557 143.04256439209 141.310721635818 147.868106762568 141.541908184687 136.278837919235 133.699874083201 136.66441043218 137.171159187953 135.515848795573 134.160627921422 130.322843790054 127.894312143326 130.251268545787 133.354584376017 134.540905555089 135.123550891876 140.393127997716 153.426508108775 166.451871395111 160.415093104045 137.277861436208 103.562732537587 95.3032473723094 115.436087052027 139.386554559072 151.374737421672 148.524026075999 143.135180075963 132.291237513224 116.549998521805 113.971849282583 123.289167881012 114.164968331655 91.0623669624329
129.264444112778 127.017279465993 126.892824967702 129.910618066788 137.441585461299 142.037441333135 142.610549926758 148.718198140462 148.646831512451 152.858128150304 152.853200833003 155.117511749268 154.115676879883 148.005644480387 144.197811683019 142.955253521601 144.315034151077 135.346382856369 129.611104726791 128.255079189936 127.760241429011 129.486372073491 130.44602672259 126.049230496089 126.138140757879 123.249342044195 125.011722246806 124.569048484166 122.971673806508 125.268538792928 131.534477074941 144.030382235845 143.107523520788 115.510235230128 79.6801348527272 60.4718426863352 67.2428756952286 96.2688128153483 128.927181164424 149.17133251826 152.579734722773 134.773552417755 110.313236713409 106.351623932521 117.096622784932 104.508022467295 86.8459939956665
133.911609649658 123.073120911916 119.807759920756 125.233342250188 138.123174508413 146.754880746206 146.094669898351 147.162179152171 149.223039547602 149.56659078598 151.687721411387 154.848754405975 156.253198782603 153.677016496658 147.46489127477 145.787795384725 147.982140382131 139.237513144811 134.199778238932 135.075936714808 134.669919808706 130.484402179718 128.723720709483 124.872982501984 124.764710664749 121.602088212967 121.458053588867 123.78391623497 120.958278576533 115.493506193161 106.355796257655 113.889555136363 114.831109841665 96.1032013098399 80.3203731775284 61.6589585940043 36.6566926240921 48.8405625025431 71.3234196106593 108.446776866913 132.996608813604 122.683048248291 110.15905936559 104.348162810008 97.7390309174856 91.1790033181508 84.2838486035665
134.928752978643 128.202825784683 125.071595112483 129.816522200902 140.591114759445 148.762842019399 152.142544587453 147.742251555125 152.687311172485 150.280267000198 153.664966424306 154.98290459315 157.001227140427 157.985607783 151.314119497935 150.568564732869 151.765982309977 144.923071066538 140.148321787516 141.571968793869 141.518940528234 137.004007895788 133.071303367615 132.919867833455 129.485627015432 127.211590607961 125.325371821721 122.546752293905 116.643240054448 109.689801931381 98.7306535243988 103.647410869598 106.984774271647 106.365342934926 105.064570903778 93.1746264298757 65.01305103302 48.2679257790248 43.1220829486847 45.814573764801 93.1024054686228 98.6355145772298 87.5048438707988 60.8307470877965 60.2327485879262 80.5629243453344 88.8842046260834
138.458748658498 136.642674605052 131.794174512227 128.870010375977 136.137217283249 148.187319437663 150.624384482702 148.263583580653 149.523834387461 154.939730962118 160.931507746379 162.089804808299 159.911135832469 159.935772418976 156.117379665375 155.121564865112 155.287404855092 151.321172714233 145.592987537384 142.406483491262 140.065878629684 138.756324847539 140.259931484858 142.583211263021 137.934555610021 133.958995342255 127.394020557404 118.050674597422 109.286487102509 104.722609122594 101.860115925471 109.244803587596 112.918794155121 124.511460463206 131.472955147425 129.742463429769 117.736677328746 98.9528298377991 83.3273977041245 53.4541656573614 63.4824683268865 83.9037299156189 83.8877062002818 71.38392329216 72.1110006173452 90.4538830121358 117.971529563268
141.670068105062 140.478591124217 138.616273800532 132.849117120107 133.512338002523 144.593715667725 148.291458686193 148.256987333298 147.74078130722 157.080908616384 165.350357691447 164.236098527908 159.880926211675 161.825517813365 161.971092224121 155.129005511602 158.324102560679 154.559979836146 149.802505970001 147.446493307749 144.912352164586 145.423630873362 142.676641543706 139.578402042389 136.995106935501 130.49840927124 110.376954078674 86.3801141579946 81.8122724692027 89.631974697113 101.210991541545 105.791469415029 111.515790224075 117.276509602865 132.44225581487 147.483875354131 140.911479791005 136.1137231191 136.694093545278 96.6176390647888 68.3086017767588 86.4466230074565 103.922744592031 106.071492036184 107.258945703506 122.733195622762 150.566399097443
140.48570394516 138.207376003265 141.114056110382 141.147563854853 136.671513319016 141.126732031504 148.274481296539 149.713069200516 148.278107245763 154.741495847702 163.555353879929 162.53799200058 157.066524028778 160.316050052643 164.053817590078 153.680195411046 154.986838499705 152.784695227941 150.287290414174 151.092946529388 152.15402841568 152.299612760544 147.27791150411 140.545576810837 139.753818511963 135.495245456696 112.878094116847 88.7788434823354 89.1671081384023 97.9642271995544 111.276785532633 111.676742633184 123.095134894053 133.106629053752 146.099170049032 149.787267049154 145.802636941274 96.3460803031921 77.9984792073568 100.313474734624 97.6160566012065 113.111078739166 117.522776126862 100.195000569026 88.3488158384959 102.336953083674 128.639906644821
128.317604462306 136.8048787117 139.837900797526 141.738434632619 140.936980644862 137.287457784017 148.902833461761 152.929683526357 152.325252691905 155.467748641968 159.2904428641 159.929146369298 159.075756867727 155.907948811849 157.050788402557 153.60834201177 149.515996376673 152.22488840421 153.461794058482 156.530598799388 158.230195442835 154.287685950597 152.405798435211 144.640743732452 143.746217091878 143.924057483673 137.038260698318 129.07487154007 129.859467347463 134.4988544782 130.717813968658 121.391703685125 137.188484271367 144.121487935384 139.10115758578 117.265790700912 96.5927342573802 55.2797913551331 40.3251449267069 62.2641990582148 100.995073715846 124.67759847641 119.785885016123 104.341705640157 92.7456518014272 97.4830289681752 114.045083522797
117.826640605927 134.042084217072 137.977421283722 139.963100353877 143.014778693517 138.18417986234 143.670499324799 152.722785870234 162.796358267466 162.379046281179 159.167269865672 158.206542332967 159.540017445882 157.384256521861 156.901230414708 153.985559940338 149.032940467199 150.078644355138 148.189862569173 144.430657227834 147.702485322952 145.758012930552 145.041386286418 144.029080867767 145.906001329422 152.436792850494 162.278910477956 168.959021568298 153.64333987236 151.411026716232 136.282682418823 121.503909428914 131.812274456024 122.648457686106 82.3675145705541 58.945839603742 56.4920008182526 46.2207943201065 31.2711795171102 29.2390038569768 32.1740085879962 86.7619415124257 117.311497529348 138.421008984248 152.453452348709 147.694170475006 141.282896200816
119.751115640004 130.653848250707 138.461410999298 140.704174836477 141.890873511632 142.06658800443 136.636366446813 147.330949703852 168.146113554637 167.547821998596 159.709374109904 156.054119269053 158.027728398641 160.444915294647 159.067173798879 155.298789342244 152.765224377314 149.186829725901 141.818235317866 133.101721604665 133.078793684642 135.669767856598 136.509448289871 138.642917076747 142.052412033081 147.349884112676 166.191309690475 179.463664690653 162.891805171967 153.982112805049 126.990099747976 111.901660760244 111.819366614024 103.270242611567 78.347310423851 50.8136451244354 55.9133936961492 67.7804400523504 60.6332719326019 43.6337739229202 31.0255140066147 50.8563270171483 95.3882733980815 128.644535938899 143.551349639893 138.760358095169 131.456951300303
132.744431495667 135.846426089605 138.769596815109 134.692321221034 127.814680337906 124.301205078761 133.442213137945 138.296494881312 149.678359429042 147.816449403763 145.543545484543 150.926142930984 156.935473283132 158.47772359848 154.079437255859 155.659933884939 154.096871614456 146.982590357463 137.465586264928 130.859037240346 129.583338896434 129.646996657054 133.289635181427 135.676940282186 134.171992540359 137.401501337687 154.1588306427 161.779781182607 149.446030457815 136.743019024531 122.945994138718 104.220519463221 95.3944325447083 106.822510560354 98.5048909982045 73.746790488561 78.2994578282038 115.253458420436 122.504889965057 100.273072719574 63.0069077014923 50.3788640101751 70.5714374780655 89.8099144299825 88.4419083595276 95.7525273164113 100.761572519938
146.106690168381 142.173260450363 138.374388217926 130.327721436818 118.657410144806 109.764605760574 123.115549484889 122.214982906977 109.473447004954 110.590557257334 126.994073390961 139.906277259191 144.616315762202 148.532013098399 151.786436637243 162.486851215363 164.597352345785 154.802719751994 145.081947247187 139.65646425883 135.808289051056 134.112070004145 133.700718482335 131.400952736537 129.967123270035 132.560888926188 141.869723796844 142.892678578695 137.026866277059 118.2568470637 120.290398597717 111.640413602193 102.539946635564 117.989480495453 120.078384876251 107.06623395284 100.310405095418 103.284537792206 109.192649523417 105.074336131414 90.4964605967204 71.4847892522812 70.4430441061656 67.2241946061452 46.4314967393875 64.8619333902995 79.2286098003387
