input/barkrak2/radiation/dir28224.grid
NCOLS 85 
NROWS 70 
XLLCORNER 665100 
YLLCORNER 4664600 
CELLSIZE 20 
NODATA_value -9999 
[rows 21 to 41 of 70, columns 0 to 46 of 85]
64.3843710422516 51.772008339564 41.6611234347026 58.07925760746 55.4283012946447 33.0886592467626 36.8081132570902 46.9009776910146 53.8945496082306 58.7606529394786 57.447537779808 56.2005241711934 54.1700224081675 55.3030471007029 63.5608037312826 75.6257077058156 91.804713010788 101.945579051971 112.683663765589 127.37516562144 138.517379760742 151.885330677032 160.148511330287 155.999561150869 144.132077693939 132.020632425944 122.362126906713 121.430814266205 127.013474702835 112.040360768636 90.7638370990753 75.6766100724538 53.7236382563909 39.0088756879171 25.6956517696381 24.4860077897708 34.7322225570679 57.7098429203033 74.9486188093821 79.9215336640676 82.1418066819509 89.8026327292124 89.2655948797862 75.9134689966838 100.743353366852 113.451610008876 120.560109615326
106.296241283417 100.017666816711 79.2480011781057 76.6578416029612 74.1129169861476 47.8596339623133 55.8666586875916 56.027814745903 54.0690571069717 52.0087033510208 53.138201435407 55.6250810623169 57.9331368207932 62.6954287290573 64.6251241366069 72.1703867117564 82.7819804350535 96.5650677680969 103.886554638545 108.939945697784 114.56028620402 130.094707012177 144.431491692861 148.016879955928 144.478052854538 137.221097946167 120.296468337377 113.992144664129 104.49164112409 104.070842266083 66.6335622469584 38.0525315801303 21.8071416020393 3.62828963746627 1.9713615377744 3.83654795587063 18.1282994647821 28.9323180913925 35.9885344902674 55.2799503008525 65.7277802626292 72.3944902420044 55.1801969607671 48.5708812872569 77.9052724440892 102.918803691864 112.358083327611
140.624811251958 130.156069993973 99.065899848938 83.2134783267975 79.1553159554799 78.7642945845922 71.6292162736257 57.8223417202632 49.2988328138987 49.7497568527857 54.111436009407 58.4587206443151 62.6026193300883 73.5604465007782 71.644534667333 74.1405586401622 82.5847486654917 94.9097871780396 99.6414621671041 93.315452337265 93.1558211644491 99.1726418336232 112.57008711497 124.755730231603 134.028246005376 128.746122121811 119.718203941981 112.399339675903 88.6141061782837 46.1330314477285 39.5335753758748 27.9692163070043 4.36704264332851 0 0 0 1.82386937861641 8.81923610965411 9.93584096431732 16.8565014998118 14.6805321176847 12.5139964123567 23.7610340118408 59.319943189621 74.9269078175227 94.6370462576548 102.784564097722
139.789710442225 135.9956463178 117.318570613861 87.9046320915222 70.6111341714859 76.8847614526749 72.5621531407038 67.3523992300034 59.6525172392527 48.5578229029973 52.4504979451497 55.3136567274729 59.1826289892197 72.1427202224731 72.1939305464427 72.6213951905568 80.1736215750376 91.4297203222911 100.117832422256 93.0712024370829 91.1070207754771 87.4876379966736 98.2184906800588 107.400874296824 112.795174121857 111.898998419444 105.515420436859 99.2505351702372 77.9952357212702 37.8279164433479 31.5504918495814 29.2260746161143 12.0805973807971 0 0 0 0.716361915692687 2.35653047760328 4.07780986279249 5.07788360118866 0.483422928179304 1.91333206991355 13.8323232531548 86.5395764509837 85.6614808241526 96.9741741816203 103.3902267615
126.361529032389 131.241679191589 128.154079119364 97.1217254797618 71.3000446557999 76.855609814326 83.2000424464544 91.9586916764577 91.0602609316508 70.8840439716975 62.5068793694178 68.6367750167847 67.1319862206777 79.5179853836695 81.9033781687419 77.059676249822 79.4358501831691 89.9377961953481 98.556528488795 102.64398654302 104.405462741852 99.5777348677317 97.4920888741811 97.1967379252116 100.395023822784 102.922519048055 96.8141158421834 92.320720354716 69.4959064324697 51.2818396091461 53.1783203283946 61.2762769063314 54.297462105751 6.8886602918307 0.0031529386130084 2.35876472045978 2.82891343037287 3.49560752511024 4.04968857765198 3.07327260573705 0 1.37267479052146 26.5824968616168 86.052676041921 104.763140281041 104.53936457634 99.9300281206767
125.212679306666 130.611081918081 128.885974486669 106.613139311473 87.8335734208425 96.2464213371277 108.912358681361 116.842607657115 112.712641557058 102.270632982254 83.3024084568024 87.180366118749 88.0449016888936 93.8165088494619 95.0648685296376 85.9695573647817 82.7577213446299 93.8069522380829 103.521366914113 117.097357908885 118.072658777237 114.489883184433 107.189814249674 99.6160010496775 100.277364253998 102.850019931793 96.5817173322042 97.9547202587128 87.183545033137 87.6486400763194 98.9937980969747 122.136771678925 131.146142880122 112.522810697556 32.2370082139969 9.42775482932726 8.28272973497709 7.83009951313337 6.3145961612463 2.11222764725486 4.65151729683081 25.6086563070615 64.8353546857834 88.9941155910492 98.7581411997477 89.9898509184519 90.6640688578288
127.06399957339 125.686377286911 126.103262106578 112.256507078807 118.856251239777 122.508317232132 133.571942647298 124.593913555145 120.612998803457 119.928747415543 98.0080763498942 90.92911084493 94.7981774806976 97.9606111844381 98.6232459545135 98.4818339347839 90.6540552775065 98.4309514363607 113.640328248342 119.602859020233 118.789732456207 108.804523944855 107.22890496254 107.392728328705 108.18882783254 108.308335145315 105.43825229009 110.912799835205 122.951209545135 130.973329146703 139.666765928268 151.599039634069 160.537829001745 172.366817792257 133.429527282715 37.9639516274134 16.9977508485317 10.5110742151737 5.70703111588955 0.703571597114205 19.5538041492303 82.9258511463801 86.3673388957977 77.2310098012288 75.9322146574656 71.5138365825017 72.0415612061818
129.856437444687 118.073284626007 119.184037049611 116.790999968847 142.526020606359 135.060369968414 123.081584771474 112.869709730148 108.953446149826 101.080338160197 90.3490086396535 82.0809106032054 85.0004057089488 97.4246362845103 99.9267101287842 107.424676418304 100.911865631739 96.4348117510478 110.656509796778 113.057235876719 111.2020611763 103.8498878479 104.705989360809 111.05223496755 115.108788013458 110.035101572673 112.497836351395 111.973822116852 134.383221467336 147.247016429901 161.833316087723 171.975493431091 179.560621579488 181.648770968119 177.217622598012 103.607257207235 15.9023826320966 4.61190193891525 1.32173144569 0.492024274232487 35.5279246966044 75.6836185852687 71.3925063610077 47.949160138766 47.9472229878108 44.8627670605977 51.4863083759944
130.127857128779 111.506760120392 113.08495203654 124.606261650721 140.504439671834 126.876592636108 106.709539890289 87.8262023131053 75.8816003799438 69.5564647515615 68.6147113641103 73.2951561609904 82.116777698199 95.5041150252024 104.226251443227 112.058391173681 108.280181884766 96.0415005683899 100.887993971507 104.467699925105 103.890101114909 103.981107473373 105.839431285858 112.273305654526 118.810852368673 115.001887083054 118.557184934616 114.448527495066 130.223840475082 152.171313762665 173.369288444519 185.218711694082 185.486912727356 185.167809327443 196.115612983704 181.351681550344 94.2688882350922 17.0064494013786 10.4649340113004 12.7712488174438 31.7722310622533 44.9355393648148 53.6107470591863 28.8412272930145 25.7296711206436 29.7126521666845 47.3525325457255
127.142578363419 130.09645541509 156.070212523142 195.379316806793 170.450250307719 133.493681748708 98.4335541725159 67.8804864486059 56.9222321112951 61.7233415444692 57.6619257529577 57.4109107255936 78.83620262146 95.7037111123403 109.838465849559 117.910931507746 115.070044994354 101.093014081319 102.33266154925 107.254048188527 103.836407264074 108.54650537173 111.894428730011 114.342441161474 121.526579062144 127.253899971644 125.329593817393 127.147813638051 134.405960639318 161.231517791748 182.805220286051 190.677762031555 186.941166718801 195.686101913452 208.367665608724 214.482367038727 190.568566322327 132.641077041626 54.625670115153 25.8314137657483 20.4642688234647 22.5397646427155 35.878265897433 27.1174882849058 22.6147249341011 35.0094437599182 60.1137777169546
143.245716889699 180.041511853536 228.754123051961 250.226140022278 233.990073204041 179.118434588114 125.095019737879 87.2159997622172 76.8803209066391 81.1399221420288 72.2090105215708 62.8481507301331 76.7587721347809 93.3822890122731 113.412837187449 120.994557936986 118.31067999204 110.941270987193 106.004844109217 107.13384548823 108.627080917358 111.824293931325 116.073995828629 116.528044144313 122.828503449758 135.401487350464 137.119243542353 143.5327231884 150.924970706304 167.539060115814 183.938562870026 192.64163573583 195.906678835551 205.121556917826 210.875471433004 207.532942295074 206.378042697906 198.535859584808 129.848062992096 52.9100100199381 24.5586161812146 24.7554406523705 27.0940313736598 29.8360039790471 39.7538145383199 52.9735833406448 68.0131663878759
205.55325349172 240.960776805878 262.030204137166 262.642840544383 265.543500582377 240.245302518209 195.452749729156 155.082990725835 127.215405305227 114.87932006518 109.53942934672 92.844694852829 79.3295055627823 91.925044854482 116.005837917328 123.095363378525 117.177089055379 117.523650328318 108.219673236211 106.002986431122 111.585110425949 112.828314304352 115.275740623474 115.986128648122 122.199167807897 137.244651714961 145.034422477086 152.894099553426 161.581218242645 167.703708012899 181.393841902415 193.275094032288 195.561269919078 192.681272824605 193.877995014191 177.46231953303 178.684155146281 175.282935301463 134.036699930827 76.0513047377269 41.5378088752429 36.5758463740349 31.3335607449214 32.4096779028575 41.4926608403524 52.2574136654536 64.6755347649256
252.278904120127 266.267001628876 268.85712146759 264.583766460419 268.318812052409 266.005873680115 246.318240960439 202.143629391988 163.132985432943 142.37837990125 141.955266396205 128.598799308141 103.050808111827 100.289354721705 112.386614084244 117.351869742076 112.230787674586 113.335271676381 108.059008916219 108.485122521718 107.562681039174 108.985831340154 109.947135051092 110.306441783905 118.920375903447 130.646556615829 144.570012887319 148.550510406494 157.467345396678 169.218778610229 181.736588478088 184.762120246887 167.583227157593 162.143965562185 159.604072570801 143.992553154627 144.529600938161 129.944701989492 92.7958786487579 60.5180164178213 64.8179203271866 59.9284122387568 46.6478019952774 34.518505136172 33.8038255771001 31.477116048336 17.6535708208879
262.638807296753 266.89358552297 265.289723873138 265.139877796173 264.574547608693 265.774110953013 262.316505114237 235.186219215393 185.889859994253 155.729671319326 152.609765529633 149.631162484487 133.919268846512 116.767446200053 113.840768734614 115.782956282298 111.01907491684 106.519669294357 108.243415753047 112.496147553126 106.933236122131 105.773876110713 107.557564973831 110.035558541616 114.508012930552 123.901665210724 134.684463342031 136.363824208577 146.100223064423 164.794345696767 175.077716509501 170.137345790863 157.524923483531 155.567467212677 144.052137931188 129.41778699557 133.481899897257 130.737960338593 112.798581520716 82.87313580513 83.981841802597 92.3483967781067 75.3294726212819 56.9180945555369 38.8107548157374 11.2038825949033 1.20497347476582
259.00278488795 261.448681354523 259.81076558431 259.313801924388 258.905271689097 255.905409653982 253.892064094543 239.003419876099 194.312830766042 163.616150617599 153.767695029577 151.900788148244 147.402574618657 127.828389406204 117.863237857819 121.875365575155 115.821719169617 105.957786242167 111.862560113271 112.709740797679 111.108849445979 106.53093457222 110.243717829386 116.021464268367 115.410794814428 121.153006951014 126.272797584534 127.638081709544 134.961128234863 157.10711479187 167.147040367126 163.57551018397 159.707566102346 160.670310258865 142.618417739868 135.973930358887 140.642821788788 147.318730751673 142.920205990473 116.136252880096 77.6494046052297 79.049880305926 63.1533016761144 38.0199079712232 13.777448485295 2.04283744096756 0
241.928259531657 243.527849515279 245.258788267771 243.157287438711 242.669443289439 240.964571634928 245.509644349416 242.891391118368 206.199367841085 170.223037401835 155.394603808721 147.774904966354 144.593904415766 127.734204133352 116.13533894221 123.498658339183 125.951737165451 111.794243256251 115.531494220098 120.042910178502 118.827780087789 113.1591796875 113.234420617421 118.459353844325 115.870078404744 117.474794387817 124.405483404795 132.341663042704 136.464625597 151.057958602905 165.048698584239 167.25750764211 160.994499921799 164.134820302327 145.695398251216 146.368523438772 146.937708059947 154.943366845449 154.857893784841 125.010420878728 57.0237735907237 41.0042355457942 24.756299952666 12.7122824390729 1.85282404224078 0 0
220.733066399892 229.229191939036 238.688131173452 236.526528994242 234.509766101837 239.501754442851 247.100790341695 248.960415522257 227.191249529521 184.969027837118 162.199368079503 142.995625734329 131.76766037941 122.583458820979 112.350503603617 117.846975723902 130.951046943665 120.771100123723 117.971201737722 121.034920215607 122.715294361115 117.657015721003 114.307224750519 117.832849423091 118.936280409495 119.432022174199 122.847974300385 133.924931287766 137.792964776357 144.237627585729 156.879295905431 167.428394158681 163.504819075267 154.881288607915 141.18884007136 158.759862184525 163.350244363149 162.906547387441 161.234567562739 137.192835410436 48.0344941218694 12.3105943202972 7.53023972113927 1.07226287946105 0 0 0
185.60645977656 196.614603201548 205.45752843221 209.448059399923 217.534323533376 231.460213661194 243.156472841899 249.322156111399 238.365232944489 201.003988583883 174.356579780579 147.279212872187 130.444089571635 128.368566433589 118.375033140182 113.059341907501 125.410348176956 124.78897968928 118.444075187047 117.889751990636 119.924823443095 116.219778855642 112.267106771469 114.986836910248 118.40679248174 122.579753398895 123.520602782567 129.333049058914 136.013031005859 138.574808835983 148.039082686106 164.454281330109 161.183655261993 142.34326283137 147.161692380905 171.631018320719 176.179985205332 172.36053943634 165.017902851105 161.27214829127 112.138410409292 28.2336721817652 7.20794250567754 3.90199137230714 0 0 0
149.220367272695 156.492173671722 156.162629524867 166.016469399134 182.628909746806 200.00692208608 212.43683497111 223.451634248098 222.370505332947 196.734627087911 164.027581612269 141.123582919439 126.756658156713 125.3994901975 120.695332686106 115.052342414856 119.929005702337 121.608148018519 113.344331582387 112.90646592776 117.711494366328 120.54780125618 118.610560894012 113.557100296021 113.894045352936 117.758383353551 125.216335058212 128.538876771927 135.020464658737 134.54203804334 138.723929723104 151.588022708893 152.721802393595 145.408689975739 172.826190789541 184.953927993774 180.883646011353 173.308928807577 174.458702405294 187.891205151876 191.064119338989 134.341955184937 51.9600659608841 20.9117184082667 3.94784441838662 0 0
137.342472871145 139.989157517751 139.834741751353 140.841275453568 150.584171215693 156.105647484461 160.069117943446 166.031152009964 163.939525683721 147.566586732864 131.251315275828 127.593080202738 125.241418679555 122.387766838074 119.488815466563 120.019912719727 118.930002053579 118.346740802129 113.225519657135 111.515382925669 117.555767297745 123.181641101837 124.560167392095 121.249467134476 117.217590411504 115.14421304067 125.368853410085 130.396624406179 135.354220867157 135.657101869583 135.49675544103 143.596033255259 146.350940068563 157.80907869339 184.605876604716 178.865055243174 168.456375598907 158.096790313721 161.019196112951 175.509472688039 192.363282044729 191.499670346578 147.50337600708 63.0488097667694 14.4405315319697 2.23365891724825 0
146.803647279739 143.772999445597 144.0323193868 142.080068588257 138.72504234314 136.114756266276 134.385248025258 135.72817047437 139.465093612671 131.111294031143 122.387021780014 124.156723419825 126.781672239304 127.257059017817 124.379416306814 122.528900702794 116.913040479024 125.722428162893 125.238060951233 118.889232476552 122.583736975988 123.355209827423 121.895015239716 123.771339654922 126.097738742828 120.491127173106 126.031756401062 131.791631380717 134.027103583018 137.130995591482 138.589481512705 143.245041370392 145.196408033371 166.630953550339 178.827404975891 166.984438896179 152.457108100255 141.861498355865 139.627714951833 153.28523516655 185.775876045227 193.611760934194 169.048627217611 105.527321497599 34.4244117538134 9.11723201473554 0
