input/barkrak2/radiation/dir23724.grid
NCOLS 85 
NROWS 70 
XLLCORNER 665100 
YLLCORNER 4664600 
CELLSIZE 20 
NODATA_value -9999 
[rows 20 to 39 of 70, columns 0 to 45 of 85]
121.93101644516 112.342635790507 122.157434622447 153.858721256256 150.051494439443 126.675466696421 117.037316163381 127.92498866717 139.982014894485 155.431399742762 167.125165462494 172.304272651672 170.510550340017 176.382601261139 189.578831195831 204.874157905579 217.970470587413 226.662437121073 241.796056429545 260.701457659404 271.669129530589 262.580196062724 263.339519500732 269.275824228923 272.802472114563 275.45440196991 279.360075791677 277.100761731466 274.969220161438 272.921363512675 267.003178596497 252.27677822113 237.913131713867 228.506604830424 224.488933881124 230.68376382192 230.404575665792 232.67004887263 237.696826457977 241.917928059896 243.241667747498 242.603302001953 245.784719785055 239.603678385417 244.360665480296 249.383628368378
154.914398988088 146.284848451614 149.634093046188 180.777033170064 178.571184476217 130.782912174861 128.748218218486 136.510749657949 144.789775212606 154.157638549805 163.752108812332 165.467788775762 168.906589349111 165.003716945648 176.450530687968 192.402978738149 206.372161706289 219.599703947703 231.546401977539 249.657690525055 254.389007886251 265.395859877268 268.760800361633 267.695327599843 260.31357049942 252.09120909373 235.561152299245 235.110998153687 231.236020723979 231.087724367777 215.895255406698 200.427730878194 179.988662401835 173.098425070445 178.381820519765 199.1974512736 208.025177319845 225.294987360636 237.439831097921 237.729589144389 235.601683457692 233.665923277537 227.14509566625 209.747354189555 232.864518960317 244.574904441833
200.83757241567 201.907515525818 193.351328372955 200.372219085693 200.195888678233 158.237159252167 152.169913053513 148.186226685842 144.384702046712 147.862801949183 160.559604565303 167.078256607056 173.928956190745 174.940407276154 176.49386326472 183.19578965505 191.749850908915 205.765187740326 214.478214581807 214.93915716807 220.082759857178 236.030777295431 243.599414825439 246.084332466125 247.619609038035 239.841818809509 226.940313975016 217.062513033549 217.595140139262 201.096057891846 175.319314002991 133.407374223073 100.444296995799 108.058432737986 135.458866755168 162.227521340052 182.139376799266 205.401360988617 220.319370428721 223.576267560323 227.787613868713 229.348500569661 203.968405723572 177.784482638041 209.876418113708 241.115927696228
232.067406177521 228.088736534119 208.839734395345 206.36647939682 205.364982287089 195.001741250356 175.510346889496 152.467221021652 138.696054617564 142.241477966309 156.621168057124 172.800580660502 179.848710695902 182.760695616404 181.651691595713 180.28994401296 189.401110013326 200.719237327576 207.696914672852 199.020504951477 199.641227722168 203.372816244761 216.788252194723 224.7500816981 231.650332609812 228.089114030202 216.212411721547 200.708011786143 188.0850593249 154.047111670176 126.17822488149 100.468238194784 63.6047919591268 26.6407430171967 29.4476523995399 63.8681054115295 106.661895910899 144.310772418976 175.164639949799 182.392319043477 184.044977029165 166.946808497111 160.557011763255 191.773633162181 197.492897510529 228.765189647675
226.414322853088 225.541452566783 219.305078188578 209.298133850098 197.50185807546 195.840954780579 178.325990835826 166.765213012695 153.18375825882 147.123734156291 155.191560586294 170.136650403341 171.328624089559 180.904070536296 181.236306826274 182.052433490753 187.980731328328 197.974880536397 205.153008302053 197.709838549296 198.544303576152 194.120248158773 201.557397842407 209.706286589305 211.091558138529 208.950976530711 202.55043109258 185.360550880432 166.491508483887 120.964268843333 101.622680823008 97.5038111209869 73.1538782517115 23.6368179321289 20.2093360324701 45.2741533517838 67.2716995080312 92.7451252937317 116.287370522817 138.218214114507 129.694243272146 116.062859694163 137.116561333338 217.125137646993 215.19144376119 231.348554293315
215.680420398712 220.728735129038 224.670807520548 210.71336666743 197.937369346619 195.956826210022 191.412846247355 194.160163402557 189.479509989421 176.157097021739 171.856025854746 179.890751838684 184.852341810862 194.139043490092 194.630523522695 186.829745769501 188.593665758769 200.690686702728 206.803421179454 210.248033205668 210.994044939677 207.862655321757 202.054699261983 198.929409186045 200.029810269674 197.943488756816 190.998832384745 179.085453351339 152.415017286936 132.508804400762 128.300507863363 141.333341598511 138.577302296956 82.9876363277435 53.6834200223287 61.9765420754751 68.6972786982854 80.1763931910197 101.780354976654 101.043949524562 94.8516329129537 101.606130599976 145.766019821167 211.615800857544 229.530870914459 239.841143290202
216.13887945811 220.333814620972 224.5125969251 214.501818021139 213.77960840861 212.251245975494 214.706619580587 216.292003790538 220.982710520426 213.909268379211 196.617464224497 202.197909355164 203.021864096324 210.370083649953 210.100611050924 197.065234184265 194.982727368673 204.917967319489 210.451066493988 223.043223222097 225.403845310211 223.706225554148 211.916983127594 203.44618956248 201.968570550283 199.63534673055 191.86015923818 188.217024008433 166.898906230927 165.946165720622 182.686944802602 208.176573117574 215.695778528849 210.652311642965 158.187528451284 91.9216871261597 84.5533808072408 89.1419152418772 101.902971665064 100.069850683212 113.581230243047 152.247538169225 175.384640693665 201.144357522329 226.950267950694 235.028445720673
219.321529070536 216.359337170919 218.654274940491 215.805411338806 241.712311903636 234.825591246287 232.278227806091 226.601501305898 229.615827401479 230.70752620697 213.955839474996 206.982890764872 209.716399510702 212.279438972473 214.734037717183 210.545937220256 204.137881596883 211.408217748006 222.095370292664 228.268146514893 226.079821586609 218.0468638738 214.032868544261 211.280723412832 209.954738616943 204.897026220957 199.813405672709 197.809755802155 192.357897758484 203.901648521423 221.808155377706 235.31440893809 240.064918994904 252.896865208944 244.938294092814 157.594343026479 107.130368550618 95.3476428985596 95.726470152537 111.998458703359 152.36767133077 217.181404431661 195.386866728465 191.898286342621 207.32973019282 211.970527966817
219.090263048808 208.050012588501 211.031238238017 221.799810727437 261.273225148519 243.364910284678 228.451450665792 219.866792360942 220.342735449473 218.895196914673 210.063179334005 200.4580895106 206.802288691203 212.128718694051 215.6769434611 218.836188316345 215.194165706635 211.432417233785 222.550014654795 222.248037656148 219.248553117116 211.50674422582 210.936526457469 217.179377873739 217.004378636678 210.38959423701 210.258404413859 204.549551010132 205.830534299215 216.506997744242 236.235578854879 251.29497051239 254.463672637939 254.588345686595 263.78603776296 227.227965990702 125.651349623998 82.3908944924672 69.0168639024099 91.2006398042043 164.075930913289 206.204930941264 186.804632345835 158.378789822261 168.754756450653 178.182244300842
214.81716632843 200.154066085815 205.789009730021 231.734613577525 260.475814342499 240.817189216614 215.709328651428 197.16610511144 187.201857566833 183.206220467885 183.846155802409 187.313199043274 202.064236005147 214.315811793009 217.395385106405 223.505218823751 224.254449208577 209.143042564392 213.07518084844 213.102479775747 210.314869880676 212.274273236593 212.589959303538 217.398484547933 217.591285705566 213.961640993754 218.497355779012 210.996965567271 207.590619723002 223.426481088003 245.026667912801 261.275827884674 258.458813031514 256.25338157018 266.9770916303 269.711554050446 215.478758017222 127.253830432892 94.676931699117 102.904627720515 136.757423480352 155.420829852422 164.986868699392 133.764843146006 133.991738160451 145.351618528366
207.452734311422 214.282055695852 244.020322958628 289.545635382334 284.16782617569 247.115890185038 209.718863169352 178.110241889954 166.26238822937 173.906604448954 169.463296731313 166.2384668986 192.660053571065 216.590364774068 221.367339293162 228.812952836355 228.033403555552 215.46600262324 212.163249651591 214.293917020162 212.705254554749 217.234313488007 219.510118166606 218.990842501322 221.008876959483 225.416700045268 224.05876715978 221.272130807241 217.351754506429 232.306182384491 253.518382708232 265.037417411804 260.593851407369 264.992515246073 272.983928521474 277.347505092621 277.828017870585 254.539827505747 176.101247469584 131.001492341359 118.511696656545 119.571298360825 141.277949015299 131.304363409678 128.181795279185 150.518387556076
225.992461045583 259.20691092809 294.266482194265 309.569478034973 321.527282396952 287.255823612213 240.780611832937 199.941178162893 186.721722284953 197.668035825094 188.42089176178 173.992991447449 187.840263048808 212.643106778463 228.074351946513 231.080631415049 229.945520559947 226.260642210642 218.372404575348 217.436154683431 217.75088707606 221.912225087484 224.369923273722 221.836527188619 223.910371462504 232.810318470001 235.324164231618 236.977219581604 235.238413016001 243.212262789408 257.510999838511 265.667339166005 267.938673496246 275.386969248454 281.209270159404 271.624286969503 273.892402648926 291.234374046326 254.241526126862 178.305069605509 130.26370604833 121.971706549327 127.131392558416 137.732883294423 155.839681625366 185.796777407328
274.637381235758 298.458993434906 305.006702740987 301.065027713776 315.672139326731 318.8662926356 296.822826067607 261.794865131378 234.993199507395 230.183402697245 227.918783823649 209.531287352244 191.628019014994 208.102524280548 229.371766249339 233.245730400085 228.483180205027 231.495022773743 218.539714813232 216.700851917267 222.796221574148 224.634210268656 225.125551223755 221.763730049133 224.981824556986 237.963795661926 243.198355038961 247.650384902954 245.938738187154 247.556408246358 261.016329129537 270.618478457133 268.951932589213 268.932302792867 271.147847175598 260.780016581217 262.468417485555 268.702149391174 245.87353070577 200.556874275208 165.412088235219 144.781430562337 135.306219259898 141.162206729253 156.361291805903 190.166155497233
293.533126513163 300.233364105225 296.028733253479 287.535389264425 291.83965921402 306.780914465586 310.58810154597 289.813419183095 266.606450080872 255.19472360611 255.634268124898 238.771975040436 216.334839661916 217.205385367076 227.645913759867 230.372806390127 225.74641307195 228.417932987213 221.286416053772 222.079396247864 221.104423205058 221.768995126088 219.658335049947 220.085918903351 226.602832476298 234.882950782776 245.164394378662 246.780653794607 246.060431003571 252.532879511515 263.157546520233 265.880843003591 253.795266151428 246.918082237244 250.430683294932 231.958349545797 230.492134888967 221.854468186696 197.770257790883 182.404637336731 194.141189257304 177.905182043711 158.980667591095 144.892354806264 147.281229496002 169.030487537384
298.300425211589 296.972910563151 301.214476426442 291.060924530029 286.787410577138 295.28268178304 310.780902703603 312.175055344899 286.773900190989 266.931970914205 260.78995068868 252.916276454926 246.08580271403 232.299466927846 229.998727639516 231.031477451324 226.425071557363 223.861833413442 221.869190533956 225.111603736877 221.693952878316 220.755219459534 221.747120221456 221.785346666972 225.992262363434 232.676168282827 242.309967676798 238.158345222473 241.099615891775 253.35560242335 260.31627257665 253.523687521617 240.681151549021 240.103006362915 234.180589516958 216.894030570984 219.700912634532 218.140284220378 210.788786411285 207.116802533468 212.669571240743 217.622180779775 199.019273122152 179.650564988454 164.563705523809 154.047985871633
309.734125932058 308.684249718984 313.735743363698 310.056428114573 302.5883436203 303.278883298238 313.348233699799 322.027464707692 299.140890439351 272.523363431295 258.162478605906 257.033844788869 259.584387143453 244.708697001139 235.741237799327 236.877938111623 231.270909309387 223.122000694275 229.251046975454 230.358004570007 228.411773840586 223.733464876811 226.860741774241 230.680803457896 228.246569633484 232.366859912872 234.470585982005 232.69522190094 237.221479415894 252.140243848165 256.413678328196 249.242027600606 242.549618085225 243.781189123789 228.68678967158 222.381889820099 228.071351846059 232.275903224945 236.899336179098 236.304958661397 204.999983310699 203.914483388265 193.924645582835 183.930178483327 164.248625437419 142.896831035614
313.690344492594 313.782910505931 317.037463188171 316.039840380351 308.77685546875 304.104050000509 310.700376828512 321.845789750417 305.860618750254 272.892852624257 255.145847797394 256.905595461528 260.007778803508 243.984282016754 233.548959096273 240.005970001221 243.256330490112 232.165396213531 234.383622805277 238.094568252563 237.679262955983 232.828120390574 232.724130153656 235.199590524038 232.297539710999 231.981952985128 236.436188220978 240.30590057373 242.828567822774 252.968827883402 256.462931632996 251.716037591298 245.21682659785 243.43345562617 227.875669797262 231.225848197937 235.289136568705 239.526987075806 241.123696168264 233.804961045583 183.826804161072 155.678411324819 143.9541776975 135.761926571528 132.268140713374 127.861400445302
310.445845127106 313.939134279887 317.395428816477 315.628528594971 310.187141100566 308.083911736806 311.684290568034 318.743864695231 314.06565507253 282.407383124034 266.31102959315 257.901469866435 249.461154143016 240.834494431814 234.252731005351 238.935510317485 250.705043474833 242.549737294515 239.009658495585 241.953055063883 242.174665133158 239.302376906077 235.696534315745 235.496004422506 235.933005809784 234.769622484843 237.403790156047 244.556804498037 247.262994448344 250.841458638509 255.246897538503 254.941682020823 248.123447100321 233.32937558492 221.259295940399 238.557318846385 247.112234433492 247.434318065643 240.137616793315 236.016313234965 178.046027819316 121.237774689992 98.464568456014 88.1398320198059 90.3565486272176 95.2520569165548
292.73509979248 300.45356353124 304.729104042053 305.423219998678 306.88089132309 311.722000439962 315.204977989197 317.27542479833 315.762261549632 296.104749043783 282.808343569438 266.260504722595 252.94307867686 250.401000181834 242.368261019389 235.322018464406 246.808767318726 247.35418955485 240.946014722188 240.227897961934 240.205446879069 236.432492733002 232.695043087006 233.301520347595 236.049850781759 237.831135590871 237.895786762238 241.47113164266 245.366772015889 247.466047604879 251.76610549291 256.652077039083 243.736724058787 220.337251822154 226.922492186228 253.259380658468 257.404088973999 251.738031705221 240.132172902425 240.830361843109 222.752849260966 153.552422920863 101.205070813497 86.6888463497162 85.165947675705 83.0902258555094
266.74614350001 272.365927696228 272.05753326416 279.734830061595 291.115244229635 302.685300509135 311.044891675313 315.650343894958 315.043191115061 301.965912183126 281.554659207662 262.758771578471 249.715566635132 247.049371401469 244.357069333394 238.346139589945 244.147499402364 242.434640725454 234.660565853119 235.726714134216 236.962695916494 239.360590775808 239.036619663239 233.777026335398 232.424279054006 233.547389507294 238.078633944194 240.263760089874 245.13453245163 244.317571322123 245.711127916972 250.998179117839 236.557006835938 222.460468610128 249.460419019063 266.310095787048 261.19460662206 254.03755903244 246.850530306498 250.629623730977 270.431001981099 255.757967631022 184.008538722992 134.191672007243 106.148988008499 80.2564124266307
