input/barkrak2/radiation/dir21224.grid
NCOLS 85 
NROWS 70 
XLLCORNER 665100 
YLLCORNER 4664600 
CELLSIZE 20 
NODATA_value -9999 
[rows 0 to 19 of 70, columns 0 to 45 of 85]
328.576942284901975 334.02947584788 336.852272351583 337.505141894023 333.266774813334 328.90377442042 321.484923362732 315.784553686778 319.714506467183 319.318989912669 316.736102104187 322.8746453921 327.187180519104 326.549589633942 329.009791215261 334.007104237874 329.879661401113 322.111388047536 317.826747894287 306.826055049896 287.578701972961 286.888182163239 306.0076435407 313.302934169769 311.385373274485 311.815361181895 310.601929823558 299.751003583272 281.204005082448 275.597671667735 273.510873317719 281.929810841878 298.253734906514 302.630643049876 307.194113731384 298.519253730774 297.387599945068 307.804783185323 302.1133740743 303.816735744476 295.036733150482 280.452986558278 289.657433827718 307.41806825002 312.584777673086 305.833299954732
317.252119382222 320.32569249471 324.198404947917 329.262316226959 331.704358259837 330.173174540202 322.341799736023 314.053157965342 318.043649196625 319.58814462026 314.532379309336 319.301883379618 325.820922851562 326.427459716797 326.228896776835 328.134437402089 327.851355075836 325.489401817322 322.888493537903 312.84773349762 301.235139369965 298.552831013997 306.881844997406 312.53973642985 312.122245629628 310.084283351898 307.532250881195 300.092736879985 285.346190134684 276.120444138845 277.231574058533 290.63355922699 294.604559739431 296.621799468994 306.45227432251 297.61524995168 293.836812178294 295.803904533386 291.176378726959 302.970667680105 301.417827606201 291.445374488831 296.613156795502 312.372744083405 317.161659399668 309.203306833903
285.105327765147 292.563756306966 296.055793762207 304.768760999044 313.129047552745 319.427967071533 322.231670220693 322.704374790192 322.22843170166 319.255153338114 312.300205230713 313.583413759867 322.305301825206 324.761986732483 321.342666943868 325.002094109853 328.311483065287 329.408268133799 328.044533729553 322.236855824788 320.527295271556 315.331717332204 310.106217861176 309.9764585495 312.041918436686 311.826229095459 305.992821852366 298.764109611511 287.395517031352 276.809275150299 277.104437351227 292.825222015381 284.915089607239 291.438937187195 303.054869174957 297.336359818776 285.556594530741 279.902895291646 288.779675960541 303.430398305257 304.150362809499 303.246021270752 302.605052789052 313.947300116221 323.511640230815 314.745326836904
268.757085005442 266.090432802836 271.833777427673 277.993679046631 283.812940120697 288.654545942942 292.759795983632 302.565614382426 313.826243082682 320.483406384786 320.414264996846 321.745832761129 324.871023495992 325.652480125427 323.005139827728 319.155017534892 321.417450904846 323.245406150818 325.234373410543 324.498057365417 322.127064069112 319.731831550598 320.964872837067 316.932002703349 315.463662147522 316.378215948741 311.824997266134 303.458571434021 296.112656593323 288.565695285797 280.956268310547 293.066064516703 285.659988721212 290.425558884939 295.767625172933 296.623667081197 291.90731048584 289.179921150208 303.632259368896 312.270442644755 308.313886324565 300.757825374603 296.162704626719 305.527746677399 316.720207532247 316.87730550766
283.002734184265 269.596000512441 257.858475049337 251.648863156637 256.169716517131 270.153144995372 286.347448825836 293.141265710195 300.322333971659 305.122911930084 316.366096337636 325.105985005697 329.478104909261 331.257502237956 330.308556556702 328.193386395772 325.39314031601 319.4766441981 320.464034875234 323.944826920827 322.469135125478 321.457703908284 326.104005177816 322.762529055278 319.14621591568 319.429715474447 315.344552199046 307.52690633138 300.160666306814 295.366406440735 295.814077059428 300.247132778168 294.443070888519 296.223700046539 293.841560681661 296.557943026225 305.091122786204 308.786551157633 315.139710903168 317.380785942078 315.772493680318 308.774987856547 302.99844344457 301.285266876221 306.175609429677 319.178422292074
314.192891120911 296.305060386658 275.60031414032 256.324092547099 248.838404814402 257.238229115804 278.777122497559 291.752656300863 294.490933418274 294.705967108409 301.238020261129 310.296853383382 316.215872764587 319.986383120219 323.849419752757 325.300415356954 322.717130184174 317.258139451345 317.719678084056 321.597536404928 321.531295776367 324.779252211253 330.263733863831 327.362020810445 324.054817358653 323.908964792887 318.634927272797 311.657627423604 303.02228530248 297.409315903982 300.269226233164 300.88080962499 305.031518141429 309.383392333984 303.595980008443 300.865749518077 307.860732078552 312.958359718323 314.140955607096 314.465085665385 315.240422884623 311.317165692647 309.550325075785 309.064825375875 306.202252705892 305.442710717519
327.335317929586 314.521690209707 301.350653171539 284.901837507884 267.949203650157 256.939053535461 263.734062512716 286.42205397288 296.318093935649 302.10014184316 300.14822880427 296.386043230693 293.313443660736 289.701143900553 291.457215944926 302.252451578776 309.389233589172 317.713538805644 323.50758711497 326.446016629537 324.249486128489 321.440895398458 327.393730481466 328.839341799418 327.624261379242 328.991691271464 326.189736525218 319.87476348877 311.422983805339 306.843876838684 305.847863356272 308.775305747986 319.231291611989 322.710613409678 319.703896840413 313.688000043233 311.962385972341 314.202884833018 316.027959187826 319.567481676737 318.46421957016 314.723451932271 312.416553497314 308.42649936676 293.63610347112 287.602305412292
327.294548352559 324.570775032043 320.301274458567 311.81001663208 296.671708424886 273.220658302307 253.441214561462 254.560748736064 282.843967278798 301.46598815918 306.400716304779 303.383827209473 297.248780727386 290.61766465505 280.395984649658 283.15411011378 291.601141293844 303.722421328227 316.930512587229 325.832148392995 327.468832333883 324.067791302999 325.672407944997 327.453990777334 327.232321103414 329.0114402771 328.56007417043 325.276792049408 320.100625356038 318.649927775065 319.024682044983 321.000993251801 327.960113684336 329.973797003428 327.560643355052 323.474188645681 319.378733634949 315.40435552597 309.232592582703 311.45832935969 317.816893259684 322.526713212331 324.632525444031 318.635185559591 304.859797159831 291.943589846293
323.400020599365 324.260711669922 323.192795117696 319.917837778727 312.830964724223 299.445907274882 277.034759521484 252.877374490102 263.65065574646 283.392012119293 297.36864566803 302.863597869873 303.400834401449 301.795323689779 294.926961263021 290.059824784597 288.052916526794 290.494720141093 301.038146018982 312.658190727234 321.394026279449 325.57467619578 325.83232720693 322.924713293711 323.76225789388 326.470633347829 327.50411828359 326.085766156514 324.403484662374 327.103495597839 328.981240590413 328.183650970459 329.851984977722 330.456137657166 327.816744645437 326.121052106221 323.05234670639 315.881093343099 303.706685702006 305.412411689758 320.426682631175 326.691091060638 326.124449570974 322.017312049866 312.817672888438 303.998569647471
308.823863665263 314.549605051676 317.333062489827 317.43315855662 315.899729728699 315.065701802572 305.677612622579 292.722006638845 267.720182736715 260.316014289856 272.139449914296 291.600128014882 305.29256661733 311.155954996745 312.861800193787 308.323423067729 298.079172770182 294.566373030345 293.039679527283 295.565923055013 301.857471466064 306.484858194987 310.873250166575 313.399791717529 317.267636458079 319.667279720306 321.323275566101 320.606112480164 320.607284704844 324.20422633489 325.23246606191 325.426479180654 328.985810279846 330.830852190654 330.00640074412 326.476693153381 324.702064196269 321.383734544118 305.57636419932 304.742773373922 319.432735443115 322.598258654277 321.5012550354 318.577965100606 309.782087802887 301.271001497904
272.6864417394 283.519009749095 292.572220166524 299.549221992493 305.756668249766 310.887555281321 313.183466593424 311.311463514964 291.745821634928 271.345555782318 259.353538354238 266.274233659108 287.344177563985 305.116713047028 314.076701800029 308.093031247457 303.353667259216 299.183944861094 293.535649776459 288.376609484355 288.65788380305 288.554886976878 290.822784105937 299.719492594401 307.303428649902 311.632911364237 313.30410639445 313.013394673665 315.975189208984 319.146573543549 320.731520652771 322.992285092672 328.256011009216 330.285290877024 328.373908996582 326.049168904622 326.353927453359 327.297568321228 318.599820137024 311.961452166239 317.723790804545 321.489334106445 322.725256284078 321.407914161682 314.440846443176 307.405948638916
237.013975779215 241.778393586477 249.34987227122 260.107755661011 273.478289445241 286.626815795898 300.429403781891 304.841578006744 305.765211582184 295.765558878581 275.717516740163 258.783638477325 260.905226071676 279.447336991628 299.331565697988 300.764143466949 305.885374546051 304.298520088196 297.789414723714 290.124575297038 283.978501955668 281.605978806814 281.711061795553 288.830498854319 294.873813788096 298.413018385569 300.257881482442 303.290744622548 307.383100191752 310.510893662771 313.449501991272 317.491432030996 321.888248125712 323.443631331126 321.825563907623 321.76399230957 325.9170850118 329.731305440267 328.571101029714 323.945879936218 323.815147082011 326.175530751546 327.849507331848 326.920092105865 321.386933326721 319.07331943512
226.804375648499 222.809433937073 219.959318637848 219.973584016164 227.21121708552 242.362598578135 264.34463262558 282.246430714925 303.876439730326 306.830763816833 298.284471035004 280.48034509023 256.973544756571 254.955649375916 274.929583072662 294.661303361257 305.766741434733 307.444254557292 304.362456003825 298.30938577652 291.779617468516 290.080328782399 289.724866549174 290.451407432556 290.343920389811 289.372503757477 292.715549468994 299.264947573344 301.731844743093 302.767117818197 305.739939212799 309.81969833374 311.52747074763 312.710821628571 313.72457742691 316.110610961914 323.26606909434 328.477660814921 328.627427419027 329.259812831879 329.145967960358 329.013566176097 328.380207220713 327.491879463196 322.299679120382 319.976210594177
221.52570883433 195.68125406901 179.507195949554 174.147566159566 171.608487764994 177.808145682017 196.285287539164 229.128877321879 263.646284739176 291.929125785828 304.210464159648 304.536859194438 291.005710760752 269.877910614014 267.59264866511 288.764695326487 300.40963490804 309.036473433177 313.154637813568 310.936133066813 303.496261437734 301.019072532654 298.632423082987 298.522035280863 297.055919965108 295.106132825216 297.780930995941 303.90336116155 303.047716617584 298.714896043142 302.975018819173 306.180596351624 307.666103045146 307.993312676748 310.166676839193 314.103802045186 318.344155947367 321.405609448751 321.705758571625 322.320262591044 324.169913927714 326.417883237203 327.739655971527 327.84245411555 323.033074537913 320.694824059804
205.491801102956 168.368995189667 147.600869337718 143.360247214635 142.334361871084 147.24670847257 155.979424715042 182.266275087992 208.046893278758 254.220346609751 298.083523909251 316.816687583923 319.303790728251 307.108720143636 287.73291905721 284.196416536967 288.789967695872 300.516227881114 311.327675978343 315.846721331279 314.856588840485 310.975611209869 309.519648551941 307.401120662689 304.22306060791 302.692472934723 304.449995358785 305.967708428701 301.089664300283 298.2510526975 301.851073900859 305.37752310435 304.7896027565 304.905772209167 307.601829369863 309.40846602122 310.787896315257 310.116032759349 312.341094017029 311.583419640859 315.219302972158 319.815735022227 322.016835212708 322.582026322683 319.913864135742 319.430947303772
174.454907576243 147.687057654063 125.985234975815 123.482416073481 139.376431703568 161.692003409068 163.196702798208 169.923961162567 190.990606943766 219.131509462992 266.025761763255 312.825838724772 326.038718223572 324.628253777822 313.237388928731 290.150860945384 281.456112861633 283.581217130025 297.073841094971 313.369850317637 319.27748521169 315.944155057271 316.860874493917 313.176274299622 308.248003323873 308.4623614947 311.076203982035 307.534535725911 302.327434221904 304.724911848704 306.427478790283 305.996378262838 303.163786729177 302.374641100566 302.928666273753 302.463412284851 300.165136655172 297.163645426432 299.099703629812 300.455311934153 304.098765055339 307.201604048411 309.145033359528 309.566020965576 313.611547152201 316.506505012512
153.786679108938 143.24297507604 124.064385890961 115.220874547958 118.81822347641 144.676605860392 164.657006661097 171.570460001628 186.137398084005 200.293858846029 223.561406135559 273.888647556305 318.836311499278 324.28381840388 321.425716082255 314.571022987366 305.904984474182 294.42024230957 286.588350931803 295.555551846822 311.393896738688 318.16844145457 320.319771766663 317.401687304179 312.715411186218 313.661297162374 316.943069299062 313.172082106272 310.022354125977 314.062853654226 314.204335212708 306.78387482961 302.679538726807 300.292233626048 295.956492424011 295.095721880595 291.867057482402 290.927052497864 290.36549727122 292.950789133708 295.135120550791 297.455271085103 298.570056756337 300.530175367991 310.949643452962 315.900762875875
145.615766445796 147.8164990743 141.129275163015 126.658687988917 111.434986193975 125.285635391871 155.164907375971 174.209912618001 194.395581881205 204.587419827779 213.621258735657 239.702582359314 280.848145484924 315.667907396952 323.823571205139 325.599312782288 324.014246463776 315.382997194926 301.224827766418 288.553357124329 297.398289044698 314.498941103617 316.977818806966 316.465636094411 316.782355308533 320.608258247375 323.335111141205 321.628570556641 318.592349688212 320.073862870534 316.419283548991 308.848818143209 304.135918617249 299.406250317891 294.944226741791 292.789876461029 290.226519107819 290.455758571625 290.443539619446 292.047301928202 293.213208516439 294.594089190165 294.667621453603 296.832283337911 305.077870686849 313.318848609924
153.269817431768 163.281142711639 168.694297472636 155.447721481323 135.696232318878 139.951626459757 159.010281165441 180.832187334696 199.67391093572 221.416532993317 229.16837533315 237.513303756714 257.939000924428 276.354273160299 302.292505900065 323.129693667094 324.07416899999 322.510659694672 319.457014401754 307.476421197255 293.079276879628 303.342660268148 308.184365431468 313.978989919027 320.163985093435 324.773410956065 326.748371124268 325.899541378021 321.320056915283 320.3045129776 315.488696098328 310.222188631694 305.175979932149 300.212323665619 297.297577063243 293.996433417002 293.639600276947 291.593869527181 290.056606133779 292.605042457581 295.98065217336 296.234726905823 295.864204565684 298.373579978943 298.584580421448 308.454950650533
164.200832446416 168.846984704336 182.413419087728 190.899729728699 177.575846513112 159.845958153407 160.541901985804 172.450502713521 191.317498683929 214.379568894704 229.426503181458 230.24179538091 238.855063915253 252.338707447052 265.958726406097 289.209882418315 313.962360223134 317.731499671936 318.781117598216 318.087001641591 312.379896640778 302.720586458842 303.465803464254 310.051341851552 316.854695479075 322.712520758311 326.593597730001 325.424472490946 319.225529829661 318.511048952738 314.209620157878 308.274745941162 303.586264451345 301.300485928853 298.968434333801 295.744160811106 293.503979841868 287.323117256165 285.975178082784 291.996737321218 297.126412391663 298.561791578929 299.558262030284 299.374262491862 297.422150770823 303.629656632741
