input/barkrak2/radiation/dir21624.grid
NCOLS 85 
NROWS 70 
XLLCORNER 665100 
YLLCORNER 4664600 
CELLSIZE 20 
NODATA_value -9999 
[rows 40 to 59 of 70, columns 0 to 45 of 85]
302.629311879476 303.732931613922 303.662180900574 305.223027865092 310.640275478363 314.659118652344 316.975394884745 320.594787597656 320.43198744456 309.970319271088 299.691577752431 294.61008310318 293.858786424001 290.335138638814 288.198312123617 288.831651210785 287.20235824585 285.738348960876 282.473782698313 281.006137530009 283.961196740468 287.810226281484 288.102626800537 283.511221408844 280.251463254293 277.677496274312 284.839948018392 285.392800966899 286.013166109721 285.184820493062 282.980958620707 280.50418694814 262.119094530741 261.365214983622 285.805662473043 285.548329353333 275.18218755722 272.199511528015 273.792545000712 267.618278662364 279.001772403717 311.460216840108 313.366850217183 257.280031840007 195.598145325979 157.815555731455
307.867964108785 305.906395117442 306.097726027171 305.953979492188 303.52125565211 301.339566707611 300.778269767761 301.312804222107 305.229385693868 298.549751440684 291.76797469457 293.257713317871 295.075039068858 294.312099615733 293.454845746358 290.7821337382 285.937567551931 292.240619659424 291.998863220215 286.960085233053 288.123548030853 288.251300652822 287.868599096934 287.126441796621 287.378887335459 282.572786013285 284.082690874736 285.719335079193 285.602947076162 285.625020662944 285.960078239441 281.544903914134 267.588039239248 272.973001003265 284.798900286357 275.269567966461 259.708603223165 256.82270526886 262.10496822993 269.516825675964 290.697356065114 304.048796494802 307.466924190521 289.287209510803 238.488396008809 194.19260819753
310.250083605448 308.319568634033 310.052275657654 309.262057145437 304.205536842346 301.634152730306 299.993236859639 298.376500606537 297.800481319427 295.451541741689 293.318808078766 293.294966220856 295.480410257975 298.669934272766 297.517200311025 295.538008213043 292.259633541107 295.791367689768 296.764969825745 292.195359865824 287.79532512029 285.785297552745 282.012979189555 282.841960589091 285.757819811503 280.496795972188 276.961863040924 280.376533667247 282.826582590739 284.184018770854 284.000972906748 277.600407600403 273.558934529622 281.160036722819 282.242298126221 263.130366802216 246.84218565623 250.736971696218 263.247052828471 276.547491550446 286.045392354329 285.20272175471 277.535955111186 270.98947763443 244.85057592392 194.208920001984
299.472332000732 301.662961641947 307.337800661723 304.804444313049 306.29167954127 308.207253615061 307.567059993744 304.998834927877 297.700822353363 295.925041039785 298.65433772405 295.080065727234 295.851866404216 298.074622948964 298.917134602865 296.038051446279 296.198586622874 297.053694725037 296.580751736959 290.000160535177 286.472121874491 283.475200335185 278.978606065114 277.746836344401 279.311458269755 281.504114468892 274.603883425395 275.828719139099 278.824766476949 280.925552050273 277.948160966237 272.059798240662 274.400293827057 279.629230499268 270.739297072093 248.077432314555 242.836117744446 255.760769049327 273.079514503479 277.281542619069 275.359431902568 270.914196968079 263.258735338847 253.070573012034 233.884195486704 198.821643988291
298.841158548991 302.728692690531 304.792781670888 304.379979769389 305.751999219259 307.440221309662 307.207425435384 304.669260978699 301.938116550446 298.506697018941 300.000409285227 298.514564832052 295.251369476318 293.435633182526 293.526371320089 291.590094566345 289.299706617991 292.569696903229 293.017029762268 290.196359157562 285.93377272288 283.512075742086 282.035787900289 279.806395371755 276.717702547709 283.155878384908 284.674068291982 281.501670678457 278.179864088694 275.694906711578 271.041671435038 266.188104947408 267.85147190094 266.392906506856 257.322053114573 244.119882583618 246.812522411346 262.708624204 276.519656181335 272.122263908386 272.575914859772 263.943096001943 253.043512503306 242.713173230489 231.13081852595 211.502373218536
302.996695041656 306.265354156494 304.215629895528 306.335647900899 304.722428321838 304.917593797048 306.070705254873 304.657975832621 305.936813354492 303.183555603027 301.915268103282 301.709234714508 297.572513421377 293.248295783997 291.646699110667 293.707629044851 288.024048010508 289.714932441711 291.372895240784 290.914316972097 286.184410254161 283.177733421326 283.05462996165 282.884021600087 280.765434106191 279.763023058573 282.40426381429 280.176122983297 277.277568976084 276.11498037974 269.976715246836 265.365183353424 263.533075650533 258.655508359273 245.935638745626 234.747489293416 242.007652918498 260.343134403229 266.815463701884 257.554729779561 262.831389904022 254.404187202454 244.348565737406 245.497465133667 247.716307640076 228.393733501434
303.529322147369 304.020663102468 305.821299552917 307.006518046061 306.128184000651 306.184013684591 307.546099026998 308.827877044678 306.14831050237 305.653949578603 304.338932037354 302.985986073812 299.482027689616 296.254913012187 294.863343238831 296.692311763763 293.437262376149 286.078810691833 292.118708292643 288.770318031311 283.851345380147 285.305718580882 283.555924892426 277.558743953705 280.817190806071 275.397419929504 275.765359401703 276.572863260905 275.239368279775 273.142059644063 269.354085127513 266.814192136129 262.151479721069 254.652678966522 245.368361473083 236.440459887187 243.304193019867 255.98665078481 255.386710166931 255.5330991745 260.942379633586 250.215431054433 248.266657193502 256.190220514933 260.713696479797 243.132650852203
299.214740594228 300.363004207611 304.396907488505 305.244247118632 307.452897230784 308.173179626465 306.961854298909 305.954237778982 306.161840756734 306.626737117767 304.790814717611 302.492419878642 299.4051973025 298.377672831217 296.846985816956 293.756206830343 290.194948514303 284.317215283712 286.055664221446 284.964462121328 283.213675022125 280.700425306956 279.479881127675 271.729052066803 276.425937811534 276.005268096924 269.284943739573 273.587425549825 274.51620499293 272.020399570465 270.249684651693 268.045743306478 261.208494504293 259.183049201965 258.206069469452 249.583681424459 250.058313210805 253.39945157369 256.199359893799 265.085498491923 259.936849276225 251.821517944336 255.935072898865 258.782108624776 256.337642669678 243.156532446543
293.987969557444 296.519001324971 299.943188826243 302.365879217784 306.076089541117 308.314899603526 305.484712123871 303.66458495458 305.765688419342 307.408014933268 305.280963579814 301.621655623118 300.646106402079 297.340492407481 295.610368251801 289.254784584045 289.220770200094 280.845642089844 279.317696889242 286.300460497538 282.729625701904 280.957221984863 281.0986439387 276.330749193827 273.870567480723 278.681536515554 272.790153821309 274.676581223806 278.17577123642 280.563612778982 283.26028585434 279.581665992737 269.228518009186 269.597887992859 268.998185793559 257.5696905454 257.118344306946 259.686827659607 261.403659979502 263.40260108312 253.838241100311 248.720347881317 247.646729151408 242.988208929698 240.932106971741 240.636885166168
293.184240659078 291.411558787028 294.334828853607 299.598534901937 302.806536356608 304.950515429179 305.936853090922 307.856996854146 307.942926883698 303.744117418925 305.320064226786 305.446406205495 299.206833044688 297.571698824565 293.475687503815 290.821274121602 284.580747286479 279.307087262471 280.960400899251 286.963403224945 287.176291147868 285.616079966227 282.122611999512 280.843158562978 277.107755343119 280.003031094869 279.798090457916 282.828609148661 284.631053606669 288.547456264496 291.438261667887 288.605471452077 280.812303225199 278.437296549479 272.447307904561 261.964678764343 258.228758970896 263.140757878621 263.683597246806 253.164152304331 242.148399353027 244.747638702393 244.109948476156 238.108197848002 236.422220865885 240.537941455841
293.484687805176 295.152703921 296.558976173401 300.695697466532 301.466663678487 301.025648911794 306.500752766927 308.1028064092 307.093838850657 306.832412878672 304.336746533712 303.197701772054 300.803780555725 294.92199420929 293.526609738668 292.778273423513 287.48341401418 283.1023534139 283.074657122294 287.904063860575 290.064454078674 285.232762495677 283.814529577891 281.887272993724 277.874787648519 282.333314418793 284.390727678935 284.355521202087 287.268280982971 291.817605495453 295.31196753184 292.946497599284 284.186522165934 278.815309206645 267.28089650472 257.662653923035 257.221718629201 262.980262438456 258.618632952372 242.785314718882 238.121449947357 249.107400576274 248.86562426885 241.65815114975 238.847255706787 234.319468339284
292.613883813222 299.535652001699 301.24839146932 302.336891492208 299.511472384135 297.979076703389 303.23721965154 307.130873203278 303.649226824443 305.415312449137 304.294168949127 301.247696081797 298.170248667399 294.722497463226 291.774372259776 295.885920524597 291.841506958008 284.563481807709 281.956772009532 285.136918226878 285.480717817942 283.506333827972 283.279359340668 279.605646928151 277.014195919037 277.921994527181 281.037330627441 281.169295310974 282.325009504954 284.290909767151 292.290051778158 292.417466640472 280.741473038991 265.868961811066 235.364417235057 224.806030591329 240.584174791972 253.802637259165 255.559802055359 254.56291437149 258.139252662659 256.932139396667 240.252514680227 233.871956666311 242.204368114471 230.766534805298
294.148882230123 292.217791080475 290.255983670553 292.300184567769 296.604732672373 299.98375972112 297.708928585052 299.906770388285 299.873729546865 301.452855269114 300.872325897217 302.333196004232 300.850431124369 297.327518463135 292.638142903646 291.888872782389 293.804426987966 282.307306925456 279.799342155457 279.600183169047 278.879642486572 279.06080087026 278.643250465393 273.294826348623 273.378849029541 270.545919736226 271.30921681722 271.608630816142 271.037836869558 271.996378898621 276.196539402008 279.318849245707 260.356187820435 233.557999134064 203.785141309102 189.769248167674 203.966816266378 231.146474679311 253.43914826711 255.431056022644 256.343066692352 247.203409671783 230.536878108978 231.323738892873 237.985213597616 211.639940738678
295.716643333435 286.968966325124 283.530831336975 288.081208864848 294.84611749649 298.551777998606 296.481887499491 298.225283622742 298.601905504862 298.574388027191 299.39607779185 299.900968869527 301.677743593852 298.74324798584 292.43681828181 290.229757626851 292.588929335276 283.903857072194 279.53052520752 280.579884847005 281.563699245453 276.119768619537 276.484390099843 272.516151269277 271.149635314941 269.43043867747 268.555641174316 268.416464328766 266.834517319997 263.272007306417 254.305024941762 252.40284204483 234.155793984731 210.417409737905 198.640425999959 188.622057437897 177.080849806468 187.720914681753 207.450330257416 232.159117857615 243.709286053975 233.738164107005 227.848947048187 227.853536605835 218.732535839081 199.342846870422
295.491377512614 289.778292179108 286.556820074717 285.374800364176 291.957020759583 297.277510166168 299.83393351237 298.06903998057 299.68535900116 296.983182430267 299.805005391439 299.722035725911 301.381051540375 300.851782162984 294.489761193593 293.163518110911 292.59192943573 287.360072135925 282.358646392822 283.551633358002 283.397833506266 279.431780179342 278.815964857737 277.089218298594 273.350993792216 272.277633349101 270.150144894918 267.617384592692 263.943493366241 258.90193382899 248.955468336741 244.300842285156 226.252158482869 216.11895163854 218.540708223979 217.285513877869 203.167319297791 190.798004468282 181.309739748637 192.428608735402 215.84415435791 212.450583775838 204.205950101217 195.144196351369 191.41815106074 189.477483431498
297.00368642807 292.977531750997 286.308805147807 283.017913500468 286.999265352885 295.629302660624 298.685828844706 296.536723772685 297.48789469401 298.915644486745 301.444629828135 302.689035733541 300.848364830017 299.811005592346 294.981598854065 295.125583807627 294.813732306163 291.771312554677 286.289115746816 284.387151400248 282.690485318502 280.527015527089 279.902259508769 282.290995121002 278.240005175273 275.988002618154 271.001716454824 263.84445031484 257.370114326477 253.398060798645 251.44217411677 250.039299329122 233.832478523254 232.343236605326 237.69356807073 243.382255236308 247.785369555155 238.373160362244 220.909396807353 188.992738723755 190.78141450882 199.358185132345 197.139084339142 191.345711549123 195.736428101858 206.457853317261
296.540935834249 295.696636041005 291.779299577077 285.980979601542 283.19638967514 291.992664337158 297.346234321594 296.549042065938 293.620387713114 296.30438486735 302.74756749471 302.456180254618 298.908332983653 300.416509310404 297.743638356527 294.4415807724 295.294642448425 290.503859519958 285.973290602366 286.672870318095 285.112420717875 283.405045668284 279.712518056234 278.029958407084 278.184950351715 274.534960587819 256.38484954834 236.279269059499 231.665253639221 237.541317939758 245.40897210439 240.696052710215 233.35858186086 231.456855932871 241.45245552063 254.235049088796 268.189171950022 273.561278978984 264.360944430033 225.217481454213 196.560263633728 205.120424429576 216.295023759206 225.07655620575 233.115235964457 240.401526292165
295.985162258148 293.957769870758 293.245752652486 289.445439974467 284.831404685974 288.098394870758 295.429070790609 295.522530873617 293.152550856272 293.501436710358 301.193296909332 302.032589912415 297.766745090485 298.881570498149 298.972566922506 291.643679141998 293.265700340271 290.029843648275 286.500096321106 288.710534572601 286.073525746663 286.903222401937 282.792190710704 277.360339959462 276.473045349121 275.799155235291 258.527358373006 238.288362820943 234.759171803792 240.199049313863 248.893002669017 245.424310366313 242.212533950806 244.974096616109 258.24648141861 264.451841513316 269.236147403717 245.772023995717 220.566908518473 213.979125022888 221.338053544362 233.847558498383 230.152368545532 220.425625642141 217.335005601247 230.205555756887
287.889858086904 291.321218013763 289.49632247289 289.489905039469 285.064101219177 282.363891601562 294.583102067312 297.394474347432 294.365147749583 291.591266791026 296.506345272064 300.937751928965 298.642675081889 295.961479345957 295.9010998408 292.25218296051 289.883077144623 289.458870887756 288.089474042257 288.571357727051 290.933350721995 285.28638680776 285.788814226786 278.171221415202 277.138491471608 279.195268948873 274.558067321777 269.453525543213 267.534216245015 267.271717389425 262.599686781565 253.578066825867 254.055420557658 256.603419780731 253.243486086527 237.034698327382 215.88663260142 179.111480712891 158.797134955724 195.114592711131 234.175086021423 241.729597250621 224.562684694926 216.087301572164 221.744457880656 233.761648337046
276.695529619853 287.757714589437 287.504613399506 287.21551100413 286.466558774312 281.930009524028 288.985629876455 296.441237131755 297.57817586263 294.451038042704 295.952836672465 299.068133036296 298.74042669932 296.754519144694 295.28401295344 292.895634969076 287.479301293691 284.768422444661 284.105360507965 282.326062520345 283.53093067805 282.313982645671 281.132419904073 279.196520646413 279.565612475077 284.526149431864 288.51306438446 290.153622627258 274.68204498291 274.90488688151 261.623740196228 250.397821267446 249.405403931936 231.455683708191 203.781525293986 179.409563541412 167.538781960805 155.104498068492 145.477692286173 164.181917905807 191.842873891195 216.464718182882 225.31932592392 240.815877914429 269.203762213389 275.544544061025
