input/barkrak2/radiation/dir22324.grid
NCOLS 85 
NROWS 70 
XLLCORNER 665100 
YLLCORNER 4664600 
CELLSIZE 20 
NODATA_value -9999 
[rows 40 to 59 of 70, columns 0 to 45 of 85]
288.863658905029 289.669732252757 289.585491021474 291.664401690165 297.650297482808 302.11216211319 305.274426937103 307.840406894684 308.301091194153 296.637733777364 285.471320152283 281.221648057302 280.439794063568 277.099549770355 275.874237219493 275.332808494568 273.984750111898 273.72674147288 268.664300441742 267.44423309962 270.839432875315 274.898171424866 275.456527868907 270.704646905263 267.116864522298 264.769275983175 270.646731058757 271.959741910299 273.08197816213 272.408962249756 271.532813707987 270.826856295268 253.930350144704 254.095574220022 279.527246952057 279.061675071716 268.471340338389 264.324188232422 266.253789265951 263.150175412496 274.391750494639 304.513235886892 301.120539506276 241.323788960775 180.795808633169 145.606617132823
295.09296019872 292.504886786143 292.709469795227 293.041030565898 289.763867855072 287.469506263733 286.764880021413 287.293593088786 291.468997796377 285.263021787008 279.049297173818 279.671549797058 281.719406445821 282.184819380442 280.132869879405 278.81666024526 272.314806779226 278.981943925222 278.963347276052 273.810545603434 275.096535682678 273.587803045909 271.686653296153 274.256447950999 274.658958117167 267.901519934336 271.702547868093 273.476719856262 273.623665173848 274.187048276265 274.391233921051 270.761430263519 258.61386458079 265.676736831665 278.353114922841 268.454829851786 251.891414324443 248.180488745371 252.756496270498 261.086583137512 284.54319636027 298.14080397288 298.402627309163 275.139768918355 222.886860370636 179.092427094777
297.302623589834 294.693986574809 297.034780184428 296.152432759603 290.754636128743 287.905732790629 286.736687024434 284.973939259847 284.454603989919 281.918148199717 279.725770155589 280.806124210358 283.31983089447 285.596370697021 284.481803576152 281.057457129161 277.577877044678 282.848556836446 284.028728802999 275.874614715576 273.005445798238 270.97225189209 267.097036043803 268.01852385203 271.203895409902 267.549514770508 262.152592341105 266.127725442251 269.088804721832 272.322913010915 272.227923075358 267.368793487549 263.813197612762 273.358384768168 275.789856910706 254.860738913218 238.640407721202 242.040057977041 253.682494163513 267.213722070058 276.936491330465 276.880522569021 267.826020717621 257.724682490031 228.486935297648 176.857173442841
285.559852917989 287.880520025889 294.008036454519 291.936298211416 293.598214785258 295.657475789388 294.96431350708 292.134126027425 284.24068291982 282.421310742696 285.354495048523 281.646927197774 281.302650769552 283.737063407898 284.658710161845 280.217488606771 281.787673632304 281.222144762675 282.313406467438 277.047991752625 269.849836826324 268.541932106018 263.924320538839 260.772327582041 264.374295870463 266.860167185466 261.522968610128 261.186261971792 264.641880989075 265.427827835083 264.328082402547 258.89265537262 263.566891352336 271.095474561055 262.592991193136 240.189711252848 234.874288241069 247.4005818367 263.869047164917 267.975171407064 265.55993159612 261.554141839345 253.358463446299 240.659912427266 217.279076576233 180.7635029157
284.731904665629 289.52423731486 291.131059328715 291.452050209045 292.934477329254 294.786393642426 295.234203338623 291.829903920492 288.823862870534 285.193125406901 286.802808443705 284.163316090902 279.343128204346 278.741896152496 277.597546577454 276.854316393534 272.868990898132 277.981122334798 276.915272076925 275.561590989431 269.346237182617 267.000317573547 267.139395078023 264.835397402445 261.654734611511 266.662696997325 268.422067165375 265.285531679789 265.747567017873 263.333698113759 257.262388865153 251.36798620224 253.998935222626 255.417426427205 247.679114341736 235.863109429677 238.887250423431 254.707912604014 267.946441968282 262.67816623052 262.952327728271 254.070083300273 242.899239063263 231.594125429789 216.443657875061 193.777819474538
289.806485176086 293.358643849691 291.152358055115 293.495456377665 291.820685068766 292.023817698161 292.648633321126 291.805704434713 292.385260264079 289.296785990397 287.88814942042 286.513368288676 281.924784183502 277.27613846461 275.51660935084 279.121021429698 271.417200565338 271.348277727763 276.819825172424 272.878587245941 267.809987068176 270.130793253581 264.451146125793 264.074544111888 263.836145401001 262.829621632894 268.068353335063 265.962262948354 263.179341952006 260.713418324788 256.381154060364 251.786887645721 251.731773217519 245.487093925476 233.890970547994 225.293616453807 233.106335004171 251.634399096171 257.528126239777 247.352162996928 252.720236778259 243.774731953939 234.491924444834 235.468109448751 235.219359397888 212.560991446177
289.622843265533 290.909806887309 292.884707450867 293.620387713114 293.350597222646 292.730450630188 294.221520423889 294.921557108561 292.647421360016 291.082600752513 289.454102516174 287.875394026438 284.003039201101 280.471583207448 278.842826684316 280.803143978119 277.186592419942 271.168828010559 272.170166174571 270.472089449565 269.062618414561 266.944050788879 264.828006426493 262.571692466736 266.199429829915 260.543406009674 263.16891113917 264.147659142812 262.921492258708 260.985970497131 257.368385791779 254.757801691691 250.398993492126 243.450582027435 234.821677207947 226.961731910706 233.612577120463 246.002475420634 245.741883913676 245.583196481069 250.276883443197 239.776233832041 238.782286643982 246.966242790222 250.116566816966 229.792018731435
284.952918688456 286.944448947906 290.614664554596 290.998140970866 293.537358442942 294.878582159678 292.754769325256 291.741847991943 291.047215461731 293.082296848297 291.028877099355 284.866273403168 283.925473690033 282.715916633606 277.630388736725 274.055520693461 273.718317349752 263.388256231944 267.360726992289 268.314262231191 266.510923703512 265.866816043854 266.819218794505 258.900225162506 263.759911060333 261.214057604472 256.434718767802 259.081383546193 262.160897254944 261.345187822978 258.363842964172 256.254235903422 248.40247631073 248.879154523214 248.534162839254 241.085330645243 240.924874941508 243.37903658549 245.947817961375 254.871567090352 250.044882297516 241.120477517446 245.982706546783 249.545017878215 246.695677439372 231.30210240682
278.448045253754 281.160513559977 285.733580589294 287.718137105306 291.755457719167 293.531358242035 290.409505367279 289.143045743306 292.179902394613 291.672666867574 289.305150508881 286.400318145752 280.703067779541 281.503836313883 276.069521903992 272.770822048187 270.889222621918 263.691286245982 266.39183362325 269.733468691508 269.959608713786 268.255194028219 268.563687801361 263.747076193492 261.208275953929 264.081378777822 260.131041208903 262.261648972829 266.185462474823 267.273902893066 270.671963691711 268.709818522135 258.138835430145 258.772830168406 258.752544720968 249.930322170258 249.297738075256 249.906678994497 251.477201779683 254.665752251943 243.820091088613 238.537192344666 236.361781756083 233.016033967336 230.677525202433 230.428993701935
277.544856071472 275.609930356344 278.741041819255 283.51636727651 286.975125471751 289.626121520996 291.673183441162 292.669018109639 289.819518725077 288.734594980876 287.850737571716 286.373019218445 283.560474713643 280.109524726868 277.306358019511 272.683183352153 271.636585394541 266.359229882558 268.223861853282 274.407923221588 272.735595703125 273.256202538808 269.679347674052 268.57582728068 264.622588952382 267.703215281169 267.616589864095 268.712778886159 273.10574054718 277.632554372152 281.304319699605 280.528167883555 270.886222521464 268.182555834452 261.63516441981 254.08281882604 251.150707403819 254.720568656921 254.257003466288 242.752254009247 232.02129205068 235.172808170319 233.634293079376 227.823475996653 225.555638472239 229.090690612793
278.002460797628 278.543889522552 279.75078423818 284.244159857432 285.347839196523 285.012682278951 287.586013476054 291.262110074361 291.263480981191 289.407829443614 287.763655185699 286.465545495351 283.762832482656 278.911550839742 279.173314571381 280.384759108226 272.824823856354 268.296440442403 270.586053530375 273.516873518626 275.831739107768 273.00234635671 269.301056861877 269.674142201742 265.422224998474 268.007218837738 272.605538368225 272.730708122253 276.011904080709 281.215608119965 285.547991593679 284.159938494364 276.524762312571 268.998344739278 257.120251655579 249.25039211909 249.853452046712 255.178809165955 250.184595584869 232.970734437307 227.408587932587 238.450249036153 239.071647326152 232.036828994751 228.689114252726 223.4947681427
275.617281595866 281.55908981959 283.445080121358 284.833371639252 281.854192415873 281.274358431498 285.52653392156 290.028353532155 288.586815198263 290.416975816091 289.251267910004 287.511388460795 285.844167073568 280.464073022207 277.359426021576 283.748586972555 277.495801448822 269.893070062002 267.173290252686 270.555237929026 270.998378594716 271.105647087097 268.726448218028 264.896512031555 262.227594852448 263.282159964244 266.707460085551 269.323865572612 268.323322137197 273.184359073639 279.794653256734 281.87374273936 271.146972974141 255.953947703044 223.392049471537 213.964978853861 230.338136355082 244.972348213196 248.599986235301 246.990621089935 249.369740486145 246.992866198222 230.179667472839 224.034110705058 231.750766436259 221.680919329325
275.724947452545 273.502667744954 271.163105964661 273.605187733968 279.814779758453 281.906028588613 281.970024108887 285.924017429352 285.885850588481 287.636121114095 287.09336121877 288.691163063049 287.140429019928 283.280650774638 278.292179107666 277.54678328832 277.679244677226 269.796013832092 264.832973480225 264.648715655009 263.969381650289 266.381462415059 266.107201576233 260.569234689077 260.83250840505 257.932921250661 258.833448092143 261.595666408539 258.789817492167 259.950776894887 264.519532521566 267.348607381185 251.044948895772 223.708828290304 193.056146303813 177.821159362793 190.971255302429 219.421168168386 243.11089515686 247.236470381419 248.875180880229 238.953431447347 221.129576365153 221.461176872253 226.287802060445 203.192889690399
277.441064516703 269.177476565043 265.311578909556 268.723587195079 278.861145178477 284.362733364105 282.17210372289 284.079611301422 284.538010756175 282.841006914775 285.469174385071 287.725885709127 288.05547952652 284.893234570821 280.108571052551 277.79346704483 278.374075889587 271.368126074473 266.824464003245 267.906288305918 266.809662183126 263.462424278259 261.579910914103 259.731411933899 258.463740348816 256.732741991679 255.924125512441 255.877753098806 254.315296808879 250.652432441711 243.570109208425 241.948703924815 224.900960922241 199.298143386841 188.290556271871 176.802456378937 164.007872343063 174.381593863169 195.024847984314 221.715648969014 235.012451807658 224.624633789062 217.812637488047 217.514197031657 206.463833649953 190.622627735138
278.599679470062 272.169689337413 268.439292907715 270.197033882141 277.268409729004 283.024986584981 285.792787869771 282.351692517598 285.703559716543 282.833894093831 284.192283948263 285.877108573914 286.013662815094 287.19304005305 280.347943305969 280.972103277842 280.449668566386 272.858242193858 267.620662848155 271.144111951192 271.018127600352 266.906003157298 264.054516951243 264.607171217601 260.80862681071 259.764154752096 257.619738578796 255.015015602112 251.203676064809 247.977018356323 235.785901546478 230.942289034526 216.708262761434 207.322557767232 209.328373273214 206.650992234548 190.027991930644 176.402747631073 167.865176995595 179.719428221385 205.176631609599 198.523342609406 190.302232901255 183.341284592946 177.066246668498 180.440704027812
281.439781188965 278.265595436096 271.180828412374 265.949229399363 272.041201591492 281.257192293803 284.548322359721 282.297730445862 283.313751220703 284.917871157328 289.514819780986 289.106567700704 287.187616030375 287.915964921315 282.963951428731 281.118909517924 282.852113246918 277.595102787018 271.81202173233 272.005875905355 270.230829715729 268.085221449534 269.890745480855 267.850438753764 263.615012168884 261.30743821462 256.128827730815 250.953455766042 246.224999427795 236.527144908905 233.144521713257 233.170727888743 223.437150319417 224.10241762797 229.895134766897 235.018491744995 237.502912680308 226.555824279785 208.7042927742 176.088988780975 179.351429144541 188.13826640447 187.427937984467 180.525124073029 184.536933898926 196.618139743805
282.122512658437 279.823660850525 277.002235253652 269.108732541402 268.093168735504 277.353962262471 283.097803592682 282.307843367259 279.196202754974 284.124732017517 289.188424746195 290.700177351634 286.922554175059 288.574953873952 285.980582237244 280.376076698303 283.376375834147 278.480569521586 275.962889194489 272.260546684265 272.820115089417 271.238426367442 267.517944176992 265.815118948619 263.549904028575 259.788791338603 243.114431699117 222.400625546773 216.11358722051 222.372710704803 230.727116266886 228.696922461192 222.838183244069 222.227076689402 233.238538106283 246.982117493947 260.634442170461 264.391561349233 256.318469842275 214.54131603241 185.071428616842 194.892525672913 207.167824109395 215.289870897929 222.609341144562 231.113731861115
281.542778015137 277.953724066416 278.572658697764 274.634480476379 269.821484883626 273.340900739034 281.08008702596 282.884915669759 278.701305389404 281.325399875641 287.501374880473 290.184617042542 285.674571990967 286.96072101593 287.256817022959 279.441714286804 279.18275197347 277.899742126465 274.330079555511 274.450023969014 274.100561936696 275.007208188375 268.377661705017 262.671907742818 261.825402577718 263.446609179179 245.636999607086 224.605997403463 222.960670789083 229.110678037008 236.197749773661 233.636895815531 232.42066303889 236.257513364156 246.902664502462 253.272751967112 256.544291973114 231.675803661346 204.579075177511 204.647183418274 210.996111234029 223.845620950063 221.494714419047 210.29798189799 205.838720003764 219.289183616638
272.91876077652 276.51967604955 276.282588640849 274.679144223531 270.118832588196 269.281268119812 280.167142550151 284.91872549057 280.032475789388 279.486437638601 284.480373064677 287.307997544607 286.61835193634 281.93187713623 281.951526800791 280.040462811788 275.53520600001 277.305821577708 276.088833808899 276.706496874491 276.953339576721 273.42156569163 271.588742733002 266.027688980103 265.009125073751 267.264266808828 262.770513693492 257.065872351329 252.723077932994 252.639969189962 248.366375764211 240.412871042887 244.192560513814 248.111228148142 241.362551848094 230.914175510406 207.958519458771 166.484961907069 147.309958934784 183.378100395203 223.233938217163 232.820153236389 216.6535059611 207.027614116669 210.567096869151 222.103933493296
262.456039587657 272.695541381836 274.196406205495 272.284150123596 273.516277472178 268.800536791484 274.173259735107 283.930977185567 285.64711411794 282.687346140544 283.869326114655 285.264849662781 286.708454291026 282.791495323181 281.280358632406 280.701120694478 275.104463100433 272.555232048035 269.558747609456 267.711261908213 271.333475907644 270.142992337545 268.986761569977 267.080724239349 267.602245012919 273.016174634298 277.954777081807 277.136603991191 263.498802979787 258.154173692067 249.99729792277 240.609010060628 237.045963605245 224.423428376516 194.637556870778 169.765869776408 158.12087059021 145.08730173111 133.673667907715 150.569627682368 177.570939064026 205.268641312917 216.924071311951 233.417212963104 260.967930157979 266.132394472758
