input/barkrak2/radiation/dir21824.grid
NCOLS 85 
NROWS 70 
XLLCORNER 665100 
YLLCORNER 4664600 
CELLSIZE 20 
NODATA_value -9999 
[rows 20 to 39 of 70, columns 0 to 45 of 85]
160.991221666336 151.749402284622 165.63359896342 203.408539295197 198.647340138753 163.204252719879 150.070250034332 160.166710615158 173.074940840403 189.295629660288 202.532172203064 208.301444848379 212.102790673574 219.176888465881 231.092055638631 249.895830949148 266.754845778147 278.394023577372 298.332055409749 313.064535458883 316.48047765096 307.71815776825 305.433968702952 307.528058687846 309.023181597392 310.775498549143 313.639601071676 310.630897680918 307.261685530345 306.40172958374 299.577454725901 287.005325158437 275.642395019531 269.104063510895 266.542236010234 272.251605987549 272.259831428528 274.62097009023 279.594779014587 283.225893974304 284.313519795736 284.377892812093 286.029438177745 280.904332796733 284.905433654785 289.140323797862
191.405793031057 186.821023623149 198.322852452596 229.882121086121 226.856529712677 171.103676160177 162.434607744217 167.431712150574 175.804416338603 185.701251029968 196.648518244425 204.084952672323 209.06925201416 207.610150178274 219.814737637838 234.984894593557 253.841857115428 267.194787661235 282.424489657084 298.793951670329 311.394890149434 320.312142372131 322.079380353292 320.824027061462 315.657734870911 309.269269307454 305.32427628835 300.55977900823 302.453895409902 294.386327266693 277.347087860107 246.311446030935 223.08345635732 218.325893084208 225.29011964798 245.346943537394 252.864460150401 268.727242946625 279.549062252045 279.583613077799 277.65299876531 276.672462622325 269.730925559998 254.546125729879 276.368935902913 285.105288028717
234.883745511373 239.346464474996 239.055911699931 247.968753178914 247.85586198171 202.575325965881 185.289422671 177.104036013285 174.196084340413 181.272268295288 196.085969607035 205.995082855225 212.468385696411 217.126091321309 224.006295204163 232.158005237579 245.925048987071 259.016156196594 270.752231280009 278.382738431295 286.486029624939 302.499810854594 313.327312469482 316.058913866679 306.708713372548 299.72372452418 285.282671451569 266.944845517476 259.900609652201 241.119464238485 211.939652760824 168.262918790181 144.213438034058 157.488842805227 185.930152734121 211.130102475484 230.489591757456 252.272625764211 264.633178710938 268.226524194082 270.82633972168 271.8319495519 248.516201972961 226.228952407837 255.636215209961 282.17887878418
260.559419790904 260.074635346731 250.672539075216 253.336866696676 253.388444582621 238.047043482463 209.645609060923 182.583391666412 168.501019477844 172.937591870626 195.328911145528 207.089682420095 218.193471431732 228.952825069427 230.053722858429 232.305228710175 243.130962053935 257.745226224263 267.32075214386 262.405753135681 261.157015959422 257.913370927175 258.469939231873 266.882995764414 274.239579836528 273.472507794698 258.333802223206 246.068914731344 226.739009221395 184.628387292226 156.843026479085 131.903121868769 97.1950491269429 81.5127690633138 93.6967233816783 129.002819458644 176.793913046519 205.712298552195 224.458277225494 234.090765317281 233.583807945251 219.178358713786 205.733120441437 238.571425278982 243.282953898112 273.148914178212
253.878672917684 254.490852355957 256.066660086314 255.770325660706 245.722929636637 239.454646905263 215.036849180857 198.489904403687 182.219684123993 176.602681477865 188.443223635356 202.615837256114 216.766357421875 227.551778157552 229.400893052419 234.265148639679 241.211692492167 250.980019569397 255.463699499766 246.273120244344 242.214977741241 235.571384429932 242.506663004557 250.037749608358 255.617618560791 254.948655764262 247.162222862244 232.02782869339 198.657949765523 151.889642079671 131.602923075358 128.064870834351 105.53565621376 65.6514763832092 58.1751962502797 77.6056597630183 119.380205869675 153.652240832647 183.71045589447 198.479175567627 188.360750675201 166.112005710602 187.740445137024 261.095285415649 258.3247423172 275.605241457621
245.441734790802 250.092009703318 258.119920889537 254.360059897105 246.286690235138 239.649097124736 227.168420950572 224.121888478597 216.760953267415 202.437380949656 200.010200341543 218.582590421041 226.779898007711 238.877495129903 240.791420141856 235.889474550883 231.967151165009 238.494316736857 244.430085023244 251.639405886332 251.106897989909 244.910438855489 242.863257726034 242.195188999176 241.706172625224 241.504649321238 235.543012619019 225.8646885554 185.742974281311 160.895238320033 158.184627691905 173.118313153585 173.54683081309 131.236811478933 97.9244609673818 96.2205231189728 106.306145588557 127.757132053375 156.896005074183 173.297206560771 159.490158160528 152.986288070679 196.339925130208 254.685362180074 274.692336718241 286.629100640615
246.602078278859 249.869505564372 256.040990352631 254.82432047526 260.835687319438 253.856698671977 245.973428090413 241.27318461736 242.932935555776 238.870700200399 225.613574186961 238.286217053731 245.261708895365 255.345185597738 252.917249997457 236.848115921021 233.012159665426 244.450926780701 247.783064842224 259.279747804006 264.114816983541 258.819917837779 249.853014945984 242.815057436625 242.893020311991 241.500337918599 235.580861568451 229.155202706655 198.726038138072 193.062961101532 212.348818778992 237.093269824982 243.142247200012 246.040523052216 209.198037783305 131.353785594304 122.122933467229 128.753165404002 151.769667863846 161.327044169108 173.214574654897 203.852752844493 216.37761592865 236.741085847219 263.311405976613 275.546769301097
250.473499298096 247.098982334137 249.750713507334 253.697594006856 285.28090318044 269.812365372976 257.548928260803 246.444920698802 248.090287049611 254.956046740214 242.481489976247 242.718617121379 249.225338300069 251.641194025675 250.85723400116 248.089512189229 243.652840455373 248.341997464498 260.246833165487 264.173825581868 261.679867903392 253.274083137512 249.62051709493 250.455359617869 250.648240248362 248.300770918528 242.518723011017 238.780637582143 226.29048426946 226.197997728984 247.268974781036 261.485834916433 263.128618399302 276.585102081299 284.586369991302 206.960181395213 149.018228054047 134.730994701385 141.526758670807 165.202567974726 208.692749341329 263.841191927592 231.584986050924 225.588858127594 242.919921875 255.350550015767
249.147216478984 239.257176717122 242.670734723409 259.978612263997 300.975541273753 273.544629414876 251.058081785838 240.366101264954 245.056291421254 248.500287532806 241.624454657237 238.692760467529 245.358208815257 251.148521900177 255.850593249003 257.243116696676 251.935223738352 248.24184179306 257.409195105235 257.498919963837 256.502747535706 251.113871733348 248.712877432505 254.659454027812 256.115118662516 248.363375663757 248.523592948914 243.714928627014 237.265785535177 236.667374769847 257.790883382161 274.485051631927 275.163968404134 274.773081143697 289.888262748718 272.639155387878 176.742057005564 125.113666057587 113.626450300217 144.855976104736 218.317290147146 247.70732720693 221.220711867015 195.492645104726 213.041106859843 224.414885044098
242.889106273651 231.279909610748 238.329450289408 270.233790079753 299.000064531962 270.345171292623 241.004327932994 222.735643386841 218.072891235352 219.134052594503 218.798319498698 224.52300786972 238.147934277852 249.879638353984 258.066991964976 262.043635050456 259.37819480896 246.625602245331 249.591886997223 251.369992891947 251.868983109792 252.227743466695 253.963510195414 256.521205107371 259.13417339325 253.180225690206 257.049858570099 248.997529347738 240.599970022837 244.885484377543 264.820416768392 282.14156627655 278.029223283132 275.523761908213 285.472353299459 296.405096848806 261.585752169291 181.036353111267 139.063725868861 149.396071831385 186.258514722188 200.112382570902 204.907218615214 172.458211580912 179.133752981822 202.406207720439
233.526806036631 241.995056470235 271.852215131124 317.805965741475 315.616647402445 276.114781697591 240.494628747304 210.224509239197 199.192464351654 209.192315737406 205.930809179942 201.810042063395 230.129460493724 249.809622764587 259.151717027028 263.036568959554 264.533718427022 253.524740537008 253.757973512014 255.704661210378 252.955714861552 258.69890054067 260.777850945791 259.791612625122 261.909365653992 263.98891210556 263.004819552104 258.641600608826 250.175336996714 256.478488445282 272.092700004578 284.245610237122 280.401746431987 282.729029655457 288.69104385376 292.252759138743 303.492665290833 297.597368558248 225.535829861959 179.219086964925 165.577600399653 159.364571173986 179.031034310659 169.723371664683 171.283225218455 198.358476161957
252.239346504211 281.943837801615 309.139470259349 319.495519002279 339.330315589905 312.649448712667 272.431333859762 232.573707898458 218.219260374705 232.657412687937 224.721570809682 208.037316799164 222.768704096476 247.646450996399 261.880318323771 268.058101336161 266.452232996623 264.180858929952 259.045759836833 257.228930791219 259.486297766368 263.645927111308 264.018416404724 264.194786548615 261.940240859985 270.341078440348 271.2695201238 271.194557348887 267.20803976059 269.836862881978 277.894914150238 283.538122971853 285.559137662252 291.579604148865 295.611282189687 284.68135992686 290.343801180522 317.501386006673 297.152876853943 229.410270849864 177.826543649038 161.178141832352 162.810464700063 173.665225505829 195.788820584615 224.151611328125
292.518516381582 308.938284715017 307.482779026031 301.546672979991 317.990720272064 330.421805381775 317.038814226786 285.525580247243 261.722842852275 259.984215100606 261.98422908783 237.698594729106 225.27664899826 246.617555618286 267.079095045726 270.685394605001 268.801152706146 271.118899186452 260.316510995229 257.046858469645 263.527731100718 263.638059298197 262.180944283803 261.3219221433 261.975765228271 272.833824157715 278.268297513326 280.808965365092 274.941325187683 274.623552958171 284.515221913656 290.342807769775 287.744144598643 288.733283678691 292.457779248555 281.832257906596 281.877040863037 294.61282491684 284.598390261332 249.419013659159 216.158509254456 185.261567433675 169.098158677419 173.135161399841 194.381455580393 228.942255179087
298.007210095723 297.237753868103 292.07315047582 282.285432020823 284.004112084707 301.836927731832 315.120259920756 304.027438163757 287.731905778249 282.757341861725 284.208714962006 267.649908860524 248.743633429209 256.033043066661 268.649677435557 270.195921262105 265.625556310018 267.391880353292 259.272217750549 260.192195574443 260.008215904236 261.545221010844 258.579313755035 257.727821667989 263.321300347646 269.460042317708 277.740061283112 279.512723286947 276.538809140523 279.726942380269 288.522521654765 288.334409395854 276.655634244283 272.600750128428 276.260276635488 259.535471598307 257.746338844299 253.761490186056 237.320721149445 231.733282407125 242.754717667898 216.248492399851 191.134075323741 177.354375521342 180.586278438568 204.312205314636
296.606123447418 290.433684984843 295.980413754781 283.968130747477 277.302225430806 287.382026513418 308.616101741791 322.063863277435 308.975597222646 292.222599188487 283.789436022441 279.84098593394 278.209169705709 272.74888753891 269.851426283518 269.00456349055 268.571575482686 264.502465724945 260.267992814382 264.711976051331 261.334657669067 259.568333625793 258.2927942276 258.976797262828 261.680245399475 266.834676265717 272.682229677836 271.592299143473 271.645486354828 280.153850714366 286.230524381002 278.794984022776 264.062841733297 266.192078590393 263.016084829966 245.648165543874 247.541348139445 246.745149294535 246.091643969218 254.86954053243 257.377763589223 250.973204771678 230.296313762665 211.86625957489 196.215033531189 188.837647438049
312.308351198832 309.123357137044 316.719313462575 312.460541725159 303.558886051178 305.904269218445 319.219708442688 335.105061531067 321.083982785543 297.499338785807 284.57498550415 287.574172019958 294.35803492864 283.841411272685 275.712172190348 276.142716407776 271.941026051839 265.313843886058 268.059353033702 268.012901147207 265.553990999858 262.145936489105 263.022303581238 265.301664670308 263.816833496094 265.061497688293 267.26226011912 265.120247999827 268.133282661438 280.357420444489 282.767554124196 275.333841641744 266.016622384389 266.842206319173 255.580147107442 249.97756878535 255.43753306071 257.926801840464 265.974342823029 279.698252677917 246.551811695099 237.673719724019 229.222337404887 220.688978830973 205.270409584045 183.674037456512
326.841235160828 325.498620669047 328.414003054301 328.896880149841 321.114162604014 315.414627393087 320.956230163574 333.975036938985 325.182636578878 297.443191210429 285.5091492335 289.95535771052 294.0966685613 281.369904677073 273.890852928162 278.255879878998 280.576666196187 273.7730940183 273.294866085052 274.868607521057 275.244990984599 269.429584344228 266.683419545492 269.311547279358 266.375819842021 265.130321184794 268.58659585317 271.965026855469 273.160040378571 280.917227268219 283.690611521403 277.845978736877 268.447120984395 264.816184838613 252.726972103119 256.932238737742 262.132525444031 263.851583003998 266.39449596405 273.033082485199 229.333857695262 193.838556607564 181.352992852529 173.629661401113 174.636642138163 172.025402386983
331.212778886159 331.778367360433 331.982672214508 331.4208984375 325.327833493551 320.242245992025 320.425450801849 326.915224393209 328.931450843811 305.343786875407 294.489185015361 292.139569918315 288.405776023865 281.923810640971 273.402591546377 276.742557684581 286.929508050283 279.716809590658 277.014414469401 279.47477499644 278.950273990631 274.40090974172 271.588762601217 270.386338233948 272.12115128835 270.352562268575 271.087686220805 276.79580450058 277.976095676422 281.181077162425 283.561865488688 279.474933942159 271.131634712219 255.89378674825 245.899061361949 262.411832809448 271.401663621267 270.548144976298 262.415607770284 267.350474993388 228.480180104574 163.370082775752 136.340429385503 125.604818264643 128.447085618973 138.465692599614
323.896626631419 329.02733484904 331.406076749166 330.250144004822 328.468918800354 328.193287054698 326.643904050191 325.669387976329 327.174087365468 315.267503261566 310.565888881683 302.705824375153 290.525058905284 286.615053812663 280.978679656982 276.190241177877 284.723877906799 284.721374511719 279.066761334737 278.126438458761 277.843117713928 276.443064212799 272.172828515371 272.891521453857 274.95543162028 274.914463361104 275.022665659587 277.388612429301 280.404369036357 280.548989772797 281.950732072194 281.485080718994 267.126401265462 244.057099024455 251.600086688995 276.034573713938 279.104073842367 273.914138476054 259.641428788503 262.681643168132 263.818800449371 204.028387864431 146.784673134486 123.654027779897 121.476004521052 122.767130533854
306.474248568217 310.364921887716 310.109814008077 316.200693448385 323.524634043376 330.861508846283 335.189938545227 336.255113283793 334.351420402527 327.803552150726 317.213376363118 298.820396264394 289.31713104248 287.37199306488 284.838716189067 278.818170229594 282.618780930837 282.457888126373 276.792109012604 276.510655879974 278.548280398051 280.250867207845 280.307133992513 275.61620871226 273.692349592845 275.957485040029 277.635514736176 278.199712435404 280.861099561055 279.887616634369 280.234336853027 279.748062292735 260.419170061747 245.490849018097 270.401219526927 286.034683386485 281.485597292582 275.99577109019 265.106002489726 265.037178993225 292.413989702861 296.783328056335 232.607920964559 180.266400178274 146.359632412593 122.500995794932
