input/barkrak2/radiation/dir29624.grid
NCOLS 85 
NROWS 70 
XLLCORNER 665100 
YLLCORNER 4664600 
CELLSIZE 20 
NODATA_value -9999 
[rows 42 to 62 of 70, columns 0 to 48 of 85]
122.202624877294 119.342267513275 121.751020352046 119.692186514537 112.827281157176 109.390924374262 106.10431432724 102.927982807159 102.476507425308 98.76948595047 96.1899956067403 95.7633852958679 99.260946114858 102.560222148895 101.389716068904 97.5110232830048 94.9128270149231 100.131501754125 103.420992692312 96.0389773050944 93.1733051935832 91.2233193715413 87.5894029935201 89.1916851202647 93.5598214467366 90.0131861368815 86.8613421916962 93.0936932563782 98.2367197672526 102.487723032633 103.694379329681 104.502936204274 117.97167857488 142.092337210973 146.999537944794 128.54129076004 114.742567141851 112.183262904485 113.595108191172 123.69242310524 133.777956167857 136.84285680453 121.455490589142 84.7137272357941 25.5064268906911 0 0 0 0
105.974853038788 108.885596195857 117.654452721278 114.543567101161 117.43285258611 119.407067696253 118.418862422307 112.999051809311 102.063546578089 100.140750408173 102.947274843852 98.1216430664062 99.1480648517609 102.779448032379 102.830866972605 99.3635455767314 100.068390369415 101.797372102737 103.138973315557 97.2387790679932 92.6107366879781 88.5356763998667 87.0726803938548 86.306244134903 87.7145032087962 91.4282898108165 87.5533918539683 88.8895889123281 95.5397188663483 97.7571109930674 95.5819487571716 95.0077474117279 106.482128302256 127.188334862391 132.735550403595 117.278108994166 112.233032782873 118.19718281428 123.331397771835 124.701917171478 119.991441567739 118.05671453476 110.83577076594 82.7352702617645 35.9280183911324 0 0 0 0
104.452431201935 110.148171583811 113.584160804749 114.143431186676 115.577826897303 118.395328521729 118.17807952563 113.644639650981 108.784804741542 103.565831979116 105.651805798213 102.357804775238 98.3034670352936 97.467452287674 96.6068506240845 96.2992211182912 92.2005375226339 98.7839897473653 100.299894809723 97.3433752854665 92.6207800706228 90.5597805976868 89.4721150398254 91.0134216149648 88.1089766820272 96.8826015790304 99.798450867335 96.9797273476918 96.7759490013123 95.7798759142558 91.6290978590647 89.3705387910207 96.9676375389099 101.503123839696 109.620163838069 110.324412584305 115.339616934458 125.081439812978 128.83393963178 120.774288972219 118.851204713186 112.959315379461 107.117195924123 85.8674844106038 50.6696800390879 10.2502591907978 0 0 0
110.9312971433 116.084923346837 112.741669019063 116.592307885488 114.656835794449 114.85281586647 116.14332596461 114.161183436712 115.563760201136 110.070109367371 108.398050069809 106.945017973582 102.505495150884 97.1839229265849 96.6768562793732 100.19463300705 93.7668681144714 96.9846944014231 101.483802000682 99.5432337125142 96.2779720624288 95.4365134239197 94.0338770548503 94.8150753974915 95.7104365030925 95.3274965286255 101.835270722707 100.169767936071 98.1956521670024 97.2299774487813 93.2170649369558 89.7375146547953 93.151201804479 92.2524829705556 92.4566884835561 94.6436127026876 103.536645571391 117.386360963186 118.678043286006 104.920734961828 107.785284519196 101.854374011358 99.8395979404449 96.9057778517405 78.4750779469808 40.4295871655146 3.57397335271041 0 0
110.973914464315 112.91895310084 115.572313467662 117.477516333262 117.375840743383 116.637408733368 118.806004524231 120.314041773478 116.75156156222 114.657630523046 112.862835327784 111.349095900853 106.84006412824 103.954374790192 102.972199519475 106.342931588491 103.098670641581 98.1431603431702 103.805869817734 102.24328438441 98.9505251248678 99.3832051753998 98.3330210049947 95.1294998327891 101.488033930461 94.8493878046672 95.9055225054423 98.0585118134816 99.2789069811503 99.0801056226095 96.6748893260956 94.3417251110077 92.6729440689087 92.8017099698385 93.7614341576894 94.7596033414205 97.8044072786967 106.409748395284 108.325004577637 105.037381251653 104.982833067576 98.0460345745087 103.668649991353 111.748417218526 103.160719076792 68.3553069829941 27.804267903169 0.0823821465019137 0
104.839742183685 107.18168814977 113.495190938314 115.02879858017 118.995179732641 120.199124018351 117.489874362946 117.504308621089 117.053071657817 119.685123364131 115.915308396022 111.54047648112 109.375069538752 109.789232412974 107.011695702871 105.513860781988 104.039678970973 95.548411210378 100.332260131836 101.704527934392 97.9941884676615 98.1465975443522 102.220902840296 93.7232375144958 97.1683859825134 96.670925617218 91.6590491930644 94.3165818850199 98.4406471252441 97.9793568452199 99.192996819814 98.3035564422607 93.255341053009 95.7073072592417 107.523073752721 111.737132072449 107.909401257833 102.267175912857 106.010297934214 118.252446254094 108.107338349024 99.7875332832336 107.375929752986 115.343699852626 108.363846937815 86.7424309253693 47.6378401120504 11.3057879110177 0
97.0898469289144 100.721518198649 106.501479943593 110.510448614756 117.070982853572 121.043145656586 117.34543244044 114.926775296529 119.079103072484 120.892465114594 119.116564591726 114.345212777456 112.165451049805 112.480461597443 110.21633942922 104.418128728867 103.35710644722 96.8625744183858 100.814640522003 104.655822118123 103.432575861613 101.591845353444 104.614774386088 100.795924663544 98.2381006081899 99.867324034373 95.9007640679677 99.3720094362895 105.456342299779 110.217958688736 113.947004079819 114.217688639959 104.826947053274 105.937550465266 114.575346310933 122.446815172831 124.009609222412 112.380921840668 109.383414189021 115.811844666799 106.459746758143 97.3221858342489 95.7217216491699 95.0052539507548 93.6777989069621 92.6170150438945 80.9305508931478 28.9622098207474 7.39805089930693
96.2702929973602 93.4358338514964 98.0376303195953 107.510924339294 113.276898860931 116.543551286062 119.615683952967 122.426291306814 123.177389303843 119.1080113252 120.849519968033 120.262344678243 116.922239462535 113.636076450348 111.28760377566 107.260763645172 105.214277903239 101.819266875585 105.272591114044 109.814176956813 111.272821823756 109.552641709646 106.249153614044 107.055366039276 103.659361600876 105.848560730616 106.736530860265 107.668687899907 114.273647467295 123.737712701162 132.193366686503 132.778565088908 123.970637718836 116.608858108521 115.275760491689 122.884293397268 127.897719542185 127.320110797882 114.987423022588 103.772739569346 96.1867769559224 96.8063573042552 95.1467553774516 90.1549061139425 86.6406559944153 91.2630558013916 86.3384207089742 33.4715967377027 8.19285586476326
96.6651837031047 99.8151401678721 103.480597337087 110.730558633804 111.587365468343 111.83496316274 120.537340641022 125.650455554326 125.080615282059 124.728371699651 124.017924070358 123.428424199422 119.833489259084 114.840338627497 114.503184954325 117.696285247803 109.370668729146 108.058621486028 109.525203704834 116.160869598389 115.893542766571 113.276084264119 110.188186168671 109.832803408305 104.508568843206 109.580665826797 113.780836264292 115.142623583476 118.594964345296 129.133681456248 136.565864086151 144.168853759766 133.159627517064 123.206357161204 104.142894347509 109.913339217504 119.131873051325 128.869652748108 120.68231900533 98.0165799458822 90.3082489967346 98.473995923996 101.478815078735 97.8614687919617 92.6184852917989 89.1778171062469 73.957234621048 47.070249915123 10.1939588785172
96.9396730264028 108.598798513412 110.815833012263 113.157580296199 110.92609167099 110.189040501912 118.439008792241 124.55540895462 123.944501082102 128.747850656509 126.543333133062 125.344494978587 123.078564802806 117.718706528346 116.980493068695 123.609016338984 116.139352321625 112.383554379145 110.056529442469 112.514555454254 111.676792303721 111.466417709986 110.705892244975 107.177287340164 105.002293984095 106.158395608266 111.133893330892 110.893080631892 111.865103244781 121.213177839915 131.937354803085 139.173666636149 135.458707809448 110.475947459539 77.69775390625 53.1746447086334 91.0890400409698 111.951917409897 128.753066062927 123.668352762858 116.744667291641 109.54080025355 92.6654140154521 89.4017418225606 98.3297228813171 91.10227227211 70.4397062460582 58.0903440713882 17.5828573604425
100.756774346034 99.040279785792 97.6877013842265 100.625683863958 108.472029368083 113.431950410207 114.1264239947 120.274504025777 120.205461978912 125.422070423762 125.54986278216 127.801150083542 127.094606558482 121.490339438121 119.566837946574 118.118673563004 119.839608669281 112.419794003169 106.855005025864 104.91868853569 104.403793811798 105.496138334274 106.862167517344 101.182192564011 103.255530198415 99.1632739702861 100.992759068807 102.452397346497 101.420640945435 103.942394256592 111.516177654266 121.749232212702 116.784910360972 92.2512014706929 58.7867001692454 34.3956475456556 35.7702647646268 70.1792935530345 103.132436672846 123.923003673553 125.685016314189 109.153668085734 88.4916086991628 83.6915771166484 92.29709704717 82.7350517114003 66.9415692488353 74.6606588363647 56.127518415451
104.65328892072 93.6435461044312 90.7850464185079 96.5975324312846 109.243889649709 118.011335531871 116.873552401861 118.53156487147 120.862931013107 121.29400173823 123.517950375875 125.970542430878 128.853321075439 126.778314510981 121.383925278982 118.54475736618 120.977600415548 114.06817038854 109.258115291595 109.908193349838 109.728594621023 107.43460059166 104.669153690338 101.185232400894 100.226203600566 100.084592898687 98.8635023434957 98.2555449008942 95.8288510640462 92.2160347302755 85.5427384376526 90.7563666502635 91.3738310337067 74.8531669378281 60.0391527016958 35.746768116951 22.6049150029818 20.7912152012189 36.7183883984884 84.1009418169657 108.268807331721 99.1345047950745 88.4573260943095 82.3998153209686 72.9355414708455 70.7062482833862 64.3885185321172 84.7104589144389 96.9481269518534
105.239689350128 99.1577406724294 96.168041229248 100.761731465658 111.047903696696 119.945257902145 122.749398152033 118.841081857681 123.331298430761 121.143162250519 124.679297208786 126.876135667165 128.092308839162 129.279891649882 124.791145324707 124.274442593257 124.419997135798 118.24909845988 113.89751235644 115.23578564326 115.167886018753 110.84779103597 109.60927605629 108.968277772268 104.64275876681 104.125698407491 102.408369382222 98.3550747235616 92.7516023317973 85.9709680080414 76.95505519708 80.3734064102173 84.379384915034 84.9482913812001 83.3093076944351 71.147084236145 44.1913406054179 28.6892975370089 21.0797414183617 30.4981494943301 52.6687502861023 77.2093832492828 52.6986966530482 43.8598146041234 43.3815121650696 51.1599034070969 68.2458231846492 77.3910135030746 92.1952823797862
108.837912480036 107.22628235817 102.640817562739 100.645184516907 106.576303641001 119.041264057159 121.099293231964 118.699729442596 120.742301146189 125.693827867508 131.870011488597 132.238467534383 130.133281151454 131.030738353729 127.591957648595 126.786182324092 127.019097407659 123.496989409129 118.105848630269 115.996807813644 114.630540211995 113.679746786753 115.688055753708 117.187013228734 111.393839120865 110.520541667938 102.649658918381 92.2037561734517 84.8667621612549 80.5815756320953 79.9371401468913 86.0098799069722 90.0769134362539 101.645688215892 108.519613742828 108.087847630183 91.8073654174805 73.2235213120778 59.7325464089712 34.159575899442 43.8780188560486 63.6051793893178 63.8522654771805 51.8133242925008 52.0901630322138 69.5649137099584 95.0238108634949 91.2813246250153 86.243470509847
111.845115820567 111.171553532283 109.53293244044 104.726990063985 104.955782492956 115.682949622472 119.22699213028 119.577169418335 118.840118249257 127.871106068293 136.187771956126 135.066092014313 129.960685968399 132.746388514837 132.353723049164 125.652333100637 127.815862496694 124.171038468679 119.556764761607 117.304593324661 116.101751724879 118.017584085464 115.592400232951 115.402152140935 112.85741130511 106.580376625061 78.5669336716334 59.1994176308314 56.2402307987213 63.807467619578 77.2014160950979 82.474817832311 88.1835222244263 95.5529014269511 109.672427177429 118.69274576505 120.771179596583 115.798006455104 100.301265716553 72.8541314601898 48.1326828400294 65.5985375245412 82.3884805043538 83.5702419281006 83.9225053787231 99.3906458218892 128.227402766546 116.634587446849 93.0919845898946
110.66680153211 108.588874340057 112.341592709223 113.005528847377 109.453628460566 112.329622109731 119.595428307851 120.635767777761 120.051473379135 127.507428328196 135.103762149811 134.170899788539 128.465582927068 131.250768899918 134.281019369761 124.045600493749 125.446816285451 123.439530531565 121.135771274567 120.871235926946 121.96347117424 122.16583887736 115.997970104218 110.845446586609 108.881572882334 107.376873493195 86.759219566981 63.9954109986623 64.6218607823054 75.0352293252945 86.0599478085836 88.4195367495219 99.711149930954 111.297140518824 118.335326512655 128.137628237406 125.524928172429 71.7744827270508 59.1149727503459 73.1984525918961 75.2546489238739 89.5841519037883 94.6351488431295 77.9701471328735 49.2503742376963 79.0659884611766 105.206072330475 99.8372832934062 85.4732493559519
97.8469947973887 106.959561506907 110.389053821564 113.05312315623 112.338602542877 108.505437771479 120.330562194188 124.284893274307 123.988648255666 128.263493378957 131.618916988373 131.56936566035 130.743761857351 128.235389788946 129.565248886744 124.692430098852 120.856583118439 123.863935470581 125.406950712204 126.156598329544 127.882500489553 122.799754142761 119.700243075689 112.150301535924 112.735559542974 111.638158559799 108.815391858419 102.929065624873 105.167359113693 108.552803595861 104.744553565979 98.4249313672384 114.22457297643 122.861405213674 118.621210257212 88.2205367088318 77.8117726246516 39.1714846094449 26.0573153694471 39.4834826389949 76.0627289613088 100.17587741216 97.9217986265818 82.8578074773153 70.2274094025294 73.7844407558441 90.2501543362935 94.9698189894358 92.8444663683573
87.5796278317769 103.461881478628 108.192602793376 110.958288113276 113.953938086828 109.460592269897 114.707460006078 123.988568782806 134.496877590815 135.031640529633 131.594995657603 129.444281260173 130.848258733749 129.339675108592 128.496368726095 126.270979642868 121.830572684606 122.831801573435 121.268173058828 117.812623580297 118.738929430644 117.047826449076 117.588490247726 115.633189678192 114.794284105301 119.610130786896 130.123833815257 136.163552602132 125.679751237233 121.768514315287 107.953727245331 98.562220732371 108.691692352295 99.2411673069 53.2473723093669 42.4813330173492 40.645440419515 31.5477624535561 18.1985137363275 13.3959824840228 15.8859429260095 62.0154440402985 95.2794055143992 111.985067526499 129.997690518697 124.904165665309 118.18324526151 116.10679825147 114.942451318105
89.6305441856384 100.077331066132 108.34527015686 111.046403646469 112.424393494924 112.852940956752 106.964647769928 118.247091770172 140.104502439499 138.911068439484 130.766073862712 126.544614632924 128.800253073374 132.156819105148 131.283899148305 127.05476085345 125.236709912618 121.509045362473 114.276041587194 106.782048940659 106.224417686462 109.234531720479 109.175701936086 111.800501743952 112.495511770248 120.671898126602 136.438926060994 143.651932477951 129.053314526876 118.096540371577 104.432125886281 88.6380672454834 88.1290137767792 81.675261259079 59.2533051967621 35.6608952085177 37.1674373745918 49.259493748347 41.0401274760564 24.8381445805232 13.894001642863 24.5635807514191 73.0585008859634 104.697167873383 115.896751483281 115.553955237071 108.024001121521 108.800311883291 104.077180226644
102.677951256434 105.778048435847 108.563522497813 104.805092016856 98.1361170609792 94.2703684171041 102.980434894562 109.640061855316 120.304495096207 117.610245943069 115.625888109207 121.510684490204 127.792547146479 129.407266775767 124.975462754567 126.430739959081 126.655131578445 119.975050290426 110.835293928782 104.023694992065 102.510293324788 103.021621704102 106.847514708837 109.943300485611 107.817570368449 112.626890341441 124.515036741893 133.88866186142 124.012400706609 106.820861498515 98.0959534645081 80.5592387914658 72.3666201035182 85.3780706723531 78.7336577971776 55.4072062174479 58.662086725235 92.8780237833659 96.1547096570333 74.3528753519058 41.2741502126058 30.9472481409709 49.729992945989 67.9318358500798 57.6377312342326 72.5974788268407 77.6908149321874 82.7784538269043 81.2921126683553
115.682750940323 111.791104078293 107.837657133738 100.004742542903 88.5128974914551 80.648531516393 93.9650038878123 92.9447412490845 80.9323092301687 81.1771849791209 93.92316142718 108.534832795461 114.394545555115 118.834714094798 122.283120950063 133.604923884074 136.047681172689 126.371681690216 116.33692185084 112.13818192482 108.186741669973 107.041865587234 108.512530724208 105.810195207596 103.738129138947 110.812683900197 112.572699785233 117.107530434926 111.679901679357 90.6176964441935 95.8632826805115 87.9473884900411 79.0519962708155 95.9490438302358 100.051591793696 86.8328015009562 78.2343695561091 79.9971918265025 84.9996407826741 83.260456720988 65.743163228035 49.3326038122177 49.468254049619 39.57433005174 31.0864845911662 36.0115766525269 57.7893157800039 61.9372626145681 67.2851403554281
