input/barkrak2/radiation/dir25724.grid
NCOLS 85 
NROWS 70 
XLLCORNER 665100 
YLLCORNER 4664600 
CELLSIZE 20 
NODATA_value -9999 
[rows 20 to 39 of 70, columns 0 to 45 of 85]
82.6468964417775 70.4441368579865 76.7761717240016 99.1865694522858 94.9413180351257 83.6176176865896 77.1429042021434 90.0448262691498 102.774451176325 114.416509866714 114.088326692581 117.777615785599 115.897476673126 118.216057618459 128.409961859385 144.201278686523 158.050666252772 166.449308395386 180.123527844747 195.587615172068 200.866123040517 190.98969300588 188.749114672343 190.745075543722 192.470590273539 194.284021854401 188.703576723735 193.826238314311 196.407079696655 189.807017644246 180.879135926565 185.495992501577 188.819607098897 177.596310774485 173.723181088765 180.254340171814 179.69818909963 181.390384833018 186.139384905497 190.689603487651 192.245066165924 192.772448062897 195.62166929245 188.508927822113 194.822371006012 199.411312739054
112.445910771688 101.242472728093 96.9140827655792 123.267163832982 121.250172456106 84.6409996350606 87.5446995099386 99.1877218087514 108.205795288086 114.503840605418 111.884931723277 113.206744194031 114.438315232595 110.047340393066 119.837552309036 134.370148181915 148.488809665044 160.483022530874 171.741048494975 187.939961751302 197.635928789775 206.863522529602 212.952196598053 208.617428938548 200.629651546478 188.308497269948 175.401945908864 173.614382743835 180.888692537944 168.837467829386 148.701479037603 134.087353944778 107.246001561483 103.884061177572 102.728982766469 145.619491736094 154.912213484446 173.175116380056 185.600638389587 186.945875485738 184.659679730733 182.822823524475 175.894637902578 156.770308812459 182.061314582825 195.047497749329
159.316778182983 156.933118899663 140.590846538544 143.809815247854 142.816960811615 106.85259103775 110.113213459651 109.903752803802 107.742081085841 108.933379252752 113.841891288757 116.940190394719 118.041962385178 121.941417455673 124.719758828481 132.888654867808 145.637273788452 157.631744941076 168.131172657013 169.512033462524 173.941651980082 191.42476717631 199.91413752238 201.073706150055 199.224591255188 188.338398933411 176.365276177724 164.48516647021 165.411521991094 145.530303319295 124.573886394501 82.8074365854263 56.5787653128306 41.0747850934664 44.116735458374 67.0270125071208 94.7814087073008 127.980808417002 150.204022725423 162.36275434494 170.432845751444 175.365587075551 147.925009330114 123.096446196238 156.993647416433 191.330452760061
194.843510786692 187.509973843892 159.229695796967 150.374790032705 148.734440406164 142.611900965373 131.743013858795 112.745900948842 101.758748292923 105.492840210597 115.95759789149 122.881631056468 129.431327184041 139.068414767583 135.714590549469 135.986665884654 144.715150197347 156.190603971481 163.264354070028 153.980702161789 155.073583126068 160.281578699748 172.236045201619 178.954362869263 184.84087785085 180.279274781545 166.716396808624 152.207672595978 143.009871244431 105.656564235687 73.3443796634674 62.7285788456599 31.8048720558484 4.48720653851827 1.3757295285662 11.6942139963309 42.2730495532354 70.3137467304866 86.6964360078176 96.4562396208445 104.909271001816 97.527821858724 105.957647164663 137.275079886119 150.275737047195 179.054319858551
191.017111142476 188.677052656809 174.327472845713 154.05602256457 139.727811018626 143.053193887075 132.574448982875 123.738636573156 114.464779694875 110.816339651744 114.413499832153 115.736921628316 128.432323535283 138.11715443929 136.611441771189 137.251744667689 143.092334270477 154.658536116282 161.837716897329 153.617252906164 153.497715791066 148.792962233225 158.343106508255 164.25813237826 165.927886962891 162.920286258062 153.717170159022 140.279104312261 124.232222636541 76.9709497690201 64.4876410563787 62.4215106169383 40.4049803813299 4.52370941638947 2.59707914665341 14.3326322237651 31.3326343894005 44.4396833578746 55.5309255917867 55.884708960851 53.1309892733892 52.133118112882 75.9774595499039 166.117330392202 170.64356803894 181.481758753459
177.8777440389 183.289170265198 182.818452517192 159.175127744675 140.181998411814 143.083443244298 145.772486925125 153.388877709707 150.964766740799 138.733287652334 128.591467936834 137.885888417562 141.573876142502 148.540019989014 148.333499828974 140.836477279663 142.027109861374 154.082089662552 158.674240112305 163.783838351568 167.964359124502 162.200212478638 158.213665088018 154.297639926275 153.726289669673 152.377863725026 141.578257083893 133.21985801061 108.847012122472 94.3836569786072 93.6413506666819 104.497253894806 98.9889701207479 40.2177224556605 20.0693843265374 30.3354586164157 33.2559744517008 42.6293313503265 46.6371824343999 43.6116556326548 35.2424730857213 40.0233268737793 89.8901422818502 169.113357861837 189.362645149231 192.14802980423
177.554965019226 182.743827501933 184.552292029063 166.168322165807 157.07203745842 161.836246649424 172.32491572698 179.535110791524 186.847388744354 179.084976514181 158.28679005305 161.481201648712 158.459713061651 164.19643163681 160.945624113083 148.90068769455 146.477778752645 156.98978304863 164.097865422567 178.796966870626 179.84543244044 176.580707232157 165.785759687424 158.006191253662 156.449188788732 154.905498027802 147.497991720835 138.74481121699 126.227041085561 129.997233549754 146.006455024083 171.397785345713 180.179079373678 167.362570762634 99.3887186050415 51.3801425695419 48.7137734889984 50.5038102467855 51.5163789192835 41.4014061292013 59.919943412145 92.7403668562571 136.519223451614 169.270952542623 189.124226570129 187.759856383006
180.464347203573 177.948276201884 179.578721523285 169.845402240753 187.873840332031 188.801487286886 195.176780223846 194.706956545512 198.325594266256 195.666114489237 169.983247915904 162.974039713542 165.366192658742 164.283722639084 165.768831968307 160.976747671763 155.747363964717 163.238108158112 176.127950350444 180.986285209656 179.859002431234 169.62730884552 165.604958931605 166.154642899831 164.918482303619 162.763724724452 156.55705332756 155.118276675542 158.994416395823 170.317550500234 188.073496023814 200.515528519948 208.272059758504 220.23602326711 196.100652217865 102.251986662547 65.899262825648 56.5047909816106 50.8749683698018 43.2744026184082 82.0578982432683 167.473673820496 161.377718051275 144.005248943965 154.146254062653 152.364552021027
181.529303391775 169.394691785177 171.606838703156 175.323128700256 210.606137911479 201.653679211934 194.039344787598 180.980722109477 175.208032131195 171.003222465515 159.124801556269 155.212293068568 162.29044397672 165.157814820608 169.082462787628 169.869899749756 165.270984172821 162.268380324046 174.11728700002 174.369215965271 171.063840389252 164.151320854823 163.598746061325 169.079264005025 171.211739381154 164.604167143504 167.709310849508 164.770950873693 170.162161191305 185.60254573822 205.97630739212 219.220856825511 224.860151608785 225.903292496999 228.350599606832 173.250873883565 73.1281191110611 43.2170182466507 28.2327632109324 39.6023665865262 99.0974207719167 157.249927520752 146.130005518595 112.859398126602 110.692719618479 108.018179734548
174.944182236989 158.570577700933 165.490021308263 184.548278649648 210.832516352336 199.758946895599 178.878208001455 154.697368542353 139.904369910558 129.872481028239 132.803837458293 133.587886889776 153.647760550181 164.447685082754 170.952161153158 176.665902137756 173.941969871521 160.444319248199 163.65705927213 165.661911169688 164.294103781382 165.825764338175 166.000684102376 171.726147333781 175.021111965179 169.94309425354 173.065423965454 169.958213965098 167.41152604421 192.233959833781 215.971748034159 231.496532758077 230.13707002004 228.559593359629 239.572703838348 233.523150285085 160.916298627853 73.8501697778702 55.3702861070633 62.213733792305 92.3774739106496 105.682889620463 118.598620096842 80.8337132136027 75.6328801314036 83.5854510466258
173.571765422821 178.539415200551 207.296828428904 251.245677471161 241.061091423035 206.469853719076 169.621189435323 133.489479621251 117.088516553243 121.714542309443 122.957011063894 117.306411266327 135.705759127935 163.584023714066 174.541393915812 181.942423184713 180.988748868306 168.757279713949 168.314099311829 170.749386151632 167.342285315196 172.103742758433 174.47817325592 176.050066947937 179.386496543884 183.445751667023 181.849400202433 180.295328299204 181.287368138631 201.854129632314 225.186387697856 236.694892247518 232.529938220978 238.798956076304 249.79571501414 254.277626673381 242.532193660736 204.248448212941 124.021738767624 83.855281273524 74.7735599676768 76.5468031167984 91.0140176614126 76.1527915795644 71.8269646167755 91.132640838623
191.406786441803 227.419257164001 269.586662451426 290.567775567373 292.837103207906 248.675167560577 197.281400362651 152.032425006231 142.080843448639 152.031819025675 141.120145718257 126.476466655731 134.969184796015 163.602670033773 180.840531984965 188.484748204549 185.972730318705 180.711388587952 172.761420408885 174.537003040314 174.695591131846 179.063816865285 181.794842084249 181.118090947469 184.107740720113 195.064107577006 194.973349571228 198.491315046946 200.143317381541 213.061948617299 228.857477506002 238.420426845551 241.076628367106 249.003907044729 255.410174528758 251.078724861145 248.491962750753 254.999041557312 203.372915585836 121.993919213613 81.0000896453857 78.2315979401271 77.2447735071182 81.8761438131332 93.8574075698853 122.095624605815
248.423059781392 279.077728589376 293.818910916646 291.404207547506 303.817907969157 293.694019317627 260.945280392965 220.940510431925 192.577401796977 184.907178084056 180.332104365031 158.012092113495 145.848651727041 160.983135302862 184.761901696523 189.999918142954 184.085845947266 188.424746195475 176.432351271311 173.159738381704 178.313930829366 181.910117467244 182.403922080994 180.487175782522 185.530285040538 199.226419130961 206.432461738586 211.760461330414 212.68618106842 216.911832491557 230.114897092183 241.228540738424 241.231322288513 239.460408687592 241.695423920949 230.988065401713 232.426802317301 231.672565142314 196.540653705597 144.183655579885 107.823024193446 92.3615594704946 83.11694363753 84.3801697095235 95.5403546492259 131.133466959
280.323545138041 295.666436354319 294.206182161967 285.028556982676 292.691548665365 300.915718078613 294.552226861318 262.442946434021 229.584415753682 210.116843382517 209.816972414652 195.406079292297 170.954048633575 170.046468575796 181.779821713765 184.567888577779 180.217921733856 182.602266470591 173.715511957804 175.396243731181 175.665934880575 177.41992076238 174.803952376048 175.80505212148 183.080991109212 195.293327172597 206.634084383647 209.286014238993 213.378687699636 220.716794331868 233.361939589183 234.583099683126 221.869766712189 212.308684984843 215.568701426188 196.133534113566 195.699075857798 183.495759963989 150.674978892008 124.987681706746 133.664468924204 121.090362469355 102.425843477249 89.5556012789408 90.3996030489604 102.97034184138
291.100343068441 295.012672742208 297.184348106384 289.720336596171 288.636088371277 293.970743815104 301.321883996328 288.283884525299 247.564136981964 220.16187508901 215.347727139791 215.744137763977 203.603386878967 185.36239862442 181.347191333771 181.729674339294 176.901121934255 172.786374886831 172.822793324788 177.532692750295 170.862634976705 169.581333796183 170.66220442454 173.235098520915 176.322738329569 187.172750631968 197.425961494446 197.764853636424 203.745702902476 220.068633556366 228.569050629934 221.351484457652 208.658794562022 205.447157224019 197.512884934743 180.010934670766 183.66672595342 181.37538433075 167.577981948853 149.715880552928 152.523676554362 158.747990926107 140.902201334635 123.799383640289 104.298949241638 93.8790341218313
296.884338061015 297.739545504252 299.810210863749 299.131294091543 292.362332344055 291.412870089213 296.785096327464 293.28324397405 259.679834047953 230.154534180959 218.885203202566 215.681354204814 212.070147196452 191.543340682983 180.577715237935 184.71880753835 178.721725940704 169.135332107544 175.02349615097 174.492160479228 171.799759070079 169.015983740489 172.707200050354 176.986972490946 174.926002820333 181.913634141286 186.538139979045 188.395321369171 195.441206296285 214.546998341878 221.892873446147 215.627233187358 211.215138435364 212.182482083639 193.717757860819 186.516960461934 192.287186781565 198.114514350891 199.114561080933 182.568768660227 144.184033075968 145.531237125397 133.776952823003 116.377611955007 100.869605938594 78.5437325636546
289.733250935872 291.356404622396 293.570935726166 293.47022374471 286.447842915853 283.363382021586 290.540317694346 295.257886250814 267.294685045878 232.24945863088 214.727898438772 204.003175099691 203.48463455836 186.264952023824 177.233040332794 184.419910113017 188.332537810008 174.597938855489 176.845749219259 181.586007277171 180.397351582845 176.486055056254 176.283518473307 179.677526156108 177.049358685811 178.578078746796 184.995373090108 192.386587460836 196.049292882284 208.127876122793 218.231737613678 218.33348274231 212.668259938558 213.622192541758 194.646259148916 197.043438752492 199.990292390188 206.360816955566 207.286318143209 185.827136039734 120.225896437963 96.9640215237935 82.6039562622706 77.1932850281398 72.5269714991252 65.3642117977142
274.239381154378 280.47110637029 285.869379838308 285.512348016103 282.221953074137 284.627238909404 290.86313645045 295.881787935893 279.301583766937 237.233718236287 214.121341705322 201.51682694753 194.085359573364 184.559444586436 175.879677136739 181.134343147278 192.435383796692 184.324642022451 179.980039596558 182.753324508667 184.438725312551 179.14746205012 177.553296089172 179.462711016337 180.301606655121 180.888116359711 183.936576048533 192.976832389832 197.707871596018 202.296833197276 213.885049025218 220.178405443827 216.24759833018 195.474187533061 188.432991504669 206.081728140513 213.64684899648 216.074526309967 209.767003854116 195.863743623098 114.637802044551 63.734029730161 45.9159364302953 33.1069380044937 29.4743031263351 48.4663993120193
245.149195194244 254.63612874349 261.85929775238 264.496107896169 271.052638689677 279.938578605652 287.487149238586 291.006684303284 282.888034979502 250.767389933268 227.524141470591 206.246654192607 192.933936913808 191.902140776316 180.521647135417 173.810581366221 187.662581602732 186.955809593201 180.694778760274 179.885427157084 182.07311630249 178.140759468079 173.939029375712 174.964129924774 179.9289782842 185.598850250244 184.655785560608 189.930319786072 196.188370386759 197.129428386688 205.326318740845 217.988550662994 212.148547172546 184.329390525818 193.937599658966 221.631010373433 226.840734481812 220.991174379985 211.893101533254 210.412621498108 173.342645168304 87.9401167233785 47.3725299040476 37.3096540570259 36.5913634498914 34.806544582049
211.29580338796 219.164947668711 217.733820279439 227.729499340057 242.472171783447 255.96018632253 267.170329888662 275.269548098246 270.76518535614 248.948772748311 224.295735359192 202.096998691559 189.836362997691 186.843593915304 183.612982432048 176.216224829356 182.537913322449 182.651480038961 175.799469153086 175.026535987854 178.145825862885 182.528694470723 180.314620335897 175.008296966553 175.382812817891 179.044564565023 186.389704545339 189.290662606557 193.84894768397 194.680511951447 196.928242842356 208.290219306946 203.490058581034 191.287358601888 219.05239423116 235.548992951711 231.065293153127 223.331193129222 219.278216362 227.813184261322 239.182511965434 202.116449673971 118.402183055878 72.332168618838 48.8682438929876 35.6422066688538
