input/barkrak2/radiation/dir21924.grid
NCOLS 85 
NROWS 70 
XLLCORNER 665100 
YLLCORNER 4664600 
CELLSIZE 20 
NODATA_value -9999 
[rows 0 to 19 of 70, columns 0 to 45 of 85]
315.760195255279996 322.594106197357 327.231665452321 329.768081506093 327.33412583669 324.06610250473 317.904512087504 311.670899391174 315.453012784322 315.295974413554 312.926769256592 318.466782569885 321.660935878754 321.776429812113 323.86060555776 324.879229068756 320.321500301361 312.525947888692 310.129642486572 297.994395097097 281.150281429291 282.055596510569 302.057266235352 309.09659465154 307.640075683594 308.798730373383 307.238360246023 298.340360323588 278.550465901693 273.374080657959 270.483553409576 280.835270881653 300.421337286631 302.406032880147 307.23778406779 298.069894313812 298.113226890564 307.363609472911 298.1076836586 306.248764197032 295.173704624176 282.891690731049 292.175650596619 309.906164805094 312.615354855855 306.83034658432
299.172123273214 307.36235777537 312.491893768311 321.41383488973 326.025128364563 324.282288551331 317.359546820323 310.13286113739 314.778606096904 316.255827744802 311.064819494883 315.235654513041 321.127851804097 322.33981291453 322.116633256276 323.22496175766 321.50129477183 317.05915927887 314.18248017629 304.242253303528 295.01744111379 294.670780499776 304.541170597076 309.60347255071 309.979438781738 308.613499005636 306.510667006175 298.276782035828 282.233397165934 273.579478263855 274.782379468282 290.169517199198 297.384063402812 296.536485354106 306.765039761861 297.664900620778 295.266429583232 297.351618607839 293.44383875529 306.336998939514 302.496016025543 293.283840020498 298.053701718648 311.944325764974 316.182772318522 311.112622419993
266.752560933431 277.424275875092 287.146846453349 294.914404551188 303.832729657491 310.551365216573 313.430786132812 315.831343332926 316.898703575134 314.309378465017 308.25134118398 309.793988863627 318.415840466817 321.391065915426 318.162719408671 321.907560030619 326.013604799906 326.070626576742 322.874983151754 316.102147102356 314.725359280904 311.461567878723 307.914853096008 308.128714561462 310.693641503652 311.327298482259 305.148164431254 296.349724133809 285.147150357564 275.396287441254 276.622136433919 293.781598409017 288.371205329895 293.455024560293 303.91921599706 298.482735951742 288.148562113444 282.722592353821 292.748928070068 306.221107641856 304.427107175191 302.270313103994 300.652722517649 311.124523480733 321.477731068929 316.374023755391
251.082122325897 252.74380048116 259.903013706207 266.263782978058 273.331046104431 277.797639369965 282.112181186676 292.572061220805 304.529984792074 312.545458475749 314.028521378835 317.071537176768 321.3924964269 322.136203447978 320.083836714427 317.756394545237 319.532295068105 319.878141085307 319.866915543874 319.036841392517 317.236065864563 314.373135566711 316.782593727112 313.895603020986 312.198797861735 313.782175381978 308.895528316498 301.34125550588 293.503026167552 286.874453226725 280.701677004496 294.658442338308 288.176854451497 292.603691418966 297.335207462311 298.584520816803 294.520497322083 292.004942893982 303.910454114278 310.782968997955 306.445479393005 298.939426740011 294.003327687581 304.147024949392 315.915326277415 316.996892293294
270.656744639079 257.476925849915 245.353817939758 238.646566867828 242.974460124969 257.271985212962 273.348748683929 281.582554181417 289.280513922373 294.496695200602 307.165106137594 318.342268466949 324.208577473958 325.636545817057 325.531164805094 323.980450630188 321.040352185567 314.808746178945 314.956823984782 317.593316237132 315.748373667399 314.940412839254 319.852232933044 318.12709569931 315.072437127431 316.015203793844 312.24658091863 304.829955101013 297.54098256429 293.418208758036 294.481813907623 301.4897108078 295.756916205088 298.406700293223 295.766512552897 298.507312933604 305.996616681417 309.872428576152 314.434627691905 315.543214480082 313.478847344716 306.483010450999 301.827708880107 301.609873771667 306.725144386292 315.998653570811
304.434418678284 284.981509049733 263.102491696676 243.104795614878 234.079460302989 244.237144788106 266.409635543823 279.948035875956 282.87665049235 282.273491223653 290.264089902242 300.099909305573 306.651433308919 310.894767443339 315.415422121684 318.252940972646 315.448820590973 310.744484265645 312.052210172017 316.231151421865 316.220720609029 319.463352362315 324.093659718831 321.563839912415 319.478034973145 319.389919439952 315.279066562653 308.462818463643 300.615628560384 295.823057492574 299.964785575867 302.66942580541 305.168191591899 310.10647614797 304.285844167074 301.50963862737 307.908793290456 312.149743239085 312.454342842102 312.801003456116 313.131769498189 309.303224086761 307.757119337718 307.641923427582 304.133454958598 300.313512484233
318.818668524424 304.259200890859 289.946655432383 273.735682169596 255.127588907878 243.882815043132 250.833630561829 275.40918191274 285.552561283112 291.021307309469 288.915534814199 284.873902797699 281.587282816569 277.89572874705 279.77180480957 291.321158409119 299.191097418467 308.979630470276 316.515644391378 320.744772752126 319.23770904541 317.060093084971 322.146773338318 323.096334934235 322.310010592143 323.810319105784 321.591059366862 316.06658299764 308.431148529053 305.053810278575 305.560489495595 308.859765529633 318.623503049215 321.208198865255 318.717102209727 312.44554122289 310.784916083018 312.300423781077 313.425799210866 316.451032956441 314.86044327418 311.191181341807 309.244195620219 306.18425210317 291.569173336029 285.012245178223
319.907546043396 316.112299760183 310.823082923889 301.267822583516 284.951150417328 260.499278704325 241.834859053294 241.267204284668 270.418703556061 290.182054042816 295.527815818787 291.670282681783 285.062273343404 277.845859527588 267.937660217285 270.85151274999 279.902835687002 292.762219905853 308.140754699707 318.551898002625 321.300248305003 318.856557210286 321.136355400085 322.711825370789 322.293063004812 323.975602785746 323.637266953786 320.349494616191 315.66991408666 315.472324689229 316.945135593414 319.118499755859 324.586013952891 325.844864050547 323.020358880361 319.523135821025 316.190977891286 311.796387036641 305.460492769877 306.015431880951 311.605453491211 316.821734110514 320.344726244609 315.770049889882 302.890360355377 291.481296221415
315.366268157959 316.00167353948 314.67072168986 310.665289560954 302.566270033518 287.853876749674 264.236172040304 238.143006960551 249.519069989522 269.932548205058 285.783251126607 291.252553462982 292.062799135844 290.263553460439 282.461067040761 277.063151200612 274.936477343241 278.61209710439 288.869917392731 301.525910695394 311.498125394185 317.176282405853 318.820893764496 316.131949424744 317.112882932027 319.614946842194 320.668121178945 319.190084934235 317.98247496287 321.567972501119 323.955595493317 323.275883992513 324.442803859711 324.788292249044 322.36913839976 320.925990740458 318.019072214762 311.8883172671 299.636483192444 300.937712192535 315.904716650645 323.296964168549 323.318004608154 319.547613461812 310.304323832194 302.04697450002
298.113663991292 304.539243380229 307.709177335103 307.797948519389 306.016723314921 304.607172807058 294.566690921783 280.896862347921 253.612637519836 245.822906494141 258.093992869059 278.706868489583 293.736735979716 300.455133120219 302.069385846456 296.796480814616 285.691837469737 281.858185927073 281.377851963043 282.978693644206 289.77358341217 295.040567715963 300.332983334859 304.043034712474 308.639486630758 311.184505621592 312.85560131073 312.297920385997 312.262813250224 316.333989302317 317.416608333588 317.711095015208 321.67508204778 324.455698331197 323.503494262695 320.433497428894 318.626880645752 315.819998582204 301.700393358866 301.670988400777 317.093014717102 321.111301581065 319.735964139303 316.424568494161 307.390729586283 299.38538869222
258.915464083354 270.375192165375 280.157566070557 287.834266821543 294.678846995036 300.303081671397 302.469253540039 299.945135911306 279.692709445953 257.278561592102 244.820515314738 251.972874005636 275.144934654236 294.132967789968 303.51597070694 296.861966451009 291.570941607157 286.843558152517 280.726234118144 276.45218372345 276.667237281799 275.68519115448 278.308133284251 288.050055503845 296.579579512278 301.911612351735 303.657750288645 303.42690149943 306.844174861908 309.941252072652 311.75963083903 314.226686954498 320.106466611226 322.429239749908 321.328322092692 319.199025630951 319.62772210439 321.098486582438 313.634594281514 309.532105922699 315.918385982513 319.625417391459 320.663770039876 319.56938902537 312.284886837006 306.173225243886
222.424944241842 226.6978820165 234.535853068034 245.715022087097 259.710510571798 273.579657077789 288.298885027568 293.074568112691 293.974240620931 283.89432032903 262.7894282341 244.193891684214 246.433635552724 266.936103502909 287.867168585459 289.545794328054 295.002202192942 292.511880397797 285.35528977712 277.112166086833 271.669983863831 269.128322601318 269.235829512278 276.009400685628 282.619376977285 286.653637886047 288.72549533844 292.011221249898 297.042568524679 300.475498040517 303.205450375875 307.475407918294 312.166154384613 314.001599947612 313.270509243011 312.890946865082 317.96524922053 322.771231333415 322.479446729024 320.033768812815 320.73837518692 322.85213470459 323.992947737376 322.721223036448 317.561308542887 315.400501092275
211.194952329 207.101047039032 204.922278722127 204.940835634867 211.6539478302 227.188686529795 249.945561091105 268.705725669861 291.793306668599 295.15673716863 286.585052808126 267.770330111186 243.503967920939 240.231136480967 261.011640230815 282.844106356303 294.801811377207 296.648939450582 292.598346869151 285.925547281901 278.945088386536 278.090059757233 277.708172798157 278.475344181061 277.76304880778 276.900192101796 280.417005221049 287.418166796366 290.121515591939 291.227022806803 295.115113258362 298.832376797994 300.506273905436 301.809032758077 303.171217441559 305.92159430186 313.805957635244 320.108691851298 320.708374182383 322.404901186625 323.152899742126 323.210994402568 322.5417137146 322.359601656596 316.85600678126 315.058390299479
205.900351206462 179.530024528503 163.102328777313 157.613197962443 154.972503582637 161.206463972727 181.072016557058 213.543117046356 249.147852261861 279.063761234283 292.658746242523 292.84139474233 278.859515984853 257.0707599322 253.35971514384 275.547822316488 289.000670115153 298.360725243886 302.928407986959 300.424218177795 291.565299034119 288.957158724467 286.380926767985 286.219696203868 285.555005073547 282.969991366069 285.667379697164 292.264342308044 291.549464066823 286.812245845795 291.281004746755 294.768174489339 296.259184678396 296.583493550618 299.078424771627 304.314573605855 307.991862297058 311.523238817851 313.127458095551 313.138286272685 315.524677435557 318.323731422424 321.063836415609 321.886579195658 316.913644472758 315.333167711894
189.04048204422 151.265809933345 128.837496042252 125.721295674642 126.173992951711 131.375124057134 139.46795463562 166.439274946849 193.801204363505 239.246487617493 285.391747951508 306.124746799469 308.937231699626 296.100238958995 275.73029200236 270.770390828451 275.568683942159 288.095990816752 300.832529862722 305.982172489166 304.24827337265 299.908737341563 298.234721024831 295.804440975189 292.608002821604 291.100601355235 292.74050394694 294.410487016042 289.634267489115 286.400993665059 289.934515953064 293.730000654856 293.944835662842 293.1889295578 296.13204797109 299.122273921967 300.65796772639 298.873047033946 301.523844401042 301.72598361969 305.760105450948 310.052514076233 313.667873541514 314.637621243795 312.265654404958 312.317172686259
161.169797182083 134.050051371257 109.276702006658 105.920672416687 121.221959590912 144.922018051147 147.110482056936 156.6095550855 176.201462745667 206.456879774729 251.362343629201 301.315426826477 316.528856754303 314.931452274323 301.799893379211 278.040826320648 267.82214641571 270.060698191325 284.374018510183 303.05004119873 309.211850166321 305.579662322998 306.478381156921 302.294850349426 297.061284383138 297.361274560293 299.919327100118 296.854694684346 291.066209475199 293.415983517965 294.835130373637 294.366637865702 292.185346285502 291.322112083435 291.035870711009 290.534178415934 289.107163747152 285.877585411072 287.939270337423 288.587351640065 292.439619700114 296.857237815857 298.064490159353 298.761586348216 304.533282915751 307.88775285085
142.59746670723 131.710986296336 108.779271443685 97.3852376143138 101.59569978714 127.272744973501 148.408095041911 155.992428461711 174.013952414195 186.383585135142 211.992084980011 261.351525783539 305.460870265961 314.981559912364 311.918636163076 303.570648034414 294.813374678294 281.56445423762 273.309906323751 282.745480537415 300.891677538554 308.58983596166 310.502628485362 307.269513607025 302.094459533691 303.033630053202 306.437532107035 303.091585636139 299.877425034841 304.174204667409 304.129540920258 295.343339443207 290.858586629232 288.141310214996 284.423669179281 283.499995867411 279.173890749613 278.151452541351 278.602282206217 281.350294748942 282.753745714823 285.229166348775 287.508606910706 288.683851559957 300.320367018382 306.010941664378
134.193768103917 136.216302712758 127.396206061045 109.517753124237 94.0886835257212 112.866332133611 139.978835980097 161.726653575897 180.052061875661 192.651430765788 199.985146522522 227.388362089793 264.157474040985 290.507157643636 314.312616984049 316.39172633489 314.167459805806 305.094401041667 288.806219895681 275.348623593648 284.717679023743 304.278632005056 307.192067305247 306.491315364838 306.84757232666 310.748736063639 313.666383425395 312.02757358551 309.405903021495 310.951828956604 306.827227274577 298.481464385986 293.183008829753 287.319699923197 282.492895921071 280.193289120992 278.304954369863 277.644217014313 277.670760949453 279.395322004954 281.626959641774 282.131552696228 282.245477040609 285.669128100077 293.529311815898 302.729606628418
141.306420167287 151.003966728846 154.881536960602 138.545572757721 118.873327970505 128.498286008835 148.961593707403 168.109714984894 189.347147941589 209.62663491567 220.081905523936 225.134213765462 245.868464310964 260.972102483114 279.322405656179 305.302619934082 314.438144365946 313.20184469223 309.621850649516 295.543869336446 280.132293701172 291.079262892405 297.369738419851 303.837577501933 310.814221700033 315.962672233582 317.540486653646 317.065556844076 312.302847703298 311.020215352376 305.664916833242 300.289471944173 294.547935326894 288.947641849518 285.121023654938 281.525174776713 281.00973367691 278.763830661774 277.254164218903 279.959837595622 283.498247464498 284.843603769938 284.441153208415 286.06520096461 287.57377465566 297.112584114075
150.804549455643 155.427912871043 168.50487391154 174.689253171285 162.559191385905 148.289601008097 149.376173814138 163.781225681305 178.967873255412 201.792478561401 217.325806617737 215.13170003891 224.009493986766 235.288063685099 251.833975315094 273.870428403219 285.062988599141 306.309580802917 309.022307395935 308.12931060791 301.918983459473 290.407876173655 291.280150413513 298.516174157461 306.890368461609 312.761247158051 317.220211029053 316.541870435079 310.175855954488 309.333006540934 304.695725440979 298.34791024526 292.921980222066 289.806008338928 287.595152854919 284.08416112264 280.940592288971 274.28807814916 272.813101609548 280.183990796407 284.671564896901 286.255518595378 288.399477799733 287.134766578674 285.023371378581 293.015321095784
