input/barkrak2/radiation/dir25824.grid
NCOLS 85 
NROWS 70 
XLLCORNER 665100 
YLLCORNER 4664600 
CELLSIZE 20 
NODATA_value -9999 
[rows 40 to 59 of 70, columns 0 to 45 of 85]
197.75915145874 200.278460979462 200.137456258138 200.855890909831 210.058490435282 216.303567091624 218.613843123118 224.038581053416 223.256568113963 206.040859222412 192.192276318868 187.183380126953 186.142325401306 181.736588478088 180.148502190908 178.78524462382 179.373999436696 178.647438685099 171.741982301076 171.303232510885 175.525546073914 182.861983776093 184.116423130035 179.106771945953 176.563700040181 174.234469731649 184.268752733866 189.076503117879 192.09611415863 192.076007525126 193.156639734904 198.103626569112 196.588794390361 202.88876692454 230.526328086853 229.55330212911 218.269765377045 210.002561410268 213.041762510935 222.196022669474 236.957351366679 253.547787666321 216.898401578267 133.957386016846 75.9939849376678 50.5912303924561
205.808838208516 203.874488671621 204.125046730042 202.014644940694 198.841392993927 197.331706682841 194.427172342936 195.675651232402 198.848048845927 190.826376279195 183.587272961934 183.827499548594 187.655448913574 186.503112316132 184.965014457703 181.288043657939 177.391111850739 184.573332468669 183.551967144012 178.585648536682 180.29914299647 181.071261564891 181.479255358378 183.142066001892 185.457030932109 179.623226324717 184.963504473368 190.515716870626 192.259192466736 193.579296271006 196.35013739268 198.030789693197 196.843842665354 212.544202804565 226.261734962463 216.251651446025 199.687918027242 190.730273723602 191.361248493195 203.89719804128 238.058189551036 252.267857392629 236.625631650289 183.020989100138 112.880448500315 75.3786861896515
210.552573204041 208.017985026042 210.657338301341 208.191315333048 202.010492483775 198.726872603099 194.66773668925 191.051681836446 189.746201038361 187.455117702484 185.690542062124 183.279951413473 187.756458918254 190.542856852214 190.462867418925 186.165750026703 183.563450972239 188.295284907023 189.633429050446 183.17703406016 179.869790871938 178.128818670909 175.965130329132 177.19578742981 181.42298857371 179.205119609833 175.49991607666 183.305362860362 188.15666437149 190.901060899099 191.717108090719 191.818674405416 197.964489459991 217.560907204946 223.808407783508 194.081624348958 180.684129397074 184.573531150818 190.757215023041 203.43017578125 214.318076769511 216.399510701497 203.514238198598 175.923546155294 123.285661141078 66.801721851031
195.18647591273 197.795828183492 206.258515516917 204.062581062317 205.770035584768 208.077013492584 206.908305486043 200.937032699585 190.378566582998 187.967300415039 191.376010576884 185.548186302185 186.281065146128 189.393798510234 190.750320752462 186.765313148499 186.678687731425 189.87516562144 189.514974753062 184.765954812368 178.364793459574 175.606032212575 174.238642056783 172.735571861267 175.254384676615 180.731018384298 174.857199192047 177.289009094238 184.152026971181 186.01663907369 184.278210004171 181.983550389608 191.976209481557 207.434157530467 204.481363296509 182.978908220927 181.470592816671 191.138247648875 199.885408083598 202.138642470042 197.477062543233 196.59960269928 188.748796780904 164.432843526204 120.085269212723 65.8902227878571
193.02229086558 198.344985644023 201.737403869629 201.978166898092 203.787823518117 206.455369790395 205.550750096639 202.049414316813 197.210093339284 191.102564334869 193.050523598989 188.779016335805 185.330907503764 183.095395565033 182.001729806264 182.647864023844 177.506705125173 185.756246248881 186.846713225047 183.230499426524 179.99255657196 177.79529094696 177.96798547109 177.513440450033 174.14778470993 184.950550397237 187.66717116038 184.427936871847 183.781365553538 183.745861053467 178.239127000173 175.847709178925 181.433478991191 185.141324996948 178.588509559631 177.12680498759 185.494561990102 198.864817619324 206.460078557332 198.406120141347 197.119931379954 187.980115413666 175.914863745371 162.767996390661 131.52340054512 88.8210932413737
198.455333709717 203.276515007019 201.025446256002 203.684667746226 202.482839425405 202.633957068125 203.156689802806 201.854248841604 202.894846598307 196.709334850311 195.672432581584 193.324526151021 188.827017943064 183.197935422262 182.707866032918 185.452421506246 177.554329236348 179.81618642807 186.682343482971 184.250096480052 182.569364706675 181.538681189219 179.387251536051 181.431969006856 181.776384512583 181.030551592509 187.782645225525 187.734584013621 185.190896193186 183.459579944611 179.530700047811 175.105154514313 178.464690844218 175.00509818395 163.800895214081 163.513998190562 175.075173377991 192.026416460673 194.904486338298 181.157251199087 184.697349866231 177.565316359202 169.311980406443 171.757936477661 159.142335255941 120.822131633759
197.717587153117 199.819425741831 203.069408734639 204.416334629059 204.538245995839 204.201817512512 204.940974712372 206.915378570557 202.127416928609 200.32944281896 199.015438556671 196.697135766347 193.277438481649 188.855806986491 186.66676680247 191.122174263 186.717391014099 181.561847527822 187.603453795115 185.859044392904 184.079845746358 184.252262115479 182.305117448171 179.885983467102 187.566697597504 180.746793746948 181.729932626088 183.75696738561 184.965272744497 184.048533439636 182.907700538635 178.878744443258 177.437663078308 172.817428906759 165.385822455088 163.880298535029 171.547174453735 182.740608851115 183.011829853058 180.481811364492 181.988676389058 173.499365647634 176.368534564972 184.38055117925 180.751581986745 148.976882298787
191.741506258647 194.287757078807 200.428207715352 201.708118120829 205.597639083862 206.873834133148 203.52296034495 203.912516434987 202.625155448914 204.210102558136 199.524760246277 196.226398150126 193.352401256561 193.464239438375 189.173400402069 189.119458198547 186.849057674408 177.253385384878 184.119840463003 185.52694718043 183.236718177795 182.940324147542 184.77189540863 176.184554894765 181.701382001241 181.375821431478 176.051398118337 179.889480272929 184.087693691254 182.827711105347 183.05116891861 182.801326115926 176.777184009552 177.398522694906 185.780584812164 180.129965146383 181.525766849518 179.244001706441 182.00421333313 192.994554837545 185.414989789327 175.193866093953 182.202994823456 186.910768349965 179.421325524648 158.52697690328
185.20454565684 187.306662400564 193.660537401835 198.02580277125 203.378617763519 207.290450731913 203.367650508881 201.507846514384 204.723318417867 205.216268698374 203.839421272278 198.330322901408 196.50799036026 195.85124651591 191.621422767639 187.408109505971 185.54824590683 179.482161998749 183.087448279063 187.269707520803 185.609916845957 186.000684897105 186.980028947194 181.953211625417 179.206709067027 182.831327120463 180.477142333984 183.691203594208 189.540982246399 194.114446640015 198.248267173767 199.068427085876 187.982678413391 191.023071606954 196.201741695404 196.485002835592 195.547858874003 189.163684844971 186.564763387044 192.290822664897 181.604981422424 173.332333564758 167.009035746257 166.025181611379 164.146880308787 163.246025641759
183.913985888163 180.106500784556 185.411512851715 193.058212598165 199.043790499369 203.119734923045 205.008308092753 207.157731056213 206.225832303365 202.975591023763 203.911344210307 203.852335611979 198.489189147949 196.179529031118 193.070928255717 189.47962919871 186.436871687571 180.888692537944 185.647328694661 190.748671690623 191.618184248606 192.32443968455 188.431064287821 187.989870707194 183.29530954361 187.303344408671 187.744836012522 191.797991593679 198.170483112335 205.434640248617 214.637180169423 215.184549490611 205.705185731252 202.916463216146 198.691050211589 199.702640374502 200.864871342977 199.602484703064 192.362646261851 174.821933110555 166.250169277191 171.533246835073 169.603168964386 161.419014135996 159.295926491419 162.387867768606
185.036440690358 187.462528546651 188.855886459351 196.249743302663 196.633497873942 198.047478993734 206.13823334376 209.708968798319 209.694584210714 207.490881284078 207.284351189931 206.040461858114 202.49992609024 196.780661741892 197.149892648061 199.271976947784 190.30749797821 188.321232795715 189.013997713725 195.04980246226 195.674081643422 194.653570652008 190.776248772939 189.30455048879 184.226036071777 190.57963291804 194.165329138438 194.947401682536 199.83849922816 210.161546866099 218.363026777903 222.043991088867 214.861174424489 203.015923500061 191.491325696309 190.051754315694 196.691870689392 203.120986620585 193.300048510234 168.474793434143 163.948108752569 173.91840616862 173.511644204458 168.389578660329 163.252453009288 160.00164548556
183.550635973612 194.149434566498 195.106585820516 198.610862096151 196.863313515981 196.094155311584 203.360180060069 207.967102527618 207.869092623393 210.873504479726 209.246814250946 207.400182882945 205.179770787557 198.754330476125 195.752580960592 203.703184922536 196.084678173065 188.550233840942 187.857309977214 191.401680310567 192.035694917043 190.065900484721 190.01966714859 183.744072914124 183.190981547038 185.092926025391 189.749360084534 190.637846787771 192.939162254333 199.964960416158 207.712054252625 216.906785964966 211.223661899567 183.867732683818 152.311583360036 144.923309485118 167.193790276845 189.003527164459 196.743985017141 194.419364134471 191.654543081919 185.311655203501 164.527575174967 160.731812318166 169.442216555277 160.775870084763
186.603705088298 184.050103028615 184.528648853302 187.699556350708 195.487161477407 198.631962140401 198.785503705343 204.325874646505 204.265296459198 207.133193810781 208.399673302968 210.527936617533 207.414309183757 202.377200126648 197.034021218618 196.160872777303 198.755323886871 188.068707784017 182.319164276123 181.776920954386 181.261777877808 182.203491528829 184.533397356669 178.336421648661 179.308414459229 176.252444585164 177.751501401265 178.756217161814 178.706049919128 178.298771381378 186.866501967112 198.01119963328 187.575221061707 162.081162134806 127.02664732933 107.476909955343 116.320302089055 148.943056662877 179.026861985525 191.989699999491 193.544050057729 178.929766019185 158.529222011566 155.691643555959 164.038707812627 150.344749291738
190.450151761373 180.193404356639 175.932884216309 181.866149107615 192.968169848124 201.889475186666 199.580132961273 201.917986075083 203.013221422831 203.02544037501 204.711715380351 207.695782184601 208.623707294464 206.740200519562 199.185391267141 196.484843889872 197.782516479492 189.560572306315 184.381683667501 185.702383518219 184.838930765788 181.403199831645 179.514626661936 175.168832143148 174.223025639852 172.559857368469 172.054211298625 172.434171040853 168.762763341268 165.029307206472 160.067290067673 167.263309160868 161.672612031301 141.801337401072 125.863671302795 108.103940884272 89.3401106198629 97.2585082054138 120.977183183034 156.067957480749 177.504996458689 167.567014694214 157.557944456736 153.287986914317 145.599663257599 135.497490564982
193.055589993795 185.473163922628 181.254963080088 184.211373329163 194.835722446442 202.400664488475 205.871860186259 201.687395572662 206.113378206889 202.975829442342 206.962068875631 207.514425118764 208.173135916392 209.792494773865 201.879382133484 200.660188992818 202.279945214589 193.927486737569 188.319325447083 189.945240815481 190.022567907969 185.3955189387 182.433108488719 181.079030036926 177.04580227534 176.188945770264 174.06698067983 171.390692392985 165.298700332642 160.572558641434 152.748127778371 154.943625132243 153.818766276042 151.025344928106 150.662283102671 140.921145677567 115.431070327759 97.0186491807302 91.0246868928273 106.296141942342 141.075114409129 144.461095333099 133.398612340291 119.26531791687 116.571009159088 123.768031597137
196.667412916819 193.072358767192 186.697860558828 183.247526486715 188.926120599111 200.465460618337 204.160153865814 201.598703861237 203.025658925374 205.932875474294 212.104519208272 211.987932523092 211.468438307444 210.74632803599 207.126935323079 205.451389153798 205.454587936401 199.918985366821 195.596098899841 192.967534065247 190.934161345164 188.943028450012 189.259171485901 190.421462059021 185.664733250936 183.236002922058 177.17053492864 168.707728385925 159.910013278325 155.137379964193 155.953963597616 160.406241814295 159.834335247676 168.345332145691 175.297975540161 178.740541140238 171.974877516429 153.399437665939 133.025308450063 101.609567801158 110.488106807073 128.875285387039 128.104070822398 116.548170646032 118.48650376002 136.100987593333
200.240472952525 198.00062974294 195.049623648326 187.052528063456 186.671634515127 197.752555211385 203.637103239695 203.039129575094 201.684137185415 207.389672597249 216.272970040639 215.751528739929 210.990369319916 213.295698165894 211.28257115682 204.453825950623 208.014269669851 202.881197134654 197.632690270742 195.740103721619 194.204946358999 193.222383658091 189.491232236226 187.773744265238 185.284018516541 180.878480275472 161.551217238108 139.370650053024 133.800208568573 141.239613294601 153.225640455882 155.876368284225 158.41950972875 163.669556379318 176.863928635915 192.928433418274 199.586649735769 201.998353004456 191.364447275798 145.168701807658 115.892787774404 132.625450690587 149.294823408127 153.010735909144 157.191832860311 171.046396096547
199.398954709371 196.71756029129 198.492169380188 195.594211419423 190.852999687195 194.805880387624 204.627017180125 205.167055130005 203.069627285004 206.577479839325 215.971231460571 216.278553009033 210.799972216288 213.022887706757 214.479426542918 204.613586266836 205.052196979523 203.647553920746 200.196961561839 200.727343559265 201.042135556539 200.243175029755 195.240318775177 188.614706198374 187.850872675578 186.934769153595 167.38098859787 143.6927318573 140.290548404058 148.022790749868 161.496718724569 163.918117682139 168.980479240417 178.55437596639 193.026781082153 202.691276868184 188.916424910227 156.621058781942 150.938053925832 145.946929852168 146.419922510783 160.274058580399 163.188407818476 147.539536158244 137.199113766352 150.741547346115
189.228336016337 196.042358875275 195.903102556864 197.062929471334 195.097466309865 191.616415977478 205.301960309347 209.278206030528 206.976215044657 207.098762194316 213.628013928731 215.768933296204 214.862684408824 210.460086663564 211.119810740153 208.250125249227 203.576286633809 204.802135626475 204.728404680888 206.053495407104 207.087377707163 203.065653642019 201.11737648646 194.693287213643 193.753043810527 195.917208989461 190.193752447764 180.712878704071 179.315368334452 180.853943030039 180.670479933421 173.51496219635 181.921044985453 193.109035491943 182.630161444346 172.43770758311 154.281030098597 105.810344219208 83.2599898179372 114.876995484034 151.095608870188 170.443733533223 163.491994142532 149.570167064667 142.756044864655 150.393823782603
178.195039431254 193.198919296265 196.018854777018 195.869406064351 198.164264361064 192.956209182739 200.254321098328 210.792581240336 216.791391372681 213.7837211291 214.250524838765 214.292327562968 216.095427672068 212.777237097422 211.711863676707 210.286060969035 204.661389191945 204.018672307332 201.486150423686 199.180483818054 201.019883155823 200.088719526927 199.148535728455 197.700699170431 199.05153910319 203.570008277893 213.890830675761 216.986914475759 200.643936793009 197.209715843201 185.303171475728 174.962937831879 177.337606747945 168.568174044291 138.495822747548 96.4761773745219 92.7553276220957 81.3384354114532 64.9724105993907 77.3357152938843 98.3213384946187 135.666350523631 161.768327156703 182.948966821035 202.68189907074 203.239738941193
