input/barkrak2/radiation/dir21724.grid
NCOLS 85 
NROWS 70 
XLLCORNER 665100 
YLLCORNER 4664600 
CELLSIZE 20 
NODATA_value -9999 
[rows 0 to 19 of 70, columns 0 to 45 of 85]
321.349620819092024 326.427519321442 329.324821631114 331.760346889496 328.360180060069 325.228790442149 319.124897321065 313.014149665833 316.816429297129 316.756765047709 314.142386118571 319.838643074036 323.94270102183 323.283135890961 325.60803492864 327.321469783783 322.490374247233 314.865072568258 310.924688975016 300.339023272196 283.099810282389 283.525407314301 303.226629892985 310.222884019216 308.646579583486 309.498190879822 307.984570662181 298.563579718272 279.385606447856 274.079740047455 271.269281705221 281.20481967926 299.826681613922 303.086002667745 306.975841522217 298.65821202596 297.946095466614 308.360993862152 299.130161603292 305.890997250875 295.006155967712 282.216389973958 291.480799516042 308.821777502696 312.896569569906 307.612637678782
306.883056958516 311.392784118652 317.448516686757 323.447644710541 326.649030049642 325.858553250631 318.777978420258 311.302403608958 315.79593817393 317.293445269267 312.178989251455 316.489656766256 322.569966316223 323.776344458262 323.015888532003 325.018564860026 324.674765268962 320.580283800761 316.414515177409 307.460526625315 296.906252702077 295.83336909612 305.283705393473 310.392280419668 310.666600863139 309.931377569834 307.121535142263 298.350811004639 283.022999763489 274.246732393901 275.807897249858 290.353576342265 296.791811784108 297.008713086446 306.467155615489 297.903418540955 294.890503088633 296.666940053304 292.821089426676 305.04169066747 302.507718404134 292.884310086568 297.597686449687 311.731119950612 316.75773859024 310.206989447276
271.415551503499 279.090185960134 288.752714792887 297.88609345754 306.638717651367 313.232143719991 315.870563189189 317.806780338287 318.452298641205 315.731108188629 309.499541918437 310.959279537201 319.533864657084 322.442412376404 318.790435791016 322.289526462555 326.073070367177 327.461083730062 324.767847855886 318.199515342712 316.958745320638 312.65789270401 308.691720167796 308.525462945302 311.311662197113 311.281303564707 305.241266886393 296.443661053975 285.862882932027 275.863866011302 276.812493801117 293.5458223025 287.391344706217 292.648156483968 303.552190462748 298.120538393656 287.367880344391 282.567302385966 292.004068692525 305.058201154073 304.253935813904 302.484293778737 301.293094952901 311.850706736247 322.418371836344 315.46159585317
254.713137944539 256.445288658142 263.498683770498 269.763827323914 275.584638118744 280.39805094401 285.565117994944 295.770645141602 307.852645715078 314.94543949763 315.968195597331 318.5054063797 322.474797566732 323.61376285553 320.855498313904 318.224628766378 319.501519203186 320.928196112315 321.508347988129 320.894837379456 318.587462107341 316.143393516541 318.213681379954 314.980467160543 313.217163085938 314.809362093608 309.815923372904 302.169362703959 294.662435849508 287.288864453634 280.826528867086 294.234812259674 287.232617537181 292.464832464854 296.822170416514 298.054953416189 293.090601762136 291.216591993968 303.608059883118 311.03903055191 306.863248348236 299.564143021901 294.621249039968 304.60512638092 316.210389137268 317.486385504405
274.075627326965 261.137108008067 249.130606651306 242.581407229106 246.922075748444 261.128187179565 277.861436208089 285.050451755524 292.596697807312 297.690490881602 309.937993685404 320.553024609884 325.999041398366 327.783068021138 326.819956302643 325.71534315745 322.258730729421 316.206614176432 316.591362158457 319.799383481344 317.671716213226 316.920479138692 321.565429369609 319.030483563741 316.330373287201 317.079603672028 312.607963879903 305.679857730865 298.24690024058 294.044295946757 294.905285040538 301.42068862915 295.089026292165 297.036051750183 294.873038927714 297.715763250987 305.781483650208 309.814294179281 314.367771148682 316.292862097422 314.235091209412 307.160000006358 302.325665950775 301.340699195862 306.812028090159 317.894399166107
307.376344998678 288.382967313131 266.847829023997 247.060716152191 239.436586697896 248.128533363342 270.116209983826 283.48833322525 286.360482374827 286.57341003418 293.561299641927 303.168555100759 309.533973534902 313.638250033061 317.964434623718 320.588747660319 317.65075524648 312.819063663483 313.778142134349 317.954103151957 317.919055620829 321.087936560313 326.410392920176 323.162873586019 320.885221163432 320.589641729991 316.325863202413 309.314727783203 301.283399264018 296.341995398204 300.102929274241 302.189985911051 304.827213287354 309.088269869487 304.133296012878 301.369229952494 307.946423689524 312.442084153493 313.107490539551 313.451031843821 313.808023929596 309.978206952413 308.338860670726 308.115541934967 304.797212282817 301.834483941396
321.392277876536 307.347039381663 293.370445569356 276.364743709564 258.967578411102 247.791270414988 254.710555076599 278.005957603455 288.265029589335 294.348776340485 292.288263638814 288.328329722087 285.104433695475 282.311220963796 283.277571201324 294.605215390523 302.258332570394 311.613837877909 318.635205427806 322.483479976654 320.895671844482 318.455318609873 323.973218599955 324.720740318298 323.830008506775 325.269917647044 322.886904080709 317.143003145854 309.290627638499 305.636525154114 305.77019850413 308.706164360046 317.801694075267 321.709434191386 319.265425205231 312.6407066981 311.291376749674 313.011288642883 314.046899477641 317.577481269836 316.137254238129 311.976393063863 310.235818227132 306.901931762695 292.233467102051 285.76648235321
322.144349416097 318.666179974874 313.678701718648 304.437518119812 288.46816221873 264.310240745544 244.323213895162 245.20742893219 274.141828219096 293.569982051849 298.794269561768 294.977188110352 288.50797812144 281.43189350764 271.67022228241 274.538556734721 283.412257830302 295.321981112162 310.378750165304 320.393919944763 322.944442431132 320.449312527974 322.530170281728 324.278930823008 323.913832505544 325.658698876699 325.274844964345 322.077333927155 316.998322804769 316.48067633311 317.545314629873 319.602529207865 326.131224632263 326.912780602773 324.246982733409 320.743938287099 317.186633745829 312.815308570862 306.54642979304 307.666818300883 313.597083091736 318.457822004954 321.484565734863 317.227323849996 303.349653879801 291.612207889557
317.793250083923 318.432132403056 317.242582639058 313.452998797099 305.652459462484 291.331926981608 268.06914806366 243.456403414408 253.254373868306 273.589452107747 289.259850978851 295.109868049622 295.759002367655 294.03293132782 285.966813564301 280.647277832031 278.556883335114 282.176434993744 293.237050374349 304.563939571381 314.230819543203 319.556136926015 320.859014987946 318.19212436676 319.131016731262 321.695427099864 322.743197282155 321.506718794505 320.074141025543 323.453327020009 325.37305355072 324.672063191732 325.963238875071 326.921264330546 324.39931233724 322.346905867259 319.369951883952 313.122848669688 300.74542760849 302.309572696686 317.292253176371 324.35417175293 324.019213517507 320.122122764587 310.959498087565 302.673876285553
301.240384578705 307.467679182688 310.527682304382 310.61859925588 308.907230695089 307.623167832692 297.903378804525 284.4451268514 258.78377755483 249.756932258606 261.956791083018 282.315373420715 297.634959220886 303.992688655853 305.719574292501 300.004740556081 289.138754208883 285.366376241048 284.877936045329 287.525057792664 293.090244134267 298.244376977285 303.342878818512 306.860287984212 311.241944630941 313.744823137919 315.412322680155 314.806739489237 314.993739128113 318.968673547109 319.647312164307 319.915811220805 323.72772693634 326.396743456523 325.887302557627 322.591563065847 320.326924324036 317.320704460144 302.899459997813 302.628000577291 317.836244901021 321.605463822683 320.119321346283 316.902697086334 308.008452256521 299.946367740631
262.848834196727 274.140457312266 283.739606539408 291.238347689311 297.909379005432 303.389132022858 305.555562178294 303.154190381368 283.307234446208 262.317001819611 248.762965202332 255.885402361552 278.801918029785 297.431667645772 307.063321272532 300.045430660248 294.892569382985 290.268321832021 284.245649973551 280.02917766571 280.263264973958 280.100544293721 281.847357749939 291.378180185954 299.665669600169 304.836789766947 306.561470031738 306.312600771586 309.595366319021 313.023348649343 314.775983492533 316.708048184713 322.368045647939 324.58500067393 323.466718196869 321.278035640717 321.939726670583 322.858134905497 315.033396085103 310.298224290212 316.414415836334 320.051034291585 321.139653523763 320.167024930318 312.897086143494 306.587000687917
226.778308550517 231.639961401621 239.381452401479 249.814609686534 263.640205065409 277.305543422699 291.7586962382 296.431759993235 297.321697076162 287.454644838969 266.66001478831 248.171369234721 250.35305817922 270.685136318207 291.307131449382 292.912046114604 298.270662625631 295.819918314616 288.812061150869 280.70342540741 275.3586769104 272.86551396052 272.972106933594 280.378619829814 286.083281040192 290.012141068776 292.029639085134 295.242051283518 300.150771935781 303.493777910868 306.653439998627 310.931583245595 314.846873283386 316.607415676117 315.854132175446 315.955479939779 320.752024650574 324.693302313487 324.189782142639 321.158448855082 321.585118770599 324.349721272786 324.987192948659 323.858420054118 318.669378757477 316.491961479187
215.63466389974 211.569627126058 209.405442078908 209.422866503398 216.788013776143 231.460611025492 253.992954889933 272.51398563385 295.196751753489 298.47647746404 290.094157059987 271.5771595637 247.533281644185 244.238515694936 264.870444933573 286.387880643209 298.095126946767 299.892048041026 296.598315238953 290.201306343079 282.522042592367 281.684597333272 281.310300032298 282.065669695536 281.974534193675 281.00065390269 283.915241559346 290.78197479248 293.423593044281 294.507126013438 298.307577768962 302.611768245697 303.556720415751 304.82550462087 306.127508481344 309.50133005778 316.380878289541 322.375357151031 322.881758213043 324.963212013245 324.791749318441 324.799338976542 324.153701464335 323.932011922201 318.737884362539 316.56414270401
210.895280043284 184.160927931468 167.799015839895 162.321309248606 159.666111071905 165.839751561483 185.606320699056 219.008247057597 253.130336602529 282.711148262024 295.994857947032 296.197295188904 282.50128030777 260.906974474589 257.224281628927 279.170095920563 292.425692081451 301.569024721781 306.004166603088 303.584456443787 295.660237471263 292.347391446431 289.825022220612 289.669295152028 289.005160331726 286.991397539775 289.754430452983 295.540610949198 294.819831848145 290.192723274231 294.580618540446 298.708160718282 299.418131510417 299.73703622818 302.164276440938 307.262897491455 310.781260331472 314.194937547048 315.719187259674 316.467086474101 318.64325205485 320.545931657155 323.093732198079 323.702971140544 318.77601146698 316.970149676005
194.227417310079 156.617959340413 134.272317091624 131.365706523259 130.976885557175 136.095573504766 144.09081141154 170.879542827606 198.172529538473 244.810918966929 288.90589872996 309.161881605784 311.885317166646 299.40805832545 279.331207275391 275.662958621979 279.186526934306 291.529715061188 303.98819843928 308.951000372569 307.83611536026 303.648730119069 301.412204901377 299.050172170003 295.906583468119 294.415752092997 296.764254570007 297.646045684814 292.920331160227 289.78023926417 293.274720509847 296.98916276296 297.203540802002 297.31963078181 299.298822879791 302.217205365499 303.707818190257 301.924109458923 304.505447546641 304.694016774495 308.610816796621 313.610176245372 316.192348798116 317.041436831156 314.579765001933 314.472417036692
164.923429489136 137.899001439412 114.333957433701 111.941635608673 127.992530663808 149.524470170339 151.373018821081 160.535673300425 180.198391278585 210.146486759186 256.856898466746 304.459671179454 319.2151983579 317.677915096283 304.973542690277 281.672537326813 272.652665774028 273.758252461751 287.86313533783 306.154688199361 312.636057535807 309.054632981618 309.412956237793 305.363019307454 300.245980421702 300.531009833018 303.060909112294 300.063729286194 294.717987378438 297.158777713776 298.070748647054 297.614097595215 295.483112335205 294.642170270284 295.223395029704 293.828864892324 292.429327964783 289.266467094421 290.391981601715 291.880389054616 295.653223991394 299.968997637431 302.04180876414 301.759501298269 307.269732157389 310.488800207774
145.924508571625 135.13708114624 113.083223501841 103.640586137772 106.062958637873 131.52289390564 152.687499920527 159.790774186452 177.642663319906 189.891258875529 215.392192204793 266.055345535278 310.943762461344 317.658483982086 314.676642417908 306.691964467367 298.146029313405 286.248783270518 276.879906654358 286.238292853038 304.04939254125 311.47438287735 313.816964626312 310.655077298482 305.12942870458 306.058307488759 309.394141038259 306.124111016591 302.927235762278 307.149787743886 307.161172231038 299.237887064616 294.180393218994 291.528105735779 287.884294986725 286.979039510091 283.598899841309 281.683246294657 282.130459944407 284.830470879873 286.165297031403 288.594921429952 290.830969810486 291.937410831451 303.273558616638 308.769861857096
137.587438027064 139.663567145665 131.416459878286 114.433030287425 99.11314646403 116.715530554454 144.197096427282 165.006031592687 183.390597502391 196.222285429637 205.617686112722 231.110592683156 266.795893510183 303.252478440603 317.03907251358 319.031933943431 316.953241825104 308.189868927002 292.210857073466 278.912961483002 288.157880306244 307.3544104894 310.138066609701 309.760789076487 310.103098551432 314.089814821879 316.378156344096 314.756592114766 312.174101670583 313.701589902242 309.715310732524 301.59717798233 296.471814314524 291.41906897227 285.988549391429 283.731877803802 281.879623730977 282.121916611989 281.21550877889 282.912095387777 285.103579362233 285.554508368174 285.670121510824 289.022167523702 296.677947044373 305.637359619141
144.781857728958 154.572516679764 158.998489379883 143.463164567947 123.438894748688 131.232360998789 151.83820327123 170.879562695821 192.357420921326 212.328910827637 222.688317298889 227.697789669037 250.258107980092 263.430754343669 283.134619394938 315.690259138743 317.186295986176 316.007653872172 312.583823998769 299.841781457265 283.631106217702 294.441342353821 300.619343916575 306.887984275818 313.631474971771 318.621893723806 320.777992407481 319.574892520905 314.914445082347 313.703378041585 308.517813682556 303.275962670644 297.739764054616 292.327721913656 289.211392402649 285.038153330485 284.538209438324 282.33124812444 281.694849332174 283.467392126719 286.939839522044 288.263062636058 286.900420983632 289.398451646169 290.882388750712 301.290988922119
154.613683621089 159.413605928421 172.685126463572 179.478406906128 167.036275068919 151.053210099538 154.364138841629 166.631241639455 182.080785433451 206.974645455678 220.38988272349 218.569974104563 226.563096046448 239.90007241567 256.507019201914 276.207506656647 293.451110521952 310.801386833191 311.960260073344 311.126510302226 305.066704750061 294.87399260203 294.667025407155 301.744719346364 309.889853000641 316.261450449626 320.556362469991 319.068491458893 312.817792097727 312.012414137522 307.493646939596 301.290472348531 296.062628428141 293.128331502279 291.007161140442 287.580966949463 285.200635592143 277.932862440745 276.480714480082 283.727427323659 289.102137088776 289.647380510966 291.750848293304 291.594942410787 288.367052872976 296.207785606384
