input/barkrak2/radiation/dir29324.grid
NCOLS 85 
NROWS 70 
XLLCORNER 665100 
YLLCORNER 4664600 
CELLSIZE 20 
NODATA_value -9999 
[rows 0 to 21 of 70, columns 0 to 47 of 85]
144.498238960902000 160.447061061859 177.802224953969 199.401537577311 210.401356220245 212.06655104955 208.81990591685 204.482833544413 203.51246992747 207.096616427104 207.035501797994 204.669773578644 201.196173826853 202.990253766378 205.15908797582 191.656947135925 178.46675713857 167.007009188334 165.027399857839 158.504883448283 158.397803703944 176.096081733704 203.025877475739 210.36422252655 213.379601637522 225.783626238505 224.166035652161 208.955883979797 196.184674898783 195.716937383016 191.174348195394 213.744441668193 260.135928789775 259.505987167358 256.523867448171 242.576817671458 246.835947036743 261.04865471522 258.723934491475 258.279045422872 246.748328208923 252.720495065053 260.729412237803 255.687415599823 244.156757990519 247.487425804138 253.172953923543 223.395864168803
122.256646553675 139.963050683339 155.841618776321 174.803137779236 190.215746561686 197.704354921977 201.276540756226 205.721577008565 213.68420124054 213.747640450796 210.859696070353 206.928451855977 203.400075435638 203.967193762461 203.921735286713 192.637880643209 185.120185216268 175.649841626485 171.316742897034 163.671046495438 172.051012516022 196.84370358785 219.280183315277 222.001751263936 225.777844587962 232.46443271637 226.97244087855 213.607887427012 201.098720232646 197.768827279409 198.54474067688 228.275120258331 260.495444138845 258.760193983714 254.99959786733 244.61833635966 250.822186470032 262.151678403219 257.652719815572 256.665190060933 250.874121983846 251.679499944051 247.834285100301 240.261912345886 236.120402812958 246.399521827698 242.524782816569 207.04052845637
85.9917203585307 96.417913834254 109.60199435552 121.468414862951 136.67697707812 149.714519580205 162.948389848073 182.359337806702 197.067896525065 199.878414471944 202.272613843282 206.018805503845 211.259802182515 214.064518610636 214.856147766113 216.554860273997 214.502612749736 203.405598799388 187.657733758291 178.528904914856 189.582109451294 207.45325088501 218.569238980611 221.500337123871 227.677404880524 227.414866288503 222.330152988434 213.418364524841 205.789089202881 206.897616386414 217.158695062002 244.360665480296 260.858396689097 257.894694805145 252.815922101339 249.295274416606 256.594757239024 261.696179707845 258.945902188619 253.871083259583 247.109850247701 237.22501595815 222.908318042755 218.178272247314 227.031131585439 242.680946985881 231.043914953868 196.97896639506
68.4827864170074 68.9124961694082 75.7672389348348 81.1288108428319 88.5517497857412 96.8652963638306 106.652249892553 124.471366405487 146.210879087448 165.816277265549 183.522363503774 201.304455598195 213.168084621429 217.481891314189 221.258838971456 228.145400683085 225.15332698822 213.746209939321 195.409417152405 187.745094299316 188.275814056396 189.633627732595 202.068348725637 211.5571697553 212.78307835261 213.490943113963 216.324230035146 214.384436607361 213.986257712046 218.275825182597 223.704854647319 249.266644318899 258.554081122081 257.623950640361 253.388404846191 254.459937413534 255.769749482473 256.534616152445 251.353879769643 240.021765232086 232.311248779297 220.225850741069 216.197431087494 229.965627193451 245.007216930389 238.853772481283 218.232015768687 193.027019500732
89.0745520591736 73.3647247155507 61.5794758001963 51.9353946050008 52.7140001455943 68.1831290324529 93.4823155403137 105.049282312393 115.791141986847 123.667577902476 148.216515779495 174.272179603577 190.418680508931 198.867936929067 206.268191337585 211.165686448415 207.870999972026 200.56011279424 193.218489487966 188.282668590546 183.562457561493 181.346535682678 192.894319693247 201.924999554952 206.742882728577 213.332235813141 214.437365531921 214.521845181783 215.494275093079 215.119381745656 222.979327042898 252.602458000183 253.782192866007 254.210193951925 251.4568567276 250.359714031219 249.159415562948 246.956666310628 235.539058844248 225.908497969309 225.274840990702 223.26648235321 229.173481464386 240.763962268829 243.452906608582 218.835353851318 190.399686495463 182.334125041962
133.47061475118 104.790945847829 77.3554891347885 55.0971875588099 46.760767698288 55.970773100853 78.924169143041 101.307839155197 106.513063112895 104.909400145213 114.93060986201 129.90328669548 140.69539308548 147.995283206304 158.594449361165 169.049302736918 173.824429512024 181.506772836049 189.423064390818 193.889717260996 194.476803143819 195.482611656189 193.978130817413 196.340580781301 202.054262161255 209.404587745667 212.48334646225 216.067572434743 217.051108678182 219.219326972961 235.480407873789 252.746442953746 249.637504418691 248.625338077545 245.329697926839 243.642508983612 242.216010888418 237.580021222432 227.032860120138 227.377931276957 226.897060871124 224.599599838257 226.658364137014 230.288724104563 221.401274204254 188.972512880961 161.459445953369 170.554757118225
157.118101914724 132.673492034276 110.533813635508 88.4651641050975 67.5445695718129 55.6224832932154 61.1246675252914 88.8127783934275 107.699493567149 115.468402703603 112.250566482544 107.410063346227 103.278170029322 98.7628599007924 100.139309962591 116.626153389613 131.504108508428 154.654930035273 176.866849263509 191.054423650106 198.969821135203 203.063150246938 198.826452096303 195.067842801412 198.383212089539 200.497587521871 206.249833106995 210.821151733398 214.7403160731 221.388856569926 235.323111216227 239.892919858297 234.369496504466 231.500784556071 232.98704624176 230.885942776998 230.390985806783 225.05776087443 219.489415486654 214.453419049581 208.523710568746 207.431753476461 214.59170182546 222.464680671692 214.125216007233 203.614354133606 215.248028437297 225.039382775625
151.930828889211 153.132379055023 145.27283112208 128.623574972153 103.302597999573 72.2028662761052 52.9114504655202 50.3434836864471 80.1130135854085 112.123906612396 121.633619070053 118.261645237605 108.666052420934 97.81680504481 84.3313336372375 87.1160328388214 100.620170434316 118.66428454717 144.758284091949 167.177498340607 182.867805163066 195.410748322805 202.095230420431 197.126567363739 195.42803366979 193.640907605489 195.171495278676 198.429624239604 203.443388144175 213.457008202871 225.664436817169 227.287868658702 219.218711058299 213.509321212769 208.854635556539 208.176612854004 217.578411102295 214.331030845642 208.303272724152 190.198441346486 187.991698582967 197.844664255778 215.555687745412 228.422502676646 227.612098058065 229.689379533132 238.404413064321 240.801831086477
120.951622724533 135.229369004567 133.423944314321 131.251523892085 121.454934279124 109.19177532196 76.5622605880101 48.9755968252818 60.3583256403605 72.8659530480703 94.1592156887054 113.137245178223 119.967480500539 118.887384732564 104.022880395253 92.4720168113708 88.9661908149719 95.4223871231079 107.776254415512 121.474544207255 143.221646547318 160.947293043137 174.656271934509 178.146560986837 179.910322030385 178.040126959483 178.339342276255 181.206583976746 184.754093488057 194.768627484639 202.031215031942 202.663739522298 199.018557866414 197.750329971313 200.20318031311 202.294091383616 203.410486380259 205.163617928823 203.05734872818 195.342679818471 206.244726975759 219.38302119573 229.494571685791 232.015649477641 225.370705127716 220.798393090566 223.862667878469 234.664976596832
87.5073472658793 93.0155813694 102.336366971334 113.284011681875 112.009276946386 122.403919696808 102.576504151026 83.4754506746928 57.3102583487829 46.8317866325378 54.0785789489746 73.4922885894775 95.8645542462667 105.879088242849 111.950695514679 105.446716149648 91.102808713913 89.878112077713 88.6699855327606 91.8437937895457 102.701773246129 111.60746216774 121.898233890533 135.489751895269 146.278917789459 151.595493157705 153.218885262807 157.920310894648 163.608888785044 170.595248540243 171.599725882212 171.775778134664 178.980628649394 182.887156804403 188.110788663228 192.24735101064 191.428701082865 196.596264839172 199.019352595011 208.738009134928 225.860814253489 234.097361564636 236.517906188965 233.574032783508 224.047323067983 220.533231894175 231.163044770559 240.560352802277
49.6443659067154 49.6477236350377 56.4712236324946 62.2326383988063 78.8987179597219 89.1186992327372 89.5982682704926 86.2192114194234 65.6922956307729 47.9882508516312 38.6883889635404 43.6487893263499 62.6837164163589 83.0104202032089 98.971704641978 96.4686969916026 91.60315990448 89.299221833547 83.83842309316 79.1923900445302 79.0918370087941 83.7731957435608 89.9271468321482 103.568931420644 118.048240741094 129.996101061503 134.05238588651 135.287622610728 144.061515728633 150.177617867788 154.279470443726 158.376793066661 168.395320574443 171.94128036499 173.71658484141 176.284968852997 183.438340822856 189.391771952311 197.980026404063 216.26091003418 225.332876046499 228.796581427256 227.72608200709 229.778488477071 226.414402325948 228.94819577535 237.420618534088 239.675064881643
24.3871957063675 20.7577670613925 24.0657801429431 22.8674461444219 26.8877570827802 37.4659101168315 51.0185857613881 55.5217812458674 56.2703510125478 58.3908458550771 45.7272032896678 38.7180397907893 42.878046631813 56.7514598369598 75.1124123732249 83.0847521622976 92.0245250066121 92.3766891161601 85.221787293752 80.5255472660065 73.4183788299561 72.4731584390004 76.9735872745514 85.8808755874634 95.5707828203837 104.506383339564 108.972152074178 114.512960116069 122.646649678548 128.674060106277 136.393149693807 141.884535551071 147.959520419439 149.910986423492 153.00922592481 157.003372907639 168.049116929372 181.612730026245 189.549048741659 206.796288490295 216.098308563232 216.269691785177 212.515473365784 207.204242547353 209.528962771098 212.836682796478 219.38947836558 227.732916673025
18.0741908649604 11.6942760845025 7.07004840175311 3.13610211014748 0.500454683788121 1.12848542630672 13.6366089185079 33.5022086898486 52.3137847582499 60.5219503243764 57.1200052897135 49.1476754347483 37.4199002981186 38.0430271228155 52.7192751566569 73.0773210525513 89.6026690800985 92.82319744428 92.4450953801473 87.2332056363424 80.8052867650986 81.6791703303655 81.4314434925715 84.0327938397725 88.0150596300761 90.9744501113892 95.954289038976 106.658319632212 111.538082361221 113.872716824214 119.997322559357 125.072131554286 126.278857390086 128.216236829758 133.185128370921 138.781915108363 150.807062784831 164.65566555659 168.322205543518 180.073261260986 189.706762631734 193.520903587341 192.617853482564 194.257795810699 193.460484345754 194.92361942927 199.263672033946 207.936306794484
18.0501813689868 3.69210261851549 0 0 0 0 0 4.23415439824263 26.7288088798523 42.6985969146093 62.5265190998713 69.1809753576915 59.4803392887115 50.0345130761464 48.1210251649221 65.4022792975108 78.2695362965266 93.7270820140839 104.347288608551 101.695358753204 94.1279530525208 93.4525231520335 89.9560948212941 90.775320927302 92.2833780447642 94.1646595795949 101.152678330739 110.641827185949 112.393955389659 106.791277726491 112.518757581711 116.839289665222 118.622789780299 119.50292189916 124.176939328512 132.144878307978 136.782884597778 143.437117338181 149.383415778478 152.58577466011 159.559935331345 166.242410739263 174.277345339457 184.223512808482 182.504614194234 189.541379610697 189.37885761261 185.285647710164
26.7381096879641 6.85889646410942 0.00444618247759839 0 0 0 0 1.8264134414494 11.5088199575742 30.5891086657842 58.1079026063283 81.9960832595825 84.9111080169678 74.5982825756073 63.7663851181666 62.3143762350082 67.2480513652166 80.8363755544027 97.9143480459849 110.804110765457 110.550155242284 105.438937743505 105.075021584829 101.639568805695 98.9012122154236 100.028514862061 101.856301228205 106.406539678574 110.799789428711 106.36301835378 108.816305796305 113.649268945058 114.213486512502 114.452888568242 118.647893269857 121.990124384562 123.386075099309 122.891952594121 129.489243030548 129.805694023768 136.353015899658 144.412090380987 151.117374499639 157.955298821131 162.571320931117 169.902523358663 180.195470650991 186.42391761144
23.3576049407323 9.01512118677298 0.19757323510324 0 0 0 0.430359582727154 3.70532584687074 11.6175512472788 24.4383389751116 47.5212186574936 80.2480131387711 92.3224091529846 92.9481784502665 85.9410464763641 66.9323851664861 60.6475919485092 64.9989793697993 79.1058043638865 100.688874721527 114.810168743134 112.415413061778 116.50891105334 110.762149095535 104.635467131933 107.002278168996 105.836182832718 104.910592238108 105.888466040293 111.195425192515 114.814052979151 114.189873139064 112.044235070546 110.460142294566 110.493044058482 110.42923728625 108.218878507614 103.31521431605 107.485085725784 110.602259635925 115.129172801971 121.145089467367 123.561024665833 127.406020959218 142.11705327034 148.920724789302 165.399740139643 176.779429117839
19.5734923084577 11.6225369274616 0.807737000286579 0 0 0 1.41840288415551 5.2266592780749 14.5370736718178 21.0283448298772 33.8644708196322 57.83278743426 84.5223863919576 90.9400582313538 96.9438155492147 90.363601843516 85.1427217324575 76.1037369569143 70.275291800499 79.0554831425349 100.287685791651 114.504834016164 121.561686197917 119.197428226471 111.69570684433 113.644142945607 112.771242856979 110.074520111084 110.258758068085 119.004448254903 114.712287982305 103.951712449392 110.281715790431 105.978598197301 101.374417543411 100.984275341034 96.4691738287608 94.1440065701803 95.9956447283427 99.8421708742778 102.0368039608 105.08053501447 107.631285985311 110.846499602 128.898918628693 139.545460542043 148.343940575918 156.063298384349
15.8851469556491 13.6575177311897 5.18317272265752 0 0 0.446234596893191 4.65414766222239 13.0277598897616 21.8763326605161 26.2204259634018 31.569297115008 46.4809536933899 68.6406840880712 81.083208322525 96.4110096295675 106.90180460612 107.505639394124 97.8313783804576 83.4424694379171 73.6630459626516 82.163080573082 105.513393878937 113.877971967061 118.594229221344 120.869855086009 123.460193475087 123.913476864497 120.039731264114 120.982646942139 114.243566989899 110.358854134878 108.067899942398 97.3525245984395 91.5543437004089 93.2606259981791 97.3813037077586 94.1226383050283 93.8177903493245 94.4249927997589 97.0664620399475 99.0315278371175 99.9951958656311 100.680748621623 103.558560212453 115.430613358816 130.475868781408 137.630144755046 139.758795499802
17.1283781528473 20.1393937071164 18.0464883645376 0.0961926319481184 0 5.59095665812492 9.24117676913738 19.5302230616411 29.8854783177376 41.4253200093905 46.634962161382 51.9905835390091 61.5151226520538 68.4262613455455 87.5804324944814 99.7287333011627 106.113851070404 107.413997252782 105.807890494665 93.3485825856527 77.8007209300995 89.7255738576253 99.9934772650401 111.46475871404 123.204012711843 127.368748188019 126.86883409818 131.954540808996 122.947086890539 113.087912400564 109.261343876521 96.8315601348877 90.2937650680542 86.0802928606669 80.0064553817113 82.627942164739 80.9626479943593 81.7314088344574 92.4052596092224 97.380260626475 98.4378457069397 100.869556268056 99.1790095965068 98.6561278502146 101.028581460317 115.704447031021 119.126498699188 122.740497191747
18.1514297922452 18.540982156992 20.6488793094953 13.9433418711027 4.58387844264507 11.5524890522162 12.2380517423153 15.3236811359723 30.773455897967 41.3678735494614 49.7701664765676 48.6432214577993 49.9297678470612 55.1793724298477 68.2959804932276 85.3524804115295 94.0294961134593 100.703378518422 106.66169722875 106.928825378418 100.667635599772 90.1505549748739 91.6526814301809 101.938982804616 115.944117307663 119.417369365692 125.079691410065 125.11138121287 124.386052290599 116.275499264399 103.316515684128 88.2912278175354 82.1279287338257 69.8321809371312 65.525343020757 56.4781675736109 68.9073304335276 64.0900234381358 62.1155053377151 75.448806087176 82.9237202803294 86.7965817451477 89.8928840955098 90.3083781401316 90.0699893633525 99.3854403495789 102.083414793015 104.79141275088
22.7648268143336 15.6868472695351 12.2169069945812 21.6585844755173 16.9964494804541 12.611348181963 11.4806766311328 14.8185814420382 27.066578467687 34.748800098896 40.6532535950343 41.3001825412114 40.91860105594 43.9116905132929 51.0595142841339 66.9934252897898 79.0811081727346 86.3248705863953 96.7932939529419 110.265076160431 118.433396021525 108.366936445236 106.172273556391 111.185083786647 114.518791437149 110.74302593867 114.435990651449 120.576252539953 114.041556914647 101.105908552806 100.058297316233 80.5191497008006 62.1543824672699 42.3414061466853 36.8035584688187 32.3931301633517 31.421405573686 35.515122115612 50.0092208385468 61.7188662290573 64.199556907018 69.8763281106949 76.2720654408137 75.601801276207 81.5904537836711 87.0225926240285 92.067539691925 98.4324812889099
46.9858149687449 34.9759807189306 24.0984310706456 35.4940543572108 32.0414155721664 14.6952122449875 16.5601049860318 27.1248420079549 30.942365527153 34.6701343854268 36.5593110521634 37.4164382616679 38.2316559553146 37.4619240562121 44.059212009112 56.0811460018158 69.8300848404566 79.21501994133 88.9605482419332 102.643559376399 113.144685824712 125.976175069809 131.793737411499 131.401191155116 123.512148857117 112.839420636495 105.346808830897 97.4563658237457 110.60223976771 97.6596375306447 75.8474369843801 52.0091007153193 36.2622787555059 21.3633179664612 7.42205729087194 4.17184426138798 9.38485562801361 16.9426836073399 28.2125820716222 43.9265022675196 47.9699224233627 49.9370793501536 49.7415363788605 44.4943010807037 66.6225304206212 77.7381410201391 82.80082543691 89.8952782154083
