input/barkrak2/radiation/dir23024.grid
NCOLS 85 
NROWS 70 
XLLCORNER 665100 
YLLCORNER 4664600 
CELLSIZE 20 
NODATA_value -9999 
[rows 20 to 39 of 70, columns 0 to 45 of 85]
138.489226500193 127.26624806722 138.416637976964 173.005839188894 169.050594170888 141.042580207189 130.322982867559 138.090739647547 150.709172089895 170.273303985596 181.853950023651 185.863475004832 187.428812185923 192.61759519577 204.027454058329 218.70485941569 236.129701137543 246.666034062703 263.064384460449 281.804084777832 288.147409756978 283.048152923584 284.032563368479 286.460777123769 288.228929042816 289.417068163554 292.945027351379 291.28885269165 288.504282633464 287.386695543925 280.051986376445 266.061902046204 252.791782220205 244.52539285024 241.270124912262 247.358500957489 246.769686539968 249.0647037824 254.056970278422 259.053587913513 259.282271067301 259.481191635132 262.422601381938 255.720376968384 261.376976966858 264.91779088974
169.045249621073 161.820520957311 168.19828748703 199.692189693451 196.614940961202 146.552135547002 142.282615105311 149.990379810333 156.33358558019 168.077687422434 176.586906115214 179.921587308248 182.655950387319 181.195418039958 192.941764990489 208.837548891703 223.806420962016 236.787736415863 251.854459444682 270.510673522949 278.810779253642 291.902482509613 299.850026766459 300.724864006042 295.534233252207 285.494963328044 264.524022738139 259.584188461304 259.39150651296 256.324330965678 247.966547807058 220.464428265889 196.535110473633 190.534134705861 196.542700131734 217.389623324076 226.021528244019 242.973228295644 253.867208957672 255.016207695007 252.896706263224 250.972668329875 244.520008563995 228.044291337331 250.557144482931 260.383665561676
214.243610699972 216.558297475179 211.049993832906 219.02330716451 218.979338804881 175.599217414856 165.557354688644 157.847454150518 152.128597100576 159.706254800161 175.229072570801 182.289600372314 189.382334550222 192.779660224915 196.152130762736 205.50936460495 217.958470185598 233.603338400523 243.432442347209 245.076835155487 248.846014340719 252.367993195852 264.212350050608 262.685020764669 262.211958567301 255.972683429718 244.66872215271 237.018128236135 224.428176879883 219.426651795705 186.407923698425 145.432283480962 120.772858460744 126.812845468521 155.092428127925 181.736826896667 201.232433319092 224.111437797546 238.507171471914 241.488118966421 245.419383049011 245.917439460754 221.515019734701 196.976959705353 228.53163878123 257.093787193298
243.459582328796 240.783274173737 225.14800230662 224.785486857096 224.008858203888 212.076147397359 189.332683881124 164.828439553579 151.550273100535 152.314215898514 175.653318564097 187.656044960022 195.747713247935 206.786751747131 204.169114430745 207.574824492137 209.160765012105 220.867514610291 226.34889682134 216.680546601613 218.28548113505 220.242778460185 231.290479501088 240.593115488688 245.521585146586 243.868708610535 231.606304645538 224.212268988291 203.876733779907 167.012870311737 138.277580340703 112.539927164714 76.0190337896347 42.5724635521571 58.4287742773692 89.465985695521 135.185937086741 170.175512631734 194.724202156067 205.038368701935 204.580982526143 187.946379184723 177.927295366923 209.830303986867 215.656181176504 245.983878771464
237.431923548381 237.257619698842 233.759582042694 227.496127287547 216.471552848816 211.901307106018 193.20289293925 177.754918734233 162.910650173823 160.168280204137 171.652714411418 183.329661687215 193.650762240092 201.759457588196 201.950291792552 196.507195631663 202.319900194804 213.878432909648 220.96312046051 213.777760664622 212.578276793162 209.99938249588 217.212994893392 224.640389283498 226.104080677032 225.695153077443 218.043128649394 206.728498140971 181.312799453735 133.242537577947 113.077223300934 109.141091505686 85.3411157925924 36.0491871833801 31.9816718498866 57.8297525644302 89.6542469660441 114.685128132502 138.5225156943 162.360668182373 154.315263032913 135.679801305135 156.566778818766 233.282168706258 232.190648714701 248.916844526927
227.416197458903 232.308407624563 237.898528575897 227.714737256368 216.932872931163 213.2448554039 204.195141792297 206.540147463481 200.895527998606 187.219818433126 183.663010597229 197.47652610143 205.115755399068 211.640596389771 208.845893541972 203.234453996023 204.561829566956 214.924613634745 219.21839316686 222.686489423116 226.668298244476 223.468363285065 217.731833457947 214.769343535105 215.759873390198 216.570993264516 207.470655441284 198.185702164968 166.397541761398 143.618126710256 139.86948132515 153.659323851267 152.049283186595 100.22908449173 69.0538634856542 75.4085530837377 81.5147956212362 100.606650114059 123.371591170629 127.106746037801 124.68034029007 121.714174747467 165.980845689774 229.641477266947 247.938096523285 259.7762743632
228.239198525747 231.978933016459 237.024704615275 230.267067750295 231.85137907664 228.351374467214 227.549115816752 226.84774796168 230.470220247904 223.658521970113 207.818667093913 219.143668810527 219.345390796661 225.883980592092 223.926305770874 213.004032770793 209.529598553975 219.202876091003 226.281722386678 238.498628139496 238.564451535543 236.847003300985 227.601230144501 217.706282933553 216.286698977152 215.378006299337 207.450747489929 201.28866036733 177.224437395732 176.633218924204 194.381475448608 219.66818968455 226.653138796488 224.556585152944 178.646524747213 108.0442070961 99.6466080347697 104.488094647725 120.954463879267 130.079825719198 135.759254296621 172.191083431244 191.629528999329 215.007901191711 239.177425702413 248.442153135935
231.919685999552 228.292405605316 231.074412663778 230.673432350159 258.962670962016 247.679988543193 242.939869562785 235.277930895487 237.916628519694 240.162869294484 227.327922979991 221.753676732381 225.916226704915 227.72741317749 228.307525316874 222.958922386169 218.536257743835 227.005342642466 237.587789694468 241.7946656545 239.484667778015 231.866637865702 228.198011716207 225.50110022227 224.174459775289 220.39939959844 216.796338558197 212.634762128194 209.402680397034 212.897459665934 232.028186321259 245.834827423096 249.334732691447 262.517293294271 260.553459326426 177.714804808299 123.757978280385 110.890686511993 113.512317339579 134.169499079386 170.386731624603 235.693593819936 210.012137889862 199.705839157104 218.352099259694 226.097941398621
230.597913265228 220.087349414825 223.593870798747 236.791749795278 277.146756649017 254.331549008687 238.124469916026 228.726228078206 229.991594950358 230.05211353302 224.884351094564 216.122408707937 224.128643671672 230.35208384196 233.289619286855 234.482447306315 230.707148710887 224.806050459544 234.718879063924 236.291646957397 233.343482017517 227.487921714783 226.912617683411 232.970197995504 231.302618980408 224.817216396332 224.3426044782 219.596842924754 219.46515639623 225.028018156687 245.029707749685 260.734836260478 262.67021894455 262.939016024272 274.341384569804 245.187819004059 145.663201808929 98.2609689235687 86.2627228101095 110.365331172943 183.663666248322 221.302628517151 198.835929234823 170.702079931895 187.287986278534 193.74676545461
226.026634375254 212.415655454 218.621909618378 246.878226598104 275.934477647146 253.006418546041 226.367851098379 207.931637763977 198.951621850332 198.803385098775 199.094971021016 200.379093488057 216.777483622233 227.736234664917 231.459975242615 237.550298372904 236.444075902303 223.645587762197 227.607707182566 229.184865951538 227.946937084198 228.410621484121 228.568991025289 233.194530010223 234.33780670166 229.43768898646 231.549421946208 224.58028793335 218.800107638041 232.701520125071 253.150979677836 269.877592722575 266.166607538859 264.266947905223 274.621923764547 280.512650807699 233.589212099711 149.223705132802 111.324121554693 119.906922181447 155.329366525014 171.00981871287 178.688188393911 148.39834968249 149.042258659999 165.568828582764
217.875222365061 225.338717301687 255.190829435984 300.975521405538 297.017852465312 259.1166694959 221.696337064107 192.3987865448 180.927276611328 188.889781634013 184.694906075796 178.7335673968 206.772208213806 229.963839054108 236.40255133311 242.333233356476 243.516802787781 231.789946556091 229.871948560079 230.271855990092 228.920896848043 231.733024120331 233.944773674011 234.895984331767 237.688302993774 238.745510578156 239.121854305267 235.665758450826 229.163785775503 243.503630161285 261.275132497152 273.033658663432 268.631398677826 272.444466749827 279.742836952209 283.780674139659 288.25302918752 271.949609120687 195.296804110209 147.728741168976 136.422296365102 133.304784695307 154.237727324168 144.464681545893 144.436011711756 168.352961540222
236.532111962636 268.490791320801 300.648053487142 314.041574796041 329.112788041433 297.870834668477 254.686812559764 214.422901471456 200.951059659322 212.327599525452 203.729172547658 186.076442400614 202.388346195221 225.890358289083 243.250489234924 247.755984465281 245.457212130229 240.973552068075 233.456035455068 231.950044631958 232.353607813517 236.410061518351 238.754371802012 237.765749295553 239.07083272934 248.66783618927 248.294949531555 250.810881455739 246.959189573924 254.035274187724 266.269167264303 272.957762082418 275.380869706472 282.265543937683 287.70516316096 276.604374249776 280.79879283905 301.911989847819 271.240293979645 196.936011314392 147.361119588216 135.78192392985 141.935348510742 149.50305223465 170.685350894928 199.298501014709
282.195885976156 303.127070267995 306.708335876465 302.009622255961 317.237814267476 324.48931535085 306.166172027588 272.927383581797 246.784289677938 243.225256601969 241.797983646393 220.467309157054 208.84245634079 224.732120831807 246.339162190755 246.790369351705 242.689987023671 246.169805526733 236.190358797709 234.386106332143 236.254553000132 238.138576348623 238.553722699483 237.823625405629 240.55294195811 249.846200148265 254.66122229894 261.18012269338 257.743795712789 257.863283157349 270.966490109762 278.578817844391 276.766200860341 276.635686556498 280.406634012858 269.423802693685 270.492335160573 279.203255971273 261.14284992218 219.07651424408 184.350788593292 159.225722153982 148.163894812266 151.597688595454 170.97012201945 206.702709197998
295.99138100942 299.730877081553 295.237481594086 286.277075608571 289.444963137309 305.653691291809 313.406825065613 296.674311161041 276.210089524587 267.454504966736 267.507235209147 253.128051757812 230.681836605072 230.471173922221 243.572533130646 246.016879876455 243.238985538483 244.738578796387 236.477692921956 237.378001213074 235.121607780457 236.673533916473 235.611875851949 233.739614486694 239.917616049449 247.187972068787 258.220156033834 258.052945137024 256.978869438171 262.857139110565 273.911833763123 274.537245432536 263.226866722107 257.380207379659 261.017839113871 242.61212348938 240.992804368337 234.028061230977 213.18652232488 201.369961102804 212.354560693105 192.546248435974 169.645806153615 158.056159814199 160.513530174891 185.796459515889
298.393030961355 295.084993044535 299.943069616954 289.095123608907 283.744931221008 292.87052154541 310.809254646301 317.146420478821 296.231210231781 276.29280090332 269.161860148112 266.771157582601 258.946696917216 248.540123303731 246.144652366638 246.970057487488 241.655011971792 239.642977714539 239.609599113464 241.165975729624 236.069242159526 234.315196673075 235.090970993042 235.892613728841 240.094641844432 245.441575845083 253.549635410309 251.508394877116 253.239512443542 263.202945391337 270.311137040456 263.723055521647 250.023702780406 250.657856464386 245.353817939758 228.318293889364 230.801582336426 229.537665843964 224.67303276062 225.530862808228 229.324698448181 229.217727979024 209.558129310608 192.957719167074 177.636822064718 169.63795820872
311.388691266378 309.546371301015 315.617879231771 311.708251635234 303.716083367666 305.016160011292 316.272298494975 327.579498291016 307.559748490651 283.042271931966 268.589337666829 269.155085086823 273.163159688314 259.438951810201 250.807046890259 251.34156147639 246.223310629527 239.37463760376 244.551499684652 244.712094465892 242.991149425507 239.150544007619 240.40432771047 242.414017518361 240.77695608139 245.399355888367 248.658816019694 246.597647666931 249.457975228628 262.964804967244 266.29247268041 259.490668773651 252.169013023376 253.206531206767 239.217638969421 233.418305714925 239.040871461233 242.602070172628 248.523970444997 253.143588701884 221.001108487447 218.319058418274 208.666384220123 196.470856666565 181.164483229319 162.004947662354
319.444874922435 318.987091382345 322.168151537577 321.819106737773 314.209361871084 309.165100256602 315.300464630127 326.940953731537 313.359677791595 282.648086547852 268.738488356272 269.174218177795 272.409319877625 257.04155365626 248.410185178121 253.405630588531 258.066554864248 247.58380651474 249.695122241974 252.384384473165 251.769423484802 248.182773590088 245.758891105652 248.645126819611 245.734989643097 244.773387908936 248.120268185933 252.28222211202 254.367152849833 264.494438966115 267.56085952123 262.448112169902 254.320502281189 252.239644527435 237.880349159241 241.567889849345 246.118148167928 249.302248160044 251.488387584686 249.226371447245 200.445771217346 170.875628789266 156.136771043142 150.64658721288 151.044030984243 147.111972173055
319.222966829936 321.592112382253 323.688765366872 322.367469469706 316.730976104736 313.44743569692 315.709153811137 322.7419257164 319.688121477763 291.575531164805 278.245290120443 270.748674869537 264.414191246033 256.625990072886 248.885830243429 254.252235094706 262.648860613505 256.33696715037 254.883964856466 257.623056570689 257.296125094096 253.017167250315 249.895294507345 251.879254976908 252.117216587067 249.46653842926 250.802377859751 256.827712059021 259.38085714976 262.461384137471 266.867220401764 263.943831125895 257.106224695841 242.331226666768 231.170773506165 248.212933540344 256.698727607727 256.675362586975 249.220053354899 248.481690883636 197.520812352498 137.540608644485 114.164402087529 103.211641311646 105.286637941996 112.268030643463
305.914600690206 312.727808952332 316.187957922618 315.86354970932 315.884649753571 318.748434384664 320.387323697408 321.412881215413 320.884644985199 302.666942278544 292.920231819153 280.099809169769 267.090916633606 265.078763167063 256.523052851359 250.592370827993 261.27952337265 262.639045715332 256.179511547089 256.940543651581 257.171809673309 253.837168216705 249.605278174082 250.403841336568 253.236850102743 256.058673063914 254.043142000834 257.609168688456 260.345776875814 260.842223962148 264.804005622864 265.574932098389 253.226598103841 229.901532332102 236.871997515361 262.633442878723 266.315182050069 260.644356409709 248.259345690409 249.741772810618 238.826016585032 173.367480436961 118.370483318965 100.86664557457 101.604839166005 98.5867778460185
282.391448815664 287.52855459849 286.730508009593 293.657680352529 303.766787052155 313.778877258301 320.612708727519 324.440161387126 322.679420312246 311.832388242086 296.121339003245 277.267773946126 264.470855394999 263.826906681061 261.643171310425 255.926569302877 259.720007578532 258.954465389252 253.48691145579 253.295759359996 255.71205218633 257.821500301361 255.95897436142 251.17830435435 247.786005338033 250.485877195994 254.523674647013 256.206353505452 259.370048840841 259.645581245422 259.520630041758 262.482484181722 246.195693810781 231.772621472677 258.041520913442 274.482607841492 269.567906856537 262.920876344045 254.60147857666 256.690839926402 279.433210690816 272.082646687826 203.176200389862 152.820954720179 123.83825580279 102.570921182632
