input/barkrak2/radiation/dir23424.grid
NCOLS 85 
NROWS 70 
XLLCORNER 665100 
YLLCORNER 4664600 
CELLSIZE 20 
NODATA_value -9999 
[rows 40 to 59 of 70, columns 0 to 45 of 85]
264.543910821279 265.597383181254 265.494167804718 267.682274182638 275.218447049459 279.721220334371 283.260782559713 287.964661916097 287.699480851491 275.56844552358 261.666436990102 258.107920487722 256.194333235423 253.859678904215 251.585741837819 251.003662745158 248.123566309611 248.148043950399 242.730418841044 241.259614626567 245.014707247416 247.968633969625 250.442842642466 245.479305585225 239.900827407837 239.253242810567 247.756441434224 249.603390693665 251.375615596771 250.938673814138 250.062664349874 251.288831233978 239.078859488169 240.584333737691 267.735739549001 267.043073972066 255.684415499369 249.80898698171 252.074380715688 253.136436144511 265.275379021962 291.358411312103 278.820633888245 214.016656080882 151.623725891113 116.536637147268
271.553715070089 269.326309363047 268.992225329081 269.128998120626 266.197721163432 264.432470003764 262.911756833394 264.420489470164 268.241206804911 261.290152867635 253.456970055898 254.153927167257 257.603545983632 256.961683432261 254.714051882426 251.817087332408 246.325512727102 252.376914024353 252.11896498998 246.333579222361 247.81189362208 246.363957722982 246.342062950134 247.5732366244 247.968852519989 240.686058998108 245.120485623678 249.473929405212 250.206510225932 250.985145568848 251.575708389282 250.597298145294 242.502252260844 252.190053462982 264.808515707652 255.091667175293 237.735271453857 232.471823692322 235.848784446716 245.571911334991 272.819419701894 286.761482556661 281.745711962382 249.728242556254 191.708743572235 146.538466215134
274.814863999685 272.471686204274 274.541020393372 273.520906766256 267.524401346842 264.948447545369 262.896299362183 259.950598080953 260.385473569234 257.586439450582 254.252115885417 252.947270870209 256.916880607605 259.46040948232 258.159518241882 254.384716351827 250.55327018102 253.117243448893 255.993823210398 246.687690416972 243.562797705332 243.57263247172 237.844328085581 238.75105381012 242.306192715963 240.296880404154 236.610233783722 239.715377489726 243.460853894552 247.183382511139 249.01823202769 244.199315706889 245.769222577413 259.230494499207 262.733638286591 240.624745686849 224.092702070872 226.24667485555 236.40497525533 250.049253304799 260.776102542877 261.322716871897 250.247379144033 234.380741914113 196.376244227091 139.162560304006
261.566003163656 264.111220836639 271.052579085032 268.776476383209 270.170052846273 271.748602390289 271.424889564514 267.153203487396 258.216202259064 256.19645913442 257.08536307017 255.035360654195 253.143509229024 255.827764670054 255.415757497152 251.849035422007 251.765747865041 254.551609357198 250.427444775899 248.11997016271 240.280290444692 235.682487487793 234.461963176727 232.780575752258 234.798769156138 237.814605236053 232.220768928528 235.962053140004 240.096588929494 241.280535856883 239.039341608683 234.568893909454 242.593367894491 252.587735652924 247.974197069804 225.845456123352 220.332761605581 232.153356075287 247.3450700442 250.912586847941 248.027384281158 243.620634078979 234.87251996994 218.249042828878 188.472867012024 143.007546663284
259.896198908488 265.110452969869 267.004708449046 267.552594343821 268.481771151225 269.858320554097 270.283639431 267.195959885915 262.641390164693 256.875594456991 258.623679478963 255.190332730611 249.237855275472 248.72616926829 245.93194325765 246.526181697845 239.932815233866 245.376030604045 246.186832586924 244.652311007182 239.843845367432 237.677137056986 237.839043140411 237.077752749125 233.776728312174 241.509636243184 243.615031242371 240.455230077108 241.282780965169 239.161451657613 233.356734116872 229.1619181633 232.865631580353 234.588185946147 230.606555938721 220.763127009074 224.390248457591 240.003963311513 252.089560031891 245.99160750707 245.257755120595 236.579318841298 225.6098985672 211.693167686462 191.140015920003 161.183069149653
264.610807100932 268.653114636739 264.690478642782 266.767859458923 265.634159247081 266.676386197408 267.274379730225 265.311300754547 264.273524284363 261.619965235392 258.266727129618 256.196558475494 250.685274600983 245.516975720723 243.371705214183 247.305532296499 239.93060986201 241.638362407684 246.031939983368 245.578567186991 242.194453875224 241.042594114939 238.800903161367 240.596095720927 240.564604600271 239.635586738586 245.43837706248 243.356664975484 240.635136763255 238.404552141825 234.185417493184 229.592422644297 230.337659517924 225.687940915426 215.151250362396 208.830078442891 217.032551765442 235.300461451213 240.479429562887 229.224145412445 234.40827926 225.162386894226 217.373887697856 217.537820339203 213.289558887482 185.469130674998
263.386766115824 264.041344324748 264.562328656514 267.481128374736 267.377316951752 265.268405278524 264.66045777003 266.319334506989 264.712393283844 260.785043239594 258.179008960724 257.545133431753 252.939720948537 250.525037447611 248.353044191996 250.420073668162 248.091419537862 241.41788482666 246.814707914988 247.02129761378 243.556559085846 243.464271227519 241.397261619568 236.876587073008 243.403156598409 239.452362060547 238.012830416361 241.393983364105 240.390022595723 238.793830076853 235.550800959269 231.507698694865 229.123115539551 223.248263200124 216.726720333099 210.035085678101 216.143488883972 228.417197863261 228.287180264791 227.170964082082 231.136341889699 220.930775006612 221.741954485575 230.275511741638 231.177628040314 204.627156257629
255.051215489705 256.07031583786 261.295179526011 263.201574484507 265.271782875061 266.459246476491 263.541221618652 262.50155766805 262.561202049255 264.103055000305 259.973426659902 257.140219211578 254.460692405701 252.828697363536 250.527103741964 248.648683230082 246.326665083567 239.397982756297 243.721981843313 244.828184445699 240.902562936147 242.297291755676 243.578930695852 235.357026259104 238.281627496084 237.978418668111 234.959085782369 237.935423851013 239.584028720856 237.606763839722 236.711502075195 236.108601093292 228.31263144811 227.894345919291 230.857749780019 225.750684738159 224.436700344086 225.246787071228 228.567242622375 238.426049550374 231.683631738027 222.707629203796 228.098273277283 232.251703739166 228.888471921285 211.463093757629
247.11279074351 250.057339668274 255.540529886882 257.991274197896 263.571540514628 265.584389368693 263.256053129832 260.479251543681 263.293067614237 264.971713225047 262.322703997294 257.371366024017 255.7452917099 254.874269167582 250.853578249613 247.229337692261 245.28706073761 237.630446751912 240.650554498037 246.374646822611 244.649449984233 242.900490760803 243.366877237956 240.579267342885 237.932682037354 241.070469220479 236.956318219503 241.446812947591 245.962699254354 247.557441393534 250.134646892548 250.036478042603 239.033818244934 240.11641740799 241.995930671692 235.666910807292 234.745979309082 232.748647530874 233.325600624084 236.677845319112 226.296226183573 219.574014345805 217.641492684682 214.879870414734 212.386250495911 211.730082829793
245.982050895691 243.728597958883 247.071027755737 254.865129788717 259.986440340678 262.091994285583 263.426999251048 265.305062135061 265.802880128225 261.590242385864 262.142697970072 260.43842236201 257.187366485596 253.374497095744 252.203166484833 247.241199016571 246.096650759379 240.54080247879 242.685874303182 247.326850891113 249.881347020467 248.369177182515 244.583865006765 243.553896745046 241.620103518168 245.036244392395 245.133439699809 248.679379622142 253.726263840993 259.1659228007 264.011104901632 262.514511744181 253.65142027537 250.502725442251 244.575977325439 239.82705672582 238.123973210653 240.235765775045 236.862778663635 225.388944149017 214.243272940318 216.847916444143 215.883294741313 209.580361843109 207.04197883606 210.553566614787
246.98938926061 247.728069623311 249.993602434794 256.478130817413 256.627440452576 256.48440917333 263.363162676493 266.051093737284 266.042530536652 263.838748137156 263.63738377889 263.942201932271 259.255329767863 253.97382179896 254.259844621023 255.720198154449 249.490141868591 245.094776153564 245.348811149597 250.884175300598 253.347714742025 250.406781832377 246.586779753367 247.069478034973 240.211764971415 247.876485188802 250.695665677389 251.059234142303 254.934728145599 261.183818181356 266.907473405202 267.276763916016 259.739001592 250.661830107371 239.451924959819 232.78530438741 235.473374525706 242.284079392751 235.076049963633 215.639432271322 209.567904472351 220.678369204203 221.889833609263 214.579085508982 210.330426692963 204.021732012431
244.13400888443 253.223717212677 253.732482592265 257.066289583842 256.831308205922 254.779915014903 260.946770509084 264.57546154658 264.495571454366 266.626874605815 265.330811341604 263.48618666331 261.598467826843 255.688627560933 254.387080669403 259.466449419657 252.640883127848 246.962050596873 244.147062301636 247.656166553497 250.258684158325 248.262623945872 245.945612589518 241.963108380636 241.523186365763 240.583181381226 246.805985768636 247.302134831746 249.019881089528 254.696647326152 262.474894523621 264.673471450806 254.91072734197 236.433446407318 204.712351163228 194.726526737213 212.395131587982 229.876399040222 234.87381140391 233.242134253184 233.787218729655 229.913810888926 211.78392569224 206.298689047496 214.454193909963 198.359807332357
245.15171845754 244.277199109395 243.335684140523 247.671047846476 253.186146418254 256.906131903331 255.362868309021 261.488457520803 261.442442735036 263.480146725972 264.634152253469 264.808893203735 264.863510926565 258.819500605265 255.45080502828 254.642923672994 254.975994427999 246.727546056112 241.434713204702 241.108775138855 240.468879540761 243.105530738831 243.033289909363 237.202942371368 237.722853819529 237.016201019287 238.13937107722 236.485282580058 236.154774824778 237.619360287984 242.801010608673 249.614596366882 233.929415543874 202.036102612813 173.9102602005 156.910518805186 169.075985749563 198.552906513214 227.232257525126 232.744574546814 233.976483345032 222.907741864522 203.904628753662 200.889647006989 207.750121752421 188.772718111674
250.260710716248 241.217374801636 238.55072259903 242.329955101013 251.864810784658 259.606699148814 257.261614004771 259.403089682261 261.62318388621 259.949684143066 262.826184431712 263.701200485229 265.883167584737 262.558261553446 255.427141984304 254.919628302256 255.757013956706 248.280803362528 243.470132350922 244.6315685908 243.603269259135 240.193963050842 240.459581216176 236.278772354126 235.145548979441 233.408172925313 232.703546682994 232.806742191315 231.285095214844 227.498908837636 220.137933890025 220.204710960388 198.917031288147 181.16295337677 167.837798595428 156.503786643346 141.591886679331 151.779353618622 173.772970835368 203.55095465978 217.160960038503 207.710802555084 200.288653373718 198.024312655131 185.930788516998 175.5078236262
251.674652099609 245.994607607524 241.945068041484 244.000017642975 251.779357592265 259.883999824524 262.918988863627 259.19497013092 262.934803962708 259.929756323497 263.331552346547 263.490875562032 265.503386656443 265.133698781331 257.824858029683 258.474071820577 258.02997748057 250.061670939128 246.865749359131 248.259842395782 248.194813728333 243.858277797699 240.937213102976 241.603632767995 237.701733907064 236.708780129751 234.545191129049 234.056115150452 225.659171740214 218.524754047394 206.94237947464 207.862039407094 198.979298273722 191.578269004822 192.874511082967 187.918881575267 167.98875729243 153.391540050507 145.179748535156 158.146729071935 181.950112183889 183.719436327616 174.60040251414 162.79000043869 160.152196884155 164.662301540375
254.883885383606 252.672433853149 246.661424636841 241.408924261729 247.929493586222 258.024235566457 261.510809262594 259.129265944163 258.624811967214 262.314001719157 265.695055325826 267.159938812256 265.133361021678 265.941937764486 260.730942090352 258.886833985647 260.714769363403 255.271434783936 249.185721079508 249.168992042542 247.294147809347 245.160937309265 244.936943054199 245.458801587423 240.992546081543 238.615453243256 233.083168665568 225.279688835144 216.49843454361 213.108062744141 209.89724000295 211.619933446248 205.668886502584 208.979805310567 215.652366479238 219.832022984823 219.363967577616 206.162989139557 187.604943911235 154.109497865041 155.121465524038 170.29744386673 169.164141019185 161.709527174632 165.074328581492 179.246028264364
256.963928540548 255.897104740143 252.934753894806 244.797726472219 242.006798585256 253.878057003021 258.277614911397 259.135921796163 255.972981452942 261.648674805959 267.442762851715 268.945018450419 264.811078707377 264.890432357788 264.143327871958 258.053580919902 261.305749416351 256.19775056839 251.234889030457 249.594489733378 250.140090783437 248.714069525401 244.926333427429 243.196725845337 240.831792354584 236.819942792257 219.078024228414 197.620292504629 193.0965979894 198.199729124705 207.354585329692 208.395600318909 205.110569794973 205.448746681213 218.104402224223 233.158051967621 245.659391085307 249.20388062795 240.705291430155 195.20111878713 164.718419313431 174.788932005564 190.874397754669 197.874327500661 204.038421312968 214.444776376088
256.343404452006 253.828088442485 254.688302675883 250.850737094879 243.971606095632 249.605039755503 257.810473442078 259.774724642436 255.526065826416 258.815010388692 265.605568885803 268.306791782379 263.398369153341 264.921069145203 265.510261058807 256.922384103139 256.836632887522 255.465785662333 251.805345217387 252.056876818339 251.875499884288 252.898116906484 248.310367266337 242.243091265361 243.652045726776 240.722060203552 222.422897815704 198.806484540304 198.27526807785 204.990446567535 213.084737459819 212.28301525116 213.666399319967 220.078190167745 232.353250185649 238.382577896118 237.952709197998 202.37930615743 189.846535523733 188.033918539683 192.500948905945 206.500291824341 199.692090352376 188.873072465261 186.547557512919 200.317104657491
248.125433921814 252.25822130839 252.240816752116 250.882863998413 248.331665992737 245.270450909932 256.826440493266 262.05571492513 258.994658788045 257.046500841777 262.236475944519 265.230576197306 264.452119668325 259.518067042033 261.616627375285 257.525146007538 254.75404659907 254.830280939738 253.816664218903 256.86635573705 255.104104677836 253.564516703288 251.677095890045 243.389387925466 240.178068478902 243.363956610362 238.330562909444 230.771859486898 224.88272190094 227.675755818685 226.299782594045 220.997969309489 225.847999254862 231.775124867757 231.13751411438 212.753653526306 194.458186626434 149.2933233579 127.562801043193 163.046578566233 203.272541364034 216.596166292826 198.22629292806 190.86366891861 190.934141476949 201.324462890625
236.864427725474 248.200992743174 249.997953573863 248.34668636322 249.872942765554 244.871775309245 250.59696038564 260.997235774994 263.539413611094 260.762631893158 261.476476987203 264.604051907857 264.539817969004 260.434051354726 260.857164859772 258.226255575816 254.293501377106 252.164085706075 246.919453144073 244.948863983154 246.515115102132 245.3466852506 244.224846363068 242.286245028178 243.015309174856 247.667034467061 256.523152192434 257.225473721822 239.490707715352 239.6639585495 230.642835299174 217.744867006938 222.835183143616 204.622745513916 179.12358045578 153.020968039831 141.517748435338 127.646565437317 113.761633634567 128.004044294357 154.117296139399 185.146450996399 201.79013411204 219.805081685384 245.746910572052 248.826583226522
