input/barkrak2/radiation/dir20124.grid
NCOLS 85 
NROWS 70 
XLLCORNER 665100 
YLLCORNER 4664600 
CELLSIZE 20 
NODATA_value -9999 
[rows 20 to 39 of 70, columns 0 to 45 of 85]
189.473569393158 182.235856850942 197.945217291514 237.965146700541 233.026603857676 190.13512134552 174.693802992503 179.649253686269 192.444900671641 214.204569657644 226.690471172333 233.200291792552 242.231527964274 253.292838732402 266.241709391276 287.813226381938 308.648963769277 322.218537330627 327.545007069906 334.97945467631 336.711406707764 330.105364322662 328.988750775655 330.699245134989 330.899933973948 332.253555456797 334.397832552592 331.494768460592 327.290813128154 326.748649279277 320.696413516998 309.681137402852 300.701141357422 296.372512976329 294.748564561208 300.001581509908 299.527366956075 301.785886287689 306.34081363678 310.394763946533 310.166398684184 310.233592987061 312.432646751404 306.970596313477 311.412811279297 315.024177233378
217.376669247945 215.965072313944 232.767224311829 263.294577598572 259.149432182312 201.127549012502 187.240719795227 188.107490539551 195.91095050176 208.881020545959 219.260493914286 229.353030522664 235.789895057678 238.225122292837 252.396980921427 271.550873915354 288.877129554749 304.48967218399 322.410007317861 330.981214841207 334.282437960307 339.389403661092 341.070095698039 340.237935384115 336.574792861938 331.072588761648 328.000068664551 324.613948663076 323.868314425151 317.700584729513 300.63396692276 272.237718105316 251.787761847178 249.550422032674 256.941616535187 275.685826937358 283.19529692332 297.746340433757 306.309262911479 307.223578294118 305.49281835556 303.546369075775 298.117538293203 284.689744313558 302.758812904358 311.596512794495
257.729013760885 264.811774094899 270.796259244283 280.604521433512 280.65691391627 234.760483105977 208.807388941447 194.772104422251 191.189010938009 200.508455435435 220.831195513407 228.950361410777 242.439210414886 245.836774508158 251.029014587402 266.011675198873 278.93340587616 293.416599432627 305.506070454915 316.240847110748 319.772283236186 330.467263857524 336.297750473022 336.587270100911 333.920876185099 331.679344177246 327.011466026306 315.815389156342 307.159304618835 283.14330180486 246.565282344818 196.858982245127 174.578885237376 192.00078646342 220.064699649811 244.889736175537 263.100345929464 282.110154628754 294.258375962575 297.438561916351 299.488008022308 300.144135951996 278.512378533681 258.790771166484 284.959673881531 308.950742085775
278.834819793701 281.027595202128 279.38191095988 285.447339216868 285.129487514496 268.213967482249 233.46741994222 203.716953595479 188.746968905131 193.024277687073 215.967257817586 231.236815452576 245.783766110738 258.493065834045 258.456806341807 264.036476612091 275.308072566986 286.353468894958 295.454760392507 294.16557153066 301.286280155182 308.259924252828 318.306028842926 321.958820025126 316.169480482737 305.162469546 290.335973103841 281.934936841329 257.199803988139 215.243836243947 176.980376243591 153.97251645724 123.774856328964 120.455235242844 132.75479276975 169.634679953257 212.637762228648 239.712615807851 256.250937779744 266.334493954976 265.827000141144 252.148608366648 237.568497657776 271.617571512858 270.856181780497 302.674492200216
271.235942840576 272.971987724304 280.75118859609 287.442882855733 278.929432233175 268.538117408752 240.641832351685 218.666891256968 200.013756752014 196.023404598236 209.748109181722 226.180652777354 241.52946472168 253.449022769928 257.679283618927 262.708743413289 273.104826609294 284.157971541087 292.353947957357 289.759119351705 294.161637624105 287.225663661957 284.84300772349 282.470921675364 284.618159135183 281.532804171244 274.330715338389 258.790910243988 229.32771841685 172.175923983256 152.61834859848 150.39849281311 131.012141704559 102.647443612417 94.5640405019124 111.349016427994 154.24590309461 193.454384803772 218.604683876038 232.965191205343 222.893118858337 200.88255405426 222.48899936676 288.756330808004 282.89012114207 303.135752677917
264.833152294159 269.053737322489 280.223727226257 284.385323524475 279.556691646576 270.22377649943 250.04110733668 244.455277919769 235.212326049805 220.371107260386 219.663341840108 239.692648251851 250.506281852722 264.081756273905 268.440822760264 265.882988770803 270.792424678802 282.556633154551 290.619691212972 292.449673016866 288.371940453847 274.409453074137 269.997437795003 274.676124254862 276.535153388977 274.656971295675 260.876437028249 250.371317068736 206.816812356313 180.911819140116 179.114898045858 195.281942685445 198.34832350413 167.69794623057 134.403894344966 120.688249667486 135.436356067657 161.161551872889 193.854371706645 216.089924176534 197.327574094137 188.665767510732 231.844782829285 276.190400123596 296.329220136007 312.834203243256
266.529421011607 268.960893154144 276.691158612569 282.29029973348 292.315761248271 280.294199784597 266.971429189046 257.621844609578 257.059295972188 251.147468884786 243.418574333191 257.233639558156 266.501406828562 277.578771114349 279.431601365407 272.758007049561 275.294244289398 278.739929199219 278.194387753805 288.599809010824 291.98424021403 287.747919559479 279.975255330404 273.221433162689 276.003042856852 273.935576279958 263.668437798818 251.427988211314 216.895242532094 211.134155591329 232.143978277842 255.970557530721 260.80979903539 269.80992158254 244.372189044952 161.425799131393 149.155030647914 159.541954596837 185.194691022237 210.637211799622 207.10543791453 238.58767747879 239.566326141357 253.650883833567 287.763317426046 302.064637343089
270.640333493551 267.003913720449 270.054459571838 279.287119706472 314.594050248464 291.738788286845 273.891071478526 258.941233158112 259.751578172048 269.062836964925 259.885827700297 261.887232462565 273.189604282379 282.625317573547 284.575561682383 282.553732395172 274.753630161285 276.796301205953 286.086996396383 291.303793589274 290.010730425517 280.358513196309 277.221957842509 279.650052388509 280.135830243429 280.677199363708 271.044194698334 262.702822685242 241.299072901408 240.135490894318 263.397951920827 277.788539727529 277.318358421326 291.102627913157 311.044335365295 240.915874640147 178.459882736206 164.249082406362 176.960825920105 207.624912261963 244.791348775228 294.079045454661 250.163078308105 246.88458442688 271.836161613464 283.774574597677
268.30271879832 259.706695874532 263.511896133423 285.698453585307 327.329635620117 293.322285016378 265.485803286235 253.267208735148 257.829944292704 266.397555669149 261.141022046407 259.251614411672 275.070945421855 282.19880660375 284.219741821289 285.146872202555 280.100782712301 274.34911330541 283.404946327209 283.69802236557 282.716155052185 276.29295984904 276.698271433512 282.357593377431 283.438483874003 281.846622625987 279.633045196533 270.537952582041 252.578953901927 248.527367909749 270.863632361094 288.564682006836 287.917574246724 286.608735720317 306.065559387207 302.929202715556 211.629430452983 154.290646314621 145.793547232946 184.465984503428 254.013021787008 275.666832923889 243.828058242798 221.496681372325 243.958870569865 255.323191483816
261.465350786845 251.876691977183 259.999255339305 296.059985955556 324.579497178396 289.658645788829 257.558683554331 239.834745724996 238.716284434001 241.951803366343 240.790585676829 246.400157610575 268.117547035217 280.418197313945 281.703094641368 286.051551500956 285.252193609873 271.893084049225 276.603897412618 276.861071586609 277.440667152405 277.65683333079 279.231429100037 284.212867418925 286.790211995443 283.458232879639 287.085473537445 277.218182881673 258.303860823313 257.216533025106 276.51850382487 294.171452522278 289.692083994548 286.660552024841 296.028236548106 312.978545824687 292.696913083394 216.740667819977 170.327067375183 180.026412010193 216.119050979614 230.824669202169 232.089678446452 204.47572072347 212.947726249695 233.825961748759
250.274201234182 259.876588980357 289.50023651123 335.360527038574 335.789640744527 294.96157169342 257.932325204213 230.928401152293 222.618122895559 233.222126960754 226.098398367564 227.551460266113 260.720789432526 276.516119639079 284.518043200175 290.2858654658 288.568119208018 280.080854892731 278.867403666178 279.561718304952 278.724193572998 283.906877040863 285.600821177165 284.527142842611 288.032531738281 292.194942633311 291.597406069438 286.066810290019 270.697077115377 269.383688767751 282.736043135325 295.160075028737 292.267362276713 292.655885219574 297.072370847066 300.005753835042 319.232106208801 324.899772802989 257.46484597524 210.765282313029 198.64555199941 189.580798149109 209.231535593669 205.994327863057 209.679245948792 237.417737642924
268.897891044617 295.677085717519 316.848238309224 323.633631070455 349.110205968221 328.416883945465 292.213241259257 253.415067990621 238.261103630066 253.205796082815 246.788839499156 228.208243846893 245.541314284007 274.357517560323 286.993722120921 293.066501617432 290.532906850179 288.763165473938 282.685796419779 283.00952911377 285.06072362264 288.480083147685 288.449327150981 290.634155273438 290.557225545247 298.321048418681 299.808621406555 298.691908518473 287.900765736898 284.204065799713 289.159099260966 293.505728244781 295.389910538991 300.050099690755 302.953561147054 291.678110758464 299.383203188578 333.582003911336 325.130999088287 262.569785118103 214.222550392151 191.595117251078 192.537943522135 208.373626073202 231.913189093272 258.038103580475
302.506883939107 313.525199890137 305.875301361084 298.788646856944 316.726744174957 335.412740707397 328.138728936513 299.187819163005 276.165743668874 277.05055475235 278.166194756826 257.155537605286 246.939698855082 271.731336911519 288.812796274821 292.491535345713 290.042440096537 293.728768825531 285.932163397471 282.941083113352 289.036552111308 290.769060452779 292.300323645274 289.536515871684 292.513370513916 299.706200758616 305.188179016113 305.596669514974 297.136088212331 290.615558624268 297.894199689229 301.821907361348 298.046867052714 299.853066603343 303.918878237406 293.533682823181 293.158809343974 310.611148675283 310.393532117208 282.739897569021 252.78385480245 215.926210085551 197.539250055949 204.106072584788 225.074887275696 257.150292396545
297.747651735942 292.287727197011 285.699804623922 275.006353855133 275.808393955231 295.593460400899 314.660549163818 309.691846370697 296.422203381856 297.265628973643 296.624759833018 283.490061759949 269.464492797852 277.277092138926 289.250155289968 291.543424129486 290.758828322093 292.565862337748 285.141408443451 287.630995114644 289.426763852437 289.065559705098 287.885765234629 283.397893110911 289.631565411886 296.006580193837 303.856750329336 303.018947442373 298.769116401672 296.815077463786 302.840332190196 301.588594913483 290.532171726227 288.678228855133 292.455573876699 277.121444543203 274.586081504822 273.794710636139 264.502863089244 266.417384147644 276.146292686462 246.091941992442 219.113230705261 206.672370433807 210.58181921641 231.115857760111
292.437116305033 283.127029736837 289.182444413503 275.643467903137 268.03719997406 279.212355613708 303.983847300212 325.132012367249 317.83252954483 305.56325117747 295.215507348378 293.498317400614 297.454396883647 294.632375240326 296.071151892344 295.198003451029 291.540880997976 292.397499084473 290.82320133845 292.343576749166 289.78834549586 285.64316034317 286.02800766627 286.54416402181 288.190642992655 292.998353640238 298.293809096018 295.449515183767 295.607606569926 300.909558931987 302.996853987376 293.425679206848 278.411587079366 282.613436381022 280.986626942952 264.296511809031 265.464643637339 265.269001324971 269.803643226624 287.639180819194 289.208889007568 279.81307109197 256.607552369436 239.656488100688 221.390108267466 211.477637290955
311.213493347168 306.511998176575 315.461357434591 310.662070910136 300.878902276357 304.799556732178 320.445915063222 340.845584869385 332.373996575673 309.192915757497 294.964373111725 300.40450890859 313.776175181071 306.177139282227 301.97795232137 301.810304323832 300.436695416768 290.814022223155 294.833858807882 294.344206651052 292.082190513611 289.128263791402 288.384954134623 292.449355125427 288.105110327403 291.566113630931 292.485912640889 289.924740791321 292.707959810893 302.030781904856 301.698247591654 291.839003562927 280.10352452596 280.940890312195 272.438784440358 267.695208390554 272.924323876699 274.069627126058 284.637729326884 309.273024400075 277.57720152537 266.698797543844 256.728410720825 247.437218825022 230.105976263682 208.49464337031
333.137631416321 330.804387728373 333.123425642649 335.381706555684 326.557576656342 320.399800936381 325.312515099843 339.369893074036 334.688345591227 307.31334288915 298.401097456614 307.676692803701 316.069503625234 311.05371316274 302.534361680349 304.510653018951 306.843320528666 299.689412117004 301.453689734141 299.866418043772 299.742698669434 296.139816443125 293.208400408427 295.391619205475 290.66789150238 290.309389432271 291.320264339447 293.813804785411 296.69455687205 303.102076053619 303.009569644928 294.518371423086 282.633086045583 277.540723482768 268.345256646474 273.12425772349 279.176036516825 279.109358787537 281.965633233388 299.375593662262 264.354765415192 225.00201066335 211.735248565674 207.761486371358 202.715078989665 199.761907259623
343.233466148376 341.391762097677 338.43723932902 339.243610699971 333.128770192464 325.928052266439 323.697507381439 329.454203446706 334.725936253866 314.092894395192 311.300237973531 317.096769809723 317.304174105326 306.590676307678 303.996920585632 306.46542708079 313.375214735667 308.322628339132 305.316825707753 305.848181247711 304.30402358373 298.29877614975 295.843859513601 294.118026892344 293.739994366964 292.842328548431 294.12301381429 296.096960703532 298.689742883046 300.954222679138 303.03551753362 296.667039394379 285.392224788666 270.455737908681 261.42019033432 277.187923590342 286.862174669902 285.068452358246 275.612413883209 287.712216377258 264.819920063019 198.730011781057 168.899178504944 154.321849346161 155.199368794759 165.097057819366
342.92471408844 345.55721282959 345.863342285156 343.998670578003 340.912739435832 336.944341659546 331.662396589915 328.079263369242 330.416778723399 325.349847475688 330.0887743632 327.454129854838 313.775738080343 315.492033958435 309.914529323578 303.599456946055 312.202831109365 310.968518257141 307.782451311747 304.490625858307 304.656386375427 299.543261528015 295.147995154063 295.80024878184 296.434660752614 297.101656595866 294.835249582926 298.92639319102 301.231503486633 300.312717755636 303.510864575704 299.262364705404 281.330804030101 258.83146127065 267.062505086263 289.580782254537 292.81218846639 287.282983462016 270.723342895508 275.945127010345 291.715045770009 241.717656453451 184.143761793772 155.18186489741 146.524508794149 143.567830324173
330.491383870443 334.349234898885 334.558288256327 338.249047597249 343.607743581136 347.83927599589 348.84770711263 347.301165262858 345.803340276082 345.003684361776 338.181893030802 323.244412740072 318.078776200612 314.991156260173 312.825481096904 308.515429496765 311.306536197662 309.13903315862 303.553303082784 302.704493204753 304.270327091217 305.495262145996 301.727930704753 296.70657714208 296.836098035177 298.132260640462 299.562454223633 300.033768018087 302.046994368235 302.335162957509 301.877280076345 298.739473025004 276.137888431549 259.784797827403 282.907585302989 297.771195570628 293.573538462321 288.879334926605 275.837957859039 272.904912630717 305.514216423035 324.393113454183 268.525163332621 213.470697402954 174.358685811361 147.371580203374
