input/barkrak2/radiation/dir24324.grid
NCOLS 85 
NROWS 70 
XLLCORNER 665100 
YLLCORNER 4664600 
CELLSIZE 20 
NODATA_value -9999 
[rows 40 to 59 of 70, columns 0 to 45 of 85]
241.593678792318 243.525465329488 243.407090504964 244.859337806702 253.169854482015 258.848289648692 262.631595134735 266.862551371257 265.994628270467 252.399563789368 237.505714098612 232.651730378469 231.706579526265 226.468702157338 225.130140781403 222.527364889781 222.844262917837 220.179478327433 217.117091019948 211.63006623586 215.533634026845 222.495039304098 223.447759946187 216.744343439738 214.325606822968 211.942632993062 221.22855981191 223.852833112081 227.966944376628 227.685868740082 228.532433509827 230.307420094808 224.399467309316 227.762798468272 256.084561347961 255.771080652873 243.041694164276 235.947072505951 238.584180672963 242.823958396912 256.021539370219 278.583625952403 255.882283051809 181.154310703278 118.69748433431 89.1032218933105
249.159653981527 246.218343575796 246.457397937775 245.375434557597 242.294609546661 241.410772005717 238.506654898326 238.858739535014 243.580897649129 234.830856323242 225.203235944112 229.522069295247 230.52320877711 229.534566402435 226.637403170268 223.167538642883 215.962966283162 224.304517110189 223.276257514954 218.541344006856 217.936178048452 220.679084459941 219.155828158061 220.554490884145 220.750689506531 217.049757639567 221.908847490946 225.196798642476 228.1800309817 229.166090488434 229.958613713582 230.441133181254 226.209799448649 238.899111747742 252.163589000702 242.168386777242 224.694907665253 217.868824799856 220.248440901438 231.060723463694 261.312186717987 275.447209676107 266.101797421773 224.892715613047 160.050978263219 118.836412827174
252.271791299184 249.047021071116 250.797629356384 248.687505722046 243.562261263529 240.643898646037 236.509362856547 230.912884076436 233.837564786275 227.420151233673 227.172831694285 225.06328423818 227.686285972595 230.180362860362 230.109095573425 225.975354512533 221.744497617086 225.970168908437 228.985587755839 220.82394361496 217.551231384277 217.885871728261 213.952283064524 214.926838874817 218.75003973643 216.664910316467 212.969819704692 218.488176663717 222.731729348501 226.747711499532 227.212230364482 224.836925665538 228.024383385976 244.04513835907 249.069730440776 227.067649364471 210.362136363983 211.622099081675 220.507840315501 234.098136425018 244.69659725825 245.339214801788 233.394583066305 213.541766007741 168.821056683858 111.449370781581
236.38649781545 237.005611260732 244.836350282033 241.662859916687 245.201210180918 246.342857678731 245.435853799184 240.009347597758 230.268061161041 227.915108203888 231.124341487885 225.62563419342 224.589387575785 229.114572207133 228.636185328166 226.543009281158 226.335565249125 229.334572950999 228.883445262909 222.440242767334 218.251804510752 213.603556156158 212.324539820353 210.677107175191 212.907830874125 216.209928194682 210.467914740245 214.447359244029 219.046890735626 220.520754655202 218.526482582092 214.523514111837 224.014321962992 236.919562021891 234.02605454127 212.556143601735 206.765691439311 217.944343884786 231.520295143127 234.885553518931 231.035590171814 227.555950482686 218.234618504842 198.074678579966 163.770308097204 115.672836701075
233.742435773214 237.734138965607 240.803122520447 240.829745928446 242.5137758255 243.745744228363 244.085371494293 240.854938824972 236.511687437693 230.877737204234 231.183389822642 228.653967380524 223.679880301158 223.214308420817 222.063700358073 220.894734064738 217.68573919932 223.552346229553 226.386884848277 222.861746946971 217.881441116333 215.696016947428 215.86412191391 213.135520617167 211.836457252502 220.092038313548 222.452501455943 221.211135387421 220.291495323181 218.365748723348 212.733785311381 208.827098210653 214.581926663717 216.126422087351 214.258412520091 206.836501757304 210.835893948873 225.640892982483 235.93274752299 229.543189207713 229.384144147237 220.397353172302 210.279206434886 194.100181261698 168.81271203359 133.400728305181
237.866838773092 242.282807826996 238.965094089508 242.430488268534 240.123093128204 240.271210670471 241.86909198761 239.433288574219 240.414977073669 236.059566338857 233.61212015152 231.232504049937 227.023084958394 221.61195675532 219.385822614034 223.535597324371 217.716991901398 219.6919520696 224.320272604624 221.866150697072 220.345874627431 219.237089157104 216.995120048523 216.816782951355 219.000915686289 218.133310476939 224.382221698761 222.386320432027 221.540371576945 219.421009222666 213.797132174174 210.562070210775 211.859524250031 206.757048765818 198.894381523132 193.526943524679 202.233791351318 220.162173112233 224.155485630035 211.181481679281 216.287593046824 208.661278088888 201.831678549449 201.231877009074 193.483153978984 160.453736782074
235.949178536733 239.136417706807 240.848143895467 241.914709409078 242.003381252289 241.720696290334 242.260098457336 244.05825138092 239.561378955841 237.920502821604 235.072275002797 234.367986520131 231.200595696767 226.911087830861 226.462602615356 228.774587313334 224.353690942129 217.364927132924 225.160300731659 223.408500353495 219.836831092834 221.791823705037 219.735821088155 215.15824397405 222.159286340078 217.918038368225 218.70235602061 220.339357852936 221.282780170441 219.869116942088 216.832419236501 212.76334921519 210.701247056325 205.527345339457 200.210789839427 194.573442141215 200.311899185181 212.049047152201 212.691903114319 210.577030976613 213.204860687256 203.987379868825 205.94322681427 214.80002005895 213.742136955261 183.750092983246
230.440497398376 232.796967029572 238.447705904643 239.448666572571 242.974479993184 244.168798128764 240.986069043477 241.313437620799 240.008453528086 241.474052270254 236.995855967204 233.958542346954 231.119275093079 231.193562348684 226.891775925954 226.896166801453 224.563340346018 215.233206748962 221.887071927389 223.127504189809 219.088991483053 220.555186271667 222.045262654622 213.582078615824 216.728846232096 218.547145525614 213.326593240102 216.689825057983 220.427711804708 218.634963035583 218.104799588521 217.592020829519 209.937830766042 210.243622461955 215.574185053507 211.474776268005 209.094603856405 208.503623803457 212.034781773885 222.425063451131 215.644339720408 205.739299456278 211.276392141978 216.460923353831 212.478955586751 194.063584009806
223.199923833211 226.311981678009 230.875353018443 234.974980354309 240.999042987823 243.248403072357 240.809698899587 239.124894142151 240.650296211243 242.391228675842 239.594240983327 235.920627911886 232.4564854304 233.386158943176 229.235808054606 223.472158114115 223.420302073161 215.539574623108 220.862487951914 224.763592084249 223.046143849691 223.382870356242 224.096556504567 219.066441059113 216.359456380208 219.743092854818 217.521051565806 220.335563023885 227.226614952087 229.254206021627 232.438007990519 231.228729089101 221.379419167837 222.814440727234 226.31315390269 222.373167673747 221.544841925303 217.279314994812 216.386437416077 221.172988414764 209.977428118388 203.177551428477 201.041837533315 197.003146012624 194.900552431742 194.742798805237
221.975266933441 219.572405020396 223.162889480591 231.523752212524 237.046281496684 239.457209904989 242.313623428345 242.91072289149 243.318378925323 240.351458390554 241.052190462748 240.990956624349 235.848863919576 233.710567156474 230.642020702362 227.327624956767 224.268734455109 218.640228112539 221.011360486348 227.968772252401 228.61917813619 229.259014129639 225.431243578593 224.702815214793 220.239261786143 223.939836025238 226.277391115824 227.958718935649 233.595927556356 239.832560221354 247.561832269033 246.751526991526 236.141741275787 232.500274976095 227.448761463165 225.687066713969 225.614865620931 226.480642954508 221.317172050476 209.36111609141 198.294679323832 200.780590375264 199.624677499135 192.242324352264 189.323584238688 192.363659540812
223.134517669678 225.251575311025 227.687398592631 233.113725980123 234.82882976532 234.787960847219 242.189784844716 246.633688608805 245.172381401062 244.470953941345 242.665012677511 242.990771929423 238.051931063334 234.298487504323 232.824901739756 236.398696899414 227.875411510468 223.531663417816 226.152857144674 231.887062390645 232.340733210246 229.317466417948 225.400308767954 225.950300693512 221.132159233093 226.966361204783 230.11189699173 230.642418066661 237.232327461243 244.258046150208 250.967601935069 252.484440803528 244.829893112183 234.592775503794 221.94230556488 217.884322007497 222.141246000926 228.198409080505 220.836202303569 200.023015340169 193.305929501851 202.959140141805 204.542100429535 198.403139909108 192.670782407125 185.779909292857
221.466739972432 231.1665614446 233.410815397898 235.30638217926 235.051413377126 232.946038246155 239.556749661764 245.060841242472 243.486940860748 245.904544989268 244.493802388509 244.240820407867 242.217481136322 234.342892964681 233.0269018809 238.541762034098 233.283638954163 225.58605670929 222.719132900238 228.4743587176 229.01576757431 227.008442083995 224.713047345479 220.621625582377 220.137039820353 221.741398175557 225.97062587738 224.24978017807 226.194600264231 234.868784745534 243.686159451803 249.69486395518 239.097634951274 218.012611071269 179.575244585673 177.731355031331 196.330070495605 215.10789791743 221.512734889984 220.141887664795 219.142238299052 212.907036145528 195.542593797048 190.487265586853 198.236604531606 186.069985230764
224.236766497294 221.69417142868 222.30585416158 225.277821222941 232.62753089269 235.21476984024 235.273639361064 240.237752596537 240.185737609863 244.133214155833 243.736863136292 244.03570095698 244.092762470245 237.694164117177 234.181702136993 233.350356419881 235.764304796855 225.259304046631 219.741483529409 219.34312582016 220.772782961527 221.540232499441 221.601724624634 215.570489565531 216.262400150299 213.217695554098 216.776251792908 215.286453564962 215.063134829203 216.739575068156 220.032433668772 232.892672220866 216.173648834229 187.022348244985 154.968708753586 138.581703106562 150.151868661245 179.75926399231 209.988872210185 219.523866971334 220.912496248881 207.758446534475 187.874754269918 185.223380724589 189.435044924418 175.909916559855
229.372938474019 218.36793422699 215.576748053233 219.655652840932 231.401006380717 238.118688265483 237.344801425934 237.992544968923 240.379750728607 238.697628180186 241.780320803324 244.505723317464 245.198289553324 241.714596748352 236.228168010712 233.646829922994 234.664221604665 226.811587810516 221.81091705958 223.055839538574 224.16357199351 218.618671099345 218.863387902578 214.589397112528 213.543514410655 211.817522843679 211.193482081095 211.413423220317 209.935983022054 203.805923461914 196.623623371124 198.917786280314 186.869243780772 167.868693669637 153.401265541712 137.259751558304 122.161308924357 132.019380728404 154.058555761973 185.739437739054 204.478164513906 191.468040148417 182.82691637675 182.618618011475 172.452489535014 161.758522192637
230.746845404307 223.397334416707 219.183584054311 221.519788106283 231.539686520894 238.44712972641 241.694092750549 237.767497698466 241.79470539093 238.670388857524 242.331326007843 242.613673210144 244.782090187073 244.499087333679 236.795345942179 237.471044063568 237.088958422343 230.943997701009 225.443561871847 226.947665214539 226.944347222646 222.453455130259 221.632262070974 220.216830571493 216.240187486013 215.294857819875 213.129699230194 210.407932599386 206.380446751912 199.133376280467 187.424004077911 188.015580177307 179.473439852397 175.77729622523 177.936176458995 171.182612578074 148.601472377777 133.258501688639 125.400483608246 135.691106319427 168.236474196116 170.479754606883 160.517752170563 147.743572791417 144.964585701625 150.176445643107
234.1281970342 230.486452579498 224.195599555969 218.879679838816 225.768526395162 236.493786176046 240.162094434102 237.693250179291 238.943556944529 241.261998812358 246.854821840922 246.602098147074 246.255457401276 245.373547077179 241.86772108078 240.084826946259 239.98083670934 236.500799655914 230.280260245005 227.895458539327 225.970288117727 223.838567733765 223.763147989909 226.84899965922 222.240606943766 217.447757720947 213.993648687998 201.487143834432 196.856677532196 193.465232849121 190.500060717265 193.271239598592 190.258781115214 195.232292016347 201.996207237244 205.629944801331 202.7880748113 187.778075536092 168.802936871847 134.31715965271 139.691611131032 156.011958916982 154.898146788279 145.155986150106 147.975891828537 162.959446509679
236.371457576752 235.279142856598 230.816423892975 222.456634044647 221.697906653086 232.213060061137 238.382597764333 239.254752794902 236.190994580587 242.527306079865 248.892505963643 250.272790590922 245.867212613424 246.1798787117 245.594918727875 239.181478818258 242.568751176198 235.320627689362 230.151613553365 232.634305953979 230.923652648926 227.517028649648 221.412857373556 219.665785630544 217.269619305929 213.210900624593 193.236132462819 172.131697336833 167.788525422414 174.794236818949 184.324622154236 189.953327178955 188.92498811086 191.558102766673 204.039891560872 218.02943944931 230.481207370758 231.985926628113 225.971301396688 177.825232346853 144.854118426641 159.913331270218 174.710869789124 182.129164536794 187.273919582367 199.174145857493
235.671699047089 233.05602868398 232.700308163961 230.658988157908 223.861912886302 229.58101828893 237.920979658763 239.94251092275 235.834717750549 239.771862824758 246.979653835297 247.826973597209 244.321544965108 244.282007217407 246.993402640025 235.903382301331 237.950205802917 232.36072063446 230.745116869609 231.098532676697 231.034179528554 229.816496372223 225.013375282288 218.679467837016 217.915832996368 217.857340971629 199.910263220469 177.021245161692 174.294968446096 181.005736192067 191.900034745534 194.129963715871 197.899341583252 207.165618737539 217.022319634755 221.791485945384 220.337331295013 190.512438615163 176.922122637431 173.005064328512 175.881505012512 189.07509247462 187.768737475077 174.04301961263 165.925820668538 183.209260304769
225.567022959391 231.396853923798 231.696089108785 230.675677458445 226.394712924957 225.060721238454 237.047592798869 242.423256238302 237.688998381297 238.148013750712 241.386671861013 246.293683846792 243.750711282094 240.486244360606 240.819573402405 236.524701118469 231.573899586995 233.820060888926 232.931812604268 233.91451438268 234.526395797729 230.612893899282 228.691399097443 222.501734892527 221.56035900116 224.811931451162 219.902634620667 211.792806784312 208.799084027608 209.44348971049 208.012640476227 203.126430511475 208.482543627421 214.246491591136 213.724533716838 202.479004859924 182.45655298233 133.686621983846 111.044694979986 145.286053419113 184.448083241781 194.830377896627 186.828712622325 176.170647144318 173.447291056315 182.808021704356
214.992125829061 227.261583010356 229.357500871023 228.070120016734 229.834119478861 224.667112032572 230.542759100596 239.682734012604 244.768798351288 240.161418914795 242.55758523941 243.801395098368 245.520293712616 241.419076919556 239.996333916982 239.117344220479 233.070254325867 231.037815411886 228.061974048615 225.988308588664 229.883313179016 228.790203730265 227.726896603902 225.938598314921 224.582393964132 231.644113858541 239.527066548665 242.622713247935 225.104888280233 224.868814150492 212.659955024719 203.277111053467 207.809964815776 193.11249256134 165.396978457769 137.754152218501 126.821060975393 112.530906995138 97.0568259557088 108.664890130361 132.047514120738 166.316092014313 185.682733853658 207.011898358663 231.269637743632 232.537468274434
