input/barkrak2/radiation/dir22724.grid
NCOLS 85 
NROWS 70 
XLLCORNER 665100 
YLLCORNER 4664600 
CELLSIZE 20 
NODATA_value -9999 
[rows 20 to 39 of 70, columns 0 to 45 of 85]
144.358744223913 133.428474267324 145.273188749949 181.001702944438 176.477233568827 146.204610665639 135.012100140254 143.962144851685 159.451027711233 174.218932787577 185.920755068461 191.103339195251 194.63453690211 199.063181877136 208.629965782166 230.872551600138 242.744286855062 253.241181373596 271.041870117188 285.998821258545 299.185117085775 292.029658953349 290.32027721405 291.873971621195 293.575962384542 295.560737450918 298.894981543223 296.354711055756 293.485999107361 292.43262608846 285.243928432465 271.64097627004 258.839011192322 250.980834166209 247.864703337351 253.842492898305 253.740211327871 256.105224291484 260.362605253855 265.209714571635 266.392131646474 265.592237313588 268.465101718903 262.864708900452 267.321904500326 271.921892960866
174.832542737325 168.302873770396 175.999263922373 207.73986975352 205.044269561768 152.499278386434 147.10412422816 154.059062401454 162.834167480469 172.385374704997 181.510170300802 186.09889348348 191.646675268809 189.264674981435 203.03475856781 218.614935874939 231.419563293457 244.120538234711 260.178526242574 276.302695274353 286.979774634043 299.200177192688 305.741469065348 307.449539502462 301.359613736471 293.899734814962 280.368804931641 272.757967313131 272.700786590576 265.882790088654 257.759173711141 226.449926694234 203.015704949697 197.788139184316 204.245289166768 224.452992280324 232.951502005259 249.587257703145 261.106034119924 261.283795038859 259.228467941284 258.19194316864 250.990092754364 234.797199567159 256.699760754903 267.532308896383
219.703574975332 222.557584444682 218.368351459503 226.564009984334 226.398905118306 182.272334893545 170.233130455017 164.029310146968 160.024215777715 167.880793412526 179.831107457479 188.67019812266 195.287346839905 198.950429757436 205.608050028483 213.739275932312 225.622932116191 239.017844200134 251.42115354538 256.216247876485 259.823600451152 270.862778027852 271.608670552572 272.100190321604 272.778451442719 266.027887662252 249.271730581919 241.620699564616 236.814856529236 223.978936672211 191.364884376526 150.632758935293 126.700778802236 134.556591510773 162.846992413203 189.266800880432 209.2644572258 231.007516384125 245.160281658173 248.983939488729 251.917759577433 253.11537583669 228.810906410217 205.086608727773 234.825809796651 264.468729496002
248.033901055654 245.922029018402 231.852948665619 232.496738433838 231.385846932729 218.559801578522 194.223205248515 168.9692735672 155.447661876678 158.40357542038 181.833485762278 191.827555497487 203.32125822703 211.280504862467 211.986303329468 214.143395423889 221.334060033162 231.639583905538 235.216796398163 228.364904721578 222.855687141418 224.681715170542 238.13792069753 247.354944547017 252.167224884033 251.25261147817 239.317615826925 230.415145556132 208.744684855143 172.075212001801 143.298814694087 117.60938167572 81.3648700714111 57.6975444952647 68.2465732097626 105.043808619181 146.983802318573 182.006080945333 201.971650123596 213.107307751973 212.591290473938 195.549348990122 185.174981753031 217.911918958028 223.267992337545 253.66222858429
241.763075192769 241.861124833425 239.655355612437 234.912733236949 224.007248878479 219.718078772227 198.512931664785 184.175829092662 169.119119644165 163.91666730245 175.3924091657 188.157498836517 201.158424218496 209.776520729065 211.301624774933 210.970362027486 211.76677942276 221.76984945933 227.145791053772 220.043838024139 221.954345703125 215.823392073313 224.178989728292 230.462670326233 233.747164408366 232.712050278982 223.369518915812 213.82212638855 186.886151631673 138.243307669957 117.869089047114 114.030023415883 90.5655721823374 42.8726573785146 37.2752100229263 61.9634240865707 96.9898700714111 124.532163143158 151.07129017512 173.924386501312 163.398613532384 143.59317223231 164.788663387299 241.059501965841 239.692012468974 256.518006324768
232.300738493601 237.190008163452 243.273754914602 234.708666801453 224.518080552419 219.874739646912 211.064755916595 210.725049177806 204.570889472961 190.667788187663 189.840892950694 204.594512780507 211.705962816874 219.579577445984 218.165616194407 209.264953931173 211.025754610697 221.028248469035 227.011481920878 230.452517668406 232.532064119975 229.143142700195 224.585711956024 222.13743130366 223.363240559896 222.466250260671 213.243762652079 205.47099908193 173.187772432963 148.201177517573 144.649376471837 158.74128540357 157.649487257004 107.944488525391 75.1875092585882 81.5144777297974 87.8504017988841 108.261634906133 132.303953170776 135.8316441377 134.816567103068 129.85634803772 173.10909430186 237.823903560638 253.489991029104 268.722097078959
233.129719893138 236.673871676127 242.077887058258 236.731727917989 239.704032739004 234.40416653951 232.031047344208 230.230430761973 233.296434084574 228.899399439494 213.751117388407 225.575466950734 225.565969944 231.520712375641 229.779601097107 219.282905260722 215.500473976135 227.097849051158 230.533341566722 242.583672205607 246.25289440155 241.020679473877 231.98801279068 223.789274692535 223.979234695435 221.392512321472 214.873870213827 208.642919858297 183.73574813207 180.988589922587 199.140906333923 224.30690129598 231.061577796936 230.239848295848 186.439593633016 113.56375614802 106.366892655691 111.307511727015 130.095024903615 137.886842091878 146.626770496368 180.616497993469 198.745687802633 221.93698088328 246.501525243123 255.873918533325
236.855924129486 233.10931523641 236.04428768158 236.747364203135 265.817006429036 254.221002260844 246.431946754456 237.790485223134 242.332796255747 245.414753754934 230.920811494191 227.799296379089 230.707923571269 234.942654768626 236.004710197449 230.768362681071 226.400295893351 231.376945972443 243.48521232605 247.663855552673 247.159322102865 236.250996589661 234.221597512563 233.222206433614 231.799741586049 228.188196818034 222.782154877981 219.904323418935 215.240299701691 216.476162274679 236.127078533173 250.02517302831 253.025074799856 266.33483171463 266.913632551829 185.037831465403 131.113191445669 117.849449316661 120.844483375549 142.895887295405 180.94797929128 243.496139844259 216.421047846476 206.5083583196 226.102868715922 234.271585941315
235.627710819244 225.216388702393 228.666385014852 242.914795875549 283.32382440567 260.202209154765 241.160174210866 231.403628985087 234.926144282023 236.171722412109 229.191660881042 220.540185769399 228.992978731791 236.418704191844 237.34978834788 240.5606508255 235.081871350606 232.606927553813 240.568180878957 243.977944056193 241.072038809458 233.603338400523 233.027815818787 239.071786403656 237.411697705587 230.987429618835 231.655478477478 226.285735766093 224.884986877441 228.189388910929 248.496135075887 264.462093512217 266.316076119741 266.14781220754 278.541366259257 252.614140510559 154.391398032506 105.35396138827 92.179129521052 119.482268889745 192.130446434021 228.767414887746 202.447851498922 175.156752268473 191.987931728363 200.546940167745
230.380455652873 217.340350151062 223.848839600881 253.047247727712 281.871438026428 257.29109843572 229.832092920939 213.418245315552 205.186227957408 203.920483589172 204.091310501099 207.173387209574 220.750133196513 235.322693983714 239.112913608551 243.194540341695 242.586513360341 231.480757395426 232.15655485789 233.758489290873 234.186748663584 234.601974487305 236.377815405528 240.861753622691 240.478316942851 235.659917195638 237.545450528463 230.375289916992 225.200732549032 236.020505428314 256.34237130483 273.213962713877 269.30570602417 267.325659592946 277.653634548187 284.795184930166 241.074701150258 156.893491744995 118.745674689611 127.693792184194 161.780993143717 179.049630959829 183.350841204325 153.193175792694 159.158994754155 172.14427391688
222.063422203064 229.787151018778 259.662667910258 305.510461330414 301.797767480214 263.319035371145 227.568209171295 196.658571561178 185.150762399038 193.900148073832 191.248953342438 185.137430826823 214.932163556417 235.379854838053 242.431799570719 248.35471312205 247.782190640767 237.695237000783 236.261010169983 238.044877847036 235.173026720683 241.171518961589 241.696894168854 240.909020105998 243.777314821879 244.774262110392 245.093524456024 241.492410500844 235.704064369202 247.035324573517 264.245847860972 276.092092196147 272.125820318858 275.256594022115 282.16689825058 286.106904347738 292.374491691589 278.31103404363 203.514377276103 157.501349846522 142.751485109329 138.114263614019 158.47251812617 151.801983515422 151.213427384694 177.180747191111
240.738908449809 272.144277890523 303.033133347829 315.649668375651 331.887602806091 301.620046297709 259.076635042826 218.79631280899 207.035740216573 219.107111295064 210.311452547709 192.448655764262 206.137319405874 231.112599372864 250.762104988098 253.363390763601 251.330574353536 246.848543485006 239.838461081187 238.195935885111 240.130623181661 242.821991443634 246.446967124939 243.741552035014 245.116472244263 252.766092618306 254.037578900655 256.327986717224 252.256294091543 258.158206939697 269.547879695892 276.004036267598 278.143346309662 284.83788172404 290.038545926412 278.713504473368 283.454318841298 306.12983306249 278.273065884908 205.401142438253 155.569046735764 142.840325832367 145.989636580149 156.89950188001 177.182555198669 207.171857357025
284.991463025411 304.824550946554 307.229777177175 302.152693271637 317.627867062887 326.086004575094 308.918098608653 275.95986922582 251.765112082163 248.603244622548 247.713208198547 223.79877169927 212.451159954071 231.151938438416 250.526865323385 254.293402036031 251.826743284861 253.757874170939 243.946194648743 237.765769163767 242.680231730143 244.648496309916 244.427084922791 242.43555466334 246.538023153941 256.920059521993 261.516273021698 266.429642836253 262.522101402283 262.083987394969 274.527231852214 282.112499078115 280.041217803955 280.118584632874 283.938785394033 273.072401682536 273.615896701813 283.363143603007 267.354647318522 227.009117603302 191.606203715007 164.286315441132 152.351637681325 155.649205048879 176.793694496155 212.162534395854
296.594778696696 299.269835154216 294.912119706472 285.298764705658 288.202007611593 304.845372835795 314.3390417099 299.430747826894 280.254264672597 272.312998771667 272.474825382233 255.887806415558 236.728052298228 239.458461602529 251.100897789001 253.573675950368 249.552925427755 251.154800256093 242.855350176493 242.265919844309 242.910782496134 244.43385998408 239.286462465922 239.813903967539 245.865801970164 253.085096677144 263.687451680501 263.252894083659 261.986573537191 267.608225345612 277.639965216319 278.636972109477 266.787727673848 261.400640010834 264.991859594981 247.073511282603 245.189547538757 239.383975664775 219.526529312134 209.044575691223 219.296018282572 197.649081548055 176.457524299622 162.298729022344 164.946635564168 190.659761428833
298.114041487376 294.058998425802 299.210329850515 288.102984428406 282.2478612264 291.617751121521 310.491720835368 319.002111752828 300.103763739268 281.074325243632 273.653984069824 271.223326524099 266.900976498922 254.969676335653 250.723640124003 253.08616956075 247.831781705221 244.665245215098 246.201078097026 247.800926367442 242.888371149699 241.137782732646 241.114834944407 240.846554438273 243.876079718272 250.085751215617 257.950564225515 255.853553613027 257.20210870107 267.819186051687 275.200168291728 267.640709877014 253.829916318258 254.793604214986 249.970157941182 232.961297035217 235.249360402425 234.130322933197 230.333725611369 232.926289240519 237.046678860982 236.043234666189 213.753819465637 197.30673233668 181.860645612081 176.62101984024
311.820407708486 309.628109137217 316.243330637614 311.916033426921 303.79464228948 305.436988671621 317.232131958008 329.870740572612 311.604460080465 287.427385648092 275.041898091634 273.824910322825 278.621872266134 263.657490412394 255.467196305593 258.816202481588 253.840088844299 247.131069501241 248.710970083872 250.775814056396 248.951951662699 244.35959259669 246.443231900533 249.070465564728 247.505128383636 250.252326329549 251.923382282257 250.070651372274 253.888487815857 266.822298367818 270.612756411235 264.161149660746 255.866686503092 256.859024365743 243.68945757548 237.841844558716 243.421653906504 246.718982855479 253.185927867889 259.977161884308 226.856887340546 222.898364067078 213.69473139445 204.193393389384 189.358592033386 167.209585507711
321.578939755758 320.867280165354 323.935310045878 323.725442091624 316.044767697652 311.035672823588 316.96077187856 329.068978627523 316.941161950429 286.718785762787 273.150662581126 274.381796518962 277.259449164073 264.408051967621 254.912237326304 260.852595170339 263.087352116903 252.860943476359 254.928429921468 258.264978726705 256.265799204508 251.633842786153 251.559535662333 255.466262499491 252.561191717784 251.469651858012 255.291879177094 258.187294006348 261.055747667948 267.833014329274 272.088746229808 266.624689102173 258.077502250671 255.620241165161 241.882463296254 245.696763197581 250.371555487315 253.353814284007 255.505124727885 255.51974773407 208.661377429962 176.633636156718 163.889726003011 155.927658081055 156.611442565918 154.110014438629
322.585960229238 324.483116467794 325.948774814606 324.765245119731 319.112360477448 315.402249495188 317.128856976827 324.004491170247 322.355230649312 295.394361019135 283.000787099202 276.614566644033 269.944290320079 263.160169124603 256.492714087168 259.542922178904 268.58135064443 263.761083285014 260.774870713552 262.900610764821 263.031442960103 258.772075176239 254.797120889028 255.549530188243 256.321688493093 256.269415219625 257.343351840973 263.657530148824 265.344202518463 266.97438955307 270.932575066884 268.880108992259 260.801394780477 245.883186658223 235.137045383453 252.055843671163 260.583837827047 260.757883389791 252.676288286845 253.513673941294 205.996990203857 143.794775009155 119.240244229635 109.722981850306 111.933370431264 118.152856826782
310.436725616455 317.156036694845 320.241868495941 319.720526536306 319.330275058746 321.396311124166 322.205901145935 322.80429204305 322.800437609355 306.186318397522 296.247700850169 284.560163815816 273.674706617991 269.71302429835 261.906623840332 256.718436876933 268.566290537516 268.045703570048 261.637131373088 262.803057829539 263.004203637441 258.972942829132 255.498071511587 256.246129671733 258.66162776947 261.360228061676 259.334981441498 262.365122636159 265.262921651204 266.158143679301 269.341369469961 269.312381744385 256.922900676727 233.71954758962 240.830957889557 266.280293464661 269.809464613597 264.140586058299 251.444280147552 253.258466720581 245.406031608582 181.154489517212 125.22366642952 107.83451795578 106.261362632116 107.218305269877
288.797736167908 293.239812056224 292.961915334066 300.089617570241 309.095482031504 318.438688913981 324.643810590108 327.870567639669 325.151483217875 316.528121630351 300.851225852966 282.237331072489 270.628929138184 269.839485486348 267.692883809408 261.802991231283 265.060305595398 266.283849875132 259.527623653412 259.228587150574 261.342505613963 263.337175051371 263.288954893748 258.133828639984 255.230625470479 257.766922314962 261.317948500315 263.117909431458 265.820622444153 264.625072479248 265.776216983795 266.668041547139 249.88983074824 235.477129618327 261.408070723216 277.997235457102 272.836089134216 266.407589117686 257.644792397817 259.026288986206 282.976110776265 278.595884641012 210.668087005615 159.551411867142 129.213690757751 109.115620454152
