input/barkrak2/radiation/dir26924.grid
NCOLS 85 
NROWS 70 
XLLCORNER 665100 
YLLCORNER 4664600 
CELLSIZE 20 
NODATA_value -9999 
[rows 20 to 39 of 70, columns 0 to 45 of 85]
59.8640342553457 48.3075380325317 52.6301463445028 69.4582362969716 65.5141820510228 59.3501528104146 51.5855252742767 63.4351472059886 74.8674074808757 84.5869183540344 93.5604472955068 92.4798548221588 90.6285047531128 96.3492492834727 103.302617867788 120.666166146596 132.520625988642 141.889671484629 153.416077295939 169.502854347229 175.231595834096 164.839456478755 161.248574654261 163.498322168986 163.243214289347 162.554164727529 161.637256542842 159.460733334223 160.231828689575 150.576213995616 150.951484839121 129.849096139272 120.502670605977 122.034857670466 118.269890546799 147.551616032918 147.557258605957 150.008966525396 154.082506895065 160.25185585022 161.075383424759 161.71204050382 165.539791186651 158.146490653356 163.855423529943 169.756452242533
88.418702284495 75.9049902359645 68.1577275196711 89.5978808403015 88.3045097192128 58.9507867892583 60.7686390479406 71.9905396302541 80.1781664292018 86.4153802394867 88.8844231764476 86.3806903362274 86.6267879803975 85.4912598927816 95.9083437919617 107.604076464971 122.717003027598 133.453746636709 145.628313223521 162.060101826986 170.080145200094 183.802008628845 186.466137568156 182.216723759969 174.02305205663 161.655882994334 149.268180131912 141.662776470184 146.521518627803 145.522594451904 124.836832284927 98.5655685265859 82.0451577504476 60.6559564669927 61.8073791265488 70.4147269328435 95.0201551119487 107.701390981674 136.535425980886 139.803886413574 139.688382546107 148.096640904744 139.143735170364 124.294569094976 149.656196435293 163.073480129242
131.027261416117 129.548728466034 109.745383262634 110.24667819341 107.683767875036 76.6913990179698 83.0529034137726 82.2277963161469 77.9004742701848 80.7545731465022 88.5391732056936 88.0086322625478 93.0238664150238 94.3667689959208 98.9675323168437 105.745216210683 118.242959181468 130.155543486277 138.551553090413 143.143018086751 147.711485624313 163.966069618861 174.667954444885 176.181276639303 172.458032766978 161.735564470291 150.086541970571 138.856410980225 144.134074449539 123.83688489596 90.3781453768412 54.6443561712901 37.7099166313807 17.9092561205228 9.60787447790305 27.833270529906 48.0719109376272 76.6413509845734 91.0824636618296 105.509599049886 113.982061545054 118.966768185298 107.282151778539 88.2121125857035 113.663136959076 150.977671146393
170.619825522105 161.691208680471 129.395524660746 116.961300373077 113.765011231105 109.0327501297 101.245005925496 84.6367180347443 72.4655538797379 73.2772052288055 90.3578499952952 91.6603008906047 100.767314434052 109.276453653971 107.0277094841 107.258319854736 115.823000669479 127.241909503937 133.711814880371 125.970005989075 126.794596513112 131.99970126152 145.842770735423 154.796073834101 159.226179122925 155.046115318934 139.809052149455 130.917569001516 110.670198996862 69.4305002689362 54.8007885615031 43.4340437253316 16.7318743964036 0.206577416975051 0 0.493519512626032 12.3713438709577 32.0289606849352 47.8593210379283 55.309866865476 60.6233229239782 49.6017684539159 58.7884038686752 96.9143708546956 109.800149997075 138.463815053304
162.672569354375 159.252325693766 146.447638670603 120.273947715759 104.611496130625 108.109533786774 101.441899935404 93.7789579232534 82.0906162261963 76.2172043323517 83.8777522246043 88.6058509349823 92.6049053668976 105.69840669632 106.482009092967 106.78897301356 112.738033135732 124.152521292369 131.450762351354 124.260822931925 123.675247033437 120.553811391195 131.099363168081 138.994961977005 139.68163728714 135.666340589523 130.306601524353 117.807586987813 100.57066877683 51.4670014381409 45.3486293554306 44.8414186636607 24.9696150422096 0.442573179801305 0 0.960415151591102 7.55758148928483 20.3285440802574 26.5908390283585 29.5202707250913 25.4306147495906 21.4194481571515 41.5876110394796 122.866113980611 127.733091513316 139.223923285802
150.142272313436 154.781917730967 156.331916650136 128.143350283305 105.328013499578 109.468420346578 112.630804379781 121.265302101771 117.902209361394 104.381561279297 97.903033097585 103.707780440648 108.800520499547 115.603317817052 117.663522561391 111.159016688665 112.768838802973 124.587515989939 132.37393895785 135.576834281286 137.913922468821 133.802096048991 129.794776439667 127.442200978597 129.55629825592 128.81134947141 118.949552377065 111.744791269302 88.3592069149017 72.8403478860855 72.2788174947103 82.8636189301809 76.3030350208282 20.9346562623978 4.85141513248285 10.3958298762639 11.5060470998287 17.5455336769422 19.2626838882764 13.1217241287231 9.92786015073458 14.0268951654434 55.2282234032949 118.888239065806 146.300256252289 148.537268241247
149.103055397669 154.198537270228 159.066379070282 136.78123553594 122.136066357295 128.33641966184 139.042884111404 143.493274847666 147.490054368973 143.766721089681 122.45187163353 123.832722504934 127.126485109329 134.540140628815 131.743977467219 121.04207277298 118.506381909053 130.035728216171 135.919749736786 149.0585009257 152.804394563039 149.39163128535 138.53054245313 129.592378934224 129.597783088684 130.593637625376 120.299915472666 117.330968379974 106.253405412038 107.380529244741 122.762411832809 146.034528811773 154.497732718786 140.531162420909 63.7707511583964 26.6112113992373 24.866317709287 25.6632889310519 22.522047162056 13.3164040744305 20.890270670255 55.3535372018814 97.0784624417623 120.268394549688 143.157402674357 136.547833681107
150.890717903773 149.577001730601 150.022665659587 141.584455966949 153.887877861659 154.699136813482 163.062145312627 161.251068115234 162.856916586558 158.6019496123 138.536264499029 133.434295654297 133.763521909714 138.392686843872 138.334592183431 132.903844118118 129.238208134969 137.721717357635 150.663137435913 157.043725252151 154.260923465093 143.699566523234 140.725632508596 140.065540870031 138.993084430695 137.12411125501 132.168640693029 130.732595920563 142.210006713867 150.334060192108 165.335655212402 177.311837673187 186.525464057922 197.81752427419 165.613383054733 67.5677706797918 38.0014628171921 28.7040174007416 17.4404755234718 16.064316034317 43.1093623240789 121.65234486262 120.482971270879 107.828925053279 106.593906879425 106.13951086998
153.474440177282 142.319073279699 143.439988295237 146.644085645676 176.232993602753 166.548033555349 160.279671351115 147.556801637014 143.839071194331 138.331572214762 131.126681963603 118.13896894455 130.83956638972 130.754301945368 139.933158953985 141.788403193156 137.306342522303 131.848553816477 143.410583337148 145.458479722341 146.390299002329 140.148431062698 139.573842287064 145.366032918294 146.227568387985 139.579723278681 141.642093658447 139.037082592646 152.942309776942 166.455686092377 185.051282246908 197.105209032694 203.870415687561 205.42832215627 204.298675060272 137.329945961634 37.4750370780627 13.8631425797939 8.16730968654156 15.838585793972 62.3252242803574 116.007745265961 104.889502127965 75.7237523794174 74.1650511821111 71.59723341465
153.540084759394 135.984341303507 140.239338080088 155.254423618317 175.160904725393 162.602295478185 142.000466585159 124.892552693685 112.123986085256 102.329274018606 103.674431641897 108.73880982399 115.13606707255 127.122571070989 134.997685750326 141.837139924367 139.307161172231 125.283688306808 130.280991395315 134.7702840964 133.374392986298 135.893563429515 135.846724112829 143.55589946111 150.180866320928 145.170082648595 148.994306723277 145.082493623098 150.493959585826 174.287855625153 196.177780628204 210.305750370026 209.635456403097 208.578149477641 219.657301902771 208.976407845815 127.585560083389 41.5195549527804 28.5231669743856 33.5249230265617 57.1752041578293 71.9272047281265 79.7511488199234 53.5870095094045 46.16346458594 56.6524664560954
150.290836890539 155.326346556346 182.962914307912 225.249449412028 207.020461559296 169.425090154012 134.749432404836 103.395273288091 91.0989940166473 96.1804588635762 92.0397142569224 91.7112330595652 103.903273741404 123.741388320923 139.753262201945 146.792680025101 144.561896721522 132.571707169215 131.97535276413 137.017438809077 133.557260036469 138.685544331868 142.300943533579 144.561817248662 151.094913482666 154.678324858348 155.767391125361 156.432052453359 155.574927727381 183.813393115997 206.449389457703 215.832610925039 211.760719617208 219.180226325989 231.639722983042 236.585795879364 218.30419699351 168.705979983012 86.6011182467143 51.0321309169134 43.4421847263972 45.5020119746526 60.3148341178894 49.7343291838964 44.2498177289963 61.0397160053253
168.505291144053 205.3302526474 251.15434328715 274.325589338938 267.176369825999 215.202530225118 163.33203514417 122.995615005493 113.922903935115 117.341548204422 109.562466541926 90.4921193917592 99.2810527483622 124.067922433217 143.205831448237 151.424944400787 147.096365690231 140.858471393585 136.110683282216 137.810836235682 138.914346694946 142.349461714427 146.777898073196 147.696365912755 152.480632066727 165.935734907786 166.984895865122 172.672609488169 178.675572077433 192.977170149485 209.665218989054 218.387564023336 220.871806144714 229.08761103948 235.879302024841 233.263472716014 229.550957679749 229.357083638509 166.551291942596 84.3398074309031 48.3773748079936 46.4754402637482 49.1544157266617 52.9465327660243 62.8359715143839 86.8284900983175
228.9692958196 263.028025627136 281.184037526449 280.595461527507 289.93554910024 274.390896161397 235.067109266917 195.873558521271 164.959808190664 155.896484851837 150.635610024134 120.713184277217 101.839939753215 120.826780796051 146.361609299978 149.841964244843 146.434326966604 147.869825363159 136.991838614146 136.219690243403 140.158206224442 143.24543873469 144.109696149826 146.210809548696 150.937189658483 167.77761777242 175.560474395752 182.951251665751 188.617825508118 195.087154706319 209.988931814829 221.570372581482 221.186618010203 218.760391076406 220.696012179057 205.956141153971 206.935564676921 206.69416586558 165.08295138677 109.613368908564 71.1801846822103 59.7630838553111 54.2854219675064 56.0000687837601 65.6864643096924 84.0138792991638
269.037524859111 285.346607367198 285.824815432231 276.984333992004 285.993258158366 291.000485420227 276.199400424957 239.999055862427 206.673006216685 172.706425189972 169.017155965169 154.454569021861 126.401404539744 126.198391119639 142.149269580841 147.263467311859 142.518838246663 143.948972225189 136.510004599889 139.18795188268 136.896322170893 140.035708745321 139.473895231883 139.795353015264 148.632109165192 161.708116531372 174.230674902598 179.241299629211 185.519258181254 196.179906527201 209.408164024353 212.838331858317 199.911415576935 189.401984214783 181.142926216125 166.761418183645 167.203028996785 153.755764166514 122.77431289355 92.1380420525869 96.9992578029633 87.2386495272319 70.4866945743561 58.5260490576426 57.5581689675649 72.2313870986303
279.949347178141 282.68168369929 283.820251623789 281.43717845281 279.693027337392 282.681902249654 283.347249031067 258.793830871582 212.481458981832 183.034718036652 178.570330142975 172.183553377787 159.119447072347 143.599371115367 143.101592858632 145.994693040848 141.840040683746 137.34777768453 137.787957986196 142.255485057831 136.601954698563 137.057562669118 138.770232597987 139.880994955699 145.672291517258 153.74634663264 165.699541568756 166.165411472321 175.10982354482 192.762553691864 202.497363090515 197.398781776428 186.718742052714 182.174464066823 166.870315869649 153.057396411896 156.848430633545 154.344538847605 140.792032082876 115.701446930567 115.875293811162 122.631063063939 103.294104337692 84.8293602466583 69.4991747538249 60.57175497214
279.713412125905 279.901127020518 279.488563537598 280.080695947011 278.218110402425 275.97713470459 276.502092679342 265.261848767598 222.324172655741 190.444032351176 179.232776165009 178.684751192729 175.817708174388 156.053274869919 149.153411388397 152.682354052862 146.637936433156 136.731564998627 141.601135333379 144.065171480179 141.11449321111 137.892643610636 141.698817412059 146.068235238393 145.590116580327 151.212275028229 156.321465969086 157.578577597936 165.546288092931 184.953769048055 194.096565246582 190.442442893982 188.724597295125 190.386752287547 165.371765693029 163.061330715815 168.479045232137 169.733981291453 174.375394980113 149.345954259237 108.20875565211 104.659497737885 94.9614346027374 76.469620068868 63.2527867952983 50.9414076805115
266.206959883372 268.546005090078 270.469725131989 267.410794893901 266.08016093572 263.736685117086 268.429974714915 267.125089963277 233.571569124858 196.076114972432 181.244413057963 172.723174095154 173.82554213206 156.14711244901 147.199471791585 154.825339714686 157.637258370717 143.624752759933 145.874579747518 150.555163621902 149.118055899938 145.036667585373 145.059247811635 148.727715015411 147.608935832977 147.726645072301 154.558440049489 162.420352300008 167.582869529724 180.572509765625 192.353367805481 193.450808525085 188.682119051615 184.687713781993 167.980750401815 174.251139163971 176.548918088277 182.266076405843 176.781713962555 156.09073638916 86.663564046224 64.7826939821243 54.8207362492879 38.0516101916631 45.4383045434952 41.0772363344828
249.526540438334 255.753556887309 263.793746630351 261.973182360331 260.745962460836 264.250834782918 269.599815209707 271.552463372548 250.365535418193 207.45058854421 186.070164044698 169.680058956146 163.561850786209 152.708450953166 144.174635410309 149.534414211909 162.991444269816 152.892162402471 150.074750185013 153.153389692307 153.178642193476 149.683097998301 146.19900782903 148.163139820099 150.816857814789 149.730016787847 153.064072132111 164.107660452525 169.129411379496 174.093584219615 185.858865578969 194.747646649679 191.730976104736 176.236490408579 166.536619265874 183.979193369548 190.955102443695 193.988442420959 182.173053423564 170.083860556285 79.104870557785 34.0851346651713 16.3667909801006 15.5602345863978 15.0593022505442 15.973096092542
216.144998868306 226.481517155965 234.655519326528 238.100608189901 245.171030362447 257.257103919983 266.985893249512 271.786530812581 260.408600171407 227.644304434458 200.156668821971 176.778793334961 161.005814870199 159.402559200923 149.151831865311 143.930534521739 157.929082711538 157.193581263224 149.020274480184 150.064011414846 150.467773278554 148.284862438838 144.134491682053 145.284126202265 150.295197963715 154.419213533401 153.745790322622 160.875270764033 166.04404648145 168.574849764506 177.589078744253 192.503174146016 182.280659675598 164.454062779744 171.830813090007 197.442690531413 202.788869539897 199.786782264709 185.218453407288 189.380705356598 143.195331096649 55.344303448995 23.2879842321078 16.9715310136477 16.8445371091366 13.0743409196536
181.103626887004 188.205361366272 186.740636825562 197.322646776835 213.230311870575 229.527831077576 240.707516670227 250.350972016652 248.402237892151 224.221527576447 196.123242378235 172.251184781392 159.474988778432 156.580100456874 151.692966620127 145.946085453033 150.706718365351 152.534027894338 143.981426954269 145.002623399099 148.26841155688 152.696549892426 150.614440441132 145.345588525136 145.692239205043 149.500826994578 155.456523100535 160.162587960561 165.089875459671 165.970087051392 168.558458487193 181.569496790568 174.586951732635 170.196990172068 197.570780913035 211.801648139954 206.438104311625 199.661493301392 199.47095712026 210.631648699443 217.200100421906 169.672727584839 82.692210872968 43.3202932278315 26.8052766720454 14.0434044102828
