input/barkrak2/radiation/dir26524.grid
NCOLS 85 
NROWS 70 
XLLCORNER 665100 
YLLCORNER 4664600 
CELLSIZE 20 
NODATA_value -9999 
[rows 20 to 39 of 70, columns 0 to 45 of 85]
67.158450682958 55.320550998052 60.2922340234121 79.0097415447235 75.8992284536362 68.4206237395604 64.7006134192149 74.3891249100367 86.6073171297709 94.6149528026581 101.413438717524 99.944015343984 98.3433028062185 102.722187836965 112.767179807027 129.91859515508 141.659438610077 150.084575017293 161.586940288544 177.531520525614 183.144450187683 172.972162564596 171.014785766602 173.323313395182 173.079291979472 167.85983244578 166.490217049917 173.076709111532 167.37433274587 169.780711332957 155.505895614624 141.308357318242 143.007596333822 133.736878633499 151.566406091054 158.712367216746 158.598522345225 160.570522149404 165.352791547775 170.926690101624 171.709756056468 172.266602516174 176.037669181824 167.98202196757 174.466927846273 180.310169855754
96.3850518067678 84.0920706590017 77.3565669854482 100.792984167735 99.6086498101552 69.3832735220591 72.9420483112335 83.422839641571 89.9889568487803 94.3580667177836 96.7576305071513 95.9927837053935 97.9055364926656 93.2750403881073 103.791067997615 118.003169695536 132.974048455556 143.792440493902 155.149857203166 170.170664787292 178.065578142802 191.592653592428 196.060379346212 193.685233592987 183.77012014389 167.122383912404 154.359132051468 155.828843514125 153.542498747508 154.229193925858 133.247226476669 104.364812374115 87.7875685691833 73.5104580720266 77.0678917566935 101.045827070872 110.688775777817 147.34015862147 156.421581904093 160.195489724477 159.677376349767 162.058879931768 152.096112569173 135.533680518468 161.422570546468 174.695412317912
142.129878203074 138.597826162974 119.701524575551 121.256579955419 120.231032371521 88.086724281311 94.7101811567942 93.9705272515615 85.3976806004842 88.6408487955729 98.5364218552907 99.7119148572286 104.543924331665 104.561656713486 107.17769463857 115.083237489065 127.645552158356 139.609316984812 148.18145831426 152.916878461838 157.533347606659 173.778653144836 184.38059091568 185.787439346313 180.135091145833 171.04027668635 155.304431915283 146.08899752299 151.501288016637 132.388929526011 94.9582358201345 59.9491695562998 43.3935821056366 22.0918903748194 19.6904477973779 33.3967953920364 58.0388754606247 86.3899489243825 102.550745010376 122.156878312429 130.735665559769 139.494071404139 122.466961542765 100.964119036992 132.456044356028 167.075991630554
178.856035073598 170.310954252879 139.214148124059 127.904067436854 126.08257929484 122.623205184937 115.207364161809 94.5365329583486 81.9794187943141 85.2283835411072 100.517173608144 101.550191640854 108.809570471446 119.8357741038 116.395225127538 117.785384257634 125.284920136134 136.760552724202 143.68345340093 135.614732901255 136.596918106079 141.867816448212 155.719518661499 162.88415590922 165.470838546753 162.825932105382 151.496807734172 138.279279073079 117.712060610453 90.6175474325816 59.9566499392192 48.4647750854492 21.5494334697723 0.966965453699231 0 2.33027959863345 18.7551975250244 40.4276773333549 56.339164574941 69.1847155491511 73.8380253314972 61.8288268645604 71.1931139230728 112.256050109863 127.549489339193 155.725618203481
170.139273007711 172.646323839823 155.701667070389 131.135453780492 116.97514851888 121.474534273148 113.789369662603 103.922267754873 92.011570930481 88.3331100145976 94.0597256024679 100.719273090363 107.145915428797 116.11270904541 115.838517745336 116.229156653086 122.222284475962 133.720874786377 141.03635152181 133.900463581085 133.460144201914 130.365580320358 138.280789057414 145.990709463755 147.914836804072 146.636346975962 139.780620733897 126.858154932658 107.98321167628 57.9510231812795 51.3853579759598 50.4346837600072 29.8258662223816 1.25473427275817 0.425745733082294 4.7353928287824 11.6938290496667 27.4625619252523 33.3303511142731 32.6118717590968 31.3359126448631 29.0206397573153 52.458643913269 141.855180263519 140.562266111374 152.051548163096
157.839318116506 162.445038557053 165.16766945521 138.062298297882 117.372930049896 121.767848730087 125.26947259903 127.073625723521 125.783284505208 114.775528510412 105.724980433782 113.925039768219 118.458499511083 127.334694067637 125.933855772018 119.683126608531 122.337778409322 134.27060842514 140.825927257538 144.074261188507 146.235913038254 141.977121432622 138.009329636892 135.849823554357 136.687099933624 138.321399688721 128.257940212886 119.296570618947 95.0822631518046 80.3660700718562 79.3795188268026 89.9196167786916 83.664874235789 26.727020740509 11.2555387119452 19.8166432480017 16.8036582569281 24.9777932961782 28.5946453611056 18.6062293748061 19.7912429769834 22.7447698513667 67.0512368281682 145.425538221995 158.48582983017 161.602199077606
160.144537687302 161.877026160558 167.612671852112 146.488507588704 133.926391601562 139.672517776489 148.182521263758 155.760735273361 163.137515385946 154.925217231115 133.518000443776 137.666592995326 135.56836048762 142.81823237737 141.358882188797 129.188179969788 126.616815725962 137.083639701207 144.309520721436 158.899356921514 161.532352368037 159.410734971364 148.472567399343 139.367083708445 137.929101785024 139.196157455444 127.504219611486 124.772499005 112.886200348536 115.342666705449 130.256652832031 155.690938234329 164.829810460409 149.439632892609 76.4669428269068 38.2423549890518 32.9108238220215 32.7534228563309 29.7319342692693 20.817323277394 31.792014837265 67.8664296865463 105.781853199005 130.729089180628 152.631759643555 153.966029485067
162.459154923757 157.341500123342 162.96927134196 150.948315858841 164.402435223262 164.542655150096 171.691715717316 174.562176068624 173.091093699137 164.818068345388 146.773993968964 141.772409280141 141.081233819326 144.801646471024 146.279235680898 141.171157360077 137.442926565806 144.229859113693 159.102340539296 164.109567801158 162.651240825653 152.183949947357 148.206373055776 147.492667039235 146.363943815231 145.839293797811 140.798171361287 136.457810799281 146.729091803233 156.81849916776 172.803282737732 185.142278671265 193.920175234477 205.459336439768 175.771435101827 81.2881241242091 44.851745168368 36.769854525725 22.2334414720535 20.0364391009013 58.0051889022191 133.397738138835 129.039118687312 118.215491374334 123.047451178233 120.203167200089
161.156892776489 150.119245052338 154.960026343664 156.155536572138 186.962227026621 177.923003832499 171.086490154266 160.439908504486 154.084712266922 148.279637098312 136.718293031057 133.142461379369 140.981008609136 144.229869047801 150.94452102979 153.177082538605 149.049500624339 145.594437917074 155.596842368444 158.593237400055 156.418055295944 147.87745475769 147.313515345256 152.965446313222 155.041217803955 148.421078920364 149.23103650411 144.811153411865 157.864312330882 171.505490938822 192.05383459727 204.638361930847 211.068908373515 212.463597456614 212.466617425283 150.862038135529 48.1790800889333 19.3298136194547 12.6687387625376 22.6270457108815 74.2737303177516 126.842141151428 117.132316033045 85.4747295379639 83.3542148272196 84.0596258640289
161.052356163661 143.770088752111 148.640632629395 164.985676606496 186.874787012736 176.100452740987 155.506034692129 132.647057374318 117.537627617518 110.226035118103 111.563920974731 116.544713576635 130.603025356928 146.914035081863 152.713010708491 159.750799338023 156.585872173309 144.351194302241 147.423555453618 149.213870366414 147.81321088473 149.19900894165 149.396469195684 156.506379445394 158.789614836375 152.825931708018 156.735976537069 153.707693020503 156.12647930781 180.856168270111 202.979365984599 217.511117458344 216.686725616455 215.459545453389 226.536452770233 217.325250307719 138.279467821121 51.7919560273488 34.7871035337448 40.3108869989713 66.0332043965658 83.2641770442327 91.9886330763499 62.5212987263997 55.2675724029541 63.0483229955037
157.562444607417 163.126279910405 191.186666488647 234.08830165863 218.312501907349 182.917992273966 143.511195977529 111.42776409785 96.8963106473287 104.149798552195 99.9469856421153 99.6790130933126 121.782203515371 147.537569204966 154.675434033076 163.368284702301 161.68819864591 146.318008502324 145.414769649506 148.525933424632 146.457990010579 153.911302487055 155.609269936879 158.914883931478 164.026876290639 167.758127053579 166.088134050369 164.186080296834 167.323807875315 189.84991312027 213.098565737406 223.024864991506 218.989054361979 226.143678029378 237.985412279765 242.846012115479 226.569553216298 179.432511329651 97.8071490923564 59.1481626033783 50.9002904097239 54.2889833450317 71.8433459599813 60.2465172608693 53.3730834722519 69.2801972230275
176.245351632436 212.886214256287 257.200916608175 280.258774757385 276.118755340576 226.252237955729 172.68701394399 131.836007038752 120.005528132121 125.223487615585 118.35374434789 109.535217285156 120.62935034434 138.17090789477 156.717330217361 161.367833614349 157.091756661733 152.848720550537 146.20449145635 148.464173078537 149.045526981354 152.518381675084 156.972984472911 158.541282018026 162.732283274333 176.670372486115 178.554574648539 183.444122473399 185.350656509399 199.796001116435 216.540773709615 225.564579168955 228.092928727468 235.539635022481 243.03944905599 239.231824874878 236.13186677297 238.300760587056 178.326686223348 95.7190791765849 57.7723234891891 57.0564617713292 60.1840615272522 63.7105206648509 73.5358943541845 94.3230787913005
235.770503679911 268.729269504547 285.33665339152 284.400522708893 294.260819753011 279.688477516174 241.172969341278 201.879461606344 173.340042432149 164.704114198685 162.279943625132 141.030848026276 119.831869999568 130.142152309418 156.320154666901 161.618183056513 156.50150179863 157.99484650294 148.03006251653 146.339039007823 152.012397845586 153.458406527837 154.304454723994 156.367162863413 161.714891592662 177.701791127523 184.655288855235 192.930817604065 198.269704977671 202.638268470764 217.165450255076 229.171872138977 227.85617907842 225.624899069468 227.579077084859 216.913918654124 218.491017818451 214.62212006251 174.929579099019 120.417793591817 83.2744340101878 75.3706395626068 63.4988745053609 63.0591015021006 72.6266006628672 99.7963945070903
272.718369960785 289.843082427979 288.456320762634 279.463072617849 288.18150361379 293.745517730713 281.732042630513 247.068524360657 211.856424808502 193.060040473938 192.807912826538 172.553022702535 138.17639152209 138.294279575348 151.331851879756 156.228095293045 152.655124664307 154.138833284378 148.172328869502 149.402807156245 148.840049902598 150.309960047404 149.717430273692 151.453922192256 158.272246519725 171.222627162933 183.649142583211 188.496549924215 195.281823476156 205.698271592458 219.183166821798 220.867296059926 207.250893115997 197.188476721446 199.88751411438 174.256841341654 174.626032511393 161.565800507863 132.036556800207 103.028972943624 110.221942265828 100.399911403656 82.6790481805801 65.6171192725499 66.733901699384 81.6723754008611
285.007119178772 288.55820496877 290.290455023448 285.868763923645 285.299678643544 289.424320062002 292.759577433268 274.638752142588 231.930057207743 203.519880771637 190.08735815684 183.843652407328 168.163955211639 152.961124976476 153.165717919668 155.122935771942 151.391049226125 147.011011838913 147.446572780609 152.011126279831 146.506766478221 147.045503060023 148.680150508881 151.320904493332 155.938764413198 163.956214984258 176.14487806956 176.05984210968 184.251546859741 201.633810997009 212.039252122243 206.180294354757 194.130440553029 190.00913699468 174.445748329163 163.413236538569 164.380421241124 165.564487377803 149.688939253489 127.201696236928 131.364534298579 139.563739299774 114.557147026062 95.680703719457 79.8478225866954 68.7804321448008
285.212556521098 286.475618680318 286.784966786702 285.614132881165 284.24068291982 282.129963239034 283.845782279968 274.783968925476 233.66375764211 202.072898546855 187.270204226176 187.129159768422 184.743523597717 166.058123111725 157.41374095281 162.905087073644 155.34911553065 147.453516721725 151.936242977778 154.428531726201 151.476164658864 146.745443344116 152.035017808278 156.382501125336 155.917247136434 161.471466223399 167.574862639109 167.348106702169 175.172368685404 195.357143878937 203.010618686676 199.458996454875 196.726302305857 197.737514972687 172.800083955129 170.950452486674 176.687995592753 183.06161959966 182.712237040202 160.752803087234 121.915866931279 122.219145298004 102.419714132945 89.7899270057678 78.2535970211029 62.7626826365789
273.505369822184 274.470011393229 276.253799597422 274.83469247818 273.038069407145 270.390192667643 276.226719220479 276.398062705994 241.875727971395 204.231341679891 185.950080553691 181.547323862712 181.173125902812 166.355083386103 155.225455760956 164.46394721667 166.439086198807 153.807640075684 156.070311864217 160.792460044225 159.337888161341 153.548856576284 155.22027015686 158.955941597621 156.145999828974 157.934963703156 164.704034725825 172.419865926107 177.489976088206 190.253456433614 200.346052646637 201.135794321696 195.076147715251 199.775298436483 179.944078127543 181.971430778503 184.489369392395 191.480894883474 192.405263582865 165.965100129445 97.950557867686 73.5084464152654 63.9355480670929 54.6851654847463 53.3872346083323 50.7436841726303
256.904164950053 263.965845108032 271.531263987223 269.808014233907 268.285155296326 270.256797472636 276.314616203308 278.481523195903 258.025447527568 215.542614459991 194.515923659007 179.386834303538 171.773711840312 163.098067045212 152.908941109975 159.974674383799 171.816428502401 163.361022869746 158.905029296875 161.803434292475 163.611779610316 158.327639102936 156.612267096837 158.532192309697 159.515639146169 160.046021143595 163.288801908493 174.188256263733 177.752474943797 182.563523451487 195.3005194664 203.40633392334 198.021074136098 183.201948801676 173.95297686259 191.52041276296 198.547899723053 201.437552769979 189.064462979635 178.705890973409 90.6032522519429 43.5670465230942 19.7794710596402 18.9854626854261 20.9191267689069 25.7551918427149
225.951611995697 236.046771208445 242.573956648509 247.142493724823 253.767748673757 265.173812707265 274.237434069316 276.937425136566 267.541408538818 232.519268989563 209.407031536102 186.699072519938 171.246806780497 169.656117757161 159.6420109272 154.40633893013 166.776478290558 167.675773302714 159.491240978241 158.746937910716 160.918076833089 157.01691309611 154.550443092982 155.661185582479 158.956636985143 164.742966492971 163.984358310699 171.013474464417 176.079630851746 177.110473314921 187.344431877136 200.362642606099 189.334114392598 171.492278575897 179.310341676076 205.40980497996 212.485988934835 207.167347272237 198.84858528773 196.565429369609 153.164019187291 64.9734238783519 29.478224615256 21.8523194392522 22.6625750462214 17.4455108741919
191.546479860942 198.555747667948 197.097818056742 207.523266474406 223.105688889821 237.531960010529 249.780436356862 258.961002031962 254.580597082774 233.516971270243 204.184492429098 182.737270991007 168.503820896149 167.142967383067 162.240028381348 156.499912341436 161.221692959468 163.0473335584 154.470900694529 155.491560697556 158.723245064418 161.414911349614 161.035488049189 155.731012423833 154.350757598877 159.826805194219 165.702839692434 170.342326164246 175.163408120473 174.525340398153 178.510228792826 189.775685469309 181.805372238159 177.364011605581 204.59395647049 218.768358230591 214.360356330872 208.190739154816 206.393718719482 216.612716515859 224.729021390279 180.241644382477 94.1509703795115 52.3648808399836 35.4301060239474 17.2841884195805
