input/barkrak2/radiation/dir25024.grid
NCOLS 85 
NROWS 70 
XLLCORNER 665100 
YLLCORNER 4664600 
CELLSIZE 20 
NODATA_value -9999 
[rows 40 to 59 of 70, columns 0 to 45 of 85]
219.910383224487 222.233732541402 222.102026144663 222.958703835805 231.769204139709 237.741430600484 240.100344022115 245.313902695974 243.131438891093 228.443145751953 213.394681612651 209.98752117157 207.465052604675 204.720914363861 201.570272445679 201.956331729889 200.744907061259 199.943025906881 194.884816805522 192.687551180522 196.75201177597 201.961179574331 205.078542232513 200.090448061625 195.763727029165 195.240676403046 204.923808574677 207.76887734731 212.121625741323 211.973150571187 211.366136868795 215.524315834045 211.631695429484 216.692904631297 244.470616181691 245.26035785675 232.195893923442 224.348286787669 227.200786272685 233.70881875356 247.678319613139 267.458657423655 239.289542039235 159.417976935705 98.5982318719228 71.6490050156911
227.70361105601 224.666833877563 224.909941355387 224.164426326752 221.060236295064 218.367755413055 216.845552126567 216.793060302734 221.347749233246 213.570793469747 205.038905143738 205.217937628428 208.938360214233 209.381937980652 206.259727478027 202.597677707672 198.812206586202 205.734292666117 206.534028053284 199.793537457784 203.432679176331 202.108164628347 200.639764467875 204.041202863057 204.386909802755 198.595782121023 205.649375915527 209.15957291921 210.693697134654 213.492274284363 214.4642273585 215.553919474284 213.132599989573 227.112293243408 240.09245634079 230.87743918101 213.304221630096 205.597201983134 207.208196322123 218.79510084788 251.229743162791 265.368262926737 252.826491991679 206.298152605693 136.764367421468 97.4675118923187
231.046398480733 228.603919347127 229.999343554179 229.951739311218 222.787996133169 218.507925669352 217.038671175639 212.345818678538 211.030840873718 208.787620067596 205.616434415181 204.69343662262 209.041873613993 211.678226788839 209.821979204814 207.362631956736 203.038573265076 207.459211349487 210.583249727885 204.272945721944 198.888878027598 199.242353439331 195.297757784526 198.247154553731 202.301919460297 198.210219542185 194.525281588236 202.18950510025 206.745008627574 209.261616071065 209.898273150126 209.638079007467 214.299559593201 232.101619243622 237.730244795481 215.93447526296 198.854883511861 199.353019396464 207.229653994242 220.857838789622 231.388866901398 232.999920845032 219.863851865133 196.600516637166 147.641599178314 87.9385769367218
216.278771559397 218.823969364166 225.807964801788 223.723431428274 226.399878660838 227.445264657338 226.309577624003 221.864342689514 210.271934668223 209.291160106659 211.09131971995 206.900556882223 205.869615077972 210.561553637187 210.116843382517 206.123948097229 207.780381043752 208.955566088359 210.47713359197 203.861673672994 197.562694549561 196.76681359609 193.640609582265 191.966931025187 196.271518866221 199.74684715271 193.922321001689 198.004444440206 202.887217203776 204.556167125702 202.687899271647 200.216551621755 209.299921989441 222.374478975932 221.971213817596 201.265394687653 195.319215456645 205.887893835704 217.061082522074 220.510880152384 217.353502909342 213.356832663218 204.981466134389 182.287812232971 142.964680989583 91.9685065746307
214.266737302144 218.203186988831 221.471130847931 222.822864850362 223.342617352804 225.89498758316 226.230502128601 221.569339434306 216.903567314148 212.34271923701 212.691903114319 210.039516290029 204.925378163656 204.445938269297 203.317542870839 202.157100041707 198.843598365784 204.953153928121 207.891881465912 204.296747843424 199.224968751272 198.905169963837 197.257002194723 196.581840515137 195.19704580307 203.797300656637 206.336796283722 203.121900558472 204.174836476644 202.343821525574 196.767131487528 194.268008073171 199.296911557515 201.466123263041 200.948615868886 194.999555746714 199.362059434255 213.75580628713 222.579816977183 214.297513167063 214.062174161275 206.284701824188 197.155197461446 179.751634597778 151.123106479645 111.630777517955
219.56996122996 222.919106483459 220.797379811605 224.477887153625 222.10164864858 222.246050834656 223.922808965047 221.381485462189 222.351769606272 217.753529548645 215.213755766551 214.443465073903 208.387792110443 204.554895559947 202.372292677561 204.881946245829 198.875864346822 200.979908307393 207.73325363795 205.296079317729 201.770842075348 202.568093935649 200.405975182851 200.387795766195 202.667673428853 201.866050561269 208.348631858826 206.344465414683 205.485383669535 203.491389751434 197.950740655263 194.714605808258 196.446319421132 191.758632659912 177.846133708954 177.152812480927 189.81405099233 207.626620928446 211.169501145681 197.478791077932 201.857844988505 194.415032863617 188.784956932068 187.753518422445 177.740852038066 142.195562521617
218.881766001383 219.603836536407 222.746113936106 225.193798542023 224.069078763326 223.741908868154 225.654939810435 226.216634114583 222.930153210958 221.24042113622 218.41820081075 217.702607313792 212.728579839071 210.054655869802 207.850972811381 212.175786495209 207.801659901937 200.740019480387 208.627104759216 206.86678091685 203.250626722972 203.3451795578 203.260719776154 198.770006497701 206.116855144501 201.589047908783 202.44159301122 204.215983549754 203.544755776723 203.991452852885 201.165000597636 198.369781176249 195.352673530579 190.802335739136 186.519821484884 181.757847468058 187.166829903921 198.172211647034 199.170768260956 197.074353694916 199.240763982137 189.182241757711 191.908677419027 201.60440603892 198.631485303243 167.4831310908
213.116447130839 214.277068773905 220.196266969045 222.601691881816 226.302067438761 226.288179556529 224.320729573568 224.652707576752 223.389069239298 224.974195162455 220.426936944326 217.248717943827 214.411377906799 214.52001730601 210.273822148641 208.350757757823 207.952698071798 198.496262232463 203.281541665395 206.545790036519 202.456593513489 202.058672904968 205.668807029724 197.176655133565 200.462400913239 202.193319797516 194.951931635539 200.43154557546 202.693104743958 202.738960584005 202.517708142598 200.844883918762 193.620880444845 195.519586404165 202.241619427999 199.430485566457 196.682949860891 194.899380207062 198.581457138062 209.374864896139 201.45575205485 191.405256589254 197.987298170725 203.057587146759 197.016934553782 180.046836535136
205.608705679576 208.849251270294 213.676909605662 217.922687530518 224.23110405604 226.692875226339 224.122146765391 221.058547496796 224.088966846466 225.945154825846 223.104159037272 219.274739424388 215.836604436239 215.038557847341 212.661961714427 206.756154696147 206.704556941986 198.788384596507 202.222685019175 208.243648211161 206.556439399719 204.947332541148 207.819581031799 202.826241652171 200.080970923106 203.533331553141 199.273029963175 204.208890597026 209.662437438965 212.166587511698 217.414240042369 216.459234555562 205.39661248525 208.214581012726 212.122003237406 210.944056510925 210.006574789683 204.756478468577 203.516960144043 208.0024878184 196.733117103577 189.489722251892 187.217752138774 184.7163438797 182.523330052694 180.547992388407
204.347252845764 201.870004336039 205.681065718333 214.342614014943 218.757629394531 222.70812590917 225.700954596202 226.444264252981 226.90604130427 222.257097562154 224.633534749349 224.586506684621 219.375252723694 215.376416842143 214.076419671377 208.798408508301 207.572956879934 202.041149139404 206.687450408936 209.627866744995 212.397297223409 211.022774378459 207.114617029826 208.700656890869 204.080104827881 207.902053991954 208.250860373179 210.070669651031 218.171278635661 224.918007850647 231.493969758352 233.09193054835 222.23299741745 218.311448891958 213.784635066986 213.947912057241 214.75738286972 214.647928873698 208.900014559428 195.288956165314 185.017208258311 187.382777531942 186.089634895325 179.718693097432 175.493756930033 176.611383756002
205.499211947123 207.761208216349 208.892544110616 216.08030796051 216.409246126811 217.828154563904 225.582480430603 228.853742281596 228.840033213298 226.573566595713 226.358870665232 225.054959456126 221.642851829529 215.993225574493 216.331819693247 218.225995699565 211.331168810527 207.202474276225 207.729121049245 213.691433270772 214.221676190694 213.274538516998 209.356864293416 207.714200019836 204.991598924001 211.101373036702 214.501659075419 215.182284514109 219.79953845342 227.363685766856 234.88994439443 239.478866259257 231.864372889201 222.117523352305 207.994937896729 205.223659674327 210.065325101217 216.903964678446 208.012064297994 186.987300713857 179.835836092631 190.688888231913 191.184600194295 186.375717322032 180.578271547953 174.23669497172
203.897913297017 214.050551255544 214.841524759928 218.360781669617 216.667612393697 215.922971566518 222.863137722015 227.173527081807 227.079431215922 229.775071144104 228.259980678558 226.381818453471 224.247395992279 217.897613843282 216.652433077494 222.459594408671 215.029696623484 209.418396155039 206.544438997904 210.147639115651 210.772156715393 210.823575655619 208.634654680888 204.51283454895 201.766014099121 203.484058380127 207.927803198496 211.011071999868 213.163097699483 219.850937525431 226.986845334371 234.661678473155 224.942942460378 203.029851118724 166.941861311595 159.763862689336 182.975471019745 202.859481175741 210.988203684489 208.838701248169 206.649780273438 201.312025388082 178.541123867035 176.234702269236 183.12664826711 174.745043118795
205.273946126302 204.247752825419 203.307330608368 207.883874575297 215.473115444183 218.322455883026 218.42219432195 223.677814006805 223.621507485708 226.19616985321 227.458079655965 227.887749671936 227.94113556544 221.39036655426 215.914110342662 217.003246148427 217.613955338796 208.994030952454 203.343868255615 202.820022900899 202.251553535461 203.094919522603 205.366710821788 199.238975842794 200.108011563619 197.044670581818 198.442339897156 199.351191520691 199.225823084513 198.67479801178 204.667528470357 214.892506599426 200.076003869375 175.874988238017 142.287701368332 123.365263144175 134.971032540003 166.192432244619 196.807940800985 208.037813504537 209.531943003337 191.755334536235 172.579447428385 172.77197043101 178.08735370636 164.404253164927
210.598806540171 200.667520364126 196.351865927378 202.134867509206 214.290738105774 221.399386723836 220.608274141947 221.344888210297 223.848025004069 222.234964370728 225.418269634247 226.641078790029 229.092657566071 225.589215755463 219.973802566528 217.317422231038 218.502501646678 210.493485132853 205.395042896271 206.651329994202 205.739935239156 202.307899792989 202.496965726217 198.212265968323 197.290043036143 195.579846700033 195.034682750702 195.344050725301 191.633363564809 187.807261943817 180.483778317769 183.602134386698 175.607661406199 156.100690364838 140.888790289561 123.950193325679 105.509330828985 113.282064596812 139.035522937775 173.337578773499 190.30507405599 180.81259727478 171.496669451396 167.756915092468 160.345872243245 149.824380874634
213.329593340556 205.835302670797 201.596041520437 204.222520192464 214.568515618642 223.374823729197 225.177009900411 221.115569273631 225.344955921173 222.197512785594 226.026634375254 226.434429486593 228.673815727234 228.511452674866 222.576816876729 221.340854962667 222.907423973083 214.745501677195 209.209322929382 210.761785507202 210.784335931142 204.094926516215 201.096494992574 201.842248439789 195.471485455831 194.559574127197 192.397932211558 189.738949139913 188.051760196686 180.975655714671 171.251217524211 172.659476598104 167.958398660024 164.651950200399 164.575239022573 157.56489833196 133.080045382182 117.532710234324 107.105165719986 122.288227081299 155.972292025884 158.741474151611 148.226449886958 134.76758201917 131.95127248764 137.987613677979
216.834505399068 214.507460594177 206.826110680898 203.292230765025 208.701093991598 221.490244070689 223.554114500682 222.548484802246 222.369949022929 224.967181682587 230.854113896688 230.664451917013 230.240106582642 229.427138964335 223.932961622874 222.12020556132 224.05089934667 220.536450544993 212.032755215963 209.596534570058 207.668979962667 205.521086851756 205.502072970072 206.317822138468 201.604982217153 199.181119600932 193.360964457194 185.285230477651 176.581382751465 173.625707626343 172.705550988515 176.738063494364 173.797965049744 181.199113527934 190.245787302653 193.725287914276 188.214023907979 172.698636849721 153.561482826869 118.313819169998 126.369138558706 143.657505512238 142.622371514638 131.861428419749 134.091774622599 150.795410076777
219.186902046204 218.070209026337 215.093115965525 206.988553206126 204.673528671265 217.229604721069 221.682965755463 221.029281616211 219.541748364766 224.492530028025 231.225232283274 232.691963513692 228.121260801951 230.277438958486 227.845847606659 221.173803011576 222.736994425456 219.404101371765 214.148263136546 212.378621101379 210.804065068563 209.469974040985 205.555935700734 203.815082708995 201.380868752797 197.195947170258 178.712646166484 157.036364078522 151.215771834056 159.988264242808 170.049945513407 173.453708489736 172.536551952362 177.067895730337 191.046953201294 204.789062341054 216.587165991465 217.701454957326 212.486883004506 160.08382042249 131.663868824641 147.542715072632 163.267980019251 168.914993604024 173.554380734762 186.481336752574
218.437174956004 215.741674105326 215.630273024241 213.716665903727 206.986685593923 210.953911145528 221.228361129761 223.264416058858 219.241619110107 221.660474936167 231.113612651825 231.892208258311 228.173812230428 228.328824043274 229.31832075119 221.692125002543 221.916576226552 218.473076820374 216.869076093038 217.307209968567 217.421968777974 216.398894786835 211.487571398417 204.997380574544 204.231639703115 203.768769900004 185.011009375254 161.674658457438 157.649944225947 166.686256726583 177.977859973907 179.015934467316 184.626440207163 193.284352620443 204.815049966176 213.538904984792 211.594084898631 179.141441980998 165.236681699753 160.088886817296 162.316580613454 174.351473649343 176.778674125671 162.100821733475 152.45912472407 165.511717398961
207.877933979034 214.0185435613 214.516659577688 213.725546995799 209.592858950297 208.088119824727 220.374385515849 225.890358289083 221.267183621724 222.085177898407 227.292656898499 231.8288286527 229.360123475393 226.142128308614 226.61437590917 222.233335177104 217.31028954188 219.819366931915 219.246606032054 220.379889011383 221.170524756114 217.187345027924 215.248922506968 208.925704161326 207.990984121958 210.938592751821 205.825885136922 197.612563769023 195.363422234853 196.434239546458 194.676359494527 188.123186429342 197.88251320521 205.008049805959 204.449534416199 184.04616912206 167.906741301219 120.723903179169 97.9537069797516 131.114999453227 168.597102165222 183.972239494324 176.405092080434 164.040426413218 159.277041753133 167.849202950796
196.923534075419 209.817230701447 212.110797564189 211.067716280619 213.007231553396 209.501981735229 215.426842371623 226.289947827657 230.648438135783 228.564997514089 228.290438652039 230.705618858337 230.980495611827 228.735407193502 227.480590343475 224.677662054698 220.483144124349 219.1135485967 216.343641281128 214.153369267782 215.924521287282 214.894890785217 213.88190984726 212.218105792999 213.34840854009 218.14759572347 228.238940238953 230.170389016469 212.899625301361 212.347666422526 201.320469379425 188.252210617065 195.106228192647 182.182371616364 153.236409028371 125.078529119492 104.693939288457 94.3285624186198 84.1261744499207 93.5980677604675 117.28181441625 150.957266489665 174.979309240977 196.161508560181 219.47169303894 218.494534492493
