input/barkrak2/radiation/dir22524.grid
NCOLS 85 
NROWS 70 
XLLCORNER 665100 
YLLCORNER 4664600 
CELLSIZE 20 
NODATA_value -9999 
[rows 40 to 59 of 70, columns 0 to 45 of 85]
284.431358178457 285.811463991801 285.187244415283 287.263035774231 294.020454088847 298.60121011734 300.472299257914 304.605841636658 305.147131284078 293.255209922791 280.64892689387 277.448852856954 275.536000728607 273.336092631022 270.883083343506 271.667122840881 270.223716894786 269.989808400472 264.96563355128 263.706346352895 267.288426558177 271.586954593658 271.882633368174 267.206827799479 261.81423664093 259.609957536062 267.334580421448 268.703520298004 269.903182983398 269.275863965352 268.228848775228 267.081201076508 251.438697179159 251.812557379405 277.635991573334 277.170399824778 266.361097494761 261.885146299998 263.897061347961 261.45068804423 272.908965746562 302.324016888936 297.199507554372 236.766318480174 174.980680147807 141.93539818128
290.80585638682 288.710057735443 288.379708925883 288.634141286214 285.263180732727 283.642609914144 282.932817935944 283.528546492259 287.820915381114 280.492186546326 274.186710516612 274.775306383769 277.960777282715 277.299503485362 276.432414849599 273.775478204091 268.556594848633 275.288899739583 273.915350437164 270.269274711609 271.635433038076 270.151674747467 266.556104024251 269.22067006429 269.593358039856 264.531830946604 268.391033013662 268.676221370697 268.942674001058 269.519130388896 271.302958329519 267.671366532644 255.815009276072 263.45686117808 276.31398042043 265.767574310303 249.560455481211 245.517512162526 249.875764052073 258.39368502299 282.603998978933 296.27784093221 295.583188533783 270.808180173238 217.178364594777 175.011972586314
293.109794457753 290.988326072693 293.387293815613 292.482435703278 286.402702331543 284.080763657888 282.89798895518 280.246218045553 280.660311381022 278.043746948242 275.863448778788 275.913774967194 278.454581896464 280.766586462657 280.859053134918 277.413249015808 273.922085762024 276.397287845612 279.065489768982 270.666182041168 267.741580804189 267.431457837423 261.87139749527 262.787222862244 266.05232556661 262.333512306213 258.695006370544 261.113206545512 265.781243642171 267.586747805278 267.537871996562 263.110518455505 260.965307553609 271.101991335551 272.962629795074 252.02469031016 236.183285713196 239.350239435832 250.732223192851 264.362712701162 274.24834171931 274.071494738261 264.832357565562 253.684957822164 223.064025243123 170.849661032359
281.085689862569 283.43411286672 290.286640326182 288.163125514984 289.863109588623 291.400333245595 291.307131449382 288.423697153727 279.514849185944 278.557936350505 280.616323153178 277.865509192149 277.58910258611 280.108233292898 281.032462914785 276.61524216334 276.775360107422 277.76304880778 277.309775352478 271.895448366801 264.559785525004 263.335923353831 258.65513086319 257.265448570251 259.070495764414 263.431946436564 256.270547707876 257.784962654114 261.319915453593 260.473867257436 257.993042469025 255.570848782857 260.496457417806 268.433451652527 260.249515374502 237.799207369486 232.4045697848 244.813660780589 261.087874571482 265.180011590322 262.631376584371 258.240799109141 250.322242577871 236.878792444865 212.26300795873 175.514499346415
280.769944190979 285.012026627858 287.349104881287 287.667552630107 289.184292157491 291.078666845957 290.919582049052 288.091937700907 284.267167250315 280.446648597717 282.085041205088 279.313464959462 275.6573955218 275.021970272064 272.560119628906 273.183723290761 266.017476717631 274.470607439677 271.782358487447 270.394603411357 265.850027402242 261.758089065552 260.139385859172 261.413216590881 256.265242894491 263.380209604899 261.148492495219 260.096828142802 260.716418425242 258.408029874166 252.469480037689 248.009781042735 250.783681869507 252.290844917297 244.316875934601 233.327190081278 236.426989237467 252.222299575806 265.086392561595 259.886940320333 260.09859641393 251.176436742147 240.018010139465 228.208422660828 212.019999821981 188.288271427155
285.963694254557 289.592941602071 286.715626716614 289.164702097575 288.042763868968 287.633538246155 288.929343223572 287.37207253774 287.885546684265 284.668227036794 283.165613810221 281.700452168783 278.253197669983 272.22474416097 270.411272843679 272.602399190267 266.139348347982 266.042669614156 271.677215894063 267.644306023916 262.498656908671 264.935672283173 261.063615481059 258.674343427022 258.410334587097 257.400314013163 264.911532402039 262.753983338674 259.93820031484 257.459123929342 251.649856567383 248.433947563171 248.468359311422 242.252548535665 230.831662813822 222.490906715393 230.364322662354 248.796105384827 254.786312580109 244.32114760081 249.710003534953 240.740895271301 231.597344080607 232.3899269104 231.424530347188 207.809666792552
285.785257816315 287.090837955475 288.474678993225 289.24814860026 289.003471533457 288.31148147583 289.841592311859 290.534913539886 288.172880808512 286.475976308187 284.736673037211 284.298360347748 277.696073055267 275.463163852692 273.746848106384 275.73557694753 268.230795860291 265.83210627238 268.823623657227 265.183806419373 263.777911663055 263.580540815989 261.521855990092 257.099668184916 263.091107209523 257.319410641988 257.861316204071 260.892887910207 259.668787320455 257.733861605326 254.112680753072 250.119169553121 247.128327687581 240.245799223582 231.780588626862 224.075496196747 230.636239051819 242.865125338236 242.894132932027 242.609620094299 247.235079606374 236.593147118886 235.875368118286 244.119604428609 246.874849001567 225.755969683329
280.290007591248 282.325327396393 286.080320676168 286.521315574646 289.162476857503 290.500223636627 288.274765014648 287.260115146637 286.504209041595 288.492163022359 285.169859727224 279.972871144613 279.007116953532 274.540960788727 272.457281748454 268.802205721537 268.45379670461 259.982705116272 264.000674088796 264.962474505107 261.183301607768 262.493908405304 263.556897640228 255.651036898295 258.325497309367 257.965207099915 253.112117449443 255.795439084371 257.140199343363 256.554245948792 255.129814147949 253.043870131175 245.155334472656 244.013369083405 245.714326699575 238.357901573181 238.015453020732 240.012884140015 243.066867192586 252.183338006337 246.754964192708 238.121191660563 243.118584156036 246.801336606344 243.746519088745 227.482398351034
273.579796155294 276.342451572418 280.179063479106 283.117810885112 287.241399288177 289.071341355642 285.87532043457 284.560998280843 287.593404452006 285.686492919922 283.213833967845 281.561156113942 275.637686252594 276.444494724274 272.703905900319 267.513493696849 265.583415826162 258.216579755147 263.043741385142 266.40643676122 264.687597751617 264.965136845907 263.218581676483 260.564347108205 258.000195026398 260.857164859772 256.85836871465 259.05301173528 263.059496879578 264.209111531576 266.160567601522 265.780409177144 255.085349082947 255.806267261505 255.218386650085 247.36233552297 246.927996476491 247.16184536616 247.931301593781 251.314262549082 240.996857484182 235.062976678212 233.346263567607 229.638119538625 227.668543656667 227.357069651286
272.644519805908 270.659923553467 272.825499375661 278.712431589762 281.118035316467 284.00061527888 286.196291446686 287.012736002604 285.058657328288 282.579481601715 283.02792708079 281.476239363352 278.558472792308 275.012811024984 273.934324582418 269.27387714386 266.347448031108 263.012568155924 264.95639483134 269.175946712494 269.53399181366 267.990370591482 264.340380827586 263.176699479421 259.198109308879 264.555176099141 264.510194460551 265.67542552948 270.169774691264 274.843653043111 278.702000776927 277.993619441986 268.185655275981 265.42596022288 258.93231232961 251.764059066772 249.017179012299 252.364953358968 250.80680847168 239.894807338715 229.092975457509 231.449961662292 230.684717496236 224.490106105804 222.481985886892 226.088881492615
272.273441155752 273.595372835795 273.477713267008 278.066734472911 279.358386993408 279.073675473531 284.10796324412 286.564668019613 286.563396453857 284.604589144389 284.445444742839 283.169428507487 280.423641204834 275.54839849472 274.050116539001 275.272528330485 269.500255584717 265.092253684998 265.199383099874 270.396808783213 272.715151309967 267.724831899007 266.190846761068 264.29808139801 260.015964508057 264.971196651459 267.386794090271 269.830902417501 273.203810056051 278.582155704498 283.109505971273 281.881769498189 272.90149529775 266.334017117818 254.296700159709 246.107359727224 247.202972571055 253.024796644847 247.720936934153 230.111916859945 224.415421485901 235.525250434875 236.257513364156 229.211350282033 225.748280684153 220.583955446879
269.346614678701 275.133351484935 277.069667975108 278.585275014242 278.225958347321 276.336034138997 280.634025732676 285.274922847748 283.77495209376 287.161409854889 285.949488480886 284.222185611725 280.925591786702 277.12752421697 274.102747440338 278.703947861989 272.315243879954 264.468272527059 264.045576254527 267.393151919047 267.827788988749 265.815059343974 265.601654847463 261.762499809265 259.09686088562 260.222454865773 263.730347156525 264.029105504354 265.461087226868 270.471155643463 277.265230814616 279.573162396749 268.830259641012 253.172159194946 220.19890944163 210.73043346405 227.38246122996 242.502570152283 246.060987313588 244.749248027802 246.843735376994 244.230667750041 227.251648902893 221.135854721069 228.980501492818 218.87735525767
267.656584580739 266.834259033203 267.412781715393 269.877791404724 274.85313018163 278.360108534495 276.960253715515 281.033356984456 280.993680159251 284.325699011485 283.801774183909 283.850471178691 282.25044409434 278.262515862783 273.083468278249 274.287978808085 274.477740128835 264.379541079203 259.340008099874 259.214202562968 260.659575462341 261.000911394755 260.705610116323 257.336437702179 257.678826649984 254.763563474019 255.704760551453 256.180783112844 255.741814772288 256.973465283712 259.291748205821 262.849529584249 247.493147850037 220.912635326385 189.777692159017 174.210429191589 187.29031085968 216.06433391571 240.424275398254 245.038866996765 246.704856554667 235.911786556244 217.888792355855 217.929462591807 222.198724746704 200.583815574646
272.365669409434 263.945877552032 259.979665279388 264.970819155375 273.786644140879 279.40305074056 278.728604316711 279.12441889445 281.160712242126 279.510219891866 280.52548567454 282.844165960948 283.201316992442 281.688531239827 274.951716264089 274.542768796285 275.192638238271 266.000052293142 261.380275090535 262.529929478963 263.573090235392 260.244806607564 258.356134096781 256.4777135849 255.267043908437 253.532449404399 252.751310666402 252.733151117961 251.17822488149 247.476180394491 240.252097447713 237.271269162496 221.283078193665 193.651576836904 185.176253318787 173.293550809224 160.153845945994 170.546631018321 191.438595453898 218.70619058609 231.820603211721 222.045222918193 215.009093284607 214.520394802094 202.90352900823 187.941292921702
273.599624633789 266.992529233297 263.137221336365 264.893809954325 273.763557275136 279.627919197083 280.829052130381 278.935114542643 280.755301316579 279.497782389323 280.937731266022 282.648305098216 282.820661862691 284.03373559316 277.181406815847 275.847872098287 277.294417222341 269.713083902995 264.476339022319 267.978509267171 267.849961916606 263.704816500346 260.855635007222 259.171624978383 257.659236590068 256.625533103943 254.481196403503 251.845141251882 247.965971628825 242.666363716125 230.644583702087 227.577249209086 213.771998882294 204.629818598429 206.501980622609 203.414221604665 186.246593793233 172.514458497365 164.022227128347 176.074266433716 202.103137969971 195.855319499969 187.489052613576 177.229483922323 174.053152402242 177.67196893692
275.257170200348 273.211737473806 267.524977525075 262.368321418762 266.704301039378 277.872343858083 279.562473297119 278.878410657247 278.298219045003 281.656781832377 284.61084763209 284.205317497253 284.031768639882 283.015827337901 279.847423235575 278.028011322021 277.785181999207 274.532039960225 268.732825915019 266.682823499044 264.918386936188 264.913499355316 264.541665712992 264.855047067006 260.585447152456 258.2648396492 252.993841965993 243.279635906219 240.860203901927 233.126600583394 229.779740174611 229.93274529775 220.539391040802 221.572995185852 227.484842141469 232.442597548167 234.46269830068 223.165333271027 205.154637495677 172.339657942454 175.869882106781 183.391133944194 184.472759564718 177.259008089701 181.150217851003 193.613231182098
277.183433373769 276.200195153554 271.843651930491 265.558421611786 262.665887673696 273.997565110524 278.08153629303 278.887947400411 275.83110332489 279.040813446045 286.134998003642 287.588953971863 283.744931221008 283.690710862478 282.941142717997 277.268369992574 280.287106831868 273.269971211751 270.69874604543 269.13324991862 267.552753289541 265.900731086731 262.092351913452 262.770652770996 260.47956943512 254.348576068878 237.662216027578 216.971774895986 212.434887886047 217.030266920725 225.473463535309 225.446045398712 219.905575116475 219.112773736318 230.706294377645 244.742015997569 258.272528648376 261.838316917419 253.809789816538 210.890809694926 181.350986162821 191.799620787303 204.370816548665 212.296724319458 219.423035780589 228.270431359609
276.610811551412 274.293164412181 273.435215155284 271.18178208669 264.45597410202 267.971038818359 277.685324350993 279.477218786875 275.370637575785 276.147782802582 284.439146518707 285.354296366374 282.463868459066 282.000482082367 282.281676928202 276.274522145589 276.069164276123 272.695859273275 271.241247653961 271.386047204336 271.086692810059 269.738634427388 265.369892120361 259.600381056468 258.750557899475 258.295993010203 240.697264671326 220.883250236511 219.334880510966 225.692470868429 232.960899670919 230.458378791809 229.634741942088 233.007391293844 244.676132996877 251.285592714945 254.362126191457 228.711624940236 201.880713303884 201.787114143372 207.825938860575 220.582226912181 218.819618225098 207.303484280904 202.524741490682 215.719898541768
267.856001853943 272.841811180115 271.082758903503 271.21905485789 266.743083794912 265.772124131521 276.795824368795 281.564037005107 276.774605115255 274.249196052551 281.37218952179 284.12659962972 281.704624493917 278.767704963684 278.826594352722 276.85288588206 272.340814272563 274.191280206044 270.812789599101 273.722648620605 274.021903673808 270.459016164144 268.616000811259 262.998203436534 261.978566646576 264.156719048818 258.174300193787 252.009709676107 249.688406785329 247.092803319295 245.382249355316 237.382451693217 241.559187571208 242.962201436361 239.140927791595 228.558818499247 205.50004641215 163.455824057261 143.223573764165 179.827233155568 219.380001227061 230.064789454142 214.205761750539 204.259196917216 207.168698310852 218.436121940613
257.092972596486 269.023378690084 268.947541713715 268.807530403137 268.223067124685 265.385190645854 270.80762386322 278.906941413879 282.556255658468 277.546405792236 278.783003489176 282.039264837901 281.811614831289 279.624581336975 278.138955434163 277.506629625956 271.906177202861 269.47158575058 266.499976317088 264.621416727702 266.010006268819 267.069280147552 263.585269451141 259.308715661367 262.263536453247 268.116354942322 275.1704454422 272.384524345398 255.10972738266 255.502978960673 247.075061003367 235.862294832865 234.517474969228 217.035253842672 191.824913024902 166.821738084157 155.252714951833 142.048199971517 130.156219005585 146.643261114756 173.224369684855 201.902349789937 214.349508285522 231.116354465485 258.444408575694 263.359506924947
