input/barkrak2/radiation/dir23624.grid
NCOLS 85 
NROWS 70 
XLLCORNER 665100 
YLLCORNER 4664600 
CELLSIZE 20 
NODATA_value -9999 
[rows 0 to 19 of 70, columns 0 to 45 of 85]
281.625052293142005 291.691263516744 300.520678361257 310.119847456614 312.99348672231 310.79641977946 303.564965724945 297.323485215505 300.33540725708 300.849219163259 299.301664034526 303.376793861389 305.096030235291 305.415987968445 306.826114654541 304.14617061615 296.07899983724 288.197199503581 287.300070126851 275.58426062266 260.052561759949 266.179998715719 289.040883382161 296.771248181661 295.931299527486 299.857715765635 297.837475935618 286.012371381124 269.131700197856 264.657894770304 262.305438518524 275.270720322927 303.119540214539 301.169236501058 304.682830969493 293.995161851247 297.434429327647 307.449777921041 299.621045589447 303.493718306224 292.705257733663 286.771814028422 295.598864555359 306.736667950948 305.858393510183 302.33379205068
263.689617315928 277.414858341217 288.663268089294 300.033152103424 307.382702827454 307.190140088399 301.042834917704 296.57781124115 302.8258283933 303.298950195312 298.691789309184 301.27747853597 305.350204308828 306.592881679535 306.362569332123 304.820597171783 302.107055981954 296.061793963114 292.16061035792 280.407587687174 274.577101071676 281.272053718567 295.358538627625 299.907485644023 300.634344418844 301.606218020121 297.572573026021 287.673850854238 272.632916768392 265.650610129039 266.414721806844 286.274214585622 301.418046156565 301.81888739268 305.142780145009 294.975697994232 296.54057820638 301.502545674642 298.635224501292 306.100428104401 302.312115828196 294.098655382792 296.907524267832 305.097639560699 306.789755821228 305.049041906993
232.747673988342 243.181626001994 254.202802975973 265.070875485738 276.562531789144 284.109055995941 288.970907529195 295.18053929011 299.616555372874 298.082252343496 293.621381123861 296.706259250641 305.99319934845 309.585670630137 306.562046209971 310.895661513011 314.707020918528 311.559001604716 302.851796150208 294.279297192891 295.959830284119 297.428965568542 298.162996768951 299.162288506826 302.028775215149 301.426728566488 296.336809794108 286.898990472158 274.901707967122 268.81992816925 271.840631961823 293.767988681793 295.406301816305 299.753228823344 304.889003435771 299.061238765717 293.472131093343 291.412472724915 297.527054945628 306.02639913559 302.767634391785 296.528398990631 292.386372884115 299.720505873362 310.257077217102 309.123396873474
215.445200602214 215.717295805613 223.394234975179 230.225523312887 237.268884976705 242.004732290904 248.039027055105 260.43697198232 276.329159736633 288.002332051595 293.513774871826 301.443537076314 308.939178784688 311.569253603617 310.919960339864 311.483899752299 311.392585436503 308.109720547994 302.607417106628 299.419462680817 297.567884127299 295.624991257985 300.773739814758 301.082829634349 300.711035728455 302.786707878113 297.957162062327 290.854771931966 284.887890021006 280.142903327942 276.044527689616 296.417196591695 295.786758263906 298.365155855815 300.189654032389 301.674524943034 298.970480759939 297.926108042399 306.112726529439 307.434022426605 300.045172373454 289.61843252182 285.224815209707 297.620832920074 311.681469281514 309.867799282074
235.496044158936 220.597008864085 208.855052789052 199.721574783325 203.541159629822 218.89324982961 237.916529178619 247.362911701202 256.405711174011 262.195070584615 278.849224249522 295.163949330648 304.746508598328 309.017062187195 311.105608940125 311.749776204427 306.912700335185 299.240708351135 297.490159670512 298.795660336812 295.81085840861 294.470409552256 302.041252454122 302.522301673889 301.548898220062 304.229319095612 300.287306308746 294.594009717305 288.182636102041 284.502287705739 287.856618563334 303.440928459167 300.943911075592 301.627635955811 298.299690087636 300.086696942647 306.203305721283 307.988703250885 307.841360569 305.793404579163 303.165217240651 297.043641408284 295.344134171804 298.512776692708 303.520580132802 305.862784385681
273.821075757345 250.32107035319 225.437124570211 203.592220942179 194.309214750926 205.218454202016 229.182839393616 244.506537914276 248.053034146627 248.128056526184 257.535338401794 268.719673156738 276.946862538656 282.421052455902 288.822591304779 293.784399827321 292.101740837097 290.332118670146 293.863236904144 298.660059769948 298.660278320312 302.04846461614 306.544661521912 304.747839768728 304.329593976339 306.367973486582 303.155958652496 297.630111376445 291.188359260559 288.05156548818 296.43847544988 304.782172044118 307.247638702393 309.159974257151 303.342560927073 300.501465797424 304.707467556 306.455095609029 303.306539853414 303.654392560323 303.498903910319 300.307075182597 299.67470963796 300.351023674011 294.552862644196 283.846894900004
291.43762588501 272.212187449137 254.738807678223 235.95271507899 216.629962126414 204.699158668518 211.026032765706 238.119264443715 250.147541364034 257.432182629903 254.902164141337 249.581654866536 245.793104171753 242.35991636912 244.491358598073 258.093078931173 268.125752607981 282.086213429769 294.406314690908 302.070717016856 303.048968315125 302.422364552816 305.514136950175 305.243134498596 305.501242478689 307.459096113841 306.294560432434 302.87116765976 297.399898370107 297.161519527435 302.29530731837 307.861745357513 313.926498095195 314.905901749929 311.718185742696 304.981748263041 303.731858730316 303.063015143077 302.627185980479 303.617537021637 300.642927487691 297.374685605367 298.835158348083 298.461854457855 281.21010462443 275.104363759359
296.509643395742 289.631684621175 281.262119611104 268.603364626567 248.824377854665 221.270342667898 201.274911562602 200.48197110494 232.465803623199 255.388021469116 262.067933877309 258.424381415049 250.089605649312 241.442104180654 229.918420314789 233.180443445841 244.634568691254 259.070614973704 278.05878718694 292.819380760193 299.607594807943 301.508804162343 305.417736371358 305.211961269379 304.341514905294 305.223564306895 305.379966894786 303.471624851227 300.729334354401 303.905685742696 308.711588382721 311.704158782959 314.289569854736 312.733054161072 309.193730354309 305.431405703227 304.213305314382 299.144069353739 292.367239793142 288.489778836568 292.399525642395 299.651463826497 307.862381140391 307.121634483337 294.727683067322 287.239074707031
290.40781656901 290.942927201589 288.1733973821 282.084405422211 271.16851011912 252.469857533773 225.221117337545 198.314348856608 210.048158963521 231.938322385152 250.168323516846 258.153716723124 259.516318639119 257.247944672902 247.389833132426 240.193068981171 237.766047318776 241.973280906677 255.048116048177 270.276486873627 282.441397507985 291.891197363536 297.091682751973 294.472316900889 295.793692270915 297.378977139791 298.362195491791 298.167963822683 298.06391398112 304.112533728282 308.003683884939 307.1395556132 307.003875573476 307.392438252767 306.019723415375 305.780470371246 303.605914115906 297.477126121521 285.854081312815 286.005218823751 300.704061985016 310.292760531108 313.671072324117 310.962080955505 300.629198551178 293.435037136078
266.733805338542 274.950345357259 279.11498149236 279.175321261088 276.755928993225 273.905714352926 260.47416528066 244.128704071045 215.408225854238 205.446501572927 218.660394350688 241.990685462952 260.886649290721 269.603629906972 271.14200592041 264.239231745402 250.284910202026 245.693882306417 245.094100634257 248.2088804245 256.07426961263 261.994083722432 269.510547320048 275.267541408539 281.910955905914 284.658551216125 286.161462465922 286.253650983175 287.389159202576 292.789181073507 294.060448805491 294.604619344076 299.253205458323 302.761991818746 303.887148698171 302.319486935933 300.021231174469 298.097093900045 286.91303730011 290.565689404805 307.395458221436 312.845587730408 312.978148460388 308.718581994375 298.048714796702 291.297872861226
219.920774300893 232.913037141164 244.489292303721 253.907938798269 262.360652287801 269.247114658356 271.115660667419 267.002681891123 242.684046427409 218.891143798828 205.406486988068 211.962739626567 237.768073876699 260.508815447489 273.122886816661 264.772593975067 258.170564969381 251.56569480896 244.337638219198 239.432414372762 239.691694577535 239.763696988424 243.042747179667 254.776338736216 265.264670054118 272.058606147766 273.858865102132 273.910939693451 278.594593207041 282.988647619883 285.423378149668 288.496692975362 296.186566352844 298.654357592265 298.01603158315 296.870827674866 299.153447151184 301.568826039632 297.398885091146 300.138155619303 308.548092842102 311.749617258708 312.267184257507 310.502370198568 302.951057751973 299.784084161123
179.764628410339 185.017228126526 193.457802136739 205.622057120005 221.107284228007 236.365099747976 253.382166226705 259.073853492737 259.931981563568 247.711837291718 223.56104850769 204.536497592926 207.19301700592 228.464603424072 252.940555413564 255.711336930593 261.816104253133 259.170909722646 250.552852948507 240.195870399475 234.06708240509 231.486280759176 231.632828712463 240.146736303965 248.010317484538 252.737601598104 255.371848742167 259.296615918477 265.398701032003 269.607166449229 273.6576795578 278.661290804545 284.317553043365 286.118348439534 285.92703739802 286.975105603536 294.460574785868 301.968932151794 303.254703680674 306.5278728803 309.50653553009 311.882873376211 311.589241027832 309.186975161235 304.281016190847 302.767793337504
167.805393536886 163.487493991852 161.185344060262 161.171833674113 168.946782747904 185.452342033386 210.084736347198 230.92520236969 257.047851880391 261.403322219849 251.062989234924 229.11536693573 202.485680580139 200.290123621623 221.828738848368 246.891518433889 261.171420415242 263.566335042318 259.288589159648 251.215974489848 242.416103680929 241.658091545105 241.212745507558 242.045720418294 242.341558138529 241.607586542765 245.595991611481 253.300448258718 256.592790285746 257.876634597778 262.518386046092 267.57287979126 269.331415494283 270.937224229177 272.394120693207 276.815255482992 286.797742048899 295.91182867686 296.777764956156 302.001853783925 304.931739966075 305.471301078796 304.642637570699 304.856399695079 299.315253893534 298.438449700673
159.461210171382 130.778173605601 114.498088757197 108.682205279668 106.36427005132 113.545964161555 130.963494380315 169.844031333923 209.455688794454 242.328822612762 259.160240491231 258.998910586039 241.677562395732 217.493494351705 214.76666132609 238.15002044042 253.800849119822 265.504062175751 271.380682786306 267.9749528567 257.916649182638 254.899322986603 251.262704531352 250.984410444895 250.637650489807 248.566210269928 251.454552014669 259.262760480245 258.303920427958 252.55153576533 257.56843884786 262.483179569244 264.108538627625 264.456788698832 267.65255133311 273.332238197327 278.889397780101 283.545295397441 286.055783430735 286.763151486715 290.454804897308 294.684827327728 299.172341823578 302.074273427327 296.652992566427 297.440807024638
145.655790964762 108.206162850062 83.0295185248057 78.1514942646027 76.553409298261 83.1610113382339 93.1013723214467 119.966775178909 148.97084236145 199.18684164683 249.202648798625 274.875044822693 278.51665019989 261.84610525767 238.277951876322 234.070340792338 238.16845814387 252.617180347443 268.304387728373 275.511999924978 273.779292901357 268.285691738129 266.105393568675 262.981216112773 259.048879146576 257.575750350952 259.666164716085 261.699100335439 256.813883781433 252.6669104894 256.301502386729 260.166843732198 260.306576887767 260.320285956065 263.870616753896 267.45601495107 268.316626548767 267.457902431488 270.935753981272 270.635565121969 275.685091813405 282.273093859355 287.103116512299 288.739462693532 287.787954012553 289.555013179779
125.668287277222 99.3908445040385 69.6394195159276 56.8040957053502 72.1657921870549 96.5875387191772 101.40402118365 112.960418065389 132.45020310084 164.388497670492 214.44837252299 264.031887054443 288.338283697764 286.248683929443 268.754959106445 240.691681702932 230.324725310008 232.879479726156 248.234987258911 270.814637343089 280.146718025208 275.665501753489 276.587168375651 271.166960398356 265.016178290049 265.491565068563 267.551859219869 264.023343722026 258.693834145864 261.060118675232 262.08108663559 261.511663595835 258.240083853404 256.992300351461 257.727086544037 257.124284903208 254.526515801748 250.760595003764 253.412445386251 255.273878574371 258.952458699544 264.251093069712 266.934871673584 267.419377962748 276.039024194082 280.642569065094
110.977600018183 99.6960202852885 74.0281840165456 50.1475880543391 56.9785137971242 81.575999657313 101.98379556338 114.925642808278 133.762180805206 146.671185890834 170.003652572632 213.859895865122 241.473257541656 265.845894813538 283.648371696472 271.535615126292 260.234634081523 246.208270390828 237.048447132111 246.380964914958 268.349369366964 278.894682725271 282.014091809591 277.918934822083 271.440545717875 272.41837978363 275.73033173879 271.918833255768 268.984436988831 273.69503180186 272.778610388438 262.85986105601 257.424155871073 253.329475720723 248.985648155212 247.942348321279 243.833522001902 241.850336392721 242.500762144725 245.744983355204 248.282929261525 250.333189964294 253.090778986613 255.605419476827 269.417385260264 276.974002520243
102.92187333107 104.011525710424 93.0449465910594 61.7018043994904 50.761491060257 79.2083988587062 104.41400607427 126.377522945404 141.811509927114 154.89328900973 165.136843919754 188.352862993876 218.140244483948 237.035512924194 248.862663904826 271.269281705221 282.341063022614 273.017406463623 254.265586535136 239.184061686198 248.706499735514 272.195378939311 276.872356732686 277.421673138936 277.876218159993 282.176117102305 285.115996996562 283.605794111888 280.902922153473 282.464702924093 277.150948842367 266.907215118408 259.828686714172 253.209133942922 246.899763743083 244.235714276632 241.893867651621 242.039601008097 241.35684967041 243.372400601705 245.834092299143 246.659417947133 246.85541788737 250.664234161377 260.387639204661 271.970212459564
108.869800964991 117.777486642202 119.947055975596 91.8630162874858 76.1687209208806 98.5841850439707 117.829531431198 136.738459269206 154.546946287155 172.595838705699 183.418234189351 187.502125898997 200.649718443553 211.422046025594 232.578893502553 250.793019930522 259.587963422139 269.841094811757 274.46848154068 261.460940043132 243.491013844808 256.037294864655 264.023423194885 272.585431734721 281.704167524974 288.059453169505 290.202657381694 290.628015995026 285.335103670756 283.366779486338 276.605506738027 270.195225874583 262.454827626546 254.841268062592 250.713189442952 245.867828528086 244.991878668467 242.271701494853 241.60361289978 243.962387243907 247.933149337769 249.547918637594 248.25910727183 251.046697298686 252.818504969279 264.535784721375
117.382854223251 121.140579382579 133.29666852951 131.059587001801 118.707557519277 117.591540018717 121.878802776337 132.04558690389 146.617442369461 170.766790707906 182.200312614441 183.203677336375 184.983988602956 191.492080688477 207.662324110667 226.313094298045 237.320105234782 248.576879501343 256.751457850138 263.877769311269 265.39134979248 253.923714160919 256.356358528137 265.196700890859 275.731941064199 284.208357334137 289.481858412425 289.974629878998 283.103823661804 281.928439935048 276.405274868011 268.97672812144 261.67364915212 256.490349769592 253.201842308044 248.819251855214 245.064437389374 237.262586752574 235.490282376607 243.801633516947 249.202688535055 251.128832499186 253.655771414439 252.28742758433 249.803880850474 258.097469806671
