input/barkrak2/radiation/dir22724.grid
NCOLS 85 
NROWS 70 
XLLCORNER 665100 
YLLCORNER 4664600 
CELLSIZE 20 
NODATA_value -9999 
[rows 0 to 19 of 70, columns 0 to 45 of 85]
300.501704216003020 308.227956295013 313.504020373027 319.875597953796 321.065227190654 318.606436252594 311.921497186025 305.685838063558 309.183816115061 309.262812137604 307.288964589437 312.152584393819 314.611395200094 314.822554588318 316.860397656759 315.456668535868 310.388565063477 303.164382775625 299.724479516347 288.526217142741 271.990338961283 275.33495426178 296.73691590627 304.341832796733 302.285095055898 304.381489753723 304.543117682139 293.257236480713 273.846666018168 269.506812095642 267.214417457581 278.80863348643 302.04035838445 299.899955590566 306.66712919871 296.782275040944 298.334340254466 308.621088663737 298.813919226329 304.997603098551 294.618566830953 285.272816816966 294.604341189067 309.01833375295 310.096780459086 305.342197418213
280.686477820079 293.088654677073 301.6490538915 312.260846296946 318.12318166097 317.077577114105 310.460786024729 304.510275522868 309.969385464986 311.103383700053 305.989702542623 309.429069360097 314.069867134094 315.231382846832 315.023223559062 315.101901690165 312.761247158051 307.519634564718 305.423160394033 293.926358222961 286.186178525289 289.106369018555 300.691187381744 305.230557918549 305.968562761943 305.071731408437 302.551070849101 294.330815474192 277.68204609553 269.71298456192 271.488666534424 288.915415604909 299.479047457377 300.069709618886 306.605756282806 297.345042228699 296.373407046 300.724506378174 297.130266825358 306.3050309817 302.807072798411 294.27836338679 298.120061556498 309.394240379333 312.456925710042 308.898548285166
251.742204030355 262.919227282206 271.821240584056 281.850655873617 292.673528194427 298.704902331034 303.200562795003 306.974311669668 309.559067090352 307.451287905375 302.291770776113 304.373741149902 313.404599825541 316.414455572764 313.443223635356 317.2713915507 320.167024930318 319.632788499196 313.409388065338 306.065460046132 306.239664554596 305.615643660227 303.890347480774 304.443577925364 307.015617688497 307.369808355967 301.104227701823 293.153981367747 281.018892923991 272.318998972575 275.013347466787 294.294953346252 292.068839073181 297.303775946299 305.387755235036 299.312074979146 291.227757930756 288.49865992864 295.428057511648 306.467731793721 304.449339707692 300.216158231099 297.503193219503 306.680043538411 317.75685151418 314.245740572612
235.298693180084 237.011730670929 244.386772314707 250.884433587392 256.689389546712 261.458436648051 267.070412635803 278.592745463053 292.621890703837 302.20905939738 305.336058139801 310.57067712148 316.587229569753 318.197151025136 316.743095715841 315.771738688151 316.404402256012 315.335313479106 312.817295392354 310.66220998764 308.993498484294 306.382973988851 310.216049353282 308.792213598887 307.725528875987 309.456030527751 305.056532224019 296.848992506663 290.599286556244 284.620384375254 279.146730899811 295.98214228948 291.722496350606 296.116411685944 298.996865749359 300.310492515564 296.353618303935 294.85019048055 305.598517258962 309.119919935862 304.08376455307 295.248250166575 290.564954280853 301.759600639343 316.051801045736 315.794785817464
255.738059679667 241.715053717295 229.146023591359 221.860408782959 225.884834925334 240.559955437978 258.437613646189 266.474902629852 274.800618489583 280.528008937836 294.956942399343 308.488488197327 316.11305475235 319.20850276947 320.07618745168 319.814364115397 315.362930297852 308.263083299001 307.619253794352 310.049593448639 307.611505190531 306.342224280039 313.08917204539 311.962008476257 309.57305431366 311.521152655284 307.621002197266 300.211787223816 294.050017992655 289.9156610171 292.039553324382 303.119977315267 299.236615498861 300.424516201019 297.462562719981 299.772143363953 306.3778479894 308.869004249573 311.746597290039 311.438341935476 309.342483679454 302.747209866842 299.45303996404 301.136553287506 306.401213010152 312.873681386312
291.488369305929 270.131170749664 246.837655703227 225.982248783112 216.868241628011 227.379202842712 250.307420889537 264.539241790771 267.706016699473 267.202099164327 275.856872399648 286.642014980316 293.9679423968 298.790077368418 303.428530693054 307.33193953832 305.301229159037 301.955163478851 304.292261600494 308.806518713633 308.866620063782 312.08598613739 316.441317399343 314.274529616038 313.008248806 313.781936963399 310.325781504313 304.340243339539 296.880662441254 292.851090431213 298.892398675283 304.187099138896 306.10603094101 309.385498364766 303.909460703532 301.263809204102 306.763052940369 309.816618760427 308.856844902039 309.203724066416 309.307138125102 305.929660797119 304.787854353587 305.120348930359 300.326943397522 293.402254581451
306.795477867126 290.055215358734 274.251778920492 256.812592347463 238.476117451986 225.698550542196 232.932031154633 258.716702461243 269.765953222911 276.490688323975 273.453295230865 269.133567810059 265.610416730245 262.48433192571 264.50256506602 276.972015698751 285.751978556315 297.042946020762 306.838929653168 312.636435031891 312.504669030507 310.986578464508 315.280556678772 315.706372261047 315.364321072896 316.672126452128 315.164307753245 310.605804125468 303.964972496033 302.037040392558 304.735461870829 309.598485628764 318.015734354655 319.422086079915 315.857688585917 309.746364752452 308.37736527125 308.782378832499 309.233784675598 311.529119809469 309.318443139394 305.989702542623 305.444975694021 302.617649237315 287.384788195292 281.047602494558
309.750139713287 304.520229498545 297.790249188741 286.776661872864 268.819689750671 242.871403694153 222.20919529597 222.854733467102 253.414273262024 274.680554866791 280.659894148509 277.2323290507 269.477168718974 261.580069859823 250.896414120992 253.97519270579 264.620224634806 277.780751387278 295.115729173024 307.016213734945 311.744729677836 311.493833859762 314.523855845133 315.275291601817 314.648509025574 315.958440303802 315.849741299947 313.199559847514 309.414009253184 310.782233874003 313.888808091482 316.539645195007 321.156879266103 320.782542228699 317.298948764801 313.439150651296 311.078826586405 306.582967440287 300.041258335114 298.55744043986 303.47220102946 309.394677480062 314.992209275564 312.411665916443 299.728333950043 290.127793947856
304.485360781352 305.073797702789 303.072392940521 298.094709714254 288.677175839742 272.082964579264 246.72794342041 219.673911730448 231.714208920797 252.935429414113 269.893229007721 276.840726534526 277.853012084961 275.844772656759 266.553620497386 260.565459728241 258.296688397725 262.226104736328 274.351000785828 288.189351558685 298.680583635966 306.127429008484 309.42843357722 306.773821512858 307.912449042002 309.986591339111 311.006009578705 310.297012329102 309.539000193278 314.303437868754 317.436814308167 316.850145657857 317.028164863586 317.698438962301 315.493067105611 313.794871171315 311.098992824554 305.544098218282 293.886542320251 294.660051663717 309.533337752024 317.929208278656 319.127996762594 315.786321957906 306.45493666331 298.69403441747
284.23535823822 291.499654452006 295.134345690409 295.209765434265 293.130656083425 291.045129299164 279.40571308136 264.449795087179 237.165629863739 227.6345094045 240.373214085897 262.296676635742 279.482404390971 287.06169128418 288.701275984446 282.758116722107 269.894480705261 265.696962674459 265.154321988424 268.048961957296 275.283177693685 280.356148878733 286.700050036112 291.370908419291 296.923995018005 299.562414487203 301.153222719828 300.900499025981 301.572422186534 306.292951107025 307.067016760508 307.482143243154 311.952849229177 315.066297849019 314.777096112569 312.252620855967 310.41145324707 308.25666586558 295.484801133474 297.142088413239 313.249905904134 317.910929520925 316.838105519613 313.05468082428 303.692917029063 296.271046002706
241.434057553609 253.625214099884 264.259517192841 272.759338219961 280.360539754232 286.576966444651 288.601517677307 285.325209299723 263.143440087636 240.672727425893 226.573665936788 233.968873818715 258.415381113688 279.190003871918 290.373802185059 282.938281695048 277.07040309906 271.105885505676 264.455119768779 259.877403577169 260.120054086049 259.32119290034 262.340982755025 273.071865240733 282.717188199361 288.734952608744 290.505409240723 290.408134460449 294.417917728424 297.915895779928 300.016502539317 302.73844798406 309.382637341817 312.071919441223 311.191141605377 309.061050415039 310.603976249695 312.716960906982 306.767106056213 305.796682834625 312.917987505595 316.598256429036 317.396918932597 315.397838751475 308.846096197764 303.84773015976
203.181147575378 208.254774411519 216.372927029928 228.01395257314 242.232759793599 256.94727897644 272.753596305847 277.961154778798 278.839588165283 267.745176951091 245.183646678925 226.981421311696 228.260040283203 249.675949414571 272.309720516205 274.508277575175 280.267934004466 278.064767519633 269.503712654114 260.593811670939 254.829267660777 252.276480197906 251.722494761149 259.696205457052 266.959667205811 271.566073099772 273.903946081797 277.490556240082 283.02526473999 286.822040875753 290.44783115387 294.496734937032 299.561401208242 301.730891068776 301.257491111755 301.840722560883 307.472288608551 313.490867614746 314.237217108409 314.435104529063 316.181659698486 318.761567274729 318.518261114756 316.804786523183 312.065859635671 310.080965360006
191.592276096344 187.387347221375 185.147205988566 185.149788856506 192.744473616282 208.782732486725 232.448955376943 251.518428325653 276.323894659678 280.158778031667 270.75207233429 250.439504782359 225.020190080007 221.753835678101 243.419448534648 266.800204912821 279.855668544769 281.962076822917 277.521828810374 270.130117734273 262.617429097493 261.813124020894 261.401196320852 262.199064095815 262.30001449585 260.970632235209 264.695922533671 272.234380245209 275.216102600098 276.405652364095 280.648430188497 285.352389017741 287.127435207367 287.790973981221 289.550840854645 293.471773465474 302.405714988708 309.151232242584 310.276667277018 313.975711663564 315.692941347758 315.963904062907 314.620753129323 314.634323120117 309.391717116038 308.025300502777
186.654885609945 156.370878219604 140.082071224848 135.004460811615 133.16414753596 140.568673610687 160.723825295766 195.131341616313 230.878551801046 262.65690724055 277.785261472066 277.804632981618 262.230753898621 239.270846048991 235.514124234517 258.798937002818 273.307005564372 283.778925736745 288.962682088216 286.033471425374 276.298741499583 273.527105649312 270.726044972738 270.508488019307 269.998828570048 267.946402231852 270.785172780355 277.339339256287 276.777644952138 271.561463673909 276.286919911702 280.831277370453 282.428423563639 282.774964968363 284.830053647359 290.593365828196 295.690496762594 299.715300401052 300.865868727366 301.993111769358 304.951151212056 308.409253756205 311.231076717377 313.067217667898 308.193524678548 307.711640993754
168.74639193217 130.451917648315 107.650299866994 103.066841761271 105.179289976756 110.402752955755 119.256774584452 145.645380020142 174.629469712575 220.633606115977 269.232849280039 292.301932970683 295.503040154775 280.85454305013 258.949955304464 253.811657428741 258.817235628764 272.265334924062 286.402662595113 292.522966861725 291.08981291453 286.221464474996 283.725301424662 280.932863553365 277.69273519516 276.203533013662 278.433700402578 280.264735221863 275.296529134115 271.671732266744 274.686237176259 278.80334854126 278.981566429138 279.047290484111 282.267451286316 284.691909948985 286.288380622864 285.484631856283 287.616729736328 287.951370080312 292.461136976878 298.292100429535 301.59056186676 303.289691607157 301.586369673411 302.437623341878
146.432667970657 118.967135747274 88.9966487884521 84.5562815666199 100.034872690837 122.220208247503 127.151757478714 136.502047379812 156.990816195806 188.268899917603 235.427339871724 286.437034606934 304.133693377177 302.307764689128 287.123322486877 261.325081189473 251.592139403025 252.96143690745 268.226027488708 288.75458240509 296.707272529602 292.65175263087 293.587585290273 288.846055666606 282.653292020162 283.051749070485 285.561919212341 282.281339168549 276.919146378835 279.332478841146 280.687391757965 279.464244842529 277.078052361806 276.030004024506 276.690642038981 276.13890171051 273.686448733012 270.204544067383 272.550622622172 273.424029350281 277.53347158432 282.365918159485 284.756600856781 284.864683945974 291.977941989899 295.916815598806
126.855383316676 116.075396537781 92.4300948778788 75.8059273163478 80.3461174170176 107.429176568985 126.900613307953 137.022306521734 155.386547247569 169.179936250051 194.075882434845 242.054800192515 279.577453931173 302.796304225922 299.494206905365 289.37965631485 279.412011305491 266.40244325002 256.534318129222 266.483982404073 286.455472310384 295.493503411611 298.241357008616 294.590473175049 288.357774416606 289.294024308523 292.858978112539 289.298176765442 286.219318707784 290.708005428314 290.250202020009 281.280040740967 275.719543298086 272.623797257741 268.61047744751 267.63117313385 263.870437939962 261.918644110362 262.467622756958 265.45250415802 267.876744270325 269.656081994375 272.16366926829 274.463136990865 286.630570888519 293.198049068451
118.966986735662 121.54887119929 111.518333355586 87.6085162162781 73.0180740356445 97.849428653717 122.869322697322 145.178496837616 163.04224729538 176.236430803935 183.741708596547 208.043138186137 240.861117839813 260.946710904439 288.357635339101 304.342051347097 301.364620526632 290.878713130951 273.943583170573 258.648574352264 268.619378407796 290.05245367686 293.802857398987 293.89359553655 294.29425795873 298.458635807037 301.095545291901 299.521168073018 296.864887078603 298.41677347819 293.736974398295 284.503519535065 278.366506099701 272.500892480214 266.608913739522 264.136989911397 262.031416098277 262.227952480316 261.434098084768 263.297915458679 265.636364618937 267.205456892649 266.438921292623 270.039558410645 279.740850130717 289.103070894877
126.48023168246 135.883917411168 138.601193825404 117.455273866653 98.1280207633972 116.463641325633 134.47767496109 153.045952320099 173.137625058492 193.52396329244 204.280356566111 207.392036914825 225.780566533407 238.364815711975 255.188326040904 273.808379968007 292.567888895671 300.377110640208 295.979599157969 281.299332777659 263.730406761169 275.449593861898 282.556255658468 290.011763572693 297.991275787354 303.699751694997 306.187748908997 305.484255154928 300.478895505269 298.876484235128 292.865693569183 287.006914615631 280.327379703522 273.777544498444 270.137270291646 266.233662764231 264.922658602397 262.449304262797 261.792778968811 264.685392379761 267.61394739151 269.088705380758 268.662333488464 270.42430639267 272.058804829915 282.621165116628
135.688304901123 139.555275440216 151.974946260452 154.515445232391 142.180979251862 134.280016024907 136.13361120224 151.112735271454 166.279286146164 188.742637634277 201.190034548442 199.348092079163 206.516961256663 214.579025904338 230.96752166748 251.647035280863 266.663412253062 276.215930779775 289.677103360494 294.437209765116 287.18888759613 274.740477403005 275.716145833333 283.712347348531 293.102959791819 300.572395324707 305.746138095856 304.900527000427 298.304617404938 297.306736310323 292.256891727448 285.40426492691 279.098888238271 275.010486443837 272.28985230128 268.36629708608 265.581289927165 257.723013559977 256.104826927185 263.919790585836 268.829703330994 270.579119523366 272.904872894287 271.574854850769 269.283870855967 277.94748544693
