input/barkrak2/radiation/dir27824.grid
NCOLS 85 
NROWS 70 
XLLCORNER 665100 
YLLCORNER 4664600 
CELLSIZE 20 
NODATA_value -9999 
[rows 42 to 62 of 70, columns 0 to 46 of 85]
160.8979900678 158.189137776693 159.963687260946 158.600012461344 152.035236358643 147.602031628291 144.60081855456 139.757762352626 139.968554178874 137.436926364899 134.42850112915 133.642017841339 136.847734451294 141.404569149017 139.860818783442 137.1917227904 132.992376883825 138.061185677846 141.40909910202 133.259505033493 130.094071229299 129.93128101031 126.032948493958 127.495408058167 133.612841367722 129.695653915405 126.176297664642 132.647573947906 139.420479536057 142.420371373494 143.543422222137 144.852668046951 155.095001061757 177.553196748098 183.521509170532 161.723474661509 146.77972594897 144.465823968252 148.355434338252 159.706801176071 168.026487032572 168.277243773142 155.033270517985 119.760384162267 57.0743729670843 11.9477659463882 0
144.638061523438 147.370785474777 155.290365219116 153.015275796254 156.00864092509 157.396256923676 156.103154023488 151.237219572067 139.043360948563 137.973467508952 140.275557835897 136.000553766886 135.408272345861 138.784249623617 140.135238567988 137.822518746058 138.148675362269 139.710664749146 141.204247872035 134.728084007899 128.408332665761 125.68591038386 124.28484360377 123.046149810155 127.374827861786 131.212095419566 125.530461470286 128.193954626719 135.223547617594 137.408256530762 136.141995588938 134.683400392532 146.175354719162 163.531909386317 165.586173534393 149.555494387945 144.203921159108 152.396341164907 159.006198247274 159.825642903646 154.56552306811 150.690774122874 143.795311450958 116.275091965993 67.747304836909 13.8387307524681 0
142.379184563955 148.003975550334 151.548653841019 151.999811331431 153.912087281545 155.656526486079 156.014184157054 151.182383298874 146.103759606679 141.273399194082 142.00884103775 137.886126836141 134.462356567383 132.342795530955 132.848709821701 132.049888372421 128.768146038055 135.522524515788 136.735777060191 133.306473493576 129.963646332423 127.862691879272 128.030796845754 127.863685290019 124.672959248225 135.478605826696 138.418813546499 135.349849859873 135.006368160248 135.216891765594 130.32665848732 127.435932556788 135.06073753039 139.142692089081 143.184502919515 142.685681581497 147.609174251556 160.522520542145 166.305830081304 154.535263776779 153.772056102753 145.813246568044 140.022257963816 119.507888952891 83.517332871755 38.7191971143087 0
149.1546134154 153.213659922282 150.783995787303 153.803795576096 152.522623538971 152.680257956187 153.467863798141 152.094582716624 152.032027641932 147.064715623856 144.719551006953 143.986880779266 137.949685255686 132.368256648382 131.866872310638 134.895304838816 127.303659915924 131.662021080653 136.578897635142 134.304265181224 130.870868762334 131.632785002391 129.71168756485 130.034933487574 132.408380508423 131.835550069809 138.736913601557 138.732969760895 136.500785748164 135.247498750687 131.866802771886 127.849966287613 132.01043009758 128.288418054581 126.630743344625 127.069522937139 136.160055796305 151.317059993744 152.886092662811 138.739923636119 142.288208007812 135.744839906693 132.838656504949 130.192855993907 112.143059571584 72.9595571756363 29.6428476770719
148.470193147659 150.60559908549 152.951925992966 155.604124069214 155.678222576777 154.339969158173 156.458169221878 157.448321580887 153.830111026764 150.845209757487 148.194491863251 147.466838359833 142.480472723643 139.616727828979 137.813011805216 140.764584143957 138.354033231735 131.45187497139 137.545078992844 135.899464289347 132.38380352656 132.724235455195 132.671892642975 128.516594568888 136.346181233724 129.652867714564 130.839248498281 134.915878375371 134.779850641886 135.946273803711 135.453750689824 131.689538558324 131.251136461894 129.210303227107 128.452907005946 127.346058686574 130.987584590912 140.37765065829 142.273137966792 139.050056536992 139.465441306432 131.940215826035 136.61206761996 144.482503334681 136.499464511871 102.2543211778 57.8663597504298
143.079708019892 145.778636137644 151.224871476491 153.669784466426 156.806786855062 158.228288094203 155.003974835078 155.315180619558 154.293835163116 156.233211358388 151.747127374013 146.913319826126 145.631124575933 144.404778877894 140.5042608579 140.343924363454 138.335863749186 129.00318702062 134.010265270869 135.524610678355 131.536493698756 131.396283706029 135.182271401087 126.941959063212 130.4585536321 130.29674688975 125.248322884242 129.416972398758 132.386873165766 133.430004119873 135.774314403534 135.805467764537 129.865040381749 132.666369279226 143.706242243449 145.715365807215 141.160945097605 136.710514624914 140.58330655098 151.776552200317 143.689523140589 134.175727764765 141.812960306803 147.9112803936 141.368250052134 120.42369445165 79.3183942635854
135.982056458791 138.630678256353 145.108918348948 148.582458496094 155.531356732051 158.646394809087 155.698170264562 152.764002482096 156.352311372757 157.337188720703 154.520481824875 150.390068689982 147.284219662348 146.932949622472 144.490371147792 138.462702433268 136.855840682983 130.901714166005 134.730845689774 138.947109381358 137.456784645716 136.222918828328 137.447933355967 132.708648840586 130.06454706192 135.489592949549 129.647235075633 133.073419332504 139.382630586624 142.99135406812 147.851606210073 149.512926737467 142.113268375397 144.30891474088 153.213918209076 158.569226662318 156.849255164464 146.993736426036 144.478340943654 150.909006595612 140.747328599294 132.469167311986 129.88426287969 128.948787848155 126.901378234227 125.861704349518 115.335295597712
135.535051425298 132.119655609131 136.612117290497 145.775427420934 151.070753733317 155.1633477211 157.460769017537 159.903069337209 159.575621287028 156.151135762533 157.482385635376 157.527238130569 152.537554502487 148.713847001394 145.837595065435 142.007410526276 139.298498630524 134.485264619191 137.550930182139 142.638792594274 143.747866153717 142.708937327067 138.952205578486 138.858576615651 136.064747969309 140.089223782221 140.757302443186 142.989426851273 149.75239833196 155.667493740718 163.929084936778 167.935172716777 159.141778945923 155.924300352732 154.745757579803 161.031723022461 163.933942715327 160.624295473099 150.895218054454 138.728221257528 129.412591457367 131.313304106394 129.66047724088 123.917311429977 119.962155818939 124.744921922684 119.167655706406
136.344859997431 139.36307032903 141.708264748255 149.233798185984 149.665415287018 150.791674852371 158.476750055949 163.833111524582 162.767827510834 160.985390345256 160.840859015783 159.857461849848 154.852608839671 150.625656048457 149.672965208689 152.274628480275 144.892344872157 142.047246297201 143.105506896973 149.036039908727 149.847775697708 146.916757027308 143.25679341952 142.171670993169 136.981993913651 143.572856982549 147.509525219599 148.566911617915 151.637236277262 160.232226053874 169.449110825857 177.289764086405 169.331908226013 156.534671783447 146.096567312876 149.920384089152 158.775150775909 166.137039661407 154.717286427816 132.030626138051 123.87615442276 133.721609910329 137.248069047928 131.809949874878 125.8711318175 122.313807408015 104.475220044454
136.524379253387 148.134966691335 149.707426627477 152.636955181758 150.569299856822 149.796376625697 156.853169202805 163.094818592072 161.991169055303 165.949006875356 164.001971483231 162.421971559525 158.879617849986 152.690013249715 152.031123638153 158.5433781147 150.803009668986 144.760767618815 142.077684402466 145.297984282176 145.892749230067 144.12725965182 142.461160818736 138.505001862844 135.974029699961 138.164311647415 145.042916138967 144.17431751887 144.588092962901 151.971360047658 162.800232569377 175.86362361908 171.265165011088 146.84713880221 113.179902235667 105.942855278651 127.241253852844 150.799244642258 160.29159228007 158.329407374064 152.554412682851 141.768356164296 127.300630013148 123.458236455917 132.839868466059 123.59889348348 99.6540387471517
140.081902345022 138.656715552012 137.772113084793 140.86702466011 148.540318012238 152.800033489863 153.265496095022 159.29584701856 158.210247755051 163.128693898519 163.059582312902 165.313223997752 164.15677467982 159.080296754837 154.993901650111 153.800835212072 155.056844154994 145.69632212321 139.918198188146 138.707379500071 138.205667336782 139.794220527013 140.616714954376 134.55605506897 136.084000269572 133.144716421763 134.866853555044 134.248544772466 132.461766401927 134.679079055786 141.010761260986 157.046020030975 153.530011574427 124.804387489955 88.5902643203735 69.00654733181 76.4549672603607 106.753687063853 143.609344959259 158.114413420359 161.576747894287 144.089301427205 118.718673785528 117.679089307785 126.720170180003 113.474071025848 95.1462785402934
145.206113656362 134.410858154297 130.917549133301 137.006421883901 149.097949266434 157.548606395721 156.846572955449 157.869080702464 160.708636045456 159.99166170756 162.033240000407 165.180951356888 166.490932305654 163.647413253784 157.023290793101 154.185632864634 157.550235589345 148.378392060598 143.275400002797 144.282003243764 143.763224283854 140.852212905884 139.053881168365 135.090132554372 134.838581085205 131.520291169484 133.086820443471 131.908575693766 128.860543171565 125.101615985235 115.932951370875 122.567107280095 124.663144350052 104.92742061615 88.9158844947815 70.1268017292023 51.0763823986053 57.6031257708867 81.0150305430094 117.983182271322 142.195761203766 131.875604391098 118.552724520365 112.877607345581 107.078611850739 99.708100159963 92.6289558410645
146.551499764125 139.606366554896 136.229574680328 141.522278388341 151.463856299718 160.420179367065 162.997514009476 158.603191375732 163.472125927607 160.89325149854 165.104498465856 166.321148475011 167.343636353811 168.103138605754 161.08184059461 161.561836798986 161.529193321864 154.281119505564 149.281839529673 150.765051444372 150.747458140055 146.181394656499 141.963581244151 141.50415857633 137.904306252797 135.408421357473 135.27716199557 132.489929596583 126.499354839325 119.515816370646 108.457217613856 113.547782103221 116.238375504812 115.141650040944 114.0056848526 102.415392796199 74.1850684086482 57.2432378927867 51.6365269819895 66.5223697821299 102.389951546987 107.513238986333 96.2472359339396 67.6837762196859 67.0577784379323 88.7738664944967 97.5255370140076
150.627076625824 148.185044527054 143.029401699702 139.6857102712 147.005637486776 159.074564774831 161.73310081164 159.308880567551 160.297890504201 165.572116772334 171.306252479553 172.555128733317 170.356929302216 171.2752978007 167.263249556224 166.170219580332 166.30619764328 162.118434906006 156.264007091522 153.135001659393 150.817235310872 149.394939343135 150.729556878408 151.136298974355 146.436740954717 144.068747758865 135.833263397217 126.757562160492 118.039379517237 113.508284091949 112.844924132029 119.160205125809 122.253547112147 133.514086405436 141.410718361537 140.127708514531 127.058565616608 108.354955911636 93.4444864590963 62.1374199787776 72.0652590195338 92.4437642097473 92.3069814840953 79.7923554976781 80.7275921106339 99.1910994052887 127.315451701482
153.892566760381 153.087824583054 150.608718395233 145.366648832957 145.081281661987 157.07657734553 160.328914721807 160.022179285685 159.455428520838 167.604724566142 175.714532534281 175.693094730377 170.560638109843 172.267615795135 171.95862531662 165.066212415695 168.362100919088 164.280315240224 159.384806950887 157.110929489136 155.750622351964 156.065801779429 153.168737888336 151.575456062953 147.327661514282 142.351051171621 119.714289903641 96.7094699541728 92.7223861217499 98.8045533498128 110.086500644684 115.699142217636 121.04990084966 127.083162466685 141.361077626546 156.324525674184 160.971770683924 144.984781742096 148.794283469518 106.261769930522 77.0737628142039 95.2249964078267 112.774421771367 115.339159965515 116.889119148254 132.168153921763 159.760236740112
153.111199537913 150.85177620252 153.710067272186 153.685967127482 149.11092321078 152.813067038854 160.9954337279 161.562631527583 160.75744231542 167.114873727163 174.931645393372 174.865265687307 169.436514377594 172.675251960754 175.371686617533 165.02849260966 166.23059908549 163.892904917399 161.257396141688 162.022620439529 162.983099619548 163.000553846359 156.419416268667 149.669667085012 148.886968692144 145.021577676137 124.312341213226 99.8498300711314 98.4944701194763 109.185099601746 119.999488194784 121.596654256185 132.633070151011 142.203698555628 160.412649313609 158.346792062124 154.537310202916 104.536235332489 85.2311452229818 109.248518943787 106.963177522024 122.484902540843 126.779894034068 109.432061513265 97.7689325809479 112.023671468099 138.127863407135
140.748530626297 149.102399746577 151.348729928335 153.618315855662 151.817659536997 149.033228556315 160.72028875351 164.803246657054 163.962304592133 166.717688242594 170.7497437795 172.432700792948 171.478152275085 168.289283911387 170.328458150228 165.978888670603 161.858588457108 164.521187543869 165.709674358368 167.475004990896 169.087370236715 165.110876162847 163.202971220016 156.743576129278 154.378523429235 154.78907028834 147.232532501221 140.774856011073 139.961371819178 144.499699274699 140.879362821579 131.315211455027 146.844814221064 160.280307133993 147.865295410156 139.914482831955 104.339142640432 61.9079172611237 46.4967389901479 69.6394294500351 110.808829466502 134.1539422671 128.502527872721 113.176137208939 102.236171563466 107.328613599141 123.760998249054
129.960596561432 145.868400732676 149.615605672201 151.191174983978 154.118041197459 149.165600538254 154.778858025869 164.670338233312 173.485338687897 173.63033692042 170.642773310343 169.347782929738 171.267926692963 168.939550717672 168.355206648509 165.427446365356 161.377727985382 162.366052468618 160.44161717097 157.954315344493 158.596406380335 159.237245718638 158.496409654617 157.5774649779 159.394691387812 164.328575134277 173.852245012919 177.883764108022 163.509428501129 159.545530875524 147.798120975494 134.286353985469 141.595065593719 132.174670696259 100.120762983958 65.6435588995616 63.0046625932058 52.4663428465525 37.1231511235237 37.1253415942192 53.132822116216 96.1920122305552 126.141061385473 147.288372119268 163.547376791636 160.272171099981 150.890320539474
131.722509860992 142.931481202443 150.152385234833 152.208268642426 153.165201346079 153.249849875768 148.083766301473 158.580005168915 179.58398660024 178.243656953176 171.05495929718 167.503913243612 169.062395890554 171.139220396678 169.748107592265 166.8674548467 164.133727550507 160.383969545364 153.017302354177 144.179085890452 144.056737422943 147.795518239339 148.598452409108 152.109016974767 153.96922826767 160.778313875198 182.448585828145 192.940334479014 176.674723625183 164.207359155019 136.894464492798 121.826390425364 121.549636125565 112.167735894521 86.3921046257019 57.1614503860474 63.0499472220739 75.7350524266561 69.2888498306274 52.3701806863149 39.4330223401388 59.6531281868617 104.746679464976 136.661420265834 153.078238169352 148.42356244723 141.035338242849
144.767075777054 147.720356782277 150.660852591197 146.391948064168 139.932731787364 136.922260125478 145.535151163737 150.132368008296 160.520474116007 159.015953540802 157.739698886871 163.310209910075 169.064819812775 169.572273890177 165.25665918986 166.721522808075 165.584852298101 158.413648605347 149.793277184168 142.112543185552 140.675803025564 140.552014112473 144.093493620555 146.173685789108 146.075189113617 150.891939798991 162.481566270192 175.486922264099 167.254149913788 155.425866444906 132.836679617564 114.075124263763 105.051646629969 115.608851114909 106.594741344452 81.4964373906453 86.6154531637828 126.14451845487 133.608212073644 111.266950766246 72.6227213939031 59.2205971479416 79.6225170294444 98.5658665498098 97.9304214318593 105.50261537234 110.396613677343
158.227503299713 154.216229915619 150.556941827138 142.475018898646 130.833168824514 121.520191431046 135.274887084961 134.042312701543 121.218860149384 123.463700215022 139.599611361822 151.628861824671 156.388680140177 160.916994015376 163.857032855352 174.258589744568 175.375362237295 165.639271338781 155.957539876302 150.105893611908 145.967294772466 143.923252820969 145.810902118683 143.409142891566 141.841520865758 146.07697725296 150.151868661245 150.744646787643 146.697600682577 128.182152907054 130.093365907669 121.410151322683 112.234810988108 126.912931601206 128.032306830088 115.257620811462 109.470466772715 113.505899906158 120.284020900726 118.518312772115 100.342243909836 81.167921423912 79.5756280422211 75.8394797643026 52.8998623291651 73.8125542799632 88.4149173895518
