input/barkrak2/radiation/dir25124.grid
NCOLS 85 
NROWS 70 
XLLCORNER 665100 
YLLCORNER 4664600 
CELLSIZE 20 
NODATA_value -9999 
[rows 20 to 39 of 70, columns 0 to 45 of 85]
94.7126646836599 82.4767450491587 89.9621546268463 115.294833978017 111.779203017553 97.4362591902415 90.1349286238353 101.265778144201 113.832344611486 125.300665696462 136.109560728073 136.115650335948 130.008449157079 132.361014684041 142.880360285441 158.829261859258 170.234223206838 183.478871981303 195.406198501587 212.993582089742 220.164974530538 206.599692503611 209.238866964976 210.631648699443 213.477790355682 214.138746261597 210.606038570404 210.560917854309 210.886677106222 215.986212094625 215.962449709574 221.299827098846 204.431931177775 194.062610467275 189.090510209401 195.474863052368 194.948534170787 197.025100390116 201.047460238139 206.255475680033 207.759459813436 207.36292997996 210.922837257385 204.034586747487 209.0904712677 214.615285396576
125.487635533015 114.598790804545 112.35914627711 140.625049670537 138.967752456665 99.1742610931396 99.0237295627594 110.273102919261 119.075218836466 125.327875216802 130.981226762136 125.325332085292 126.991202433904 124.06732638677 132.701655228933 147.214472293854 161.055545012156 174.026827017466 185.080766677856 200.857738653819 210.291008154551 218.961238861084 226.533730824788 222.047547499339 214.756886164347 204.005837440491 193.368097146352 190.134763717651 192.316174507141 179.565449555715 173.855026563009 146.129896243413 130.775411923726 135.929663976034 140.271445115407 161.584089199702 170.718451340993 188.556750615438 201.347808043162 201.783061027527 199.600915114085 198.529680569967 191.006580988566 172.211865584056 196.565588315328 209.30540561676
172.12434609731 170.70879538854 156.479964653651 161.029895146688 160.603582859039 122.906655073166 124.178906281789 120.898495117823 116.410434246063 122.024158636729 126.760492722193 128.214071194331 133.016844590505 134.939610958099 137.870887915293 146.110564470291 158.694605032603 170.530557632446 179.748892784119 182.641247908274 186.879972616831 202.258785565694 212.168395519257 215.214788913727 213.333169619242 204.237600167592 187.051514784495 184.895356496175 177.291174729665 175.534784793854 137.345969676971 102.995902299881 65.8142268657684 57.4111888806025 64.4358197848002 91.412087281545 123.076240221659 158.158332109451 174.436489741007 185.379405816396 191.224137941996 193.28627983729 163.702428340912 139.644046624502 174.000640710195 205.502986907959
206.682999928792 200.013558069865 174.339413642883 167.415459950765 165.989448626836 159.29854909579 144.645909468333 123.818139235179 112.704545259476 116.405506928762 128.94203265508 134.195516506831 142.23708709081 152.229726314545 147.398412227631 149.068941672643 158.163338899612 167.935033639272 174.999554951986 167.564908663432 168.421010176341 173.401335875193 185.184895992279 193.592031796773 197.399377822876 194.653630256653 178.737858931224 173.178235689799 153.219362099965 119.230469067891 86.4144961039225 71.8758354584376 39.9116724729538 8.32134236892064 6.34153808156649 22.7746566136678 58.7821801503499 86.1762364705404 108.055770397186 125.252445538839 131.7311724027 122.967968384425 125.091920296351 152.989526589712 163.933803637822 196.197907129923
202.168703079224 200.255393981934 188.196122646332 170.804599920909 157.114048798879 158.737162748973 146.127671003342 135.533491770426 123.258213202159 119.338770707448 127.450317144394 133.444309234619 139.405856529872 149.86922343572 149.854153394699 150.444189707438 156.605402628581 168.299198150635 175.602277119954 167.494257291158 166.997353235881 163.747280836105 171.492457389832 177.476286888123 177.371700604757 175.847232341766 162.625581026077 159.553160270055 133.672207593918 90.7465120156606 74.5842953523 71.1059719324112 48.7401783466339 8.26126771668593 5.32325791815917 21.0474158326785 41.4339552323023 59.4028929869334 70.3213115533193 76.8812398115794 77.403058608373 69.6151554584503 96.7756509780884 182.78431892395 185.033043225606 196.325143178304
189.723014831543 195.085744063059 195.83793481191 174.842774868011 157.583683729172 158.791959285736 157.730877399445 165.566285451253 162.440568208694 149.77099498113 139.390339454015 150.26726325353 153.041174014409 161.863386631012 163.201967875163 155.637423197428 158.533126115799 170.661270618439 174.997508525848 178.449153900146 181.652764479319 179.024457931519 172.048807144165 167.925000190735 167.224148909251 167.06653436025 159.050246079763 143.95327369372 122.398386398951 106.068789958954 104.213198026021 115.602781375249 110.811680555344 51.8347024917603 27.5802264610926 40.0930990775426 44.5719659328461 53.1206478675207 62.8015945355097 59.8359405994415 51.8097778161367 55.8430602153142 105.384260416031 183.614869912465 202.080607414246 206.973115603129
189.618686834971 194.581886132558 197.033484776815 180.952548980713 173.9169160525 176.938056945801 183.292667071025 190.642952919006 197.206636269887 189.574519793193 169.681866963704 173.46998055776 174.31785662969 180.604775746663 177.221953868866 166.997412840525 161.906858285268 173.641165097555 178.921719392141 192.264457543691 194.697519143422 191.427946090698 180.807650089264 171.68003320694 168.691058953603 168.492237726847 159.365117549896 149.676620960236 137.20761736234 141.561488310496 157.38981962204 182.902177174886 191.370606422424 180.708924929301 116.190056006114 62.5336319208145 59.0146481990814 61.3994499047597 63.3855958779653 57.1209788322449 73.1769502162933 110.333601633708 149.40752585729 180.390934149424 201.642394065857 204.806526501973
192.473769187927 190.029621124268 191.823522249858 183.975338935852 204.345722993215 201.420704523722 206.511537233988 204.472561677297 207.901378472646 206.539511680603 187.001824378967 180.505951245626 180.347164471944 180.721799532572 182.174662748973 177.456418673197 171.300868193309 178.096214930216 189.531604448954 195.899685223897 193.373620510101 183.33359559377 179.272731145223 179.781119028727 178.383231163025 176.566859086355 170.155425866445 167.714635531108 168.714125951131 182.255844275157 198.787291844686 211.574832598368 218.489170074463 230.75677951177 211.194594701131 118.272364139557 77.9592096805573 67.5753603378932 62.7475529909134 55.4912587006887 102.73681084315 183.091918627421 173.163076241811 167.993585268656 177.456438541412 178.301175435384
193.421502908071 181.432922681173 183.898905913035 189.628481864929 226.19903087616 212.866405646006 204.582691192627 197.460055351257 195.983290672302 190.867940584819 180.388768513997 172.279715538025 175.904870033264 180.151144663493 183.65999062856 186.386307080587 180.061856905619 176.00017786026 187.740842501322 187.88081407547 186.141113440196 177.983661492666 178.746004899343 184.145907560984 184.648871421814 177.824676036835 180.108606815338 176.174998283386 177.639007568359 194.918910662333 215.757668018341 229.559719562531 234.573980172475 235.325475533803 239.704489707947 189.499497413635 89.2642637093862 55.1847120126088 44.4767077763875 51.5274008115133 119.324207305908 172.950565814972 160.873939593633 126.080214977264 129.440575838089 127.334207296371
184.565901756287 173.5759973526 177.975058555603 199.111044406891 226.084550221761 212.324023246765 190.05028406779 171.31229241689 154.933452606201 153.656512498856 153.679718573888 155.306955178579 166.841149330139 178.840736548106 184.125741322835 191.534876823425 187.573413054148 174.428264300028 177.581210931142 179.555038611094 178.209026654561 178.588390350342 178.852995236715 184.232095877329 188.426474730174 182.291527589162 186.288436253866 181.241492430369 181.292474269867 201.847811539968 225.381970405579 241.259316603343 239.550292491913 237.706224123637 248.622159163157 245.123346646627 177.57793267568 88.6108676592509 67.1297460794449 74.6543258428574 107.125600179036 127.470672130585 139.508376518885 105.301191409429 95.2495733896891 103.331516186396
184.248725573222 189.79154030482 218.95432472229 263.513604799906 254.512985547384 218.962589899699 181.703368822734 149.697721004486 136.286318302155 141.206800937653 139.677345752716 130.264470974604 160.66179672877 179.184357325236 189.435144265493 195.275783538818 193.319300810496 180.970430374146 179.656664530436 182.123104731242 180.073380470276 184.68709786733 186.965107917786 188.544233640035 191.744923591614 195.193449656169 193.751970926921 192.938327789307 191.67830546697 210.474252700806 234.342932701111 245.955447355906 241.982579231262 247.554222742716 257.722357908885 261.910100777944 253.900090853373 220.056235790253 139.697889486949 99.1113682587941 89.2585317293803 92.9720898469289 110.719372828801 99.9594231446584 94.4425165653229 111.730327208837
202.375054359436 237.710356712341 278.02715698878 297.283331553141 302.388409773509 261.716802914937 211.742639541626 172.615766525269 160.531580448151 170.943081378937 158.225993315379 143.244296312332 153.712848822276 176.527460416158 194.13161277771 200.40233929952 198.19708665212 192.041099071503 185.385584831238 186.342755953471 187.64191865921 190.840284029643 193.494240442912 192.794422308604 195.49306233724 207.252303759257 207.122206687927 208.843588829041 210.879107316335 221.327106157939 237.481395403544 247.593343257904 250.197927157084 257.313887278239 264.772991339366 258.768359820048 256.976286570231 266.684810320536 219.867249329885 140.693604946136 97.6889530817668 95.8384176095327 99.0162889162699 100.61103105545 116.237084070841 144.313196341197
256.988803545634 285.870353380839 297.954758008321 295.552512009939 309.153815110524 305.341978867849 275.755683581034 239.936629931132 212.86141872406 203.859508037567 197.312891483307 174.95584487915 160.405904054642 174.766659736633 196.499069531759 203.688542048136 198.083857695262 200.900733470917 188.427269458771 186.303079128265 192.791362603505 195.612549781799 196.153918902079 194.820582866669 198.44659169515 210.426608721415 216.447313626607 223.422408103943 223.343392213186 225.905179977417 239.405453205109 250.833471616109 250.577608744303 249.260862668355 251.766304175059 240.294714768728 242.902954419454 243.76783768336 212.799708048503 161.807298660278 126.508682966232 117.020984490712 105.409264564514 99.4334717591604 116.292963425318 143.459935983022
284.969925880432 297.678788503011 294.965008894602 286.452074845632 293.718079725901 305.788000424703 303.100069363912 275.85373322169 245.814323425293 225.807587305705 226.089676221212 211.769223213196 185.662428538005 185.684025287628 196.523209412893 199.967543284098 197.010974089305 198.56737057368 190.54114818573 191.396494706472 190.422455469767 193.732519944509 191.734910011292 190.978149573008 198.057552178701 209.370672702789 220.965584119161 222.386658191681 222.862998644511 231.008688608805 243.449985980988 244.124452273051 231.77707195282 223.520219326019 226.333061854045 207.617402076721 206.650217374166 195.419311523438 164.801677068075 142.670452594757 156.107793251673 147.189458211263 126.727173725764 105.323215325673 104.914565881093 124.908109505971
294.518669446309 297.181228796641 300.204753875732 291.442970434825 289.649069309235 296.630163987478 306.341866652171 296.707093715668 261.956294377645 236.221571763357 231.098969777425 228.049635887146 218.429028987885 202.909747759501 198.208371798197 198.635598023733 195.753415425618 192.000846068064 190.858721733093 196.47874434789 190.503040949504 189.55659866333 191.963811715444 192.854324976603 197.030186653137 203.778227170308 213.498512903849 211.957991123199 216.504355271657 230.678657690684 238.89156182607 231.397032737732 218.884289264679 216.445426146189 209.296007951101 191.587964693705 195.014357566833 192.919850349426 180.907050768534 168.184796969096 176.030536492666 183.863043785095 158.716380596161 136.036018530528 118.643154700597 110.78159014384
302.622477213542 303.030530611674 306.325236956279 303.08872461319 296.69177532196 296.188453833262 303.593953450521 303.947667280833 273.951053619385 245.501716931661 231.123805046082 233.619332313538 231.959859530131 212.485114733378 203.610440095266 203.216552734375 199.092904726664 190.228740374247 194.961150487264 197.516103585561 193.829794724782 191.033164660136 194.006164868673 199.627677599589 195.797463258108 201.120336850484 204.862972100576 204.08288637797 209.613740444183 228.084107240041 232.764701048533 226.370652516683 221.353471279144 222.299297650655 204.753160476685 197.835127512614 203.609983126322 209.002077579498 211.033642292023 199.545900026957 168.050785859426 160.383671522141 148.671895265579 134.482274452845 119.972805182139 102.163374423981
297.90453116099 299.094617366791 302.071770032247 301.556368668874 294.290701548258 290.399750073751 297.924200693766 304.35848236084 279.010812441508 244.541982809703 229.814906915029 227.573355038961 228.941063086192 210.661311944326 200.777570406596 206.799467404683 210.632542769114 196.019768714905 198.286493619283 200.922846794128 201.803068319956 194.718182086945 196.065465609233 197.811603546143 196.884234746297 196.732103824615 202.170431613922 208.925624688466 213.527003924052 225.024064381917 232.468167940776 229.110836982727 223.249435424805 223.436633745829 205.236554145813 207.921246687571 211.155712604523 216.84722105662 218.200067679087 200.623253981272 138.790309429169 111.787170171738 95.9737996260325 89.5751118659973 88.2632633050283 89.8874402046204
287.942131360372 292.907496293386 298.872788747152 297.327717145284 293.535490830739 293.78604888916 299.182573954264 304.205993811289 291.605353355408 255.173961321513 239.445944627126 227.325260639191 214.17095263799 204.948763052622 193.428456783295 200.333217779795 210.672517617544 203.806161880493 198.187967141469 201.230863730113 202.697455883026 197.786808013916 192.582428455353 194.265087445577 196.763833363851 195.45308748881 198.434869448344 210.037847359975 211.735685666402 218.839764595032 227.929532527924 231.745998064677 226.38193766276 206.409653027852 198.883493741353 216.495354970296 224.327425161997 226.032912731171 219.803849856059 208.287417888641 133.330384890238 79.2451550563176 59.4201982021332 52.1993537743886 55.4918348789215 61.9790653387705
262.195726235708 271.444956461589 277.124146620433 279.809673627218 284.536560376485 293.120284875234 299.985945224762 302.927295366923 298.057933648427 270.690063635508 247.068444887797 226.469218730927 209.175586700439 208.285768826803 197.496175765991 192.551970481873 204.434772332509 203.734834988912 197.603861490885 196.776986122131 196.899851163228 192.961355050405 190.686782201131 191.610117753347 194.742937882741 200.312813123067 199.338595072428 204.338947931925 210.373202959696 211.200873057048 218.859871228536 231.033126513163 222.73979584376 198.655088742574 204.441765944163 231.867631276449 236.933887004852 230.594535668691 221.117774645487 220.243453979492 188.47930431366 106.502999862035 60.6593489646912 48.464039961497 50.5280196666718 48.6339529355367
228.36571931839 235.850095748901 234.557350476583 243.081410725911 258.010705312093 272.174715995789 280.128359794617 287.364522616069 286.985039710999 265.32252629598 240.094463030497 220.278441905975 206.613739331563 205.308159192403 200.490812460581 194.921374320984 199.410557746887 199.382980664571 190.964122613271 191.942910353343 194.956302642822 197.447955608368 197.080572446187 191.78972641627 190.289398034414 193.834006786346 201.034347216288 203.757723172506 208.066662152608 208.862821261088 210.896511872609 221.220771471659 213.946004708608 201.26728216807 229.435324668884 246.547083059947 241.246263186137 233.414530754089 228.306810061137 235.469937324524 249.349534511566 218.735814094543 136.214445034663 88.7552400430043 64.5537575085958 49.5114574829737
