input/barkrak2/radiation/dir24724.grid
NCOLS 85 
NROWS 70 
XLLCORNER 665100 
YLLCORNER 4664600 
CELLSIZE 20 
NODATA_value -9999 
[rows 40 to 59 of 70, columns 0 to 45 of 85]
230.681935946147 231.975595156352 231.849491596222 233.964959780375 242.577195167542 247.52273162206 250.187039375305 254.17681535085 255.348225434621 236.43970489502 224.581122398376 218.23912858963 215.748906135559 213.048756122589 209.942122300466 208.544373512268 209.107756614685 208.253979682922 201.54345035553 201.126754283905 205.129663149516 210.26337146759 211.413582166036 208.325703938802 204.042851924896 201.659182707469 211.186726888021 215.708196163177 218.305349349976 218.094706535339 219.024141629537 222.656687100728 217.262546221415 221.58275047938 250.073750813802 249.619603157043 237.153549989065 229.424138863881 232.186198234558 237.729489803314 251.375595728556 272.346973419189 246.819456418355 169.709622859955 108.302434285482 80.3342262903849
236.545185248057 233.614901701609 232.822755972544 232.150375843048 229.088584582011 226.416488488515 224.955062071482 224.927008152008 229.440132776896 220.31040986379 213.349362214406 213.532189528147 217.206637064616 216.040333112081 214.57980076472 210.962096850077 205.480992794037 213.992873827616 212.977170944214 208.16965897878 209.735751152039 210.411906242371 208.901842435201 212.241927782694 212.586462497711 206.841766834259 211.854517459869 215.336819489797 218.4978723526 219.575146834056 220.457077026367 222.76779015859 218.587676684062 231.842875480652 244.624555110931 235.552231470744 218.421936035156 210.950295130412 212.881485621134 224.147935708364 255.67098458608 269.723574320475 258.631487687429 214.399218559265 147.118121385574 105.173091093699
238.832175731659 236.423373222351 238.965074221293 237.776974836985 230.703314145406 227.638383706411 225.132822990417 220.570544401805 220.764676729838 217.037081718445 215.365409851074 213.037570317586 217.328945795695 219.917138417562 219.845394293467 215.654373168945 213.15594514211 217.616597811381 218.815286954244 210.542182127635 209.327836831411 205.618977546692 203.605949878693 204.635580380758 208.57318242391 206.452091534932 202.752312024434 208.494265874227 212.942083676656 217.072268327077 217.63813495636 215.66112836202 220.757722854614 237.845142682393 242.277026176453 220.807909965515 203.878303368886 204.686562220256 212.979813416799 226.808528105418 237.36717303594 238.290707270304 225.686689217885 203.920384248098 155.743777751923 97.6712505022685
224.316358566284 226.840257644653 234.875738620758 231.652637322744 234.252274036407 235.30650138855 234.241644541423 229.913671811422 218.513290087382 217.539171377818 219.322681427002 215.22065003713 214.204649130503 217.050830523173 218.3744708697 214.424649874369 216.067512830098 217.212319374084 218.705753485362 212.17139561971 205.920457839966 203.246215979258 201.953868071238 200.310707092285 202.624062697093 207.942982514699 202.138582865397 204.334994157155 209.124406178792 212.444722652435 210.451662540436 206.433971722921 215.191821257273 228.880921999613 227.651576201121 206.19785785675 200.314740339915 211.082478364309 223.61163298289 227.207024892171 223.098397254944 219.039022922516 210.752626260122 188.833594322205 151.304086049398 101.756115754445
222.389300664266 226.305862267812 229.501485824585 230.782866477966 231.305142243703 233.80442460378 234.144926071167 229.561050732931 225.009163220723 220.563133557638 220.90744972229 216.64959192276 213.277081648509 211.0356092453 211.655954519908 210.503816604614 207.240303357442 213.264624277751 214.24525976181 210.610767205556 207.553068796794 205.377062161764 205.547789732615 204.898754755656 201.529820760091 209.981958071391 214.451789855957 211.210151513418 210.388322671254 208.563605944316 204.491913318634 200.589656829834 205.425798892975 208.372751871745 206.472198168437 200.20870367686 204.381008942922 218.786676724752 227.771798769633 221.236189206441 221.01100285848 212.505578994751 203.022122383118 185.976286729177 158.445517222087 120.781560738881
226.409037907918 230.948567390442 228.834370772044 231.210668881734 230.077882607778 230.225324630737 230.602482954661 229.383647441864 230.369905630747 224.396665891012 223.39395682017 220.98966439565 216.683844725291 211.193601290385 210.726022720337 213.196516036987 205.319841702779 209.350268046061 214.07949924469 211.615522702535 210.062583287557 208.980441093445 206.732889016469 208.669304847717 208.81982644399 207.978387673696 216.446300347646 214.358826478322 211.697936058044 209.710776805878 205.578207969666 201.030850410461 202.632327874502 198.741058508555 191.250602404277 181.433141231537 195.243259270986 212.89320786794 216.545601685842 203.75261704127 208.273152510325 200.677275657654 194.395899772644 193.594813346863 184.622009595235 149.823606014252
225.70542494456 227.698763211568 230.761170387268 231.9043080012 232.010861237844 231.706440448761 232.285579045614 234.13755496343 230.927328268687 227.820734182994 226.551671822866 224.201182524363 220.955153306325 216.603795687358 216.151158014933 218.55499347051 214.096188545227 209.101736545563 214.938759803772 215.119938055674 211.523135503133 211.582005023956 209.522843360901 207.089483737946 214.333891868591 207.757671674093 208.617409070333 212.22976843516 211.456100145976 211.718082427979 208.697418371836 204.623103141785 201.542496681213 197.583893934886 192.331115404765 187.329411506653 192.809879779816 204.283694426219 205.125133196513 203.222711881002 205.695033073425 196.002999941508 198.214332262675 207.44526386261 205.163717269897 174.161275227865
220.05836168925 222.471753756205 228.278537591298 229.364573955536 233.007967472076 234.217484792074 230.960806210836 231.320222218831 231.360872586568 231.470266977946 228.526592254639 223.780592282613 222.605129082998 220.984359582265 218.547821044922 216.634849707286 214.295983314514 206.893583138784 211.597243944804 212.897578875224 210.732539494832 210.317413012187 211.876531442006 203.317483266195 208.740095297496 208.40311050415 203.156133492788 208.481510480245 210.597991943359 208.985288937887 208.696842193604 206.977228323619 200.830101966858 202.369789282481 207.804958025614 204.606076081594 202.090700467428 201.083322366079 204.725464185079 215.444326400757 207.731584707896 197.721103827159 202.708522478739 207.589427630107 204.488118489583 186.129331588745
212.641994158427 215.82156419754 221.88280026118 224.751512209574 230.944375197093 234.606762727102 230.806390444438 229.065378506978 230.629503726959 232.410728931427 231.13348086675 225.793639818827 224.019547303518 223.231116930644 219.025651613871 215.054452419281 213.118294874827 207.182506720225 210.558454195658 214.566389719645 212.855001290639 213.197867075602 213.970124721527 208.896338939667 208.364268143972 211.696724096934 207.428554693858 210.365831851959 217.515250047048 219.802518685659 223.280588785807 222.252468268077 212.494174639384 215.196927388509 218.433996041616 216.16397301356 214.912136395772 210.216025511424 209.123412768046 213.381012280782 202.207763989766 195.167183876038 192.298531532288 190.33940633138 187.621752421061 186.130960782369
212.718566258748 208.933075269063 214.024345080058 221.194307009379 226.864059766134 230.703075726827 232.350488503774 234.377205371857 233.368198076884 230.31222820282 232.636074225108 231.001516183217 227.50049829483 223.561028639475 222.282032171885 217.064261436462 215.860803922017 208.316961924235 212.916493415833 217.842757701874 218.548655509949 219.203948974609 215.334475040436 214.651862780253 210.123856862386 213.946362336477 216.34171406428 218.111932277679 223.988195260366 230.54834206899 238.753298918406 238.376577695211 229.033509890238 225.294669469198 220.389803250631 218.789021174113 219.738086064657 220.131814479828 214.316705862681 201.501965522766 190.60891866684 192.451655864716 191.209395726522 184.89662806193 181.818902492523 185.81493695577
213.824590047201 214.730560779572 217.22416083018 222.811659177144 224.576612313588 225.933790206909 232.191284497579 236.763099829356 235.284566879272 234.550813833872 232.722302277883 233.05873076121 228.013793627421 224.161187807719 222.690204779307 226.355055967967 217.667440573374 215.500473976135 216.006795565287 221.861600875854 222.362081209819 219.308177630107 217.552344004313 215.923110644023 211.031953493754 217.032551765442 220.29968102773 223.191122213999 227.678179740906 235.024611155192 242.202301820119 244.414448738098 236.947258313497 227.566202481588 214.672128359477 209.745287895203 214.838306109111 222.270369529724 213.717579841614 192.840258280436 185.125788052877 195.657730102539 198.192616303762 191.336532433828 186.163703600566 178.707400957743
212.30681737264 220.793823401133 223.093767960866 225.058913230896 224.812348683675 222.680826981862 229.459285736084 235.132018725077 233.539958794912 237.699468930562 234.608252843221 234.349509080251 230.598568916321 226.034959157308 222.911576430003 230.520288149516 223.198771476746 215.452750523885 214.835266272227 218.371152877808 218.952616055806 216.941893100739 214.647730191549 210.517287254333 210.018515586853 211.699446042379 216.060002644857 216.777741909027 218.842724959056 225.342690944672 234.579920768738 241.499066352844 228.203932444255 208.408236503601 171.42246166865 164.540231227875 188.598016897837 207.970718542735 214.948972066243 212.931454181671 211.002290248871 205.915331840515 185.130794843038 182.6517979304 191.98207060496 179.204106330872
213.683644930522 211.107651392619 211.725393931071 214.788456757863 222.325265407562 226.46701335907 225.055476029714 231.713851292928 230.138341585795 234.196821848551 233.828186988831 235.828638076782 234.230677286784 229.466040929159 224.099675814311 223.267515500387 225.740830103556 215.092957019806 209.492643674215 209.080934524536 210.531453291575 211.357394854228 211.466193199158 205.365061759949 206.117987632751 203.060626983643 204.40407594045 205.251514911652 205.069939295451 206.823945045471 210.299809773763 222.209016482035 210.882822672526 180.197099844615 147.537887096405 128.923426071803 141.403327385585 171.742022037506 203.07461420695 213.545918464661 215.006152788798 195.547064145406 180.694460868835 178.448041280111 182.427068551381 169.145862261454
218.9093430837 207.697033882141 204.855402310689 210.563540458679 221.051176389058 229.509572188059 227.180063724518 229.436755180359 230.332930882772 230.319539705912 231.809516747793 234.616498152415 235.37266254425 233.582635720571 226.188679536184 223.570843537649 226.618190606435 216.64837996165 211.578667163849 212.864140669505 213.991224765778 210.589945316315 208.670775095622 204.364498456319 203.349431355794 201.634486516317 201.043963432312 201.311707496643 199.857215086619 196.015040079753 184.49064095815 189.573049545288 179.928342501322 160.995850960414 146.190961201986 129.53927119573 113.314648469289 122.917344172796 145.284593105316 179.018835226695 194.132248560588 184.991399447123 176.027119159698 172.422170639038 165.233075618744 154.939889907837
220.319588979085 214.206655820211 208.538552125295 212.64127890269 221.210479736328 229.929685592651 231.649915377299 229.216198126475 231.786370277405 230.281511942546 232.373595237732 234.42671696345 234.937528769175 236.445784568787 228.768587112427 229.425251483917 229.08349831899 220.863699913025 215.297182401021 216.848850250244 218.96904706955 214.436550935109 211.491107940674 210.097293059031 203.759968280792 205.171386400859 203.011393547058 200.28950770696 196.262339750926 191.036105155945 177.481790383657 179.900189240774 172.529538472493 169.253567854563 170.970022678375 163.455386956533 139.750053485235 124.307443698247 112.588574488958 127.726485331853 160.936623811722 163.621793190638 153.40914328893 140.264511108398 137.519866228104 143.247743447622
223.791003227234 221.448600292206 213.660955429077 210.061271985372 215.341766675313 228.020628293355 231.634418169657 229.136725266775 228.853464126587 233.01508029302 237.037599086761 238.582630952199 236.454089482625 237.341264883677 231.976350148519 232.142567634583 232.067267100016 228.635013103485 220.169047514598 217.812478542328 215.876817703247 213.744203249613 213.719129562378 212.082425753276 209.834615389506 207.41194486618 199.260811010996 191.347539424896 184.736649195353 179.793993631999 180.613815784454 185.333689053853 178.187608718872 185.256083806356 195.747494697571 198.99708032608 194.852828979492 179.512759049733 160.333096981049 125.545958677928 131.941765546799 148.936380942663 147.919068733851 137.432436148326 139.612098534902 155.937254428864
227.323849995931 224.959671497345 221.92519903183 213.7065132459 213.073929150899 223.754604657491 229.799787203471 229.139407475789 227.696379025777 232.566634813944 239.153822263082 240.562756856283 236.055672168732 236.413677533468 235.818346341451 229.180077711741 230.768660704295 225.384871164958 220.135470231374 218.4157371521 216.828803221385 215.363164742788 213.780423005422 209.639449914296 207.230766614278 203.137358029683 185.009340445201 163.564443588257 159.238477547963 164.763371149699 176.234622796377 179.474413394928 176.96479956309 184.017658233643 195.884048938751 209.355155626933 223.363677660624 222.904185454051 218.505263328552 165.81670443217 137.146850426992 152.745425701141 168.016036351522 174.797654151917 179.506401220957 192.000011603038
226.574858029683 222.677826881409 223.883767922719 220.31432390213 215.348800023397 219.270288944244 229.365050792694 229.844629764557 225.673913955688 229.779124259949 237.190008163452 238.076368967692 234.462638696035 234.456102053324 235.310653845469 227.880219618479 228.023012479146 224.521040916443 220.738490422567 221.133410930634 221.112350622813 222.244799137115 217.377046744029 210.949997107188 207.880814870199 207.940856615702 190.069158871969 166.968723138173 164.061119159063 170.840223630269 184.016863505046 184.963266054789 190.902411937714 198.266963164012 212.312420209249 216.192662715912 214.417338371277 183.293223381042 169.943829377492 166.003177563349 168.173134326935 182.482024033864 181.138495604197 166.950523853302 157.53248333931 171.18513584137
216.160277525584 220.973749955495 221.299012502035 220.329463481903 217.921197414398 214.661578337351 226.889312267303 232.395529747009 229.410588741302 228.172163168589 233.441690603892 238.1312251091 235.629280408223 230.549196402232 232.802589734395 228.455980618795 223.518411318461 223.836104075114 225.208421548208 226.277987162272 226.992726325989 223.03706407547 221.104880174001 214.835226535797 213.897168636322 216.976622740428 211.948196093241 203.77391576767 201.205233732859 204.596439997355 200.475633144379 193.945527076721 203.161756197611 208.146909872691 207.625508308411 188.79109621048 175.973852475484 126.29313270251 103.553305069606 137.208143870036 175.34331480662 188.102563222249 180.647353331248 169.299085934957 165.392448504766 174.327671527863
204.175810019175 218.165715535482 218.90922387441 219.398021697998 219.521005948385 214.266300201416 222.008188565572 231.265187263489 236.803293228149 232.481122016907 234.514137109121 235.553602377574 237.314343452454 233.31218957901 231.949706872304 230.965177218119 224.942644437154 223.158697287242 220.250566800435 220.265805721283 222.001453240712 220.944106578827 219.909151395162 218.191146850586 219.248473644257 225.889166196187 233.907083670298 235.612690448761 218.226452668508 217.80929962794 207.136551539103 195.637742678324 202.047109603882 186.298727989197 158.246884743373 130.536129077276 109.134872754415 105.701754490534 89.6386901537577 99.8866657416026 123.44765663147 156.030257542928 179.320613543193 200.896342595418 224.629660447439 225.37221511205
