input/barkrak2/radiation/dir20724.grid
NCOLS 85 
NROWS 70 
XLLCORNER 665100 
YLLCORNER 4664600 
CELLSIZE 20 
NODATA_value -9999 
[rows 40 to 59 of 70, columns 0 to 45 of 85]
317.264835039775 318.211674690247 318.153222401937 320.050597190857 325.248201688131 328.716595967611 330.880542596181 334.009289741516 333.354314168294 324.2493669192 315.121551354726 311.409910519918 309.417049090068 306.235988934835 304.272452990214 303.154985109965 301.519195238749 300.376156965892 295.592625935872 293.813804785411 298.033396402995 301.750063896179 301.944891611735 297.205607096354 294.190684954325 291.474461555481 297.628402709961 298.068741957347 298.240085442861 297.221601009369 295.039971669515 292.02010234197 271.711309750875 269.215742746989 292.322635650635 292.637288570404 282.471060752869 280.691822369893 282.076776027679 273.578226566315 283.693472544352 318.83180141449 327.029744784037 274.990141391754 213.792045911153 173.656443754832
322.860836982727 320.983568827311 320.745627085368 321.307500203451 319.100499153137 317.081292470296 316.073954105377 316.564083099365 320.131897926331 314.076741536458 308.788041273753 309.199074904124 310.799856980642 310.044248898824 307.929635047913 305.315434932709 300.825635592143 306.54497941335 306.173741817474 301.274657249451 301.995793978373 303.935964902242 301.845808823903 302.629371484121 302.59491999944 298.071503639221 300.985177357992 299.829383691152 299.65086778005 299.227277437846 297.593394915263 292.851388454437 277.412573496501 280.753294626872 292.161623636882 283.013065656026 267.841339111328 266.253213087718 272.360364596049 278.750419616699 297.154208024343 310.181617736816 317.300379276276 305.230418841044 256.95937871933 211.264610290527
324.760794639587 322.642227013906 324.688374996185 323.545038700104 318.929255008698 316.650966803233 316.001196702321 313.957333564758 314.333975315094 311.21814250946 310.192048549652 308.12402566274 311.187942822774 312.912344932556 311.693827311198 309.908747673035 306.762973467509 309.834678967794 312.035242716471 306.241869926453 303.622762362162 301.704367001851 298.090875148773 298.664251963298 301.336407661438 297.889510790507 292.723178863525 295.485456784566 297.057727972666 298.537055651347 296.496450901031 289.621293544769 284.10138686498 289.376258850098 289.767324924469 271.494706471761 255.595246950785 260.257919629415 273.757815361023 286.703685919444 295.771400133769 294.407566388448 288.179934024811 285.842935244242 263.716518878937 213.570753733317
314.759214719137 316.782474517822 322.368403275808 320.04980246226 321.247160434723 322.523216406504 322.71013657252 319.870471954346 313.332776228587 310.727020104726 313.208778699239 309.755265712738 310.415228207906 312.332987785339 313.129206498464 310.362537701925 311.694840590159 312.38842010498 311.876018842061 307.2909116745 302.466193834941 299.585938453674 296.758075555166 294.002056121826 295.338352521261 295.486509799957 290.515204270681 291.45602385203 293.918867905935 294.133285681407 291.058262189229 285.013159116109 286.138375600179 289.680322011312 278.75824769338 256.594061851501 251.518070697784 264.868239561717 283.018469810486 287.384927272797 285.975714524587 282.56235520045 274.153292179108 266.980071862539 252.618769804637 219.165285428365
314.326345920563 318.489452203115 319.699823856354 319.735248883565 320.981621742249 321.904023488363 322.312871615092 319.422046343486 316.310028235118 314.032713572184 314.429958661397 313.038229942322 309.846997261047 309.33423837026 308.234910170237 308.776537577311 305.399199326833 309.685607751211 309.994061787923 307.426452636719 303.459227085114 299.520711104075 298.066933949788 297.643860181173 294.690867265065 298.66749048233 299.904942512512 296.799600124359 294.993281364441 292.20050573349 285.872042179108 280.794262886047 281.53387705485 278.349300225576 267.807324727376 253.296395142873 255.439261595408 271.386941274007 285.773714383443 282.279372215271 282.612105210622 274.963736534119 263.496657212575 255.120893319448 247.847775618235 231.538434823354
318.772534529368 321.658233801524 319.175084431966 320.984959602356 319.491823514303 319.058954715729 320.089141527812 319.4340467453 319.907605648041 317.444602648417 317.120969295502 315.955440203349 313.17001581192 309.166689713796 308.82728099823 310.700933138529 305.605411529541 307.120203971863 309.949934482574 306.548555692037 303.622086842855 302.244246006012 298.932989438375 298.673848311106 298.467417558034 297.45759566625 301.377574602763 297.077556451162 293.985803922017 290.888508160909 284.624616305033 280.030051867167 278.677046298981 270.393967628479 257.919549942017 245.122690995534 251.786371072133 269.84304189682 276.711881160736 268.615921338399 273.90044927597 265.601515769958 254.921396573385 256.599148114522 261.738419532776 246.36040131251
318.711340427399 319.087823232015 320.007681846619 321.03830575943 320.742706457774 320.207476615906 321.424384911855 322.562217712402 320.819576581319 319.669187068939 319.301128387451 318.043986956279 315.908014774323 313.006997108459 311.806956926982 313.434600830078 311.963756879171 305.434385935466 307.644744714101 307.580431302388 303.072353204091 302.645107110341 301.085511843363 297.562003135681 300.494253635406 293.269475301107 293.367962042491 291.841983795166 293.629586696625 289.421498775482 285.098552703857 281.258424123128 276.076058546702 268.350501855214 256.658573945363 246.890187263489 254.011670748393 266.975998878479 265.725553035736 266.520222028096 272.529025872548 261.543214321136 258.709907531738 266.319036483765 272.450188795726 258.169670899709
314.157207806905 315.83172082901 318.744401137034 319.472789764404 321.416060129801 322.632730007172 320.927778879801 320.570727189382 320.786575476329 322.920362154643 320.581654707591 317.594488461812 316.84821844101 316.078702608744 312.289714813232 312.163392702738 309.061110019684 302.155077457428 305.279831091563 304.129223028819 302.446782588959 300.126969814301 299.178163210551 292.250990867615 292.233367760976 291.744669278463 287.252386411031 289.08383846283 289.608001708984 286.780456701914 283.134460449219 282.192011674245 275.047401587168 272.182404994965 268.717249234517 258.785764376322 259.942829608917 264.708995819092 267.433961232503 275.649348894755 271.371245384216 263.180136680603 266.608615716298 268.668909867605 266.954064369202 255.479117234548
309.374809265137 311.690588792165 315.46010573705 316.91300868988 320.817430814107 322.737177213033 320.739308993022 319.206277529399 322.067459424337 322.836021582286 320.916930834452 318.727930386861 316.965043544769 315.311471621195 313.824911912282 308.125237623851 308.100899060567 300.675133864085 301.127334435781 305.352588494619 302.067399024963 298.650999863942 296.673655509949 296.478688716888 291.958808898926 292.176564534505 288.484772046407 290.051778157552 292.91820526123 293.052196502686 293.705781300863 291.240533192952 282.391270001729 282.460908095042 278.501669565837 265.580634276072 265.630602836609 269.838333129883 272.779524326324 274.155835310618 264.227549235026 260.644733905792 259.032130241394 254.7327876091 252.38029162089 251.81519985199
309.394776821136 306.991477807363 310.405731201172 315.83309173584 318.675140539805 320.396383603414 321.177065372467 322.996457417806 323.265194892883 321.464816729228 321.889122327169 320.08304198583 318.132201830546 315.491080284119 313.324252764384 309.490998586019 305.632213751475 299.356400966644 302.775005499522 304.284373919169 302.491088708242 298.854351043701 297.606110572815 296.24213774999 290.473302205404 295.299172401428 294.96967792511 295.630017916362 296.893715858459 300.106326738993 303.845604260763 301.467458407084 292.569359143575 289.377788702647 281.906604766846 270.71205774943 265.881180763245 271.688421567281 274.490475654602 263.909180959066 252.699951330821 256.001691023509 255.27560710907 249.331851800283 248.978078365326 252.574622631073
309.632341066996 311.936438083649 313.306748867035 317.818164825439 317.571858565013 317.764321962992 321.867088476817 324.151456356049 324.175993601481 322.333455085754 322.329103946686 321.396152178446 317.017773787181 314.511775970459 311.97585662206 312.957485516866 304.907739162445 302.882035573324 300.772567590078 303.10332775116 303.085744380951 300.449589888255 296.974937121073 297.209143638611 291.203081607819 295.232037703196 296.919604142507 296.684324741364 299.168070157369 302.947878837585 305.485725402832 302.078564961751 293.535133202871 289.269089698792 278.222024440765 267.821669578552 265.759587287903 270.64303557078 268.082877000173 253.298203150431 249.303261439006 260.276913642883 260.123054186503 252.178072929382 249.801993370056 246.380865573883
309.703230857849 316.874663035075 317.564924558004 319.26037867864 317.383408546448 316.214402516683 320.128699143728 322.557250658671 321.595152219137 324.434081713359 321.217000484467 319.821874300639 318.559924761454 313.010851542155 310.591061909993 312.481820583344 307.088434696198 300.062338511149 297.555963198344 300.568322340647 300.820231437683 298.894246419271 296.495060125987 292.930483818054 290.37739833196 291.041890780131 293.800314267476 293.756743272146 294.649163881938 298.355142275492 303.054531415304 301.705420017242 289.667705694834 277.419050534566 248.44088157018 237.647891044617 251.248002052307 262.473940849304 263.621111710866 262.907803058624 268.007218837738 269.169648488363 252.047340075175 244.686325391134 252.792477607727 241.386691729228
311.151226361593 310.346961021423 309.634149074554 311.306854089101 314.960102240245 317.286849021912 316.601057847341 320.562879244487 318.506360054016 320.131242275238 320.710301399231 318.247000376383 318.273444970449 312.282045682271 307.854215304057 307.129979133606 307.063361008962 297.930876413981 293.468991915385 295.521636803945 292.722761631012 294.809818267822 294.291337331136 289.225300153096 289.163788159688 286.428451538086 287.025392055511 287.177344163259 286.516229311625 287.256936232249 288.602312405904 292.166451613108 271.07298374176 244.026780128479 216.202735900879 203.964908917745 218.145986398061 244.789779186249 263.624330361684 262.997289498647 264.252225557963 256.649633248647 241.634885470072 242.127140363057 249.236901601156 227.057834466298
314.244906107585 306.559562683105 303.675691286723 306.75729115804 314.02051448822 319.563011328379 317.031224568685 317.170778910319 317.631999651591 313.605109850566 315.695563952128 317.517081896464 316.159824530284 313.439587752024 309.423565864563 307.342092196147 307.647168636322 299.490670363108 295.367836952209 296.31253083547 295.147955417633 294.128616650899 290.128449598948 288.51052125295 287.102421124776 283.050100008647 282.094279925029 284.222980340322 280.245244503021 276.820123195648 268.186310927073 265.360454718272 244.229932626088 221.044441064199 210.041185220083 201.908349990845 193.520267804464 203.45938205719 220.601856708527 244.064331054688 253.343999385834 243.539929389954 238.061447938283 239.231805006663 230.74859380722 212.617158889771
313.952604929606 309.150258700053 305.465439955393 308.504323164622 312.014838059743 316.684782505035 318.839927514394 315.879086653392 314.607898394267 313.597997029622 314.611812432607 314.427435398102 314.348896344503 315.32100836436 309.457898139954 308.148443698883 309.393366177877 302.691658337911 297.940631707509 299.006203810374 298.791189988454 295.036216576894 292.324483394623 290.447453657786 286.772151788076 285.666783650716 283.561964829763 281.129936377207 277.651270230611 272.853970527649 263.253172238668 257.703105608622 237.149993578593 225.836376349131 228.752970695496 229.191740353902 217.653453350067 207.024792830149 196.412702401479 206.696629524231 227.639317512512 222.995142141978 215.387841065725 207.078158855438 203.237056732178 202.197750409444
316.073675950368 314.158320426941 308.074374993642 302.58842309316 307.731787363688 315.390328566233 313.801983992259 313.209255536397 312.632024288177 313.795288403829 315.932234128316 317.061225573222 315.317114194234 315.909008185069 311.636924743652 309.903740882874 309.528827667236 304.632027943929 299.348831176758 297.636727492015 296.046833197276 296.04031642278 295.306742191315 295.146048069 291.279057661692 289.093236128489 284.440199534098 277.748207251231 271.574596563975 267.715771993001 265.577455361684 263.192733128866 244.862874348958 241.303602854411 246.174971262614 252.516051133474 259.435256322225 252.168158690135 235.307931900024 204.689959685008 204.030394554138 210.476458072662 208.013415336609 203.551709651947 208.36861928304 217.452088991801
316.186229387919 314.677715301514 311.661720275879 305.295566717784 299.417535463969 307.523290316264 312.598605950673 311.789870262146 310.627400875092 313.010970751445 317.034184932709 316.730697949727 315.0940934817 314.809580643972 312.22931543986 307.348569234212 309.959610303243 305.444876352946 301.186660925547 299.816608428955 298.266291618347 298.638244469961 295.08097966512 293.436268965403 291.327516237895 287.930210431417 272.839963436127 253.344774246216 250.529567400614 254.313806692759 263.194739818573 257.430891195933 245.829780896505 241.481920083364 250.187635421753 262.021740277608 276.750882466634 283.334453900655 274.539907773336 237.960120042165 209.706346193949 216.412385304769 226.413011550903 235.947052637736 244.796335697174 250.633140405019
314.69335158666 313.117305437724 310.431798299154 306.938012440999 300.827344258626 303.973952929179 312.288403511047 312.279899915059 308.544158935547 308.527747790019 313.800275325775 316.367904345195 312.450349330902 311.634500821431 313.357551892598 306.671301523844 306.199073791504 302.987933158875 301.681458950043 301.623562971751 301.064531008403 299.551208813985 297.955413659414 290.53407907486 291.94047053655 291.023850440979 274.078845977783 254.908323287964 253.703653812408 259.079813957214 264.61136341095 258.252799510956 252.584497133891 254.24063205719 268.710335095723 273.509244124095 278.81113688151 256.177683671315 231.465617815653 224.350531895955 233.192225297292 244.286298751831 240.185856819153 231.298625469208 230.144619941711 243.095835049947
304.180363814036 308.599054813385 307.016750176748 305.334051450094 302.825073401133 300.395647684733 309.963981310527 313.983559608459 309.583346048991 306.631724039714 311.265091101329 313.796162605286 313.234607378642 308.981696764628 308.79020690918 307.243565718333 303.146004676819 302.440802256266 303.090790907542 303.422729174296 303.388178348541 300.201058387756 298.463622728984 295.766929785411 292.413433392843 295.661727587382 288.684407869975 282.837132612864 280.715107917786 277.425805727641 275.402983029683 264.358341693878 264.588216940562 265.724500020345 262.316306432088 243.425707022349 225.66282749176 191.168506940206 171.903391679128 208.451469739278 246.209641297658 252.040207386017 233.413954575857 226.118167241414 234.295467535655 246.918499469757
295.181592305501 305.432220300039 305.201629797618 303.202211856842 304.108401139577 299.923002719879 304.780542850494 311.58310174942 312.259415785472 306.99348449707 310.777346293132 312.118967374166 313.320597012838 309.747258822123 308.239936828613 307.833095391591 302.774310112 300.052920977275 297.156552473704 297.748843828837 296.550393104553 297.546446323395 296.345591545105 294.432540734609 294.633348782857 296.809315681458 301.291724046071 303.426802158356 289.203862349192 284.081240495046 278.303980827332 262.823383013407 262.207686901093 246.280451615651 214.174767335256 189.330657323202 177.667518456777 166.832268238068 159.122417370478 180.477837721507 207.297921180725 229.903777440389 234.534164269765 248.853186766307 278.129537900289 285.732686519623
