input/barkrak2/radiation/dir24524.grid
NCOLS 85 
NROWS 70 
XLLCORNER 665100 
YLLCORNER 4664600 
CELLSIZE 20 
NODATA_value -9999 
[rows 40 to 59 of 70, columns 0 to 45 of 85]
236.177245775859 237.438241640727 237.315456072489 239.453474680583 247.919360796611 252.817610899607 256.555835405986 261.763056119283 260.726014773051 245.387037595113 230.438371499379 225.554982821147 225.908656915029 220.551212628682 219.171166419983 214.699427286784 215.201298395793 212.670385837555 209.419449170431 205.436905225118 209.362626075745 216.40799442927 217.496752738953 212.566057840983 208.262761433919 205.869853496552 217.153588930766 219.812989234924 222.352643807729 223.715047041575 223.024229208628 226.51594877243 220.993181069692 224.707802136739 252.868374188741 252.426902453105 240.135550498962 232.721666495005 235.421776771545 240.315159161886 253.739317258199 275.502641995748 251.388192176819 174.763798713684 114.306628704071 83.7698876857758
243.017971515656 240.877131621043 241.118609905243 239.907622337341 235.811789830526 233.177860577901 232.918620109558 233.212331930796 235.249638557434 229.04904683431 219.307462374369 219.529390335083 223.176658153534 222.052037715912 218.925913174947 217.094918092092 211.608648300171 218.327760696411 217.200676600138 212.365388870239 213.86730670929 216.562986373901 214.986622333527 216.429849465688 216.700295607249 210.972348848979 217.873116334279 221.184213956197 222.53829240799 223.554174105326 226.077437400818 226.638376712799 222.700973351796 235.447466373444 248.475352923075 239.207923412323 221.592982610067 214.442094167074 216.587324937185 227.633734544118 258.532166481018 272.726535797119 262.406468391418 219.413717587789 153.58246366183 112.878183523814
244.296729564667 242.786089579264 245.456178983053 242.183566093445 236.26172542572 232.168952624003 230.858465035756 226.455787817637 225.230574607849 222.943504651388 219.882667064667 219.0816005071 221.709549427032 225.910782814026 224.131325880686 219.947536786397 217.482030391693 221.825937430064 224.889179070791 216.742893060048 213.470776875814 211.779733498891 209.711273511251 210.760037104289 214.66600894928 210.598846276601 206.924259662628 214.382588863373 218.703945477804 221.083203951518 221.59880399704 220.932940642039 224.42505757014 240.983247756958 246.202011903127 223.972856998444 207.1519891421 208.185315132141 216.737349828084 230.488320191701 241.204758485158 241.728901863098 229.640126228333 208.748737970988 162.670185168584 105.250050624212
229.941924413045 231.41888777415 239.324430624644 237.236738204956 239.769021670024 240.867853164673 239.88135655721 235.659758249919 224.424640337626 223.44849507014 225.258032480876 221.253275871277 220.290223757426 223.116199175517 224.412004152934 222.290198008219 220.266799132029 223.307172457377 222.854594389598 218.327124913534 212.113440036774 209.374209245046 206.249753634135 204.529841740926 208.763023217519 212.107280890147 206.332961718241 208.487590154012 214.987715085348 216.514468193054 214.520434538523 210.509320100149 220.200578371684 232.389589150747 230.8748960495 209.409236907959 203.571339448293 214.577873547872 227.193315823873 231.309155623118 227.332373460134 223.869582017263 214.525520801544 193.730056285858 158.127198616664 109.291136264801
228.101631005605 232.058008511861 235.192020734151 235.254009564718 236.950357755025 239.409208297729 238.509615262349 235.248068968455 230.79784711202 225.004514058431 225.283583005269 222.684959570567 217.603007952372 217.15501944224 216.01144472758 216.619928677877 211.536804835002 219.401915868123 220.348079999288 216.76629781723 213.703076044718 211.473822593689 209.795355796814 209.047516187032 205.685218175252 216.067910194397 218.484242757161 215.27224779129 216.249565283457 214.318374792735 208.642999331156 204.737861951192 209.442178408305 212.280948956807 210.691193739573 203.553557395935 207.640290260315 222.422877947489 231.920123100281 224.823117256165 224.679430325826 216.71591202418 206.681489944458 190.065264701843 163.87947400411 127.571403980255
232.176144917806 236.656228701274 233.310023943583 236.861368020376 235.726734002431 234.654148419698 236.276586850484 233.771363894145 234.720190366109 230.265537897746 227.735877037048 226.975460847219 221.007943153381 217.283427715302 215.087314446767 219.290137290955 211.54526869456 213.497976462046 218.237857023875 217.752397060394 214.260458946228 215.058406194051 212.871650854746 212.774097919464 212.85092830658 211.98316415151 220.446825027466 218.404591083527 215.767860412598 215.375582377116 209.718028704325 205.175201098124 207.832495371501 202.778339385986 195.100744565328 189.045190811157 198.768734931946 216.777443885803 220.050533612569 207.497795422872 212.014238039652 204.915324846903 198.069055875142 197.442134221395 189.066092173258 155.324459075928
231.511235237122 233.456333478292 235.201179981232 237.558881441752 237.636029720306 236.107409000397 237.958232561747 238.45100402832 235.279341538747 232.129116853078 230.846126874288 230.146189530691 225.249310334524 222.647925217946 220.410068829854 222.733159859975 220.259050528208 213.265856107076 219.073573748271 219.296435515086 215.711494286855 215.751886367798 215.658823649089 211.154659589132 218.278765678406 211.800138155619 214.683055877686 216.316243012746 215.536812941233 215.825140476227 212.795992692312 208.723465601603 206.670959790548 201.584756374359 196.434418360392 190.979381402334 196.651677290599 207.959592342377 208.734412988027 206.930577754974 209.480881690979 200.236697991689 202.133774757385 211.057285467784 209.587574005127 178.698817888896
225.917895634969 226.992964744568 232.736845811208 235.055247942607 237.39767074585 238.573928674062 236.676355202993 235.685169696808 235.719720522563 235.720455646515 232.795755068461 228.058377901713 226.895749568939 225.218415260315 222.752710183462 220.828910668691 220.436135927836 211.0941807429 215.765039126078 218.993524710337 214.942137400309 214.492996533712 218.007067839305 209.580302238464 212.765594323476 212.473074595133 209.222972393036 212.616582711538 214.694539705912 214.571038881938 214.08732732137 212.324202060699 205.907026926676 206.336796283722 211.981217066447 208.14581712087 205.62344789505 204.823712507884 208.41117699941 218.968033790588 211.382269859314 201.458970705668 207.735419273376 212.522149085999 208.446363608042 190.123379230499
218.609054883321 220.397452513377 226.412494977315 230.532725652059 235.339959462484 238.963027795156 235.182662804921 233.461836973826 236.406922340393 236.640135447184 235.398888587952 230.061809221903 228.271802266439 227.423806985219 225.099424521128 219.295422236125 219.244579474131 211.391866207123 214.710632960002 220.650613307953 218.947807947795 217.297653357188 220.098932584127 215.117951234182 212.392926216125 215.751489003499 211.518843968709 216.3312236468 221.51259581248 223.742425441742 228.64709297816 227.487504482269 216.393033663432 219.038347403208 221.987048784892 219.302833080292 218.101402123769 213.779906431834 212.786793708801 216.889202594757 206.43937587738 199.493447939555 196.034153302511 194.023291269938 191.288888454437 189.79020913442
217.378695805868 213.57274055481 218.625664710999 227.062622706095 231.295088926951 235.114991664886 237.999121348063 238.679508368174 239.130198955536 236.123561859131 236.879348754883 235.197901725769 231.709043184916 227.759957313538 226.495504379272 221.300105253855 220.097064971924 214.552581310272 216.998060544332 223.927915096283 224.625607331594 223.210314909617 219.330986340841 218.545695145925 216.31000439326 220.014532407125 220.290342966715 221.995671590169 229.836006959279 236.207048098246 242.277860641479 243.372937043508 232.623219490051 228.932420412699 223.953465620677 221.93302710851 222.711682319641 223.34102789561 217.850049336751 205.154319604238 193.784515062968 196.102380752563 194.896976153056 189.124008019765 185.597598552704 189.536174138387
218.511462211609 220.705211162567 221.726298332214 228.734453519185 229.015827178955 230.394879976908 237.902263800303 241.010030110677 240.998049577077 238.752166430155 238.542338212331 238.862216472626 233.919719854991 230.122268199921 228.695730368296 230.467478434245 221.817314624786 219.548483689626 220.002869764964 225.841482480367 228.424787521362 225.40408372879 221.509059270223 219.808479150136 214.987099170685 220.911681652069 226.3596256574 226.950844128927 231.35894536972 240.77836672465 247.669955094655 249.350130558014 241.589744885763 231.11500342687 218.340118726095 213.877995808919 218.562722206116 225.27019182841 217.006166776021 196.460564931234 189.602176348368 199.337740739187 201.790034770966 194.89856561025 189.82462088267 182.269771893819
216.918547948202 226.777195930481 227.486888567607 230.95166683197 229.271292686462 228.549063205719 233.777344226837 239.389757315318 239.299972852071 241.838177045186 240.383227666219 238.513429959615 236.449261506399 230.223119258881 227.007488409678 234.56605275472 227.300802866618 221.66778643926 218.798538049062 222.382783889771 222.975691159566 223.03561369578 220.808784166972 216.719051202138 213.972767194112 215.586185455322 219.876368840535 220.54668267568 222.552001476288 228.922605514526 238.004406293233 244.712392489115 231.354693571726 211.918552716573 175.153930981954 169.889291127523 192.282239596049 211.233814557393 217.929363250732 217.138210932414 215.843002001444 209.489544232686 191.91974401474 186.91353003184 195.534586906433 182.663559913635
218.196630477905 217.21084912618 216.264843940735 220.774074395498 226.817806561788 230.874975522359 229.400515556335 236.010849475861 235.957562923431 238.38218053182 239.610950152079 239.968061447144 240.021427472432 233.614881833394 228.166500727336 229.285001754761 231.724003950755 219.085355599721 215.736587842306 217.280566692352 214.672327041626 215.421696503957 215.46067794164 211.580872535706 212.35195795695 209.300001462301 210.618138313293 211.44970258077 211.264292399089 210.585713386536 213.9812707901 227.604587872823 214.231451352437 183.636685212453 151.272435983022 132.828921079636 145.897179841995 175.774474938711 207.444787025452 216.569224993388 217.993934949239 204.489946365356 184.311111768087 182.173907756805 185.958027839661 172.552545865377
223.460555076599 213.774522145589 209.48060353597 215.140521526337 227.000514666239 233.848810195923 231.483062108358 233.749330043793 236.173133055369 234.543482462565 237.638096014659 238.761881987254 241.134544213613 237.684190273285 230.253358681997 227.662682533264 230.675538380941 220.677574475606 215.629438559214 219.015061855316 218.067248662313 214.635749657949 212.716440359751 208.397746086121 209.596753120422 207.872370878855 204.983194669088 205.22286494573 203.755577405294 199.939250946045 190.576473871867 196.47620121638 183.425466219584 164.455066124598 149.815340836843 133.414457241694 117.735048135122 126.920908689499 149.929026762644 182.747880617777 197.338342666626 188.258091608683 179.453035195669 177.829047044118 168.865899244944 158.370763063431
226.192235946655 218.834062417348 213.09769153595 217.116852601369 225.558380285899 234.223941961924 237.496693929036 233.526508013407 236.000021298726 234.510779380798 236.523687839508 238.555947939555 239.030838012695 240.508437156677 232.816656430562 233.482956886292 233.120958010356 224.866390228271 221.489091714223 222.995599110921 222.989678382874 218.477129936218 215.519905090332 214.04900153478 210.026959578196 209.089895089467 206.92241191864 206.498801708221 200.249632199605 195.112347602844 183.335999647776 184.020161628723 176.026662190755 172.540565331777 174.477279186249 167.332033316294 144.204328457514 128.797352313995 120.650192101796 131.722946961721 164.608687162399 167.074163754781 156.98429942131 144.021570682526 141.259243090947 146.731078624725
228.352665901184 226.000726222992 219.737966855367 214.507122834524 219.677209854126 232.276419798533 234.342376391093 233.449657758077 234.736343224843 237.173914909363 242.856939633687 242.628773053487 242.237071196238 241.393585999807 237.900694211324 236.149032910665 236.059427261353 232.602576414744 226.380884647369 223.941365877787 224.006772041321 219.888707002004 217.613299687703 218.316396077474 213.657995065053 213.647464911143 207.763036092122 197.526653607686 188.794175783793 187.575538953145 186.429679393768 189.329107602437 182.293633619944 190.261483192444 198.902408281962 202.344199021657 198.668599128723 183.670878410339 164.589663346608 130.028814077377 135.832071304321 152.494162321091 151.428510745366 141.15971326828 144.088317950567 159.469793240229
230.611145496368 229.475855827332 226.404229799906 218.113680680593 217.408736546834 229.718208312988 234.101176261902 233.452916145325 231.978118419647 236.647566159566 244.974712530772 244.586825370789 241.827110449473 242.213845252991 241.699238618215 237.140278021495 236.710906028748 233.453869819641 228.345354398092 224.531749884288 224.911729494731 223.661760489146 217.62889623642 215.884228547414 213.468591372172 207.030057907104 189.149220784505 167.870203653971 163.534740606944 170.616706212362 180.304209391276 185.979982217153 180.499215920766 187.397360801697 198.20898771286 215.101659297943 226.537823677063 227.509995301565 221.858461697896 173.87721935908 141.01700981458 156.349956989288 171.38797044754 178.488771120707 183.416088422139 195.615808169047
231.157422065735 228.539566198985 228.325883547465 226.366321245829 219.637870788574 223.499377568563 233.710587024689 234.146257241567 231.658538182577 233.813385168711 243.049204349518 242.114861806234 238.57303460439 238.458355267843 241.196791330973 231.926302115122 232.014298439026 228.474934895833 224.655608336131 227.239787578583 227.226853370667 226.064403851827 221.228063106537 214.84637260437 214.081744352976 211.919585863749 194.279253482819 172.690252463023 168.288509051005 176.970998446147 187.984784444173 190.245866775513 194.429675738017 200.511852900187 214.026729265849 219.028373559316 217.412730058034 186.929742495219 173.457463582357 169.527987639109 172.05007870992 186.103145281474 184.480905532837 170.520385106405 161.314646402995 179.314394791921
220.895926157633 226.866006851196 225.745022296906 226.380864779154 222.191294034322 220.753232638041 232.789476712545 236.653526624044 233.584682146708 232.142408688863 237.47448126475 242.246965567271 239.725788434347 236.473222573598 236.846486727397 232.524931430817 227.579792340597 229.902466138204 229.104300340017 230.130632718404 230.794151624044 226.858894030253 224.931597709656 218.700806299845 217.761039733887 220.926960309347 215.957184632619 207.813461621602 205.032070477804 205.799520015717 204.27401860555 199.336647987366 205.120782057444 211.230556170146 210.708757241567 197.677115599314 179.24173672994 130.000909169515 107.290228207906 141.257743040721 180.4478764534 191.495060920715 183.765927950541 172.759493192037 169.44287220637 178.592483202616
208.943903446198 222.746431827545 223.367075125376 223.76670440038 223.79211584727 218.555092811584 226.340015729268 235.484639803569 240.82217613856 236.342469851176 238.536457220713 239.714920520782 239.809334278107 237.401147683462 236.00822687149 235.076288382212 229.040364424388 227.132062117259 224.189559618632 222.089151541392 223.820408185323 222.724874814351 223.851243654887 222.097754478455 223.105688889821 227.870583534241 235.930701096853 236.905515193939 221.699416637421 221.372564633687 208.946466445923 199.486315250397 205.663482348124 189.733843008677 161.843677361806 134.150644143422 115.905125935872 109.115938345591 93.3384597301483 104.380518198013 128.213922182719 159.828106562297 182.522416114807 203.981359799703 227.984686692556 228.989640871684
