input/barkrak2/radiation/dir29424.grid
NCOLS 85 
NROWS 70 
XLLCORNER 665100 
YLLCORNER 4664600 
CELLSIZE 20 
NODATA_value -9999 
[rows 0 to 21 of 70, columns 0 to 47 of 85]
142.495493094126005 158.450702826182 175.821681817373 197.497725486755 208.55724811554 208.839396635691 206.95161819458 202.61013507843 201.616247495015 205.223878224691 205.173432826996 202.768822511037 199.265758196513 200.066526730855 201.103746891022 188.409407933553 176.483988761902 163.802653551102 162.969956795375 156.418244043986 156.467547019323 174.267252286275 201.164960861206 208.479106426239 211.528976758321 223.996420701345 222.364703814189 207.167188326518 194.497565428416 194.092988967896 189.539710680644 212.172905604045 257.80979792277 256.690243879954 255.020101865133 240.670919418335 245.307842890422 259.584367275238 255.904873212179 256.810069084167 245.233019193014 250.904460748037 259.359955787659 254.104673862457 242.452164491018 245.890418688456 250.219861666361 220.322251319885
120.298186937968 137.997388839722 153.898139794668 172.889947891235 188.304781913757 195.787310600281 199.376702308655 203.879376252492 210.841337839762 210.860053698222 208.160142103831 204.147617022196 200.429558753967 200.94221830368 200.911343097687 188.429832458496 181.910753250122 172.468384106954 168.285528818766 161.167015631994 170.070548852285 195.025086402893 217.071990172068 219.711124897003 223.999222119649 230.732440948486 225.216706593831 211.834291617076 199.404358863831 196.150084336599 196.923275788625 226.563890775045 259.143690268199 255.800048510234 252.338449160258 243.073185284932 248.744348684947 260.789593060811 254.791259765625 255.173146724701 249.342560768127 249.618271986643 246.318896611532 238.552828629812 234.335283438365 244.753539562225 240.924735864004 205.236911773682
84.14093653361 94.6489175160726 106.625606616338 119.621098041534 134.902656078339 147.741536299388 160.955727100372 179.51621611913 194.183131059011 197.055776913961 200.415412584941 204.17982339859 209.423720836639 212.244908014933 213.048239549001 214.755078156789 212.707539399465 201.535324255625 184.50927734375 175.702591737111 186.865389347076 204.883793989817 215.990304946899 219.756662845612 223.438163598379 224.900126457214 220.143616199493 211.665153503418 204.102079073588 205.319106578827 215.651094913483 242.87348985672 259.631633758545 256.622393925985 251.343786716461 247.823437054952 254.190047581991 260.506510734558 255.958100159963 251.127401987712 245.532830556234 235.150615374247 221.191227436066 216.331819693247 225.144267082214 240.959842999776 229.312419891357 195.037007331848
66.7119820912679 66.969022154808 73.1931030750275 79.4142335653305 86.7195228735606 94.9088136355082 104.169269402822 121.940602858861 143.512268861135 163.021584351858 180.768191814423 198.408504327138 210.013647874196 214.205463727315 218.008677164714 224.807977676392 221.83358669281 210.629065831502 192.422946294149 184.791187445323 185.40894985199 186.950405438741 199.27187760671 209.716339906057 210.958262284597 211.658795674642 213.202277819316 212.604641914368 212.151428063711 216.655751069387 222.188194592794 247.829377651215 257.336556911469 256.314396858215 251.973867416382 251.760582129161 254.443228244781 255.239387353261 249.87534681956 238.358060518901 230.612754821777 218.503932158152 214.502612749736 228.266596794128 243.300278981527 237.108846505483 215.772410233816 191.221356391907
87.2256557146708 71.5564489364624 59.0583930412928 50.3132591644923 50.6154845158259 66.4059668779373 90.4910663763682 102.526317040126 113.17108074824 121.621370315552 146.165321270625 172.268827756246 188.479324181875 196.975866953532 204.420546690623 209.351579348246 206.025501092275 198.677897453308 191.291272640228 186.323563257853 181.584219137828 179.359535376231 189.892470836639 200.019478797913 203.971246878306 211.49092912674 212.621291478475 212.245722611745 213.293115297953 213.422079881032 221.327920754751 251.151323318481 252.483705679576 252.837419509888 250.05300839742 248.92004330953 247.647980848948 245.392878850301 233.844776948293 224.12121295929 222.812155882517 221.011439959208 227.506438891093 238.457481066386 241.843819618225 216.98272228241 188.438932100932 180.422008037567
129.10403807958 101.038992404938 74.1384277741114 52.7755320072174 44.9675718943278 53.7444204092026 76.5499770641327 98.8074839115143 104.023873806 102.888246377309 112.911293903987 127.87323196729 138.666967550913 144.926846027374 155.503034591675 165.979117155075 170.918564001719 178.788145383199 187.484443187714 191.963076591492 192.552983760834 193.557600180308 192.049304644267 193.202972412109 200.165708859762 207.543889681498 210.656682650248 213.381111621857 214.563945929209 216.922084490458 232.126275698344 251.331428686778 246.326764424642 245.590587457021 243.807276089986 242.120881875356 240.632633368174 235.917806625366 225.276410579681 225.621541341146 225.131789843241 222.843130429586 224.930087725321 228.586316108704 219.665209452311 186.705311139425 159.450511137644 168.585360050201
153.840810060501 127.795994281769 106.934269269307 85.1089855035146 65.0618424018224 53.188552459081 58.8291337092718 86.3644480705261 105.028291543325 113.440652688344 110.227326552073 104.802966117859 100.731799999873 96.2185064951579 98.1508692105611 114.610970020294 129.465480645498 152.621030807495 174.882590770721 189.12676970164 197.085420290629 201.208233833313 196.938633918762 193.159997463226 196.491758028666 198.619822661082 203.088521957397 207.796374956767 211.992561817169 219.693859418233 232.391158739726 238.409956296285 231.03396097819 226.615945498149 230.07873694102 228.247066338857 228.674530982971 223.287065823873 217.668036619822 212.572594483693 206.610202789307 205.084919929504 212.228059768677 220.067103703817 212.157845497131 201.929191748301 213.36551507314 223.28515847524
148.987372716268 142.789254585902 142.2438621521 124.007125695546 99.0220407644908 68.203791975975 50.5183786153793 48.2735832532247 76.895331343015 110.149174928665 119.599531094233 116.216758886973 106.64497812589 95.8178540070852 81.8755080302556 85.1581195990245 98.6252427101135 116.638590892156 141.825785239538 164.053012927373 179.720362027486 192.330598831177 200.228353341421 193.903009096781 193.520645300547 190.381725629171 191.92628065745 195.291757583618 199.367642402649 210.443139076233 222.516655921936 225.623250007629 217.470407485962 211.706002553304 207.004845142365 206.324795881907 213.869353135427 212.491611639659 206.100583076477 188.234666983287 185.977260271708 195.362031459808 213.673949241638 226.658542950948 225.927710533142 228.131333986918 236.14243666331 239.322125911713
116.341352462769 127.977013587952 129.33537364006 129.408359527588 115.009446938833 99.4982520739238 72.8214830160141 46.1202164491018 52.9494980971018 67.7896986405055 91.6408201058706 101.00723306338 116.037825743357 115.063975254695 100.546250740687 88.7991786003113 85.4313969612122 88.7229641278585 105.006277561188 117.790480454763 135.50458351771 154.99355395635 167.672832806905 174.682160218557 177.951792875926 176.077723503113 176.379899183909 179.252664248149 182.812492052714 192.874888579051 198.733389377594 199.394583702087 197.129229704539 195.856034755707 197.04657793045 199.173251787821 200.363715489705 202.499032020569 200.444002946218 193.457325299581 203.784008820852 217.527151107788 227.728068828583 230.279306570689 223.62099091212 219.081083933512 222.152988115946 233.045220375061
83.8640729586283 85.8713587125142 100.771943728129 110.711574554443 109.456320603689 112.578014532725 99.1084078947703 79.8853735129039 54.0834466616313 43.4835453828176 50.0886142253876 70.1196690400441 89.1452232996623 104.237775007884 108.130385478338 99.581778049469 85.9810709953308 82.3192695776622 85.3791236877441 88.9198184013367 98.5681811968486 107.999344666799 118.910451730092 131.382048130035 144.006649653117 147.934089104335 150.767674048742 154.625952243805 158.733238776525 167.751510938009 168.104807535807 169.468184312185 175.726890563965 179.498751958211 186.189532279968 189.116795857747 189.494927724202 194.691717624664 197.188238302867 204.97453212738 224.085628986359 232.388138771057 234.840591748556 230.607608954112 222.319304943085 219.411333401998 230.428834756215 238.984902699788
48.3953356742859 48.5453009605408 55.2946776151657 60.4233642419179 73.4638621409734 82.3975801467896 88.0731840928396 82.6634814341863 60.3949228922526 44.0271596113841 35.9853307406108 41.2540038426717 56.9444994131724 78.1224817037582 96.7577894528707 92.9639438788096 88.376651207606 86.1523946126302 79.9393405516942 77.7533203363419 77.6649862527847 78.8943519194921 86.6490701834361 100.63374042511 114.980190992355 127.653370300929 130.336423714956 132.421006759008 142.322172721227 148.410191138585 152.482668558757 155.895501375198 165.021280447642 169.628818829854 171.857913335164 173.988024393717 180.350740750631 187.476058801015 196.043014526367 214.528838793437 223.667939503988 225.522021452586 224.436700344086 225.081821282705 223.650972048442 227.280000845591 235.848546028137 238.104422887166
23.2976227998734 19.9363231658936 22.6844946543376 21.5085397164027 25.1031319300334 31.7223121722539 46.4487969875336 52.3916135231654 52.2939016421636 49.1785556077957 44.0013508001963 36.7081637183825 39.4479086001714 53.8254777590434 71.4734941720963 78.6496102809906 88.8249774773916 89.3379549185435 83.8703612486521 75.9610583384832 72.0173269510269 69.9183642864227 72.1373558044434 83.5149884223938 94.0025250116984 101.650059223175 106.110950311025 111.666897932688 119.810293118159 126.968612273534 133.784979581833 140.055974324544 144.948830207189 148.117522398631 150.062878926595 154.72615758578 166.229695081711 178.328136603038 185.952623685201 205.076336860657 212.666869163513 214.483459790548 210.739175478617 205.401798089345 205.413679281871 208.938201268514 217.590471108754 226.009567578634
16.5587601562341 10.6658215324084 6.58080913126469 2.87857837975025 0.413823484753569 0.593141031761964 13.0788410703341 32.6559916138649 50.4796107610067 58.3930710951487 56.1945537726084 47.9423304398855 35.7399731874466 36.312572658062 49.1489867369334 68.7070041894913 85.7739349206289 93.4542417526245 91.1280512809753 84.4164490699768 78.1768709421158 79.0056387583415 78.2476514577866 81.6653668880463 84.7277939319611 88.2104833920797 94.3350593249003 103.92165184021 108.81045460701 111.190915107727 117.347041765849 123.316913843155 123.10050924619 126.41962369283 130.730519692103 136.310319105784 147.632469733556 161.352256933848 166.012813647588 177.85640557607 185.864349206289 189.967771371206 189.307570457458 190.832654635111 191.510717074076 193.049589792887 194.997608661652 201.205432415009
17.0274898409843 3.15725679198901 0 0 0 0 0 3.96080749730269 25.3024498621623 41.3805892070135 55.1702280839284 68.2041347026825 58.4400445222855 47.0109681288401 46.9888597726822 63.2603367169698 77.0998100439707 88.5526438554128 99.0256269772847 100.384990374247 92.7586257457733 90.6221369902293 87.2320731480916 89.3549919128418 90.1998281478882 91.4367834726969 96.1979428927104 107.872138420741 108.9106798172 103.477964798609 109.145899613698 115.124473969142 116.876105467478 117.727319399516 121.419171492259 129.240959882736 134.458124637604 141.654988129934 147.575616836548 149.441540241241 156.36012951533 162.975360949834 170.894106229146 180.572112401327 179.152329762777 187.694986661275 187.49870856603 183.395663897196
23.2961028814316 6.15646317601204 2.04764916134081e-06 0 0 0 0 1.55008987834056 10.7702612876892 29.7308613856633 57.1786363919576 79.8940112193425 82.7692995468775 73.5709418853124 62.640517950058 61.156044403712 66.0466055075328 78.076958656311 93.6365326245626 105.128546555837 106.903890768687 104.092707236608 102.136592070262 99.0107556184133 98.6463824907939 97.287118434906 99.2214977741241 103.391935427984 105.444401502609 103.670100371043 106.263975302378 111.928949753443 112.463047107061 111.714243888855 115.872532129288 120.209366083145 121.126314004262 121.085782845815 126.05161468188 127.989639838537 134.092092514038 141.208300987879 147.464483976364 154.707332452138 159.129649400711 166.865964730581 178.320606549581 184.497137864431
22.4443276723226 8.32539983093739 0.119466509204358 0 0 0 0.251056665244202 3.40000602106253 10.8521431684494 22.7327893177668 46.5160260597865 77.8632958730062 91.4023220539093 91.9984082380931 84.8414699236552 65.7606224219004 59.4429969787598 62.7728750308355 76.508417725563 97.6516803105672 110.193222761154 111.114492019018 112.101753552755 108.075837294261 104.464590549469 103.025764226913 103.199074665705 101.32114092509 103.165537118912 107.164283593496 112.244327863057 111.542075872421 109.405696392059 107.748508453369 108.732998371124 108.641962210337 105.986793835958 101.524809996287 105.690628290176 108.77913236618 112.952609856923 118.178198734919 121.734539667765 125.231564044952 139.112810293833 145.812541246414 161.849518616994 174.92405573527
18.6951185266177 10.8983628451824 0.678952938566605 0 0 0 1.10082250709335 4.91812918335199 13.7732898195585 20.1009772717953 31.6160867611567 55.4187893867493 79.0570030609767 90.043971935908 94.6186979611715 89.2634590466817 83.9372376600901 73.6194749673208 68.9808825651805 75.3493855396907 97.7553923924764 113.232046365738 118.391990661621 117.83766746521 111.629366874695 110.857625802358 111.411978801092 108.707070350647 106.721460819244 113.668183485667 111.139078934987 101.511379082998 103.260527054469 104.217310746511 99.6125439802806 99.1960068543752 93.466987212499 92.356006304423 93.8339432080587 98.0227986971537 99.0174015363057 102.297276258469 105.805337429047 107.964128255844 127.057214577993 137.677192687988 146.503657102585 154.076596101125
15.0425483783086 12.8912317256133 4.66274314870437 0 0 0.316654894656191 3.8727776457866 10.6438013414542 21.0591057936351 25.2432649334272 29.9511874715487 44.0221528212229 67.5899187723796 80.1285405953725 95.4444408416748 105.863551298777 104.912618796031 95.3102310498555 82.1691453456879 70.1779276132584 80.82415163517 104.192227125168 111.193935076396 117.26650595665 118.13215414683 120.545536279678 119.217534859975 118.709584077199 119.622727235158 115.061263243357 106.78497950236 104.373196760813 95.0691203276316 85.8462154865265 90.8131996790568 95.1386590798696 92.3327406247457 91.6978319485982 92.611442009608 94.1391090552012 96.3071982065837 97.9656179745992 97.897469997406 100.654343763987 113.424787918727 128.614445527395 135.812570651372 137.910425662994
16.2716408570607 19.2524567246437 17.1812909344832 0.0260001809995932 0 5.21964145203431 8.88244186838468 17.6157231132189 29.0502558151881 39.9664764602979 44.7220802307129 49.5893905560176 60.4565491278966 68.7151749928792 86.5245660146077 98.6928939819336 103.595405817032 106.285949548086 104.591459035873 92.0277237892151 76.4575302600861 87.0394607385 97.1710880597432 110.106398661931 121.840298175812 124.199529488881 125.534117221832 130.603363116582 121.645033359528 111.832638581594 107.962807019552 96.4648922284444 88.1601572036743 79.1197866201401 78.5749852657318 74.0803380807241 79.0459414323171 74.9117384354274 81.0991227626801 89.8907383282979 95.2602326869965 96.0531135400136 95.0739185015361 96.918523311615 97.0118939876556 110.487600167592 117.431501547496 118.87996395429
17.2846540808678 17.6900699734688 19.0583864847819 12.8889195621014 3.72745313992103 10.265139862895 10.8803634842237 13.7322954833508 28.4618685642878 39.7155955433846 48.8048692544301 47.5916266441345 48.8702853520711 54.1237394014994 67.2078380982081 84.2536191145579 92.9283102353414 99.5598832766215 105.469912290573 105.684071779251 97.9787508646647 87.3606105645498 90.2747809886932 100.548932949702 113.118012746175 119.926065206528 123.739639918009 125.964800516764 119.025607903798 115.0008837382 102.111766735713 86.0792994499207 80.9851090113322 66.5274411439896 61.5103542804718 55.7659318049749 63.9853477478027 59.5509856939316 57.4577500422796 67.6386753718058 76.0916968186696 80.2640269200007 85.0340823332469 87.3980720837911 86.1394008000692 97.4568724632263 97.6891815662384 103.222926457723
21.8522548675537 14.8438985149066 10.9804992874463 20.3671616812547 15.8964842557907 12.1970983843009 11.1001556118329 14.4634482761224 26.3178919752439 33.8681017359098 39.6119356155396 40.251520772775 39.8633281389872 42.8506831328074 49.977312485377 64.7792766491572 76.8552720546722 85.1405660311381 95.5600539843241 109.015544255575 115.383684635162 107.019682725271 104.813545942307 109.773139158885 111.453155676524 111.227422952652 113.071809212367 119.196842114131 112.774362166723 99.9346474806468 85.3023330370585 78.3312420050303 61.1300220092138 41.4745012919108 33.3835010727247 30.988002816836 26.7003228267034 32.739944756031 38.7548680106799 55.3441693385442 60.1881047089895 68.6498880386353 73.5475371281306 72.7643072605133 80.2785704533259 83.1116338570913 89.274932940801 94.3685074647268
45.5579608678818 33.6368158459663 22.742157181104 33.7335914373398 30.5747936169306 11.3349842528502 14.5220185319583 24.9283437927564 30.1989565292994 33.8327810168266 35.6165419022242 36.3732725381851 37.1792390942574 36.3498280445735 42.918473482132 53.9075881242752 67.6374435424805 78.0091981093089 87.699552377065 101.365794738134 111.830999453863 122.83843755722 130.465348561605 128.11866402626 122.124681870143 111.419101556142 103.937645753225 96.1598753929138 98.9484886328379 96.4236160119375 74.7648179531097 51.0857899983724 34.780407945315 20.3193960090478 7.12977598110835 3.94556236763795 7.02835743625959 16.4713673293591 22.589440147082 42.3278709252675 45.1621512571971 49.0001986424128 49.5952020088832 43.4295187393824 64.2781456311544 75.1328468322754 80.2866071462631 85.8610272407532
