input/barkrak2/radiation/dir28624.grid
NCOLS 85 
NROWS 70 
XLLCORNER 665100 
YLLCORNER 4664600 
CELLSIZE 20 
NODATA_value -9999 
[rows 21 to 41 of 70, columns 0 to 47 of 85]
57.7066342035929 45.2421605587006 34.7232893109322 49.4060417016347 47.1498966217041 27.3398980498314 32.5730194648107 41.1062364776929 44.0385689338048 44.7022765874863 47.2010920445124 48.0890373388926 48.0818152427673 47.2711275021235 55.3629696369171 69.1556284825007 81.0669362545013 90.7387137413025 102.678994337718 118.490705887477 125.960250695546 140.793591737747 146.967222293218 144.6692943573 136.757244666417 127.906223138173 114.546378453573 115.682820479075 123.527467250824 105.582157770793 84.8428209622701 71.0077931483587 44.6052749951681 35.1913422346115 16.743715852499 15.9408325950305 21.9829057653745 32.5207263231277 57.1334660053253 68.5743639866511 71.3587353626887 75.0601540009181 74.6140629053116 64.6987855434418 86.8143637975057 97.8057583173116 106.259216864904 110.778699318568
98.8440116246541 92.6639437675476 70.7326879103978 67.5693054993947 64.259871840477 40.7378350694974 49.3430395921071 48.0223794778188 40.4941787322362 40.3610020875931 46.7040836811066 49.2259214321772 51.7736176649729 55.4122974475225 56.4813713232676 64.506471157074 77.4450600147247 87.0996912320455 95.3541398048401 100.219885508219 104.097465674082 120.978593826294 133.323073387146 138.7679874897 140.352964401245 131.573369105657 115.294098854065 109.152952829997 98.1490015983582 99.1620421409607 61.2073242664337 34.5176458358765 17.2768011689186 2.6072667290767 1.19811436161399 2.02355875323216 9.61346241335074 20.052498827378 27.9511337478956 32.3320602377256 47.8225847085317 56.1999281247457 41.4030278722445 39.3842533230782 66.9709046681722 90.5314783255259 96.6881414254506 102.385560671488
133.754700422287 123.135328292847 90.4072821140289 74.1777022679647 70.032666126887 69.2282120386759 64.3305083115896 49.6510217587153 36.3040044903755 38.3251557747523 47.7917144695918 51.9901712735494 56.2976201375326 66.9478972752889 64.8652811845144 65.5378401279449 74.5922029018402 85.357129573822 92.555969953537 86.0429406166077 85.5615735054016 89.8931721846263 104.788482189178 115.497946739197 124.913146098455 124.197105566661 110.331346591314 106.756230195363 83.5822820663452 41.6035329302152 35.1858461896578 24.5558594663938 2.80106626451015 0 0 0 0.450309521208207 5.40038260320822 9.39765200018883 8.03192829092344 13.070506354173 0 21.4332193136215 48.1233646472295 65.4602398475011 82.3244005441666 89.8817976315816 96.8240698178609
132.879952589671 128.997633854548 108.831952015559 79.0291925271352 60.9707236289978 68.4424340724945 63.6707444985708 54.9513598283132 43.6865389347076 40.8701747655869 44.3694889545441 48.8828917344411 52.8755088647207 64.508780837059 63.6568566163381 66.3064519564311 71.3049868742625 83.1476549307505 91.6284223397573 84.6666395664215 82.6702614625295 79.6982844670614 90.3410911560059 98.6205140749613 104.015896717707 105.399747689565 100.405424833298 92.9777423540751 71.4111477136612 33.5514297087987 27.4041816592216 25.0629708170891 9.13129063944022 0 0 0 0.022437185786354 1.00732641294599 1.78067944943905 3.94557416439056 0.372526779149969 0 9.28145957489808 76.8217891454697 78.6741425593694 85.5745176474253 88.6071920394897 94.8177377382914
119.166076183319 124.137858549754 117.501278718313 88.243822256724 61.6708795229594 68.4048434098562 69.7847108046214 75.7847875356674 74.2755979299545 61.9039535522461 56.0843298832575 61.935101946195 62.5629822413127 73.467676838239 73.9309390385946 69.1456000010173 71.4144061009089 82.6240678628286 91.3464029630025 95.2595969041189 96.5261856714884 91.5426909923553 89.4499123096466 88.5773003101349 91.819703578949 95.3548550605774 90.8342202504476 86.6870085398356 64.7991398970286 47.6030260324478 47.7820336818695 55.39936820666 48.2542216777802 4.10711951553822 0 1.04351388290524 1.28286875163515 1.69305286059777 0 0 0 0.0500442644503588 20.714412132899 79.5084486405055 93.7445859114329 86.7234369119008 87.7042512098948 92.4465457598368
118.004262447357 123.49404891332 121.788889169693 97.9330937067668 77.2850414117177 84.8182141780853 92.426727215449 99.054753780365 105.677604675293 95.3740874926249 76.470469435056 80.2974005540212 80.7775805393855 85.5828523635864 87.9481335481008 78.5882323980331 76.6624758640925 86.8624250094096 94.8570569356283 108.131895462672 109.93966460228 108.025511105855 99.0510185559591 91.7611718177795 92.5765633583069 95.0492521127065 90.2389883995056 92.2103226184845 82.2140673796336 82.1523666381836 92.005709807078 114.865273237228 124.019602934519 104.364901781082 24.5356112718582 6.38651475310326 5.72195462882519 4.80532459914684 1.54604685182373 0 3.03665983180205 18.5846065481504 57.8545232613881 79.5245667298635 83.4575792153676 78.0793527762095 81.2389999628067 79.6446104844411
119.905223449071 118.47839752833 118.911683559418 103.756606578827 107.387363910675 106.352319320043 115.203400452932 114.568173885345 113.762348890305 108.537246783574 91.1215345064799 84.0162634849548 86.7231686909993 86.0134959220886 91.6972359021505 88.9336268107096 84.4940841197968 92.2042628129323 104.723085959752 112.187743186951 109.70280567805 99.8872021834056 98.3520944913228 99.7162659962972 100.320786237717 100.425730148951 98.3543992042542 103.917568922043 118.618766466777 124.231954415639 132.927030324936 141.265581051509 151.227027177811 164.503912130992 123.890846967697 31.0566251476606 10.4397796094418 6.98265122870604 3.57790974279245 0.078206702407139 15.4142826795578 74.2355982462565 75.7970710595449 68.1389719247818 67.7112837632497 60.9317123889923 61.8676493565241 64.6619002024333
122.727781534195 110.721598068873 111.858864625295 108.117610216141 128.820190827052 119.828601678212 113.047023614248 105.944206317266 101.957360903422 94.0032601356506 83.3701491355896 77.7026116847992 80.5570781230927 85.5272014935811 92.9901003837585 98.7121363480886 93.9934651056926 90.1220142841339 101.752509673436 105.579058329264 103.09832294782 95.013697942098 96.4946945508321 104.111393292745 106.184562047323 102.927664915721 104.446391264598 106.104592482249 127.636015415192 141.266047954559 154.514213403066 164.211163918177 171.326994895935 174.192070960999 168.889979521434 94.6732262770335 11.9194462895393 2.59904780735572 0.313541599704574 0 29.4662018616994 67.1505679686864 62.4532550573349 42.1155244112015 42.4841543038686 40.1127065221469 45.8745807409286 56.0938765605291
122.997244199117 104.04043396314 105.670094490051 115.663260221481 128.529061873754 118.317564328512 99.4570851325989 80.8208535114924 68.9336210489273 62.6926968495051 61.8358751138051 66.5337642033895 75.362761815389 89.4478460152944 92.94793009758 103.230009476344 99.449098110199 87.7689321835836 92.1001732349396 96.3622728983561 95.6819554169973 95.1143503189087 96.8807140986125 104.491939147313 109.838296969732 106.951057910919 110.455244779587 107.600222031275 123.23800722758 145.784119764964 165.841788053513 176.739056905111 177.781720956167 177.807847658793 188.667416572571 172.85035053889 85.0228269894918 11.4447735249996 6.61652038494746 8.45000520348549 24.9897713462512 38.8794814546903 44.2971388498942 23.8266636927923 20.786315202713 25.2512991428375 41.6252290209134 61.0155761241913
120.000074307124 122.540523608526 147.913346687953 186.235626538595 159.038126468658 124.829441308975 90.686172246933 63.2403691609701 50.4889984925588 54.9636781215668 51.1597295602163 50.9441395600637 72.0872978369395 89.5044604937236 101.088732481003 109.992603460948 106.063584486643 93.9618150393168 93.4858322143555 98.2939600944519 95.5226222674052 99.5334188143412 102.800925572713 105.254103740056 112.488915522893 118.237515290578 117.187738418579 118.950188159943 127.451658248901 151.715854803721 175.130446751912 181.789914766947 178.410907586416 187.495430310567 200.905025005341 207.183599472046 181.941390037537 122.877647479375 47.1300880114237 20.509077856938 14.9810165166855 14.179786046346 30.4216146469116 22.0944434404373 17.7202088137468 27.5528778632482 49.5508412520091 65.2533868948619
135.606815417608 172.181785106659 221.146464347839 242.555658022563 224.982301394145 169.968247413635 116.50005976359 79.6505361795425 69.8428153991699 76.4871537685394 65.0593191385269 56.3348333040873 70.0476815303167 79.7826449076335 106.659740209579 112.969855467478 109.202524026235 104.1506032149 97.4749724070231 98.1778899828593 99.5820164680481 103.115518887838 107.288728157679 107.846667369207 114.284803469976 126.899192730586 127.975513537725 135.355601708094 139.57267999649 159.540315469106 175.921281178792 185.495793819427 187.826931476593 194.890797138214 203.911284605662 201.835950215658 198.75963528951 189.375181992849 120.103051265081 44.2010958989461 18.450232843558 18.9118248720964 22.3773668209712 24.6353447437286 32.1353996793429 44.5060183604558 52.1405190229416 56.7559798558553
198.086698849996 234.142522017161 256.356795628866 257.235904534658 258.30090045929 231.953700383504 189.371089140574 146.683514118195 119.317571322123 106.891224781672 104.175527890523 85.5161746342977 72.6007471481959 77.195684115092 107.024451096853 112.292021512985 108.033329248428 110.066592693329 99.1598566373189 97.4695086479187 102.430293957392 103.659262259801 106.058140595754 106.803556283315 112.982342640559 127.948721249898 135.70432861646 143.830408652624 152.253886063894 160.049309333165 173.898637294769 184.773325920105 187.290807565053 184.318959712982 186.567743619283 171.759406725566 173.026839892069 160.975476106008 125.276287396749 66.692441701889 33.5668846964836 30.9358487526576 26.372825105985 25.751531124115 32.8225394090017 19.0544587870439 19.1107417146365 24.6364350120227
245.741407076518 259.985864162445 262.819568316142 260.27770837148 262.702902158101 261.579136053721 238.985816637675 194.294293721517 155.057370662689 134.017278750738 133.647620677948 120.699405670166 95.2239632606506 91.9711291790009 103.894333044688 108.236978451411 103.657931089401 106.133143107096 98.9604989687602 99.3840992450714 98.6579954624176 100.041329860687 101.00003083547 101.415316263835 108.632504940033 121.332257986069 135.299026966095 139.300525188446 148.595253626506 160.630802313487 173.032422860463 176.15133523941 161.499371131261 154.39443786939 153.252601623535 137.150814135869 137.690365314484 122.797787189484 85.422803958257 51.8448899189631 56.7066023747126 52.9455045859019 38.8184189796448 29.2562494675318 12.6506350934505 10.0548900663853 5.5167426665624 3.7878326450785
256.245017051697 260.856111844381 260.847250620524 261.031746864319 260.710418224335 259.79483127594 255.363305409749 227.239410082499 177.390734354655 147.277057170868 144.516388575236 141.540626684825 125.355253616969 107.928196589152 104.742507139842 107.265730698903 101.856112480164 99.0951458613078 99.0876257419586 102.159549792608 97.9064106941223 96.7460672060649 99.7412502765656 100.872983535131 105.298827091853 114.587207635244 125.26148557663 127.125610907873 137.116372585297 154.932787021001 166.252076625824 158.476561307907 151.097903649012 144.969522953033 137.234389781952 122.239530086517 126.381278038025 123.570064703623 104.648133118947 73.7344324588776 75.4836897055308 84.3244989713033 65.7699356476466 44.172003865242 13.4319998323917 1.04894504571954 0 0
253.250598907471 254.35874859492 252.345244089762 253.831962744395 253.507196903229 250.185410181681 246.110220750173 230.323970317841 188.222527503967 158.34520260493 149.100969235102 146.781553824743 141.134520371755 118.636151154836 109.042217334112 114.916801452637 106.791307528814 98.1321930885315 102.587769428889 103.439311186473 101.928144693375 97.4008043607076 102.512965599696 106.802602608999 104.793965816498 111.857901016871 117.021262645721 118.4996565183 125.893771648407 146.953523159027 157.220393419266 155.837595462799 153.350691000621 154.335955778758 135.74547568957 128.934442996979 133.704284826914 140.544990698496 136.062572399775 106.679330269496 69.593071937561 69.9351131916046 41.5654828151067 9.68284780780474 2.59006364891926 0.883662607520819 0 0
233.51530234019 236.615220705668 238.472839196523 236.254970232646 234.493553638458 233.041147391001 237.428704897563 234.261473019918 197.424332300822 162.010053793589 147.298783063889 142.013688882192 137.5838915507 118.333478768667 106.824497381846 115.800638993581 116.745342810949 103.90438636144 106.219073136648 109.207312266032 109.485318263372 103.889763355255 105.464557806651 109.140376249949 108.020514249802 108.219335476557 115.165770053864 123.107175032298 127.238303422928 141.795267661413 154.953181743622 157.850523789724 154.676993687948 157.948970794678 138.920992612839 139.585594336192 140.160957972209 148.387004931768 148.286233345668 115.953177213669 49.3716994921366 33.6654931306839 7.52683728933334 0 0.790836677576105 0 0 0
212.860862414042 220.245023568471 229.961673418681 227.749824523926 227.234939734141 232.531170050303 240.560253461202 242.659270763397 218.686044216156 176.690558592478 153.643260399501 133.889138698578 124.162932236989 113.325258096059 103.034824132919 109.811057647069 121.390481789907 112.780918677648 108.57422153155 113.159477710724 113.284766674042 108.316292365392 105.039735635122 108.522395292918 109.64302221934 110.145131746928 113.583574692408 124.612549940745 128.49364678065 134.916563828786 147.700726985931 158.672759930293 157.273898522059 148.401081562042 134.326756000519 150.529781977336 155.712177356084 156.606008609136 154.906829198202 130.264510711034 39.6743019421895 9.24732970694701 0.538314692676067 0 0 0 0 0
175.901730855306 186.969021956126 195.92414299647 201.352119445801 208.37660630544 222.662130991618 234.734416007996 241.133709748586 232.733905315399 195.533653100332 165.472000837326 137.751479943593 122.419953346252 118.781685829163 110.360403855642 103.660702705383 115.897844235102 116.762051979701 109.039495388667 110.026200612386 110.52617430687 106.896420319875 103.028277556101 105.712523063024 109.114239613215 114.730368057887 114.236911137899 120.048542817434 126.702040433884 127.914329369863 138.757437467575 155.498613913854 154.875755310059 135.551075140635 139.575749635696 163.343568642934 167.802711327871 164.16213909785 158.88500213623 154.934197664261 103.171457846959 21.1204836765925 3.5656684388717 0.0196275335232106 0 0 0 0
140.383293231328 146.707425514857 146.379679441452 157.349805037181 172.901789347331 190.392355124156 202.96847820282 214.208722114563 213.240484396617 187.324603398641 154.308319091797 131.416499614716 118.506461381912 115.835090478261 111.20546857516 105.628500382106 110.477258761724 112.135281165441 103.999157746633 105.030884345373 108.339607715607 111.167460680008 109.281480312347 105.802118778229 104.661613702774 109.917352596919 115.903596083323 119.237214326859 125.695784886678 125.237802664439 128.061632315318 142.515391111374 146.146297454834 138.708293437958 164.843082427979 177.651325861613 172.481914361318 165.011167526245 167.400638262431 180.580933888753 178.043782711029 116.367638111115 39.7836019595464 8.39258854587873 0 0 0 0
128.484219312668 131.09940290451 130.105157693227 132.083942492803 140.809873739878 147.493014732997 151.533097028732 156.217942635218 155.749579270681 137.817114591599 121.61053220431 117.984354496002 116.933941841125 112.851550181707 110.0113093853 110.542515913645 109.486689170202 110.21755139033 103.880524635315 102.231701215108 108.18941394488 113.769272963206 115.154246489207 111.893534660339 107.937812805176 107.371608416239 117.563009262085 121.050765117009 124.614179134369 126.342763503393 126.218100388845 134.497612714767 139.596323172251 150.489757458369 176.155110200246 173.23092619578 162.375271320343 151.640812555949 154.650370279948 169.777592023214 185.552438100179 182.278037071228 125.152985254924 46.1281687021255 8.29098994533221 0.671163123721878 0 0
137.013008197149 134.903411070506 135.163406531016 133.363982041677 129.977802435557 127.409368753433 125.724812348684 126.019189755122 131.027112404505 121.448218822479 113.959302504857 114.577502012253 117.202609777451 117.67307917277 114.850630362829 111.538102229436 107.492009798686 114.836106697718 115.750084320704 109.517256418864 111.471464236577 113.940666119258 112.523307402929 114.402592182159 116.696616013845 111.187726259232 116.683055957158 122.417002916336 126.115252574285 127.780636151632 129.247725009918 132.840692996979 138.441930214564 157.431821028392 170.215924580892 160.854786634445 145.861804485321 134.949237108231 132.668137550354 145.681967337926 177.133997281392 184.61533387502 157.957186301549 95.1686501502991 27.1777311960856 5.52097956339518 0 0
