input/barkrak2/radiation/dir27624.grid
NCOLS 85 
NROWS 70 
XLLCORNER 665100 
YLLCORNER 4664600 
CELLSIZE 20 
NODATA_value -9999 
[rows 40 to 59 of 70, columns 0 to 46 of 85]
151.983469724655 154.627899328868 154.475023349126 155.41801850001 165.128250916799 171.787222226461 174.484233061473 180.377940336863 178.153375784556 161.834061145782 145.567039648692 141.93394780159 139.497776826223 136.619905630747 133.602698644002 134.088516235352 132.979849974314 132.383068402608 127.170403798421 125.296026468277 131.411929925283 137.039929628372 138.419260581334 133.530726035436 130.971690018972 128.81871064504 140.742639700572 144.180883963903 149.139146010081 149.376014868418 150.595903396606 157.00430671374 156.771183013916 169.791301091512 196.595271428426 195.250372091929 177.957157293955 168.130099773407 170.936504999797 189.76757923762 206.248641014099 217.316726843516 168.996632099152 84.7754776477814 37.277785440286 17.4329020082951 1.83877178157369
160.446584224701 158.402552207311 158.662110567093 156.647503376007 153.304437796275 151.710689067841 148.903578519821 150.234957536062 155.245353778203 145.51517367363 136.718054612478 138.483653465907 141.041646401087 141.511301199595 138.510167598724 136.620263258616 130.959381659826 139.869829018911 139.251152674357 132.692257563273 136.429041624069 137.209465106328 135.745495557785 137.588133414586 139.9245262146 134.20424858729 139.759808778763 145.587861537933 149.267782767614 150.869925816854 153.811593850454 156.707415978114 160.0614686807 178.594410419464 191.093782583872 176.577051480611 162.566006183624 152.43673324585 153.72771024704 166.248738765717 197.972536087036 206.135968367259 189.628223578135 130.819926659266 57.246873776118 22.1486836671829 1.93559440473715
165.47770301501 162.790427605311 165.57639837265 163.140426079432 156.631449858348 153.173506259918 149.135529994965 145.468155543009 145.702302455902 141.91730817159 140.11412858963 138.020217418671 141.169597705205 145.724107821782 145.689090092977 141.469081242879 137.231558561325 143.915474414825 145.570566256841 137.335538864136 135.964969793955 134.081870317459 130.193094412486 131.600916385651 136.013319094976 133.780697981517 130.255689223607 138.290246327718 143.555909395218 146.51221036911 149.180074532827 148.960163195928 159.102648496628 181.321899096171 189.673364162445 164.442886908849 149.935036897659 147.648791472117 152.335246404012 162.738899389903 173.133015632629 170.640985171 161.006639401118 125.900487105052 66.2626177072525 15.3852129975955 0
149.295270442963 152.009507020315 160.904864470164 157.5927734375 160.587261120478 163.011233011882 160.596668720245 155.720889568329 144.734094540278 142.44885245959 146.004805962245 140.367954969406 141.21225476265 144.615709781647 144.401520490646 142.094959815343 142.347286144892 145.587146282196 145.38319905599 138.846079508464 134.223798910777 131.408363580704 128.459473450979 127.139151096344 131.492217381795 135.327210028966 129.625370105108 132.276554902395 139.344831307729 141.506532828013 141.653507947922 138.818105061849 151.343723138173 168.647329012553 168.130119641622 152.636845906576 147.429923216502 156.20411435763 162.097424268723 163.77188762029 158.559421698252 153.527845939 146.856764952342 119.589060544968 72.8389024734497 16.476542999347 0
147.933612267176 152.594278256098 156.139403581619 156.574696302414 158.475160598755 161.2868309021 160.521934429804 156.830896933874 150.584677855174 145.723879337311 147.756894429525 143.676022688548 138.746837774913 138.137678305308 137.147794167201 137.8386815389 132.978558540344 141.380210717519 142.58141318957 139.155785242716 134.099771579107 133.587648471197 132.192184527715 131.932745377223 128.721902767817 139.55952723821 142.478128274282 139.412502447764 140.670746564865 139.334301153819 135.696699221929 131.541222333908 139.160851637522 144.133806228638 146.269659201304 145.929634571075 150.747855504354 164.822181065877 169.232408205668 160.388708114624 157.717446486155 148.816585540771 143.273214499156 123.055557409922 87.9527827103933 42.357474565506 0.128797488287091
153.776745001475 157.778531312943 155.382663011551 159.408777952194 157.097359498342 157.251914342244 157.993525266647 156.621823708216 156.490166982015 151.512960592906 149.105449517568 148.349126180013 142.261445522308 138.135800758998 136.162966489792 140.701582034429 133.131007353465 135.768552621206 140.728125969569 140.150249004364 136.678079764048 137.393236160278 135.50278544426 135.871628920237 136.410047610601 135.809928178787 144.592156012853 142.812858025233 142.140497763952 140.771945317586 135.99818944931 131.955017646154 136.117935180664 131.361623605092 130.025992790858 130.628814299901 139.542311429977 154.293884833654 155.763844648997 141.920944054921 145.348737637202 139.006714026133 136.277884244919 133.650163809458 115.569710731506 76.4203468958537 33.228891591231
153.076410293579 155.22027015686 157.534301280975 160.1975162824 159.257461627324 158.89851252238 161.007821559906 161.950528621674 158.336937427521 155.284106731415 153.978010018667 151.826858520508 146.802504857381 143.946836392085 142.06329981486 144.965598980586 142.517616351446 135.557969411214 141.680796941121 140.02784093221 138.197769721349 138.523817062378 136.7413798968 134.38489039739 142.288863658905 135.490705569585 136.635780334473 140.622188647588 140.414824088415 141.442875067393 139.584273099899 136.951714754105 135.359505812327 133.253326018651 131.862660249074 130.891780058543 134.425262610118 143.5533563296 145.446171363195 144.098470608393 142.581015825272 135.30174891154 139.964451392492 147.648870944977 139.673600594203 105.71962594986 61.7199043432871
147.75405327479 149.444361527761 155.841410160065 157.330612341563 161.407550175985 162.807911634445 159.547030925751 158.777395884196 158.812016248703 159.363687038422 156.155665715535 151.289959748586 150.008757909139 148.719658454259 144.726862510045 144.588232040405 142.529169718424 133.127172787984 138.146191835403 141.350299119949 137.332777182261 137.194852034251 139.238993326823 130.892475446065 134.407311677933 136.107047398885 129.248062769572 135.09135444959 138.016333182653 138.910849889119 141.110678513845 139.902055263519 133.935898542404 137.559672196706 146.775583426158 148.874302705129 144.399265448252 139.952560265859 143.753111362457 154.692947864532 146.778265635173 137.489418188731 145.006229480108 150.99909901619 144.57772175471 123.978575070699 83.2152217626572
140.696704387665 143.290281295776 149.776538213094 153.227706750234 159.131189187368 163.229942321777 159.290174643199 157.336930433909 159.658531347911 161.786844333013 158.949951330821 154.818932215373 151.639411846797 152.770151694616 148.776511351267 142.735083897909 141.080965598424 135.083258152008 138.891200224559 143.134415149689 141.61870876948 140.31728108724 141.488313674927 136.662979920705 134.012520313263 137.73176074028 133.652746677399 137.06237077713 145.113835732142 146.983037392298 153.475125630697 156.497299671173 146.153291066488 149.515837430954 157.101233800252 161.405265331268 159.736891587575 151.585598786672 149.21506245931 153.837362925212 143.963177998861 135.834644238154 133.295357227325 132.441113392512 130.452126264572 129.435827334722 118.990451097488
139.40617442131 136.825025081635 141.280015309652 150.446911652883 155.692706505458 159.8020195961 162.062674760818 164.475967486699 164.072483778 159.395476182302 161.946803331375 160.628378391266 155.460407336553 153.063197930654 150.144914786021 144.80863014857 143.573333819707 138.641675313314 141.668538252513 146.792193253835 147.869378328323 148.62847328186 144.868354002635 144.832581281662 138.107001781464 142.240186532338 144.762724637985 146.959682305654 151.725908120473 159.561743338903 167.773803075155 169.901231924693 161.49428486824 158.31063191096 157.394111156464 163.778762022654 166.63392384847 163.39111328125 153.812219699224 141.959478457769 132.902850707372 134.751498699188 133.12495748202 127.517282962799 123.60871831576 128.298868735631 122.895816961924
141.128540039062 143.177062273026 146.356443564097 152.835418780645 154.31621670723 154.528806606928 163.090546925863 167.321383953094 167.310039202372 165.469537178675 165.316392978032 164.300203323364 159.255425135295 155.03325064977 154.028415679932 156.573315461477 147.613237301509 144.378840923309 147.219518820445 153.187861045202 153.980871041616 151.023209095001 147.312035163244 146.154373884201 140.985627969106 147.566845019658 151.458899180094 152.475376923879 157.665808995565 164.040297269821 173.214077949524 179.004728794098 171.349108219147 160.380701224009 149.981121222178 152.918438116709 161.612490812937 168.766816457113 157.647341489792 135.482519865036 127.467652161916 137.065539757411 140.561580657959 135.293503602346 129.441241423289 125.962952772776 108.143319686254
141.2726243337 151.800791422526 154.348830382029 156.343877315521 155.27868270874 153.585940599442 161.477833986282 166.664739449819 165.446579456329 170.44452826182 167.307039101919 165.647506713867 163.332939147949 157.093713680903 154.81506784757 162.861486275991 155.111521482468 148.880114157995 146.169106165568 149.448364973068 150.059829155604 150.005449851354 148.385316133499 144.419590632121 139.96813694636 144.10130182902 146.992077430089 148.079375425975 148.42277765274 153.428763151169 164.214849472046 177.611569563548 173.504153887431 150.710920492808 116.498569647471 109.805673360825 130.744487047195 153.840353091558 162.973344326019 161.211629708608 155.5395424366 147.513836622238 130.821913480759 127.118279536565 136.299232641856 127.286046743393 103.172500928243
143.804023663203 142.432739337285 142.50111579895 145.605703194936 153.300662835439 157.478670279185 157.920658588409 163.919587930044 163.850704828898 167.676170667013 167.587637901306 169.835130373637 168.642560640971 162.252157926559 157.842268546422 156.732380390167 159.405966599782 149.894634882609 144.103626410166 142.955094575882 142.450968424479 143.981407086054 144.746859868368 138.657172520955 138.230482737223 137.169549862544 136.963685353597 138.183216253916 138.357003529867 138.502230246862 142.713675896327 159.247815608978 156.371831893921 128.570397694906 92.2581354777018 72.5784550110499 80.2866518497467 110.399732987086 146.754364172618 161.696563164393 164.374162753423 147.328426440557 124.927947918574 121.403823296229 130.277613798777 117.119938135147 98.5544323921204
150.031914313634 138.491123914719 135.708630084991 140.941510597865 152.921994527181 162.231187025706 160.516132911046 162.527660528819 164.33114806811 163.448870182037 166.598538557688 168.582677841187 171.019117037455 168.119708697001 161.408374706904 159.977356592814 161.932865778605 152.663836876551 147.542059421539 148.574372132619 148.024717966715 145.062943299611 143.251130978266 139.245013395945 138.934979836146 135.556161403656 135.314623514811 135.896762212118 132.782111565272 127.128968636195 118.166863918304 126.524577538172 128.205428520838 108.532309532166 92.4468239148458 73.6499776442846 54.5095652341843 61.2991452217102 84.9298636118571 121.542543172836 145.998507738113 135.411957899729 122.154931227366 118.946999311447 110.89285214742 103.184560934703 96.0481762886047
151.451885700226 144.462694724401 141.032248735428 145.3577876091 156.182070573171 164.269814888636 167.665819327037 163.290371497472 167.166511217753 165.528565645218 168.672700723012 169.781982898712 171.898325284322 172.604183355967 165.514041980108 164.625426133474 164.55618540446 157.045503457387 151.911417643229 153.437982002894 155.044058958689 150.461693604787 147.78936902682 147.381812334061 143.78481109937 141.28702878952 139.322807391485 136.534879604975 130.514522393545 123.525242010752 111.118853092194 116.775631904602 119.751175244649 118.70406071345 117.633094390233 106.159031391144 77.9931445916494 61.0375205675761 55.2531083424886 70.2559798955917 106.198688348134 111.131171385447 99.8270213603973 70.5193430185318 83.1403434276581 92.1416083971659 101.056665182114
155.025700728099 153.066426515579 147.847096125285 144.400040308634 151.727964480718 163.763503233592 166.541635990143 164.055287837982 165.892650683721 170.206884543101 175.869723161062 177.134891351064 174.932400385539 174.761474132538 170.488655567169 169.28776105245 170.756459236145 166.482587655385 160.582880179087 157.480816046397 153.687377770742 152.15203166008 153.290937344233 155.266682306925 150.550345579783 146.318435668945 139.908572038015 130.869418382645 122.122714916865 118.847340345383 116.883635520935 122.309903303782 125.626633564631 136.985798676809 144.71302429835 143.065532048543 129.862874746323 112.991899251938 97.2578326861064 65.7844841480255 75.6455957889557 95.9565043449402 95.7586765289307 83.265408873558 84.2896103858948 102.76194413503 130.975117286046
158.850272496541 157.497425874074 155.474901199341 149.301826953888 149.780591328939 160.926361878713 164.396951595942 164.82080022494 163.296490907669 172.215501467387 180.269122123718 179.293731848399 175.188501675924 176.837960879008 176.429172356923 170.799930890401 172.846496105194 168.697933355967 163.773665825526 161.515603462855 160.138388474782 160.373131434123 157.417645057042 154.11181251208 151.51713291804 146.564324696859 123.960544665654 100.946793953578 96.0699121157328 102.896948655446 114.124874273936 118.924150864283 124.662419160207 130.313207705816 144.275724887848 158.832182486852 163.264433542887 148.562908172607 160.496493180593 110.101848840714 80.723429719607 98.8185405731201 116.381635268529 119.120965401332 120.640059312185 135.701755682627 162.656495968501
157.710015773773 155.38098414739 158.597658077876 157.689223686854 153.824746608734 157.524158557256 165.832171837489 166.394452253977 165.5113697052 171.710034211477 179.510752360026 179.579297701518 174.120942751567 176.302413145701 178.817391395569 168.493787447611 170.77233393987 168.382386366526 165.69330294927 165.023346741994 165.878186623255 165.752987066905 160.694549481074 153.938432534536 153.15122405688 150.601993004481 128.045519193014 104.185531536738 103.684405485789 113.297919432322 124.053428570429 124.733179807663 136.017640431722 145.058254400889 163.187474012375 161.773254474004 158.043622970581 107.882042725881 88.1985624631246 112.848937511444 110.790352026622 125.919550657272 130.434970060984 113.205929597219 101.635873317719 115.831861893336 141.526361306508
145.807633797328 154.096653064092 156.863311926524 158.433934052785 157.423317432404 153.795560201009 166.267265876134 170.235435167948 169.540464878082 172.409017880758 176.394045352936 177.158017953237 176.206509272257 172.937909762065 174.017667770386 170.623381932577 166.468888521194 169.04612382253 170.157194137573 171.893239021301 173.467993736267 169.48256889979 166.082541147868 159.606079260508 158.683111270269 158.047010501226 150.793612003326 144.107977549235 144.063711166382 146.684726079305 145.002901554108 136.394639809926 149.815261363983 163.027316331863 151.390661795934 143.481155236562 107.491711775462 64.6560341119766 49.0767955780029 80.0706247488658 114.479372898738 137.603392203649 131.793349981308 116.759787003199 106.136381626129 111.075590054194 127.372483412425
135.016570488612 150.82973241806 154.52445546786 155.993600686391 158.885369698207 153.909653425217 159.55705444018 169.516523679098 178.16432317098 178.16428343455 175.318082173665 173.998475074768 175.946672757467 173.608541488647 172.96560605367 171.008884906769 165.985961755117 166.865885257721 166.215519110362 163.711051146189 165.647715330124 163.663645585378 162.90416320165 161.944975455602 163.729012012482 168.72109969457 177.18372742335 180.422027905782 165.365795294444 161.548952261607 150.779535373052 137.514928976695 144.594639539719 135.583142439524 103.712419668833 68.4144198894501 65.6988074382146 55.0650854905446 39.582796394825 39.6072616179784 56.6282322009405 100.073079268138 129.481891791026 150.515377521515 167.367895444234 163.37784131368 153.931011756261
