input/barkrak2/radiation/dir26524.grid
NCOLS 85 
NROWS 70 
XLLCORNER 665100 
YLLCORNER 4664600 
CELLSIZE 20 
NODATA_value -9999 
[rows 0 to 19 of 70, columns 0 to 45 of 85]
216.617087523142004 231.432517369588 246.503988901774 264.443377653758 272.617240746816 272.198776404063 263.307293256124 257.391095161438 259.883761405945 260.515550772349 260.633031527201 262.468377749125 261.874556541443 262.530664602915 264.719525973002 257.200479507446 246.825257937113 235.479533672333 229.280193646749 218.835274378459 213.211715221405 226.052006085714 252.275586128235 259.064058462779 261.238634586334 270.500183105469 268.732289473216 255.815843741099 239.820977052053 237.228016058604 233.357807000478 252.309997876485 293.190280596415 292.64630873998 290.993789831797 276.04478597641 281.729420026143 296.457191308339 292.840540409088 292.717893918355 277.843594551086 279.002726078033 290.820221106211 292.087296644847 282.307883103689 285.153329372406
195.53409020106 212.857842445374 227.949817975362 246.371030807495 257.656534512838 261.543154716492 258.268495400747 257.884323596954 267.905553181966 266.438762346904 261.932075023651 262.406766414642 263.015588124593 264.182527860006 263.974567254384 256.247580051422 251.646161079407 242.802421251933 238.177518049876 225.370625654856 227.706611156464 245.418310165405 264.993886152903 266.809145609538 271.900852521261 276.31676197052 269.809246063232 258.611460526784 244.663079579671 238.958557446798 239.793658256531 265.642742315928 294.320364793142 292.881707350413 290.627062320709 277.412573496501 284.257610638936 294.633587201436 291.272282600403 293.714086214701 285.924017429352 279.284159342448 281.176189581553 282.443304856618 279.357691605886 285.866936047872
158.468802769979 171.64812485377 184.374968210856 196.342547734578 210.217853387197 220.619956652323 230.483988920848 244.230588277181 256.363888581594 255.536735057831 254.724303881327 259.287099043528 268.638928731283 272.79927333196 270.151575406392 275.224486986796 276.995182037354 267.951865990957 252.818385759989 242.16902256012 248.475432395935 258.502821127574 266.042232513428 267.581939697266 274.306197961171 272.145628929138 266.058007876078 257.794439792633 248.788952827454 246.091405550639 253.318985303243 279.946545759837 292.034149169922 293.255865573883 289.506812890371 283.475359280904 287.983298301697 291.471481323242 292.214512825012 290.578365325928 284.876724084218 274.307211240133 264.821112155914 265.973289807638 275.858124097188 283.797740936279
139.350861310959 140.912959973017 149.18174346288 155.42138616244 162.560989459356 168.198784192403 176.070292790731 192.685027917226 213.589787483215 231.138567129771 243.780295054118 259.581446647644 271.393716335297 275.795102119446 277.832706769307 282.914519309998 281.063139438629 271.364251772563 256.803969542185 250.652194023132 249.266902605693 248.159448305766 259.246528148651 263.52322101593 265.381038188934 266.49796962738 263.859629631042 259.777247905731 257.166147232056 257.917404174805 259.421368439992 285.038948059082 290.700495243073 291.348516941071 289.177457491557 290.604948997498 291.608452796936 291.780511538188 291.328847408295 283.459146817525 273.578743139903 262.982447942098 258.530974388123 271.917243798574 288.498083750407 282.467047373454
161.760836839676 144.834250211716 131.79944952329 121.842086315155 125.148773193359 141.882956027985 163.58627875646 174.927552541097 185.801486174266 193.481961886088 216.584503650665 240.741034348806 255.377133687337 263.705134391785 268.733402093252 272.140979766846 266.951680183411 257.289131482442 252.693315347036 250.818987687429 245.682875315348 244.080583254496 255.216221014659 259.076019128164 262.157579263051 267.699837684631 265.395700931549 262.035250663757 259.613275527954 257.714629173279 263.09867699941 290.062427520752 291.705250740051 290.908018747966 286.535938580831 287.389755249023 289.522210756938 289.23092285792 280.455867449443 274.473150571187 271.043101946513 267.16270049413 269.681255022685 278.864820798238 283.412257830302 268.302122751872
206.319371859233 177.373846371969 148.77994855245 124.201873938243 115.512430667877 127.138912677765 153.272310892741 171.393374602 175.994555155436 175.192852814992 186.034142971039 200.860063234965 211.458643277486 218.657533327738 228.067497412364 236.624240875244 238.531768321991 240.840355555216 248.195846875509 253.773411115011 253.546357154846 256.909330685933 259.0105732282 258.329431215922 262.356360753377 267.938494682312 266.363620758057 264.729082584381 262.730081876119 262.10355758667 275.470097859701 291.10711812973 290.534754594167 290.808935960134 285.106718540192 282.776931921641 285.374442736308 282.150487105052 272.331774234772 274.553676446279 273.27823638916 269.175748030345 270.80907424291 272.692799568176 265.476942062378 241.768479347229
230.420132478078 204.471131165822 182.651658852895 160.538613796234 138.302107652028 125.525255997976 133.508523305257 163.436671098073 178.039769331614 186.180551846822 183.030883471171 177.685002485911 173.278351624807 169.032136599223 171.383321285248 187.850773334503 200.931191444397 221.966783205668 241.770803928375 254.670659701029 259.713133176168 261.895557244619 261.584897836049 259.203493595123 261.280616124471 263.823449611664 266.280213991801 265.874962011973 264.105836550395 267.802973588308 281.561156113942 289.73925113678 287.392874558767 284.516056378682 281.816860040029 275.701522827148 276.139577229818 270.908415317535 268.462141354879 266.407668590546 260.171592235565 257.849136988322 263.149718443553 267.5874431928 257.397333780924 246.752242247264
241.982499758402 230.326533317566 217.234571774801 200.051367282867 175.510327021281 143.417805433273 122.123062610626 121.918529272079 157.008508841197 183.980107307434 192.085226376851 188.091278076172 178.736746311188 168.153325716654 154.515792926153 158.170560995738 171.621441841125 188.872853914897 214.248657226562 235.291600227356 248.133897781372 256.640791893005 263.000170389811 259.837985038757 258.278807004293 257.757445176442 258.737723032633 259.718060493469 259.757200876872 268.887678782145 278.80585193634 282.796323299408 279.054840405782 274.78688955307 269.33213075002 266.219576199849 268.601775169373 263.170858224233 256.813923517863 244.174261887868 244.724730650584 254.369219144185 269.970854123433 278.650720914205 270.316978295644 267.637093861898
233.642955621084 233.974774678548 228.94299030304 219.701528549194 204.671144485474 180.26735385259 147.782305876414 118.546346823374 133.103271325429 156.527658303579 177.673240502675 188.328345616659 190.849542617798 187.877694765727 174.489796161652 166.115790605545 163.325230280558 168.193956216176 182.801882425944 201.536198457082 219.051241874695 234.31662718455 245.181341965993 242.864429950714 244.672894477844 244.606594244639 245.404263337453 246.857066949209 248.819887638092 258.451541264852 264.410217603048 264.5183801651 262.262245019277 261.789917945862 261.533558368683 262.618819872538 262.470602989197 258.532325426737 251.80979569753 246.244072914124 260.041276613871 273.415525754293 281.604925791423 281.654159228007 270.644942919413 264.767110347748
200.559099515279 211.313943068186 216.908891995748 216.919104258219 213.570376237233 208.431243896484 189.997494220734 169.93393500646 137.163062890371 127.289116382599 141.435831785202 168.118913968404 191.47127866745 203.022658824921 203.999519348145 194.260934988658 178.133984406789 172.498087088267 171.697954336802 174.571712811788 184.155364831289 193.158507347107 204.025904337565 212.906539440155 222.590446472168 225.4984776179 226.114650567373 227.391203244527 230.347494284312 237.052619457245 238.974630832672 239.927450815837 245.973567167918 250.446577866872 254.034181435903 254.718502362569 253.374616305033 256.662368774414 251.572092374166 257.082084814707 275.429348150889 283.213138580322 284.819384415944 281.875928243001 269.502063592275 264.166911443075
141.159802675247 156.496793031693 171.772599220276 184.181253115336 194.865047931671 203.476309776306 204.704999923706 198.091546694438 168.231050173442 140.676627556483 126.047809918722 134.11079843839 162.985036770503 190.422316392263 206.884801387787 196.153283119202 187.549710273743 179.549316565196 170.82154750824 164.373815059662 164.827903111776 165.609935919444 170.295973618825 184.972107410431 199.229677518209 207.740505536397 209.448317686717 210.031688213348 216.556072235107 222.049037615458 225.337704022725 229.079445203145 238.875170548757 243.108113606771 243.319849173228 243.934035301208 248.536646366119 253.56654326121 255.563934644063 268.69656642278 279.192388057709 282.806773980459 282.446920871735 279.541532198588 272.240996360779 272.900482018789
84.9740505218506 93.6208268006643 111.565162738164 125.629842281342 143.188695112864 162.040452162425 181.960622469584 188.872476418813 189.595242341359 174.426694711049 145.940651496251 125.014374653498 127.971192200979 152.309387922287 181.505640347799 185.78310807546 192.482829093933 188.442667325338 177.516003449758 166.047761837641 159.140825271606 156.349529822667 156.572868426641 166.201005379359 176.060418287913 183.054308096568 186.489641666412 190.949400266012 198.445121447245 203.670064608256 208.784540494283 214.389820893606 220.876971880595 223.666131496429 224.570194880168 227.138976256053 238.134483496348 249.43470954895 254.993081092834 267.555395762126 274.069726467133 275.612473487854 272.972901662191 269.141773382823 265.749533971151 265.321175257365
67.2411272923152 58.6914867162704 62.0896071195602 62.9774530728658 69.297581911087 87.3412688573201 131.135572989782 154.342075188955 183.219273885091 191.476186116536 178.734441598256 152.147034804026 122.786263624827 120.454798142115 144.89342768987 174.061338106791 191.010276476542 194.232900937398 188.660899798075 178.367058436076 168.837388356527 168.324987093608 167.39155848821 168.263475100199 169.351836045583 169.195691744486 173.657854398092 183.230598767598 186.962227026621 188.45800558726 194.054702917735 199.800610542297 201.234916845957 202.538152535756 206.158061822255 211.861570676168 224.267601966858 237.530509630839 240.137338638306 249.823172887166 256.3503185908 257.696270942688 256.792485713959 257.722020149231 253.967940807343 254.793802897135
68.8697894414266 45.5382565657298 27.7092158794403 16.1022221048673 10.4310835401217 18.041563530763 33.5039099057515 67.9077009359996 95.407247543335 128.090530633926 151.310503482819 173.075675964355 160.153388977051 136.988480885824 131.595561901728 160.597542921702 179.246544837952 196.835239728292 204.156756401062 199.374953905741 186.624884605408 183.264752229055 179.588437080383 179.120779037476 179.023146629333 177.131672700246 179.872989654541 189.21967347463 189.414223035177 182.289401690165 187.46296564738 193.185448646545 194.683293501536 194.986263910929 198.764006296794 206.542332967122 212.945342063904 219.358762105306 222.829500834147 225.454092025757 231.260557969411 237.604180971781 243.735690911611 250.231941541036 246.415476004283 251.17822488149
75.0984847545624 45.0081576903661 17.8838533659776 8.44550008575122 3.81571737428506 3.99808337291082 20.5807810028394 43.6272521813711 61.2537364164988 91.5343463420868 127.180755138397 151.94712082545 164.52568769455 162.592430909475 145.646512508392 144.085466861725 149.999539057414 165.947735309601 188.765009244283 204.373637835185 204.661945501963 199.125687281291 197.134594122569 192.820866902669 189.585824807485 187.972823778788 189.250608285268 191.819826761882 187.848766644796 182.22588300705 184.711456298828 190.03427028656 189.994911352793 189.781665802002 194.17272011439 197.662631670634 199.316561222076 198.432266712189 202.851672967275 203.847249348958 210.242966810862 218.715985616048 224.236865838369 229.390720526377 231.157044569651 235.765119393667
64.6304786205292 40.5113250017166 16.6472059985002 3.72767013808091 0.56696985848248 18.3002849419912 34.0081403652827 48.30335577329 62.9155337810516 80.401211977005 109.134048223495 144.410192966461 160.457501808802 169.830878575643 164.825658003489 142.384509245555 135.459025700887 142.59926478068 162.718534469604 185.581266880035 199.723203976949 197.650551795959 203.580578168233 199.89550113678 195.768733819326 197.44865099589 199.055751164754 195.049862066905 190.467536449432 192.412316799164 192.010124524434 191.318492094676 187.568505605062 185.647487640381 186.598598957062 185.88133653005 182.766000429789 178.372621536255 181.99880917867 183.850785096486 188.80554040273 195.222417513529 197.893003622691 200.399895509084 213.447372118632 219.833314418793
52.2855371236801 44.2334214846293 23.5342532396317 0.551205749313037 3.86079369733731 17.3760379354159 38.0357503890991 54.2507270971934 68.5670127471288 76.7285178105036 92.2992428143819 123.626420895259 144.632150729497 158.925185600917 164.445579051971 164.441555738449 161.88524166743 154.082695643107 145.892997582754 158.388952414195 180.816531181335 199.774662653605 205.500106016795 203.528046607971 198.139627774556 201.466043790181 207.611918449402 203.801294167837 203.046758969625 208.19350083669 205.681006113688 193.440715471903 186.707139015198 181.471765041351 176.364262898763 175.21067460378 170.177817344666 168.081243832906 169.125060240428 173.043350378672 175.019065539042 178.345660368601 181.784510612488 184.108873208364 203.020572662354 213.249325752258
47.5256741046906 50.9590009848277 38.2294505834579 4.41463446865479 7.99781146148841 26.2003839015961 46.9770580530167 65.8437112967173 80.8513959248861 81.4838906129201 88.8574620087941 106.483002503713 126.545240481695 145.040700833003 162.377089262009 171.532650788625 176.82957649231 168.793876965841 155.672291914622 144.624392191569 154.369413852692 179.256697495778 187.373836835225 196.782767772675 202.166140079498 211.614489555359 218.240241209666 217.172602812449 215.318282445272 218.307932217916 211.901624997457 199.926376342773 190.351943174998 181.620895862579 174.236575762431 171.135008335114 168.099880218506 167.98190275828 167.65966018041 170.06512482961 172.687609990438 173.900286356608 174.278855323792 178.345779577891 190.572579701742 205.505132675171
54.2801469564438 60.8069946368535 59.9631170431773 25.4740218321482 21.2834601600965 45.9768921136856 59.9738458792369 79.2350669701894 93.6433176199595 103.051990270615 110.541264216105 109.120627244314 121.99675043424 131.920953591665 145.565330982208 163.504312435786 172.415653864543 174.574375152588 173.27622572581 161.095430453618 143.946409225464 158.352216084798 165.248254934947 179.69278494517 188.940425713857 199.414253234863 210.074047247569 213.732401529948 220.940927664439 218.986868858337 211.181282997131 204.797347386678 194.896996021271 184.299906094869 178.919772307078 173.213620980581 171.66143655777 168.235222498576 167.639056841532 170.629819234212 174.989839394887 177.00058221817 175.81566174825 178.564667701721 179.761052131653 195.260604222616
58.920552333196 61.5194986263911 71.528951327006 59.9235196908315 48.4510709842046 62.7551972866058 65.8696293830872 78.5173575083415 90.8855795860291 104.631115992864 110.564182202021 107.469419638316 107.208261887232 115.132888158162 129.380603631337 146.440694729487 158.224215110143 164.427181084951 171.200454235077 175.172726313273 167.050262292226 152.506808439891 155.285219351451 163.839876651764 174.231012662252 183.547973632812 183.739284674327 189.465324083964 185.923933982849 189.12539879481 195.215861002604 203.474124272664 194.945375124613 187.23730246226 182.227969169617 176.782886187236 171.999057133993 162.72579630216 160.506357749303 169.798294703166 176.257093747457 178.72154712677 181.748390197754 180.01393477122 176.996688048045 187.215367952983
