input/barkrak2/radiation/dir28024.grid
NCOLS 85 
NROWS 70 
XLLCORNER 665100 
YLLCORNER 4664600 
CELLSIZE 20 
NODATA_value -9999 
[rows 0 to 20 of 70, columns 0 to 46 of 85]
179.588913917541987 195.561210314433 212.366084257762 233.208378156026 243.388772010803 243.809103965759 238.25877904892 232.261161009471 232.330103715261 235.786775747935 234.984695911407 234.27826166153 232.196946938833 232.969840367635 234.79704062144 224.501748879751 211.329023043315 199.903964996338 197.255770365397 185.409009456635 183.993856112162 199.918707211812 226.928452650706 235.011915365855 237.459282080332 249.307374159495 247.861882050832 232.296645641327 217.614074548086 216.232657432556 211.914499600728 233.231981595357 278.507133324941 278.354048728943 273.339529832204 260.944406191508 264.250000317891 279.500603675842 276.52370929718 274.523258209229 264.433344205221 267.093976338704 277.373154958089 274.758716424306 263.871788978577 267.801066239675 274.223685264587
155.414710442225 173.433979352315 188.177406787872 209.58936214447 222.770949204763 230.655630429586 231.440683205922 233.879645665487 242.093125979106 242.557565371195 238.273878892263 235.513667265574 233.955979347229 234.923720359802 234.770198663076 224.280913670858 218.137820561727 208.128352959951 203.350782394409 193.222920099894 198.198119799296 220.502734184265 242.250800132751 245.595375696818 249.140342076619 255.381246407827 249.936938285828 236.206809679667 222.564041614532 218.184113502502 218.991696834564 247.559289137522 279.697378476461 278.765797615051 273.196975390116 263.305068016052 268.205682436625 280.54141998291 276.827871799469 275.618592898051 269.300361474355 268.076320489248 265.465140342712 260.824124018351 257.8404545784 266.606072584788 264.903982480367
117.852379878362 130.429128805796 142.79251297315 156.124542156855 170.727690060933 182.589332262675 194.71933444341 213.24743827184 227.164149284363 229.189117749532 229.908506075541 233.959356943766 241.769850254059 245.705127716064 245.281338691711 248.432755470276 247.716705004374 237.360576788584 220.061103502909 209.423581759135 218.915422757467 234.031716982524 243.867993354797 246.753652890523 251.034061113993 251.000106334686 244.942426681519 235.647181669871 227.076490720113 226.586540540059 235.679884751638 263.952553272247 279.160221417745 278.918166955312 272.822479406993 268.683711687724 274.599969387054 279.41882610321 278.737167517344 274.30252234141 267.104148864746 257.401585578918 244.389851888021 241.63297812144 250.992953777313 265.122373898824 252.775649229685
99.1090436776479 99.4790494441986 106.309811274211 113.749484221141 122.276842594147 128.618597984314 137.504210074743 155.277778704961 177.26719379425 196.027795473735 213.596085707347 231.137216091156 244.028170903524 248.858749866486 252.001027266184 258.687516053518 255.972007910411 244.27072207133 226.550241311391 219.209869702657 218.995134035746 218.708872795105 230.95961411794 239.315311113993 240.123192469279 241.40864610672 241.174876689911 237.365563710531 235.63007513682 238.423546155294 242.309729258219 268.783132235209 277.359008789062 276.909391085307 273.275852203369 274.565736452738 276.753962039948 277.373254299164 274.244030316671 263.377110163371 255.224088827769 242.106119791667 237.44801680247 251.095573107402 266.104479630788 263.121624787648 242.748379707336
121.126234531403 104.398081700007 90.796689192454 80.6677490472794 82.4788163105647 100.685268640518 124.334434668223 136.090735594432 146.673917770386 155.205915371577 179.6635389328 206.347405910492 222.788512706757 232.276280721029 240.221361319224 244.681199391683 239.985585212708 230.636795361837 223.602116107941 220.008015632629 214.966714382172 212.630947430929 224.376698335012 232.125540574392 234.993974367777 241.793652375539 241.877059141795 239.644666512807 238.015174865723 236.612498760223 243.696868419647 272.213776906331 274.454236030579 273.41624101003 271.396040916443 270.754436651866 270.979464054108 269.520322481791 260.241627693176 251.206934452057 249.565243721008 246.428410212199 251.059730847677 261.301040649414 264.008720715841 244.198123613993 215.989470481873
166.707376639048 136.260191599528 107.778737942378 84.2552483081818 75.812170902888 86.2170855204264 112.483888864517 131.910890340805 137.012034654617 136.152476072311 146.825681130091 162.147174278895 173.164963722229 180.639465649923 191.018303235372 201.615850130717 205.618560314178 211.21084690094 219.109058380127 224.595348040263 225.127458572388 227.12779045105 227.813859780629 229.041377703349 233.597338199615 239.352206389109 241.203387578328 242.168565591176 241.354425748189 241.801043351491 256.340801715851 272.614518801371 268.553415934245 268.632054328918 266.155739625295 264.167269070943 264.755686124166 261.141618092855 251.180946826935 251.55516465505 251.219471295675 248.743732770284 250.376383463542 253.484626611074 241.779108842214 214.064657688141 188.234567642212
192.288120587667 165.090829133987 142.499625682831 119.838098684947 98.1043775876363 85.4871571063995 91.0674929618835 122.956027587255 138.573010762533 147.19412724177 143.920550743739 138.713836669922 134.34444864591 129.836877187093 132.045169671377 149.0105787913 163.113296031952 185.870389143626 208.924055099487 223.926266034444 231.028278668722 234.313666820526 232.483307520548 228.623608748118 231.447140375773 234.050611654917 237.668752670288 240.624825159709 241.535405317942 247.284988562266 260.294755299886 268.011510372162 263.282736142476 259.072502454122 255.9574842453 253.32232316335 252.699712912242 248.13324213028 243.858098983765 239.804923534393 234.195788701375 232.872287432353 239.275495211283 246.283769607544 235.888262589773 224.920868873596 237.317641576131
206.419507662455 193.277994791667 179.228206475576 160.781572262446 135.116100311279 103.091677029928 81.4684728781382 79.0058771769206 113.806933164597 144.169966379801 153.388470411301 149.653136730194 140.202681223551 129.173735777537 115.00495672226 118.57279141744 131.860186656316 150.262594223022 176.790754000346 200.12770096461 214.884301026662 226.848661899567 234.606166680654 230.316122372945 228.517572085063 227.440635363261 228.730539480845 230.74330886205 233.120123545329 242.881735165914 254.302740097046 258.334676424662 250.754654407501 245.352983474731 239.900946617126 238.147020339966 242.620269457499 239.055911699931 232.243041197459 215.959330399831 214.703758557638 224.702914555868 242.230296134949 253.633578618368 250.993192195892 250.596662362417 258.412063121796
198.056002457937 198.166191577911 192.288855711619 182.160635789235 166.220724582672 140.13816912969 107.260078191757 78.0591070652008 91.6712482770284 113.824109236399 137.082099914551 149.787078301112 152.934869130452 150.191754102707 135.62356432279 126.367310682933 122.969657182693 127.88321574529 143.084307511648 162.300050258636 181.0648838679 198.472460110982 211.484710375468 209.519028663635 212.75794506073 211.909711360931 213.193754355113 215.271373589834 218.021670977275 228.853642940521 235.505700111389 235.058863957723 231.940746307373 231.064359347026 231.432378292084 233.096222082774 233.579993247986 232.905983924866 227.014660835266 219.969530900319 231.670339902242 245.12904882431 254.400312900543 256.338238716125 248.961567878723 243.713577588399 246.912856896718
134.294191996257 159.988820552826 174.952844778697 180.080393950144 176.567037900289 170.273204644521 150.017440319061 127.181261777878 95.0759847958883 85.8376324176788 99.6188620726268 127.715945243835 152.145763238271 165.059705575307 165.409753719966 154.604355494181 138.214081525803 132.144629955292 130.998551845551 134.591579437256 144.621958335241 154.622375965118 166.238099336624 176.280319690704 186.729391415914 190.398732821147 191.808223724365 193.47866376241 196.540574232737 204.117476940155 205.556710561117 206.647793451945 213.628689448039 218.379636605581 222.855389118195 224.428713321686 223.176042238871 227.603912353516 225.906173388163 233.222683270772 250.17503897349 256.90633058548 258.919755617778 256.240447362264 247.418363889058 242.847959200541 254.228492577871
72.5717842578888 83.9982032775879 105.071445306142 123.460431893667 139.859040578206 158.030400673548 165.788541237513 157.516618569692 126.386056343714 99.0177690982819 84.639569123586 89.8924171924591 117.287456989288 148.65306019783 168.611069520315 157.532691955566 148.446351289749 139.498660961787 130.23579120636 124.328245719274 125.049034754435 126.011182864507 131.473580996195 146.740098794301 161.789278189341 170.950929323832 172.406872113546 173.27880859375 181.698699792226 187.486231327057 191.023071606954 194.947441418966 205.37942647934 209.949731826782 210.482875506083 211.778501669566 217.191338539124 222.25284576416 228.499492009481 244.109054406484 254.781166712443 257.90019830068 257.166763146718 252.893249193827 249.211351076762 250.693837801615 257.896423339844
44.4521407286326 42.9121951262156 43.7894960244497 53.7312577168147 74.0678558746974 88.3781313896179 118.986666202545 122.13729818662 127.964278062185 115.267197291056 93.5536424318949 72.912002603213 75.0217189391454 92.8826729456584 120.467831691106 128.982563813527 143.132706483205 143.014351526896 134.519338607788 124.125729004542 116.84849858284 116.10934138298 116.450289885203 126.779824495316 137.200534343719 144.881228605906 148.547430833181 153.350462516149 160.976539055506 166.301727294922 170.874456564585 178.239464759827 184.765338897705 189.414441585541 189.887225627899 192.931950092316 205.018719037374 217.566192150116 224.428077538808 240.455567836761 248.273452123006 249.448776245117 244.686325391134 240.522662798564 238.869448502858 238.185544808706 244.407514731089
33.6800068616867 29.0719618399938 23.6138999462128 17.1033715208371 13.2212452590466 25.2077654004097 46.5628802776337 67.6104525725047 87.4627629915873 99.9350150426229 98.2177257537842 84.2910905679067 68.155695994695 67.2955811023712 82.4615707000097 105.668922265371 123.796403408051 131.666789452235 133.307764927546 126.501023769379 118.042687575022 121.288925409317 122.348119815191 124.947895606359 127.246916294098 128.738661607107 134.10085439682 143.573939800262 148.055126269658 149.846951166789 155.443171660105 160.891155401866 163.263350725174 165.426860253016 170.116662979126 176.153461138407 189.231097698212 203.754107157389 207.869589328766 219.047784805298 226.839303970337 227.528214454651 226.59703095754 227.781375249227 225.343386332194 226.112941900889 229.30516799291
34.8231270909309 18.2376603285472 6.66182488203049 2.27126308406393 0 0 3.42249652991692 32.1722055474917 53.3826450506846 73.1074512004852 88.2361829280853 97.4480410416921 91.6365881760915 79.569881161054 78.1676868597666 99.1023679574331 112.340132395426 126.084754864375 134.262482325236 138.137678305308 131.291091442108 129.520952701569 130.112151304881 131.907641887665 133.39638710022 132.747173309326 136.124908924103 146.744012832642 147.518535455068 141.726861397425 147.442738215129 153.378754854202 154.540439446767 155.186871687571 159.877012173335 167.712330818176 176.043252150218 182.947953542074 187.8795226415 190.835972627004 197.281002998352 204.284032185872 212.215960025787 219.868103663127 216.169158617655 222.312351067861 222.444772720337
44.7052468856176 19.1902716954549 3.01808925966422 0.386531619975964 0 0 1.2341618227462 17.2549982865651 30.1944762468338 56.2239239613215 85.3293041388194 105.841368436813 116.367191076279 109.116007884343 97.3089734713237 94.1138764222463 98.2772409915924 112.415025631587 129.887382189433 140.10884364446 141.706357399623 139.822701613108 142.610232035319 141.622722148895 141.350239515305 142.125288645426 144.983768463135 148.386428753535 146.260976791382 140.527009963989 143.917749325434 149.63631828626 149.011164903641 149.400442838669 152.996857961019 157.3279996713 158.54557355245 158.018887042999 163.961619138718 166.174391905467 174.462914466858 182.563662528992 190.406839052836 196.21463616689 198.097268740336 203.660090764364 214.537640412649
37.739634513855 22.5139434138934 3.10945572952429 0.000181695857766802 0 0.480267607296507 10.3116917113463 19.6366968254248 31.5471738576889 47.993873556455 74.1052726904551 102.264106273651 121.020962794622 124.39438700676 117.619037628174 96.7396299044291 91.4755364259084 94.3056344985962 108.756085236867 132.471899191538 143.811941146851 143.98800333341 143.618156512578 141.310900449753 140.325993299484 147.620817025503 151.820520559947 149.927039941152 146.628002325694 149.955302476883 149.286717176437 149.256785710653 147.08415667216 143.608113129934 145.35254240036 144.661247730255 141.974955797195 137.68059015274 141.353130340576 143.915305534999 148.745566606522 156.102399031321 160.557170708974 163.642217715581 178.590377171834 185.481687386831 202.884634335836
33.1843768556913 25.8860861261686 7.4561902632316 0 0 2.23573592181007 10.3159478555123 24.3070075909297 36.0966399312019 43.9853817224503 59.5503052075704 87.2501035531362 111.76672577858 124.217023452123 128.589739402135 121.50960167249 118.052800496419 107.262512048086 99.8792151610057 107.894917329152 130.593796571096 143.532574176788 148.22048942248 147.784332434336 139.903684457143 144.889990488688 152.340551217397 152.138421932856 157.123138507207 162.634233633677 162.170271078746 150.919407606125 144.229600826899 139.175941546758 135.096549987793 133.633454640706 129.157523314158 127.595901489258 128.442823886871 132.471183935801 134.724269310633 138.144761323929 140.89689652125 144.961357116699 166.410078605016 177.308996518453 189.452310403188
28.882309794426 28.4767871101697 18.0388353765011 1.10211454777224e-05 0 8.06139533718427 17.8498849272728 33.5969204703967 45.2281932036082 51.9990126291911 58.6253702640533 74.18425877889 93.8953359921773 112.676948308945 125.126739343007 136.767516533534 139.726797739665 131.65020942688 114.827175935109 103.691399097443 113.072295983632 134.80798403422 142.21598704656 146.515289942423 147.928843895594 148.633102575938 152.112613121668 152.677108844121 156.81391954422 157.897184292475 167.176266511281 156.095743179321 146.896680196126 138.519128163656 131.679087877274 129.207770029704 126.329968372981 126.139412323634 126.637011766434 129.312564929326 131.401071945826 132.589638233185 133.311192194621 136.770645777384 149.125754833221 164.784908294678 175.876398881276
30.4262787103653 36.2695331374804 35.0852534174919 6.30651228129864 3.80526638279359 18.3349611858527 29.6453485886256 44.8021988073985 57.5359066327413 70.4263349374135 77.8265943129857 81.6258589426676 88.43927582105 99.3533631165822 116.721202929815 130.904008944829 140.389601389567 142.14809735616 138.698707024256 124.874552090963 108.415315548579 119.699597358704 128.847440083822 139.400482177734 148.526430130005 154.093792041143 153.77884109815 154.559344053268 149.508575598399 142.804433902105 145.099590222041 143.516639868418 136.611590782801 141.303330659866 135.466019312541 130.693932374318 128.586709499359 126.103609800339 125.765283902486 129.522144794464 133.493373791377 134.96987024943 134.70317920049 136.580278476079 137.678891420364 153.298119703929 158.882439136505
31.7331229647001 32.9159597555796 44.7291632493337 31.498613456885 19.1604619224866 32.4150323867798 28.8174996773402 44.5842246214549 56.1906645695368 71.3266382614772 79.5697222153346 76.0678052902222 76.3485978047053 81.7050238450368 95.6747233867645 115.825285514196 125.05911787351 132.135977347692 138.585915168126 139.834692080816 134.799480438232 120.551119248072 121.598770221074 129.770835240682 137.94873158137 148.603975772858 150.420397520065 147.731045881907 144.420037666957 132.662336031596 131.17848833402 122.049510478973 116.185486316681 118.202447891235 116.255720456441 134.131610393524 129.348387320836 120.399296283722 117.208381493886 126.780231793722 133.493363857269 136.456310749054 138.494064410528 136.892894903819 133.670518795649 143.615295489629 145.411709944407
41.7140424251556 28.9080068469048 33.1154813369115 45.7921425501506 39.7871881723404 36.4458908637365 32.7411542336146 41.5328294038773 51.1941015720367 61.3945176204046 68.4427668650945 69.8447773853938 66.7198995749156 71.4602569739024 80.8922350406647 95.8898961544037 107.501169045766 116.532703240712 127.414574225744 142.841279506683 149.920701980591 139.399151007334 137.356698513031 138.268838326136 137.856692075729 139.338920513789 136.587272087733 139.201462268829 135.66713531812 133.564025163651 118.040859699249 100.469966729482 89.3879036108653 79.6047349770864 72.3185141881307 86.4988366762797 84.7051739692688 96.0817039012909 100.601692994436 110.245168209076 114.687025547028 118.426422278086 123.245984315872 122.022678454717 127.656370401382 133.626282215118 136.717269817988
