input/barkrak2/radiation/dir20824.grid
NCOLS 85 
NROWS 70 
XLLCORNER 665100 
YLLCORNER 4664600 
CELLSIZE 20 
NODATA_value -9999 
[rows 40 to 59 of 70, columns 0 to 45 of 85]
315.830926100413 316.78831577301 316.728909810384 318.64728530248 323.910713195801 327.429234981537 329.643944899241 332.273761431376 332.227428754171 323.027571042379 313.762704531352 310.022314389547 308.065156141917 304.895202318827 302.932480971018 301.856299241384 300.226489702861 299.063305060069 294.281999270121 292.535364627838 297.047932942708 300.266941388448 300.743957360586 295.994957288106 292.965829372406 290.265619754791 296.485642592112 296.951989332835 297.157386938731 296.158671379089 293.984134991964 291.020433108012 270.0301806132 268.431345621745 291.70153538386 291.634837786357 281.760017077128 279.811064402262 281.266172726949 273.0420033137 283.23624531428 318.100492159526 325.668811798096 273.295362790426 212.107380231222 172.213355700175
321.476181348165 319.174031416575 319.350918134054 320.400774478912 317.685723304749 315.082987149556 314.661761124929 315.180242061615 317.91756550471 312.699476877848 306.39636516571 307.792127132416 309.430638949076 308.694144090017 306.605378786723 303.974370161692 299.469033877055 305.235703786214 304.906109968821 300.013800462087 300.779223442078 302.567362785339 300.598939259847 301.210820674896 301.400820414225 296.86184724172 298.142333825429 298.706650733948 298.531591892242 298.156420389811 296.999414761861 291.847189267476 276.50664250056 279.992381731669 291.491150856018 282.294750213623 267.027656237284 265.300651391347 271.321932474772 277.830183506012 296.515723069509 309.573372205098 316.312511761983 303.636650244395 255.191127459208 208.014686902364
323.403894901276 321.272730827332 322.893400986989 322.200993696849 317.529678344727 315.240979194641 314.586122830709 312.552253405253 312.020719051361 309.800207614899 307.826161384583 306.741754213969 308.646738529205 311.594804128011 310.394605000814 308.587869008382 305.437207221985 308.563828468323 310.78847249349 304.971257845561 302.373985449473 300.422449906667 296.784241994222 295.854131380717 298.445165157318 294.948101043701 291.490077972412 292.719940344493 294.734597206116 295.925974845886 295.100569725037 288.544376691182 282.479246457418 288.62073024114 289.097984631856 270.689070224762 254.71576054891 259.299596150716 272.691627343496 285.676419734955 294.715344905853 293.506940205892 287.103613217672 284.324069817861 261.850635210673 211.729864279429
313.297589619954 315.341790517171 320.509751637777 318.662206331889 319.402853647868 321.182608604431 320.734779040019 318.521539370219 311.91740433375 309.326012929281 311.835606892904 308.38950475057 309.065719445546 312.22148736318 310.568392276764 309.047381083171 309.031168619792 311.121821403503 310.620148976644 306.028326352437 301.175951957703 298.260569572449 295.427838961283 292.713443438212 294.074257214864 294.25573348999 289.324502150218 290.23281733195 292.730371157328 292.802075544993 289.889971415202 283.832828203837 285.072326660156 288.77204656601 277.959863344828 255.750993887583 250.644485155741 263.951023419698 282.018601894379 286.392688751221 284.919361273448 281.095822652181 273.05273214976 265.562335650126 250.713070233663 217.162231604258
312.85947561264 317.068934440613 318.30902894338 318.343202273051 319.06004746755 320.554892222087 320.968429247538 317.383170127869 314.93620077769 312.646547953288 313.070893287659 311.677734057109 308.496574560801 306.738018989563 306.869626045227 306.160986423492 304.051498572032 308.396657307943 307.28550752004 306.150337060293 302.162329355876 298.213064670563 295.140743255615 296.389102935791 293.427209059397 297.471423943837 298.7353404363 293.839812278748 293.782750765483 291.002114613851 284.643530845642 279.556850592295 279.348174730937 277.200102806091 266.798933347066 252.391298611959 254.571437835693 270.516812801361 284.863253434499 281.286974747976 281.604925791423 273.653825124105 262.433648109436 253.856738408407 246.126512686412 229.517340660095
317.356328169505 319.697280724843 317.777315775553 319.607138633728 318.113386631012 317.693491776784 318.735341231028 318.072259426117 318.573892116547 316.08921289444 314.826389153798 314.620276292165 311.813314755758 307.788372039795 306.266109148661 308.11599890391 304.271022478739 304.287552833557 307.22971757253 305.284599463145 300.752103328705 300.959805647532 297.680755456289 297.455509503682 297.280212243398 296.279748280843 300.224145253499 295.910576979319 292.801976203918 288.197298844655 283.404926458995 278.798679510752 277.479847272237 269.213100274404 256.775955359141 244.085609912872 250.79357624054 268.884281317393 275.72637796402 267.354587713877 272.444029649099 264.490763346354 253.847122192383 255.471428235372 260.306715965271 244.527558485667
317.297200361888 317.69327322642 318.638364473979 319.678664207458 319.378594557444 318.855543931325 320.086896419525 321.238080660502 318.759063879649 318.336963653564 317.972302436829 316.727896531423 313.505431016286 311.663428942362 310.489078362783 312.154173851013 309.255957603455 304.16206518809 306.401034196218 304.77644999822 301.812012990316 299.753248691559 299.856980641683 294.37659184138 299.363354841868 292.097727457682 292.194008827209 290.676752726237 289.137264092763 288.239896297455 283.910532792409 280.061562856038 274.884581565857 267.16544230779 255.540410677592 245.826661586761 252.924462159475 265.834212303162 264.68034585317 265.433331330617 271.122455596924 260.40114959081 257.653633753459 265.29069741567 271.25479777654 256.632367769877
312.712947527568 314.404368400574 317.363619804382 318.094313144684 320.059716701508 320.663710435232 319.585164388021 319.221238295237 319.439629713694 320.81937789917 319.266478220622 316.26832485199 314.486086368561 314.766506354014 311.010162035624 309.50266122818 307.795623938243 300.871948401133 304.017225901286 302.881995836894 299.545725186666 298.88125260671 297.992169857025 291.069249312083 291.082739830017 288.499315579732 284.040570259094 287.892619768779 286.692976951599 284.048755963643 281.977693239848 281.032184759776 273.853242397308 270.192583401998 267.709533373515 257.854302724202 258.947253227234 263.62556219101 266.36936267217 274.015585581462 270.320157210032 262.073040008545 265.558381875356 267.642080783844 265.783905982971 254.21949227651
307.8919450442 310.229778289795 313.303669293721 315.508008003235 319.454868634542 321.396668752034 318.783760070801 317.840377489726 320.739905039469 321.543474992116 319.619139035543 317.409038543701 314.525703589122 314.043740431468 312.549750010173 306.837499141693 306.813359260559 299.400846163432 299.89359776179 302.453458309174 300.846000512441 297.465046246846 295.529961585999 290.975352128347 290.806134541829 291.027267773946 287.312865257263 288.906415303548 291.806280612946 291.963040828705 292.662779490153 290.212790171305 281.293928623199 281.39982620875 277.55073706309 264.780024687449 264.702578385671 268.446405728658 271.747748057048 273.195147514343 263.20477326711 259.541014830271 257.917046546936 253.620465596517 251.259048779806 250.684797763824
307.895064353943 305.493315060933 308.931728204091 314.403096834819 317.291378974915 319.027006626129 319.834431012471 321.677267551422 321.97517156601 319.276690483093 320.602516333262 318.82498661677 316.864053408305 314.221441745758 310.672283172607 306.752304236094 304.371575514476 298.135658105214 299.667298793793 303.105771541595 301.34379863739 297.738174597422 294.333239396413 292.856256167094 289.363344510396 294.182995955149 293.870766957601 292.406499385834 295.875827471415 299.148619174957 301.220695177714 300.597707430522 290.457149346669 288.419365882874 280.96204996109 269.902030626933 265.142579873403 270.863811175029 273.528615633647 262.873987356822 251.635591189067 254.928886890411 254.195849100749 248.233457406362 247.248411178589 251.462817192078
308.124740918477 310.461461544037 311.876932779948 315.621316432953 316.180765628815 315.660218397776 320.534865061442 322.869678338369 322.090208530426 321.078360080719 320.039868354797 320.153335730235 315.779010454814 311.908185482025 309.226512908936 311.762909094493 303.697148958842 301.710963249207 299.642205238342 301.991244157155 301.98601881663 299.347241719564 295.876920223236 296.127676963806 290.095706780752 294.163962205251 295.893768469493 295.684337615967 298.206071058909 302.058339118958 304.674784342448 301.325122515361 292.72715250651 287.081182003021 277.225176493327 266.404767831167 264.959255854289 269.627372423808 267.212013403575 252.252300580343 248.189608256022 259.212215741475 259.104510148366 251.157025496165 248.73407681783 244.655768076579
308.221081892649 315.470159053802 316.187858581543 317.095220088959 315.985083580017 314.824481805166 318.806449572245 321.279684702555 320.328772068024 323.209325472514 318.838497002919 318.604568640391 317.330638567607 310.294528802236 309.398869673411 311.34299437205 304.096539815267 298.943479855855 294.1907842954 297.329008579254 299.685835838318 297.764261563619 295.390864213308 291.821320851644 289.268910884857 289.963662624359 292.757133642832 292.734305063883 293.654243151347 297.423680623372 300.03027121226 300.936500231425 288.878639539083 275.568127632141 247.24950393041 236.760894457499 250.172019004822 261.605640252431 262.600362300873 262.125054995219 267.112294832865 268.171370029449 250.393986701965 243.619879086812 251.789212226868 240.380565325419
309.709032376607 308.892289797465 308.178047339122 308.974901835124 312.721252441406 315.935174624125 315.273026625315 318.300366401672 316.107114156087 318.905293941498 318.325559298197 317.06440448761 315.71884950002 309.47732925415 306.698540846507 305.959701538086 305.917104085286 296.804845333099 292.321622371674 294.328272342682 291.539092858632 293.647348880768 293.157517910004 288.073162237803 288.045207659404 285.30212243398 285.916050275167 286.086281140645 285.440405209859 286.211291948954 287.595331668854 291.221340497335 269.115229447683 242.985606193542 214.574337005615 202.563385168711 216.255605220795 243.538498878479 263.254086176554 262.244085470835 263.509035110474 255.748629570007 240.576565265656 241.037011146545 248.1942375501 226.071874300639
312.798082828522 305.067916711171 301.153977711995 304.236729939779 312.650740146637 317.258477210999 314.562916755676 314.716597398122 316.376944382985 312.393089135488 314.49149052302 313.421984513601 315.002183119456 312.292575836182 306.438346703847 304.345607757568 306.509455045064 298.351446787516 294.212539990743 295.150339603424 293.995976448059 290.80331325531 288.98028532664 287.349383036296 285.965164502462 281.921585400899 280.976672967275 280.74038028717 279.141207536062 275.697588920593 267.010529836019 264.20925060908 243.216872215271 220.000465710958 208.883583545685 200.546860694885 191.587567329407 201.281189918518 219.267209370931 242.954572041829 252.455512682597 242.607772350311 237.030148506165 238.135536511739 229.073166847229 209.826270739237
312.507530053457 307.691295941671 304.024477799733 305.91211716334 310.703972975413 315.420905749003 316.346903642019 310.577352841695 313.401897748311 312.383850415548 313.432216644287 313.270191351573 313.206672668457 314.192990461985 308.3269794782 307.025651137034 306.414981683095 301.569104194641 294.598738352458 297.885517279307 297.668933868408 293.898860613505 291.187345981598 289.340118567149 285.666525363922 284.565130869548 282.459378242493 280.012667179108 276.502807935079 271.65549993515 260.15583674113 256.462772687276 236.084004243215 224.852164586385 227.712213993073 227.972010771434 216.20774269104 204.706152280172 194.947044054667 205.31557003657 226.503590742747 221.968690554301 214.288353919983 205.865641434987 202.03572511673 201.115409533183
314.644237359365 312.740484873454 306.684215863546 301.208555698395 304.966449737549 311.290800571442 312.572916348775 310.537079970042 311.410307884216 312.624831994375 314.81526295344 315.942883491516 314.190646012624 314.786314964294 310.527582963308 306.87427520752 308.435658613841 303.555806477865 298.265079657237 296.527187029521 294.921557108561 294.915715853373 294.217964013418 294.096350669861 290.213863054911 288.021604220072 283.327221870422 276.571055253347 270.349184672038 266.464034716288 264.324863751729 261.972645918528 243.787904580434 240.40154616038 245.31755844752 251.591980457306 258.319119612376 250.90765953064 233.9701851209 203.234533468882 202.723145484924 209.360559781392 206.901411215464 202.303508917491 207.080324490865 216.330170631409
313.912113507589 312.291363875071 309.07795826594 303.963243961334 298.155029614766 306.311706701914 311.355590820312 310.551702976227 307.79488881429 311.871647834778 315.952022870382 315.634369850159 313.95822763443 313.704331715902 311.163584391276 306.253532568614 306.944410006205 304.367164770762 300.099015235901 298.711975415548 297.162016232808 295.311669508616 294.01175181071 292.365292708079 290.244619051615 286.812822024028 271.582543849945 251.972317695618 247.407992680868 252.976596355438 260.291337966919 256.214221318563 244.710067907969 240.489999453227 249.304970105489 261.240820089976 275.940318902334 282.449821631114 273.66574605306 236.22864484787 208.380182584127 215.266505877177 225.388805071513 234.841724236806 243.607044219971 249.598701794942
313.307861487071 310.708105564117 307.71392583847 304.026881853739 297.736326853434 302.755455176036 309.532205263774 311.046878496806 307.34384059906 307.416796684265 312.721312046051 315.25178750356 311.311443646749 310.54029862086 310.405890146891 305.550992488861 305.101275444031 301.900903383891 300.593972206116 300.546069939931 300.007979075114 298.516154289246 296.889841556549 289.450605710347 290.844082832336 289.874076843262 272.791544596354 253.525058428446 250.500063101451 257.833143075307 263.441443443298 257.105012734731 251.585106054942 253.368536631266 267.906387646993 272.830585638682 278.040150801341 255.091408888499 230.434834957123 223.291575908661 232.014536857605 243.233462174733 239.220142364502 230.1939924558 228.85928551356 241.852561632792
302.756985028585 305.959482987722 305.716454982758 304.070989290873 299.759447574615 299.158990383148 308.741370836894 311.255554358164 306.597669919332 303.45610777537 310.170491536458 312.669634819031 312.102695306142 307.862718900045 307.687878608704 306.114455064138 302.013615767161 301.353494326274 302.028755346934 302.379667758942 302.367111047109 299.166142940521 297.423799832662 292.41011540095 291.347126166026 294.547180334727 286.173760890961 281.673014163971 279.643217722575 276.417056719462 274.345934391022 263.278444608053 263.668159643809 264.954288800557 261.557539304097 242.640693982442 223.853270212809 189.948379993439 170.563479264577 207.081357638041 244.992971420288 251.058618227641 232.542355855306 225.099424521128 233.012318611145 245.60018380483
293.7304576238 302.656849225362 303.893725077311 301.94483200709 301.075021425883 296.799381573995 301.688094933828 310.386657714844 311.172425746918 305.963039398193 309.675474961599 310.973842938741 310.529271761576 308.627446492513 307.130376497904 306.700825691223 301.640311876933 298.967242240906 296.080966790517 294.400970141093 295.472741127014 296.46360874176 295.2667872111 293.365756670634 291.25722249349 295.771479606628 298.773129781087 302.531202634176 288.318316141764 283.174554506938 275.098423163096 261.75445318222 261.243343353271 245.336433251699 211.456259091695 188.257177670797 176.610946655273 165.111988782883 157.717357079188 178.873320420583 205.775141716003 228.621562321981 233.600497245789 248.046437899272 277.232070763906 284.750680128733
