input/barkrak2/radiation/dir28924.grid
NCOLS 85 
NROWS 70 
XLLCORNER 665100 
YLLCORNER 4664600 
CELLSIZE 20 
NODATA_value -9999 
[rows 42 to 62 of 70, columns 0 to 47 of 85]
136.340995629629 133.547335863113 135.654340187709 134.27605231603 127.484728892644 123.273233572642 119.571655988693 116.117109855016 115.355749924978 111.677348613739 109.913647174835 108.134249846141 112.681160370509 115.879793961843 115.880946318309 111.857155958811 107.854853073756 112.95289794604 114.66841896375 106.831967830658 105.482359727224 103.678911924362 100.021630525589 101.475149393082 105.808794498444 103.660881519318 100.383430719376 106.7908902963 113.457580407461 116.38817191124 119.059185187022 120.716492335002 131.8385998408 154.701729615529 160.747826099396 142.367204030355 127.167920271556 124.439398447673 125.933955113093 136.569817860921 145.661354064941 148.669064044952 133.646965026855 97.2766776879628 35.2562020222346 1.76894788940748 0 0
120.436410109202 123.286704222361 131.752679745356 128.55389714241 131.508896748225 133.203685283661 132.053196430206 127.291659514109 115.325192610423 113.236745198568 116.842279831568 111.66920264562 111.359228690465 114.844411611557 116.128822167714 112.481127182643 112.96155055364 116.116344928741 116.019725799561 109.831978877385 103.740592797597 101.086636384328 98.353773355484 97.1956849098206 99.8631020387014 105.153808991114 99.7862418492635 102.443794409434 107.869823773702 111.536880334218 111.88946167628 110.743055740992 123.457491397858 141.12114906311 146.178881327311 129.750927289327 124.653309583664 131.049950917562 136.151264111201 137.5832259655 132.200439771016 130.327751239141 123.25115998586 95.251739025116 46.9679882129033 1.96875849117835 0 0
118.955473105113 124.295254548391 127.792378266652 128.31570704778 130.296319723129 132.347067197164 131.889432668686 128.098944822947 122.225145498912 117.60601401329 118.624061346054 116.1088347435 111.734847227732 109.743843475978 108.842889467875 109.567960103353 105.156451463699 111.997177203496 113.207072019577 110.043336947759 105.200618505478 104.545096556346 103.344370921453 103.357096513112 100.345075130463 109.217435121536 112.118979295095 109.271754821142 109.115292628606 109.512031078339 103.948344786962 102.73340344429 112.37237850825 117.570300896962 122.2938199838 122.703740994136 128.065486749013 138.846079508464 143.462230761846 134.361962477366 132.482598225276 125.332176685333 119.56512928009 98.4994173049927 62.6520663499832 19.9164375662804 0 0
125.227709611257 130.384147167206 126.977652311325 130.91853260994 128.83523106575 129.016081492106 130.11027375857 128.744612137477 129.178285598755 123.349408308665 121.355692545573 120.755046606064 115.043660004934 110.778748989105 109.104106823603 112.396786610285 106.808284918467 109.857261180878 114.524066448212 112.4600370725 109.11480585734 108.264436324437 106.62512977918 107.197711865107 107.91552066803 107.442269722621 114.156365394592 112.575779358546 110.610822836558 109.662026166916 106.782108545303 103.114763895671 107.514391342799 107.533365488052 105.87281982104 106.785813967387 115.906933943431 131.315430005391 132.754266262054 118.129889170329 121.096541484197 115.051666895549 112.331906954447 109.489729007085 91.0491744677226 51.7699619134267 11.7434362570445 0
125.373313824336 127.394606669744 129.954487085342 131.771564483643 131.742199261983 130.757401386897 132.915685574214 134.221901496251 130.618840456009 128.152191638947 126.0018547376 125.358800093333 120.662321647008 116.597920656204 115.230719248454 118.410527706146 116.219937801361 109.696219364802 115.56534965833 113.974193731944 111.987660328547 112.387975056966 111.086368560791 107.510954141617 115.457793076833 107.05628991127 108.188281456629 111.961831649144 110.471586386363 111.709167559942 109.138111273448 106.810351212819 105.969528357188 105.8509349823 107.786238193512 106.973886489868 110.332796971003 119.89551782608 121.900647878647 118.492424488068 118.801852067312 110.898753007253 116.146057844162 124.138901631037 115.691244602203 80.6185404459635 38.1010497609774 4.21215655903022
119.459042946498 121.607273817062 127.989013989766 129.5166015625 133.5442562898 134.466409683228 131.535768508911 131.673196951548 130.988985300064 133.347411950429 129.269411166509 125.743369261424 123.41116865476 122.62557943662 119.382798671722 117.767542600632 116.046925385793 108.580907185872 113.471746444702 114.892502625783 111.055672168732 111.112376054128 113.637894392014 107.634872198105 109.524875879288 109.150230884552 102.644681930542 108.127355575562 109.675685564677 110.62361796697 111.831545829773 109.648903210958 105.668395757675 108.868728081385 122.783700625102 125.519831975301 120.219041903814 115.626166264216 120.074848333995 130.904654661814 122.643282016118 113.12069495519 121.33601307869 127.673735221227 120.835383733114 99.3933081626892 58.8962187369665 21.7746049165726
112.122684717178 115.203678607941 121.532082557678 125.103175640106 132.130215565364 135.533144076665 131.732016801834 129.79190548261 133.032997449239 134.518086910248 131.85844818751 127.779394388199 125.214288632075 126.448174317678 122.915248076121 117.003788550695 115.719258785248 108.749767144521 112.650493780772 118.020613988241 115.340173244476 114.471803108851 115.966300169627 113.371133804321 109.138935804367 112.450818220774 108.422060807546 111.896971861521 116.589645544688 121.677547693253 126.647730668386 126.853704452515 116.146137317022 119.509746630987 128.005554278692 139.263610045115 136.192639668783 125.514735778173 123.203386863073 130.674292643865 119.399656852086 111.086378494898 107.568403085073 108.238061269124 106.176952521006 105.099191268285 93.8826501369476 38.9013638099035
110.903153816859 108.384549617767 113.127966721853 122.155080238978 127.791623274485 131.63482149442 134.17993982633 136.881271998088 137.262642383575 132.967342933019 134.551972150803 134.696245193481 130.19206126531 126.674234867096 124.102850755056 118.966788053513 117.818792661031 113.837738831838 117.147922515869 121.922155221303 123.251656691233 122.601578632991 119.124035040538 119.655281305313 114.815980195999 118.60790848732 117.794722318649 120.119949181875 126.82122985522 134.72988208135 143.140415350596 145.382136106491 135.226517915726 128.915309906006 128.868232170741 137.161860863368 144.388973712921 138.727168242137 129.005451997121 118.183195590973 108.487983544668 110.210637251536 108.510464429855 102.660397688548 99.0549325942993 103.860477606455 98.5035200913747 50.7140854994456
111.894349257151 115.35241206487 118.408819039663 125.786592562993 126.193066438039 126.432061195374 135.143597920736 140.004714330037 140.002757310867 138.773868481318 138.716479142507 138.014396031698 133.413136005402 128.170152505239 127.582321564356 130.549232165019 121.948728958766 119.915356238683 121.196687221527 126.837015151978 127.755463123322 124.993403752645 123.216032981873 122.628132502238 117.291152477264 122.267921765645 126.39449040095 127.651472886403 130.984485149384 139.696856339773 151.043464740117 154.934753974279 147.185325622559 134.308685859044 122.928152481715 121.622194846471 135.944585005442 145.494123299917 132.929315169652 111.250380674998 103.166172901789 111.836900313695 115.490774313609 109.857728083928 105.107923348745 101.524084806442 85.1886868476868 57.3021769523621
112.465023994446 123.829623063405 126.399904489517 128.82391611735 126.560966173808 125.814427932103 133.517324924469 139.046291510264 138.233423233032 143.581449985504 140.607804059982 140.112300713857 136.952668428421 131.269544363022 130.020757516225 136.632045110067 130.19468386968 125.796258449554 123.344262440999 126.022318998973 125.07575750351 123.521794875463 122.390468915304 118.678400913874 116.35410785675 120.434780915578 123.798777659734 123.323937257131 124.095509449641 131.600638230642 142.401168743769 155.291895071665 146.352032820384 126.066237688065 91.6407406330109 83.942711353302 104.107598463694 129.37938173612 140.005697806676 137.767016887665 132.589946190516 122.013101975123 105.96031943957 102.801511685054 111.364116271337 103.195418914159 81.1931689580282 68.7276671330134
116.293013095856 114.15700117747 113.870014746984 116.796016693115 124.147723118464 129.072825113932 129.754344622294 135.92137893041 135.848462581635 140.368143717448 140.435506900152 141.894241174062 141.001602013906 136.037528514862 132.7712337176 131.42071167628 134.077042341232 126.080403725306 120.396554470062 118.620495001475 118.089705705643 118.8711921374 120.07682522138 114.222933848699 116.14183584849 113.312880198161 113.587697347005 113.347917795181 113.705535729726 114.350328842799 122.302869955699 132.826705773671 130.065470933914 104.423771301905 69.5837636788686 50.987109541893 50.485298037529 83.9489102363586 118.206769227982 136.755009492238 141.689240932465 124.090820550919 99.8165011405945 95.7494378089905 104.722877343496 94.1324134667714 77.3131350676219 85.9367549419403
120.007564624151 108.755230903625 106.583098570506 112.136503060659 124.414096275965 133.736113707225 133.128345012665 134.234646956126 136.500974496206 136.18869582812 139.124343792597 141.529430945714 143.78892381986 141.507893800735 135.761916637421 132.889270782471 135.204255580902 126.796027024587 121.848563353221 122.647861639659 122.331698735555 119.779686133067 118.063559134801 114.395479361216 113.091399272283 111.612369616826 111.576686302821 110.753417015076 108.082642157873 102.820773919423 96.6510971387227 103.384554386139 103.374689817429 85.9448313713074 70.5509185791016 52.2451202074687 29.3396711349487 29.4284174839656 61.0574136177699 97.0526734987895 121.486524740855 111.906468868256 99.7560024261475 93.7960247198741 87.0325565338135 81.3857565323512 74.7402360041936 96.8192517757416
120.480666557948 114.260226488113 110.783199469248 116.248349348704 126.285135746002 135.118931531906 137.820720672607 134.098986784617 139.061590035756 136.773904164632 141.005704800288 142.497350772222 143.671373526255 145.639449357986 139.367977778117 138.751397530238 138.837764660517 132.293085257212 127.705146869024 129.092226425807 129.032025734584 124.596079190572 120.904465516408 120.963364839554 117.68114566803 117.101450761159 113.789270321528 109.528521696726 105.256021022797 98.3666777610779 88.5280569394429 92.7222669124603 96.1670776208242 96.1821575959523 94.7063763936361 82.6023121674856 54.8260658979416 38.5268454750379 33.9448799689611 37.748746573925 82.4829091628392 88.4018341700236 77.5134315093358 51.9087314605713 51.3980636994044 64.4003003835678 78.993891676267 89.7871851921082
124.315907557805 122.569561004639 117.430746555328 114.670594533285 121.548026800156 133.877883354823 136.345247427622 133.961657683055 135.909656683604 140.674859285355 146.723528703054 147.875865300496 146.495799223582 147.398889064789 143.995553255081 143.183966477712 143.389403820038 139.867812395096 134.388476610184 131.085316340129 128.680050373077 127.573132514954 129.387458165487 130.554815133413 125.987331072489 122.200747330983 115.630755821864 106.251259644826 96.5194602807363 92.1991070111593 91.5957490603129 98.3576575915019 102.205574512482 113.21751276652 120.617121458054 119.911829630534 107.5838804245 85.2487285931905 70.8802789449692 43.9315934975942 53.9092123508453 74.1515060265859 74.2660611867905 61.8978639443715 62.4032864967982 80.4412662982941 107.081115245819 103.981177012126
127.450774113337 126.709322134654 124.671389659246 119.861076275508 120.075205961863 131.033043066661 134.593566258748 134.475499391556 133.427669604619 141.970256964366 151.127417882284 150.037527084351 144.899259010951 147.610425949097 147.857854763667 141.052583853404 144.231031338374 141.632368167241 136.990497509638 134.607980648677 132.262617349625 132.997711499532 130.437284708023 128.934611876806 126.347581545512 119.914313157399 97.3240534464518 75.1250733931859 70.8258251349131 78.0790001153946 88.8661742210388 94.8524375756582 100.43129324913 107.226113478343 121.394962072372 136.998236179352 132.399121920268 127.53971417745 126.249929269155 85.5980416138967 58.4862728913625 76.4292329549789 93.6695039272308 95.3619281450907 96.1124797662099 111.731062332789 140.235155820847 129.057745138804
126.599768797557 124.265213807424 127.628087997437 127.988358338674 123.984883228938 127.2152364254 134.548087914785 135.827203591665 134.687215089798 142.404288053513 150.156756242116 148.940056562424 143.522342046102 146.125813325246 148.925880591075 138.606250286102 140.888869762421 138.750682274501 136.328240235647 138.306478659312 139.479219913483 138.476292292277 134.808490673701 128.144174814224 126.117060581843 121.996422608693 100.865403811137 77.1547257900238 78.0517260233561 87.598184744517 99.6841390927633 100.786626338959 112.1679743131 122.979273398717 129.886130491892 139.631003141403 137.25158572197 81.5854569276174 67.8765674432119 83.4649205207825 86.9011878967285 101.736466089884 106.717129548391 89.5689527193705 77.6333163181941 91.1929905414581 117.704957723618 112.38302787145
114.0991350015 122.735281785329 125.751594702403 128.378689289093 127.27286418279 124.187886714935 135.539501905441 139.613678057988 138.669510682424 143.151809771856 146.716783444087 146.893978118896 145.471066236496 142.492105563482 143.757690985998 139.445573091507 135.420481363932 138.197869062424 139.510492483775 141.336470842361 141.682833433151 137.76828845342 135.92916727066 129.586011171341 130.074799060822 131.235986948013 123.807370662689 117.442140976588 119.550804297129 121.282368898392 117.666343847911 110.67721247673 126.51867667834 133.55153799057 130.310634771983 98.352054754893 87.6374443372091 46.9024976094564 33.0256447196007 47.2986549139023 89.6975795427958 112.170835336049 109.563301006953 94.1177407900492 81.9169282913208 86.1345628897349 102.807700634003 107.472797234853
103.588958581289 120.186676581701 124.105830987295 126.492400964101 129.651894172033 124.981055657069 130.350361267726 139.335254828135 149.24356341362 150.009791056315 146.34253581365 144.359608491262 145.804345607758 143.855591615041 143.482446670532 140.59591293335 135.835190614065 137.192040681839 135.452091693878 131.825109322866 133.822947740555 131.990661223729 130.003601312637 130.431493123372 129.376828670502 134.224633375804 147.976577281952 155.341883500417 142.067939043045 136.245061953863 123.200128475825 110.802272955577 121.051073074341 111.707995335261 61.7294609546661 50.3615041573842 48.3210484186808 38.7448668479919 24.6629367272059 20.217285801967 22.5801443060239 76.0527600844701 106.391459703445 127.364466587702 142.076840003332 137.145489454269 130.557139714559 128.483464320501
105.659782886505 116.263508796692 124.529361724854 126.635531584422 128.355662027995 128.629515568415 122.967650492986 133.82230202357 155.381391445796 153.999994198481 146.358678738276 142.12824900945 144.196381171544 147.431512673696 146.149853865306 142.362515131632 140.233059724172 136.098355054855 128.763854503632 120.23334701856 120.325128237406 123.127400875092 124.033768971761 126.506388187408 126.997023820877 133.893221616745 152.750353018443 162.286301453908 143.466492493947 135.81657409668 116.495996713638 101.009289423625 100.703855355581 92.978576819102 69.167027870814 43.0578788121541 44.6356236934662 58.8122953971227 51.0353247324626 34.2338482538859 22.2487573822339 41.2517935037613 84.5016141732534 116.299092769623 126.89604361852 127.975324789683 120.534012715022 121.281772851944
118.405958016713 121.742775042852 124.4711180528 120.770394802094 113.730410734812 109.815587600072 119.057834148407 125.004341204961 135.663032531738 133.919368187586 131.963819265366 137.044767538706 143.577257792155 144.49068903923 140.102406342824 141.806224981944 141.306658585866 134.408901135127 125.726481278737 118.591964244843 116.714586814245 116.994092861811 119.60314710935 122.117082277934 120.798091093699 127.147217591604 139.066358407338 144.435087839762 138.32018772761 126.782914002736 110.694587230682 93.1040247281392 84.3250552813212 96.6294507185618 89.1109108924866 64.9182051420212 68.8416411479314 105.036338170369 112.384666999181 88.7949268023173 52.3599038521449 40.7473047574361 60.4284505049388 79.3527613083522 67.0567105213801 84.6311350663503 89.7132555643717 94.8126117388407
131.727904081345 127.879699071248 123.981972535451 116.009602944056 104.283839464188 95.827450354894 108.677446842194 108.035822709401 95.8752731482188 96.8273282051086 111.96102698644 125.060101350149 130.200405915578 134.757538636525 138.191163539886 149.14991458257 151.521861553192 141.736527283986 131.463934977849 126.336534818014 122.698525587718 121.260166168213 122.426509857178 120.534976323446 119.556248188019 122.493882973989 126.886149247487 127.929439147313 127.370735009511 104.87178961436 107.780834039052 100.529700517654 91.3304090499878 107.559661070506 110.670864582062 97.4797010421753 89.7613565127055 92.3552711804708 97.1992115179698 95.4388578732808 77.1411756674449 60.6781095266342 60.234268506368 47.4218080441157 38.4477054079374 47.654002904892 68.8542524973551 73.0499724547068
