input/barkrak2/radiation/dir25624.grid
NCOLS 85 
NROWS 70 
XLLCORNER 665100 
YLLCORNER 4664600 
CELLSIZE 20 
NODATA_value -9999 
[rows 40 to 59 of 70, columns 0 to 45 of 85]
203.612685203552 204.997837543488 204.858581225077 206.727206707001 214.60231145223 220.766067504883 224.411944548289 228.291869163513 227.418661117554 212.141970793406 196.727315584819 193.28769048055 190.714557965597 187.898576259613 184.678037961324 183.223744233449 183.874249458313 183.178246021271 177.963217099508 175.710141658783 181.802948315938 187.180320421855 188.43948841095 183.467586835225 180.933197339376 178.591072559357 190.347035725911 193.370759487152 196.345170338949 197.873334089915 197.365204493205 202.198922634125 200.318932533264 206.559697786967 233.696599801381 233.716408411662 222.118377685547 213.628987471263 216.615577538808 225.177427132924 239.751537640889 257.149616877238 222.434560457865 141.599069039027 79.8617303371429 55.1896045605342
211.623549461365 208.550890286764 208.799064159393 207.913994789124 203.497886657715 202.023446559906 200.390001138051 200.288971265157 204.90034421285 195.391913255056 188.249627749125 189.948697884878 192.210455735525 192.652424176534 189.443548520406 187.532047430674 181.917349497477 189.040462176005 189.780116081238 182.89985259374 186.604678630829 187.336186567942 185.837944348653 187.463084856669 189.746757348379 183.913826942444 189.205467700958 194.78714466095 196.501612663269 199.409703413645 200.516839822133 202.135344346364 200.664818286896 216.624538103739 229.568620522817 220.396816730499 203.173398971558 194.549341996511 195.521712303162 207.689623037974 241.651634375254 255.850573380788 240.742484728495 188.741644223531 117.730150620143 78.9171457290649
216.277480125427 212.656517823537 215.250591437022 213.986138502757 206.681450208028 203.427831331889 200.612425804138 195.686876773834 195.845087369283 192.098438739777 190.339803695679 189.444700876872 192.276318868001 196.694811185201 194.897492726644 190.595845381419 188.018639882406 192.649602890015 195.864319801331 187.454243501027 184.136430422465 184.359033902486 180.376350879669 181.538701057434 187.606473763784 183.510382970174 179.820199807485 187.644938627879 192.437450091044 195.111473401388 197.5443760554 196.000456809998 201.887329419454 221.038003762563 225.984752178192 197.448511918386 184.110124905904 188.319087028503 194.71397002538 208.372016747793 219.545463720957 220.847566922506 207.581003506978 181.046565373739 128.566920757294 73.5844771067301
200.995167096456 202.541629473368 210.89909474055 208.744903405507 210.397879282633 212.668021519979 211.484968662262 205.499430497487 195.034841696421 192.602197329203 195.964972178141 191.712776819865 190.780361493429 193.827748298645 195.190131664276 191.186328728994 192.916949590047 194.201350212097 195.731500784556 189.079244931539 182.702263196309 181.792279084524 178.676187992096 177.093704541524 181.453287601471 185.057799021403 179.19780810674 183.353841304779 188.449660936991 190.270046393077 190.051376819611 186.269998550415 196.077426274618 210.101723670959 210.887293020884 186.360458532969 184.997538725535 194.79105869929 204.480608304342 206.88651005427 203.850229581197 201.181868712107 192.775626977285 168.938259283702 126.096298297246 72.5058565537135
198.905527591705 203.039348125458 206.409732500712 207.807759443919 209.615031878153 211.056351661682 211.401363213857 207.911372184753 201.837917168935 197.167019049327 197.615702946981 194.926460584005 189.826309680939 187.581658363342 188.195546468099 187.112132708232 183.772365252177 190.108795960744 193.057219187419 189.477801322937 184.354742368062 183.961033821106 182.367940743764 181.815445423126 180.375635623932 189.213434855143 191.884736220042 188.666462898254 189.763923486074 188.032686710358 183.915774027507 180.188854535421 185.664256413778 188.345750172933 187.528252601624 180.601159731547 188.960194587708 202.427963415782 210.132956504822 202.236890792847 201.001723607381 193.419098854065 180.306851863861 167.036851247152 136.515319347382 94.3267047405243
204.37757174174 207.91232585907 205.710510412852 209.516743818919 207.130392392476 207.277476787567 209.010660648346 206.455012162526 207.460959752401 202.726542949677 200.210750102997 199.443380037944 193.329731623332 189.375142256419 187.231242656708 189.896583557129 183.84309609731 186.11474831899 191.017389297485 190.483550230662 186.932563781738 185.906589031219 185.603181521098 185.701449712118 188.044011592865 185.202320416768 193.94995768865 191.967050234477 191.125214099884 189.260502656301 183.839678764343 179.407596588135 182.7259461085 178.429464499156 167.656242847443 167.177438735962 178.820868333181 196.268816788991 199.402650197347 185.773015022278 190.147439638774 182.616134484609 173.02676041921 175.796071688334 163.924644390742 126.059720913569
203.674753506978 204.487045605977 207.724551359812 210.255245367686 209.16348695755 208.821813265483 210.801124572754 211.456418037415 208.054582277934 204.84713713328 203.515807787577 201.152900854746 197.762250900269 193.327784538269 192.88702805837 195.487797260284 191.018382708232 185.886144638062 191.917856534322 192.07360347112 188.437740008036 188.593029975891 188.532133897146 184.112787246704 191.697299480438 184.954543908437 187.89396683375 189.790348211924 189.22621011734 189.806222915649 187.187254428864 183.149635791779 180.648704369863 177.718838055929 174.356341362 167.563637097677 175.462305545807 186.660706996918 187.844634056091 185.476064682007 187.412917613983 176.893969376882 181.006491184235 189.314961433411 185.913741588593 153.940816720327
197.72611061732 198.999404907227 205.09405930837 207.570493221283 210.210522015889 211.456795533498 209.418714046478 208.496451377869 208.525776863098 208.680788675944 205.585499604543 200.703104337056 199.474434057871 197.890679041545 195.403714974721 193.495472272237 193.095107873281 183.566848436991 188.457330067952 191.725750764211 187.613209088643 187.283039093018 191.005388895671 182.510038216909 185.894588629405 185.612142086029 180.330395698547 185.919145743052 188.361783822378 188.551624615987 188.600520292918 187.034805615743 180.037677288055 182.397166887919 190.253436565399 188.550968964895 185.310502847036 183.216770490011 187.040368715922 196.755210558573 188.487112522125 179.128170013428 186.030069986979 190.618296464284 185.732742150625 162.462790807088
190.024852752686 192.05383459727 198.378801345825 202.736934026082 207.990845044454 211.874663829803 209.21270052592 206.116239229838 209.257980187734 209.66915289561 208.324114481608 202.803174654643 200.960040092468 200.243433316549 197.822213172913 191.825528939565 189.924657344818 183.848063151042 187.406897544861 191.591004530589 191.808005174001 190.27711947759 191.189090410868 186.098953088125 185.505171616872 189.01648124059 184.731841087341 187.900443871816 195.490578810374 198.267837365468 202.312827110291 203.117251396179 192.091186841329 195.086201032003 199.027478694916 199.90869363149 199.463625748952 192.992965380351 191.956122716268 196.072141329447 184.82251962026 177.266915639242 170.843879381816 169.815401236216 169.426639874776 170.01078526179
188.736041386922 186.205923557281 190.179069836934 199.057320753733 203.678886095683 207.747499148051 210.845351219177 211.688081423442 212.18063433965 207.457025845846 209.904789924622 208.26921860377 204.602559407552 200.578570365906 199.24275080363 193.897525469462 190.812031428019 187.204122543335 189.903755982717 195.010542869568 197.829604148865 196.526686350505 192.613542079926 192.071894804637 187.427361806234 193.497220675151 193.933447202047 195.883870124817 202.194492022196 209.35849348704 216.515739758809 218.921184539795 209.568341573079 206.838687260946 201.373755931854 203.161696592967 204.148570696513 203.699052333832 197.695990403493 178.566177686056 173.17807674408 175.423522790273 173.499921957652 165.233115355174 164.682338635127 166.24437769254
189.888040224711 192.244966824849 193.534056345622 200.892488161723 201.27010345459 202.709893385569 210.720737775167 214.191238085429 214.176297187805 211.922287940979 211.707731088003 210.434556007385 206.91845814387 201.192239920298 201.549410820007 203.59472433726 194.643358389537 192.552308241526 193.194190661112 199.232955773671 199.831048647563 198.83668422699 194.926381111145 193.381746610006 188.358028729757 196.809530258179 198.164721330007 201.181133588155 206.010222434998 211.649934450785 222.023149331411 225.575884183248 218.476355075836 208.240211009979 196.472903092702 193.743050098419 200.115422407786 206.442316373189 196.864664554596 172.18029499054 167.87713766098 177.817344665527 177.977383136749 172.101596991221 168.578863143921 163.824160893758
188.323616981506 198.795835177104 201.201796531677 203.236520290375 202.824632326762 200.754284858704 207.92829990387 213.877240816752 212.357342243195 216.819246610006 213.664174079895 213.366945584615 209.590891997019 204.851706822713 201.95202032725 207.972506682078 202.250977357229 194.882988929749 192.008336385091 195.606470108032 196.253498395284 196.288724740346 194.180329640706 190.048078695933 187.319139639537 189.161360263824 193.763295809428 194.609443346659 196.861108144124 203.784267107646 211.3871773084 222.429752349854 214.7403160731 187.584658463796 156.28507733345 148.863255977631 171.08416557312 192.565162976583 200.04403591156 197.777171929677 195.285677909851 189.158797264099 168.330272038778 164.482692877452 173.167506853739 164.498676856359
191.323717435201 188.758889834086 189.271946748098 192.441026369731 200.208306312561 203.242838382721 203.368842601776 208.842655022939 208.783189455668 213.119665781657 212.82970905304 214.938203493754 213.407138983409 206.743597984314 203.236321608225 202.328463395437 203.040957450867 194.387316703796 188.65297238032 188.04786602656 187.505821386973 188.473443190257 188.703815142314 182.510852813721 183.409929275513 180.351535479228 181.819458802541 182.787299156189 182.701388994853 186.96516752243 190.778811772664 201.81530714035 191.160162289937 165.788968404134 130.945493777593 111.520946025848 120.423177878062 153.143674135208 187.472502390544 195.287585258484 199.002961317698 182.466149330139 162.265439828237 159.537106752396 167.839546998342 153.992096583048
196.510871251424 186.313927173615 182.108799616496 188.007354736328 199.046631654104 207.890053590139 205.635984738668 207.914531230927 209.030330181122 207.466661930084 210.726718107859 212.072869141897 214.594006538391 211.072007815043 203.461031119029 202.654699484507 203.962941964467 193.776746590932 188.605586687724 189.948598543803 189.054727554321 185.580452283223 183.686872323354 179.317057132721 178.309480349223 176.63969596227 176.104187965393 176.459014415741 175.063729286194 171.288768450419 162.161906560262 169.975479443868 165.436347325643 145.482510328293 129.667113224665 112.119297186534 93.454788128535 101.406286160151 125.084678332011 159.916639328003 181.017458438873 171.11615339915 161.24086578687 157.1257909139 149.459143479665 139.112442731857
197.862525780996 190.266410509745 186.007618904114 188.848574956258 199.419558048248 206.908027331034 210.363487402598 206.210017204285 210.585256417592 207.422216733297 211.373825867971 211.874842643738 212.500870227814 214.094519615173 206.145962079366 204.900920391083 206.53776327769 198.129216829936 192.489504814148 194.118738174438 194.199522336324 189.579208691915 186.597486337026 185.165365537008 181.102712949117 180.230398972829 178.095658620199 175.433576107025 171.529253323873 164.688368638357 156.976302464803 159.027447303136 157.564381758372 154.557943344116 154.284775257111 144.788642724355 119.790822267532 101.178447405497 95.1736271381378 110.428025325139 144.963522752126 148.140649000804 137.174159288406 123.171806335449 120.406329631805 127.330750226974
201.459765434265 199.08732175827 191.389958063761 187.888185183207 193.483869234721 206.539769967397 208.671530087789 207.604030768077 207.518855730693 211.975614229838 216.419239838918 216.278970241547 215.802311897278 215.040763219198 211.397389570872 209.686716397603 209.676623344421 204.070369402568 199.767231941223 197.184443473816 195.175965627035 193.144679069519 193.37797164917 194.4553454717 189.706285794576 187.27707862854 181.268175443014 170.852382977804 162.199358145396 161.061147848765 160.175979137421 163.264513015747 163.582195838292 171.788732210795 178.661465644836 182.296792666117 175.95249414444 158.901025851568 137.118558088938 105.74213663737 114.523619413376 132.596929868062 131.751954555511 120.372116565704 122.433324654897 139.840304851532
203.88917128245 202.750960985819 199.75624481837 191.667318344116 189.500053723653 202.222724755605 208.193182945251 207.604070504506 206.212004025777 211.733957131704 220.551451047262 220.061202843984 215.344130992889 217.614014943441 215.495546658834 208.701054255168 212.261875470479 207.078437010447 201.824645201365 199.961264928182 198.415418465932 197.345058123271 193.566083908081 191.841661930084 189.364035924276 185.010194778442 165.878693262736 142.382204532623 139.547983805339 145.557592312495 157.463729381561 162.296106417974 162.212312221527 167.246500651042 180.279076099396 196.224888165792 203.019837538401 205.684343973796 194.900929927826 149.11945660909 119.920353094737 136.428197224935 152.905801932017 157.751500606537 161.195228497187 174.823721249898
204.218665758769 201.532006263733 201.843440532684 200.184325377146 193.695505460103 199.311951796214 207.830627759298 209.749420483907 206.022163232168 210.90563138326 218.566000461578 220.665415128072 215.213934580485 217.366913954417 218.737065792084 208.949943383535 209.335724512736 207.923690478007 204.429427782694 204.9374183019 205.2028576533 204.347848892212 199.364344278971 192.7676598231 192.002912362417 191.198945045471 171.829740206401 148.212005694707 144.652148087819 152.220567067464 165.655612945557 168.05891195933 172.701915105184 182.062486807505 196.409503618876 205.898940563202 192.179322242737 168.915172417959 154.692649841309 149.592419465383 150.419473648071 164.038638273875 166.801591714223 151.341249545415 141.187032063802 154.667139053345
194.210728009542 199.776073296865 200.615227222443 201.696872711182 198.04718097051 196.236848831177 208.474258581797 213.875015576681 209.902087847392 211.40460173289 216.387550036112 220.235864321391 217.924833297729 213.27018737793 215.500752131144 211.089352766673 206.302841504415 207.262873649597 208.9497645696 210.234999656677 211.220781008402 207.210421562195 205.262859662374 198.863208293915 197.919170061747 198.520322640737 193.252603212992 184.989392757416 181.124786535899 184.803466002146 182.775179545085 177.591303984324 185.616989930471 196.53840859731 185.955047607422 175.816416740417 157.694846391678 109.563181797663 86.8821342786153 118.884801864624 156.418065230052 174.12281036377 166.88597202301 153.167615334193 146.906137466431 154.768367608388
183.223565419515 196.896215279897 199.537475903829 200.541396935781 201.249003410339 197.573920090993 203.491012255351 214.159429073334 221.192379792531 218.029499053955 218.653897444407 218.81115436554 219.307581583659 217.238386472066 216.140766938527 213.285346825918 209.115107854207 208.348135153453 205.776512622833 203.491489092509 205.310503641764 204.359571139018 203.403194745382 201.917290687561 203.222552935282 209.377964337667 217.936058839162 218.870798746745 204.443236192067 201.061546802521 189.365188280741 179.073731104533 181.133091449738 172.28627204895 142.304678757985 99.5495319366455 95.7425038019816 84.3154887358348 73.32743704319 81.3647409280141 102.489600578944 139.66644803683 165.240228176117 186.324497063955 207.569698492686 207.128822803497
