input/barkrak2/radiation/dir24224.grid
NCOLS 85 
NROWS 70 
XLLCORNER 665100 
YLLCORNER 4664600 
CELLSIZE 20 
NODATA_value -9999 
[rows 20 to 39 of 70, columns 0 to 45 of 85]
112.415095170339 101.561347643534 110.5943719546 140.019367138545 137.024720509847 115.77832698822 108.658611774445 118.759284416835 131.026307741801 142.205854256948 154.85617518425 159.483244021734 159.348090489705 163.240035374959 171.234885851542 189.235130945841 202.409327030182 211.996515591939 229.384779930115 244.376381238302 253.211279710134 246.016879876455 248.726367950439 253.505388895671 255.340218544006 258.368929227193 255.427281061808 251.774768034617 256.906608740489 261.020402113597 256.156881650289 241.82790517807 226.732730865479 216.363787651062 212.127685546875 218.412001927694 218.045810858409 220.255295435588 225.229064623515 229.550242424011 230.939984321594 230.385184288025 233.710030714671 226.281881332397 232.15385278066 237.371206283569
144.499878088633 134.981761376063 136.244634787242 166.583508253098 164.297600587209 120.403150717417 118.366559346517 129.601130882899 138.262321551641 144.44570740064 150.150756041209 154.7016898791 156.04829788208 152.019043763479 159.264961878459 170.430243015289 188.730994860331 197.812438011169 211.283286412557 224.514524141947 233.494917551676 245.060463746389 250.607212384542 247.158368428548 239.373584588369 226.415197054545 219.156781832377 216.830293337504 221.547365188599 213.608543078105 200.044671694438 174.253980318705 167.829056580861 159.854680299759 164.693037668864 185.977657636007 194.942653179169 212.476491928101 223.992606004079 225.244005521139 222.189048926036 221.160252888997 214.548508326213 195.719679196676 220.260262489319 231.136302153269
190.818806489309 190.996865431468 180.322666962941 186.658342679342 186.67471408844 145.280381043752 143.604387839635 137.896994749705 135.602901379267 139.036595821381 149.797807137171 156.379590431849 157.345235347748 158.805847167969 159.152408440908 165.811677773794 178.353289763133 192.124605178833 201.150377591451 202.029764652252 207.79412984848 222.104867299398 233.730673789978 236.39456431071 234.331429004669 226.846079031626 212.920467058818 201.718330383301 206.316649913788 193.290650844574 167.495926221212 121.302088101705 92.1636919180552 83.3388368288676 119.850049416224 143.98733774821 168.425917625427 191.99017683665 206.289410591125 210.677742958069 214.182118574778 216.083685557048 190.110663572947 164.092014233271 196.877280871073 227.374573548635
223.355253537496 218.295653661092 196.731448173523 192.789316177368 191.901167233785 183.224280675252 164.766391118368 144.728233416875 131.947418053945 133.414953947067 147.971520821253 157.905926307042 160.848399003347 170.09965578715 168.789585431417 168.849507967631 178.033848603566 189.539313316345 196.536242961884 187.54239877065 186.642646789551 192.63352950414 204.071323076884 214.218020439148 217.637101809184 214.330414930979 206.274370352427 189.759989579519 171.747803688049 143.17661523819 116.513828436534 91.7709072430929 52.5278647740682 18.3687334259351 20.306342591842 50.7319370905558 92.4615462621053 125.238557656606 150.425006945928 163.858314355214 167.612016201019 152.974476416906 147.927204767863 177.143375078837 185.158451398214 216.014444828033
218.188484509786 216.929197311401 208.471894264221 195.771157741547 183.307925860087 182.81098206838 168.550213177999 156.607568264008 143.695831298828 138.436744610469 144.190520048141 155.144552389781 160.23983558019 171.300888061523 169.769485791524 170.478940010071 178.178826967875 188.259700934092 193.972110748291 186.277111371358 185.490489006042 183.25008948644 190.78387816747 196.847935517629 198.392748832703 196.624716122945 190.058787663778 175.772527853648 154.366860787074 109.805206457774 93.3229128519694 89.1077915827433 64.6037459373474 17.2514220078786 13.1698374946912 35.5586931109428 56.3101917505264 75.9988526503245 97.328652938207 117.455472548803 109.519640604655 102.23521788915 123.178829749425 202.572683493296 205.707271893819 220.240632692973
206.749856472015 211.809953053792 214.681704839071 198.111613591512 184.146920839945 182.903071244558 180.264015992483 184.358060359955 180.236677328746 167.131682236989 162.359575430552 169.619997342428 173.852225144704 182.797610759735 183.178861935933 177.040139834086 178.774734338125 189.201573530833 193.617582321167 198.499838511149 201.406955718994 197.162012259165 191.328644752502 187.76394923528 188.676873842875 186.769902706146 178.342560927073 168.471276760101 143.03598801295 123.438100020091 119.792759418488 132.253269354502 128.722459077835 71.2972730398178 42.9326444864273 53.4196694691976 59.6943795681 68.2489722967148 87.037056684494 84.6503873666127 79.0903965632121 85.411528746287 131.650656461716 202.032407124837 220.366259415944 227.34534740448
206.962704658508 211.372991402944 214.977602163951 202.763855457306 199.924449125926 201.093713442485 204.544901847839 207.623143990835 213.010211785634 205.739180246989 187.447746594747 192.398885885874 192.369759082794 199.323753515879 197.08772500356 185.541232426961 183.314740657806 193.737884362539 200.685799121857 213.556389013926 216.156840324402 213.04706732432 200.852572917938 191.936453183492 188.986659049988 189.884126186371 180.520931879679 174.718042214712 155.088424682617 157.746871312459 173.899571100871 199.452579021454 207.34711488088 200.226803620656 142.809391021729 79.7207256158193 74.7282207012177 76.8162806828817 88.7242654959361 85.2235158284505 97.3559419314067 136.271377404531 167.269825935364 195.219397544861 219.220717748006 224.13957118988
210.216204325358 207.128246625264 209.303140640259 204.701622327169 228.698551654816 223.799010117849 223.583241303762 219.237764676412 222.475349903107 220.230162143707 202.121456464132 197.242101033529 199.175556500753 201.699157555898 205.179572105408 199.156800905863 194.445490837097 200.490931669871 214.251498381297 218.853076299032 216.674347718557 205.123623212179 202.525317668915 201.374133427938 200.054367383321 196.389337380727 191.376845041911 187.04084555308 184.75083510081 196.873784065247 213.946660359701 227.208654085795 232.763608296712 245.40634950002 233.207861582438 142.332633336385 96.1013833681742 84.8599076271057 80.7478924592336 90.0089641412099 132.733156283697 206.195215384165 188.818335533142 182.498256365458 196.317613124847 201.924701531728
210.047245025635 198.899706204732 201.676726341248 210.583647092183 249.148190021515 233.508268992106 220.447679360708 210.072894891103 209.843436876933 207.24759499232 197.949210802714 189.803918202718 198.559165000916 201.146463553111 206.128100554148 209.16481812795 205.628991127014 199.906766414642 209.65979496638 210.962295532227 207.843621571859 199.923932552338 199.356059233348 205.783843994141 205.847044785817 197.634279727936 197.686930497487 193.572739760081 191.504220167796 209.840734799703 229.393184185028 243.902484575907 247.90894985199 248.235325018565 255.606234073639 213.640888532003 112.053771813711 71.9490349292755 60.0109100341797 74.6623277664185 146.99591199557 194.241543610891 176.950414975484 151.546508073807 156.81724747022 162.546426057816
206.539670626322 190.971473852793 196.128209431966 220.380822817485 248.603502909342 231.115559736888 205.017924308777 186.170399188995 175.746997197469 170.857071876526 173.194885253906 177.150130271912 191.447039445241 201.829393704732 204.877495765686 212.428092956543 211.465001106262 197.477698326111 198.30314318339 200.025856494904 200.230360031128 200.631101926168 200.930933157603 204.402486483256 206.579466660817 203.029672304789 205.981512864431 199.87416267395 197.953402996063 215.323885281881 238.549331823985 254.575490951538 252.284089724223 250.171363353729 260.768055915833 261.370817820231 202.145616213481 112.886726856232 83.7107797463735 91.8403267860413 126.291394233704 145.763605833054 156.948228677114 126.086920499802 120.972812175751 128.515094518661
199.495573838552 205.87146282196 235.458890597026 280.709862709045 274.081826210022 237.55007982254 198.246598243713 166.279097398122 154.108097155889 163.953443368276 159.124453862508 158.536275227865 181.974907716115 202.198147773743 210.582335789998 218.070328235626 216.630299886068 204.994181791941 201.821903387705 202.711681524913 199.584325154622 205.589731534322 207.897206147512 207.52348502477 209.993541240692 214.68847990036 213.288823763529 210.125188032786 207.445959250132 224.619229634603 246.838212013245 258.798281351725 254.525204499563 259.17245944341 267.795443534851 272.320747375488 269.738554954529 242.806255817413 162.758767604828 120.103379090627 108.609110116959 110.891272624334 126.722186803818 120.572368303935 115.45463403066 137.994825839996
217.92737642924 251.969754695892 288.952092329661 305.712739626567 315.288325150808 277.510861555735 229.227185249329 189.904530843099 177.010695139567 187.943339347839 180.136978626251 166.688938935598 178.057452042898 199.576278527578 215.308487415314 220.020294189453 217.019379138947 214.733421802521 205.42848110199 205.770333607992 207.310358683268 211.387495199839 212.786217530568 211.970686912537 214.099168777466 225.03936290741 224.840561548869 227.082073688507 225.413203239441 236.369013786316 250.733276208242 259.468992551168 262.190282344818 269.713083902995 275.742471218109 267.509400844574 268.325746059418 282.939632733663 242.59889125824 164.249469836553 119.083742300669 113.429447015127 116.132686535517 127.526779969533 143.829315900803 171.992103258769
268.813192844391 294.477740923564 303.381721178691 299.919982751211 313.912173112233 314.377208550771 288.59023253123 253.908356030782 226.846138636271 221.549491087596 220.569968223572 195.359170436859 181.905309359233 197.21265633901 216.4319952329 222.076535224915 218.417207400004 221.153457959493 209.268450737 206.182201703389 211.019277572632 212.883591651917 213.412284851074 212.972939014435 216.377894083659 228.640298048655 232.790430386861 239.220400651296 237.502197424571 238.805532455444 253.082474072774 263.985216617584 263.134558995565 262.233674526215 265.013178189596 254.396498203278 256.105283896128 260.57497660319 234.389821688334 187.117278575897 152.383834123611 135.67786415418 125.166326761246 131.03790084521 145.868192116419 177.544395128886
291.430413722992 299.87096786499 296.487430731456 288.193345069885 293.016533056895 306.933184464773 308.199127515157 286.441445350647 259.816030661265 246.805806954702 247.406383355459 230.68638642629 206.807315349579 206.40895764033 216.3099249204 218.959907690684 214.075783888499 216.707468032837 209.37450726827 210.172196229299 209.951678911845 211.498359839121 209.713101387024 208.273033301036 216.495712598165 226.320783297221 235.729495684306 236.583669980367 237.792372703552 244.664152463277 256.354530652364 258.115430672963 246.242761611938 239.089707533518 242.662946383158 223.39387734731 222.099741299947 212.899446487427 186.049938201904 168.513298034668 180.366317431132 168.513735135396 148.575514554977 136.829723914464 136.776526769002 155.449012915293
297.461032867432 297.711431980133 301.332473754883 292.154729366302 288.374960422516 296.472708384196 310.474137465159 308.308561642965 281.744837760925 259.044349193573 251.233081022898 245.340784390767 234.121759732564 221.472998460134 218.462685743968 219.406465689341 214.540938536326 213.382065296173 213.239789009094 215.645670890808 211.264411608378 209.658265113831 210.517048835754 212.149421374003 216.60965681076 222.943822542826 230.28568426768 229.630589485168 233.192920684814 245.408574740092 253.76425186793 246.256649494171 233.059465885162 232.106824715932 225.339392820994 208.180526892344 211.223324139913 209.459404150645 200.384338696798 193.621973196665 201.320827007294 206.741054852804 188.62251440684 169.061064720154 151.565929253896 141.03494087855
307.847599188487 307.330449422201 311.552405357361 307.979961236318 300.947626431783 301.265398661296 310.60924132665 317.182600498199 293.467740217845 265.174508094788 248.54322274526 246.409674485525 251.331965128581 233.705163002014 224.127809206645 226.597388585409 221.744338671366 213.296035925547 218.57887506485 219.766795635223 217.889845371246 213.766694068909 216.95868174235 220.321834087372 217.922925949097 222.900589307149 226.034641265869 223.576168219248 228.433648745219 244.250436623891 248.515367507935 241.0662372907 235.432644685109 236.589074134827 220.578869183858 213.965217272441 219.705621401469 224.345187346141 228.029986222585 223.551054795583 194.217205047607 192.758480707804 183.598617712657 167.227109273275 150.316099325816 124.450355768204
308.810293674469 309.300422668457 312.547266483307 310.988942782084 304.022590319316 299.945195515951 306.747853755951 316.813747088114 297.999322414398 263.84715239207 250.454028447469 247.998913129171 249.668598175049 235.975464185079 224.107642968496 229.405721028646 231.826980908712 221.467832724253 223.787685235341 226.742625236511 227.753678957621 222.339292367299 222.231646378835 223.73354434967 222.779889901479 222.021877765656 226.153333981832 230.867544809977 234.114944934845 243.914286295573 248.893658320109 244.564533233643 237.708409627279 236.719886461894 220.152080059052 223.278085390727 227.11056470871 231.776853402456 233.168482780457 222.249229749044 170.309702555339 144.362896680832 131.494522094727 121.392448743184 114.760547876358 106.923003991445
303.19490035375 307.476719220479 312.082012494405 309.960583845774 304.703871409098 303.490897019704 308.14790725708 314.814349015554 307.745655377706 276.033182938894 258.312622706095 247.821231683095 239.810983339945 230.415364106496 222.101390361786 226.878464221954 238.986392815908 231.050054232279 227.778414885203 228.82886727651 230.240364869436 225.631515185038 222.296277681986 223.474542299906 224.011441071828 222.858150800069 225.123365720113 233.765403429667 236.33470137914 240.493814150492 246.604979038239 247.525493303935 240.367154280345 226.333439350128 213.624318440755 231.07115427653 239.442527294159 239.76876338323 233.291486899058 226.546982924143 164.113571246465 107.824712991714 86.182564496994 75.5549271901449 73.641965786616 80.0513724486033
282.516320546468 290.841142336528 296.247065067291 297.452827294668 299.73707596461 305.953860282898 310.766478379567 313.156922658284 310.541828473409 290.188848972321 274.266938368479 255.496104558309 239.883283774058 237.188537915548 230.13840119044 222.198307514191 234.42010084788 233.626087506612 226.972579956055 226.489663124084 226.757566134135 222.923874855042 218.832671642303 221.160292625427 222.639461358388 226.024468739827 224.680483341217 230.315764745077 235.636949539185 236.449499924978 242.729703585307 248.641649881999 236.737767855326 212.965746720632 219.275077184041 246.053318182627 250.687777996063 244.754274686178 233.758707841237 233.891487121582 210.767865180969 138.765176137288 87.727963924408 71.8003213405609 70.1418866713842 65.983772277832
254.571874936422 260.528604189555 260.211865107218 268.339375654856 280.681391557058 293.294688065847 302.632053693136 308.884739875793 308.539986610413 293.78483692805 271.095633506775 248.65186214447 236.718833446503 234.084169069926 230.812668800354 224.500795205434 229.027350743612 227.301557858785 222.510834534963 218.737244606018 223.138709863027 225.51017999649 221.750775973002 218.332648277283 218.627154827118 219.911555449168 224.904378255208 228.777368863424 232.519964377085 233.185648918152 234.762450059255 241.218586762746 229.036211967468 215.269029140472 242.725491523743 259.463051954905 254.371106624603 247.22945690155 240.657091140747 245.659470558167 263.352831204732 243.153929710388 167.812605698903 115.572174390157 84.5725337664286 65.2764240900676
