input/barkrak2/radiation/dir27524.grid
NCOLS 85 
NROWS 70 
XLLCORNER 665100 
YLLCORNER 4664600 
CELLSIZE 20 
NODATA_value -9999 
[rows 42 to 62 of 70, columns 0 to 45 of 85]
168.781538804372 165.099521478017 167.871117591858 166.510611772537 158.939341704051 155.485947926839 152.531037727992 147.726198037465 147.950390974681 144.170145193736 142.364899317423 140.222330888112 144.826064507167 147.894938786825 147.852818171183 143.61959695816 139.363666375478 146.03716135025 147.661626338959 139.385282993317 138.024985790253 136.169989903768 133.857647577922 135.332663853963 139.80108499527 135.835627714793 132.308602333069 140.377620855967 145.633965730667 150.141477584839 151.240130265554 152.262181043625 161.110321680705 183.202624320984 191.511829694112 166.27370317777 151.762505372365 149.527360995611 154.329667488734 166.537523269653 175.102353096008 172.539750734965 163.020799557368 129.823933045069 71.0000892480214 19.0555453300476
152.505139509837 154.339889685313 163.208852211634 160.909036795298 162.885367870331 165.298064549764 164.044857025146 157.972315947215 147.000372409821 144.698937733968 148.24237426122 142.564137776693 143.394281466802 146.776169538498 148.126145203908 144.242813189824 146.137664715449 147.700091203054 147.483140230179 142.688353856405 136.312166849772 133.518517017365 132.086177666982 130.855570236842 133.564074834188 137.397050857544 131.686230500539 135.927259922028 141.416728496552 145.105630159378 143.732249736786 140.896240870158 153.398056825002 170.630554358164 169.984141985575 154.451022545497 149.244407812754 158.109317223231 164.061725139618 165.747453769048 161.501586437225 155.483782291412 148.815979560216 121.613005797068 74.862947066625 18.9773576955001
150.285323460897 154.900252819061 158.444772164027 159.904778003693 160.7659359773 163.573125998179 163.939903179804 159.105410178502 154.048144817352 147.960772116979 149.987677733103 145.870496829351 142.448882261912 140.305538972219 140.798439582189 139.995654424032 135.097056627274 143.494188785553 144.69313621521 141.242871681849 137.865354617437 135.703643163045 135.871966679891 135.727375745773 132.490088542302 141.611099243164 144.518186648687 143.161118030548 142.740567525228 141.404052575429 136.522402366002 134.745597839355 141.221096118291 147.067755460739 148.203531901042 147.76956041654 152.567923069 166.723052660624 171.164214611053 162.363429864248 160.657902558645 150.772631168365 145.202696323395 125.043451786041 90.0030036767324 45.0606644153595
156.098475058874 161.170780658722 157.69217411677 161.718825499217 159.394244352976 159.547279278437 160.265584786733 158.894906441371 159.988900025686 153.747429450353 152.708182732264 150.540888309479 145.93897263209 140.319089094798 139.814873536428 142.856568098068 135.235647360484 139.624863862991 144.538670778275 142.242799202601 138.766477505366 139.505048592885 137.581209341685 139.706244071325 140.312929948171 139.723807573318 146.626442670822 144.863128662109 144.21675602595 142.849256594976 138.07538151741 135.169158379237 138.182610273361 133.366723855337 131.992677847544 132.517457008362 141.417404015859 156.186292568843 157.682925462723 143.879989782969 147.315084934235 140.969862540563 138.199230035146 135.597209135691 117.593626181285 78.4003436565399
155.390232801437 157.537966966629 159.83510017395 162.503242492676 162.596493959427 161.186963319778 163.291315237681 164.2098625501 160.599519809087 157.513002554576 156.194766362508 154.0167927742 148.974319299062 146.123379468918 144.199977318446 148.765057325363 144.610404968262 137.621402740479 145.515789588292 143.841902414958 140.287905931473 142.276128133138 140.572011470795 136.403938134511 144.286294778188 139.355043570201 140.446692705154 142.682125171026 144.013851881027 143.523643414179 141.660133997599 139.033585786819 137.424608071645 135.285089413325 133.813679218292 132.789234320323 136.347929636637 145.494918028514 147.37194776535 146.087567011515 144.554038842519 137.263556321462 141.88673098882 149.569004774094 141.661167144775 107.746183872223
150.103469689687 151.767710844676 158.159871896108 159.642140070597 163.71676325798 163.995762666066 161.827613910039 161.048571268717 161.080092191696 162.932157516479 158.369123935699 153.488417466482 152.208169301351 150.887489318848 146.848917007446 146.72131339709 144.636919101079 135.202060143153 140.226016441981 143.457313378652 139.429281155268 139.275630315145 143.105963865916 134.821226199468 136.393308639526 138.136814037959 132.996708154678 137.134611606598 140.058547258377 140.975842873255 143.185635407766 143.151303132375 136.959264675776 139.591405789057 148.712267478307 150.733013947805 146.297375361125 141.904801130295 145.698408285777 156.615436077118 148.727625608444 139.45010304451 146.943042675654 152.911444505056 146.520058314006 125.966976086299
142.117977142334 145.63325047493 151.105294624964 155.561149120331 161.433190107346 165.530025959015 161.58456603686 159.632921218872 161.907563606898 164.019823074341 161.173323790232 157.042900721232 153.826981782913 153.388450543086 150.929768880208 144.88277832667 143.205195665359 135.453462600708 140.983154376348 145.23916443189 143.710801998774 142.375608285268 145.39368947347 140.633841355642 135.99822918574 139.746556679408 135.667542616526 140.85931579272 147.141834100087 150.672058264414 157.090872526169 158.522397279739 148.18133910497 151.535640160243 160.083721081416 163.219273090363 161.56334678332 153.533965349197 151.197890440623 155.765424172084 145.895977814992 137.792348861694 135.26048262914 134.386320908864 132.394373416901 131.381203730901
141.775081555049 139.192452033361 143.62766345342 152.794261773427 158.013840516408 162.1306737264 164.37225540479 165.647765000661 166.328688462575 161.635637283325 164.18719291687 162.841349840164 159.130891164144 155.247549215953 152.308642864227 148.513048887253 145.722130934397 140.731702248255 143.737693627675 148.878912130992 151.731411616007 150.692860285441 146.913717190425 146.831780672073 140.093743801117 144.245088100433 146.77506685257 146.948993206024 155.704210201899 161.514093478521 171.749472618103 173.709571361542 165.015538533529 160.268038511276 160.617887973785 165.609816710154 168.405989805857 165.233900149663 155.741771062215 143.904079993566 134.833544492722 136.691520611445 135.073244571686 129.462699095408 125.570823748906 130.263427893321
143.534630537033 145.536343256632 148.692945639292 155.152479807536 156.652311484019 156.860113143921 165.4059390227 169.600069522858 169.588367144267 167.719066143036 167.561491330465 166.529128948847 161.465326944987 155.794243017832 156.215528647105 158.731172482173 149.753987789154 146.444131930669 147.369831800461 155.272354682287 156.055788199107 153.085291385651 149.34907356898 148.15499385198 142.997950315475 149.572749932607 153.441299994787 154.436846574148 157.41898616155 168.222149213155 175.097326437632 180.866499741872 175.000349680583 162.30704387029 153.182138999303 154.813239971797 163.426905870438 170.560816923777 159.511834383011 137.398540973663 129.407038291295 139.022012551626 142.499427000682 137.211908896764 131.387193997701 127.908885478973
143.660962581635 154.135684172312 156.680295864741 158.679644266764 157.645752032598 155.931452910105 162.712196509043 168.96120707194 167.722900708516 172.698497772217 169.554690519969 167.880237102509 165.567417939504 159.304559230804 156.973868608475 165.027797222137 157.274752855301 150.948743025462 148.223350445429 151.534001032511 153.884122769038 152.105460564295 150.447388490041 144.552946090698 141.975859800975 146.110713481903 148.968239625295 150.040209293365 150.347808996836 157.669524351756 166.086455186208 179.481168588003 175.375163555145 152.647892634074 119.071751832962 111.976762612661 132.675915956497 155.696709950765 164.747019608816 163.010438283285 157.424738009771 149.462123711904 132.769137620926 129.036655028661 138.225138187408 129.193047682444
147.166113058726 144.793331623077 144.879241784414 147.987504800161 155.692229668299 159.828076759974 160.258114337921 166.23987754186 165.09543855985 169.956962267558 169.858793417613 170.8758076032 170.892159144084 164.479871590932 160.014629364014 158.916175365448 160.038411617279 152.003397544225 146.209061145782 145.090262095133 144.585053126017 146.085868279139 146.822313467662 138.90020052592 140.23952682813 139.19339577357 138.954818248749 142.129848400752 140.319764614105 140.423754851023 144.621978203456 161.198457082113 158.27801823616 130.461305379868 94.1153566042582 74.3852208058039 82.2317202885946 112.397611141205 148.678143819173 163.486162821452 166.163762410482 149.197071790695 126.835773388545 123.350073893865 132.223079601924 118.951777617137
151.648104190826 140.908608833949 137.244840463003 143.330196539561 155.283162991206 164.581557114919 162.843416134516 164.867222309113 166.643172502518 165.732204914093 168.888727823893 170.848230520884 173.28949769338 170.362671216329 163.608918587367 160.777548948924 164.132138093313 154.815932114919 149.685810009638 150.730828444163 150.16574660937 147.17909693718 145.360767841339 141.334136327108 139.163335164388 137.585977713267 137.330194314321 137.902448574702 134.754757086436 130.986313025157 120.113283395767 129.717449347178 130.130807558695 110.34553249677 94.2292908827464 75.4405657450358 56.2633524338404 63.1945828596751 86.907168229421 123.476058244705 147.854457298915 137.262294689814 125.983009735743 120.885113875071 112.823784351349 104.933967192968
153.261870145798 146.904766559601 142.577360073725 147.728343804677 157.554487387339 166.620761156082 169.058720270793 165.639559427897 169.488946596781 166.780332724253 170.971790949504 172.059416770935 173.017919063568 173.598905404409 167.737384637197 166.834553082784 166.755676269531 159.200966358185 154.040147860845 157.214303811391 157.2012702624 152.611672878265 149.924327929815 149.479418992996 144.041905800501 143.331348896027 141.356815894445 138.569096724192 132.534941037496 125.544140736262 115.728924671809 118.790060281754 122.053623199463 120.492776234945 119.455456733704 108.116050561269 79.9502929051717 62.9821916421254 57.1093757947286 72.147528330485 108.116447925568 112.950414419174 101.63007179896 82.9531451066335 84.9110881487529 93.8459833463033
158.04714957873 155.519227186839 150.268524885178 146.771142880122 154.100179672241 166.131575902303 168.024281660716 166.424612204234 167.321701844533 172.530432542165 178.156852722168 178.312619527181 177.225788434347 177.035868167877 172.725299994151 171.504974365234 171.619256337484 167.122642199198 161.120225985845 158.101717631022 155.853827794393 154.296080271403 155.399004618327 157.339920600255 150.733917951584 148.356338342031 141.957362492879 132.938583691915 125.616053740184 120.911121368408 118.918587764104 124.323735634486 127.51508752505 138.794759909312 146.503657102585 144.878496726354 135.20539800326 116.950819889704 99.2553035418193 67.6438560088475 77.4599462747574 97.7263450622559 97.4975923697154 85.0189924240112 86.0996146996816 104.559600353241
160.824398199717 159.964462121328 157.177229722341 151.690036058426 151.112824678421 163.282930850983 166.764159997304 167.198717594147 165.661732355754 173.400541146596 182.548562685649 181.587139765422 177.508234977722 179.128110408783 178.669253985087 173.060715198517 175.094485282898 170.913259188334 165.975471337636 163.725882768631 162.340501944224 162.53458460172 157.835851113001 156.215935945511 153.621067603429 147.028108437856 126.099010308584 103.085378805796 98.1658299763997 105.95973332723 117.344329754512 120.938609043757 126.59278512001 132.134030262629 146.063248316447 160.593112309774 165.083030859629 150.355786085129 162.390202283859 112.068444490433 82.5673838456472 100.637455781301 118.197292089462 121.021469434102 122.593303521474 137.603382269541
160.207400719325 157.872329155604 161.052445570628 160.087029139201 156.189699967702 159.924447536469 168.237249056498 168.78867149353 166.985511779785 174.014290173848 181.80255095164 181.036273638407 176.466504732768 178.605119387309 181.083838144938 170.774022738139 171.839992205302 169.314126173655 166.493276755015 168.656686941783 169.554034868876 169.492701689402 164.43344950676 156.081815560659 155.292481184006 152.791440486908 130.255530277888 106.372714042664 105.814506610235 115.371326605479 127.490828434626 126.746207475662 137.941122055054 146.883140007655 165.02242287 163.484573364258 159.796853860219 109.567532936732 89.6961390972137 114.658792813619 112.720807393392 127.815961837769 132.302343845367 115.104059378306 103.597422440847 117.800384759903
148.352245489756 156.60638610522 158.674160639445 160.853405793508 159.814218680064 156.194796164831 167.928874492645 172.621528307597 171.030282974243 174.70637957255 178.707460562388 179.505268732707 178.556164105733 175.265510876973 176.329096158346 172.954738140106 168.781777222951 171.315391858419 172.38716284434 174.10800854365 175.663431485494 171.674410502116 168.25008392334 161.77029410998 159.279535214106 160.234421491623 153.812646865845 146.289795637131 146.125157674154 148.699889580409 147.074520587921 138.439158598582 151.754746834437 164.881497621536 153.15505862236 145.267883936564 109.077344338099 66.0492032766342 50.3892948230108 81.8907121817271 116.476128498713 139.512618382772 133.546461661657 118.569165468216 108.10066262881 113.081236680349
137.561957041423 153.323203325272 156.99158112208 158.406953016917 161.275724569956 156.291504700979 162.775019804637 171.900788942973 181.45606915156 180.434187253316 177.625079949697 177.207430203756 178.358952204386 175.933241844177 176.275372505188 173.341890176137 169.333914915721 170.380314191182 168.469548225403 165.968765815099 167.89972782135 167.214632034302 165.115694204966 164.136459430059 165.903230508169 170.923093954722 179.324527581533 182.484904925028 167.339940865835 165.567398071289 152.877787748973 139.578312635422 146.564622720083 137.504359086355 105.521192153295 69.8177963495255 67.0633067687352 56.3845137755076 40.8368383844694 40.8732568224271 61.2402359644572 102.039744456609 131.26062353452 152.286638816198 169.277826944987 165.363927682241
139.258116483688 149.896830320358 157.543689012527 158.787995576859 159.560362497965 160.443305969238 154.629210631053 165.785203377406 185.437877972921 184.018154939016 177.290240923564 174.694021542867 176.165004571279 179.05447880427 177.65341202418 173.878987630208 171.037574609121 167.190353075663 159.838964541753 152.164399623871 152.039657036463 155.773321787516 155.19701441129 158.582240343094 163.548737764359 170.055031776428 188.723742961884 200.67948102951 182.730952898661 168.689529101054 148.63446354866 126.974294583003 127.015600601832 117.603292067846 91.3642644882202 61.1309558153152 67.5057272116343 80.6838124990463 74.7347424427668 57.9686313867569 44.9274828036626 65.2483155330022 110.509932041168 142.081876595815 157.982667287191 153.436104456584
151.78852279981 155.173937479655 157.559047142665 153.143306573232 146.716912587484 143.760840098063 152.910649776459 156.50666753451 166.560600201289 165.474911530813 165.069470802943 170.101046562195 176.261961460114 176.724930604299 172.390242417653 173.804958661397 171.536246935527 164.256711800893 155.719657739004 148.982256650925 147.449205319087 147.210578123728 150.683452685674 152.570694684982 152.364204327265 157.158593336741 173.898180325826 179.431001345317 173.225601514181 160.352120796839 137.865831454595 119.525730609894 110.811134179433 120.963205893834 111.529688040415 86.2948397795359 91.7543371518453 131.668190161387 140.881011883418 116.881906986237 78.4723659356435 64.8557792107264 85.2912863095601 104.105164607366 103.817760944366 111.351052920024
165.307998657227 161.714841922124 157.7055255572 150.056699911753 138.016045093536 128.967841466268 142.989605665207 141.397873560588 129.337310791016 131.646702686946 147.095203399658 159.052987893422 163.636634747187 167.611718177795 170.543313026428 180.621782938639 182.345648606618 172.65663544337 163.002113501231 158.066113789876 152.778724829356 151.917030413946 152.403354644775 149.862845738729 148.130893707275 152.297765016556 154.287079970042 160.603523254395 154.491682847341 133.061309655507 135.326484839121 126.852730909983 117.881834506989 132.322092851003 132.825295130412 120.248625675837 115.101019541423 119.211256504059 125.473360220591 123.734265565872 106.104522943497 87.0711008707682 85.2861106395721 81.2299350897471 56.9686343272527 79.4358650843302
