input/barkrak2/radiation/dir21124.grid
NCOLS 85 
NROWS 70 
XLLCORNER 665100 
YLLCORNER 4664600 
CELLSIZE 20 
NODATA_value -9999 
[rows 20 to 39 of 70, columns 0 to 45 of 85]
173.920293649038 165.605912605921 180.11462688446 219.094733397166 214.425981044769 173.594375451406 161.233792702357 167.800684769948 180.293520291646 200.401564439138 215.169727802277 220.622718334198 225.47592719396 233.420968055725 246.255119641622 268.15144220988 282.219092051188 302.949845790863 314.706484476725 322.48576482137 325.499792893728 317.705730597178 316.376109917959 318.307280540466 319.647789001465 321.234802405039 322.855194409688 320.321400960286 316.534161567688 315.816919008891 309.25194422404 297.415932019552 287.110070387522 281.591852506002 279.470920562744 284.990211327871 284.477670987447 286.753078301748 291.451811790466 295.800805091858 295.707801977793 295.815308888753 298.244754473368 293.491741021474 297.211289405823 301.165004571279
203.231076399485 199.915786584218 213.940302530924 245.34006913503 242.258667945862 184.792478879293 171.889205773671 177.293459574382 185.07707118988 196.280399958293 208.776354789734 215.449372927348 221.883138020833 220.140635967255 236.06264591217 250.142991542816 266.930143038432 282.772481441498 300.276537736257 317.648629347483 322.507441043854 328.815420468648 330.991148948669 329.920709133148 325.413962205251 319.822271664937 315.401613712311 311.394949754079 312.371830145518 305.523872375488 288.053294022878 258.099059263865 236.066202322642 232.467989126841 239.471236864726 258.901556332906 266.770303249359 282.085041205088 291.371782620748 292.359550793966 290.507098038991 289.559781551361 282.806913057963 268.42059691747 289.272348086039 297.405203183492
245.30303478241 250.921765963236 253.480434417725 262.867212295532 262.89157072703 217.275718847911 196.269551912944 184.246957302094 181.102156639099 190.885265668233 207.207222779592 216.26881758372 228.747010231018 231.536010901133 236.629823843638 248.15301100413 262.165447076162 274.026115735372 285.8806848526 295.518676439921 302.511433760325 317.564129829407 324.942648410797 325.628638267517 322.826008001963 315.786520640055 304.212152957916 294.114808241526 283.835510412852 260.995924472809 228.894352912903 182.550291220347 157.895853122075 173.026998837789 201.115787029266 226.558089256287 244.488596916199 265.431523323059 278.291424115499 281.688372294108 284.041047096252 284.865697224935 262.238283952077 241.159935792287 269.169370333354 294.631044069926
268.976112206777 269.674897193909 263.705452283223 267.999450365702 267.543574174245 251.934707164764 218.722005685171 192.511836687724 178.091088930766 182.579457759857 203.714390595754 219.01136636734 232.563376426697 242.794950803121 244.344830513 248.12388420105 257.352332274119 271.729985872904 278.222183386485 275.369862715403 281.022648016612 285.627722740173 289.307375748952 292.37308104833 287.610491116842 284.277280171712 271.945277849833 259.733041127523 238.124847412109 196.988463401794 165.729780991872 141.500234603882 109.068324168523 99.4311471780141 110.34952600797 145.98004023234 193.508764108022 221.315880616506 239.633162816366 248.887399832408 248.366157213847 233.918428421021 220.071911811829 253.170887629191 253.744582335154 286.316931247711
261.883278687795 262.986381848653 267.322440942128 270.215570926666 260.120193163554 252.111852169037 226.929863293966 206.917782624563 191.796441872915 185.800532499949 198.45054546992 214.105248451233 226.31033261617 239.653249581655 241.696099440257 248.36790561676 255.372325579325 266.399304072062 274.765054384867 269.170800844828 266.919990380605 251.149515310923 254.268745581309 264.092087745667 270.692924658457 268.290956815084 256.666878859202 245.746970176697 218.120773633321 160.90855995814 141.139398018519 137.742062409719 117.181787888209 81.8917502959569 74.4861265023549 93.9014852046967 133.925676345825 172.092854976654 199.800988038381 214.240034421285 204.073588053385 181.50266011556 202.809373537699 273.996631304423 269.920885562897 287.633220354716
254.342178503672 258.801639080048 268.235484759013 267.986079057058 261.505325635274 253.705700238546 236.874302228292 233.74738295873 225.577612717946 211.036841074626 209.453860918681 226.398766040802 237.963120142619 248.983879884084 254.653414090474 251.69571240743 254.924515883128 260.453104972839 263.903498649597 265.23095369339 265.717466672262 259.04522339503 253.579278786977 253.426909446716 258.322060108185 258.498032887777 247.048338254293 238.905866940816 193.412959575653 170.070767402649 167.640785376231 183.146317799886 184.725244839986 147.708704074224 114.570538202922 105.271577835083 118.896067142487 143.019139766693 172.825256983439 194.000720977783 178.19474140803 169.159452120463 211.867610613505 264.942348003387 284.786899884542 297.66579469045
255.739748477936 258.637626965841 265.506386756897 267.3100233078 274.947603543599 265.370925267537 255.865017573039 249.144772688548 249.838789304098 243.625621000926 231.677711009979 247.587303320567 254.822750886281 266.72367254893 266.250471274058 257.144967714945 250.82403421402 256.346066792806 261.376221974691 272.396306196849 276.771267255147 271.490534146627 262.988388538361 257.202625274658 255.856513977051 259.011487166087 249.721129735311 239.215493202209 207.077006498973 201.314787069956 221.385677655538 245.756944020589 251.268684864044 256.876866022746 225.286205609639 144.84100540479 134.063353141149 142.773648103078 167.112231254578 181.555926799774 188.56281042099 219.722231229146 227.330485979716 245.01238266627 277.098874251048 286.426444848378
259.723544120789 256.22679789861 259.052197138468 265.347937742869 298.739115397135 279.286801815033 265.392144521077 252.601484457652 253.750562667847 259.591778119405 250.863432884216 252.364079157511 261.760691801707 270.096878210704 268.681784470876 261.550724506378 255.569100379944 260.024885336558 271.593451499939 275.187114874522 274.49373404185 264.373640219371 264.44665590922 261.992971102397 263.748168945312 261.05272769928 255.919714768728 250.875651836395 233.142256736755 232.643703619639 254.718919595083 269.134779771169 269.652803738912 283.342738946279 296.683629353841 222.567439079285 162.39724556605 147.713760534922 157.166957855225 180.909276008606 226.088563601176 277.080794175466 240.541716416677 234.549562136332 259.490470091502 268.74315738678
257.942179838816 248.618086179098 252.204954624176 271.696368853251 313.14750512441 282.878200213114 258.056203524272 246.672789255778 250.346302986145 254.868308703105 250.942587852478 248.482982317607 263.394792874654 265.900333722432 267.163236935933 268.648942311605 263.526260852814 259.926974773407 268.890162309011 270.774881045024 267.969250679016 261.211613814036 262.194832166036 267.929335435232 267.692406972249 262.894908587138 263.364275296529 257.361153761546 244.68715985616 242.204944292704 263.887564341227 280.981640021006 281.180322170258 280.339241027832 297.386646270752 286.514242490133 192.792812983195 138.988524675369 126.575320959091 161.108513673147 234.20528570811 261.929988861084 233.530839284261 206.354300181071 227.626939614614 238.826334476471
251.745919386546 240.698456764221 248.223503430684 282.017230987549 310.845176378886 279.476761817932 248.949329058329 230.967164039612 225.225885709127 230.210443337758 229.190091292063 235.143045584361 251.899699370066 264.114419619242 267.359534899394 273.338913917542 272.398849328359 258.526126543681 261.143644650777 263.313372929891 262.169440587362 264.045198758443 264.171183109283 266.508758068085 270.77054977417 266.149679819743 270.742138226827 261.863191922506 249.327301979065 250.628153483073 270.29142777125 287.550568580627 283.725996812185 280.779878298442 290.46356678009 304.092347621918 275.799155235291 197.38511244456 153.206825256348 163.526276747386 200.100878874461 216.120580832163 219.479163487752 188.279330730438 195.404191811879 216.26224120458
241.240461667379 250.215570131938 279.9946864446 325.946907202403 325.06008942922 285.036365191142 247.78825044632 217.889030774434 209.999759991964 220.371981461843 216.486096382141 215.331455071767 244.031568368276 264.358321825663 270.32603820165 274.148186047872 277.538259824117 266.753296057383 263.841211795807 266.032119592031 266.66247844696 268.901129563649 272.204120953878 271.275579929352 273.216366767883 276.55827999115 275.424321492513 271.756807963053 260.43713092804 262.473464012146 277.104099591573 289.263625939687 286.031345526377 287.44908173879 292.754749457041 296.021342277527 310.809671878815 310.161848862966 240.23312330246 193.808833758036 179.846425851186 174.930950005849 191.377838452657 186.799148718516 190.973083178202 217.740714550018
259.929140408834 288.342257340749 312.86213795344 321.615914503733 344.035665194194 320.1558192571 281.760116418203 242.404878139496 227.71688302358 242.386202017466 235.153694947561 217.613319555918 232.577284177144 261.089305082957 272.920926411947 277.573108673096 276.142537593842 273.899018764496 269.213716189067 267.678777376811 269.879400730133 273.706376552582 277.104417483012 275.907138983409 276.275853315989 282.073756059011 284.305950005849 284.596383571625 277.23620335261 276.656210422516 283.153692881266 288.205186525981 290.253798166911 295.722901821136 298.698842525482 287.826478481293 294.648965199788 324.9817887942 309.724529584249 244.619329770406 194.695750872294 175.382693608602 176.695624987284 190.177659193675 212.501883506775 239.364584287008
297.292192776998 311.256508032481 307.008802890778 300.545573234558 317.66007343928 332.990109920502 322.442591190338 292.151729265849 266.76611105601 268.182794253031 268.770217895508 245.938579241435 234.253684679667 257.425586382548 278.174300988515 279.932141304016 277.065912882487 280.875086784363 272.315621376038 269.153972466787 275.485416253408 275.547544161479 275.80585082372 274.723589420319 276.492079099019 283.487757047017 288.505911827087 291.655123233795 285.298407077789 282.274663448334 290.723582108815 295.681913693746 292.681435743968 294.023772080739 297.942479451497 287.16109196345 287.189483642578 302.039504051208 296.385288238525 264.905015627543 233.066459496816 199.623167514801 182.534138361613 184.955676396688 209.291974703471 239.374697208405
298.104067643483 295.240044593811 289.50697183609 279.286444187164 280.516048272451 299.219409624736 314.725597699483 307.003935178121 291.21462504069 289.615352948507 289.288620154063 274.369974931081 260.031183560689 263.404011726379 278.121153513591 278.533895810445 278.951903184255 282.19747543335 272.762358188629 272.334456443787 273.899614810944 272.320171197255 270.628929138184 269.748747348785 275.01388390859 280.534207820892 289.468705654144 290.693342685699 285.071273644765 288.210034370422 295.390864213308 294.045031070709 283.172647158305 280.095100402832 283.844431241353 267.598748207092 265.51620165507 262.950797875722 249.651432037354 247.526446978251 257.521291573842 230.319023132324 204.459329446157 191.433926423391 192.335685094198 216.18656317393
294.962505499522 287.345846494039 293.119788169861 280.422409375509 273.323059082031 283.896406491597 306.737621625264 323.792040348053 312.66446908315 298.713326454163 289.4513408343 285.423278808594 286.450167496999 283.137162526449 283.055504163106 283.454060554504 279.343565305074 276.960492134094 275.408963362376 278.389672438304 274.156093597412 271.789650122325 272.18888203303 271.063228448232 273.522655169169 277.042289574941 284.835656483968 282.181223233541 282.499114672343 290.120005607605 294.400095939636 285.871565341949 270.838638146718 273.81032705307 271.341840426127 254.215836524963 255.78361749649 255.258401234945 256.909430027008 270.027577877045 272.205710411072 263.815542062124 242.921113967896 225.154002507528 206.788678963979 199.548959732056
312.063535054525 308.18643172582 316.431780656179 311.955074469248 302.595416704814 305.651386578878 320.025503635406 337.714831034342 326.59105459849 303.242564201355 289.762059847514 293.910761674245 302.796264489492 294.405500094096 288.853486378988 288.889189561208 283.982475598653 278.812368710836 279.431462287903 280.549903710683 279.43076690038 274.423956871033 275.862594445546 277.189989884694 274.650474389394 276.661177476247 278.508067131042 277.38082408905 279.74663178126 290.328085422516 291.438619295756 283.159156640371 272.461613019307 273.422241210938 263.296882311503 258.137504259745 263.502240180969 265.387952327728 274.561146895091 293.220043182373 261.056860287984 250.552296638489 239.972094694773 229.64600721995 214.330156644185 195.290366808573
329.943458239237 328.151384989421 330.810328324636 332.010746002197 323.864678541819 317.915697892507 323.176642258962 336.686849594116 329.85782623291 302.3655017217 291.007936000824 299.579898516337 305.435657501221 296.873827775319 287.334283192952 289.883891741435 293.615440527598 284.188012282054 286.081035931905 288.431366284688 287.240445613861 280.639906724294 280.56663274765 280.199309190114 278.265416622162 276.939431826274 278.444608052572 281.499644120534 283.714493115743 291.456898053487 292.705496152242 285.679856936137 275.250593821208 270.694891611735 259.956359863281 264.413217703501 270.02626657486 270.953595638275 273.605287075043 285.046517848969 245.538115501404 206.383883953094 195.035775502523 187.620401382446 188.318610191345 185.157477855682
336.775620778402 336.392084757487 334.970394770304 335.320035616557 329.11878824234 323.062638441722 322.148640950521 328.316311041514 331.891814867655 309.749066829681 304.709851741791 306.905488173167 301.973779996236 293.046891689301 286.141812801361 290.213684240977 298.881570498149 293.189644813538 289.086600144704 289.892474810282 290.781080722809 286.378502845764 282.209455966949 281.549493471781 281.370441118876 279.532233874003 281.048715114594 285.291294256846 287.20478216807 290.03232717514 292.241990566254 287.558555603027 278.243482112885 262.937804063161 253.075361251831 269.274771213531 278.620680173238 277.367691198985 268.494804700216 276.700933774312 245.142380396525 177.908380826314 149.992088476817 136.435826619466 139.935493469238 149.910906950633
332.534790039062 336.265961329142 338.011662165324 336.794455846151 334.32936668396 332.391798496246 329.166928927104 327.013393243154 329.232633113861 321.711977322896 321.032365163167 314.432779947917 299.269715944926 299.655218919118 295.255661010742 289.492805798848 297.259370485942 298.074185848236 290.703097979228 290.229638417562 289.879898230235 285.793582598368 282.667060693105 282.747626304626 283.839861551921 286.553760369619 284.3110760053 287.159562110901 289.058208465576 288.331786791484 291.797379652659 290.143271287282 273.561219374339 250.842154026031 258.75320037206 282.094995180766 285.571157932281 279.976109663645 264.713048934937 268.868923187256 276.510993639628 220.234513282776 162.541329860687 136.902352174123 132.715195417404 133.546243111293
317.573388417562 321.824709574382 321.588555971781 326.199253400167 332.996467749278 338.847398757935 341.7809009552 341.640512148539 340.435067812602 335.721810658773 326.412936051687 308.401048183441 301.959137121836 302.044908205668 297.471900780996 292.749245961507 294.840455055237 293.758551279704 287.69059975942 286.874194939931 288.695772488912 292.280892531077 290.339827537537 285.772045453389 284.14926926295 285.301208496094 288.709044456482 288.78112634023 291.139562924703 290.088454882304 289.379715919495 288.910766442617 267.524182796478 252.113819122314 276.248554388682 291.791498661041 287.033200263977 282.295743624369 270.187000433604 268.748541673024 298.546433448792 309.23863252004 248.081386089325 195.460756619771 157.191673914591 133.761594692866
