input/barkrak2/radiation/dir28324.grid
NCOLS 85 
NROWS 70 
XLLCORNER 665100 
YLLCORNER 4664600 
CELLSIZE 20 
NODATA_value -9999 
[rows 0 to 20 of 70, columns 0 to 46 of 85]
170.017619927724013 186.008334159851 203.060309092204 224.091251691182 234.502136707306 235.482752323151 230.974137783051 226.4231244723 226.280113061269 230.168640613556 229.42707935969 228.513022263845 226.256489753723 227.049867312113 228.879034519196 217.400968074799 204.981366793315 193.348328272502 190.59157371521 179.466247558594 178.036729494731 194.451133410136 221.510986487071 229.325334231059 232.117335001628 244.253039360046 242.747207482656 227.149883906047 212.793509165446 211.637377738953 207.253317038218 228.930612405141 274.961749712626 273.548007011414 270.596921443939 257.226308186849 260.821203390757 275.818447271983 273.087342580159 271.962602933248 261.036912600199 264.451642831167 274.058938026428 269.688884417216 259.961088498433 263.554135958354 268.933355808258
147.656947374344 165.689518054326 181.774119536082 200.702627499898 215.508004029592 221.948583920797 223.914980888367 226.95791721344 234.432021776835 236.67311668396 232.603828112284 229.556024074554 228.098730246226 229.062298933665 228.35910320282 217.394749323527 210.941950480143 201.661249001821 196.770469347636 186.570247014364 192.143559455872 215.179165204366 237.25430170695 240.116874376933 243.68808666865 249.973396460215 245.010634263357 231.166243553162 217.745045820872 213.617523511251 214.418411254883 243.383288383484 276.375234127045 275.603930155436 270.407716433207 259.777764479319 264.502167701721 277.198950449626 271.875341733297 271.752893924713 266.103168328603 265.103061993917 262.115081151326 256.74053033193 253.475149472555 262.180785338084 259.282032648722
110.244850317637 120.672037204107 135.018030802409 148.288488388062 162.851274013519 175.032496452332 187.482754389445 205.599784851074 219.718952973684 222.033540407817 223.295390605927 227.607329686483 235.748648643494 239.564975102743 239.346504211426 242.308815320333 242.275754610697 231.549541155497 213.786164919535 202.981511751811 212.77775367101 228.498558203379 238.801558812459 241.779049237569 246.094862620036 246.012111504873 239.967167377472 230.684598286947 222.312053044637 222.220420837402 231.622119744619 259.826143582662 276.26645565033 275.793830553691 270.045797030131 265.622576077779 271.414478619893 276.66699886322 274.09299214681 270.383358001709 263.654271761576 253.343204657237 239.662448565165 236.49799823761 246.204336484273 260.377486546834 247.932394345601
90.7241602738698 90.7344619433085 98.7277328968048 104.378332694372 113.254964351654 120.598574479421 130.128125349681 147.626022497813 169.545372327169 189.509650071462 206.286907196045 223.754525184631 236.035307248433 240.553498268127 244.874477386475 252.842466036479 250.006556510925 238.822162151337 220.520397027334 212.982952594757 212.810377279917 212.590595086416 225.148558616638 233.868956565857 234.753251075745 235.999127229055 235.91156800588 232.294301191966 230.806390444438 233.980933825175 238.274296124776 265.128751595815 272.956411043803 272.468825181325 268.767933050791 269.977152347565 273.459176222483 272.921939690908 269.265751043956 258.803387482961 250.899891058604 237.295687198639 232.715288798014 246.636013189952 262.389600276947 258.221169312795 236.949940522512
112.36975590388 95.9396362304688 82.437405983607 72.4766105413437 74.0578969319661 91.5830334027608 116.466552019119 128.228654464086 139.220664898554 147.774189710617 172.928055127462 198.532978693644 214.84629313151 223.31557671229 230.415105819702 234.98660326004 231.104175249736 224.534928798676 217.322091261546 213.437020778656 208.374599615733 206.024785836538 217.734336853027 225.830992062887 228.948096434275 235.78542470932 236.094355583191 234.245578447978 233.118176460266 231.862942377726 239.157418409983 267.407099405924 269.513070583344 268.527309099833 266.85772339503 266.105910142263 265.933334827423 264.285206794739 254.78055079778 245.574434598287 244.461099306742 241.478602091471 246.673941612244 256.525158882141 258.852362632751 238.032341003418 210.113028685252
157.869974772135 128.590116898219 99.5617508888245 76.361671090126 67.8551346063614 77.6619911193848 103.023340304693 124.484837055206 129.628439744314 128.704537947973 139.283210039139 154.596785704295 165.619184573491 173.095027605693 183.577338854472 193.677465120951 197.60141770045 204.037527243296 211.745540301005 216.685076554616 218.822836875916 220.680892467499 221.023559570312 222.4480509758 227.27644443512 233.754913012187 235.785762468974 237.00358470281 236.470977465312 237.136562665304 251.475592454275 267.549713452657 264.882703622182 264.606237411499 261.018653710683 259.180585543315 258.517563343048 255.687971909841 245.638827482859 246.003111203512 246.212919553121 243.411143620809 245.517790317535 248.203158378601 236.908793449402 208.381533622742 181.999444961548
184.775571028392 157.511154810588 134.210169315338 111.632446448008 90.009073416392 77.4945815404256 83.077813188235 113.113651672999 130.545308192571 139.035413662593 135.767718156179 131.262421607971 126.425216595332 121.875256299973 124.570339918137 141.519178946813 156.284888585409 179.250200589498 201.445579528809 215.804696083069 223.177929719289 226.739585399628 224.424143632253 221.930762132009 225.569605827332 228.223284085592 231.998483339945 235.192676385244 236.381967862447 242.471933364868 255.977193514506 263.970673084259 257.241030534108 252.893408139547 251.084844271342 248.520096143087 247.917095820109 243.12557776769 238.071839014689 233.749747276306 228.106657663981 227.04408566157 233.64269733429 240.866462389628 231.092095375061 220.145006974538 232.393344243368
200.06000995636 186.709821224213 171.781202157338 152.511338392893 126.843392848969 94.8851505915324 74.2873748143514 70.6963539123535 104.232410589854 135.746826728185 145.238608121872 141.677647829056 132.35330581665 121.314982573191 107.095917065938 110.581974188487 124.402900536855 142.802347739538 169.364392757416 191.981414953868 207.190493742625 218.785365422567 225.601037343343 221.065004666646 220.294614632924 220.688501993815 222.036520640055 224.287231763204 226.984024047852 237.565875053406 249.376734097799 252.417981624603 245.564262072245 239.922801653544 234.305202960968 232.575058937073 237.28887240092 233.721653620402 226.890246073405 210.070331891378 208.601772785187 218.307395776113 235.967516899109 247.737050056458 245.338280995687 246.115704377492 254.175364971161
168.755392233531 191.008806228638 185.0346326828 174.818913141886 158.815324306488 132.63929883639 99.8350282510122 70.8831300338109 82.9938550790151 105.107595523198 129.556775093079 142.40238070488 145.627021789551 142.491787672043 127.167026201884 117.500692605972 115.482697884242 120.374162991842 135.475973288218 154.656062523524 173.52020740509 190.275629361471 204.487065474192 202.802856763204 204.663316408793 203.416367371877 203.928867975871 207.154154777527 211.378812789917 222.279667854309 228.940546512604 229.320108890533 226.081689198812 225.164949893951 225.573897361755 227.309187253316 227.163811524709 226.829727490743 221.505542596181 214.319149653117 225.460588932037 238.781213760376 248.13449382782 250.251650810242 243.298967679342 238.540530204773 241.686820983887
122.967312733332 141.33749405543 155.157426993052 164.974083503087 169.308602809906 162.889689207077 142.492055892944 120.447099208832 88.5547995567322 77.901154756546 90.4515981674194 119.644612073898 144.697159528732 157.059003909429 157.211015621821 146.242201328278 130.011439323425 123.870064814885 122.60901927948 126.139283180237 136.226783196131 146.473278601964 158.887416124344 169.051249821981 179.566979408264 182.049175103505 182.579855124156 184.541761875153 187.780121962229 196.401317914327 198.529362678528 199.639240900675 207.312881946564 212.154905001322 215.917785962423 217.724482218424 216.532349586487 221.160332361857 220.442692438761 227.798163890839 244.242231051127 252.122819423676 254.260579744975 250.221153100332 241.79087082545 237.612704435984 248.924374580383
67.9214497407277 72.105199098587 93.2659606138865 106.862227121989 123.224397500356 140.331963698069 137.637635072072 150.705466667811 119.557092587153 91.6116635004679 77.3829619089762 78.259140253067 101.501266161601 131.145189205805 146.206249793371 143.847544987996 140.367011229197 130.125552415848 121.900896231333 114.299853642782 115.161329507828 118.616024653117 124.154547850291 139.42230741183 154.509355624517 163.673132658005 165.076682964961 165.992786486944 172.97899723053 178.494930267334 181.931893030802 186.320682366689 198.145767052968 202.698747316996 203.348219394684 204.84193166097 210.366864999135 216.204464435577 222.785035769145 239.083647727966 250.000437100728 253.19117307663 250.982065995534 248.010575771332 244.333465894063 246.06857697169 253.655791282654
37.3804817597071 37.6906991004944 37.3950724800428 44.406662384669 63.5778854290644 80.670843521754 94.5452749729156 109.850227832794 111.801564693451 96.2333977222443 78.358401854833 63.1930480400721 64.5153075456619 84.1637750466665 107.374459505081 112.880726655324 128.139565388362 129.368046919505 120.328277349472 109.585146109263 104.405403137207 101.83584690094 105.660657087962 115.528494119644 125.925958156586 134.274780750275 139.923274517059 144.905149936676 153.645167748133 158.954123655955 164.182245731354 169.42040125529 175.492723782857 178.337951501211 181.723475456238 184.85947450002 197.879731655121 211.376885573069 218.418975671132 235.00802119573 242.015818754832 243.034799893697 239.374736944834 235.067009925842 233.463843663534 232.809583346049 238.220949967702
29.772033294042 23.8708034157753 17.491552978754 13.2508898774783 6.29526066283385 11.1913668612639 38.535421093305 59.4589610894521 81.3575486342112 93.4162139892578 85.0637555122375 76.7853359381358 59.7272266944249 59.0400546789169 73.8413482904434 95.6109364827474 113.860150178274 121.980478366216 119.623680909475 113.874832789103 109.458088874817 110.015610853831 110.864847898483 112.740188837051 116.862654685974 117.933402458827 123.242874940236 133.221020301183 138.765156269073 140.890022118886 147.604207197825 152.755896250407 153.70112657547 156.146506468455 160.475333531698 166.441152493159 178.771317005157 193.89663139979 199.661453564962 212.001383304596 219.969888528188 221.644858519236 220.693071683248 221.91321849823 218.782921632131 219.691753387451 223.531285921733
30.1510045925776 12.0259610315164 4.52189954618613 0.541733771873017 0 0 2.25364370271564 23.2334608832995 45.5950995286306 65.1494115591049 79.717477162679 88.2156590620677 85.6249630451202 73.9002873500188 71.648915608724 90.67236383756 103.383461634318 119.804680347443 129.021843274434 127.775977055232 119.353443384171 119.676401217779 120.181341965993 121.063848336538 124.914228916168 124.79422489802 127.968033154805 137.770394484202 138.597548007965 133.705715338389 139.463742574056 145.476629336675 146.130353212357 147.154410680135 152.003606160482 160.069326559703 164.882798989614 171.934644381205 177.233974138896 180.534938971202 186.90949678421 197.026511033376 205.029626687368 212.86545197169 209.391474723816 215.78586101532 216.525097688039
38.5175098975499 16.1762721836567 1.4898789425691 0.0122991077660117 0 0 0.165975846660634 12.744444111983 25.6565163532893 49.1699377695719 80.9318373600642 96.4182615280151 107.550193866094 102.978020906448 89.9128417174021 86.9243741035461 90.8614297707876 104.601075251897 121.628979841868 132.604420185089 131.296594937642 130.404323339462 131.29116098086 127.37434109052 129.913558562597 131.591637929281 134.811182816823 138.324201107025 136.567413806915 131.771475076675 134.471674760183 140.266865491867 141.877760489782 141.044835249583 146.267116069794 149.430453777313 150.612831115723 149.957944949468 156.449099381765 156.627923250198 163.398077090581 171.812196572622 179.621895154317 186.007440090179 191.03076060613 197.362661361694 208.432912826538
34.2402011156082 19.3843680123488 1.87481706961989 0 0 0 6.40908442437649 15.6723856925964 26.8790995081266 42.5520638624827 69.0987408161163 97.6835290590922 113.878260056178 117.207149664561 112.581531206767 89.8588299751282 84.1919382413228 87.0519578456879 104.150791962941 124.247610569 139.600137869517 134.416610002518 138.76610994339 131.441454092662 128.326952457428 133.692930142085 143.050332864126 140.519171953201 138.12392950058 141.615688800812 139.975756406784 139.971782763799 137.753029664358 135.511298974355 137.437641620636 136.334151029587 133.446375528971 129.25002972285 133.419384558996 136.402746041616 141.006102164586 147.558659315109 150.218625863393 153.621594111125 168.368955453237 177.435119946798 195.597330729167
29.797300696373 22.6719379425049 4.89339667061965 0 0 1.0778121650219 8.06145618359248 20.0781263411045 31.1520000298818 39.9331574638685 54.2051295439402 81.9886128107707 102.070132891337 114.23267920812 118.690510590871 115.231662988663 111.033707857132 101.237813631694 94.0065483252207 103.229741255442 124.316503604253 139.30156826973 143.447419007619 140.076369047165 132.259984811147 133.643100659053 139.161427815755 139.204869667689 143.568148215612 155.057460069656 151.772578557332 141.021837790807 135.249435901642 130.798896153768 125.919977823893 125.396718581518 120.271195967992 119.370112816493 120.465099811554 125.018914540609 126.14780664444 129.592080911001 133.366743723551 136.46321495374 156.368970870972 167.156040668488 175.954242547353
25.5981559554736 25.1952235897382 15.0171890854836 0 0 5.74294415613015 13.6224056283633 28.8928250471751 41.2066032489141 46.5757350126902 53.1359215577443 70.2558507521947 88.7674391269684 105.521450440089 120.780954758326 132.189780473709 133.385121822357 124.199291070302 110.187302033106 97.7056423823039 105.714698632558 130.326380332311 137.372394402822 138.869792222977 141.730010509491 142.591953277588 140.852908293406 142.089982827504 143.792976935705 152.932375669479 144.708017508189 148.603757222493 139.394551515579 130.371203025182 123.464643955231 121.052801609039 118.504136800766 117.588837941488 118.127812941869 120.865941047668 123.057186603546 125.06952881813 125.665565331777 129.057625929515 142.569253842036 157.133211692174 166.696906089783
27.0940711100896 30.5624852577845 30.8847775061925 3.94328248997529 2.1386775188148 15.4559637109439 25.1118019223213 39.6435782313347 51.8830120563507 64.6817733844121 72.0203469196955 75.8439799149831 79.7954797744751 91.8048818906148 109.552919864655 123.552719751994 132.937997579575 135.789295037587 133.204658826192 118.659128745397 103.535542885462 114.931762218475 122.618774573008 133.151491483053 144.095341364543 146.124809980392 147.94643719991 144.19291416804 143.752654393514 137.00395822525 131.199260552724 139.609525601069 128.447115421295 124.756177266439 128.006349007289 123.259484767914 121.115744113922 116.964330275853 116.74306790034 121.253619591395 125.062187512716 127.434015274048 127.036223808924 128.844042619069 130.057036876678 145.602116982142 152.39812930425
28.3628155787786 29.5159220695496 34.5920970042547 26.8245711922646 15.635480483373 28.1032572189967 25.5311280488968 39.6790951490402 50.7416774829229 65.4911349217097 73.7269222736359 66.6528592507045 66.3882394631704 70.2042281627655 87.0548586050669 108.484407265981 118.916630744934 127.056648333867 133.371323347092 133.454561233521 127.122143904368 114.456286032995 114.152073860168 123.60817193985 133.499989906947 140.297919511795 141.644030809402 143.712997436523 138.747990131378 129.763076702754 128.10359398524 115.628192822138 107.50804344813 109.847555557887 101.482560237249 104.598293701808 119.7469830513 112.255702416102 109.829137722651 118.362764517466 122.238407532374 126.861522595088 129.847208658854 129.146844148636 124.861150979996 135.92783610026 137.761016686757
33.5866212844849 25.6024772922198 25.0718022386233 39.4282092650731 34.1170231501261 31.7892332871755 25.6651987632116 38.4073580304782 47.8258679310481 57.6016207536062 57.0683777332306 57.2162171204885 55.6686868270238 58.4567338228226 69.7940289974213 86.2208803494771 99.1841355959574 106.133878231049 120.666146278381 136.557320753733 144.031713406245 133.106291294098 131.121158599854 133.634428183238 131.918172041575 129.432817300161 133.156716823578 133.477340141932 127.811580896378 128.032098213832 112.823357184728 96.809446811676 84.6050679683685 66.0636077324549 62.6533329486847 70.056031147639 77.5065968434016 82.5208574533463 89.7255539894104 97.5403189659119 101.869652668635 105.270385742188 111.051311095556 107.716381549835 112.789899110794 119.993050893148 126.086304585139
