input/barkrak2/radiation/dir28524.grid
NCOLS 85 
NROWS 70 
XLLCORNER 665100 
YLLCORNER 4664600 
CELLSIZE 20 
NODATA_value -9999 
[rows 42 to 62 of 70, columns 0 to 46 of 85]
145.113865534465 141.506463289261 144.337515036265 142.961452404658 135.403871536255 131.937245527903 128.078798453013 124.520828326543 123.633434375127 121.054073174795 118.164469798406 116.187036037445 120.741128921509 123.869081338247 123.842904965083 119.741668303808 115.642766157786 120.652079582214 123.943756024043 115.964472293854 112.896670897802 112.756828467051 109.011550744375 110.46447356542 116.456637779872 112.660706043243 110.796540975571 117.203176021576 122.49082326889 126.941343148549 128.132075071335 128.395934899648 139.469087123871 162.080258131027 169.36981678009 149.653136730194 134.361485640208 131.792475779851 134.093145529429 144.18226480484 153.252899646759 156.214733918508 141.311595837275 105.782707532247 42.2527492046356 4.6261390671134 0
129.336694876353 131.450295448303 140.517125527064 137.276043494542 139.384110768636 141.840219497681 140.636076529821 134.737680355708 123.754819234212 121.591587861379 123.992621898651 119.808981815974 119.357804457347 122.786710659663 124.104330937068 120.359987020493 120.703826347987 123.889903227488 123.744895060857 117.403705914815 111.248830954234 108.660280704498 107.314477364222 106.11234108607 108.799010515213 112.610946098963 108.681857585907 111.351579427719 118.311484654744 120.528201262156 120.815594991048 118.402818838755 131.155788898468 148.724844058355 153.563419977824 137.260099252065 131.788551807404 138.39265704155 144.557446241379 145.195225874583 139.859646558762 137.971957524618 130.869954824448 102.927545706431 54.2499919732412 4.75543489058812 0
127.216478188833 133.092085520426 135.772814353307 137.106607357661 138.218512137731 141.049683094025 140.498717625936 135.75404882431 130.726287762324 124.897430340449 126.941939194997 123.092552026113 119.80527639389 117.76469151179 116.837402184804 117.546896139781 112.961828708649 119.745433330536 120.970944563548 117.680201927821 112.779001394908 110.796064138412 110.96120874087 110.799054304759 107.731560866038 116.635302702586 121.23383084933 118.307511011759 118.096619844437 118.446618318558 113.916993141174 112.397809823354 120.066851377487 125.262439250946 130.356331666311 130.140443642934 135.238488515218 146.189153194427 150.975257158279 141.958047946294 140.113612016042 132.951160271962 127.064774433772 106.079200903575 70.1979100704193 26.2341548999151 0
134.088784456253 138.414094845454 135.804911454519 138.977865378062 137.628634770711 136.963397264481 138.819317022959 136.531511942546 137.755503257116 131.794611612956 129.671772321065 129.022975762685 123.184204101562 117.686003446579 115.868806838989 120.387295881907 113.184402386347 116.0047352314 122.370312611262 120.2199558417 116.835504770279 115.982214609782 114.205916722616 114.651083946228 115.25958776474 114.733298619588 121.549785137177 120.024194320043 118.069499731064 118.558208147685 115.520338217417 112.801015377045 117.041210333506 115.212281545003 113.419870535533 114.057352145513 123.343735933304 138.752192258835 140.288223822912 125.720252593358 129.337847232819 122.639626264572 119.765142599742 116.994152466456 98.7027287483215 59.358353416125 17.4864170451959
134.282241264979 135.573834180832 138.843357563019 140.616128842036 139.829734961192 139.531354109446 140.798409779867 142.910112937291 138.328502575556 136.687566836675 134.397953748703 132.494578758876 128.93799940745 124.78161851565 123.256733020147 126.362045605977 124.088982741038 117.418120304743 123.378356297811 121.764699618022 118.326922257741 118.707090616226 118.750681479772 114.962697029114 121.030986309052 114.404151837031 117.239455382029 117.959598700205 117.948571840922 119.289189577103 117.889116207759 115.483343601227 115.439275900523 115.345925092697 115.291913350423 114.304721355438 117.918839057287 127.436806758245 129.399845997492 126.049737135569 126.442352930705 118.759959936142 123.603135347366 131.631890932719 123.364229996999 88.810274998347 44.6967333555222
127.790858348211 130.527307589849 136.17949684461 138.441532850266 141.761700312297 143.300692240397 140.285074710846 139.610131581624 139.688650767008 140.879025061925 136.58998409907 133.090436458588 130.606909592946 129.599998394648 127.466171979904 125.796626011531 123.970558245977 114.914019902547 121.360679467519 122.805883487066 118.905305862427 118.904183308283 121.292730172475 113.44850063324 116.95526043574 116.65540933609 111.59493525823 115.682492653529 117.162297169367 118.215580781301 120.6141213576 118.352770805359 114.127576351166 118.902564048767 130.878617366155 132.769296566645 127.984712521235 123.671412467957 127.629955609639 139.12973801295 130.783508221308 121.037662029266 128.870149453481 135.159234205882 128.385692834854 106.980820496877 65.9432758887609
120.53769826889 123.449265956879 129.8488676548 133.390158414841 140.397250652313 143.69124174118 140.608012676239 137.885063886642 141.750892003377 143.109530210495 140.396803617477 136.293808619181 133.577048778534 133.515377839406 129.782636960348 123.828758796056 123.786886533101 116.609732309977 120.49322326978 124.598652124405 123.201310634613 122.20158179601 125.246266523997 119.17640765508 118.279755115509 120.007942120234 115.954101085663 119.41933631897 125.676582256953 129.27304704984 134.21752055486 134.38007235527 126.031676928202 129.424879948298 137.692640225093 146.476080020269 144.054234027863 132.923662662506 131.603479385376 138.227959473928 127.805829048157 119.301309188207 116.648415724436 115.729550520579 113.647401332855 112.57462700208 101.8079717954
119.922091563543 116.743395725886 122.08425005277 130.490601062775 136.741369962692 139.95427886645 142.405956983566 145.003189643224 145.092089970907 141.65253440539 143.171101808548 143.291473388672 138.646860917409 135.034133990606 132.369816303253 127.163032690684 124.652574459712 121.767262617747 125.021994113922 129.908412694931 131.165891885757 130.406767129898 126.835803190867 125.36961833636 122.368603944778 126.251141230265 127.013891935349 127.57204969724 134.307444095612 142.21919576327 152.471592028936 152.820885181427 142.670760552088 139.420400063197 136.180291573207 146.396925052007 151.45410100619 147.705396016439 137.37898071607 125.725855429967 115.825444459915 117.587427298228 116.45120382309 110.613683859507 106.55285914739 111.393670241038 105.842471122742
121.04998032252 123.829782009125 127.358754475911 134.053309758504 135.187685489655 135.409941275915 143.387665351232 148.875176906586 148.022999366124 146.563748518626 146.469781796137 145.652244488398 140.87849855423 136.647125085195 135.958433151245 138.835291067759 130.116641521454 129.346758127213 130.618820587794 136.328379313151 137.220243612925 134.414931138357 129.335900147756 128.500610589981 123.263746500015 129.856119553248 133.924533923467 133.164246877035 138.362278540929 147.053927183151 158.463527758916 162.270387013753 154.532780249914 141.683975855509 131.512999534607 132.302552461624 145.852625370026 153.504769007365 140.967984994253 118.973672389984 110.609392325083 118.591874837875 122.206459442774 118.711014588674 112.585296233495 108.966022729874 92.0001864433289
120.954225460688 132.809062798818 134.609172741572 137.247224648794 135.058144728343 134.301284948985 141.754766305288 147.976110378901 147.08466331164 151.443054278692 149.368236462275 147.945513327916 144.62340871493 138.72375090917 137.093752622604 144.988964001338 137.31649518013 132.242848475774 129.695485035578 132.598529259364 133.088767528534 132.944762706757 130.185465017954 126.388043165207 123.993486166 126.384635766347 129.542142152786 130.753914515177 131.401280562083 138.880550861359 151.838729778926 164.514164129893 156.699369351069 132.378270228704 99.3606944878896 91.7382637659709 111.139794190725 135.774850845337 148.533880710602 143.995712200801 140.009423096975 128.553827603658 112.848947445552 110.24209856987 119.725008805593 110.454251368841 87.7074698607127
125.346720218658 123.160143693288 122.297594944636 125.899841388067 132.796833912532 138.133575518926 138.053913911184 144.179532925288 144.107788801193 148.383567730586 149.281392494837 150.662998358409 149.697482585907 144.696056842804 141.207486391068 139.888445536296 141.355037689209 132.791211207708 127.065638701121 125.522514184316 125.007212162018 126.884301503499 126.454730828603 120.519538720449 122.238765160243 119.372497002284 121.148705482483 122.511009375254 121.078828970591 121.577560901642 129.695951938629 140.256981054942 139.364063739777 111.85477177302 76.2298007806142 57.2069088617961 63.7064278125763 92.1508272488912 125.313858191172 145.613769690196 148.697803417842 131.408582131068 106.767018636068 102.765550216039 113.44521244367 101.003289222717 83.6025675137838
129.212468862534 118.377884229024 115.170061588287 121.231069167455 133.494903643926 142.841120560964 141.517003377279 143.288751443227 145.475407441457 145.056943098704 147.198617458344 150.36153793335 151.790569225947 149.272421995799 144.319901863734 141.437292098999 143.673896789551 135.037899017334 130.027661720912 130.878339211146 130.502502123515 127.841869990031 126.090894142787 120.869259039561 120.816846688588 119.303862253825 117.601007223129 118.264814217885 115.455289681753 111.735969781876 104.031463464101 110.04630724589 110.85718870163 92.6580826441447 76.9897848367691 58.4313968817393 34.3531295657158 36.4696656664213 67.8283373514811 104.706764221191 129.071692625682 119.053979714712 106.645663579305 100.778420766195 94.1094557444255 87.8638625144958 81.0406754414241
130.160023768743 123.926142851512 120.412687460581 125.896841287613 135.973274707794 144.149959087372 147.553443908691 143.145213524501 148.096293210983 145.724405845006 149.961839119593 151.380121707916 152.511805295944 153.545161088308 146.951774756114 146.235277255376 146.267175674438 140.6629383564 135.948638121287 137.360701958338 137.305210034053 132.814367612203 130.319694677989 128.880759080251 125.496049722036 123.286724090576 121.424446503321 118.651837110519 112.787961959839 105.852633714676 95.9956149260203 100.345273812612 103.229184945424 102.928539117177 101.552297671636 89.4997318585714 61.5164438883464 44.8914468288422 39.932390054067 43.3710912863413 89.4841253757477 95.1722661654155 84.1087897618612 58.193693558375 57.6066573460897 77.3792415857315 85.5315128962199
133.680979410807 131.88757499059 126.528253157934 124.287774165471 130.806306997935 143.57935388883 146.03532354037 143.642872571945 145.603676637014 150.375127792358 156.422426303228 156.716843446096 155.396014451981 155.456682046254 152.738839387894 151.850044727325 152.03250447909 148.330320914586 142.735103766123 139.46255048116 135.838091373444 134.57398613294 136.141955852509 136.925568183263 133.901596069336 131.577173868815 123.417288064957 112.717807292938 105.335305134455 100.810756285985 99.1064806779226 106.01137081782 109.45404569308 119.693905115128 127.982487281164 126.214116811752 114.075193802516 95.2840944131215 79.645777742068 50.1629014809926 60.1919343074163 80.5781980355581 80.6163052717845 68.1384007136027 68.7894920508067 87.0571434497833 114.290167888006
136.868079503377 135.722060998281 133.90588760376 128.2579600811 128.973553578059 140.013158321381 143.108030160268 143.590231736501 142.416775226593 151.679456233978 159.93595123291 159.723540147146 155.318071444829 157.311578591665 157.551944255829 150.724649429321 152.868568897247 150.205105543137 145.484467347463 143.118480841319 141.833593448003 142.568161090215 138.547470172246 137.009541193644 132.93402393659 127.898673216502 105.248043934504 82.3682149251302 77.8913895289103 84.9459866682688 97.3163843154907 102.488815784454 107.818603515625 113.765249649684 128.910670677821 143.967310587565 137.463063001633 132.609834273656 134.784668684006 92.8745170434316 64.9437059958776 83.0419361591339 100.446065266927 102.440655231476 103.48246494929 119.095663229624 147.516280412674
135.936419169108 133.725374937057 136.920322974523 136.519700288773 132.933010657628 136.55032714208 143.6621149381 144.437472025553 143.691718578339 150.293568770091 158.089687426885 157.970637083054 152.513533830643 155.83070119222 158.632457256317 149.206191301346 150.547842184703 148.400197426478 145.963321129481 146.785606940587 147.883176803589 148.07857076327 143.073658148448 136.360218127569 135.574360688527 131.272067626317 108.663618564606 85.1537386576335 85.1660867532094 95.2178637186686 106.180886427561 108.452608187993 119.605561097463 129.508415857951 138.539850711823 148.21653564771 144.160528977712 87.55095799764 75.191393494606 96.8856811523438 93.9863324165344 109.584828217824 113.626192013423 96.5881844361623 84.6924682458242 98.5478758811951 125.12735525767
123.601963122686 131.979455550512 135.080575942993 137.067049741745 136.32329305013 132.673650979996 144.213408231735 148.847341537476 147.720923026403 151.026566823324 155.65150976181 156.084915002187 154.465119043986 151.395450035731 152.562568585078 148.207982381185 144.089460372925 146.719952424367 147.892157236735 149.679392576218 151.305774847666 148.719658454259 148.14696709315 141.74696803093 139.560997486115 138.680537541707 132.747650146484 124.878853559494 125.895281632741 130.569080511729 126.727322737376 118.378380934397 134.08762216568 140.570133924484 137.217650810877 112.809707721074 93.5609936714172 52.7346034844716 37.9754304885864 59.4231386979421 97.2575545310974 120.941112438838 116.341511408488 100.879400968552 89.0649358431498 93.674898147583 110.345065593719
112.956712643305 129.509965578715 133.193125327428 135.770052671432 138.351500034332 133.550226688385 139.58419362704 148.60588312149 158.258150021235 157.938301563263 154.593368371328 152.913431326548 154.88397081693 152.863283952077 152.370552221934 149.461130301158 144.580821196238 145.733704169591 142.62443780899 140.176773071289 142.17601219813 141.533563534419 140.834311644236 138.528724511464 140.324970086416 147.130886713664 158.06911389033 161.986033121745 151.616096496582 147.449831167857 132.22399353981 118.505040804545 128.691683212916 119.135916233063 68.6455070972443 56.3681224981944 53.9852827787399 43.8312391440074 29.0556848049164 26.1639381448428 29.0104274948438 83.1096072991689 113.827466964722 135.060042142868 149.524023135503 144.794176022212 138.106207052867
115.141848723094 126.14052494367 133.667339881261 135.95308860143 137.186795473099 137.895872195562 131.898800532023 142.651796340942 163.634955883026 162.252048651377 155.157486597697 151.354809602102 153.340637683868 155.845989783605 154.540012280146 150.754352410634 148.278415203094 144.77260907491 137.410819530487 129.763156175613 128.771076599757 131.434579690297 131.020426750183 133.051753044128 136.424481868744 143.306275208791 160.575042168299 173.72332016627 158.990989128749 149.942616621653 124.200115601222 108.679602543513 108.240028222402 99.7935434182485 75.2219359079997 48.3778963486354 53.1759808460871 64.7177199522654 57.3385457197825 40.366105735302 27.9385248819987 47.5351909796397 91.7506814002991 125.089188416799 140.414396921794 135.556091864904 128.030637900035
127.893527348836 131.022532780965 133.937726418177 129.908124605815 123.432487249374 119.596550861994 129.076987504959 134.200513362885 144.698003927867 143.080333868663 141.31752649943 146.387954552968 152.831852436066 153.261482715607 149.448255697886 150.955488284429 150.295635064443 142.495363950729 133.848408857981 126.445949077606 125.234186649323 125.369926293691 127.82609462738 131.553173065186 131.697982549667 135.017981131872 144.986470540365 157.934536536535 145.699997742971 134.421696265539 119.809528191884 100.700398286184 91.6224618752797 103.382627169291 95.3340729077657 70.7389116287231 75.0774542490641 111.672391494115 118.833313385646 96.522331237793 59.3441426753998 47.0449477434158 67.0926074186961 86.2634380658468 84.7725669542948 91.97665254275 97.0083872477214
141.230364640554 137.471834818522 133.478144804637 125.607937574387 113.78342906634 105.272630850474 118.080804745356 117.523491382599 105.363120635351 106.432855129242 122.280418872833 135.043124357859 139.785687128703 144.231617450714 147.492090861003 157.811055580775 159.994413455327 150.222222010295 140.483985344569 135.944336652756 131.380091110865 129.770219326019 130.751748879751 127.293298641841 127.485543489456 130.274673302968 132.735272248586 139.0287677447 134.930183490117 111.196299393972 116.938680410385 108.09314250946 98.794162273407 114.467144012451 116.920322179794 103.836039702098 96.7269440491994 99.585751692454 105.57891925176 102.384150028229 86.6947571436564 67.7813688913981 66.9504006703695 62.7921571334203 43.9627418915431 61.4334990580877 75.6858338912328
