input/barkrak2/radiation/dir27724.grid
NCOLS 85 
NROWS 70 
XLLCORNER 665100 
YLLCORNER 4664600 
CELLSIZE 20 
NODATA_value -9999 
[rows 0 to 19 of 70, columns 0 to 46 of 85]
187.284588813781994 203.103522459666 219.629049301147 240.026493867238 248.932103315989 249.310394128164 243.274251619975 237.51825094223 237.973749637604 240.924557050069 240.141232808431 239.957451820374 238.062858581543 238.813400268555 240.637441476186 230.665802955627 218.744178613027 207.431256771088 203.927020231883 192.460199197133 189.936061700185 205.328543980916 232.251524925232 240.184803803762 242.485821247101 253.761609395345 252.408583958944 237.47980594635 222.327053546906 220.712820688883 216.471552848816 237.385451793671 281.816681226095 281.260848045349 275.7235566775 264.381845792135 268.525719642639 284.033139546712 281.233429908752 278.152843316396 267.535368601481 269.421954949697 280.446588993073 278.671264648438 267.492612202962 271.008610725403 276.66962146759
165.309826533 183.395425478617 199.406047662099 218.28951438268 232.181668281555 237.348139286041 237.156887849172 239.038030306498 247.359991073608 247.360030810038 243.241667747498 241.037348906199 239.732484022776 240.703860918681 240.549743175507 230.4541071256 224.453528722127 215.493718783061 209.926168123881 199.880460898081 204.223354657491 225.735942522685 247.117797533671 250.21501382192 253.574371337891 259.446064631144 254.296898841858 241.093277931213 227.269411087036 222.632189591726 223.446051279704 251.496275266012 283.727367719014 281.826933224996 275.643706321716 266.541481018066 271.697044372559 283.642927805583 279.978593190511 280.446946620941 272.182563940684 270.73723077774 268.517057100932 265.309810638428 262.640277544657 270.857592423757 269.086559613546
127.672721942266 140.90692003568 153.858999411265 166.271875301997 180.518011252085 191.689948240916 202.991823355357 219.506462415059 233.378688494364 234.892646471659 235.230286916097 239.118953545888 247.177282969157 251.065154870351 249.967932701111 253.706653912862 254.119674364726 244.108041127523 226.295709609985 215.842584768931 225.002924601237 239.468773206075 248.806476593018 251.593331495921 256.349126497904 255.850156148275 249.784767627716 240.485727787018 231.719295183818 230.81511259079 239.57633972168 267.574151357015 283.031423886617 283.099909623464 276.410301526388 271.429320176442 278.246303399404 283.130904038747 281.668563683828 278.014719486237 270.248611768087 261.193176110586 248.892923196157 246.551235516866 256.266196568807 268.620709578196 258.525729179382
108.634312947591 108.735412359238 117.218673229218 123.913606007894 131.416777769725 136.529237031937 145.611743132273 163.123001654943 185.174822807312 204.298178354899 219.789206981659 237.230698267619 250.078062216441 254.902144273122 257.845997810364 264.312465985616 261.730849742889 249.60994720459 232.517242431641 225.391884644826 225.132505098979 224.775930245717 236.691613992055 244.656324386597 245.383421579997 246.709287166595 246.322333812714 242.315848668416 240.323583285014 242.716491222382 246.174355347951 272.820035616557 281.423528989156 281.017621358236 276.630342006683 278.837641080221 280.910551548004 280.319531758626 277.914961179097 266.952733198802 259.288112322489 246.698260307312 242.045680681864 255.310495694478 271.551668643951 266.679803530375 247.9381163915
131.055970986684 113.985995451609 100.153664747874 88.2499118645986 90.1027421156565 109.758297602336 132.669051488241 144.347826639811 155.538002649943 164.001752932866 188.225229581197 214.412033557892 231.110056241353 239.784518877665 246.661464373271 250.100155671438 245.503425598145 236.293276151021 229.505976041158 226.122399171193 221.187929312388 218.902369340261 230.434397856394 237.86332209905 240.535616874695 247.147083282471 247.095942497253 244.658211867015 242.782553037008 241.227447986603 248.085459073385 276.715159416199 279.088616371155 277.994116147359 273.733874162038 275.092641512553 275.737822055817 274.482508500417 264.057775338491 255.64303000768 254.073957602183 250.972151756287 255.199591318766 264.773766199748 268.145024776459 249.474962552389 222.196618715922
174.539466698964 144.948263963064 115.495463212331 93.0038094520569 83.2681258519491 94.7907070318858 120.347966750463 140.676399072011 145.25693655014 144.999871651332 156.166235605876 171.077152093252 182.184338569641 189.765075842539 199.957350889842 209.534923235575 212.465266386668 217.568039894104 225.069085756938 230.501234531403 231.015861034393 233.04412762324 233.833471934001 234.976351261139 239.313960075378 245.525161425273 247.069716453552 247.617224852244 246.342738469442 246.496379375458 260.474701722463 277.380406856537 273.850977420807 273.883819580078 271.009663740794 268.866856892904 268.844127655029 265.564461549123 256.012638409932 256.385922431946 256.089568138123 253.217776616414 254.722495873769 258.078416188558 247.328956921895 219.966173171997 194.483061631521
200.688401858012 173.458854357402 150.223731994629 127.563297748566 105.767110983531 93.0490791797638 99.8314917087555 130.65301378568 146.196236213048 154.830038547516 152.063796917597 147.203942139943 142.348070939382 138.306508461634 140.656332174937 157.640278339386 171.971658865611 194.324711958567 216.155151526133 230.486571788788 237.301588058472 240.365823109945 238.291382789612 235.213398933411 237.896760304769 240.529537200928 243.248959382375 245.951513449351 246.56875928243 251.956800619761 264.437913894653 271.862387657166 267.626504103343 263.766924540202 261.779069900513 258.78236691157 258.085370063782 253.667195638021 249.454438686371 245.69578965505 240.135888258616 238.362769285838 244.494160016378 251.17830435435 240.553577740987 229.579607645671 242.115616798401
214.202443758647 201.248009999593 186.72784169515 168.428341547648 142.851889133453 110.798021157583 88.9373918374379 86.7834985256195 121.185978253682 151.843627293905 161.014924446742 157.198319832484 147.726585467656 136.734167734782 123.073796431224 126.712749401728 140.50488670667 159.282177686691 185.989419619242 208.702047665914 223.259548346202 233.749270439148 240.885615348816 236.808141072591 235.030829906464 233.401656150818 234.645764033 236.525456110636 238.691111405691 248.084346453349 259.087522824605 262.996713320414 257.024526596069 251.793225606283 245.40372689565 243.625223636627 247.841397921244 244.282901287079 237.738072872162 221.883018811544 221.176187197367 230.989734331767 248.335421085358 259.323795636495 255.537072817485 254.607379436493 261.667668819427
205.715219179789 205.883145332336 200.139204661051 190.105795860291 174.212952454885 148.330628871918 115.491072336833 86.2048665682475 99.1975764433543 123.139570156733 145.406067371368 157.733062903086 160.719364881516 157.601167758306 143.189509709676 133.403539657593 131.843825181325 136.791388193766 152.324885129929 171.707352002462 190.26788075765 207.136352856954 219.674368699392 217.5532579422 219.474891821543 218.813021977743 219.514707724253 221.515695254008 224.157253901164 234.730839729309 241.2122686704 241.51204029719 238.553047180176 236.895362536112 237.218697865804 238.805592060089 239.224155743917 238.395174344381 232.268532117208 225.471536318461 237.739602724711 251.312216122945 260.473887125651 262.21756140391 254.409909248352 248.661657174428 251.909712950389
152.289152145386 174.327770868937 187.383552392324 187.365651130676 184.296588102976 178.232709566752 158.261557420095 136.696259180705 103.614290555318 94.1130518913269 107.760409514109 135.902434587479 160.248756408691 173.016726970673 172.95777797699 162.280321121216 145.878712336222 139.849980672201 138.747185468674 142.358114322027 153.010924657186 162.77951002121 175.023198127747 184.744894504547 195.201456546783 198.065718015035 198.996484279633 200.558602809906 203.519999980927 211.091538270315 212.552130222321 213.620960712433 220.634241898855 224.566658337911 228.921592235565 230.401217937469 229.157487551371 233.405152956645 231.499433517456 238.277316093445 255.102833112081 262.862881024679 264.82492685318 260.875284671783 252.827604611715 247.852444648743 259.284516175588
82.3471297820409 100.778688987096 123.985379934311 139.614522457123 157.150268554688 173.380255699158 173.846185207367 165.896415710449 134.823898474375 107.415229082108 92.8938885529836 99.7833708922068 130.363057057063 158.921738465627 176.119744777679 165.065099795659 156.024674574534 147.18629916509 137.966682513555 132.064412037532 132.030347983042 133.580098549525 139.341493447622 154.44803237915 170.195579528809 179.491817951202 181.190629800161 181.889990965525 188.875456651052 194.669465223948 198.188583056132 202.132125695546 212.59331703186 216.319978237152 216.843605041504 218.082785606384 223.3593861262 228.983918825785 234.136879444122 249.009331067403 259.418229262034 262.462457021077 261.789421240489 258.891642093658 253.955443700155 256.004571914673 263.018747170766
48.9586045344671 52.5086571772893 53.1934251387914 66.210259993871 86.0852201779683 108.782033125559 125.71985522906 136.240611473719 157.594045003255 139.853050311406 110.443373521169 91.0604695479075 90.4842217763265 107.935200134913 139.200081427892 149.41464861234 159.740308920542 156.711280345917 145.200947920481 133.343587319056 126.131981611252 124.552230040232 124.830861886342 134.326636791229 144.701540470123 152.677436669668 156.611303488413 161.761889855067 169.572393099467 175.038039684296 180.412967999776 186.209956804911 192.278285821279 196.130871772766 197.232762972514 200.154980023702 212.131122748057 224.578261375427 230.381667613983 245.803018411001 253.324170907338 254.503726959229 251.134256521861 245.881994565328 244.175692399343 243.460794289907 249.491016070048
42.2179003556569 33.6643308401108 27.4855891863505 22.9860991239548 19.2484222352505 32.1726078788439 51.0802268981934 73.9604731400808 107.141534487406 108.872880538305 105.579684178034 93.6802426973979 76.4468610286713 75.9660551945368 94.1881934801738 122.060159842173 142.871002356211 150.16500155131 148.298760255178 140.993773937225 131.491581598918 134.220699469248 133.865574995677 134.84130303065 137.315481901169 137.67875234286 142.607897520065 151.653110980988 156.755387783051 158.724864323934 164.486487706502 170.31321922938 171.61484559377 173.715492089589 177.597165107727 183.614134788513 196.735004583995 211.119850476583 214.236160119375 225.164492925008 232.73895184199 234.322468439738 232.439974943797 233.585317929586 231.121023495992 231.81289434433 236.04142665863
38.9750674366951 23.1447170178096 9.13929256300131 3.5216116035978 0.440008977117638 0 4.55573108047247 36.0159352421761 64.5293494065603 87.028443813324 100.116898616155 113.329380750656 104.62741057078 87.8862241903941 85.0963989893595 105.235437552134 119.478046894073 136.084238688151 149.590015411377 151.479532321294 141.236225763957 140.74902733167 139.566630125046 140.167027711868 143.801907698313 142.756511767705 146.38884862264 157.017896572749 157.130897045135 150.639474391937 157.077689965566 163.376222054164 164.801041285197 165.083587169647 169.780910015106 177.914480368296 184.644182523092 190.575242042542 195.373634497325 198.247631390889 204.589903354645 211.521208286285 218.441625436147 225.904643535614 222.231090068817 228.145698706309 229.131837685903
49.0144242842992 22.3751092950503 4.88748960196972 1.08152154522638 0 0 2.71358589331309 21.6140821576118 37.7666105826696 63.5037422180176 89.7718667984009 111.93456252416 126.246651013692 117.569585641225 104.48028643926 102.625876665115 106.943706671397 119.825025399526 137.471735477448 151.445329189301 155.090520779292 150.75542529424 154.931277036667 152.17916170756 151.402612527212 151.315450668335 153.443892796834 156.157523393631 153.843690951665 148.770600557327 152.014752229055 157.206118106842 157.486200332642 157.50315785408 163.353443145752 167.856395244598 169.477581977844 168.550948301951 174.189805984497 175.264477729797 181.991140047709 190.145909786224 197.011768817902 202.74426539739 205.13770977656 210.510114828746 220.603624979655
41.3954978187879 25.8113791545232 4.52186663945516 0.0841465662233531 0 2.05684903388222 13.4302452206612 24.0433936317762 37.4119356274605 53.7458658218384 79.2209853728612 110.719710588455 128.248741229375 133.517215649287 126.202205816905 106.126546859741 96.1770216623942 100.400547186534 116.527636845907 138.838390509288 154.415448506673 151.305854320526 159.951796134313 157.60792295138 153.867344061534 157.250086466471 160.363246997197 157.568673292796 156.454056501389 158.774187167486 157.635321219762 157.500237226486 154.76327141126 152.051309744517 153.074244658152 153.272529443105 150.774081548055 147.91684349378 151.151786247889 153.852959473928 159.524738788605 165.469268957774 169.13781563441 171.828428904215 185.862759749095 192.703525225321 209.249337514242
36.7289061347644 29.2638018727303 9.78143885731697 0 0 3.8304099192222 16.7336290081342 27.9941136638323 41.4461443821589 49.3789960940679 65.0612811247508 92.6057696342468 116.432100534439 127.421120802561 132.033367951711 128.795524438222 123.639484246572 114.673286676407 105.877151091894 115.431527296702 136.949002742767 151.996821165085 156.048427025477 154.108981291453 150.604724884033 154.515981674194 170.64360777537 167.700429757436 166.562795639038 173.833509286245 170.767923196157 159.330974022547 152.449240287145 147.783279418945 143.067379792531 142.001211643219 136.802693208059 134.68802968661 136.877487103144 141.412705183029 144.066383441289 148.09379975001 151.652942101161 154.16407585144 173.932810624441 185.434381167094 196.022570133209
32.3269466559092 31.9201126694679 21.2314675251643 0.0677215090642373 0.137328946342071 9.97270767887433 22.6598332325617 38.5914991299311 50.8128752311071 57.6078792413076 64.2920633157094 79.8538774251938 102.936009565989 117.363035678864 133.29150279363 144.141137599945 147.302895784378 138.096541166306 121.123472849528 109.799643357595 119.24335360527 141.088326772054 149.993677934011 151.36397878329 154.174983501434 158.221006393433 160.85621714592 163.521349430084 167.576829592387 182.536602020264 176.756580670675 165.308048327764 156.577457984289 146.880785624186 140.926440556844 137.880007425944 134.929875532786 133.784184853236 134.466965993245 136.933187643687 138.568907976151 140.462398529053 141.728907823563 147.240221500397 160.732378562291 176.338712374369 187.1524254481
33.9192748069763 41.014035542806 39.5594711105029 9.17354101936022 5.57268721361955 21.402932703495 34.2280218998591 48.6315190792084 63.4061594804128 76.3319581747055 83.782970905304 85.5834086736043 93.9406156539917 102.321684360504 120.449562867482 138.310015201569 145.294060309728 148.41440320015 146.377623081207 132.547716299693 115.905384222666 125.931928555171 136.504044135412 144.212424755096 156.333148479462 160.114318132401 159.642428159714 159.182757139206 156.279981136322 161.052336295446 159.874419371287 151.862959067027 160.700142383575 150.236626466115 145.013858874639 139.634152253469 138.123114903768 134.029418230057 133.678485949834 137.377152840296 140.508353710175 142.795006434123 142.444878816605 143.254220485687 145.511408646901 162.215292453766 169.268508752187
35.2650135755539 36.4769945542018 49.6320525805155 36.5277578433355 23.6683413386345 35.73905924956 38.0297154188156 49.7881968816121 61.9120647509893 77.3270229498545 85.5607688426971 81.9149514039357 84.1733415921529 90.074360370636 102.758983771006 123.157838980357 132.47475028038 139.615118503571 145.040353139242 147.509465614955 139.579117298126 125.425755977631 127.895563840866 134.465823570887 147.570272286733 152.643144130707 153.9153556029 155.85865577062 150.12933810552 150.509695212046 137.570828199387 135.157922903697 138.85685801506 132.444530725479 147.619595130285 142.394125461578 138.104488452276 128.969411055247 126.569330692291 134.646236896515 141.422728697459 144.176512956619 147.357175747553 144.677718480428 141.459673643112 152.709782123566 153.264900048574
