input/barkrak2/radiation/dir24124.grid
NCOLS 85 
NROWS 70 
XLLCORNER 665100 
YLLCORNER 4664600 
CELLSIZE 20 
NODATA_value -9999 
[rows 20 to 39 of 70, columns 0 to 45 of 85]
113.951454559962 103.715231021245 112.901310125987 142.787555853526 139.642477035522 117.638995250066 110.342492659887 120.21259466807 132.40506251653 146.056512991587 161.114166180293 163.04620107015 160.9834531943 164.915899435679 173.928141593933 195.334275563558 206.401666005452 217.604955037435 232.918977737427 247.870604197184 256.427407264709 249.351143836975 251.917401949565 256.29327694575 258.886873722076 260.857621828715 260.552883148193 264.430503050486 267.483870188395 265.218138694763 258.134086926778 243.950068950653 228.997429211934 218.901991844177 214.567681153615 220.819751421611 220.459759235382 222.659389177958 227.597177028656 231.854557991028 233.239869276683 233.577370643616 235.97917954127 229.56915696462 234.387854735057 239.571849505107
146.597703297933 137.250443299611 138.922353585561 169.414778550466 166.993975639343 122.492452462514 120.095948378245 131.020536025365 139.605234066645 145.777006944021 153.370440006256 157.213022311529 159.373124440511 153.730342785517 163.481046756109 176.697373390198 190.273602803548 203.79231373469 212.778369585673 230.392734209696 235.713938872019 247.151573499044 251.881460348765 249.971151351929 242.180844148 230.54979244868 222.611169020335 219.235678513845 225.088993708293 215.328653653463 200.849910577138 176.167825857798 170.081575711568 162.391523520152 167.585810025533 188.55474392573 197.48196999232 214.923024177551 227.260271708171 227.582673231761 225.444734096527 224.384228388468 216.946522394816 199.084957440694 222.550988197327 233.351329962413
192.82998641332 193.200329939524 182.944357395172 189.434091250102 189.413030942281 148.824830849965 145.338634649913 139.259417851766 136.936555306117 140.380163987478 151.231467723846 157.937129338582 162.486553192139 160.468578338623 162.239263455073 169.046680132548 181.889514128367 193.634231885274 202.66991853714 205.303986867269 210.938096046448 223.497649033864 235.040783882141 237.671156724294 237.263162930806 228.246291478475 215.532898902893 208.351969718933 207.784454027812 192.501505215963 168.042838573456 122.32114871343 93.9766069253286 90.9766058127085 122.581303119659 149.071455001831 171.054760615031 194.514791170756 209.698895613352 213.103155295054 217.453936735789 218.473553657532 192.604998747508 166.683117548625 199.150760968526 229.558189709981
225.124875704447 220.240394274394 199.180106321971 195.538461208344 194.628675778707 185.609658559163 166.584302981695 146.304865678151 133.334904909134 134.745200475057 149.264792601267 162.358542283376 165.702184041341 173.331002394358 170.419792334239 172.277490297953 179.637312889099 191.08792146047 198.081135749817 190.894226233164 189.727584520976 194.282551606496 205.611924330393 215.670545895894 220.769762992859 217.856864134471 207.746664683024 192.517797152201 173.562328020732 144.963552554448 118.764370679855 93.5091475645701 53.9459139108658 19.6866815288862 22.0669855674108 52.6820818583171 95.5347418785095 129.076679547628 157.185236612956 169.615646203359 170.134981473287 155.471404393514 150.457272926966 179.6715259552 187.177856763204 218.571881453196
219.870070616404 218.687911828359 210.671742757161 198.515693346659 186.065157254537 185.212095578512 170.621017615 158.27997525533 145.184695720673 139.74337776502 147.825260957082 156.694630781809 161.858985821406 172.950347264608 173.122644424438 172.170678774516 179.858088493347 191.663384437561 197.03616698583 189.420084158579 188.583413759867 184.983770052592 192.445317904154 198.430458704631 199.907024701436 199.815114339193 191.599428653717 178.746918837229 157.918900251389 111.320277055105 94.9852267901103 90.7875895500183 66.2932942310969 18.4255912899971 14.7979333996773 38.1182158986727 59.1103285551071 78.2261391480764 100.428481896718 122.073660294215 113.660593827566 105.170369148254 125.897337992986 206.699887911479 207.771380742391 223.184049129486
208.570639292399 213.740547498067 216.714322566986 200.65301656723 186.938305695852 186.364531517029 182.210246721903 185.963094234467 183.836579322815 168.480118115743 163.79181543986 171.403328577677 175.473014513652 184.421261151632 184.829811255137 178.762435913086 178.680857022603 190.850774447123 197.139541308085 201.989471912384 204.867343107859 198.8472143809 193.019032478333 190.882007280986 190.314332644145 188.351591428121 181.458334128062 171.637276808421 143.974045912425 125.80539782842 121.509263912837 134.082396825155 130.702952543894 73.5891362031301 45.6562787294388 54.7959506511688 61.2077613671621 69.8359161615372 88.8521571954091 89.5771384239197 81.0593217611313 89.2030994097392 134.231090545654 203.537503878276 222.19055891037 229.882677396139
208.812038103739 213.16126982371 216.889798641205 205.133477846781 202.651798725128 203.361332416534 206.267257531484 210.979541142782 214.167654514313 206.919054190318 188.809911410014 193.794310092926 194.688002268473 202.838857968648 200.292527675629 187.213559945424 185.038467248281 195.398370424906 202.309091885885 215.130984783173 217.737952868144 216.01680914561 203.947405020396 195.197562376658 192.274649937948 191.527485847473 183.780948321025 176.069796085358 157.66496459643 159.278362989426 175.680836041768 201.227903366089 209.049145380656 202.337622642517 146.352499723434 81.5121481815974 76.3286252816518 78.7230978409449 90.9358263015747 89.6102984746297 100.725601116816 139.491051435471 168.922583262126 196.301698684692 220.521688461304 225.637952486674
212.072551250458 208.953042825063 211.169540882111 206.94641272227 231.258829434713 225.783228874207 224.983294804891 220.312416553497 223.476449648539 223.747889200846 205.907781918844 198.610643545787 201.55402024587 204.786916573842 206.730345884959 200.800061225891 196.168998877207 204.815983772278 215.86420138677 220.428228378296 219.781796137492 208.224892616272 204.223235448202 203.059236208598 201.736648877462 198.034425576528 191.782593727112 188.381314277649 184.824029604594 198.238730430603 215.550382932027 228.862901528676 234.262228012085 246.944546699524 235.589385032654 144.87158258756 97.9496836662292 86.6094628969828 85.4279299577077 94.8999424775441 137.475570042928 208.412249883016 190.162738164266 184.368491172791 197.79509305954 203.595757484436
212.14101711909 200.76314608256 203.581551710765 212.85734574 252.043962478638 235.225339730581 221.702933311462 213.400701681773 210.951209068298 208.537757396698 201.720575491587 191.214422384898 200.032114982605 202.650268872579 207.661648591359 210.757692654928 207.31262365977 201.596438884735 212.826112906138 212.590515613556 211.114287376404 201.639453570048 202.521443367004 207.480390866598 207.509915033976 199.280937512716 200.488249460856 196.919123331706 194.029450416565 210.947950681051 230.79921801885 245.468179384867 249.29545323054 249.57283337911 257.283826669057 216.214776039124 114.498515923818 73.7180213133494 61.5587731202443 80.6522071361542 149.280965328217 196.154654026031 178.359627723694 152.951747179031 159.52080488205 164.345373709997
208.229740460714 192.839960257212 198.088129361471 222.681681315104 251.579960187276 232.799311478933 208.403666814168 189.725160598755 177.174290021261 174.520015716553 175.045112768809 178.612907727559 192.951659361521 205.317556858063 209.865053494771 213.994224866231 214.548965295156 199.216405550639 203.143000602722 201.732516288757 203.493813673655 202.375829219818 202.679832776388 207.660794258118 211.160163084666 204.696933428446 207.639733950297 201.425353686015 200.992266337077 216.345588366191 239.945590496063 255.956927935282 253.611544768016 251.458505789439 262.02529668808 263.081431388855 204.797963301341 115.514596303304 87.1107578277588 95.308244228363 128.204276164373 147.498369216919 158.458769321442 125.322649876277 125.368734200795 131.66735569636
201.116402943929 207.586785157522 237.208267052968 282.522002855937 276.786386966705 239.209234714508 201.724787553151 169.899721940358 157.945076624552 165.564298629761 160.772502422333 160.047799348831 184.306800365448 203.689773877462 213.757157325745 219.642341136932 218.26692422231 206.751465797424 205.32629887263 204.436322053274 202.767630418142 207.342048486074 209.640145301819 212.215383847555 212.873379389445 216.317772865295 214.939753214518 211.698015530904 210.518678029378 226.946453253428 248.438696066538 260.087887446086 255.845228830973 260.378321011861 268.876135349274 273.369431495667 271.399855613708 245.194415251414 165.138343969981 120.702793200811 110.697398583094 112.629473209381 133.388469616572 122.157375017802 117.173532644908 139.813552300135
219.576199849447 253.457407156626 290.027022361755 306.530058383942 316.513478755951 279.021223386129 232.582728068034 191.557168960571 178.547859191895 189.489086469014 181.831876436869 168.17973057429 179.395079612732 201.072911421458 218.580365180969 221.584359804789 220.311125119527 216.457684834798 210.149804751078 207.542280356089 209.115862846375 213.174899419149 214.532156785329 213.711698849996 215.785324573517 226.641694704692 226.442515850067 228.599508603414 228.404959042867 237.5301917394 252.538422743479 260.637402534485 263.382196426392 271.080374717712 277.212738990784 268.48574479421 269.481658935547 284.643650054932 244.968990484873 168.033838272095 121.326595544815 115.146617094676 119.792977968852 129.142036040624 145.50722638766 174.647053082784
270.021220048269 295.318762461344 303.751826286316 300.193210442861 314.310610294342 315.179030100505 289.752920468648 255.161861578623 228.079895178477 225.089490413666 222.081104914347 199.324250221252 183.294892311096 199.604074160258 219.841102759043 225.274642308553 221.743067105611 224.680384000142 211.094458897909 208.021859327952 212.838768959045 214.694360891978 215.220729509989 214.778443177541 218.146681785583 228.867570559184 235.752403736115 240.728437900543 239.333550135295 241.339902083079 255.133211612701 265.161077181498 264.333049456279 263.502418994904 266.283452510834 255.714992682139 257.414182027181 262.242654959361 236.720204353333 189.83922402064 155.012230078379 137.522379557292 129.088014364243 132.612099250158 147.517184416453 180.841366449992
291.895190874736 299.964686234792 296.439111232758 288.103739420573 292.819301287333 306.89932902654 308.544417222341 287.158111731211 260.780652364095 250.055233637492 248.651643594106 231.800019741058 208.332220713298 208.013693491618 217.98316637675 220.670620600382 217.106540997823 218.516747156779 211.258153120677 214.608271916707 213.587085405986 213.410337766012 211.609641710917 210.143546263377 216.836253801982 226.680437723796 237.380107243856 238.149762153625 240.565915902456 245.940804481506 257.566829522451 259.370923042297 247.650901476542 240.694979826609 244.256695111593 225.063025951385 223.732670148214 214.726110299428 188.340425491333 171.322604020437 182.896455128988 170.422971248627 150.195022424062 138.458997011185 138.360997041066 156.902412573496
297.622462113698 297.647416591644 301.276644070943 291.978100935618 288.091937700907 296.276350816091 310.580193996429 308.912634849548 282.79314438502 260.249555110931 252.248406410217 246.752083301544 235.424915949504 223.070323467255 220.221141974131 221.212903658549 217.914382616679 215.335508187612 215.223729610443 217.587312062581 213.236232598623 212.336917718252 213.263630867004 214.125831921895 217.836757500966 223.975876967112 233.021219571431 231.390635172526 234.832227230072 247.841954231262 254.303495089213 247.638245423635 234.75573460261 233.744462331136 227.037469546 209.949851036072 212.948242823283 211.225211620331 202.495714028676 196.35546207428 203.625023365021 208.533028761546 190.259079138438 170.699616273244 153.124173482259 145.261158545812
308.257857958476 307.620962460836 311.949193477631 308.31778049469 301.236510276794 301.670968532562 311.203201611837 318.0846174558 294.649759928385 266.269087791443 252.028008302053 250.701864560445 252.68026192983 235.375583171844 225.942254066467 229.641715685527 223.698616027832 215.309778849284 219.159821669261 221.771458784739 220.492482185364 215.808868408203 218.988696734111 223.823467890422 221.441070238749 224.84544912974 227.954149246216 225.455164909363 230.237523714701 245.891074339549 249.993602434794 243.032356103261 237.109065055847 238.070209821065 222.237149874369 215.684175491333 221.415340900421 225.968480110168 229.841729005178 226.113160451253 196.405152479808 196.508904298147 185.182849566142 171.188076337179 151.87128384908 131.373186906179
309.956391652425 310.21382411321 313.424547513326 311.914881070455 304.920136928558 300.822893778483 307.584603627523 318.11402241389 300.497154394786 267.097254594167 251.726607481639 249.195953210195 252.051552136739 237.817863623301 226.04501247406 231.325745582581 233.760714530945 223.515351613363 225.821852684021 229.306876659393 229.789316654205 224.382142225901 224.280496438344 227.302928765615 224.839131037394 224.066058794657 228.137930234273 232.813060283661 235.580325126648 245.649218559265 250.875055789948 246.062099933624 239.149153232574 238.108615080516 221.733252207438 224.904656410217 228.784044583639 233.324825763702 234.742859999339 224.592487017314 172.783493995667 146.237899859746 133.237332105637 125.10492404302 120.854516824087 110.722839832306
304.833511511485 308.732608954112 313.128630320231 311.053971449534 305.787662665049 304.568191369375 308.901409308116 315.516094366709 308.553735415141 276.913265387217 261.811892191569 251.445571581523 242.50598748525 232.365111509959 224.140008290609 228.916923205058 240.992943445841 233.561396598816 229.861338933309 232.014973958333 232.257485389709 229.290207227071 224.369565645854 225.526432196299 226.037859916687 224.900225798289 227.164963881175 235.739509264628 239.667077859243 242.384552955627 248.320778210958 249.072591463725 241.793831189473 227.773865063985 215.186774730682 232.606510321299 241.01589123408 241.245826085409 234.699348608653 228.478610515594 166.931430498759 111.323455969493 87.9908800125122 77.0723124345144 76.9515583912532 81.3542703787486
284.904380639394 292.590459187826 297.882974147797 299.02442296346 301.176826159159 307.125767072042 311.870416005452 314.340591430664 311.153292655945 292.964994907379 275.532603263855 257.248759269714 243.214190006256 240.542670090993 232.277750968933 225.79300403595 237.412492434184 236.067672570546 230.877280235291 230.177124341329 228.846470514933 226.629078388214 222.573041915894 223.25074672699 226.351698239644 229.841411113739 226.513067881266 232.329825560252 237.637599309285 238.417486349742 244.661649068197 250.298301378886 238.205949465434 214.475512504578 220.840334892273 247.53483136495 252.133786678314 246.191362539927 235.071857770284 235.317627588908 213.191827138265 141.571660836538 91.1058485507965 75.1216908295949 71.5894301732381 67.3167059818904
256.797850131989 262.69672314326 262.383898099263 271.042029062907 283.159891764323 294.975956281026 304.091930389404 310.126046339671 309.65522925059 296.683351198832 272.925813992818 252.057015895844 240.138590335846 237.561206022898 232.979019482931 226.693391799927 232.665042082469 231.056829293569 224.712252616882 222.58069117864 225.247283776601 229.374607404073 225.621779759725 222.233275572459 220.738212267558 223.643183708191 226.944963137309 230.818152427673 235.90761423111 236.548006534576 236.71023050944 243.025441964467 230.581720670064 216.742316881816 244.11016702652 260.796666145325 255.730191866557 248.668968677521 241.935133934021 246.693233648936 264.810780684153 245.814700921377 171.460549036662 119.427581628164 88.0965093771617 68.6135441064835
