input/barkrak2/radiation/dir25224.grid
NCOLS 85 
NROWS 70 
XLLCORNER 665100 
YLLCORNER 4664600 
CELLSIZE 20 
NODATA_value -9999 
[rows 20 to 39 of 70, columns 0 to 45 of 85]
92.6970144112905 80.4582983255386 87.7263943354289 112.594296534856 109.229365984599 94.1201249758403 86.8405302365621 97.7672239144643 110.225657622019 123.858124017715 134.55996910731 131.537129481634 125.519076983134 130.777458349864 139.435897270838 157.329589128494 169.378519058228 179.638822873433 193.948368231455 211.556335290273 216.699461142222 205.783506234487 206.380883852641 207.593262195587 211.815019448598 210.07239818573 207.948823769887 210.035959879557 205.563505490621 213.393012682597 213.386158148448 219.044327735901 202.076554298401 191.457470258077 186.548928419749 192.959606647491 192.42803255717 194.513022899628 198.585788408915 203.835487365723 205.342213312785 204.95617389679 208.532452583313 201.611757278442 206.738114356995 212.290108203888
123.374342918396 112.35123872757 109.747399886449 137.725293636322 135.477970043818 97.1450209617615 97.3994632562001 108.779191970825 117.651641368866 123.913149038951 127.188593149185 124.65105454127 121.08114361763 121.045152346293 131.050129731496 145.611554384232 159.538606802622 170.26698589325 183.570345242818 197.357555230459 208.860615889231 219.627976417542 221.519847710927 220.690568288167 213.324129581451 198.78762960434 191.810329755147 188.621540864309 189.74240620931 175.844490528107 172.256747881571 144.197305043538 128.00258398056 117.571632067362 137.550830841064 158.935050169627 168.098310629527 186.012387275696 198.873956998189 199.333449204763 197.133302688599 195.246160030365 188.508113225301 169.653157393138 194.170296192169 206.954896450043
170.00671227773 168.419182300568 153.822928667068 158.089061578115 157.290488481522 119.460165500641 120.624820391337 117.31078227361 114.997287591298 118.381500244141 123.139182726542 126.714378595352 131.412406762441 133.256018161774 136.161327362061 144.409199555715 155.667096376419 168.943285942078 178.142607212067 179.327388604482 185.280799865723 200.770040353139 210.771302382151 213.863511880239 211.961368719737 201.146344343821 184.221625328064 179.430405298869 175.849119822184 156.705518563588 135.865658521652 94.30792927742 64.3270313739777 54.4193834066391 57.4614653984706 85.4013959566752 109.481006860733 149.368315935135 168.130815029144 180.902381738027 188.71545791626 190.77589114507 161.195516586304 136.983821789424 170.242627461751 203.129728635152
204.765597979228 197.956959406535 171.819011370341 164.586414893468 162.723243236542 155.75165549914 141.000727812449 122.326374053955 111.240724722544 114.970316489538 125.212361415227 130.431830883026 140.609711408615 148.902922868729 145.695130030314 147.338579098384 154.837906360626 166.309038798014 173.371553421021 165.844659010569 165.303289890289 170.366624991099 183.532039324443 192.041118939718 194.11031405131 193.179726600647 174.939115842183 171.667853991191 151.758859554927 115.851998329163 84.1316084067027 70.2160596847534 38.538321852684 7.41195306181908 5.20618011554082 18.8728993137677 55.3113321463267 81.8716535965602 100.170115629832 117.100149393082 125.043461720149 117.611984411875 122.610628604889 150.3799756368 161.810745795568 194.039781888326
200.340946515401 198.35505882899 185.89727083842 168.007413546244 154.290219148 155.194332202276 144.118438164393 133.833269278208 121.825923522313 117.950578530629 123.708496491114 131.818135579427 137.71257797877 148.143430550893 148.100167512894 147.420694430669 154.851148525874 166.589130957921 173.918128013611 164.100517829259 165.18497467041 161.909520626068 169.724543889364 174.040853977203 175.77330271403 174.26453034083 161.108464002609 156.361679236094 132.318864266078 87.9715482393901 72.7791637182236 69.6481615304947 47.3316808541616 7.45479576289654 4.87353994200627 20.1559898753961 39.8896808425585 54.2512685060501 67.1840210755666 71.7077404260635 70.2013671398163 65.227081378301 93.4902926286062 180.529316266378 183.130482832591 193.821946779887
187.772194544474 193.158507347107 193.66455078125 172.228733698527 154.741585254669 156.347254912059 155.758907397588 161.854267120361 160.904993613561 148.33590388298 137.704163789749 148.635804653168 151.332249244054 160.159011681875 160.036623477936 153.837472200394 156.714866558711 167.400638262431 173.288782437642 176.720817883809 179.889996846517 176.090319951375 170.249660809835 166.155417760213 163.905600706736 165.390074253082 155.846218268077 142.548928658168 119.12144223849 104.72051302592 102.495282888412 113.752245903015 108.833571275075 49.8166332642237 26.2555802861849 37.5283360481262 43.1039929389954 51.5538503726323 59.8899821440379 56.0767203569412 47.9464034239451 53.1365573406219 102.429618438085 180.513719717662 200.578411420186 205.300370852152
187.539835770925 192.647556463877 194.987018903097 178.49322160085 171.121954917908 174.629410107931 181.486785411835 189.181983470917 195.86984316508 188.267985979716 165.68989555041 171.965499718984 172.694762547811 178.973297278086 175.560394922892 162.26668159167 160.100171963374 171.865880489349 175.782799720764 190.582036972046 191.592156887054 189.708312352498 179.032822450002 169.881542523702 166.932642459869 165.140420198441 157.669881979624 146.297772725423 136.056502660116 140.064587195714 155.511379241943 181.009630362193 189.533273379008 178.499182065328 113.389025131861 60.8451465765635 57.5040876865387 59.8173489173253 61.6173247496287 54.1530897219976 71.3984022537867 106.197049220403 147.665023803711 179.18199300766 200.207273165385 203.175663948059
190.498391787211 188.064098358154 189.815084139506 181.631902853648 201.295435428619 199.34610525767 204.972545305888 203.250527381897 206.764936447144 204.855740070343 185.336649417877 179.025868574778 178.788383801778 179.123421510061 178.663571675618 174.237628777822 167.670945326487 175.112903118134 187.855442365011 192.62691338857 191.673894723256 181.571920712789 177.501698335012 177.996039390564 176.613092422485 173.190812269847 166.809062163035 165.415982405345 167.734066645304 180.036505063375 197.048306465149 209.759175777435 216.823478539785 229.042808214823 208.699584007263 115.75319369634 76.1563877264659 65.9774541854858 61.1620595057805 52.5699158509572 99.0995764732361 180.507222811381 171.691656112671 166.741271813711 175.862590471903 170.962552229563
191.506107648214 179.449756940206 181.872765223185 187.258740266164 223.720828692118 211.030840873718 203.189114729563 196.251690387726 194.725612799327 189.457694689433 178.882718086243 168.335179487864 173.376699288686 176.600217819214 180.541654427846 182.968596617381 177.112698554993 174.228052298228 184.60343281428 186.164855957031 184.374849001567 176.168481508891 175.609290599823 182.344754536947 182.881514231364 176.061729590098 176.771779855092 174.59491888682 176.627020041148 193.839232126872 213.940342267354 227.872649828593 232.994735240936 233.798027038574 237.848083178202 187.101940313975 86.92866563797 53.5475462675095 42.8509563207626 48.6944913864136 113.349219163259 170.409083366394 159.364362557729 124.406059583028 127.85013516744 123.830010493596
182.822744051615 171.595692634583 175.907731056213 196.694930394491 223.694483439128 208.921790122986 188.544432322184 169.834693272909 153.572191794713 150.100181500117 152.03536550204 153.775453567505 164.605428775152 177.263041337331 182.501018047333 189.854999383291 185.836275418599 172.582228978475 175.753871599833 177.72122224172 176.36650800705 176.742712656657 177.002330621084 182.423830032349 186.653832594554 180.520157019297 183.562854925791 177.901009718577 180.056532224019 200.70493221283 224.004924297333 239.670674006144 238.024731477102 236.223916212718 247.16055393219 243.230541547139 174.82062180837 86.1055850982666 65.3312454620997 72.7576414744059 104.913771152496 125.231663386027 135.520348946253 99.5861887931824 92.775156100591 100.723167260488
182.496349016825 187.942723433177 217.045664787292 261.507471402486 252.463320891062 217.154026031494 180.020888646444 148.028453191121 132.860958576202 139.416585365931 137.986640135447 126.467496156693 159.18642282486 177.611867586772 187.801082928975 193.611145019531 191.588739554087 179.125626881917 177.806437015533 180.268406867981 176.962395509084 182.800650596619 185.085614522298 186.681667963664 189.951340357463 193.431476751963 191.967844963074 191.190600395203 190.261522928874 209.315677483877 233.086983362834 244.523525238037 240.459561347961 246.142069498698 256.427605946859 260.646084944407 252.048492431641 217.52268075943 137.288411458333 96.9698230425517 87.2792601585388 88.6668463548024 109.297573566437 96.2656239668528 92.7141110102336 108.646899461746
200.578431288401 236.033995946248 276.728848616282 296.225229899089 300.933202107747 260.003705819448 209.917902946472 170.846184094747 158.889244000117 169.264058272044 156.480928262075 139.16140794754 152.324577172597 174.949924151103 192.484080791473 198.698242505391 196.398178736369 191.184421380361 183.468659718831 184.417049090068 184.616883595785 188.920140266418 191.587706406911 190.892597039541 193.642397721608 204.100489616394 205.336848894755 207.1759502093 209.362705548604 220.038096110026 236.238936583201 245.976269245148 248.794158299764 255.979160467784 263.503432273865 257.577896118164 255.611777305603 264.781912167867 217.352032661438 137.030869722366 95.5084164937337 92.2588109970093 97.5768864154816 97.0466732978821 111.887137095133 134.324451287587
255.571484565735 284.796873728434 297.331293423971 295.024991035461 308.496276537577 304.298996925354 274.382551511129 238.494912783305 211.457769076029 200.011372566223 193.372885386149 173.574725786845 158.935010433197 172.383725643158 194.789151350657 201.907336711884 196.222682793935 199.015001455943 186.470150947571 184.307336807251 190.792123476664 192.832112312317 193.347970644633 192.831834157308 196.490049362183 209.776083628337 214.679519335429 220.552980899811 221.803685029348 224.225560824076 238.042553265889 249.477426211039 249.220291773478 247.791985670725 250.293533007304 238.78804842631 241.408209005992 241.327106952667 210.340758164724 158.995280663172 123.900324106216 113.307138284047 103.975653648376 95.6864555676778 114.75678284963 142.008860905965
284.258206685384 297.330896059672 294.758359591166 286.28275791804 293.670614560445 305.561602115631 302.518645922343 274.933656056722 240.212619304657 222.251693407694 224.724312623342 210.511902968089 184.172113736471 183.961153030396 194.713274637858 198.09490442276 192.573308944702 195.03261645635 188.478171825409 189.332922299703 188.346823056539 190.078953901927 188.210248947144 188.907027244568 196.023245652517 206.5522869428 219.048619270325 220.547040303548 221.231937408447 229.471822579702 241.961121559143 242.644170920054 230.20339012146 221.737643082937 224.576572577159 205.788135528564 204.857230186462 193.45897436142 162.4869008859 139.804581801097 152.418822050095 145.232518513997 122.576177120209 103.777607282003 100.863436857859 123.497247695923
294.105311234792 297.029236952464 300.002257029216 291.358947753906 289.67805703481 296.332955360413 305.347661177317 294.318834940592 260.757764180501 234.90575949351 229.95513677597 227.278033892314 213.988025983175 201.16517941157 197.200735410055 196.691632270813 192.78085231781 188.467125097911 188.764611879985 190.883696079254 188.368896643321 187.417129675547 188.403983910879 190.691987673442 194.915890693665 200.968464215597 211.514373620351 209.979633490245 214.627047379812 228.453079859416 237.248142560323 230.059901873271 217.228213946025 214.64741230011 207.436919212341 189.685563246409 193.151513735453 191.023230552673 178.696433703105 165.197908878326 173.68084192276 179.802974065145 154.392937819163 131.699293851852 117.146819829941 109.363009532293
301.957507928212 302.056630452474 305.042386054993 302.496492862701 296.151379744212 295.533974965413 302.747368812561 302.826980749766 270.688533782959 241.757432619731 230.096141497294 227.441628774007 227.989375591278 210.67875623703 200.024565060933 201.26473903656 196.162025133769 186.630169550578 192.181169986725 193.94971927007 191.684206326803 187.253514925639 191.853662331899 195.557077725728 193.672716617584 199.013908704122 202.76806751887 202.434460322062 207.578778266907 225.935459136963 231.254478295644 224.645475546519 219.712336858114 220.65140803655 202.945609887441 195.975184440613 201.753795146942 207.224428653717 209.071576595306 196.733295917511 162.079632282257 156.438241402308 147.153039773305 132.408459981283 118.468085924784 101.157039403915
296.680192152659 297.943592071533 300.955653190613 300.385316212972 293.154497941335 289.286355177561 296.846330165863 303.22128534317 277.796367804209 243.463794390361 229.201157887777 225.648601849874 227.24707921346 208.719074726105 195.579290390015 203.457117080688 205.239812533061 194.282333056132 194.630185763041 199.245790640513 198.031584421794 190.491239229838 192.243893941243 194.010237852732 193.10341278712 192.751924196879 200.045625368754 206.529478232066 210.332492987315 223.027984301249 230.602939923604 227.352857589722 221.593658129374 221.658746401469 203.502615292867 206.141312917074 209.327896436056 215.135455131531 216.454486052195 198.17308584849 134.898920853933 107.882559299469 93.7948524951935 86.1098865667979 86.9415799776713 86.3017539183299
285.741746425629 291.442394256592 297.603706518809 296.006719271342 291.781743367513 292.613605658213 298.185408115387 303.262750307719 290.60173034668 254.11601861318 235.512852668762 223.30641746521 210.321307182312 202.872554461161 190.066456794739 198.195656140645 207.687417666117 200.076003869375 192.503968874613 198.848823706309 197.071035703023 192.010819911957 190.276741981506 192.136804262797 192.896564801534 193.337559700012 196.312705675761 206.557373205821 209.671358267466 215.385635693868 225.989937782288 229.986389478048 224.732120831807 202.129979928335 197.173317273458 214.79594707489 222.584843635559 224.369744459788 217.894911766052 206.246415774027 130.590657393138 75.8157670497894 57.9190750916799 49.1836865743001 52.3470938205719 58.7176183859507
258.48114490509 268.556873003642 275.31639734904 278.056879838308 281.778375307719 291.728059450785 298.206528027852 301.993270715078 295.465509096781 269.690314928691 240.455269813538 222.52360979716 205.395897229513 202.878594398499 195.09623448054 188.435693581899 202.268421649933 201.575775941213 193.511366844177 194.60787375768 194.853583971659 190.821707248688 186.579525470734 189.451972643534 192.528208096822 196.403662363688 197.179754575094 202.213943004608 206.785420576731 209.126492341359 216.866215070089 228.321512540181 221.097509066264 196.995874245962 202.724039554596 230.201860268911 235.293487707774 228.978117307027 219.57790851593 218.641638755798 185.959378878276 102.823615074158 58.7949057420095 47.0096816619237 49.2281764745712 47.4165380001068
226.07429822286 231.560111045837 231.262624263763 240.928530693054 255.0235191981 267.954071362813 278.512358665466 285.946170488993 281.755884488424 261.481960614522 238.19758494695 218.1183497111 204.352517922719 201.430519421895 198.238253593445 190.958460172017 197.192390759786 197.179098924001 188.703735669454 187.909086545308 192.769805590312 195.282657941182 194.914619127909 189.60956732432 188.126921653748 191.679120063782 198.877990245819 201.629459857941 205.977241198222 206.775943438212 208.842953046163 218.136926492055 212.238649527232 199.634850025177 227.868517239889 244.586129983266 239.692687988281 231.788734594981 226.843516031901 234.240551789602 247.699399789174 216.244677702586 133.61053665479 85.1601858933767 63.014750679334 44.7941521803538
