input/barkrak2/radiation/dir21924.grid
NCOLS 85 
NROWS 70 
XLLCORNER 665100 
YLLCORNER 4664600 
CELLSIZE 20 
NODATA_value -9999 
[rows 20 to 39 of 70, columns 0 to 45 of 85]
159.210493167241 149.48691924413 163.472731908162 201.049367586772 196.447094281514 161.617388327916 148.724367221197 156.665503978729 171.950022379557 188.138127326965 201.338489850362 207.057694594065 210.77287197113 217.798411846161 227.637549241384 248.58025709788 263.207058111827 275.325040022532 294.586300849915 310.628294944763 315.074324607849 305.405100186666 303.873439629873 305.998702843984 307.514826456706 309.294919172923 311.323364575704 309.207161267598 305.86036046346 304.980238278707 298.107882340749 285.407960414886 273.887912432353 267.233630021413 264.628926912944 270.375152428945 270.377894242605 272.751053174337 276.866217454274 281.458854675293 282.551805178324 281.650801499685 284.297406673431 279.129147529602 283.204972743988 287.475744883219
189.66011206309 184.842944145203 195.960919062297 227.584520975749 224.675377209981 169.300854206085 161.0493461291 166.300088167191 174.748301506042 184.630811214447 195.480783780416 202.804585297902 207.725803057353 206.198175748189 218.38653087616 233.604331811269 251.617232958476 263.802727063497 279.501497745514 295.807321866353 308.453400929769 318.187336126963 320.820132891337 319.533626238505 314.260601997375 307.762145996094 303.759515285492 298.989355564117 300.052384535472 291.976571083069 275.738656520844 243.407011032104 221.109728018443 216.16276105245 223.118325074514 242.662330468496 250.843822956085 266.811629136403 277.723431587219 277.780254681905 275.828679402669 274.837752183278 267.859935760498 252.582748730977 274.589598178864 283.406953016917
233.285943667094 237.577319145203 236.865699291229 245.756109555562 245.684266090393 200.573484102885 183.935880661011 175.981303056081 173.145910104116 180.186708768209 194.169203440348 202.512363592784 211.167434851329 215.733806292216 221.026460329692 230.738798777262 244.53737338384 256.770173708598 269.393384456635 275.668402512868 285.071909427643 300.148129463196 308.747490247091 308.603564898173 303.789834181468 293.850958347321 283.864875634511 260.993301868439 258.599281311035 239.823619524638 210.419257481893 164.862235387166 142.348388830821 155.122647682826 182.965238889058 208.90861749649 228.342433770498 249.20658270518 262.705405553182 266.313334306081 268.947800000509 269.955436388652 246.495445569356 224.108894666036 253.669321537018 280.486941337585
259.262482325236 258.602738380432 248.688340187073 251.154005527496 250.503500302633 236.145774523417 208.240171273549 181.40306075414 167.40475098292 171.883781750997 191.813548405965 205.901741981506 216.934005419413 227.652072906494 228.675643603007 230.910738309224 239.803930123647 254.384994506836 262.20828294754 255.14284769694 256.415069103241 253.104050954183 255.989074707031 264.506280422211 271.332065264384 272.131025791168 256.986538569133 244.715809822083 225.333472092946 183.176259199778 155.380378166835 130.392968654633 94.9543515841166 79.2533705631892 91.4746721585592 126.697033643723 171.619633833567 203.533748785655 221.193114916484 231.989363829295 231.471200784047 217.013935248057 203.569749991099 236.525098482768 239.507555961609 271.593928337097
252.646843592326 253.176331520081 254.341204961141 253.596862157186 243.513961633046 237.513164679209 213.497956593831 197.216888268789 181.093474229177 175.549228986104 187.405625979106 200.688123703003 215.46216805776 226.21234258016 228.019674619039 231.209874153137 238.035639127096 245.060960451762 248.037934303284 241.939584414164 240.840256214142 234.192669391632 241.192082564036 246.587196985881 251.887996991475 252.474009990692 245.6862727801 230.579098065694 197.276651859283 150.429517030716 130.132575829824 126.567790905635 103.893061478933 62.8865758577983 55.9918383757273 75.6194194157918 116.011033455531 150.176793336868 180.157462755839 196.227848529816 186.05903784434 163.502116998037 184.777796268463 259.413301944733 256.613691647847 271.605908870697
244.076251983643 248.750229676565 256.569266319275 252.288679281871 244.061847527822 237.700482209524 225.667138894399 222.959498564402 215.745528539022 201.489408810933 198.98917277654 217.417617638906 225.533366203308 237.579862276713 239.448448022207 232.959866523743 228.959580262502 237.234075864156 243.199149767558 246.573885281881 249.842385450999 243.62059434255 238.093038400014 238.232374191284 238.99773756663 237.7121647199 232.910215854645 224.367797374725 184.407810370127 159.5605413119 156.754146019618 171.600898106893 171.860257784526 128.765145937602 95.6220825513204 94.8223173618317 104.785551627477 125.676413377126 155.056367317835 171.097715695699 157.192846139272 150.596062342326 194.222569465637 253.500024477641 273.574074109395 283.52169195811
245.200395584106 248.519857724508 254.582325617472 252.916355927785 258.669495582581 250.778873761495 244.721333185832 240.36830663681 242.200970649719 235.697905222575 224.648594856262 237.269997596741 243.153015772502 252.468983332316 249.957223733266 235.552867253621 231.696089108785 241.553028424581 246.562918027242 258.115629355113 261.470238367716 257.621884346008 248.578468958537 241.493185361226 241.547485192617 240.176180998484 232.509613037109 226.683557033539 197.44070370992 191.79912408193 210.969865322113 235.765020052592 241.884291172028 244.38065290451 206.896762053172 129.620591799418 120.667080084483 127.119640509288 149.309535821279 159.294794003169 170.908252398173 201.573610305786 215.094983577728 235.991756121318 262.388209501902 272.770404815674
249.059776465098 245.699028174082 248.324731985728 251.914819081624 283.295849959056 268.333594004313 256.612122058868 245.797256628672 247.536261876424 254.254976908366 241.567313671112 241.72830581665 248.126784960429 250.494579474131 249.701499938965 246.841291586558 242.351114749908 247.096836566925 257.279872894287 261.13889614741 260.498543580373 249.96950229009 246.759454409281 249.161779880524 247.733235359192 246.977825959524 241.180578867594 237.552285194397 225.225945313772 225.195308526357 246.115426222483 260.308643182119 262.108524640401 275.536318620046 282.737990220388 204.797148704529 147.301942110062 133.148789405823 139.79106148084 163.270890712738 205.642600854238 262.067854404449 230.634053548177 221.669256687164 241.828739643097 252.167940139771
247.792760531108 237.819333871206 241.210718949636 258.186896642049 299.207786719004 272.330701351166 250.262459119161 239.702661832174 242.09455649058 247.578183809916 240.589698155721 237.602432568868 244.255860646566 249.997814496358 252.566198507945 256.041328112284 250.690837701162 244.751652081807 256.194512049357 256.288488705953 255.251884460449 249.792059262594 247.401456038157 251.754860083262 254.823565483093 247.059603532155 247.200548648834 242.489536603292 236.25918229421 235.799888769786 256.836613019307 273.456374804179 274.266203244527 273.906350135803 288.719177246094 270.584801832835 174.54328139623 121.623317400614 110.282917817434 140.699446201324 215.015987555186 246.192812919617 220.196982224782 191.486557324727 211.650311946869 222.894132137299
241.216083367666 229.836622873942 236.817439397176 268.433372179667 297.305266062419 269.160787264506 240.074435869853 221.692125002543 214.798986911774 217.886785666148 217.566033204397 223.355809847514 237.017432848612 248.75396490097 254.795730113983 260.84977388382 258.154769738515 245.317995548248 248.289942741394 250.056385993958 250.528216362 250.887195269267 250.810980796814 255.213141441345 256.141543388367 251.872142155965 252.898534138997 247.723082701365 239.530245463053 243.986010551453 263.959348201752 281.237542629242 277.188658714294 274.703939755758 284.67184305191 295.213441054026 259.462217489878 178.74417702357 137.222737073898 147.500147422155 184.444189071655 198.542575041453 203.605810801188 171.069622039795 177.54739522934 199.384967486064
232.33958085378 240.723093350728 270.587861537933 316.540837287903 314.288934071859 274.956921736399 237.504005432129 209.025164445241 197.977602481842 207.897384961446 204.638441403707 200.635472933451 229.025721549988 248.695651690165 255.949993928274 261.884729067485 261.61519686381 252.227942148844 252.428551514943 252.677897612254 251.595457394918 255.855003992716 259.439249833425 258.478403091431 260.62540213267 262.723882993062 260.234733422597 255.939821402232 248.090128103892 255.466103553772 271.300037701925 283.42878818512 279.566009839376 281.988143920898 288.074374198914 291.666090488434 302.353103955587 295.221964518229 223.512828350067 177.279790242513 163.712402184804 157.859086990356 175.19998550415 167.929689089457 169.141153494517 196.769098440806
251.052757104238 280.94094991684 308.537642161051 319.134672482808 338.619033495585 311.64554754893 271.214962005615 231.341322263082 217.072943846385 231.485704580943 223.457336425781 206.919391949972 218.771497408549 244.282126426697 260.745167732239 266.890108585358 265.229960282644 261.083980401357 257.698039213816 255.87797164917 258.115549882253 260.552227497101 262.704372406006 258.082946141561 260.669469833374 269.150952498118 268.566767374674 270.051002502441 265.035212039948 268.872539202372 277.063945929209 282.628337542216 284.835696220398 290.915429592133 295.030176639557 284.165283044179 289.65562582016 316.33730729421 295.327881971995 226.013759771983 175.801853338877 159.701824188232 159.03843442599 172.329882780711 194.405754407247 220.551868279775
291.787306467692 308.548450469971 307.516058286031 301.658908526103 318.00099213918 330.066780249278 316.338439782461 284.731984138489 260.911266009013 259.069641431173 258.950114250183 236.777683099111 224.025289217631 244.471768538157 265.894293785095 269.476036230723 266.028066476186 268.183489640554 257.406850655874 255.66303730011 262.154817581177 259.206016858419 260.851681232452 258.30481449763 260.689377784729 271.63823445638 275.693853696187 279.725074768066 273.990631103516 273.555437723796 283.565322558085 289.565940697988 287.011404832204 287.497361501058 291.668097178141 280.54145971934 281.038184960683 293.45824321111 282.796601454417 247.215469678243 213.990430037181 183.738311131795 167.904297510783 169.226169586182 192.452192306519 225.979447364807
297.787129878998 297.500987847646 292.470574378967 282.713035742442 284.495254357656 302.198847134908 314.585645993551 303.724825382233 287.165999412537 281.626542409261 281.557182470957 266.928136348724 247.809906800588 252.524733543396 265.612185001373 268.894573052724 262.70337899526 266.051530838013 257.87228345871 258.796135584513 258.608222007751 258.297185103099 257.194221019745 254.979232947032 260.337789853414 268.208245436351 276.585141817729 277.016441027323 274.167637030284 277.917583783468 287.348965803782 287.431438763936 275.682727495829 271.483202775319 275.160531202952 258.324285348256 256.540060043335 252.346575260162 235.442201296488 229.44454352061 240.691145261129 214.750111103058 189.884662628174 176.084359486898 179.290195306142 203.059077262878
296.816825866699 290.864725907644 296.377877394358 284.468591213226 277.872304121653 287.874380747477 308.86455376943 321.864008903503 307.008365790049 291.454374790192 283.180038134257 278.910756111145 277.352134386698 271.584153175354 267.21328496933 267.655730247498 265.825688838959 264.241894086202 258.845806121826 263.291438420614 259.889900684357 257.35867023468 256.877402464549 257.56561756134 259.712735811869 264.300227165222 271.45779132843 269.022186597188 270.523985226949 279.192725817362 285.290499528249 277.610043684642 263.034284114838 265.034755071004 261.772910753886 244.330565134684 246.267914772034 245.43575445811 244.442145029704 252.677321434021 255.553921063741 249.657511711121 226.560672124227 210.627555847168 195.009072621663 187.63534228007
312.305172284444 309.225459893544 316.735843817393 312.530299027761 303.568720817566 305.902679761251 319.05734539032 334.668517112732 320.385237534841 296.830455462138 283.982594807943 286.413729190826 292.600115140279 278.881291548411 272.739211718241 274.766763051351 269.10658677419 262.260218461355 266.582310199738 267.607808113098 264.112889766693 258.844832579295 261.587460835775 263.909538586934 262.412528196971 264.789342880249 265.955905119578 263.82307211558 266.90266529719 279.279867808024 281.767845153809 273.980995019277 265.007138252258 265.835126241048 254.381457964579 248.72237443924 254.198173681895 256.770292917887 264.643867810567 277.691940466563 244.839072227478 236.374815305074 227.927327156067 216.842373212179 201.335728168488 182.304183642069
326.331039269765 325.056552886963 328.009188175201 328.452229499817 320.430278778076 314.996461073558 320.580124855042 333.539009094238 324.584265549978 296.893715858459 284.96523698171 289.166033267975 291.247248649597 280.071576436361 272.464334964752 276.84211730957 279.151181379954 270.698587099711 271.807730197906 271.765391031901 272.015412648519 266.856511433919 265.253444512685 267.89661248525 265.817046165466 263.734380404154 265.736401081085 269.333144028982 271.897315979004 279.767453670502 281.863331794739 276.361664136251 267.454346021016 263.893047968547 251.610954602559 255.771597226461 260.936796665192 262.77502377828 265.272577603658 271.197378635406 227.301398913066 192.23807255427 177.665750185649 172.094464302063 173.142453034719 170.626759529114
330.329199632009 331.038196881612 331.424117088318 330.565134684245 324.733475844065 319.775541623433 320.124049981435 326.662103335063 328.548848628998 304.862856864929 293.828686078389 291.094501813253 287.095665931702 280.457715193431 271.893819173177 275.255421797435 284.555872281392 278.978725274404 275.512218475342 277.994255224864 277.490258216858 272.929767767588 270.093441009521 270.669182141622 269.887864589691 268.913845221202 269.6852684021 275.460084279378 276.694655418396 278.603812058767 282.463431358337 278.513212998708 270.190556844076 254.918535550435 244.783918062846 261.349638303121 270.325620969137 269.549270470937 261.462608973185 265.910824139913 225.344161192576 161.442915598551 134.718070427577 124.116798241933 127.090076605479 137.143770853678
322.549343109131 327.814261118571 330.300529797872 329.095204671224 327.546795209249 327.519774436951 326.221426328023 325.424949328105 326.96920633316 314.85903263092 309.747099876404 301.43948396047 289.061327775319 285.135904947917 277.949651082357 273.085554440816 283.201158046722 282.594899336497 277.514894803365 276.591459910075 276.324013868968 274.885594844818 270.628571510315 269.646366437276 273.452560106913 275.770246982574 273.565649986267 275.989651679993 278.308590253194 279.218514760335 280.722041924794 279.834647973378 265.328605969747 242.972075939178 250.490069389343 274.808247884115 278.159618377686 272.960940996806 258.790711561839 261.714816093445 261.881689230601 201.728185017904 144.645631313324 121.951838334401 120.078474283218 121.475577354431
304.356515407562 308.719436327616 308.460652828217 314.26990032196 322.146793206533 329.696337381999 333.894411722819 335.511525472005 333.722114562988 326.93471511205 314.688265323639 296.911140282949 286.554276943207 285.760720570882 283.204674720764 276.73864364624 281.021396319071 280.852317810059 275.165021419525 274.554212888082 276.961863040924 278.700629870097 278.737584749858 274.027824401855 272.132456302643 272.813638051351 276.144285996755 276.771605014801 279.463609059652 278.508543968201 278.899232546488 278.564035892487 259.442210197449 244.460622469584 269.482990105947 285.567323366801 280.282537142436 275.044878323873 264.301657676697 264.244178930918 291.454116503398 294.904927412669 230.410039424896 178.204278151194 144.718517859777 123.074779907862
