input/barkrak2/radiation/dir26224.grid
NCOLS 85 
NROWS 70 
XLLCORNER 665100 
YLLCORNER 4664600 
CELLSIZE 20 
NODATA_value -9999 
[rows 40 to 59 of 70, columns 0 to 45 of 85]
188.222010930379 189.712862173716 189.568181832631 191.480894883474 199.647068977356 206.007758776347 209.786534309387 213.898301124573 213.098486264547 195.58972120285 181.525925795237 176.495452721914 175.443112850189 171.027978261312 169.426759084066 168.09622446696 168.680389722188 167.992691198985 162.754009167353 160.637875398 164.918025334676 172.298153241475 173.59717686971 168.598294258118 166.035840908686 163.736402988434 175.638477007548 178.812146186829 181.973914305369 183.567762374878 183.153669039408 189.807633558909 188.591718673706 195.907314618429 223.045607407888 223.003188769023 210.851788520813 201.233784357707 205.171346664429 216.040869553884 231.152355670929 246.196647485097 206.569274266561 122.901181379954 65.4485325018565 44.9721018473307
196.448067824046 193.356692790985 193.609754244486 192.700505256653 188.23770682017 186.723291873932 185.053944587708 185.035606225332 189.791162808736 180.14403184255 172.836184501648 173.105378945669 176.969349384308 175.83574851354 174.28449789683 170.615871747335 166.68168703715 173.958381017049 174.772044022878 167.973657449087 169.734179973602 172.462145487467 170.941909154256 172.656019528707 174.984077612559 169.14294163386 176.40499273936 180.245836575826 182.117998600006 185.112814108531 186.339577039083 189.717531204224 189.081490039825 204.838613669078 217.285652955373 206.514497598012 185.394644737244 182.793180147807 182.540416717529 195.773541927338 231.139699618022 245.604375998179 227.749645709991 172.255059083303 100.712925195694 66.7564570903778
200.151165326436 197.582463423411 200.247804323832 198.943078517914 191.506663958232 188.164750734965 185.27630964915 180.34569422404 180.523773034414 176.745533943176 174.959103266398 172.54912853241 177.068710327148 179.915606975555 179.835836092631 175.527254740397 172.901054223379 177.710831165314 179.097692171733 172.599037488302 169.298688570658 169.393201669057 165.394812822342 166.664014259974 172.802368799845 168.724457422892 165.048629045486 172.979176044464 177.967409292857 180.774490038554 183.296700318654 183.362742265066 190.002957979838 209.430575370789 215.906262397766 187.211950620015 173.717061678569 176.916778087616 181.992451349894 194.130102793376 204.871118068695 208.777606487274 194.937109947205 165.726721286774 112.099726994832 58.8918228944143
184.558669726054 187.188963095347 195.764342943827 192.42779413859 195.322076479594 197.650571664174 196.429510911306 190.367003281911 179.667413234711 177.259802818298 180.700739224752 174.837470054626 175.58079957962 178.755799929301 180.124640464783 176.131685574849 177.924990653992 179.30789788564 178.973873456319 174.186110496521 167.768081029256 165.029257535934 163.662135601044 162.177383899689 164.747188488642 170.272568861643 164.410571257273 166.912615299225 173.880159854889 175.831933816274 175.701598326365 172.164758046468 182.591577370962 197.421411673228 190.753281116486 176.095088322957 171.2446808815 183.44767888387 192.910571893056 193.418383598328 188.602964083354 186.35880947113 180.593113104502 155.116031567256 109.777639309565 55.3876459598541
183.392743269602 187.699417273204 191.151082515717 192.585468292236 193.274517854055 195.988535881042 195.079982280731 191.530327002207 186.600168546041 180.42254447937 182.391703128815 178.099195162455 174.622376759847 172.395865122477 172.977904478709 171.975493431091 168.628136316935 175.150473912557 176.2775182724 174.54715569814 169.402122497559 167.233228683472 167.406757672628 166.976471741994 163.630406061808 174.507021903992 177.288115024567 174.082318941752 175.212780634562 173.582176367442 169.54360405604 164.81081644694 171.853164831797 174.994826316833 171.095728874207 170.070648193359 178.266326586405 191.602945327759 198.975880940755 189.797520637512 188.3864402771 180.100878079732 168.420255184174 154.17817234993 121.625810861588 77.512597044309
189.002633094788 192.699690659841 190.430800120036 194.338341554006 191.954334576925 192.103584607442 192.654252052307 191.326955954234 192.363341649373 186.100502808889 185.04410982132 182.693918546041 178.146958351135 172.495047251383 172.000527381897 174.802899360657 168.735941251119 171.177645524343 176.111102104187 175.553659598033 171.996494134267 170.998791853587 170.708139737447 170.918126900991 171.300292015076 170.583407084147 179.392913977305 177.437484264374 174.973328908285 174.877285957336 169.595062732697 165.245880683263 168.849269549052 164.938499530156 156.024138132731 156.10933303833 164.414902528127 185.00542640686 187.25178639094 173.241198062897 177.453398704529 164.58934545517 161.799957354863 163.325121005376 149.812797705332 111.37996117274
188.289999961853 189.185738563538 192.49814748764 195.095141728719 194.040815035502 193.687538305918 195.720712343852 196.463227272034 192.968149979909 189.769685268402 188.429474830627 186.10684076945 182.644963264465 178.205291430155 177.79819170634 180.531521638234 178.040305773417 170.941690603892 177.041351795197 177.153428395589 173.517922560374 173.729777336121 171.796758969625 169.366717338562 177.136540412903 170.297463734945 171.336352825165 175.226370493571 174.763560295105 175.462265809377 173.048516114553 170.267442862193 167.89178053538 164.459755023321 157.698343197505 156.436582406362 163.49862019221 174.360076586405 175.765295823415 173.110783100128 173.955937226613 165.469229221344 169.04354095459 176.743229230245 171.911418437958 133.485684792201
182.193398475647 183.570742607117 189.803759256999 192.334592342377 195.115208625793 196.395099163055 194.299499193827 193.419496218363 193.44824552536 193.704624970754 190.547108650208 185.630142688751 184.376120567322 182.863116264343 180.392483870188 178.508480389913 176.25226577123 168.561816215515 173.527201016744 174.975514411926 172.668258349101 172.404845555623 174.280603726705 167.763829231262 171.223958333333 170.935253302256 165.635983149211 169.581254323324 173.891564210256 172.795971234639 174.510459105174 174.257417519887 167.282064755758 169.861078262329 177.314778168996 173.009912172953 173.602680365245 170.795500278473 174.694081147512 186.091224352519 175.997217496236 167.787174383799 175.041238466899 175.543189048767 169.764498869578 150.60168504715
174.343844254812 177.744666735331 182.933449745178 187.376995881399 194.060802459717 196.823120117188 194.086114565531 190.974712371826 194.209337234497 196.211417516073 193.330029646556 189.296225706736 185.912728309631 185.278614362081 182.827413082123 176.774680614471 176.723778247833 168.830772240957 172.490855058034 176.732182502747 176.931699117025 175.484677155813 176.506360371908 171.485205491384 170.829196770986 174.374461174011 170.088807741801 173.377633094788 181.132117907206 184.146444002787 190.014958381653 188.022394975026 178.548614184062 182.799339294434 187.538663546244 189.498861630758 187.95774380366 180.268963177999 178.680042425791 184.614102045695 169.067283471425 161.604911088943 159.267614285151 158.371468385061 156.491408745448 155.567854642868
173.035184542338 170.466621716817 175.811986128489 183.620969454447 189.686874548594 192.579905192057 195.762495199839 196.698228518168 197.219252586365 193.917175134023 194.951951503754 194.920818010966 189.636290073395 185.60932079951 184.246063232422 178.864161173503 177.613457043966 172.268748283386 175.085266431173 180.243829886119 183.095018068949 181.867440541585 177.970548470815 177.571733792623 172.86205291748 178.937574227651 179.453214009603 181.514998277028 188.029368718465 197.470208009084 203.081508477529 205.921490987142 195.111970106761 192.19046831131 189.788460731506 192.643821239471 194.146434466044 192.477623621623 184.676766395569 167.24552710851 158.667852481206 162.67407933871 159.024586280187 153.725117444992 150.136490662893 154.610474904378
175.270636876424 176.619191964467 179.428557554881 185.542643070221 187.277297178904 188.637991746267 195.634106794993 200.639228026072 199.263572692871 198.525249958038 196.82111342748 197.150746981303 191.986282666524 186.216533184052 186.589996019999 188.769896825155 179.734369119008 177.76882648468 178.505798180898 184.596339861552 185.25493144989 182.177841663361 180.338342984517 178.89541387558 173.797786235809 180.235902468363 183.890004952749 186.959703763326 191.957930723826 200.220545132955 206.488927205404 212.95960744222 206.008950869242 190.701146920522 182.486911614736 182.552615801493 189.705729484558 197.098632653554 181.28232161204 160.981674989065 156.020690997442 166.630526383718 165.956526994705 160.884032646815 155.571540196737 152.293264865875
173.943161964417 183.391928672791 185.851216316223 187.936107317607 187.466700871785 186.69205904007 192.787051200867 198.88828198115 197.398285071055 200.471043586731 198.820153872172 196.968754132589 194.709718227386 188.214699427287 185.216029485067 191.391130288442 185.572246710459 178.057591120402 175.179759661357 178.850432236989 179.568489392598 179.617444674174 177.468955516815 173.316438992818 170.593082904816 172.47474193573 177.164634068807 180.359482765198 180.37090698878 187.442799409231 197.845319906871 209.713280200958 202.35675573349 176.333367824554 144.322425127029 137.008984883626 156.57032529513 181.758880615234 190.670927365621 186.830818653107 182.670374711355 172.490060329437 156.851430733999 153.161287307739 161.909659703573 153.259734312693
175.735990206401 173.178990681966 173.651893933614 176.886200904846 184.785803159078 187.985877195994 188.137054443359 193.793118000031 193.730811278025 196.664611498515 197.958668073018 198.574721813202 198.623657226562 191.887180010478 186.516284942627 187.468409538269 188.274741172791 177.55119005839 171.7782219251 171.23011747996 172.655999660492 173.737525939941 174.072603384654 167.869965235392 168.885389963786 165.845900774002 165.165483951569 166.176160176595 166.123102108637 168.069203694661 176.710645357768 188.421706358592 180.290977160136 154.592533906301 119.178553422292 99.4154612223307 108.132610718409 137.479066848755 171.585917472839 185.256997744242 186.863164107005 171.750922997793 150.990108648936 147.944817940394 156.366884708405 142.989377180735
180.916666984558 170.521378517151 166.348536809285 172.337094942729 183.651963869731 192.69452492396 190.471371014913 192.77415672938 193.997025489807 194.047013918559 195.80614566803 198.837240537008 199.837942918142 196.317096551259 190.540432929993 187.804659207662 189.224084218343 179.033398628235 175.860583782196 177.135090033213 176.332751909892 172.978421052297 171.102384726206 166.810313860575 165.988097588221 164.340257644653 163.894255956014 162.115832169851 160.767604907354 157.012492418289 147.960046927134 153.281976779302 154.076198736827 134.392847617467 118.290444215139 100.124875704447 81.1703701814016 89.013546705246 112.773517767588 148.314605156581 170.37441333135 160.378774007161 150.123725334803 145.559132099152 137.839605410894 128.262460231781
183.366894721985 175.822714964549 171.691000461578 174.873252709707 185.595313707987 193.295538425446 196.789264678955 192.54986445109 197.069724400838 193.987488746643 198.036472002665 198.689262072245 199.411650498708 201.079408327738 193.248589833577 192.082126935323 193.665544191996 185.436149438222 179.898699124654 181.515375773112 181.585748990377 176.952083905538 176.015357176463 174.944361050924 168.865223725637 168.039917945862 165.945907433828 163.245538870494 157.16223915418 150.414864222209 142.739872137705 145.508795976639 146.268099546432 143.892178932826 143.354922533035 133.152325948079 106.754183769226 88.7515048185984 82.7870269616445 98.0671048164368 133.26558470726 137.0516816775 125.820140043894 111.485630273819 108.920673529307 116.621494293213
187.002817789714 184.67903137207 178.574542204539 173.903107643127 181.201616923014 192.882100741069 196.393847465515 193.824668725332 195.353468259176 198.6083984375 204.931735992432 204.886257648468 202.689945697784 203.627189000448 198.480685551961 196.877042452494 196.906268596649 193.470279375712 187.163273493449 184.447487195333 182.367742061615 180.459101994832 180.938343207041 182.266493638357 177.501559257507 175.077120463053 166.79847240448 158.364037672679 151.462237040202 148.324966430664 144.391318162282 150.957584381104 152.271191279093 161.361277103424 168.459852536519 169.163862864176 163.465579350789 145.614812771479 124.831716219584 93.3860341707865 102.437843879064 121.44457300504 120.810916026433 108.937839667002 110.65877477328 128.602931896845
190.560142199198 189.498861630758 186.774512132009 179.197748502096 177.497367064158 190.157731374105 194.389780362447 195.115645726522 192.536254723867 200.208385785421 207.597235838572 208.516836166382 203.653872013092 204.545299212138 204.476575056712 197.61856396993 199.411650498708 194.385488828023 189.155340194702 187.207559744517 185.695926348368 186.905423800151 183.371245861053 179.555475711823 177.045404911041 172.544221083323 152.858436107635 129.205882549286 126.298705736796 132.595270872116 144.721031188965 147.624383370082 150.771061579386 156.432648499807 169.92316643397 181.849499543508 186.769922574361 187.346657117208 184.169411659241 137.232780456543 107.849856217702 124.993681907654 142.011642456055 145.459493001302 147.317409515381 161.208013693492
190.604647000631 188.008268674215 188.980142275492 187.733888626099 183.191259702047 187.04746166865 196.567853291829 197.115540504456 195.30310233434 199.4748711586 208.75213543574 208.741128444672 203.251719474792 205.716113249461 207.458357016246 197.455286979675 198.066353797913 196.717043717702 193.464557329814 194.048623243968 194.522559642792 193.924804528554 188.893357912699 182.209730148315 181.424419085185 178.328573703766 158.436636130015 134.644478559494 131.561587254206 141.327063242594 154.817263285319 153.333326180776 161.456058422724 171.430786450704 186.127821604411 196.120083332062 180.086572964986 147.500892480214 143.373966217041 138.601541519165 138.368417819341 152.677635351817 155.881742636363 139.88862435023 129.201998313268 142.846057812373
179.974675178528 187.182406584422 188.74728679657 189.03386592865 187.298099199931 183.774034182231 197.199940681458 201.191325982412 199.257632096608 200.042128562927 204.747716585795 207.950711250305 205.804765224457 201.514919598897 203.706741333008 199.282169342041 194.648106892904 196.080287297567 196.182747681936 197.584410508474 200.597822666168 196.575840314229 192.726155122121 186.263561248779 185.331781705221 187.312245368958 181.503017743429 173.553625742594 171.116928259532 172.878464063009 172.448476155599 163.995206356049 174.429217974345 186.119437217712 177.708586057027 167.022029558818 148.221125205358 92.3327406247457 73.4428862730662 106.873730818431 141.541749238968 162.999371687571 156.61096572876 142.31284459432 134.48295990626 141.599118709564
168.985962867737 184.361696243286 187.430024147034 187.721292177836 190.180639425913 185.022195180257 192.109147707621 201.36034488678 209.256768226624 206.800520420074 206.637879212697 206.26308520635 208.070695400238 205.057760079702 204.1201988856 202.518959840139 197.092215220133 196.923434734344 194.558242956797 192.189236481984 194.050431251526 193.181574344635 192.285637060801 190.981805324554 190.612932046254 196.672081947327 205.672264099121 207.120339075724 190.475861231486 189.401666323344 177.095989386241 167.832175890605 169.659415880839 161.050746838252 130.844275156657 90.3507669766744 86.8028998374939 75.4323701063792 59.1142028570175 69.4730828205744 90.0344550609589 127.647956212362 154.738267262777 176.073451836904 195.983668168386 193.014482657115
