input/barkrak2/radiation/dir28224.grid
NCOLS 85 
NROWS 70 
XLLCORNER 665100 
YLLCORNER 4664600 
CELLSIZE 20 
NODATA_value -9999 
[rows 0 to 20 of 70, columns 0 to 46 of 85]
173.244734605153013 188.16485007604 205.155928929647 226.046085357666 236.358761787415 239.265521367391 234.055240948995 228.29669713974 228.518585364024 232.050816218058 231.289366881053 230.443219343821 228.243708610535 229.03048992157 230.859080950419 219.462593396505 207.098325093587 195.532083511353 192.810932795207 181.104381879171 180.023014545441 196.279048919678 223.326285680135 231.362104415894 233.909090360006 246.310174465179 244.465589523315 228.876709938049 214.411417643229 213.181058565776 208.818117777507 230.380018552144 276.169021924337 276.064117749532 271.846830844879 258.630871772766 262.159605820974 277.070303757985 274.153550465902 273.170948028564 262.363334496816 265.549619992574 275.189876556396 271.076162656148 261.513113975525 264.98951514562 270.276387532552
149.857381979624 167.861481507619 183.905303478241 204.152305920919 218.775073687236 223.914007345835 226.509253184001 229.27983601888 238.083521525065 238.483945528666 234.695533911387 231.777409712474 230.058948198954 231.024046738942 230.871021747589 219.462275505066 213.047285874685 203.817228476206 198.963224887848 188.786009947459 194.163878758748 216.962695121765 238.933185736338 241.834123929342 245.372255643209 251.592715581258 246.667524178823 232.858975728353 219.36305363973 215.152084827423 215.955158074697 244.804898897807 277.508993943532 276.68825785319 271.737416585286 261.146008968353 265.759567419688 278.339286645253 272.87890513738 273.000915845235 267.449597517649 266.332189242045 263.440032800039 258.310198783875 255.143523216248 263.674298922221 260.74610153834
112.402101357778 123.880565166473 138.334780931473 151.633560657501 164.989372094472 177.306711673737 189.665456612905 207.671999931335 221.672415733337 223.948756853739 226.071377595266 230.108539263407 237.591087818146 241.392771402995 241.147299607595 244.110564390818 244.100451469421 233.494301637014 215.881148974101 205.130219459534 214.828054110209 230.352520942688 240.503629048665 243.451317151388 247.755885124207 247.689068317413 241.639375686646 232.351720333099 223.91277551651 223.690291245778 232.991814613342 261.125683784485 277.258813381195 276.861866315206 271.338184674581 266.908168792725 272.502541542053 277.612527211507 275.150299072266 271.711985270182 265.067021052043 254.836976528168 241.268853346507 238.271415233612 248.020132382711 261.975904305776 249.561031659444
93.8202341397603 93.6969518661499 101.765433947245 107.453634341558 116.248726844788 123.389134804408 132.424622774124 150.297900040944 172.290484110514 191.681027412415 208.341976006826 225.668946901957 237.846712271372 244.420190652212 247.687598069509 255.492806434631 252.665837605794 240.649342536926 222.536146640778 215.062320232391 214.876075585683 214.634537696838 227.093239625295 235.695064067841 236.554304758708 237.813393274943 237.677852312724 233.997205893199 232.427795728048 235.477606455485 239.637752374013 266.370038191477 275.456011295319 273.558139801025 270.915230115255 272.211352984111 274.582962195079 275.27513106664 270.576198895772 260.345677534739 252.488136291504 238.915324211121 234.306971232096 248.211105664571 263.96232843399 259.870270888011 238.724490006765
115.644206603368 99.059522151947 85.4345361391703 75.2027283112208 76.6285757223765 95.0352748235067 119.225104649862 130.988409121831 142.038474480311 150.589962800344 175.16835530599 201.402922471364 217.843413352966 226.383904616038 233.469287554423 236.800928910573 234.798113505046 226.450145244598 219.629426797231 215.903023878733 210.796117782593 208.429535230001 220.305820306142 228.254914283752 230.829278628031 237.610419591268 237.878719965617 235.966900984446 234.634757041931 233.460207780202 240.686416625977 268.664161364237 270.612756411235 271.137932936351 268.063127994537 267.356117566427 267.277141412099 265.696307023366 257.105429967244 247.812469800313 246.17612361908 243.142704168955 248.220105965932 258.509278297424 260.306398073832 240.619281927745 212.076803048452
160.058230161667 130.827565987905 102.51846909523 79.1666358709335 70.5813815196355 79.7386666138967 106.001675128937 126.774966716766 131.924827893575 130.993177493413 141.553769508998 157.582521438599 167.847176392873 175.300161043803 185.754497845968 195.817371209462 199.717024962107 206.080158551534 214.889188607534 220.262805620829 220.806837081909 222.673277060191 223.045110702515 224.445621172587 229.209840297699 235.630174477895 237.602412700653 238.73762289683 238.112568855286 238.706330458323 252.928813298543 268.772919972738 266.129692395528 265.968362490336 263.494749863942 261.511067549388 260.993639628092 257.229844729106 247.306088606517 248.256802558899 247.895916302999 245.082239309947 247.152388095856 250.337580839793 238.54519923528 210.281670093536 184.077521165212
186.949114004771 159.766544898351 137.200017770131 114.574491977692 92.2126074632009 79.6343733867009 85.6702824433645 116.881946722666 133.381873369217 141.965011755625 138.691604137421 133.551518122355 129.220426082611 124.69083070755 126.855403184891 143.799086411794 158.553063869476 181.453506151835 203.537960847219 217.800180117289 225.098828474681 230.002125104268 227.959831555684 224.644144376119 227.535804112752 230.173269907633 233.897507190704 237.01403538386 238.112151622772 244.091014067332 257.434924443563 265.337904294332 260.295867919922 254.512886206309 252.723813056946 250.135958194733 249.526460965474 244.808395703634 239.824334780375 235.584139823914 229.989071687063 228.909691174825 235.426723957062 242.946902910868 232.704440752665 221.749087174733 234.047810236613
202.180564403534 188.896894454956 174.016833305359 155.506392319997 129.102726777395 97.0874726772308 76.3767311970393 73.2989609241486 106.340865294139 138.200660546621 147.518267234166 144.513557354609 135.115702946981 124.07597899437 109.882642825445 113.41201265653 127.240598201752 145.662645498912 171.581129233042 194.113294283549 209.236959616343 221.556703249613 228.459318478902 223.799526691437 223.880807558695 223.431289196014 224.749763806661 226.846178372701 229.356408119202 239.349285761515 251.033465067546 254.030307133993 247.306684652964 241.743405659993 236.179649829865 234.441657861074 239.07725016276 235.510587692261 228.684624036153 212.03871568044 210.639695326487 220.300455888112 237.815996011098 250.295261542002 247.445901234945 247.826258341471 255.47715028127
179.389993349711 193.835854530334 187.897463639577 177.684903144836 161.074449618657 134.920597076416 102.084149916967 73.0213175217311 85.0187242031097 107.220083475113 131.811439990997 144.670267899831 147.899975379308 144.769132137299 129.996587832769 120.45826514562 118.378132581711 122.629980246226 137.717674175898 156.876216332118 175.711810588837 193.325519561768 206.549167633057 204.869250456492 206.719994544983 206.225693225861 208.354949951172 210.552930831909 213.433802127838 224.258760611216 230.868657430013 231.241047382355 228.041529655457 227.137863636017 227.533539136251 229.245702425639 229.770640532176 228.692452112834 223.295569419861 216.257512569427 227.887590726217 240.586598714193 249.820629755656 251.895189285278 244.958639144897 240.164717038473 243.298868338267
126.126140356064 150.989611943563 159.635722637177 175.057212511698 171.54449224472 165.140887101491 144.765059153239 122.678110996882 90.7089213530223 80.3846369187037 93.2299792766571 122.525731722514 146.96192741394 159.935534000397 160.188545783361 149.291455745697 132.96440243721 126.860082149506 125.66202878952 129.226913054784 139.285743236542 148.717135190964 161.120653152466 171.819468339284 182.35049645106 184.912363688151 185.521503289541 187.411427497864 190.605560938517 199.808418750763 201.258778572083 202.363113562266 209.420124689738 214.232842127482 218.782583872477 220.414141813914 218.540628751119 223.115821679433 222.272594769796 229.528685410817 245.935658613841 253.732244173686 255.829294522603 253.069440523783 243.427793184916 239.706595738729 250.45516093572
69.4555938243866 73.5874424378077 100.232948859533 108.787765105565 130.360434452693 142.422407865524 161.244690418243 152.966797351837 121.81943655014 94.5386389891307 79.5344809691111 83.5244655609131 110.599686702092 139.454871416092 159.041484196981 149.820148944855 142.618517080943 133.473634719849 124.125967423121 118.204573790232 119.07367904981 120.876371860504 126.428037881851 141.689409812291 157.242476940155 166.452308495839 167.916099230448 168.212076028188 175.177415211995 180.67455291748 185.416976610819 189.958314100901 200.289646784465 204.815944035848 205.464482307434 206.943412621816 212.429344654083 218.225181102753 224.697311719259 240.771651268005 251.608947912852 254.776199658712 252.578059832255 249.651988347371 245.973269144694 247.625728448232 255.087296168009
41.5390804409981 38.9424115419388 38.5564963022868 48.6351847648621 65.2406066656113 82.4797401825587 96.3423848152161 113.972802956899 115.446945031484 101.734310388565 82.0951759815216 67.0047601064046 68.2719697554906 85.8655869960785 109.108825524648 119.421581427256 131.919384002686 133.581270774206 123.786151409149 115.963796774546 108.169933160146 107.735653718313 109.192719062169 118.576268355052 130.567818880081 138.970643281937 142.714202404022 148.3061114947 155.893514553706 161.191254854202 166.406601667404 171.626607577006 177.670399347941 184.217731157939 184.761067231496 188.522577285767 200.734655062358 213.442981243134 220.427056153615 236.833810806274 244.838992754618 244.762976964315 241.155902544657 236.895223458608 235.275665918986 234.611690044403 240.954061349233
31.0552691419919 24.9604185422262 18.351914982001 14.5187824964523 7.3938084145387 19.0825387835503 40.7741467158 63.7486577033997 83.43505859375 95.5513020356496 90.9993449846904 81.6658486922582 63.4183535973231 61.4649752775828 75.6414085626602 98.9146331946055 115.465263525645 124.264597892761 126.113712787628 118.110497792562 112.696627775828 113.269627094269 112.697005271912 117.308795452118 119.299759467443 120.250036319097 125.681857268016 137.252807617188 142.450153827667 144.238531589508 150.418301423391 156.098663806915 157.220393419266 158.335874478022 162.793268760045 170.222640037537 182.858010133108 198.510189851125 202.735463778178 214.045484860738 221.951146920522 223.611791928609 222.666641076406 223.875244458516 221.454262733459 221.614122390747 225.462436676025
31.4308479428291 12.8814863661925 5.13331250598033 1.08648852134744 0 0 2.72117586185535 24.6310085058212 46.9291855891546 66.9347743193309 80.7853688796361 91.8197333812714 87.0092908541362 75.3787855307261 73.1330960988998 92.1385983626048 107.587913672129 121.235807736715 130.460361639659 132.887224356333 122.972697019577 125.284959872564 123.262653748194 124.086240927378 127.815703550975 127.241184314092 130.563120047251 139.653950929642 142.071505387624 135.750184456507 141.537477572759 147.573977708817 148.982981840769 149.281611045202 154.658814271291 162.198046843211 168.455024560293 174.149711926778 180.580317974091 184.544424215953 192.112783590953 200.019558270772 207.102795441945 214.884956677755 211.419781049093 217.747549215953 218.503375848134
41.921724875768 17.1616449952126 1.816233775268 0.0713158951839432 0 0 0.464425616276761 13.7246040006479 27.3692458868027 50.340861082077 82.1141103903453 97.4703232447306 111.366887887319 108.539621035258 92.8653577963511 89.7514621416728 93.7975446383158 106.057812770208 123.042643070221 136.104842027028 134.701619545619 131.937444210052 134.057333072027 135.470410188039 133.790870507558 135.336319605509 137.715021769206 141.191591819127 140.988250573476 135.922849178314 137.89955774943 143.694370985031 143.984655539195 143.581012884776 148.396203915278 152.788241704305 154.051721096039 152.32123931249 158.597568670909 159.916430711746 165.538102388382 174.039661884308 184.142033259074 191.100180149078 193.81574789683 199.462612469991 210.470934708913
35.3888347744942 20.4085782170296 2.13950468848149 0 0 0.0165653206446829 7.86844144264857 17.3555140693982 28.0513192216555 44.8001623153687 70.387601852417 98.831981420517 113.066057364146 124.902904033661 113.911290963491 93.7812129656474 87.0405634244283 89.8850460847219 105.686237414678 127.627104520798 139.691243569056 135.82847515742 142.058233420054 132.939477761587 132.943570613861 135.337322950363 144.858062267303 142.361958821615 141.143848498662 143.546630938848 142.862846453985 143.465489149094 140.357365210851 138.937105735143 139.532109101613 139.691144227982 136.739253997803 132.248967885971 136.626303195953 139.333377281825 143.332540988922 149.819950262705 153.498033682505 156.705141067505 172.193050384521 180.465837319692 197.707911332448
30.908428132534 23.7247993548711 5.4559800773859 0 0 1.42319267615676 9.10527010758718 21.1264739433924 33.4107602636019 41.2774334351222 55.5254618326823 84.6952795982361 103.161364793777 115.261137485504 119.797497987747 116.533577442169 113.284726937612 102.763106425603 96.7110395431519 104.784578084946 125.769555568695 140.717774629593 146.852920452754 141.52858654658 135.193328062693 136.726955572764 142.171780268351 144.009590148926 152.205844720205 158.874303102493 154.604862133662 142.950197060903 137.226263682048 133.356710275014 129.264046748479 128.661652406057 123.504529396693 122.262487808863 123.611172040304 127.168198426565 129.360874493917 132.783601681391 136.398494243622 139.507293701172 158.513387044271 169.342855612437 181.778967380524
26.6746655106544 26.2707322835922 16.0051075120767 0 0 6.30848668515682 14.2319897810618 31.0822029908498 42.4856245517731 47.9161441326141 55.9368232885996 71.562593181928 89.989185333252 110.309690237045 121.88920378685 130.572259426117 134.668538967768 126.697192589442 111.734906832377 99.3094245592753 109.848330418269 131.823798020681 137.415905793508 142.239888509115 143.175999323527 145.68950732549 147.914171218872 145.044833421707 146.665652592977 154.571910699209 146.378417809804 150.490333636602 141.354352235794 133.036841948827 125.474154949188 124.28946296374 120.987584193548 120.793322722117 120.988726615906 123.755822579066 126.25656525294 128.075142701467 128.812491893768 131.329317887624 144.699702660243 160.387754440308 168.871899445852
28.1865472594897 32.4676210681597 32.2540327906609 4.67299825201432 2.55371583625674 17.0073173940182 25.9234334031741 40.7652010520299 53.1968971093496 66.0017480452855 75.2059519290924 77.1292150020599 84.2947065830231 95.5849687258403 110.767563184102 124.723056952159 134.181340535482 137.104650338491 135.85235675176 121.74791097641 105.160971482595 116.521775722504 122.826764980952 134.624799092611 145.549376805623 149.538646141688 149.362325668335 150.159806013107 145.131687323252 139.819324016571 134.966512521108 142.474075158437 130.191147327423 136.58806681633 130.006025234858 125.299920638402 123.584528764089 119.902352492015 120.738565921783 124.168833096822 128.304610649745 130.453834931056 129.159351189931 131.090740362803 133.285532395045 148.915429910024 154.589513937632
29.4678956270218 30.630961060524 36.8062903483709 28.3409928282102 16.7730947335561 29.1017840305964 26.1694118380547 40.7648285230001 51.947146654129 68.671057621638 76.9641697406769 73.479230205218 70.7291861375173 75.2219061056773 91.918557882309 110.962400833766 122.452229261398 128.383219242096 134.743005037308 136.928081512451 128.677149613698 116.056740283966 116.978933413823 126.654803752899 134.986768166224 141.741096973419 147.583782672882 145.058919986089 140.086273352305 131.061891714732 129.448393980662 118.240127960841 112.130582332611 112.309197584788 111.313025156657 106.363713741302 124.402125676473 115.090638399124 112.18332250913 120.440622170766 127.188195784887 130.004386107127 133.178253968557 131.372779607773 128.150463104248 138.002316157023 139.946748812993
38.1566012899081 26.6856799523036 28.5460303227107 41.9508268435796 35.7420096794764 34.0918774406115 26.3301109274228 39.4369165102641 48.9304612080256 58.8528613249461 65.8285071452459 61.9782656431198 56.8500856558482 64.1006827354431 71.0884034633636 87.0615343252818 102.667689323425 112.732658783595 124.534438053767 137.97598083814 147.019495566686 134.620507558187 134.236474831899 135.182281335195 133.422801891963 130.894362926483 132.386495669683 134.866078694661 129.10383939743 130.841930707296 115.486244360606 96.7302521069845 86.8975420792897 69.408193230629 64.3978665272395 76.0776847600937 80.9787412484487 88.2634917894999 92.8427378336589 100.63906510671 104.866007963816 111.332138379415 115.754693746567 113.347421089808 119.392643372218 125.543852647146 131.476352612178
