input/barkrak2/radiation/dir25124.grid
NCOLS 85 
NROWS 70 
XLLCORNER 665100 
YLLCORNER 4664600 
CELLSIZE 20 
NODATA_value -9999 
[rows 0 to 19 of 70, columns 0 to 45 of 85]
249.631981054942003 262.693742911021 275.416115919749 289.566298325857 294.545769691467 292.940497398376 285.245855649312 279.118180274963 281.608104705811 282.468597094218 281.77156051 284.624934196472 285.418192545573 285.921851793925 288.219670454661 282.600084940592 272.850513458252 263.0575299263 257.9265832901 247.960448265076 238.331973552704 247.504731019338 272.28965361913 279.063761234283 280.350466569265 287.53916422526 286.153535048167 272.05765247345 256.741801897685 252.987504005432 249.672849973043 265.450119972229 301.321129004161 300.186892350515 302.130659421285 285.829643408457 292.218883832296 304.565111796061 298.081298669179 301.875909169515 284.881154696147 285.598635673523 295.503934224447 302.866816520691 298.018872737885 297.02240228653
230.301320552826 246.117870012919 259.557783603668 275.370021661123 284.333348274231 285.853028297424 281.529625256856 279.056708017985 286.93958123525 287.018418312073 282.228787740072 283.62254301707 285.913427670797 287.15838988622 286.928435166677 282.160858313243 278.153518835704 271.516839663188 266.724308331807 254.38666343689 251.667579015096 264.446576436361 282.309909661611 285.653869311015 288.764695326487 291.088740030924 286.104400952657 273.833394050598 261.106113592784 254.458566506704 255.291362603505 278.184215227763 300.961136817932 301.265120506287 301.405111948649 288.359542687734 293.158411979675 301.784078280131 297.611931959788 302.96528339386 297.454317410787 289.557417233785 291.750152905782 296.310683091482 296.306292215983 296.565214792887
195.102512836456 207.7650030454 219.83544031779 231.987913449605 243.733465671539 252.910733222961 260.734875996908 270.921130975087 279.499888420105 278.648912906647 275.822639465332 279.823939005534 289.04139995575 293.031493822734 290.331164995829 294.952670733134 297.702590624491 292.189439137777 279.460271199544 269.749104976654 273.877878983815 279.435217380524 284.316857655843 285.536924997966 290.672520796458 290.230691432953 282.838861147563 272.814234097799 264.393925666809 259.929219881694 264.571249485016 289.260109265645 296.624402205149 299.32822783788 299.479206403096 294.058283170064 293.647170066833 294.257899125417 297.541717688243 301.30805571874 297.55969842275 285.818040370941 279.472708702087 284.925083319346 294.933676719666 297.243376572927
176.574548085531 178.241054217021 186.321218808492 193.380316098531 199.407458305359 204.720338185628 211.819728215535 226.812760035197 245.587150255839 260.287086168925 269.903381665548 282.17891852061 292.219122250875 295.903484026591 296.677947044373 299.740791320801 298.926631609599 291.930675506592 281.418522198995 276.500503222148 275.059223175049 273.365755875905 281.887888908386 283.839762210846 284.976124763489 286.847750345866 283.046404520671 275.648752848307 271.681626637777 270.480374495188 269.595980644226 293.360650539398 295.65966129303 297.675808270772 297.37377166748 298.841118812561 298.417468865712 297.133982181549 300.789356231689 298.679888248444 289.305647214254 276.605983575185 272.622327009837 287.012100219727 300.838828086853 296.742975711823
199.390649795532 182.010491689046 169.424951076508 160.785228013992 164.090553919474 180.185218652089 200.302958488464 210.883895556132 221.023797988892 228.369514147441 248.414218425751 269.159257411957 281.968057155609 288.200954596202 292.295177777608 294.423798720042 288.952549298604 279.939870039622 276.593466599782 276.115039984385 271.997650464376 270.446081956228 280.201315879822 282.445549964905 283.519307772319 288.34746281306 284.963230292002 279.307742913564 273.983319600423 271.791021029154 276.560187339783 299.201329549154 299.053569634755 298.993488152822 295.484821001689 296.375870704651 299.657861391703 300.635238488515 296.747903029124 292.332708835602 289.685507615407 283.093353112539 284.122188886007 291.241447130839 295.027256011963 288.533647855123
241.285900274913 214.47229385376 187.244693438212 163.233021895091 154.686292012533 166.107654571533 191.34783744812 208.092927932739 211.784899234772 211.623708407084 221.985658009847 235.609491666158 245.234529177348 251.741568247477 259.769876797994 266.611039638519 266.346712907155 266.834696133931 272.331396738688 277.572353680929 277.616779009501 280.832827091217 283.935646216075 283.056616783142 284.933050473531 288.877805074056 287.104388078054 283.355832099915 277.254641056061 275.668422381083 288.448294003805 301.147301991781 300.857265790304 302.502632141113 297.136425971985 294.458746910095 297.888696193695 297.451655069987 290.22490978241 291.867673397064 291.228810946147 286.520838737488 286.747256914775 287.903686364492 280.429561932882 263.817548751831
262.274185816447 239.140868186951 219.147920608521 198.438922564189 177.001694838206 164.520819981893 172.326068083445 201.010664304098 214.352647463481 222.498973210653 219.091852506002 213.946541150411 209.746917088827 205.887734889984 208.21209748586 223.477145036062 235.346039136251 252.917289733887 269.208312034607 279.804428418477 283.012131849925 283.901890118917 285.320123036702 283.931930859884 285.14842192332 287.483731905619 288.203775882721 286.694010098775 282.046099503835 284.718791643779 294.295728206635 301.317910353343 303.566833337148 302.385707696279 298.630118370056 292.632261912028 292.43012269338 289.143621921539 287.641406059265 287.237326304118 282.324194908142 279.520869255066 283.02522500356 285.262962182363 271.952788035075 262.842973073324
270.549734433492 261.056741078695 250.153402487437 234.988331794739 212.532679239909 181.976755460103 161.099175612132 160.934607187907 194.802641868591 220.133741696676 227.345108985901 223.417719205221 214.646557966868 204.915722211202 192.244430383046 195.786674817403 208.369374275208 224.671761194865 247.146268685659 265.517373879751 275.562246640523 280.621111392975 286.288142204285 284.537156422933 283.257484436035 283.481319745382 284.057080745697 283.350785573324 281.972984472911 288.40172290802 296.147306760152 299.815595149994 298.264980316162 295.586546262105 290.982147057851 287.951429684957 288.687447706858 282.96422958374 275.219639142354 267.766853173574 269.874632358551 278.360883394877 290.895998477936 296.165188153585 281.774640083313 278.015971183777
263.071695963542 263.531068960826 259.555498758952 251.721421877543 238.473892211914 216.642340024312 186.089773972829 157.707055409749 171.813905239105 194.581647713979 214.269081751506 223.376254240672 225.332776705424 222.659250100454 210.862497488658 203.448017438253 200.781921545664 205.387115478516 219.157993793488 236.489295959473 252.000411351522 264.502922693888 272.684693336487 270.077427228292 271.702229976654 272.552271684011 273.498634497325 274.092892805735 275.012373924255 283.200959364573 288.388987382253 287.740170955658 286.483407020569 286.438663800557 285.588522752126 286.033948262533 285.2570215861 280.478040377299 269.597907861074 267.706175645192 281.9731036822 293.692330519358 299.689968427022 299.576242764791 286.365071932475 280.313809712728
233.992536862691 243.696808815002 248.695572217306 248.732308546702 245.776851971944 241.775433222453 225.674430529277 207.474132378896 175.89529355367 166.295210520426 179.987649122874 205.203513304392 226.198971271515 236.722807089488 238.037625948588 229.586839675903 214.602589607239 209.483365217845 208.859662214915 211.504141489665 220.343848069509 228.190879027049 237.420777479808 244.825462500254 253.178238868713 256.12735748291 257.52447048823 258.128662904104 259.721616903941 266.152083873749 267.534057299296 268.305818239848 274.383544921875 278.599222501119 280.966063340505 280.409495035807 278.912544250488 280.458807945251 269.859890143077 275.722940762838 293.69862874349 300.670901934306 300.708035628001 298.21503162384 284.087240695953 278.635442256927
181.210160255432 195.355137189229 208.304007848104 219.091733296712 228.843728701274 236.775000890096 238.447030385335 233.13573996226 205.701231956482 179.343938827515 165.093839168549 172.938088575999 200.540582338969 225.677053133647 240.515987078349 230.759481588999 223.011374473572 216.004470984141 207.99458026886 202.647308508555 202.155768871307 202.497859795888 206.498821576436 219.943543275197 232.731978098551 240.731914838155 242.601255575816 242.866635322571 248.310108979543 253.390312194824 256.330688794454 259.840468565623 268.869936466217 272.71846930186 272.399624188741 272.008160750071 275.121251742045 279.201130072276 277.399977048238 286.530613899231 296.179552872976 300.014535586039 300.071756045024 297.563989957174 290.086229642232 288.689037164052
138.195594151815 143.675585587819 152.541021505992 165.41200876236 182.011942068736 199.009935061137 217.852135499318 224.280456701914 225.1335978508 210.779249668121 184.277256329854 164.088149865468 166.986266771952 190.51194190979 217.066725095113 220.806896686554 227.37067937851 223.993380864461 214.065770308177 203.402678171794 196.688373883565 193.544904390971 193.726976712545 202.975749969482 211.970269680023 218.116561571757 221.188724040985 225.632846355438 232.613782087962 237.114787101746 241.809149583181 247.269193331401 253.537535667419 256.676495075226 256.854295730591 258.108655611674 267.629206180573 277.363717556 281.187733014425 289.47114944458 294.56619421641 296.695232391357 294.245024522146 291.033486525218 286.905288696289 285.943071047465
123.682777086894 118.538111448288 116.040805975596 115.917881329854 126.095722119013 143.912692864736 169.804374376933 192.193806171417 221.250653266907 226.82789961497 214.685022830963 190.253655115763 161.916047334671 159.6300303936 182.620445887248 210.192243258158 226.319670677185 229.173680146535 224.157373110453 214.827557404836 205.837488174438 205.085833867391 204.128324985504 205.002864201864 205.659608046214 205.17369111379 209.489226341248 218.543291091919 222.300708293915 223.730643590291 228.586832682292 234.129091103872 235.799670219421 237.652619679769 240.463157494863 245.667656262716 256.614685058594 268.123308817546 270.727415879567 278.375267982483 283.255139986674 283.549944559733 282.643099625905 283.239046732585 278.186062971751 278.551638126373
101.188133160273 87.0585242907206 71.396882335345 63.8258159160614 58.0814629793167 63.5040998458862 85.228423277537 122.163832187653 165.02453883489 205.011010169983 224.502861499786 224.021553993225 203.926761945089 177.940646807353 174.074331919352 200.237949689229 217.633048693339 231.274167696635 238.235592842102 234.067320823669 222.436626752218 219.161848227183 215.238074461619 214.854339758555 214.826206366221 212.778170903524 215.678791205088 224.437852700551 224.240442117055 217.302978038788 223.168472448985 228.156725565592 229.780813058217 230.120658874512 233.985602855682 241.301735242208 246.800859769185 252.453446388245 255.910714467367 257.9319079717 262.092928091685 267.541786034902 273.522814114888 278.361121813456 273.627698421478 276.440580685933
107.17370112737 72.6457685232162 45.5264846483866 35.1368263363838 32.5965136289597 38.2415975133578 51.0883231957754 77.6460270086924 102.204789717992 145.363569259644 196.63260380427 239.024301369985 246.26213312149 226.379036903381 200.28555393219 194.743057092031 200.250645478566 216.202040513357 234.309772650401 243.273655573527 240.580836931864 234.124918778737 231.455763181051 227.618316809336 224.311391512553 222.909828027089 224.684337774913 227.028787136078 222.155650456746 217.130144437154 220.369696617126 225.379864374797 225.443243980408 225.357214609782 229.408979415894 232.673684755961 234.42808787028 232.615749041239 237.13755607605 237.867931524913 243.734419345856 251.470446586609 256.40598932902 260.996143023173 260.682165622711 263.973573843638
97.0958272616069 70.3110943237941 37.8665874401728 16.9307924807072 29.002291460832 53.3301879962285 60.5089068412781 77.2738357385 93.0010676383972 118.530631065369 151.19324127833 186.86572710673 212.239185969035 234.395444393158 224.754512310028 200.746496518453 189.621806144714 193.46551100413 211.288015047709 236.359198888143 248.07608127594 243.038455645243 243.857264518738 237.364808718363 230.716188748678 231.407602628072 233.719706535339 229.344507058462 224.473536014557 226.589282353719 226.741751035055 226.101239522298 223.141312599182 220.834136009216 221.703092257182 221.033891042074 218.890170256297 213.920553525289 217.187146345774 219.426214694977 224.230726559957 230.222046375275 232.564628124237 234.483321507772 245.536267757416 251.177291075389
82.4847767750422 71.3702986637751 45.4246153434118 10.4079265147448 19.094771395127 49.4038313627243 64.8630360762278 81.8528036276499 98.8277693589528 108.55625073115 128.071596225103 163.795133431753 191.963454087575 204.150597254435 213.893075784047 215.49920241038 209.700922171275 201.130827267965 193.916400273641 206.040362517039 232.676565647125 246.852378050486 250.523149967194 245.80717086792 238.354484240214 238.784909248352 243.246595064799 238.60760529836 236.205140749613 241.063217322032 239.194571971893 227.920254071554 221.713721752167 216.874321301778 212.071557839712 210.965275764465 206.284979979197 204.173386096954 205.080568790436 208.744208017985 211.337347825368 213.703354199727 216.883381207784 219.729820887248 236.113886038462 245.237708091736
74.8946567376455 75.5050083001455 62.7745091915131 23.2632011175156 24.2169300715129 52.3195068041484 72.5799401601156 92.7779177824656 109.424491723378 115.930000940959 126.12188855807 147.472828626633 171.756982803345 187.830706437429 200.554728507996 221.162835756938 225.711862246195 219.68158086141 202.582021554311 192.477564016978 205.280820528666 230.711738268534 240.741809209188 243.342439333598 245.90790271759 250.007271766663 253.744304180145 252.528925736745 249.948302904765 251.416822274526 245.177189509074 233.51655403773 224.388857682546 216.423948605855 209.971209367116 207.042098045349 204.268455505371 203.508615493774 203.734974066416 205.995122591654 207.744797070821 209.552486737569 209.870318571726 213.811238606771 225.0155210495 238.605300585429
79.5229772726695 87.3168110847473 87.5215331713359 53.3337394396464 44.4473077853521 69.9422210454941 87.2729917367299 104.885637760162 118.397305409114 136.063555876414 147.309879461924 151.631375153859 162.197142839432 170.885344346364 188.704371452332 202.796936035156 215.573827425639 224.065442879995 223.339279492696 209.939916928609 197.825729846954 210.714300473531 218.981007734934 230.501373608907 245.104531447093 255.343079566956 259.747624397278 261.178970336914 255.722403526306 252.704362074534 244.969328244527 237.941384315491 228.452642758687 218.902985254923 213.873505592346 208.951016267141 206.970234711965 203.754464785258 203.18857828776 206.566413243612 209.916790326436 211.810568968455 211.35151386261 214.068114757538 215.02145131429 228.345274925232
86.0070586204529 89.0406270821889 99.6418098608653 92.5224820772807 80.5896669626236 88.4222487608592 91.3148522377014 104.130258162816 117.727826038996 132.449646790822 149.286727110545 146.369834740957 149.885634581248 148.394107818604 162.994623184204 181.385397911072 196.334858735402 205.825825532277 214.538911978404 218.075235684713 215.347329775492 203.559776147207 205.30774195989 214.418987433116 228.910684585571 240.451276302338 250.873208045959 253.324349721273 252.736369768778 252.083122730255 245.708247025808 237.691660722097 228.796621163686 221.481025218964 217.043538888296 211.864829063416 207.927028338114 198.530296484629 196.434696515401 205.247481664022 211.099565029144 213.429689407349 216.266930103302 214.372515678406 211.503167947133 220.849335193634
