input/barkrak2/radiation/dir28924.grid
NCOLS 85 
NROWS 70 
XLLCORNER 665100 
YLLCORNER 4664600 
CELLSIZE 20 
NODATA_value -9999 
[rows 0 to 20 of 70, columns 0 to 47 of 85]
153.846134742100986 169.823328653971 187.113503615061 208.499948183695 219.289044539134 220.802942911784 217.279593149821 212.718228499095 212.668220202128 216.237266858419 215.977470080058 214.778045813243 211.767256259918 212.56939570109 213.936587174733 204.101363817851 191.319406032562 179.469048976898 176.732063293457 166.96298122406 166.195054848989 183.439294497172 210.470736026764 218.146721522013 221.010665098826 233.392238616943 231.807192166646 216.387232144674 202.901403109233 202.170312404633 197.679917017619 219.949980576833 266.497095425924 264.703631401062 263.571461041768 248.760978380839 252.80624628067 267.831802368164 264.024098714193 265.223801136017 253.087162971497 257.863720258077 266.016244888306 261.875768502553 250.871221224467 253.756443659465 259.102384249369 230.532924334208
131.469676891963 149.295677741369 165.22275408109 185.704708099365 200.907250245412 206.717511018117 209.889928499858 213.923176129659 221.916019916534 222.046415011088 218.960126241048 216.039896011353 213.01805973053 213.69461218516 213.620046774546 201.686004797618 194.373746713003 184.973239898682 182.301183541616 173.08646440506 180.036107699076 204.347968101501 226.663132508596 229.161699612935 232.83588886261 239.319046338399 233.932753403982 220.767140388489 207.838137944539 204.197963078817 204.984227816264 234.515984853109 268.056929111481 265.470067660014 262.001633644104 251.173377037048 257.051328818003 268.687506516774 262.834270795186 263.693253199259 257.609248161316 257.277448972066 253.752470016479 247.450232505798 243.643403053284 251.867949962616 248.82827202479 214.237948258718
94.6988463401794 105.559448401133 119.216779867808 132.679770390193 146.554897228877 159.101108709971 172.090828418732 191.223859786987 205.712755521139 208.375652631124 210.440099239349 214.187701543172 220.778127511342 223.853091398875 224.359154701233 227.582057317098 226.343472798665 215.291917324066 197.869380315145 188.196857770284 199.210743109385 216.575821240743 227.9927333196 231.075008710225 235.302329063416 235.110382239024 229.340255260468 220.384697119395 212.489982446035 213.143030802409 223.090310891469 250.742773214976 267.082313696543 264.496445655823 260.863502820333 256.765007972717 262.685100237529 267.75848865509 265.578587849935 260.927200317383 254.092474778493 244.04231707255 229.75742816925 225.655655066172 235.100567340851 249.479313691457 236.825029055277 204.191903273265
76.7926772435506 76.6980797052383 84.1498573621114 90.7993117968241 97.9238152503967 106.236060460409 115.526417891184 133.423139651616 155.267318089803 174.834132194519 192.26461648941 209.87206697464 221.743226051331 226.056218147278 229.680895805359 237.892826398214 234.960416952769 223.420222600301 205.148577690125 197.526872158051 197.863201300303 198.262393474579 212.529440720876 221.838355064392 223.378856976827 224.479575951894 224.760115146637 221.706370512644 220.799505710602 224.676668643951 229.754030704498 255.756398042043 263.230502605438 262.682537237803 258.888860543569 259.942491849263 262.404064337413 263.114452362061 258.525490760803 247.567256291707 240.237454573313 227.312703927358 222.914814949036 236.890912055969 252.625087896983 246.956785519918 225.553472836812 200.246969858805
97.8257854779561 81.8190723657608 69.690336783727 59.567799170812 60.7140809297562 77.1262000004451 102.26700703303 113.940417766571 124.793459971746 133.328249057134 157.324761152267 183.380484580994 199.499229590098 207.896967728933 215.171972910563 219.950715700785 216.558476289113 209.95557308197 202.666958173116 198.82337252299 193.924208482107 191.635171572367 202.709436416626 211.450219154358 215.664724508921 224.059641361237 224.686582883199 223.708132902781 222.884933153788 221.982896327972 229.505856831868 258.256951967875 260.684867699941 261.054495970408 256.917337576548 255.971173445384 255.075355370839 253.094633420308 243.245005607605 233.789563179016 232.397735118866 230.658054351807 236.60675684611 246.975878874461 249.779601891836 226.224740346273 198.278864224752 189.883510271708
142.772376537323 113.835493723551 86.0302944978078 63.3109410603841 54.5328011115392 64.0388429164886 88.1140232086182 110.168149073919 115.393499533335 114.358146985372 123.97430340449 139.071921507517 149.935911099116 157.279680172602 167.868494987488 178.247451782227 182.827075322469 190.174996852875 198.002596696218 203.416625658671 203.992704550425 206.103364626567 204.232156276703 206.342180569967 211.801767349243 219.07502412796 221.814195315043 225.935657819112 226.067562898 227.449794610341 242.418030897776 259.776492913564 255.177060763041 254.603346188863 252.492586771647 250.664472579956 249.55689907074 245.185414950053 234.742720921834 234.34724410375 234.655479590098 232.188562552134 234.1348528862 237.740159034729 227.629840373993 196.60230477651 169.591287771861 178.503235181173
169.932226339976 142.73010691007 120.290984710058 97.9139506816864 76.0112851858139 63.6871556440989 69.3166255950928 98.3832577864329 116.628259420395 124.494582414627 121.250281731288 116.332004467646 112.14158932368 107.595721880595 109.624663988749 126.358350118001 141.259958346685 163.718829552333 185.863296190898 199.991365273794 207.72914091746 212.744355201721 208.912332852681 206.383903821309 209.580222765605 211.899638175964 216.13085269928 220.299144585927 223.325371742249 231.430530548096 246.026853720347 254.049162069956 247.873504956563 242.910623550415 239.875117937724 237.704416116079 237.188100814819 232.089440027873 226.740916570028 221.962332725525 216.177264849345 215.013484160105 221.924463907878 229.492485523224 221.077442169189 210.312724113464 222.237785657247 232.606132825216
183.489640553792 172.305643558502 157.146642605464 138.545533021291 112.970173358917 80.7542552550634 60.8432938655218 58.147206902504 88.4279310703278 121.1190422376 130.699455738068 127.259095509847 117.543786764145 107.114185889562 92.9963092009227 96.3890751202901 109.465211629868 127.674589554469 153.936276833216 176.39684677124 191.944797833761 204.202791055044 210.873146851858 206.043263276418 205.517808596293 203.887462615967 205.368280410767 208.349327246348 211.93927526474 222.847978274027 233.836054801941 241.304059823354 233.705957730611 227.729757626851 222.051898638407 220.532377560933 225.691437721252 222.285171349843 215.668320655823 198.085983594259 196.097731590271 205.830375353495 223.943948745728 236.459871133169 234.988749027252 236.411074797312 244.878431161245 247.38218386968
143.605411052704 162.124047676722 155.59991200765 161.048918962479 144.941459099452 118.173291285833 85.7233504454295 57.4909448623657 69.9893931547801 90.2284483114878 115.063716967901 128.077626228333 130.909363428752 127.797275781631 113.432119290034 103.821635246277 101.155658562978 105.288813511531 119.936565558116 138.77738515536 157.654941082001 175.713757673899 188.385963439941 188.080986340841 188.896477222443 187.148869037628 187.483012676239 191.343327363332 195.67879041036 206.071774164836 212.227781613668 212.791641553243 209.264039993286 208.090980847677 210.001389185588 214.069326718648 214.863578478495 215.520262718201 210.615634918213 203.028857707977 213.962018489838 227.775533994039 237.786908944448 238.902986049652 232.316613197327 227.611899375916 230.640927950541 241.053998470306
97.950557867686 114.266624053319 124.930679798126 128.252297639847 137.124011913935 133.180052042007 127.910991509755 105.840375026067 74.5910108089447 58.0187241236369 66.1358137925466 92.8547183672587 116.057793299357 134.166697661082 138.03905248642 128.473540147146 112.143297990163 106.187035640081 105.261147022247 108.949522177378 117.863009373347 124.498029549917 138.651072978973 154.134015242259 164.625346660614 166.887025038401 167.199373245239 169.367909431458 172.746320565542 180.697878201803 181.938827037811 184.004108111064 190.47345717748 193.47623984019 198.554515838623 201.181848843892 201.135416825612 208.729485670725 209.067702293396 217.229902744293 233.853379885356 242.200970649719 243.153770764669 240.349173545837 231.728076934814 227.817952632904 238.608479499817 248.144030570984
54.8395464817683 57.6142768065135 65.3337438901265 84.4946503639221 97.7041721343994 102.53299276034 119.440108537674 112.862368424733 89.5443956057231 66.592146952947 51.8543322881063 54.6388775110245 74.8003621896108 97.6908405621846 115.125397841136 108.460108439128 106.322666009267 101.808696985245 96.9728132088979 94.3471093972524 94.4071809450785 93.8020249207814 101.220329602559 115.884075562159 130.653917789459 143.490185340246 146.504064400991 147.939503192902 156.136304140091 162.370890378952 166.01554552714 171.105802059174 180.662989616394 184.674680233002 186.00328763326 188.259919484456 193.878889083862 199.587146441142 208.426535129547 227.278749148051 238.986611366272 242.043276627858 241.145332654317 237.917085488637 233.284334341685 235.549469788869 243.610024452209 245.858331521352
29.7340576847394 26.9697109858195 28.6676337321599 31.0368885596593 40.0771846373876 55.0673355658849 67.16488301754 77.3054212331772 78.8354774316152 71.2441603342692 55.1800181468328 46.6783940792084 51.6740580399831 67.7299896876017 85.9394967556 92.6503539085388 99.4520485401154 103.093236684799 95.1993664105733 88.3363485336304 84.7933093706767 84.961195786794 86.2194299697876 95.7384208838145 106.878538926442 114.747752745946 121.479898691177 127.007295687993 134.502073129018 140.391012032827 146.133790413539 151.604175567627 158.344328403473 162.643035252889 165.109852949778 168.284237384796 180.594980716705 192.678769429525 200.249433517456 217.316806316376 224.709709485372 228.086292743683 225.941995779673 222.880880037944 221.583962440491 221.059083938599 227.603832880656 235.824187596639
22.4994271993637 15.3907189766566 9.79108922183514 4.91609269132217 2.3027427184085 2.94595304876566 20.1749466359615 40.8976326386134 60.3540043036143 68.8867171605428 68.4531678756078 60.923491915067 46.8965371449788 47.5637018680573 62.0463242133458 82.9579035441081 99.3905862172445 104.658424854279 101.36291384697 97.2442924976349 89.356521765391 92.7479465802511 93.6282177766164 97.5664754708608 99.6480981508891 101.921955744425 107.00249671936 116.281261046727 121.204435825348 123.518029848735 130.44685125351 136.25168800354 137.426396210988 138.914505640666 144.253174463908 150.364985068639 163.394669691722 177.914539972941 182.205041249593 194.181660811106 200.877090295156 202.674031257629 201.960802078247 204.375723997752 204.287012418111 207.374930381775 210.853676001231 216.830889383952
22.8983610868454 6.38941054542859 1.03495471800367 0 0 0 0 11.939749121666 34.5389967163404 56.0755431652069 71.7560847600301 76.7464240392049 69.5023039976756 60.1469874382019 60.1744701464971 77.8164168198903 91.552992661794 104.631612698237 114.584396282832 110.745966434479 102.837671836217 101.626813411713 100.15477736791 101.535697778066 105.023453632991 107.931951681773 111.393749713898 120.410869518916 123.175134261449 117.246915896734 122.926990191142 128.909766674042 128.948340813319 129.104753335317 135.000705718994 141.866872708003 148.201674222946 154.587189356486 160.788357257843 164.80819384257 172.040482362111 178.916752338409 186.904470125834 194.983899593353 191.591143608093 199.44973786672 202.903687953949 200.868010520935
31.2065730492274 10.560097793738 0.323449106266101 0 0 0 0 3.76989847669999 16.1414369940758 34.6199423074722 62.9160751899083 90.1031692822774 93.1478242079417 88.4549419085185 75.276772181193 74.7970342636108 78.5795748233795 92.7578012148539 107.451419035594 117.033143838247 118.975271781286 112.655848264694 112.299819787343 108.788440624873 109.491735696793 111.615677674611 116.671572128932 121.529320875804 119.984408219655 116.546183824539 118.352989355723 124.164998531342 123.792697985967 123.962422211965 128.235210975011 132.668087879817 132.468223571777 132.388959328334 138.573457797368 140.430400768916 147.813985745112 156.574408213298 163.162569204966 170.071502526601 173.917690912882 180.291136105855 190.591096878052 197.163939476013
27.2084325551987 13.0930580198765 0.6685353970776 0 0 0 1.98061764240265 5.75446834166845 15.7399500409762 29.0921678145727 52.78413494428 85.785577694575 98.8926390806834 104.704558849335 95.3258872032166 77.5834967692693 72.5599378347397 76.0792891184489 91.3187861442566 112.761358420054 125.944018363953 122.117618719737 125.131001075109 117.984920740128 114.301105340322 115.652203559875 118.661383787791 114.521553119024 118.482609589895 125.061005353928 124.558508396149 123.839259147644 121.583590904872 119.309723377228 120.894928773244 120.237767696381 117.079595724742 113.061815500259 117.645402749379 120.72879076004 124.064942200979 130.162417888641 135.185877482096 138.549745082855 153.584957122803 160.262852907181 177.458246548971 187.636653582255
23.2829327384631 16.0779406627019 1.92054004097978 0 0 0 3.14419468243917 10.9984576702118 19.6946623424689 25.8678967754046 39.4996553659439 68.7501182158788 90.0043249130249 98.6670056978862 106.101353963216 97.2245832284292 98.7617969512939 88.5462959607442 82.6686769723892 90.4629429181417 110.960632562637 126.875072717667 131.674478451411 126.468280951182 121.570159991582 120.858917633692 122.86306420962 117.619454860687 123.821377754211 128.354052702586 130.892217159271 126.304646333059 120.653172334035 115.623960892359 111.453592777252 109.670827786128 105.123082796733 103.954801956813 105.420351028442 108.859916528066 110.791623592377 113.885114590327 116.716593503952 119.718253612518 140.231053034465 151.136974493663 160.83687543869 168.574213981628
19.4516157110532 18.3266835908095 8.42896600564321 0 0 2.30503904943665 6.92914053797722 17.9478724797567 26.5967970093091 31.4444427688917 37.3612095912298 54.0858209133148 74.477141102155 90.1741782824198 105.736980835597 115.160087744395 115.85412422816 106.019804875056 92.6381150881449 81.6468149423599 91.5138324101766 118.137826522191 123.773445685705 128.53616476059 128.129889567693 130.707999070485 131.346354881922 127.417286237081 127.879242102305 125.84509452184 126.236021518707 116.008390982946 111.179818709691 115.883102019628 109.857598940531 106.765925884247 103.493402401606 103.27676932017 103.037089109421 105.73223233223 107.74952173233 109.696249167124 109.411388635635 112.368802229563 124.201814333598 139.59397872289 150.03643433253 152.082622051239
20.7527304689089 23.8850290576617 21.9467704494794 0.924828850353758 0.252735878651341 10.1545782138904 13.1086930632591 25.5355735619863 34.7790519396464 47.4392920732498 55.841142932574 58.1145981947581 67.4762427806854 75.2585232257843 90.8853709697723 110.34615834554 116.826673348745 117.204248905182 114.225963751475 101.600845654805 87.0185693105062 97.9111691315969 108.091006676356 121.354560057322 130.435158809026 134.439418713252 135.866433382034 136.772662401199 127.470235029856 126.383086045583 113.510648409526 109.747022390366 107.78687397639 97.5898106892904 97.573588291804 101.107815901438 106.761823097865 102.663258711497 102.486928304036 106.060951948166 109.622647364934 111.005624135335 110.66077152888 111.943483352661 113.027860720952 128.062238295873 134.611576795578 133.911977211634
21.8174830079079 22.8528728087743 25.7734879851341 18.5867547988892 8.85367766022682 17.8552630047003 15.5469166735808 19.1041007637978 35.9493444363276 47.3140130440394 57.2924713293711 54.7060569127401 55.7453234990438 62.005544702212 73.9425917466481 93.1803186734517 105.56036233902 108.882149060567 114.996214707692 116.800884405772 107.715278863907 97.2326000531514 99.8769104480743 110.391954580943 120.059351126353 128.70121995608 128.230998913447 130.269308884939 131.238202253977 120.531211296717 107.08009203275 104.831794897715 91.0603404045105 80.8830807606379 79.3439795573552 84.1896732648214 77.6795248190562 80.3005049626033 79.4624636570613 87.3761077721914 97.7045297622681 101.604183514913 105.664372444153 104.22295331955 102.481464544932 113.60443631808 114.752540985743 119.748115539551
26.6133025288582 19.2582905292511 15.671830624342 28.2415474454562 24.5698218544324 22.320327659448 16.8674923479557 18.494854370753 31.8317363659541 40.1678880055745 46.6134498516719 47.2210645675659 46.5858280658722 51.1777251958847 60.0334306557973 74.3080079555511 85.6239497661591 94.1752692063649 103.636264801025 118.844012419383 125.383317470551 116.943061351776 114.733457565308 119.895408550898 121.620923280716 121.385842561722 119.058867295583 125.669668118159 120.665113131205 107.23755757014 106.277445952098 85.0307842095693 66.2938555081685 53.818886478742 43.4721012910207 49.208124478658 44.8167522748311 60.0953449805578 64.5483831564585 70.6864297389984 74.2682218551636 81.4417997996012 86.1285030841827 86.4661534627279 94.6339269479116 99.78386759758 104.535718758901 110.951006412506
