input/barkrak2/radiation/dir29624.grid
NCOLS 85 
NROWS 70 
XLLCORNER 665100 
YLLCORNER 4664600 
CELLSIZE 20 
NODATA_value -9999 
[rows 0 to 20 of 70, columns 0 to 48 of 85]
138.536830743154013 153.274536132812 170.61843474706 192.269265651703 203.369279702504 205.172777175903 202.20822095871 198.094367980957 196.978549162547 200.582404931386 200.623552004496 198.02846511205 194.373667240143 195.17328341802 196.10720872879 183.191418647766 169.861872990926 158.609976371129 157.969524463018 152.016530434291 152.63972679774 170.624037583669 197.058975696564 204.408009847005 207.826693852743 220.412154992421 218.753655751546 203.587690989176 191.119968891144 190.83845615387 186.266541481018 209.011912345886 254.922489325205 252.170483271281 250.744024912516 237.08043495814 241.812348365784 256.610035896301 253.338575363159 253.81326675415 242.165843645732 248.193780581156 255.763292312622 250.052392482758 239.018400510152 243.434290091197 247.17777967453 216.757257779439 149.3186155955
115.319758653641 132.866740226746 148.623039325078 169.081548849742 184.503753980001 190.664311250051 194.574534893036 199.3261774381 207.219918568929 207.227905591329 204.529007275899 200.427691141764 196.634729703267 197.151561578115 197.119017442067 184.534589449565 176.714519659678 165.994385878245 162.114431460698 156.037539243698 166.110614935557 191.170692443848 212.398906548818 214.121719201406 219.03653939565 226.544260978699 221.153934796651 208.280722300212 196.010450522105 192.904750506083 193.67257754008 223.394115765889 255.113283793132 253.059585889181 249.285876750946 239.373962084452 245.082179705302 256.701429684957 250.598231951396 250.898102919261 245.432992776235 246.703902880351 242.724478244781 234.611372152964 230.749388535817 242.282013098399 237.701972325643 201.12399260203 160.263160864512
79.5380026102066 89.6972219149272 102.597783009211 115.967571735382 129.818002382914 142.626176277796 155.962308247884 175.579349199931 190.373917420705 193.288048108419 195.934494336446 199.649890263875 204.589565594991 207.277417182922 208.209931850433 209.753096103668 207.461933294932 196.260730425517 179.373939832052 170.845071474711 182.14476108551 200.389583905538 211.571097373962 215.398172537486 218.94896030426 218.580444653829 214.630524317423 208.007057507833 200.720349947611 202.147901058197 212.612052758535 239.863594373067 255.555788675944 254.028598467509 248.362123966217 244.842847188314 251.517176628113 256.504734357198 253.382086753845 248.096168041229 241.490066051483 231.853246688843 217.623472213745 212.634861469269 221.365869045258 238.426884015401 225.837747255961 191.438376903534 178.401450316111
61.5261147419612 62.0531191428502 68.1021859248479 73.8292535146077 81.0973246892293 90.0211334228516 100.170453389486 117.87951985995 139.448265234629 158.998966217041 176.843921343486 194.644133249919 206.391076246897 210.655689239502 214.525143305461 221.479813257853 218.431830406189 207.010467847188 188.57870499293 180.880963802338 181.503732999166 182.264824708303 194.519778092702 205.122848351796 206.413050492605 207.996229330699 208.997170130412 207.27131764094 208.513180414836 213.276346524556 219.129204750061 244.915684064229 254.849016666412 252.159059047699 247.915804386139 248.914857705434 251.745363076528 252.602159976959 246.883551279704 233.978271484375 227.199037869771 214.805781841278 211.074630419413 224.572757879893 238.939960797628 233.604272206624 212.11043993632 187.615434328715 188.663919766744
80.382044116656 65.3319259484609 54.1048049926758 45.085147023201 46.1510568857193 61.5933587153753 86.1504673957825 98.5445479551951 109.160522619883 117.585937182109 141.379326581955 167.302866776784 183.36021900177 191.783289114634 199.230531851451 204.188545544942 201.023956139882 193.927049636841 186.538855234782 181.448340415955 176.765501499176 174.564242362976 184.91393327713 194.109002749125 199.270447095235 205.66733678182 208.050449689229 207.923293113708 208.906352519989 208.642780780792 217.742045720418 246.979435284932 249.842246373494 250.049829483032 247.204899787903 246.002932389577 243.288397789001 240.959942340851 230.439762274424 220.538894335429 219.232738018036 217.50287214915 223.615010579427 235.277553399404 237.72140343984 213.277359803518 184.53449010849 176.686326662699 183.082580566406
122.713665167491 95.3262150287628 69.0637429555257 47.6905604203542 40.2247955401739 49.107680718104 71.2499072154363 94.3641662597656 99.5649695396423 98.910649617513 108.231365680695 123.050997654597 132.750342289607 139.886269966761 151.540815830231 162.023464838664 166.959404945374 174.887756506602 182.825128237406 187.172750631968 187.765955924988 188.658614953359 186.923801898956 189.402222633362 195.249517758687 201.367179552714 204.707582791646 208.84249607722 211.131612459819 212.861299514771 226.072251796722 243.200500806173 237.006962299347 239.005744457245 240.732153256734 239.047567049662 237.440268198649 232.574025789897 221.753001213074 222.098310788473 221.591571966807 219.320356845856 221.461315949758 225.166579087575 216.183801492055 182.933270931244 155.464967091878 164.682845274607 184.39918756485
147.72762854894 123.893906672796 102.29367017746 79.9340506394704 59.5316886901855 47.977348168691 52.6072084903717 79.3376465638479 99.2364486058553 108.791569868724 105.604102214177 100.853522618612 96.7871149381002 91.7557676633199 93.6368107795715 110.640148321788 124.743739763896 147.818624973297 169.970293839773 184.110303719838 193.329870700836 197.507898012797 191.870371500651 188.053150971731 191.42214457194 193.489491939545 198.026676972707 202.89933681488 206.243733565013 214.114526907603 227.784872055054 233.492970466614 225.824952125549 221.439917882284 220.974564552307 221.283892790476 224.372982978821 218.982776006063 213.359634081523 208.156049251556 202.250103155772 201.31242275238 208.562016487122 216.533382733663 208.997269471486 198.552389939626 209.654827912649 219.354232152303 232.666512330373
135.311603546143 139.110485712687 123.392562071482 119.142065445582 94.3803290526072 63.8937950134277 44.4499502579371 42.8589830795924 71.7835674683253 103.040963411331 113.374312718709 111.618300278982 102.66567269961 91.3973848025004 77.5512705246608 80.1904499530792 93.4982498486837 109.292676051458 137.847870588303 160.124113162359 175.855040550232 188.562532265981 195.201416810354 190.151890118917 188.461343447367 186.600307623545 188.15537293752 191.547473271688 195.68149248759 205.57580391566 215.966920057933 218.736747900645 212.251742680868 206.49254322052 201.943655808767 201.419790585836 206.985831260681 205.579717954 201.986908912659 184.171338876088 181.697070598602 191.419283548991 209.913690884908 223.121742407481 222.544352213542 224.991858005524 233.164608478546 235.460539658864 243.929286797841
108.660846948624 119.568705558777 114.612281322479 115.255256493886 110.559463500977 87.5328779220581 61.1565609773 37.5624497731527 46.5150972207387 60.8289043108622 81.1877797047297 92.1907524267832 98.9170968532562 101.719697316488 90.3184016545614 84.6802095572154 78.315868973732 79.4221808513006 92.5431847572327 109.875698884328 128.970195849737 144.962439934413 162.082562843959 162.65199581782 171.688119570414 172.181109587351 172.489166259766 174.210170904795 178.952674070994 187.776426474253 193.537692228953 194.227576255798 190.516491731008 189.172863960266 191.957692305247 194.127102692922 195.395390192668 197.818636894226 195.201178391775 188.601811726888 199.953615665436 213.815768559774 224.187016487122 226.795474688212 220.112105210622 215.636014938354 218.721747398376 228.840967019399 237.541238466899
81.1255077521006 82.3194583257039 96.8442956606547 98.2420245806376 101.077765226364 97.3627070585887 82.7079763015111 75.6243765354156 43.013870716095 34.2773447434107 40.8171763022741 58.6944421132406 75.8735090494156 90.23650487264 97.2983737786611 91.4787749449412 81.5196136633555 78.0434509118398 78.8409958283107 81.8924109141032 89.2193019390106 99.7532407442729 113.364070653915 123.402923345566 137.744724750519 141.455153624217 143.745472033819 146.78825934728 151.090204715729 160.074929396311 162.416994571686 164.424995581309 169.85829671224 173.911054929098 178.915937741598 182.540535926819 183.338185151418 189.796129862467 192.752460638682 201.445043087006 214.610973993937 224.342147509257 228.475530942281 227.193593978882 218.85339419047 215.453465779622 226.207534472148 235.810995101929 236.142834027608
45.9589709838231 46.3947554429372 49.3561625480652 54.2206118504206 66.2522415320079 77.1589130163193 77.6300678650538 78.7860304117203 55.7233591874441 41.0925671458244 32.9963813225428 38.4602223833402 54.6695093313853 73.0300048987071 87.9762371381124 83.5190415382385 82.6894740263621 80.5469254652659 74.6307621399562 72.8952487309774 72.2074508666992 73.5735893249512 79.1237453619639 96.2228178977966 111.283878485362 120.850384235382 123.622834682465 127.105216185252 135.747035344442 141.887426376343 147.035866975784 150.510519742966 160.159528255463 164.61326678594 166.011303663254 169.135212898254 175.108830134074 180.665711561839 191.104809443156 208.495875199636 218.672792116801 220.326483249664 219.319343566895 217.013319333394 217.241942882538 222.968757152557 231.492877006531 233.600536982218 232.770284016927
21.1837167541186 17.9133775333563 17.0175731182098 19.4506322344144 20.7539461553097 25.8506337801615 40.064699947834 45.0497368971507 49.6055285135905 47.2691605488459 38.6872490247091 32.2609792153041 37.3673910895983 49.4600683450699 66.6565696398417 72.3694463570913 83.1623325745265 83.3307802677155 79.7819395860036 72.0847149689992 67.4515664577484 66.774661342303 67.1559025843938 76.2425909439723 88.2401764392853 96.7039267222087 101.121187210083 107.814073562622 115.819215774536 121.762901544571 127.613484859467 134.099771579107 139.531880617142 143.23811729749 145.832200845083 148.85409673055 160.194824139277 172.841171423594 180.482129255931 198.115229606628 207.291126251221 207.223773002625 205.434997876485 201.798617839813 201.828916867574 201.776544253031 210.033337275187 221.263070901235 225.774566332499
14.5731543501218 8.91559136410554 5.38069816927115 2.39511796583732 0.264168464733909 0.427255989052355 11.6811593373617 24.8612215121587 48.6650268236796 56.1828662951787 53.5870641469955 46.4959889650345 33.6765100558599 32.0592224597931 45.1427698135376 64.0192230542501 78.7204752365748 83.5641026496887 83.2880040009816 80.8014323314031 74.2404212554296 75.5209674437841 75.5344132582347 76.4595816532771 78.4208128849665 82.4140012264252 89.5573298136393 98.9755094051361 103.813320398331 106.1865290006 112.271587053935 118.159453074137 118.872086207072 121.219754219055 125.515480836232 131.011287371318 143.564860026042 157.292942206065 160.395254691442 172.237118085225 180.212914943695 182.452619075775 182.249824206034 185.49523750941 185.087064901988 188.119351863861 189.786454041799 194.52291727066 201.177954673767
15.0472931563854 2.13175235937039 0 0 0 0 0 3.19513150801261 23.9070182045301 39.8560762405396 54.9306025107702 63.4267081816991 55.5592626333237 44.8759694894155 43.038417895635 59.6558054288228 72.1065501372019 85.1771136124929 94.4850146770477 92.8725103537242 86.6322716077169 87.891807158788 84.5277011394501 84.3402147293091 85.4767163594564 86.2825711568197 89.4435743490855 102.640986442566 105.693767468135 100.18989443779 105.030069748561 110.006868839264 111.741364002228 112.612595160802 117.941647768021 125.095625718435 129.611591498057 136.197328567505 142.152150472005 145.351270834605 152.313679456711 157.895306746165 165.339897076289 173.770745595296 172.447899977366 182.607293128967 182.346324125926 178.072651227315 176.845173041026
20.0833256045977 4.60782460868359 0 0 0 0 0 1.00802614664038 8.96904058754444 28.0345603823662 54.3736865123113 78.0028800169627 80.8957169453303 71.5256929397583 59.342215458552 58.8608135779699 61.4212850729624 74.6083905299505 90.0410215059916 99.4881689548492 101.305643717448 99.2003579934438 98.3018577098846 96.0932771364848 92.2651390234629 93.3922330538432 93.6273833115896 99.5816985766093 98.8043248653412 100.390056769053 102.110097805659 106.851895650228 107.403894265493 106.657077868779 110.746324062347 115.039805571238 116.394221782684 115.924874941508 122.503191232681 122.818976640701 129.292676846186 137.235244115194 143.883526325226 149.295220772425 154.185771942139 160.365839799245 171.690742174784 179.195205370585 174.845218658447
20.6776633858681 7.04723658661048 0.0259812368312851 0 0 0 0.0355929902677114 2.49927490949631 5.91206302245458 20.9795112411181 44.4754660129547 65.4768099387487 86.9900186856588 87.5863035519918 79.4638395309448 62.1074140071869 56.1877290407817 60.3258411089579 74.029008547465 93.9062734444936 107.758382956187 107.294549544652 108.145922422409 105.099081993103 100.241998831431 101.600855588913 100.469460090001 97.069372733434 98.2219179471334 101.820349693298 101.616452137629 107.374538977941 104.371209939321 102.754612763723 103.727072477341 103.676944971085 101.493467887243 97.6163347562154 101.237873236338 103.904644648234 108.347117900848 113.124837478002 116.950551668803 120.504518349965 135.450710852941 141.884505748749 156.614542007446 165.94789425532 167.823235193888
16.9975459575653 9.53832641243935 0.48557921157529 0 0 0 0.471079838462174 4.31237369775772 12.2852002580961 17.456683019797 29.23450867335 52.2681126991908 77.1998961766561 86.945911248525 91.4785265922546 87.0692531267802 78.718235095342 69.9797769387563 65.5024449030558 73.9881992340088 95.2458083629608 107.461422681808 114.392926295598 112.117866675059 107.628643512726 108.127236366272 108.705361684163 105.984936157862 103.174716234207 106.268256902695 110.121488571167 95.4264998435974 92.0393566290538 95.8028833071391 95.3262845675151 94.8859055836995 89.1721745332082 88.0195995171865 89.534064133962 93.647559483846 95.4638024171193 97.7413654327393 101.229339838028 104.146659374237 122.222363948822 132.506529490153 141.272256771723 148.78190557162 154.005497694016
13.4305233756701 10.8469327290853 3.71456829210122 0 0 0.125330484782656 3.22853898008664 7.66042495767276 18.4814855456352 23.3647723992666 27.9071033000946 41.5299485127131 65.5045708020528 78.2237599293391 93.5095151265462 102.358837922414 100.4678606987 94.7949687639872 79.6409596999486 67.6155885060628 75.8550415436427 98.6084739367167 108.619252840678 112.859110037486 115.464568138123 117.845823367437 116.591244935989 114.703913529714 115.592082341512 111.224830150604 99.5245675245921 91.7789538701375 88.4448091189067 81.3479671875636 79.8658033212026 85.7016543547312 88.0454182624817 87.3695810635885 88.2649620374044 89.7648433844249 91.8225248654683 93.4503078460693 94.1385328769684 97.0736543337504 108.633438746134 123.636096715927 132.204870382945 132.60684410731 136.290788650513
14.6176206568877 17.5383488337199 15.5109601716201 0 0 3.99238554139932 7.44146232803663 15.5230835080147 27.4058431386948 36.548746128877 42.4279421567917 46.4611401160558 58.3603829145432 65.4215216636658 82.3213954766591 92.863808075587 101.467072963715 101.847936709722 100.732237100601 86.7262780666351 72.8687196969986 84.3972067038218 94.5267081260681 104.512234528859 116.101314624151 121.559838453929 121.482054392497 126.4701684316 117.640564839045 109.328965346018 103.297342856725 92.2051866849263 82.4634730815887 66.6942050059636 68.9056863387426 70.4775800307592 68.2048400243123 72.8024144967397 73.025718331337 77.6291787624359 81.5502405166626 84.5027367273967 85.3801369667053 88.0557099978129 87.8536899884542 101.250310738881 108.992795149485 111.696660518646 115.50909280777
15.6110351284345 15.4854742189248 17.5415277481079 10.3836469352245 2.65890887627999 9.51600695649783 10.1795345544815 13.0706777175268 26.8619582056999 36.8236054976781 44.2920823891958 43.9283599456151 46.7769205570221 50.9444524844488 62.3942911624908 78.9031038681666 90.7312830289205 95.2067871888479 103.090753157934 103.202263514201 95.3617791334788 83.6250086625417 86.3535602887471 96.4739918708801 108.875811100006 115.836252768834 119.735548893611 121.912131706874 112.275888522466 112.456977367401 99.7096598148346 83.8758548100789 78.713004787763 61.6724193096161 55.1663239796956 52.3550808429718 47.3722368478775 53.7461936473846 52.0575741926829 58.3346833785375 67.5976028045018 69.8480904102325 76.2936572233836 80.6167374054591 80.5523147185643 90.5847748120626 93.2396352291107 96.0447291533152 104.985247055689
20.087119191885 13.2180067400138 9.72797783712546 17.4904565016429 13.3608803153038 10.5313348273436 9.46944952011108 12.5853841503461 23.4579195578893 30.4512803753217 36.0730290412903 36.7389172315598 37.7816607554754 39.811650911967 47.8351513544718 62.5565747419993 74.5806197325389 82.7836046616236 91.8464064598083 104.75081205368 111.183394988378 101.404309272766 102.110753456752 104.163080453873 107.439349095027 108.461668093999 106.394946575165 116.446793079376 110.245605309804 97.5996057192485 83.1702649593353 76.1720091104507 58.3189676205317 39.2389247814814 30.7421137889226 23.8997663060824 24.3048096696536 27.8347581624985 35.3556523720423 43.7712768713633 46.5902189413706 56.8410654862722 64.4813378651937 65.0916546583176 71.2321748336156 76.4751980702082 81.3144544760386 87.6312057177226 93.8105384508769
