input/barkrak2/radiation/dir22124.grid
NCOLS 85 
NROWS 70 
XLLCORNER 665100 
YLLCORNER 4664600 
CELLSIZE 20 
NODATA_value -9999 
[rows 20 to 39 of 70, columns 0 to 45 of 85]
155.595113833745 145.563026269277 159.09210840861 196.227232615153 191.942592461904 156.501670678457 145.946313937505 154.22401825587 167.215168476105 185.558656851451 198.266009489695 201.209823290507 206.625640392303 213.102161884308 223.639289538066 245.871027310689 258.518656094869 272.676904996236 288.193166255951 307.64627456665 311.408936977386 302.236298720042 300.661464532216 302.849670251211 304.408351580302 306.244790554047 308.386961619059 306.273778279622 302.97444264094 302.053610483805 295.083781083425 282.095154126485 270.287315050761 263.396680355072 260.704775651296 266.525030136108 266.516188780467 268.270969390869 273.137092590332 277.82795826594 277.897934118907 278.047362963359 280.738413333893 274.449288845062 279.709299405416 282.826046148936
186.099092165629 180.829644203186 191.134015719096 222.883582115173 219.113230705261 165.623714526494 158.200442790985 163.956453402837 172.301570574443 181.940952936808 190.72570403417 198.331952095032 203.113714853923 203.291356563568 215.446650981903 229.592760403951 244.420766830444 259.150544802348 275.040745735168 293.169299761454 301.353394985199 313.8121565183 318.219403425852 316.869795322418 311.379551887512 304.658532142639 299.709955851237 294.70290740331 296.619097391764 288.939158121745 272.434016068776 239.749054114024 217.097719510396 211.737016836802 218.240559101105 238.430658976237 246.701995531718 262.881398200989 273.005704085032 274.076581001282 272.0827460289 270.143409570058 264.019866784414 248.555938402812 269.611080487569 279.91529305776
230.034589767456 233.968655268351 232.398827870687 241.225719451904 241.235196590424 196.481347084045 181.143164634705 171.356936295827 168.520788351695 175.495088100433 191.770235697428 199.225942293803 208.483854929606 209.645052750905 216.483871142069 227.815588315328 238.666494687398 254.010101159414 264.916241168976 272.824009259542 279.607713222504 294.131378332774 302.64276266098 301.981071631114 295.789281527201 286.364456017812 275.13055006663 254.338661829631 253.308296203613 232.447465260824 206.93705479304 159.528146187464 138.574461142222 150.192896525065 178.2572666804 204.362134138743 223.119000593821 245.089113712311 258.749822775523 261.419693628947 265.092333157857 266.104380289714 241.885344187419 218.766033649445 250.011344750722 277.008275190989
256.594002246857 255.578696727753 244.635323683421 246.683975060781 246.083915233612 232.245226701101 205.336213111877 178.95766099294 165.132492780685 169.699132442474 189.624428749084 202.707310517629 214.333653450012 224.971175193787 224.378705024719 228.037575880686 236.964186032613 249.489486217499 256.843050320943 252.164443333944 247.4445104599 243.681530157725 250.887672106425 260.942955811818 268.569588661194 269.364356994629 254.209081331889 241.927584012349 215.464770793915 180.199186007182 152.388840913773 127.309898535411 91.4588570594788 74.123740196228 85.2410197257996 119.9977795283 165.375451246897 199.069460233053 216.835538546244 227.683981259664 227.143526077271 212.583760420481 199.144661426544 232.330759366353 236.300885677338 266.092300415039
250.111659367879 250.483791033427 250.823418299357 249.14687871933 238.989313443502 232.243835926056 210.328956445058 192.525784174601 176.457206408183 173.336148262024 185.25375922521 198.270599047343 210.773130257924 221.718589464823 225.174466768901 226.833562056224 231.86069726944 238.650461037954 243.873953819275 235.498785972595 233.427087465922 226.91418727239 235.04509528478 242.637733618418 246.116121610006 247.667868932088 239.497284094493 227.599740028381 194.440881411235 147.444119056066 127.155244350433 123.512228329976 100.668440262477 58.1262409687042 51.5326509873072 72.3291138807933 111.901104450226 146.188080310822 174.305200576782 191.621939341227 180.839975674947 158.743063608805 180.105070273081 255.960424741109 251.428067684174 268.622517585754
241.270025571187 245.991746584574 253.395160039266 248.052736123403 239.505410194397 233.708262443542 220.845897992452 220.547258853912 213.651458422343 199.530422687531 196.867962678274 212.275942166646 222.955842812856 233.306527137756 234.980563322703 226.43248240153 224.659542242686 232.864300409953 240.660786628723 244.017759958903 247.230231761932 239.914854367574 235.403855641683 233.467022577922 234.863718350728 235.040744145711 228.402594725291 220.563093821208 181.66979153951 156.8290690581 153.828799724579 168.496251106262 168.418844540914 123.72162938118 90.9210046132406 91.9864277044932 99.9471545219421 122.195770343145 151.278038819631 164.801647265752 152.500053246816 145.375629266103 189.886887868245 248.366634051005 268.789768218994 279.918789863586
242.320775985718 245.745698610942 251.600484053294 249.029815196991 253.715793291728 247.171501318614 242.12505420049 238.48416407903 240.665872891744 234.139442443848 220.183908939362 235.157708326975 240.78897635142 246.271332105001 243.198752403259 231.027007102966 227.538645267487 236.982782681783 244.044959545135 255.710422992706 256.927688916524 253.823121388753 243.162512779236 238.765160242716 237.329026063283 237.441678841909 227.489550908407 222.007970015208 192.036767800649 189.206997553507 208.140850067139 233.035703500112 239.311814308167 240.989148616791 202.187498410543 126.105407873789 117.594639460246 123.807340860367 144.508838653564 153.107086817423 165.405770142873 196.910639603933 209.792117277781 231.330494085948 259.164651234945 268.741448720296
246.154983838399 242.822746435801 245.397826035817 248.274445533752 279.223720232646 263.904213905334 254.666785399119 244.454622268677 246.105035146077 250.540514787038 239.661574363708 239.668905735016 245.84964911143 248.123645782471 247.316102186839 242.43684609731 238.297382990519 244.524121284485 252.990941206614 258.776227633158 258.055965105693 247.416297594706 244.161903858185 244.913498560588 245.055476824443 241.264939308167 236.916363239288 231.81023200353 223.033467928569 223.129192988078 243.751088778178 257.883509000142 260.002017021179 273.370782534281 278.948426246643 200.367093086243 143.798371156057 129.591325918833 136.223584413528 158.552428086599 200.029532114665 258.4281762441 225.743273893992 218.629062175751 237.23034063975 248.008171717326
245.008687178294 234.86715555191 238.212724526723 254.519124825796 295.573969682058 269.813736279805 248.596449693044 238.123456637065 240.584492683411 243.477741877238 238.439400990804 233.015815416972 239.629685878754 247.618635495504 248.612145582835 251.965085665385 246.69998884201 242.171168327332 252.075135707855 253.788908322652 252.669036388397 243.731697400411 243.167599042257 249.1295337677 247.369090716044 242.775638898214 241.757412751516 239.952067534129 232.638279596965 234.007298946381 254.871805508931 271.324316660563 272.406617800395 272.110899289449 286.307772000631 266.373674074809 170.035223166148 118.035972118378 106.701880693436 135.704537232717 209.404945373535 243.0686155955 215.170919895172 188.603460788727 206.676165262858 216.74915154775
238.655666510264 226.69514020284 233.714381853739 264.748831590017 293.822288513184 266.710976759593 238.134801387787 219.801465670268 212.184568246206 214.676817258199 215.013066927592 220.722158749898 234.674612681071 246.425668398539 250.775476296743 252.857724825541 253.725528717041 241.356313228607 245.602488517761 245.635946591695 246.150970458984 248.12122186025 246.626138687134 250.986417134603 253.536105155945 247.546116511027 250.248869260152 242.391645908356 236.576835314433 242.127219835917 262.17653354009 279.365758101145 275.444885094961 273.004015286763 283.039371172587 292.7552262942 255.111694335938 174.054821332296 133.488198121389 141.917804876963 178.776999314626 195.316195487976 198.297480742137 165.61695933342 173.56151342392 194.571514924367
229.901393254598 238.12335729599 267.997145652771 313.939034938812 311.541616916656 272.551953792572 235.171596209208 204.532265663147 195.462147394816 204.638421535492 201.977054278056 198.201974232992 225.054462750753 246.390322844187 253.598590691884 259.505947430929 259.143312772115 249.549686908722 246.38819694519 249.953468640645 248.78998597463 253.102342287699 253.535787264506 255.767087141673 256.300250689189 258.472402890523 257.611533006032 253.390908241272 245.909909407298 253.53749593099 269.655803839366 281.733989715576 277.831931908925 280.448059240977 286.785244941711 290.438532829285 300.000727176666 291.44165913264 219.374696413676 171.61629597346 158.096492290497 154.778053363164 170.01219590505 165.005604426066 164.009551207225 193.497856458028
248.60958258311 278.868476549784 307.277798652649 318.365216255188 337.134798367818 309.555848439534 267.152905464172 228.808760643005 214.719196160634 229.054788748423 220.838288466136 202.20422744751 216.729402542114 242.013255755107 258.399824301402 261.009395122528 261.125187079112 260.266522566477 253.466010093689 253.092030684153 252.218266328176 257.805486520131 256.341874599457 255.420883496602 256.422758102417 265.068570772807 266.108810901642 267.682751019796 261.668165524801 266.629099845886 275.340835253398 281.092643737793 283.330281575521 289.530535538991 293.812652428945 283.079783121745 288.222412268321 313.933531443278 291.578670342763 221.644838651021 171.680808067322 154.457112153371 156.604558229446 167.136112848918 189.283231894175 216.63898229599
290.265659491221 307.720184326172 307.549834251404 301.85345808665 317.987561225891 329.304953416189 314.867933591207 283.08093547821 257.295707861582 257.163027922312 256.799002488454 232.431729634603 221.986949443817 242.089947064718 261.707842350006 266.978840033213 263.392130533854 265.295763810476 253.043750921885 249.805192152659 254.59216038386 256.495535373688 256.808737913768 254.164397716522 256.507615248362 267.643729845683 273.328979810079 276.102224985758 270.666440327962 270.124693711599 281.595607598623 287.950138250987 285.081585248311 285.853862762451 290.026187896729 278.801500797272 279.299060503642 291.075487931569 279.099106788635 242.206613222758 209.549725055695 178.444564342499 162.875205278397 166.726628939311 189.750790596008 223.512053489685
297.640840212504 298.003892103831 293.246706326803 283.342262109121 285.463929176331 302.905778090159 314.602851867676 303.0673066775 284.321506818136 279.953161875407 279.911955197652 263.161738713582 245.864788691203 249.491393566132 263.044714927673 264.891187349955 259.952267011007 261.659959952037 254.984776178996 255.698720614115 252.720634142558 254.290997982025 254.334966341654 250.510414441427 256.2601963679 264.215111732483 272.78725306193 273.428380489349 272.113045056661 275.034526983897 285.496175289154 284.943044185638 273.670514424642 269.177436828613 272.889673709869 255.829731623332 254.065215587616 249.439140160879 231.612821420034 224.761009216309 235.196550687154 209.507306416829 187.299946943919 173.483490943909 176.629265149434 200.444360574087
297.212640444438 291.710495948792 297.156135241191 285.456299781799 279.002507527669 288.846433162689 309.339205423991 321.41908009847 305.758436520894 289.844393730164 281.89484278361 277.746558189392 275.563776493073 267.080823580424 264.540016651154 263.303021589915 261.432925860087 259.657104810079 257.241368293762 257.518808046977 255.15607992808 254.398147265116 253.956039746602 252.942383289337 256.88511133194 261.612296104431 268.924554189046 265.207429726919 268.198609352112 277.189830938975 282.776991526286 275.321741898855 260.910550753276 262.649238109589 259.212712446849 241.621931393941 243.648807207743 242.743412653605 241.062601407369 247.814873854319 250.335832436879 246.933499972026 224.134723345439 208.086490631104 192.529539267222 185.155034065247
312.264184157054 309.39902861913 316.570222377777 312.322040398916 303.748567899068 305.865248044332 318.691949049632 333.434025446574 318.919122219086 293.778161207835 280.918478965759 283.048788706462 288.779675960541 275.437513987223 268.763542175293 270.520945390065 267.361680666606 259.206255276998 262.46831814448 262.980818748474 260.351479053497 255.852719148 258.624990781148 259.265462557475 256.709933280945 260.957698027293 263.25519879659 261.140882968903 264.354805151622 275.994737943013 278.940141201019 271.432042121887 262.655516465505 263.755261898041 251.913209756215 246.140122413635 251.647531986237 254.387974739075 261.925121148427 273.386279741923 239.642997582754 233.710885047913 222.850739955902 214.01458978653 198.484838008881 178.951839605967
325.256824493408 324.120998382568 327.148636182149 327.509522438049 319.52577829361 314.105610052745 319.77907816569 332.614739735921 323.323786258698 294.116934140523 283.587733904521 282.569567362467 289.089997609456 277.388354142507 267.990589141846 273.924926916758 275.060653686523 266.744991143544 268.738309542338 268.801053365072 268.297235171 263.835310935974 262.299835681915 264.099021752675 262.047171592712 259.11424557368 262.960871060689 266.658047835032 269.523719946543 276.429454485575 279.765188694 274.331609408061 265.307625134786 261.983772118886 249.311288197835 253.38077545166 258.473634719849 260.553816954295 262.959579626719 267.43221282959 221.710801124573 186.936259269714 174.558997154236 168.94656419754 170.085450013479 167.750279108683
328.494270642598 329.662322998047 330.11515935262 329.313655694326 323.487122853597 318.790376186371 319.47523355484 326.111574967702 326.966881752014 302.260180314382 292.137344678243 288.287281990051 282.81698624293 277.431607246399 267.266909281413 272.186915079753 280.274033546448 274.35314655304 270.749827226003 273.247301578522 272.747874259949 268.106460571289 267.005860805511 267.62592792511 267.677267392476 265.941421190898 267.587085564931 270.413935184479 273.570120334625 276.053210099538 279.085536797841 275.921821594238 268.222808837891 252.90326277415 242.500364780426 259.158174196879 268.104294935862 267.484605312347 259.307006994883 262.951552867889 220.705946286519 155.881216128667 129.638721545537 119.241495927175 124.324142932892 133.881777524948
319.37583287557 324.891825517019 328.013221422831 326.928019523621 325.63457886378 326.112548510234 325.325647989909 324.891686439514 325.243592262268 312.478005886078 305.957953135173 297.223250071208 285.432716210683 281.179785728455 274.786531925201 269.232332706451 278.678933779399 279.496828715007 273.878852526347 272.974451382955 273.187418778737 270.023226737976 266.192853450775 266.003211339315 270.348350207011 272.748370965322 269.885381062826 273.095866044362 275.542855262756 275.120099385579 277.554670969645 277.765472730001 263.449947039286 240.787148475647 248.202860355377 272.764563560486 276.204427083333 270.988663037618 257.028897603353 259.727338949839 257.923086484273 197.020729382833 140.255033969879 118.498226006826 117.197970549266 118.811398744583
300.851881504059 304.925660292308 304.663081963857 311.097939809163 318.979163964589 326.980153719584 331.928610801697 333.959619204203 332.401176293691 323.824028174082 312.144378821055 292.700012524923 283.323029677073 282.068689664205 278.804262479146 273.822108904521 277.367532253265 277.207215627034 270.61398824056 271.249035994212 273.687958717346 275.500039259593 273.597757021586 269.10521586736 267.548203468323 269.271334012349 273.061712582906 273.817539215088 276.57022078832 275.652507940928 274.783174196879 275.575637817383 257.399380207062 242.323676745097 267.583568890889 283.802707990011 278.477986653646 273.077428340912 262.632926305135 263.002872467041 289.467712243398 290.839076042175 225.907901922862 172.527432441711 141.36994878451 118.225932121277
