input/barkrak2/radiation/dir25724.grid
NCOLS 85 
NROWS 70 
XLLCORNER 665100 
YLLCORNER 4664600 
CELLSIZE 20 
NODATA_value -9999 
[rows 40 to 59 of 70, columns 0 to 45 of 85]
200.126687685649 202.642401059469 202.502290407817 204.391976197561 212.335487206777 218.540211518606 222.224513689677 226.171255111694 225.343624750773 208.188970883687 194.463670253754 190.988222757975 188.431998093923 185.610155264537 182.416419188182 181.0076435407 181.62735303243 180.915911992391 175.710479418437 173.509518305461 177.6984333992 185.024698575338 186.281482378642 181.290407975515 178.751488526662 176.415681838989 186.411738395691 191.227535406748 194.224814573924 194.185157616933 195.265332857768 200.156231721242 198.459565639496 204.603473345439 232.119838396708 231.151541074117 220.4576532046 211.822430292765 214.835464954376 223.695019880931 238.363683223724 255.366285641988 220.072507858276 136.397103468577 77.9229005177816 52.0254572232564
209.294497966766 206.217249234517 206.466456254323 205.594579378764 201.173841953278 199.68169927597 198.051750659943 197.986344496409 202.643950780233 193.112929662069 185.921788215637 186.127185821533 189.936598141988 188.757956027985 187.207818031311 183.504045009613 179.657260576884 186.810374259949 187.585910161336 180.745979150136 182.430942853292 185.184200604757 183.662017186483 185.306032498678 187.605599562327 181.771834691366 187.088211377462 192.655503749847 194.384614626567 195.677558581034 198.438147703807 200.08792479833 198.759833971659 214.925328890483 227.923035621643 217.944423357646 201.436916987101 192.611753940582 193.53973865509 205.799440542857 240.030248959859 254.243810971578 238.691290219625 185.542702674866 115.303456783295 78.9133459329605
212.857166926066 210.341950257619 212.959011395772 211.686829725901 204.350431760152 201.081474622091 198.269645373027 193.373084068298 193.542083104452 189.780374368032 188.018679618835 185.563047726949 190.020044644674 192.771553993225 192.68403450648 188.384453455607 185.794472694397 190.476258595785 191.776712735494 185.319205125173 182.006478309631 182.173450787862 178.173740704854 179.370443026225 185.452044010162 181.361079216003 177.663127581278 185.478687286377 190.300981203715 193.010449409485 195.448835690816 193.913996219635 199.931303660075 219.306608041128 225.472410519918 195.771217346191 182.402312755585 186.451355616252 192.740579446157 205.802778402964 217.625141143799 218.977014223735 205.553154150645 178.600470225016 125.925858815511 68.8273211320241
197.580933570862 200.172821680705 208.583474159241 205.266356468201 208.08869600296 210.377335548401 209.201375643412 203.222632408142 192.710399627686 190.288325150808 193.674365679423 187.818586826324 188.534339269002 191.614508628845 192.974130312602 188.979466756185 190.73090950648 192.042072614034 193.56644153595 186.926205952962 180.53674697876 179.575443267822 176.460285981496 174.917499224345 179.278254508972 182.897786299388 177.030523618062 181.183616320292 186.304450035095 188.147187232971 186.407049496969 184.130489826202 194.031377633413 209.347267945608 206.99546734492 184.67515707016 183.239261309306 192.970196406047 202.578802903493 204.05375957489 201.055228710175 198.585251967112 190.766910711924 166.688243548075 123.437543710073 69.2341327667236
196.502089500427 200.696309407552 204.077919324239 205.468833446503 206.105808417002 208.760460217794 209.1104388237 204.35490210851 199.528157711029 193.400979042053 195.337096850077 191.038568814596 187.582115332286 185.341874758402 185.938795407613 184.88339583079 181.550006071726 187.936226526896 189.02047475179 187.308132648468 182.176907857259 181.744615236918 180.171112219493 179.667592048645 176.300644874573 187.085668245951 189.779897530874 186.550895373027 187.625288963318 185.892939567566 180.399934450785 178.021550178528 183.552622795105 186.294436454773 183.27409029007 178.868889808655 187.203506628672 200.652420520782 208.302776018778 200.326959292094 199.066122372945 191.455960273743 177.769819895426 164.905369281769 134.08484061559 91.7389889558156
200.801471869151 205.598890781403 203.372339407603 206.002295017242 204.810976982117 204.960147539775 205.456376075745 204.159061113993 205.182472864787 200.436313947042 197.945713996887 197.188238302867 191.082040468852 187.098940213521 184.972882270813 187.678039073944 179.747064908346 183.961113293966 188.853561878204 188.311040401459 184.754451115926 183.726032574972 183.432658513387 183.570146560669 183.879315853119 183.11995267868 191.857874393463 189.854780832926 188.985228538513 187.11922566096 181.688686211904 177.259564399719 180.598855018616 176.32911602656 165.731847286224 165.349404017131 176.952501138051 194.417019685109 197.514494260152 183.78617366155 188.158432642619 178.880254427592 171.173294385274 173.780798912048 161.645710468292 123.649408419927
200.057705243429 202.157457669576 205.401400725047 206.72744512558 206.855495770772 206.516365210215 207.226395606995 209.190706411997 205.774346987406 202.592670917511 201.27002398173 198.929190635681 195.523937543233 191.095590591431 190.671821435293 193.30894947052 188.871582349141 183.731098969777 189.764320850372 188.020726044973 186.262408892314 186.426242192586 184.444308280945 182.00276295344 189.635952313741 182.854096094767 185.770233472188 187.661051750183 187.099476655324 186.179975668589 185.051202774048 181.017716725667 179.572463035583 175.635099411011 172.351102034251 165.72567820549 173.508663972219 184.705197811127 184.925158818563 182.925403118134 183.978577454885 174.923221270243 178.279240926107 187.415440877279 183.367192745209 151.236404975255
195.342123508453 196.647485097249 202.765425046285 205.23601770401 207.908789316813 209.170083204905 207.123080889384 206.209023793538 206.241448720296 206.45006497701 203.349471092224 198.468943436941 197.235623995463 195.681472619375 193.212072054545 191.311319669088 189.01934226354 181.391855080922 186.292151610057 187.698880831401 185.428500175476 185.115178426107 186.896244684855 178.277353445689 183.801492055257 183.497488498688 178.194085756938 182.024856408437 186.228434244792 184.966921806335 186.471323172251 184.9218805631 177.92663971583 180.3244749705 187.718669573466 183.516403039296 183.422863483429 181.23459815979 185.07993221283 194.880187511444 186.564485232035 177.164991696676 184.121012687683 188.769519329071 183.815240859985 160.497665405273
187.617977460225 189.683675765991 196.023484071096 200.385431448619 205.689251422882 209.587256113688 205.668985843658 203.816453615824 206.9953083992 207.447489102681 206.086417039235 200.571040312449 198.738257090251 198.051512241364 195.628464221954 189.620395501455 187.74002790451 181.66842063268 185.250639915466 189.434051513672 189.640859762828 188.142657279968 189.088344573975 184.029777844747 181.287666161855 186.904668807983 182.60794878006 185.799558957418 191.626052061717 196.195681889852 200.285394986471 201.097826162974 190.041303634644 193.059186140696 198.113560676575 198.751012484233 197.722534338633 191.083371639252 189.299166202545 194.186786810557 182.916263739268 175.30349890391 168.929934501648 167.923827966054 166.046480337779 165.151675542196
186.328252156576 182.505408922831 187.79855966568 196.701983610789 201.365609963735 205.438156922658 207.300245761871 209.427734216054 209.941029548645 205.220878124237 207.675814628601 206.065456072489 202.397425969442 198.383271694183 195.260584354401 191.692352294922 188.628176848094 185.048997402191 187.77726093928 192.883570988973 193.731963634491 194.429616133372 190.526247024536 190.034886201223 185.36498149236 189.378619194031 191.866437594096 193.845172723134 200.187265872955 207.401971022288 216.550469398499 215.35195906957 206.253786881765 203.478753566742 200.619558493296 201.438407103221 202.51339673996 201.355218887329 193.355282147725 176.69818798701 168.568253517151 173.482239246368 171.555240948995 163.329313198725 161.263624827067 164.319296677907
187.465488910675 189.857264359792 191.198547681173 198.57519865036 198.955833911896 200.382848580678 208.434224128723 211.955110232035 211.940427621206 209.711492061615 209.501008192698 208.242297172546 204.713741938273 198.990702629089 199.353992938995 201.437731583913 192.479332288106 190.440694491069 191.10119342804 197.145581245422 197.756946086884 196.749369303385 192.855397860209 191.347241401672 186.295767625173 192.622065544128 196.169495582581 196.92450761795 204.055388768514 212.066531181335 217.970172564189 223.817110061646 216.675480206807 204.920768737793 193.448682626088 191.181719303131 197.760303815206 204.788327217102 195.088009039561 170.331438382467 165.916015704473 175.871789455414 175.382733345032 170.249402523041 165.158828099569 161.915997664134
185.940384864807 196.476578712463 197.404623031616 200.92785358429 200.481553872426 198.428233464559 205.64877986908 210.216065247854 210.118075211843 213.068028291066 211.460451285044 209.602395693461 207.390089829763 200.956384340922 199.788689613342 205.842673778534 198.241194089254 192.799548308055 189.937551816305 193.508267402649 194.148739178975 192.167341709137 192.104001839956 187.978545824687 185.258746147156 187.13100751241 191.76052014033 192.628026008606 194.904744625092 201.879739761353 209.555566310883 218.673447767893 212.988714377085 185.730894406637 154.300610224406 146.895219882329 169.142544269562 190.789818763733 198.400378227234 196.104407310486 193.475524584452 187.239825725555 166.432281335195 162.610560655594 171.308716138204 162.640700737635
188.967208067576 186.408698558807 186.904092629751 190.074841181437 197.851697603861 200.941622257233 201.081415017446 206.588943799337 206.528902053833 209.345241387685 210.619648297628 212.738076845805 211.222847302755 204.565008481344 201.085726420085 200.162947177887 200.902620951335 190.160850683848 186.540166536967 183.91493956248 183.399637540181 186.358491579692 186.622301737467 180.426994959513 181.362609068553 178.305268287659 179.788867632548 180.775264898936 182.980418205261 182.6464732488 188.82691860199 199.918528397878 189.372877279917 163.938621679942 128.9870540301 109.498411417007 118.371586004893 151.045322418213 180.867214997609 193.644722302755 195.185363292694 180.702765782674 160.400519768397 157.617171605428 165.942480166753 152.171353499095
194.129526615143 182.600398858388 179.707527160645 184.236546357473 196.721394856771 204.169650872548 203.366716702779 204.185167948405 206.786314646403 205.250640710195 206.917921702067 209.889233112335 212.411602338155 208.911041418711 201.327681541443 198.636889457703 201.832334200541 191.672563552856 186.497251192729 187.829236189524 186.950544516246 183.495302995046 181.604166825612 177.24613348643 176.26949151357 174.602866172791 174.082279205322 174.394190311432 173.062165578206 169.279813766479 160.128017266591 169.330835342407 163.557847340902 143.64430308342 127.764503161112 110.111226638158 91.3955767949422 99.3309219678243 123.031010230382 157.995144526164 179.266055425008 169.345815976461 159.402718146642 155.209600925446 147.531638542811 137.307057778041
195.462882518768 187.873184680939 183.634320894877 186.531802018483 197.134713331858 204.659660657247 208.122392495473 203.953206539154 208.3540558815 205.203572909037 209.17272567749 209.699591000875 210.341970125834 211.948692798615 204.017341136932 202.785154183706 204.413572947184 196.032563845317 190.408408641815 192.036032676697 192.115088303884 187.491198380788 184.518833955129 183.125774065653 179.077665011088 178.213040033976 176.084597905477 171.134312947591 169.489900271098 162.63281305631 154.863993326823 157.023727893829 155.694514513016 152.794937292735 152.476598819097 142.856806516647 117.610732714335 99.0969836711884 93.0972894032796 108.36124420166 143.021215995153 146.303445100784 135.288049777349 121.2111612161 118.489027023315 125.55068731308
199.06755288442 196.702678998311 189.047316710154 185.571908950806 191.20983282725 204.291860262553 206.421256065369 205.327947934469 205.276846885681 208.130041758219 214.267134666443 214.138746261597 213.640590508779 212.89869149526 209.267159303029 207.573930422465 207.570552825928 204.045832157135 197.686056296031 195.080161094666 193.059086799622 191.047847270966 191.322604815165 192.442615826925 187.689423561096 185.26025613149 179.222722848256 168.781916300456 162.014613548915 157.235354185104 158.066958189011 162.470132112503 161.711613337199 170.071423053741 176.984707514445 180.523574352264 173.96746079127 156.782517830531 135.072787602743 103.674709796906 112.505575021108 130.737562974294 129.929562409719 118.460526069005 120.459417502085 137.972563505173
201.513171195984 200.37986834844 196.017543474833 189.362645149231 188.952684402466 199.99361038208 205.921272436778 205.321828524272 203.952491283417 209.566692511241 216.675321261088 217.911859353383 213.172455628713 215.460240840912 213.394264380137 206.582248210907 208.275675773621 204.984625180562 199.733177820841 197.855035463969 196.314454078674 195.288062095642 191.532770792643 189.811686674754 187.327881654104 182.947854200999 163.717190424601 141.590019067129 135.986149311066 143.399586280187 155.346552530924 156.683077414831 160.319030284882 165.461997191111 178.576489289602 194.58281993866 201.309561729431 203.847269217173 193.138182163239 147.146006425222 117.906590302785 134.528418382009 151.10327800115 154.886881510417 159.196406602859 172.93914159139
201.813002427419 199.128826459249 199.509978294373 197.89332151413 191.448410352071 197.064936161041 206.913928190867 207.46382077535 205.338696638743 208.747108777364 218.132555484772 218.477269013723 213.012079397837 215.200205643972 216.613670190175 206.786513328552 208.974639574687 205.790400505066 202.317814032237 202.836930751801 203.127185503642 202.300310134888 197.306752204895 190.69516658783 189.930856227875 189.070661862691 169.607957204183 145.953446626663 142.472247282664 150.123139222463 163.578540086746 165.991286436717 170.845091342926 180.313388506571 194.724082946777 204.301953315735 190.553943316142 166.964213053385 152.818103631337 147.772411505381 148.421972990036 162.159631649653 164.998819430669 149.442782004674 139.194508393606 152.706642945608
191.722989082336 198.477069536845 198.263188203176 199.384232362111 197.386384010315 193.955183029175 206.208765506744 211.591939131419 207.674562931061 209.257404009501 214.184621969859 218.010246753693 215.711116790771 212.674518426259 213.315347830454 208.896160125732 204.118212064107 206.962108612061 206.843912601471 208.149294058482 209.159195423126 205.142835776011 203.194836775462 196.78258895874 195.840358734131 198.04976383845 191.122114658356 182.85459280014 179.115891456604 182.832439740499 180.760184923808 175.556520620982 183.773696422577 194.829642772675 184.298078219096 174.131770928701 155.991444985072 107.710738976796 85.0691596666972 116.880943377813 154.353002707163 172.287285327911 165.193259716034 151.371896266937 144.832909107208 152.583142121633
180.712044239044 195.64034541448 197.162667910258 198.210299015045 200.475255648295 195.269465446472 202.569127082825 211.87150478363 218.997637430827 215.91317653656 216.459234555562 216.558317343394 218.359112739563 215.012967586517 213.931421438853 212.530016899109 206.892887751261 206.188162167867 203.63595088323 201.340476671855 203.169842561086 202.228705088298 201.280415058136 199.813505013784 201.141655445099 207.283198833466 215.919295946757 216.940303643545 202.548682689667 199.140508969625 185.536623001099 177.021741867065 179.239471753438 170.431097348531 140.402207771937 98.0124274889628 94.2484537760417 82.8254322210948 71.562647819519 79.3367475271225 100.404034058253 137.667705615362 163.508276144663 184.642215569814 205.758273601532 205.189963181814
