input/barkrak2/radiation/dir23324.grid
NCOLS 85 
NROWS 70 
XLLCORNER 665100 
YLLCORNER 4664600 
CELLSIZE 20 
NODATA_value -9999 
[rows 20 to 39 of 70, columns 0 to 45 of 85]
132.306605577469 120.94850341479 131.360063950221 164.858182271322 161.447028319041 133.957723776499 125.475178162257 132.790466149648 144.292116165161 163.253972927729 176.802317301432 179.381370544434 181.367417176565 182.846744855245 196.142574151357 214.217801888784 226.959486802419 240.168531735738 252.004822095235 271.951953570048 281.255781650543 274.49111143748 276.609381039937 280.80952167511 281.825284163157 283.958554267883 286.749303340912 285.452683766683 282.95644124349 281.49938583374 274.520138899485 260.284304618835 246.537645657857 237.690567970276 234.147747357686 240.275224049886 240.07793267568 242.406149705251 247.514625390371 251.692771911621 252.952436606089 253.133495648702 255.29412428538 249.35394525528 254.041492938995 258.8938275973
163.08382153511 155.221730470657 160.291065772374 191.717485586802 189.015110333761 140.475322802862 135.481069485346 141.734153032303 151.295602321625 164.085765679677 169.555922349294 175.497551759084 176.649332046509 174.636781215668 186.727623144786 202.039122581482 217.000802357992 229.929109414419 245.278974374135 259.961446126302 271.20832602183 283.034225304921 285.628259181976 286.774575710297 281.889875729879 272.939483324687 252.389430999756 248.473127683004 249.260147412618 241.646349430084 237.227876981099 212.511579195658 189.366678396861 183.140436808268 188.992043336233 210.097173849742 218.336363633474 235.406438509623 246.418476104736 247.595608234406 245.481073856354 243.546684583028 237.081011136373 220.178802808126 242.907921473185 253.0198097229
208.521604537964 210.380434989929 203.558723131816 211.249828338623 210.659941037496 167.474031448364 160.711904366811 153.808534145355 148.705462614695 151.900718609492 171.069840590159 176.991840203603 181.62723382314 186.236500740051 191.163460413615 199.271221955617 206.99413617452 218.685328960419 231.161236763 229.897161324819 232.189118862152 244.401534398397 251.788099606832 256.291508674622 255.503018697103 248.682141304016 235.172251860301 229.083120822906 222.518563270569 205.033679803212 180.762231349945 140.083601077398 111.102481683095 118.332842985789 146.677037080129 173.364837964376 193.745334943136 216.062049070994 230.688810348511 233.793516953786 237.857699394226 238.517741362254 214.040358861287 188.709855079651 220.378518104553 249.524772167206
238.687117894491 235.466142495473 218.261420726776 217.101732889811 216.393331686656 205.380956331889 182.452122370402 158.382038275401 145.867238442103 148.824155330658 171.075582504272 179.531236489614 191.210250059764 198.931396007538 196.155746777852 192.893544832865 199.051181475321 208.637436230977 215.53361415863 210.411866505941 208.860695362091 210.930248101552 225.591361522675 233.513275782267 240.200181802114 238.537033398946 225.367983182271 214.629213015238 200.199325879415 161.787430445353 133.117516835531 107.400675614675 70.6574668486913 35.7326020797094 38.5832637548447 79.6463737885157 125.571360190709 161.739905675252 186.287641525269 197.691957155863 196.405132611593 179.443101088206 170.544723669688 201.579133669535 207.611958185832 238.718549410502
232.874433199565 232.344190279643 227.673252423604 219.768285751343 208.119451999664 205.137769381205 187.699993451436 173.14883073171 158.844918012619 152.779201666514 159.821937481562 178.936004638672 185.850540796916 192.196190357208 189.296583334605 189.949651559194 196.086704730988 207.57669210434 213.057061036428 207.586685816447 206.454694271088 200.675368309021 209.15287733078 218.815684318542 220.233897368113 217.980961004893 211.201071739197 193.700770537059 173.407832781474 128.107100725174 108.204444249471 104.181587696075 80.1037152608236 30.2824626366297 26.410994430383 52.2681623697281 79.5351962248484 103.804618120193 129.629820585251 151.405682166417 145.721971988678 127.149045467377 148.222227891286 227.318247159322 224.778056144714 241.128941377004
222.492635250092 227.413733800252 232.351740201314 220.535675684611 209.111630916595 205.272316932678 198.842644691467 200.179855028788 197.042266527812 183.587789535522 179.718295733134 190.894981225332 193.286259969076 202.209413051605 202.506919701894 196.610967318217 198.38144381841 208.616018295288 214.851438999176 218.280831972758 220.638632774353 215.440293153127 210.622270901998 208.656450112661 209.489862124125 208.977480729421 201.533198356628 187.78661886851 159.995794296265 138.92388343811 134.965687990189 148.445626099904 146.33313814799 92.7206476529439 62.1297856171926 69.3594366312027 75.7148563861847 93.106081088384 112.358788649241 113.768796126048 112.641185522079 113.47821354866 157.176077365875 222.572604815165 239.990909894307 251.837015151978
223.110437393188 227.05082098643 231.769283612569 223.622580369314 224.248687426249 222.077826658885 221.174716949463 223.322212696075 227.475881576538 220.598638057709 204.167902469635 209.985693295797 211.973607540131 219.720244407654 217.747171719869 204.985102017721 202.859540780385 213.093241055806 219.998856385549 232.425093650818 234.828968842824 231.130917867025 221.577902634939 211.463590463003 210.011581579844 209.204177061717 199.810922145844 197.293798128764 173.629522323608 172.141253948212 189.462145169576 214.843372503916 222.075243790944 218.710521856944 169.852157433828 100.873857736588 92.8945740063985 97.7949500083923 113.076706727346 116.600672403971 127.093652884165 163.623889287313 184.36328570048 208.299140135447 235.767106215159 242.528001467387
226.356744766235 223.232169946035 225.761572519938 224.409639835358 251.464347044627 242.318371931712 239.245355129242 232.555687427521 235.412220160166 237.341781457265 221.47007783254 214.65140581131 218.588550885518 221.598386764526 222.085913022359 218.504468599955 212.546626726786 219.051678975423 229.765295982361 235.854069391886 235.156099001567 225.842376550039 222.006599108378 220.905840396881 217.937747637431 215.895692507426 210.646907488505 204.98247941335 203.598697980245 209.150473276774 227.766752243042 241.450587908427 245.550751686096 258.518815040588 253.988961378733 167.667071024577 118.130842844645 104.061186313629 106.039265791575 124.244511127472 163.164407014847 227.578322092692 203.41153939565 196.803589661916 214.386443297068 220.117171605428
225.737909475962 215.047220389048 218.316038449605 230.477511882782 270.723144213359 249.775509039561 234.892308712006 226.004958152771 226.670980453491 226.574043432871 218.468189239502 208.733121554057 217.698434988658 220.98696231842 227.484663327535 226.678570111593 226.102650165558 220.182041327159 230.290611584981 230.125705401103 228.808561960856 221.204717954 222.126444180806 226.696987946828 225.026806195577 218.483169873556 218.179364999135 211.964269479116 213.197668393453 221.678058306376 241.380492846171 256.793081760406 259.160935878754 259.541948636373 269.943237304688 237.553954124451 136.890470981598 91.1950866381327 77.2404670715332 103.095342715581 176.307221253713 213.657200336456 192.071874936422 164.085149765015 179.230074087779 186.975121498108
221.485177675883 207.304358482361 213.233490784963 240.50772190094 269.753038883209 247.060795625051 222.709556420644 204.335947831472 195.077101389567 192.336738109589 192.469954490662 193.11660528183 209.42759513855 223.600447177887 225.233515103658 231.350819269816 230.480372905731 218.890051047007 221.38782342275 221.260011196136 220.012644926707 222.000042597453 222.32457002004 226.953347524007 228.030641873678 223.049382368724 226.492603619893 219.437638918559 215.537707010905 228.871206442515 249.789754549662 266.348699728648 262.836098670959 261.021653811137 271.47235472997 276.018977165222 225.90708732605 139.005402723948 103.924334049225 112.161368131638 147.539794445038 165.032287438711 173.704087734222 140.325278043747 143.774032592773 155.173003673553
213.521778583527 220.718085765839 250.533064206441 296.217123667399 291.997174421946 254.686633745829 217.431286970774 186.105787754059 174.559791882833 182.446837425232 177.905976772308 174.297014872233 202.443480491638 223.739266395569 232.207536697388 238.08232943217 237.444758415222 225.171645482381 223.66718451182 223.977188269297 220.978637536367 225.511769453684 229.186773300171 228.561838467916 230.199197928111 231.501519680023 231.904665629069 229.662915070852 223.953684171041 238.446096579234 258.126616477966 269.64940627416 265.314300855001 269.445856412252 277.133584022522 281.270126501719 283.919751644135 264.20001188914 186.927775541941 141.315956910451 128.662089506785 128.489762544632 147.537688414256 138.265053431193 137.475649515788 160.530885060628
232.136050860087 264.640947182973 297.993540763855 312.252322832743 326.12669467926 293.901801109314 248.656233151754 208.069900671641 194.662551085154 205.953280131022 199.075877666473 182.047386964162 195.550322532654 221.783916155497 237.364490826925 240.36983648936 239.371120929718 235.852400461833 226.866205533346 225.639144579569 226.074814796448 231.606384118398 232.182522614797 229.985316594442 233.163932959239 241.560180981954 241.271615028381 244.251728057861 241.814851760864 249.871095021566 262.656668821971 269.959608713786 272.15588092804 279.35133377711 284.85902150472 274.312396844228 277.963598569234 297.475337982178 263.977905114492 188.298801581065 140.764266252518 130.840430657069 135.245382785797 144.917567571004 164.848943551381 193.455656369527
279.209097226461 301.251312096914 306.231439113617 301.809251308441 316.685775915782 322.153151035309 302.166183789571 268.058180809021 241.584936777751 237.26491133372 235.672334829966 214.464823404948 202.245672543844 219.543119271596 238.689382870992 240.89260896047 236.500799655914 239.758551120758 228.282252947489 226.478437582652 232.547958691915 231.414834658305 230.695426464081 231.360892454783 234.370152155558 245.523114999135 250.507652759552 254.625221093496 252.272327740987 253.454546133677 267.201463381449 275.344431400299 273.783961931864 273.463984330495 277.227361996969 266.091148058573 267.179608345032 274.834593137105 254.726568857829 211.468418439229 175.574421882629 154.012709856033 141.291121641795 147.363424301147 166.214088598887 201.499064763387
295.227328936259 300.064126650492 295.979499816895 287.127176920573 290.567358334859 306.34472767512 312.244534492493 295.103510220846 272.043704986572 262.019276618958 262.274225552877 247.869729995728 226.869165897369 226.156850655874 237.087567647298 239.864548047384 235.421160856883 238.100330034892 229.886730511983 230.733652909597 228.963911533356 228.751977284749 227.71163781484 228.236714998881 232.213079929352 242.588659127553 252.471268177032 252.547840277354 252.652327219645 258.380214373271 269.977788130442 270.910362402598 259.45516427358 253.160834312439 256.270547707876 238.171021143595 236.561516920725 228.822668393453 206.676483154297 193.466544151306 203.909993171692 185.131072998047 165.169060230255 153.468559185664 155.804445346197 177.961389223735
298.386772473653 295.989553133647 300.71485042572 290.19949833552 285.133043924967 294.001777966817 310.91429789861 315.042654673258 292.091727256775 271.286487579346 266.615271568298 259.214917818705 253.463725248973 241.270005702972 239.549616972605 240.633209546407 235.046366850535 231.737991174062 231.728812058767 234.914839267731 231.624801953634 229.933520158132 229.875385761261 229.697128136953 234.028995037079 238.929132620494 246.263742446899 244.488139947255 246.911187966665 259.60115591685 266.020079453786 259.095668792725 246.324876944224 246.326009432475 240.505536397298 223.542173703512 226.164301236471 224.756916364034 218.825181325277 217.557549476624 222.935875256856 224.380532900492 205.163061618805 188.422044118245 170.601387818654 165.193418661753
310.797055562337 309.273143609365 315.077205499013 310.827374458313 303.173383076986 304.437597592672 315.141956011454 325.038949648539 304.681082566579 278.409957885742 266.243894894918 263.665576775869 268.981357415517 252.982437610626 242.517252763112 245.091001192729 241.011023521423 233.06792974472 237.614254156748 237.811724344889 235.914587974548 231.93230231603 236.709336439768 239.700794219971 237.254361311595 241.066495577494 242.32558409373 240.532994270325 243.738730748494 257.896860440572 261.696875095367 255.141278107961 248.270948727926 249.363521734873 234.827160835266 228.804310162862 234.41872994105 238.272289435069 243.664880593618 246.071636676788 213.300327459971 210.812528928121 201.127568880717 190.943022569021 176.31995677948 154.929876327515
317.148109277089 316.841542720795 319.947441418966 319.143136342367 312.185446421305 307.193696498871 313.457369804382 324.893116950989 310.825765132904 278.327107429504 263.787925243378 263.718128204346 265.58385292689 252.30328241984 242.218633492788 248.300651709239 250.521242618561 240.505158901215 243.511557579041 246.291021505992 246.329247951508 240.956604480743 240.340034166972 242.666522661845 240.369458993276 240.063011646271 243.0140376091 247.327923774719 250.382959842682 259.281595547994 262.732903162638 258.178909619649 250.361144542694 248.672922452291 233.71285200119 237.248718738556 241.669297218323 245.237151781718 247.068703174591 242.736319700877 193.434913953145 163.188507159551 151.157935460409 145.052005847295 143.562336762746 139.850904544195
315.646747748057 318.380256493886 320.97985347112 319.400509198507 313.928862412771 311.305105686188 314.110596974691 321.167786916097 317.872941493988 287.514011065165 272.892793019613 264.024257659912 257.020533084869 250.45645236969 242.642720540365 247.334599494934 258.198777834574 250.200688838959 247.223476568858 251.622438430786 251.820663611094 247.041324774424 243.888815244039 245.20488580068 245.112121105194 243.988474210103 245.435456434886 252.30477253596 253.778636455536 257.668594519297 261.956334114075 260.730683803558 253.206034501394 238.588054974874 227.034270763397 244.192580382029 252.617081006368 252.841571966807 245.577236016591 243.2648340861 189.58846728007 129.733264446259 107.16904203097 95.6561366717021 99.2949604988098 106.286426385244
300.187369187673 307.371576627096 311.579505602519 311.637282371521 312.173744042714 315.900425116221 318.382362524668 320.002436637878 318.711161613464 298.881630102793 287.679354349772 274.951100349426 261.079212029775 258.715609709422 251.380443572998 244.798580805461 255.136708418528 256.961623827616 250.738263130188 249.707659085592 249.605000019073 246.226588884989 242.557267347972 242.77792374293 245.71684996287 248.950759569804 247.08080291748 250.583787759145 255.432724952698 255.744179089864 259.977022806803 262.513339519501 249.067147572835 225.883841514587 232.727567354838 258.653183778127 262.625018755595 256.954491138458 244.894425074259 246.039708455404 232.052703698476 165.35547375679 111.50727669398 95.4298178354899 95.0707197189331 92.5485293070475
275.750537713369 280.553122361501 280.261198679606 288.071572780609 298.69403441747 308.861990769704 316.319028536479 320.744097232819 320.002973079681 308.375895023346 289.822995662689 271.849056084951 258.68546962738 257.584551970164 254.143555959066 248.291949431101 252.5461713473 253.364721934001 246.063768863678 245.638728141785 248.32816918691 248.93593788147 248.623490333557 243.578990300496 242.22062031428 242.99963315328 247.467935085297 249.329566955566 253.843267758687 253.214299678802 254.335741202037 257.639547189077 242.111961046855 227.902392546336 254.48747475942 271.109580993652 266.107022762299 259.240825970968 251.447995503743 254.250387350718 275.706668694814 265.198469161987 195.449650287628 144.668360551198 116.749147574107 96.0113902886709
