input/barkrak2/radiation/dir24424.grid
NCOLS 85 
NROWS 70 
XLLCORNER 665100 
YLLCORNER 4664600 
CELLSIZE 20 
NODATA_value -9999 
[rows 20 to 39 of 70, columns 0 to 45 of 85]
108.475555976232 97.2800254821777 105.957945187887 134.482830762863 131.78422053655 112.051745255788 103.08430592219 115.801334381104 128.216693798701 139.482547839483 151.888310909271 154.34072415034 154.362628857295 156.895289818446 167.909244696299 181.68185154597 197.588463624318 208.958526452382 221.906224886576 239.953478177389 247.815509637197 237.227578957876 239.556809266408 242.999414602915 243.788758913676 244.043350219727 239.518344402313 243.986864884694 246.435761451721 254.966994126638 251.25249226888 237.527012825012 222.149948279063 211.519837379456 207.197388013204 213.544905185699 212.741116682688 214.86242612203 219.66811021169 224.886735280355 225.33118724823 225.751519203186 229.116380214691 221.6437458992 226.440687974294 231.742382049561
140.29194911321 130.438844362895 130.893349647522 160.883078972499 158.87392560641 116.221686204274 114.886522293091 124.687214692434 133.325566848119 139.519641796748 145.947406689326 149.513185024261 147.847205400467 144.46817835172 151.688496271769 165.797710418701 177.287856737773 193.226456642151 204.195956389109 221.647838751475 229.640523592631 237.815976142883 244.551618893941 239.986479282379 231.497049331665 220.654944578807 212.092677752177 206.612567106883 216.448823610942 208.242158095042 194.390038649241 167.731245358785 163.154065608978 153.849869966507 159.355690081914 180.779496828715 189.330776532491 206.822037696838 219.247619311015 219.577848911285 217.453499635061 215.518991152445 208.967248598735 190.754691759745 214.342296123505 226.651648680369
186.752776304881 186.465303103129 175.052026907603 180.929740269979 180.624445279439 140.562276045481 140.087127685547 135.116954644521 130.653083324432 134.078711271286 145.506878693899 151.078522205353 150.913824637731 151.203950246175 152.667462825775 160.935670137405 175.210913022359 186.957756678263 194.503804047902 198.966443538666 204.722781976064 217.605511347453 229.306737581889 230.201919873556 230.008403460185 221.143384774526 206.279893716176 196.529388427734 194.783886273702 188.501834869385 158.864766359329 117.596805095673 81.7040850718816 77.1066099405289 112.883945306142 138.691445191701 159.003049135208 183.752735455831 201.367835203807 204.88437016805 209.350009759267 211.252709229787 183.79137913386 158.080399036407 190.555771191915 222.879012425741
219.694077968597 214.276949564616 191.811045010885 187.247316042582 186.400830745697 177.305519580841 161.104222138723 139.595011870066 127.035001913706 130.701651175817 143.036315838496 150.290042161942 157.723138729731 166.934132575989 163.962731758753 164.054185152054 173.042456309001 184.442122777303 191.488742828369 184.255321820577 181.862572828929 187.989135583242 199.444671471914 209.25235748291 213.047464688619 208.153426647186 200.986087322235 189.226269721985 168.816467126211 137.416462103526 112.83203959465 83.2159767548243 49.6968726317088 15.420434375604 16.6230586667856 46.0401127735774 89.1912678877513 120.534628629684 140.461266040802 158.921768267949 158.987234036128 147.205084562302 142.853150765101 172.044694423676 180.90832233429 211.951891581217
214.773774147034 213.360905647278 204.046924908956 190.274834632874 177.749931812286 177.961587905884 163.154860337575 151.335189739863 138.556003570557 133.496314287186 141.586860020955 149.686068296432 156.943450371424 164.784053961436 164.917627970378 165.698875983556 171.584407488505 183.429678281148 190.801481405894 182.647109031677 182.064572970072 178.591370582581 186.130007108053 192.089676856995 195.302844047546 191.870331764221 184.008459250132 169.647773106893 151.589602231979 104.573061068853 89.9929006894429 85.7505102952321 61.2447410821915 15.022403250138 11.1095110575358 32.7786778410276 53.2231132189433 72.427620490392 92.622975508372 109.336564938227 101.680517196655 94.5238471031189 117.712259292603 198.267141977946 199.637214342753 216.363310813904
203.01765203476 208.199242750804 210.588971773783 192.988713582357 178.157329559326 178.044180075328 176.336944103241 181.109726428986 177.327990531921 161.977738142014 157.024463017782 164.045999447505 167.611261208852 178.127586841583 178.313632806142 172.267079353333 173.543095588684 184.270838896434 190.397322177887 193.851987520854 196.595470110575 193.728268146515 187.885681788127 184.366246064504 182.204723358154 181.883871555328 173.587123552958 155.647456645966 136.876503626506 120.419760545095 116.350889205933 128.582199414571 124.744574228923 66.7852312326431 39.7327269117037 49.197182059288 55.1966379086177 63.8388643662135 83.3624104658763 80.6672275066376 72.3611911137899 77.8845548629761 125.71386496226 198.958535989126 216.339369614919 222.613553206126
203.215758005778 207.746922969818 211.102902889252 197.977125644684 194.423238436381 195.41064898173 201.047797997793 204.882323741913 208.313484986623 200.853745142619 182.178298632304 186.606268088023 188.481728235881 194.728632767995 193.916519482931 182.136376698812 178.572297096252 190.355360507965 195.62687476476 208.61287911733 211.460411548615 209.76456006368 197.47930765152 188.497980435689 183.984021345774 183.558821678162 175.903975963593 166.32745663325 150.94401439031 154.381811618805 170.297741889954 195.870260397593 203.89449596405 195.95867395401 136.474549770355 76.1529703934987 69.8548058668772 73.7898349761963 84.8743518193563 80.4202655951182 90.4270609219869 131.047715743383 161.313007275263 192.995806535085 216.555953025818 221.078832944234
206.240057945251 203.430453936259 205.521523952484 200.166960557302 223.524610201518 218.490719795227 220.708827177684 214.843451976776 218.083580334981 218.006074428558 199.471255143483 194.033265113831 195.266584555308 197.052617867788 202.017148335775 194.159070650736 189.747989177704 197.119772434235 207.704703013102 213.988403479258 211.613436539968 201.743642489115 197.596271832784 196.351687113444 195.030709107717 191.342453161875 186.412851015727 184.296011924744 180.922230084737 193.896373112996 210.694193840027 223.851978778839 229.711254437764 242.271939913432 228.407323360443 135.977695385615 92.3973719278971 81.3568929831187 75.1428057750066 84.0531587600708 127.034862836202 201.630234718323 186.075309912364 180.211881796519 193.301935990651 196.728845437368
206.457257270813 195.126871267954 197.820385297139 206.005692481995 244.400421778361 228.553215662638 215.928216775258 207.934399445852 207.161625226339 204.074760278066 194.619297981262 186.919967333476 192.23697980245 198.07755947113 201.576749483744 204.099853833516 200.357794761658 196.463306744893 204.610486825307 206.089635690053 202.92067527771 196.429292360942 195.854226748149 199.353019396464 201.207359631856 194.277207056681 192.72788365682 190.611739953359 187.588175137838 205.948948860168 226.526220639547 240.890542666117 245.119472344716 245.504379272461 252.201000849406 208.442568778992 105.925480524699 68.4338808059692 56.8772653738658 66.3575778404872 141.548375288645 190.146585305532 174.086292584737 148.255775372187 151.933213075002 155.649820963542
203.110833962758 187.190492947896 192.176798979441 215.728640556335 244.028826554616 226.199448108673 202.242314815521 183.464407920837 172.828912734985 167.761902014414 170.024931430817 174.162824948629 186.024188995361 195.242782433828 200.248916943868 207.781573136648 206.364631652832 192.003607749939 194.837927818298 196.549534797668 193.709949652354 195.500234762828 195.729931195577 200.966954231262 203.278581301371 198.671559492747 202.597816785177 194.971223672231 193.664769331614 212.023516496023 235.908250013987 251.752376556396 249.696254730225 247.561812400818 258.191545804342 257.888456185659 196.605443954468 107.640653848648 80.002228418986 88.0573491255442 120.708872874578 142.268121242523 153.385351101557 120.62015136083 114.469955364863 121.942510207494
196.20688756307 202.392558256785 231.904884179433 277.020970980326 269.357144832611 232.689718405406 195.091406504313 163.115402062734 150.918036699295 160.367806752523 155.80823024114 153.13055117925 176.67414744695 195.638398329417 205.657184123993 211.563587188721 211.575229962667 199.561556180318 198.263982931773 199.198544025421 196.025749047597 200.717091560364 202.623267968496 204.044699668884 206.658542156219 208.695073922475 209.917287031809 206.908484299978 202.990273634593 222.458879152934 244.540353616079 255.943318208059 252.018670241038 256.698926289876 265.569945176442 270.158549149831 266.352931658427 237.972517808278 157.965282599131 114.21149969101 104.722807804743 107.361892859141 122.66539533933 117.350995540619 111.143986384074 131.743172804515
214.57827091217 248.934984207153 286.734898885091 304.007649421692 312.371373176575 274.411201477051 225.820442040761 184.630175431569 173.87855052948 184.602777163188 174.625277519226 161.282589038213 172.139445940653 194.26699479421 212.168494860331 216.827849547068 213.689784208934 209.425171216329 200.099209944407 200.672646363576 202.42573817571 206.66499932607 208.542704582214 206.844528516134 209.380328655243 220.227837562561 221.563378969828 222.423712412516 222.466270128886 232.700069745382 248.453120390574 256.918251514435 259.743531545003 267.391939957937 273.571530977885 265.935877958934 265.950560569763 279.466191927592 237.800975640615 159.062087535858 114.598959684372 109.944512446721 113.387415806452 123.75404437383 139.649122953415 167.421738306681
266.333142916362 292.727430661519 302.137533823649 298.966725667318 313.011209170024 311.922510464986 286.187847455343 251.325666904449 224.338908990224 218.726317087809 217.487613360087 192.724923292796 176.185270150503 191.684822241465 211.360116799672 217.189073562622 214.899222056071 217.594504356384 205.549498399099 202.43638753891 207.312802473704 208.221912384033 208.721538384755 208.179195721944 212.76992559433 225.266973177592 229.588389396667 234.801073869069 234.80765024821 236.380139986674 250.678757826487 261.25313838323 260.644714037577 258.985737959544 262.40869363149 251.69837474823 253.227412700653 257.178544998169 229.678769906362 181.629200776418 145.979881286621 131.969720125198 122.025638818741 125.324408213298 142.104923725128 172.109325726827
289.900739987691 299.614469210307 295.679688453674 287.663718064626 293.343861897786 306.930899620056 307.43811527888 284.935355186462 257.595618565877 244.301418463389 242.622355620066 225.735147794088 201.313376426697 200.672268867493 210.944533348083 215.471883614858 210.431297620138 213.02064259847 204.439043998718 206.337571144104 205.264846483866 208.601991335551 207.45978752772 206.840256849925 212.7339442571 221.627990404765 233.692944049835 235.652943452199 234.910666942596 242.018421490987 253.832538922628 255.016287167867 243.208189805349 235.464195410411 238.835076491038 220.002770423889 218.781113624573 209.196408589681 180.924594402313 162.855287392934 175.272425015767 162.697205940882 145.301202932994 131.184289852778 131.13001982371 149.819711844126
297.069390614827 297.862788041433 301.373998324076 291.919112205505 288.874348004659 296.797275543213 309.84220902125 307.028333346049 279.573182264964 256.491760412852 249.103764692942 240.769187609355 231.182754039764 218.209942181905 213.858147462209 214.448034763336 210.707068443298 208.552440007528 208.3340883255 212.494452794393 207.251667976379 205.68307240804 206.544915835063 207.429905732473 211.990316708883 219.109316666921 227.620542049408 225.102464358012 229.540467262268 241.865734259288 250.240365664164 242.349704106649 230.149904886882 228.587090969086 221.889634927114 204.593400160472 207.724213600159 205.886423587799 196.1270570755 187.893450260162 196.670532226562 203.097363313039 182.96092748642 163.260598977407 143.096427122752 129.639943440755
306.956092516581 306.678255399068 310.686389605204 307.232896486918 300.300021966298 300.384402275085 309.349795182546 315.303842226664 289.620935916901 260.783712069194 246.707797050476 244.439502557119 248.021642367045 229.585905869802 219.484448432922 222.838938236237 217.764834562937 209.198991457621 214.489181836446 215.686043103536 213.784476121267 209.612647692362 212.827324867249 216.281473636627 213.905771573385 218.935966491699 222.116510073344 220.359047253927 223.97784392039 240.266025066376 245.460788408915 238.057176272074 232.556859652201 233.583927154541 216.992259025574 210.476994514465 216.234683990479 221.045692761739 224.350134531657 218.375325202942 188.304444154104 188.934326171875 177.591840426127 161.05721394221 141.544918219248 115.973820288976
306.758046150208 307.401915391286 310.304443041484 309.064487616221 302.156349023183 297.870099544525 305.00332514445 314.920206864675 294.291079044342 261.91254456838 245.960414409637 244.976898034414 246.559063593547 230.622867743174 219.478925069173 225.493927796682 226.698140303294 216.685354709625 219.647685686747 222.637037436167 222.100615501404 216.595689455668 214.447557926178 219.210962454478 216.741800308228 216.422915458679 220.916787783305 226.432661215464 229.836344718933 240.726033846537 245.637774467468 241.470336914062 234.736482302348 233.899434407552 216.950714588165 219.972213109334 223.710159460704 228.626052538554 229.964375495911 217.528025309245 165.334244569143 138.638605674108 125.781218210856 111.670345067978 105.761071046193 104.861915111542
300.009528795878 304.594139258067 309.534708658854 307.701845963796 302.465319633484 301.549315452576 306.520263353984 312.8848473231 303.176720937093 271.973133087158 256.138940652211 244.780798753103 234.620710213979 225.090821584066 216.523150602976 222.076654434204 231.80095354716 225.469330946604 222.032368183136 224.709908167521 224.54967101415 221.149742603302 216.190755367279 217.743496100108 218.597074349721 218.412041664124 220.724860827128 228.554805119832 231.252670288086 235.449294249217 243.081311384837 244.227449099223 237.444599469503 223.398168881734 210.448702176412 227.945685386658 236.23913526535 236.757397651672 230.419794718424 222.485899925232 157.863756020864 102.219641208649 80.1152090231578 65.7729903856913 68.9471463362376 75.3109355767568
278.672417004903 286.666591962179 292.342245578766 293.861925601959 296.568592389425 303.337256113688 308.618903160095 311.703403790792 309.247593084971 286.432226498922 269.207835197449 249.738574028015 233.910918235779 231.252233187358 224.406441052755 217.794299125671 228.830258051554 228.356500466665 221.158524354299 220.411638418833 222.330232461294 217.040836811066 213.045159975688 215.3307000796 218.291660149892 221.911112467448 220.51332394282 224.882384141286 228.980243206024 231.172700723012 237.781465053558 245.259245236715 233.757436275482 209.895650545756 216.092606385549 243.104100227356 247.90632724762 241.821805636088 231.076598167419 230.98353544871 205.883622169495 131.445934375127 82.2224766016006 65.3657366832097 63.5983645915985 63.330665230751
249.419073263804 255.505959192912 255.187551180522 264.150162537893 276.18932723999 289.188901583354 298.881908257802 305.477738380432 303.684751192729 287.663877010345 265.842854976654 244.348585605621 231.067538261414 228.350599606832 223.677972952525 218.468646208445 221.481402715047 221.433599789937 215.004861354828 212.683796882629 217.267950375875 219.608743985494 215.672453244527 212.33324209849 212.600906689962 212.280253569285 219.102660814921 221.598386764526 225.542803605398 227.746367454529 229.43635781606 236.579517523448 225.448528925578 212.271094322205 239.902913570404 257.093489170074 251.59211953481 244.291702906291 238.043864568075 243.532876173655 260.375221570333 237.557808558146 160.339117050171 106.515248616536 81.2697112560272 62.5109920899073
