input/barkrak2/radiation/dir20024.grid
NCOLS 85 
NROWS 70 
XLLCORNER 665100 
YLLCORNER 4664600 
CELLSIZE 20 
NODATA_value -9999 
[rows 20 to 39 of 70, columns 0 to 45 of 85]
190.807302792867 183.708687623342 199.481507142385 239.569266637166 234.495242436727 189.13064400355 175.628145535787 180.414021015167 195.753514766693 214.959005514781 227.442065874736 236.360192298889 243.126432100932 255.921641985575 269.258439540863 288.753608862559 316.503942012787 323.304275671641 328.572809696198 335.905154546102 337.584217389425 331.083257993062 329.981644948324 331.668496131897 332.805037498474 333.177407582601 335.290630658468 332.3961297671 328.182538350423 327.654739220937 321.648557980855 310.722192128499 301.857034365336 297.607938448588 296.011964480082 301.235795021057 300.753851731618 303.00098657608 307.521561781565 311.536888281504 312.452514966329 311.367928981781 313.551545143127 308.10934305191 312.504092852275 316.08921289444
218.605796496073 217.36874183019 234.376907348633 265.355706214905 260.58558622996 202.378551165263 188.18477789561 189.097325007121 196.567058563232 209.582885106405 220.004439353943 230.171759923299 236.671189467112 239.184339841207 253.379225730896 272.525588671366 289.825280507406 311.154325803121 323.491791884104 331.959625085195 335.19438902537 340.206543604533 341.844320297241 341.0351673762 337.450583775838 332.912186781565 328.986763954163 325.628697872162 324.80529944102 318.670809268951 301.958978176117 273.447891076406 253.150741259257 251.00177526474 258.388797442118 277.059515317281 284.534136454264 299.002289772034 308.588286240896 308.393359184265 306.679467360179 304.730216662089 299.341797828674 285.980979601542 303.895910580953 312.685906887054
258.802791436513 266.014516353607 272.281169891357 282.086173693339 282.10061788559 236.133476098379 209.682126839956 197.929680347443 191.805879275004 203.812162081401 221.591075261434 229.742189248403 243.316014607747 248.407701651255 253.683129946391 266.992092132568 281.091272830963 294.36073700587 307.704091072083 318.319161732992 320.824344952901 331.412196159363 337.178111076355 337.453762690226 334.813952445984 332.625965277354 329.045196374257 318.602283795675 308.086037635803 284.068842728933 247.857530911764 198.074380556742 176.024874051412 193.613012631734 221.624096234639 246.380786101023 264.532188574473 283.43274195989 295.520047346751 298.690636952718 300.715088844299 301.372885704041 279.856781164805 260.201970736186 286.115388075511 311.546127001445
279.673457145691 282.000005245209 280.737459659576 286.906917889913 286.562383174896 269.475201765696 234.362562497457 204.456130663554 189.409693082174 193.681657314301 216.651658217112 231.988787651062 246.613125006358 259.371519088745 260.986129442851 264.986217021942 276.266038417816 288.401166598002 299.543698628743 296.457489331563 303.504248460134 309.408664703369 319.388389587402 322.977741559346 317.107081413269 306.043088436127 293.555577596029 285.185933113098 258.117477099101 216.257949670156 177.942872047424 155.385553836823 125.120381514231 122.926970322927 134.339988231659 171.183943748474 214.170734087626 241.16708834966 258.961002031962 267.729640007019 267.232139905294 253.614922364553 239.046315352122 272.981385389964 271.852433681488 303.718407948812
272.030293941498 273.826499780019 281.905333201091 288.898746172587 280.402024586995 271.271963914235 241.641223430634 219.463606675466 203.178266684214 196.64208094279 210.424919923147 226.926664511363 242.361724376678 254.328767458598 258.602499961853 263.662000497182 274.072964986165 285.106619199117 293.304860591888 290.789405504862 295.221706231435 290.740807851156 288.736283779144 283.430854479472 285.568018754323 284.540057182312 277.577877044678 259.718875090281 230.275909105937 173.141519228617 153.607745965322 151.482214530309 132.208446661631 104.33155298233 96.1281855901082 112.564901510874 155.544380346934 195.396701494853 220.076938470205 234.478712081909 224.453488985697 202.486554781596 224.047640959422 289.829572041829 283.740242322286 304.100890954336
265.735884507497 269.928892453512 281.249403953552 285.804688930511 281.042476495107 271.515965461731 252.879023551941 245.161811510722 235.803206761678 220.920324325562 220.281541347504 240.389943122864 251.288751761119 264.924565951029 269.333044687907 266.822377840678 271.748801072439 283.497075239817 291.579147179921 295.788804690043 289.262553056081 275.259296099345 271.694084008535 275.677402814229 277.566333611806 275.67062775294 263.957460721334 251.336753368378 208.756804466248 181.852698326111 180.107971032461 196.340521176656 199.536363283793 169.404288132985 135.97442706426 121.690442164739 136.554499467214 162.348031997681 195.15327612559 217.661559581757 199.446459611257 190.302868684133 233.264128367106 279.59813674291 297.000368436178 313.667237758636
267.457544803619 269.841472307841 277.647455533346 283.582111199697 294.412771860758 281.442999839783 267.739395300547 258.13239812851 257.446765899658 251.542965571086 243.963082631429 257.823308308919 267.205556233724 280.09303410848 280.265808105469 273.669719696045 276.245276133219 281.031986077627 282.313625017802 289.377331733704 292.759617169698 288.535952568054 280.826032161713 276.49994691213 278.083264827728 274.960239728292 264.698545138041 252.368648846944 217.956721782684 211.978216965993 233.071068922679 256.846209367116 261.626601219177 270.922601222992 245.916624863942 162.732809782028 150.243699550629 160.681198040644 186.412215232849 215.668459733327 208.682338396708 240.12017250061 240.359783172607 257.093111673991 288.332462310791 302.819987138112
271.575033664703 267.930626869202 270.997524261475 280.492564042409 315.900226434072 294.176002343496 274.429738521576 259.264727433523 260.01505057017 267.146269480387 260.406374931335 262.957771619161 273.874243100484 283.401389916738 286.652942498525 283.433556556702 275.618612766266 277.607500553131 286.859194437663 292.061587174733 290.785948435466 281.174858411153 279.430985450745 280.520021915436 282.26375579834 281.691074371338 272.054711977641 263.622164726257 241.97393655777 240.769624710083 264.134685198466 278.694629669189 277.948757012685 291.758259137471 312.309046586355 242.354035377502 179.685890674591 165.403972069422 180.62965075175 209.07453695933 246.338903903961 295.232872168223 253.588815530141 247.337301572164 274.835487206777 284.655789534251
269.187351067861 260.6547276179 264.483650525411 286.907037099202 328.472872575124 294.061283270518 265.921076138814 253.603398799896 258.223315080007 266.934076944987 261.753678321838 259.904364744822 275.793274243673 284.677704175313 285.022616386414 285.949647426605 280.91037273407 275.155603885651 284.189124902089 284.488360087077 283.531288305918 277.145425478617 279.55154577891 283.213456471761 284.304102261861 282.79854853948 280.986885229747 271.484792232513 253.242750962575 249.061306317647 271.452784538269 289.193828900655 288.459618886312 287.134011586507 306.803286075592 304.289817810059 213.093519210815 155.589401721954 147.39669362704 185.837984085083 255.463480949402 276.64178609848 244.436701138814 222.16937939326 244.87845102946 256.357630093892
262.294133504232 252.841850121816 261.009891827901 297.266165415446 325.668553511302 290.370106697083 258.089860280355 240.369141101837 239.381710688273 242.726445198059 241.541186968486 247.104465961456 268.856247266134 283.17129611969 282.482345898946 288.433829943339 286.041835943858 276.259005069733 277.45125691096 279.494822025299 278.310398260752 278.524080912272 280.106743176778 285.078803698222 287.651439507802 284.369568030039 288.042227427165 278.204222520192 259.060502052307 257.770081361135 277.038097381592 294.703642527262 290.534377098083 287.151753902435 296.493152777354 313.729921976725 294.112900892893 218.281110127767 171.623786290487 183.161934216817 219.325880209605 234.201371669769 232.925176620483 205.389142036438 214.014629522959 234.96675491333
251.043041547139 260.705828666687 290.312707424164 336.160739262899 336.611708005269 295.654515425364 258.609096209208 231.665988763173 223.427871863047 234.050691127777 229.211628437042 228.329161802928 261.444250742594 277.235388755798 285.278856754303 291.053354740143 291.142344474792 280.917644500732 279.720981915792 280.421197414398 279.607673486074 284.777899583181 286.458770434062 287.167350451152 288.88326883316 293.063918749491 292.494237422943 287.406762440999 271.510700384776 269.96103922526 283.205231030782 295.635918776194 292.762657006582 293.088694413503 297.41092522939 300.324320793152 319.944421450297 326.10950867335 258.790135383606 213.836332162221 199.920396010081 192.908644676208 210.130492846171 206.987718741099 210.777282714844 238.544344902039
269.660790761312 296.292622884115 317.173361778259 323.784073193868 349.502762158712 329.003115495046 292.954444885254 254.17306025823 241.098741690318 253.912409146627 247.568269570669 228.88187567393 248.695115248362 277.308841546377 287.736217180888 292.322595914205 293.171525001526 291.121542453766 283.541838328044 283.890247344971 285.948435465495 289.341489473979 292.545278867086 291.50511821111 291.413942972819 300.542573134104 301.760156949361 300.431132316589 289.105951786041 284.831404685974 289.687315622966 293.933510780334 295.807361602783 300.412078698476 303.252855936686 291.933536529541 299.773573875427 334.307114283244 326.327443122864 263.974448045095 215.593735376994 192.608873049418 194.068570931753 209.311346213023 232.889175415039 258.958141009013
302.927295366923 313.697775204976 305.753290653229 298.612395922343 316.622992356618 335.556387901306 328.509648640951 299.618462721507 276.611546675364 277.578254540761 278.761764367421 257.689992586772 247.520506381989 272.460877895355 289.560735225677 293.266177177429 290.858427683512 294.536590576172 286.815524101257 283.842921257019 289.919753869375 292.962988217672 293.179790178935 290.414770444234 293.387154738108 300.504624843597 305.972615877787 307.464003562927 297.851979732513 291.287700335185 298.585454622904 302.27522055308 298.672238985697 300.318876902262 304.373840490977 294.02752717336 293.65873336792 311.337093512217 311.596771081289 284.223238627116 254.25398349762 216.963231563568 198.367834091187 204.962929089864 225.931207338969 257.937689622243
297.68709341685 292.008976141612 285.329242547353 274.61306254069 275.380869706472 295.260469118754 314.549644788106 309.788386027018 296.686053276062 298.014223575592 298.906266689301 283.881306648254 272.438844045003 277.97528107961 290.027618408203 292.370359102885 291.634400685628 293.427983919779 287.546674410502 288.545966148376 290.345410505931 291.776597499847 288.794457912445 285.931328932444 290.506720542908 296.829124291738 304.621915022532 303.762873013814 299.485882123311 297.909041245778 303.93785238266 302.124758561452 291.127522786458 289.378643035889 293.137550354004 277.903437614441 275.354325771332 274.720887343089 265.7870054245 267.979721228282 277.520378430684 249.081830183665 222.37495581309 210.108399391174 211.445093154907 231.873075167338
292.194465796153 282.742122809092 288.821657498678 275.209426879883 267.559786637624 278.788050015767 303.725202878316 325.166960557302 318.124572436015 305.978496869405 295.51637172699 294.087847073873 297.949433326721 295.343597730001 296.916703383128 296.085139115651 292.452812194824 293.341855208079 290.212670962016 294.76277033488 290.724118550618 290.227850278219 286.946872870127 287.460287412008 289.073467254639 295.065681139628 300.701300303141 296.2513367335 297.294616699219 301.599621772766 303.630709648132 294.055620829264 279.046634833018 283.347646395365 281.780918439229 265.156110127767 266.292572021484 266.122539838155 270.917534828186 289.115051428477 290.430804093679 280.673603216807 257.359206676483 240.440924962362 222.146312395732 212.216893831889
311.115364233653 306.343654791514 315.353433291117 310.513913631439 300.706605116526 304.702540238698 320.457816123962 341.048280398051 332.746982574463 309.538205464681 295.21640141805 300.71900288264 314.304669698079 306.924859682719 302.850604057312 302.712182203929 301.391243934631 291.767060756683 297.238389650981 295.274635155996 293.002287546794 290.06153345108 290.508230527242 293.346345424652 288.98694117864 293.600976467133 294.898549715678 291.964153448741 293.529073397319 302.755733331044 302.394648392995 292.525668938955 280.72315454483 281.567633152008 273.199299971263 268.508156140645 273.723542690277 274.809579054515 285.499731699626 310.620188713074 278.729240099589 267.540653546651 257.550398508708 248.308440049489 231.001098950704 209.37176545461
333.389123280843 331.009229024251 333.296656608582 335.588773091634 326.756854852041 320.590436458588 325.472791989644 339.573701222738 334.990421930949 307.574172814687 298.672715822856 308.128416538239 319.476226965586 311.918576558431 303.471843401591 308.024148146311 307.771106561025 300.660928090413 301.324625809987 300.778647263845 301.676392555237 297.06350962321 294.113159179688 296.286801497142 291.55155022939 291.197419166565 292.176842689514 295.791427294413 297.509094079336 303.850213686625 303.699652353923 295.188307762146 283.250172932943 278.101801872253 269.057174523671 273.867706457774 279.93897596995 279.786229133606 282.67627954483 300.608694553375 267.044762770335 226.093471050262 212.800780932109 208.8356812795 203.734755516052 200.718184312185
343.745072682699 341.797590255737 338.709354400635 339.556733767192 333.449443181356 326.151490211487 323.807756106059 329.528113206228 334.885517756144 315.729717413584 311.662991841634 317.750990390778 317.127009232839 308.83800983429 304.996649424235 307.452142238617 314.311464627584 309.290826320648 306.27961953481 306.782682736715 305.213967959086 301.032801469167 296.766877174377 296.850462754567 294.623851776123 293.731808662415 293.928583463033 299.524664878845 299.49559768041 302.494625250498 304.284354050954 297.424574693044 286.599198977153 271.063228448232 262.128074963888 277.857720851898 287.533342838287 285.681923230489 276.195406913757 288.650552431742 266.375402609507 200.092911720276 171.982288360596 155.481735865275 158.481220404307 166.066219409307
343.761841456095 346.289873123169 346.514741579692 344.61510181427 341.46241346995 337.314049402873 331.85354868571 328.146874904633 330.461819966634 325.531840324402 330.759902795156 328.248302141825 314.690371354421 317.427098751068 310.922304789225 304.619193077087 313.993175824483 313.363234202067 308.774630228678 305.449525515238 305.615146954854 300.496101379395 296.093881130219 296.743432680766 297.338366508484 297.978758811951 295.712153116862 298.253178596497 302.065809567769 303.359091281891 304.287850856781 300.315817197164 281.930088996887 259.498556454976 267.771343390147 290.181795756022 293.383439381917 287.856896718343 271.221061547597 276.543200016022 293.026228745778 243.291020393372 185.600618521372 156.504442294439 147.51214782397 146.802206834157
331.584413846334 334.917624791463 335.629979769389 339.233001073201 344.483216603597 348.568360010783 349.59348042806 347.72519270579 346.149484316508 345.517079035441 339.936892191569 325.207233428955 319.121579329173 317.217389742533 313.868403434753 310.052712758382 311.761478583018 310.14750401179 306.151350339254 303.720355033875 305.263717969259 306.462645530701 304.490049680074 297.656118869781 298.428813616435 299.066325028737 302.088479200999 300.910790761312 302.899777889252 302.404681841532 302.718321482341 300.95507701238 276.785910129547 260.432819525401 283.466855684916 298.652331034342 294.093012809753 289.447883764903 276.303509871165 273.233691851298 306.102275848389 325.643221537272 270.016551017761 216.455638408661 175.515015920003 148.349096377691
