input/barkrak2/radiation/dir22424.grid
NCOLS 85 
NROWS 70 
XLLCORNER 665100 
YLLCORNER 4664600 
CELLSIZE 20 
NODATA_value -9999 
[rows 0 to 19 of 70, columns 0 to 45 of 85]
307.821393012999977 314.404288927714 319.146672884623 321.851948897044 322.48310248057 320.810377597809 314.192136128743 308.162013689677 311.501880486806 311.848163604736 309.467673301697 314.368605613708 317.369361718496 316.938440004985 318.808515866597 319.006979465485 313.380181789398 307.199418544769 303.824484348297 291.677514712016 275.403618812561 277.974188327789 298.806091149648 305.945177872976 304.214040438334 305.827716986338 305.065353711446 295.045435428619 275.489230950673 270.930667718252 268.235901991526 279.679258664449 301.37687921524 300.216158231099 306.560079256694 297.806938489278 298.346241315206 307.854215304057 298.187633355459 305.90037504832 294.658283392588 284.507056077321 294.327636559804 309.104959170024 311.658223470052 306.563317775726
285.871942838033 297.837416330973 307.282606760661 315.884053707123 321.266293525696 319.950938224792 313.449223836263 306.877652804057 311.917245388031 313.07860215505 308.113773663839 311.759154001872 317.153731981913 317.855894565582 317.649145921071 318.3274269104 316.225528717041 311.28982702891 308.143397172292 298.820535341899 289.511521657308 291.266560554504 302.184800306956 306.809544563293 307.386120160421 307.109256585439 303.851882616679 296.570499738057 279.968063036601 271.639386812846 272.84840742747 289.491752783457 298.57615629832 298.090080420176 306.339740753174 297.632277011871 296.04438940684 299.884895483653 296.388844648997 306.001702944438 303.031325340271 293.865740299225 298.094550768534 310.821255048116 314.460059007009 309.454222520192
257.595002651215 267.011165618896 277.210672696431 286.966800689697 297.565499941508 304.261406262716 307.485957940419 310.475389162699 312.362472216288 310.043076674143 304.597973823547 306.553324063619 315.531134605408 318.848967552185 315.609971682231 319.625894228617 323.094169298808 322.214643160502 316.773037115733 309.746384620667 309.903105099996 307.842950026194 305.441697438558 305.850545565287 308.864633242289 308.729608853658 302.531083424886 294.698655605316 282.471557458242 273.36988846461 275.610089302063 294.194102287292 289.974729220072 295.363386472066 305.137832959493 299.12010828654 290.232499440511 287.023901939392 294.492125511169 306.187431017558 304.354627927144 300.900300343831 298.659106095632 308.536569277445 319.611430168152 315.17352660497
241.442938645681 243.102749188741 250.419537226359 255.418678124746 262.67804702123 267.459591229757 272.933522860209 284.050583839417 297.481258710225 306.419412295024 308.77164999644 313.12624613444 318.353752295176 320.024430751801 318.313856919607 316.848595937093 318.242490291595 317.358613014221 315.803269545237 314.445614814758 312.25977341334 309.835950533549 312.839825948079 310.854216416677 309.687832991282 311.43973271052 306.862950325012 298.486232757568 291.997313499451 285.585304101308 279.646992683411 295.559306939443 290.450195471446 295.114616552989 298.821032047272 299.749493598938 296.202659606934 293.854931990306 304.472664992015 310.657699902852 305.050651232402 296.562413374583 292.187809944153 302.791476249695 315.937260786692 315.480172634125
261.556843916575 247.866690158844 236.957351366679 228.407700856527 232.524116834005 247.057060400645 263.778964678446 272.363603115082 280.451019605001 285.983761151632 299.740374088287 312.372624874115 318.807164827983 321.436782677968 321.94858789444 321.456074714661 318.011502424876 310.81219514211 310.579041639964 313.041428724925 310.840825239817 309.573173522949 315.737764040629 314.198871453603 311.579962571462 313.021143277486 308.911760648092 302.401125431061 295.490642388662 291.221141815186 293.175597985586 302.366892496745 298.421740531921 299.750288327535 296.910921732585 299.386699994405 306.920250256856 309.800744056702 312.704026699066 313.369850317637 310.869892438253 304.503341515859 300.58882633845 301.276206970215 306.278189023336 314.051270484924
296.559055646261 275.92537800471 253.167112668355 232.634345690409 224.811315536499 235.164125760396 256.574710210164 270.542661348979 273.618320624034 273.822744687398 281.48090839386 291.904886563619 298.935929934184 303.537686665853 308.563013871511 311.394155025482 309.143006801605 305.533250172933 307.360907395681 311.756551265717 311.789711316427 315.019865830739 319.485127925873 317.177832126617 315.156678358714 316.041052341461 312.332371870677 306.026339530945 298.258105913798 293.983101844788 299.401501814524 303.705811500549 305.84462483724 309.439380963643 304.466923077901 301.664253075918 307.129899660746 311.167597770691 310.213367144267 310.555736223857 311.152994632721 307.326853275299 306.029160817464 306.191384792328 301.701287428538 296.151796976725
311.901251475016 295.312464237213 280.035853385925 263.002773125966 244.951327641805 233.533680438995 239.36140537262 264.825860659281 275.632123152415 282.161176204681 279.938797156016 275.688707828522 271.534164746602 268.488824367523 270.453552405039 282.573183377584 291.005551815033 301.917513211568 310.787955919902 316.003680229187 315.343916416168 313.46873442332 318.309207757314 319.010734558105 318.134427070618 319.332639376322 317.560613155365 312.646130720774 305.980046590169 303.35267384847 305.192569891612 309.655706087748 318.72288386027 320.565323034922 317.623297373454 310.885151227315 309.500157833099 310.234904289246 311.016877492269 313.670476277669 311.704218387604 308.083911736806 306.957920392354 303.249835968018 288.765847682953 282.55170583725
313.874204953512 308.925827344259 302.677830060323 292.161504427592 274.749378363291 249.254107475281 230.101605256399 229.410330454508 259.661078453064 280.406435330709 286.193946997325 282.866438229879 275.902152061462 267.611086368561 257.155378659566 260.164380073547 270.576000213623 283.353050549825 299.987852573395 311.673482259115 315.228780110677 314.357658227285 317.072172959646 318.104426066081 317.563056945801 318.975865840912 318.793336550395 316.203792889913 311.851819356283 312.683204809825 315.165321032206 317.635178565979 322.84931341807 322.834293047587 319.601595401764 315.715213616689 312.989195187887 308.528463045756 302.42258310318 301.516850789388 306.749184926351 312.347571055094 317.153135935466 313.808699448903 300.780077775319 290.634254614512
308.683832486471 309.279123942057 307.504594326019 302.870313326518 293.925185998281 277.949909369151 253.146211306254 227.59073972702 238.073945045471 259.068191051483 275.757412115733 282.464027404785 283.398310343424 281.469722588857 273.14571539561 266.596337159475 264.383514722188 268.225789070129 280.018170674642 293.407003084819 304.169217745463 310.25771299998 313.008626302083 310.385266939799 311.457435290019 313.636561234792 314.649144808451 313.812673091888 312.88089354833 317.195097605387 320.044159889221 319.421350955963 320.262789726257 320.526401201884 318.238039811452 317.004462083181 314.279039700826 307.841042677561 295.974413553874 297.165811061859 312.084873517354 320.323725541433 320.575654506683 317.031264305115 307.820439338684 299.999912579854
289.541681607564 296.493788560232 299.954533576965 300.033787886302 298.06512594223 296.181778113047 285.051544507345 270.428935686747 243.565519650777 235.42187611262 246.834516525269 268.365581830343 285.046776135763 292.297104994456 293.928464253743 288.241922855377 276.524166266123 271.610160668691 271.055320898692 273.872216542562 280.939320723216 286.500513553619 291.824122269948 296.187659104665 301.398972670237 303.973615169525 305.561602115631 305.229624112447 305.774470170339 310.247937838237 311.39600276947 311.758200327555 316.112577915192 318.50278377533 318.61009200414 315.800786018372 313.454906145732 310.98343928655 297.719995180766 298.977255821228 314.750293890635 319.021642208099 317.773699760437 314.144094785055 304.997066656748 297.470847765605
248.508115609487 260.397593180339 270.651340484619 278.501252333323 285.830120245616 291.819949944814 293.849209944407 290.771285692851 269.224901994069 247.130970160166 234.383662541707 240.505417188009 264.560639858246 284.773449103038 295.514384905497 288.376490275065 282.728632291158 277.731955051422 271.369934082031 265.897830327352 266.169448693593 266.149799029032 268.909732500712 279.19614315033 287.95846303304 293.723046779633 295.461714267731 295.334140459696 299.131433169047 302.899559338888 304.89714940389 307.55482117335 313.328802585602 315.851489702861 314.939697583516 313.172539075216 314.426382382711 316.299319267273 309.323887030284 307.330012321472 314.40794467926 317.600826422373 318.481286366781 317.279438177745 310.137053330739 304.809093475342
210.388620694478 215.402901172638 223.415950934092 234.883427619934 249.311486879985 263.700882593791 279.102166493734 283.636470635732 284.501175085704 273.740669091543 251.659909884135 233.667969703674 236.05348666509 255.963206291199 278.114418188731 280.192653338114 285.802404085795 283.703168233236 276.161630948385 267.572661240896 261.021077632904 258.540511131287 258.665919303894 266.477664311727 273.4135389328 277.23620335261 279.48804696401 282.960474491119 288.303176561991 291.959404945374 295.440892378489 299.957553545634 304.173827171326 306.224822998047 305.712481339773 306.182603041331 311.947504679362 317.545890808105 317.299326260885 316.553016503652 317.856748898824 320.439656575521 321.175634860992 319.536467393239 314.155042171478 312.139471371969
198.927998542786 194.765289624532 192.546725273132 192.547698815664 200.067003568014 215.917885303497 239.242951075236 258.612136046092 282.73751338323 285.776495933533 276.666581630707 256.817877292633 231.736501057943 229.627172152201 249.875326951345 272.767543792725 285.431444644928 287.458042303721 283.792912960052 276.751796404521 269.444406032562 267.857035001119 267.45726664861 268.237233161926 268.3225274086 267.461578051249 270.584940910339 277.914841969808 280.799706776937 281.955440839132 286.06108824412 290.622035662333 292.359789212545 292.932291825612 294.594804445903 298.3491619428 306.884447733561 313.984930515289 314.083317915599 317.317048708598 318.662444750468 318.851669629415 318.122287591298 318.043649196625 312.58229414622 310.747146606445
194.102386633555 166.191607713699 148.663938045502 144.182821114858 142.655074596405 148.172159989675 168.188552061717 202.267448107402 238.548854986827 269.383947054545 283.783872922262 283.476452032725 268.354296684265 245.692034562429 243.177910645803 264.891028404236 279.091636339823 289.221405982971 294.195850690206 291.400969028473 282.681365807851 279.253900051117 276.536683241526 276.328464349111 275.816480318705 273.801585038503 276.587704817454 283.538699150085 282.311499118805 277.26803223292 281.869192918142 286.275009314219 287.832637627919 288.17097345988 290.84179798762 295.627534389496 300.513744354248 304.350097974141 305.337071418762 306.373278299967 309.11248922348 312.318742275238 315.556883811951 316.936135292053 311.491926511129 310.64514319102
176.157593727112 138.811717430751 115.73867003123 111.359496911367 113.017588853836 118.118743101756 127.613325913747 154.093871514002 181.386947631836 228.301088015238 276.047766208649 297.476569811503 300.537010033925 286.458869775136 265.010118484497 261.140624682109 264.902949333191 278.064688046773 291.764219601949 297.586381435394 296.236991882324 291.570246219635 289.762338002523 286.434908707937 283.273696899414 281.808157761892 284.018635749817 285.788337389628 280.890107154846 277.414898077647 281.043569246928 284.324765205383 284.502724806468 284.570217132568 287.684798240662 290.858705838521 291.48542881012 290.721476078033 293.554723262787 293.793459733327 297.340293725332 302.907566229502 306.877334912618 307.45925505956 305.605351924896 306.200087070465
152.00999379158 124.669919411341 96.4761773745219 92.8230782349904 107.75496562322 131.791373093923 135.729253292084 142.941206693649 164.997239907583 194.702327251434 241.170048713684 292.920152346293 308.755874633789 307.024538516998 292.517383893331 267.433842023214 257.908880710602 260.246892770131 274.112383524577 294.037441412608 301.605482896169 297.710696856181 298.63299926122 294.104198614756 288.573543230693 288.429141044617 290.899554888407 287.723422050476 282.439827919006 284.830351670583 286.212066809336 285.713235537211 283.402641614278 281.648278236389 282.290736834208 281.757990519206 280.259728431702 275.929232438405 278.215030829112 279.817779858907 282.982925573985 287.656505902608 289.961556593577 290.752987066905 296.668112277985 300.392667452494
131.559918324153 122.739255428314 98.5564788182576 84.1745734214783 88.7167652448018 114.648481210073 133.469800154368 144.730508327484 161.144157250722 177.011072635651 200.841069221497 252.58998076121 291.462481021881 307.415902614594 304.222484429677 294.686953226725 285.055538018544 272.31506506602 263.820886611938 272.37602074941 291.820267836253 300.424098968506 303.046345710754 299.554228782654 293.993532657623 294.957796732585 298.534115155538 294.462144374847 291.404684384664 295.779863993327 295.414706071218 286.771893501282 282.01558192571 279.128611087799 274.446805318197 273.495614528656 269.834001859029 268.76691977183 268.406828244527 271.316885948181 273.678243160248 275.342583656311 277.782181898753 280.014991760254 292.428016662598 298.620899518331
124.941110610962 127.185702323914 117.38708615303 96.0914889971415 81.8265974521637 102.784047524134 129.963497320811 150.918910900752 170.355359713236 182.034552097321 191.86407327652 214.409033457438 249.666174252828 272.143880526225 303.402741750081 308.887322743734 306.143601735433 296.148180961609 279.742300510406 265.874107678731 275.56186914444 295.290847619375 298.830886681875 298.82538318634 299.20905828476 303.274909655253 306.394199530284 304.71400419871 301.608443260193 303.133269151052 298.671027024587 289.793690045675 283.931155999502 278.279840946198 273.203154404958 270.092844963074 268.044432004293 268.234411875407 268.253703912099 270.050485928853 271.497050921122 273.025870323181 273.136774698893 275.708138942719 285.129030545553 294.951061407725
132.196883360545 141.744484504064 144.595921039581 125.671803951263 105.591942866643 121.060440937678 138.999114433924 160.113970438639 178.574363390605 200.200617313385 210.43719847997 215.427756309509 234.703322251638 245.732009410858 261.818687121073 287.738998730977 306.596020857493 305.186589558919 301.038960615794 286.863545576731 270.825445652008 281.138380368551 288.06475798289 295.20457983017 302.816013495127 308.277388413747 310.64776579539 310.320019721985 304.973026116689 303.484340508779 297.739942868551 292.089144388835 285.73477268219 279.484371344248 275.978406270345 272.191941738129 271.634002526601 268.452227115631 267.816106478373 270.63783009847 274.344344933828 274.860699971517 274.448613325755 277.187724908193 277.659157911936 288.939535617828
141.445716222127 145.69761355718 158.080925544103 162.200500567754 149.481664101283 140.85578918457 142.580330371857 155.185043811798 170.182824134827 193.857073783875 207.785805066427 206.513663132985 212.258776028951 221.01765871048 240.637481212616 260.852336883545 270.374397436778 286.988317966461 300.70823431015 299.550155798594 292.543848355611 281.50208791097 281.442105770111 289.189557234446 298.219839731852 305.351793766022 310.253143310547 309.752146402995 303.09518178304 302.155693372091 297.214825948079 290.497501691182 284.559508164724 280.622959136963 278.046647707621 274.256428082784 271.565556526184 264.61519797643 262.262463569641 269.886374473572 275.585452715556 276.308596134186 278.571565945943 278.30712000529 274.939099947612 283.367117245992
