input/barkrak2/radiation/dir25624.grid
NCOLS 85 
NROWS 70 
XLLCORNER 665100 
YLLCORNER 4664600 
CELLSIZE 20 
NODATA_value -9999 
[rows 0 to 19 of 70, columns 0 to 45 of 85]
237.810134887695000 251.567383607229 265.226463476817 280.828634897868 287.479758262634 286.631862322489 277.736028035482 272.144099076589 274.571220080058 274.956981341044 274.640142917633 277.240534623464 277.578632036845 278.140644232432 280.448178450267 274.764974912008 264.677405357361 253.206789493561 248.026768366496 237.42022116979 229.698081811269 240.241924921672 265.606701374054 272.398432095846 274.448196093241 281.176129976908 279.567360877991 266.685684521993 251.205126444499 247.829457124074 244.30388212204 261.110246181488 298.991084098816 298.592766125997 299.273908138275 281.082193056742 289.254069328308 303.210953871409 297.855019569397 301.443457603455 281.747976938883 284.084359804789 293.970704078674 298.622091611226 292.783300081889 292.418917020162
218.773424625397 234.144647916158 248.23667605718 265.072047710419 275.855819384257 278.416474660238 273.531973361969 271.851340929667 280.949652194977 280.02522389094 275.817811489105 276.51584148407 278.298695882161 279.539148012797 279.310703277588 273.505806922913 269.885977109273 261.922597885132 256.886621316274 244.509359200796 243.594070275625 257.873078187307 276.644806067149 279.298265775045 283.645431200663 286.100268363953 281.557520230611 268.806616465251 255.787412325541 249.392131964366 250.228544076284 274.33983484904 299.517273902893 298.598885536194 298.552354176839 284.0469678243 290.607829888662 300.259947776794 296.05758190155 300.329844156901 293.8139239947 286.313275496165 288.798590501149 291.74808661143 291.062235832214 293.70105266571
182.850738366445 195.732931296031 206.961294015249 219.487249851227 232.659896214803 242.111444473267 250.50828854243 262.004097302755 271.905799706777 271.217981974284 268.427093823751 272.939423720042 282.335539658864 286.455949147542 283.520797888438 288.587292035421 291.094561417898 283.769289652507 270.57691415151 260.372976462046 265.124599138896 272.638479868571 278.219183286031 280.096729596456 285.366495450338 284.817000230153 276.66707833608 267.877260843913 259.364485740662 255.547682444255 261.088013648987 286.563038825989 296.019872029622 297.119657198588 297.693133354187 290.757457415263 292.012790838877 294.911801815033 297.603030999502 298.463861147563 293.503244717916 281.604250272115 274.35568968455 278.662085533142 289.363225301107 293.886542320251
164.027025302251 165.647695461909 173.817098140717 179.899275302887 186.907410621643 192.124565442403 199.392020702362 214.941839377085 234.568119049072 250.292976697286 261.176466941833 274.541795253754 285.585363705953 289.643069108327 290.362934271495 294.150471687317 292.956670125326 285.008271535238 272.99169699351 267.784396807353 266.482810179393 264.976362387339 274.350702762604 277.291496594747 278.576950232188 279.988725980123 276.276389757792 269.858479499817 266.947468121846 266.464432080587 266.429781913757 290.870348612467 294.984380404154 296.402931213379 295.302927494049 296.793242295583 296.093900998433 295.874079068502 298.031548659007 293.675740559896 283.724208672841 272.136469682058 268.050074577332 282.185236612956 297.342836856842 293.169399102529
186.039884885152 169.491390387217 156.657377878825 146.822025378545 150.074382623037 166.472196578979 187.570750713348 198.419769605001 208.871225516001 216.482639312744 237.20779021581 259.263555208842 272.963325182597 279.741187890371 284.461716810862 287.07367181778 281.972150007884 272.207677364349 268.576900164286 267.571568489075 263.188004493713 261.464556058248 271.823783715566 274.409830570221 276.44548813502 281.384348869324 278.693735599518 272.728482882182 269.262572129567 267.21445719401 271.91956837972 296.814064184825 297.54501581192 297.11256424586 292.800267537435 294.02220249176 297.416428724925 297.166128953298 292.011618614197 286.653459072113 283.410608768463 277.681310971578 279.507100582123 287.596762180328 290.346423784892 282.118956247966
229.049583276113 201.349933942159 173.523883024851 150.005261103312 141.398400068283 152.135054270426 177.777449289958 195.071756839752 199.345012505849 199.174781640371 209.866464138031 223.415354887644 233.435928821564 240.224540233612 248.789608478546 256.285429000854 256.885131200155 257.839639981588 264.184594154358 269.582311312358 269.693791866302 272.816181182861 275.656263033549 274.520397186279 277.432878812154 282.278180122375 280.591229597727 276.796440283457 271.896640459696 270.749151706696 284.599463144938 297.979831695557 298.302173614502 298.29204082489 293.300787607829 290.792246659597 293.679753939311 292.429010073344 284.843444824219 286.16072734197 285.229901472727 281.094014644623 282.15758005778 283.012608687083 275.0563621521 256.280501683553
251.242915789286 226.983110109965 206.248005231222 184.956232706706 163.938681284587 151.406665643056 158.436934153239 187.655369440715 201.496203740438 209.855834643046 206.869741280874 201.558887958527 197.234034538269 192.805449167887 195.150554180145 210.910459359487 223.415831724803 242.171029249827 259.956936041514 271.501262982686 275.049050649007 276.442964871724 277.594029903412 275.867203871409 277.371942996979 279.847045739492 281.42637014389 279.62468067805 276.144027709961 279.617786407471 290.472447872162 298.111816247304 298.076430956523 296.315511067708 293.437858422597 286.992748578389 287.097016970317 283.022662003835 281.562705834707 280.225018660227 275.23406346639 272.143324216207 276.342650254567 279.690802097321 267.219324906667 257.652660210927
260.746796925863 250.420053799947 238.673587640127 222.713609536489 199.417730172475 169.02228196462 148.059368133545 146.952569484711 181.340992450714 207.361618677775 215.398927529653 211.339751879374 202.282011508942 192.265709241231 178.796648979187 182.39418665568 195.335924625397 212.215840816498 236.143350601196 255.613128344218 266.634027163188 272.407472133636 278.886357943217 276.245792706807 274.855732917786 274.807512760162 275.534431139628 275.651653607686 274.40204222997 281.902035077413 290.398915608724 294.134557247162 292.241791884104 288.949211438497 283.345023790995 280.574440956116 281.91880385081 276.610751946767 268.754124641418 259.739836057027 261.263489723206 270.288904507955 284.07488266627 290.64150651296 277.980228265127 274.154543876648
252.917726834615 253.332674503326 248.953779538473 240.571876366933 226.618885993958 203.770041465759 173.033714294434 144.450803597768 157.954672972361 181.061963240306 201.313455899556 211.318254470825 213.39092652003 210.60703198115 198.370456695557 190.190116564433 187.468151251475 192.185839017232 207.065502802531 224.995970726013 240.537603696187 254.099786281586 263.301014900208 260.785977045695 262.486100196838 263.005514939626 263.902544975281 264.81290658315 266.119003295898 274.881561597188 280.382633209229 280.304948488871 278.708716233571 278.5431543986 277.306934197744 278.007129828135 277.489443620046 272.978087266286 263.686895370483 260.487735271454 274.660170078278 287.154793739319 294.062236944834 293.537100156148 279.99222278595 274.441917737325
222.25034236908 232.378244400024 237.615962823232 237.642963727315 234.531044960022 230.100433031718 213.09107542038 194.161077340444 162.049164374669 152.310232321421 166.203101476034 192.033608754476 213.824689388275 224.905550479889 226.105848948161 217.156747976939 201.696654160817 196.37389977773 195.688148339589 199.220101038615 207.570870717367 215.861399968465 225.720802942912 233.693758646647 242.569983005524 245.518565177917 246.819615364075 247.641821702321 249.75182612737 256.543636322021 257.980386416117 258.817593256633 265.246133009593 269.019385178884 271.843632062276 271.736780802409 270.287235577901 272.306720415751 263.747374216716 269.560654958089 287.607093652089 294.779419898987 295.963764190674 293.218453725179 278.804202874502 272.888878981272
167.718966801961 182.17412630717 195.541083812714 206.751068433126 216.880997021993 225.092967351278 226.33151213328 220.812499523163 191.782434781392 165.52331050237 151.089012622833 159.032682577769 186.580618222555 213.251988093058 228.741963704427 218.588948249817 210.499405860901 203.110098838806 194.813847541809 189.317464828491 188.898007074992 189.391414324443 193.65115960439 207.595368226369 220.970431963603 229.313830534617 231.156786282857 231.521387894948 237.572928269704 242.889821529388 245.990951855977 249.666790167491 258.565684159597 262.576162815094 262.446026007334 262.417256832123 266.366759936015 270.836095015208 269.333362579346 280.643244584401 291.185279687246 295.159022013346 294.0780321757 291.478415330251 284.07084941864 283.497452735901
123.47357471784 128.972589969635 137.892146905263 151.638170083364 168.510874112447 185.596823692322 204.834659894307 211.449384689331 212.202727794647 197.73542881012 170.581579208374 150.065392255783 152.132113774618 176.171521345774 204.351941744486 208.440184593201 215.083241462708 211.454550425212 201.128383477529 190.135498841604 182.743986447652 180.289924144745 180.487056573232 189.910372098287 199.250876903534 205.727060635885 208.943068981171 213.523745536804 220.405220985413 225.399414698283 230.267882347107 235.807995001475 242.189308007558 245.508591334025 245.897829532623 247.911949952443 258.072018623352 268.55214436849 272.344847520192 282.252093156179 287.905434767405 289.833227793376 287.840147813161 284.27251180013 280.296901861827 279.393553733826
105.761180321376 101.695358753204 99.579115708669 100.889176130295 110.7011338075 129.473547140757 155.540784200033 178.266485532125 208.517611026764 213.984827200572 201.826492945353 176.662902037303 147.087067365646 144.76153254509 168.951074282328 197.238147258759 213.877578576406 216.876010100047 211.638251940409 201.341331005096 192.144831021627 191.587527592977 191.081603368123 191.959142684937 192.770441373189 192.399164040883 196.785887082418 205.696026484172 209.59742863973 211.051344871521 216.440002123515 222.082336743673 223.678012688955 225.59916973114 228.094617525736 233.493169148763 245.403011639913 257.608115673065 260.554114977519 268.980224927266 274.487276871999 274.856845537821 274.641414483388 274.66626962026 270.410796006521 270.598252614339
90.4038349787394 66.2771016359329 50.7561713457108 49.4709561268489 44.2020148038864 49.329807360967 68.2294368743896 102.255950371424 144.854336977005 184.454202651978 212.205608685811 211.60223086675 190.619091192881 163.16149632136 160.232861836751 186.841448148092 204.763849576314 218.490401903788 225.804448127747 221.349159876506 209.246039390564 205.989082654317 202.463189760844 202.038804690043 202.157616615295 199.817061424255 203.012804190318 211.539069811503 211.59295241038 204.803506533305 210.279981295268 215.851465861003 217.439353466034 217.76803334554 221.219340960185 228.696405887604 234.999040762583 240.952650705973 243.934114774068 246.227105458577 251.46230061849 257.265647252401 263.683199882507 269.136846065521 264.613191286723 268.130620320638
97.6801911989848 61.5458389123281 33.4577014048894 20.6493710478147 19.3636653323968 24.475301305453 37.5417272249858 62.0973904927572 82.1417818466822 122.610102097193 167.666951815287 205.927729606628 224.602719148 212.950726350149 185.878455638885 181.220253308614 186.846375465393 202.484965324402 221.49133682251 231.152017911275 228.74782482783 222.022334734599 219.21306848526 215.171118577321 211.477160453796 210.214654604594 211.636165777842 214.079558849335 209.960182507833 204.684774080912 207.783063252767 212.928354740143 212.296227614085 212.121844291687 216.31137530009 220.38455804189 222.115337848663 220.308800538381 225.133776664734 225.96154610316 232.047915458679 240.089913209279 245.271722475688 249.637087186178 250.524858633677 254.314541816711
87.1139566103617 60.7258180777232 29.6571801106135 11.1804567277431 11.5148027737935 33.2978367805481 51.0037392377853 64.9738609790802 81.4591099818548 103.343695402145 133.332073688507 171.030223369598 190.398156642914 200.469116369883 199.29846127828 175.382335980733 169.927616914113 173.609634240468 194.517950216929 222.202777862549 236.559649308523 231.372872988383 232.155084609985 225.358406702677 218.136747678121 218.921383221944 220.96836566925 217.104395230611 212.40379412969 214.429418245951 214.307864507039 212.99930413564 209.965070088704 208.175460497538 209.082106749217 207.636038462321 205.320318539937 201.08691851298 204.528371493022 206.873913606008 210.968295733134 217.107057571411 220.405956109365 221.798916657766 234.368522961934 239.711960156759
73.2330779234568 62.3767673969269 37.0471477508545 4.67581364015738 12.1974423527718 39.0068019429843 54.6828210353851 69.9494530757268 86.6894920667012 97.0607201258342 115.937054157257 148.882339398066 176.935871442159 185.538172721863 195.401310920715 199.777483940125 190.986037254333 183.508356412252 176.288962364197 185.384134451548 213.356812795003 228.305617968241 237.776100635529 234.29000377655 226.568977038066 226.963818073273 230.836351712545 226.749400297801 224.527259667714 229.406317075094 227.247734864553 215.026418368022 208.624184131622 204.143444697062 199.222107728322 198.101957639058 192.571679751078 191.129684448242 192.112267017365 195.887724558512 197.721938292185 200.938522815704 204.233765602112 206.351776917775 224.269608656565 233.834803104401
65.9545958042145 66.3707156976064 53.4772078196208 15.0605825086435 16.9038002689679 42.1864440043767 63.0570550759633 81.6880464553833 96.295307079951 103.655477364858 115.728120009104 135.079274574916 159.901509682337 175.513128439585 190.992653369904 202.83975203832 208.319048086802 200.604458649953 188.363591829936 178.813874721527 189.352174599965 214.426318804423 222.10685412089 226.093570391337 231.572548548381 238.643487294515 242.417613665263 241.301556428274 238.773028055827 240.204552809397 233.706037203471 221.660554409027 212.56164709727 203.772823015849 197.128335634867 194.13157304128 191.237250963847 190.44703245163 190.710743268331 193.035503228505 194.819609324137 196.661114692688 197.015166282654 200.024406115214 212.584614753723 226.728598276774
70.1548010110855 77.5174796581268 77.4523665507634 42.3855185508728 35.097137093544 60.5866213639577 76.0002682606379 95.2469905217489 108.943790197372 126.264601945877 136.49903734525 143.645783265432 143.572966257731 155.919214089712 173.302292823792 187.344352404277 200.86149374644 207.842350006104 207.752962907155 197.518249352773 180.225054423014 189.791957537333 201.487143834432 215.383768081665 227.522949377696 241.104702154795 244.790653387705 248.786469300588 244.178195794423 242.207725842794 234.099229176839 226.789653301239 216.847956180573 206.463972727458 201.202174027761 196.117242177327 194.691300392151 191.406488418579 190.14976421992 193.597873051961 197.842399279277 198.975284894307 198.51275285085 201.193253199259 202.221989631653 217.094818751017
75.9912729263306 78.9645115534465 89.6731416384379 80.3539752960205 67.6422119140625 78.5835186640422 81.5436194340388 94.4831073284149 108.244389295578 125.292321046193 136.316378911336 129.96498743693 128.5293896993 131.77032272021 148.057540257772 164.794385433197 179.730474948883 185.931424299876 194.505055745443 201.045473416646 194.389363129934 183.474163214366 182.439625263214 195.054252942403 206.614434719086 214.126269022624 226.411859194438 227.46737798055 227.586388587952 239.045520623525 234.106183052063 226.667463779449 217.33299891154 209.600408871969 204.965949058533 199.160695075989 195.029596487681 186.034162839254 183.90017747879 192.184646924337 199.083248774211 201.449751853943 203.525046507517 202.594002087911 198.588748772939 209.396024545034
