input/barkrak2/radiation/dir20124.grid
NCOLS 85 
NROWS 70 
XLLCORNER 665100 
YLLCORNER 4664600 
CELLSIZE 20 
NODATA_value -9999 
[rows 40 to 59 of 70, columns 0 to 45 of 85]
325.607717037201 326.443612575531 326.393127441406 328.213413556417 332.990805308024 336.153427759806 338.604847590129 340.964198112488 341.092348098755 333.887974421183 323.529918988546 319.988350073497 317.575355370839 315.003275871277 314.364393552144 311.391890048981 311.744491259257 309.201757113139 304.279446601868 302.509367465973 305.041412512461 308.254837989807 307.999869187673 304.193397363027 300.337791442871 299.750844637553 305.438955624898 305.594285329183 304.062406222026 303.634524345398 302.756786346436 299.032092094421 276.646614074707 273.483534653982 295.652230580648 295.973300933838 286.440094312032 285.323202610016 286.184092362722 276.436527570089 286.129911740621 322.789569695791 334.912816683451 285.358488559723 224.57887729009 183.579444885254
330.401162306468 328.648666540782 328.814605871836 329.417586326599 327.35284169515 325.920780499776 325.685143470764 326.336582501729 328.258673350016 322.551528612773 317.563752333323 317.907452583313 319.364905357361 318.595210711161 317.821085453033 313.968539237976 309.566775957743 313.618759314219 313.143372535706 309.743364651998 310.521125793457 310.412764549255 308.816174666087 310.872932275136 309.022645155589 304.584761460622 306.891063849131 307.41822719574 306.562999884288 306.413928667704 305.213292439779 299.948891003927 283.022522926331 285.008231798808 296.318252881368 286.876142024994 272.34548330307 271.440664927165 278.024832407633 283.845484256744 300.608595212301 313.444256782532 322.692553202311 314.265251159668 267.808000246684 219.998776912689
332.151194413503 330.529272556305 332.459489504496 331.846674283346 327.467342217763 325.891693433126 324.39402739207 323.297778765361 322.844545046488 319.852570692698 318.891882896423 317.965666453044 319.729010264079 321.293413639069 320.077776908875 317.070424556732 313.952008883158 318.194071451823 318.752229213715 312.990446885427 312.147359053294 310.237288475037 306.721528371175 307.301143805186 309.649666150411 306.412597497304 301.129659016927 303.174396355947 305.078407128652 304.59076166153 303.468286991119 296.613415082296 289.34633731842 293.537894884745 293.349842230479 275.851190090179 260.407070318858 265.524387359619 279.566725095113 292.29466120402 300.996720790863 299.52214161555 294.060389200846 294.18557882309 274.59442615509 223.75351190567
323.621471722921 325.55361588796 330.346365769704 328.58552535375 329.193234443665 330.377797285716 330.626606941223 327.999114990234 321.897387504578 320.276697476705 322.632590929667 318.379342556 318.989018599192 320.741713047028 320.248345534007 318.831602732341 318.7016248703 319.248040517171 320.120970408122 315.715432167053 311.086535453796 308.260560035706 305.547436078389 304.478704929352 305.634379386902 307.238797346751 300.865769386292 301.471451918284 301.954368750254 301.990230878194 298.802475134532 292.558073997498 293.092469374339 295.568207899729 283.735871315002 261.169532934825 256.28532965978 269.872506459554 288.45473130544 293.040633201599 292.533755302429 288.303593794505 280.205408732096 274.792313575745 263.255635897319 230.144500732422
323.3562707901 326.813320318858 328.436573346456 328.338364760081 329.028189182281 329.83805735906 330.233673254649 327.509045600891 325.376868247986 322.516818841298 322.840889294942 321.533640225728 318.448543548584 317.979017893473 316.894590854645 316.141347090403 314.127663771311 318.116982777913 318.361500898997 315.866669019063 312.052845954895 309.672554334005 308.288037776947 306.239664554596 303.358614444733 306.964198748271 308.038592338562 304.987847805023 303.036411603292 300.186634063721 293.844799200694 288.668592770894 287.889420986176 284.424205621084 273.280362288157 258.330702781677 260.169148445129 276.149113972982 290.910998980204 287.990570068359 288.554191589355 281.061768531799 269.292712211609 262.067834536235 257.357001304626 243.016600608826
327.089726924896 329.768757025401 327.938656012217 329.036712646484 328.144450982412 327.7894059817 328.731377919515 327.531854311625 327.969928582509 325.706422328949 324.471890926361 324.274798234304 320.535182952881 317.835172017415 317.515214284261 319.224298000336 314.305404822032 315.657675266266 318.320492903392 316.472808519999 312.141478061676 310.764253139496 309.159497419993 308.936536312103 306.846042474111 305.811762809753 307.603637377421 305.147707462311 303.615887959798 300.252020359039 292.540907859802 287.971615791321 286.255419254303 277.729988098145 264.557758967082 251.181165377299 257.197817166646 275.070091088613 282.211025555929 274.661501248678 279.808243115743 271.91416422526 260.798255602519 262.780030568441 269.625981648763 256.549338499705
327.052970727285 327.962517738342 328.770955403646 329.629460970561 329.295953114827 328.256189823151 329.385280609131 330.434103806814 328.130940596263 327.778458595276 327.452222506205 326.229612032572 324.234326680501 321.456948916117 321.47337992986 322.98751672109 320.307314395905 315.546294053396 317.533612251282 315.952897071838 313.125570615133 312.636375427246 309.511383374532 304.062743981679 310.639758904775 305.60435851415 303.594907124837 303.527732690175 300.065318743388 297.336101531982 294.106364250183 290.323774019877 284.661988417308 274.800181388855 262.754321098328 252.695361773173 259.96188322703 272.871216138204 271.419962247213 272.629062334696 278.62548828125 267.77446269989 264.509956041972 271.921992301941 278.980036576589 266.673505306244
323.415279388428 324.979205926259 326.998174190521 327.623089154561 329.392492771149 329.926013946533 328.953683376312 328.579147656759 328.796108563741 330.057899157206 328.644434611003 325.811584790548 325.116435686747 324.339111646016 321.952720483144 320.524414380391 320.303539435069 312.446276346842 313.758969306946 315.65115849177 310.96092859904 308.609048525492 311.191817124685 302.893439928691 304.832677046458 302.147805690765 297.721604506175 297.391255696615 297.703007857005 294.725318749746 293.504138787587 289.823889732361 281.53403600057 280.016680558523 274.724364280701 263.854602972666 265.490392843882 271.285732587179 273.544629414876 281.011482079824 277.395526568095 269.708216190338 272.473851839701 274.117151896159 272.835572560628 262.377599875132
318.995257218679 320.447603861491 323.982914288839 325.273295243581 328.89711856842 330.641468365987 328.170994917552 327.323536078135 330.040574073792 331.518292427063 329.735696315765 326.866587003072 326.225241025289 325.869758923848 322.088758150737 319.352686405182 316.574354966482 311.039090156555 313.112060228984 313.704291979472 312.139828999837 310.734371344248 308.969120184581 304.828743139903 300.382713476817 300.46812693278 296.868105729421 298.251370588938 300.774037837982 300.602793693542 300.874670346578 298.221548398336 289.48191801707 289.367238680522 284.424344698588 270.145853360494 270.225326220195 275.578022003174 278.864860534668 280.442357063293 270.532965660095 266.812006632487 266.090869903564 261.118551095327 258.595784505208 258.080263932546
318.320433298747 316.00813070933 319.239020347595 323.61622651418 326.939900716146 328.490257263184 329.726119836171 330.86230357488 331.880768140157 329.457223415375 330.628971258799 329.979141553243 327.308615048726 324.877580006917 322.869420051575 317.896942297618 317.150334517161 311.573505401611 311.165710290273 314.294139544169 314.348220825195 311.056355635325 305.830061435699 304.384013017019 298.779706160227 303.423623243968 303.016821543376 301.387886206309 304.466724395752 309.101581573486 310.326675573985 306.139369805654 297.669410705566 297.206779321035 289.050857226054 275.094787279765 269.875725110372 276.464263598124 279.704252878825 270.051419734955 259.091416994731 262.178957462311 261.596004168193 256.158192952474 255.293925603231 258.630077044169
318.537135918935 319.966952006022 321.96839650472 326.210935910543 325.930694739024 326.07767979304 330.496748288472 332.633058230082 332.661469777425 331.934809684753 331.104218959808 330.234944820404 327.383836110433 323.946257432302 322.946031888326 323.909024397532 316.605130831401 311.193267504374 311.069389184316 315.076152483622 313.083171844482 308.514694372813 305.118560791016 303.026139736176 299.481769402822 303.235153357188 304.716467857361 304.380695025126 306.585748990377 309.88089243571 311.780611673991 307.592988014221 299.080967903137 295.474469661713 284.652392069499 272.83505598704 270.320852597555 275.060395399729 273.163159688314 258.997539679209 255.617201328278 266.642073790232 265.657802422841 257.733742396037 256.906350453695 252.240737279256
318.60872109731 325.343728065491 325.949788093567 327.560524145762 326.422115166982 325.378219286601 329.825282096863 332.010169823964 331.228772799174 332.088311513265 331.048170725505 329.811851183573 326.460878054301 323.866327603658 320.345401763916 325.076580047607 316.968381404877 310.311277707418 308.003783226013 308.764656384786 308.977325757345 307.072520256042 304.670135180155 301.197369893392 298.686603705088 299.224217732747 299.404144287109 299.245993296305 299.984812736511 303.33815018336 307.619253794352 305.812617142995 294.88738377889 282.788554827372 256.951193014781 245.277086893717 257.110317548116 267.935156822205 267.681320508321 267.262657483419 273.445288340251 274.583697319031 258.442461490631 251.407305399577 258.820255597432 246.857146422068
319.922546545664 319.180329640706 318.496028582255 320.875843365987 324.202219645182 327.254970868429 325.886686642965 328.573107719421 328.551292419434 330.178101857503 328.520774841309 329.643785953522 328.524172306061 323.281705379486 321.10059261322 317.0086145401 315.119902292887 308.362384637197 301.926334698995 304.024537404378 303.257822990417 303.200622399648 302.604198455811 297.699809074402 297.533730665843 294.857343037923 292.9980357488 293.04834206899 292.30264822642 292.875826358795 296.358366807302 298.84264866511 276.903947194417 250.842829545339 223.286390304565 212.244967619578 225.834687550863 251.688659191132 269.665678342183 267.601589361827 268.261969089508 262.029945850372 247.404535611471 249.684472878774 254.903634389242 232.426365216573
322.9065934817 316.443343957265 313.770254453023 316.698928674062 323.500037193298 327.708979447683 327.329536279043 327.402114868164 326.826254526774 325.742284456889 327.46563355128 325.338741143544 326.664169629415 322.858691215515 319.212337334951 315.466781457265 315.663536389669 307.771424452464 303.791324297587 304.692169030507 303.508539994558 300.361434618632 300.743579864502 297.026038169861 295.575360457102 291.543920834859 290.5513048172 290.24072488149 288.631816705068 285.279234250387 278.983235359192 273.187319437663 251.219868659973 226.742227872213 216.633856296539 209.743062655131 201.867242654165 212.384104728699 229.469458262126 250.688354174296 258.577883243561 248.990495999654 243.967592716217 245.205581188202 237.612128257751 218.201537926992
323.307573795319 319.672524929047 315.512438615163 317.274848620097 323.978900909424 328.215658664703 328.00567150116 325.215717156728 327.772498130798 323.104659716288 325.412313143412 322.287122408549 323.676526546478 323.036472002665 317.421535650889 316.113948822021 317.311803499858 310.829281806946 306.204835573832 307.206193606059 306.96427822113 303.330957889557 300.669471422831 298.755745093028 297.509094079336 294.031202793121 291.948278745015 289.565443992615 286.170919736226 279.334863026937 270.110706488291 264.448920885722 243.534763654073 231.244623661041 234.439889589945 235.878348350525 226.004064083099 215.276042620341 206.303775310516 215.758184591929 233.835260073344 228.593130906423 221.39577070872 213.716308275859 210.212747255961 208.125392595927
325.24581750234 323.569715023041 319.073299566905 315.445204575857 317.723115285238 324.869672457377 327.035268147786 322.737018267314 322.21774260203 323.305447896322 325.24961233139 324.718058109283 324.584682782491 323.583980401357 319.46188211441 317.743142445882 319.167931874593 314.613699913025 309.630115826925 307.962636152903 306.381424268087 304.276744524638 303.45477660497 303.170621395111 299.429694811503 297.287821769714 292.814989884694 286.354164282481 280.310372511546 276.413957277934 272.370139757792 269.825418790181 251.42111380895 246.31788333257 250.850280125936 257.546166578929 265.847027301788 259.778221448263 243.282636006673 212.667246659597 211.803555488586 216.583212216695 214.105208714803 210.463583469391 215.56415160497 223.61828883489
326.829850673676 324.951708316803 322.448452313741 316.75910949707 314.587235450745 319.092710812887 322.211543718974 322.75386651357 318.865398565928 320.92555363973 324.612518151601 325.913965702057 322.83216714859 322.465856870015 319.891452789307 317.17453400294 317.732930183411 313.345909118652 309.233943621318 307.917694250743 308.473388353984 304.449816544851 303.191622098287 301.568945248922 299.51544602712 296.243707338969 281.701028347015 262.648284435272 258.106768131256 263.382057348887 273.71084690094 267.953137556712 252.487619717916 246.919174989065 254.989186922709 266.254802544912 281.57897790273 289.037605126699 279.265304406484 245.321790377299 217.819710572561 222.891350587209 232.064763704936 242.019891738892 251.333355903625 256.275296211243
324.824213981628 322.637657324473 322.667320569356 319.856802622477 311.190247535706 314.192871252696 320.50883769989 320.452690124512 316.782196362813 318.398316701253 323.269625504812 325.540860493978 321.889360745748 321.163773536682 320.971369743347 314.656515916189 314.116736253103 313.024302323659 309.712787469228 309.598326683044 308.972636858622 307.42476383845 303.683698177338 298.750519752502 300.131102403005 299.154877662659 282.533864180247 264.005859692891 265.046060085297 268.093367417653 275.337696075439 267.105102539062 259.51478878657 260.759154955546 274.862547715505 278.001030286153 283.974905808767 263.867159684499 237.076163291931 230.140705903371 239.802002906799 250.533004601796 245.618681112925 238.027771313985 238.269329071045 249.897519747416
316.987931728363 320.644418398539 318.455119927724 317.043344179789 311.335663000743 309.041718641917 318.209369977315 322.042087713877 317.704737186432 316.584169864655 320.936739444733 323.11483224233 321.01567586263 316.905438899994 318.484048048655 315.220236778259 311.259229977926 310.445149739583 308.800419171651 311.247090498606 311.122000217438 308.051307996114 306.347588698069 301.552673180898 300.479531288147 303.456683953603 296.29522562027 292.777756849925 288.994093736013 285.53299109141 285.603801409404 275.155444939931 270.905594031016 271.116356054942 267.794986565908 254.601756731669 235.310753186544 197.861929734548 179.419835408529 216.021140416463 253.566344579061 257.372260093689 238.154749075572 231.707155704498 241.35567744573 254.605094591777
307.074129581451 315.56224822998 315.371414025625 313.473502794902 312.580545743306 308.550635973612 313.168048858643 319.694717725118 321.877221266429 316.843887170156 318.65664323171 319.977720578512 321.100652217865 317.640423774719 316.136419773102 315.786639849345 310.907085736593 308.133244514465 305.273652076721 305.914044380188 306.841591993968 305.602769056956 302.150030930837 302.477836608887 300.250430901845 304.334322611491 308.040658632914 310.331304868062 296.719590822856 294.357399145762 285.997331142426 270.429770151774 267.41087436676 252.555727958679 225.806335608164 195.196270942688 183.455944061279 173.429926236471 166.856825351715 189.503232638041 215.643425782522 237.448811531067 239.626129468282 253.242274125417 283.003767331441 291.503528753916
