input/barkrak2/radiation/dir20524.grid
NCOLS 85 
NROWS 70 
XLLCORNER 665100 
YLLCORNER 4664600 
CELLSIZE 20 
NODATA_value -9999 
[rows 0 to 19 of 70, columns 0 to 45 of 85]
337.420980135600018 341.788450876872 343.298395474752 342.026034990946 338.301102320353 333.026766777039 325.483043988546 319.220542907715 323.744734128316 322.947402795156 320.054491360982 327.212810516357 332.274715105693 332.234899202983 334.259072939555 339.997967084249 339.850664138794 330.212334791819 325.873255729675 313.33315372467 293.419579664866 290.844241778056 309.015810489655 316.647052764893 313.86395295461 313.336650530497 312.248965104421 301.906744639079 283.768117427826 277.52161026001 275.35359064738 282.558759053548 295.993745326996 301.51504278183 306.76672856013 298.48325252533 296.390851338704 305.913170178731 304.043332735697 303.246279557546 294.476866722107 277.948021888733 287.726143995921 308.148483435313 312.835117181142 305.298388004303
329.036394755046 336.114923159281 335.225741068522 337.241212526957 337.013363838196 334.677656491597 326.067984104156 317.131360371908 320.550858974457 322.149972120921 317.184885342916 322.520951430003 329.571604728699 330.739756425222 330.527504285177 333.865563074748 333.020567893982 329.786042372386 327.594498793284 320.195575555166 306.788384914398 301.600933074951 308.325231075287 313.894947369893 312.991082668304 310.961286226908 308.763603369395 301.940242449443 287.181854248047 277.608931064606 278.991182645162 290.696660677592 293.108900388082 294.309496879578 305.812398592631 297.446310520172 292.220691839854 293.245891729991 290.291567643483 302.538673082987 300.339341163635 289.673586686452 295.502603054047 312.159816424052 317.38269329071 309.021433194478
302.159786224365 306.823352972666 310.600638389587 317.257364590963 322.401881217957 326.86573266983 329.027235507965 327.697177728017 326.081494490306 323.261260986328 315.689086914062 316.581467787425 324.810703595479 327.33694712321 323.762536048889 327.328264713287 331.779360771179 334.112326304118 331.870555877686 326.97069644928 324.630220731099 318.005283673604 311.498641967773 311.061004797618 312.633633613586 313.159783681234 308.2075715065 300.504048665365 289.001981417338 278.173089027405 277.364770571391 291.626254717509 281.532923380534 287.677983442942 301.456292470296 295.853038628896 282.664775848389 277.048309644063 287.341157595317 303.237537542979 303.942720095317 303.397377332052 303.935686747233 316.262940565745 325.697898864746 315.202136834462
285.551190376282 281.076431274414 283.261676629384 287.991007169088 293.831030527751 298.721790313721 303.443809350332 312.278687953949 321.672280629476 327.122886975606 325.691978136698 325.502912203471 327.073852221171 327.27442185084 324.242949485779 319.978515307109 322.670420010885 326.32843653361 329.579869906108 330.129722754161 327.599902947744 324.438850084941 324.65527455012 319.597522417704 317.437072594961 318.852325280507 314.009229342143 305.901249249776 297.616640726725 289.27618265152 281.19828303655 291.301846504211 281.552910804749 287.571946779887 293.699423472087 294.949491818746 289.232571919759 287.074784437815 302.152991294861 313.005407651265 308.689494927724 302.022457122803 297.656118869781 306.447923183441 318.040112654368 317.679504553477
299.652059872945 282.706320285797 270.283063252767 262.725194295247 267.502248287201 281.206727027893 296.712756156921 303.004066149394 309.718986352285 314.149339993795 324.127038319906 331.698735555013 334.862987200419 334.584951400757 332.970102628072 330.280741055806 328.057706356049 323.164939880371 324.865241845449 329.223275184631 328.081885973612 327.269275983175 331.297020117442 326.463341712952 322.786331176758 322.657903035482 317.681590716044 309.980968634288 302.07093556722 296.996633211772 296.583930651347 298.460165659587 291.934549808502 293.919205665588 291.763106981913 295.143862565358 304.462313652039 308.750748634338 315.720617771149 319.381237030029 317.484855651855 310.031036535899 303.66716782252 300.895313421885 305.86709578832 321.560819943746
324.950814247131 307.259301344554 286.291480064392 267.674644788106 260.368963082631 268.389602502187 289.35565551122 301.837066809336 304.410020510356 304.62121963501 310.564200083415 318.92595688502 324.277659257253 327.62356599172 330.905795097351 331.66758219401 328.763286272685 322.681625684102 322.373827298482 325.971484184265 325.856109460195 329.096794128418 335.382183392843 332.142313321431 328.148424625397 327.5359471639 321.775158246358 314.087390899658 304.500301678975 298.642098903656 300.181011358897 298.921426137288 302.277306715647 308.33778778712 302.984019120534 300.136307875315 307.425498962402 313.75922759374 315.899531046549 316.225051879883 316.689133644104 313.112954298655 310.726900895437 310.37175655365 308.062136173248 309.61803595225
335.145711898804 323.979755242666 311.063865820567 296.5380748113 278.935333093007 268.138031164805 274.767716725667 297.884345054626 306.132058302561 311.52731180191 310.664753119151 306.206742922465 303.328633308411 300.811012585958 302.498757839203 311.546683311462 318.037410577138 325.067480405172 329.315404097239 331.10370238622 328.148523966471 324.884514013926 331.36643966039 333.177189032237 331.653555234273 332.362174987793 329.539398352305 322.854300340017 313.666145006816 308.062771956126 305.640121301015 307.757635911306 319.340109825134 324.546376864115 321.450650691986 315.022687117259 313.295205434163 316.116551558177 318.192541599274 322.89053996404 321.694890658061 317.845145861308 314.789613087972 309.994916121165 295.82405090332 289.368212223053
333.450396855672 331.674158573151 328.302979469299 320.756395657857 306.668241818746 284.113566080729 264.596660931905 265.999774138133 293.480714162191 311.075727144877 315.648396809896 312.838514645894 307.13419119517 300.931513309479 291.065315405528 293.680608272552 302.615523338318 313.050369421641 325.571278731028 332.333048184713 332.826991875966 328.301151593526 329.299767812093 331.96755250295 331.894516944885 333.958824475606 332.859834035238 329.248329003652 323.578635851542 321.088314056396 320.048073927561 320.913751920064 329.155166943868 331.865827242533 331.204831600189 326.970219612122 322.16735680898 317.93200969696 312.180161476135 315.930624802907 322.966575622559 327.218731244405 328.049540519714 320.775667826335 305.68265914917 291.823287804921
330.139259497325 330.793102582296 330.358564853668 327.731072902679 321.545859177907 309.33799346288 288.005928198497 264.429608980815 274.532318115234 293.884058793386 307.249426841736 312.309741973877 312.711616357168 311.258733272552 304.992477099101 300.352891286214 298.459490140279 300.639192263285 310.518582661947 321.261604626973 329.072693983714 331.606805324554 331.089556217194 328.560789426168 329.269210497538 332.147876421611 333.15912882487 331.854244073232 329.531073570251 331.368406613668 332.694431145986 331.431011358897 333.380778630575 334.556102752686 332.27946360906 330.356160799662 327.143450578054 319.605310757955 306.505680084229 309.049566586812 324.084242184957 329.931934674581 328.210393587748 323.802093664805 314.236601193746 305.494586626689
317.75172551473 322.870055834452 325.316429138184 325.422922770182 323.760469754537 323.6390153567 315.926591555278 304.025173187256 278.651932875315 271.678646405538 283.297697703044 301.976720492045 315.312663714091 320.389012495677 322.180529435476 317.461589972178 308.869322141012 304.624179999034 304.178615411123 306.55425786972 312.375505765279 316.407322883606 319.961667060852 321.748356024424 324.893156687419 327.230870723724 328.9568622907 328.000644842784 327.691237131755 330.857793490092 331.837236881256 331.527451674143 334.612727165222 336.783687273661 335.424542427063 331.476847330729 329.732040564219 325.337131818136 309.222161769867 307.104547818502 321.271220842997 324.025730292002 322.654843330383 319.437722365061 311.089257399241 302.443385124207
284.092545509338 294.402539730072 302.893996238708 309.327125549316 315.003017584483 319.68746582667 321.971297264099 320.457339286804 303.096354007721 283.704817295074 272.153695424398 277.587036291758 298.843642075857 315.19893805186 323.182145754496 317.813714345296 313.582638899485 309.931695461273 303.62472931544 299.793561299642 300.035099188487 299.794832865397 301.002224286397 309.253811836243 316.101551055908 320.366740226746 322.026054064433 321.62868976593 324.141303698222 327.016890048981 328.388849894206 329.927504062653 334.507743517558 336.20814482371 334.869146347046 332.176089286804 331.970433394114 332.436601320903 322.625537713369 313.756724198659 318.902492523193 322.729488213857 324.143449465434 323.453525702159 315.747638543447 308.138370513916
250.444869200389 255.066494146983 262.385924657186 272.747139135997 284.871836503347 297.383666038513 310.358842213949 314.454178015391 315.342585245768 306.779662768046 287.891666094462 271.632830301921 273.648420969645 291.387557983398 309.886972109477 310.897469520569 315.798183282216 314.532061417898 308.623154958089 300.439774990082 295.569797356923 293.179929256439 293.267786502838 300.024151802063 304.819047451019 308.043122291565 309.723059336344 312.529524167379 316.760698954264 319.613575935364 322.270075480143 326.105395952861 329.408685366313 330.737014611562 329.719642798106 329.334994157155 332.648972670237 335.564176241557 333.166182041168 326.789319515228 325.809856255849 328.726728757222 330.880602200826 330.255309740702 324.186007181803 321.832458178202
239.811380704244 235.909899075826 233.83375008901 233.863254388173 240.953365961711 255.740125974019 276.992420355479 293.244739373525 313.619037469228 316.324273745219 309.041122595469 292.436162630717 269.89072561264 267.934918403625 286.079446474711 305.597464243571 315.854132175446 317.327817281087 314.574619134267 309.095501899719 302.057683467865 301.208396752675 300.875981648763 301.580786705017 301.312863826752 299.612005551656 302.773594856262 308.904866377513 311.182657877604 312.149902184804 315.469483534495 319.324652353923 321.06610139211 321.260710557302 322.100857893626 324.887275695801 331.379612286886 335.596164067586 334.606687227885 335.000197092692 334.103584289551 333.798329035441 333.196600278219 332.209746042887 326.755464076996 324.141224225362
235.324144363403 209.990382194519 193.376898765564 188.054621219635 185.465196768443 191.45937760671 210.722029209137 242.9145971934 276.401042938232 302.433391412099 313.770572344462 314.150869846344 302.411337693532 282.273729642232 280.08766969045 299.167891343435 311.096628506978 318.845053513845 322.487890720367 320.60045003891 313.863317171733 310.726682345072 308.506369590759 308.411002159119 307.612677415212 305.6627313296 308.318078517914 314.003109931946 313.01603714625 308.406631151835 312.410136063894 316.076954205831 317.559440930684 317.889789740245 318.934341271718 323.307732741038 327.278971672058 329.907834529877 329.81926202774 330.180168151855 331.538458665212 333.284417788188 334.036072095235 333.374500274658 328.458368778229 325.295289357503
219.598333040873 184.306899706523 161.903321743011 157.670021057129 157.334705193837 162.271161874135 170.965711275736 195.119897524516 221.809069315592 267.155806223551 309.150060017904 325.440088907878 327.65519618988 317.451695601145 299.317399660746 295.962274074554 299.179335435232 310.340364774068 321.029464403788 324.790517489115 324.006179968516 320.545772711436 319.290637969971 316.658655802409 313.657244046529 312.185029188792 314.616243044535 315.993348757426 311.017731825511 308.54324499766 312.207480271657 314.679781595866 314.924935499827 315.085629622142 317.554116249084 319.164951642354 320.517738660177 319.867571194967 320.784151554108 320.830722649892 324.107706546783 327.276031176249 330.010573069255 329.999327659607 326.799035072327 325.348218282064
185.966869195302 159.927864869436 141.650358835856 138.568242390951 154.531051715215 176.634927590688 175.889571507772 183.367331822713 204.185605049133 232.408503691355 278.93728017807 322.809894879659 333.584785461426 332.359910011292 322.260022163391 301.645755767822 293.405373891195 295.42617003123 307.065526644389 322.980523109436 327.930549780528 324.869354565938 325.803697109222 322.576522827148 317.333916823069 318.061729272207 320.018668969472 317.341427008311 312.076985836029 314.518729845683 316.485941410065 316.08921289444 313.406427701314 312.771379947662 313.270568847656 311.867396036784 310.686389605204 307.875355084737 308.601478735606 309.862713019053 313.255409399668 317.009766896566 317.745010058085 318.069100379944 321.913917859395 324.36732451121
164.087345202764 154.009183247884 139.24111922582 130.503594875336 135.476619005203 158.012757698695 179.031332333883 184.771696726481 198.690474033356 212.67823378245 235.633651415507 285.781741142273 327.277660369873 331.816832224528 329.213341077169 323.451260725657 316.375255584717 305.654525756836 298.219422499339 305.5539727211 321.099758148193 326.837380727132 328.744928042094 326.113899548848 321.874459584554 322.827219963074 325.999359289805 322.382032871246 319.107890129089 323.015332221985 323.489824930827 316.701054573059 312.178611755371 309.985220432281 306.744992733002 305.924455324809 301.953415075938 301.065762837728 301.417569319407 303.814033667247 304.902712504069 307.079633076986 309.029360612233 310.83748737971 319.315791130066 323.675632476807
155.656516551971 158.268709977468 154.508034388224 141.943027575811 126.597364743551 137.892067432404 168.518284956614 187.070429325104 206.187466780345 216.81402126948 223.476966222127 252.378980318705 293.147842089335 326.164722442627 331.504086653392 333.016812801361 331.864476203918 324.920972188314 312.046527862549 300.112764040629 307.230412960052 324.064691861471 325.871666272481 325.032512346904 325.312972068787 329.072217146556 331.627090771993 329.316039880117 326.842248439789 328.326960404714 325.086851914724 318.18034251531 314.117213090261 309.142688910166 304.979741573334 302.959064642588 301.369031270345 301.647384961446 300.625681877136 302.143792311351 304.162661234538 305.468082427979 304.475565751394 307.533701260885 315.112173557281 321.536163489024
164.129813512166 174.959977467855 181.238373120626 170.043607552846 149.176021416982 151.234517494837 171.015520890554 192.119598388672 211.525022983551 230.829993883769 239.852547645569 245.90148528417 272.377332051595 295.314470926921 324.129223823547 331.011811892192 331.816832224528 330.976704756419 328.559716542562 317.851960659027 304.398437341054 312.939604123433 318.176110585531 323.201616605123 328.628182411194 332.830488681793 333.917061487834 332.916418711344 328.665693600972 327.866713205973 323.575437068939 319.013218084971 314.684430758158 310.460368792216 307.892044385274 304.088910420736 303.772489229838 301.843007405599 301.238338152568 302.671174208323 305.836796760559 307.001809279124 306.647618611654 307.884891827901 309.208611647288 317.123194535573
176.105598608653 181.614915529887 194.258073965708 205.068151156108 192.182580629985 170.958121617635 171.118021011353 182.261029879252 199.008703231812 225.88837146759 237.666487693787 240.705370903015 249.626755714417 267.184297243754 283.05971622467 310.866395632426 325.514733791351 326.742430528005 327.621301015218 327.213724454244 322.356283664703 313.449382781982 313.149015108744 319.252550601959 326.070268948873 331.264774004618 334.619124730428 332.494835058848 326.671560605367 326.071679592133 322.14085261027 316.659231980642 312.57305542628 310.826043287913 309.320330619812 306.419253349304 304.456651210785 298.714220523834 296.537717183431 303.147852420807 307.99013376236 308.263460795085 310.127635796865 310.046871503194 306.96306626002 313.915471235911
