input/barkrak2/radiation/dir27324.grid
NCOLS 85 
NROWS 70 
XLLCORNER 665100 
YLLCORNER 4664600 
CELLSIZE 20 
NODATA_value -9999 
[rows 42 to 62 of 70, columns 0 to 45 of 85]
173.426270484924 170.731981595357 172.471741835276 171.118438243866 164.574722448985 160.127937793732 157.148440678914 152.262190977732 152.466326951981 148.696978886922 146.88844482104 144.648730754852 149.237473805745 152.2549589475 152.198284864426 147.940397262573 145.274003346761 150.298724571864 151.860694090525 145.387142896652 142.165501912435 140.367905298869 138.115167617798 139.533181985219 143.96212498347 141.706128915151 138.118853171666 144.571642080943 151.340534289678 154.307544231415 156.939685344696 156.434426705043 166.04604323705 189.092377821604 196.295301119486 169.928888479869 155.416438976924 153.287122646968 158.885896205902 169.653356075287 179.037392139435 181.760350863139 167.963941891988 137.124319871267 76.873371998469 23.2851753632228
157.244920730591 159.976005554199 167.830467224121 165.560116370519 168.529629707336 169.883946577708 168.608585993449 163.766443729401 151.553173859914 150.485624869665 152.736802895864 148.43961596489 147.778828938802 152.701278527578 152.477870384852 148.557931184769 150.422950585683 151.943236589432 151.70015891393 146.895070870717 140.51079750061 137.762119372686 136.359930038452 135.047992070516 137.730409701665 141.557474931081 137.469669183095 140.102048714956 145.579119523366 149.284094572067 147.906959056854 146.257897218068 158.593595027924 175.724963347117 173.68612686793 158.076574405034 152.872562408447 162.278840939204 168.885370095571 170.709609985352 165.534863869349 159.400830666224 152.742117643356 125.684559345245 80.6631495555242 24.3824968735377
155.008951822917 160.622755686442 163.07121515274 164.554407199224 166.46017630895 168.159087498983 168.517867724101 164.821306864421 158.609926700592 153.781493504842 154.467741648356 151.754885911942 146.825095017751 146.204739809036 145.19069592158 144.331077734629 141.015162070592 147.741317749023 150.63551068306 147.195100784302 142.095039288203 139.958173036575 140.128662188848 139.890780051549 136.636048555374 145.733038584391 148.615250984828 147.3082502683 146.898001432419 145.561933517456 141.998320817947 140.047421058019 147.442052761714 151.199162006378 152.077813943227 151.4506538709 156.206319729487 169.976989428202 176.017244656881 167.196889718374 164.64098294576 154.691517353058 149.068693319956 129.038194815318 94.5760409037272 49.364298582077
160.759101311366 165.810078382492 162.327319383621 166.353464126587 165.07625579834 164.153198401133 165.983021259308 163.456281026204 164.521475632985 159.567733605703 157.17609723409 156.433880329132 150.339206059774 146.190275748571 144.205172856649 147.186895211538 141.177147626877 143.823484579722 148.775070905685 148.189733425776 144.679596026738 143.749346335729 143.479446570079 143.858929475149 144.403040409088 143.786589304606 150.710960229238 148.980478445689 148.386587699254 147.021452585856 143.497387568156 139.359345038732 142.329563697179 137.394666671753 135.941048463186 136.304666598638 145.173360904058 159.971922636032 161.522914965947 147.807647784551 151.256501674652 144.907057285309 142.05147822698 139.503220717112 122.970223426819 82.4030786752701
160.035351912181 162.189722061157 164.451837539673 167.128602663676 167.234659194946 165.778160095215 167.871455351512 168.74090830485 165.138691663742 163.338710864385 160.643875598907 158.412615458171 154.883086681366 150.495817263921 150.143563747406 153.049995501836 150.606016318003 143.613894780477 149.737417697906 148.057570060094 146.205137173335 146.508504947027 144.730756680171 140.46236872673 150.32622218132 143.44980319341 144.5565422376 146.819889545441 148.193061351776 147.702485322952 147.067387898763 143.21560660998 141.572634379069 140.097637971242 137.728979190191 136.594553788503 140.203585227331 149.386008580526 151.229619979858 150.073945522308 148.510426282883 141.1994099617 145.739297072093 153.414070606232 145.648509263992 111.829479535421
154.822667439779 156.433602174123 162.812978029251 164.280573527018 168.348550796509 169.715364774068 166.402558485667 166.767040888468 165.630241235097 167.42205619812 162.810583909353 157.901604970296 156.623661518097 155.240039030711 152.823001146317 151.00571513176 148.871183395386 139.373888572057 146.188974380493 147.69035577774 143.642842769623 143.457541863124 147.249271472295 138.865311940511 142.385582129161 142.216155926387 138.81919781367 142.9070631663 145.77512939771 146.533519029617 148.585180441538 147.322863340378 141.107132037481 144.523491462072 152.591943740845 154.451419909795 150.098532438278 145.819216966629 151.657005151113 163.137992223104 152.633448441823 143.38281750679 150.823563337326 156.739215056101 150.412052869797 129.962186018626
146.84197306633 150.341371695201 155.774225791295 160.245637098948 166.051646073659 170.142690340678 166.187663873037 164.240092039108 166.419049104055 168.497939904531 165.633410215378 161.506036917369 158.218095699946 159.326493740082 155.253072579702 149.197518825531 147.473156452179 141.415327787399 145.186980565389 149.466782808304 147.913793722788 146.510899066925 147.598137458165 142.646869023641 139.989505211512 145.673175652822 141.527891159058 144.933382670085 152.948588132858 157.974084218343 162.719279527664 162.580251693726 153.438866138458 155.58514992396 164.006739854813 166.841248671214 165.211488803228 158.106724421183 155.170341332754 159.62478518486 149.768561124802 141.719659169515 139.204084873199 138.289004564285 136.291682720184 135.285407304764
146.537224451701 142.938246329625 148.346056540807 156.459152698517 162.672440210978 165.751039981842 169.004559516907 170.209109783173 170.852621396383 166.129380464554 168.680111567179 167.279640833537 163.552443186442 159.631540377935 156.652390956879 151.287416617076 150.038500626882 144.931813081106 147.895395755768 153.068651755651 154.095967610677 152.915289004644 149.061699708303 148.736586173375 146.110405524572 150.22137761116 150.815149148305 152.955710887909 157.640874385834 167.498449484507 175.633947054545 179.403901100159 170.460840066274 167.306701342265 165.759404500326 169.265826543172 171.93994919459 171.520670255025 159.604102373123 147.80189593633 138.706227143606 140.582690636317 138.982117176056 133.367796738942 129.51190272967 134.20761624972
148.371001084646 150.277485450109 153.386851151784 159.804215033849 161.34171684583 161.539743343989 168.945848941803 174.16783173879 172.92732000351 172.228852907817 170.69007953008 169.57418123881 165.898104508718 160.192807515462 160.604844490687 163.060247898102 154.052545626958 150.591393311818 153.432180484136 159.454802672068 160.218397776286 157.223463058472 153.438200553258 152.171154816945 147.040029366811 153.598815202713 157.418012619019 158.370653788249 163.529425859451 169.766902923584 178.861439228058 186.663707097371 178.773601849874 167.801082134247 157.115409771601 158.604433139165 167.049586772919 174.139142036438 163.238823413849 141.239941120148 133.299926916758 142.94629295667 146.383663018545 141.058226426442 135.292609532674 131.815612316132
147.47878909111 158.823708693186 160.197754700979 163.367529710134 161.421060562134 160.640160242716 167.328317960103 173.564990361532 172.286947568258 177.215238412221 174.059987068176 172.356327374776 170.047799746195 163.740217685699 161.305665969849 167.720317840576 161.615351835887 155.101935068766 152.344753344854 155.71869413058 156.353602806727 154.513041178385 152.655601501465 148.615469535192 146.009097496668 148.094018300374 152.934372425079 153.974711894989 156.454374392827 163.822909196218 172.246853510539 183.213810125987 179.110407829285 157.746334870656 123.613645633062 115.922510623932 136.551201343536 159.408301115036 169.195135434469 166.601240634918 161.195019880931 153.365472952525 136.676629384359 132.886310418447 142.086525758108 133.019347985586
150.872965653737 149.5354672273 148.63779147466 152.775317430496 159.601002931595 164.542963107427 163.845837116241 169.777115186056 169.709761937459 173.279285430908 173.145691553752 175.380726655324 174.06968275706 167.506257692973 164.372603098551 163.297474384308 164.374063412348 156.236191590627 150.433917840322 149.379620949427 148.872276147207 150.312582651774 150.990148385366 144.86296971639 146.241317192713 143.260429302851 144.933998584747 144.135107596715 144.262582063675 144.282976786296 148.4521428744 165.104518334071 162.091513474782 134.62895154953 97.8766977787018 78.0691057443619 86.177796125412 116.418808698654 152.531196673711 167.95959075292 169.734477996826 152.936319510142 130.664676427841 127.259393533071 136.127094427745 122.634122769038
156.479299068451 145.768940448761 142.051110665003 148.131469885508 160.023719072342 169.296125570933 167.511185010274 168.48752895991 171.279489994049 170.311510562897 173.479994138082 175.388852755229 176.598131656647 173.488895098368 168.021698792775 165.196766455968 166.999876499176 157.419711351395 152.267823616664 153.406361738841 152.774333953857 149.671157201131 147.847513357798 143.743326266607 143.255919218063 141.665746768316 141.381164391836 141.933103402456 140.685429175695 134.947756926219 125.779668490092 133.760392665863 133.994768063227 113.989681005478 97.845584154129 79.0795882542928 59.8530918359756 67.0472234487534 90.8976991971334 127.719829479853 151.568382978439 140.968898932139 129.888921976089 124.778936306636 116.706033547719 108.474254608154
158.170223236084 151.015361150106 147.392014662425 151.436428229014 162.270257870356 170.285979906718 173.722008864085 169.366300106049 173.042098681132 171.404043833415 174.392620722453 176.623642444611 177.554885546366 179.380933443705 172.194381554921 171.263118584951 171.165267626444 163.525104522705 158.312658468882 161.539713541667 161.52956088384 155.270944039027 152.523537476858 151.876231034597 148.165702819824 147.43784070015 143.51346095403 140.77748854955 136.597633361816 131.190518538157 119.815687338511 122.843990723292 125.872075557709 124.081273873647 123.165388902028 111.965507268906 83.8897029558818 66.9183184703191 60.8925571044286 76.0148763656616 111.992905537287 116.616169611613 105.283459027608 90.705931186676 88.4891549746196 97.2776015599569
162.434915701548 159.710983435313 154.245167970657 150.47421058019 157.820145289103 169.805328051249 172.722200552622 170.232355594635 172.021110852559 176.083286603292 181.531051794688 182.870844999949 180.663565794627 180.369019508362 175.796945889791 175.948162873586 176.050066947937 171.468198299408 165.423581997553 162.435402472814 160.20147005717 158.599138259888 159.628947575887 161.498645941416 156.76204363505 154.365956783295 146.073420842489 137.099554141363 129.801551500956 125.065883000692 123.015721638997 128.373871246974 132.122447093328 142.415920893351 150.08415778478 150.411864121755 139.786114295324 120.993673801422 103.281706571579 71.4306583007177 81.1422516902288 101.289331912994 101.008355617523 88.5890920956929 89.7510647773743 108.198155959447
165.787855784098 164.916783571243 162.045826514562 156.489421923955 155.810465415319 168.002148469289 171.605785687764 172.027150789897 170.390009880066 177.989621957143 187.115589777629 186.175604661306 181.10732237498 183.714906374613 183.155179023743 176.2655377388 178.255875905355 173.860828081767 168.841322263082 166.661481062571 165.248523155848 165.209869543711 162.070572376251 160.43750445048 156.044612328211 151.235103607178 129.049917062124 106.423238913218 102.394868930181 109.125932057699 121.488918860753 124.991406997045 130.4685374101 136.862417062124 149.638921022415 164.108375708262 168.715377648671 165.18626610438 166.176319122314 116.024742523829 86.3129099210103 104.310174783071 121.841867764791 124.837696552277 126.517325639725 141.415019830068
165.221184492111 162.292242050171 165.245672067006 164.896408716838 159.905115763346 164.67140118281 172.303954760234 172.853509585063 171.729783217112 177.429576714834 186.407446861267 185.698946317037 180.208543936412 182.080129782359 185.621480147044 175.344347953796 176.364421844482 175.146679083506 172.37913608551 173.098524411519 173.952539761861 173.837840557098 167.141119639079 160.382886727651 159.589578708013 155.862202246984 134.700218836466 110.065758228302 109.01994506518 119.548251231511 130.201558272044 132.639249165853 141.797910133998 151.377856731415 168.68656873703 166.898926099141 163.299222787221 112.959961096446 92.7152633666992 118.310699860255 116.602222124736 132.346471150716 136.045793692271 118.927280108134 107.554564873377 121.75785501798
153.46681078275 161.646813154221 163.590937852859 165.707210699717 163.649340470632 160.996278127035 172.780632972717 177.510599295298 175.755143165588 179.313063621521 183.377226193746 184.246738751729 183.316608270009 179.934899012248 180.967529614766 176.573852698008 172.276357809703 174.561719099681 175.41233698527 177.068610986074 178.533256053925 174.521843592326 172.594288984934 166.110624869665 165.176739295324 164.621144533157 158.224801222483 150.67121386528 150.264978408813 152.744909127553 151.233275731405 142.544875542323 155.639191468557 168.585280577342 160.06205479304 148.843864599864 112.263262271881 68.8705295324326 53.0564884344737 85.5965514977773 120.492885510127 143.339157104492 137.504627307256 122.20440308253 112.053672472636 117.117514212926
142.683853705724 158.894409735998 161.944369475047 164.065917332967 166.079729795456 161.997030178706 167.594830195109 176.666061083476 186.147570610046 186.149775981903 182.317753632863 181.918124357859 183.837413787842 181.589384873708 180.946111679077 178.026457627614 174.012045065562 174.943526585897 172.988057136536 170.496126015981 172.414680322011 171.70770963033 170.9330479304 168.530702590942 170.261998971303 174.139599005381 183.606922626495 188.280403614044 175.59669415156 169.595837593079 157.087008158366 143.721600373586 150.514185428619 141.3567562898 109.869887431463 72.6571331421534 69.8239654302597 59.0605735778809 43.3908899625142 43.4529682000478 65.0125841299693 106.000612179438 134.824385245641 156.569669644038 173.092842102051 169.337073961894
144.334137439728 154.904504617055 162.505596876144 163.652916749318 164.363404115041 165.268927812576 159.484595060349 170.586943626404 189.991891384125 188.548783461253 182.835221290588 179.535210132599 180.944561958313 183.714667956034 182.3490858078 178.558230400085 176.749289035797 172.987143198649 164.411733547846 159.08752878507 156.580289204915 161.586026350657 162.373125553131 164.553850889206 166.327019532522 175.882299741109 194.324155648549 204.702258110046 186.769465605418 172.791838645935 152.868926525116 131.023357311885 130.97690542539 121.259182691574 94.719797372818 65.7695780197779 70.5597251653671 84.0543508529663 78.4581502278646 61.8471304575602 48.7638016541799 69.1082725922267 114.412248134613 147.705207268397 161.799212296804 157.320231199265
156.192908684413 159.578899542491 161.855240662893 158.069004615148 150.916318098704 148.735781510671 157.137493292491 161.30805015564 171.233713626862 170.20712296168 170.038501421611 175.035119056702 180.285076300303 180.573026339213 176.327606042226 178.532421588898 177.230755488078 170.008222262065 161.446571350098 154.731541872025 152.001033226649 153.036783138911 156.532684961955 158.510575691859 158.327708641688 163.07207942009 176.322301228841 189.296742280324 181.136906147003 165.911753972371 141.879379749298 123.556395371755 114.770144224167 124.553630749385 114.839096864065 89.5358125368754 95.2475865681966 135.487496852875 144.804298877716 120.926052331924 82.4917157491048 68.7342633803685 89.1521771748861 108.60804716746 107.791890700658 115.348388751348
170.305907726288 166.232506434123 162.753870089849 154.670178890228 143.112599849701 133.379111687342 147.9285856088 145.615001519521 133.509397506714 137.387037277222 151.603519916534 163.490325212479 167.922576268514 171.771963437398 175.385932127635 185.341477394104 186.999082565308 177.350501219432 167.725523312887 161.648482084274 157.352427641551 155.090014139811 156.829297542572 154.196679592133 154.087016979853 154.627213875453 164.062718550364 164.630840222041 158.471822738647 137.100746234258 139.304975668589 130.831827720006 121.844222148259 135.940422614415 136.022984981537 123.588462670644 118.886888027191 123.1669485569 129.322598377864 129.182348648707 110.154648621877 91.1074082056681 89.1843239466349 84.9029719829559 64.5857552687327 83.2885354757309
