input/barkrak2/radiation/dir20524.grid
NCOLS 85 
NROWS 70 
XLLCORNER 665100 
YLLCORNER 4664600 
CELLSIZE 20 
NODATA_value -9999 
[rows 20 to 39 of 70, columns 0 to 45 of 85]
183.786312739054 175.981879234314 191.333512465159 231.055935223897 226.671715577443 183.467209339142 170.36505540212 176.191926002502 188.958068688711 206.885774930318 223.387440045675 229.675968488057 235.408941904704 244.091312090556 260.265866915385 280.09436527888 298.803706963857 316.815117994944 322.36252228419 330.194592475891 332.911431789398 325.855453809102 323.792815208435 325.558543205261 326.791167259216 328.232228755951 330.511053403219 327.579915523529 323.422312736511 322.565237681071 316.44990046819 305.177688598633 295.617858568827 290.684660275777 289.286235968272 294.093569119771 294.219553470612 296.524743239085 301.221966743469 304.290731747945 305.270930131276 305.312852064768 306.559999783834 302.02986796697 306.672732035319 309.114774068197
212.109208106995 209.969798723857 225.837091604869 256.663501262665 252.933522065481 195.71324189504 180.998861789703 182.551105817159 190.321187178294 205.069939295451 215.988477071126 223.457594712575 231.950342655182 234.065890312195 244.826018810272 264.08851146698 280.768235524495 295.808414618174 315.832356611888 325.766762097677 330.312291781108 335.828502972921 337.692062060038 335.938652356466 331.989864508311 326.963166395823 323.712150255839 320.210893948873 319.802125295003 313.118974367778 296.095748742421 266.981601715088 245.936671892802 243.293166160583 250.694433848063 269.748787085215 277.406652768453 291.368007659912 301.211297512054 302.150785923004 299.304068088531 298.413952191671 292.814413706462 279.098550478617 297.81977335612 306.863268216451
253.129124641418 259.663263956706 264.398614565531 274.209221204122 274.414539337158 227.267483870188 205.005367596944 191.853443781535 188.474277655284 197.056849797567 215.028544267019 225.478728612264 235.229214032491 241.798003514608 246.920148531596 255.177855491638 273.06874593099 285.583933194478 298.493027687073 306.357105573018 315.198461214701 326.353192329407 332.46374130249 332.817018032074 330.040454864502 327.567060788472 320.220410823822 306.632320086161 300.097783406576 276.910881201426 238.861540953318 191.646158695221 168.441414833069 185.060123602549 213.337560494741 237.489898999532 255.94429175059 276.383499304454 287.6282731692 290.951947371165 294.170657793681 294.822891553243 272.703806559245 251.540640989939 279.755691687266 304.246524969737
275.203982988993 276.83566013972 273.561159769694 279.147247473399 278.933962186178 262.742241223653 227.50065724055 198.124368985494 183.156609535217 190.066297849019 212.293982505798 225.582500298818 240.791281064351 253.075242042542 254.47549422582 258.310516675313 269.859194755554 280.498385429382 289.675970872243 288.348933060964 293.281038602193 301.158308982849 311.653832594554 312.322656313578 306.067844231923 294.479747613271 278.309941291809 275.690992673238 249.004979928335 206.50060971578 172.8262702624 148.910442988078 118.145664532979 112.646877765656 124.863485495249 158.583213885625 206.016480922699 232.034544150035 250.132580598195 260.299344857534 258.702317873637 245.216250419617 231.000940004985 264.45867617925 263.849933942159 295.452535152435
267.796258131663 269.295632839203 275.774280230204 280.881146589915 271.744509538015 263.005375862122 236.288110415141 215.197225411733 196.989337603251 190.556526184082 203.781803448995 222.15477625529 234.579046567281 249.630570411682 252.156496047974 255.379299322764 265.467921892802 278.223673502604 287.263909975688 280.502279599508 287.22753127416 274.213254451752 271.600306034088 277.773420015971 280.475735664368 275.354961554209 270.231405893962 254.745523134867 225.215117136637 168.011824289958 148.362497488658 145.331601301829 125.873863697052 95.4049030939738 87.4475538730621 105.595837036769 146.440297365189 184.606770674388 212.226927280426 226.427853107452 215.468525886536 193.544129530589 214.956243832906 284.082929293315 276.753644148509 298.055291175842
260.968963305155 265.268206596375 275.79132715861 278.29372882843 273.137847582499 263.242900371552 245.903968811035 239.172259966532 232.581734657288 217.918356259664 216.870506604513 234.206159909566 244.888524214427 260.417183240255 262.732287247976 258.600910504659 263.435403505961 276.734252770742 276.531795660655 279.413978258769 280.351420243581 269.775927066803 264.420330524445 264.236986637115 268.879254659017 268.337309360504 256.56259059906 246.174613634745 199.783861637115 176.879366238912 174.841205279032 190.76943397522 193.2692527771 160.358349482218 126.040498415629 114.283859729767 127.986093362172 154.38715616862 184.498866399129 209.303458531698 190.387845039368 181.069831053416 223.997116088867 273.103276888529 292.898853619893 306.531151135763
262.551466623942 265.151699384054 272.556781768799 276.73351764679 286.135236422221 275.316655635834 261.715551217397 255.337675412496 255.301276842753 249.357084433238 238.508065541585 252.196749051412 263.409415880839 274.250864982605 273.756345113118 268.803874651591 266.182740529378 271.085739135742 271.06249332428 283.514400323232 285.175760587056 279.740869998932 271.742224693298 268.315434455872 267.995794614156 268.837968508403 257.400790850321 247.3464012146 213.279843330383 207.492550214132 228.164772192637 252.207636833191 257.303516070048 265.017012755076 236.613035202026 155.878831942876 144.479831059774 153.738627831141 179.062922795614 201.586147149404 200.315058231354 231.969555219014 236.09201113383 251.339534918467 283.917367458344 295.402785142263
266.605118910472 263.030509154002 265.992701053619 274.125357468923 308.372557163239 287.736852963765 269.59482828776 257.462481657664 258.536159992218 264.859318733215 255.183815956116 256.911357243856 270.181655883789 279.24652894338 278.863370418549 275.666395823161 265.354673067729 269.656717777252 280.978937943776 284.412761529287 281.671086947123 275.431096553802 273.556609948476 274.548172950745 272.961775461833 271.06511592865 266.649941603343 257.706840833028 238.372981548309 237.386782964071 260.205964247386 274.722615877787 274.576942125956 288.254698117574 305.746654669444 233.160058657328 173.200905323029 159.213165442149 169.3314909935 196.047902107239 237.410088380178 287.372330824534 247.753341992696 241.840740044912 268.711984157562 276.606599489848
264.477074146271 255.610167980194 259.334047635396 280.513604482015 321.633021036784 288.51322333018 261.526068051656 251.73431634903 255.82089026769 261.825879414876 256.135245164235 256.367703278859 268.834213415782 277.022878328959 278.018414974213 278.104742368062 273.060282071431 269.520163536072 278.366883595784 278.425534566243 275.854011376699 272.582729657491 270.07395029068 275.396724541982 276.983857154846 273.390551408132 272.015631198883 266.425748666128 249.695102373759 246.211727460225 268.303910891215 285.706241925557 285.552601019541 284.312685330709 302.893161773682 296.525259812673 205.282807350159 148.604234059652 138.053437074025 176.232695579529 246.379415194194 271.417140960693 238.284508387248 215.197682380676 237.869878609975 249.513586362203
257.879753907522 247.74827559789 255.638182163239 290.857474009196 319.850961367289 284.927566846212 255.186518033346 237.447122732798 233.56552918752 236.360669136047 237.481554349264 243.290702501933 261.894901593526 273.712734381358 276.764929294586 280.66756327947 281.810700893402 268.274406592051 269.372999668121 271.412948767344 272.021571795146 273.884415626526 272.08137512207 277.647455533346 280.133922894796 275.631169478099 279.44952249527 271.517058213552 255.020300547282 254.810452461243 274.254699548086 291.848083337148 287.535091241201 284.510711828868 294.010639190674 309.717396895091 286.583701769511 210.081319014231 164.630353450775 174.498498439789 211.03165547053 226.266821225484 228.438198566437 197.722196578979 206.239898999532 228.887736797333
246.946891148885 256.325244903564 286.013980706533 331.91575606664 332.198778788249 291.908780733744 254.959126313527 225.605209668477 216.397066911062 229.575117429098 222.607056299845 221.76718711853 252.396762371063 271.858334541321 277.520557244619 283.376793066661 285.186409950256 274.407585461934 273.636559645335 275.828301906586 273.255149523417 278.644919395447 280.469377835592 280.844966570536 282.781223456065 285.809099674225 286.70060634613 280.902981758118 266.784250736237 266.873319943746 280.688007672628 292.902886867523 290.101786454519 290.76623916626 295.579155286153 298.59999815623 316.142976284027 319.109221299489 251.645346482595 205.039362112681 191.154917081197 184.984922409058 203.653375307719 199.276208877563 202.079614003499 228.802879651388
265.593330065409 293.00049940745 315.421064694722 322.947025299072 347.37757841746 325.827121734619 287.400186061859 250.103573004405 235.216021537781 247.996767361959 243.352731068929 225.244243939718 240.259051322937 269.985715548197 282.093783219655 286.735057830811 285.472492376963 283.364812533061 278.960009415944 277.47106552124 279.665907224019 283.342937628428 286.643246809642 283.769011497498 285.509685675303 292.235970497131 294.009526570638 292.687257130941 283.837854862213 281.476060549418 287.007212638855 291.631758213043 293.47022374471 298.454602559408 301.109850406647 290.533641974131 297.671099503835 330.430567264557 319.267650445302 256.397267182668 206.591566403707 185.014466444651 185.819109280904 201.843460400899 224.423130353292 251.776079336802
300.663272539775 312.74402141571 306.35933081309 299.504816532135 317.133943239848 334.744373957316 325.42892297109 297.256052494049 272.259175777435 272.702316443125 275.523622830709 252.4760166804 241.746286551158 265.223979949951 285.557587941488 287.125686804454 286.498606204987 290.212114651998 278.832912445068 277.482787768046 283.731619517008 286.990324656169 285.401026407878 282.641847928365 285.831570625305 294.974684715271 298.092325528463 300.46546459198 293.158630530039 287.656366825104 295.430878798167 299.834291140238 296.205580234528 297.813892364502 301.920831203461 291.371564070384 290.985147158305 307.46336778005 305.211285750071 275.784075260162 245.143751303355 209.354261557261 191.449999809265 197.090188662211 218.744019667308 250.362992286682
297.967175642649 293.446063995361 287.254810333252 276.657044887543 277.611414591471 296.991944313049 314.653118451436 309.209148089091 295.208136240641 293.477217356364 294.706881046295 279.650092124939 264.561017354329 271.862626075745 285.859942436218 287.955602010091 285.473664601644 287.212312221527 280.966023604075 283.658663431803 282.402733961741 283.896068731944 279.075046380361 278.08670202891 284.498691558838 290.910402933757 297.855257987976 297.362208366394 293.430070082347 293.683111667633 300.339758396149 298.723816871643 287.937919298808 285.634199778239 288.976709047953 273.58611424764 271.258135636648 269.789795080821 258.988698323568 259.300430615743 270.194411277771 241.775214672089 215.555469195048 202.989141146342 204.168995221456 224.913497765859
293.438812096914 284.747719764709 290.698786576589 277.473409970601 270.054439703623 281.0031970342 305.060962835948 324.288328488668 316.505710283915 302.021721998851 293.854554494222 290.200332800547 293.079853057861 291.50931040446 289.33197259903 291.706244150798 287.582337856293 285.410503546397 283.869862556458 285.375754038493 282.273292541504 280.464112758636 278.994083404541 279.560049374898 283.121009667714 287.584722042084 293.621857961019 290.717343489329 291.26638174057 297.075529893239 300.171335538228 290.6786998113 275.649507840474 279.280761877696 277.249495188395 260.578354199727 261.895477771759 261.577069759369 265.030920505524 281.270126501719 282.580534617106 274.196406205495 250.989894072215 233.676930268606 215.310315291087 208.200256029765
311.593155066172 307.195663452148 315.887133280436 311.112026373545 301.579097906748 305.176834265391 320.353507995605 339.698553085327 330.711404482524 306.052803993225 293.801565965017 298.50822687149 308.751801649729 302.905241648356 298.179149627686 296.746154626211 296.293318271637 287.950774033864 287.911931673686 290.296137332916 286.340932051341 283.249497413635 283.810575803121 285.616815090179 284.261504809062 286.040822664897 287.591616312663 286.230663458506 287.994007269541 297.228972117106 298.121194044749 288.849234580994 277.406473954519 278.121630350749 269.141097863515 264.176348845164 269.420425097148 270.880281925201 280.932486057281 303.279936313629 271.08112970988 261.032144228617 250.868678092957 241.223275661469 223.623593648275 201.902170976003
331.915378570557 329.812467098236 332.070549329122 334.133386611938 325.537840525309 319.539268811544 324.582358201345 338.454008102417 333.328187465668 304.55489953359 295.166273911794 303.735951582591 313.203374544779 304.700950781504 295.821825663249 300.498326619466 301.76442861557 293.959518273671 295.754114786784 295.895040035248 294.070820013682 290.294806162516 286.365568637848 288.64840666453 286.813994248708 284.635186195374 286.39034430186 290.224015712738 293.138782183329 297.809223333995 298.252582550049 290.994425614675 279.945095380147 275.096674760183 265.246431032817 269.928892453512 275.700310866038 276.012380917867 278.907179832458 294.069230556488 258.371154467265 218.356629212697 204.991340637207 200.897852579753 198.300321896871 192.998290061951
340.710838635763 339.271624883016 336.854457855225 337.85351117452 331.711649894714 324.926416079203 323.18385442098 329.095204671224 333.986361821492 313.103258609772 309.66705083847 312.542339166005 311.204314231873 301.332354545593 295.885999997457 299.847006797791 307.035883267721 302.685936292013 298.723220825195 300.990581512451 299.440185228984 294.340868790944 289.963622887929 290.194074312846 289.884507656097 287.97709941864 287.606080373128 292.547543843587 294.232149918874 297.562877337138 299.329439798991 292.900939782461 282.800237337748 267.811834812164 258.352557818095 274.280508359273 283.654789129893 281.997621059418 273.074746131897 283.653140068054 257.313172022502 191.185315450033 161.086976528168 146.858791510264 150.342563788096 157.180597384771
339.28370475769 342.361609141032 343.016902605693 341.305335362752 338.517109553019 335.315386454264 330.799520015717 327.747503916423 329.790314038595 323.330561319987 326.514919598897 323.281486829122 308.605094750722 308.980723222097 304.851889610291 297.783692677816 306.657056013743 306.775470574697 301.303545633952 300.919731458028 298.135081926982 295.385559399923 291.021883487701 289.110600948334 291.47062699 293.271442254384 292.633910973867 293.681184450785 295.26694615682 296.744227409363 299.541751543681 295.43928305308 278.710424900055 255.937218666077 264.01694615682 286.961774031321 289.907296498617 284.778078397115 268.546839555105 273.351629575094 286.074737707774 233.885288238525 176.386137803396 147.786935170492 141.872515281041 139.77508743604
325.753112634023 329.756001631419 329.540610313416 333.979765574137 339.806199073792 344.513495763143 346.35317325592 345.433910687764 343.756755193075 341.797272364299 333.12447865804 318.318625291189 312.493006388346 310.523887475332 306.447545687358 302.518486976624 305.439412593842 304.745237032572 296.984553337097 296.134432156881 298.278450965881 299.59491888682 297.590374946594 294.900953769684 290.866951147715 293.024003505707 294.867078463237 296.205302079519 298.962275187174 297.185957431793 297.670423984528 295.48982779185 273.026247819265 256.973485151927 280.473272005717 295.611421267192 291.30341609319 286.686857541402 273.797472318013 271.457076072693 302.977919578552 318.605621655782 261.086781819661 205.750008424123 167.441586653392 142.95635620753
