input/barkrak2/radiation/dir22024.grid
NCOLS 85 
NROWS 70 
XLLCORNER 665100 
YLLCORNER 4664600 
CELLSIZE 20 
NODATA_value -9999 
[rows 0 to 19 of 70, columns 0 to 45 of 85]
314.193209012348973 321.202496687571 326.055943965912 328.127503395081 326.095064481099 323.455393314362 317.265550295512 311.008413632711 314.741452534993 314.646124839783 312.290668487549 317.750612894694 320.864717165629 320.88969151179 322.304725646973 323.444426059723 318.57697168986 311.012864112854 308.922032515208 296.782811482747 280.141552289327 281.291445096334 301.445007324219 308.505217234294 307.109773159027 308.42403570811 306.83966477712 297.854363918304 278.108179569244 272.998750209808 270.06721496582 280.631502469381 300.708254178365 300.41233698527 307.353377342224 298.043509324392 298.182169596354 307.589332262675 298.641006151835 305.357774098714 295.241713523865 283.256848653158 292.512635389964 309.961040814718 312.454124291738 306.804120540619
296.406487623851 304.806709289551 311.231990655263 320.35881280899 325.120806694031 324.163655440013 316.619495550791 309.520284334819 314.36812877655 315.437316894531 310.511688391368 314.579864343007 320.375601450602 321.59016529719 321.366250514984 322.292904059092 320.495883623759 315.957009792328 313.027024269104 303.042888641357 293.625950813293 294.062236944834 303.926527500153 309.184233347575 309.021691481272 308.345317840576 306.18147055308 297.846217950185 281.814257303874 273.223241170247 274.427096048991 290.059824784597 297.742525736491 296.862920125326 306.898852189382 297.745585441589 295.414249102275 297.68447081248 295.259892940521 306.499063968658 302.627285321554 293.491105238597 298.138618469238 311.749935150146 315.871675809224 311.020652453105
264.983177185059 275.673906008403 285.513818264008 293.384770552317 302.385707696279 309.16827917099 312.831024328868 315.122862656911 316.089908281962 313.5680158933 307.389418284098 309.183875719706 317.828913529714 320.837537447612 317.639231681824 321.39527797699 325.469295183818 326.363503932953 320.915857950846 315.016051133474 313.806792100271 310.835162798564 307.502110799154 307.477633158366 310.361127058665 310.978690783183 304.777105649312 295.941948890686 284.765720367432 275.141557057699 276.509086290995 293.885588645935 288.85555267334 293.850580851237 304.088334242503 298.64889383316 288.529992103577 284.150958061218 293.112595876058 305.738727251689 304.264922936757 302.141666412354 300.358891487122 310.619095961253 320.97997268041 316.166341304779
250.833729902903 250.900487105052 258.077879746755 262.92759180069 270.243585109711 275.042593479156 280.337969462077 290.926992893219 303.086817264557 311.306277910868 313.024004300435 316.323975721995 320.823311805725 321.645935376485 319.672743479411 317.499836285909 319.202204545339 319.77641582489 319.466431935628 318.072736263275 316.287298997243 313.454369703929 316.036184628805 313.325663407644 311.662574609121 313.240945339203 308.408995469411 300.410846869151 293.139894803365 286.646564801534 280.621469020844 294.858078161875 288.643141587575 292.987465858459 297.57950703303 298.837085564931 294.873456160227 292.390286922455 304.046372572581 310.608585675557 306.171615918477 298.069794972738 293.67196559906 303.897122542063 315.745949745178 316.728015740712
268.899003664653 255.631268024445 245.013693968455 236.684858798981 240.949173768361 254.296779632568 271.49756749471 280.560851097107 287.575364112854 292.853871981303 305.735965569814 317.198971907298 323.278804620107 324.840823809306 324.856440226237 323.396325111389 320.401946703593 314.079860846202 314.107219378154 317.041118939718 314.751505851746 313.914716243744 318.961560726166 317.383885383606 314.414064089457 315.455059210459 311.734735965729 304.379502932231 297.164340813955 292.722185452779 294.249753157298 301.685909430186 296.081185340881 298.693875471751 296.014666557312 298.703769842784 306.667228539785 309.884130954742 314.212004343669 315.143207708995 313.075701395671 306.120455265045 301.609396934509 301.568706830343 306.66309595108 315.472384293874
304.055591424306 283.232529958089 261.179606119792 241.07567469279 233.367085456848 242.240528265635 264.506459236145 278.12937895457 281.086762746175 281.296948591868 289.449433485667 299.343208471934 305.166045824687 309.479872385661 314.099510510763 316.448251406352 314.310073852539 309.748530387878 311.156948407491 315.379679203033 315.377910931905 318.618615468343 323.217809200287 320.731222629547 318.285564581553 318.760593732198 314.107577006022 308.011213938395 300.25843779246 295.542180538177 299.878219763438 302.896757920583 305.324872334798 310.170431931814 304.346243540446 301.564315954844 307.872255643209 311.983068784078 312.104384104411 312.452534834544 312.769850095113 308.941205342611 307.443737983704 307.383219401042 303.778072198232 299.522618452708
317.49016046524 302.669584751129 288.18686803182 271.843393643697 253.157019615173 241.877774397532 248.863259951274 273.542881011963 283.764799435933 289.310236771901 287.181576093038 283.098598321279 279.780666033427 276.909947395325 278.84715795517 289.632221062978 297.612448533376 307.621419429779 315.4190381368 319.552679856618 318.470696608226 316.372136274974 321.364521980286 322.251359621684 321.518222490946 323.049167792002 320.913195610046 315.500795841217 307.976027329763 304.744819800059 305.491189161936 308.920005957286 318.484723567963 321.838756402334 318.419297536214 312.165200710297 310.761710007985 311.921020348867 312.944253285726 315.859854221344 314.192493756612 310.543855031331 308.721542358398 305.800755818685 291.213095188141 284.611920515696
318.751335144043 314.794540405273 309.351861476898 299.636721611023 283.143957455953 257.33745098114 238.420804341634 239.116330941518 268.507162729899 288.440386454264 293.165147304535 289.97011979421 283.2919160525 276.004115740458 266.02162917455 268.958449363708 278.936286767324 291.069626808167 306.673645973206 317.323327064514 319.944818814596 318.028191725413 320.409019788106 321.896135807037 321.449915568034 323.100725809733 322.400152683258 319.563269615173 314.976414044698 314.950942993164 316.621979077657 318.853954474131 324.139277140299 325.282196203868 322.91974623998 318.883160750071 315.26251633962 311.260183652242 304.89041407903 305.158654848735 310.656269391378 315.97105662028 319.746295611064 315.41246175766 302.638590335846 291.398147741954
314.11357720693 314.747055371602 313.344200452169 309.228897094727 300.978342692057 286.066591739655 261.275966962179 236.097613970439 247.598012288411 268.059154351552 283.159832159678 289.555072784424 290.389438470205 288.564622402191 280.660152435303 275.221943855286 273.076891899109 275.80600976944 287.160972754161 299.961348374685 310.088674227397 315.946896870931 317.765673001607 315.065860748291 316.068232059479 318.538029988607 319.162011146545 318.162600199382 317.008753617605 320.737481117249 323.215703169505 322.54699865977 323.650459448497 323.980391025543 321.586569150289 320.184429486593 317.313094933828 310.612897078196 299.054423967997 300.222833951314 315.181215604146 322.740614414215 322.942535082499 319.23653682073 309.952855110168 301.711122194926
296.505490938822 303.031404813131 306.257605552673 306.345045566559 304.52827612559 303.054869174957 292.851169904073 277.979413668315 251.669188340505 243.809898694356 256.111919879913 276.037335395813 292.058885097504 298.881789048513 300.499697526296 295.145769913991 283.920168876648 280.055363972982 279.579202334086 281.219641367594 288.067976633708 293.392459551493 298.783838748932 302.591582139333 307.297746340434 309.863825639089 311.536510785421 310.636262098948 311.017155647278 315.167387326558 316.263258457184 316.570957501729 320.611913998922 323.449015617371 322.571655114492 319.552361965179 317.743301391602 315.037886301676 300.415992736816 301.167229811351 316.697120666504 320.841511090596 319.522500038147 316.162486871084 307.058612505595 299.083173274994
256.89830382665 268.44310760498 278.318365414937 286.085406939189 293.018023173014 298.715651035309 300.881326198578 298.294345537821 276.910404364268 255.313714345296 242.798149585724 249.96554851532 273.266692956289 291.809916496277 301.973760128021 295.22438844045 289.863308270772 285.083075364431 278.917630513509 274.614493052165 273.814717928569 273.840804894765 276.490489641825 286.339640617371 294.991910457611 300.405442714691 302.162528038025 301.94091796875 305.037915706635 308.587431907654 310.441017150879 312.945564587911 318.936705589294 321.313341458638 320.221384366353 317.692597707113 318.634986877441 320.184389750163 312.904477119446 309.125204881032 315.647860368093 319.39035654068 320.402999718984 318.728605906169 311.955730120341 305.945972601573
219.57008043925 224.50453042984 232.377370198568 243.613878885905 257.695058981578 271.667122840881 286.521116892497 291.348934173584 292.253375053406 282.065351804097 259.86651579539 242.153843243917 244.419455528259 265.011429786682 286.099394162496 287.364919980367 292.776266733805 290.811002254486 283.578713734945 275.26734272639 269.775927066803 267.210225264231 266.595224539439 274.165670077006 280.839761098226 284.927646319071 287.02720006307 290.350079536438 295.443574587504 298.41689268748 301.709612210592 306.028306484222 310.783505439758 312.656720479329 311.277508735657 311.602751413981 316.812713940938 321.774522463481 321.590622266134 319.44332520167 319.823046525319 322.406411170959 323.467930157979 322.123964627584 316.979507605235 314.827561378479
208.922485510508 204.814195632935 202.627956867218 201.985478401184 209.402402242025 225.000500679016 247.870484987895 266.751348972321 290.043791135152 293.449918429057 284.78213151296 265.816410382589 240.261832873027 238.175670305888 259.031534194946 281.023661295573 293.108403682709 294.380863507589 290.897945562998 284.152706464132 277.107834815979 276.244004567464 275.858342647552 276.631315549215 275.937179724375 275.074203809102 278.62024307251 285.689314206441 288.424074649811 289.540410041809 292.876839637756 297.24903901418 298.935989538829 300.255715847015 300.926804542542 304.463903109233 312.476754188538 318.936129411062 319.583475589752 321.4350938797 322.3002354304 322.383880615234 321.702480316162 321.540673573812 316.044648488363 314.074099063873
203.60654592514 177.162190278371 160.701880852381 155.206978321075 152.573555707932 158.837606509527 177.721877892812 211.353778839111 247.073829174042 277.1910627683 290.944198767344 291.11655553182 276.989241441091 255.101760228475 251.396059989929 273.687163988749 287.240068117778 296.710332234701 301.345566908518 298.154413700104 289.849599202474 287.214537461599 284.611125787099 284.446775913239 283.161540826162 281.197488307953 283.912817637126 290.579577287038 289.868136246999 285.074909528096 288.905719916026 293.129245440165 294.633607069651 294.960816701253 297.490080197652 302.795946598053 306.553403536479 310.144782066345 311.789770921071 312.623222668966 314.295093218486 317.174216111501 320.011874039968 320.943574110667 315.947890281677 314.244945844014
186.866422494253 148.944189151128 126.438518365224 123.279561599096 123.721232016881 128.00794839859 137.192120154699 164.302239815394 191.720406214396 236.797034740448 283.585866292318 304.561138153076 307.418862978617 294.398824373881 273.880382378896 268.905222415924 273.710091908773 286.330898602804 299.208680788676 303.944965203603 302.704175313314 298.300385475159 296.600063641866 294.134934743245 290.91211160024 288.875738779704 291.05673233668 292.746265729268 287.9452308019 284.664352734884 288.217167059581 292.053759098053 291.456898053487 291.525622208913 294.502357641856 297.52900203069 299.087425072988 297.301967938741 299.988329410553 300.19748210907 304.29087082545 309.543093045553 312.364300092061 313.395857810974 311.070024967194 311.202625433604
159.384439388911 132.20355908076 106.897165377935 103.470683097839 118.801812330882 142.567108074824 144.923875729243 152.88519859314 174.249351024628 204.558173815409 249.021331469218 299.696922302246 315.143366654714 313.515603542328 300.166646639506 275.154630343119 265.9037510554 268.16205183665 282.580633958181 300.678133964539 307.747403780619 304.063538710276 304.966807365417 300.715506076813 295.423150062561 295.731027921041 298.30276966095 294.57559188207 289.400200049082 291.758318742116 293.170928955078 292.696356773376 290.489474932353 289.614895979563 289.347767829895 288.839856783549 287.398934364319 284.135560194651 285.357534885406 286.894063154856 290.786465009054 295.255621274312 296.502550443013 297.217965126038 303.122838338216 305.989305178324
140.897691249847 129.961490631104 106.737752755483 94.9277182420095 99.3092258771261 125.257233778636 144.787053267161 154.045681158702 172.169407208761 184.57700808843 210.031787554423 259.795327981313 303.601145744324 313.60117594401 310.497641563416 301.964342594147 292.165438334147 279.777526855469 271.475474039714 280.95010916392 298.569162686666 306.609352429708 309.06750758489 305.783371130625 300.532301266988 301.476697127024 304.914851983388 301.530301570892 298.30809434255 302.642285823822 301.903307437897 293.689092000326 289.150873819987 286.400198936462 282.645225524902 281.712412834167 277.368227640788 276.337087154388 276.789943377177 278.722484906514 281.000177065531 283.49902232488 285.800357659658 287.010411421458 298.799673716227 304.588953653971
132.460763057073 134.455819924672 125.461320082347 107.009053230286 91.7541881402334 111.206223567327 138.210614522298 160.094400246938 177.615642547607 190.865874290466 198.418577512105 223.824302355448 257.961372534434 288.826982180278 312.907119592031 315.029899279277 312.731365362803 302.770733833313 287.055552005768 273.51709206899 282.949129740397 302.695175011953 305.142601331075 305.014769236247 305.376311143239 309.310396512349 312.2678399086 310.620526472727 307.979305585225 309.534430503845 305.339614550273 296.878556410472 290.945529937744 285.573045412699 280.696968237559 278.375665346781 276.468873023987 275.824765364329 275.84977944692 277.588566144307 279.840469360352 280.372043450673 280.485371748606 282.854815324148 291.909158229828 301.231483618418
139.531085888545 149.20037984848 152.935455242793 136.034786701202 116.539975007375 127.104183038076 147.023469209671 166.695296764374 187.913537025452 208.229899406433 215.9796555837 223.808248837789 241.546253363291 259.704311688741 273.701886336009 301.076054573059 313.021302223206 311.75571680069 308.095991611481 293.868958950043 278.333882490794 289.35029109319 295.698424180349 302.2673924764 309.362570444743 314.000328381856 316.216786702474 315.770149230957 310.955941677094 309.636871019999 304.195602734884 298.752625783284 292.906701564789 286.685109138489 283.353924751282 279.720664024353 279.196937878927 276.931325594584 275.429050127665 278.157651424408 281.729420026143 283.085982004801 281.750361124674 284.351130326589 285.872340202332 295.537352561951
148.967156807582 153.530895709991 166.559795538584 172.24266131719 158.883223930995 146.714558204015 148.071418205897 162.558684746424 177.744448184967 200.568556785583 216.103494167328 213.90688419342 222.691655158997 232.61559009552 250.543554623922 270.584384600321 282.186985015869 304.80432510376 307.509362697601 306.585788726807 299.27533864975 288.688659667969 289.53876097997 296.855131785075 305.34549554189 311.336159706116 315.881947676341 315.237879753113 308.813730875651 307.951986789703 303.254644076029 296.83377345403 291.307389736176 288.098613421122 285.841743151347 282.287955284119 279.127875963847 272.416710853577 270.930012067159 278.363645076752 282.916227976481 284.512042999268 286.676287651062 285.430490970612 283.303797245026 290.186524391174
