input/barkrak2/radiation/dir22624.grid
NCOLS 85 
NROWS 70 
XLLCORNER 665100 
YLLCORNER 4664600 
CELLSIZE 20 
NODATA_value -9999 
[rows 0 to 19 of 70, columns 0 to 45 of 85]
303.439557552337988 310.449818770091 315.442442893982 319.895585378011 320.992052555084 319.362580776215 312.699437141418 306.485970815023 310.040911038717 310.051500797272 307.985345522563 312.714576721191 315.553347269694 315.752764542898 317.783097426097 316.837092240651 312.065005302429 304.535388946533 301.117102305094 289.927065372467 273.150563240051 276.235044002533 297.48805363973 304.544548193614 302.948256333669 304.882725079854 305.07351954778 293.872932593028 274.4127313296 269.998987515767 267.216622829437 279.114623864492 301.831781864166 299.668828646342 306.644797325134 297.602375348409 298.352360725403 307.737946510315 298.616985479991 306.09522263209 294.646779696147 285.010933876038 294.33927933375 309.062798817952 310.370763142904 306.353986263275
282.442927360535 294.69899336497 304.440498352051 313.493986924489 318.148255348206 318.058590094248 311.346153418223 305.257896582286 310.638546943665 311.782081921895 306.674122810364 310.226758321126 315.412263075511 316.128532091777 315.92071056366 315.337280432383 313.94096215566 308.801809946696 306.77052338918 295.305252075195 287.317375342051 289.846221605937 301.207482814789 305.776000022888 306.459943453471 306.3871661822 303.003589312236 295.509338378906 278.22478612264 270.186642805735 271.959245204926 289.122800032298 299.189666906993 299.80605840683 306.566933790843 297.92998234431 296.276887257894 300.456166267395 296.894550323486 306.236843268077 302.789588769277 294.155796368917 298.126002152761 310.259123643239 312.890112400055 309.100826581319
253.72169415156 264.821966489156 273.64581823349 283.586184183757 294.331828753154 300.281902154287 304.654796918233 308.165192604065 310.515820980072 308.336953322093 303.081134955088 305.120368798574 314.133961995443 317.518750826518 314.101696014404 317.920466264089 321.783800919851 320.516149202983 314.555128415426 307.317197322845 307.313541571299 306.378682454427 304.426232973735 304.931044578552 307.469467322032 308.52472782135 301.59854888916 293.687403202057 281.521360079447 272.686262925466 275.227745374044 294.275005658468 291.634500026703 296.964526176453 305.293997128805 299.215734004974 290.907263755798 288.015941778819 295.126795768738 306.426485379537 304.515103499095 300.475239753723 297.892312208811 307.318309942881 318.395415941874 314.573287963867
237.375418345133 239.07333612442 246.427992979685 252.893507480621 258.714437484741 263.487637042999 269.053300221761 280.439813931783 294.268508752187 303.637941678365 306.504766146342 311.47030989329 317.299008369446 319.253484408061 317.286054293315 316.148857275645 316.859185695648 316.030244032542 313.835521539052 311.792016029358 310.105760892232 307.462215423584 311.112622419993 309.809903303782 308.399717013041 310.137808322906 305.678486824036 297.413865725199 291.083435217539 284.958899021149 279.329101244609 295.856674512227 292.170365651449 295.793890953064 298.830628395081 300.136725107829 296.073496341705 294.529954592387 305.551886558533 309.378246466319 304.426829020182 295.704583326976 291.013340155284 302.120645840963 316.337684790293 316.191256046295
257.70628452301 243.831435839335 231.325209140778 224.136630694071 228.126088778178 242.754817008972 260.516186555227 269.143164157867 276.712477207184 282.374580701192 296.578208605448 309.808313846588 317.20769405365 320.167263348897 320.904850959778 320.056915283203 316.145618756612 309.134264787038 308.62812201182 311.160663763682 308.572928110758 307.542284329732 313.69012594223 312.860588232676 310.378988583883 312.223712603251 308.267712593079 300.789415836334 294.548511505127 290.368656317393 292.38106807073 303.003668785095 298.976262410482 300.212581952413 297.29159673055 299.657086531321 306.378781795502 308.957954247793 312.083303928375 311.963081359863 309.870680173238 303.230822086334 299.781541029612 301.273504892985 306.565284729004 313.544789950053
293.206572532654 272.091448307037 248.976687590281 228.228767712911 219.125290711721 229.591310024261 252.425630887349 266.569097836812 269.705414772034 269.906302293142 278.559843699137 288.424372673035 295.651495456696 300.399680932363 304.922898610433 308.711628119151 306.606610616048 303.107619285583 305.337687333425 309.812108675639 309.863209724426 312.835852305094 317.479411760966 315.26517868042 313.892483711243 314.556380112966 311.015089352926 304.921666781108 297.358095645905 293.245832125346 299.07766977946 304.040153821309 306.031743685404 309.419055779775 304.445962111155 301.302909851074 306.901196638743 310.094674428304 309.3275030454 309.672872225444 309.791684150696 306.414028008779 305.219610532125 305.495142936707 300.803462664286 294.339974721273
308.304091294607 291.835784912109 276.208718617757 258.905132611593 240.663727124532 227.90269056956 235.105832417806 260.782182216644 271.750032901764 278.409282366435 275.381982326508 271.104435125987 267.613569895426 264.514565467834 266.514976819356 278.867304325104 287.530899047852 298.905531565348 308.325390021006 313.693583011627 313.422203063965 311.818341414134 316.216111183167 316.709736982981 316.310048103333 317.581236362457 315.984686215719 311.306436856588 304.546515146891 302.461246649424 304.903407891591 309.632778167725 318.268815676371 319.821715354919 316.276987393697 310.143828392029 308.769325415293 309.285124142965 309.847553571065 312.263607978821 310.134788354238 306.785682837168 306.107103824615 303.128242492676 287.863671779633 281.567056973775
311.074674129486 306.014895439148 299.446702003479 288.599848747253 270.825286706289 245.028158028921 224.402447541555 225.07240374883 255.525628725688 276.617785294851 282.532890637716 279.138664404551 271.442532539368 263.619105021159 253.011683622996 256.067156791687 266.634245713552 279.666304588318 296.766817569733 308.947046597799 312.930226325989 312.47087319692 315.394997596741 316.241006056468 315.642734368642 316.98747475942 316.853880882263 314.133167266846 310.247778892517 311.435500780741 314.332683881124 316.922883192698 321.741104125977 321.487466494242 318.088094393412 314.218958218892 311.73578898112 307.251572608948 300.743858019511 299.565851688385 304.587523142497 310.401598612467 315.733551979065 312.896509965261 300.096829732259 290.312230587006
305.910170078278 306.501130263011 304.57592010498 299.713492393494 290.454228719076 274.067342281342 248.896737893422 223.15243879954 233.827650547028 255.009373029073 271.876593430837 278.743306795756 279.72936630249 277.747889359792 269.208967685699 262.604653835297 260.354479153951 264.254828294118 276.268601417542 289.956669012706 300.273001194 307.529966036479 310.646156469981 308.001716931661 309.118052323659 311.227699120839 312.244991461436 311.493039131165 310.676296552022 315.289874871572 318.328022956848 317.729155222575 317.970474561055 318.664034207662 316.430727640788 314.683636029561 311.950266361237 306.330939133962 294.602811336517 295.515855153402 310.397525628408 318.620582421621 319.630026817322 316.220243771871 306.928733984629 299.147228399913
286.031524340312 293.191174666087 296.767870585124 296.844601631165 294.802288214366 292.784690856934 281.316121419271 266.471882661184 239.323218663534 229.84919945399 242.556134859721 264.34866587321 281.365354855855 288.83429368337 290.471394856771 284.614463647207 271.861990292867 267.696797847748 267.150123914083 270.018736521403 277.197082837423 282.195448875427 288.435399532318 293.003141880035 298.441469669342 301.058669885 302.648862202962 302.369395891825 302.99844344457 307.636419932048 308.811068534851 308.79004796346 313.181042671204 316.236217816671 315.867364406586 313.28821182251 311.44909063975 309.187988440196 296.250462532043 297.772626082102 313.768764336904 318.299512068431 317.168017228444 313.436190287272 304.146071275075 296.688516934713
244.129021962484 255.756696065267 266.295274098714 274.701337019602 282.211502393087 288.352111975352 290.378411610921 287.168880303701 265.199641386668 242.854634920756 229.991316795349 236.176828543345 260.492920875549 281.079490979513 292.114893595378 284.778952598572 278.984804948171 273.876925309499 266.461074352264 261.913081010183 262.165427207947 262.123584747314 264.354109764099 274.974226951599 284.491737683614 290.424565474192 292.184710502625 292.077004909515 296.015640099843 299.894909063975 301.511665185293 304.194609324137 310.723582903544 313.357094923655 312.465727329254 310.765047868093 311.756670475006 313.786665598551 307.641088962555 306.326448917389 313.305119673411 316.950698693593 317.776799201965 316.448211669922 309.294740358988 304.185171922048
205.612421035767 210.666378339132 218.749662240346 230.332831541697 244.935731093089 259.535829226176 274.727344512939 279.881278673808 280.755241711934 269.772529602051 247.371693452199 229.239443937937 230.470319588979 251.800815264384 274.273117383321 276.431202888489 282.140890757243 279.972652594248 271.476626396179 262.636701265971 256.922125816345 254.39331928889 254.519581794739 261.736690998077 268.933872381846 273.484190305074 275.793274243673 279.341657956441 284.812092781067 288.561880588531 292.139410972595 296.126961708069 301.125804583232 303.255498409271 302.768766880035 303.314050038656 309.362610181173 314.649740854899 315.281271934509 315.161764621735 316.759705543518 319.340964158376 319.179177284241 317.541023095449 312.782804171244 310.787320137024
194.066166877747 189.875245094299 187.642176946004 187.644243240356 195.214052995046 211.190223693848 234.742979208628 254.358013470968 278.269608815511 282.059768835704 272.752483685811 252.594848473867 227.288166681925 224.008917808533 245.600620905558 268.818100293477 281.742612520854 283.822119235992 280.063947041829 272.098859151204 264.652411142985 263.856490453084 263.448655605316 264.240602652232 264.336089293162 263.47690820694 266.687234242757 274.156053860982 277.105391025543 278.283596038818 282.480438550313 287.136673927307 288.105428218842 289.532562096914 291.259606679281 295.124650001526 303.925315539042 310.496290524801 311.570902665456 315.113584200541 316.705922285716 316.949327786763 315.61267375946 315.604746341705 310.351729393005 308.954497178396
189.165870348612 161.152809858322 143.607397874196 139.073510964712 136.867841084798 143.130401770274 163.239985704422 197.538812955221 233.121752738953 264.728883902232 279.692908128103 279.723544915517 264.301101366679 241.440335909526 237.681667009989 260.858694712321 275.263885656993 285.621047019958 290.734867254893 287.850697835286 278.919756412506 275.464435418447 272.691508134206 272.476991017659 271.966497103373 269.926428794861 272.747794787089 279.842972755432 278.650343418121 273.49179983139 278.175870577494 282.673875490824 284.257888793945 283.777356147766 286.607523759206 292.299052079519 297.325730323792 301.287233829498 303.188383579254 303.479572137197 306.364377339681 309.737642606099 313.180824120839 314.16908899943 309.316535790761 308.71194601059
171.672542889913 133.985261122386 110.69843173027 106.27336303393 107.817967732747 113.000889619191 121.850192546844 148.141384124756 176.914076010386 224.038422107697 271.237115065257 294.054547945658 297.208627065023 282.751301924388 260.999123255412 257.072865962982 260.874927043915 274.227261543274 288.218080997467 294.238150119781 292.833169301351 288.032372792562 286.169330279032 282.795111338298 279.581268628438 278.099854787191 280.323624610901 282.134155432383 277.188996473948 273.614346981049 277.279853820801 280.672033627828 280.850152174632 280.916571617126 284.10138686498 286.47522131602 288.04870446523 287.258307139079 290.167331695557 289.666493733724 294.114788373311 299.857397874196 303.072194258372 304.705401261648 302.951176961263 303.716282049815
148.304084936778 120.887190103531 91.5325184663137 87.6498023668925 102.633585532506 126.774489879608 129.52388326327 138.652344544729 159.117301305135 190.348466237386 237.373312314351 288.233002026876 305.701414744059 303.907136122386 288.949648539225 263.390481472015 253.72705856959 255.059997240702 270.217100779216 290.543516476949 298.367222150167 294.365465641022 295.296927293142 290.626645088196 284.975369771322 284.872094790141 287.369132041931 284.123480319977 278.787136077881 281.193057696025 282.557288805644 282.045940558116 278.967022895813 277.931173642476 278.58571211497 278.040289878845 275.588631629944 272.14119831721 274.46715037028 276.103814442952 279.377996921539 284.157375494639 286.519269148509 286.594768365224 293.567816416423 297.434906164805
128.568708896637 118.652244408925 94.4144527117411 78.9879659811656 83.8114221890767 109.578669071198 129.120171070099 139.01890317599 157.320360342662 171.160976092021 196.629881858826 246.783494949341 286.492129166921 304.37437693278 301.097015539805 291.176696618398 281.321962674459 268.402417500814 259.810964266459 268.476923306783 288.27174504598 297.164221604665 299.870053927104 296.272238095601 290.554086367289 291.528125603994 294.56881682078 291.047036647797 287.975052992503 292.425910631816 291.999340057373 283.138871192932 278.271714846293 274.559378623962 270.584483941396 269.614537556966 265.886982282003 263.929327329 264.476001262665 267.435769240061 269.83912785848 271.57994111379 274.064799149831 276.34197473526 289.073089758555 294.801453749339
120.72612841924 123.438030481339 113.493810097377 90.7928844292959 75.4993756612142 99.4963447252909 124.673207600911 146.897951761882 164.844463268916 178.275903065999 188.209056854248 210.490345954895 242.26039648056 266.356666882833 292.32660929362 305.883606274923 302.984833717346 292.663296063741 275.905350844065 261.869847774506 270.584960778554 291.826685269674 295.506219069163 295.564552148183 295.95951239268 300.091107686361 303.292334079742 301.109751065572 298.472662766774 300.01566807429 295.40878534317 286.294400691986 280.249396959941 274.455746014913 269.277135531108 266.150871912638 264.06451066335 264.258762200673 264.275550842285 265.300472577413 267.618596553802 269.174198309581 268.393317858378 271.957496802012 281.564911206563 290.786683559418
128.401050964991 137.882212797801 140.618562698364 120.157877604167 100.641578435898 118.021259705226 135.996709267298 154.511322577794 174.6719678243 195.044378439585 206.631124019623 210.407157739004 228.491902351379 243.070562680562 256.393094857534 277.513444423676 298.243721326192 302.007397015889 297.693888346354 283.182839552561 266.889373461405 277.374645074209 284.420708815257 291.770358880361 299.626549084981 305.252393086751 307.701011498769 307.43545293808 302.003343900045 300.43884118398 294.517159461975 288.728018601735 282.157520453135 275.708079338074 272.112747033437 268.248438835144 267.672499020894 264.479100704193 263.829290866852 266.698261102041 269.578238328298 271.04123433431 270.619670550029 272.332151730855 273.954033851624 284.385641415914
137.62774070104 141.513605912526 154.074380795161 157.088538010915 144.62955792745 135.844210783641 139.674951632818 152.495443820953 167.604923248291 190.075079600016 202.503661314646 202.880362669627 207.940220832825 216.010530789693 235.396722952525 255.208154519399 267.923355102539 277.514576911926 293.463587760925 296.16916179657 289.002299308777 277.729133764903 277.653415997823 285.566369692485 294.836302598317 302.19288667043 307.275334993998 306.849678357442 300.076166788737 298.865993817647 293.877859910329 287.1000568072 280.89972337087 276.909252007802 274.237155914307 270.358045895894 267.604768276215 259.792466958364 258.186300595601 265.937407811483 271.740953127543 272.517402966817 274.822195370992 273.472666740417 271.197517712911 279.782195885976
