input/barkrak2/radiation/dir25724.grid
NCOLS 85 
NROWS 70 
XLLCORNER 665100 
YLLCORNER 4664600 
CELLSIZE 20 
NODATA_value -9999 
[rows 0 to 19 of 70, columns 0 to 45 of 85]
236.463367938994992 249.476949373881 263.29497496287 279.171903928121 285.997867584229 285.17742951711 276.289661725362 270.267685254415 272.960940996806 273.504853248596 273.205558458964 275.698721408844 275.946974754333 276.520212491353 278.829296429952 272.966901461283 262.758652369181 252.263148625692 245.99814414978 235.406835873922 227.922876675924 238.733867804209 264.206409454346 270.999789237976 273.112714290619 280.794660250346 278.357128302256 265.412112077077 250.021815299988 246.734241644541 243.167916933695 260.17306248347 298.526247342428 298.211634159088 298.653185367584 280.27731180191 288.582007090251 302.676399548848 297.351141770681 299.679179986318 281.043966611226 283.700188000997 293.580631415049 297.892471154531 291.823267936707 291.608611742655
216.431895891825 231.933752695719 246.147811412811 263.17044099172 274.098912874858 276.744266351064 271.9819744428 270.44544617335 279.603679974874 278.674602508545 274.018506209056 275.048136711121 276.711245377858 277.950485547384 277.722299098969 271.714687347412 267.221609751383 259.949763615926 255.586326122284 242.485463619232 241.844077905019 256.496071815491 275.465488433838 278.078019618988 282.475193341573 285.029252370199 280.427992343903 267.588933308919 254.617969195048 248.314479986827 249.153077602386 273.463249206543 299.142479896545 298.234264055888 297.899921735128 283.300439516703 290.048480033875 299.869259198507 295.523802439372 299.62964852651 293.13192764918 285.755574703217 288.129369417826 290.760000546773 289.939761161804 292.811552683512
180.377105871836 192.20240910848 204.587022463481 217.185060183207 230.398178100586 239.906430244446 248.413542906443 259.846309820811 270.276347796122 269.668479760488 266.985297203064 271.534482638041 280.92618783315 285.07125377655 282.183905442556 287.243405977885 288.902282714844 282.186309496562 268.741607666016 258.443335692088 263.38529586792 271.213789780935 277.014295260112 278.360406557719 284.574727217356 283.66216023763 275.501847267151 266.687989234924 258.229295412699 254.574179649353 260.255535443624 285.94434261322 295.812169710795 296.809256076813 296.273390452067 290.148258209229 291.682283083598 293.780545393626 297.271251678467 297.813355922699 292.732397715251 280.686954657237 273.261964321136 277.358969052633 288.03030649821 292.864441871643
161.502679189046 163.102279106776 170.22713025411 177.409946918488 184.390803178151 189.569572607676 196.878393491109 212.533334891001 232.089757919312 248.244146505992 259.08366839091 272.980153560638 283.794820308685 287.786384423574 289.129197597504 293.079574902852 291.80653889974 283.627072970072 271.301488081614 265.982747077942 264.708956082662 263.239741325378 272.779623667399 275.914629300435 277.229150136312 278.62803141276 274.983982245127 268.632829189301 265.811542669932 265.483756860097 265.617628892263 290.334482987722 294.762969017029 296.063005924225 294.212400913239 295.606970787048 295.712570349375 295.537213484446 297.398090362549 292.725443840027 282.693187395732 271.019419034322 266.951461633046 281.163255373637 297.275265057882 292.076786359151
183.590173721313 166.970531145732 154.091487328211 144.20739809672 147.447168827057 163.839419682821 185.000757376353 195.899446805318 206.409096717834 213.691194852193 234.992106755575 257.306218147278 271.205524603526 278.107206026713 282.950401306152 285.65243879954 280.508895715078 270.680328210195 266.804536183675 265.804012616475 261.098881562551 259.612242380778 270.087778568268 272.851089636485 274.965246518453 279.999415079753 277.37166484197 271.485288937887 268.10626188914 266.110161940257 270.920316378276 296.253641446431 295.850495497386 296.652317047119 292.30260848999 293.469111124674 296.736041704814 297.160049279531 290.311753749847 284.96249516805 282.204786936442 276.528716087341 278.51136525472 286.790649096171 289.499859015147 280.767718950907
226.753036181132 198.869029680888 170.923709869385 147.349019845327 137.956917285919 149.509489536285 175.189336140951 192.534188429515 196.828961372375 196.657141049703 206.859171390533 221.06659412384 231.16530974706 238.013943036397 246.666888395945 254.26455338796 254.939377307892 256.05966647466 262.495855490367 267.923096815745 267.72669951121 271.150906880697 273.938556512197 272.85905679067 275.86841583252 280.809779961904 279.220422108968 275.544206301371 270.755767822266 269.694924354553 283.753712972005 297.446668148041 297.708868980408 297.570029894511 292.588512102763 290.081977844238 292.862792809804 291.466355323792 283.076246579488 285.012980302175 284.065663814545 279.937704404195 281.054556369781 281.961500644684 273.911992708842 254.71434990565
249.110817909241 224.627792835236 203.759491443634 182.377378145854 161.310722430547 147.924522558848 155.822962522507 185.098648071289 198.990901311239 207.398454348246 204.39467827479 198.620140552521 194.304347038269 190.273304780324 192.631284395854 208.474655946096 221.07074658076 240.022222201029 258.051713307699 269.780039787292 273.471256097158 274.94885524114 275.984863440196 273.74279499054 275.352696577708 277.774294217428 279.517432053884 278.248687585195 274.894972642263 278.011282285055 289.630134900411 297.389189402262 297.126511732737 295.217076937358 292.324582735697 285.914937655131 286.02800766627 281.845152378082 279.950976371765 278.81520986557 273.751219113668 270.692408084869 275.012711683909 278.50612004598 266.092002391815 256.505489349365
258.781870206197 248.304426670074 236.418823401133 220.324397087097 196.894943714142 166.414181391398 144.510646661123 144.322921832403 178.751607735952 204.890787601471 212.518910566966 208.8915904363 199.450294176737 189.321994781494 176.20986700058 179.822941621145 192.814648151398 209.787170092265 233.89987150828 253.580749034882 264.386375745138 270.775318145752 276.984632015228 274.612843990326 273.196796576182 273.113250732422 273.864070574443 274.048328399658 272.908886273702 280.577441056569 289.270023504893 293.059289455414 290.96508026123 287.552158037821 282.461206118266 279.114921887716 280.583103497823 275.272746880849 267.395913600922 258.098403612773 259.511947631836 268.613755702972 282.642940680186 289.463738600413 276.938756306966 273.308436075846
250.8678038915 251.279413700104 246.832509835561 238.35156361262 224.268217881521 201.259116331736 169.804135958354 140.998552242915 155.400733153025 178.522904713949 198.262929916382 208.58363310496 210.772315661112 207.958936691284 195.461650689443 187.655031681061 184.920032819112 189.656853675842 203.889807065328 221.913595994314 238.344391187032 252.069513003031 261.439263820648 258.919576803843 260.63867410024 261.120617389679 262.018005053202 262.970487276713 264.333645502726 273.230910301208 278.817296028137 278.752644856771 277.089854081472 276.264409224192 275.695284207662 276.434262593587 275.948782761892 271.519343058268 262.3171210289 258.995036284129 273.133476575216 285.777886708577 292.862951755524 292.40761200587 278.841912746429 273.325184981028
219.769994417826 230.101764202118 235.224783420563 235.247572263082 232.112228870392 227.780103683472 210.189938545227 190.867841243744 159.472048282623 149.679323037465 162.907342116038 188.987652460734 211.408257484436 222.57524728775 223.775943120321 214.760522047679 199.208418528239 193.86484225591 192.434807618459 195.964475472768 205.139060815175 213.472008705139 223.41509660085 231.475472450256 240.448594093323 243.41227610906 244.711319605509 245.559016863505 247.708121935527 254.569252332052 256.016472975413 256.866335868835 262.8093957901 267.193913459778 270.086248715719 270.030717055003 268.576363722483 270.691275596619 262.325306733449 268.280406792959 286.40741109848 293.697575728099 294.938623905182 292.144020398458 276.676754156748 271.808405717214
164.867619673411 179.374814033508 192.85382827123 204.172809918722 214.370528856913 222.604076067607 223.993559678396 217.946370442708 189.241329828898 162.915647029877 148.455917835236 155.669788519541 184.030512968699 210.830430189768 226.435303688049 216.204504172007 208.058814207713 200.630187988281 191.586434841156 186.027069886525 186.376055081685 186.85644865036 191.135168075562 205.160538355509 218.635777632395 227.046767870585 228.545705477397 229.270656903585 235.079725583394 240.379631519318 243.875404198964 247.135241826375 256.58901532491 260.647575060527 260.52850484848 260.534624258677 264.558096726735 269.103149573008 267.805794874827 279.446244239807 290.111740430196 294.112106164296 293.004413445791 290.345410505931 282.943924268087 282.487014929454
120.063185691833 126.070022583008 135.003308455149 148.743629455566 165.649046500524 183.012266953786 202.34622557958 209.000110626221 209.75665251414 195.209344228109 167.955199877421 147.41595586141 149.527410666148 173.597772916158 201.875766118368 205.995241800944 212.674061457316 209.018667538961 198.049028714498 186.942080656687 180.187662442525 177.714327971141 177.911380926768 186.901966730754 196.761886278788 202.990889549255 206.252376238505 210.842231909434 218.07195742925 223.102509975433 228.00878683726 233.587364355723 240.021546681722 243.373970190684 243.775645891825 245.321849981944 255.550742149353 266.053716341654 270.639995733897 280.849456787109 286.642114321391 288.564622402191 286.489228407542 282.852292060852 278.297523657481 277.595142523448
103.174865245819 99.1060932477315 96.9882607460022 98.2490082581838 107.992470264435 126.735945542653 152.857591708501 175.654868284861 206.049879391988 211.549560228984 198.886156082153 174.055695533752 144.453664620717 142.128179470698 166.336357593536 194.240768750509 211.457391579946 214.020311832428 208.718717098236 198.867837587992 189.625342686971 189.060529073079 188.551604747772 188.929756482442 189.877927303314 189.612785975138 193.979163964589 203.260203202566 207.185447216034 208.647549152374 214.07030026118 219.748437404633 221.353491147359 222.606023152669 225.823899110158 231.266518433889 243.28484137853 255.629380544027 258.62052043279 267.187078793844 272.064844767253 273.211002349854 272.288799285889 273.030718167623 268.19505294164 269.014139970144
88.2015526294708 59.9588801463445 47.5415835777918 40.0359829266866 41.8998301029205 47.0229734977086 65.4351413249969 99.8773177464803 138.994803031286 177.486459414164 209.767123063405 208.832105000814 187.440673510234 160.590867201487 157.638678948085 184.309224287669 201.653182506561 216.118375460307 223.486006259918 218.995988368988 206.814010938009 203.536470731099 199.990312258402 199.007948239644 199.269314606984 197.349429130554 200.112442175547 209.135393301646 209.193348884583 202.361067136129 207.867165406545 213.472863038381 214.413344860077 214.721957842509 218.895236651103 226.427872975667 232.788105805715 237.86606391271 241.82140827179 244.140148162842 249.437391757965 255.312959353129 261.820594469706 266.595602035522 262.330750624339 266.057948271434
95.6247647603353 59.6929093201955 32.0146232843399 19.4473788142204 14.3444910645485 21.8913008769353 33.9050814509392 58.3321948846181 80.143133799235 120.569338401159 163.27436765035 202.651043732961 217.122991879781 205.498496691386 183.376371860504 177.64139175415 183.490037918091 200.031320254008 219.14001305898 228.878279527028 226.451516151428 219.673732916514 216.843148072561 212.161421775818 209.075152873993 207.807242870331 209.233005841573 211.691319942474 207.556784152985 202.243447303772 204.779446125031 209.922115008036 209.914167722066 209.739923477173 213.955203692118 218.056797981262 218.865036964417 218.005160490672 222.856462001801 223.690032958984 229.048331578573 237.08830277125 243.19181839625 247.613271077474 248.5497991244 252.417882283529
85.0889086723328 58.8640222946803 28.3527250091235 10.2439541369677 8.82074857751528 31.6464131077131 49.3690520524979 63.2796585559845 78.4688492616018 101.514766613642 129.964500665665 169.620315233866 188.583453496297 196.326057116191 195.641160011292 170.281767845154 166.239450375239 171.275734901428 187.597274780273 218.503812948863 233.096897602081 229.100267092387 229.885379473368 223.032752672831 215.779443581899 216.570536295573 218.627015749613 214.736441771189 210.01919110616 212.048331896464 211.279153823853 210.621496041616 207.568009694417 205.77073097229 206.681291262309 205.247044563293 202.922483285268 198.664049307505 201.390544573466 204.474190870921 208.615342775981 214.793066183726 218.112687269847 219.535072644552 231.634656588236 237.617373466492
71.4160700639089 60.6250514586767 35.4552914698919 4.01211405793826 11.3477955261866 36.7403825124105 53.0469318230947 68.3225293954213 82.7257931232452 95.3555603822072 112.217485904694 147.327899932861 172.739942868551 184.384385744731 188.46587340037 193.612655003866 189.167777697245 181.48398399353 174.163460731506 182.092150052389 209.183812141418 225.887715816498 233.69155327479 231.236179669698 223.831156889598 224.670926729838 228.57008377711 224.452614784241 222.22775220871 227.134267489115 224.950174490611 212.660511334737 206.217666467031 201.712965965271 196.764508883158 194.991131623586 190.103272596995 188.655654589335 189.637919267019 192.76370604833 195.296665032705 198.529680569967 201.036870479584 203.990081946055 222.023745377858 231.669366359711
64.2129729191462 64.5891924699147 51.6837239265442 13.6473849415779 15.9116598467032 40.6823356946309 61.395933230718 80.0823221604029 94.717413187027 102.029552062352 111.95574204127 133.425732453664 154.036998748779 171.34032646815 183.64151318868 198.884268601735 206.876873970032 198.956569035848 186.440408229828 173.368215560913 184.971630573273 212.555368741353 218.838930130005 224.240362644196 228.318552176158 235.710302988688 239.179909229279 239.132722218831 236.589928468068 238.027612368266 231.470704078674 219.33255592982 209.702988465627 201.337436834971 194.657603899638 191.645403703054 188.738902409871 187.969406445821 188.230951627096 190.564811229706 192.381779352824 194.23234462738 194.584886233012 197.640120983124 210.262993971507 224.500417709351
68.3242579301198 75.5986869335175 75.4356384277344 40.3251796960831 32.7265188097954 59.0396573146184 74.3693361679713 93.6557451883952 107.412159442902 122.813711563746 134.935220082601 137.872566779455 142.098397016525 153.456389904022 164.348781108856 185.02539396286 195.616980393728 203.116794427236 205.116073290507 194.150865077972 178.210059801737 186.580320199331 196.529885133108 210.711598396301 224.237322807312 238.272945086161 242.107649644216 245.277325312297 241.285502910614 239.970783392588 231.882611910502 224.519491195679 214.491486549377 204.457322756449 198.751668135325 193.639814853668 192.208886146545 188.218951225281 187.667012214661 191.130677858988 195.399602254232 196.557223796844 196.090857187907 198.80090157191 199.85564549764 214.809199174245
74.0182151397069 76.9601811965307 87.6299639542897 77.985867857933 65.503403544426 75.4108726978302 79.9434334039688 92.9199556509654 106.740693251292 123.823394378026 132.776399453481 123.263676961263 125.125914812088 130.305786927541 145.309239625931 163.479963938395 175.723155339559 184.602876504262 192.521492640177 196.315964063009 189.852098623912 180.535316467285 180.644551912944 192.278822263082 200.776100158691 211.200833320618 216.949919859568 225.824773311615 222.014943758647 236.467619736989 231.918712457021 224.396189053853 215.004007021586 207.191586494446 202.114721139272 196.698526541392 192.546248435974 183.511435985565 181.370536486308 189.716796080271 196.651657422384 199.024597803752 201.131482919057 200.208564599355 196.213205655416 207.072933514913
