input/barkrak2/radiation/dir28624.grid
NCOLS 85 
NROWS 70 
XLLCORNER 665100 
YLLCORNER 4664600 
CELLSIZE 20 
NODATA_value -9999 
[rows 0 to 20 of 70, columns 0 to 47 of 85]
161.326279242833010 177.302459875743 194.498399893443 216.992179552714 227.638741334279 228.809038798014 224.621792634328 219.582796096802 219.065388043722 222.586234410604 222.737491130829 222.28608528773 219.752172629038 220.558285713196 222.272634506226 211.202085018158 198.633631070455 186.816036701202 183.956166108449 173.009753227234 172.100901603699 188.953439394633 216.018319129944 223.765770594279 226.503729820251 238.646825154622 237.113217512767 221.911350886027 207.88300037384 206.94371064504 202.502330144246 224.497278531392 270.455837249756 269.985099633535 267.9243683815 253.243148326874 257.11190700531 271.923800309499 269.416848818461 269.456187884013 257.359405358632 261.503597100576 269.759853680929 266.344964504242 255.775173505147 259.137272834778 264.78640238444 235.82923412323
138.906766970952 156.81004524231 172.789692878723 191.68625275294 206.803321838379 214.962085088094 217.390338579814 220.865984757741 229.027072588603 229.263663291931 225.782771905263 222.374419371287 219.69211101532 221.967895825704 222.46265411377 211.17643515269 204.621275266012 195.201555887858 190.207044283549 179.809808731079 186.079899470011 209.78844165802 232.146143913269 234.895745913188 238.560815652212 245.030641555786 239.558716615041 225.993017355601 212.830026944478 208.949347337087 209.743122259776 239.018082618713 272.822598616282 270.674506823222 267.281095186869 255.973676840464 261.14030679067 272.444605827332 268.268843491872 267.834822336833 262.601176897685 261.82746887207 258.479535579681 252.395212650299 248.858094215393 257.597963015238 254.791378974915 219.594399134318
101.808408896128 112.82867193222 126.24712785085 139.399627844493 154.063840707143 166.593104600906 179.37441666921 198.104759057363 212.398409843445 215.634862581889 217.239816983541 221.079150835673 228.140672047933 231.504619121552 231.717447439829 235.028783480326 235.662500063578 224.667310714722 206.754167874654 196.148852507273 206.319868564606 222.593466440837 233.247756958008 236.25248670578 240.452229976654 240.302602450053 234.876910845439 225.615799427032 217.443505922953 217.733263969421 227.418680985769 255.415419737498 271.82525396347 271.074453989665 266.03905359904 261.637806892395 267.200569311778 272.368232409159 270.710210005442 266.271551450094 259.301066398621 248.761296272278 234.762926896413 231.115738550822 241.181592146556 254.464407761892 242.970188458761 209.640840689341
83.6157103379567 83.5567613442739 91.323842604955 96.7973172664642 105.343878269196 113.309760888418 122.512310743332 140.450924634933 162.358423074087 181.865413983663 199.020524819692 216.491242249807 229.534904162089 234.034895896912 237.525502840678 244.260211785634 241.416116555532 229.974587758382 211.946388085683 205.750981966654 206.23900492986 206.182916959127 218.879898389181 227.914571762085 228.894670804342 230.030576388041 230.184316635132 226.957321166992 225.86993376414 229.405144850413 234.083235263824 259.782592455546 268.238226572673 267.718036969503 263.963758945465 265.09416103363 268.765866756439 268.160541852315 265.209118525187 253.285626570384 245.665927728017 232.350905736287 227.864563465118 241.822461287181 257.573505242666 252.071499824524 231.567780176798 205.636143684387
104.971875747045 88.7365142504374 76.2845824162165 65.6825304031372 67.0213053623835 84.833691517512 109.255323807398 120.985905329386 131.32905960083 139.868974685669 164.486428101858 190.528750419617 207.773447036743 216.296454270681 223.53192170461 228.23033730189 224.478006362915 216.468612353007 209.9356452624 205.607692400614 200.700084368388 199.376066525777 211.613595485687 219.976186752319 223.260203997294 230.256378650665 230.682512124379 229.017376899719 227.982978026072 226.947903633118 234.294533729553 262.318213780721 264.289279778798 264.884412288666 262.022952238719 261.169632275899 260.623097419739 258.801023165385 249.106148878733 239.759981632233 238.811552524567 236.154437065125 241.742173830668 252.146363258362 254.38662370046 232.57980744044 204.202433427175 195.552329222361
150.245537360509 121.107518672943 93.0241147677104 69.9834028879801 60.9359989563624 70.9408223628998 96.0226555665334 117.242862780889 122.414807478587 120.880782604218 131.184279918671 146.36637767156 157.282143831253 164.662500222524 175.215661525726 185.495694478353 189.857085545858 197.429239749908 205.244600772858 210.078477859497 210.643152395884 212.014734745026 212.159832318624 215.027511119843 220.848600069682 227.380792299906 230.280617872874 231.736779212952 231.472770373027 232.346514860789 247.015357017517 263.752341270447 261.032144228617 258.934358755747 256.833016872406 254.999756813049 254.108071327209 250.012795130412 239.904006322225 240.258355935415 239.847938219706 237.884342670441 239.736715952555 243.334670861562 231.931209564209 202.656586964925 175.777951876322 184.509058793386
177.314718564351 150.049308935801 127.509613831838 104.991167783737 82.8675429026286 70.3562796115875 76.3482401768367 106.651445229848 123.0242451032 131.67542219162 128.415763378143 123.423308134079 119.182497262955 114.629030227661 116.70180161794 132.830013831457 147.750695546468 170.834143956502 193.747719128927 208.022554715474 216.540932655334 220.275600751241 216.859757900238 213.323871294657 216.428518295288 219.627896944682 224.757651487986 229.088028271993 230.688869953156 237.535178661346 251.501441001892 259.755770365397 252.618968486786 247.954726219177 246.08854452769 243.591129779816 243.006964524587 237.285594145457 232.119898001353 227.554837862651 221.892873446147 220.671991507212 227.850556373596 235.260844230652 226.174473762512 215.269267559052 227.360248565674 237.754384676615
192.964216073354 179.47793006897 164.412160714467 145.815551280975 119.454979896545 87.6812736193339 67.4152374267578 64.3580903609594 96.4475472768148 128.362248341242 137.901147206624 134.384045998255 125.124583641688 114.108741283417 99.9245544274648 102.770467599233 116.525361935298 134.832561016083 161.202112833659 183.683753013611 200.109223524729 212.044179439545 218.871335188548 214.180111885071 212.457199891408 210.928757985433 212.368965148926 215.166052182515 219.987034797668 230.88014125824 243.444800376892 247.498154640198 240.272402763367 234.407901763916 228.636205196381 226.207296053569 231.16397857666 227.758467197418 221.150974432627 204.012076059977 202.203790346781 211.827576160431 229.572256406148 241.659303506215 239.904046058655 241.379221280416 249.65622027715 252.854824066162
158.080875873566 168.106615543365 177.815099557241 167.540828386943 151.514271895091 125.310083230337 92.6492710908254 64.0204250812531 76.7829815546672 97.3742206891378 121.493180592855 134.598394234975 138.447652260462 135.313133398692 120.475987593333 110.90142528216 107.534885406494 112.371881802877 127.182404200236 146.15265528361 163.954844077428 181.930661201477 195.514718691508 195.062895615896 197.731514771779 196.330507596334 196.79985443751 199.351449807485 202.578862508138 212.974707285563 219.158987204234 222.70542383194 219.336330890656 218.343456586202 218.892753124237 220.726052920024 221.400300661723 221.198995908101 216.088275114695 208.692332108816 219.731728235881 233.311057090759 243.005732695262 245.244204998016 237.44668563207 233.164926369985 236.254354317983 246.617555618286
103.110591570536 129.231711228689 138.191302617391 147.543479998906 146.248737970988 155.599862337112 135.115365187327 113.030731678009 81.4233620961507 71.0597982009252 83.5657715797424 112.387895584106 136.735856533051 149.76774652799 150.590767463048 139.622867107391 122.671316067378 116.525332132975 115.23292462031 118.729839722315 127.9256939888 138.364255428314 150.956839323044 161.233375469844 172.443250815074 174.859603246053 175.317525863647 177.359759807587 180.664261182149 187.822858492533 189.090689023336 190.208951632182 196.584701538086 203.007976214091 208.92870426178 211.687882741292 210.487922032674 215.265274047852 214.910666147868 222.549319267273 239.092290401459 247.214516003927 248.030285040538 245.337108771006 236.806968847911 232.764840126038 243.395904699961 252.689599990845
58.9359700679779 67.7532255649567 73.6054082711538 99.6462901433309 105.496654907862 123.205890258153 130.974759658178 123.966554800669 97.5520809491475 74.2750068505605 60.3573421637217 63.2682194312414 87.6413782437642 110.623111327489 127.282589673996 126.229474941889 121.381988128026 115.370591481527 109.793275594711 104.551454385122 103.949586550395 105.791389942169 113.249311844508 128.751625617345 144.835710525513 154.035647710164 157.194395860036 158.11358888944 165.066222349803 171.261250972748 174.692988395691 178.322593371073 187.979876995087 192.191163698832 193.26921304067 195.373177528381 202.45748758316 209.387123584747 216.461042563121 233.951489130656 245.093723138173 246.964871883392 246.115406354268 243.011911710103 239.339828491211 241.313417752584 249.262273311615 250.368158022563
33.4660882751147 32.122070590655 33.3448847134908 34.5913494626681 53.124929467837 69.4723228613536 78.9165099461873 86.4025155703227 88.4649157524109 87.4968965848287 68.0287927389145 55.1196833451589 58.1227988004684 75.6076027949651 96.3750183582306 103.240678707759 113.514085610708 114.552776018778 105.405867099762 99.9095737934113 93.5835440953573 94.2989389101664 95.2069063981374 105.251004298528 116.437534491221 124.149819215139 128.975222508113 134.678224722544 142.684797445933 149.179697036743 155.672897895177 160.905381043752 167.981863021851 171.797255674998 172.652820746104 176.035145918528 187.936107317607 200.022220611572 209.477563699087 227.635661760966 236.768325169881 237.788001696269 233.976602554321 228.439807891846 227.105100949605 226.555466651917 232.948819796244 240.899165471395
26.0427072644234 18.315814435482 15.0108858942986 10.6509489317735 5.22110238671303 5.3167628745238 27.3458212614059 46.8301475048065 67.6490316788356 86.0253771146138 79.2689174413681 68.2177791992823 52.4965425332387 53.448960185051 66.0682817300161 87.6033107439677 105.391254027685 110.71389913559 110.853175322215 104.900379975637 99.5607078075409 100.446750720342 103.65151365598 105.549295743306 108.660866816839 110.421746969223 115.401297807693 125.25204817454 130.110114812851 132.264713446299 138.328681389491 144.917597373327 145.236035188039 148.153831561406 152.465085188548 158.658921718597 171.20748758316 185.37700176239 188.773850599925 200.205365816752 209.255973498027 213.670432567596 213.81805340449 215.078552563985 212.921400864919 213.895281155904 217.709342638652 223.805507024129
26.4317567149798 9.27667692303658 2.63374019414186 0.0789122326144328 0 0 1.02480811377366 20.4431638121605 41.520801683267 60.6304655472438 75.3094454606374 78.2443036635717 77.3976892232895 67.2749976317088 65.1323745648066 83.433469136556 97.3992149035136 108.628869056702 118.674099445343 119.734654823939 109.864105780919 108.775188525518 110.081444183985 112.589379151662 114.045947790146 116.071393092473 118.874619404475 128.651479880015 130.333284536997 124.340484539668 130.122075478236 136.782467365265 138.257265090942 137.969116369883 144.555201133092 152.267803748449 157.260517279307 164.13492957751 169.47340965271 172.885537147522 179.576595624288 185.203810532888 192.975481351217 202.026069164276 202.561994393667 209.177295366923 210.570057233175 206.891675790151
34.7732355197271 13.3382131656011 0.812547902266184 0 0 0 0 9.50165092945099 21.9829529523849 42.7665015061696 72.6313839356105 92.4495657285054 100.736866394679 98.1508990128835 83.1830600897471 82.5613588094711 85.0723187128703 96.9446003437042 115.452269713084 124.243915081024 125.088026126226 121.635874112447 121.115207672119 117.974350849787 120.014607906342 122.982094685237 126.258412996928 130.901594956716 129.324267307917 124.532361825307 127.094695965449 131.96724653244 131.717334191004 131.786833206813 136.577626069387 141.099433104197 143.027762571971 142.064889272054 148.461103439331 148.825943470001 155.561844507853 164.268493652344 170.901199181875 177.615920702616 181.314130624135 188.936193784078 201.576292514801 209.449887275696
30.905211965243 16.4283389846484 1.24332083699604 0 0 0 4.33177004257838 9.72894641260306 22.6679841677348 37.3159597317378 64.2184913158417 93.1339760621389 105.084280172984 112.851331631343 105.457991361618 85.5836073557536 77.6377022266388 81.2873840332031 95.6603785355886 118.795335292816 129.998366038005 128.222058216731 131.210505962372 123.93182516098 120.283186435699 122.920284668605 128.502190113068 128.833870093028 129.666268825531 133.306225140889 131.844639778137 131.126493215561 128.835767507553 127.156356970469 128.162761529287 127.048999071121 124.331523974737 120.634982983271 125.699212153753 128.765910863876 133.30465555191 139.901657899221 143.560936053594 147.016654411952 160.997609297434 167.706310749054 183.599233627319 196.569005648295
26.5750413139661 19.6276108423869 3.21443192660809 0 0 0.324211122157673 6.19522854685783 16.2956491112709 27.5927806893984 34.7176343202591 46.5084811051687 75.3918091456095 96.3203112284342 109.165042638779 114.510496457418 107.288559277852 104.684412479401 95.3439275423686 89.3628398577372 97.3144769668579 118.132740259171 131.785253683726 135.835707187653 133.925537268321 126.203705867132 128.27796737353 129.682878653208 128.214299678802 133.968611558278 142.721305290858 144.218951463699 133.584201335907 127.864629030228 122.81988064448 117.754578590393 117.276608943939 112.188160419464 111.008564631144 111.655672391256 115.928093592326 118.814498186111 121.988594532013 125.82802772522 128.897925217946 148.820698261261 159.584124883016 169.733007748922 176.096320152283
22.4811906615893 22.0820531249046 11.710487306118 0 0 4.22094327708085 10.8504121502241 25.6993025541306 36.0768884420395 40.099894007047 44.985701640447 58.490976691246 77.7093023061752 94.6679810682933 111.306836207708 123.74339501063 127.221524715424 116.885920365651 103.035350640615 90.7285710175832 99.8466809590658 122.806082169215 131.161471207937 132.713834444682 134.127994378408 136.611600716909 137.09889849027 133.04669658343 132.646441459656 140.762994686762 139.877051115036 126.159509023031 132.029483715693 123.035262028376 116.18427435557 113.805880149206 110.517332951228 110.322544972102 110.061794519424 112.779080867767 114.848673343658 116.816977659861 117.460111776988 120.635092258453 134.030918280284 149.499336878459 159.045537312826 161.004781723022
23.9295959472656 27.306392788887 26.7319530248642 2.14740230391423 0.959843164309859 13.366478184859 18.6006128787994 34.9957396586736 46.1296637852987 55.7402720053991 60.7670843601227 62.8015001614889 71.256160736084 80.3897480169932 97.7707207202911 115.071803331375 119.200487931569 125.83115696907 125.719457864761 111.315965652466 96.4232087135315 107.636153697968 116.488844156265 127.388775348663 136.393964290619 142.171442508698 137.811720371246 140.836298465729 140.133668979009 130.437503258387 119.550367196401 117.062628269196 118.168930212657 109.420895576477 112.558782100677 116.005082925161 113.833794991175 109.70272620519 109.504679838816 113.124072551727 115.759154160817 118.146687746048 117.79194076856 119.159400463104 121.460855007172 136.780718962351 143.466214338938 143.808364868164
25.1611943046252 26.2841756145159 30.2841713031133 22.5157861908277 12.0056234300137 20.6556096673012 21.7729186018308 30.073677500089 45.5798208713531 54.3254415194193 60.2907637755076 59.4184945027033 59.762567281723 66.79368019104 83.8068127632141 100.110918283463 106.890867153804 116.081386804581 122.294008731842 124.15999174118 118.138571580251 107.137948274612 108.131269613902 116.234451532364 129.152894020081 132.491360108058 136.01345817248 140.330533186595 135.279675324758 125.83714723587 112.091958522797 109.872957070669 101.539303859075 88.6839727560679 95.2662030855815 90.1405115922292 91.9393102327983 88.2849196592967 101.030846436818 107.879499594371 111.762791872025 113.340109586716 119.676500558853 117.035448551178 113.157172997793 124.482393264771 125.625977913539 131.13467892011
30.2528540293376 22.4678739905357 19.979540258646 34.1597671310107 29.4395089149475 28.5625209410985 21.9300240278244 33.9478800694148 36.1328125 44.9992070595423 51.716739932696 51.9892871379852 50.7415781418482 54.7255973021189 64.8394525051117 77.9700974623362 90.4329220453898 99.1138418515523 110.783418019613 124.406158924103 133.001357316971 122.699409723282 122.124214967092 125.997503598531 127.809941768646 123.779118061066 123.209903637568 129.84557946523 122.35031525294 120.331197977066 111.391613880793 91.9785300890605 70.464015007019 59.2212776343028 50.1497238874435 58.4382712841034 62.4250421921412 68.1211402018865 73.2409457365672 86.5754584471385 90.5082921187083 92.9607649644216 100.137869517008 99.3169446786245 103.810479243596 109.223186969757 112.468391656876 119.058797756831
