input/barkrak2/radiation/dir27524.grid
NCOLS 85 
NROWS 70 
XLLCORNER 665100 
YLLCORNER 4664600 
CELLSIZE 20 
NODATA_value -9999 
[rows 0 to 20 of 70, columns 0 to 45 of 85]
191.873848438262996 207.555890083313 223.895788192749 243.925313154856 253.525793552399 253.690342108409 246.877312660217 241.126259167989 241.679151852926 244.535307089488 243.71063709259 244.061509768168 242.431104183197 243.170738220215 245.11589606603 235.634724299113 223.995566368103 211.824536323547 208.368003368378 196.792701880137 193.879743417104 208.8942527771 235.739290714264 243.707557519277 245.900372664134 256.953756014506 255.645871162415 240.769843260447 225.40146112442 223.629593849182 219.444334506989 240.070184071859 284.555117289225 283.281286557515 277.926603953044 266.920308272044 270.91125647227 286.216457684835 283.07702143987 281.601230303446 269.90020275116 271.293958028158 282.356897989909 281.161427497864 270.336846510569 273.603399594625
169.96822754542 187.947193781535 203.827321529388 223.595996697744 236.189246177673 241.260131200155 240.91374874115 242.569069067637 250.799854596456 250.815431276957 246.68288230896 244.6581919988 243.529299894969 244.502981503805 244.348406791687 234.531799952189 228.635132312775 219.80607509613 215.058128039042 204.31129137675 208.214124043783 229.165852069855 250.28250614802 253.460188706716 256.742060184479 262.46319214503 257.397373517354 244.296948115031 230.335553487142 225.524206956228 226.34212176005 254.101653893789 285.645802815755 285.145183404287 277.987062931061 268.996556599935 273.900707562764 285.571535428365 281.699617703756 282.659471035004 274.576226870219 272.88560072581 270.876149336497 268.786489963531 265.751381715139 273.588081200918
132.347236076991 145.602196455002 158.537844816844 171.901643276215 185.947755972544 196.305175622304 207.462469736735 223.649442195892 237.235764662425 238.641798496246 238.813618818919 242.636879285177 250.714639822642 254.568000634511 253.398338953654 257.148802280426 257.622619469961 247.89567788442 231.198271115621 220.516840616862 229.023694992065 243.031223615011 252.019604047139 254.736959934235 259.467323621114 258.999009927114 252.931157747904 243.634661038717 234.739462534587 233.550687630971 242.077787717183 269.867837429047 284.649630387624 284.88693634669 278.680205345154 273.694038391113 280.067225297292 284.646928310394 283.456007639567 280.368268489838 272.788008054097 263.92936706543 251.898427804311 249.915738900503 259.707570075989 271.570881207784
114.174624284108 114.235212405523 122.930020093918 130.107353130976 136.94108525912 141.859928766886 150.480290253957 167.938848336538 189.823230107625 208.723564942678 223.885953426361 240.99063873291 253.597358862559 258.312861124674 261.12566391627 267.339905103048 264.881591002146 253.756205240885 236.942966779073 229.478398958842 229.187945524851 228.782614072164 240.459779898326 248.149772485097 248.820662498474 250.173886617025 249.681194623311 245.540658632914 243.372559547424 245.488325754801 248.64927927653 274.98451868693 283.050537109375 282.858749230703 279.573957125346 280.939797560374 282.817244529724 283.321698506673 280.240058898926 269.783616065979 262.228767077128 249.736309051514 245.028158028921 258.234361807505 274.449229240417 269.742707411448
136.705577373505 118.662496407827 105.645845333735 94.6511626243591 96.5458850065867 115.928143262863 137.917071580887 149.248818556468 160.39369503657 168.816566467285 192.852099736532 218.722462654114 235.152939955393 243.652959664663 250.353932380676 254.503846168518 249.119102954865 240.009188652039 233.396907647451 230.161309242249 225.303590297699 223.053971926371 234.431942303975 241.635163625081 244.169990221659 250.648061434428 250.503818194071 247.925440470378 245.881001154582 244.221885999044 250.920077164968 279.82368071874 280.980070432027 281.26315275828 275.827566782633 277.285675207774 278.144419193268 277.040958404541 267.003377278646 258.874217669169 257.302105426788 254.096488157908 258.061528205872 267.356336116791 270.796656608582 253.651678562164
181.962450345357 151.279558738073 122.303475936254 98.3919501304626 89.7971391677856 101.348241170247 127.465605735779 145.586490631104 150.427867968877 149.896621704102 161.005000273387 176.368852456411 187.448998292287 195.020059744517 205.084602038066 213.90289068222 216.750601927439 221.653560797373 229.00116443634 234.393080075582 234.895428021749 236.942132314046 237.80369758606 238.886694113413 243.070344130198 249.143799146016 250.551621119181 250.910460948944 249.429086844126 249.421954154968 263.127426306407 279.532233874003 277.783910433451 277.649720509847 273.453772068024 271.304865678151 272.308707237244 268.414457639058 259.149074554443 259.521464506785 259.252468744914 256.35826587677 257.776002089183 261.049787203471 250.418424606323 223.679820696513
205.865720907847 179.391503334045 156.801591316859 134.197841087977 112.482408682505 99.192221959432 107.128401597341 137.257605791092 152.363429466883 161.174754301707 157.921026150386 152.448683977127 147.940238316854 143.570721149445 145.958324273427 162.894904613495 176.711161931356 198.851446310679 220.377643903097 234.462837378184 241.087714831034 244.02662118276 242.111841837565 239.126880963643 241.731464862823 244.325836499532 247.600078582764 249.986211458842 250.227014223735 255.403319994609 267.889459927877 275.617698828379 271.911879380544 266.808152198792 264.856696128845 262.510597705841 261.744558811188 257.406890392303 252.798537413279 249.232649803162 243.786712487539 241.96324745814 247.903645038605 254.360516866048 243.585467338562 232.612490653992
219.068805376689 206.278781096141 191.950817902883 174.86846446991 149.456530809402 117.002179225286 95.1411227385203 93.0367509524028 129.651914040248 158.319930235545 167.294144630432 163.217037916183 153.58954668045 141.877353191376 128.787457942963 132.000058889389 146.201590696971 164.095898469289 190.62074025472 213.085472583771 227.401336034139 237.613081932068 244.615018367767 240.66956837972 238.929152488708 238.044321537018 238.543629646301 240.329464276632 242.347518603007 251.481294631958 262.191196282705 266.014357407888 260.344366232554 255.293687184652 249.895672003428 247.916440169017 251.916468143463 248.192588488261 241.180340449015 225.754777590434 225.204944610596 234.906951586405 252.490043640137 262.511491775513 258.475025494893 257.178743680318
210.559328397115 210.757772127787 205.11265595754 195.173044999441 179.364383220673 153.656293948491 120.311270157496 91.5299654006958 105.105092128118 129.408329725266 150.173475344976 163.253168265025 166.270941495895 162.961463133494 149.174511432648 140.568832556407 137.725134690603 142.178138097127 157.769680023193 177.130997180939 195.531805356344 212.096254030863 224.34135278066 222.111423810323 224.037647247314 223.546544710795 223.702073097229 225.648442904154 228.212893009186 238.601942857107 244.962294896444 245.244224866231 242.379089196523 241.623242696126 241.026818752289 242.559393246969 242.932140827179 241.995950539907 235.709508260091 229.095121224721 241.4311170578 254.790425300598 264.748692512512 265.32236735026 258.080840110779 251.710295677185
158.712923526764 186.622500419617 192.394137382507 192.380607128143 189.274509747823 182.890752951304 163.026392459869 141.438772281011 109.141250451406 99.532941977183 113.316833972931 140.706986188889 164.986550807953 177.683532238007 179.304897785187 168.954690297445 152.387489875158 146.541178226471 145.660509665807 149.350643157959 159.146090348562 168.511549631755 180.049002170563 189.612646897634 199.982066949209 202.912449836731 203.465342521667 204.997738202413 207.911292711894 215.396503607432 216.843843460083 217.89675951004 224.820872147878 229.548633098602 232.928613821665 234.341561794281 233.104387919108 237.224777539571 235.031565030416 241.577724615733 258.307913939158 265.880684057872 267.751812934875 265.054225921631 255.91250260671 251.143256823222
87.3248477776845 109.176456928253 128.275483846664 144.068618615468 169.728020826975 178.435206413269 179.022967815399 171.259860197703 140.285432338715 112.886140743891 98.3054240544637 105.845391750336 135.155359903971 164.220601320267 181.355834007263 170.311033725739 161.315043767293 153.102209170659 144.149204095205 138.956328233083 138.808349768321 138.336579004923 144.51132218043 159.99781092008 174.915850162506 184.422850608826 185.83353360494 186.523238817851 193.442940711975 199.184934298197 202.667772769928 206.572651863098 216.909130414327 221.422334512075 221.061706542969 222.260038057963 227.439264456431 232.961495717367 238.372643788656 252.830346425374 263.48735888799 265.414516131083 264.783581097921 261.985083421071 257.962822914124 258.903384208679
56.3237369060516 55.6252847115199 62.0548824469248 76.2055963277817 99.5376308759054 113.42641711235 135.401914517085 162.431528170904 162.900477647781 147.11461464564 118.601987759272 95.7192877928416 98.4262625376384 120.421747366587 154.704550902049 160.147647062937 166.579802831014 162.044525146484 149.942050377528 138.77942164739 131.503442923228 130.173156658808 130.751113096873 140.457391738892 149.920413891474 157.438139120738 161.387185255686 166.542659203211 174.30591583252 179.734448591868 185.069044431051 190.821309884389 197.535276412964 201.359391212463 201.704303423564 204.589207967122 216.412862141927 228.670299053192 234.310309092204 249.303599198659 256.616393725077 257.79934724172 254.552642504374 249.392410119375 247.649172941844 246.912896633148
44.3940709034602 36.7221956451734 33.1568469603856 26.3072997331619 26.3704111178716 39.9565175175667 60.3062709172567 89.4004503885905 116.608202457428 118.806491295497 124.091496070226 109.022468328476 84.3969384829203 84.5423539479574 103.626211484273 134.890019893646 150.758554538091 159.994184970856 159.000873565674 149.874816338221 140.465209881465 141.292442878087 140.7736937205 141.04018608729 143.148978551229 143.648515144984 148.343433936437 158.082187175751 162.317514419556 163.850386937459 169.62476571401 175.515095392863 176.916480064392 179.015437761943 182.247996330261 188.217679659526 201.2064854304 215.421557426453 218.461175759633 229.209542274475 236.62926753362 238.17777633667 237.236579259237 237.409512201945 234.927197297414 235.564529895782
46.1193422476451 26.2428646286329 11.4948513607184 6.72933583458265 1.40211048225562 0.0132636038567095 6.04364400108655 38.9669413367907 68.8505967458089 91.2199219067891 109.349568684896 120.739758014679 109.136452277501 93.5676296552022 91.3689235846202 112.421979506811 130.000839630763 147.176851828893 158.182362715403 159.960478544235 149.604399998983 148.383597532908 146.995862325033 147.899071375529 149.119059244792 149.603257576625 152.47302254041 162.736604611079 164.462188879649 157.110502322515 162.736703952154 168.613950411479 170.10889450709 170.409043629964 174.482146898905 182.555953661601 189.209421475728 195.969462394714 199.828883012136 202.677150567373 208.946565786997 215.787410736084 223.507543404897 229.894379774729 226.239085197449 231.991628805796
51.9714802503586 24.590015411377 6.97957848509153 1.72616308555007 0.014529017789755 0 4.76206776996454 24.1623496015867 41.3016726573308 66.9690370559692 92.189610004425 116.979052623113 128.65016857783 123.54564666748 109.085241953532 105.820467074712 110.151082277298 125.538557767868 148.207684357961 156.134098768234 163.972586393356 160.608579715093 160.835425059001 157.33003616333 155.332773923874 156.408578157425 159.254759550095 162.560780843099 160.114099582036 156.577825546265 158.701578776042 165.061930815379 164.697964986165 164.41003481547 168.943206469218 173.277835051219 174.984316031138 174.062192440033 178.826053937276 179.900983969371 186.574995517731 195.462822914124 202.324469884237 207.089145978292 209.425747394562 214.69642718633
43.9151177803675 28.0994226535161 6.28171240290006 0.317127249824504 0 3.72787068287532 15.6789210935434 26.665635406971 40.2827188372612 57.6619605223338 81.9036016861598 111.749430497487 130.401154359182 142.605483531952 131.222506364187 109.246780474981 102.196911970774 106.33663336436 121.261616547902 145.693838596344 158.291002114614 160.880883534749 167.572180430094 164.891620477041 159.445941448212 164.230525493622 167.220950126648 165.146966775258 162.012100219727 164.371947447459 163.003971179326 163.087606430054 161.858449379603 159.065355857213 160.987108945847 160.108645757039 157.849093278249 153.341263532639 156.583199898402 159.180025259654 164.248685042063 170.871814092 174.494028091431 176.45929257075 190.378546714783 197.151899337769
39.1751925150553 31.6027750571569 12.4852918088436 0 0.098041045324256 5.3144283592701 19.739355891943 31.5756921966871 44.3099439144135 53.5129855076472 67.8512652715047 96.7215200265249 121.424247821172 133.531351884206 140.149354934692 132.963428894679 128.565818071365 119.359036286672 111.717710892359 120.056529839834 141.865521669388 156.958003838857 165.682554244995 159.284323453903 163.516600926717 168.499926726023 176.491896311442 172.691444555918 172.758221626282 177.831669648488 176.299552122752 164.763033390045 158.01132718722 153.347363074621 148.290952046712 148.005783557892 143.552164236704 141.672134399414 143.419772386551 147.435377041499 150.085876385371 153.477877378464 156.389812628428 159.537613391876 179.196914037069 189.962863922119
34.7086116671562 34.3016336361567 23.4516983230909 0.290229082262764 0.508887460455298 12.1198855340481 25.8806124329567 41.2538597981135 55.1164050896963 60.4563156763713 67.0668383439382 84.2792987823486 103.603780269623 120.84835767746 134.604275226593 146.497994661331 149.920086065928 140.978753566742 125.92488527298 114.327490329742 122.508863608042 147.442479928335 154.891153176626 156.233976284663 160.566916068395 165.036569039027 168.452898661296 174.477775891622 184.567511081696 187.141259511312 182.444135348002 170.872628688812 161.503950754801 152.96991666158 146.407395601273 142.999202013016 139.713237682978 139.463057120641 139.961351950963 143.629024426142 146.324902772903 148.277580738068 148.705979188283 152.725120385488 166.169941425323 181.699494520823
36.3332430521647 44.1624770561854 42.6902522643407 11.3607533276081 8.24180928369363 24.4029586513837 36.6029540697734 52.8576672077179 66.2526239951452 79.1151771942775 88.4989301363627 90.2387003103892 99.6950070063273 110.393981138865 123.98240963618 140.734930833181 151.552965243657 153.59158317248 151.449183622996 137.374142805735 119.065046310425 130.618592103322 139.644722143809 150.55709083875 161.130875349045 163.00493478775 164.072970549266 168.332020441691 162.984351317088 174.076716105143 166.571776072184 175.578633944194 166.199187437693 155.745565891266 150.310536225637 144.503811995188 143.203675746918 139.543642600377 139.338841040929 142.079621553421 147.034744421641 149.821857611338 148.703048626582 152.877459923426 155.058940251668 170.073588689168
42.0464972654978 38.9362648129463 53.0340075492859 40.0766457120577 27.8174628814061 40.7586619257927 41.796753803889 52.2627731164296 64.6037956078847 82.0764154195786 90.3180241584778 86.5390300750732 86.9654417037964 94.4794118404388 106.629600127538 125.852912664413 138.631582260132 144.74215110143 148.914555708567 150.44574936231 144.367118676504 131.568809350332 131.142596403758 140.7350897789 152.281979719798 157.203018665314 158.306469519933 160.272965828578 150.41583776474 152.432044347127 142.599473396937 140.543162822723 142.181098461151 137.500236431758 153.151939312617 147.891809542974 143.597582976023 134.411195913951 131.309886773427 140.18972714742 147.031168142954 149.759928385417 151.94762746493 151.436328887939 146.946668624878 158.458520968755
49.5815277099609 37.5194077690442 42.0010834932327 56.0365716616313 50.3236701091131 45.3515946865082 39.632186293602 48.7812459468842 60.9746823708216 72.0227956771851 79.0580809116364 78.4099747737249 75.8809794982274 80.9753437836965 91.8397804101308 105.896254380544 119.621217250824 128.873080015182 139.055569966634 155.017197132111 162.76882092158 150.324642658234 148.349543412526 150.860736767451 150.842219591141 146.171808242798 149.886926015218 145.49191792806 150.875568389893 139.407873153687 125.887672106425 121.377835671107 100.079993406932 89.9841487407684 95.9023237228394 109.256247679393 108.201920986176 132.835080226262 134.586671988169 136.785984039307 140.688866376877 141.592691342036 146.215120951335 138.776401678721 143.289695183436 149.170815944672
