input/barkrak2/radiation/dir21524.grid
NCOLS 85 
NROWS 70 
XLLCORNER 665100 
YLLCORNER 4664600 
CELLSIZE 20 
NODATA_value -9999 
[rows 40 to 59 of 70, columns 0 to 45 of 85]
304.336349169413 305.427610874176 305.358131726583 306.883752346039 312.215745449066 316.178520520528 318.438371022542 321.995794773102 321.783900260925 312.530736128489 301.300267378489 296.240588029226 295.487523078918 291.929125785828 289.792656898499 290.415128072103 288.770834604899 287.314573923747 284.076650937398 282.412568728129 285.46937306722 289.269765218099 289.55336411794 286.789794762929 283.396561940511 279.153188069661 286.261200904846 286.765038967133 287.346720695496 286.496222019196 284.287512302399 281.718532244364 263.144532839457 262.333830197652 286.579449971517 286.320209503174 276.195168495178 273.232499758403 274.951577186584 268.296043078105 279.589454332987 312.368035316467 314.989666144053 259.281317392985 199.061433474223 161.271393299103
309.997359911601 307.559331258138 307.748913764954 308.19829305013 305.182576179504 303.641736507416 302.449425061544 303.760727246602 306.813875834147 301.158308982849 293.452541033427 294.923742612203 296.698848406474 295.915166536967 295.051316420237 292.359391848246 287.581483523051 293.831447760264 294.974426428477 290.145337581635 291.33262236913 291.397213935852 289.38623269399 290.164788564046 288.824597994487 284.036258856456 285.47473748525 287.107884883881 286.968866984049 288.647452990214 286.983927090963 282.795011997223 268.689513206482 273.895959059397 286.20986143748 276.155253251394 260.701855023702 257.964173952738 263.345281283061 270.625472068787 291.495124499003 304.808179537455 308.665692806244 291.404684384664 240.570684274038 196.031212806702
311.847885449727 309.942245483398 312.146464983622 310.856401920319 305.861751238505 303.869664669037 302.398641904195 300.040125846863 300.423502922058 297.129531701406 295.991460482279 294.947743415833 297.087987263997 300.250013669332 299.076994260152 297.121942043304 293.849627176921 297.319849332174 299.723347028096 293.702284495036 291.002074877421 287.341435750326 283.569872379303 284.363329410553 287.267525990804 281.967480977376 278.450389703115 281.835714975993 284.242431322734 285.537997881571 285.349627335866 280.077298482259 274.747749169668 282.094697157542 283.076504866282 264.110147953033 247.907062371572 251.893083254496 264.519115289052 277.778506278992 287.196477254232 286.293923854828 278.823018074036 272.769649823507 247.040112813314 196.374932924906
301.19796593984 303.365548451742 308.956205844879 307.011703650157 307.905316352844 309.797823429108 309.845964113871 306.599497795105 299.375951290131 297.597845395406 300.296107927958 296.714206536611 297.467986742655 299.651046593984 300.492068131765 297.616044680278 297.738393147786 298.563996950785 298.079133033752 293.15189520518 289.629181226095 285.050451755524 280.549108982086 279.284954071045 280.82005182902 282.994012037913 277.872780958811 277.309000492096 281.890173753103 282.347579797109 279.374500115712 273.499131202698 275.779187679291 280.732194582621 271.723330020905 249.094386895498 243.884940942129 256.862103939056 274.27875995636 278.475443522135 276.615083217621 272.147913773855 264.570196469625 254.737993081411 236.111283302307 201.160113016764
300.572991371155 305.041035016378 306.439677874247 306.614657243093 307.372053464254 309.040447076162 309.460481007894 306.283573309581 303.579390048981 301.081776618958 301.626304785411 300.142665704091 296.868602434794 296.273609002431 295.159777005513 294.510463873545 290.900448958079 294.0913438797 296.02708419164 291.704177856445 287.464241186778 285.067280133565 283.577601114909 281.28985563914 278.210898240407 286.419550577799 287.894407908122 282.923857371012 281.30845228831 277.118643124898 272.509892781576 267.664790153503 269.261101881663 267.739355564117 258.531351884206 245.205779870351 247.85578250885 263.766447703044 277.619878451029 273.315588633219 273.797671000163 265.185554822286 254.309038321177 244.205395380656 233.121554056803 213.858485221863
305.323541164398 307.892123858134 305.870433648427 307.967980702718 306.355595588684 306.548595428467 307.688355445862 306.950310866038 307.532906532288 304.804861545563 304.452319939931 303.308526674906 299.182693163554 296.047111352285 294.513861338298 295.286913712819 289.596339066823 291.232903798421 292.870720227559 292.421658833822 289.349496364594 286.374191443125 286.293705304464 284.340639909108 284.207085768382 281.162043412526 283.763289451599 281.560838222504 282.042344411214 277.537286281586 271.426141262054 266.826411088308 266.11069838206 260.079344113668 247.295280297597 235.9699010849 243.190805117289 261.492609977722 267.998019854228 258.875568707784 264.128983020782 255.727012952169 245.626409848531 246.834874153137 249.389310677846 230.536878108978
305.20236492157 305.67212899526 307.456870873769 308.630724747976 308.331767717997 307.800014813741 309.145927429199 310.412029425303 308.45053990682 307.248910268148 305.917541186015 304.55074707667 302.192648251851 297.83699909846 296.41729593277 299.627045790354 294.931987921397 287.566721439362 293.603936831156 290.24867216746 287.118474642436 288.490235805511 285.010914007823 278.973579406738 284.365594387054 276.789347330729 279.200772444407 279.830495516459 276.634335517883 274.53871568044 270.755032698313 268.23631922404 264.656603336334 256.780743598938 246.697743733724 237.702508767446 244.595249493917 257.253805796305 256.633162498474 257.050971190135 262.265880902608 251.571277777354 249.523838361104 257.41716225942 262.125392754873 244.923154513041
300.934950510661 302.759607632955 306.045810381571 306.889851888021 309.072812398275 310.383915901184 308.567643165588 308.212757110596 307.759563128154 309.100369612376 306.341171264648 304.068187872569 302.141149838765 301.206171512604 298.371831576029 295.265893141429 293.372213840485 285.83284219106 287.535349527995 289.96733824412 284.701764583588 282.161076863607 282.960534095764 277.640700340271 277.807652950287 277.408977349599 272.773305575053 275.010585784912 275.920033454895 273.428440093994 271.640578905741 269.426604111989 262.623369693756 261.386831601461 259.906570116679 250.699381033579 251.257697741191 254.680732885996 257.449110349019 266.250729560852 261.173228422801 253.139932950338 257.17814763387 259.978493054708 257.611374060313 244.630992412567
295.752008756002 298.258244991302 302.347699801127 304.041604200999 308.348854382833 309.905568758647 307.741900285085 305.27134736379 308.22213490804 309.880475203196 307.811001936595 303.163250287374 302.183508872986 301.682690779368 297.103842099508 292.402843634288 290.727814038595 282.338182131449 284.803013006846 287.751078605652 284.163534641266 282.365262508392 284.58426396052 277.689516544342 277.509808540344 280.07310628891 276.232719421387 276.049653689067 281.369149684906 283.485849698385 284.536838531494 282.208224137624 271.701653798421 272.056261698405 269.416650136312 258.549014727275 258.122523625692 260.871708393097 262.631456057231 264.551480611165 255.062063535055 250.01206000646 248.974045117696 244.275450706482 242.26192633311 241.988023122152
294.953068097432 293.192704518636 296.075125535329 302.04979578654 305.23290236791 306.56103293101 307.517727216085 309.411684672038 310.385445753733 306.372702121735 306.825955708822 306.946178277334 302.113254865011 300.510028998057 294.94587580363 292.323013146718 287.908335526784 282.831311225891 284.488956133525 288.363734881083 288.554569085439 286.971926689148 283.480207125346 282.154758771261 278.456429640452 281.345625718435 281.12131357193 284.131368001302 285.874644915263 289.722482363383 292.52682129542 289.657553037008 281.954069932302 280.940274397532 273.603638013204 262.941638628642 259.302775065104 264.142016569773 264.83408610026 254.403392473857 243.42668056488 246.014873186747 245.396494865417 239.413837591807 237.770020961761 242.412368456523
295.262336730957 297.69504070282 298.236151536306 303.272048632304 303.101380666097 303.497989972432 308.069904645284 309.603631496429 309.618274370829 308.316131432851 307.070990403493 305.980463822683 303.650319576263 296.387672424316 296.644409497579 295.993208885193 288.91909122467 284.48212146759 286.626756191254 289.243578910828 291.401902834574 288.691898187002 285.150527954102 283.193051815033 279.220740000407 283.634861310323 285.645047823588 285.581052303314 288.450876871745 292.918165524801 296.322226524353 293.886562188466 286.382714907328 279.940764109294 268.485605716705 258.768598238627 258.186221122742 263.88676961263 259.663542111715 244.031012058258 239.442785580953 250.379582246145 250.075360139211 242.87748336792 240.120271841685 235.59045791626
294.348975022634 302.159249782562 302.868008613586 304.880837599436 302.092293898265 300.640364487966 304.782589276632 308.639566103617 307.520230611165 308.181802431742 307.047486305237 302.664756774902 301.158428192139 296.162446339925 293.177247047424 297.24242289861 293.246845404307 285.910964012146 283.301830291748 286.496698856354 286.844730377197 286.949356396993 284.622192382812 280.953625837962 278.361201286316 279.235422611237 282.311320304871 282.420059045156 283.544798692067 287.80742486318 293.351391951243 293.37485631307 281.713684399923 267.937242984772 236.766298611959 226.765652497609 241.875608762105 254.860500494639 256.468812624613 255.506952603658 259.21223560969 258.113026618958 241.518537203471 235.128303368886 243.405858675639 231.968363126119
295.83877325058 294.96689637502 293.096800645192 293.966094652812 299.277265866597 302.660465240479 300.557672977448 302.746037642161 302.713712056478 302.879691123962 303.770164648692 303.737004597982 303.777972857157 298.744678497314 294.025937716166 293.292959531148 295.194029808044 285.880923271179 281.19154771169 281.029164791107 280.310571193695 280.455748240153 280.006289482117 274.677753448486 274.724741776784 271.899978319804 274.990022182465 275.283873081207 274.724066257477 275.685052076976 277.428428332011 280.464688936869 261.427760124207 234.786788622538 205.216765403748 191.373308499654 205.611407756805 232.613603274027 254.596253236135 256.359199682872 257.252355416616 248.289068539937 232.058962186178 232.631862163544 239.231328169505 213.920434315999
298.395375410716 288.685838381449 286.496758460999 289.760867754618 297.7161804835 300.054291884104 299.46235815684 299.716154734294 301.539321740468 300.024032592773 300.823907057444 302.873392899831 303.06621392568 301.782349745433 295.719186464945 293.521662553151 293.956657250722 285.273770491282 280.918081601461 281.97451432546 282.959302266439 279.72666422526 277.875463167826 273.909131685893 272.516032059987 270.799279212952 269.911964734395 269.759933153788 268.175005912781 264.632185300191 257.878124713898 253.784080346425 235.379417737325 211.653411388397 200.012743473053 190.180102984111 179.29748694102 189.426024754842 209.033727645874 233.466108640035 245.358407497406 234.854817390442 229.084928830465 229.155460993449 220.036705334981 200.499733289083
298.153340816498 292.611161867778 289.520064989726 286.95821762085 293.485899766286 300.28502146403 302.773674329122 299.559116363525 301.128347714742 300.013422966003 301.218569278717 301.110744476318 302.765091260274 302.207827568054 295.849959055583 296.433667341868 295.866370201111 288.711289564768 283.710420131683 284.900824228923 284.748395284017 280.798812707265 280.194878578186 278.435130914052 274.694800376892 273.616830507914 271.490136782328 268.972913424174 265.332341194153 260.344207286835 250.467201073964 245.777328809102 227.518002192179 217.285970846812 219.771961371104 218.706806500753 204.858680566152 192.542751630147 183.021028836568 194.74325577418 217.187782128652 213.667849699656 205.50270875295 196.579655011495 192.839205265045 190.680265426636
299.661199251811 294.586757818858 289.44210211436 284.589568773905 288.569291432699 298.711657524109 300.154725710551 299.51149225235 298.948486646016 300.31947294871 302.788992722829 304.03459072113 302.202900250753 301.149249076843 298.244118690491 296.449879805247 296.1319287618 293.083230654399 287.60951757431 285.735766092936 284.056385358175 284.051696459452 283.503890037537 283.572892347972 279.539148012797 277.293880780538 272.352794806163 265.265186627706 260.845104853312 254.897316296895 252.940535545349 251.493771870931 235.259612401327 233.431180318197 238.724629084269 244.487961133321 249.101976553599 239.852925141652 222.470243771871 190.65930445989 192.310611406962 200.670282046 198.444465796153 192.802727222443 197.242180506388 207.777281602224
299.318889776866 297.284563382467 293.341279029846 287.537058194478 284.754693508148 295.165638128916 298.830509185791 298.027733961741 295.073827107747 297.661523024241 304.053366184235 303.777317206065 301.960746447245 301.747421423594 300.975859165192 295.774261156718 296.606322129567 291.805585225423 289.484401543935 288.016200065613 286.454995473226 284.709453582764 281.004687150319 281.697432200114 279.503544171651 275.891264279683 257.879892985026 237.896283467611 233.288725217183 239.118138949076 246.896465619405 242.106159528097 234.65230067571 232.617378234863 242.510855197906 255.18137216568 269.177158673604 274.639248847961 265.414734681447 226.637760798136 198.096652825673 206.48060242335 217.514077822367 226.382791996002 234.519163767497 241.631786028544
297.586699326833 295.563439528147 294.788579146067 292.662501335144 286.314368247986 289.548774560293 296.896358331044 296.982705593109 294.589896996816 294.838706652323 302.503784497579 303.375562032064 299.134929974874 300.212760766347 300.261457761129 294.944028059642 294.601321220398 291.353583335876 287.812829017639 290.023585160573 289.588987827301 288.168867429097 284.079968929291 278.679490089417 277.794162432353 277.176598707835 260.050813357035 239.915251731873 238.321185112 241.665442784627 250.28795003891 246.798733870188 243.410706520081 246.02884054184 259.203990300496 265.282332897186 270.175139109294 247.096538543701 222.481648127238 215.229372183482 222.714344660441 235.112071037292 231.296300888062 221.732457478841 218.831499417623 231.64447148641
289.574205875397 292.921543121338 292.647520701091 290.985067685445 286.523938179016 285.740693410238 296.040058135986 298.829555511475 295.768141746521 292.926947275798 297.82768090566 302.304307619731 300.003310044607 297.320266564687 297.241648038228 293.610374132792 291.257341702779 290.783087412516 289.374073346456 289.83461856842 292.183657487233 286.540508270264 287.059466044108 281.80980682373 278.426289558411 280.521134535472 275.936603546143 270.85679769516 268.839041392008 268.517712752024 263.884027798971 254.891673723857 255.173722902934 257.552842299143 254.18088833491 238.013863563538 216.930329799652 180.534879366557 160.358985265096 196.689983208974 235.629518826803 242.905735969543 225.606481234233 217.292904853821 223.246216773987 235.314945379893
279.847939809163 289.35585419337 290.698011716207 288.713991641998 287.918190161387 283.395727475484 290.442685286204 297.87403345108 300.829688707987 295.745730400085 297.282477219899 300.455510616302 300.105671087901 298.114558060964 296.632389227549 294.25706466039 290.861348311106 288.322567939758 285.416603088379 283.652404944102 284.844080607096 283.620834350586 282.434562842051 280.485312143962 280.830482641856 285.790721575419 289.688229560852 291.250964005788 275.771299997966 276.036361853282 265.032351016998 251.687665780385 250.565151373545 233.789205551147 204.993983109792 180.697162946065 168.799221515656 156.449496746063 147.084971268972 166.007737318675 193.621238072713 217.944741249084 226.43115123113 241.790930430094 270.276506741842 276.727835337321
