input/barkrak2/radiation/dir25024.grid
NCOLS 85 
NROWS 70 
XLLCORNER 665100 
YLLCORNER 4664600 
CELLSIZE 20 
NODATA_value -9999 
[rows 0 to 19 of 70, columns 0 to 45 of 85]
251.771509647368987 264.694333076477 277.243137359619 290.317018826803 295.888960361481 294.876356919607 286.561369895935 280.446688334147 283.000310262044 283.791065216064 283.075531323751 286.035339037577 286.920348803202 287.412365277608 289.707501729329 284.266412258148 274.644116560618 264.973799387614 259.854276974996 249.888122081757 239.889959494273 248.81511926651 273.561199506124 280.329863230387 281.549572944641 288.579781850179 287.223597367605 272.42507537206 257.63346751531 253.925820191701 250.683665275574 266.248822212219 301.615079243978 300.414025783539 302.743156750997 286.479314168294 292.786399523417 304.933031400045 298.339049021403 302.276392777761 286.600530147552 286.233961582184 296.414494514465 303.434948126475 298.010031382243 297.675013542175
232.566118240356 248.255292574565 261.560320854187 277.168075243632 285.965184370677 287.389973799388 282.954633235931 280.332465966543 288.38841120402 288.233379522959 283.442556858063 284.959594408671 287.370204925537 288.615584373474 288.385430971781 283.829271793365 279.905537764231 273.378590742747 268.636445204417 256.805857022603 252.78639793396 265.697518984477 283.348500728607 286.734163761139 289.318601290385 292.012691497803 287.090579668681 274.084130922953 261.838813622793 255.331476529439 256.147384643555 278.880337874095 301.166216532389 301.468809445699 301.895240942637 288.948019345601 293.552339076996 302.005350589752 297.820409138997 303.390085697174 297.97359307607 289.951046307882 292.733629544576 297.626455624898 296.532988548279 298.498113950094
197.523951530457 210.162480672201 222.151120503743 234.23707485199 245.899717013041 255.021452903748 262.727340062459 272.645533084869 280.998488267263 280.070106188456 277.137180169423 281.097789605459 290.313184261322 294.275959332784 291.530350844065 296.154081821442 298.952380816142 293.64542166392 281.17581208547 271.566768487294 275.503476460775 280.727863311768 285.381277402242 286.553422609965 291.660885016123 291.240890820821 283.862908681234 273.0899254481 264.978448549906 260.521054267883 264.840801556905 289.726217587789 297.535955905914 299.466768900553 299.919227759043 294.503470261892 293.805638949076 294.239004453023 297.710140546163 301.79637670517 298.170506954193 286.5864833196 280.425330003103 286.09170516332 296.122193336487 298.114200433095
180.259128411611 180.757145086924 188.788970311483 195.874253908793 202.820460001628 207.203348477681 214.271704355876 229.147692521413 247.74424235026 262.232422828674 271.589378515879 283.61435731252 293.475429217021 297.08331823349 297.767321268717 300.66055059433 299.928605556488 293.174902598063 282.988508542379 278.182665506999 276.71358982722 275.207897027334 283.330063025157 285.080969333649 286.400357882182 288.073182106018 284.202833970388 276.738325754801 271.971702575684 270.68297068278 269.633829593658 293.729980786641 296.775241692861 297.847231229146 298.17263285319 299.736062685649 298.627654711405 297.303140163422 301.260352134705 299.475729465485 290.188471476237 276.709020137787 273.585120836894 287.886242071788 301.665743192037 297.685404618581
201.809446016947 185.6609582901 171.954035758972 163.365334272385 166.710515817006 182.80029296875 203.340828418732 213.343501091003 223.417421181997 230.707168579102 250.549674034119 271.014253298442 283.609131971995 289.710640907288 293.675363063812 295.709292093913 290.279865264893 281.341671943665 278.133988380432 277.965227762858 273.699919382731 272.309084733327 281.81399901708 283.879657586416 284.867227077484 289.597411950429 286.688645680745 280.414362748464 275.721391042074 272.051930427551 277.939895788829 299.597422281901 299.272954463959 300.168792406718 295.814613501231 296.766062577565 300.929665565491 301.249861717224 297.619760036469 293.396274248759 290.749450524648 284.104983011882 284.972250461578 291.394193967183 295.717557271322 289.747178554535
243.513743082682 216.907521088918 189.820329348246 165.861239035924 157.329112291336 168.724079926809 193.907936414083 210.588157176971 214.239398638407 214.080115159353 224.372267723083 237.892886002858 247.431059678396 253.871937592824 261.80366675059 268.534183502197 268.182555834452 268.506268660227 274.020930131276 279.10715341568 279.138088226318 282.372216383616 285.527646541595 284.597178300222 286.366879940033 290.207266807556 288.337826728821 284.470240275065 278.256257375081 276.581724484762 289.251903692881 301.512817541758 301.287372907003 303.062558174133 297.686735788981 295.007586479187 298.546632130941 298.260649045308 291.228930155436 292.870004971822 292.249083518982 288.112839063009 287.707169850667 288.808782895406 281.433780988057 265.264312426249
264.316121737162 241.428275903066 221.586227416992 200.984537601471 180.427531401316 167.125682036082 174.910585085551 203.531821568807 216.810444990794 224.902411301931 221.500158309937 216.389894485474 212.216675281525 208.37938785553 210.6893658638 225.857814153035 237.624128659566 254.979888598124 271.216968695323 281.402170658112 284.464836120605 285.266935825348 286.799689133962 285.480300585429 286.638259887695 288.944443066915 289.572616418203 287.935515244802 283.156871795654 285.66704193751 294.983347256978 301.879028479258 304.362614949544 303.334772586823 299.593567848206 293.562094370524 293.350597222646 290.17839829127 288.787047068278 288.513918717702 283.675889174143 280.8438539505 284.22075510025 286.306540171305 272.276302178701 263.538161913554
272.410770257314 263.080239295959 252.328753471375 237.313012282054 215.01084168752 185.413916905721 163.692126671473 163.633187611898 197.36103216807 222.552875677745 230.184336503347 226.198434829712 217.08490451177 207.414706548055 194.802045822144 198.326170444489 210.848371187846 227.043906847636 249.764780203501 267.443219820658 277.287701765696 282.131473223368 287.701666355133 286.046783129374 284.794926643372 285.055736700694 285.606284936269 284.825444221497 283.338328202565 289.588610331217 297.128518422445 300.740361213684 300.206124782562 296.84317111969 292.322436968486 289.279262224833 289.886355400085 284.166395664215 277.03736225764 269.293030103048 271.514634291331 280.065377553304 292.191127936045 297.196487585704 282.673358917236 278.714875380198
265.024920304616 265.487551689148 261.585394541423 253.858923912048 240.754961967468 219.104429086049 189.347386360168 160.342673460642 174.352029959361 197.139183680216 216.726342837016 226.072907447815 227.907021840413 225.032111008962 213.327864805857 205.945551395416 203.294356664022 207.877000172933 222.311635812124 238.745212554932 254.112978776296 266.437153021495 274.438381195068 271.836857000987 273.440897464752 274.330337842305 275.276025136312 275.82569917043 276.684979597727 284.729599952698 289.826770623525 289.160192012787 287.972569465637 287.952363491058 287.076274553935 287.48083114624 286.670684814453 281.808813412984 270.11114358902 269.077400366465 283.369859059652 294.929305712382 300.741414229075 300.557831923167 287.373006343842 281.288901964823
236.285249392192 245.896478494008 250.842889149984 250.88091691335 247.95917669932 244.022826353709 228.074451287587 209.961871306101 178.456048170725 168.912688891093 182.595789432526 207.716961701711 228.963573773702 239.28447564443 240.298926830292 231.923321882884 217.043817043304 211.94996436437 211.321314175924 214.751263459524 222.724199295044 230.520705382029 239.656647046407 246.965368588765 255.212287108103 258.144438266754 259.543418884277 260.120213031769 261.929432551066 268.371641635895 269.77946360906 270.146687825521 276.151915391286 280.314087867737 282.608071962992 281.997799873352 280.506253242493 281.952381134033 270.362099011739 276.869416236877 294.754306475321 301.603277524312 302.509188652039 299.139221509298 285.072326660156 279.573281606038
183.855374654134 197.933832804362 210.804184277852 221.511940161387 231.184919675191 239.050249258677 240.727583567301 235.478381315867 208.220839500427 181.933025519053 167.718529701233 175.560851891836 203.073302904765 228.471716245015 242.751320203145 233.081618944804 225.396672884623 218.436439832052 210.4651927948 205.140193303426 204.641143480937 204.994877179464 208.972692489624 222.324113051097 235.000212987264 242.92512734731 244.786858558655 245.041648546855 250.711460908254 255.440215269725 258.347233136495 261.822541554769 270.747284094493 274.54419930776 274.213214715322 273.784538110097 277.249058087667 281.278351942698 278.804341952006 287.586053212484 297.680596510569 301.78823073705 300.995945930481 298.549850781759 291.068077087402 289.55066204071
140.972713629405 146.441648403803 155.28604388237 168.119231859843 184.656898180644 201.574444770813 220.304449399312 226.687550544739 227.537671724955 213.762362798055 186.880906422933 166.729927062988 169.603904088338 193.077743053436 219.926277796427 223.447680473328 229.72043355306 226.373632748922 216.511607170105 205.903967221578 199.230074882507 196.530858675639 196.271181106567 205.472668011983 214.412728945414 220.510383447011 223.557571570079 227.969308694204 234.894871711731 239.705999692281 243.99475256602 249.412178993225 255.623002847036 258.725722630819 258.889238039653 260.588665803273 269.484420617421 279.065330823263 282.775024573008 290.73965549469 295.688211917877 297.822753588359 296.313325564067 292.316476504008 288.158098856608 287.184357643127
127.182026704152 121.984759966532 119.659652312597 120.400687058767 129.675477743149 146.675080060959 172.493557135264 194.793581962585 224.163989226023 229.219396909078 217.5585826238 193.44421227773 164.564371109009 162.280211846034 185.855487982432 213.131010532379 228.682140509288 231.513281663259 226.537088553111 217.270334561666 208.33416779836 207.589487234751 207.095483938853 207.488854726156 208.141009012858 207.652866840363 211.945037047068 220.941801865896 224.671582380931 226.092219352722 231.312135855357 236.397862434387 238.058567047119 239.896178245544 242.676695187887 247.831622759501 258.647600809733 270.004471143087 272.559444109599 280.056536197662 284.813662370046 285.075346628825 284.179329872131 284.753541151683 279.677549997966 280.013302961985
106.802135705948 90.0141696135203 74.246217807134 66.6884084542592 62.0654970407486 67.055473725001 88.6855324109395 124.73052740097 168.360312779744 207.922498385111 227.103531360626 226.413309574127 207.060853640238 180.514514446259 177.596131960551 203.540603319804 220.053672790527 233.598828315735 240.499178568522 236.37064297994 224.830567836761 221.57879670461 218.168536822001 217.281619707743 217.252373695374 215.213517347972 218.101183573405 226.80010398229 226.597189903259 220.081826051076 225.54083665212 230.475743611654 232.089022795359 232.426683108012 236.260215441386 243.513782819112 248.936732610067 254.533628622691 257.950663566589 259.943048159281 264.703392982483 269.395391146342 275.279581546783 280.005077521006 275.284608205159 277.973294258118
109.210550785065 75.2225418885549 47.320564587911 37.2010072072347 35.2147469917933 41.2568971514702 53.3905526002248 79.8400640487671 106.526414553324 150.311678647995 204.043169816335 241.197327772776 248.470266660055 228.752414385478 202.772875626882 198.221246401469 202.746033668518 218.62534681956 236.611485481262 245.486736297607 243.294258912404 236.893753210704 233.763416608175 229.957203070323 226.671576499939 225.275655587514 227.046767870585 229.373892148336 224.791308244069 219.86049413681 223.291099071503 227.721154689789 227.784593900045 227.699100971222 231.721123059591 234.93880033493 236.672600110372 235.76549688975 240.092794100444 240.071098009745 245.88398138682 253.541966279348 259.294470151265 262.938598791758 263.018349806468 265.769004821777
99.108874797821 72.2832679748535 41.5660093228022 18.4193390111129 32.0804119110107 55.8006862799327 64.9579813083013 79.0558954079946 94.8641300201416 120.828866958618 152.941068013509 188.277383645376 218.367457389832 240.345696608225 231.306215127309 204.01386419932 193.264484405518 195.991635322571 213.733156522115 239.305297533671 250.742892424266 245.237648487091 246.053020159403 239.62281147639 233.025173346202 233.709096908569 236.011664072673 232.169528802236 226.799249649048 229.280789693197 229.072789351145 228.437602519989 225.49972931544 223.923365275065 224.771281083425 223.386883735657 221.254706382751 217.108209927877 219.548443953196 221.773862838745 226.544419924418 232.491175333659 235.607782999674 236.695945262909 247.622668743134 253.199060757955
84.3708614508311 73.2074677944183 47.1786955992381 12.0605354507764 20.6823920210203 51.9162615140279 66.5048758188884 83.5994978745778 100.570976734161 111.658116181691 132.316688696543 165.366917848587 194.162249565125 208.114723364512 215.529799461365 217.873056729635 217.491189638774 206.506828467051 197.876294453939 208.385626475016 234.933873017629 249.013781547546 252.647479375203 247.978289922078 240.594347318014 241.498132546743 245.453914006551 240.835030873617 238.435586293538 243.263026078542 241.423030694326 230.241994063059 224.082152048747 219.93092695872 214.483698209127 213.385244210561 208.730737368266 207.36042658488 207.515021165212 211.159467697144 213.735461235046 216.877738634745 219.227770964305 222.056349118551 239.033917586009 247.32635418574
76.7208238442739 77.3710111776988 64.691573381424 25.1501897970835 26.3139829039574 53.9844532807668 75.5210320154826 94.3774481614431 111.105422178904 117.597868045171 129.376252492269 149.122764666875 173.259953657786 189.136783281962 204.480369885763 222.439249356588 229.561845461527 223.337292671204 208.387851715088 194.596866766612 207.409600416819 234.220246473948 244.321167469025 247.926632563273 248.05094798406 252.696891625722 255.824387073517 254.615167776744 252.050121625264 253.511846065521 247.336467107137 235.778411229452 227.208296457926 219.381054242452 212.398012479146 209.486564000448 206.727623939514 206.698834896088 206.176102161407 208.425362904867 210.959911346436 212.771673997243 212.257107098897 216.167251269023 227.280775705973 240.764419237773
81.4344882965088 89.3118878205617 89.5437002182007 55.6450585524241 47.1142480770747 73.0195542176564 88.90034755071 106.437712907791 120.51139275233 140.564103921254 149.873286485672 154.291808605194 165.365964174271 174.800674120585 190.051277478536 206.986685593923 219.667752583822 225.507656733195 225.655873616536 216.232061386108 199.896852175395 212.709705034892 222.186684608459 235.327025254567 248.908877372742 258.196671803792 261.757969856262 263.160089651744 257.747987906138 255.223393440247 247.484922409058 240.127444267273 230.733195940653 221.718331178029 216.276288032532 211.384932200114 210.091829299927 206.944326559703 205.633203188578 208.992898464203 213.161508242289 214.183688163757 213.728686173757 216.414292653402 217.340747515361 231.683333714803
88.0211889743805 91.061145067215 101.947446664174 95.0103799502055 82.8907340764999 90.0633136431376 94.6328242619832 107.591887315114 119.185884793599 135.989477237066 150.803109010061 147.915661334991 151.520172754923 155.504286289215 166.794816652934 184.031188488007 198.694229125977 209.043880303701 217.940151691437 223.626653353373 220.231354236603 208.541711171468 210.284610589345 222.003261248271 234.356840451558 244.081139564514 252.639472484589 258.329232533773 255.565524101257 254.1384100914 248.081088066101 239.851911862691 231.048385302226 223.819454511007 219.423194726308 214.280803998311 210.367957750956 201.668938000997 198.912998040517 207.676072915395 214.402178923289 215.791086355845 218.61199537913 217.774609724681 213.834583759308 224.298040072123
