input/barkrak2/radiation/dir20224.grid
NCOLS 85 
NROWS 70 
XLLCORNER 665100 
YLLCORNER 4664600 
CELLSIZE 20 
NODATA_value -9999 
[rows 40 to 59 of 70, columns 0 to 45 of 85]
324.391404787699 325.236221154531 325.184881687164 327.023764451345 331.858575344086 335.065007209778 337.092518806458 339.96856212616 340.136408805847 330.930928389231 322.381556034088 318.8157081604 316.450178623199 313.868463039398 313.220699628194 310.313979784648 309.243202209473 308.090885480245 303.182661533356 301.441570123037 304.008543491364 308.992028236389 307.421882947286 303.181747595469 299.339095751445 298.742711544037 304.487804571788 303.157488505046 303.171416123708 302.744766076406 301.864782969157 298.185606797536 275.918225447337 272.823532422384 295.143604278564 295.464356740316 285.845657189687 284.610052903493 285.517434279124 276.001989841461 285.756210486094 322.179516156514 333.552559216817 283.915877342224 223.154763380686 182.328164577484
329.237143198649 327.464838822683 327.632228533427 328.241606553396 326.153496901194 324.705402056376 323.907375335693 324.479778607686 327.131748199463 321.38733069102 316.347718238831 316.717624664307 318.208754062653 317.455967267354 315.412680308024 312.83829609553 308.433632055918 312.533338864644 312.086780865987 308.696111043294 309.499621391296 309.399505456289 307.775855064392 308.27796459198 308.03906917572 303.587853908539 305.94003200531 306.944628556569 305.648922920227 304.098824659983 304.343322912852 299.099544684092 281.973997751872 284.369270006816 295.763870080312 286.285142103831 271.659632523855 270.635545253754 277.142524719238 283.067762851715 300.077795982361 312.945743401845 321.861803531647 312.907497088114 266.300320625305 218.651036421458
331.010341644287 329.368869463603 331.320722897847 330.699543158213 326.2713154157 324.231088161469 323.195258776347 321.29700978597 321.663578351339 318.652252356211 317.68532594045 316.786805788676 318.585932254791 320.182700951894 318.983773390452 315.968632698059 312.8462433815 317.125757535299 317.720731099447 311.955710252126 311.098297437032 309.165199597677 305.628180503845 306.236267089844 308.45312277476 305.20486831665 300.294438997904 302.532474199931 302.664498488108 303.274194399516 302.991489569346 295.721411705017 288.545807202657 292.906661828359 292.803804079692 275.181829929352 259.66207186381 264.710962772369 278.669397036235 291.429936885834 300.191680590312 298.764109611511 293.146868546804 292.888422807058 272.998809814453 222.197532653809
321.964800357819 323.903461297353 329.180300235748 326.952338218689 328.030645847321 329.243183135986 329.49427763621 326.858679453532 320.698897043864 319.080471992493 321.460922559102 317.226449648539 317.850629488627 319.63449716568 319.153209527334 317.723592122396 317.62425104777 318.194031715393 319.065531094869 314.654628435771 310.003439585368 307.186861832937 304.387410481771 303.383708000183 302.878499031067 304.570357004801 299.808144569397 300.442159175873 300.966103871663 301.02280775706 297.83163468043 290.393670399984 291.209916273753 294.806222120921 283.069888750712 260.464628537496 255.544900894165 269.095142682393 287.61613368988 291.941483815511 291.548629601796 287.417848904928 279.269655545553 273.580193519592 261.459072430929 228.442192077637
322.10099697113 325.60916741689 327.248215675354 326.680501302083 327.861150105794 328.696052233378 329.095900058746 326.356510321299 324.204126993815 320.406178633372 321.692903836568 319.287896156311 317.309419314067 316.826939582825 315.742433071136 315.007487932841 312.991678714752 317.03253587087 317.284007867177 314.793785413106 309.405525525411 308.560729026794 307.187139987946 305.186529954274 300.480842590332 305.965065956116 307.062248388926 303.994456926982 302.044034004211 299.187560876211 292.818427085876 287.633577982585 286.91565990448 283.491730690002 272.43713537852 257.563630739848 259.4340244929 275.413831075033 290.143291155497 287.152131398519 287.703772385915 280.17657995224 268.396953741709 260.987043380737 255.870938301086 241.281410058339
325.88932911555 328.596691290538 326.211671034495 327.869693438212 326.966961224874 326.623479525248 327.575882275899 325.698057810466 326.842884222666 324.560741583506 323.339362939199 323.148210843404 319.401204586029 316.671113173167 316.348175207774 318.093081315358 313.181082407633 314.577837785085 315.81328312556 315.399765968323 311.066567897797 309.683918952942 306.420425573985 307.90513753891 305.853168169657 304.82695500056 306.649327278137 304.170290629069 301.047523816427 299.243191878001 291.51725769043 286.937137444814 285.249511400859 276.729166507721 263.585110505422 250.288685162862 256.361504395803 274.257024129232 281.242311000824 273.727476596832 278.896749019623 270.969907442729 259.889562924703 261.818170547485 268.401086330414 254.977544148763
325.854619344076 326.770981152852 327.601750691732 328.468521436055 327.609896659851 327.112356821696 328.253746032715 329.314609368642 327.00385649999 326.653003692627 325.404862562815 325.119018554688 323.105374972026 320.323208967845 320.351699988047 320.642789204915 317.814250787099 312.893231709798 316.478729248047 314.893047014872 310.489654541016 311.572810014089 308.480938275655 303.065935770671 307.710528373718 302.685519059499 302.602668603261 302.531719207764 299.077252546946 296.343167622884 291.860361893972 289.304693539937 283.645153045654 273.805181185404 261.812488238017 251.797397931417 259.034911791484 271.960218747457 270.540297031403 271.695494651794 277.684152126312 266.811013221741 263.61076037089 271.056433518728 277.966181437174 265.347242355347
322.180112202962 323.11753431956 325.829605261485 326.45579179128 328.244249025981 328.801413377126 327.818115552266 327.437460422516 326.981127262115 328.9581934611 327.534159024556 324.692408243815 323.990941047668 323.232769966125 320.865273475647 319.438735644023 317.846020062764 311.357061068217 312.698463598887 313.0797346433 309.893230597178 307.563523451487 310.178697109222 301.895717779795 303.852240244548 301.158169905345 294.770439465841 296.392540136973 296.717524528503 292.19251871109 292.511026064555 288.847347100576 280.534783999125 278.210600217183 273.87265364329 263.072292009989 264.636079470317 270.346701145172 272.640665372213 280.184785525004 276.504317919413 268.757224082947 271.581590175629 273.276011149089 271.926522254944 261.300603548686
317.726413408915 319.209416707357 322.050352891286 324.083268642426 327.74410645167 328.902999560038 327.024618784587 326.167523860931 328.918556372325 329.633355140686 328.630089759827 325.753430525462 325.11568069458 324.781696001689 321.015874544779 316.920558611552 315.491636594137 309.958020846049 312.056382497152 312.666793664296 309.419473012288 309.72158908844 307.994623978933 301.738937695821 299.421310424805 299.508313337962 293.842534224192 297.294139862061 299.844642480214 299.691875775655 300.003111362457 297.362009684245 288.558224836985 288.475314776103 283.62516562144 269.472479820251 269.517799218496 274.74323908488 277.992725372314 279.048502445221 269.657135009766 265.873591105143 264.723499615987 260.170817375183 257.639467716217 257.11586078008
316.302875677745 314.737419287364 317.989309628805 322.415312131246 325.76862970988 327.331225077311 328.580260276794 329.747160275777 330.781976381938 328.350762526194 328.70344320933 328.898807366689 325.129389762878 322.595814863841 321.794231732686 316.817820072174 316.069960594177 310.52964925766 310.162822405497 311.524430910746 313.369691371918 310.10643641154 304.889460404714 301.195025444031 297.856171925863 300.393382708232 302.101254463196 300.507664680481 303.62202723821 306.42298857371 309.590021769206 305.425703525543 296.887874603271 295.11950413386 288.251499334971 274.421314398448 269.261837005615 275.770862897237 278.902212778727 269.174834092458 258.177200953166 261.267046133677 260.678788026174 255.043546358744 254.31752204895 257.695217927297
317.257185777028 318.727533022563 320.757508277893 325.029969215393 324.753483136495 324.894487857819 328.712403774261 331.540902455648 330.853879451752 330.856740474701 329.096118609111 328.176935513814 326.321184635162 322.874426841736 321.890294551849 319.992661476135 315.569619337718 310.215055942535 308.077335357666 314.129610856374 312.157829602559 307.597041130066 304.205060005188 302.13737487793 298.560043176015 302.347918351491 303.866545359294 303.553422292074 305.791477362315 309.149543444316 311.116496721904 306.974788506826 298.411786556244 294.704914093018 283.815165360769 272.063513596853 269.425610701243 274.440666039785 272.429664929708 258.117159207662 254.668295383453 265.739560127258 264.804800351461 256.876587867737 255.990544954936 251.336435476939
317.351758480072 323.333422342936 324.785172939301 326.390941937764 324.559211730957 324.191351731618 327.936450640361 330.912212530772 329.307556152344 331.057548522949 329.999645551046 328.768193721771 325.427412986755 322.815537452698 319.336513678233 322.615504264832 315.977851549784 307.347098986308 302.66793568929 307.822545369466 308.030823866526 306.130190690358 303.751091162364 300.274471441905 297.764341036479 295.954664548238 298.548738161723 298.408548037211 299.171229203542 302.579820156097 306.925515333811 305.188020070394 293.258190155029 281.963090101878 255.928238232931 244.235197703044 256.204962730408 267.19590028127 267.057637373606 266.60434405009 272.691667079926 273.750424385071 256.977299849192 250.490287939707 257.971346378326 246.013641357422
318.701068560282 317.931612332662 317.259093125661 319.640894730886 323.002696037292 325.304090976715 324.755072593689 327.47757434845 327.455143133799 329.126477241516 327.486634254456 327.502608299255 326.319376627604 322.270035743713 316.700299580892 316.019415855408 314.162532488505 305.279632409414 300.969700018565 300.975600878398 300.232251485189 302.229881286621 299.466073513031 294.485290845235 294.265528519948 291.566809018453 292.084594567617 292.150775591532 291.418393452962 292.017817497253 295.52427927653 298.056662082672 276.159862677256 249.948620796204 222.208738327026 211.027125517527 224.643190701803 250.634074211121 268.856247266134 266.972064971924 267.647008101145 261.269807815552 246.51300907135 248.319407304128 254.030267397563 231.597820917765
321.680347124736 315.166532993317 312.498529752096 315.46405951182 322.331547737122 326.595505078634 326.215843359629 326.298435529073 325.759728749593 324.693461259206 325.241605440776 324.343721071879 325.674374898275 321.889042854309 316.503783067067 312.675734361013 314.713915189107 306.821862856547 302.827616532644 303.721904754639 302.54735549291 299.407064914703 297.609210014343 293.813327948252 292.292376359304 290.603836377462 289.620935916901 289.320309956868 287.713011105855 284.343600273132 277.988175551097 272.218068440755 250.35415093104 225.861271222432 215.395490328471 208.558042844137 200.571735699972 211.120049158732 228.316227595011 249.744693438212 257.82843430837 248.200654983521 243.089497089386 244.283000628153 236.666321754456 217.337687810262
322.071750958761 317.642311255137 314.281046390533 316.094974676768 322.839836279551 326.083064079285 326.943775018056 324.134091536204 325.563391049703 322.075327237447 323.019921779633 321.318884690603 322.711030642192 322.093904018402 316.477835178375 315.177400906881 316.371560096741 309.893866380056 305.269618829091 306.272625923157 306.028962135315 302.382588386536 299.721459547679 297.834654649099 294.23193136851 293.114940325419 291.031161944071 288.635035355886 285.212099552155 278.340379397074 269.056042035421 263.409018516541 242.38242705663 230.404496192932 233.559648195902 234.8339955012 224.763592084249 213.997403780619 205.033441384633 214.562177658081 232.877612113953 227.728009223938 220.466077327728 212.6877506574 209.181904792786 207.20644791921
324.02378320694 322.358290354411 317.87516673406 314.274748166402 316.604614257812 323.797980944316 324.817856152852 321.675976117452 321.181992689768 320.772488911947 322.71150747935 323.783993721008 322.089513142904 322.645664215088 318.536698818207 316.827654838562 318.247516949971 311.662872632345 308.719833691915 304.900805155436 305.433531602224 303.339580694834 302.549680074056 302.300353844961 298.545837402344 296.398202578227 291.888276735942 285.369714101156 279.282033443451 273.4561363856 271.325469017029 268.803179264069 250.496506690979 245.545546213786 250.128785769145 256.76957766215 264.897882938385 258.705337842305 242.139677206675 211.430251598358 210.669378439585 215.63708782196 213.160634040833 209.389925003052 214.444677035014 222.656110922496
324.972589810689 323.768814404805 320.227344830831 314.298371473948 313.480059305827 316.50580962499 321.15646203359 320.362468560537 317.836403846741 319.973886013031 323.710560798645 324.989517529805 321.882466475169 321.543375651042 319.005131721497 316.252827644348 316.827257474263 312.449872493744 308.329542477926 306.997895240784 305.461943149567 303.561647733053 302.304168542226 298.314134279887 298.61573378245 295.312722524007 280.644476413727 261.487642923991 256.938894589742 262.251456578573 272.630095481873 266.901850700378 251.533210277557 246.074259281158 254.248340924581 265.603204568227 280.89968363444 288.29828898112 278.539816538493 243.84351571401 216.669201850891 221.909642219543 231.189608573914 241.074840227763 250.316282113393 255.403121312459
323.630650838216 321.451505025228 321.531772613525 318.760355313619 310.139278570811 313.159088293711 319.468438625336 319.417377312978 315.776983896891 317.462126413981 322.364687919617 323.07380437851 319.331427415212 318.475663661957 320.083618164062 313.722232977549 313.202321529388 312.110364437103 308.808445930481 308.702747027079 308.095832665761 306.567072868347 302.808662255605 297.850410143534 296.939333279928 298.192818959554 281.446357568105 262.833714485168 263.904929161072 267.046133677165 274.346927801768 266.12663269043 258.661190668742 259.993334611257 274.182041486104 277.439792950948 283.332188924154 262.939751148224 236.210703849792 229.24397389094 238.63422870636 249.638597170512 244.798103968302 236.620803674062 237.145662307739 248.843808968862
315.738717714945 319.462895393372 315.967619419098 314.413666725159 310.303370157878 307.880361874898 317.188779513041 321.026921272278 316.727379957835 313.684145609538 318.191687266032 320.594191551208 320.069889227549 315.972328186035 315.728465716044 314.277768135071 310.314536094666 309.540907541911 307.928204536438 308.171073595683 310.276289780935 307.193477948507 305.485347906748 300.668438275655 299.593885739644 300.756136576335 295.322895050049 291.791558265686 288.103938102722 284.699221452077 282.505671183268 274.229943752289 270.136773586273 269.227564334869 265.763163566589 252.885778745015 234.553833802541 196.823159853617 178.261975447337 214.837193489075 252.530674139659 256.550629933675 237.423400084178 230.836451053619 240.25555451711 253.466506799062
305.823266506195 314.405719439189 314.259429772695 312.406818072001 311.554710070292 307.514091332753 312.147577603658 318.69246562322 320.962329705556 315.979103247325 317.737857500712 319.020211696625 318.513592084249 316.70606136322 315.211653709412 313.004910945892 309.960941473643 307.23104874293 304.380774497986 304.999033610026 303.736686706543 304.702480634054 301.26295487086 301.591873168945 299.392799536387 303.470770517985 307.232916355133 309.593995412191 295.995394388835 293.605923652649 283.060967922211 269.534170627594 266.613602638245 250.603516896566 224.90535179774 194.288849830627 182.558596134186 172.394653161367 165.653566519419 188.119153181712 214.349548021952 236.350913842519 238.838215668996 252.559622128805 282.252470652262 290.675063927968
