input/barkrak2/radiation/dir23024.grid
NCOLS 85 
NROWS 70 
XLLCORNER 665100 
YLLCORNER 4664600 
CELLSIZE 20 
NODATA_value -9999 
[rows 40 to 59 of 70, columns 0 to 45 of 85]
273.095766703288 274.650990962982 274.554530779521 276.033659776052 283.258855342865 288.165509700775 291.565676530202 295.252760251363 295.817633469899 283.150613307953 270.94554901123 267.512480417887 265.645245711009 262.247363726298 261.163175106049 260.507186253866 259.110689163208 258.940200010935 252.435306708018 252.485811710358 254.593630631765 259.122649828593 259.767512480418 254.814922809601 251.046061515808 248.750408490499 256.824990113576 258.546411991119 260.040462017059 259.521643320719 258.571644624074 258.031249046326 244.995375474294 245.780209700267 272.183577219645 272.066175937653 260.563651720683 255.358616511027 257.459620634715 257.078886032104 268.864830334981 296.448548634847 287.318507830302 224.847058455149 163.602252801259 129.275341828664
279.822707176208 277.700901031494 277.918696403503 278.11872959137 274.60257212321 272.921661535899 272.135535875956 272.782365481059 277.292668819427 270.612875620524 263.015766938527 263.675669829051 267.010092735291 266.368826230367 264.175872008006 262.759804725647 255.980014801025 263.125459353129 263.06943098704 255.865295728048 259.074171384176 257.61212905248 255.72939713796 258.534789085388 257.217069466909 251.931687196096 256.147265434265 258.415540059408 260.420143604279 261.110881964366 261.616428693136 259.706079959869 248.684446016947 257.296164830526 270.23979028066 260.052760442098 243.286391099294 238.47109079361 242.291331291199 251.489917437236 277.382493019104 291.165868441264 288.136959075928 259.352227052053 203.91724507014 161.586940288544
283.477187156677 280.717412630717 283.228874206543 282.260378201803 276.462276776632 273.433248202006 272.108753522237 270.199298858643 269.744277000427 267.014980316162 264.768242835999 263.693610827128 267.526427904765 268.757541974386 268.829345703125 265.208025773366 261.53838634491 265.67264397939 266.893168290456 258.032143115997 254.999876022339 254.820287227631 249.16144212087 250.091969966888 255.338390668233 249.696652094523 246.040185292562 250.586966673533 252.376834551493 257.5523853302 257.648150126139 253.646512826284 252.823074658712 265.063484509786 267.499506473541 245.903849601746 229.670127232869 232.274234294891 242.991169293722 256.817777951558 266.866266727448 267.21719900767 256.950954596202 243.180294831594 209.743738174438 155.970841646194
270.772715409597 273.243208726247 279.914339383443 277.700463930766 279.541373252869 281.169613202413 281.003912289937 277.90637811025 268.548548221588 266.630550225576 268.725832303365 265.726268291473 265.372514724731 268.021424611409 267.6775654157 264.34604326884 264.46795463562 265.514075756073 263.361275196075 259.357730547587 251.74887975057 247.123062610626 247.578024864197 244.332849979401 246.262788772583 247.176726659139 243.571639060974 247.079968452454 249.177992343903 250.222742557526 247.859418392181 243.156909942627 251.460870107015 260.516146818797 253.998796145121 231.454571088155 225.893318653107 237.990856170654 253.603637218475 257.427573204041 254.597008228302 250.622789065043 241.890291372935 227.049469947815 199.293255805969 159.212460120519
269.820630550385 274.277806282043 276.763021945953 276.53710047404 278.124292691549 280.160864194234 280.615548292796 276.937901973724 272.737721602122 268.538574377696 270.249168078105 267.22929875056 261.87390089035 261.288026968638 258.657813072205 259.273827075958 253.21227312088 258.583148320516 259.292721748352 254.079937934875 251.28694375356 249.033013979594 245.460987091064 244.505822658539 243.313352266947 250.786940256755 252.769986788432 249.620755513509 248.528361320496 246.425728003184 242.226958274841 237.894515196482 241.174499193827 241.455396016439 236.919363339742 226.465841134389 229.938824971517 245.632946491241 258.248388767242 252.272367477417 252.177596092224 243.058502674103 232.339064280192 219.150026639303 200.595060984294 174.004594484965
274.554153283437 277.671456336975 275.408168633779 278.093218803406 276.935954888662 276.445825894674 277.068257331848 275.264541308085 276.525378227234 273.026823997498 270.162165164948 268.404165903727 264.709651470184 256.724635759989 257.858057816823 256.788551807404 253.307064374288 251.160681247711 255.420327186584 253.022074699402 251.651644706726 250.478903452555 248.257994651794 247.91810909907 249.924659729004 248.973449071248 254.542450110118 250.473221143087 249.630848566691 247.272133827209 241.53192838033 238.323529561361 238.738417625427 232.862035433451 222.543438275655 215.105414390564 223.151326179504 241.520782311757 246.889193852743 236.170927683512 241.766889890035 232.009073098501 223.793605963389 224.342862764994 221.549530824025 195.56858142217
273.501038551331 274.97269709905 277.237991491954 278.113146622976 277.159412701925 276.232620080312 276.922583580017 278.495530287425 275.899847348531 272.580623626709 270.341018835704 269.790212313334 263.921856880188 261.582891146342 257.79926776886 261.600395043691 257.484873135885 250.944217046102 256.178220113118 254.455327987671 251.031557718913 252.836247285207 250.785867373149 246.325512727102 252.62439250946 246.654232343038 247.28121360143 250.484089056651 249.370694160461 247.605323791504 244.171420733134 240.146418412526 237.458725770315 231.095194816589 223.471363385518 216.440161069234 222.793062527974 234.880010286967 234.928409258525 234.435439109802 238.748212655385 228.302836418152 228.21174065272 236.644764741262 238.36354414622 214.566429456075
268.478234608968 269.743124643962 273.689369360606 274.291038513184 276.297787825267 277.554611365 275.982280572255 273.896018664042 271.599650382996 274.499952793121 269.120097160339 266.388197739919 263.761758804321 262.14188337326 259.899238745372 258.041699727376 255.740702152252 248.990933100382 253.176033496857 254.212995370229 252.272009849548 249.752978483836 252.906839052836 244.839529196421 247.652888298035 247.310042381287 242.355326811473 245.258152484894 246.820032596588 246.415317058563 245.266914367676 243.260622024536 235.521495342255 234.856764475505 237.742523352305 231.561660766602 230.577786763509 232.242206732432 235.459287961324 244.484861691793 238.666494687398 229.331692059835 234.977602958679 238.651931285858 235.472023487091 218.693951765696
260.316809018453 262.096524238586 264.964381853739 268.446882565816 274.858276049296 275.711218516032 272.281606992086 269.590894381205 272.336741288503 273.962338765462 271.374384562174 266.571720441182 265.004396438599 264.11892970403 262.032250563304 256.674150625865 254.743794600169 247.228026390076 252.202312151591 253.743509451548 253.994484742483 252.24773089091 252.649505933126 249.928037325541 247.314393520355 250.310798486074 246.239284674327 248.617013295492 252.967079480489 256.094892819722 258.339444796244 256.632963816325 245.862742265066 247.957388559977 248.097618420919 241.233587265015 240.415414174398 239.43293094635 240.416387716929 243.489702542623 233.099778493245 226.72967116038 224.289457003276 221.431295077006 219.518184661865 218.762914339701
256.985247135162 253.532906373342 258.064925670624 264.28230603536 269.218603769938 271.186828613281 273.634850978851 274.251560370127 274.75639184316 270.674486955007 272.679964701335 271.117846171061 266.355613867442 264.425297578176 261.494894822439 256.645480791728 255.532662073771 250.049869219462 252.092063426971 256.587783495585 259.066541989644 257.549405097961 253.828326861064 252.755065759023 248.640457789103 254.164973894755 254.201928774516 255.509475866954 260.35346587499 265.496611595154 269.962271054586 269.801457722982 259.77768500646 256.741960843404 251.757363478343 245.12243270874 243.028382460276 245.607892672221 243.703246116638 231.773734092712 221.086184183757 223.782440026601 222.437500953674 216.634968916575 214.401165644328 217.628399531047
256.68611129125 258.748928705851 259.579420089722 265.85598786672 265.960097312927 267.093280951182 272.395074367523 276.351491610209 274.943669637044 274.344185988108 272.609134515127 271.275103092194 268.352131048838 263.211270173391 261.630793412526 264.850974082947 256.859540939331 254.447937011719 254.644354184469 260.020216306051 260.295927524567 259.522835413615 255.76784213384 253.916382789612 249.483525753021 254.703720410665 259.590645631154 259.882092475891 265.732864538829 271.553456783295 274.580578009288 274.197359879812 265.236179033915 258.006056149801 245.802720387777 239.223857720693 241.110543409983 247.266987959544 240.663468837738 222.313364346822 216.539899508158 227.193931738536 228.825211524963 221.341649691264 218.003392219543 210.113644599915
255.345205465953 264.20255502065 264.730592568715 267.830312252045 266.14914337794 264.137705167135 270.09512980779 273.54230483373 273.467222849528 275.479217370351 274.233082930247 272.418916225433 270.607153574626 264.869411786397 261.624773343404 268.461426099141 261.830687522888 256.232142448425 253.457546234131 256.891508897146 257.368206977844 255.344291528066 255.148629347483 251.232345898946 248.536705970764 249.790112177531 253.510574499766 256.256759166718 255.491296450297 260.869900385539 268.280069033305 269.972046216329 260.217229525248 244.891881942749 211.809694766998 202.249526977539 219.298283259074 235.946953296661 239.845772584279 238.777379194895 239.503542582194 236.116290092468 218.844453493754 213.047862052917 221.666316191355 204.292178153992
256.443719069163 254.014531771342 253.087262312571 257.299701372782 263.966103394826 266.201496124268 264.675140380859 270.57953675588 270.536224047343 272.460142771403 271.959185600281 273.690640926361 272.078573703766 267.89124806722 262.625237305959 263.813296953837 264.089365800222 253.79470984141 248.598714669546 250.551442305247 249.888797601064 250.333448251088 252.329528331757 246.610860029856 247.062166531881 244.101921717326 247.426390647888 245.711286862691 247.669835885366 246.703505516052 251.636564731598 255.732655525208 239.638447761536 213.541209697723 181.050876776377 164.806604385376 177.366296450297 206.599374612172 233.311315377553 238.415638605754 240.348736445109 229.173163572947 210.322360197703 209.492643674215 212.922016779582 194.656173388163
259.847283363342 251.066426436106 246.91645304362 252.109944820404 261.329730351766 268.811066945394 266.509095827738 268.575767676036 269.12001768748 269.063691298167 270.190596580505 272.63073126475 273.079295953115 271.490573883057 264.555017153422 262.145837148031 264.842828114827 255.414207776388 250.670194625854 253.977735837301 252.933422724406 249.566733837128 247.663537661235 245.713472366333 244.554797808329 242.816686630249 242.080132166545 242.130080858866 242.88268884023 236.835956573486 229.502558708191 228.83810599645 211.042682329814 187.182903289795 174.66002702713 164.152512947718 150.13720591863 160.03805398941 181.559185187022 210.205336411794 225.253403186798 212.615688641866 207.62844880422 206.65180683136 194.974859555562 181.508799393972
261.217097441355 255.713442961375 250.163773695628 253.701726595561 261.223713556925 269.0735856692 270.392775535583 268.377204736074 270.366191864014 269.046207269033 270.634114742279 272.431313991547 272.680540879567 273.963928222656 266.87628030777 265.547772248586 267.038385073344 259.26011800766 256.150404612223 255.30070066452 257.388234138489 253.135899702708 250.249147415161 248.611966768901 247.042755285899 246.031602223714 243.876020113627 241.203308105469 234.903613726298 227.610230445862 218.088348706563 216.422220071157 206.05323712031 197.561760743459 199.118097623189 194.984475771586 176.171481609344 162.39274541537 153.43960126241 166.018466154734 188.377261161804 189.716339111328 180.882771809896 169.48264837265 166.825234889984 170.820951461792
264.317810535431 262.188673019409 254.710872968038 251.147905985514 255.709131558736 267.271796862284 269.053518772125 268.315354983012 267.788847287496 271.338144938151 274.539371331533 275.951107343038 273.963451385498 274.739364782969 269.676744937897 267.850240071615 269.623021284739 264.298816521962 258.347789446513 258.372108141581 254.404743512472 254.3998559316 254.122873147329 254.564086596171 250.184019406637 247.830271720886 242.401321729024 234.709501266479 225.95355908076 220.55455048879 219.127416610718 218.72087319692 212.570230166117 214.848577976227 221.101641654968 225.631316502889 226.456582546234 213.615934054057 195.347269376119 162.190546592077 166.557282209396 176.568627357483 175.348877906799 168.775916099548 172.377149264018 185.804625352224
266.332825024923 265.308082103729 260.871291160583 254.447102546692 251.630981763204 263.218998908997 267.49442021052 268.323222796122 265.224715073903 268.755694230398 276.196599006653 275.904973347982 273.653447628021 273.683985074361 272.951563199361 267.048935095469 268.210152784983 265.202542146047 260.354479153951 258.740921815236 257.154603799184 257.83230861028 254.095673561096 252.376695473989 247.664670149485 243.802726268768 228.63773504893 205.658396085103 201.142191886902 205.986201763153 216.620167096456 215.573112169902 211.610118548075 211.817979812622 223.577002684275 238.22029431661 251.024067401886 255.045493443807 246.400634447734 202.381253242493 172.301928202311 183.685839176178 197.056174278259 204.47313785553 211.052517096202 220.78271706899
265.729546546936 263.309558232625 262.543797492981 260.313590367635 253.520607948303 259.05034939448 267.050782839457 268.940647443136 264.779071013133 265.836596488953 274.430274963379 275.360643863678 272.297263145447 271.919031937917 272.322376569112 265.970865885417 265.838662783305 262.411455313365 260.911325613658 261.116186777751 260.88825861613 259.582658608754 255.080779393514 249.135673046112 250.607848167419 249.861637751261 231.536070505778 209.748466809591 208.016812801361 214.610020319621 224.430362383525 220.715701580048 221.545934677124 226.473470528921 236.108481884003 243.005295594533 247.498571872711 219.401359558105 195.927063624064 194.328963756561 199.517210324605 212.964216868083 205.39124806722 199.443300565084 193.850855032603 207.370936870575
256.590127944946 261.793692906698 260.115126768748 260.349035263062 255.873183409373 252.89398431778 266.085902849833 271.139363447825 266.29916826884 266.100664933523 271.180629730225 274.053374926249 273.309111595154 268.517851829529 268.648207187653 266.556859016418 261.919856071472 261.77700360616 260.586619377136 263.60026995341 263.993322849274 260.324597358704 258.45475991567 252.662003040314 251.660128434499 252.124528090159 248.284816741943 239.804009596507 234.13759469986 239.443063735962 235.241075356801 227.75133450826 230.203251043955 236.961722373962 234.813610712687 218.045632044474 200.038313865662 155.973464250565 134.609858194987 170.657594998678 210.646867752075 222.790579001109 203.499813874563 196.983953317006 198.328256607056 209.168752034505
245.442807674408 257.854918638865 257.905602455139 257.871568202972 257.404049237569 254.430194695791 260.018388430278 270.11913061142 272.443652153015 267.466425895691 268.478075663249 271.847148736318 271.684587001801 269.404411315918 267.921725908915 267.23309357961 261.466463406881 259.097675482432 256.101588408152 254.167914390564 255.65375884374 252.140680948893 250.99503993988 248.993515968323 249.620676040649 256.320655345917 262.749850749969 263.138810793559 248.271505037944 245.689292748769 237.201154232025 226.197560628255 227.356155713399 210.465550422668 185.420175393422 159.528156121572 147.777299086253 134.166717529297 120.958298444748 136.38229171435 162.569284439087 192.804276943207 207.55938688914 225.014468034108 251.636465390523 255.570352077484
