input/barkrak2/radiation/dir21724.grid
NCOLS 85 
NROWS 70 
XLLCORNER 665100 
YLLCORNER 4664600 
CELLSIZE 20 
NODATA_value -9999 
[rows 40 to 59 of 70, columns 0 to 45 of 85]
300.888498624166 302.004933357239 301.496605078379 302.978356679281 309.032559394836 312.554895877838 315.481146176656 318.472743034363 319.049775600433 308.47974618276 296.99569940567 292.946139971415 292.208552360535 288.705408573151 286.568860212962 285.667300224304 285.598655541738 284.12671883901 279.356797536214 279.405434926351 282.418628533681 286.316672960917 286.617875099182 281.999230384827 278.722763061523 276.167273521423 283.384799957275 283.986926078796 284.646451473236 283.840497334798 281.263828277588 279.257416725159 261.063694953918 260.390222072601 285.011390844981 284.755825996399 274.287660916646 271.143277486165 272.783557573954 266.921520233154 278.396964073181 310.53231159846 311.71174844106 255.24095694224 193.574090798696 156.135300795237
306.20664358139 304.220239321391 304.413417975108 304.289062817891 301.826377709707 299.637377262115 299.07363653183 299.639821052551 303.612132867177 295.856217543284 290.049354235331 290.470480918884 293.417990207672 292.675852775574 291.825036207835 289.170900980632 284.282644589742 290.61625401179 290.43718179067 285.413324832916 286.570390065511 286.736389001211 284.661809603373 285.612324873606 285.899420579274 279.30470307668 282.657305399577 284.297148386637 283.989747365316 284.280935923258 284.623722235362 280.262152353923 266.45569006602 272.025465965271 283.94349416097 274.362047513326 258.62310330073 255.657196044922 260.83912452062 268.384039402008 289.879163106283 303.269227345784 306.249022483826 287.578999996185 236.36790116628 192.319373289744
308.619936307271 306.204676628113 308.436234792074 307.635088761648 302.001218001048 299.320916334788 298.298358917236 296.678920586904 296.127001444499 293.73969634374 291.612565517426 291.60871108373 293.839772542318 297.057191530863 295.924564202627 293.921212355296 290.636897087097 294.23056046168 295.244654019674 289.021134376526 286.278247833252 284.221708774567 278.827985127767 281.286776065826 284.248034159342 278.992931048075 275.439858436584 278.883934020996 279.876351356506 281.370381514231 280.986150105794 276.236951351166 272.339185078939 280.200203259786 281.386216481527 262.127995491028 245.760103066762 249.559283256531 261.949042479197 275.290687878927 284.868975480398 284.08682346344 276.222010453542 269.176125526428 242.622395356496 191.941201686859
297.712643941243 299.413482348124 305.097778638204 303.14044157664 304.645319779714 306.584239006042 305.958231290181 303.365170955658 295.097569624583 294.218480587006 296.979208787282 293.412168820699 294.202287991842 296.465595563253 297.309597333272 294.427295525869 294.626355171204 295.51104704539 295.05056142807 288.475314776103 283.23370218277 281.867305437724 277.375380198161 276.176830132802 277.770141760508 279.987215995789 273.077170054118 274.323105812073 277.357220649719 277.907331784566 275.059282779694 270.58865626653 273.127814133962 278.481920560201 269.732058048248 247.038284937541 241.764823595683 254.635810852051 271.854877471924 276.061852773031 273.737947146098 269.654313723246 261.920670668284 251.381496588389 231.619437535604 196.443319320679
296.504219373067 301.027516523997 302.460670471191 302.710692087809 304.098983605703 305.807332197825 305.591801802317 303.022007147471 300.263603528341 296.830554803212 298.341075579325 296.853125095367 293.600678443909 291.7826573054 290.65736134847 289.960026741028 287.666002909342 291.015426317851 291.472236315409 288.656651973724 282.697141170502 281.924605369568 280.46174844106 278.29106648763 275.19283692042 281.693935394287 283.241629600525 280.049065748851 276.732921600342 274.240811665853 268.164952596029 264.681140581767 266.412476698558 265.018284320831 256.087104479472 243.010779221853 245.746711889903 261.627614498138 275.395035743713 270.9033091863 270.915786425273 262.674530347188 251.759052276611 241.199811299642 229.117274284363 209.107240041097
301.300247510274 304.605543613434 302.527368068695 304.085830847422 303.056279818217 303.253491719564 304.419895013173 303.0104637146 304.307738939921 301.529049873352 300.276378790538 299.041549364726 294.767657915751 291.580458482107 288.696547349294 292.095601558685 284.841954708099 288.13495238622 289.843340714773 287.755688031514 284.642338752747 281.643132368724 281.528949737549 281.39591217041 279.325207074483 278.333306312561 281.015336513519 278.761287530263 274.075567722321 274.662454922994 268.496950467428 262.565970420837 262.0956103007 256.400446097056 243.819812933604 233.500460783641 240.800281365712 259.169419606527 265.436848004659 256.207168102264 261.506994565328 253.054817517598 243.054668108622 244.133830070496 246.013085047404 226.21210416158
301.143129666646 302.335540453593 304.152607917786 304.753522078196 304.478228092194 304.535130659739 305.91360727946 307.211021582286 304.519653320312 304.026186466217 302.727659543355 301.388521989187 297.873973846436 294.639865557353 293.276727199554 295.147796471914 291.910429795583 284.558137257894 288.938681284587 287.260433038076 282.343010107676 283.791979153951 280.177235603333 276.112933953603 279.451529184977 271.792372067769 274.341543515523 275.147954622904 273.81440003713 271.715581417084 267.923573652903 265.362481276194 260.709722836812 253.237207730611 244.012614091237 235.153436660767 241.987526416779 254.693587621053 254.06672557195 254.222889741262 259.591937065125 248.832821846008 246.98414405187 254.938145478566 259.278933207194 241.309523582458
297.460238138835 298.640886942546 302.714725335439 303.565541903178 305.799802144368 306.5491716067 305.323282877604 304.320871829987 303.808252016703 305.058002471924 303.207993507385 299.821575482686 297.815322875977 296.811322371165 293.835898240407 292.214433352153 288.680195808411 282.768527666728 284.544110298157 281.612932682037 281.693935394287 279.208699862162 278.053760528564 270.307819048564 272.774477799733 274.571001529694 267.827133337657 270.234644412994 273.082037766774 270.582477251689 268.82940530777 266.635596752167 258.672336737315 257.792671521505 256.970822811127 248.444497585297 248.834292093913 252.092103163401 254.923760890961 263.895094394684 258.674462636312 250.476638476054 254.666328430176 257.353822390238 255.038142204285 241.653978824615
292.189121246338 294.745226701101 298.216124375661 300.656318664551 304.427683353424 306.039114793142 303.146620591482 302.025198936462 304.181635379791 305.850545565287 303.717414538066 298.865218957265 297.812680403392 295.823375384013 294.084807236989 287.715335687002 287.681619326274 277.364770571391 277.851521968842 282.961150010427 281.26456340154 279.5183857282 279.694298903147 274.941960970561 272.469083468119 275.204400221507 271.356681982676 273.273408412933 276.811440785726 279.215435187022 280.494173367818 278.307020664215 267.891148726145 268.301526705424 267.090320587158 256.568173567454 256.091634432475 258.067349592845 260.149757067362 262.228568394979 252.588947614034 247.402230898539 246.29278977712 241.674999396006 239.569862683614 239.256501197815
291.380365689596 288.790325323741 292.56006081899 297.886808713277 301.146825154622 302.554229895274 304.323573907216 305.454353491465 306.38853708903 302.192529042562 302.654306093852 302.755316098531 297.702570756276 296.05241616567 290.300905704498 287.632743517558 283.084869384766 277.841846148173 279.531677563985 283.545712629954 283.750315507253 284.229854742686 280.734757582347 279.501795768738 275.72892109553 278.630614280701 278.44508488973 279.367506504059 283.358951409658 287.344872951508 290.322879950206 287.527978420258 279.644330342611 277.243196964264 270.252386728923 260.96498966217 257.313589255015 262.116630872091 262.507875760396 251.899202664693 240.844567616781 243.454734484355 242.797394593557 236.776471138 235.047876834869 239.200313886007
290.963808695475 293.390909830729 293.846130371094 299.03644323349 299.798687299093 299.363811810811 303.122361501058 305.561701456706 305.57390054067 305.316865444183 301.514267921448 301.720897356669 296.353220939636 291.794816652934 290.324012438456 291.354695955912 286.016424496969 281.69196844101 281.694352626801 286.534428596497 288.696706295013 283.874313036601 280.241012573242 280.551870663961 276.498695214589 281.002104282379 283.107439676921 283.101499080658 286.057790120443 290.689826011658 294.275720914205 291.982293128967 283.165176709493 277.663807074229 266.049802303314 256.532470385234 256.235122680664 262.052198251088 257.550279299418 241.203804810842 236.539324124654 247.808953126272 247.630457083384 240.413864453634 237.548549969991 232.296665509542
289.897342522939 297.867655754089 298.565447330475 300.692399342855 297.861635684967 295.234004656474 300.537844498952 304.540534814199 300.849974155426 303.97109190623 302.827954292297 299.799601236979 296.721458435059 293.251037597656 290.340582529704 294.499079386393 290.405054887136 283.185581366221 278.266628583272 283.746778964996 284.086346626282 282.117168108622 279.703835646311 275.963087876638 273.328940073649 276.578704516093 279.734035332998 279.889484246572 278.70770295461 283.125023047129 291.202167669932 291.435440381368 279.745539029439 264.656484127045 233.934938907623 223.364214102427 239.266792933146 252.330104509989 254.629492759705 253.597100575765 257.042328516642 255.725582440694 238.96066347758 232.59049654007 240.192095438639 229.540129502614
291.36981566747 289.379278818766 287.329296271006 289.444983005524 294.949253400167 297.221601009369 293.330351511637 298.39430252711 298.360566298167 299.994885921478 299.423178037008 299.379666646322 299.426436424255 294.204433759054 291.219433148702 290.453950564067 290.533979733785 280.921558539073 276.140729586283 276.045898596446 277.417540550232 277.635216712952 277.249932289124 271.881481011709 272.003014882406 269.161820411682 269.944250583649 270.264565944672 269.710898399353 270.702958106995 272.59757121404 278.146326541901 259.260098139445 231.666207313538 202.327291170756 188.137173652649 202.29297876358 229.651113351186 252.256989479065 253.846168518066 255.412220954895 246.094187100728 229.265252749125 229.98970746994 235.214034716288 210.500697294871
292.951842149099 284.034053484599 280.481179555257 285.09795665741 290.472348531087 297.017157077789 294.960180918376 296.702444553375 297.111868858337 295.520186424255 297.936956087748 298.474192619324 298.694173494975 297.335108121236 291.034857432048 288.811365763346 291.191041469574 282.503664493561 278.112371762594 279.154419898987 278.02308400472 274.714191754659 275.062680244446 271.092792352041 269.752860069275 268.031378587087 267.169257005056 267.04337199529 265.464345614115 261.882086594899 252.858440081278 250.992735226949 232.907017072042 209.157486756643 197.243094444275 186.758816242218 175.331890583038 185.985962549845 205.174763997396 230.826199054718 241.956432660421 232.167780399323 226.195176442464 225.928982098897 217.402935028076 198.163052399953
292.745689551036 286.861936251322 282.090147336324 283.757468064626 290.407399336497 295.778075853984 298.349897066752 295.075198014577 298.210998376211 295.51241795222 296.742061773936 296.627322832743 298.360407352448 297.765990098317 291.170438130697 291.781743367513 291.218856970469 283.834457397461 280.976414680481 282.172322273254 282.017072041829 278.034687042236 277.406493822734 275.713245073954 271.977066993713 270.90847492218 268.780430157979 266.232013702393 262.524485588074 257.429341475169 247.413078943888 242.79507001241 224.961161613464 214.929044246674 217.285593350728 215.837796529134 201.446016629537 189.022739728292 179.568847020467 190.783083438873 214.474737644196 211.20939652125 202.884634335836 193.384269873301 189.971685409546 188.251773516337
294.262607892354 291.335046291351 284.684816996257 279.698431491852 285.449186960856 294.136166572571 297.185301780701 295.026302337646 294.41366593043 295.783638954163 300.0701268514 299.615065256755 299.463709195455 298.442463080088 293.627301851908 293.771048386892 293.465415636698 288.309057553609 282.695670922597 283.00799926122 281.294246514638 279.144028822581 278.55908870697 280.979573726654 276.911377906799 274.652441342672 269.620617230733 262.393136819204 255.866865317027 251.868069171906 249.913175900777 245.959579944611 232.142726580302 231.232901414235 236.640632152557 242.253343264262 246.442238489787 236.864686012268 219.319502512614 187.29700644811 189.225077629089 198.02184899648 195.809880892436 189.86302614212 194.204111893972 205.113887786865
294.918338457743 292.784591515859 290.184458096822 282.686511675517 279.795050621033 290.427486101786 294.296582539876 293.487985928853 292.13535785675 294.916749000549 299.582898616791 301.10502243042 297.52520720164 299.055417378743 296.426097551982 291.089177131653 293.953001499176 289.172391096751 284.63073571523 285.299360752106 283.739725748698 282.071053981781 278.390685717265 276.706596215566 276.836673418681 273.148735364278 254.858791828156 234.630564848582 231.663346290588 235.933403174082 243.89111995697 239.257295926412 231.400926907857 229.939520359039 240.371485551198 253.267288208008 267.178436120351 272.458453973134 263.283332188924 223.770121733348 194.996496041616 203.629533449809 215.059240659078 223.745326201121 231.684605280558 239.146550496419
294.350345929464 291.025360425313 291.670282681783 287.915269533793 281.418323516846 286.614616711934 293.930331865946 294.030924638112 291.683733463287 292.133490244548 297.977805137634 300.659596920013 296.367843945821 295.673370361328 297.654211521149 290.264884630839 291.900058587392 288.676142692566 285.157561302185 285.207311312358 284.766256809235 285.608331362406 281.475027402242 276.01150671641 275.122165679932 274.391531944275 256.973286469777 236.629764238993 233.162999153137 238.702297210693 247.468491395315 244.021395842234 240.2117451032 243.896126747131 257.266362508138 261.05393966039 266.969323158264 243.19459994634 219.314853350321 212.708711624146 219.935536384583 232.557614644368 228.984673817952 219.09362077713 215.823968251546 228.751480579376
284.992913405101 289.687633514404 287.929217020671 286.18993361791 283.557295799255 280.872762203217 293.094476064046 295.928061008453 291.061500708262 290.249605973562 295.130054155986 299.54073826472 297.251800696055 292.69548257192 294.530391693115 290.863633155823 286.494791507721 288.10449441274 286.775529384613 287.278711795807 289.654095967611 284.003456433614 284.488638242086 276.854733626048 275.821109612783 277.83985932668 271.742224693298 268.020113309224 266.199906667074 265.997111797333 261.286854743958 248.883545398712 252.911965052287 255.630870660146 252.282996972402 236.032446225484 214.820345242818 176.533341407776 157.218962907791 193.511724472046 232.692658901215 240.528762340546 223.496913909912 214.85835313797 220.222612222036 232.179363568624
274.960617224375 284.592946370443 285.928666591644 283.869802951813 284.982164700826 280.43133020401 285.654385884603 294.977188110352 296.236614386241 293.163239955902 294.567386309306 295.990149180094 297.34472433726 293.525020281474 293.90545686086 291.503846645355 286.08500957489 283.428231875102 282.764275868734 280.969778696696 282.18803803126 280.977527300517 279.800673325857 277.87838379542 278.271575768789 283.232728640238 287.310282389323 289.02937968572 273.565649986267 271.064500013987 260.351459185282 249.080061912537 248.219887415568 230.319917201996 202.544907728831 178.098559379578 166.256129741669 153.736879428228 143.846402565638 162.326037883759 190.033515294393 214.957177639008 224.184890588125 239.822010199229 268.107255299886 274.335424105326
