input/barkrak2/radiation/dir21624.grid
NCOLS 85 
NROWS 70 
XLLCORNER 665100 
YLLCORNER 4664600 
CELLSIZE 20 
NODATA_value -9999 
[rows 0 to 19 of 70, columns 0 to 45 of 85]
322.854042053222997 327.747563521067 331.570784250895 332.556287447612 328.940391540527 326.264441013336 319.706797599792 313.623746236165 317.468802134196 317.35356648763 314.722796281179 320.236265659332 324.128031730652 324.20806090037 326.669792334239 328.23113600413 323.537786801656 316.092113653819 312.041799227397 301.472067832947 284.040768941243 284.231781959534 303.784410158793 311.322728792826 309.123635292053 309.823870658875 309.356013933818 298.996031284332 279.779394467672 274.410724639893 271.639188130697 281.371633211772 299.520274003347 302.769780158997 306.830664475759 298.649410406748 297.849218050639 308.112581570943 299.994568030039 305.699388186137 294.907927513123 281.870782375336 291.124284267426 308.735013008118 313.01748752594 306.837836901347
309.525748093923 312.754193941752 319.825768470764 324.426690737406 327.475766340892 326.61368449529 319.802403450012 311.982095241547 316.278417905172 317.785859107971 312.682469685872 316.883146762848 322.765986124674 323.90034198761 323.69863986969 325.880408287048 325.614353020986 321.613848209381 317.491014798482 308.590531349182 297.816793123881 296.388208866119 305.631915728251 310.762604077657 310.986797014872 310.155769189199 307.403822739919 298.730313777924 283.394277095795 274.55864350001 276.119490464528 290.42907555898 295.913477738698 296.663602193197 306.400418281555 298.109650611877 294.691463311513 297.24927743276 292.501012484233 304.856975873311 302.358090877533 292.385260264079 297.486106554667 311.883926391602 316.251158714294 310.26029586792
275.825599829356 282.316943009694 290.277640024821 299.324949582418 309.352040290833 314.529418945312 317.748030026754 318.758964538574 319.197773933411 316.411693890889 310.09574731191 311.518470446269 320.065458615621 322.940945625305 319.25751765569 322.744468847911 326.556622982025 328.124682108561 324.67116912206 319.211045900981 317.815939585368 313.228289286296 309.056917826335 308.844149112701 311.044116814931 311.580975850423 305.563489596049 296.801785628001 286.198079586029 276.077648003896 276.890794436137 293.415606021881 286.897699038188 292.238434155782 303.899486859639 298.018197218577 286.967178185781 282.034715016683 291.624327500661 305.115024248759 304.595748583476 302.570343017578 301.551659901937 312.302112579346 321.920911471049 315.623879432678
256.478269894918 258.192976315816 265.227238337199 271.527349948883 277.298768361409 282.117525736491 287.242988745372 297.323763370514 309.220373630524 316.506822903951 316.903213659922 319.192508856456 322.988867759705 324.054499467214 321.216682593028 318.437000115712 319.782356421153 321.426192919413 322.296460469564 321.78916533788 319.460908571879 316.995183626811 318.442404270172 315.49608707428 313.700079917908 315.296272436778 310.85471312205 302.559435367584 294.980684916178 287.476181983948 280.872285366058 294.012288252513 287.586728731791 292.062441507975 296.554843584696 297.779361406962 292.722423871358 290.815194447835 304.372251033783 311.145782470703 307.048678398132 299.809197584788 294.90864276886 304.814338684082 316.337327162425 317.707896232605
275.735795497894 262.885987758636 252.55541006724 244.445900122325 248.84303410848 263.004759947459 279.627700646718 286.735792954763 294.207096099854 299.240549405416 311.281641324361 321.620345115662 326.859990755717 328.520079453786 327.434599399567 326.246837774913 322.839260101318 316.876212755839 317.377090454102 320.673247178396 318.598369757334 317.87496805191 322.388430436452 319.707194964091 316.930452982585 317.58447488149 313.063820203145 306.080222129822 298.976520697276 294.335802396138 295.159697532654 301.198065280914 295.855402946472 297.502160072327 294.60471868515 297.496636708577 305.659612019857 309.768994649251 314.547419548035 316.614667574565 314.557174841563 307.436883449554 302.502910296122 301.348725954692 306.174059708913 318.368951479594
309.988856315613 290.034810702006 268.669168154399 248.9861647288 241.391042868296 250.021636486053 271.918674310048 285.209079583486 288.053512573242 288.267234961192 296.094954013824 304.656982421875 310.930569966634 314.966559410095 319.197297096252 321.717222531637 319.057206312815 313.752333323161 314.608732859294 318.74676545461 318.703651428223 322.087327639262 327.225108941396 323.930203914642 321.558475494385 321.791847546895 316.822091738383 309.715867042542 301.594893137614 296.580731868744 300.155599912008 302.568217118581 304.644167423248 308.992862701416 304.042339324951 301.284670829773 307.948648929596 312.568783760071 313.411434491475 313.753545284271 314.123312632243 310.291866461436 308.608015378316 308.331390221914 305.106381575267 302.564839522044
322.63724009196 308.844844500224 295.033554236094 279.212315877279 260.835687319438 249.693274497986 256.581405798594 280.809621016185 289.942622184753 295.964618523916 293.926457564036 290.006836255391 286.813775698344 284.045735994975 284.981250762939 296.19969924291 303.746442000071 312.889615694682 319.658319155375 323.319653669993 321.60621881485 319.089531898499 324.697852134705 325.50036907196 324.55837726593 325.968682765961 323.505659898122 317.986687024434 309.944689273834 305.903712908427 305.805007616679 308.614194393158 318.957547346751 321.937501430511 319.516718387604 312.876482804616 311.5234375 313.34380308787 314.475019772847 318.112949530284 316.746830940247 313.018043835958 311.241904894511 307.236790657043 292.542775472005 286.121090253194
323.224902153015 319.901943206787 315.062582492828 305.975695451101 290.177086989085 266.163945198059 246.214767297109 247.121234734853 275.952597459157 295.215547084808 300.380269686381 297.237018744151 290.18247127533 283.175190289815 273.485541343689 276.331524054209 286.009112993876 296.908060709635 311.748286088308 321.534514427185 323.896507422129 321.214139461517 323.197265466054 325.03080368042 324.692130088806 326.467076937358 326.060990492503 322.806417942047 317.633628845215 316.953539848328 318.040947119395 319.823106129964 326.529244581858 327.41908232371 324.831326802572 321.32492462794 317.658205827077 313.298443953196 307.322223981221 308.466235796611 314.485271771749 319.243649641673 322.629551092784 317.538479963938 303.55844895045 291.661163171132
319.119453430176 319.790005683899 318.487584590912 314.803858598073 307.150105635325 293.021897474925 269.933899243673 245.414058367411 255.067427953084 275.363663832347 290.948987007141 296.725491682688 297.351320584615 295.649905999502 288.397749265035 282.389322916667 280.316988627116 283.908565839132 294.86358165741 306.037048498789 315.554082393646 320.706307888031 321.841816107432 319.186250368754 320.104479789734 322.698970635732 323.744078477224 322.46987024943 320.985575517019 324.225147565206 326.446056365967 325.688262780507 327.121297518412 327.670375506083 325.12378692627 323.581576347351 320.01515229543 313.711524009705 301.273087660472 302.967031796773 317.956924438477 324.856082598368 324.956516424815 320.386469364166 311.264256636302 302.965799967448
302.758574485779 308.888494968414 311.894158522288 311.986168225606 310.308972994487 309.086203575134 299.523830413818 286.169429620107 260.651926199595 251.668095588684 263.836264610291 284.069816271464 299.231171607971 305.487056573232 307.210028171539 301.561792691549 290.813187758128 287.07096974055 286.578277746836 289.200683434804 294.70040400823 299.799342950185 304.803152879079 308.22632710139 312.502106030782 314.984202384949 316.649635632833 316.020647684733 316.169361273448 320.066928863525 320.724487304688 320.980389912923 324.717422326406 327.331324418386 326.756477355957 323.412259419759 321.143527825673 318.03947687149 303.470969200134 303.081929683685 318.184634049733 321.830789248149 320.28998931249 317.119975884755 308.294673760732 300.205767154694
265.330374240875 276.488025983175 285.481671492259 292.892714341482 299.478630224864 304.886917273204 307.05318848292 304.711818695068 285.064160823822 264.194786548615 250.681857268016 257.789373397827 280.580004056295 299.033542474111 308.527270952861 302.183032035828 296.505669752757 291.932006676992 285.955707232157 281.767646471659 282.011131445567 281.86023235321 283.567806084951 292.994777361552 301.163574059804 306.255618731181 307.969510555267 307.711720466614 310.928702354431 314.304192860921 316.022356351217 317.908485730489 323.459843794505 325.624724229177 324.498236179352 322.280844052633 322.868982950846 324.109335740407 315.702815850576 310.65833568573 316.938996315002 320.242563883464 321.355760097504 320.443193117778 313.181082407633 306.774397691091
228.901008764903 233.742952346802 241.44979317983 252.429028352102 265.553375085195 279.118220011393 293.440083662669 298.062642415365 298.94761244456 289.185106754303 268.543442090352 251.342932383219 252.259850502014 272.508402665456 292.978703975677 294.547557830811 299.85789457957 298.150698343913 290.491680304209 282.448887825012 277.152379353841 274.683475494385 274.789810180664 282.137592633565 287.766714890798 291.643818219503 293.63477230072 296.810984611511 301.659226417542 304.958124955495 308.072566986084 312.302629152934 316.144267717997 317.868332068125 317.104399204254 317.171951135 321.836312611898 325.618227322896 325.011471907298 321.693221728007 321.983436743418 324.746827284495 326.125105222066 324.398795763652 319.196442763011 317.010939121246
217.800319194794 213.749527931213 211.592634518941 211.609482765198 218.948900699615 234.34857527415 255.963762601217 274.366895357768 296.850005785624 300.088922182719 291.799704233805 273.429075876872 249.495108922323 246.190985043844 266.748150189718 288.110534350077 299.694319566091 301.466663678487 298.21656147639 291.890243689219 284.260908762614 283.432046572367 283.061822255452 283.811310927073 283.716301123301 282.742659250895 286.197245121002 292.416254679362 295.027454694112 296.100397904714 299.857338269552 304.115811983744 305.874983469645 306.288182735443 307.560960451762 310.88250875473 318.526645501455 323.469281196594 323.930263519287 325.869143009186 326.191941897074 325.561086336772 324.927051862081 324.686169624329 319.491267204285 317.286332448324
213.097810745239 186.958452065786 170.65155506134 164.621353149414 161.95880373319 168.102145195007 187.818904717763 221.108317375183 255.066474278768 284.48474407196 297.615567843119 297.8276014328 284.271677335103 262.773176034292 260.404745737712 280.930638313293 294.089516003927 303.126394748688 307.49632914861 305.118024349213 297.293305397034 293.994386990865 291.498442490896 291.345397631327 290.681719779968 288.680811723073 291.426122188568 297.814468542735 296.40781879425 291.835268338521 296.183049678802 300.266524155935 301.804582277934 301.267206668854 303.661127885183 308.692038059235 313.19518884023 315.487821896871 316.972891489665 317.693293094635 319.802343845367 321.618437767029 324.071725209554 324.576576550802 319.672842820485 317.75693098704
196.319699287415 158.872604370117 137.382795413335 133.723308642705 133.324861526489 138.402273257573 147.600789864858 172.918597857157 200.155675411224 246.719539165497 290.613214174906 310.635050137838 313.314656416575 301.014045874278 281.081239382426 277.438898881276 280.945042769114 293.197572231293 305.519541104635 310.390631357829 309.301594893138 305.17715215683 303.622404734294 300.625761349996 297.508438428243 296.026170253754 298.366328080495 299.958348274231 294.516344865163 291.422307491302 294.896880785624 298.571467399597 298.785467942556 298.901716868083 300.835331281026 303.718527158101 305.186589558919 303.403576215108 305.950919787089 306.132952372233 309.992253780365 314.909040927887 317.413131395976 318.203171094259 315.698186556498 315.51335255305
166.66250427564 139.720916748047 116.635491450628 114.325642585754 130.346079667409 152.986208597819 153.447419404984 162.443061669668 182.056804498037 211.936513582865 259.013752142588 306.997259457906 320.515751838684 319.00825103124 306.513408819834 283.43798716863 274.484435717265 276.685178279877 289.558311303457 307.660798231761 314.023852348328 310.493032137553 311.429341634115 306.851387023926 301.792045434316 302.069624265035 304.585337638855 301.621854305267 296.303470929464 298.735876878103 300.418655077616 299.190580844879 297.084331512451 296.254098415375 296.82989915212 296.341220537821 294.04217004776 290.912369887034 292.918086051941 293.479442596436 297.213276227315 301.478703816732 303.524871667226 303.213437398275 308.595458666484 311.747968196869
147.5503941377 136.812309424082 115.158319473267 106.032609939575 109.073023001353 134.32307044665 155.652105808258 162.471959988276 179.396529992421 193.622926870982 217.039386431376 267.529447873433 312.401096026103 318.954745928446 316.012819608053 308.206339677175 299.763997395833 287.951687971751 278.614580631256 287.935137748718 305.58172861735 312.872846921285 315.176049868266 311.552802721659 307.089289029439 307.525595029195 310.827573140462 307.595352331797 304.407397905986 308.592915534973 308.631459871928 300.811231136322 296.503802140554 293.173352877299 289.565781752268 288.669586181641 285.320540269216 284.347474575043 283.84526570638 286.52153412501 288.786729176839 290.229519208272 292.444288730621 294.485727945964 304.705361525218 310.106178124746
139.246751864751 141.348898410797 133.330682913462 117.362707853317 101.37015581131 118.715902169545 146.535257498423 167.237301667531 188.02930911382 197.791298230489 207.138160864512 232.533435026805 271.49244149526 307.789206504822 318.359573682149 320.310056209564 318.302571773529 309.691429138184 294.894337654114 280.64493338267 289.828459421794 308.846195538839 311.566352844238 311.160882314046 311.497886975606 315.452218055725 318.331996599833 316.07844432195 313.515603542328 315.033912658691 311.115523179372 303.109486897786 298.069059848785 293.082813421885 288.433651129405 285.451889038086 283.617277940114 283.857146898905 282.938420772552 284.621357917786 286.792854468028 287.217358748118 287.333746751149 290.650308132172 299.236873785655 307.046671708425
146.480580170949 156.327883402507 160.899102687836 145.867874224981 125.669022401174 134.641249974569 153.541505336761 174.878160158793 194.421648979187 216.36958916982 223.946173985799 229.791045188904 253.14869483312 264.621615409851 288.20796807607 317.381739616394 318.517426649729 317.367076873779 314.019739627838 301.434238751729 285.330673058828 296.073655287425 302.196820576986 308.367768923442 314.996679623922 319.90925470988 322.02821969986 321.281870206197 316.179017225901 315.003176530202 309.901118278503 304.725170135498 299.28974310557 293.970068295797 290.895422299703 287.45174407959 286.253094673157 284.065127372742 283.435563246409 286.071936289469 288.611789544423 289.924184481303 289.535562197367 291.016797224681 292.488634586334 302.786827087402
156.412184238434 161.272426446279 174.586852391561 181.818922360738 169.220646222432 152.487834294637 155.660212039948 167.905429999034 183.593849341075 209.837774435679 222.620924313863 223.788678646088 229.183514912923 241.187473138173 260.124305884043 277.339657147725 294.648905595144 312.248289585114 313.384791215261 312.580009301503 306.593616803487 295.373241106669 296.311914920807 303.311765193939 311.344265937805 317.610621452332 321.820418039958 320.290843645732 314.097503821055 313.310563564301 308.850248654683 302.71852016449 297.587712605794 294.742425282796 292.665263017019 289.280513922373 286.929229895274 279.705206553141 278.264145056407 285.449544588725 290.77422618866 292.253116766612 293.378512064616 293.216904004415 289.990425109863 297.756711641947
