input/barkrak2/radiation/dir23824.grid
NCOLS 85 
NROWS 70 
XLLCORNER 665100 
YLLCORNER 4664600 
CELLSIZE 20 
NODATA_value -9999 
[rows 20 to 39 of 70, columns 0 to 45 of 85]
119.719535112381 110.177983840307 119.868993759155 151.096532742182 147.460887829463 124.818374713262 115.378886461258 124.465455611547 138.651818037033 153.48352988561 165.653576453527 170.735279719035 168.907841046651 172.927518685659 186.838825543722 203.288912773132 213.960627714793 225.162088871002 237.46931552887 258.531133333842 265.22829135259 259.629746278127 260.340491930644 265.658477942149 270.711322625478 273.500661055247 277.452786763509 270.728687445323 273.131330808004 271.074612935384 265.066663424174 250.224610169729 235.713243484497 226.025601228078 222.108443578084 228.337566057841 228.051841259003 230.327645937602 234.585722287496 239.677389462789 241.006175676982 240.377942721049 243.580877780914 237.357417742411 242.191036542257 247.249086697896
152.84792582194 144.035736719767 146.959990262985 177.993913491567 175.912121931712 128.721654415131 127.037227153778 135.16691327095 143.52223277092 152.809043725332 161.532382170359 163.92836968104 164.275189240774 161.693155765533 173.523227373759 189.234415690104 200.245499610901 214.822232723236 227.810581525167 244.868397712708 252.962688604991 261.061231295268 266.011118888855 259.214480717977 257.845103740692 246.460258960724 232.1750720342 232.125322024027 228.379487991333 224.081059296926 211.96711063385 197.420001029968 177.111983299255 170.564750830332 175.758878389994 196.671307086945 205.539544423421 222.907503445943 234.234154224396 235.453565915426 233.304858207703 231.375753879547 224.806348482768 207.321981588999 230.634113152822 242.407321929932
198.877592881521 199.755152066549 190.764188766479 197.664340337118 197.527686754862 155.90164065361 150.480479001999 146.739294131597 143.100788195928 146.568963925044 157.624453306198 165.554523468018 170.622686545054 171.622455120087 173.365970452627 179.844995339712 187.472701072693 201.039910316467 209.083398183187 213.456153869629 218.591531117757 233.102480570475 242.330133914948 244.847893714905 243.217666943868 237.340112527212 224.527458349864 215.583761533101 215.638279914856 199.436744054159 173.521856466929 129.065026839574 99.3819038073222 105.591038862864 132.73232181867 157.624741395315 179.555535316467 202.928781509399 216.955025990804 221.208810806274 225.438376267751 226.298213005066 201.506435871124 175.236165523529 207.658251126607 237.55943775177
230.362931887309 226.202368736267 206.445852915446 203.686535358429 202.708860238393 192.677060763041 173.735578854879 150.952835877736 137.384672959646 140.960454940796 155.3782025973 169.176002343496 178.264399369558 181.21991554896 176.801164944967 178.690393765767 187.833746274312 199.208557605743 204.577366511027 197.438855965932 198.011616865794 200.467387835185 213.140209515889 223.334352175395 228.527406851451 225.2090771993 214.773913224538 199.279208978017 178.971608479818 152.374605337779 124.365419149399 98.7352629502614 59.2123071352641 24.8817230264346 27.9233207305272 61.836913228035 104.36483224233 140.289038419724 169.117053349813 179.906328519185 181.517740090688 164.142102003098 158.044288555781 188.242415587107 195.526421070099 226.245721181234
224.806189537048 223.855912685394 217.165331045787 206.629415353139 194.795727729797 193.475902080536 176.433781782786 165.130903323491 151.728709538778 145.86728811264 151.613891124725 164.131323496501 169.745981693268 177.778999010722 179.614583651225 180.397848288218 184.774041175842 196.42831881841 203.636586666107 196.102281411489 195.458253224691 191.273768742879 198.653340339661 206.197599569956 207.914789517721 205.957611401876 201.020916302999 183.911442756653 162.074675162633 118.501017491023 99.9672412872314 95.8281457424164 71.4329381783803 22.2316806515058 19.1155547897021 43.7688628832499 65.523828069369 89.9027486642202 111.919422944387 133.165051539739 127.202242612839 113.396644592285 134.428878625234 213.046987851461 213.183244069417 229.496598243713
213.929712772369 219.008922576904 222.709774971008 208.215514818827 195.214490095774 193.58374675115 189.51557079951 192.623396714528 188.092728455861 174.850185712179 170.464177926381 178.41637134552 180.945853392283 192.555407683055 193.019052346547 183.804929256439 186.93999449412 199.082414309184 203.786532084147 206.785619258881 211.270292599996 205.030699570974 199.217478434245 195.839742819468 196.802179018656 196.389595667521 187.890966733297 175.921221574148 151.117165883382 130.874961614609 126.606017351151 139.537354310354 136.620700359344 80.6063959995906 51.9071867068609 60.5636686086655 67.2170023123423 76.7159461975098 98.4076658884684 99.1381307442983 92.6499664783478 98.8870859146118 141.800800959269 210.136433442434 228.172183036804 237.315038839976
214.256783326467 218.606154123942 222.649077574412 212.183435757955 211.109141508738 210.05920569102 213.031729062398 215.008457501729 219.878613948822 212.781647841136 195.30314207077 200.488130251567 201.567530632019 208.894809087118 208.56241385142 195.433537165324 193.300982316335 201.807061831156 208.888113498688 221.531550089518 223.888218402863 220.783273379008 210.299630959829 201.793154080709 198.690215746562 198.049386342367 188.62521648407 184.940934181213 162.797669569651 164.352943499883 180.95205227534 206.465125083923 214.053908983866 208.596050739288 155.43270111084 90.0957584381104 82.9243262608846 87.4450703461965 98.5979239145915 98.1146494547526 108.438452084859 149.576872587204 173.797408739726 200.123608112335 225.714087486267 233.578463395437
217.536509037018 214.323977629344 216.846863428752 213.618298371633 239.217340946198 232.903222242991 230.934580167135 225.588421026866 228.675822416941 229.662160078684 212.674041589101 205.663442611694 208.306272824605 210.818250974019 213.243226210276 207.337101300557 203.122913837433 209.794163703918 220.571001370748 226.75766547521 224.539617697398 214.967131614685 212.380528450012 209.657251834869 208.333373069763 203.327596187592 198.239505290985 194.442550341288 191.246489683787 202.538390954336 220.270931720734 233.73023668925 238.643328348796 251.439233620962 242.624560991923 153.778423865636 105.25847474734 91.8335715929667 92.329333225886 107.151240110397 148.608982563019 215.04408121109 194.113850593567 187.656998634338 205.895026524862 210.360467433929
217.380086580912 206.254124641418 209.195057551066 219.587842623393 258.999427159627 241.709331671397 227.267742156982 218.857526779175 218.857725461324 217.632015546163 208.673735459646 198.507527510325 205.394208431244 210.66818634669 214.20298020045 217.305203278859 213.576555252075 209.790269533793 219.406723976135 219.082653522491 217.63422091802 209.836363792419 209.262450536092 213.932991027832 215.386589368184 205.926597118378 207.028488318125 203.119854132334 202.930788199107 215.398212273916 234.904050827026 249.868512153625 253.162900606791 253.335932890574 262.192090352376 224.699060122172 123.180309931437 80.6029339631398 67.5017337004344 88.5793069998423 161.727160215378 204.325556755066 185.442507266998 157.051672538122 167.092800140381 176.367024580638
213.196913401286 198.350469271342 203.889409701029 229.49622074763 258.285462856293 239.194214344025 214.380621910095 195.865372816722 183.635989824931 179.602086544037 180.087506771088 183.450837930044 200.604816277822 212.838192780813 215.901513894399 221.984426180522 221.195658047994 207.451681296031 209.984640280406 209.917803605398 208.64337682724 210.575560728709 210.887471834819 214.184741179148 216.017623742421 211.351176102956 216.852863629659 207.767983277639 204.58710193634 222.336570421855 243.785838286082 259.977221488953 257.217824459076 255.051155885061 265.800297260284 268.086274464925 212.884624799093 124.606470266978 92.7826265494029 101.059059302012 134.820272525152 153.680900732676 162.933965524038 132.267345984777 132.177174091339 141.986081997553
205.890297889709 212.630271911621 242.34002828598 287.823895613352 282.35791126887 245.519081751506 208.184838294983 176.570415496826 164.708435535431 172.358274459839 167.856673399607 164.787848790487 191.296458244324 211.575249830882 219.888587792714 225.801825523376 224.787036577861 213.781952857971 210.488319396973 212.615231672923 209.537963072459 215.530037879944 216.053744157155 217.332065105438 219.420492649078 222.790022691091 222.455779711405 218.063731988271 214.327692985535 231.276710828145 252.389351526896 263.831456502279 259.360909461975 263.870219389598 271.989087263743 276.385188102722 276.253898938497 252.23579009374 173.742433389028 128.830780585607 116.568386554718 117.883632580439 139.80026046435 129.639615615209 126.434246699015 146.466493606567
224.414547284444 257.797380288442 293.27932993571 308.843672275543 320.394078890483 285.799344380697 239.147047201792 198.33767414093 185.229400793711 196.19091351827 186.797916889191 172.567884127299 186.031758785248 208.973507086436 226.566513379415 229.565064112345 226.71244541804 222.761631011963 215.412616729736 215.712070465088 216.020206610362 220.200995604197 220.87025642395 220.162192980448 222.288926442464 231.304426987966 232.665121555328 235.511839389801 232.30501015981 242.123484611511 256.439765294393 264.536122481028 266.831199328105 274.342437585195 280.2428205808 270.733833312988 272.821485996246 289.620836575826 251.955946286519 175.759216149648 128.03441286087 120.282212893168 124.369849761327 136.14680369695 154.168387254079 182.871301968892
273.515641689301 297.707080841064 304.72590525945 300.8793592453 315.365672111511 318.153500556946 294.474343458811 260.606408119202 233.832637468974 228.90039285024 226.487656434377 208.249986171722 190.121829509735 206.595102945964 226.024468739827 231.676558653514 226.833403110504 229.827364285787 218.095898628235 214.935998121897 219.880958398183 222.876290480296 221.585114796956 220.053454240163 223.309497038523 235.0914478302 241.688946882884 246.234933535258 244.689961274465 245.08394797643 259.879112243652 269.523461659749 267.826914787292 267.745395501455 269.964337348938 259.54524676005 261.238276958466 267.119348049164 243.610898653666 197.904884815216 162.831783294678 142.985294262568 133.773773908615 137.219528357188 154.803862174352 188.654541969299
293.156186739604 300.229986508687 296.162664890289 287.7077460289 292.112767696381 306.901653607686 310.32133102417 289.18198744456 263.733506202698 254.039704799652 254.46891784668 237.718045711517 215.041915575663 213.165998458862 226.024846235911 227.188070615133 224.009156227112 226.662298043569 219.454308350881 220.248202482859 219.261765480042 219.9600537618 217.865645885468 217.182139555613 224.827726682027 234.392603238424 243.604044119517 245.271941026052 244.728684425354 250.840127468109 262.020866076152 263.5351618131 251.908719539642 245.392362276713 248.917758464813 230.355282624563 228.925128777822 220.099826653798 195.51153977712 179.659406344096 191.65184100469 176.059524218241 157.39960471789 143.226703008016 145.730435848236 167.528847853343
298.22959502538 297.172387440999 301.360090573629 291.320363680522 287.157535552979 295.558253924052 310.762921969096 311.653514703115 285.81311305364 265.793641408284 257.566114266713 252.055525779724 244.828641414642 230.758865674337 226.445515950521 227.924823760986 224.59602355957 221.981326738993 220.008015632629 223.267594973246 219.008247057597 218.12782684962 219.052116076152 221.47661447525 225.079834461212 230.91193040212 238.18697532018 236.507455507914 239.575962225596 251.325885454814 259.069701035817 251.580119132996 239.186306794484 238.542755444845 232.548634211222 215.184370676676 218.037307262421 216.438353061676 208.732028802236 204.454123973846 210.430939992269 215.887188911438 195.052285989126 178.054769833883 160.411377747854 152.593314647675
309.416194756826 308.485567569733 313.431521256765 309.811055660248 302.391211191813 302.964528401693 312.845925490061 321.215947469076 298.049668471018 271.497448285421 257.327377796173 256.12860918045 258.335967858632 243.098139762878 233.983298142751 235.10597149531 229.41529750824 222.736636797587 227.316319942474 228.428343931834 226.469914118449 221.789876619975 224.253972371419 228.107194105784 226.348419984182 231.212735176086 232.692937056224 230.926950772603 235.519369443258 249.723792076111 255.013267199198 247.857669989268 241.239746411641 242.383042971293 227.102438608805 220.734794934591 226.435283819834 230.727354685465 235.163966814677 233.686586221059 202.8795282046 202.257911364237 192.352851231893 179.360588391622 162.625173727671 141.051242748896
312.791764736176 312.96169757843 315.913299719493 315.206249554952 307.970881462097 303.317705790202 309.955696264903 320.708394050598 303.521275520325 272.025465965271 254.324396451314 255.198101202647 258.550763130188 242.264231046041 231.710453828176 235.768536726634 240.435560544332 230.194727579753 233.910421530406 236.78328593572 235.745489597321 230.862816174825 230.752825737 233.264704545339 230.368137359619 230.042934417725 234.527866045634 238.476554552714 241.061011950175 251.312951246897 255.013982454936 250.765105088552 243.609428405762 242.137551307678 226.367910703023 229.673763116201 233.691612879435 238.049030303955 239.619294802348 231.526037057241 181.381662686666 153.575201829275 140.33712943395 132.115095853806 130.72274128596 125.074923038483
309.115767478943 312.602420647939 316.440900166829 314.626892407735 308.89771382014 307.239313920339 311.022659142812 318.133890628815 312.14447816213 279.425303141276 265.323420365651 256.479899088542 247.760236263275 238.961736361186 232.273777325948 236.957808335622 247.53882487615 240.56883653005 237.033267815908 239.997506141663 240.220367908478 235.709091027578 233.689665794373 233.118971188863 233.967304229736 232.78820514679 234.550456206004 242.683529853821 245.408833026886 249.056994915009 253.278215726217 253.523568312327 246.771772702535 231.975177923838 219.768246014913 237.098515033722 245.618045330048 246.030767758687 238.807360331217 234.161019325256 175.292770067851 119.012951850891 96.6526071230571 84.9675536155701 88.9224410057068 91.7172133922577
290.917932987213 298.779269059499 303.179621696472 303.939024607341 305.529495080312 310.641090075175 314.406355222066 316.676874955495 315.234820048014 295.354843139648 281.61350886027 264.576196670532 249.692479769389 248.378237088521 240.293383598328 233.240405718486 244.804640611013 243.579645951589 238.630592823029 238.188207149506 236.610611279806 234.405934810638 230.392158031464 231.271723906199 232.643683751424 235.620677471161 235.700567563375 239.782492319743 243.47722530365 245.565414428711 250.01855691274 255.107541879018 242.396016915639 218.898812929789 225.427349408468 251.858671506246 256.045858065287 250.381747881571 238.896012306213 239.481210708618 220.381359259288 150.781869888306 98.9561279614766 83.4185481071472 83.6280087629954 77.6157081127167
264.579097429911 270.259320735931 269.396046797435 277.73650487264 289.286176363627 301.079968611399 309.665520985921 314.499219258626 314.015746116638 300.679683685303 279.800931612651 260.786215464274 247.611800829569 244.974096616109 242.238561312358 234.787921110789 240.636984507243 240.329702695211 232.702136039734 232.079327106476 234.898785750071 237.205147743225 235.335965951284 230.122824509939 228.688677151998 231.533408164978 236.204584439596 238.302767276764 243.152737617493 242.412587006887 243.827601273855 248.321294784546 235.097924868266 221.055150032043 248.152693112691 265.056590239207 259.913722674052 252.684553464254 245.651205380758 249.675095081329 269.057790438334 253.385206063588 180.446962515513 131.902396678925 104.35293118159 76.8394370873769
