input/barkrak2/radiation/dir27724.grid
NCOLS 85 
NROWS 70 
XLLCORNER 665100 
YLLCORNER 4664600 
CELLSIZE 20 
NODATA_value -9999 
[rows 40 to 59 of 70, columns 0 to 46 of 85]
149.669696887334 152.309556802114 152.156323194504 153.134644031525 162.863363822301 169.541239738464 172.282298405965 178.205569585164 176.046391328176 159.702112277349 143.382102251053 139.725546042124 137.312362591426 134.437421957652 131.454259157181 131.9620013237 130.84668914477 130.236526330312 125.048359235128 123.227854569753 127.648244301478 133.225828409195 136.351535717646 133.026470740636 128.90350818634 126.762300729752 138.668090105057 142.103612422943 145.592272281647 147.30100830396 147.08556731542 154.9451649189 155.809819698334 167.940656344096 194.796939690908 193.452696005503 177.477200826009 167.421599229177 170.29462258021 188.061098257701 202.883283297221 212.557991345723 166.693150997162 82.6890567938487 32.4182063341141 10.8200684189796 1.60577505206068
158.15399090449 156.093895435333 156.354010105133 154.376049836477 151.02098385493 149.414439996084 146.637310584386 147.981196641922 151.668091615041 143.297672271729 134.497990210851 136.272768179576 138.860007127126 139.334390560786 136.371791362762 134.493013223012 128.819763660431 136.24519109726 137.148916721344 130.646169185638 132.567604382833 133.385469516118 133.668959140778 135.523080825806 137.86710302035 132.162988185883 137.7232670784 143.517365058263 145.69487174352 148.801356554031 150.222887595495 154.646972815196 158.078402280807 176.736136277517 189.255197842916 176.098148028056 161.596089601517 151.284376780192 151.257226864497 164.303034543991 196.170687675476 204.348087310791 183.614512284597 126.66188677152 54.2258123556773 18.8334981600444 0.0468976504635066
163.184930880864 160.48671801885 163.286626338959 160.867194334666 154.329836368561 150.867879390717 146.864126125971 143.217821915944 142.1786348025 139.672676722209 136.639336744944 135.82655787468 139.004359642665 143.560349941254 141.986787319183 139.326224724452 135.107576847076 141.800910234451 143.486152092616 135.293434063594 132.113844156265 132.002055644989 128.108243147532 129.543562730153 135.667463143667 131.733775138855 128.211339314779 134.696861108144 141.484528779984 144.462883472443 147.125581900279 146.903405586878 157.097319761912 179.438471794128 187.83046801885 163.56494029363 148.614118496577 146.350671847661 150.343596935272 161.693493525187 169.982214768728 170.18848657608 158.0484410127 123.804291089376 61.4559352397919 13.6142534514268 0
146.962503592173 149.686098098755 157.56223599116 155.300597349803 158.29477707545 159.652044375738 158.346792062124 153.475572665532 141.27121369044 140.206704537074 143.774747848511 138.179828723272 137.550830841064 142.462541659673 142.264475425084 139.954547087351 140.244007110596 141.786317030589 143.289963404338 136.78299387296 130.455682675044 127.754112084707 126.367181539536 125.087757905324 129.428893327713 133.265286684036 127.573162317276 130.230744679769 135.732521613439 139.453629652659 138.185719648997 136.746883392334 149.293849865595 166.664938131968 167.452096939087 151.377340157827 146.02475365003 154.299477736155 160.979797442754 161.797732114792 156.560788551966 152.654677629471 145.760715007782 118.299653132757 69.6877141793569 15.6349912285805 0
145.589749018351 150.295277436574 153.840492169062 154.283712307612 156.19021654129 157.911082108816 158.264895280202 154.562572638194 148.340364297231 143.494556347529 144.202371438344 141.489048798879 136.600226163864 135.977953672409 134.99371210734 135.689924160639 130.8686931928 137.597719828288 140.476961930593 137.076199054718 132.027198870977 129.937539498011 130.106786886851 129.893710215886 126.692722241084 137.515087922414 140.444735685984 137.377262115479 138.608038425446 137.271622816722 132.383684317271 130.583077669144 137.107193470001 142.095774412155 145.124514897664 144.531587759654 149.436364571253 162.41463025411 168.248732884725 156.479378541311 155.743221441905 147.775987784068 141.956806182861 121.496349573135 85.5165123939514 40.9141331911087 0.00199548640011926
151.461889346441 155.492643515269 153.079718351364 157.10457166036 154.806484778722 154.962668816249 155.727386474609 154.354780912399 154.257675011953 149.285127719243 146.908700466156 146.164158980052 140.101383129756 134.510944286982 134.010295073191 137.010991573334 129.366407791773 133.711795012156 138.649433851242 138.065199057261 134.597539901733 133.704821268717 131.749868392944 133.836130301158 134.405136108398 133.818705876668 140.735437472661 140.769263108571 138.541062672933 138.701488574346 133.928348620733 131.007015705109 133.011798063914 130.296876033147 128.599653641383 128.960311412811 138.039509455363 153.217415014903 154.813498258591 140.703946352005 144.260436296463 137.712190548579 134.763499101003 132.142712672551 114.166527986526 74.9328136444092 31.6361784934998
150.769501924515 152.909229199092 156.257440646489 157.897522052129 157.977958520254 156.615912914276 157.61324763298 159.696420033773 156.08024597168 153.061201175054 151.767412821452 149.643311897914 144.637604554494 141.777704159419 139.934122562408 142.86133646965 140.431930621465 133.501688639323 139.609068632126 137.959609429042 134.43457086881 136.447717746099 134.702463944753 130.495488643646 138.306717077891 131.628086169561 134.620447953542 136.938939491908 138.362218936284 137.992034355799 137.515167395274 133.736292521159 133.301417032878 131.228109200796 130.406548579534 129.245738188426 132.91331132253 142.324546972911 144.204616546631 142.113129297892 141.443679730097 133.905301491419 138.538658618927 146.408746639887 138.491521279017 104.278753201167 59.9401295185089
145.412504673004 147.128562132517 153.529504934947 155.0253033638 159.103979667028 160.515020291011 157.272229592005 157.594094673793 156.549672285716 157.151301701864 153.948018948237 149.097998936971 147.816230853399 146.558523178101 142.611682415009 142.462154229482 140.428572893143 131.060560544332 136.074095964432 137.593110402425 135.244210561117 135.121842225393 137.206604083379 128.912836313248 132.428785165151 132.287373145421 128.932774066925 131.421446800232 135.981460412343 135.459234317144 139.042317867279 137.850066026052 132.836242516836 135.533998409907 145.649115244548 147.580673297246 143.06452870369 138.66729537646 142.534067233404 153.707057237625 145.645012458165 136.140217383703 143.755336602529 149.830549955368 143.315970897675 122.412820657094 81.3075602054596
138.334403435389 140.955865383148 147.438575824102 150.901188453039 157.840838034948 160.935133695602 158.000042041143 155.046999454498 157.41507212321 159.55909093221 156.732082366943 152.601112922033 149.458249409993 150.595953067144 146.62970105807 140.594800313314 138.964285453161 132.987956206004 136.806835730871 141.036848227183 139.53372836113 138.266136248906 139.464298884074 134.681860605876 132.034361362457 135.724147160848 131.645758946737 135.063936312993 141.376415888468 146.628836790721 151.474744081497 153.02316347758 144.130369027456 147.500495115916 155.156165361404 160.39318839709 158.685147762299 148.923923571905 147.235552469889 152.844965457916 142.685363690058 134.430309136709 131.852249304454 130.896468957265 128.845602273941 127.808858950933 117.325117190679
137.046496073405 134.467124938965 138.941258192062 148.107022047043 153.378069400787 157.479335864385 159.758587678274 162.186622619629 161.821206410726 158.400267362595 159.711629152298 158.420691887538 154.729147752126 150.885075330734 147.98770348231 142.66233642896 141.431868076324 136.559108893077 139.604538679123 144.711921612422 145.805170138677 144.737978776296 142.829398314158 142.8395708402 138.060122728348 140.241811672846 142.756601174672 144.971350828807 149.762521187464 157.612671454748 165.850381056468 169.858932495117 161.097367604574 157.891988754272 156.700402498245 162.873268127441 165.717462698619 162.477443615595 152.832567691803 140.677720308304 131.345927715302 133.256395657857 131.611466407776 125.864068667094 121.924748023351 126.711050669352 121.106674273809
138.731688261032 141.725361347198 144.027978181839 151.557147502899 151.986946662267 153.128763039907 160.780509312948 165.047347545624 165.036201477051 163.224756717682 163.075923919678 162.076056003571 157.050957282384 152.826050917308 151.847263177236 154.420852661133 147.041449944178 144.121627012889 145.161211490631 151.108880837758 151.911288499832 148.966789245605 145.281046628952 144.159694512685 138.980021079381 145.566652218501 149.481395880381 148.391435543696 155.717591444651 162.134756644567 171.33108774821 179.167787233988 169.472873210907 158.456305662791 148.036658763885 151.822865009308 160.59947013855 167.942941188812 156.590541203817 133.949855963389 125.816951195399 135.681807994843 139.190296332041 133.731444676717 127.818882465363 124.260723590851 106.305112441381
138.893683751424 150.475819905599 152.024298906326 154.979278643926 152.920385201772 152.147074540456 159.162302811941 164.373099803925 164.277056852976 168.19441318512 165.063808361689 164.665093024572 161.103437344233 154.888580242793 152.662068605423 160.699764887492 152.954041957855 146.817048390706 144.117593765259 147.370000680288 147.972931464513 146.192133426666 146.329293648402 142.38049586614 137.967298428218 142.098248004913 145.02148826917 146.123856306076 146.502623955409 153.866748015086 164.686540762583 177.749077479045 173.149724801381 148.777037858963 115.134924650192 107.869446277618 129.174888134003 152.66340970993 162.075897057851 160.138020912806 154.447764158249 142.604172229767 129.249960184097 125.377794106801 134.769121805827 125.507205724716 101.405620574951
142.434199651082 140.082995096842 140.131364266078 143.231848875682 150.916417439779 155.135711034139 155.589501063029 161.60453359286 161.535362402598 165.399760007858 166.434735059738 167.571743329366 166.397194067637 160.02944111824 157.176544268926 155.994206666946 157.228489716848 147.791862487793 142.007350921631 140.827228625615 140.324175357819 141.883909702301 142.678151528041 136.602481206258 138.101398944855 135.153025388718 134.979665279388 136.212031046549 134.387274583181 136.587113142014 142.92910695076 159.007678429286 155.444939931234 126.684486865997 90.4185771942139 70.7853138446808 78.355019291242 108.749657869339 145.539144674937 159.905652205149 163.376947244008 145.963937044144 122.187366088231 119.625240564346 128.667563199997 115.293761094411 96.8462030092875
147.614608208338 136.083781719208 133.308192094167 138.562262058258 151.464283466339 159.886648257573 159.182965755463 160.19540031751 162.024398644765 162.284245093664 164.313127597173 166.321575641632 168.752630551656 165.881057580312 159.212936957677 157.758603493373 159.738779067993 150.517781575521 145.40500442187 146.424452463786 145.890265703201 142.953743537267 141.148567199707 137.163380781809 136.882732311885 133.534063895543 133.306632439295 133.898595968882 130.817145109177 125.190744797389 117.883423964183 124.541431665421 126.590251922607 106.72602057457 90.6761686007182 71.8814382950465 52.7739574511846 59.4427039225896 82.9655826091766 119.615832964579 144.584894180298 133.729219436646 120.350658893585 117.0960466067 108.978450298309 101.442317167918 94.3278570969899
148.997197548548 142.029603322347 138.624727725983 142.99488067627 153.819431861242 161.908050378164 165.330171585083 160.94446182251 165.804942448934 163.207749525706 166.378200054169 168.609102567037 169.618646303813 170.351445674896 163.295318682988 162.421067555745 162.361164887746 154.895335435867 151.420384645462 151.309947172801 151.323268810908 146.749039491018 145.661056041718 143.565446138382 141.715864340464 139.249672492345 137.296060721079 132.720688978831 128.502428531647 121.515532334646 110.44105887413 115.562617778778 118.113736311595 116.920063893 115.822752316793 104.306528965632 76.0818322499593 59.1308971246084 53.4360955158869 68.3792432149251 104.289591312408 109.318484862645 98.0324745178223 69.0951893726985 81.3944886128108 90.4471476872762 99.2832581202189
153.092165788015 150.621434052785 145.432710647583 142.039795716604 149.361371994019 161.41676902771 163.214971621831 161.662558714549 162.63011097908 167.887111504873 173.585693041484 174.843033154806 172.642489274343 172.49063650767 169.511596361796 168.399214744568 168.529053529104 164.29810722669 158.420562744141 155.304779609044 152.992675701777 151.548047860463 151.188592116038 153.198540210724 148.490299781164 144.286712010702 137.866973876953 128.808826208115 120.075821876526 116.793711980184 114.8588458697 121.175616979599 124.143411715825 135.326971610387 143.207202355067 141.254474719365 127.984225749969 109.418451786041 95.4374571641286 63.9437834421794 73.844368259112 94.1953460375468 94.0282146135966 81.5229713916779 82.4968417485555 100.972175598145 129.202882448832
156.367351611455 155.037671327591 153.03764740626 146.918882926305 147.428532441457 158.549805482229 162.780473629634 162.444730599721 161.820630232493 169.906298319499 177.991628646851 177.005430062612 172.872424125671 174.550791581472 174.191991488139 167.297999064128 170.602202415466 166.486690441767 161.576449871063 159.310360749563 157.941530148188 158.216665188471 155.290236075719 153.68973215421 149.419128894806 144.454032182693 121.832032998403 98.821222782135 93.9874152342478 100.844264030457 112.100025018056 117.714335521062 122.981150945028 128.49630912145 142.489612102509 157.070239384969 161.445319652557 146.77228530248 155.236820379893 108.226001262665 78.8919627666473 97.0169901847839 114.571412404378 117.226560910543 118.842154741287 134.072959423065 161.602755387624
155.609051386515 152.897457281748 156.150003274282 155.300190051397 151.463001966476 155.1666756471 163.38441769282 163.939893245697 163.135339816411 169.409692287445 177.220046520233 177.186846733093 171.778877576192 174.005250136058 177.650570869446 167.318940162659 168.499072392782 166.135172049204 163.47270210584 164.22912478447 165.168742338816 163.609425226847 158.55418642362 151.800731817881 151.015857855479 148.418873548508 126.52321656545 102.010975281398 100.574235121409 111.235568920771 122.021466493607 123.611708482107 134.56004858017 143.235315879186 162.257830301921 160.060405731201 156.290153662364 106.204688549042 86.7099861303965 111.045231421789 108.867843945821 124.382664759954 128.649314244588 111.314982175827 99.6970534324646 113.990942637126 140.041351318359
143.272827068965 151.594986518224 153.782953818639 156.022071838379 154.170781373978 151.411960522334 163.156986236572 167.849520842234 167.169908682505 168.988287448883 174.081524213155 175.492564837138 173.857092857361 170.606096585592 171.708861986796 168.298880259196 164.160619179408 166.781087716421 167.931179205577 169.682025909424 171.27537727356 167.294462521871 165.382087230682 157.446960608164 156.527837117513 155.864745378494 149.419734875361 141.933262348175 142.00884103775 144.675413767497 142.937630414963 134.356816609701 148.791333039602 162.144740422567 149.627129236857 141.696393489838 105.91204961141 63.2753868897756 47.7790882190069 78.2656570275625 112.804383039474 136.066784461339 130.042592684428 114.964852730433 104.181240002314 109.332273403804 125.72921315829
132.481882969538 148.344496885935 152.065614859263 153.587639331818 156.498273213704 151.531676451365 157.940546671549 167.038142681122 175.801793734233 175.891955693563 172.936856746674 171.673576037089 173.607389132182 171.285013357798 170.659224192301 168.678919474284 163.679262002309 164.614468812943 163.966000080109 161.458114782969 162.133594353994 162.736703952154 160.697460174561 159.758408864339 161.559243996938 166.522711515427 175.044377644857 179.961641629537 165.497859319051 159.561773141225 148.686617612839 136.3538702329 143.571029106776 134.099324544271 101.91203157107 67.0228004455566 64.3457025289536 53.758829832077 38.3447458346685 38.3577893177668 54.8635522524516 98.1205105781555 127.706319093704 149.066706498464 166.16012652715 162.267575661341 152.824223041534
