input/barkrak2/radiation/dir24124.grid
NCOLS 85 
NROWS 70 
XLLCORNER 665100 
YLLCORNER 4664600 
CELLSIZE 20 
NODATA_value -9999 
[rows 40 to 59 of 70, columns 0 to 45 of 85]
246.924459934235 248.779475688934 248.664637406667 250.903526941935 259.027540683746 264.594574769338 267.645299434662 271.848559379578 272.313813368479 257.868409156799 243.162035942078 239.515761534373 237.427035967509 233.654697736104 232.408881187439 228.523135185242 228.776315848033 227.600614229838 223.108967145284 221.408228079478 223.54527314504 228.510856628418 231.256484985352 224.489430586497 220.345556735992 219.773610432943 228.879769643148 229.566832383474 231.909175713857 233.183662096659 233.950614929199 235.285639762878 227.734764417013 230.745196342468 258.724013964335 258.423447608948 245.869855086009 239.097714424133 241.849422454834 245.254556337992 258.221646149953 281.577944755554 262.463947137197 188.734312852224 123.08199206988 92.5706028938293
254.378994305929 252.144833405813 252.381841341654 252.382079760234 248.528142770131 245.989779631297 244.010965029399 245.461006959279 250.265558560689 240.531861782074 233.512143294017 235.271235307058 236.312210559845 236.790776252747 232.561548550924 230.861008167267 223.693529764811 233.335177103678 229.282557964325 224.653462568919 226.142406463623 224.726557731628 223.257124423981 226.513048013051 226.742804050446 221.087217330933 225.875675678253 229.13920879364 232.114871342977 233.037928740184 233.767827351888 235.498388608297 229.647298653921 241.835872332255 254.948417345683 245.051026344299 227.725227673848 221.236209074656 223.840733369191 234.420975049337 264.012634754181 278.080999851227 269.727985064189 230.304837226868 165.154645840327 122.871369123459
257.408261299133 254.253447055817 257.642010847727 256.529986858368 248.864769935608 245.16095717748 243.114034334819 241.509258747101 239.555100599925 234.549641609192 234.243909517924 230.974237124125 233.589549859365 237.680157025655 234.292030334473 231.931428114573 227.758904298147 231.963674227397 233.010669549306 226.930757363637 223.689198493958 222.012321154277 218.127051989237 220.966060956319 224.74992275238 220.718920230865 217.052261034648 222.526133060455 228.383600711823 230.654040972392 231.066882610321 228.670716285706 232.396860917409 247.886081536611 251.856466134389 230.089545249939 213.505725065867 214.992543061574 224.163711071014 237.634460131327 248.530904452006 248.999953269958 237.75315284729 218.274394671122 174.951672554016 116.229871908824
241.818149884542 245.169440905253 252.200504144033 249.986946582794 250.542124112447 251.724739869436 252.015948295593 246.903757254283 234.676639238993 233.721137046814 235.461076100667 231.558263301849 230.576554934184 233.300805091858 234.568357467651 230.725248654683 230.43437798818 233.407855033875 232.929507891337 226.484139760335 222.378373146057 219.649275143941 216.532349586487 216.768741607666 218.964397907257 222.184856732686 216.462969779968 218.508680661519 223.038216431936 226.210057735443 224.09055630366 219.838976860046 228.881458441416 240.301330884298 237.782120704651 215.635339419047 209.894716739655 221.228400866191 235.285401344299 238.388021787008 234.666526317596 231.170912583669 221.875607967377 202.615082263947 169.367829958598 122.074911991755
238.295157750448 244.425694147746 246.327439943949 246.318538983663 247.98838297526 249.22110637029 249.570230642954 245.164116223653 240.865925947825 235.215763250987 237.006028493245 232.921938101451 229.68723376592 227.47673590978 228.04848353068 226.91818078359 223.77206881841 227.633357048035 230.485141277313 228.8884917895 221.992214520772 221.706807613373 220.020294189453 219.250281651815 215.903619925181 226.081391175588 228.391369183858 225.175340970357 224.265058835348 222.345511118571 216.758926709493 214.17764822642 218.500932057699 220.879058043162 217.758417129517 210.054377714793 213.964800039927 228.786985079447 239.196439584096 233.029961585999 232.955197493235 224.010090033213 213.811576366425 198.076049486796 174.090981483459 140.398879845937
243.474046389262 246.623357137044 244.535227616628 247.910877068837 245.648701985677 245.801548163096 246.162335077922 245.009024937948 246.022522449493 240.338186422984 237.848182519277 237.109144528707 231.246968110402 227.608144283295 225.420037905375 227.711379528046 221.889535586039 223.771830399831 230.332136154175 227.907220522563 224.448462327321 225.222965081533 223.045150438944 222.907384236654 222.936650117238 222.043216228485 228.247801462809 228.213866551717 225.511312484741 223.398486773173 217.810193697611 214.615563551585 215.821385383606 210.67217985789 202.627062797546 196.994344393412 205.635845661163 223.867456118266 227.541883786519 215.364476044973 220.63140074412 212.757468223572 205.406208833059 204.959591229757 197.983940442403 166.112790505091
242.888430754344 243.521889050802 245.176176230113 248.613814512889 247.502128283183 246.008674303691 247.805416584015 249.57420428594 245.190620422363 243.627369403839 240.878383318583 240.198493003845 235.390841960907 232.852737108866 230.621596177419 232.850352923075 230.417291323344 223.516007264455 229.195495446523 229.420185089111 225.870966911316 225.864926973979 223.744730154673 221.310993035634 228.247125943502 221.866071224213 222.653806209564 226.152062416077 225.26474793752 223.844925562541 220.801909764608 218.07454029719 214.666585127513 209.406793117523 203.925510247548 198.114216327667 203.910092512767 215.619047482808 216.1931792895 214.648763338725 216.862479845683 207.675158977509 209.547917048136 218.301872412364 217.630505561829 188.425620396932
236.192981402079 237.2132341067 242.796123027802 245.017409324646 247.249960899353 248.409946759542 245.220383008321 245.565454165141 245.607356230418 245.611508687337 242.775619029999 238.130132357279 236.997723579407 235.323528448741 232.903321584066 230.989535649618 228.620608647664 221.399744351705 225.958108901978 227.192242940267 225.118140379588 224.635064601898 226.014415423075 219.761689503988 222.853680451711 222.52211968104 217.364370822906 222.525636355082 224.42630926768 222.631255785624 222.054700056712 221.542517344157 213.904043038686 214.924971262614 219.099501768748 214.737196763357 212.768197059631 212.602257728577 216.108540693919 225.811858971914 219.18656428655 209.378679593404 215.38637081782 219.828963279724 216.03912115097 197.944939136505
229.071180025736 230.788509051005 236.649692058563 240.641792615255 245.282332102458 248.782396316528 245.073676109314 243.410507837931 246.303041776021 246.506869792938 245.298087596893 240.080793698629 238.33954334259 237.472792466482 233.300586541494 229.498902956645 227.526505788167 221.698005994161 224.919021129608 228.806555271149 229.040404160817 227.384090423584 228.024403254191 222.946723302205 222.489416599274 225.727995236715 221.517086029053 224.271555741628 231.119016806285 233.085513114929 236.156026522319 236.315766970317 225.172619024913 227.660119533539 229.747494061788 225.716869036357 224.60929552714 220.710396766663 219.918310642242 224.565347035726 214.052100976308 207.364936669668 205.264111359914 201.797167460124 199.573258558909 199.138820171356
227.872888247172 224.118332068125 229.058941205343 237.28342851003 241.368671258291 245.055238405863 246.552368005117 248.491048812866 247.430384159088 244.504332542419 246.736129124959 245.074550310771 241.686463356018 237.803022066752 234.716614087423 231.46253824234 228.370606899261 224.785923957825 227.140506108602 231.938540935516 234.587510426839 233.161171277364 229.326526323954 230.787754058838 224.100093046824 229.902923107147 230.122844378153 231.737057367961 237.282554308573 245.341181755066 250.955482323964 250.051120917002 239.585121472677 235.994497934977 232.015093167623 229.293485482534 228.445291519165 229.547798633575 225.499173005422 212.909877300262 202.211399873098 204.786598682404 203.242182731628 196.89279794693 192.304491996765 195.946156978607
228.969951470693 229.727407296499 232.089201609294 238.925019900004 239.161451657613 240.485390027364 246.40166759491 250.763217608134 249.270061651866 248.556752999624 248.356203238169 247.043371200562 243.836422761281 238.401532173157 238.717436790466 240.401943524679 231.923540433248 229.651014010111 230.049232641856 235.760569572449 236.184060573578 235.30238866806 231.452922026316 229.733188947042 224.989354610443 230.741361776988 233.791967233022 236.579616864522 240.796705087026 247.659881909688 254.184603691101 257.213751475016 247.99124399821 237.995803356171 225.474675496419 221.183558305105 225.12686252594 231.734971205393 224.00313615799 203.85088523229 196.950654188792 207.278509934743 207.993765672048 201.171596844991 196.977655092875 188.068668047587
227.427363395691 235.483606656392 237.698535124461 239.587585131327 239.403446515401 238.703072071075 243.76384417216 249.202887217204 247.597575187683 251.548568407694 248.527685801188 248.289008935293 246.290624141693 240.205963452657 237.016439437866 244.385282198588 237.279057502747 229.434053103129 228.872299194336 232.382317384084 232.934991518656 230.910658836365 230.770627657572 226.726651191711 223.994215329488 225.528915723165 229.682962099711 230.290611584981 234.556198120117 240.720589955648 249.254504839579 252.766847610474 242.143253485362 222.780187924703 190.886437892914 181.615511576335 199.921488761902 218.252996603648 224.941114584605 223.074853420258 222.371935844421 217.412312825521 199.105540911357 193.485220273336 201.647897561391 188.402930895487
228.652278582255 226.101756095886 226.756433645884 231.165766716003 237.015287081401 240.976929664612 239.511529604594 245.93198299408 244.338770707448 248.203376928965 247.786482175191 249.699791272481 248.087684313456 243.505537509918 238.141099611918 237.342794736226 239.730874697367 229.151248931885 223.675648371379 225.436449050903 224.817593892415 225.507199764252 227.674186229706 223.838686943054 222.40674495697 219.372153282166 220.622897148132 221.392830212911 221.164425214132 222.82467285792 228.329320748647 236.350178718567 219.367682933807 189.226428667704 157.986909151077 142.715215682983 154.364635547002 184.415519237518 213.348627090454 221.504847208659 222.841838995616 210.223197937012 190.943698088328 189.466536045074 194.53231493632 178.569038709005
233.822325865428 224.356691042582 220.111687978109 225.657761096954 235.729197661082 243.87272198995 241.538882255554 243.741055329641 244.511167208354 244.480073451996 245.8469470342 248.535215854645 249.18532371521 247.455676396688 240.183711051941 237.631559371948 240.566869576772 230.739216009776 227.925101915995 227.027197678884 228.140274683634 226.866841316223 222.813963890076 218.531250953674 217.424094676971 215.697010358175 215.043067932129 215.234378973643 213.745176792145 207.60973294576 200.548489888509 202.753265698751 189.040462176005 170.663277308146 156.53395652771 140.565613905589 126.555860042572 136.381089687347 158.145209153493 189.334332942963 207.624872525533 193.617324034373 188.757419586182 186.210890611013 175.138851006826 164.798716704051
235.229293505351 229.308048884074 223.649462064107 227.562785148621 235.782623291016 244.235575199127 245.815833409627 243.526736895243 245.895147323608 244.44967508316 246.367534001668 248.338719209035 248.758852481842 250.192006429036 242.683351039886 241.384863853455 242.947498957316 234.841346740723 229.327738285065 230.829179286957 232.952157656352 228.50110133489 225.563446680705 224.071482817332 220.079044500987 219.120045502981 216.949204603831 214.25199508667 210.282524426778 203.093767166138 191.455900669098 191.954771677653 183.13862880071 180.510719617208 181.360900402069 174.991150697072 152.95664469401 137.684047222137 129.749794801076 142.37238963445 170.984288056691 173.260192076365 163.548181454341 151.007413864136 148.313740889231 153.494964043299
238.58384291331 236.303369204203 228.582978248596 224.97816880544 230.001707871755 242.323597272237 244.321544965108 243.453284104665 243.076086044312 247.032960255941 250.775376955668 250.498235225677 250.196874141693 249.276677767436 245.759129524231 243.94549926122 243.827303250631 240.325053532918 234.107732772827 231.778482596079 229.885300000509 229.881425698598 229.84121243159 230.581959088643 225.998302300771 223.58904282252 217.839618523916 209.747950236003 202.851911385854 197.525938351949 194.513201713562 197.155038515727 193.313479423523 198.134303092957 205.265323321025 208.991328875224 206.508159637451 192.389706770579 172.967274983724 139.149347941081 142.969449361165 159.154464801153 158.08645884196 148.902793725332 151.847024758657 167.219599088033
240.786989529928 239.688575267792 235.15639702479 228.512247403463 225.894788901011 238.176802794139 242.597103118896 243.457774321238 240.330100059509 246.494352817535 252.732415994008 254.1756828626 249.83024597168 250.068803628286 249.413688977559 243.05788675944 246.433218320211 241.263747215271 236.174484093984 236.544569333394 234.971563021342 233.695944150289 229.84770933787 225.813150405884 221.002916495005 217.011551062266 199.292302131653 178.041060765584 173.647244771322 180.61767021815 190.125584602356 192.566951115926 192.498107751211 194.861034552256 207.10947116216 220.886170864105 233.524123827616 235.264301300049 229.947368303935 181.948880354563 148.045986890793 162.948588530223 177.396913369497 185.726543267568 191.075225671132 202.67109076182
240.11238416036 237.499674161275 237.001955509186 234.879394372304 228.018720944723 233.703474203746 242.126325766246 244.134227434794 241.702675819397 243.690093358358 250.829776128133 253.441909948985 248.315791289012 248.167792956034 250.817060470581 241.786638895671 241.830050945282 240.42284488678 236.755887667338 234.885136286418 234.769384066264 233.496685822805 228.728413581848 222.444554169973 221.682071685791 221.739987532298 204.040845235189 181.300044059753 178.468286991119 184.986571470896 197.847406069438 197.955270608266 203.00030708313 209.598342577616 223.812838395437 222.603837649027 221.234699090322 192.433853944143 179.486473401388 176.432132720947 179.660479227702 192.561328411102 190.063714981079 176.723996798197 173.104703426361 187.274912993113
230.167587598165 235.855460166931 236.038664976756 234.90180571874 232.430477937063 229.223748048147 242.89737145106 246.570587158203 243.557969729106 242.005447546641 247.25087483724 250.261505444845 249.432444572449 244.424025217692 244.717240333557 240.450421969096 237.516601880391 237.664600213369 236.686587333679 237.625122070312 238.185127576192 234.294573465983 232.37947622935 226.233045260111 225.290656089783 228.626767794291 223.779936631521 215.706884860992 212.501386801402 213.022132714589 211.686631043752 206.853528817495 214.745144049327 223.295569419861 214.936713377635 204.191307226817 184.869468212128 137.249310811361 114.78187640508 149.293392896652 188.393274943034 200.224995613098 189.129213492076 179.528594017029 177.420735359192 187.046488126119
219.670315583547 231.705566247304 233.713885148366 232.299129168193 234.005729357402 228.861053784688 236.524800459544 245.484471321106 248.6385901769 243.900815645854 246.495485305786 247.809966405233 249.51030810674 245.361526807149 243.909398714701 243.083596229553 237.02742656072 234.871486822764 231.863121191661 229.816953341166 231.49828116099 232.608417669932 231.531500816345 229.708770910899 230.616251627604 235.34486691157 244.766771793365 246.013522148132 228.438814481099 228.293637434642 218.363245328267 207.005302111308 211.275219917297 195.104281107585 168.235639731089 141.252676645915 130.145817995071 115.93156059583 100.787977377574 112.962226072947 137.322554985682 171.297152837118 191.069483757019 209.97687180837 234.481592973073 236.01241906484
