input/barkrak2/radiation/dir22924.grid
NCOLS 85 
NROWS 70 
XLLCORNER 665100 
YLLCORNER 4664600 
CELLSIZE 20 
NODATA_value -9999 
[rows 20 to 39 of 70, columns 0 to 45 of 85]
140.464206536611 129.338830709457 140.70921142896 175.681173801422 171.547909577688 140.997588634491 131.899058818817 141.195327043533 156.799505154292 171.61238193512 183.233857154846 187.293231487274 188.943783442179 195.973038673401 205.585181713104 222.494304180145 237.557510534922 250.415841738383 264.513850212097 283.22426478068 290.839572747548 287.015696366628 285.896559556325 288.292288780212 290.038307507833 292.081356048584 294.665078322093 293.003598848979 290.190478165944 289.09440835317 281.808257102966 267.938335736593 254.832446575165 246.703604857127 243.495047092438 249.546647071838 249.431490898132 251.232941945394 256.185968716939 261.132836341858 261.340498924255 261.545360088348 264.463782310486 257.791002591451 263.385593891144 268.059929211934
170.994699001312 163.991789023081 170.81360022227 202.572226524353 199.098328749339 148.551811774572 143.903156121572 151.362468798955 159.508893887202 169.361849625905 178.802847862244 182.354072729746 185.933788617452 186.060011386871 196.233808994293 213.50101629893 227.624734242757 240.501602490743 253.347814083099 271.953483422597 282.516856988271 294.445951779683 301.190058390299 302.576164404551 298.057814439138 287.27658589681 268.899540106456 261.927564938863 264.090935389201 258.517305056254 251.668373743693 222.47459491094 198.712786038717 192.971467971802 199.011445045471 219.770709673564 228.358268737793 245.205124219259 255.991677443186 257.132609685262 255.034446716309 253.104984760284 246.703565120697 230.322003364563 252.631505330404 263.600170612335
216.083804766337 218.575934569041 213.506519794464 221.564014752706 221.480071544647 177.839974562327 167.142430941264 161.419093608856 153.361608584722 165.311336517334 176.568627357483 183.721919854482 190.88621934255 195.783356825511 197.766423225403 208.86900027593 220.522483189901 235.150456428528 246.590534845988 249.763866265615 251.936952273051 258.287847042084 265.43128490448 265.871862570445 265.409509340922 258.568306763967 246.227125326792 238.576074441274 225.908001263936 220.966617266337 188.080787658691 147.183259328206 122.766256332397 129.395494858424 157.702108224233 184.272706508636 203.679084777832 226.437012354533 240.752061208089 243.701597054799 247.612694899241 248.816231886546 223.831494649251 199.392179648081 230.602979660034 260.550498962402
245.006918907166 242.519636948903 227.406799793243 227.296014626821 226.495464642843 214.260160923004 190.988302230835 166.222840547562 152.865062157313 153.666039307912 176.942865053813 189.071416854858 198.548436164856 208.308855692546 208.840032418569 209.187785784403 215.545038382212 223.255654176076 228.817502657572 219.23166513443 219.834764798482 221.748173236847 234.051108360291 241.914530595144 248.356997966766 247.63826529185 234.013775984446 226.996858914693 205.52134513855 168.719371159871 139.967739582062 114.244192838669 77.8134266535441 46.9644963741302 62.4267856280009 96.1043437321981 137.572864691416 173.697670300802 197.166124979655 207.438071568807 206.991891066233 190.756062666575 180.355985959371 213.268637657166 217.484513918559 250.087320804596
238.896071910858 238.809724648794 235.741595427195 229.995290438334 219.010988871257 214.10596370697 194.991211096446 179.232319196065 166.491478681564 161.44202152888 172.92312781016 184.744854768117 197.103460629781 204.972306887309 203.508297602336 199.559887250264 205.648024876912 215.309957663218 224.370459715525 217.092275619507 214.101592699687 211.566726366679 219.905118147532 227.598468462626 229.411562283834 227.099061012268 219.491124153137 209.093530972799 183.562616507212 134.925425052643 114.684730768204 110.773026943207 87.0834290981293 38.1883308291435 33.6696306864421 59.2259069283803 91.8101370334625 116.650958855947 141.700873772303 164.809306462606 157.948523759842 138.286719719569 159.138868252436 237.221240997314 233.807563781738 250.627060731252
229.017893473307 233.887275060018 239.714086055756 230.065226554871 219.488759835561 215.478042761485 205.93520005544 207.936326662699 202.145159244537 188.382109006246 184.929092725118 201.148629188538 206.603984038035 213.117718696594 211.994747320811 204.771081606547 206.094205379486 218.128820260366 222.653428713481 226.05969508489 228.128393491109 224.980354309082 219.253420829773 216.280599435171 217.247486114502 218.061705430349 208.971261978149 201.129078865051 168.749133745829 145.1535820961 141.475915908813 155.370871225993 153.925309578578 102.774421374003 71.0360507170359 76.863835255305 82.8774223725001 102.498441934586 125.317404667536 129.953136046728 127.122620741526 124.363382657369 168.381770451864 233.765602111816 249.228676160177 262.895882129669
229.891657829285 233.566105365753 238.732179005941 232.447584470113 234.333535035451 230.389932791392 229.072093963623 227.97163327535 231.419722239176 224.632581075033 211.428125699361 220.743139584859 220.68727016449 228.857040405273 227.027376492818 214.513063430786 212.468008200328 220.677653948466 227.723062038422 239.884694417318 242.012759049733 238.263726234436 229.089001814524 219.218730926514 217.796047528585 218.45664580663 210.447827974955 206.001361211141 180.353124936422 178.102989991506 195.987900098165 221.235672632853 228.138109048208 226.474563280741 181.270678838094 109.889407952627 103.108137845993 106.119960546494 122.901459534963 132.173438866933 138.212392727534 174.748718738556 195.805152257284 215.9051100413 240.268607934316 251.488149166107
233.587721983592 229.920287926992 232.753654321035 232.715984185537 261.27549012502 249.423940976461 244.130810101827 236.137350400289 238.705058892568 241.056025028229 228.473405043284 222.956617673238 227.213184038798 230.700552463531 233.300407727559 227.89192199707 221.383531888326 228.488087654114 238.985379536947 244.974811871847 240.878065427144 233.353753884633 229.70453898112 228.638529777527 225.65633058548 223.601977030436 219.827950000763 213.884631792704 211.522320906321 214.109420776367 233.413736025492 247.25353717804 250.586152076721 263.811886310577 262.700378894806 180.178602536519 125.612517197927 112.521260976791 115.412682294846 136.307537555695 174.652238686879 237.728238105774 211.166659990946 203.861057758331 219.627579053243 229.376117388407
232.531785964966 221.967418988546 225.307047367096 238.848666350047 279.233972231547 257.297813892365 239.162007967631 229.586084683736 230.922043323517 231.790502866109 226.175427436829 217.414498329163 225.446383158366 231.731156508128 234.666705131531 235.889891783396 232.19112555186 226.296385129293 236.145695050557 237.729032834371 236.480593681335 229.028522968292 229.970852533976 234.490970770518 232.779383659363 226.313968499502 228.666424751282 220.937669277191 220.429559548696 226.10080242157 246.205747127533 261.999011039734 263.797561327616 264.029602209727 275.76474348704 247.554977734884 148.123482863108 100.09910662969 88.0217353502909 112.417678038279 187.13649113973 223.058859507243 200.064778327942 172.510902086894 188.879986604055 195.425689220428
227.499186992645 214.078704516093 220.382273197174 248.960415522257 277.942657470703 254.463930924733 227.545261383057 209.07978216807 200.575768947601 200.242539246877 200.540244579315 201.712489128113 218.127071857452 229.067007700602 232.818186283112 238.931218783061 239.744484424591 226.419369379679 229.14981842041 230.734944343567 229.506691296895 231.513460477193 231.843789418538 234.720428784688 237.573047478994 232.680757840474 233.036597569784 225.979824860891 223.021705945333 233.768204847972 254.235148429871 271.011233329773 267.234285672506 265.307346979777 275.629719098409 281.96394443512 236.02557182312 151.805480321248 113.240937391917 121.819903453191 157.272517681122 172.709822654724 180.107712745667 149.90637699763 153.792411088943 167.340556780497
219.287196795146 226.838072141012 256.698886553446 302.512109279633 298.640608787537 260.546664396922 223.078946272532 193.84104013443 182.36118555069 190.832575162252 186.171770095825 182.507216930389 208.053390185038 231.30198319753 239.758769671122 243.702669938405 244.963924090068 234.647949536641 233.189483483632 231.813788414001 230.50844669342 234.97732480367 236.855785051982 237.905343373617 239.165604114532 241.941412289937 242.165704568227 237.091521422068 230.308651924133 244.578162829081 262.283941109975 274.074296156565 269.694586594899 273.402591546377 280.571361382802 284.576416015625 289.650698502858 274.097919464111 197.552422682444 151.572833458583 138.401160637538 134.884804487228 155.608793099721 145.995060602824 144.203454256058 171.530703703562
237.955828507741 269.730766614278 301.463921864827 314.597328503927 330.060203870138 299.144625663757 256.179650624593 215.905904769897 202.332158883413 214.042504628499 207.314948240916 187.373240788778 203.558385372162 227.210601170858 244.624336560567 250.616709391276 246.916194756826 242.478887240092 236.755748589834 233.510295550028 235.565523306529 239.772140979767 240.286429723104 239.29625749588 242.183029651642 250.059485435486 251.281142234802 252.147853374481 248.119453589121 255.986591180166 267.534633477529 273.915330568949 276.322563489278 283.143639564514 288.503547509511 277.327577273051 281.704485416412 303.342401981354 273.357033729553 199.32222366333 149.538258711497 137.414077917735 143.310089906057 151.152670383453 173.024713993073 200.84951321284
283.149023850759 303.712328275045 306.831479072571 302.042225996653 317.385077476501 325.042923291524 307.108839352926 273.96434545517 247.819185256958 244.36757961909 243.093212445577 221.602499485016 207.410534222921 228.413105010986 247.760395208995 248.198628425598 245.769997437795 249.021132787069 237.795114517212 236.029942830404 239.569405714671 239.706675211589 240.119496981303 239.387631416321 242.079436779022 252.591927846273 258.849342664083 262.461562951406 258.866548538208 260.016063849131 272.006670633952 279.585361480713 278.194844722748 277.649621168772 281.422734260559 270.991643269857 271.554668744405 280.613382657369 263.240019480387 221.56157096227 186.795274416606 160.933206478755 149.584343036016 152.963032325109 173.261980215708 209.338088830312
296.209692955017 299.591819445292 294.959127902985 285.96423069636 289.043108622233 305.408517519633 313.531498114268 298.489729563395 276.968061923981 268.478353818258 268.521209557851 254.077990849813 234.43337281545 236.69962088267 245.047469933828 247.533043225606 244.85057592392 246.342440446218 238.136529922485 239.034652709961 238.558808962504 238.312979539235 237.261195977529 235.366781552633 241.498132546743 250.17789999644 259.610652923584 260.656813780467 258.144418398539 263.92916838328 274.949967861176 276.509642601013 264.435728391012 258.742809295654 262.365301450094 244.246403376261 242.413481076558 236.16357644399 215.319355328878 203.954875469208 214.694698651632 194.267412026723 171.080271402995 159.488439559937 161.948015292486 187.238474686941
298.315107822418 294.75615421931 299.655715624491 288.698573907216 283.25754404068 292.465329170227 310.682872931163 317.516684532166 297.037025292714 279.155353705088 272.084712982178 267.520705858866 260.020097096761 249.947130680084 247.697989145915 247.089187304179 243.308583895365 241.345047950745 241.340577602386 244.462152322133 237.771411736806 236.000974973043 236.774404843648 237.572073936462 241.746703783671 247.017502784729 255.044420560201 252.984722455343 254.58816687266 264.346738656362 271.405418713888 264.876166979472 251.357098420461 252.058704694112 247.071365515391 229.90475098292 232.305824756622 231.090267499288 226.577500502268 228.02331050237 231.404542922974 230.788111686707 210.978130499522 194.43424542745 179.069479306539 170.99392414093
311.549663543701 309.589962164561 315.761049588521 311.794479688009 303.758402665456 305.17307917277 316.61061445872 328.214585781097 309.825261433919 283.914983272552 271.537820498149 272.308190663656 276.477495829264 260.872145493825 252.387821674347 254.34289375941 250.484585762024 242.753684520721 246.308028697968 246.4399933815 245.515863100688 241.613109906514 243.883728981018 245.796183745066 242.45552221934 247.045914332072 248.838206132253 247.007250785828 250.964124997457 264.280120531718 267.488837242126 261.229852835337 253.370662530263 254.445413748423 240.638931592306 234.914481639862 240.523040294647 243.99600426356 250.099360942841 255.449056625366 222.972452640533 219.872832298279 210.171361764272 198.046465714773 182.738264401754 163.500835498174
320.167422294617 319.634238878886 322.777847448985 322.475651899974 314.841747283936 309.781074523926 315.873742103577 327.579875787099 314.164519309998 285.307367642721 269.445141156514 270.145257314046 273.673017819722 260.241727034251 250.074148178101 256.268521149953 259.768962860107 248.56024980545 251.468976338704 254.139264424642 253.524820009867 247.569779555003 249.260306358337 252.054870128632 249.157547950745 246.485829353333 250.653465588888 253.874103228251 256.821990013123 265.102962652842 268.813868363698 263.618965943654 255.761325359344 253.387312094371 239.233911037445 242.965777715047 247.558136781057 250.615020593007 252.849181493123 251.344700654348 204.10152276357 170.746604601542 158.282577991486 152.311344941457 153.152068456014 150.95379948616
320.367614428202 322.57862885793 324.463943640391 323.188841342926 317.546407381694 314.119438330332 316.20180606842 323.182225227356 321.280737717946 292.234222094218 279.09775575002 274.131814638774 265.959560871124 258.340239524841 252.227465311686 256.045381228129 264.342387517293 258.114635944366 256.694992383321 259.412189324697 259.062786897023 254.815717538198 251.720587412516 252.080917358398 254.441698392232 253.291149934133 252.530872821808 258.459170659383 260.98761955897 263.996740182241 268.253842989604 265.743215878805 258.24781258901 243.524650732676 232.513586680094 249.515255292257 258.015910784404 257.910370826721 250.393172105153 250.175178050995 200.114687283834 139.635324478149 115.874369939168 106.549421946208 106.618175903956 115.655879179637
307.2416583697 314.229806264242 317.849636077881 317.173739274343 317.056715488434 319.653034210205 321.013510227203 322.000940640767 321.255306402842 305.058121681213 294.255316257477 281.615058581034 268.84937286377 266.888499259949 258.347451686859 253.023584683736 264.436801274617 264.88467057546 258.028944333394 258.786876996358 259.020427862803 255.356013774872 251.830061276754 252.261678377787 255.075812339783 257.472495237986 255.838513374329 258.987307548523 262.016495068868 262.913544972738 266.348699728648 266.852657000224 254.364569981893 231.182277202606 238.212724526723 263.870855172475 267.501890659332 261.831482251485 249.341130256653 250.934799512227 241.044541200002 175.989627838135 120.658824841181 102.671086788177 103.169153134028 101.968824863434
284.384528795878 289.459546407064 289.173563321431 296.02324962616 305.406133333842 315.194666385651 321.804046630859 325.412849585215 323.526342709859 312.936584154765 297.704537709554 279.081761837006 266.994376977285 265.724360942841 262.323002020518 257.915854454041 261.639515558879 262.525618076324 255.682210127513 255.236665407817 257.619460423787 259.690602620443 258.019208908081 253.071447213491 249.863982200623 253.915826479594 256.317893664042 257.961789766947 262.431383132935 261.618653933207 261.186480522156 263.788044452667 247.458199659983 233.033696810404 259.184698263804 275.563836097717 270.678877830505 264.104803403219 255.636314551036 257.488568623861 280.634522438049 274.281183878581 205.700794855754 155.076930920283 125.642051299413 104.141722122828
