input/barkrak2/radiation/dir25524.grid
NCOLS 85 
NROWS 70 
XLLCORNER 665100 
YLLCORNER 4664600 
CELLSIZE 20 
NODATA_value -9999 
[rows 0 to 19 of 70, columns 0 to 45 of 85]
240.911920865376999 253.642042477926 267.139871915181 282.464245955149 288.9390985171 287.461241086324 279.757122198741 273.582458496094 275.991221268972 276.954452196757 276.331206162771 278.761068979899 279.189427693685 279.739797115326 282.04600016276 276.543617248535 266.578157742818 255.211154619853 250.039756298065 239.419043064117 231.457829475403 241.732080777486 266.98625087738 273.775478204091 275.761663913727 282.335221767426 280.754248301188 267.937541007996 252.367695172628 248.903791109721 245.419402917226 262.024521827698 299.427191416423 299.000163873037 299.862702687581 281.8616827329 289.899567763011 303.716917832692 298.240701357524 300.960898399353 282.425920168559 284.441153208415 294.33278242747 299.324790636698 293.717861175537 294.154008229574
221.1039463679 236.342191696167 250.31038125356 266.955574353536 277.592619260152 279.486497243245 275.061229864756 273.729960123698 282.124956448873 281.3534339269 277.145385742188 277.96192963918 279.865264892578 281.1066309611 280.877749125163 275.277495384216 270.942946275075 263.877987861633 258.889337380727 246.517896652222 245.327214399974 259.229799111684 277.800997098287 280.495683352153 284.791906674703 287.147323290507 282.663464546204 270.002086957296 256.93557659785 250.44858455658 251.282791296641 275.157550970713 299.863080183665 298.965017000834 299.177130063375 284.76756811142 291.139980157216 301.55223608017 296.391844749451 300.891935825348 294.468998908997 286.844193935394 289.441585540771 292.711138725281 292.160252730052 294.56494251887
185.316681861877 198.154270648956 209.320187568665 221.777121225993 234.902222951253 244.302272796631 252.58727868398 263.82569471995 273.514966169993 272.746761639913 269.847909609477 274.322867393494 283.722360928853 287.39591439565 284.834901491801 289.907832940419 292.463680108388 285.330653190613 272.393226623535 262.285232543945 267.171283562978 274.041771888733 279.400885105133 281.232297420502 286.47635380427 285.948177178701 277.809103329976 269.044438997904 260.477900505066 256.49893283844 261.896967887878 287.155191103617 296.19832833608 298.495650291443 298.265834649404 291.339675585429 292.740563551585 295.030375321706 297.905345757802 299.087007840474 294.247587521871 282.496670881907 275.426129500071 279.942949612935 290.672779083252 294.883767763774
166.546801726023 168.177326520284 176.330765088399 182.37974246343 189.413527647654 194.660226504008 201.897323131561 217.339893182119 236.801147460938 252.325852711995 262.960294882456 276.082575321198 286.958654721578 290.942947069804 292.075216770172 295.196115970612 294.082045555115 286.36646270752 274.661799271901 269.56711212794 268.237630526225 266.693850358327 276.101469993591 278.646091620127 279.902338981628 281.327128410339 277.546346187592 271.061897277832 268.060803413391 267.421881357829 267.217795054118 291.378716627757 295.176565647125 296.714027722677 295.77233393987 297.258317470551 296.446522076925 296.182513237 298.637549082438 294.600327809652 284.730811913808 273.230751355489 269.125978151957 283.183038234711 298.298160235087 294.237554073334
188.484231630961 172.008295853933 159.221122662226 150.357087453206 152.767479419708 169.097304344177 190.134028593699 200.932204723358 211.323877175649 218.88413031896 239.711403846741 261.548399925232 275.192101796468 281.354367733002 285.951097806295 288.4721159935 283.413370450338 273.714005947113 270.221134026845 269.320170084635 264.988501866659 263.298769791921 273.540139198303 275.947829087575 277.904232343038 283.116857210795 279.993494351705 273.949265480042 270.396610101064 268.29602320989 272.895375887553 297.346591949463 296.59648736318 297.544479370117 293.270150820414 294.547438621521 298.069536685944 297.913173834483 293.009340763092 287.837227185567 284.593045711517 278.810779253642 280.478894710541 288.792192935944 291.167298952738 283.447623252869
231.333633263906 203.822354475657 176.118969917297 152.659177780151 144.062697887421 154.757678508759 180.359880129496 197.601596514384 201.852778593699 201.684296131134 212.312698364258 226.332783699036 235.693613688151 242.421170075734 250.897109508514 258.289754390717 258.813718954722 259.951571623484 265.853941440582 271.221419175466 271.319806575775 274.461269378662 277.353862921397 276.67897939682 278.976440429688 283.724625905355 281.939566135406 278.026004632314 273.014664649963 271.780073642731 285.420000553131 298.484961191813 298.867742220561 299.995223681132 293.986280759176 291.475872198741 294.996738433838 293.366233507792 285.967985788981 287.615875403086 286.370595296224 282.226920127869 283.236881097158 284.039457639058 276.177684466044 257.827480634054
253.359436988831 229.326486587524 208.727538585663 187.528789043427 166.562775770823 154.038319985072 161.035358905792 190.20543495814 203.992962837219 212.303737799327 209.335784117381 204.056620597839 199.755827585856 195.330123106639 197.662035624186 213.336408138275 225.749293963114 244.305332501729 261.844356854757 273.202955722809 276.605983575185 278.218388557434 279.182235399882 277.522206306458 278.970201810201 281.417906284332 282.911459604899 280.978322029114 277.370452880859 280.686020851135 291.2890513738 298.806925614675 299.000163873037 297.388811906179 294.526358445485 288.04620107015 288.14160823822 284.176667531331 282.8249335289 281.612873077393 276.695768038432 273.573199907939 277.650415897369 280.852258205414 268.324216206868 258.778293927511
262.694259484609 252.520183722178 240.914841492971 225.091536839803 201.932350794474 171.625812848409 150.675594806671 149.575998385747 183.924317359924 209.823171297709 217.81188249588 213.778038819631 204.775373140971 194.81372833252 181.922217210134 184.959431489309 197.84939289093 214.634517828623 238.373319307963 257.629116376241 268.458724021912 274.019141991933 280.410706996918 278.280039628347 276.891807715098 276.481787363688 277.184585730235 277.234276135763 275.873978932699 283.203959465027 291.503389676412 295.1846520106 293.494701385498 290.323475996653 285.391608874003 282.012104988098 283.231894175212 277.926802635193 270.09105682373 261.362195014954 262.996653715769 271.944304307302 285.484731197357 291.795094807943 278.997798760732 274.976134300232
254.951437314351 255.36968310674 251.059571901957 242.778142293294 228.957613309224 206.27236366272 175.658265749613 147.109299898148 160.501668850581 183.591485023499 203.809281190236 213.752706845601 215.802729129791 213.040232658386 200.888315836589 193.353633085887 190.009315808614 194.707632064819 209.505756696065 227.320830027262 243.385255336761 256.113509337107 265.144765377045 262.634456157684 264.315287272135 264.872213204702 265.768965085347 266.636967658997 267.885565757751 276.51172876358 281.926532586416 281.835993131002 280.306756496429 280.165036519368 279.418210188548 280.02538283666 279.009143511454 274.415711561839 265.035927295685 261.960625648499 276.165803273519 288.508991400401 295.236905415853 294.64191198349 281.119068463643 275.535583496094
224.599262078603 234.641671180725 239.830791950226 239.859183629354 236.778537432353 232.408305009206 215.537627538045 196.681300799052 164.624591668447 154.93588646253 168.826699256897 194.579343001048 216.633995374044 227.530856927236 228.845834732056 220.105767250061 204.176445802053 198.87508948644 198.183655738831 201.696693897247 210.697869459788 218.737403551737 228.014429410299 235.898792743683 244.67655022939 247.609575589498 248.912771542867 249.709109465281 251.779754956563 258.50115219752 259.927332401276 260.751664638519 267.111877600352 271.535356839498 273.581405480703 273.423254489899 271.978596846263 273.90197912852 265.148957570394 270.819087823232 289.233366648356 295.836508274078 296.963592370351 294.26787296931 279.908299446106 274.647970994314
170.382459958394 184.780319531759 198.077976703644 209.216137727102 219.274342060089 227.426052093506 228.951454162598 223.207116127014 194.948792457581 168.126940727234 153.71964375178 161.666125059128 189.748028914134 216.089884440104 231.036305427551 220.962603886922 212.930142879486 205.581367015839 197.317739327749 191.839953263601 192.110896110535 191.919366518656 196.159601211548 210.020661354065 223.293681939443 231.568257013957 233.404358228048 233.759144941966 239.750683307648 245.02154191335 248.091419537862 251.734991868337 261.171440283457 264.487226804097 264.34592405955 264.281948407491 268.15672715505 272.549668947856 271.566172440847 281.816999117533 292.234102884928 296.180685361226 296.123127142588 292.586962381999 285.173674424489 284.483472506205
126.219809055328 131.711184978485 140.615463256836 154.353727897008 171.174426873525 188.441793123881 207.649350166321 214.238365491231 214.638888835907 200.25360584259 173.203428586324 152.712563673655 155.623863140742 178.739905357361 206.819077332815 210.875610510508 217.481970787048 213.880558808645 203.612347443899 192.667206128438 185.889840126038 182.859579722087 183.056771755219 192.438662052155 201.731602350871 208.16433429718 211.357851823171 215.909282366435 223.073065280914 228.057483832041 232.914169629415 238.015174865723 244.342843691508 247.628569602966 248.004933198293 249.984463055929 260.019580523173 270.353635152181 274.626890818278 284.165918827057 289.145032564799 291.078408559163 289.167920748393 285.670379797618 281.66389465332 280.748724937439
108.350326617559 104.287922382355 102.173447608948 103.532691796621 113.412092129389 132.53786166509 158.626139163971 181.316753228505 210.976004600525 216.409981250763 204.326212406158 179.264863332113 150.517811377843 148.209442694982 171.561300754547 199.745059013367 216.287533442179 219.265480836233 214.063922564189 204.405883948008 195.232033729553 194.107313950857 193.604270617167 194.477677345276 195.285677909851 194.912751515706 199.278712272644 208.507418632507 212.378104527791 213.834087053935 218.798895676931 224.404791990916 225.991070270538 227.898081143697 230.944514274597 236.320118109385 247.506499290466 259.570161501567 262.470463911692 270.754436651866 276.145140329997 277.232805887858 276.283621788025 276.965141296387 272.007405757904 272.161861260732
91.5258228778839 68.3951377868652 56.0186554988225 51.8589913845062 47.2237567106883 51.6448219617208 71.4810291926066 105.318019787471 147.322555383046 189.376612504323 214.63414033254 214.040676752726 193.164964516958 166.678845882416 162.809898455938 189.36695655187 207.224647204081 221.380392710368 228.609482447306 224.238296349843 212.235808372498 208.432555198669 204.927404721578 204.505165417989 204.623778661092 202.630122502645 205.475668112437 214.430729548136 214.366833368937 207.23686615626 212.682922681173 218.219399452209 219.797233740489 220.123688379923 223.532179991404 230.952481428782 237.196723620097 243.099272251129 246.84868256251 248.299121856689 253.471215565999 259.201486905416 265.527824560801 270.875096321106 266.363024711609 269.762098789215
99.0232427914937 63.405896226565 38.2098207871119 21.8629290660222 21.5741172432899 26.7911528547605 40.8998255928357 63.9280825853348 86.0935648282369 125.36883354187 173.796057701111 212.213774522146 227.505564689636 216.090679168701 188.373804092407 183.732946713765 189.36957915624 205.694595972697 223.831375439962 233.413100242615 231.031854947408 224.359631538391 221.572001775106 217.557946840922 214.339395364126 212.998986244202 214.602172374725 216.45732720693 212.353686491648 207.116723060608 210.202515125275 215.31621615092 215.343574682871 215.21270275116 218.656977017721 222.701032956441 224.411845207214 222.601234912872 227.399150530497 228.22109858195 234.258373578389 242.228269577026 247.336626052856 251.645127932231 252.483745416005 256.194253762563
89.0491306781769 62.6032253106435 30.9727489948273 12.4118812382221 14.1925935943921 35.0092599789302 52.6330769062042 66.66133304437 83.1836362679799 105.383674303691 137.703438599904 175.073007742564 194.657663504283 207.903226216634 206.441144148509 182.767589886983 173.82421096166 179.805239041646 198.126872380575 225.262522697449 238.776346047719 233.632922172546 234.411835670471 227.672259012858 220.948358376821 221.697588761648 223.2985496521 219.461639722188 214.778025945028 216.800153255463 216.686367988586 216.031710306803 213.001410166423 210.570732752482 211.473226547241 210.79154809316 208.544691403707 203.501065572103 206.93043867747 209.264119466146 214.11536137263 220.247487227122 222.687820593516 224.809288978577 236.519893010457 242.399831612905
75.061708688736 64.146747191747 38.6663402120272 5.46948363383611 13.6920337875684 40.5149261156718 57.2828551133474 71.5692540009816 88.4057879447937 100.046137968699 117.646763722102 150.42378505071 178.255339463552 187.129577000936 200.066864490509 201.413373152415 196.351130803426 185.703655083974 180.330554644267 190.413037935893 215.389053026835 233.403126398722 241.367975870768 236.524184544881 228.866457939148 229.743580023448 233.089943726858 229.034046332041 226.814866065979 231.665770212809 229.533116022746 217.976570129395 211.02112531662 206.564863522848 201.671242713928 200.558225313822 195.03249724706 193.596283594767 194.579144318899 198.337932427724 200.918853282928 203.338781992594 206.61852757136 209.53776439031 226.503570874532 235.987067222595
67.7200257778168 68.1728621323903 55.2929490804672 16.5473682185014 18.0411164959272 44.7886089483897 64.7115210692088 83.285520474116 97.8638132413228 106.804549694061 118.29004685084 136.720418930054 161.425620317459 176.845928033193 192.687710126241 207.037190596263 212.092022101084 206.362724304199 191.751917203267 180.922110875448 191.401501496633 216.278274854024 225.521246592204 230.794429779053 235.310753186544 240.901966889699 244.566102822622 243.456105391184 240.942259629567 242.367466290792 235.928416252136 223.977049191793 214.950422445933 206.19918902715 199.591040611267 196.610033512115 193.728387355804 192.917267481486 193.183243274689 195.498506228129 198.049048582713 199.081699053446 199.437340100606 203.370134035746 214.895904064178 228.944559892019
72.0016310612361 79.4541289409002 79.4500758250554 44.4904466470083 36.733090877533 62.1360540390015 77.6231934626897 96.8285699685415 110.464811325073 127.831250429153 139.918247858683 145.271301269531 152.380466461182 158.479352792104 176.611522833506 192.457338174184 203.198770682017 212.78448899587 210.649728775024 199.374318122864 183.384557565053 194.845219453176 203.34380865097 220.392505327861 232.793390750885 244.096954663595 249.186098575592 251.094619433085 246.477703253428 244.338532288869 236.302574475606 229.047417640686 219.193557898204 209.315458933512 203.643918037415 198.586622873942 197.16598590215 193.894108136495 192.625264326731 196.057438850403 200.276970863342 201.385060946147 200.926224390666 203.576823075612 204.579611619314 219.369610150655
77.9694318771362 80.9736400842667 91.5263692537944 82.7499230702718 70.7090596357981 80.2384118239085 83.1631720066071 96.0365335146586 111.767152945201 126.749306917191 137.829432884852 138.884037733078 130.039125680923 134.72064336141 149.480442206065 169.437289237976 180.50628900528 189.806580543518 199.691812197367 203.198870023092 198.610365390778 188.284516334534 185.214718182882 199.848254521688 208.32371711731 216.649969418844 230.079591274261 232.422550519307 238.142232100169 241.836051146189 236.787935098012 228.899995485942 219.650904337565 211.999297142029 207.402984301249 201.614399751027 197.505036989848 188.550194104513 186.423341433207 194.64514652888 201.506475607554 203.866203625997 205.909649531047 204.970558484395 202.061931292216 211.709419886271
