input/barkrak2/radiation/dir24424.grid
NCOLS 85 
NROWS 70 
XLLCORNER 665100 
YLLCORNER 4664600 
CELLSIZE 20 
NODATA_value -9999 
[rows 0 to 19 of 70, columns 0 to 45 of 85]
265.196839968363008 276.285290718079 287.762383619944 299.818615118663 304.216821988424 302.271584669749 294.503529866536 288.299838701884 291.085779666901 291.748464107513 290.631969769796 294.020752112071 295.459965864817 295.878887176514 298.154254754384 293.802380561829 284.96789932251 276.056885719299 272.268255551656 261.064648628235 249.269207318624 256.551702817281 280.727485815684 288.037359714508 288.712720076243 295.024355252584 291.260341803233 277.907907962799 263.274947802226 259.178936481476 256.286601225535 270.732124646505 302.829265594482 301.263014475505 302.681823571523 290.826479593913 295.327345530192 307.473123073578 299.425601959229 301.944673061371 289.351582527161 287.007689476013 297.192891438802 305.318733056386 303.143441677094 300.138890743256
246.979773044586 260.703106721242 273.168206214905 287.511765956879 296.192705631256 296.787043412526 291.030824184418 287.929634253184 295.133948326111 295.0306336085 290.613810221354 292.531768480937 295.904695987701 297.215779622396 296.648462613424 293.377836545308 289.967437585195 284.115155537923 279.687563578288 268.004099527995 262.706716855367 272.74763584137 288.977205753326 292.720258235931 295.449197292328 297.044694423676 290.706992149353 280.928353468577 267.227689425151 260.422269503276 261.222720146179 282.584289709727 302.43710676829 302.159349123637 302.136381467183 291.957974433899 295.421242713928 303.688108921051 298.760414123535 304.528752962748 299.950083096822 292.495687802633 295.256515343984 301.078577836355 301.867385705312 302.384257316589
213.109691937764 225.36971171697 235.749959945679 247.342109680176 259.623944759369 268.049597740173 274.699807167053 282.871822516123 289.524674415588 288.58482837677 284.554362297058 288.373827934265 297.642012437185 301.602403322856 298.619389533997 302.858074506124 305.943866570791 301.014363765717 291.013757387797 281.613349914551 284.416576226552 288.535555203756 291.598041852315 292.6265001297 296.647667884827 297.367930412292 289.512753486633 279.711663722992 270.029703776042 264.796495437622 268.063644568125 292.007505893707 297.180811564128 299.749096234639 302.799820899963 297.166665395101 294.217050075531 293.578664461772 298.1778383255 304.185430208842 300.047397613525 291.611770788829 286.239584287008 292.515397071838 302.751223246257 304.198424021403
195.095976193746 196.757594744364 203.406552473704 210.379103819529 217.471599578857 222.552895545959 229.161938031514 243.149181207021 260.616898536682 273.807366689046 281.550784905752 291.754921277364 300.5158106486 303.654611110687 303.790887196859 305.653313795726 305.420358975728 300.141751766205 291.945258776347 288.158456484477 286.495625972748 284.493068854014 291.511575380961 292.60249932607 292.649110158284 294.528126716614 291.206359863281 283.477524916331 278.202950954437 274.546345074971 272.494435310364 295.41403055191 296.515146891276 298.32798242569 299.1623878479 300.591985384623 298.531591892242 297.771414120992 303.544362386068 302.364071210225 295.654038588206 282.969375451406 278.877675533295 292.564074198405 306.099613507589 302.823762098948
216.040412584941 200.423280398051 188.19389740626 178.744633992513 182.381987571716 198.302467664083 218.269685904185 228.347718715668 238.005737463633 244.891862074534 263.331453005473 281.713525454203 292.993744214376 298.28933874766 301.463762919108 302.921036879222 297.754804293315 289.625386397044 286.998808383942 287.431716918945 283.739825089773 282.3353211085 291.030208269755 292.504191398621 292.476713657379 296.210547288259 293.315688769023 287.168979644775 281.349937121073 278.08545033137 282.570401827494 301.956077416738 300.04761616389 301.365852355957 297.25460211436 298.569838205973 302.768071492513 304.401457309723 302.331070105235 299.274325370789 297.134121259054 290.349066257477 290.107150872548 295.290271441142 299.334307511648 297.364016373952
256.517251332601 231.214980284373 205.027401447296 182.398041089376 173.997620741526 184.215943018595 209.013601144155 225.270390510559 229.149957497915 229.10350561142 239.055673281352 251.904924710592 260.238866011302 266.268312931061 273.601333300273 279.650410016378 278.77155939738 278.428355852763 283.006946245829 288.064360618591 288.095692793528 291.391849517822 295.165499051412 293.8578526179 294.755836327871 298.125108083089 295.24834950765 291.209916273753 284.503618876139 282.19074010849 292.884508768717 303.158541520437 304.64909474055 305.880546569824 301.005721092224 298.159559567769 302.367468674978 302.007456620534 297.263522942861 298.049549261729 297.865351041158 293.695012728373 293.523907661438 294.477105140686 287.776092688243 273.809790611267
276.770234107971 254.797101020813 235.904157161713 215.989291667938 195.862372716268 183.610657850901 191.264629364014 218.384166558584 231.255253156026 239.00318145752 236.27241452535 231.317798296611 227.284908294678 223.645250002543 225.262959798177 239.819566408793 250.943938891093 266.964753468831 281.582415103912 290.852169195811 293.039123217265 293.224116166433 295.572658379873 294.731775919596 295.474489529928 297.681212425232 297.751585642497 294.895648956299 289.94216521581 291.254798571269 298.585792382558 304.70488468806 308.602114518483 308.502197265625 305.496791998545 299.142460028331 298.012514909108 296.373307704926 295.410752296448 295.371333758036 291.723827521006 288.308997948964 290.909707546234 292.593677838643 276.990155378977 268.773396809896
283.371826012929 275.109012921651 265.430410703023 250.915149847666 229.581793149312 200.697044531504 180.185298124949 180.145045121511 212.449828783671 236.753145853678 244.03969446818 240.228613217672 231.872697671254 222.662885983785 210.570414861043 213.299254576365 225.432276725769 240.951577822367 262.381335099538 279.117703437805 287.604212760925 291.03418191274 296.019017696381 295.019427935282 293.915430704753 294.496377309163 294.431746006012 293.200850486755 291.411201159159 296.217600504557 302.5008837382 305.76495329539 306.501030921936 304.66095606486 299.873093763987 296.760817368825 296.140313148499 291.454116503398 283.932407697042 278.058330217997 281.004329522451 288.943767547607 299.881180127462 301.662882169088 288.604994614919 283.087293306987
276.472409566243 276.983002821604 273.360788822174 266.299406687419 254.087408383687 233.571132024129 204.733530680339 176.975309848785 190.623561541239 211.958050727844 231.170038382212 240.076104799906 241.756578286489 239.264686902364 228.347301483154 221.410870552063 218.843837579091 222.532073656718 236.388425032298 252.790451049805 267.125864823659 278.115590413411 284.840206305186 282.158533732096 283.433953921 284.558733304342 285.499533017476 285.778681437174 286.27214829127 293.432335058848 297.972003618876 297.694782416026 296.988487243652 297.176202138265 296.010295550029 296.106557051341 293.749968210856 289.318720499674 277.074774106344 276.854952176412 291.408061981201 302.366892496745 306.533396244049 304.282406965892 293.786684672038 287.170668443044
249.840497970581 258.87930393219 263.504842917124 263.554195562998 260.681529839834 257.145762443542 242.14913447698 224.599719047546 194.709221522013 185.409446557363 198.014616966248 222.515046596527 242.869317531586 252.576569716136 254.005193710327 246.258834997813 232.040663560232 227.205316225688 225.799779097239 229.095260302226 237.499992052714 244.750638802846 253.098050753276 259.687980016073 267.023841540019 269.848187764486 271.255870660146 271.666427453359 273.218512535095 279.193460941315 280.529876550039 281.197647253672 286.889433860779 290.857533613841 292.000710964203 291.065812110901 289.610107739766 290.030360221863 277.640720208486 283.274928728739 300.942540168762 306.673089663188 307.221213976542 303.364078203837 291.369438171387 285.284519195557
199.794073899587 213.426530361176 225.731492042542 235.876540342967 245.038549105326 252.514541149139 254.057765007019 249.192376931508 223.054945468903 198.172171910604 184.242824713389 191.947420438131 217.996021111806 242.414176464081 256.257275740306 247.126758098602 239.892562230428 233.40634504954 225.805163383484 219.818949699402 220.101793607076 220.307012399038 223.974665006002 236.65710290273 248.557051022848 256.016532580058 257.890979448954 257.725020249685 262.991388638814 267.770389715831 270.485122998555 273.805399735769 282.24774201711 285.808920860291 285.269796848297 284.005006154378 286.9859735171 290.016810099284 287.431677182515 293.58184337616 302.70661910375 306.63792292277 306.919952233632 303.94850174586 296.453257401784 294.604996840159
157.82289703687 163.211166858673 171.90154393514 184.47744846344 200.602690378825 217.018942038218 235.077897707621 241.180996100108 241.638163725535 228.456556797028 202.983339627584 183.293680349986 186.090966065725 209.037899971008 234.26483074824 237.554530302684 243.928809960683 240.88853597641 231.548190116882 221.383055051168 214.879930019379 211.640040079753 211.805244286855 220.739722251892 229.227582613627 234.907249609629 237.766842047373 241.98575814565 248.237987359365 252.793232599894 257.202843825022 262.472569942474 268.48304271698 271.348516146342 271.276255448659 272.170643011729 280.775984128316 289.511521657308 292.407770951589 298.325796922048 302.525639533997 304.86786365509 303.090850512187 300.235629081726 295.730233192444 294.495463371277
145.88138461113 140.545229117076 136.9788646698 137.880136569341 146.710693836212 163.548072179159 188.924630482992 210.653722286224 238.947749137878 243.654270966848 232.110023498535 208.779295285543 181.172291437785 178.923428058624 201.980690161387 227.757235368093 243.068973223368 245.715260505676 241.03045463562 232.264816761017 223.660190900167 222.842375437419 221.855759620667 222.714384396871 223.19765885671 222.589234511058 226.766328016917 235.4336977005 238.976716995239 239.937901496887 244.912763436635 250.248471895854 251.971224943797 253.714680671692 256.17919365565 260.443488756816 271.299203236898 281.730274359385 283.868273099263 290.371040503184 293.697158495585 294.476131598155 293.600300947825 294.01950041453 288.728555043538 288.598418235779
132.809082667033 106.270829836528 91.0525520642598 85.0583513577779 80.8779547611872 85.6535236040751 106.886555751165 145.090371370316 188.206354777018 223.271767298381 241.379261016846 240.813672542572 221.972743670146 196.774284044902 193.933308124542 219.203631083171 234.979589780172 247.748116652171 254.222452640533 250.399887561798 239.470064640045 236.302614212036 233.036120732625 232.170641422272 231.986463069916 229.916910330454 232.82531897227 241.168101628621 240.815897782644 234.617014726003 239.453216393789 244.670927524567 246.304790178935 246.650755405426 250.211477279663 256.424148877462 262.348373730977 267.551839351654 270.571331183116 271.608233451843 275.943597157796 280.843615531921 286.150455474854 290.100634098053 284.779767195384 286.712527275085
121.348321437836 86.7308080196381 63.1639361381531 54.1416108608246 52.496666709582 59.7803990046183 70.0728595256805 97.4745452404022 124.761352936427 176.482339700063 229.875008265177 258.27944278717 261.857648690542 243.426700433095 218.452314535777 214.034775892893 219.239135583242 233.664969603221 250.686426957448 258.850832780202 256.854077180227 250.825504461924 248.393038908641 244.912326335907 240.999142328898 239.555994669596 241.492211818695 243.697841962179 238.938570022583 234.337826569875 237.890303134918 242.10266272227 242.203692595164 242.16616153717 245.995938777924 249.827881654104 250.777184963226 249.879717826843 253.832856814067 253.694514433543 259.199937184652 266.428331534068 271.806597709656 274.183392524719 273.936172326406 276.52508020401
110.750883817673 84.1324826081594 52.9245634873708 34.4096099336942 49.20727511247 72.4649280309677 80.0833304723104 92.9200947284698 111.868858337402 141.579926013947 180.810968081156 221.687177817027 259.69127813975 270.379801591237 250.876545906067 220.907668272654 210.021078586578 212.701082229614 228.988945484161 253.318885962168 263.862013816833 259.026805559794 259.926497936249 253.921528657277 247.417330741882 247.620622316996 250.018795331319 246.291975180308 241.043269634247 243.345201015472 244.038343429565 243.425528208415 240.003367265066 238.574385643005 239.373803138733 238.728980223338 236.001014709473 232.002417246501 234.926660855611 236.969828605652 240.929325421651 246.617217858632 249.553203582764 250.378727912903 260.323961575826 265.50014813741
95.8162248134613 84.4702521959941 58.213546872139 27.2740970055262 36.4985143144925 63.1130983432134 81.3325544198354 98.2876420021057 115.058869123459 127.129356066386 147.528270880381 186.756114164988 213.863551616669 232.622226079305 244.55585082372 249.369462331136 240.373273690542 226.776421070099 217.186490694682 227.034310499827 250.724593798319 262.587428092957 266.023774941762 261.131167411804 254.501024881999 255.050738652547 258.946736653646 254.939556121826 252.168436845144 257.043540477753 255.704124768575 244.988183180491 239.119112491608 234.70530907313 230.088194211324 228.994985421499 224.589904149373 222.581605116526 223.327239354452 226.791004339854 229.41114505132 231.687168280284 234.658718109131 237.354914347331 252.575933933258 260.984480381012
87.8517925739288 88.7540578842163 76.4722327391307 39.2593592405319 36.3334019978841 65.136397878329 86.6634249687195 109.382043282191 127.199083566666 134.513964255651 144.741694132487 165.010432402293 191.481947898865 212.306340535482 230.56956132253 241.628368695577 246.015906333923 244.24409866333 231.612165768941 217.74552265803 228.814005851746 254.021187623342 259.795169035594 260.917623837789 261.420249938965 265.647808710734 269.313712914785 267.881294091543 265.162547429403 266.718804836273 260.865728060404 249.425212542216 241.438925266266 234.077394008636 227.944235006968 225.122233231862 222.574234008789 221.946159998576 222.087383270264 224.230905373891 226.001858711243 227.758804957072 227.995077768962 231.016238530477 242.518186569214 255.17612695694
93.0810074011485 101.152936617533 102.648268143336 70.1025972763697 58.6227724949519 84.3760371208191 100.1083056132 119.724015394847 137.137035528819 152.832369009654 165.339976549149 169.995506604513 179.847141106923 188.04943561554 204.98514175415 226.915578047434 239.016950130463 243.712862332662 243.752618630727 233.432332674662 218.693236509959 231.790820757548 243.596037228902 255.09782632192 265.195727348328 271.97786172231 274.951299031576 275.269945462545 269.947787125905 267.648895581563 260.324676831563 253.54411204656 244.833032290141 236.15833123525 231.535454591115 226.890126864115 225.841661294301 222.186545530955 221.564928690592 224.828163782756 228.153725465139 229.921539624532 229.460835456848 231.294771035512 233.201603094737 246.906439463298
99.8358329137166 102.856814861298 115.821818510691 110.241870085398 98.0451305707296 103.78360748291 105.889737606049 118.613411982854 132.020284732183 152.027974526087 167.239526907603 164.696663618088 165.889581044515 172.39640156428 185.160915056864 205.939511458079 217.548251152039 229.309558868408 235.483646392822 239.162266254425 240.503589312236 227.90390253067 229.464888572693 241.780618826548 256.255388259888 266.978581746419 273.24918905894 274.571518103282 267.761667569478 266.439000765483 260.618726412455 252.829353014628 244.638482729594 238.301952679952 234.393099943797 229.56903775533 225.387752056122 217.032452424367 215.084036191305 223.708430926005 229.38992579778 231.533984343211 234.237551689148 232.607285181681 229.91140683492 238.815784454346
