input/barkrak2/radiation/dir26624.grid
NCOLS 85 
NROWS 70 
XLLCORNER 665100 
YLLCORNER 4664600 
CELLSIZE 20 
NODATA_value -9999 
[rows 40 to 59 of 70, columns 0 to 45 of 85]
177.605112393697 179.150879383087 179.003258546193 180.913011233012 189.205765724182 195.659279823303 199.481983979543 203.675945599874 202.861766020457 186.893800894419 170.892596244812 167.321900526683 164.796014626821 161.92161043485 158.776472012202 159.205218156179 158.059616883596 157.411277294159 152.147054672241 150.069574515025 156.231383482615 161.791741847992 163.128793239594 159.854779640834 155.582795540492 155.019630988439 165.283709764481 168.566107749939 173.384726047516 173.496127128601 174.634277820587 180.248002211253 180.436352888743 188.458462556203 215.267697970072 215.18462896347 203.172902266184 193.223893642426 196.837405363719 209.608058134715 225.076178709666 238.537549972534 196.189721425374 112.090289592743 56.9409678379695 33.8688145081202
185.923059781392 182.830631732941 183.085560798645 182.130972544352 177.644113699595 176.129221916199 174.423575401306 174.416720867157 179.209351539612 170.959174633026 162.145982186 163.894275824229 166.330307722092 166.79052511851 163.659463326136 161.741316318512 156.051635742188 163.397173086802 164.21111424764 157.434324423472 161.190847555796 161.956091721853 160.464495420456 163.974285125732 164.555152257284 160.534004370371 164.213210344315 169.990241527557 173.541982968648 175.023436546326 177.889545758565 180.084109306335 180.568774541219 197.717706362406 210.327426592509 199.492573738098 179.558555285136 175.114989280701 174.577275911967 186.845819155375 223.811566829681 238.25999101003 218.960881233215 161.547958850861 90.2132391929626 56.8455358346303
190.819223721822 188.183506329854 189.806501070658 188.481350739797 182.067553202311 177.610794703166 174.653669198354 169.677019119263 169.85297203064 167.420665423075 164.281656344732 163.405468066533 166.428118944168 170.958479245504 169.245660305023 164.939055840174 162.297785282135 167.168120543162 170.475681622823 162.078191836675 158.794820308685 158.872306346893 154.90319331487 156.205495198568 162.365784247716 158.307840426763 154.671331246694 162.693639596303 167.793929576874 170.649667580922 173.237363497416 172.411402066549 181.091686089834 202.157994111379 206.46725098292 181.441744168599 167.430241902669 169.23463344574 173.487305641174 185.383260250092 195.053418477376 199.459195137024 186.233679453532 156.161288420359 99.7512340545654 47.9256212711334
174.9307513237 177.620649337769 185.254414876302 183.033645153046 185.952723026276 187.200387318929 185.932834943136 179.800232251485 168.995559215546 167.949557304382 170.060992240906 165.735423564911 164.932707945506 168.158411979675 169.534842173258 165.546516577403 167.354901631673 168.77684990565 170.31317949295 163.65858912468 157.244364420573 156.22666478157 153.169810771942 151.707967122396 156.107346216838 159.871915976206 154.039561748505 158.276875813802 163.642326990763 165.668914715449 165.652056535085 162.355442841848 174.259146054586 190.735518932343 185.129185517629 169.928590456645 164.900998274485 175.594369570414 184.326608975728 186.477780342102 179.619550704956 177.483260631561 165.395259857178 146.098266045252 99.5866656303406 41.4231866598129
172.720710436503 178.23205391566 180.56587378184 182.044704755147 182.753284772237 185.50447622935 185.854395230611 181.008458137512 176.005701224009 171.190182367961 171.762903531392 169.02756690979 163.969020048777 163.395822048187 162.340452273687 161.365479230881 158.00811847051 164.59517677625 167.546987533569 164.014627536138 158.879021803538 158.422182003657 156.917552153269 156.512260437012 155.025502045949 164.107273022334 166.939695676168 165.551900863647 164.975931247075 163.446088631948 159.55451130867 156.169950962067 163.318693637848 165.714710950851 164.61968421936 163.643419742584 168.158570925395 183.686494827271 189.49153025945 181.058565775553 179.535468419393 167.258103688558 161.769151687622 142.4706975619 112.079252799352 67.2864814599355
178.358376026154 183.328111966451 179.839571317037 183.811008930206 182.561000188192 181.569417317708 183.370550473531 180.7981133461 181.827624638875 176.920791467031 174.4371453921 173.66756995519 167.510628700256 163.431167602539 161.3563199838 164.206395546595 158.122013012568 160.605639219284 165.585974852244 165.024151404699 161.482095718384 160.518695910772 160.222192605337 160.463760296504 160.880535840988 160.192986329397 169.051190217336 167.164663473765 166.411399841309 164.803008238475 160.930454730988 156.608521938324 160.268704096476 155.652503172557 149.065921703974 149.1652627786 157.731960217158 176.875909169515 173.722724119822 164.614409208298 168.664872646332 157.82642364502 154.936611652374 152.560730775197 139.480809370677 101.717293262482
177.627146244049 179.765741030375 183.088938395182 184.570829073588 184.682806332906 184.341728687286 185.221751530965 187.26110458374 182.444632053375 180.640975634257 177.853266398112 177.113970120748 172.041138013204 169.210930665334 167.19130674998 171.735803286235 167.477130889893 160.384704669317 168.358206748962 166.6313012441 163.009375333786 163.258016109467 163.216014703115 158.912102381388 166.741887728373 159.905850887299 162.862966458003 164.959857861201 166.182011365891 163.963258266449 163.198471069336 159.254123767217 159.310022989909 155.361493428548 150.771935780843 149.487912654877 153.104921181997 165.887455145518 167.439818382263 164.607763290405 165.110131104787 154.232283433278 158.521076043447 168.380359808604 161.514808734258 125.497708717982
171.468575795492 174.086193243663 180.384755134583 181.773026784261 185.777306556702 187.111477057139 183.770557244619 184.145212173462 182.93962876002 184.652467568715 179.992258548737 176.598111788432 175.330956776937 173.940022786458 169.80775197347 167.938033739726 167.53621896108 157.985399166743 164.81293241183 166.256775458654 162.155965963999 161.924839019775 165.748576323191 157.308022181193 160.8032087485 160.549541314443 157.061686118444 161.017447710037 163.724104563395 162.785152594248 163.397173086802 163.304328918457 156.803508599599 159.884502490362 165.130118529002 166.643649339676 162.609497706095 162.271579106649 166.186968485514 176.811695098877 165.260364611944 158.632308244705 163.49654396375 169.139564037323 163.133651018143 143.398632605871
164.681295553843 166.968206564585 173.438409964244 177.878061930339 183.508296807607 186.336398124695 183.578153451284 181.662003199259 183.685382207235 185.702641805013 182.813068230947 178.729653358459 175.335307916005 176.413297653198 172.255317370097 167.892297108968 166.136582692464 158.250997463862 161.952624718348 168.036123116811 166.43883784612 165.014008680979 168.028791745504 163.149853547414 160.406370957692 164.005597432454 161.544064680735 164.906134208043 169.231355190277 174.157619476318 178.676684697469 179.83466386795 169.074495633443 171.088675657908 178.751746813456 178.397377332052 180.740078290304 172.474722067515 169.931093851725 171.935478846232 162.448137998581 154.73132332166 152.316441138585 151.378552118937 149.434864521027 148.4747727712
163.374245166779 160.795032978058 165.018558502197 172.930697600047 179.065942764282 182.035505771637 185.273210207621 187.516550223033 186.726689338684 183.380325635274 184.453268845876 184.416731198629 179.093937079112 175.056715806325 173.681517442067 169.972936312358 167.030155658722 161.710470914841 166.524837414424 169.769366582235 172.638177871704 169.421414534251 167.544702688853 167.187253634135 162.477751572927 168.584267298381 169.136047363281 171.241799990336 177.865882714589 185.494303703308 195.284962654114 196.513056755066 185.780346393585 182.758847872416 180.769642194112 180.811742941538 186.631540457408 185.19667784373 176.0666569074 160.572628180186 151.712387800217 153.576721747716 152.056773503621 146.59450451533 142.898539702098 147.487749656041
164.456735054652 165.826876958211 168.659687042236 176.186621189117 176.618874073029 178.013185660044 185.115436712901 190.182626247406 188.804686069489 188.045899073283 186.338365077972 186.673978964488 181.469122568766 175.667941570282 176.044583320618 178.273061911265 169.196744759878 167.256971200307 168.033500512441 174.157579739889 174.846053123474 171.776513258616 167.832573254903 166.308134794235 163.415004809697 167.763471603394 171.386023362478 174.474676450094 179.543077945709 190.20148118337 198.973337809245 201.693971951803 195.364415645599 184.570948282878 173.395077387492 170.808593432109 181.286712487539 188.507854938507 175.184031327566 154.11302447319 146.48625254631 158.082832892736 159.207761287689 153.976947069168 148.481160402298 145.103057225545
163.09920946757 174.037158489227 175.148367881775 178.604543209076 176.818052927653 176.032483577728 182.210683822632 188.398321469625 186.90679470698 191.572368144989 188.366770744324 188.05197874705 184.226314226786 179.331680138906 176.53626203537 182.812333106995 176.87592903773 169.718285401662 166.87399148941 170.447846253713 171.136299769084 169.197678565979 167.073746522268 162.93611129125 162.370651960373 162.153780460358 166.88605149587 167.806526025136 170.164942741394 174.838582674662 187.893986701965 198.294719060262 190.311789512634 170.102496941884 137.087821960449 129.53844666481 149.587333202362 173.110584417979 182.338873545329 180.554648240407 176.045378049215 165.983329216639 149.815400441488 146.028598149618 155.015925566355 146.126210689545
166.268001000086 163.742969433467 164.137899875641 168.556650479635 175.277868906657 179.941534996033 178.887486457825 185.976942380269 184.586882591248 187.711556752523 188.969492912292 189.690311749776 189.731776714325 183.045963446299 179.682632287343 178.69641383489 179.604570070902 169.134557247162 163.342217604319 164.511839548747 163.999269406001 165.215988953908 165.678958098094 159.492393334707 160.644660393397 155.509183804194 157.079567511876 158.155202865601 158.169527848562 157.887001832326 164.276123046875 178.75478665034 174.181600411733 147.592802842458 111.352473497391 91.4633472760518 100.233832995097 130.080769459407 165.07488489151 179.426709810893 181.104242801666 165.271729230881 143.815199534098 140.650848547618 149.295300245285 135.669598976771
171.329100926717 160.818000634511 157.93655316035 162.771095832189 175.53303639094 183.416744073232 182.63578414917 183.546741803487 186.260163784027 184.979955355326 186.807334423065 189.878245194753 190.948267777761 187.525828679403 181.808888912201 179.043968518575 180.580119291941 170.534133911133 167.280693848928 168.507277965546 167.766650517782 164.499094088872 162.638952334722 158.408373594284 157.708992560705 154.000540574392 155.692895253499 154.04733022054 152.733753124873 151.029725869497 139.852335055669 146.67887489001 147.052317857742 126.955499251684 110.76561609904 92.2942956288656 73.1429159641266 81.0530285040538 104.933649301529 141.069412231445 163.87931505839 153.571367263794 142.95623699824 138.204673926036 130.296130975087 121.017684539159
174.584925174713 167.203525702159 163.287301858266 166.834791501363 177.61226495107 185.443679491679 188.923100630442 184.621552626292 187.932153542837 186.308662096659 189.013202985128 191.226760546366 192.033112049103 193.768541018168 186.210552851359 185.139695803324 184.957265853882 176.866173744202 173.344333966573 174.912571907043 174.944321314494 170.314987500509 167.473455270131 166.557679573695 162.708948055903 159.840772549311 157.778471708298 155.05979458491 150.971839825312 144.009957710902 132.854799429576 136.145830154419 139.048079649607 136.76263888677 136.126806338628 125.571131706238 98.2415775458018 80.8828373750051 74.806069334348 90.0561114152272 125.655601421992 129.609952370326 118.289411067963 103.806664546331 101.357996463776 109.522114197413
178.205688794454 175.997277100881 168.991247812907 165.866712729136 171.859224637349 185.007790724436 187.087873617808 185.738643010457 186.107794443766 190.958917140961 196.004271507263 196.005721886953 195.24222612381 194.744269053141 189.731458822886 189.892629782359 189.948340257009 184.898356596629 178.647100925446 175.851146380107 173.72989654541 171.906093756358 172.544519106547 174.032727877299 169.269422690074 166.853944460551 158.571908871333 149.995068709056 143.003523349762 139.818509419759 137.568821509679 141.560822725296 145.197023948034 154.720942179362 162.076363960902 162.675638993581 152.83860762914 136.012454827627 117.187370856603 85.3163699309031 94.5165852705638 114.033877849579 113.539497057597 101.412077744802 102.927396694819 121.126850446065
181.696911652883 180.702229340871 177.1373351415 171.054502328237 171.087423960368 182.20599492391 187.353312969208 186.879793802897 185.855329036713 192.694902420044 200.300256411235 200.939476490021 195.985674858093 197.115699450175 197.331349054972 190.457622210185 192.330002784729 187.569002310435 182.422518730164 180.370668570201 178.89549334844 178.410450617472 174.980441729228 173.302332560221 170.749346415202 166.062116622925 144.155710935593 121.65238459905 117.512116829554 123.981148004532 134.832521279653 138.276954491933 143.644114335378 149.550298849742 163.528422514598 175.069471200307 179.749528566996 181.500573952993 178.143481413523 129.709502061208 99.8607973257701 117.399315039317 134.708960851034 138.124038775762 139.977117379506 154.290358225505
181.520978609721 179.010152816772 180.48902352651 179.564197858175 173.884491125743 179.048081239065 187.109649181366 188.738703727722 185.986558596293 192.036648591359 199.804325898488 199.661393960317 195.374449094137 196.729381879171 198.6350218455 189.974268277486 190.755804379781 187.891662120819 184.734423955282 185.360729694366 185.929477214813 185.442964235942 180.389682451884 173.670450846354 172.889629999797 171.189983685811 150.438040494919 125.625828901927 122.866829236348 134.408344825109 146.354734897614 146.20253443718 154.641598463058 165.010690689087 180.28461933136 190.800329049428 173.317710558573 140.023628870646 124.080459276835 131.219655275345 130.175580581029 145.524164040883 148.887614409129 132.400542497635 121.456027030945 135.385692119598
170.461654663086 178.037861982981 179.998795191447 180.692990620931 179.185668627421 175.624887148539 188.730359077454 192.781825860341 191.210885842641 192.651788393656 198.436697324117 199.797928333282 197.790602842967 195.085287094116 195.961674054464 191.547691822052 187.055548032125 188.849051793416 189.266324043274 192.45966275533 192.038853963216 188.007394472758 186.063408851624 179.584463437398 178.645412127177 178.622424602509 172.73610830307 163.415302832921 164.854943752289 166.98145866394 164.164940516154 157.01894958814 168.076713879903 180.26061852773 170.767784118652 160.014788309733 141.210506359736 85.9100619951884 62.7901653448741 98.9798704783122 134.146958589554 156.160642703374 149.840325117111 135.013898213704 126.248220602671 132.937749226888
160.214722156525 175.239682197571 178.542415301005 179.262181123098 181.880911191305 176.783601442973 183.649778366089 192.872563997904 201.364020506541 199.447671572367 197.418590386709 197.834054629008 198.720494906108 197.006642818451 196.197330951691 193.281650543213 189.204434553782 189.504166444143 187.309543291728 184.883455435435 186.763962109884 185.959120591482 185.109237829844 183.951218922933 183.849891026815 189.45437669754 198.529024918874 200.967967510223 185.115694999695 181.489924589793 170.383930206299 159.416615962982 163.177728652954 154.21470006307 123.241682847341 82.8867604335149 79.7703812519709 68.7722116708755 52.7715881665548 61.9151741266251 82.0496579011281 119.904468456904 147.840321063995 169.075906276703 188.455104827881 184.195995330811
