input/barkrak2/radiation/dir27624.grid
NCOLS 85 
NROWS 70 
XLLCORNER 665100 
YLLCORNER 4664600 
CELLSIZE 20 
NODATA_value -9999 
[rows 20 to 39 of 70, columns 0 to 46 of 85]
47.9610065619151 33.5694899161657 40.3332635760307 53.9189676443736 48.4296977519989 42.7145461241404 38.4861280520757 47.6274838050207 57.7948937813441 70.6415424744288 77.6840547720591 77.0418792963028 73.5493004322052 78.3542941013972 90.3065900007884 104.430029789607 116.133620341619 125.311394532522 136.437912782033 153.547366460164 159.291207790375 148.768027623494 146.767715613047 147.740463415782 147.793749968211 143.266548713048 139.947811762492 142.490575710932 149.487336476644 138.071715831757 124.609510103861 118.68750055631 98.7187425295512 88.4438057740529 89.9276932080587 105.246047178904 106.266697247823 129.72151239713 129.442691802979 132.953892151515 133.174041906993 134.980658690135 142.590920130412 135.454396406809 141.007711489995 146.886875232061 149.642676115036
75.0745683908463 62.3953590790431 53.1844645738602 72.0367034276326 68.6144530773163 42.2257979710897 46.7295348644257 57.3157519102097 64.8428499698639 70.3423718611399 73.0008035898209 72.874332467715 73.2100506623586 69.3530340989431 79.0330568949382 92.6398237546285 108.088841040929 118.721097707748 128.524343172709 144.517630338669 154.067466656367 167.881528536479 172.56885766983 168.445070584615 160.163849592209 143.8261171182 131.612956523895 130.87006409963 136.157323916753 121.204654375712 114.622672398885 84.0208530426025 65.7673577467601 46.3489244381587 34.6686169505119 51.4811376730601 61.0858798027039 75.3430922826131 90.0623202323914 107.522110144297 107.064545154572 110.856314500173 111.656347910563 98.1160998344421 122.982213894526 136.306822299957 142.123093207677
117.659201224645 114.09451564153 92.8374032179515 91.2461280822754 88.4072383244832 59.0893626213074 65.5587961276372 64.9400254090627 62.8245671590169 65.106600522995 72.597861289978 74.4191954533259 77.6183058818181 80.6641081968943 82.9366942246755 88.4127418200175 101.699342330297 114.458918571472 121.38553460439 125.709742307663 130.137383937836 147.726237773895 158.709794282913 162.13180621465 158.547033866247 147.696524858475 134.587585926056 128.079156080882 132.851292689641 113.441755374273 74.4631538788478 44.5118645826975 28.7082443634669 9.61406653126081 4.25403068463008 11.5593994657199 26.5802939732869 45.7741320133209 71.2836980819702 78.7756443023682 86.5308344364166 91.4295216401418 74.5930820703506 64.8221572240194 93.6578214168549 127.167294422785 134.137570858002
151.23571952184 142.812073230743 112.699339787165 97.9062914848328 94.0000216166178 90.567946434021 82.3833644390106 69.0705378850301 59.792548418045 60.4081849257151 74.2017428080241 77.940970659256 80.6646347045898 92.9698447386424 90.7085537910461 90.913712978363 100.426266590754 111.560185750326 118.215908606847 110.262542963028 110.926101605097 116.110503673553 129.794746637344 141.790995995204 143.416027228038 139.348268508911 128.383318583171 121.003826459249 101.194520791372 52.6736676692963 45.8677411079407 34.0656191110611 9.03429587682088 0 0 0 4.41260542720556 18.4685116012891 27.3915479580561 27.8454174598058 20.9724009037018 37.783774236838 40.3135096033414 75.5514601866404 91.4517045021057 112.196713685989 121.941288312276
150.377571582794 146.739770968755 130.525966485341 102.122247219086 85.370550553004 89.7959669431051 83.2382589578629 77.4522473414739 68.7960137923559 65.583402911822 70.1728363831838 74.8620977004369 77.4557987848918 88.0960325400035 87.510883808136 87.545911471049 94.518631696701 105.974415938059 113.226026296616 107.331196467082 108.828008174896 105.650017658869 115.155647198359 122.929900884628 125.21638472875 125.422437985738 114.78133002917 107.249269882838 89.241882165273 44.0566192070643 36.8812531232834 35.6875906387965 17.4200832843781 0.00427199787130424 0 0 3.34900307158629 7.34777376055717 11.273564149936 10.5761326849461 11.3447147111098 5.33829753597577 23.7272456288338 102.6837627093 104.995280504227 113.090644280116 121.323267618815
137.336572011312 142.111172278722 140.992800394694 111.092825730642 86.2058202425639 90.9995436668396 94.8614080746969 102.394094069799 103.630761305491 90.3708835442861 83.8792423407237 87.4027709166209 86.6906046867371 94.4280823071798 93.7456587950389 90.0516112645467 92.5596555074056 105.846494436264 111.757715543111 114.770909150441 118.427048126856 115.441292524338 113.934526840846 112.224539120992 114.726851383845 114.337921142578 107.093284527461 100.715726613998 78.1827519337336 63.6629015207291 61.4434679349264 70.8918472131093 64.042404294014 12.4380079408487 1.01730584477385 5.08713877449433 6.62842703362306 7.78102253874143 8.95040233929952 5.72175594667594 1.36438415696224 2.8662197291851 39.5479947328568 97.575714190801 122.50221769015 123.180359601974 118.752360343933
136.230101188024 141.500602165858 139.837900797526 120.213131109873 102.899372577667 109.476000070572 120.752463738124 129.462550083796 133.856803178787 126.388529936473 103.622396787008 99.2433428764343 101.331442594528 109.713981548945 108.320375283559 97.6596872011821 96.1500108242035 107.504665851593 115.949889024099 128.341863552729 132.553865512212 128.984381755193 118.955324093501 112.339615821838 113.749136527379 115.88042974472 107.722461223602 107.894122600555 96.0687100887299 96.8038340409597 109.673927227656 133.083005746206 141.950656970342 125.220656394958 45.8715260028839 16.4880181352297 13.3231654763222 11.8305546542009 11.2040241559347 4.95446628580491 13.8351420561473 37.5470121701558 77.2698571284612 100.708474715551 115.752587715785 109.238763650258 104.983319838842
138.047824303309 136.704544226329 137.128591537476 125.525226195653 134.534021218618 135.625173648198 147.432217995326 142.719924449921 145.168761412303 147.855142752329 113.506009181341 100.261280934016 105.037122964859 108.203192551931 116.44251147906 110.545138518016 105.169186989466 112.46661345164 126.144230365753 133.988887071609 130.632648865382 122.300783793132 119.993627071381 121.336321036021 121.902694304784 120.650152365367 116.06377363205 119.555026292801 132.156809171041 139.850954214732 152.032554149628 163.444896539052 173.334101835887 184.171775976817 148.026466369629 49.9347597360611 23.7433935205142 14.9204755822817 9.24217204252879 9.39208269119263 32.2997818390528 98.7997154394786 99.4117856025696 91.6560391585032 86.5870416164398 86.8735214074453 88.28204870224
140.759120384852 129.248599211375 130.358139673869 130.307167768478 157.505174477895 151.809056599935 145.181288321813 137.018144130707 133.015036582947 115.987330675125 99.8234550158183 93.9723749955495 103.144894043605 107.671151558558 114.619890848796 119.574467341105 113.204419612885 111.206561326981 123.247921466827 127.328922351201 124.915222326914 116.607556740443 117.544611295064 123.877733945847 127.999226252238 123.526434103648 124.367336432139 123.145401477814 142.651379108429 156.404495239258 172.703584035238 183.650076389313 190.919816493988 192.754626274109 189.749558766683 118.138293425242 23.7460409601529 7.40323153634866 3.54051465789477 3.55343613773584 48.29108218352 93.1193232536316 82.8872273365657 60.7301145792007 59.0777595837911 58.4929088751475 66.2674804528554
140.954474608103 122.78734644254 124.377797047297 138.508687416712 157.730102539062 148.195634285609 127.171297868093 110.756009817123 92.7401582400004 79.173485438029 78.0846575895945 82.6537509759267 91.4244850476583 105.457345644633 116.06772740682 125.655243794123 120.755930741628 108.542670806249 113.565971453985 117.221554120382 116.730769475301 116.829286019007 118.185778458913 124.508967002233 131.780395905177 127.778281768163 130.678117275238 129.723946253459 140.370349089305 160.852531592051 184.10587310791 197.149753570557 196.892499923706 196.125785509745 207.158784071604 194.144010543823 109.015961488088 25.9362533688545 16.1676853895187 20.0049951672554 41.8876161177953 57.2750270366669 64.5476380983988 39.9060298999151 35.4628612597783 41.091725230217 60.0720991690954
137.868454058965 141.657829284668 168.45045487086 209.532558917999 190.764943758647 154.948810736338 119.100073973338 91.1713341871897 70.4847474892934 73.4826723734538 67.008708914121 66.6084786256154 88.1290038426717 105.717062950134 121.947228908539 129.156708717346 127.786089976629 116.11137787501 115.117887655894 120.224813620249 116.774668296178 121.632327636083 125.095585982005 127.524882555008 134.616583585739 140.383909145991 138.48269979159 139.955411354701 144.077559312185 172.114729881287 194.522976875305 202.858110268911 198.450922966003 207.033892472585 219.598710536957 225.035389264425 203.414678573608 148.326049248377 67.5747245550156 35.5814024806023 29.1727830966314 31.0992846886317 45.9030419588089 37.9924774169922 32.2533200184504 45.0364847977956 74.2245018482208
154.882291952769 191.810588041941 239.69691991806 263.299405574799 253.471374511719 200.529138247172 148.721247911453 107.196231683095 86.6358876228333 93.2910740375519 84.845761458079 71.9738105932872 85.9198172887166 103.463540474574 125.658005475998 134.811590115229 131.223241488139 125.648279984792 119.002282619476 121.521820624669 121.799091498057 125.033438205719 129.392961661021 129.815260569255 136.082758506139 148.552308479945 150.42182803154 156.640946865082 163.799424966176 179.205238819122 196.07812166214 206.281801064809 208.824455738068 216.486851374308 223.390559355418 220.28394540151 217.501044273376 212.600568930308 145.635048548381 65.2217417955399 33.1744849681854 33.4908912579219 37.6840581496557 41.056069235007 49.4261533021927 70.8482662836711 90.8344785372416
216.566681861877 251.655340194702 272.05616235733 272.107402483622 277.585546175639 255.537033081055 212.403833866119 166.435559590658 137.861837943395 128.769417603811 123.49671125412 102.883080641429 88.468074798584 104.341626167297 128.61708799998 137.010435263316 129.454811414083 132.438441117605 120.798359314601 120.548148949941 124.459276596705 125.77556570371 128.304213285446 128.935039043427 135.159065326055 150.733689467112 158.564070860545 166.284114122391 173.476775487264 180.450280507406 194.419999917348 206.393043200175 208.202242851257 204.56467072169 203.382134437561 192.356030146281 195.774614810944 191.881994406382 148.131261269251 90.6971295674642 54.0267576773961 48.5855291287104 42.4798627694448 43.8439100980759 51.5605161587397 69.5096552371979 82.2065571943919
261.080384254456 274.250547091166 276.307205359141 272.689878940582 275.143404801687 275.923669338226 255.488018194834 215.12246131897 173.727651437124 153.696775436401 153.12851468722 139.136503140132 113.84716629982 112.156500418981 124.470909436544 131.975134213765 125.367045402527 128.25737396876 120.826502641042 123.26650818189 120.972692966461 122.392704089483 123.444517453512 123.785277207692 132.532209157944 144.28836107254 158.274094263713 161.8612408638 170.495907465617 181.759277979533 194.235324859619 197.080651919047 177.13874578476 173.175076643626 169.577777385712 154.526968797048 155.028452475866 140.924294789632 104.179213444392 74.5430489381154 78.3832967281342 72.2810129324595 57.5059900681178 44.2633728186289 43.5762008031209 55.782824754715 62.9032303889593
270.832379659017 274.2999792099 274.862130482992 272.18633890152 272.612929344177 272.991458574931 270.969231923421 245.393216609955 196.993231773376 167.078157265981 163.275897502899 160.280525684357 145.671794811885 129.334410031637 126.452147960663 131.213923295339 124.399214982986 119.854629039764 121.747781833013 126.108825206757 120.474616686503 119.278281927109 122.283101081848 123.423596223195 129.437545935313 137.526383002599 149.80810880661 150.057892004649 159.459700187047 177.760303020477 186.778426170349 183.266659577688 167.457501093547 166.790902614594 154.598931471507 140.340467294057 144.289125998815 141.647795836131 125.491311152776 97.5776712099711 98.4355707963308 106.290400028229 88.2064203421275 68.1996047496796 53.120955824852 42.5122082233429 32.5426608324051
268.567820390065 270.599941412608 269.503553708394 270.484824975332 267.877260843913 265.253921349843 264.242927233378 250.619053840637 209.043780962626 177.954494953156 167.599499225616 162.931422392527 162.559698025386 140.863001346588 131.580630938212 136.819094419479 129.466424385707 120.850602785746 125.349511702855 127.71729628245 124.804099400838 120.141128698985 125.503987073898 129.849662383397 129.181236028671 134.957393010457 141.314774751663 141.324043273926 149.473289648692 170.458614826202 179.108182589213 176.045695940653 169.555445512136 172.640800476074 153.152833382289 146.711409091949 151.276648044586 157.708674669266 159.755915403366 131.181915601095 91.4990802605947 88.521142800649 79.1451384623845 59.1619610786438 48.3197917540868 36.21523330609 13.6241714159648
253.548224767049 254.94650999705 256.685892740885 254.793425401052 253.912091255188 251.908719539642 256.550113360087 254.533588886261 217.895368734996 180.970867474874 166.001270214717 159.578214089076 157.086471716563 141.283144553502 129.763782024384 139.080941677094 140.117327372233 125.56188305219 129.255066315333 133.87542963028 132.669240236282 126.842468976974 128.540356953939 132.22066561381 129.596163829168 131.262719631195 139.450738827387 146.096597115199 151.339501142502 164.653489987055 177.125493685404 178.993741671244 176.40342315038 173.704465230306 156.034340461095 160.212059815725 162.248373031616 165.060937404633 165.024151404699 139.103303352992 68.8733955224355 50.0898857911428 33.2013815641403 27.4011691411336 24.2181892196337 12.52198467652 0
233.7287068367 241.799076398214 250.680506229401 247.130652268728 246.461828549703 250.858227411906 257.978796958923 259.909629821777 238.347550233205 195.580144723256 173.634608586629 155.418972174327 145.296255747477 136.398633321126 126.073837280273 132.997731367747 144.842356443405 136.238515377045 131.875663995743 134.923487901688 136.641869942347 131.475786368052 128.047943115234 131.661613782247 132.723867893219 133.241087198257 136.630137761434 147.736499706904 152.835587660472 157.955298821131 171.501636505127 180.132468541463 173.241893450419 164.811611175537 151.589214801788 170.111954212189 176.017860571543 178.552528222402 170.979698499044 154.932121435801 62.0709906021754 25.5013257265091 11.3151483237743 9.66546125710011 9.40490948657195 1.09081761911511 0
199.76395368576 210.526466369629 217.703859011332 222.876489162445 230.542957782745 243.720690409342 254.60954507192 258.349855740865 249.079783757528 212.333758672078 182.999749978383 160.986771186193 144.302239020665 142.559846242269 132.404416799545 127.097030480703 139.525224765142 138.816257317861 132.380664348602 131.756802399953 133.851031462351 130.057245492935 125.99790096283 128.779629866282 132.177233695984 137.932459513346 137.311716874441 144.466588894526 149.771670500437 152.331193288167 161.643246809642 177.468279997508 170.983672142029 152.615884939829 158.455659945806 183.675348758698 188.279171784719 184.269706408183 174.442847569784 176.527221997579 126.154144605001 39.8617635170619 13.2790269951026 8.98801659544309 10.0741734107335 0 0
163.822462161382 171.048780282338 170.722782611847 180.437465508779 196.807583173116 212.299803892771 225.735088189443 236.201484998067 232.389728228251 209.636708100637 177.898367245992 155.37749727567 140.989591677984 139.622877041499 134.819934765498 129.108975330989 133.957813183467 134.18839375178 127.280175685883 126.743257045746 131.632218758265 134.434461593628 132.402320702871 128.862132628759 127.601623535156 133.01291068395 139.023462931315 143.738081057866 148.793299992879 149.684220552444 152.411460876465 166.038811206818 162.864128748576 157.489269971848 183.755735556285 197.073737780253 192.878842353821 185.292263825734 185.64510345459 199.655512968699 203.643659750621 150.61487754186 65.5288994312286 32.1412459015846 17.7925564348698 2.44410832722982 0
