input/barkrak2/radiation/dir27224.grid
NCOLS 85 
NROWS 70 
XLLCORNER 665100 
YLLCORNER 4664600 
CELLSIZE 20 
NODATA_value -9999 
[rows 0 to 20 of 70, columns 0 to 45 of 85]
198.756814002991007 214.210311571757 230.245550473531 249.685724576314 258.893311023712 259.00399684906 251.553197701772 246.069093545278 247.426470120748 249.345302581787 248.543659845988 249.874313672384 248.591721057892 249.310413996379 251.377125581106 242.54697561264 231.304208437602 219.342648983002 214.113116264343 203.271309534709 199.754595756531 214.168667793274 240.821242332458 248.560567696889 250.598172346751 261.032462120056 259.823600451152 245.588223139445 229.90083694458 227.891763051351 223.792453606923 243.957698345184 287.451843420664 285.976688067118 282.733877499898 269.929826259613 274.30655558904 289.2853418986 285.892367362976 284.875551859538 272.556364536285 273.147066434224 285.674134890238 284.711420536041 273.524542649587 276.357173919678
177.974263827006 194.777607917786 210.439364115397 229.845782121023 243.148863315582 247.777104377747 245.898028214773 247.407257556915 256.222426891327 255.263467629751 251.314659913381 250.284969806671 249.626398086548 250.66332022349 250.491340955098 241.265098253886 235.747138659159 227.123379707336 222.333073616028 210.654258728027 214.158932367961 234.21053091685 254.585425059001 257.718463738759 261.817475159963 266.125400861104 261.378765106201 248.857220013936 234.817147254944 229.741295178731 230.564892292023 257.660885651906 288.304766019185 287.785808245341 282.587746779124 271.79225285848 277.543544769287 289.396405220032 284.444590409597 287.033756573995 277.984499931335 275.077144304911 273.477653662364 272.973418235779 270.273884137471 276.434322198232
140.453676382701 152.700086434682 165.595958630244 178.913911183675 192.930380503337 203.791896502177 214.595456918081 229.804535706838 242.934544881185 243.741552035014 243.830601374308 247.476935386658 256.379147370656 260.3453596433 258.424003918966 262.893458207448 263.769348462423 254.449546337128 238.073865572611 227.243304252625 234.587629636129 247.91540702184 256.297608216604 258.848468462626 264.003614584605 262.932678063711 257.130046685537 248.151501019796 239.145795504252 237.518707911173 245.676477750142 273.305098215739 287.979066371918 287.347535292308 281.893412272135 275.968233744303 282.581369082133 286.689003308614 285.967985788981 284.734924634298 276.422441005707 267.312049865723 256.046970685323 254.842480023702 265.412449836731 274.623274803162
121.307055155436 122.767349084218 130.089859167735 137.320379416148 144.309997558594 149.854024251302 158.176561196645 175.399879614512 196.794430414836 215.330163637797 229.607661565145 246.535499890645 258.759876092275 263.303995132446 265.911221504211 271.730899810791 269.465128580729 258.890529473623 242.784937222799 236.028711001078 235.202511151632 234.361370404561 246.414661407471 252.791126569112 253.859996795654 254.720091819763 254.185716311137 250.075221061707 247.784237066905 249.500334262848 252.171576023102 278.525670369466 286.58405939738 285.404404004415 282.532751560211 283.88907512029 285.46412785848 285.849988460541 283.536434173584 273.870428403219 265.895247459412 253.98176908493 249.356468518575 262.472748756409 278.634866078695 272.858043511709
143.815805514654 126.727849245071 113.643914461136 103.823552529017 105.167696873347 123.478313287099 145.42426665624 156.996548175812 168.098469575246 176.430741945902 199.787338574727 225.142220656077 241.143484910329 249.366044998169 255.788564682007 259.730676809947 254.435817400614 245.064596335093 239.445964495341 236.558099587758 231.414874394735 229.530394077301 240.886251131694 246.649463971456 249.894857406616 255.785226821899 255.003333091736 252.417306105296 250.270406405131 248.545209566752 254.851341247559 282.947222391764 285.128811995188 284.112970034281 279.763221740723 280.378719170888 281.56719605128 280.699253082275 270.397822062174 263.587911923726 261.438012123108 258.279343446096 261.818905671438 270.400842030843 274.605810642242 258.724610010783
188.992957274119 159.312665462494 130.349020163218 106.384327014287 97.7431138356527 108.739366134008 134.937395652135 153.372397025426 158.125321070353 157.675852378209 168.303668498993 183.525482813517 194.469372431437 201.928198337555 211.832384268443 221.018453439077 223.517219225566 227.482318878174 234.823703765869 240.483939647675 240.20912249883 243.161062399546 243.680616219838 244.668841362 248.609681924184 255.069474379222 255.081673463186 255.309820175171 253.686706225077 253.501236438751 266.941905021667 283.825119336446 282.549420992533 282.373229662577 276.939908663432 274.782558282216 276.813725630442 272.531628608704 263.111372788747 264.086365699768 263.241151968638 260.462284088135 261.745154857635 264.804740746816 254.922807216644 229.17115688324
214.10216887792 187.105198701223 164.684901634852 142.194082339605 120.516896247864 107.865552107493 115.133355061213 145.210107167562 160.134156545003 168.937345345815 165.710419416428 160.212496916453 155.362019936244 151.009112596512 153.374016284943 170.201619466146 184.227108955383 205.942034721375 227.036913235982 240.858534971873 246.674577395121 249.416490395864 247.751772403717 244.913975397746 247.393826643626 249.927123387655 253.009299437205 254.547774791718 254.645764827728 259.387294451396 272.404094537099 280.328790346781 277.365485827128 272.53786722819 270.337998867035 266.194542249044 266.117215156555 261.474609375 257.19686349233 254.426896572113 248.747706413269 246.973077456156 252.565046151479 258.587876955668 248.003661632538 237.041433652242
226.857125759125 214.360594749451 200.463533401489 182.575881481171 157.389432191849 125.711560249329 104.682405789693 102.113624413808 138.709753751755 166.139543056488 174.990157286326 170.866906642914 161.263813575109 150.148898363113 136.271933714549 139.956841866175 153.627157211304 171.779791514079 198.056817054749 219.625572363536 233.552475770315 243.323087692261 250.1114209493 246.374328931173 244.692583878835 243.886590003967 245.026091734568 246.533274650574 247.732778390249 257.015744845072 267.552534739176 271.453162034353 266.327023506165 261.480112870534 256.029307842255 253.834903240204 256.928563117981 253.212591012319 246.23429775238 231.444557507833 230.98482688268 241.009334723155 257.75279601415 267.869532108307 262.29472955068 260.599275430044
217.534263928731 218.446373939514 212.682147820791 203.237414360046 187.555154164632 162.305275599162 129.865368207296 100.780228773753 114.901681741079 138.258437315623 159.695575634638 171.113391717275 173.733274141947 170.661985874176 156.918634970983 147.984166940053 145.157605409622 150.093654791514 165.683587392171 184.936801592509 202.395002047221 218.653877576192 230.548580487569 228.325804074605 230.212152004242 229.804078737895 230.553348859151 232.329189777374 234.229624271393 244.324405988057 250.492453575134 250.746369361877 248.029331366221 247.324744860331 247.448941071828 248.853166898092 249.06986951828 247.75356054306 240.85787932078 234.43591594696 247.269054253896 260.703285535177 270.420332749685 270.866453647614 262.106339136759 255.89656829834
182.975908120473 193.947275479635 200.307925542196 200.305163860321 196.82389497757 191.476702690125 172.259350617727 151.714901129405 118.851294120153 108.869016170502 122.996578613917 149.988432725271 173.935433228811 186.292807261149 187.276264031728 176.722725232442 160.227874914805 154.458155234655 153.631418943405 157.322963078817 166.400909423828 175.730625788371 187.13653087616 196.540872255961 206.723093986511 209.625621636709 210.644106070201 212.054411570231 214.467267195384 221.812168757121 223.238031069438 224.265376726786 231.045842170715 235.66198348999 239.712238311768 240.176280339559 238.94989490509 242.868860562642 240.230003992716 246.595640977224 263.806164264679 271.497289339701 273.304979006449 270.50793170929 260.974884033203 255.473812421163
103.752185901006 122.54344423612 139.556139707565 165.541509787242 177.33770608902 186.072925726573 186.979273955027 180.567721525828 149.460693200429 122.260948022207 107.61958360672 115.649243195852 144.247025251389 172.88347085317 189.898093541463 178.822815418243 169.938385486603 161.652088165283 152.74108449618 146.947910388311 147.31577038765 146.943946679433 152.123500903447 167.539040247599 182.2922428449 191.442847251892 193.185130755107 193.815449873606 200.643996397654 205.942511558533 209.365804990133 213.207542896271 223.342537879944 227.751811345418 227.340539296468 228.472769260406 233.496010303497 238.855024178823 243.857383728027 257.492582003276 267.860194047292 271.065870920817 270.511666933695 267.654736836751 263.286789258321 263.838926951091
61.5141888459524 61.1919909715652 73.8664716482162 92.3034350077311 106.669088204702 127.065360546112 163.160264492035 170.134027798971 171.128650506337 155.934651692708 126.527637243271 106.548488140106 108.868509531021 133.354187011719 163.344403107961 168.300688266754 175.054013729095 170.808653036753 159.584234158198 147.901962200801 140.92876513799 138.547311226527 138.766477505366 148.226310809453 157.937715450923 164.876679579417 169.140815734863 174.017469088236 181.750138600667 187.155663967133 192.058682441711 197.73672024409 204.341948032379 208.104292551676 209.056357542674 211.217284202576 222.793698310852 234.7465356191 240.980585416158 255.311210950216 261.430621147156 262.619058291117 259.565154711405 255.655805269877 253.609975179036 252.755999565125
49.086461464564 46.5449641148249 38.8075659672419 29.5535077651342 40.4180611173312 59.0488264958064 75.8862793445587 103.969633579254 130.991478761037 143.349250157674 144.789079825083 123.211602369944 96.5203046798706 94.2546327908834 115.790049235026 150.676886240641 169.662992159526 176.792840162913 171.040574709574 160.45684615771 150.765707095464 149.957627058029 149.773468573888 150.299469629923 151.142249504725 151.44411722819 155.948221683502 165.683428446452 169.888238112132 171.421984831492 177.182455857595 182.631174723307 184.007346630096 186.08287970225 189.812898635864 195.740580558777 207.898100217183 221.836527188619 225.671827793121 235.213816165924 242.386678854624 243.879357973735 242.962340513865 244.023203849792 240.554292996724 241.106152534485
50.9523948033651 30.2952527999878 14.0736624598503 8.87123371164004 2.94502265751362 2.80539939800898 8.45069065690041 44.9153880278269 77.5710244973501 96.9259242216746 120.902230342229 136.135180791219 122.505168120066 105.881243944168 102.735052506129 124.99870856603 142.668515443802 160.861064990362 174.626111984253 173.579553763072 164.191802342733 163.085301717122 160.589824120204 160.177518924077 161.327173312505 159.479270378749 162.175049384435 171.712537606557 172.024528185527 164.715588092804 170.389473438263 176.278869311015 177.272955576579 177.567640940348 182.161132494609 190.222442150116 196.059385935465 202.733953793844 207.342525323232 210.094551245371 215.452055136363 222.146292527517 229.678273200989 236.756066481272 232.186834017436 237.682461738586
57.4184358119965 30.8700775106748 9.93636436760426 2.9952817906936 0.603722912880282 0 8.28587263822556 29.9463222424189 46.3841706514359 72.5083202123642 98.1388092041016 121.233115593592 138.77135515213 133.179724216461 119.118988513947 115.755518277486 121.047248442968 136.84997955958 157.713274161021 167.976140975952 173.492173353831 168.246209621429 169.244249661764 168.129682540894 167.775491873423 168.445110321045 170.229395230611 173.460106054942 169.974446296692 164.699772993724 167.571822802226 173.041164875031 172.467172145844 172.220905621847 176.721672217051 181.064228216807 181.997974713643 181.105275948842 186.518013477325 187.532007694244 193.45486164093 202.208876609802 208.954056104024 213.579018910726 215.82293510437 220.930357774099
52.5349179903666 31.6596006353696 8.85001632074515 1.04184037384888 0 6.3502329091231 21.1143518487612 33.5195312897364 46.714261174202 63.1170173486074 87.1480504671733 120.482246081034 140.788972377777 146.188894907633 137.69261042277 116.683771212896 109.574993451436 113.82990082105 131.471484899521 157.49521056811 172.435581684113 175.257325172424 177.909374237061 175.401409467061 169.770240783691 173.066258430481 177.862366040548 174.070318539937 171.00061972936 173.832674821218 173.704346021016 173.726995786031 169.882694880168 167.978465557098 168.96120707194 168.228964010874 165.764520565669 160.622358322144 164.369285106659 166.922589143117 172.029217084249 177.926580111186 181.517879168193 184.074997901917 197.147448857625 203.809638818105
42.9618259270986 35.2350349227587 15.5166077117125 4.00140198753007e-08 0.474056034969787 7.82015547156334 25.1153782010078 37.8302658597628 52.455614010493 59.2076281706492 73.5648224751155 102.44224468867 127.64436006546 139.847805102666 146.559337774913 140.459934870402 136.990785598755 127.201537291209 117.970993121465 127.79313325882 149.690369764964 165.618608395259 174.026270707448 177.41463581721 172.514458497365 180.264155069987 185.378273328145 181.484679381053 180.824140707652 188.330928484599 186.030507087708 174.394448598226 167.974909146627 163.604478041331 158.409655094147 157.381057739258 152.206242084503 150.1504778862 151.274899641673 155.268142620722 157.915115356445 160.683840513229 164.203464984894 167.327642440796 186.130046844482 196.753025054932
38.4017278750738 37.995641430219 26.9136478503545 1.01355385656158 1.61963778858383 16.5440067648888 31.5756226579348 49.4099209705989 62.4869515498479 67.8170373042424 74.6320982774099 90.1562372843425 113.008558750153 129.819552103678 143.937746683757 152.903219064077 156.4033528169 147.496084372203 132.371515035629 119.37689781189 130.173663298289 153.87174487114 161.292344331741 166.087090969086 166.783769925435 177.041133244832 184.716999530792 194.608012835185 194.648603598277 196.962316830953 190.987110137939 179.92240190506 170.389493306478 162.275453408559 155.621747175852 152.497182289759 149.539848168691 149.424503246943 149.730970462163 152.217864990234 154.849956432978 156.788488229116 156.550774971644 160.640875498454 173.992276191711 188.59342734019
43.0825302998225 48.9124606053034 47.6013571023941 15.0450418392817 10.7999990383784 31.1525091528893 44.3754841883977 60.2874308824539 74.1308281819026 87.0973765850067 94.6701367696126 96.3200529416402 105.482121308645 115.6138976415 134.017924467723 148.237119118373 154.251416524251 160.137832164764 158.005267381668 142.206927140554 126.836131016413 136.986176172892 146.103670199712 156.945437192917 167.423645655314 170.732140541077 172.297378381093 176.722367604574 178.987224896749 184.014201164246 183.433771133423 184.630711873372 174.571851889292 163.918554782867 158.085852861404 154.089947541555 152.944028377533 149.588237206141 149.137636025747 152.73446838061 156.500101089478 158.581515153249 158.094058434168 160.845299561818 162.143975496292 177.967111269633
46.842023730278 49.1396238406499 58.3391884962718 45.6719746192296 33.1420848766963 45.9072639544805 48.5018988450368 61.3700449466705 72.6503680149714 88.3161822954814 98.6014803250631 92.6033953825633 92.8016801675161 98.3920395374298 114.867299795151 133.363465468089 143.718401590983 149.913181861242 155.468811591466 156.996885935465 150.793661673864 137.939910093943 137.547602256139 148.671497901281 156.72892332077 163.247168064117 168.927748998006 166.051119565964 162.632882595062 158.12423825264 154.750774304072 166.426599025726 153.941690921783 166.359931230545 161.455363035202 156.083156665166 151.702404022217 142.412235339483 140.122840801875 148.822436730067 157.666206359863 160.269101460775 162.588775157928 162.31303413709 158.325384060542 169.728775819143
54.6168833971024 43.3177947998047 47.1826940774918 62.6034537951152 56.9749971230825 52.1915256977081 47.6695448160172 57.7271282672882 66.8020745118459 76.1693865060806 85.2291285991669 84.4309329986572 83.603709936142 85.4045550028483 96.4270035425822 113.233228524526 124.97744957606 134.272386630376 145.617167154948 162.936876217524 169.204294681549 156.806578238805 154.785841703415 157.169044017792 155.048082272212 154.323130846024 153.378327687581 155.935188134511 156.723151604335 144.985616207123 132.704208294551 126.81637207667 111.80771390597 110.81404487292 109.739700953166 116.511692603429 139.073342084885 140.588363011678 143.703828255335 148.493468761444 149.200777212779 150.309989849726 154.260794321696 148.361792167028 154.732336600622 160.654197136561
