input/barkrak2/radiation/dir27924.grid
NCOLS 85 
NROWS 70 
XLLCORNER 665100 
YLLCORNER 4664600 
CELLSIZE 20 
NODATA_value -9999 
[rows 0 to 20 of 70, columns 0 to 46 of 85]
182.702143987020008 197.774231433868 214.501043160756 235.179940859477 245.24845679601 245.655159155528 240.109105904897 234.110395113627 234.221975008647 237.639367580414 236.816624800364 236.181894938151 234.161535898844 234.927157560984 236.753424008687 226.562837759654 214.499592781067 202.090660730998 199.479858080546 187.563935915629 185.977359612783 201.729396979014 228.714327017466 236.820658047994 239.216645558675 250.963131586711 249.538838863373 234.133124351501 219.198028246562 217.739820480347 213.445385297139 234.6337834994 279.637078444163 279.353102048238 274.52431122462 262.288729349772 265.524347623189 281.743089358012 277.522524197896 275.664488474528 265.695214271545 268.118659655253 278.424958388011 276.085913181305 265.366017818451 269.176383813222 275.508125623067
159.743169943492 177.86302169164 193.944414456685 214.099923769633 228.14150651296 233.396907647451 233.77784093221 235.692342122396 243.862271308899 244.338393211365 240.045269330343 237.366437911987 235.891381899516 236.860434214274 236.706813176473 226.345260938009 220.247944196065 210.28196811676 205.544213453929 195.442656675975 200.210889180501 222.258150577545 244.103113810221 247.274915377299 250.784158706665 256.955643494924 251.548568407694 237.860778967539 224.146028359731 219.680905342102 220.490674177806 248.928765455882 281.695167223612 279.899855454763 274.454951286316 264.610409736633 269.393821557363 281.602640946706 277.774492899577 277.973651885986 270.579397678375 269.235511620839 266.724904378255 262.33830054601 259.457468986511 268.999298413595 266.318043073018
120.078365008036 132.648915052414 146.170198917389 159.445156653722 173.912247021993 186.38664484024 198.064684867859 215.338806311289 229.481478532155 231.403847535451 231.744329134623 235.76557636261 243.585069974264 247.505108515422 247.051576773326 250.204702218374 250.559488932292 239.280760288239 222.144881884257 211.566964785258 220.951239267985 235.855718453725 245.529333750407 248.382786909739 252.650241057078 253.166675567627 246.857086817423 237.274805704753 228.638450304667 228.012204170227 236.997425556183 265.183508396149 281.293968359629 279.905696709951 274.042407671611 269.90020275116 275.608658790588 280.278583367666 279.726505279541 275.563657283783 268.452803293864 258.839865525564 245.951414108276 243.367473284403 252.764781316121 266.669432322184 255.396068096161
101.301491260529 101.628055175145 109.981576601664 115.945716698964 124.567796786626 130.932033061981 139.856070280075 157.855908075968 180.275956789652 199.567536513011 215.665936470032 233.426253000895 246.502280235291 251.4302333196 253.691097100576 260.259985923767 257.601857185364 246.063590049744 228.547294934591 221.276680628459 221.047321955363 220.737854639689 232.880115509033 241.108357906342 241.889754931132 243.188718954722 242.904524008433 239.030043284098 237.209916114807 239.872018496195 243.617753187815 270.553628603617 279.679775238037 277.924418449402 274.419407049815 275.705973307292 277.800341447194 278.38255961736 275.491615136464 264.865040779114 256.760438283284 243.682424227397 238.996545473735 252.621312936147 268.573005994161 264.72270488739 244.491855303446
123.340576887131 106.619069973628 93.8977797826131 82.785298426946 84.6515695254008 102.98412044843 126.700927813848 138.455520073573 149.529079596202 158.048282066981 181.917011737823 209.634403387705 226.383209228516 235.097686449687 242.100318272909 246.500035127004 241.836667060852 232.532501220703 225.578188896179 222.052733103434 217.045942942301 214.726348718007 226.40319665273 234.048028786977 236.852447191874 243.590990702311 243.630210558573 241.330186525981 239.619572957357 238.166650136312 245.272894700368 273.404975732168 275.487005710602 275.858183701833 272.531827290853 271.937330563863 272.262354691823 270.874698956807 261.78373893102 252.882500489553 251.238207022349 248.049080371857 252.555469671885 262.666940689087 265.408098697662 245.970070362091 218.30960114797
168.956458568573 139.432460069656 110.791822274526 87.1512293815613 78.0595938364665 88.4439945220947 114.793658256531 134.7330113252 139.775971571604 138.997693856557 149.797012408574 164.44065173467 176.917433738708 183.646678924561 194.800615310669 204.55398162206 207.764267921448 213.456710179647 221.103151639303 226.572215557098 227.09866364797 229.108373324076 229.828059673309 231.028060118357 235.513051350911 241.19778474172 242.986480394999 243.8645362854 242.953876654307 243.500292301178 257.738947868347 273.773729801178 269.730846087138 269.932846228282 267.454882462819 266.337474187215 266.139527161916 262.634952863057 252.807895342509 253.181715806325 253.360946973165 250.373621781667 251.964926719666 255.033532778422 243.375619252523 215.946435928345 190.317491690318
195.40019830068 168.120721975962 145.492057005564 122.817794481913 100.406070550283 87.7349575360616 94.0019687016805 125.927140315374 141.417821248372 150.115619103114 146.250536044439 141.056666771571 136.694560448329 132.185806830724 134.387920300166 151.338875293732 166.397442420324 189.485251903534 211.911996205648 226.475854714712 233.472466468811 236.657023429871 234.428842862447 231.262008349101 234.02065038681 235.976715882619 239.539742469788 242.413103580475 243.227541446686 248.858908812205 261.6961201032 269.316991170247 264.749467372894 260.654290517171 257.551153500875 254.891872406006 254.262665907542 250.424802303314 245.577871799469 241.613566875458 236.437221368154 234.713693459829 241.255064805349 248.238921165466 237.458785374959 226.487755775452 238.931934038798
209.277153015137 196.181217829386 181.494196256002 163.094619909922 137.45262225469 105.390379826228 84.4710071881612 81.1395247777303 116.055895884832 147.129595279694 155.730624993642 151.986300945282 142.552236715953 131.529231866201 117.350935935974 120.915432771047 134.753435850143 153.156141440074 179.038643836975 203.04673910141 218.525846799215 229.368011156718 236.502250035604 232.27196931839 230.490207672119 229.435483614604 230.710546175639 232.680062452952 234.987815221151 244.629502296448 255.914290746053 259.906053543091 253.642837206523 247.140924135844 241.746544837952 239.984512329102 244.373877843221 240.811149279277 234.006067117055 217.993716398875 216.965794563293 226.685027281443 244.054754575094 255.280673503876 252.525448799133 251.953502496084 259.648621082306
200.220187505086 200.331489245097 194.486677646637 185.019075870514 169.065773487091 143.047233422597 110.177397727966 80.2862892548243 93.8414533933004 116.926918427149 140.065650145213 152.588923772176 155.659735202789 152.531355619431 137.975434462229 128.700951735179 125.932633876801 130.199283361435 145.378808180491 164.562324682871 183.286368846893 200.625995794932 214.935104052226 213.367978731791 215.312600135803 214.602828025818 215.305129686991 217.357913653056 220.072944959005 230.821251869202 237.417956193288 236.954689025879 233.878890673319 233.016709486643 233.370224634806 235.009074211121 235.471526781718 234.746674696604 228.777567545573 221.813261508942 233.54842265447 246.908684571584 256.052951018016 257.944484551748 250.582575798035 245.295564333598 248.82044394811
145.888388156891 162.132481733958 182.353734970093 182.331760724386 178.832213083903 172.559082508087 152.338584264119 130.35923242569 98.1922149658203 88.8063510258992 102.515468994776 130.619615316391 155.030220746994 167.892237504323 168.346683184306 157.635231812795 141.174187262853 134.456743796666 133.298029502233 136.886149644852 146.923065185547 156.929224729538 169.078230857849 179.042001565297 189.816951751709 193.18284591039 194.031774997711 196.113328138987 199.119548002879 206.771572430929 208.244343598684 208.787858486176 215.728461742401 220.447262128194 224.883993466695 226.426919301351 225.177109241486 229.546427726746 227.920373280843 234.920740127563 251.832962036133 258.470018704732 260.440568129222 257.802228132884 249.015967051188 244.803706804911 255.711356798808
80.5332958698273 92.8631126880646 107.773343722026 130.374213059743 142.011066277822 168.326576550802 168.673614660899 160.552839438121 129.424621661504 101.28245751063 87.5969032446543 94.5378641287486 123.36677312851 153.649459282557 170.88516553243 159.836004177729 150.764465332031 141.812453667323 132.541298866272 126.627882321676 127.364277839661 128.86502345403 134.220470984777 149.054785569509 164.073099692663 173.208236694336 175.684014956156 176.548540592194 183.964927991231 189.730167388916 193.251391251882 197.158873081207 207.535405953725 212.076465288798 212.60662873586 213.884194691976 219.25296386083 224.258542060852 230.388283729553 245.757301648458 256.343722343445 259.438157081604 258.724411328634 254.491945107778 250.808517138163 252.203782399495 259.273091952006
45.9365000327428 44.2708830038706 50.3229151169459 60.3076765934626 77.416405081749 100.363045930862 121.056616306305 124.719123045603 129.749576250712 121.477156877518 100.39413968722 79.5259773731232 81.2080601851145 95.5734550952911 125.683436791102 139.146069685618 149.408469597499 149.926632642746 137.469112873077 127.97146042188 121.433834234873 118.832598129908 119.679172833761 129.105071226756 139.525204896927 147.200614213943 150.86175998052 155.65570195516 163.697262605031 170.019666353861 175.387422243754 181.095004081726 187.766095002492 191.652198632558 192.759017149607 195.715606212616 207.834184169769 219.621876875559 226.419846216838 242.250164349874 249.971230824788 251.147886117299 246.434410413106 242.320875326792 240.650276343028 239.956080913544 246.115585168203
38.3938948313395 30.2956054608027 24.6630410353343 18.5615792870522 14.9826916555564 26.269627114137 47.9241907596588 70.7993110020955 88.9247854550679 101.50808095932 99.8902718226115 90.0723139444987 71.0089206695557 69.1105226675669 88.1507794062297 113.838523626328 131.292710701625 139.130085706711 138.0502084891 128.662109375 124.093681573868 124.213139216105 125.463952620824 127.147148052851 131.164203087489 131.966253121694 137.086103359858 146.989901860555 151.217649380366 152.702589829763 158.341805140177 163.884242375692 166.324555873871 168.423930803935 172.959287961324 178.430557250977 191.450556119283 205.900390942891 209.994753201803 221.092303593953 228.813608487447 229.476571083069 228.552520275116 229.724148909251 227.277596791585 228.021721045176 232.228060563405
36.1887017885844 19.3663835525513 7.67236327131589 2.67343906064828 0.0694686605129391 0 3.77611381312211 33.4324166178703 56.1463137467702 83.0497244993846 91.1199152469635 103.883266448975 95.014363527298 82.033505042394 79.7127385934194 100.65026084582 115.641295909882 129.615932703018 140.643656253815 142.36635963122 133.795241514842 133.428126573563 133.942385514577 134.531656901042 135.902831951777 136.114736398061 139.496058225632 148.891101280848 151.511967182159 145.06189028422 150.229960680008 155.993431806564 157.296389341354 158.925235271454 163.185169299444 172.629336516062 179.235557715098 186.096032460531 190.917948881785 193.03697347641 199.451267719269 206.414937973022 214.295268058777 221.886336803436 218.195656935374 224.264562129974 224.406659603119
46.1242695649465 20.233237495025 3.58777275929848 0.604694903207322 0 0 1.72200302282969 18.4546671807766 32.9226801792781 57.5093328952789 86.5278542041779 106.950749953588 117.521504561106 112.642854452133 98.8130470116933 97.0017512639364 99.804808696111 113.925913969676 131.348341703415 145.73656519254 146.351546049118 144.362986087799 145.774334669113 145.667394002279 143.920600414276 145.103275775909 147.708078225454 150.404800971349 147.926568984985 143.831302722295 146.726985772451 151.790251334508 152.259369691213 151.587218046188 156.504978736242 160.465180873871 162.035753329595 162.128845850627 168.722907702128 170.010387897491 176.724374294281 185.677131017049 192.607700824738 198.391914367676 200.237731138865 205.756187438965 216.565032800039
38.9413833618164 23.5948239763578 3.53648792952299 0.00541959525435232 0 0.902221072465181 11.3101253906886 21.5468058983485 32.7928711970647 50.9537160396576 75.4230668147405 103.422383467356 123.11844031016 131.188521782557 120.149870713552 98.2179840405782 93.0428405602773 97.1996784210205 111.8456919988 133.935948212941 147.36345410347 145.463069279989 146.922429402669 145.4117000103 145.962983369827 152.104993661245 155.684421459834 152.901649475098 150.159200032552 153.973281383514 152.603169282277 151.345759630203 149.244914452235 147.355049848557 148.37384223938 147.931317488352 144.389738639196 140.103131532669 144.381026426951 147.017220656077 152.685066064199 160.815954208374 163.790126641591 166.599373022715 180.828154087067 187.691112359365 205.008367697398
34.3488777677218 26.9942358136177 8.19416716694832 0 0 2.65493554373582 11.4676107962926 25.5099758505821 38.5240440567335 46.5851922829946 60.9102745850881 90.0060931841532 112.919420003891 125.292996565501 129.745572805405 122.826139132182 120.643128951391 110.040962696075 103.924294312795 110.857387383779 133.962363004684 147.051572799683 151.634772618612 149.268945058187 144.736349582672 147.636542717616 154.047697782516 159.892022609711 160.345822572708 166.458825270335 164.159248272578 153.753578662872 147.634824117025 142.582913239797 137.987196445465 136.208107074102 131.593267122904 129.799505074819 130.818446477254 134.855667750041 137.092888355255 140.459517637889 144.011716047923 148.646831512451 168.665289878845 180.265069007874 191.643138726552
30.0131365656853 29.6070327361425 19.0843964616458 0.00259525859291898 0 8.6944034943978 20.4955066243807 36.0126296679179 47.9845702648163 53.3834497133891 59.9759022394816 77.1690905094147 98.8647441069285 116.399546464284 129.122038682302 140.735884507497 142.165084679921 133.083879947662 117.985785007477 105.32687107722 113.295157750448 138.073076804479 145.113289356232 149.933556715647 149.387836456299 151.751975218455 153.04504831632 157.851010560989 158.426731824875 163.718163967133 170.136292775472 158.756812413534 149.638444185257 141.922970612844 135.024944941203 132.459372282028 129.5252541701 129.091084003448 128.821889559428 131.6872437795 133.817623058955 135.812153418859 135.610391696294 138.964732487996 152.465840180715 169.857581456502 180.377423763275
31.5732012192408 37.5867734352748 36.5462178985278 7.20572595794996 4.35541880627473 19.0043747425079 31.9312736392021 46.0488498210907 58.9197476704915 71.7848042647044 81.097404162089 82.9444726308187 89.7219479084015 100.640326738358 117.96960234642 135.851641496023 141.657402118047 144.636849562327 142.254114151001 127.75844335556 111.218829949697 122.707853714625 130.38432598114 140.890121459961 151.716679334641 157.525936762492 155.207027991613 153.617888689041 152.469257513682 145.646909872691 155.69394826889 147.130171457926 154.566397269567 144.084483385086 138.947119315465 134.65823729833 131.917744874954 128.566165765127 128.244638442993 131.946951150894 135.899891455968 138.046075900396 136.907706658045 138.765464226405 139.842569828033 155.534346898397 162.385225296021
32.8929275274277 34.0855518976847 46.3378131389618 33.1374431649844 21.011583507061 33.5078313946724 29.491330186526 45.7519690195719 57.4640830357869 72.6591249306997 82.8913549582164 79.2620728413264 77.6599496603012 84.5773021380107 98.9031096299489 119.376877943675 129.808008670807 135.828971862793 142.259836196899 141.279478867849 136.396865049998 123.619705438614 123.204410076141 131.324042876561 141.043325265249 151.687830686569 151.096691687902 150.746395190557 145.772139231364 146.184732516607 132.521688938141 127.896318833033 129.997382561366 120.735824108124 118.0379986763 136.928449074427 132.652292648951 122.858554124832 120.429267485936 128.940274318059 135.858754316966 138.631214698156 141.830225785573 140.191455682119 135.830034812291 147.028942902883 148.834804693858
43.2376265525818 30.0467858711878 34.6217279632886 47.7683146794637 41.5363510449727 37.6510346929232 35.1419448852539 44.254258275032 54.1916986306508 64.6196703116099 71.676383415858 71.1801300446192 68.0460631847382 72.8858013947805 83.3938618501027 99.011093378067 110.88028550148 119.99507745107 130.869497855504 145.716428756714 153.337905804316 142.336209615072 138.910800218582 141.317705313365 143.123735984166 140.864431858063 138.037155071894 140.607217947642 145.759691794713 134.915371735891 119.309544563293 101.681609948476 91.7209883530935 81.8578650554021 73.8088289896647 88.1732602914174 97.0539848009745 98.9097158114115 115.350782871246 119.087487459183 120.188862085342 123.608281215032 128.092527389526 125.15182296435 132.197439670563 136.953860521317 141.801387071609
