input/barkrak2/radiation/dir26224.grid
NCOLS 85 
NROWS 70 
XLLCORNER 665100 
YLLCORNER 4664600 
CELLSIZE 20 
NODATA_value -9999 
[rows 0 to 19 of 70, columns 0 to 45 of 85]
224.329253037770997 238.808274269104 253.384153048197 269.799113273621 277.494370937347 277.002294858297 268.738150596619 262.672940889994 265.023430188497 265.930076440175 265.71516195933 267.678578694661 267.486095428467 267.78910557429 269.975821177165 262.942016124725 252.914170424143 241.872072219849 236.670831839244 225.137412548065 218.827287356059 230.930646260579 256.896992524465 263.044079144796 266.109923521678 274.530033270518 271.964391072591 259.73125298818 243.79575252533 240.944902102152 237.183888753255 255.523840586344 295.766075452169 294.461131095886 293.607552846273 278.043309847514 284.622629483541 298.670828342438 294.783333937327 296.297331651052 279.46682771047 280.765215555827 291.939616203308 293.837348620097 285.714626312256 288.127740224202
203.642010688782 220.703383286794 235.492746035258 252.374986807505 264.18807109197 267.548720041911 263.315637906392 263.099630673726 272.399842739105 270.936071872711 266.953428586324 267.235398292542 268.182973066966 269.354403018951 269.145270188649 261.973659197489 257.607897122701 249.842643737793 245.201627413432 231.690088907878 233.262638250987 249.847869078318 269.006768862406 270.936608314514 276.270707448324 280.036230882009 273.683766523997 262.305696805318 248.596330483754 242.619017759959 243.458171685537 268.861134847005 296.077946821849 294.625004132589 293.167014916738 279.179513454437 286.532719930013 297.47482140859 293.139457702637 296.176493167877 288.546840349833 281.541287899017 283.757309118907 285.44149796168 283.224105834961 289.073427518209
166.920403639475 180.014848709106 192.624429861704 204.460104306539 218.068162600199 228.084544340769 237.39500840505 250.421822071075 261.63907845815 261.141002178192 258.892297744751 263.930598894755 273.312826951345 277.408242225647 274.617612361908 279.720624287923 281.625052293142 273.957928021749 259.294211864471 248.263001441956 254.415154457092 263.195633888245 270.126760005951 272.21683661143 278.204441070557 276.864727338155 269.332369168599 261.44951581955 252.592424551646 249.461849530538 256.190359592438 282.445311546326 293.303608894348 294.814209143321 292.841792106628 285.887400309245 289.592782656352 292.569100856781 293.84171962738 293.113768100739 287.752409776052 276.701172192891 268.063445885976 270.510415236155 280.315657456716 288.633505503337
147.858013709386 149.426430463791 157.678345839183 163.882275422414 170.910735925039 176.323433717092 183.949291706085 200.205783049266 220.734794934591 237.547993659973 249.842663606008 264.670570691427 276.493390401204 280.836224555969 282.602369785309 287.347157796224 285.687327384949 276.384870211283 262.560387452443 256.40086332957 255.284587542216 254.036486148834 264.620959758759 268.088857332865 269.871771335602 271.02522055308 268.190960089366 263.436118761698 260.718663533529 261.057416598002 262.049078941345 287.236471970876 293.207367261251 292.998890082041 291.280845801036 292.696992556254 293.369074662526 292.353789011637 292.783538500468 287.590185801188 277.174890041351 266.333937644958 261.996070543925 275.69059530894 291.980266571045 287.62956460317
170.198003451029 153.33898862203 140.327990055084 130.374093850454 133.610228697459 150.16296505928 171.700398127238 182.87984530131 193.639198939006 201.192140579224 223.432640234629 246.908903121948 261.604150136312 268.998841444651 274.419526259104 277.571241060893 272.360861301422 262.271602948507 258.218010266622 256.473203500112 251.773675282796 249.962290128072 260.78724861145 264.148235321045 267.018914222717 272.74485429128 269.809782505035 265.634020169576 263.126492500305 261.173764864604 266.123791535695 292.346914609273 293.479919433594 293.919185797373 288.634339968363 290.283560752869 292.146464188894 292.11829106013 284.822364648183 279.056171576182 275.134781996409 270.420451958974 272.490441799164 282.371362050374 286.484877268473 272.797385851542
214.249869187673 185.626049836477 157.2152475516 132.706592480342 124.029894669851 135.645677646001 161.609917879105 179.409782091777 183.555404345194 183.189253012339 194.001356760661 208.622793356578 219.059507052104 226.150115331014 235.280235608419 243.470867474874 244.662861029307 246.90051873525 253.621995449066 259.126226107279 259.231984615326 262.284954388936 264.533301194509 264.258543650309 267.456531524658 272.775113582611 271.522621313731 268.212755521138 266.087651252747 265.284736951192 278.898080190023 294.353524843852 292.895436286926 293.549438317617 287.816107273102 285.479009151459 288.38050365448 285.569608211517 276.981552441915 278.917094071706 277.256548404694 273.124595483144 274.610459804535 275.476574897766 269.382039705912 246.85142437617
237.669050693512 212.204694747925 190.70820013682 168.225308259328 146.775722503662 134.057233730952 142.016311486562 171.686132748922 185.571054617564 194.096883138021 190.994779268901 185.650587081909 181.262711683909 177.101631959279 179.470539093018 195.723990599314 208.876470724742 228.608767191569 248.065312703451 260.578632354736 264.843185742696 267.165124416351 267.259061336517 265.100439389547 266.980429490407 269.531667232513 271.683971087138 270.442287127177 267.614086469014 272.1928358078 284.641961256663 292.483290036519 291.98827346166 288.318316141764 285.663545131683 279.438217480977 279.854834079742 274.920622507731 273.192127545675 271.073937416077 265.572508176168 262.614111105601 267.582515875498 271.6144323349 260.962227980296 250.622689723969
248.152911663055 236.892839272817 224.157114823659 207.308034102122 183.078388373057 151.889781157176 130.66037495931 130.40562470754 164.718568325043 191.424449284871 199.894507726034 195.872167746226 186.597327391307 176.179567972819 162.744601567586 166.396667559942 179.177244504293 196.686347325643 221.638739109039 242.211480935415 254.488945007324 261.919299761454 268.539468447367 265.673875808716 264.158368110657 263.817290465037 264.708916346232 265.364130338033 264.646589756012 273.319184780121 283.25887521108 286.536117394765 283.35831562678 279.424945513407 274.189372857412 271.02522055308 273.570001125336 267.625550429026 260.861138502757 249.456822872162 250.319997469584 259.76707537969 274.704992771149 282.677173614502 273.183663686117 270.114163557688
240.037739276886 240.378419558207 235.524614651998 226.539214452108 211.839735507965 187.821765740712 156.145383914312 127.074758211772 140.647143125534 164.117226998011 185.196359952291 196.025590101878 198.405643304189 195.489585399628 182.451844215393 174.327433109283 170.93026638031 175.757944583893 190.903802712758 209.411025047302 226.530472437541 241.208930810293 251.511077086131 249.088009198507 250.872572263082 251.039306322734 251.887043317159 253.135919570923 254.860997200012 264.271120230357 270.134965578715 270.17068862915 268.139620621999 267.782787481944 267.33519633611 268.263936042786 267.499883969625 263.320485750834 256.056328614553 251.110514005025 265.029887358348 277.997930844625 285.692314306895 286.39284769694 273.715277512868 268.045425415039
207.752784093221 218.295454978943 223.76827398936 223.781983057658 220.512270927429 215.523978074392 197.421848773956 177.494724591573 145.693173011144 135.024170080821 149.210870265961 175.757845242818 198.828816413879 210.482478141785 211.570600668589 201.517224311829 185.610731442769 180.015623569489 179.193377494812 182.784080505371 191.480199495951 200.928568840027 211.060643196106 219.721118609111 229.436039924622 232.024848461151 233.143210411072 234.275162220001 236.711422602336 243.709127108256 245.129187901815 246.04868888855 252.576351165771 257.058421770732 260.373572508494 260.744273662567 259.340325991313 261.892298857371 255.919059117635 261.366585890452 280.054211616516 287.914117177327 288.414378960927 285.610516866048 272.582411766052 267.376204331716
150.278786818186 164.901574452718 179.986993471781 191.656589508057 202.168146769206 210.632185141246 211.873571077983 205.391267935435 175.882617632548 149.145364761353 133.792161941528 141.890555620193 170.649230480194 198.20503393809 214.369575182597 203.800519307454 194.920897483826 187.004526456197 178.339560826619 172.664046287537 173.055768013 173.188368479411 177.83921957016 192.325274149577 206.338067849477 215.015848477681 216.770509878794 217.284083366394 223.667581876119 229.113698005676 232.347786426544 236.075202624003 245.805124441783 250.0026623408 250.062624613444 250.412205855052 254.80592250824 259.101847807566 259.869933128357 272.764046986898 283.698240915934 287.531654040019 287.264545758565 284.316003322601 276.109536488851 276.442090670268
104.716449975967 110.983471075694 120.474487543106 134.087224801381 152.358790238698 169.810950756073 189.502914746602 196.319003899892 197.032928466797 182.054201761882 154.283314943314 132.805367310842 135.699033737183 160.011907418569 189.008931318919 193.442622820536 200.172225634257 195.80066204071 185.002207756042 173.633217811584 166.813393433889 164.427757263184 164.247035980225 173.783739407857 183.541119098663 190.436740716298 193.819363911947 198.518097400665 205.936074256897 211.104770501455 216.157813866933 221.792022387187 227.548638979594 231.059809525808 231.798867384593 234.193325042725 244.939764340719 255.996882915497 261.186718940735 272.898574670156 279.200295607249 280.925869941711 278.48078807195 274.673819541931 271.03974421819 270.392735799154
74.1707781950633 74.1143474976222 72.9420681794484 72.4172343810399 92.4491782983144 112.503161032995 139.109263817469 162.16637690862 193.149447441101 198.888023694356 186.323424180349 160.460521777471 131.288528442383 128.248741229375 152.698487043381 181.656320889791 198.813875516256 201.957941055298 196.019053459167 185.849785804749 176.42875512441 175.940036773682 175.421754519145 176.303048928579 176.911334196726 176.754355430603 181.169291337331 190.622905890147 194.66108083725 196.149369080861 201.239923636119 206.895609696706 208.302239576975 210.286438465118 213.736077149709 219.358801841736 231.689949830373 243.704656759898 247.103989124298 256.40207529068 262.6131772995 263.886789480845 262.963136037191 263.821184635162 259.847223758698 260.406136512756
74.9772787094116 50.6425897280375 33.2233707110087 25.123618543148 20.0437940657139 26.4252200722694 41.6244541605314 73.7160195906957 104.322652022044 147.109766801198 176.899274190267 191.737453142802 174.687842528025 147.708793481191 143.874108791351 170.863727728526 189.280152320862 204.119006792704 211.737553278605 206.56685034434 194.010376930237 190.702497959137 187.07537651062 186.611950397491 186.869243780772 184.600830078125 187.312304973602 196.531653404236 196.718414624532 189.698735872904 195.250391960144 200.38906733195 201.858798662821 202.155709266663 206.512947877248 214.231014251709 219.710151354472 225.99979241689 230.24461666743 231.907665729523 238.367199897766 243.709941705068 250.560581684113 256.733477115631 252.681652704875 257.052739461263
80.6250323851903 50.2795974413554 22.8428368767103 11.9431279599667 6.04064452151457 8.04852073391279 26.1734599868457 49.3494272232056 68.379670381546 102.586497863134 142.33390490214 166.988015174866 185.745120048523 178.425212701162 162.189145882924 156.737039486567 161.78364555041 182.222306728363 203.3931016922 214.233040809631 214.33025598526 207.322220007579 204.36958471934 200.121859709422 196.939726670583 195.6467628479 197.092751661936 199.092348416646 195.16251484553 189.632693926493 192.598462104797 197.883486747742 197.241961956024 197.02668984731 201.35509967804 205.536822477976 206.320822238922 205.46946922938 210.588097572327 210.768739382426 217.043300469716 225.33526023229 231.667955716451 235.676805178324 237.319588661194 241.721868515015
74.808269739151 45.168990890185 21.3868270317713 5.62151769797007 1.82115364198883 22.7573638161023 40.3746167818705 53.9326270421346 67.1810408433278 86.4734947681427 117.300778627396 153.852462768555 173.311412334442 182.419776916504 174.905975659688 153.701335191727 147.536039352417 152.899165948232 170.523524284363 197.945475578308 213.604112466176 212.564845879873 215.43029944102 210.760156313578 203.852971394857 204.673945903778 206.774512926737 202.273726463318 197.734634081523 199.671188990275 199.283878008525 198.604087034861 195.460299650828 192.947347958883 193.889955679576 193.184832731883 190.035541852315 185.703754425049 189.308444658915 191.756904125214 195.96262772878 202.283024787903 205.716192722321 207.332154115041 220.099608103434 226.335406303406
57.26058781147 48.888752857844 27.4212112029394 1.50408316403627 6.10821073253949 26.991402109464 44.8036640882492 58.9824020862579 74.2899825175603 84.2591822147369 102.987249692281 134.436468283335 158.533732096354 168.156166871389 176.17921034495 173.871080080668 174.685438474019 163.833330074946 158.299823602041 167.869925498962 193.396051724752 207.369565963745 214.219172795614 211.970448493958 208.716193834941 211.708267529806 216.745913028717 212.8098209699 210.573196411133 215.177396933238 212.727427482605 200.697839260101 194.065848986308 189.451535542806 183.794458707174 182.6584537824 177.674611409505 176.202138264974 176.584402720133 180.466870466868 182.348688443502 185.636321703593 189.042111237844 192.064722379049 209.908485412598 219.933787981669
52.2676507631938 55.9276690085729 43.0780152479808 7.19529949128628 10.5300222833951 33.4849432110786 51.9246359666189 71.9500780105591 85.2179924647013 91.6803777217865 100.935121377309 115.508178869883 138.560672601064 152.252912521362 168.129046758016 183.6918592453 187.086880207062 182.966391245524 167.15141137441 155.413647492727 168.068607648214 190.680623054504 201.489806175232 208.65269502004 212.240735689799 219.778339068095 225.095232327779 226.1088291804 224.266091982524 226.435641447703 219.673693180084 207.215984662374 197.655379772186 189.051310221354 182.20841884613 178.63667011261 175.627450148265 175.499677658081 175.130188465118 177.515884240468 180.100619792938 181.993305683136 181.621273358663 185.615062713623 198.525309562683 212.345540523529
59.4097971916199 66.223070025444 65.6194885571798 30.6915168960889 25.3196010986964 50.2509375413259 66.1477545897166 83.9687486489614 99.6131698290507 108.421494563421 114.899863799413 118.815819422404 126.270721356074 136.012365420659 153.203378121058 170.003592967987 176.63695414861 183.507800102234 183.790385723114 172.593871752421 157.244761784871 169.891754786173 175.527811050415 188.95278374354 202.905178070068 213.934699694316 217.487096786499 229.900737603505 229.044000307719 227.003216743469 219.3829814593 212.617158889771 202.329317728678 191.837509473165 186.395366986593 181.159357229869 179.151773452759 175.751725832621 175.171573956807 178.706049919128 182.370007038116 184.366464614868 183.882355690002 185.803453127543 187.916000684102 202.234268188477
64.4359886646271 67.1656628449758 77.4907171726227 66.4953490098317 54.3609261512756 67.4273421367009 70.4586803913116 84.9782824516296 99.0794102350871 110.341161489487 115.84484577179 114.82979853948 114.801545937856 120.982140302658 133.691022793452 153.014242649078 164.819637934367 171.007891496023 177.807887395223 181.794941425323 173.576970895131 158.981372912725 163.477202256521 173.768659432729 185.116132100423 193.13391049703 196.915606657664 198.41476281484 197.936654090881 207.050601641337 202.881018320719 211.992522080739 202.889382839203 194.324811299642 189.797421296438 184.287826220194 180.03910779953 170.310219128927 168.10401280721 177.291770776113 183.606604735057 186.06048822403 189.054111639659 187.236487865448 184.235274791718 195.334633191427
