input/barkrak2/radiation/dir23824.grid
NCOLS 85 
NROWS 70 
XLLCORNER 665100 
YLLCORNER 4664600 
CELLSIZE 20 
NODATA_value -9999 
[rows 40 to 59 of 70, columns 0 to 45 of 85]
255.048314730326 256.758471330007 256.649712721507 258.310596148173 266.184329986572 270.90714375178 274.580955505371 279.515266418457 279.199540615082 265.253484249115 252.031326293945 248.36411078771 245.265146096547 242.82298485438 240.374724070231 239.689389864604 238.250692685445 236.95041735967 231.180926163991 231.23832543691 231.609880924225 238.287746906281 239.102145036062 234.120488166809 230.12512922287 227.717498938243 236.588954925537 238.799850145976 240.863144397736 241.984923680623 241.180280844371 244.135022163391 232.598503430684 235.078354676565 262.945771217346 262.245078881582 249.962588151296 243.924578030904 246.353069941203 248.752077420553 261.367579301198 285.904149214427 269.78212594986 201.989412307739 139.495640993118 103.547275066376
261.695603529612 259.478131930033 259.710311889648 259.03731584549 256.025850772858 254.272659619649 253.340860207876 254.881123701731 257.812082767487 249.49586391449 242.529431978861 243.156472841899 245.478332042694 245.972037315369 242.05740292867 241.968015829722 233.365535736084 241.204500198364 239.029407501221 234.635492165883 236.138701438904 234.709958235423 233.086248238881 237.942715485891 236.535350481669 229.03299331665 233.686010042826 238.518834114075 241.129914919535 238.701999187469 241.062561670939 242.269476254781 235.631108283997 246.749560038249 259.723901748657 249.224623044332 232.131282488505 226.165354251862 229.093074798584 239.266236623128 267.914076646169 281.867702802022 275.012453397115 238.372206687927 177.944163481394 130.861123402913
265.228668848674 262.820680936178 264.838258425395 263.763169447581 256.994545459747 254.251678784688 252.55141655604 249.255855878194 248.547514279683 244.801759719849 244.410236676534 240.403274695079 245.86675564448 247.03174829483 247.044384479523 241.537133852641 239.149749279022 239.879349867503 244.654933611552 232.860485712687 229.622264703115 230.032006899516 226.15385055542 227.032442887624 230.686267217 228.662470976512 224.995772043864 230.24704058965 234.228412310282 236.371318499247 238.421320915222 235.62882343928 237.578252951304 253.005067507426 257.62152671814 235.018054644267 218.090375264486 219.917019208272 229.526539643606 243.374903996785 254.07071908315 254.881739616394 243.22505791982 225.27821858724 182.973543802897 124.95889266332
250.852525234222 253.414730230967 260.409871737162 257.39586353302 259.605964024862 262.619614601135 260.444045066833 255.663216114044 246.33397658666 245.329121748606 246.103584766388 241.064290205638 241.818229357402 242.935399214427 242.459019025167 238.678495089213 238.387703895569 239.373127619425 240.810831387838 234.475394090017 228.430012861888 225.81160068512 224.571704864502 222.886363665263 225.000242392222 230.074326197306 224.397997061412 226.350506146749 230.706810951233 232.025384902954 229.90749279658 227.007806301117 234.395841757456 246.273557345072 242.271661758423 220.121959845225 214.467664559682 226.019601027171 240.61252673467 243.948618570964 240.34970998764 236.452380816142 227.277815341949 209.365904331207 177.563548088074 131.217579046885
248.769303162893 253.064294656118 254.945238431295 256.696204344432 257.490833600362 258.819341659546 257.040798664093 255.017320315043 250.996828079224 243.085443973541 244.84392007192 242.459535598755 237.698197364807 235.508779684703 234.348674615224 234.938164552053 229.992389678955 235.622704029083 238.407591978709 234.913766384125 230.022470156352 229.695200920105 228.020946184794 227.279146512349 223.949233690898 231.92572593689 236.164808273315 232.933382193247 230.086962381999 229.896664619446 224.185248215993 220.132489999135 225.422581036886 226.451317469279 223.374307155609 214.752535025279 218.533158302307 233.902851740519 245.119591554006 239.044606685638 238.169550895691 229.765256245931 218.97965669632 204.094688097636 181.459228197734 149.758597215017
252.250472704569 254.226764043172 254.279176394145 256.463547547658 253.201603889465 253.35697333018 253.708004951477 252.590537071228 253.615399201711 248.089214166005 245.664576689402 244.956771532694 239.208261171977 235.626796881358 233.465075492859 237.506071726481 229.99902566274 233.838578065236 236.330052216848 235.861599445343 232.430676619212 231.301407019297 231.020887692769 230.88280359904 230.900724728902 229.995310306549 236.018319924672 233.990212281545 231.32852713267 230.852981408437 225.130597750346 220.563809076945 221.631566683451 217.338601748149 208.102385203044 202.075600624084 210.613509019216 228.730161984762 233.100970586141 221.623778343201 227.019985516866 218.185901641846 210.64297358195 210.453391075134 204.755663871765 175.167977809906
250.605503718058 251.207153002421 252.796133359273 256.1154961586 255.010803540548 254.77933883667 255.327105522156 257.049838701884 252.790192763011 251.302679379781 248.633782068888 246.322731177012 243.263761202494 239.048679669698 238.588690757751 240.75988928477 236.363132794698 231.586853663127 237.136324246724 235.393246014913 233.827431996663 233.783106009165 231.703301270803 229.331950346629 236.127912998199 229.805449644725 230.511327584585 231.993714968363 231.098711490631 231.246650218964 228.010495503743 223.949054876963 220.483044783274 215.866466363271 209.373275438944 203.327397505442 209.318240483602 221.281131108602 221.682449181875 219.92305914561 222.940961519877 213.437457879384 214.764455954234 223.481218020121 223.48548968633 195.413410663605
244.051337242126 246.333161989848 250.494758288066 252.613306045532 255.949179331462 255.927721659342 254.149695237478 253.126998742421 253.179351488749 253.240724404653 250.488460063934 245.93722820282 244.83048915863 243.189732233683 240.833163261414 238.937318325043 236.598551273346 227.42352883021 233.958621819814 235.132018725077 231.149216492971 230.615675449371 233.941574891408 225.581228733063 228.610952695211 230.429510275523 225.280940532684 228.448112805684 230.285843213399 228.488584359487 229.213138421377 227.332095305125 219.722151756287 220.597823460897 224.253376324972 219.499429066976 217.775921026866 217.92999903361 221.346239248912 231.441597143809 225.002487500509 215.281069278717 220.499217510223 225.412527720133 221.8230565389 203.646779060364
237.093190352122 238.776882489522 244.499464829763 248.367428779602 252.891461054484 256.282806396484 252.640684445699 251.027743021647 253.905137379964 254.120846589406 251.375794410706 247.836887836456 244.410256544749 245.300233364105 241.205036640167 235.56915918986 235.518117745717 227.734804153442 232.944210370382 236.719608306885 234.993100166321 233.245174090068 235.923528671265 230.926990509033 228.252092997233 231.523672739665 229.363044102987 232.013046741486 236.815174420675 240.319887797038 243.13231309255 241.711894671122 230.724076430003 233.118772506714 235.554655392965 230.096459388733 229.068458080292 225.721796353658 225.898464520772 229.515870412191 219.161967436473 212.706844011943 210.677266120911 207.493265469869 205.130517482758 204.574286937714
235.925992329915 232.238550980886 235.670526822408 243.770182132721 249.097168445587 251.353482405345 254.087448120117 254.618287086487 255.013227462769 252.164403597514 252.778093020121 252.716819445292 247.685591379801 245.621263980865 242.586771647135 237.521350383759 236.346999804179 230.728546778361 232.972681522369 239.807228247325 240.375240643819 240.987380345662 237.208187580109 236.382762591044 232.030590375264 235.59292157491 237.859785556793 239.410559336344 244.738578796387 250.553250312805 255.89120388031 254.846235116323 244.602421919505 242.544690767924 237.038592497508 233.695268630981 232.900341351827 234.0074578921 230.486671129862 218.102892239889 207.474410533905 210.063536961873 209.016362826029 202.227870623271 199.017365773519 200.20870367686
235.709726810455 237.749536832174 238.546788692474 245.287319024404 246.961096922557 246.865888436635 253.986716270447 258.248865604401 256.792346636454 256.11944993337 254.320840040843 254.637916882833 249.821384747823 246.200501918793 244.704345862071 246.258397897085 239.837487538656 235.430022080739 235.74161529541 243.564824263255 243.95360549291 240.96808830897 237.090150515238 237.597763538361 232.903659343719 238.509694735209 241.473078727722 241.906623045603 248.248895009359 254.840393861135 260.95183690389 261.658231417338 252.580026785533 242.953379948934 231.742719809214 226.600527763367 229.466497898102 235.889554023743 229.163944721222 209.010183811188 202.298124631246 212.525566418966 214.63002761205 208.019177118937 202.178219954173 197.360376516978
234.057446320852 243.420918782552 245.589057604472 247.406999270121 247.179269790649 245.091915130615 251.457909742991 255.26229540507 255.177537600199 257.424434026082 256.080627441406 255.841294924418 252.248287200928 247.965534528097 244.852503140767 250.133713086446 245.080351829529 237.376888593038 234.527826309204 240.257481733958 240.761756896973 238.753914833069 236.428459485372 232.387026151021 231.930037339528 231.070717175802 237.460335095723 238.026161988576 239.857316017151 245.807886123657 254.079520702362 259.011705716451 247.858226299286 229.001839955648 197.307527065277 187.332411607107 205.186824003855 223.451435565948 229.583779970805 227.802415688833 227.745473384857 223.383684953054 203.547795613607 198.606252670288 205.700119336446 193.27833255132
235.132098197937 234.225332736969 234.853943188985 237.723231315613 244.843324025472 247.277140617371 247.323016325633 252.056260903676 252.007484436035 254.15559609731 255.357146263123 255.579789479574 255.636612574259 249.411145846049 245.955506960551 245.143294334412 245.532731215159 237.106661001841 231.70405626297 231.361905733744 232.784748077393 233.451068401337 233.428557713827 227.497637271881 228.084921836853 225.065032641093 226.256171862284 226.960400740306 226.674437522888 228.231211503347 233.646055062612 243.141214052836 222.540557384491 194.068193435669 163.328409194946 148.860265811284 160.900006691615 190.249939759572 220.067660013835 225.673715273539 226.955533027649 216.299494107564 196.903765201569 194.779435793559 201.171596844991 183.385292689006
240.350226561228 231.058319409688 228.329161802928 232.239345709483 243.638038635254 250.064611434937 249.312976996104 249.892910321554 252.189656098684 250.497341156006 253.476937611898 254.42643960317 256.698389848073 253.282646338145 247.951646645864 245.428343613942 246.339797973633 238.66989215215 233.765463034312 234.974424044291 233.964045842489 232.701202233632 230.782945950826 226.548631985982 225.442906220754 223.709324995677 223.037203152974 223.192453384399 219.326635201772 217.880070209503 208.439469337463 211.437026659648 193.967958291372 175.571322441101 161.714951197306 146.340737740199 133.073717355728 142.843822638194 164.759586254756 195.362031459808 211.326082547506 198.924680550893 193.206171194712 190.792659918467 180.29777208964 169.677535692851
243.14030011495 235.958298047384 231.815954049428 233.985126018524 243.712564309438 250.355402628581 253.49364678065 249.675631523132 253.54665517807 250.474909941355 253.998061021169 254.205962022146 256.297429402669 255.955497423808 250.392099221547 249.104102452596 248.686015605927 242.692271868388 237.26620276769 238.71644337972 238.68324359258 236.390352249146 233.482221762339 232.009589672089 228.062192598979 224.722186724345 222.544074058533 219.885488351186 216.005603472392 210.962911446889 199.210027853648 199.037571748098 191.889107227325 185.348788897196 186.388393243154 180.60568968455 159.397631883621 144.751518964767 136.670410633087 147.779703140259 176.208774248759 178.154110908508 168.643633524577 156.396766503652 153.682072957357 158.473203579585
246.409118175507 242.828587690989 236.665348211924 231.360952059428 238.048613071442 248.449146747589 252.032657464345 249.606172243754 250.801602999369 252.947608629862 258.309543132782 258.017500241597 255.955100059509 256.795008977254 251.444856325785 251.608530680339 251.465658346812 245.91322739919 239.704191684723 239.646395047506 237.752517064412 235.609292984009 235.438326994578 236.03892326355 231.494923432668 229.098677635193 223.473747571309 215.5735095342 208.812018235525 203.495701154073 202.20939318339 204.1996717453 198.468903700511 202.710767587026 209.763785203298 213.745315869649 212.29753891627 198.396980762482 179.109831651052 145.480871200562 148.570378621419 164.232303698858 163.094619909922 154.453972975413 157.576660315196 172.449926535288
248.573005199432 246.153473854065 243.106683095296 234.833717346191 233.997305234273 244.212547938029 250.338037808736 249.611576398214 248.131493727366 252.292931079865 260.22211710612 259.873966375987 255.621373653412 257.567246754964 254.988590876261 248.722592989604 252.078255017598 246.860325336456 241.791605949402 242.263833681742 240.682224432627 239.276130994161 235.444327195485 236.053824424744 231.317122777303 227.247993151347 209.254324436188 187.666694323222 183.18251768748 188.456257184347 199.607193470001 199.626326560974 197.081426779429 199.278593063354 211.012800534566 226.786116758982 239.390154679616 241.12735191981 234.676559766134 187.726477781932 156.873961289724 168.088873227437 184.043129285177 191.028455893199 196.734468142192 207.793414592743
247.901459534963 244.017084439596 244.917710622152 241.063634554545 236.073811848958 239.843428134918 249.904811382294 250.27064482371 247.756779193878 249.420444170634 256.440897782644 259.210507074992 254.154404004415 255.733172098796 256.398677825928 249.490916728973 249.516189098358 248.148560523987 244.548122088114 242.671926816305 244.699160257975 243.521491686503 238.83718252182 232.645750045776 231.763899326324 229.458351929983 211.606085300446 187.607447306315 186.49164835612 193.017144997915 205.64591884613 203.572511672974 207.221508026123 214.199662208557 228.118677934011 226.476669311523 228.803118069967 197.561323642731 184.459110101064 181.49721622467 185.257017612457 199.736575285594 194.761633872986 181.7866563797 178.959568341573 192.964593569438
238.137682278951 242.39585796992 242.404997348785 241.092522939046 238.538881142934 235.40461063385 248.968482017517 252.630313237508 249.502082665761 249.752839406331 254.893660545349 257.75009393692 255.248288313548 252.086202303569 252.349297205607 250.050028165181 245.295882225037 243.2848016421 242.172578970591 243.044435977936 243.526180585225 242.050250371297 237.767895062764 231.690208117167 230.746626853943 234.20790831248 229.457974433899 221.444964408875 217.923025290171 220.904926458995 219.334761301676 210.639476776123 220.994035402934 226.25998655955 219.195167223612 208.606739838918 189.465443293254 142.601857582728 120.377173026403 155.24090329806 195.206224918365 209.674100081126 193.495174249013 184.469759464264 183.288931846619 193.268239498138
226.548393567403 239.736298720042 240.102072556814 240.30727148056 240.109920501709 236.915270487467 242.691397666931 253.175020217896 256.250441074371 251.546462376912 252.164761225382 255.364338556925 255.34196694692 251.124083995819 249.628663063049 248.883326848348 242.816805839539 240.476926167806 237.421711285909 235.41780312856 237.060487270355 235.904812812805 234.798868497213 232.860187689463 233.662545681 240.750690301259 248.17818403244 248.612721761068 233.297208944956 233.288705348969 223.743240038554 210.774381955465 214.786132176717 199.927767117818 173.353334267934 146.478831768036 135.075281063716 120.993504921595 106.382479270299 119.425048430761 144.188692172368 177.573621273041 195.763389269511 214.296102523804 239.728073279063 241.080979506175
