input/barkrak2/radiation/dir26224.grid
NCOLS 85 
NROWS 70 
XLLCORNER 665100 
YLLCORNER 4664600 
CELLSIZE 20 
NODATA_value -9999 
[rows 20 to 39 of 70, columns 0 to 45 of 85]
72.842463850975 60.8279754718145 66.3001736005147 86.4475170771281 82.9050292571386 73.4795182943344 69.3058719237645 80.6020200252533 93.1457579135895 100.7319688797 107.058336337407 106.396893660227 102.883279323578 107.437938451767 117.515246073405 133.351345856984 148.381948471069 156.814306974411 168.266654014587 184.063374996185 189.567049344381 179.519852002462 177.492241064707 179.691751797994 179.323474566142 179.880698521932 179.809351762136 177.394012610118 173.813422520955 176.441450913747 165.876597166061 152.277092138926 156.764129797618 163.794706265132 159.289628267288 167.16738541921 166.54231150945 168.644825617472 172.894597053528 178.362886110942 179.9236536026 179.671963055929 183.412750562032 176.177223523458 181.718786557515 187.508960564931
102.35071182251 90.4118716716766 84.5275223255157 109.094043572744 107.347170511882 75.0071356693904 77.7480751276016 91.6335582733154 100.767234961192 102.85743077596 102.597415447235 102.012117703756 103.653848171234 100.581487019857 110.106964906057 124.527851740519 138.644794623057 150.586714347204 161.890844504038 178.329249223073 184.519728024801 197.878082593282 202.21741994222 197.98086086909 189.932783444723 175.437788168589 167.350073655446 159.486164649328 164.269159237544 159.975737333298 138.812730709712 125.336070855459 94.3389038244883 88.5169704755147 88.678389787674 108.475973208745 141.375571489334 155.419588088989 168.734808762868 173.663059870402 171.372850735982 170.253058274587 160.157978534698 143.226802349091 169.805685679118 181.942959626516
148.567229509354 145.453115304311 127.284198999405 129.660199085871 128.901739915212 95.6191023190816 101.471543312073 100.373576084773 98.2796549797058 99.4192163149516 104.47492202123 107.682476441065 110.109974940618 112.168620030085 114.867856105169 122.896681229273 135.531554619471 145.665754874547 156.258076429367 161.095271507899 164.095848798752 178.32092444102 190.714021523794 192.058503627777 186.340093612671 177.151660124461 168.110092480977 156.669457753499 155.15798330307 138.015429178874 114.427914222081 73.4672794739405 48.8319496313731 27.4568895498912 26.4012068510056 40.5225430925687 69.8518256346385 103.807757298152 124.215642611186 136.511325836182 149.213761091232 155.700544516246 132.602830727895 109.89918311437 141.527066628138 176.333010196686
184.910694758097 176.742136478424 146.624932686488 136.255880196889 134.389211734136 130.704959233602 120.755225419998 104.948967695236 92.4195945262909 95.9658523400625 104.333281517029 109.230508406957 118.242462476095 127.680073181788 124.23101067543 124.489486217499 133.20979475975 145.969450473785 150.029520193736 142.346729834874 141.976038614909 148.404975732168 160.54105758667 169.3461338679 173.614124457041 167.342106501261 159.678349892298 141.974320014318 123.429516951243 96.32807970047 65.3549979130427 54.7909438610077 25.2976442376773 1.99579043934743 0.0681199841589357 5.54372742772102 31.1466778318087 56.8238397439321 66.8595333894094 76.322724421819 82.7818959951401 70.4382906357447 86.738795042038 121.118893225988 136.530021826426 163.693378369013
181.432127952576 178.755164146423 162.687381108602 140.225092569987 125.304172436396 129.625290632248 122.621566057205 114.027927319209 102.832555770874 96.9986915588379 102.730989456177 106.474061806997 115.307152271271 123.916169007619 123.664657274882 124.104628960292 131.42341375351 141.733348369598 149.058947960536 140.709032615026 141.234079996745 136.861910422643 146.459360917409 152.589033047358 154.341061909993 153.154720862707 144.50067281723 129.692713419596 113.506992657979 61.6751809914907 56.0447871685028 55.2491843700409 33.7241937716802 2.21063289791346 1.1889582965523 8.58551760514577 18.8241576155027 33.4122230609258 38.6689702669779 41.1878476540248 37.1030221382777 40.6713957587878 60.811792810758 151.727437973022 157.358407974243 166.982968648275
167.815546194712 173.315187295278 171.811143557231 145.993500947952 126.021871964137 130.781898895899 134.25866762797 142.851620912552 137.640287478765 123.546779155731 114.449103673299 124.814560015996 125.580986340841 134.115616480509 133.882900079091 127.604693174362 130.315671364466 142.352998256683 147.183199723562 150.520116090775 154.454708099365 150.219817956289 146.219730377197 143.941720326742 143.446703751882 142.341315746307 133.363544940948 124.22651052475 100.704312324524 85.3926340738932 84.9621097246806 95.3497091929118 89.3337229887644 31.500555574894 14.6595103045305 24.6101394295692 25.4360685745875 33.8295847177505 36.3164395093918 26.1071374018987 23.5512355963389 29.3314357598623 75.8507500092189 155.131608247757 175.594250361125 178.945064544678
167.367517948151 172.739227612813 174.008091290792 153.831134239833 142.771691083908 150.203724702199 161.276658376058 169.700781504313 172.563076019287 161.728431781133 140.567829211553 148.112714290619 144.250631332397 150.910476843516 149.445295333862 137.218157450358 134.665836890539 145.218481620153 152.424941460292 165.612518787384 168.052653471629 164.72527384758 155.128002166748 146.167943874995 144.788215557734 144.565959771474 135.782897472382 129.977206389109 116.364260514577 120.698670546214 136.063913504283 161.628723144531 170.634150505066 156.160165866216 85.0450396537781 42.5475736459096 40.4999007781347 40.4516110817591 37.6800373196602 23.1047719717026 41.6991611321767 77.6666551828384 123.088260491689 156.064132849375 167.431771755219 164.074997107188
168.740391731262 162.168691555659 169.23842827479 158.015668392181 174.035569032033 176.795264085134 185.147941112518 178.387761116028 181.729932626088 178.367873032888 157.231191794078 148.684084415436 151.022543509801 150.960077842077 154.365887244542 149.293561776479 142.845312754313 151.380300521851 164.36834136645 169.29304599762 167.999505996704 157.679796218872 153.718868891398 152.961273988088 153.226236502329 152.211159467697 147.643228371938 146.615554889043 151.653786500295 161.54341896375 178.472320238749 190.985242525736 199.386616547902 211.08478307724 183.396895726522 89.2103711764018 56.171769897143 46.1763044198354 37.5976115465164 24.1746703783671 64.8034711678823 150.956571102142 148.178160190582 123.175809780757 131.741255521774 127.855956554413
165.878713130951 155.154943466187 161.219944556554 163.330415884654 197.358290354411 188.969830671946 177.827874819438 165.3746565183 161.84800863266 157.686601082484 146.890689929326 138.143459955851 146.502037843068 152.334719896317 157.609651486079 159.879108270009 154.498736063639 150.327940781911 162.205775578817 163.92308473587 160.527020692825 153.304686148961 154.164125521978 159.851570924123 160.638302564621 153.992891311646 154.801030953725 151.219129562378 162.573119004567 175.690790017446 197.318832079569 210.19838253657 216.343581676483 217.610001564026 218.512872854869 159.414529800415 59.075653553009 27.5089045365651 19.3779940406481 27.8191193938255 85.5618019898732 135.345598061879 124.322493871053 93.5470461845398 90.8671716849009 90.3841455777486
165.799508492152 148.983130852381 154.971251885096 172.325074672699 195.104817549388 183.517734209696 162.413597106934 141.025761763255 126.000016927719 118.304848670959 114.884426196416 119.543254375458 137.312432130178 153.077185153961 157.723605632782 166.457335154215 163.775900999705 150.13532837232 154.180337985357 154.976546764374 153.597195943197 155.08113304774 156.69306119283 161.065071821213 165.425588687261 160.587499539057 163.715938727061 159.58097577095 159.298449754715 184.793909390767 207.501828670502 222.876528898875 221.840421358744 220.483303070068 231.545190016429 223.48948319753 147.066622972488 60.6467227141062 43.7750418980916 44.7491655747096 69.8388665914536 86.6198440392812 97.4584420522054 70.0737784306208 65.9318566322327 70.0824161370595
162.385751803716 168.955246607463 197.297612826029 240.606963634491 225.980997085571 190.329670906067 152.984539667765 117.635230223338 105.403383572896 107.844024896622 105.600605408351 105.675826470057 126.866181691488 152.301708857218 166.123290856679 173.210819562276 171.798129876455 159.07276670138 158.470630645752 159.821510314941 157.368948062261 162.200848261515 164.602299531301 167.542239030202 170.841495196025 172.769367694855 171.15330696106 170.292953650157 173.49382241567 194.043815135956 217.608531316121 228.430509567261 224.11056359609 231.006900469462 242.568075656891 247.357328732808 232.651750246684 188.351591428121 108.52857430776 65.8878783384959 57.1876714626948 60.2503617604574 77.6413381099701 67.5441573063533 62.0419134696325 79.4109205404917
181.985934575399 218.43542655309 262.247403462728 284.302810827891 282.036582628886 233.434637387594 180.24347225825 139.102190732956 126.967857281367 136.613130569458 125.645260016123 113.889038562775 126.148333152135 152.244379123052 170.786738395691 175.109426180522 173.87193441391 167.547861735026 158.803800741831 158.545037110647 160.911053419113 166.621506214142 169.393996397654 168.812334537506 172.114431858063 185.540974140167 186.233242352804 188.196877638499 190.476953983307 205.366373062134 220.781068007151 230.308492978414 233.405073483785 240.932961304983 247.550964355469 243.967970212301 240.898807843526 244.690457979838 185.706655184428 103.968590497971 64.5164797703425 63.1474902232488 68.3491627375285 73.1184879938761 81.6093782583873 106.067538261414
240.707755088806 272.778888543447 288.958768049876 287.675321102142 298.558175563812 284.993290901184 251.783311367035 208.704829216003 180.276413758596 169.251104195913 167.09178686142 148.12774459521 135.57102282842 147.25661277771 170.40354013443 173.303167025248 168.273329734802 168.280522028605 156.340410312017 154.614905516307 161.984205245972 163.567672173182 165.984392166138 166.092286507289 172.982931137085 186.112840970357 194.779137770335 202.373862266541 204.126417636871 207.821726799011 222.543676694234 233.316461245219 233.49134127299 230.627755324046 233.627537886302 222.776830196381 223.521550496419 221.791803836823 182.521045207977 128.781020641327 90.1722311973572 80.1523377497991 71.8563149372737 75.5677372217178 80.0076027711232 106.108923753103
274.953802426656 291.919827461243 291.141629219055 282.097975413005 290.065228939056 296.63892587026 284.202138582865 250.3528992335 215.610484282176 197.497069835663 199.946761131287 185.864806175232 157.610833644867 148.706575234731 158.75107049942 163.358161846797 160.090923309326 161.770135164261 154.931167761485 157.022416591644 154.946585496267 158.182799816132 157.512962818146 157.663931449254 166.483322779338 177.908420562744 191.611150900523 196.205377578735 202.290097872416 212.067802747091 224.581182003021 226.184825102488 213.152885437012 202.939331531525 206.228454907735 178.591032822927 178.964098294576 166.286389033 139.024446407954 111.115912596385 118.928730487823 109.970927238464 91.0919507344564 78.3211141824722 72.2383906443914 86.6534312566121
287.263512611389 292.472879091899 294.129172960917 288.127521673838 287.000974019368 291.618605454763 296.148717403412 279.768268267314 238.57444524765 213.106950124105 206.371347109477 197.441935539246 184.719363848368 161.059826612473 161.492238442103 163.430531819661 158.956001202265 155.350734790166 155.084212621053 160.346458355586 154.850006103516 155.393789211909 156.980295976003 158.058325449626 164.204726616542 171.767055988312 183.839122454325 183.563947677612 190.650701522827 208.318630854289 219.268620014191 211.776554584503 199.748039245605 195.805529753367 178.742965062459 170.156598091125 173.974871635437 171.534419059753 156.39207760493 135.861019293467 139.652192592621 147.341469923655 127.513657013575 102.666795253754 86.4884754021962 76.6130437453588
289.25492366155 290.297706921895 293.266137440999 292.104820410411 287.765026092529 286.5070104599 290.877600510915 285.435994466146 250.281731287638 218.034982681274 200.720926125844 194.01490688324 192.714333534241 173.368752002716 165.784617265066 171.24738295873 163.705935080846 153.731882572174 159.840981165568 162.38538424174 159.549335638682 156.611333290736 160.066505273183 164.404412110647 163.704365491867 169.428567091624 174.244821071625 175.167759259542 181.730707486471 201.528588930766 209.838052590688 205.74148495992 202.365855375926 203.368226687113 177.188018957774 176.842510700226 182.594100634257 188.77633412679 188.906331857046 168.865501880646 129.925628503164 129.505058129629 112.967958052953 94.9033002058665 83.4729770819346 68.0156250794729
277.926544348399 280.911087989807 283.019026120504 280.485351880391 279.074668884277 275.901834170024 281.186640262604 282.150705655416 248.618483543396 211.080094178518 196.234464645386 188.499669233958 189.412752787272 172.02349503835 163.606981436412 171.234428882599 173.62387975057 160.173912843068 164.160509904226 167.17658440272 167.712887128194 161.74241900444 161.787192026774 167.259395122528 164.427121480306 166.15703701973 172.741075356801 180.210868517558 184.003869692485 197.799940903982 207.408865292867 207.627197106679 203.845779101054 205.222566922506 185.527205467224 187.688847382863 190.39781888326 197.26691643397 198.063989480337 173.405230045319 107.443153858185 84.3544801076253 67.6414022843043 60.010959704717 58.6142142613729 55.846576889356
263.453980286916 270.218809445699 277.433753013611 274.449725945791 272.944033145905 275.530775388082 282.448252042135 283.799648284912 264.199833075206 222.325364748637 201.13859574 187.464018662771 179.723580678304 169.723629951477 161.324262619019 166.721065839132 180.15577395757 170.035362243652 167.194604873657 170.181294282277 171.97855313619 166.688362757365 163.129111131032 166.758974393209 167.74578889211 166.589895884196 171.354532241821 180.712799231211 185.604532559713 190.349201361338 202.635546525319 210.015594959259 207.410375277201 187.15488910675 179.445882638296 197.053114573161 204.223354657491 206.920842329661 192.821005980174 185.127437114716 100.598086913427 52.3413469394048 22.2601542870204 24.0141029159228 23.4129751722018 35.5416387319565
232.330282529195 242.124160130819 249.784290790558 254.074990749359 260.305404663086 269.995252291362 278.386056423187 282.282133897146 273.243844509125 239.181478818258 214.184323946635 194.306214650472 179.023702939351 175.858974456787 167.876064777374 161.072462797165 175.044536590576 174.201409022013 167.852779229482 167.092442512512 169.217626253764 165.343234936396 161.130617062251 163.961946964264 167.233904202779 171.263893445333 172.113796075185 177.561223506927 183.987021446228 185.00276406606 193.593700726827 207.336962223053 193.043033281962 175.861318906148 184.863189856211 212.26555109024 217.931926250458 212.477962176005 203.838229179382 201.848367849986 160.704771677653 73.7818380196889 34.8287969827652 27.3782337705294 26.8393556276957 22.5226332743963
198.551913102468 205.461084842682 205.155114332835 215.446511904399 229.485710461934 244.911630948385 256.840606530507 263.839344183604 261.375665664673 238.422691822052 212.315897146861 189.357777436574 176.875313123067 173.909485340118 170.637051264445 163.239826758703 169.618487358093 169.76410150528 162.850379943848 162.142465511958 165.331602096558 169.749001661936 167.574286460876 164.045254389445 162.64338294665 166.3911541303 173.843026161194 176.875730355581 181.612769762675 182.471772034963 184.878528118134 197.061995665232 185.834209124247 182.658533255259 210.265755653381 224.866171677907 221.076448758443 214.604198932648 211.330691973368 220.938086509705 230.255722999573 187.683939933777 101.30974650383 60.3203475475311 42.1665608882904 25.9808376431465
