input/barkrak2/radiation/dir20324.grid
NCOLS 85 
NROWS 70 
XLLCORNER 665100 
YLLCORNER 4664600 
CELLSIZE 20 
NODATA_value -9999 
[rows 40 to 59 of 70, columns 0 to 45 of 85]
323.136329650879 323.990563551585 323.938012123108 325.796127319336 330.6898077329 333.941102027893 336.014270782471 338.940064112345 339.14836247762 329.868793487549 321.174999078115 317.604263623555 315.286854902903 312.69512573878 310.77108780543 309.19881661733 308.112998803457 306.94192647934 302.048166592916 300.336301326752 302.939256032308 306.228121121724 306.396742661794 302.134573459625 298.305153846741 297.699193159739 303.502976894379 302.205344041189 302.248915036519 301.823039849599 300.389091173808 297.308643658956 274.910092353821 272.141714890798 294.616897900899 294.936696688334 285.230755805969 283.873359362284 285.090645154317 275.55110057195 285.371979077657 321.548302968343 332.362115383148 282.427350680033 221.683144569397 181.035379568736
328.035632769267 326.243142286936 326.412041982015 327.027638753255 324.915667374929 323.451638221741 322.661936283112 322.532296180725 325.967669487 320.184985796611 315.092146396637 315.488656361898 317.014376322428 316.27893447876 314.257661501567 311.694900194804 307.261904080709 311.410307884216 310.993512471517 307.612001895905 308.441956837972 308.350245157878 306.472182273865 307.220498720805 307.020445664724 302.555620670319 304.954747358958 305.963555971781 303.294022878011 303.18828423818 303.441802660624 298.219203948975 281.183143456777 283.708612124125 295.189499855042 285.673141479492 270.951171716054 269.810080528259 276.241342226664 282.18142191569 299.528221289317 312.429388364156 321.003754933675 311.507801214854 264.744997024536 217.25740035375
329.83261346817 328.171133995056 330.145319302877 329.51557636261 324.630737304688 322.48709599177 321.957588195801 320.069154103597 319.544990857442 317.412892977397 316.439429918925 315.569182236989 316.237449645996 317.821780840556 317.853232224782 314.829925696055 311.703264713287 316.021005312602 316.653450330098 310.884535312653 308.308601379395 306.466201941172 302.945494651794 305.133859316508 307.397743066152 302.448968092601 299.219230810801 301.493903001149 301.671942075094 302.331864833832 302.053352197011 294.797321160634 287.716229756673 292.239606380463 292.237599690755 274.489919344584 258.893112341563 263.871729373932 277.743597825368 290.539840857188 299.360116322835 297.980745633443 292.204320430756 291.551689306895 271.354456742605 220.591366291046
320.684591929118 322.641968727112 327.977120876312 325.738807519277 326.830963293711 328.07191212972 328.325231870015 325.68089167277 318.618575731913 317.845404148102 319.330334663391 316.035330295563 315.446058909098 318.490386009216 318.020979563395 315.263370672862 316.510558128357 317.104021708171 317.974130312602 313.558141390483 308.88303120931 306.034505367279 301.706353823344 300.572176774343 301.784674326579 303.49588394165 298.61056804657 297.720154126485 299.942433834076 300.020813941956 296.826044718424 289.386967817942 290.28574625651 293.114066123962 282.380839188894 259.736736615499 254.78063027064 268.292903900146 286.750356356303 291.084448496501 290.6161348025 286.503732204437 278.304219245911 272.331019242605 259.785215059916 226.687888304392
320.80618540446 324.366370836894 325.493693351746 325.462857882182 326.656560103099 327.517290910085 327.333072821299 325.166900952657 322.993477185567 319.206714630127 320.506791273753 318.11249256134 316.132545471191 314.42391872406 313.325524330139 313.835998376211 310.421685377757 315.911610921224 316.170255343119 313.684304555257 308.288733164469 307.411511739095 304.507513840993 304.093480110168 299.394230047862 304.930686950684 306.051294008891 301.17412408193 299.391329288483 296.645840009054 290.43318827947 285.390734672546 285.907745361328 282.526910305023 271.566073099772 256.771922111511 258.677760759989 274.654706319173 289.165139198303 286.286036173503 286.825279394786 278.86559565862 267.472743988037 259.873151779175 254.347582658132 239.494601885478
324.650188287099 327.386856079102 324.989318847656 326.664984226227 325.230876604716 325.419942537944 325.79892873764 324.51864083608 325.678606828054 323.377390702565 322.169562180837 321.983913580577 318.22939713796 315.468748410543 313.98069858551 315.699617067973 310.577710469564 313.460886478424 314.712087313334 314.290523529053 309.9551598231 308.567106723785 305.333296457926 305.058578650157 304.825405279795 303.807735443115 305.6614001592 303.159197171529 300.019959608714 296.798169612885 290.45836130778 285.867154598236 284.209291140238 275.695582230886 262.581447760264 249.368409315745 255.498905976613 273.422916730245 280.389567216237 272.763788700104 277.955790360769 269.753972689311 258.95216067632 260.826369126638 267.138739426931 253.249804178874
324.617862701416 324.955582618713 326.395094394684 326.728244622548 325.837651888529 325.931588808695 327.085713545481 327.503840128581 325.839678446452 325.490633646647 324.256797631582 323.971748352051 321.939408779144 319.151759147644 317.995607852936 319.528897603353 316.71545902888 310.164829095205 315.387785434723 312.274893124898 309.394836425781 308.929403622945 307.414968808492 302.034278710683 306.733767191569 301.661233107249 301.575720310211 301.501174767812 298.055013020833 295.316338539124 289.524833361308 288.251499334971 282.594641049703 272.77797460556 260.840793450673 250.871459643046 258.081078529358 271.020511786143 269.632716973623 270.732462406158 276.712775230408 265.817264715831 262.683272361755 270.163377126058 276.925285657247 263.981938362122
320.905526479085 321.164131164551 324.623107910156 325.250824292501 326.481660207113 327.639838059743 326.645731925964 326.258659362793 325.814922650655 327.822307745616 326.387206713359 323.536296685537 321.820139884949 322.089453538259 319.741129875183 316.967705885569 315.293471018473 308.620353539785 311.601758003235 311.985870202382 308.789094289144 306.481997172038 307.358384132385 300.863226254781 300.800323486328 300.134122371674 293.725550174713 295.35961151123 293.978214263916 291.176577409108 290.214121341705 287.838041782379 279.50249115626 276.472886403402 272.993048032125 262.264788150787 263.754705588023 269.046346346537 271.411776542664 279.331107934316 275.29631058375 267.588555812836 270.660877227783 272.407948970795 270.988821983337 260.200500488281
315.704564253489 317.931274573008 320.809304714203 322.85487651825 326.553622881571 327.742099761963 325.840830802917 324.974099795024 327.759683132172 328.506429990133 326.660752296448 324.60343837738 322.935620943705 322.52969344457 319.906870524089 315.789600213369 314.37212228775 307.167212168376 310.964485009511 311.59379084905 308.3602587382 308.673600355784 306.985795497894 300.754110018412 298.425515492757 298.514465490977 292.838573455811 294.305066267649 298.882802327474 298.749168713888 299.100776513418 296.472509702047 286.47776444753 287.553191184998 282.799025376638 268.776575724284 268.787344296773 273.881276448568 276.62734190623 278.211712837219 268.753012021383 264.770964781443 263.427535692851 259.193440278371 256.653348604838 256.121397018433
315.001010894775 313.42601776123 316.699186960856 321.175416310628 324.559430281321 326.134403546651 326.828896999359 328.595757484436 328.899502754211 327.208002408346 327.582140763601 327.78267065684 324.026008447011 321.491559346517 319.399833679199 315.702398618062 311.944643656413 309.449732303619 309.124688307444 310.504078865051 312.356988588969 309.122721354167 303.91518274943 300.2690076828 296.899259090424 299.439907073975 301.153123378754 299.595395723979 302.746494611104 305.600961049398 307.139039039612 304.686069488525 296.07884089152 294.29171482722 286.465267340342 273.725032806396 268.627325693766 275.054554144541 278.073271115621 267.772793769836 256.998757521311 260.326147079468 259.732365608215 253.671248753866 253.310143947601 256.730357805888
315.269887447357 317.448099454244 319.507479667664 323.810378710429 323.537727197011 323.673148949941 327.549358208974 330.413122971853 329.736491044362 329.743107159932 328.006168206533 327.095866203308 325.222909450531 320.527911186218 319.466272989909 318.956951300303 314.498742421468 309.202194213867 307.100673516591 311.175227165222 311.199545860291 306.646188100179 303.258736928304 301.215847333272 297.605474789937 301.428596178691 302.985231081645 302.695492903392 304.96750275294 308.390239874522 310.426712036133 304.853816827138 297.718485196431 293.908377488454 282.949566841125 271.266142527262 268.737216790517 273.799697558085 271.325170993805 257.20876455307 253.470520178477 264.807979265849 263.92384370168 255.991737047831 255.045433839162 250.402927398682
316.054304440816 322.117646535238 323.582490285238 325.1833319664 323.336958885193 322.965880235036 326.772471268972 329.035659631093 328.194240729014 329.992254575094 327.946782112122 327.689607938131 324.358999729156 321.729063987732 316.69819355011 321.609715620677 314.953049023946 306.382218996684 301.715652147929 306.846896807353 305.030226707458 305.154383182526 302.799185117086 299.318373203278 296.808918317159 295.036355654399 297.661681969961 297.539969285329 298.327406247457 301.792403062185 306.205213069916 304.539561271667 292.587240537008 281.109809875488 254.872719446818 243.160863717397 255.270679791768 266.116579373678 266.412794589996 265.819688638051 271.338899930318 272.88939555486 256.048659483592 249.544521172841 257.094701131185 245.142698287964
317.439675331116 316.661099592845 315.986593564351 317.572871843974 321.764568487803 324.113647143046 322.609225908915 326.345602671305 325.380762418111 327.005704243978 326.417644818624 326.45591100057 324.019809563955 321.224013964335 313.998818397522 314.995805422465 313.171446323395 304.308454195658 299.978772799174 299.953619639079 299.207846323649 301.224668820699 298.497418562571 293.500483036041 293.31111907959 290.605346361796 291.138291358948 291.220704714457 290.501912434896 291.12841685613 292.328615983327 297.242641448975 275.390247503916 249.02621905009 221.098442872365 209.772964318593 223.41509660085 248.746871948242 268.019874890645 266.320745150248 267.010947068532 260.484615961711 245.593309402466 247.353474299113 253.128170967102 230.742514133453
320.414423942566 313.848396142324 311.185518900553 313.210924466451 321.124871571859 325.445075829824 324.077606201172 323.103864987691 324.657380580902 323.609511057536 322.922607262929 323.314766089122 324.651022752126 319.334030151367 313.70077530543 311.676383018494 313.730597496033 305.838386217753 301.829655965169 302.717407544454 301.552335421244 298.418780167898 296.61762714386 292.820354302724 291.320999463399 289.630313714345 288.657148679097 288.366516431173 286.761085192362 283.374567826589 274.790823459625 271.216114362081 249.460160732269 224.952439467112 214.383641878764 207.339406013489 199.237167835236 209.817389647166 227.127353350321 248.770912488302 257.054189840953 247.385283311208 241.918861865997 243.330975373586 235.690553983053 216.446777184804
320.796549320221 316.354175408681 313.009520371755 314.875880877177 320.599913597107 323.8538702329 324.710468451182 323.016325632731 324.484725793203 319.603085517883 321.987191836039 320.316910743713 320.192754268646 321.118295192719 315.500696500142 314.207454522451 315.398375193278 308.925112088521 302.104532718658 305.30579884847 305.06028731664 301.400303840637 298.739433288574 296.88024520874 293.27929019928 292.165656884511 290.080964565277 287.671367327372 284.21942392985 277.311384677887 267.965694268544 262.335002422333 241.446256637573 229.538361231486 232.652127742767 233.767469724019 223.485430081685 212.67956495285 203.724225362142 212.632536888123 231.889645258586 226.835489273071 219.507376352946 211.62752310435 207.745234171549 206.259548664093
322.125395139058 320.31923532486 316.637674967448 311.830560366313 315.448005994161 322.693467140198 323.717872301737 319.260160128276 320.110897223155 319.758772850037 321.746130784353 322.817325592041 321.115374565125 320.076783498128 317.578752835592 315.879821777344 315.479119618734 310.736080010732 305.609007676442 303.944329420726 302.374402681987 300.211628278096 301.61194006602 301.39833688736 297.629833221436 295.476118723551 290.928403536479 284.350832303365 278.218150138855 272.378067175547 270.245492458344 267.747362454732 249.340315659841 244.755347569784 249.384085337321 255.96817334493 263.9186779658 257.598360379537 240.320801734924 210.155546665192 209.5006108284 214.66197570165 212.187349796295 208.285013834635 213.291664918264 221.664806207021
323.02325963974 321.710705757141 319.038351376851 313.126047452291 310.873548189799 315.441926320394 318.685630957286 317.876617113749 315.189719200134 318.988899389903 322.776893774668 322.457055250804 320.899705092112 320.588529109955 318.086743354797 315.298457940419 313.990910847982 309.438645839691 307.392537593842 306.045413017273 304.509580135345 302.641193072001 299.041012922923 297.402580579122 297.683278719584 294.34859752655 279.551784197489 260.288556416829 255.732635656993 259.304285049438 271.513084570567 265.816251436869 250.548799832662 245.202799638112 253.483513991038 264.930109182994 280.197262763977 286.618014176687 277.789493401845 242.50590801239 215.483864148458 220.897833506266 230.287353197734 240.100781122843 249.267935752869 254.50344880422
321.629683176676 319.303890069326 320.358594258626 314.807931582133 307.307660579681 310.267984867096 316.898981730143 318.346977233887 314.73704179128 314.607977867126 321.427563826243 322.108685970306 318.34614276886 317.531367142995 319.164335727692 312.754849592845 312.255183855693 309.129655361176 305.712223052979 305.615842342377 307.187179724375 305.678049723307 301.901499430339 296.917637189229 296.00449403127 297.197302182515 280.322929223378 260.075330734253 258.695006370544 265.962958335876 271.208345890045 263.784766197205 257.779657840729 258.825282255809 273.478766282399 276.85805161794 282.667100429535 261.981725692749 235.317011674245 228.319664796193 237.606426080068 248.715420564016 243.952512741089 235.638340314229 235.987981160482 247.757792472839
313.605348269145 316.113670667013 314.824998378754 313.315391540527 309.234976768494 306.812067826589 316.132644812266 319.976925849915 315.715591112773 312.745213508606 317.246377468109 319.619874159495 317.437489827474 315.006216367086 314.776957035065 313.302000363668 309.336463610331 308.604021867116 307.024200757345 307.283997535706 309.399545192719 306.304454803467 304.591774940491 299.752116203308 298.676073551178 299.801568190257 294.317682584127 290.77144463857 284.685730934143 283.834179242452 279.321451981862 273.27295144399 269.341051578522 268.573343753815 265.119989713033 252.191404501597 233.771820863088 195.75305779775 177.070101102193 213.621556758881 250.761071840922 255.701979001363 236.668348312378 229.938944180806 239.121894041697 252.042134602865
303.296943505605 311.892509460449 311.632255713145 309.640030066172 308.706959088643 306.441048781077 311.091164747874 317.655404408773 318.194031715393 315.082430839539 314.892172813416 318.029244740804 317.540486653646 315.738618373871 314.253807067871 312.036395072937 308.981378873189 306.296189626058 303.455452124278 301.826357841492 302.808980147044 303.769707679749 300.34351348877 298.384090264638 298.503557840983 302.576124668121 304.889142513275 308.829029401143 297.947148482005 287.422339121501 282.170871893565 268.607457478841 265.78821738561 249.792377154032 223.975459734599 193.352937698364 181.633770465851 171.338061491648 164.415280024211 186.694264411926 213.016072909037 235.219319661458 238.02649974823 251.862068970998 281.476716200511 289.819280306498
