input/barkrak2/radiation/dir23924.grid
NCOLS 85 
NROWS 70 
XLLCORNER 665100 
YLLCORNER 4664600 
CELLSIZE 20 
NODATA_value -9999 
[rows 40 to 59 of 70, columns 0 to 45 of 85]
252.163688341777 253.319124380747 253.20690870285 255.397419134776 263.37327559789 268.825272719065 272.546350955963 276.715974013011 277.285953362783 263.231058915456 248.72746070226 245.091140270233 243.062436580658 239.380419254303 236.827254295349 237.537344296773 236.090620358785 234.7758213679 229.019284248352 227.415382862091 229.553500811259 234.445492426554 237.082044283549 230.378190676371 226.279417673747 225.676357746124 234.614650408427 236.835996309916 238.932728767395 240.057547887166 237.797300020854 241.265714168549 230.996350447337 233.65306854248 261.280099550883 260.992368062337 248.618523279826 242.402911186218 244.8717157046 247.606158256531 260.339458783468 284.484346707662 267.560203870138 198.43993584315 134.118854999542 97.9742507139842
259.499649206797 256.624420483907 256.857812404633 256.840507189433 253.798524538676 251.293043295542 250.295102596283 251.806855201721 255.670090516408 247.307896614075 240.274866422017 240.93759059906 242.016971111298 243.805785973867 238.405168056488 238.32635084788 229.633231957754 239.085972309113 236.982842286428 230.69308201472 234.135826428731 232.718666394552 231.067379315694 234.190702438354 232.587397098541 225.052078564962 231.752514839172 234.832425912221 237.548569838206 236.833790938059 239.211718241374 239.178677399953 233.531455198924 245.338559150696 258.399426937103 247.853755950928 230.681518713633 224.540770053864 227.361023426056 237.661341826121 266.634702682495 280.627508958181 273.272792498271 235.64358552297 170.206964015961 126.886079708735
263.063371181488 260.629594326019 262.689749399821 260.885695616404 254.785935084025 251.285175482432 250.313480695089 247.033258279165 245.185275872548 242.583195368449 241.082270940145 238.233625888824 242.353618144989 243.43995253245 243.429978688558 237.807472546895 233.697851498922 235.995650291443 240.835289160411 230.903506278992 227.663934230804 228.016932805379 224.113206068675 225.029389063517 228.726903597514 226.68327887853 223.001023133596 228.276749451955 232.299665609996 234.485268592834 234.846313794454 233.764449755351 235.870659351349 250.801781813304 256.290336449941 233.566919962565 216.580033302307 218.293527762095 227.757712205251 241.654793421427 252.415855725606 253.275950749715 241.420884927114 222.961405913035 180.31632900238 122.545629739761
248.571455478668 250.458220640818 257.430811723073 254.381438096364 256.652275721232 259.71653064092 258.322676022847 253.533999125163 241.719563802083 241.966962814331 242.618441581726 237.411638100942 236.484984556834 239.181180795034 240.417679150899 236.638327439626 236.38919989268 237.404763698578 238.839626312256 232.503215471903 226.432085037231 223.776499430339 222.513894240061 220.865984757741 223.007341225942 226.182659467061 222.391506036123 222.498854001363 228.760162989298 230.106314023336 227.987706661224 225.067098935445 232.57718483607 243.604679902395 240.794996420542 218.644420305888 212.955991427104 224.440932273865 238.921264807383 241.813500722249 238.590856393178 234.711209932963 225.509862105052 207.235376040141 174.847781658173 128.484457731247
245.67586183548 250.86239973704 251.758535703023 252.722303072611 255.337138970693 256.700277328491 254.957656065623 250.635127226512 247.684597969055 240.968823432922 241.234838962555 238.774041334788 233.875532944997 233.427306016286 232.268412907918 231.085220972697 227.938373883565 233.632187048594 236.409445603689 232.925196488698 228.015204270681 225.825111071269 225.990215937297 223.236004511515 221.961776415507 229.997018973033 232.248624165853 229.066173235575 228.165586789449 226.252834002177 222.219864527384 218.165914217631 222.349147001902 224.612692991892 221.676548322042 213.204026222229 217.024346192678 232.380370299021 243.53963136673 236.941277980804 236.450910568237 228.012303511302 217.274924119314 202.149709065755 179.014325141907 147.247870763143
248.990337053935 252.112746238708 250.013530254364 252.189616362254 251.080989837646 251.238604386648 251.617610454559 250.491857528687 250.212987263997 246.004064877828 243.599712848663 242.900331815084 237.147450447083 233.529130617777 231.381158034007 235.451261202494 225.989321867625 229.835073153178 234.350641568502 233.872135480245 230.428357919057 229.294697443644 227.063437302907 226.844569047292 228.981653849284 228.088955084483 234.136621157328 232.084294160207 229.408780733744 227.303306261698 223.171790440877 218.599518140157 219.713230927785 215.42759736379 206.294457117716 200.398405392965 208.971579869588 227.127969264984 230.854392051697 219.344158967336 224.679748217265 216.394325097402 208.914597829183 208.636403083801 202.58641242981 172.573765118917
247.239847977956 249.069631099701 250.687897205353 252.876480420431 252.905786037445 251.484990119934 253.254910310109 253.722588221232 250.726262728373 249.242186546326 246.595203876495 244.301915168762 241.221090157827 237.00342575709 234.705011049906 238.773683706919 234.400967756907 227.510690689087 233.155687650045 233.422021071116 229.888916015625 229.864080746969 229.747811953227 225.210150082906 234.256605307261 227.879842122396 228.584349155426 230.065862337748 229.173322518667 229.308485984802 226.074874401093 222.009499867757 218.562543392181 213.973383108775 207.574605941772 201.606392860413 207.566539446513 219.547311464945 219.624598821004 218.183040618896 221.162736415863 211.641112963359 213.04315328598 221.782803535461 221.58149878184 193.201959133148
241.861800352732 244.161685307821 248.375435670217 249.288241068522 252.687692642212 253.864030043284 250.762661298116 251.056929429372 249.773224194845 251.227974891663 246.855080127716 243.904888629913 242.790957291921 241.177201271057 236.929635206858 235.007246335348 234.620233376821 225.435058275859 229.95513677597 233.149568239848 229.158242543538 228.641629219055 232.006728649139 223.660389582316 226.71103477478 228.490710258484 223.308821519216 226.493080457052 228.351950645447 226.555128892263 227.287809054057 225.421110788981 217.801034450531 218.725124994914 222.553888956706 217.92995929718 216.124494870504 216.172019640605 219.618539015452 229.803681373596 222.657759984334 212.950587272644 218.813121318817 223.782400290171 220.094303290049 201.762894789378
234.865248203278 236.589729785919 242.339809735616 244.965136051178 249.485552310944 252.942164738973 250.564575195312 247.616549332937 250.423053900401 252.119183540344 249.370853106181 245.810866355896 242.407262325287 241.481800874074 239.22453324 233.56556892395 233.515083789825 225.741823514303 228.901505470276 234.748601913452 233.028590679169 231.311142444611 234.010100364685 229.035754998525 226.350426673889 229.611158370972 227.413336435954 230.094691117605 234.936197598775 236.841042836507 239.797075589498 239.933133125305 228.892763455709 231.318434079488 233.107129732768 228.655457496643 227.600812911987 224.069873491923 224.184950192769 227.884650230408 217.476705710093 210.943679014842 208.89017979304 205.74410756429 203.375856081645 202.798008918762
232.36076037089 230.014582475026 233.486692110697 241.628468036652 245.611965656281 249.275088310242 252.024432023366 252.597014109294 253.013650576274 250.143547852834 250.785211722056 250.730693340302 245.706558227539 241.817752520243 240.601817766825 235.521713892619 234.346270561218 228.767017523448 231.044332186381 237.873991330465 238.466064135234 236.987233161926 233.146945635478 234.537402788798 230.149666468302 233.715971310933 233.893354733785 237.573881944021 242.950320243835 248.836696147919 254.26705678304 253.268917401632 242.950201034546 240.855018297831 235.383768876394 232.247134049733 231.545825799306 232.540110747019 228.843212127686 216.389874617259 205.737094084422 208.321809768677 207.25417137146 200.466136137644 195.885459582011 199.465751647949
233.483195304871 235.562384128571 236.41445239385 243.187228838603 244.848489761353 244.759758313497 251.937031745911 254.81108824412 254.8006772995 252.561608950297 252.353767553965 251.015543937683 247.847259044647 242.426693439484 242.729226748149 244.326790173848 237.864851951599 233.523468176524 233.851552009583 239.557067553202 242.08535750707 239.099641640981 235.230962435404 235.757728417714 231.02476199468 236.674308776855 239.686528841654 240.151087443034 244.282364845276 253.199617067973 259.40724213918 260.198334852854 251.071274280548 241.32106701533 230.030655860901 224.410792191823 228.038827578227 234.524110953013 227.09709405899 207.307517528534 200.532197952271 210.794071356455 212.942560513814 206.334074338277 200.461308161418 192.264437675476
231.867392857869 241.314808527629 241.909245649974 245.320121447245 245.057264963786 242.982923984528 249.4096159935 253.263612588247 253.178695837657 255.487203598022 254.120608170827 252.256512641907 250.283420085907 245.979984601339 242.910861968994 248.238384723663 243.135968844096 235.503812630971 232.663830121358 238.355199495951 236.778219540914 236.854354540507 234.562277793884 230.519652366638 230.050762494405 229.2427221934 235.656082630157 236.246824264526 238.110323746999 244.132578372955 252.492348353068 255.755503972371 246.398727099101 226.150472958883 195.412417252858 185.442169507345 203.44865322113 221.934199333191 228.213051954905 226.394454638163 226.186394691467 221.702774365743 202.604333559672 196.915507316589 204.994002978007 191.669106483459
232.992132504781 232.071042060852 231.12682501475 235.557436943054 241.325179735819 245.197812716166 245.257675647736 250.035802523295 249.986370404561 252.192616462708 253.38884194692 253.641029198964 253.696004549662 247.463365395864 242.022713025411 243.200441201528 243.619322776794 235.211491584778 229.789694150289 229.406237602234 230.811556180318 231.517195701599 231.529990832011 225.583851337433 226.211428642273 223.186274369558 224.397361278534 225.123604138692 224.856734275818 226.448138554891 231.893420219421 241.470058759054 222.489019234975 192.47047106425 161.560962597529 146.813233693441 158.81872177124 188.320775826772 218.429644902547 225.216766198476 225.60328245163 213.340004285177 194.365938504537 193.024396896362 200.390994548798 181.794802347819
238.194624582926 228.844265143077 224.573334058126 230.06550470988 241.526484489441 248.02154302597 245.653788248698 247.863233089447 250.179489453634 248.51248661677 251.499533653259 252.483785152435 254.762232303619 251.361270745595 244.060893853505 243.489444255829 244.436045487722 234.591404596965 231.83810710907 233.038783073425 232.04239209493 230.775972207387 228.856305281321 224.624991416931 223.549664020538 221.816082795461 221.158762772878 221.328576405843 217.484593391418 213.70667219162 204.408367474874 208.073099454244 192.341645558675 173.949639002482 160.000850756963 144.298682610194 130.912085374196 140.701293945312 162.183463573456 193.605939547221 210.703333218892 196.685492992401 192.101081212362 189.743916193644 178.59278122584 168.064892292023
239.634215831757 233.761668205261 228.041191895803 231.856028238932 239.958167076111 248.336553573608 251.488526662191 247.646828492483 249.915619691213 248.48747253418 250.323534011841 252.271215120951 252.654731273651 254.055460294088 246.540904045105 247.201979160309 246.793846289317 240.796287854513 233.137011528015 236.827274163564 236.792763074239 232.366998990377 231.566369533539 230.131606260935 223.845918973287 222.873648007711 220.69784005483 218.026121457418 214.116017023722 206.988294919332 197.231451670329 195.758879184723 190.175275007884 183.751225471497 184.727787971497 178.744355837504 157.263865073522 142.556587855021 134.51024889946 146.424074967702 174.481550852458 176.537275314331 166.958669821421 154.612561066945 151.90464258194 156.826317310333
242.961049079895 240.674058596293 234.521865844727 229.241748650869 234.196384747823 246.423443158468 248.396039009094 247.576097647349 247.129241625468 250.997046629588 254.614333311717 256.127138932546 254.056910673777 254.900832970937 249.570508797963 249.733845392863 249.598284562429 244.070887565613 237.858653068542 235.585868358612 235.846141974131 233.71966679891 233.592251936595 234.23965771993 229.682068030039 227.281312147776 221.614480018616 213.649868965149 206.84285958608 201.522807280223 200.241525967916 200.899561246236 196.76673412323 201.201975345612 208.294113477071 212.17805147171 210.484623908997 196.41101360321 177.077015240987 143.38215192159 146.714945634206 162.552813688914 161.438196897507 152.605930964152 155.672013759613 170.713226000468
245.123525460561 244.019170602163 240.989009539286 232.746879259745 231.948812802633 242.224236329397 248.305281003316 247.58118391037 246.116002400716 250.380953152974 256.490151087443 257.996062437693 253.712217013041 255.680461724599 253.151297569275 246.854980786641 250.217398007711 245.015382766724 239.939411481222 240.37754535675 238.79861831665 237.436016400655 233.62135887146 231.816252072652 227.106829484304 220.741371313731 203.293681144714 183.92139673233 179.48051293691 186.406036218007 197.624822457631 196.388860543569 196.009556452433 198.101023832957 210.111180941264 225.405275821686 237.257182598114 239.547351996104 233.119507630666 185.816009839376 152.759472529093 166.388879219691 180.808941523234 189.27667538325 194.875299930573 206.102907657623
245.735307534536 241.865257422129 242.819746335348 239.022850990295 234.040220578512 237.850626309713 246.181130409241 248.246153195699 243.961155414581 247.532188892365 254.592696825663 257.308979829152 253.921151161194 253.847340742747 254.559318224589 247.578203678131 247.631331284841 244.221349557241 242.679953575134 240.831752618154 242.869834105174 241.719623406728 232.36870765686 228.399217128754 225.375850995382 225.550293922424 208.105603853861 185.520688692729 184.437155723572 191.061615943909 201.676547527313 201.716939608256 206.386804580688 212.68371740977 226.702451705933 225.205461184184 223.996977011363 195.868571599325 182.816664377848 179.823676745097 183.405121167501 196.809748808543 193.211813767751 180.113911628723 177.022576332092 191.083868344625
235.888381799062 240.236202875773 240.30331770579 239.049712816874 236.524204413096 233.391006787618 246.968706448873 252.207001050313 247.541566689809 245.801329612732 251.037299633026 255.823810895284 253.330787022909 248.282273610433 250.456293423971 248.126308123271 241.393367449443 241.431713104248 240.364034970601 241.258243719737 241.766115029653 237.899839878082 235.991676648458 229.890624682109 228.947281837463 232.367078463236 227.584441502889 219.550788402557 216.134111086527 216.530899206797 217.544456322988 210.513710975647 219.377954800924 226.223429044088 217.79453754425 207.152605056763 187.949180603027 140.828639268875 118.520885705948 153.270910183589 193.257212638855 208.013196786245 192.055960496267 182.831426461538 181.347886721293 191.210389137268
224.275171756744 236.073056856791 237.993041674296 238.244394461314 238.082726796468 234.856466452281 240.609645843506 249.533355236053 254.372378190358 249.745190143585 250.298817952474 251.737932364146 253.41926018397 249.224146207174 247.742931048075 246.970852216085 240.907311439514 238.628566265106 235.588749249776 233.570516109467 235.226233800252 234.078903992971 235.260645548503 233.404040336609 234.260757764181 240.945259730021 248.231768608093 247.000773747762 231.697340806325 231.643319129944 221.968571345011 210.666418075562 214.67133363088 198.336720466614 171.661496162415 144.74818110466 133.442322413127 119.305590788523 104.514837265015 117.267429828644 142.037133375804 175.640722115835 194.214721520742 212.873776753743 237.944642702738 239.411075909932
