input/barkrak2/radiation/dir26624.grid
NCOLS 85 
NROWS 70 
XLLCORNER 665100 
YLLCORNER 4664600 
CELLSIZE 20 
NODATA_value -9999 
[rows 0 to 19 of 70, columns 0 to 45 of 85]
214.323063691457008 229.240775108337 244.444648424784 262.622733910878 270.951648553212 270.557145277659 261.681377887726 255.759318669637 258.18391640981 258.886575698853 259.018441041311 260.75154542923 260.075728098551 260.741909344991 262.931207815806 255.255122979482 244.768659273783 232.370575269063 227.13836034139 216.71470006307 211.316406726837 224.395175774892 250.697573026021 257.48344262441 259.716550509135 269.113123416901 267.32075214386 254.353841145833 238.45777908961 235.949675242106 232.044517993927 251.181145509084 292.458951473236 292.017738024394 290.147046248118 275.020758310954 280.807177225749 295.660694440206 290.721158186595 291.920602321625 276.916444301605 277.636329332987 289.522012074788 291.113575299581 281.123518943787 284.110128879547
193.162620067596 210.574547449748 224.687218666077 243.266661961873 255.759179592133 259.715219338735 256.550272305806 256.299475828807 266.148110230764 264.899055163066 260.397970676422 260.758837064107 261.256476243337 262.421806653341 262.214303016663 254.307150840759 249.629775683085 240.709205468496 236.033221085866 222.737193107605 225.805302460988 243.864973386129 263.612945874532 265.390674273173 270.523806413015 275.030136108398 268.473247687022 257.201254367828 243.312378724416 237.698376178741 238.53200674057 264.572401841482 293.673833211263 292.187531789144 288.559019565582 276.436607042948 283.443252245585 293.975234031677 290.679295857747 292.882223924001 284.114261468252 278.477450211843 279.521663983663 281.2313636144 278.022885322571 284.74760055542
156.018654505412 169.218818346659 180.913329124451 194.00958220164 207.909941673279 218.342582384745 228.293776512146 242.260813713074 254.309395949046 253.825008869171 253.105839093526 257.700641949971 266.728361447652 271.221160888672 268.621285756429 273.682951927185 274.561146895091 266.197800636292 250.84129969279 240.110913912455 246.589064598083 256.900688012441 264.638026555379 266.219675540924 272.961099942525 270.78507343928 264.691154162089 256.412744522095 247.469484806061 244.928379853566 252.290765444438 279.078284899394 291.548768679301 292.67543554306 288.651247819265 282.616833845774 286.811192830404 289.928535620372 291.621784369151 289.67813650767 283.865729967753 273.173133532206 263.52592309316 264.477372169495 274.329940478007 282.55561987559
136.883040269216 138.421694437663 145.69487174352 152.955273787181 160.061866044998 165.163646141688 173.548936843872 190.014938513438 211.002051830292 228.979488213857 241.845329602559 257.848699887594 269.809504350026 274.275898933411 276.392340660095 281.622628370921 279.698848724365 269.791066646576 254.955172538757 248.705446720123 247.353514035543 246.280948321025 257.506191730499 261.256754398346 263.46888144811 264.948348204295 262.375076611837 258.35786263148 255.837361017863 256.739636262258 258.406519889832 283.870498339335 290.205101172129 290.738224983215 288.418670495351 289.849718411763 290.961861610413 290.110270182292 290.444691975911 282.281438509623 272.333562374115 261.667052904765 257.238368193309 270.678997039795 287.287453810374 281.160195668538
159.332036972046 142.356733481089 128.339151541392 119.312167167664 122.571895519892 139.270573854446 160.60209274292 172.021587689718 182.907780011495 191.051185131073 213.962078094482 238.245785236359 253.476003805796 261.206030845642 267.04861720403 270.536164442698 265.310565630595 255.592087904612 250.875353813171 248.626053333282 243.730882803599 242.091556390127 253.326733907064 257.349570592244 260.499080022176 266.126831372579 263.883590698242 260.596871376038 258.261799812317 256.416161855062 261.894901593526 289.243916670481 291.054467360179 290.185550848643 285.779575506846 286.580125490824 288.592537244161 288.214941819509 279.212474822998 273.0606396993 269.63593562444 265.807668368022 268.471817175547 277.824282646179 282.336910565694 266.76352818807
203.976889451345 174.888968467712 145.512342453003 121.630668640137 112.943420807521 124.57404534022 150.711745023727 168.452401955922 173.144737879435 172.686417897542 183.575093746185 198.469837506612 209.129770596822 216.377357641856 225.857694943746 234.498103459676 236.107210318247 238.923152287801 246.135592460632 251.955469449361 251.746674378713 254.770298798879 256.54806693395 256.508270899455 260.267814000448 265.84247748057 264.807939529419 263.281345367432 261.390368143717 260.849436124166 274.390002091726 290.315886338552 289.691189924876 289.840956528982 284.150024255117 281.822939713796 284.319996833801 280.961473782857 270.977079868317 273.196578025818 271.90754810969 267.815589904785 269.496917724609 271.429379781087 264.131923516591 240.041832129161
228.199521700541 202.069799105326 180.150032043457 157.977978388468 135.741283496221 122.97601501147 130.957941214244 160.893728335698 175.525705019633 183.7184826533 180.556178092957 175.186057885488 170.762101809184 166.504164536794 168.865581353505 184.869885444641 198.554257551829 219.427386919657 239.398757616679 252.34059492747 257.967193921407 260.225097338359 259.813110033671 257.373412450155 259.50014591217 262.066562970479 264.598647753398 264.312585194906 262.661496798197 266.501883665721 279.995759328206 287.782549858093 286.216139793396 283.201277256012 280.487537384033 274.409711360931 274.854342142741 269.52717701594 266.98245604833 264.362712701162 258.517940839132 256.223499774933 261.631985505422 266.201992829641 256.077567736308 245.421787103017
239.899257818858 228.11621427536 214.910666147868 197.622140248617 172.985017299652 140.870461861293 119.60099140803 119.353036085765 154.441068569819 180.959324042002 189.647257328033 185.633063316345 176.238437493642 165.61887661616 151.953518390656 155.619253714879 168.605327606201 186.433871587118 211.951911449432 233.166495958964 246.166825294495 254.84691063563 261.289775371552 258.046925067902 256.464997927348 255.912741025289 256.913801034292 257.95324643453 258.090297381083 266.985793908437 276.805718739827 281.50196870168 276.622613271077 273.199558258057 267.030994097392 264.578859011332 267.074426015218 261.646032333374 255.269765853882 242.381532986959 242.829481760661 252.536733945211 268.352886041005 277.263104915619 269.067823886871 266.581575075785
231.488029162089 231.81688785553 226.728002230326 217.404822508494 202.269514401754 177.74510383606 145.206133524577 115.979135036469 130.597045024236 154.013613859812 175.162096818288 185.871760050456 188.408573468526 185.421009858449 171.975294748942 163.590610027313 160.790900389353 165.064632892609 180.35622437795 199.173947175344 216.787258783976 232.184708118439 243.191917737325 240.871429443359 242.696146170298 242.055296897888 243.395209312439 244.884014129639 246.473371982574 256.645043690999 262.678583463033 262.798070907593 260.48344373703 259.990453720093 259.756207466125 260.876337687174 260.245899359385 256.899078687032 250.257730484009 244.587381680806 258.341610431671 271.84667189916 279.294749101003 280.311306317647 269.289116064707 263.449152310689
198.149979114532 208.971858024597 214.605549971263 214.614590009054 211.240748564402 206.053555011749 187.515556812286 166.681190331777 134.634574254354 124.721119801203 138.850877682368 165.571957826614 188.634653886159 200.643082459768 201.620837052663 191.833396752675 175.63792069753 169.990162054698 168.480773766836 172.103623549143 181.707998116811 190.737764040629 201.668341954549 210.61897277832 220.065315564473 222.901443640391 223.928411801656 225.225249926249 227.842271327972 234.976530075073 236.393570899963 237.36031850179 243.974546591441 248.491088549296 252.136747042338 252.864976723989 251.517117023468 254.884521166484 249.969045321147 255.613923072815 274.023473262787 281.913876533508 283.572614192963 280.583540598551 268.169124921163 262.885888417562
138.609518607457 153.958370288213 169.240593910217 181.683599948883 192.42133696874 201.078852017721 202.303290367126 195.648590723673 165.116896231969 138.11320066452 123.47690264384 131.526162226995 160.431126753489 187.973241011302 204.524199167887 193.731586138407 185.085852940877 177.060008049011 168.313880761464 161.875824133555 162.31769323349 163.083473841349 167.779644330343 182.514528433482 196.84894879659 205.426096916199 207.139531771342 207.730015118917 214.301606019338 219.83128786087 223.145107428233 226.913094520569 236.790815989176 240.172823270162 240.516384442647 241.330107053121 246.594289938609 251.051386197408 253.861645857493 267.297327518463 277.902662754059 281.542619069417 281.15701675415 278.196851412455 270.906726519267 271.673262119293
80.70374528567 88.174174229304 98.6350079377492 123.03231159846 140.59591293335 159.451504548391 179.441789786021 186.383485794067 187.108894189199 171.881874402364 143.350899219513 122.428347667058 125.405341386795 149.745653072993 178.62073580424 183.314422766368 190.042078495026 185.983081658681 175.01699924469 163.519124190013 156.071712573369 153.794129689535 154.017001390457 163.672894239426 173.563281695048 180.587569872538 183.771411577861 188.535432020823 196.068743864695 201.322118441264 206.466635068258 212.103486061096 217.845459779104 221.464534600576 222.376465797424 224.972108999888 236.069619655609 247.491995493571 253.142515818278 265.970746676127 272.609988848368 274.148722489675 270.331740379333 267.541607220968 264.178514480591 263.759851455688
65.2658641338348 56.8774143854777 51.5815367301305 60.8950505654017 66.1319593588511 85.032711426417 120.678861935933 151.737501223882 180.745879809062 188.997983932495 176.201184590658 149.568537871043 120.197912057241 117.868761221568 142.297605673472 171.52726650238 188.562214374542 191.799521446228 186.20103597641 175.868968168894 166.305810213089 165.785650412242 164.867371320724 165.742347637812 166.830400625865 166.674335797628 171.151161193848 180.760741233826 184.525628884633 186.027586460114 191.65047009786 197.424610455831 198.867857456207 200.197418530782 203.835248947144 209.573825200399 222.06978003184 234.462002913157 238.102893034617 247.906068960826 254.531264305115 255.89923063914 254.064738750458 255.933523178101 252.197742462158 253.051261107127
59.9951843420664 43.8623527685801 25.3004829088847 14.6326199173927 9.61843940118949 9.67506878077984 31.8734248479207 65.9697651863098 93.4803684552511 121.166328589122 148.654649655024 168.314933776855 152.962098519007 131.651838620504 129.184355338415 157.176544268926 176.809787750244 193.960785865784 201.776067415873 196.96718454361 184.156755606333 180.780132611593 177.088518937429 176.148076852163 176.536500453949 174.637973308563 177.388608455658 186.774810155233 186.971704165141 179.473121960958 185.026367505391 190.775394439697 192.282299200694 192.587276299795 196.400384108225 204.223016897837 210.675219694773 216.16131067276 220.638414223989 223.282933235168 229.140162467957 234.650552272797 241.762439409892 248.346745967865 244.519273440043 249.382774035136
72.5108534097672 40.219043691953 16.8073102831841 6.88781837622325 3.26307180027167 2.87503749132156 19.0837184588114 42.0935402313868 59.578612446785 89.4174178441366 124.564836422602 145.39032181104 160.290211439133 156.669487555822 142.482459545135 141.642252604167 146.285166343053 160.321454207102 185.018142064412 196.590542793274 201.69852177302 195.469280083974 193.872392177582 190.378924210866 186.754504839579 185.524662335714 186.807036399841 189.387500286102 185.403406620026 179.751376310984 182.263890902201 187.610189119975 187.57156531016 187.359134356181 191.76971912384 195.298830668132 196.971257527669 196.076134840647 200.528721014659 201.527655124664 207.961618900299 215.597589810689 222.075919310252 227.273484071096 229.079524676005 233.167211214701
63.0368838707606 39.2039020856222 15.5695204933484 3.29985469579697 0.227738676282267 16.9919307033221 32.5907915830612 46.6629316409429 61.2843533356984 77.8556515773137 104.113479455312 138.44625155131 158.708860476812 168.00187031428 161.02010011673 138.91198237737 132.290730873744 140.579879283905 155.776927868525 183.762073516846 197.978774706523 195.785204569499 199.873109658559 196.528335412343 191.699167092641 193.402191003164 196.028808752696 192.632555961609 188.036739826202 189.984023571014 189.577460289001 188.321153322856 185.133179028829 183.207909266154 184.161603450775 183.440486590068 180.337309837341 175.924698511759 179.556806882223 181.433498859406 186.412294705709 192.859292030334 195.56184609731 198.077460130056 211.213370164235 216.999471187592
50.9158074855804 42.9069548845291 22.3386983076731 0.350387883372605 3.19237634539604 16.0053024689356 36.5534027417501 52.5835404793421 65.6230101982753 73.8156090180079 89.3160800139109 115.821480751038 141.582538684209 154.668013254801 162.428458531698 159.974624713262 156.987448533376 148.434619108836 141.604006290436 152.376840511958 179.016649723053 192.950169245402 203.724185625712 201.657970746358 194.47402159373 198.347588380178 204.151451587677 200.838923454285 199.587206045787 205.382525920868 203.319648901621 191.012938817342 183.77290169398 179.011821746826 173.88395468394 172.724843025208 167.097469170888 165.595501661301 166.637023289998 170.566062132517 172.572453816732 175.911088784536 179.359952608744 181.712885697683 200.712084770203 211.00511153539
46.1827615896861 45.7825809717178 36.6722270846367 3.63779130081336 7.23199918866158 25.2651646733284 45.3713238239288 64.1884605089823 76.1862595876058 79.9594422181447 85.7801636060079 104.981074730555 125.187575817108 143.812924623489 158.160736163457 169.817328453064 170.680165290833 163.592706123988 151.321252187093 142.71421233813 149.964272975922 172.251661618551 182.388603687286 193.261504173279 199.995617071788 206.478714942932 213.477532068888 214.091042677561 213.306784629822 215.590337912242 209.097186724345 197.212179501851 187.796692053477 178.69108915329 171.745260556539 168.632427851359 165.589521328608 165.474951267242 165.16841451327 167.579690615336 170.214096705119 171.451946099599 171.828150749207 175.918459892273 188.208301862081 203.211963176727
52.6172469059626 59.0437104304632 58.1289231777191 23.8326713442802 19.43422605594 44.5862015088399 58.4145436684291 76.0255555311839 90.2800957361857 99.6551314989726 107.258498668671 107.735097408295 120.555073022842 125.933627287547 141.58707857132 158.280789852142 168.397486209869 173.251191775004 171.160916487376 156.152089436849 140.907337268194 153.843194246292 163.035502036413 175.835510094961 187.346657117208 194.783945878347 198.423544565837 205.070892969767 216.718753178914 216.564853986104 209.113399187724 201.355675856272 191.921412944794 181.614597638448 176.010529200236 170.683145523071 169.162511825562 165.728668371836 164.583494265874 168.147365252177 172.526558240255 174.541513125102 173.37163289388 176.147361596425 177.367607752482 192.926406860352
57.118480404218 59.6825281778971 69.5752203464508 57.7894598245621 46.5375334024429 59.8773509263992 64.3622825543086 76.96233689785 87.3574813206991 101.079245408376 109.162837266922 103.964249293009 105.741232633591 113.634675741196 125.794221957525 145.088096459707 154.287437597911 163.083682457606 169.819951057434 171.497285366058 163.745145003001 150.823295116425 153.598924477895 162.205437819163 172.659516334534 180.424928665161 179.357012112935 185.062746206919 183.146417140961 178.754071394602 193.097611268361 182.484348615011 192.609151204427 184.241116046906 179.25751209259 173.791488011678 169.517993927002 160.169283548991 157.974928617477 166.656096776327 173.803706963857 176.27098162969 178.575495878855 177.60161558787 174.580057462056 184.855202833811
