input/barkrak2/radiation/dir28524.grid
NCOLS 85 
NROWS 70 
XLLCORNER 665100 
YLLCORNER 4664600 
CELLSIZE 20 
NODATA_value -9999 
[rows 0 to 20 of 70, columns 0 to 46 of 85]
164.590726296106993 180.599868297577 197.759350140889 218.946198622386 229.505022366842 230.671683947245 226.49747133255 221.460858980815 220.976789792379 226.036389668783 225.408673286438 224.229097366333 221.746345361074 222.546458244324 224.259734153748 213.26998869578 200.748264789581 188.989520072937 186.163405577342 175.156792004903 174.076279004415 190.788547197978 217.856367429098 225.626587867737 228.320260842641 240.378260612488 239.27382628123 223.666528860728 209.528684616089 208.518067995707 204.09486691157 225.988626480103 271.730800469716 271.109680334727 268.189390500387 254.360874493917 258.083860079447 273.244659105937 270.546277364095 269.63351170222 258.322934309642 262.183586756388 271.721839904785 266.854127248128 256.806949774424 260.627408822378 266.187846660614
141.030917565028 160.180519024531 174.855987230937 195.205728212992 210.191905498505 216.927190621694 219.315409660339 223.28261534373 230.837384859721 231.082797050476 227.596879005432 224.854648113251 223.081469535828 224.570274353027 224.433501561483 213.250974814097 206.728100776672 197.352588176727 192.391673723857 182.148734728495 188.100794951121 211.59162123998 233.86005560557 236.647009849548 240.281701087952 246.691743532817 241.251309712728 227.717459201813 214.477896690369 210.51561832428 211.311757564545 240.489284197489 274.031579494476 271.817107995351 267.684360345205 256.982445716858 261.922081311544 273.65106344223 269.334634145101 269.16891336441 263.348440329234 262.578050295512 259.403804937998 253.552913665771 250.096042950948 259.14192199707 256.304025650024
103.87110710144 115.419884522756 129.570742448171 142.814735571543 156.303991874059 168.820957342784 181.486626466115 200.848778088888 215.119024117788 217.5585826238 219.578623771667 223.471244176229 229.987104733785 233.334938685099 235.081791877747 238.67404460907 238.597095012665 227.640787760417 209.590872128805 198.684573173523 208.668371041616 224.465866883596 235.361695289612 238.396485646566 242.73286263148 242.619117101034 236.221849918365 227.316041787465 219.076832135518 219.241340955098 228.834966818492 256.776452064514 272.890627384186 272.210319836934 267.395714918772 262.986799081167 268.361310164134 273.389557997386 271.892289320628 267.662525177002 260.770698388418 250.304798285166 236.408829689026 232.9194744428 242.539902528127 256.100296974182 244.636178016663
85.6216748555501 85.4617555936178 93.2782888412476 99.3086198965708 108.080416917801 115.476111570994 124.72794453303 142.684280872345 164.555281400681 184.00106827418 201.659739017487 219.203968842824 231.36293888092 235.817551612854 239.259322484334 245.892504851023 243.097384770711 234.450161457062 215.976277987162 208.359579245249 208.30237865448 208.226939042409 220.834791660309 229.761679967244 230.718890825907 231.866896152496 231.976469357808 228.690405686696 227.485795815786 230.944136778514 235.496540864309 261.883616447449 269.293785095215 268.874486287435 265.240371227264 267.489155133565 269.956807295481 270.680904388428 266.581495602926 255.668977896372 247.296174367269 234.017113844554 229.493459065755 243.441085020701 259.194632371267 253.753066062927 233.370920022329
107.030312220256 90.7761752605438 78.3902804056803 68.6119943857193 68.9379920562108 86.9120955467224 111.47262652715 123.215069373449 134.146163860957 142.698715130488 167.339781920115 193.503638108571 210.821986198425 218.233903249105 225.406249364217 231.332977612813 227.3837129275 219.091395537059 211.911896864573 207.635541756948 203.809380531311 201.829393704732 213.656385739644 221.93302710851 225.162784258525 232.107798258464 232.495665550232 230.770150820414 229.662974675496 228.582342465719 235.86638768514 264.828562736511 265.448768933614 266.120254993439 263.290842374166 262.479762236277 262.020369370778 260.261257489522 250.733892122904 242.110371589661 240.55802822113 238.111853599548 243.332783381144 253.623207410177 255.891760190328 234.405755996704 206.175088882446
153.520087401072 123.280763626099 95.1844453811646 72.0875561237335 63.7063135703405 72.9331076145172 98.1191098690033 119.468500216802 124.650011459986 123.6585577329 133.377810319265 148.550699154536 159.449448188146 167.796810468038 178.331732749939 188.544015089671 192.701756954193 199.465374151866 207.227428754171 212.742189566294 213.302552700043 214.796721935272 215.124468008677 217.774450778961 223.390380541484 229.979952176412 232.124189535777 233.502487341563 233.150462309519 233.956038951874 248.518288135529 265.038748582204 262.335896492004 260.344942410787 258.246342341105 256.411413351695 255.594591299693 251.595516999563 241.603891054789 241.9580022494 242.232382297516 240.030487378438 241.852958997091 244.970977306366 233.601172765096 204.568306605021 177.849074204763
179.457128047943 152.256826559703 129.729052384694 107.187579075495 85.6602291266124 72.5819567839305 78.3200562000275 108.789364496867 125.929077466329 134.556025266647 130.616277456284 125.63223640124 121.394534905752 116.834074258804 118.902077277501 135.741233825684 150.622506936391 173.685590426127 196.581999460856 210.951129595439 218.467891216278 222.158074378967 218.796412150065 215.292314688365 220.185478528341 223.551472028097 227.467199166616 230.929414431254 232.888619105021 239.193360010783 253.009835879008 261.179049809774 254.1743516922 249.613642692566 247.766554355621 245.247066020966 244.656682014465 239.723483721415 234.535376230876 230.054994424184 224.32005405426 222.964704036713 229.658047358195 237.458010514577 227.822879950205 216.904520988464 229.048868020376
195.068160692851 181.6379626592 166.609605153402 148.036350806554 122.367282708486 90.5361672242482 69.412221511205 66.789577404658 99.0496377150218 131.232559680939 140.098174413045 136.597027381261 127.344071865082 116.320898135503 102.110713720322 105.552395184835 119.337697823842 137.698123852412 164.1958852609 186.793704827627 202.144900957743 213.989655176798 221.807221571604 217.174073060354 215.430239836375 213.98256222407 215.398947397868 217.864394187927 223.185777664185 233.372807502747 245.133956273397 249.151130517324 242.046395937602 236.254394054413 230.532745520274 228.817780812581 232.97385374705 229.56927617391 222.966273625692 205.984969933828 204.239726066589 213.823596636454 231.436848640442 243.372817834218 242.141803105672 242.843170960744 251.512984434764
164.807001749674 178.846855958303 180.689811706543 170.404473940531 154.323865969976 128.11678647995 94.8214828968048 66.0632302363714 78.7204603354136 100.079635779063 124.401460091273 137.383083502452 140.669266382853 137.53734032313 122.691412766774 113.084892431895 110.387911399206 114.539464314779 129.343370596568 148.30340941747 167.178829511007 185.068507989248 199.511329332987 197.932362556458 199.777682622274 198.390046755473 198.857665061951 201.394041379293 204.597353935242 216.711362202962 223.063468933105 224.634945392609 221.300601959229 221.204022566477 220.857421557109 222.670237223307 223.326901594798 223.082343737284 217.901269594828 210.573116938273 221.646904945374 235.142727692922 244.726300239563 246.925354003906 239.942312240601 234.823624293009 237.902005513509
105.498184760412 133.484234412511 148.184090852737 149.572988351186 156.439036130905 157.808641592662 137.332757314046 115.193724632263 83.4951400756836 73.7543255090714 85.6034557024638 114.566415548325 138.928731282552 152.621169885 152.78747677803 141.817380984624 124.853074550629 118.693053722382 117.385645707448 120.881189902623 130.972117185593 141.311595837275 153.824935356776 164.061367511749 174.585163593292 176.994522412618 178.269068400065 180.24476369222 183.511356512705 190.769791603088 192.073980967204 193.190077940623 202.381670475006 207.134743531545 211.846550305684 213.70271841685 212.505181630452 217.234333356222 216.761032740275 224.307795365651 240.819911162059 248.863458633423 251.08007589976 246.977607409159 238.479832808177 234.392821788788 244.966884454091
64.9035076300303 69.18765604496 76.9144594669342 101.494113604228 112.342566251755 130.438645680745 132.98158844312 125.957131385803 106.842001279195 79.4195234775543 63.9470716317495 68.0056264003118 87.6838664213816 113.652586936951 137.363255023956 131.506820519765 128.09020280838 122.440288464228 112.993071476618 107.527126868566 106.697181860606 110.786189635595 116.863469282786 133.054286241531 148.056924343109 158.662954966227 160.010159015656 160.965363184611 168.600002924601 174.150784810384 176.830391089121 180.446704228719 190.059145291646 194.245954354604 196.230053901672 199.96851682663 206.236720085144 211.405217647552 218.94238392512 235.672851403554 246.742188930511 249.978800614675 247.750163078308 244.689802328746 241.016030311584 242.911756038666 250.742614269257
34.7510129213333 33.2632561524709 34.4266568621 36.3942459225655 56.1115890741348 71.1278816064199 88.5277986526489 90.3397997220357 103.504717350006 89.8028612136841 70.1996187369029 56.6395272811254 60.6552064418793 79.4007927179337 99.0007519721985 107.715139786402 115.578095118205 118.846833705902 111.668626467387 103.295882542928 96.5120196342468 96.6495374838511 97.6488292217255 108.053535223007 118.334134419759 128.419836362203 133.185505867004 139.176150163015 147.010505199432 153.601586818695 158.512274424235 164.22559817632 170.169075330098 174.055218696594 175.753871599833 179.12216981252 190.004845460256 204.295833905538 213.572859764099 230.449855327606 238.527278105418 239.546616872152 235.784331957499 231.385886669159 229.814251263936 228.375494480133 234.715342521667
27.2654766837756 19.725805769364 15.8209862808386 11.9193233549595 5.56610276301702 7.99484737217426 28.3184175690015 48.015038172404 76.3585319121679 88.0954464276632 80.9198915958405 69.6708112955093 53.8831402858098 53.9253056049347 70.2563375234604 92.6243464152018 106.754968563716 112.101525068283 113.284140825272 108.792384465535 102.67432530721 104.00332013766 105.40368159612 107.332080602646 111.594965060552 112.72797981898 117.799828449885 127.774973710378 132.679979006449 134.885132312775 141.036748886108 146.947960058848 148.496766885122 150.211999813716 155.141691366831 160.796721776327 173.293650150299 187.545398871104 192.156811555227 203.505376974742 215.012192726135 216.710329055786 215.791702270508 217.042128245036 214.878757794698 215.831617514292 219.654043515523
27.651180823644 10.0538494686286 3.17319513609012 0.217315081196527 0 0 1.43506160626809 21.3512529929479 43.3448006709417 62.3538096745809 76.3319184382757 81.6613038380941 78.679546713829 68.6841011047363 67.6368176937103 84.8366916179657 98.782072464625 114.019195238749 122.122575839361 121.186792850494 113.342781861623 111.399551232656 113.762001196543 116.779406865438 118.330935637156 117.873052755992 123.319844404856 133.142133553823 134.051303068797 128.43190630277 132.784903049469 138.775477806727 141.175210475922 141.368051369985 146.621068318685 154.652774333954 160.50598025322 167.609055836995 171.756188074748 174.926201502482 181.626260280609 188.565691312154 198.614478111267 207.807580629985 205.32896121343 211.850523948669 212.55761384964
36.0019554694494 14.2644395430883 0.991032458841801 0 0 0 0 10.4359723627567 23.0417723457019 47.9482114315033 77.7560174465179 93.4943556785583 104.46306069692 99.4504888852437 85.5658352375031 84.0129156907399 87.9287918408712 100.037564833959 116.843899091085 127.727796634038 127.212037642797 123.096913099289 123.51060907046 121.855556964874 123.060534397761 126.721451679866 130.049049854279 132.742166519165 131.171454985936 126.431932051977 129.712800184886 135.400056838989 134.24488902092 133.769541978836 139.568914969762 143.569419781367 145.067691802979 144.447614749273 150.838087002436 152.175347010295 158.902515967687 167.47784614563 173.084239164988 179.740568002065 183.442274729411 190.996547540029 203.606983025869
31.9981798529625 17.3941192527612 1.43928142885367 0 0 0 4.83529611180226 11.3528097669284 23.7919315695763 40.0397852063179 65.4736409584681 94.2682226498922 111.785491307576 114.995658397675 105.594426393509 87.0068669319153 80.3781598806381 83.132932583491 98.5936125119527 120.199938615163 134.718358516693 129.615475734075 132.6511601607 126.807908217112 123.703688383102 125.360508759816 131.418198347092 134.900391101837 132.689555486043 136.166115601858 134.582390387853 133.014013369878 130.759467681249 129.642347494761 130.12100259463 130.445182323456 127.725303173065 123.910228411357 128.100623687108 131.123721599579 135.647555192312 142.180075248082 145.619740088781 149.10567800204 163.988212744395 170.831600824992 186.785936355591
27.6304284731547 20.623200883468 3.65213863551617 0 0 0.526157130176822 6.72749057412148 17.2680579125881 28.7737275163333 36.174992720286 50.319825609525 79.4886201620102 98.6643532911936 111.208309729894 115.618298451106 111.766984065374 106.097410122554 96.8361496925354 90.9073650836945 98.8357464472453 121.402432521184 133.1660648187 140.601416428884 135.359148184458 129.320045312246 129.766672849655 134.113103151321 132.325838009516 135.606398185094 149.103224277496 147.066642840703 135.461827119191 129.786809285482 125.375936428706 120.556801557541 119.254728158315 114.170074462891 113.017598787944 114.470918973287 118.779828151067 120.84819873174 125.182211399078 127.886166175206 131.162653366725 150.887310504913 161.629180113475 171.768426895142
23.5012571016947 23.1007287899653 12.5897551576296 0 0 4.70095314085484 12.0801168183486 26.7565945784251 37.4458680550257 42.6482409238815 50.5355497201284 61.301996310552 80.4095019896825 98.3171661694845 114.747375249863 127.114435036977 129.681924978892 118.244290351868 104.53055302302 93.3523078759511 102.599561214447 124.259392420451 132.587244113286 136.047740777334 135.536829630534 139.68167702357 140.039503574371 138.008495171865 135.215491056442 144.055128097534 141.528417666753 135.273804267248 133.937468131383 125.640978415807 118.908365567525 115.786244471868 112.500458955765 112.332085768382 112.887362639109 115.636934836706 117.774834235509 119.79278922081 119.499286015828 122.827877600988 136.083205540975 151.538530985514 161.189079284668
24.9654203653336 28.3728738625844 28.2312855124474 2.66825190434853 1.4269418704013 13.9561916391055 21.3036388158798 36.0706100861231 47.7679371833801 60.3948533535004 63.8411243756612 63.9371275901794 72.3767677942912 82.8939775625865 100.180437167486 117.55249897639 127.97690431277 129.661977291107 127.092937628428 114.327033360799 97.9889829953512 109.172473351161 117.978721857071 128.851354122162 139.437119166056 141.64270957311 139.16935523351 142.18333363533 141.514321168264 133.216957251231 124.803185462952 128.91544898351 119.819581508636 112.627277771632 123.412102460861 117.983400821686 116.2382264932 112.566232681274 112.64822880427 115.138590335846 118.772685527802 121.178716421127 120.808700720469 122.477372487386 124.659697214762 140.089452266693 146.952440341314
26.2092848618825 27.3423418402672 32.3360462983449 23.9092856645584 13.0051498611768 21.6855381925901 23.5815172394117 37.5520139932632 48.3882526556651 55.49056828022 63.4043912092845 60.5573356151581 60.8977874120077 67.8563266992569 84.573765595754 101.314355929693 113.923927148183 119.878153006236 126.151333252589 129.424591859182 121.112336715062 108.683427174886 111.035645008087 117.725114027659 130.637625853221 133.892953395844 137.379993995031 141.67915781339 138.224552075068 127.15008854866 113.342642784119 111.169964075089 104.646275440852 90.9167130788167 96.8397657076518 99.8490850130717 96.1326956748962 104.058712720871 105.730891227722 109.831760327021 116.5485282739 118.465234835943 121.628254652023 121.250847975413 117.301732301712 129.172434409459 129.838466644287
31.3453351457914 23.4934066732724 20.8988785743713 35.873090227445 30.9652239084244 29.6133433779081 22.5293685992559 34.9064990878105 40.5032907923063 46.0676501194636 52.861084540685 53.1321167945862 51.8822322289149 56.0639897982279 66.0997678836187 83.6026469866435 91.6655759016673 102.342635393143 113.473286231359 129.297226667404 134.363154570262 127.296507358551 126.627713441849 130.684286355972 129.311919212341 125.215391318003 124.593436717987 131.233404080073 125.212460756302 125.351667404175 112.670948108037 93.1697487831116 71.5487102667491 63.2309267918269 58.8343590497971 59.7211321194967 64.355805516243 71.2589571873347 80.487514535586 91.843843460083 93.1482513745626 96.2547262509664 103.65151365598 102.703313032786 106.154670317968 112.529446681341 115.682383378347
