input/barkrak2/radiation/dir29324.grid
NCOLS 85 
NROWS 70 
XLLCORNER 665100 
YLLCORNER 4664600 
CELLSIZE 20 
NODATA_value -9999 
[rows 22 to 43 of 70, columns 0 to 47 of 85]
85.9906077384949 79.8700501521428 57.0283532142639 52.910586198171 48.2735534509023 26.320810119311 32.8662022948265 32.8997224569321 26.9909972945849 30.844991405805 36.1686026056608 38.450467089812 43.1452095508575 44.00335252285 44.9808935324351 52.4906565745672 64.8834009965261 76.7688204844793 81.9055785735448 86.3236983617147 91.508815685908 107.592125733693 120.20089228948 123.879899581273 125.464687744776 116.639912128448 105.970243612925 98.3826915423075 91.5126502513885 72.6315726836522 53.0583808819453 27.2904386123021 9.5556378364563 0.90672013660272 0.153080666981017 0.317959891011318 1.51863833889365 4.37985546886921 11.717401444912 17.7052579820156 21.4369421203931 20.5605899294217 31.86929722627 26.3124853372574 51.4050275087357 71.9845046599706 79.1331281264623 83.3270251750946
121.312469244003 110.506355762482 76.2457350889842 59.2364619175593 53.1513591607412 52.3441731929779 47.4010904630025 34.2945208152135 27.4738619724909 29.1915436585744 39.1484946012497 42.7026053269704 47.5553969542185 54.0390908718109 53.2037516434987 54.1089077790578 62.2186462084452 73.5707034667333 79.1739871104558 72.693333029747 73.1490602095922 77.3728787899017 90.4079874356588 102.45606303215 111.645877361298 109.503924846649 100.591629743576 97.5632766882579 74.4447310765584 34.8610753814379 28.3210501074791 18.3912652234236 0.865337128440539 0 0 0 0 0 0 1.55334345375498 2.56310077384114 0 0 35.4324653744698 50.651490688324 65.6023472547531 71.1049238840739 76.3393143812815
120.474616686503 116.465707619985 94.7421888510386 64.3147230148315 45.1890379190445 51.6486217578252 46.9437142213186 42.204886674881 35.7890377442042 31.6171000401179 36.2705836693446 39.7528658310572 44.00435090065 52.4349510669708 52.8507729371389 53.2671560843786 60.6715381145477 71.2559322516124 79.3796132008235 71.368267138799 70.3265815973282 67.3245986302694 76.2862265110016 86.5689714749654 92.0850932598114 93.4297343095144 87.3037775357564 76.6591628392537 62.6083115736643 27.6800617575645 21.153857310613 18.7447145581245 5.16771214703719 0 0 0 0 0 0 0 0 0 0.751626988252004 59.9287798007329 63.8466378053029 65.7355388005574 67.9001112778981 72.5824683904648
106.492062409719 111.52387658755 104.809135198593 73.7691074609756 46.0060586531957 51.6151487827301 55.7977606852849 63.3916407823563 62.2244775295258 53.1011124451955 45.286292831103 50.4821886618932 51.72531803449 60.0548187891642 61.7506007353465 56.9840321938197 59.2295825481415 70.6027050813039 77.9021481672923 81.5485219160716 83.6556951204936 78.7892192602158 75.2667685349782 75.8172820011775 79.8568228880564 81.5972636143367 77.2761007150014 75.3268400828044 44.6319083372752 39.7687007983526 39.6080563465754 45.7236468791962 38.6373003323873 1.09697769706448 0 0.0157158913983343 0 0.00723305493011139 0 0 0 0 11.9735474387805 66.6860242684682 74.8402774333954 68.3508813381195 71.8110005060832 74.6386150519053
105.295995871226 110.865414142609 109.106947978338 83.6534599463145 61.7929796377818 67.7277545134227 77.7755975723267 86.6619149843852 93.580295642217 86.2586696942647 64.6286358435949 68.6949243148168 66.0401980082194 75.2510329087575 73.8915354013443 65.9957031408946 62.8071278333664 73.1530984242757 82.2656800349553 93.6944584051768 96.7230200767517 93.1558112303416 84.5206081867218 78.7542909383774 78.729326526324 82.0767780145009 76.7301420370738 80.6540797154109 72.4186499913533 71.9953626394272 80.4373522599538 102.21861799558 111.479818820953 90.8191204071045 13.0740726987521 2.46437390645345 1.89674894014994 1.74527972315749 0.377787315907578 0 1.12977810204029 8.45278923710187 44.3507184584936 65.3248578310013 68.9731438954671 68.0083980162938 62.0037366946538 64.2257233460744
107.211410999298 105.76456785202 106.184343496958 89.7002319494883 91.1404887835185 91.3724899291992 99.0875760714213 102.533837159475 105.100065469742 99.6899803479512 77.4839421113332 72.423905134201 71.2980180978775 74.068029721578 81.1347017685572 75.8258004983266 70.6669390201569 77.4518350760142 91.7998154958089 97.4395970503489 94.8210755983988 86.7471198240916 84.6018095811208 86.1593186855316 86.1201385656993 86.478720108668 84.5172107219696 92.2740598519643 107.594778140386 113.074282805125 120.656003554662 129.009713729223 139.336109161377 150.554875532786 108.269075552622 20.4972003897031 5.96428227921327 3.33481250951687 0.141047765888895 0 5.02006461222966 56.1441481113434 58.0639044443766 50.8282879988352 36.4322786529859 42.6664700110753 48.8991638024648 51.4447788397471
110.093096892039 97.9220271110535 99.0472833315531 93.7484403451284 112.180689970652 104.842126369476 100.724915663401 96.8094865481059 92.7449464797974 82.0770810047785 71.6082553068797 66.1768813927968 69.5814192295074 75.3682057062785 82.418218255043 86.2226188182831 79.7245105107625 75.8494287729263 87.9363119602203 91.7676786581675 88.4902079900106 81.8810363610585 81.981231768926 89.4821286201477 92.6903486251831 88.7815753618876 90.2614792188009 94.3194627761841 116.260786851247 129.944543043772 140.365809202194 149.815897146861 153.742631276449 159.832129875819 154.600461324056 79.1141440471013 4.38965360323588 0.161326926900074 0 0 18.2929933071136 47.0115840435028 45.8304683367411 16.987764587005 16.6518862048785 16.412320236365 20.0997466842333 31.271256506443
110.443512598674 91.429481903712 92.795471350352 100.796520709991 112.028141816457 103.5029788812 86.9127313296 71.0247904062271 59.2032174269358 50.9546895821889 50.2387185891469 55.0376574198405 64.2995436986287 72.4549690882365 82.3480784893036 90.0908907254537 87.2477889060974 73.1575340032578 77.7502059936523 81.3050419092178 81.7909936110179 82.3855549097061 82.6248625914256 89.692900578181 96.2028602759043 92.6226576169332 95.9539810816447 95.690925916036 111.585676670074 134.233762820562 152.720183134079 161.763350168864 161.60308321317 163.499693075816 175.574421882629 158.148239056269 69.9182053407033 4.69734830160936 2.54862351963917 3.12676994750897 8.36217279235522 16.7128642400106 34.0618342161179 6.35453437765439 5.17838386197885 8.05809224645297 15.6021391352018 26.6009122133255
107.694029808044 109.758148590724 134.010454018911 170.390566190084 144.11939183871 109.774549802144 77.268972992897 51.7057677110036 41.5947288274765 45.5211649338404 42.1821276346842 40.2525787552198 60.8623971541723 72.8988796472549 85.1872265338898 94.3926970163981 92.9182668526967 79.3666541576385 79.3993324041367 84.2392643292745 80.9255292018255 86.0124429066976 87.8177881240845 91.5445288022359 98.3132223288218 103.436191876729 101.900706688563 103.210002183914 115.190913279851 140.0559147199 161.435663700104 167.250355084737 164.187292257945 171.955327192942 183.607300122579 193.500419457754 166.92199309667 106.47772749265 35.130500793457 11.8979911009471 5.46206099291642 5.88357076048851 15.57316010197 5.16651570796967 3.49762104451656 7.8570544719696 14.4414231181145 25.7391085227331
122.584839661916 158.599187930425 207.781811555227 229.378004868825 210.458397865295 153.785566488902 101.646840572357 66.7954385280609 57.8531374533971 64.3833229939143 55.0545006990433 47.4594086408615 60.8666837215424 71.2768485148748 93.8099424044291 99.0097920099894 95.7989394664764 89.111049969991 82.2672992944717 85.27805407842 85.1160883903503 89.3617173035939 91.9853945573171 93.9036905765533 99.1791387399038 112.703065077464 112.711697816849 119.654546181361 127.374043067296 144.096771876017 162.518978118896 171.074509620667 173.292617003123 180.044849713643 186.232288678487 186.581492424011 183.560927708944 173.340082168579 103.714813788732 32.0160438617071 10.8584426343441 8.865753809611 2.87536842127641 5.57446045180162 10.0533446917931 12.0972308019797 12.3675887783368 14.6877045432727
184.946199258169 220.738391081492 243.43196551005 244.818349679311 244.523922602336 218.955874443054 173.633992671967 131.725579500198 105.374346176783 95.6111252307892 90.1279747486115 74.9202420314153 63.4642193714778 68.5396989186605 94.0005977948507 101.203034321467 93.8831071058909 95.218171676 85.8694016933441 83.7949613730113 87.2684419155121 89.8269315560659 90.7276670138041 93.0220385392507 97.9263583819071 112.607141335805 120.094478130341 129.129668076833 136.223077774048 145.595739285151 159.018625815709 170.889377593994 172.418415546417 169.34742530187 172.60605096817 160.58349609375 161.921401818593 149.330586194992 102.814376354218 52.0971715450287 22.5816095868746 22.0313568909963 11.4060615499814 5.26391714811325 6.23775211473306 7.12484990557035 1.93847079450885 4.0573567772905
234.219113985697 249.22243754069 252.592583497365 249.129295349121 251.402099927266 248.892188072205 227.6744445165 182.850877443949 143.585066000621 122.048695882161 121.843119462331 109.685768683751 84.2620730400085 79.9863189458847 90.6997521718343 95.356007417043 89.9537205696106 90.5068119366964 85.1556857426961 85.8445962270101 84.7522914409637 86.1442387104034 85.7275029023488 87.3612066109975 94.4339632987976 107.006798187892 119.228025277456 124.536941448847 133.280416329702 145.611524581909 157.639235258102 159.553339083989 149.885207414627 138.604005177816 141.280988852183 124.75793560346 125.331302483877 110.079189141591 72.6415812969208 38.1608133514722 43.5349593559901 39.8739129304886 14.5550593733788 6.85608138640722 3.16623536249002 0 0 0
245.295286178589 250.692268212636 250.416497389475 251.30961338679 251.427213350932 249.851127465566 244.190653165181 215.112864971161 164.972354968389 135.122030973434 133.101006348928 130.185276269913 113.181173801422 94.9781735738118 91.2118355433146 94.7707792123159 88.2702469825745 83.4957162539164 85.3063464164734 88.0831678708394 83.8908553123474 82.8067064285278 84.545244773229 86.8291258811951 91.1651154359182 98.9039440949758 110.687017440796 111.443758010864 121.75856033961 140.549053748449 150.760442018509 146.725873152415 139.197399218877 132.784028848012 124.825199445089 109.591255585353 113.813549280167 110.922118028005 90.9564395745595 58.8870892922084 60.0100457668304 59.9121252695719 30.7889630397161 14.7492823501428 3.11213172972202 0 0 0
239.533543586731 242.579321066538 240.115404129028 241.856793562571 241.949280103048 238.271832466125 234.906673431396 216.623683770498 174.928327401479 146.228045225143 137.824714183807 131.833006938299 127.774804830551 103.020290533702 95.4625904560089 98.94992907842 92.3275550206502 82.7595293521881 88.3516371250153 89.2727275689443 87.7508918444316 83.3863019943237 87.0575606822968 91.234693924586 90.616116921107 96.1974859237671 102.54775484403 104.037384192149 111.453692118327 132.376740376155 142.812808354696 140.236248572667 141.515711943309 142.523427804311 123.368620872498 116.413801908493 121.243447065353 128.273149331411 123.572488625844 87.4569018681844 41.8480386336645 37.9970868428548 9.7370445728302 0 0 0 0 0
219.553033510844 222.868959108988 224.739909172058 220.698952674866 220.854640007019 219.657301902771 223.960598309835 220.415711402893 184.257944424947 150.307496388753 135.927726825078 126.587430636088 121.226926644643 102.664321660995 92.0516749223073 100.057045618693 102.272848288218 88.2873932520549 91.8288429578145 94.8028365770976 95.0916409492493 89.7201100985209 89.8460845152537 94.8006908098857 92.3979580402374 92.6731328169505 100.728978713353 107.472320397695 112.682998180389 125.874410072962 139.268696308136 142.832577228546 142.857998609543 146.362066268921 126.72021985054 127.313594023387 127.823412418365 136.321604251862 136.169771353404 98.1088976065318 25.581715007623 5.35374879837036 0 0 0 0 0 0
197.857101758321 206.977387269338 217.361489931742 213.417847951253 213.057776292165 218.851506710052 225.740889708201 227.435151735942 205.701947212219 164.739261070887 141.346295674642 120.381365219752 108.32017660141 97.5197950998942 88.6891186237335 93.6211049556732 106.554667154948 96.8184272448222 92.7637616793315 97.2127914428711 97.366988658905 94.0222144126892 90.8651649951935 92.8675731023153 95.3378478686015 94.5220192273458 99.1887251536051 108.81711045901 113.889594872793 118.974715471268 133.097926775614 144.482026497523 145.51255106926 136.533707380295 122.110138336817 136.757959922155 141.396900018056 144.780268271764 143.170197804769 117.670059204102 22.0448722441991 0 0 0 0 0 0 0
162.355293830236 172.690272331238 181.831161181132 186.067819595337 194.620092709859 209.617416063944 220.962484677633 227.880775928497 217.327316602071 183.97053082784 152.408470710119 123.277962207794 106.108456850052 103.920976320903 94.3913062413533 87.9274109999339 101.164589325587 100.690464178721 93.2135979334513 92.7464763323466 94.6993629137675 91.2279585997264 88.8833602269491 90.1443858941396 93.4706727663676 98.9384750525157 99.8318195343018 105.580111344655 112.116793791453 113.372266292572 124.118695656459 141.093969345093 143.074562152227 123.457173506419 126.455783843994 149.64305361112 152.997195720673 149.702181418737 147.446682055791 143.183251221975 86.7766737937927 7.29748047888279 0 0 0 0 0 0
125.448445479075 132.756372292837 131.579697132111 142.600327730179 158.425807952881 176.326910654704 189.580241839091 201.464056968689 199.030856291453 175.281385580699 141.197443008423 116.315493981044 103.515019019445 100.981960693995 96.5211987495422 89.8329714934031 95.9182381629944 96.2004164854686 89.6110832691193 89.3358588218689 92.5861299037933 95.3607062498728 93.5640136400859 88.8277888298035 89.1599456469218 92.9546852906545 100.176235040029 104.786694049835 109.845618406932 110.735694567362 114.873419205348 128.069380919139 133.467296759288 126.717309157054 150.713016589483 162.521024545034 158.737083276113 151.353408892949 153.704931338628 167.316238085429 162.771274646123 96.7657764752706 22.6263130704562 2.01756864165266 0 0 0 0
114.250391721725 116.129299004873 115.974088509878 117.330978314082 127.083311478297 132.893900076548 137.039204438527 141.973833243052 140.350470940272 124.107261498769 107.782870531082 102.955470482508 101.925055185954 99.1559823354085 96.5730249881744 95.9429045518239 94.9084162712097 94.3672060966492 89.4815325737 88.0572497844696 92.4220681190491 97.8597601254781 100.728164116542 96.1298247178396 92.3250218232473 90.4289186000824 101.712514956792 105.197052160899 110.12198527654 111.8203997612 113.062570492427 121.155043443044 126.750598351161 136.832078297933 162.379771471024 160.7932249705 150.814404090246 139.628489812215 142.729918162028 158.764819304148 171.228508154551 165.862143039703 108.955641587575 32.0821851491928 3.57429465899865 0 0 0
122.884889443715 120.623062054316 120.205362637838 119.501531124115 115.253965059916 112.769305706024 111.170123020808 112.61926094691 116.815994183222 107.41138458252 99.8585224151611 100.67484776179 103.454311688741 103.949238856633 101.413398981094 98.3678897221883 92.9369032382965 101.424922545751 101.150612036387 95.2456593513489 97.2369015216827 99.5489756266276 98.13259045283 100.023587544759 100.776493549347 95.4797863960266 100.83594918251 106.49362206459 110.1968785127 111.839224894842 116.121113300323 120.769242445628 125.430842240651 144.821912050247 154.916177193324 149.210900068283 133.3327293396 122.538675864538 120.124061902364 132.680912812551 164.584984381994 172.111809253693 146.442780892054 80.2399814128876 18.7486534317334 1.6070253526171 0 0
128.469874461492 125.61692794164 127.954691648483 125.834574302038 118.994683027267 114.878197511037 112.136314312617 107.991437117259 107.353587945302 104.615221420924 101.949622233709 101.447959740957 104.895412921906 108.155091603597 108.182648817698 104.242593050003 100.342492262522 105.514764785767 107.324322064718 99.70956047376 98.3354647954305 96.4454611142476 92.7987893422445 94.3398276964823 98.6970762411753 95.0793921947479 91.89772605896 99.5931128660838 104.797810316086 107.687572638194 111.681203047434 113.268474737803 125.191738208135 146.255443493525 153.622925281525 134.516576925913 120.123565196991 117.46746301651 119.024177392324 129.925479491552 139.271338780721 142.315864562988 126.962771018346 89.9789830048879 30.1644007364909 0.720923611273368 0 0
111.820101737976 114.682098229726 123.240987459819 120.751102765401 123.663634061813 125.570744276047 123.716572920481 119.01260415713 107.176234324773 105.164706707001 108.784685532252 103.808710972468 103.635708491007 107.167422771454 108.41691493988 104.870776335398 106.848736604055 108.599334955215 108.54971408844 102.523684501648 96.5070724487305 93.7957763671875 92.3613409201304 91.4788742860158 94.2091147104899 96.5478618939718 92.6790833473206 95.3325132528941 100.713282823563 104.304065306981 102.034787336985 101.297030846278 115.017910798391 133.684029181798 138.026058673859 122.766683499018 117.573271195094 123.862206935883 129.468023777008 130.142500003179 125.491092602412 123.54235847791 116.285979747772 88.133305311203 40.7826031247775 0.309751058618228 0 0
