input/barkrak2/radiation/dir28124.grid
NCOLS 85 
NROWS 70 
XLLCORNER 665100 
YLLCORNER 4664600 
CELLSIZE 20 
NODATA_value -9999 
[rows 42 to 62 of 70, columns 0 to 46 of 85]
154.078672329585 150.42445063591 153.21210026741 151.841799418132 144.2884405454 140.822509924571 136.812468369802 133.156816164652 132.141679525375 129.654745260874 127.859115600586 125.844140847524 129.031757513682 133.564899365107 132.024983565013 129.377742608388 125.212709108988 131.864627202352 133.566747109095 125.468164682388 122.340073188146 122.214178244273 118.389785289764 121.413211027781 125.904937585195 122.03456958135 118.585874636968 126.556545495987 131.850123405457 134.825895229975 137.504945198695 137.539386749268 148.220409949621 170.755982398987 175.222357114156 156.202266613642 141.290009021759 138.83250951767 141.867180665334 152.888357639313 160.951435565948 162.551432847977 148.052374521891 113.693167765935 49.8114625612895 7.58686972161134 0
137.722462415695 140.479723612467 148.52112531662 146.208206812541 148.249755303065 150.672852993011 149.416983127594 143.39624842008 132.419327894847 130.184104045232 132.462481657664 128.184099992116 127.588450908661 132.472852865855 132.299820582072 128.46451997757 130.319664875666 131.877382596334 133.368869622548 126.934846242269 120.684305826823 118.036250273387 116.668174664179 116.987278064092 119.723518689473 123.559405406316 117.960095405579 120.630005995433 127.649009227753 129.850586255391 130.063056945801 127.444555362066 139.02939359347 156.448125839233 159.992237885793 144.10012960434 138.755619525909 145.84544301033 152.30804681778 152.932306130727 147.66126871109 144.825836022695 137.931009133657 110.265324513117 62.0313783486684 9.4713003685077 0
136.308431625366 141.183982292811 144.724110762278 145.197927951813 147.125611702601 148.938417434692 149.307062228521 144.50877904892 139.447470506032 133.453498284022 135.483771562576 131.47634267807 128.108898798625 126.021951436996 125.069618225098 125.761439402898 121.007959047953 127.716531356176 128.940323988597 125.539352496465 122.237702210744 120.199461778005 118.816783030828 120.179116725922 117.040812969208 126.04159116745 130.692621072133 127.692679564158 127.421329418818 127.716481685638 124.213169018428 121.349573135376 127.966433763504 133.139858643214 137.393792470296 137.166212002436 142.13972290357 152.866174777349 159.584045410156 148.724347352982 146.913210550944 139.955093463262 134.249130884806 113.596737384796 77.6122510433197 33.1126203139623 0
142.286439736684 147.40334947904 143.948664267858 147.962460915248 145.720581213633 145.882527033488 146.737068891525 145.363122224808 145.402808984121 140.455881754557 138.205230236053 137.508372465769 131.552120049795 126.002053419749 125.498980283737 128.607203563054 121.178199847539 123.873899380366 130.422512690226 128.200034300486 124.78502591451 123.930394649506 122.016757726669 122.329205274582 124.673108259837 124.116748571396 130.997161070506 129.404028256734 128.928383191427 129.175295432409 124.585449695587 121.763567129771 124.942153692245 122.315426667531 120.770325263341 121.433089176814 130.54887453715 145.633935928345 147.124071915944 132.883588473002 136.405686537425 129.881093899409 127.09919611613 124.383588631948 106.139421463013 67.1410411596298 23.9861582716306
142.554094394048 143.746773401896 147.07491795222 149.666657050451 148.826042811076 147.559692462285 149.688641230265 150.747795899709 147.126883268356 144.245912631353 143.002529939016 140.987773736318 136.062959829966 133.190353711446 131.506413221359 134.5274746418 132.174710432688 125.368068615596 131.407747666041 129.77464000384 126.289854447047 126.647929350535 124.94041522344 120.808025201162 130.515038967133 123.784323533376 124.943355719248 127.301196257273 127.231240272522 127.08173195521 126.954863468806 124.475002288818 124.245186646779 122.531036535899 122.634838024775 121.683736642202 125.247339407603 134.569029013316 136.507252852122 133.223553498586 133.567839860916 126.085937023163 130.864570538203 138.729751110077 130.564361810684 96.2576369444529 52.1202981472015
136.141240596771 138.850957155228 144.362658262253 146.764735380809 149.961203336716 151.412387688955 149.238407611847 148.525019486745 147.573441267014 149.596085151037 145.191530386607 140.410343805949 139.12778099378 137.995858987172 134.235620498657 134.043405453364 132.112820943197 122.89223074913 127.876400947571 130.940328041712 126.98299686114 126.922110716502 129.163642724355 121.088713407516 124.604115883509 124.382158120473 119.324187437693 123.461564381917 126.426259676615 126.022557417552 127.200424671173 127.361883719762 122.886468966802 126.708745956421 137.90691892306 140.137493610382 135.476400454839 130.87671995163 134.763608376185 146.006395419439 137.85375157992 128.321309884389 136.015991369883 142.175962527593 135.556121667226 114.509701728821 73.4519461790721
128.992021083832 132.570554812749 138.178298870722 142.515768607457 148.650884628296 152.73305773735 148.839741945267 145.96430460612 149.624347686768 150.714685519536 149.133096138636 143.806268771489 142.149209976196 141.976147890091 138.123730818431 132.122814655304 132.078309853872 124.704092741013 128.560175498327 132.731934388479 131.280819574992 130.147745211919 131.451080242793 126.843551794688 124.211659034093 127.780208985011 123.709658781687 127.15615828832 133.449057737986 137.056847413381 141.959428787231 142.073810100555 133.774330218633 137.159566084544 147.409538427989 153.100987275441 151.347766319911 141.228040059408 138.625681400299 145.123819510142 134.963542222977 126.625696818034 124.023209015528 123.146553834279 121.110717455546 120.063503583272 109.423498312632
128.491292397181 125.929524501165 130.524535973867 139.656921227773 145.089209079742 149.08887942632 151.478449503581 153.095503648122 153.973082701365 149.449129899343 150.837928056717 150.902271270752 146.009206771851 142.249127229055 139.438092708588 135.579138994217 132.954160372416 128.320634365082 131.440818309784 138.081133365631 139.281382163366 138.411343097687 134.752492109934 134.942561388016 128.292083740234 132.327328125636 132.99885392189 135.216842095057 141.969472169876 149.862031141917 158.184796571732 162.176956733068 151.815205812454 147.029062112172 146.439125140508 155.510773261388 158.578554789225 154.180953900019 145.10589838028 132.91343053182 123.651484648387 125.522504250209 123.848299185435 118.121882279714 114.124516646067 118.893146514893 113.398194313049
129.89267706871 132.340888182322 135.713756084442 142.318278551102 143.614153067271 143.833637237549 152.486304442088 157.007435957591 157.000382741292 155.425210793813 154.176265001297 154.431422551473 149.565398693085 144.072870413462 143.198221921921 145.880997180939 138.496448596319 135.874966780345 136.996934811274 142.862558364868 143.700738747915 140.812108914057 137.23169763883 136.254409948985 131.039629379908 137.637237707774 141.635040442149 140.71183403333 145.90244491895 154.548505942027 163.815955320994 171.656986077627 163.670539855957 150.792092084885 139.065126578013 140.67683617274 153.30559015274 160.715321699778 148.344973723094 126.307994127274 118.098050355911 127.879758675893 131.454904874166 126.080612341563 120.071212450663 116.519133249919 99.0443428357442
130.234221617381 141.168644030889 143.734743197759 145.659655332565 144.311646620433 142.798562844594 149.972865978877 156.218588352203 155.174831549327 159.249126911163 157.266040643056 155.731787284215 153.419365485509 147.405415773392 145.571331183116 153.527041276296 145.81095178922 140.359083811442 137.748062610626 140.775779883067 141.29779736201 139.610817035039 138.180126746496 134.303599596024 130.046904087067 132.294476032257 137.208998203278 136.34858528773 138.884921868642 146.317462126414 157.161504030228 170.210401217143 165.61433672905 141.086479028066 107.375234365463 98.9211599032084 120.223412911097 144.583602746328 154.937565326691 152.905484040578 146.890372037888 136.061877012253 120.291779438655 117.741247018178 127.087404330571 117.914179960887 94.4686532020569
133.907735347748 131.63415590922 131.546199321747 134.577731291453 142.138610283534 146.663218736649 147.215018669764 153.30046415329 152.343451976776 157.372842232386 157.349050045013 158.574849367142 157.473117113113 152.409712473551 148.489763339361 147.266248861949 148.5855281353 139.457782109578 133.703102668126 133.862366278966 133.340418338776 135.112146536509 136.111706495285 130.097736914953 130.085428555806 127.17538078626 128.922681013743 128.410438696543 128.658324480057 129.004021485647 135.29912630717 149.549225966136 147.803803284963 119.475851456324 83.1898748874664 63.818504412969 70.8664158980052 100.493103265762 137.193332115809 152.742922306061 156.174788872401 138.485372066498 113.900115092595 109.983116388321 120.920439561208 108.057906230291 90.1350776354472
138.666490713755 127.230038245519 123.822788397471 129.903535048167 142.055133978526 151.395986477534 149.890532096227 151.777406533559 153.790523608526 154.118984937668 156.217863162359 158.391286929448 160.753627618154 158.120314280192 151.816129684448 148.952623208364 151.026537021001 142.008413871129 136.938810348511 137.906392415365 137.433667977651 134.60053006808 132.824232180913 128.927071889242 127.071102460225 127.217352390289 125.364979108175 125.994235277176 123.047570387522 117.534120877584 110.148916641871 117.783725261688 118.924458821615 99.592794974645 83.7052265803019 64.987118045489 39.0334924062093 52.2613376379013 75.3082682689031 112.231969833374 136.661767959595 126.3421078523 113.711535930634 107.963820298513 101.435671250025 94.5568382740021 87.5895122687022
139.754215876261 132.978429396947 129.791339238485 134.462813536326 145.253707965215 153.382430473963 156.012028455734 152.397871017456 156.514545281728 153.992623090744 158.216923475266 159.494747718175 161.528239647547 162.46231396993 155.715922514598 154.941588640213 154.936919609706 147.827605406443 142.913530270259 144.380460182826 144.358495871226 139.821320772171 137.228647867839 137.005110581716 131.841917832692 131.184101104736 129.274715979894 124.797383944194 118.921866019567 113.582879304886 102.580020825068 107.569992542267 110.658834377925 109.843711058299 108.615974585215 96.8295037746429 68.6148951450984 51.7367621262868 46.4383612076441 58.9280873537064 96.7725018660228 102.145651976268 90.9510950247447 63.5290592908859 62.9199296236038 83.8137169679006 92.3087199529012
143.291155497233 141.453087329865 135.880768299103 133.511751890182 139.992932478587 152.894337972005 154.664178689321 152.969439824422 154.154678185781 159.543057282766 165.474146604538 165.72305560112 163.533369700114 164.450426896413 160.553405682246 159.518619378408 159.672756989797 155.616790056229 149.835954109828 146.670838197072 145.652423302333 144.366135199865 144.420733054479 146.681527296702 142.010500033697 137.974580128988 129.786471525828 120.666523774465 113.295694192251 107.520997524261 105.727851390839 113.175849119822 116.62690838178 128.097395102183 136.034985383352 133.297423521678 121.439238389333 102.676709493001 87.0722432931264 56.8503141403198 66.8479303518931 87.2811377048492 87.208499511083 74.6937841176987 75.4968027273814 93.9038097858429 121.687571207682
146.525283654531 145.737171173096 143.937478462855 138.248781363169 138.930767774582 150.009552637736 153.061151504517 153.605878353119 152.400116125743 160.732795794805 169.894099235535 168.802301088969 164.483606815338 166.37396812439 166.42572482427 159.57099199295 161.675721406937 157.697180906932 152.85004178683 150.555312633514 149.221400419871 149.655083815257 146.847456693649 145.276814699173 141.100227832794 136.093884706497 114.544957876205 90.4631416002909 86.5362385908763 93.6252772808075 104.119569063187 109.718064467112 115.302224953969 121.644854545593 135.997027158737 151.014457146327 144.381235043208 139.645844697952 140.235632658005 100.431481997172 71.7566559712092 89.9105767409007 107.438365618388 109.744489192963 111.081143220266 126.486490170161 154.23713127772
145.352224508921 143.058011929194 146.445542573929 145.823687314987 141.244153181712 145.775427420934 153.051435947418 154.400219519933 152.907182772954 160.265028476715 168.073773384094 167.875587940216 163.19548090299 165.768762429555 168.556233247121 158.19592277209 159.461816151937 157.204200824102 154.650866985321 156.684855620066 157.769759496053 156.557559967041 151.522050301234 144.774536291758 142.547468344371 139.764765898387 117.15030670166 93.4532582759857 92.3420091470083 101.893732945124 115.259985129038 115.610768397649 126.888006925583 136.730780204137 154.881666103999 153.206318616867 149.287541707357 99.5891392230988 80.8568149805069 103.782912095388 101.3223528862 116.834749778112 121.204823255539 103.8478910923 92.0618176460266 106.178889671961 132.416188716888
133.248378833135 141.687214374542 144.103944301605 146.458446979523 144.810060660044 141.158322493235 153.57627471288 157.669812440872 156.951934099197 159.944196542104 163.886467615763 164.676407972972 163.750062386195 160.429129997889 162.516593933105 158.153027296066 154.004494349162 156.639417012533 159.081061681112 160.887509584427 162.553519010544 158.595055341721 156.701703866323 148.876249790192 147.973169883092 148.244301478068 140.716254711151 133.319894472758 133.870234092077 138.471782207489 133.345554272334 125.331103801727 141.032745440801 154.694060484568 142.594794432322 135.640720526377 99.6650258700053 57.8872015078863 42.7441149950027 65.169354279836 104.884972174962 128.447612126668 123.256901899974 107.850909233093 96.4998205502828 101.383904616038 117.903490861257
122.477700312932 138.923247655233 142.324070135752 144.706865151723 147.032628456751 142.870585123698 148.398190736771 158.073723316193 167.43403673172 166.863679885864 163.706173499425 162.295291821162 163.427511850993 161.994725465775 161.434839169184 158.543268839518 153.519848982493 154.462705055873 152.525186538696 150.056103865306 152.035454909007 151.370654503504 149.28929011027 149.722198645274 151.4786084493 156.730363766352 166.515479485194 171.666502952576 157.571603854497 153.566251198451 140.383293231328 125.444074471792 135.703007380168 126.436680555344 94.9942966302236 61.5832010904948 59.056560198466 48.6738632122676 33.5593769947688 31.429335474968 38.8612151145935 90.4771387577057 120.825290679932 141.960173845291 156.211137771606 151.567220687866 145.110418399175
124.654054641724 135.525008042653 143.309692541758 144.979606072108 146.642794211706 146.799961725871 140.861590703328 152.092039585114 172.710398832957 171.270330746969 163.995186487834 160.367329915365 162.664701541265 165.072600046794 163.690706094106 159.90807612737 157.284369071325 153.637647628784 145.146270593007 137.500474850337 137.438267469406 139.954646428426 140.768607457479 144.305249055227 144.506404797236 154.480407635371 174.813528855642 186.923543612162 168.763915697734 156.457742055257 130.923837423325 115.837673346202 115.68158864975 106.793930133184 81.522211432457 53.3100018898646 58.7094873189926 70.9091325600942 64.0312333901723 47.031690677007 34.2739274104436 54.2919387420019 99.0836123625437 132.229149341583 147.348533074061 142.608453830083 135.269433259964
137.352625528971 140.727539857229 143.294036388397 139.091889063517 132.619301478068 129.135966300964 138.752728700638 142.999331156413 153.543760379155 151.932209730148 150.747348864873 155.68353732427 161.722848812739 162.521014610926 158.17936261495 159.691711266836 158.670077721278 151.534656683604 142.895142237345 136.290331681569 133.986473083496 135.151525338491 137.579739093781 139.846424261729 138.226797183355 143.078168233236 158.188074827194 165.648698806763 155.345022678375 140.629400809606 126.87411904335 108.126819133759 99.2210507392883 110.30704776446 101.709326108297 76.8045832713445 81.5742164850235 120.464553435644 126.214722792308 104.078362385432 66.7777458826701 53.8331270217896 74.1237302621206 93.4110383192698 92.1923816204071 99.615603685379 104.564646879832
151.040107011795 147.092233101527 143.328686555227 135.27700304985 123.604754606883 114.593187967936 127.758026123047 127.294301986694 114.447345336278 115.856111049652 132.443795601527 144.679735104243 149.43715929985 153.661539157232 156.646986802419 167.104045550028 169.191281000773 159.447381893794 148.981332778931 144.202470779419 139.233668645223 137.321313222249 137.950261433919 135.556697845459 134.014546871185 141.53003692627 144.135763247808 144.901196161906 140.871395667394 122.195065021515 124.184151490529 115.517735481262 106.384416421254 121.541221936544 123.252282540003 110.324839750926 103.93899679184 107.661187648773 114.581187566121 108.640174070994 94.3937102953593 75.2873321374257 74.037512143453 70.607453584671 48.969437678655 68.37497651577 82.8473965326945
