input/barkrak2/radiation/dir20624.grid
NCOLS 85 
NROWS 70 
XLLCORNER 665100 
YLLCORNER 4664600 
CELLSIZE 20 
NODATA_value -9999 
[rows 0 to 19 of 70, columns 0 to 45 of 85]
336.250821749368981 340.764244397481 342.450896898905 341.437300046285 337.866306304932 332.642714182536 325.078388055166 318.792919317881 323.274652163188 322.532594203949 319.65164343516 326.736609141032 331.730167071025 331.69957002004 333.06356271108 338.190793991089 337.91708946228 331.04286591212 325.029850006104 312.483628590902 292.717516422272 290.331204732259 308.631300926208 316.283643245697 313.55228026708 313.154896100362 311.004161834717 301.639676094055 283.522168795268 277.32261021932 275.125722090403 282.491266727448 296.312749385834 301.833669344584 306.967457135518 298.570056756337 296.541889508565 306.181967258453 304.338832696279 303.483605384827 294.638733069102 278.300484021505 287.587642669678 307.951708634694 312.823573748271 305.39204676946
327.720761299133 334.966580073039 334.299683570862 336.510856946309 336.416522661845 334.135890007019 325.589060783386 316.744009653727 320.234457651774 321.82651758194 316.847920417786 322.109321753184 329.090178012848 330.261905988057 329.450011253357 333.249847094218 332.352757453918 329.042792320251 326.807061831156 319.347123305003 306.113441785177 301.168958346049 308.119813601176 313.673873742421 312.814990679423 310.865998268127 308.620889981588 301.714301109314 286.955714225769 277.428269386292 278.807858626048 290.705402692159 293.485959370931 294.66301202774 305.982311566671 297.354539235433 292.454302310944 293.606698513031 290.631393591563 302.769541740417 300.529102484385 289.557675520579 295.670926570892 312.120536963145 317.257603009542 309.069534142812
299.622098604838 302.055458227793 309.394796689351 313.274641831716 321.37139638265 325.892408688863 327.35009988149 326.999068260193 325.551470120748 322.774350643158 315.273880958557 316.198130448659 324.456731478373 327.013293902079 323.458611965179 327.038168907166 330.449044704437 332.46115843455 331.230481465658 326.243241628011 324.023147424062 317.621966203054 311.283687750498 310.882608095805 312.487125396729 313.003440697988 308.027466138204 300.291577974955 288.80653778712 278.074363867442 277.373115221659 291.804154713949 282.001972198486 288.083612918854 301.691969235738 296.079377333323 283.065517743429 277.551213900248 287.726084391276 303.30769220988 303.740918636322 303.065737088521 303.713997205098 315.972328186035 325.428207715352 315.165837605794
282.401462395986 279.674092928569 280.643979708354 286.685665448507 292.511343955994 297.394076983134 302.14802424113 311.085104942322 320.641875267029 326.2540102005 325.00437895457 324.767112731934 326.740423838298 327.002465724945 324.031889438629 320.463220278422 322.524110476176 326.00075006485 329.019010066986 329.482118288676 326.968570550283 323.828975359599 324.181973934174 319.261113802592 317.127426465352 318.542738755544 313.73792886734 305.662155151367 297.434767087301 289.200206597646 281.237343947093 291.555504004161 282.009601593018 287.971278031667 293.994784355164 295.251687367757 289.608836174011 286.720852057139 302.371919155121 312.28377421697 308.64409605662 301.908910274506 297.492345174154 306.350588798523 318.02491346995 317.597647507985
298.300743103027 281.331320603689 268.876651922862 261.276523272196 266.005039215088 279.745777448018 295.344611008962 301.703413327535 309.38978989919 313.788851102193 323.107977708181 330.907762050629 334.243496259054 334.074258804321 332.554181416829 330.611189206441 328.11027765274 322.689751784007 324.294765790304 328.582882881165 327.040354410807 326.5620470047 330.104569594065 325.988451639811 322.372436523438 322.325507799784 317.389607429504 309.730887413025 301.874915758769 296.832680702209 296.498457590739 298.717975616455 292.289137840271 294.90872224172 292.060116926829 295.401096343994 304.643372694651 308.871388435364 315.664013226827 318.736652533213 317.288517951965 309.688766797384 303.596337636312 300.96709728241 305.929621060689 321.264684200287
323.85241985321 304.663399855296 284.880677858988 266.174614429474 258.843918641408 266.91726843516 287.959615389506 300.506472587585 303.101281325022 303.313453992208 309.336562951406 317.791879177094 323.219815889994 326.62300268809 329.982499281565 330.836554368337 327.973783016205 321.987350781759 321.768760681152 325.404802958171 325.2960840861 328.815201918284 334.181666374207 331.587851047516 327.674825986226 327.145318190257 321.449160575867 313.834567864736 304.321487744649 298.520525296529 300.210436185201 299.202720324198 302.507758140564 308.498501777649 303.137401739756 300.281484921773 307.503898938497 313.736001650492 315.730194250743 316.057046254476 316.517253716787 312.94580300649 310.591181119283 310.274879137675 307.88666009903 308.992544809977
334.203918774923 322.070399920146 309.7838362058 293.946206569672 277.484536170959 266.658902168274 273.314257462819 295.334299405416 304.838081200918 311.200102170308 308.452387650808 304.911653200785 302.00723807017 299.469212690989 301.172316074371 310.322761535645 316.899498303731 324.102401733398 328.557233015696 330.499927202861 327.645679314931 324.442168076833 330.854475498199 332.616845766703 331.134001413981 331.874171892802 329.111138979594 322.508931159973 313.406527042389 307.917376359304 305.686354637146 307.913998762767 319.347639878591 324.44695631663 321.329911549886 314.564029375712 313.184479872386 315.923531850179 317.922631899516 321.997582912445 321.283181508382 317.447563012441 314.49556350708 309.806664784749 295.653879642487 289.149562517802
332.645853360494 330.742736657461 327.252070109049 319.579064846039 305.350085099538 282.675425211589 264.747103055318 264.506777127584 292.076269785563 309.809307257334 314.430296421051 311.592062314351 305.829803148905 298.685232798258 289.656321207682 292.291124661763 301.287015279134 311.821301778158 324.523250261943 331.483562787374 332.129895687103 327.75350411733 328.833679358164 331.433812777201 331.338783105214 333.380222320557 332.305173079173 328.736404577891 323.131561279297 320.780694484711 319.900472958883 321.358104546865 329.667250315348 332.276086012522 330.802659193675 326.571663220723 321.858465671539 317.613184452057 311.827619870504 315.349578857422 322.309652964274 326.644897460938 327.682852745056 320.60444355011 305.593053499858 291.857520739237
329.255898793538 329.908887545268 329.418698946635 326.704502105713 320.398430029551 308.033267656962 286.556680997213 262.90241877238 273.114740848541 292.500774065654 305.94672759374 311.064044634501 311.483502388 310.010214646657 303.663988908132 298.994759718577 297.086179256439 299.301187197367 309.270441532135 320.131202538808 327.166775862376 330.748438835144 330.365816752116 327.825327714284 328.551252683004 331.806699434916 332.874417304993 330.812176068624 328.863680362701 330.817222595215 332.217653592428 330.967485904694 332.868734995524 334.028522173564 331.764757633209 329.874296983083 326.690832773844 319.202482700348 306.150714556376 308.579961458842 323.611219724019 329.326272010803 328.022539615631 323.03390900294 314.066827297211 305.328945318858
316.574374834696 321.774383385976 324.265996615092 324.050466219584 323.022782802582 322.510143121084 314.669231573741 302.684207757314 277.200659116109 270.177682240804 281.823217868805 300.606767336528 314.074138800303 319.233894348145 321.030577023824 317.106366157532 307.555774847666 303.297797838847 302.856822808584 305.253465970357 311.117748419444 315.193911393483 318.302849928538 320.698837439219 323.93079996109 326.28732919693 328.016658624013 327.078183492025 326.79961125056 330.03161350886 330.604334672292 330.730497837067 333.880186080933 336.098750432332 334.791421890259 330.881595611572 328.677872816722 324.8291015625 308.832287788391 306.806127230326 321.061074733734 323.92289241155 322.023451328278 319.343984127045 310.9343846639 302.30458577474
282.582481702169 292.962809403737 301.52960618337 308.035492897034 313.782890637716 318.527380625407 320.813814798991 319.252928098043 301.7258644104 282.232820987701 269.251883029938 276.091674963633 297.454675038656 313.955843448639 322.053750356038 316.607356071472 312.31955687205 308.627863725026 302.294452985128 298.439780871073 298.672159512838 298.419316609701 299.657980600993 307.995955149333 314.942161242167 319.27353143692 320.942997932434 320.552090803782 323.119481404622 326.039532820384 326.959351698558 329.019109408061 333.691914876302 335.436860720317 334.102511405945 331.430077552795 331.284562746684 331.432700157166 322.149018446604 313.534418741862 318.566203117371 322.124540805817 323.489089806875 322.942694028219 315.591911474864 308.057367801666
248.755832513173 253.394822279612 260.744154453278 270.454188187917 283.363540967305 295.961439609528 309.047917524974 313.186009724935 314.079701900482 305.429975191752 286.413232485453 270.096937815348 270.742217699687 289.961655934652 308.585445086161 309.62351957957 314.566195011139 313.275337219238 306.387523810069 299.078822135925 294.166922569275 291.753987471263 291.842142740885 297.794620196025 303.506334622701 306.772232055664 308.4743420283 311.311185359955 315.593441327413 318.483551343282 321.178158124288 324.373463789622 328.423241774241 329.781790574392 328.77117395401 328.412850697835 331.837117671967 334.27627881368 332.571446895599 326.428214708964 325.563152631124 328.483859697978 330.574671427409 329.416493574778 323.830763498942 321.481903394063
238.084455331167 234.170317649841 232.08757241567 232.117970784505 239.23130830129 254.074354966482 275.424381097158 291.790763537089 312.334338823954 315.072496732076 307.711084683736 290.984630584717 268.346349398295 266.384621461232 284.605662027995 304.253419240316 314.61371978124 316.107590993245 313.318292299906 306.888103485107 300.701141357422 299.842953681946 299.507101376851 300.217111905416 299.950480461121 298.87584845225 301.445364952087 307.63304233551 309.936324755351 310.912768046061 314.268847306569 318.163812160492 319.917519887288 320.136864980062 320.99974155426 323.829750219981 330.429514249166 333.914836247762 333.82777372996 334.337830543518 333.533883094788 333.248992760976 332.118451595306 331.671675046285 326.213041941325 323.622743288676
233.563542366028 207.512160142263 191.531121730804 186.203996340434 183.621923128764 189.644853274027 208.954413731893 241.249124209086 274.863839149475 301.045576731364 312.508702278137 312.882383664449 301.029086112976 280.812541643779 278.613527615865 297.795573870341 309.80392297109 317.639768123627 321.336547533671 319.415191809336 311.777075131734 309.446493784587 307.203729947408 307.10639556249 306.305766105652 304.343660672506 307.015478610992 312.758445739746 311.166822910309 307.127793629964 311.166286468506 314.870953559875 316.365659236908 316.698809464773 317.7809715271 322.212060292562 326.241691907247 328.918834527334 328.870356082916 329.253077507019 330.666422843933 331.748425960541 333.315173784892 332.73849884669 327.79864470164 324.724157651265
217.878123124441 181.464314460754 159.996648629506 155.76308965683 155.437846978505 160.413642724355 168.987611929576 193.146665891012 220.240811506907 265.6542857488 306.826551755269 324.305415153503 326.556881268819 316.209157307943 297.955513000488 294.578035672506 297.808806101481 309.045573075612 319.847007592519 323.682208855947 322.877049446106 319.364190101624 317.380626996358 315.439263979594 312.413314978282 310.932735602061 313.373684883118 314.766665299733 309.765716393789 307.253201802572 310.145378112793 313.454250494639 313.700079917908 313.8614098231 316.357652346293 318.009694417318 319.382925828298 318.721195062002 319.674551486969 319.725871086121 323.051234086355 326.298832893372 329.089999198914 329.125126202901 325.956304868062 324.927488962809
183.957775433858 157.862633466721 138.444185256958 136.634955803553 152.630547682444 174.819032351176 174.240390459696 181.861599286397 200.807909170787 230.58154185613 277.591387430827 320.574760437012 332.59524901708 331.34514093399 321.072955926259 300.269285837809 291.972359021505 292.813877264659 305.748502413432 321.820318698883 326.866726080577 323.762039343516 324.701428413391 321.418921152751 316.719055175781 316.312789916992 318.841397762299 316.135148207347 310.843368371328 313.294311364492 315.25989373525 314.040223757426 312.165260314941 311.522324879964 312.025904655457 310.628851254781 309.437374273936 306.59814675649 307.349582513173 308.623254299164 312.050024668376 315.846959749858 316.614727179209 316.951056321462 320.899804433187 323.408762613932
162.662953138351 152.466426293055 136.867662270864 128.563721974691 133.657077948252 155.982623497645 177.402257919312 183.290104071299 197.166164716085 209.212680657705 234.353323777517 284.626841545105 326.160550117493 330.828030904134 328.189730644226 322.282115618388 315.122882525126 304.332375526428 296.858370304108 304.236213366191 319.916625817617 325.763742129008 327.704012393951 325.031002362569 320.728679498037 321.686168511709 324.216564496358 321.248173713684 317.963163057963 321.90344731013 322.357813517253 315.481980641683 310.92631816864 308.707356452942 305.436333020528 304.607808589935 300.622900327047 299.728115399679 300.08057753245 302.496552467346 303.615132967631 305.811504522959 307.778716087341 308.588763078054 318.216105302175 322.655260562897
154.28951382637 156.737347443899 152.339557806651 139.980455239614 123.325963815053 136.522561311722 167.103826999664 185.736874739329 202.709039052327 215.554793675741 222.275455792745 250.80927213033 292.092541853587 325.034181276957 330.495615800222 332.043747107188 330.833971500397 323.764443397522 310.753305753072 298.75377813975 305.935502052307 322.917143503825 324.773252010345 323.955337206523 324.240148067474 328.029155731201 329.958498477936 328.30677429835 325.814664363861 327.308237552643 324.010848999023 317.009230454763 312.236785888672 307.858427365621 303.655465443929 301.616609096527 300.012469291687 299.28324619929 299.281974633535 300.811568895976 302.848120530446 303.102552890778 303.182562192281 306.272129217784 313.924054304759 320.456981658936
162.496308485667 173.142234484355 179.604152838389 168.097615242004 147.384822368622 150.07014075915 169.833938280741 190.995613733927 210.412383079529 229.788541793823 238.602598508199 244.263311227163 268.898685773214 294.276297092438 323.016424973806 329.976598421733 330.800215403239 329.936881860097 327.458063761393 316.621681054433 303.066988786062 311.675866444906 316.954553127289 322.060147921244 327.582319577535 331.851263840993 332.978467146556 331.997176011403 327.701290448507 326.873580614726 322.511454423269 317.892750104268 313.48059574763 309.181272983551 305.861671765645 302.756726741791 302.435298760732 300.490379333496 299.879391988118 301.343321800232 304.537653923035 305.711368719737 305.352906386058 306.6326379776 307.966391245524 315.98440806071
174.092173576355 179.496804873149 192.664662996928 203.179915746053 190.439383188883 167.678415775299 169.655879338582 181.313971678416 198.057115077972 224.4926293691 236.048519611359 239.760895570119 246.960699558258 262.304246425629 282.032608985901 306.308964888255 324.374894301097 325.628817081451 326.526363690694 326.095958550771 321.181893348694 310.997108618418 311.872899532318 318.040748437246 324.952443440755 330.235322316488 332.8937292099 331.568519274394 325.693488121033 325.078129768372 321.097095807393 315.553943316142 311.387062072754 309.568822383881 308.027843634288 305.092652638753 303.106745084127 297.316133975983 295.142610867818 301.806092262268 306.69113000234 306.984861691793 308.865964412689 307.580987612406 305.707196394602 312.722166379293
