input/barkrak2/radiation/dir20324.grid
NCOLS 85 
NROWS 70 
XLLCORNER 665100 
YLLCORNER 4664600 
CELLSIZE 20 
NODATA_value -9999 
[rows 20 to 39 of 70, columns 0 to 45 of 85]
186.698138713837 179.181118806203 194.731215635935 234.607716401418 229.944129784902 185.835758845011 172.736922899882 178.045213222504 190.897146860758 210.058252016703 225.098331769307 231.499493122101 237.372080485026 247.718115647634 264.223039150238 283.954203128815 303.824961185455 319.937427838643 325.384020805359 332.252184549967 334.873199462891 328.047653039296 326.899905999502 327.711860338847 328.911662101746 330.307761828105 332.517365614573 329.599181811015 325.416723887126 324.844479560852 318.557739257812 307.496805985769 298.27747742335 293.781797091166 291.564524173737 296.82054122289 296.953161557515 299.234867095947 303.859988848368 307.993988196055 307.794849077861 307.849526405334 309.039711952209 304.577072461446 309.117635091146 311.47966782252
214.805006980896 213.041484355927 229.399025440216 260.074337323507 256.134708722432 198.496222496033 183.078447977702 186.628858248393 194.522460301717 207.389632860819 217.683831850688 227.622449398041 233.932892481486 236.209909121195 250.334143638611 268.221577008565 284.823576609294 302.447537581126 320.135633150737 327.94052362442 332.361499468486 337.66758441925 339.437206586202 338.557481765747 333.938439687093 329.083661238352 325.924118359884 322.480777899424 321.898519992828 315.267781416575 298.433204491933 269.646485646566 248.934110005697 246.510883172353 253.908693790436 272.804796695709 280.386885007222 295.109311739604 303.838988145192 304.765482743581 303.000191847483 301.058987776438 295.546491940816 281.978666782379 300.366977850596 309.304555257161
255.491495132446 262.309650580088 267.687896887461 277.499357859294 277.628262837728 231.884857018789 206.97295665741 193.362017472585 189.874887466431 199.02096192042 219.220558802287 227.275411287944 240.592022736867 243.880271911621 249.038696289062 262.167771657308 275.175889333089 291.435718536377 303.503890832265 312.921623388926 317.558248837789 328.476866086324 334.442973136902 334.762771924337 332.042256991069 329.032321770986 324.915766716003 309.819539388021 305.207848548889 279.914220174154 242.725908756256 194.316844145457 171.578447024027 188.627282778422 216.797769069672 241.763949394226 259.103973706563 279.333213965098 291.608373324076 293.722192446391 296.910325686137 297.564129034678 275.693376859029 255.83020846049 282.334764798482 306.673487027486
277.07439661026 278.988162676493 276.547153790792 282.388587792714 282.123506069183 265.559295813243 229.49892282486 202.155272165934 187.17102209727 191.646913687388 214.513560136159 229.64483499527 242.637038230896 256.646911303202 256.528337796529 262.039919694265 271.971543629964 284.398078918457 293.487389882406 292.009234428406 297.510186831156 304.494599501292 316.029191017151 317.95076529185 310.94745794932 299.808402856191 280.183851718903 280.072172482808 251.02690855662 213.114619255066 174.963374932607 151.152074337006 121.007661024729 116.242329279582 129.435280958811 165.044049421946 209.423700968424 236.659566561381 253.282924493154 263.406813144684 262.879312038422 248.446762561798 234.251340230306 267.472624778748 266.054968039195 300.47337214152
269.56844329834 271.181265513102 278.332392374674 284.393191337585 274.992724259694 265.855034192403 238.529761632284 216.995636622111 198.582450548808 192.11486975352 208.308696746826 224.6000568072 237.663209438324 251.599629720052 254.192471504211 257.464985052745 267.584582169851 280.316412448883 289.359052975972 286.050319671631 291.932582855225 282.295644283295 277.648389339447 280.44589360555 282.61524438858 279.55436706543 272.348682085673 256.834387779236 227.334797382355 170.153478781382 150.549113750458 148.148079713186 128.512342770894 99.1255044937134 91.2855764230092 108.7926030159 150.367846091588 190.484801928202 215.512653191884 229.791939258575 219.624539216359 197.070161501567 218.388259410858 286.495010058085 281.09073638916 300.744811693827
262.958387533824 267.217636108398 278.072933355967 281.423131624858 276.441315809886 267.504115899404 248.040715853373 240.758121013641 233.950754006704 219.196279843648 218.344688415527 235.770603020986 248.85223309199 262.308239936829 264.704783757528 263.907591501872 268.781284491221 280.58119614919 285.179515679677 287.116785844167 284.761806329091 272.613942623138 267.212768395742 270.412087440491 274.36351776123 272.522350152334 258.78918170929 248.339434464773 202.381432056427 178.943594296773 177.037497361501 193.087259928385 195.87121407191 164.129197597504 131.111631790797 116.555571556091 130.933811267217 158.665498097738 190.071662267049 212.796231110891 193.955262502035 185.239255428314 227.133492628733 274.706463019053 294.417798519135 311.07485294342
264.59668080012 267.113308111827 274.685422579447 279.584209124247 289.316654205322 277.887304623922 263.434290885925 256.528774897258 256.223320960999 250.294407208761 239.742398262024 255.978067715963 265.010635058085 275.968988736471 277.679721514384 270.842432975769 273.294071356456 275.250593821208 272.863388061523 285.23979584376 286.884625752767 282.55828221639 274.815499782562 270.314534505208 272.839605808258 271.778424580892 259.687066078186 249.450484911601 215.140918890635 209.366043408712 230.202674865723 254.14510567983 259.109536806742 267.478148142497 241.133689880371 158.714483181636 146.880209445953 157.140254974365 182.635108629862 206.514855225881 203.805565834045 235.375046730042 237.88595199585 252.78627872467 286.556343237559 297.053774197896
268.665671348572 265.072882175446 268.076539039612 276.780188083649 311.853031317393 289.805789788564 272.754033406576 258.239567279816 259.176890055339 266.012211640676 258.773008982341 260.649979114532 271.739602088928 280.990819136302 280.67409992218 277.581810951233 269.237577915192 273.582895596822 282.692690690358 287.788768609365 285.497228304545 278.636654218038 275.449812412262 277.817030747732 276.197751363118 274.803260962168 268.916964530945 260.769963264465 239.881296952566 238.803585370382 261.850833892822 276.386618614197 275.991559028625 289.723773797353 308.472732702891 237.89644241333 175.901512304942 161.813388268153 174.412687619527 201.953013737996 241.548736890157 289.932409922282 249.001324176788 242.876430352529 270.327607790629 280.486365159353
266.447027524312 257.718900839488 261.474668979645 283.17670027415 324.926952521006 290.166219075521 264.550526936849 252.539118131002 256.736477216085 263.03368806839 259.83719031016 257.864654064178 270.425359408061 280.558486779531 279.761731624603 279.855926831563 276.92848443985 272.64678478241 280.109624067942 282.034277915955 279.359499613444 274.498045444489 273.464401563009 279.132743676503 281.615376472473 276.850124200185 275.359690189362 268.546521663666 251.182754834493 247.404257456462 269.624491532644 287.104249000549 286.774694919586 285.482923189799 304.529249668121 299.529234568278 208.553274472555 151.556144158045 141.473323106766 181.587179501851 250.968992710114 273.608883221944 242.52845843633 219.625035921733 242.021719614665 251.793225606283
259.726385275523 249.871949354808 257.880687713623 293.532093365987 322.288453578949 286.516388257345 256.422499815623 238.691389560699 235.059996445974 240.30880133311 239.197631676992 244.904140631358 264.386792977651 277.232905228933 278.483390808105 282.381693522135 283.588131268819 270.144244035085 272.837857405345 275.065700213114 273.948351542155 275.831282138824 275.453786055247 279.543459415436 282.015422979991 278.992215792338 282.209992408752 274.091303348541 256.713310877482 256.052056948344 275.423963864644 293.049057324727 288.65114847819 285.62472263972 295.049925645192 311.399241288503 289.729217688243 213.509281476339 167.516112327576 177.449425061544 213.659147421519 228.623986244202 230.323155721029 199.743370215098 210.700313250224 231.431523958842
248.660723368327 258.153955141703 287.80988852183 333.69235197703 334.053119023641 293.493151664734 256.503562132518 227.255781491598 220.900317033132 231.465220451355 224.417269229889 225.899795691172 256.375590960185 273.463348547618 282.91924794515 287.096440792084 286.932210127513 278.316934903463 275.532762209574 277.754108111064 276.865164438883 280.577858289083 283.793191115061 282.745877901713 284.660081068675 287.6957654953 289.708395799001 282.887578010559 268.584569295247 268.168886502584 281.746665636698 294.155438741048 291.221837202708 291.741808255513 296.354035536448 299.32979742686 317.734082539876 321.78529103597 254.676143328349 208.087563514709 194.053530693054 187.351743380229 207.32706785202 201.494952042898 205.281933148702 232.075234254201
267.295956611633 294.382095336914 316.158731778463 323.308249314626 348.276853561401 327.171703179677 289.04394308726 251.818954944611 236.797610918681 249.580105145772 245.134731133779 226.77485148112 241.629064083099 272.836585839589 285.432020823161 288.408656915029 287.21942504247 285.175522168477 280.883252620697 279.419740041097 281.633218129476 286.665598551432 286.681016286214 287.359774112701 287.405649820964 294.010162353516 295.844773451487 296.268463134766 286.228537559509 282.883842786153 288.119673728943 292.601803938548 294.407308101654 299.282352129618 302.314877510071 291.130979855855 298.557798067729 332.056403160095 321.915109952291 259.522378444672 209.63058869044 187.249481678009 190.732975800832 206.391274929047 226.572136084239 256.096343199412
301.617980003357 313.153624534607 306.11922343572 299.145658810933 316.93305571874 335.098107655843 326.271494229635 298.264384269714 273.27040831248 275.924682617188 276.897331078847 253.686984380086 245.701014995575 266.834139823914 287.23806142807 290.28199116389 288.326581319173 292.027533054352 282.443622748057 281.045397122701 287.177761395772 288.941442966461 287.331144014994 287.687679131826 287.742575009664 296.745042006175 301.09570423762 303.125500679016 294.688483079274 289.202312628428 296.703437964122 300.863325595856 297.159512837728 298.86919260025 302.9558857282 292.490323384603 292.1049396197 309.084792931875 307.871123154958 279.630760351817 248.38650226593 211.641033490499 195.79670826594 199.675599733988 220.66326936086 255.483249823252
297.862907250722 292.859554290771 286.464114983877 275.817672411601 276.692827542623 296.28058274587 314.432660738627 309.470653533936 295.847515265147 296.312133471171 295.708119869232 280.545711517334 268.30534140269 275.797108809153 287.611226240794 289.8055712382 287.409981091817 289.122482140859 284.690817197164 285.707215468089 286.145369211833 285.88871161143 282.865782578786 281.513253847758 286.439041296641 294.27448908488 300.79593261083 301.45005385081 295.641680558523 295.331199963888 301.632940769196 300.455987453461 289.277752240499 287.20478216807 290.494322776794 275.315860907237 272.97302087148 271.851897239685 261.813859144847 262.742320696513 273.260533809662 244.008600711823 217.397093772888 204.890886942546 206.084708372752 229.507764180501
292.933026949565 283.923029899597 289.927224318186 276.541034380595 269.025683403015 280.090272426605 304.515143235524 325.044314066569 317.201673984528 304.672678311666 294.569492340088 292.892078558604 296.398282051086 293.126742045085 294.289688269297 293.333907922109 289.623936017354 288.903335730235 287.423491477966 288.936138153076 287.817895412445 282.496094703674 282.783508300781 281.569163004557 285.081485907237 291.206240653992 295.400083065033 293.760418891907 292.957464853923 299.090186754862 301.659385363261 292.097727457682 277.075012524923 281.070351600647 279.317478338877 262.493173281352 263.72750600179 263.478298981984 267.482797304789 284.546752770742 286.635975042979 277.989864349365 252.66969203949 237.999041875203 216.994285583496 209.905564785004
311.40673160553 306.852877140045 315.676649411519 310.960511366526 301.227927207947 304.99146382014 320.409735043844 340.168674786886 331.574976444244 308.456063270569 294.414718945821 299.243569374084 310.78032652537 304.597496986389 300.140341122945 299.915472666423 298.43016465505 290.111760298411 289.992928504944 292.385300000509 290.144185225169 285.325010617574 287.669499715169 287.586748600006 286.246736844381 289.752602577209 289.469023545583 288.137873013814 290.977895259857 299.827416737874 300.14963944753 290.392776330312 278.798699378967 279.513200124105 270.840922991435 265.988926092784 271.186192830404 272.516508897146 282.835761706034 306.450426578522 275.162100791931 262.916048367818 252.712925275167 245.591302712758 225.610872109731 206.635197003682
332.600593566895 330.364902814229 332.748293876648 334.936102231344 326.129535833995 319.989681243896 324.96585448583 338.933070500692 334.039608637492 305.160363515218 295.955499013265 304.75914478302 314.686516920726 309.232274691264 299.24488067627 302.56720383962 303.647041320801 297.644038995107 297.885298728943 297.945280869802 296.088695526123 292.351941267649 291.301091512044 291.696230570475 288.804908593496 286.612292130788 289.515296618144 292.077978452047 294.976512591044 300.752282142639 300.234854221344 292.493601640065 281.333029270172 276.358763376872 266.821324825287 271.572371323903 277.572830518087 277.686019738515 280.484139919281 296.791712443034 261.453489462535 222.696999708811 209.501604239146 203.293601671855 200.577517350515 195.120930671692
341.859141985575 340.531190236409 337.854584058126 338.576594988505 332.439621289571 325.449268023173 323.456386725108 329.288105169932 334.377368291219 313.626170158386 310.520589351654 315.71102142334 315.477212270101 303.39378118515 298.056403795878 303.056359291077 309.090077877045 304.838279883067 300.842503706614 303.877890110016 300.658106803894 296.385725339254 292.020996411641 291.226824124654 291.876475016276 289.954821268717 292.263885339101 294.381578763326 296.98924223582 299.317240715027 301.543772220612 295.111874739329 284.140050411224 269.176741441091 259.933531284332 275.779684384664 285.14564037323 283.364097277323 274.384915828705 285.743554433187 261.559049288432 194.249391555786 166.295637687047 151.906232039134 153.059065341949 163.056115309397
341.572761535645 344.012419382731 344.488660494487 342.697660128276 339.75346883138 336.16038163503 331.251362959544 327.926635742188 330.311556657155 324.951171875 329.05912399292 325.777570406596 311.851501464844 311.128576596578 307.79222647349 300.047914187113 308.835665384928 308.940688769023 304.10760641098 303.1032482783 300.935208797455 297.533551851908 293.153564135234 293.811798095703 293.511907259623 295.251111189524 292.986432711283 295.603076616923 299.471894900004 298.589646816254 301.868279774984 296.877443790436 280.052443345388 257.429500420888 265.584429105123 288.314402103424 291.18287563324 286.072572072347 269.672493139903 274.68729019165 288.974483807882 238.418380419413 179.606874783834 152.442902326584 144.211073716482 141.776372989019
328.194995721181 332.123180230459 332.307875156403 336.180845896403 341.766754786174 346.137126286825 347.64301776886 346.401890118917 345.065832138062 343.913555145264 336.531519889832 321.289579073588 314.809540907542 312.829653422038 309.996088345846 304.879784584045 307.720383008321 307.013889153798 299.768666426341 298.862516880035 300.938069820404 301.200350125631 299.728671709696 296.510179837545 294.826130072276 295.134663581848 296.874145666758 298.183818658193 299.459556738536 300.543407599131 299.537301063538 297.172387440999 274.669229984283 258.42297077179 281.730075677236 296.72912756602 292.477230230967 287.982205549876 274.853607018789 272.207955519358 304.286003112793 321.58617178599 264.374752839406 210.452775160472 169.962366422017 145.317335923513
