input/barkrak2/radiation/dir27224.grid
NCOLS 85 
NROWS 70 
XLLCORNER 665100 
YLLCORNER 4664600 
CELLSIZE 20 
NODATA_value -9999 
[rows 21 to 41 of 70, columns 0 to 45 of 85]
82.5968086719513 69.9793994426727 61.5548888842265 81.81398610274 79.0660381317139 51.7114549875259 55.007482568423 66.1056687434514 71.9226847092311 77.8670310974121 80.5376867453257 80.2559852600098 80.5891454219818 79.4889678557714 87.5852604707082 102.80829668045 117.015461126963 128.813137610753 137.784908215205 154.010673364004 161.989132563273 177.428503831228 180.25141954422 176.064113775889 164.114743471146 151.322424411774 143.349627653758 138.117094834646 143.227994441986 125.360876321793 119.331022103628 91.5403068065643 71.5816169977188 52.461122473081 55.0100207328796 61.269740263621 77.3281554381053 98.598450422287 110.964526732763 124.883830547333 128.352065881093 132.48731692632 127.568423748016 112.35100030899 137.232085069021 148.348033428192
125.608444213867 122.85903096199 102.37987836202 101.641674836477 99.8897353808085 68.658838669459 74.8940308888753 76.1520614226659 69.7387556234996 72.3829021056493 80.1417132218679 81.8390995264053 88.3797903855642 88.2608791192373 91.6466911633809 98.3099738756816 110.667804876963 123.581945896149 132.303406794866 135.169049104055 139.667640129725 157.398521900177 168.32967599233 169.892946879069 164.357841014862 159.218996763229 141.961226860682 135.318487882614 140.238185723623 118.280877669652 85.3240191936493 50.5152543385824 33.9272345105807 14.461404333512 6.83613183597724 17.6845987637838 42.3565606276194 68.1423048178355 79.6439150969187 88.4835124015808 98.534087340037 108.988563219706 93.5021539529165 76.8894453843435 103.936970233917 139.57283894221
163.377602895101 155.160407225291 122.150639692942 108.646750450134 105.473031600316 102.516671021779 94.3614145119985 76.3715356588364 66.6143248478572 67.3253685235977 81.7598750193914 87.4780615170797 94.3545202414195 102.997283140818 99.5639562606812 99.7812251249949 108.228931824366 119.530141353607 127.512991428375 118.22364727656 118.95094315211 124.068895975749 137.801756461461 148.350367943446 151.246200005213 150.549540917079 135.854770739873 127.016574144363 106.753081083298 66.2780950466792 50.7101366917292 39.5726412534714 13.5094250241915 0.00989734265507044 0 0 9.38856974244118 27.7634089191755 39.4937122861544 36.2095832824707 47.7623244126638 44.4235155979792 49.6138334274292 88.3736610412598 102.421502272288 128.143846988678
157.939732074738 154.429197311401 139.573276042938 112.015376488368 96.3337222735087 100.457002719243 94.3742791811625 85.2333108584086 75.9677092234294 72.550560037295 79.8214177290599 84.4399034976959 86.5513583024343 99.3679960568746 99.0301370620728 99.2925365765889 106.289227803548 119.096507628759 126.423229773839 116.552114486694 116.903911034266 113.598545392354 123.169620831807 131.063640117645 134.417394797007 132.183372974396 125.442286332448 114.724864562352 94.9314832687378 48.8273799419403 41.4921194314957 40.9806917111079 21.5236097574234 0.132038228912279 0 0.380845391191542 5.30825741589069 14.3719191352526 17.3514684041341 20.2956236898899 13.6169667045275 15.8736680944761 33.3579853177071 114.157974720001 119.777679443359 128.168046474457
145.068804423014 149.827897548676 149.725119272868 120.681683222453 97.0787803332011 100.589374701182 103.622665007909 110.250145196915 108.907779057821 97.956379254659 91.4819141228994 97.312996784846 102.378129959106 109.143277009328 111.456324656804 105.028470357259 106.582343578339 118.192632993062 124.598970015844 128.877570231756 131.417274475098 128.367443879445 124.322791894277 122.001508871714 121.867368618647 120.073755582174 115.067183971405 108.22915037473 84.7222606341044 69.464181860288 67.4484074115753 77.5704483191172 70.937658349673 17.0321886738141 2.96708103269339 7.75717323025068 9.52666625380516 11.1976638436317 15.4293502370516 11.567742874225 7.779644181331 6.33898501594861 49.0634044011434 112.777332464854 138.262033462524 138.452112674713
144.01912689209 149.22950665156 152.668128410975 129.607538382212 113.86967698733 119.149734576543 129.613409439723 134.514619906743 141.242523988088 137.055814266205 113.89301220576 120.008488496145 120.251834392548 125.387887159983 123.84961048762 112.904965877533 113.127549489339 122.14669585228 129.443188508352 143.883496522903 147.503266731898 144.036193688711 133.073925971985 124.110321203868 124.076892932256 125.140766302745 115.094671646754 113.733549912771 100.858747959137 103.374987840652 116.509914398193 140.809426705043 149.489879608154 133.921921253204 55.9753278891246 23.2581521073977 20.7997237642606 19.9946922560533 14.2835130294164 6.88900115589301 16.1942181487878 47.4319756031036 90.1309649149577 110.890398422877 128.068149089813 122.580965360006
145.874530076981 144.497017065684 144.970178604126 134.640643994013 144.652793804804 145.219544569651 153.534760077794 154.618879159292 156.557023525238 152.10297703743 131.669521331787 126.534163951874 121.233324209849 121.438870827357 125.796496868134 121.846755345662 113.661696513494 121.869872013728 137.455115715663 146.923412879308 142.791936794917 133.390367031097 130.017479260763 130.998820066452 133.380750815074 131.572395563126 125.966191291809 127.115945021311 137.053986390432 146.515736977259 159.584144751231 171.374181906382 180.902759234111 192.000766595205 158.057192961375 60.4578852653503 32.9100042581558 23.395761847496 14.8842508594195 13.2236344118913 36.9529873132706 110.486934582392 110.476752122243 95.5443680286407 98.375529050827 92.5893386205037
148.489286502202 137.049247821172 138.212978839874 139.582693576813 167.115171750387 159.025937318802 153.457085291545 144.296824932098 140.439530213674 131.934742132823 124.333391586939 106.408844391505 112.427184979121 115.988125403722 127.11759408315 130.317022403081 124.573518832525 120.006799697876 131.790389617284 135.826607545217 133.554557959239 126.75009171168 126.240919033686 134.815057118734 136.456042528152 131.723423798879 134.088069200516 128.369430700938 147.981613874435 161.991834640503 179.600099722544 191.368778546651 198.366304238637 200.042506059011 198.094566663106 128.871222337087 31.0099398096402 10.0623636196057 5.82008001705011 11.7827641467253 55.1106830437978 102.106501658758 95.481942097346 67.4238304297129 65.2663658062617 65.746063987414
148.527810970942 130.552927652995 132.276346286138 148.026883602142 166.980544726054 157.334407170614 137.672185897827 118.439753850301 105.614284674327 98.1291731198629 94.7468479474386 92.4598773320516 98.5952417055766 114.391406377157 125.305185715357 133.811126152674 130.293279886246 118.004679679871 122.327427069346 126.806259155273 125.430603822072 127.910077571869 127.857436736425 134.175002574921 140.282293160756 137.162764867147 140.934924284617 139.492293198903 145.394464333852 167.53077507019 191.200792789459 204.785962899526 204.209129015605 203.297674655914 214.364965756734 202.651500701904 119.83127395312 35.3376070658366 22.9842116435369 26.4411071936289 48.5795835653941 64.1775379578273 73.7753808498383 48.090527455012 42.5582577784856 48.8037367661794
145.207991202672 149.462620417277 176.756978034973 218.540648619334 199.205915133158 164.129763841629 129.94314233462 96.8613028526306 84.624985853831 91.838945945104 78.7843465805054 73.7477689981461 95.3270097573598 111.814906199773 129.905134439468 138.707369565964 136.462926864624 124.57670768102 124.740978082021 129.91800904274 126.434504985809 130.655576785405 134.913265705109 137.305517991384 143.252243598302 148.992538452148 147.191077470779 148.231685161591 151.598831017812 178.365409374237 201.695183912913 210.525174935659 206.38249317805 214.04097477595 226.687471071879 231.721619764964 212.025284767151 160.534431536992 77.8382221857707 42.5171305735906 35.4152967532476 37.0664075016975 54.5585006475449 44.3575729926427 39.3137186765671 54.4605702161789
162.668923536936 199.572861194611 246.426145235697 269.58841085434 260.729948679606 211.656888326009 155.805875857671 118.136207262675 106.483072042465 110.427796840668 92.9283102353414 79.1183561086655 93.1008160114288 116.362333297729 135.137428840001 144.512474536896 140.015502770742 133.508106072744 128.066877524058 129.798879226049 131.588449080785 134.86976424853 139.279872179031 139.644414186478 145.803213119507 158.152610063553 160.016596317291 165.970245997111 171.838482220968 187.336564064026 204.464395840963 213.263968626658 215.775410334269 224.097371101379 230.030596256256 227.207501729329 224.462707837423 221.659739812215 157.097260157267 74.4391530752182 40.0196115175883 39.5098129908244 43.8001205523809 49.254318078359 57.4569801489512 76.8462816874186
223.721782366435 258.537312348684 276.906549930573 276.638448238373 285.614132881165 268.627365430196 228.222449620565 186.250408490499 157.731821139654 137.300252914429 132.151861985525 110.813518365224 95.6485569477081 113.234182198842 138.251354297002 145.789126555125 139.230668544769 140.429894129435 130.571226278941 128.912677367528 134.322265783946 135.653783877691 138.21283976237 138.788173596064 144.981920719147 159.884591897329 167.743702729543 175.33540725708 182.254056135813 188.037554423014 202.654620011648 216.29277865092 216.809233029683 213.48504225413 211.854159832001 201.831579208374 202.85693804423 199.954271316528 157.331655422846 100.41085879008 62.8221730391184 55.628776550293 48.7765073776245 50.3397136926651 60.0820084412893 78.3704221248627
266.113519668579 279.380698998769 281.129320462545 275.950749715169 281.504948933919 284.542361895243 266.902069250743 225.565095742544 181.865056355794 162.368009487788 161.733359098434 147.389779488246 122.271825869878 121.224224567413 134.08488035202 139.149218797684 135.181089242299 135.822395483653 130.644857883453 131.127258141836 130.473017692566 131.936053435008 132.971396048864 133.227149645487 140.616675217946 153.740773598353 166.316380103429 171.53278986613 179.550886154175 190.337061882019 202.832559744517 205.530325571696 184.360563755035 182.239274183909 177.080829938253 162.128895521164 162.564992904663 148.772795995077 115.938703219096 84.4371318817139 87.700754404068 80.3910990556081 64.5087609688441 52.8209755818049 51.9991368055344 64.2016530036926
276.106675465902 279.118478298187 278.337955474854 276.767055193583 275.390108426412 277.735074361165 276.906649271647 252.798755963643 205.341239770254 175.750454266866 171.538551648458 168.544987837474 154.650906721751 138.70777686437 135.00452041626 137.890517711639 133.730034033457 129.732032616933 131.678014993668 134.583453337351 130.433768033981 129.216174284617 132.218778133392 133.340815703074 137.904981772105 147.491008043289 158.312827348709 159.640421470006 167.811652024587 185.813864072164 195.652484893799 190.952142079671 174.719194571177 175.854504108429 162.274996439616 148.009240627289 151.891738176346 149.31450287501 134.180645147959 107.754915952682 109.772841135661 115.164279937744 96.3405966758728 80.5335839589437 61.7123196522395 52.9892196257909
274.934013684591 276.696900526683 274.379134178162 275.191346804301 273.801108201345 271.408240000407 271.215975284576 258.804659048716 215.066313743591 186.485727628072 172.29704062144 171.459118525187 168.754378954569 150.657842556636 140.983531872431 146.069288253784 138.497650623322 129.001826047897 135.028680165609 135.940531889598 134.637335936228 129.987210035324 133.817096551259 139.57878947258 137.529800335566 144.872297843297 149.791856606801 150.997141997019 158.056706190109 178.748885790507 188.123385111491 183.860977490743 182.169099648794 183.170060316722 160.68822145462 154.985189437866 159.686754147212 165.164609750112 168.109695116679 141.413509845734 100.637386242549 98.3861883481344 88.8068278630574 71.0391600926717 53.8294861714045 41.192963719368
260.184943675995 262.675325075785 264.489452044169 262.76022195816 261.450330416362 259.160061677297 263.951659202576 260.746995608012 226.516405741374 189.224978288015 174.223780632019 168.543775876363 165.647327899933 150.44230222702 139.805138111115 147.702882687251 150.246242682139 135.638157526652 139.499058326085 142.387370268504 142.781386772792 136.952459812164 136.94022099177 142.329613367716 139.60345586141 141.259461641312 148.075719674428 155.900239944458 159.891347090403 174.274881680806 185.183028380076 186.793208122253 183.872838815053 180.73966105779 163.382818301519 168.42512289683 170.548319816589 177.189826965332 172.456860542297 148.755103349686 79.2329957087835 58.8708470265071 49.1301367680232 31.5123374263446 29.7464703520139 32.0582985877991
242.662171522776 250.423669815063 257.377803325653 255.511204401652 254.575192928314 258.492867151896 265.322744846344 267.4573858579 243.749996026357 203.682521979014 182.264884312948 164.725591739019 155.328939358393 144.845505555471 135.988791783651 141.606330871582 154.799938201904 144.701659679413 141.972968975703 145.030866066615 146.781146526337 141.561110814412 138.094206651052 141.719768444697 142.749925454458 141.707211732864 146.579871575038 157.618761062622 161.352733771006 166.351179281871 179.71400419871 188.93031279246 180.521746476491 171.955148379008 158.873349428177 177.967925866445 185.012479623159 188.3185505867 178.073287010193 163.59664996465 71.290135383606 30.2655349175135 13.1921333571275 11.5353477497896 11.9887950519721 12.6725162069003
209.642231464386 218.883017698924 227.235436439514 232.171515623728 239.469508330027 250.779012838999 260.911762714386 265.917102495829 256.768743197123 220.672567685445 192.327320575714 168.755054473877 154.510051012039 151.175230741501 142.619510491689 135.752419630686 149.74315961202 149.006128311157 142.54363377889 141.886601845423 143.993427356084 140.149722496668 136.03279987971 138.827532529831 142.212152481079 146.362046400706 147.277653217316 152.987857659658 159.626483917236 162.170042594274 171.317438284556 186.547696590424 178.228576978048 159.78733698527 166.125218073527 191.16735458374 196.5278784434 193.597892920176 181.29559357961 183.905879656474 135.820577541987 48.3327408631643 18.0809559921424 12.6291699707508 11.9204893708229 11.3098000486692
174.110412597656 180.185596148173 179.869294166565 190.584282080332 205.453038215637 221.967458724976 235.076626141866 245.172639687856 241.283814112345 219.058116277059 187.985857327779 164.022346337636 151.267339785894 148.367802302043 145.056307315826 137.755443652471 144.159475962321 144.362658262253 137.422641118368 136.848588784536 140.127201875051 144.550114870071 142.47872432073 138.91527056694 137.613276640574 141.465902328491 149.00615811348 152.232855558395 158.676703770955 158.11808904012 162.208060423533 174.242734909058 170.23632923762 164.76379831632 190.959890683492 205.411632855733 201.088706652323 193.462014198303 193.621039390564 206.000288327535 211.441278457642 160.942693551381 74.9917030334473 37.6421685020129 23.7622857093811 11.1331592003504
162.330706914266 163.959840933482 163.808683554331 165.744254986445 174.227635065715 180.800239245097 184.711158275604 189.078867435455 188.346326351166 170.399725437164 155.876189470291 150.839120149612 149.773975213369 145.427525043488 143.836200237274 142.672677834829 143.180876970291 142.544170220693 137.31371363004 135.388235251109 141.540924708048 147.16762304306 148.524572451909 145.200550556183 141.004353761673 138.802389303843 149.105280637741 154.144763946533 159.041980902354 159.236858288447 160.41840116183 166.498164335887 164.325336615245 177.163581053416 203.719675540924 203.584333260854 185.07577975591 181.253612041473 184.321244557699 197.285234928131 215.508659680684 226.469258467356 179.262220859528 94.5941209793091 44.4499750932058 25.7939745982488
170.770585536957 167.689243952433 167.946616808573 166.983385880788 162.497252225876 160.957475503286 159.237881501516 159.312168757121 164.19506072998 154.452294111252 147.014379501343 148.786048094432 151.321858167648 151.79298321406 148.75739812851 145.203640063604 141.153554121653 148.567229509354 149.445156256358 142.815430959066 144.694695870082 147.338072458903 145.837763945262 147.657364606857 150.007724761963 144.23139890035 149.779289960861 155.571361382802 157.668848832448 159.190515677134 162.128686904907 164.980779091517 168.647785981496 186.76503499349 199.568033218384 183.778941631317 169.829626878103 159.972806771596 162.151416142782 174.642741680145 206.408341725667 221.809605757395 202.125271161397 144.715915123622 73.5844224691391 40.4150957862536
