input/barkrak2/radiation/dir27124.grid
NCOLS 85 
NROWS 70 
XLLCORNER 665100 
YLLCORNER 4664600 
CELLSIZE 20 
NODATA_value -9999 
[rows 0 to 20 of 70, columns 0 to 45 of 85]
201.947291692097991 216.419120629629 232.346038023631 251.580079396566 260.651151339213 260.743220647176 253.283242384593 247.805555661519 249.222079912821 251.081109046936 250.258564949036 251.687169075012 250.478903452555 251.188596089681 253.255128860474 244.562029838562 233.413100242615 222.417632738749 216.301341851552 205.422600110372 201.699455579122 215.904752413432 242.499192555745 250.251909097036 252.232015132904 262.54399617513 261.359314123789 247.161249319712 231.369972229004 229.279239972432 225.21036863327 245.213826497396 288.359701633453 288.191099961599 283.973475297292 271.096428235372 275.388240814209 290.252268314362 286.693414052327 285.81968943278 273.63109588623 273.964921633403 285.834153493245 285.844008127848 274.848262468974 277.549306551615
180.335541566213 197.05202182134 212.635119756063 231.912672519684 245.117902755737 249.688148498535 247.711638609568 249.102791150411 257.871846357981 256.914536158244 252.961138884226 252.033789952596 251.883784929911 252.510150273641 252.337872982025 243.874629338582 237.812697887421 229.264458020528 224.520325660706 212.84027894338 216.125647226969 235.863248507182 256.086627642314 259.259462356567 263.319611549377 267.542461554209 262.842317422231 250.382622083028 236.27777894338 231.112976868947 231.938481330872 258.869846661886 289.132157961528 288.578728834788 283.648808797201 272.914091746012 278.52588891983 290.234128634135 285.185714562734 288.020332654317 279.070595900218 276.037414868673 274.548649787903 274.325370788574 272.362907727559 277.69676844279
142.853657404582 156.11007809639 167.95555750529 181.237578392029 195.392807324727 206.168651580811 216.822822888692 231.837729612986 245.130976041158 245.552738507589 245.555758476257 249.165813128153 258.081694444021 262.029031912486 260.065038998922 264.543930689494 265.455861886342 256.293296813965 240.116755167643 229.357719421387 236.545940240224 249.627490838369 257.822771867116 260.335902372996 265.907565752665 264.42019144694 258.620222409566 249.648729960124 240.579803784688 238.803585370382 246.833682060242 274.333794911702 288.652221361796 288.108348846436 282.912194728851 276.988089084625 283.360600471497 287.307421366374 288.145740826925 285.798271497091 277.585923671722 268.583238124847 257.465402285258 256.450692812602 267.061750094096 276.000817616781
123.703569173813 125.190148750941 133.447508017222 139.741579691569 146.791170040766 152.300834655762 160.64864397049 177.836000919342 199.399729569753 217.521091302236 231.608351071676 248.356103897095 260.447462399801 264.932294686635 267.468730608622 273.152629534404 270.953059196472 260.568499565125 245.139340559642 238.037784894307 237.581789493561 236.679593722026 248.24595451355 254.464268684387 255.506654580434 256.377021471659 255.788147449493 251.61071618398 249.229808648427 250.800649325053 253.31578652064 279.485762119293 287.264545758565 287.235140800476 283.463994661967 285.640935103099 286.288837591807 286.63424650828 285.611053307851 275.188664595286 267.273485660553 255.418280760447 250.767091910044 263.844509919484 279.985586802165 274.294912815094
146.203696727753 129.142224788666 116.069555282593 106.264173984528 107.61296749115 126.013259092967 147.941619157791 159.493019183477 170.563399791718 178.867797056834 202.094693978628 227.26712624232 243.118007977804 251.244167486827 257.570008436839 261.440296967824 256.831785043081 246.85792128245 241.345842679342 238.540331522624 233.432749907176 231.576323509216 242.845237255096 248.470902442932 251.652280489604 257.464905579885 256.630480289459 253.973225752513 251.740078131358 249.961932500203 256.180981794993 283.934315045675 285.952568054199 286.139011383057 280.689656734467 282.11255868276 283.538500467936 281.86963001887 271.775464216868 265.682419141134 262.968500455221 259.757936000824 263.158996899923 271.590073903402 275.829195976257 260.382453600566
191.336770852407 161.768039067586 132.858494917552 108.898907899857 100.24493932724 111.228615045547 137.445956468582 155.876557032267 160.621325174967 160.17010807991 171.270092328389 185.91320514679 196.80780172348 204.226434230804 214.073121547699 223.189155260722 225.639303525289 229.478716850281 236.741801102956 242.384095986684 242.09056297938 245.064457257589 246.349612871806 246.571640173594 250.937362511953 256.817817687988 256.747345129649 256.877342859904 255.147735277812 254.878958066305 268.624047438304 285.935123761495 283.553699652354 283.497393131256 278.052647908529 275.892575581868 278.019865353902 273.860196272532 264.592905839284 265.569090843201 264.736473560333 261.947890122732 263.184746106466 266.199688116709 257.097860177358 231.188992659251
216.354886690776 189.507206281026 167.163153489431 144.70903078715 123.033076524734 110.357344150543 117.615381876628 147.710661093394 162.621915340424 171.397844950358 168.180366357168 162.701626618703 157.847513755163 153.501669565837 155.858248472214 172.644058863322 186.6188844045 208.20426940918 229.123016198476 242.290457089742 248.5098640124 251.183708508809 249.605158964793 246.818423271179 249.254862467448 251.766860485077 254.782736301422 256.219506263733 256.209413210551 260.815461476644 273.632327715556 281.452814737956 278.680284818013 275.184353192647 272.699554761251 267.617265383403 267.533977826436 262.980659802755 258.790075778961 256.126403808594 250.505705674489 248.706221580505 254.19541200002 260.096311569214 249.439597129822 238.483746846517
228.994727134705 216.60723288854 202.804664770762 185.001095136007 159.883787234624 128.218740224838 107.13924964269 104.573180278142 141.229013601939 168.605268001556 177.432517210642 173.325856526693 163.753638664881 152.979294459025 138.784279425939 142.461429039637 156.11457824707 174.220581849416 200.382689634959 222.393612066905 235.583782196045 245.201150576274 251.915097236633 248.250146706899 246.588746706645 245.810131231944 246.931215127309 248.385707537333 249.499122301737 258.643984794617 269.021133581797 272.876143455505 267.915288607279 263.166864713033 257.781684398651 255.576014518738 258.565664291382 254.853030045827 247.887670993805 233.323931694031 232.950389385223 242.923061052958 259.475032488505 269.382258256276 263.673981030782 261.788845062256
220.360159873962 220.648189385732 215.261499087016 205.556929111481 189.960896968842 164.802610874176 132.403830687205 103.283226490021 117.335130771001 140.753567218781 162.178913752238 173.571268717448 176.178733507792 173.120021820068 159.420281648636 150.469958782196 147.649983565013 152.57853269577 168.124695618947 187.313278516134 204.677939414978 220.82781791687 232.599536577861 230.379601319631 232.251981894175 231.87251885732 232.621590296427 234.366039435069 236.690004666646 246.206959088643 252.308229605357 252.552469571431 249.886711438497 249.199668566386 249.305546283722 250.679314136505 250.87050596873 249.495247999827 242.514769236247 236.189623673757 249.368647734324 263.092339038849 271.951158841451 273.263136545817 263.589203357697 257.337252298991
185.348292191823 197.057644526164 202.842970689138 202.843884627024 199.368039766947 193.863173325857 174.726525942485 154.199282328288 122.092356284459 111.361523469289 125.51873922348 152.498453855515 176.384468873342 188.689271608988 189.671893914541 179.666221141815 162.696947654088 156.932940085729 156.097332636515 159.778833389282 169.465442498525 178.14165353775 189.499258995056 198.846459388733 208.962221940358 211.854616800944 212.874551614126 214.267134666443 217.034240563711 223.936835924784 225.35518805186 226.373334725698 233.103414376577 237.680613994598 241.68070157369 242.784778277079 241.490145524343 244.725008805593 242.075085639954 248.174945513407 266.053875287374 272.922515869141 275.888800621033 271.928409735362 262.434562047323 256.87845547994
105.974892775218 128.146201372147 154.806037743886 168.311715126038 180.113037427266 188.757359981537 190.012613932292 183.004677295685 152.487893899282 125.387340784073 110.113660494486 118.16464861234 147.252609332403 175.70706208547 192.657093207041 181.587338447571 172.752877076467 164.115717013677 155.21361430486 149.424423774083 149.804691473643 149.412125349045 154.59018945694 169.980645179749 184.673945109049 193.781316280365 195.519189039866 196.143488089244 202.932377656301 208.187878131866 211.589972178141 215.409417947133 225.473364194234 229.846199353536 230.223298072815 230.526864528656 235.495547453562 240.797638893127 245.658755302429 259.010195732117 269.277413686117 272.457381089528 271.926124890645 269.12126938502 264.748513698578 265.199104944865
63.2806420326233 67.4902349710464 82.3219915231069 94.46781873703 110.901474952698 145.643969376882 166.352619727453 173.371156056722 173.998057842255 158.431271711985 130.048582951228 109.057645003001 111.33748292923 136.44806543986 165.811518828074 170.958936214447 177.811185518901 173.669298489889 162.055571873983 150.391042232513 143.438835938772 141.073922316233 141.29384358724 151.067495346069 160.391171773275 167.29325056076 171.577413876851 176.437298456828 184.139907360077 189.522266387939 194.804151852926 200.038472811381 206.605235735575 210.345486799876 211.291670799255 214.0118877093 224.90664323171 236.752867698669 242.906252543132 256.999055544535 264.055490493774 264.190634091695 261.203070481618 257.351299126943 255.284090836843 254.418392976125
50.7044494152069 48.136959473292 40.1864722371101 31.5091485778491 46.4751670757929 62.063604593277 87.3112380504608 111.434360345205 137.445668379466 151.263892650604 152.463654677073 128.620644410451 101.779898007711 99.693367878596 121.311326821645 154.853999614716 175.889213879903 179.217576980591 173.485239346822 162.92812426885 153.261055548986 152.811656395594 152.278771003087 153.167615334193 154.250303904215 153.933316469193 158.426860968272 168.134729067485 172.325948874156 173.855066299438 179.594834645589 185.005386670431 186.372796694438 188.439925511678 192.156294981639 198.05516799291 210.121552149455 223.962148030599 227.76718934377 238.122940063477 244.28246418635 245.755751927694 244.846999645233 245.892147223155 242.405553658803 242.927968502045
52.5949249664942 32.3085238536199 14.9657515188058 9.61675867438316 3.38461964080731 3.43423895537853 19.3545880417029 46.9460884730021 80.2842130263646 102.105309565862 128.389328718185 139.544914166133 127.323051293691 108.997454245885 107.589493195216 131.266891956329 147.201855977376 165.813098351161 179.04406785965 181.064168612162 168.654064337413 167.0756538709 164.232571919759 163.733462492625 163.790037234624 162.177503108978 164.636313915253 174.143711725871 174.455006917318 167.171200116475 172.827084859212 178.695360819499 179.665128389994 179.957946141561 184.537291526794 192.562222480774 198.340217272441 204.983830451965 209.572831789652 212.308347225189 217.609882354736 224.252422650655 231.718361377716 237.765113512675 234.149654706319 239.556113878886
63.6882583300273 32.2168742616971 10.8632730940978 3.51198172817628 0.904405567174157 0 9.38211505611738 31.348596016566 47.842671473821 73.9821592966716 100.268661975861 128.792504469554 140.690942605337 134.65404510498 120.785097281138 119.806538025538 123.859862486521 142.467131217321 165.199935436249 174.177249272664 176.572362581889 173.203746477763 174.906651178996 173.654993375142 171.032031377157 171.586016813914 173.784772555033 176.192839940389 172.64731725057 167.155146598816 170.01736164093 175.468305746714 175.43351650238 174.628933270772 179.114977518717 183.438956737518 185.199777285258 183.45574537913 188.858052094777 189.870138963064 195.746064186096 204.452474912008 211.15630865097 215.732057889303 217.94323126475 222.993493080139
54.007147749265 32.8790917992592 9.70504991710186 1.35745868707697 0 7.63275350133578 23.0041096607844 35.0484301646551 48.2163280248642 64.5756175120672 88.5033309459686 121.696929136912 141.89025759697 148.149202267329 142.539550860723 119.97244755427 113.546858231227 118.6916132768 135.151515404383 162.850558757782 174.791355927785 177.66539255778 181.326667467753 180.015623569489 174.099425474803 176.538546880086 179.966350396474 177.562753359477 174.302538235982 177.183469136556 176.618158817291 176.19663476944 172.941466172536 170.403679211934 171.380400657654 170.651157697042 168.189366658529 163.043876489004 166.789491971334 169.33798789978 174.425224463145 180.28179804484 183.861533800761 186.413089434306 199.399491151174 206.022044022878
44.2537367343903 36.4773670832316 16.6013402243455 0.000748706800853446 0.569198474598428 8.38904269039631 26.4865656693776 40.3701389829318 53.9816468954086 62.0558857917786 74.9865770339966 103.774825731913 128.816167513529 147.111465533574 147.722562154134 144.287506739298 138.539373874664 128.867675860723 122.104088465373 130.874852339427 153.951108455658 170.137981573741 181.520938873291 180.536945660909 180.030842622121 182.196358839671 188.276727994283 185.39830048879 184.821685155233 191.047588984172 189.623216787974 177.467703819275 170.89980840683 165.99577665329 160.869598388672 159.831861654917 154.711564381917 153.195589780807 153.728147347768 157.714813947678 160.351276397705 163.742413123449 166.606138149897 169.722398122152 189.110577106476 199.012776215871
39.6634464462598 39.257970949014 28.1014169255892 1.3299030251801 2.23310710862279 17.3371856411298 32.9117327928543 50.9157081445058 64.0000204245249 70.8156824111938 76.075424750646 93.700110912323 114.352514346441 131.033599376678 145.065595706304 156.987051169078 157.695293426514 148.929516474406 135.278761386871 122.317721446355 133.179167906443 155.410796403885 164.712905883789 168.345669905345 174.660682678223 184.930443763733 189.209699630737 197.284877300262 196.541627248128 198.898394902547 194.527626037598 182.975769042969 173.630396525065 165.14907280604 158.688674370448 155.548572540283 152.620742718379 152.415643135707 152.215669552485 154.669344425201 157.29159116745 159.225046634674 158.971687157949 163.041849931081 176.361441612244 190.891067186991
44.615442554156 50.544132788976 49.2884616057078 16.3814797997475 11.7305653790633 33.4781259298325 45.7337001959483 61.7507050434748 77.3832301298777 90.4068251450856 98.1104969978333 97.682515780131 108.466972907384 116.958161195119 135.30288139979 149.449825286865 159.359534581502 161.478569110235 159.460385640462 143.803805112839 128.551652034124 138.625651597977 147.671798865 158.465484778086 168.911894162496 176.389535268148 176.257332166036 180.931488672892 182.251890500387 185.732285181681 193.026423454285 186.640024185181 176.688929398855 167.285958925883 162.396242221197 157.233575979869 155.525684356689 152.10884809494 151.573002338409 155.213544766108 159.603973229726 161.657472451528 161.161641279856 163.235743840535 165.400485197703 180.292705694834
48.4943191210429 50.8308509985606 60.1537128289541 47.6072380940119 34.7704365849495 47.2205380598704 51.3137330611547 62.7509554227193 74.1012891133626 91.7786558469137 100.008219480515 93.9758817354838 95.8533883094788 101.064443588257 118.542085091273 135.798613230387 145.063589016596 153.756280740102 159.263163805008 158.453543980916 152.401268482208 139.614760875702 139.175176620483 150.288681189219 158.256590366364 168.923656145732 169.521351655324 169.062674045563 164.02808825175 161.763568719228 161.116967598597 169.742504755656 157.100866238276 169.685482978821 164.162576198578 158.707251151403 154.672125975291 146.544714768728 143.80810658137 153.61358722051 160.09733080864 162.66918182373 165.751725435257 164.703816175461 161.634047826131 172.071278095245
56.3437541325887 44.9565947055817 48.9668548107147 64.8600260416667 59.0062240759532 53.6596477031708 48.9573975404104 59.0075651804606 68.1202660004298 81.7190706729889 86.6268972555796 85.8218868573507 86.6432189941406 88.0992313226064 99.0882913271586 116.58376455307 128.563165664673 137.922743956248 149.235457181931 164.416054884593 172.279318173726 158.359239498774 158.057431379954 158.762743075689 156.600207090378 158.043166001638 157.253613074621 157.359093427658 158.103595177333 147.871305545171 134.022921323776 128.199170033137 113.299647967021 112.608919541041 112.175494432449 118.985672791799 141.416440407435 142.93114344279 146.981298923492 151.904086271922 152.632137139638 154.525409142176 159.094015757243 151.769498984019 158.107578754425 162.99710671107
