input/barkrak2/radiation/dir22524.grid
NCOLS 85 
NROWS 70 
XLLCORNER 665100 
YLLCORNER 4664600 
CELLSIZE 20 
NODATA_value -9999 
[rows 20 to 39 of 70, columns 0 to 45 of 85]
148.174663384755 137.471218903859 150.132596492767 186.195373535156 182.543555895487 149.560739596685 138.031591971715 148.89923731486 162.004758914312 176.728447278341 191.686391830444 194.963812828064 199.074447154999 203.990916411082 213.706453641256 233.766913414001 246.163566907247 261.063317457835 275.74368317922 294.64985926946 303.35940917333 295.545995235443 293.882151444753 296.198844909668 297.003626823425 298.930605252584 302.170813083649 300.070563952128 296.874145666758 295.869290828705 288.574953873952 275.235017140706 262.760718663534 255.148351192474 252.123375733693 258.027156194051 257.937212785085 260.279019673665 265.304625034332 269.174257914225 270.345429579417 270.470837752024 272.354960441589 266.844014326731 271.146714687347 275.672694047292
178.584853808085 172.552287578583 181.125322977702 212.79497941335 209.857185681661 158.001124858856 150.20473798116 156.67055050532 167.686621348063 177.273154258728 184.956868489583 188.866813977559 194.617748260498 193.80243619283 206.221441427867 221.69820467631 236.600935459137 249.151726563772 263.889650503794 282.479663689931 291.037042935689 302.769382794698 311.907390753428 311.212797959646 304.553508758545 297.324081261953 292.963723341624 282.248119513194 281.047662099202 274.93417263031 265.287617842356 231.198350588481 207.972268263499 202.528417110443 209.029316902161 229.583283265432 237.432817618052 253.856579462687 265.191694100698 266.295075416565 263.309915860494 262.29453086853 255.964557329814 239.160577456156 261.988282203674 271.35302623113
223.230322202047 226.45225127538 223.142882188161 231.768290201823 231.201688448588 186.618149280548 175.287743409475 166.555931170781 163.945595423381 170.352955659231 183.241407076518 192.102412382762 198.166569073995 203.738331794739 210.371692975362 216.873367627462 230.769296487172 244.107981522878 257.304569085439 262.742161750793 267.895023028056 278.099954128265 288.088381290436 282.796442508698 282.22926457723 275.903960069021 253.930310408274 244.567692279816 241.571068763733 224.487364292145 193.272868792216 153.070241212845 130.852917830149 140.223721663157 168.457706769307 194.151441256205 214.003205299377 236.468036969503 249.455332756042 253.249208132426 257.00322786967 257.302562395732 233.287294705709 209.765831629435 240.49711227417 269.683996836344
250.969529151917 249.228437741598 236.214160919189 237.348854541779 236.843566099803 224.088648955027 197.372794151306 171.618739763896 157.946745554606 165.02453883489 184.28647518158 194.482843081156 206.1581214269 214.154283205668 215.030709902445 218.636671702067 227.932333946228 239.243944485982 246.42280737559 235.432962576548 231.151938438416 230.024556318919 240.841547648112 249.909222126007 258.201559384664 258.00363222758 248.010694980621 236.034274101257 209.545393784841 173.969944318136 146.159013112386 120.912591616313 84.7432017326355 62.7618829409281 73.6684153477351 109.69532529513 152.748723824819 186.774889628092 207.732836405436 217.75233745575 217.25873152415 201.977590719859 189.922571182251 223.556637763977 227.06268231074 257.116059462229
244.761248429616 244.828999042511 243.471721808116 239.717304706573 228.887319564819 224.004149436951 201.940913995107 187.104026476542 171.653807163239 166.32741689682 177.765150864919 193.114360173543 204.101860523224 214.240550994873 216.090480486552 214.045504728953 217.74152914683 226.935088634491 232.311308383942 224.738796552022 224.940697352091 219.989796479543 228.282471497854 236.004213492076 239.881455898285 238.74286810557 228.363355000814 219.468096892039 188.490410645803 141.231824954351 121.017237504323 117.234339316686 93.9983328183492 48.1488903363546 41.3195962707202 64.6767318248749 103.1667192777 130.941023429235 157.48256444931 181.172649065653 169.935544331868 148.852457602819 170.377155145009 246.784349282583 242.792963981628 259.803752104441
235.370536645254 240.212798118591 246.735990047455 239.258905251821 229.431311289469 224.168439706167 214.423457781474 213.397900263468 209.166487058004 195.322513580322 192.240118980408 207.263588905334 215.418855349223 225.911955038706 221.04400396347 214.147686958313 215.499738852183 225.58601697286 229.739407698313 235.166351000468 236.842513084412 233.209292093913 227.529962857564 225.070277849833 227.779308954875 226.769248644511 217.412173748016 210.835059483846 175.9365995725 151.133219401042 147.776732842127 162.068049112956 161.304662624995 113.254020611445 79.859400788943 84.4296018282572 92.9327110449473 112.486640612284 137.922783692678 147.82519141833 140.404760837555 135.022858778636 179.3093085289 243.217428525289 259.70059633255 271.582345167796
236.276825269063 239.928722381592 245.346486568451 240.931411584218 244.499901930491 239.612539609273 234.8885734876 234.447836875916 237.324337164561 230.735699335734 215.988755226135 227.933963139852 229.030271371206 237.74653673172 234.388212362925 223.824282487233 219.855825106303 229.94593779246 235.162834326426 247.048099835714 248.885949452718 245.079576969147 237.722913424174 228.268166383108 226.916233698527 227.333466211955 219.195087750753 214.265704154968 186.288118362427 183.800141016642 202.212075392405 227.295577526093 233.901143074036 233.90797773997 191.496471563975 117.194135983785 109.561264514923 114.621380964915 133.939882119497 143.691539764404 151.329060395559 186.408738295237 201.609333356222 224.391798178355 251.184364159902 262.033780415853
240.031957626343 236.452261606852 239.243805408478 240.683913230896 270.241737365723 257.562657197316 248.625655968984 241.492946942647 243.765950202942 247.102955977122 233.066340287526 232.92609055837 235.557536284129 239.552676677704 238.613903522491 235.365529855092 229.307055473328 235.610683759054 246.148526668549 252.038359642029 251.385807991028 240.553557872772 237.098495165507 237.749457359314 236.325442790985 231.018702189128 228.606164455414 224.003573258718 217.706084251404 218.766212463379 238.755663235982 252.755443255107 255.378524462382 268.7695423762 271.032750606537 189.796566963196 136.575986941655 121.103058258692 126.195301612218 148.350477218628 188.247680664062 249.127785364787 218.62006187439 211.478213469187 228.559533754985 239.081720511119
238.862236340841 228.506724039714 231.934110323588 246.876458326975 287.29772567749 263.004859288534 243.056575457255 235.147933165232 236.665268739065 238.294164339701 231.624563535055 225.459893544515 233.862678209941 239.035904407501 242.007633050283 244.860947132111 239.284416039785 235.47754685084 243.286927541097 245.032946268717 243.846257527669 238.276600837708 237.503071626027 241.977194945017 243.360877037048 233.854174613953 236.083010832469 230.530877908071 226.829926172892 230.201919873556 250.704367955526 266.83775583903 268.431822458903 268.182496229808 281.224211057027 257.178505261739 160.599658886592 110.609014829 97.4233945210775 124.639809131622 198.017179965973 234.361688296 207.775394121806 177.469591299693 196.241815884908 210.295975208282
233.174840609233 220.514118671417 227.223515510559 257.053434848785 286.481320858002 260.007301966349 232.013026873271 215.710639953613 207.577526569366 206.690510114034 209.034482638041 209.737618764242 225.709279378255 237.88591225942 241.735577583313 247.82665570577 246.903459231059 234.438300132751 236.602981885274 238.383114337921 237.168192863464 237.584948539734 239.407499631246 243.806878725688 246.327559153239 240.277489026388 240.390996138255 235.588351885478 229.976932207743 238.1724913915 258.368273576101 275.33096075058 271.292308966319 269.261399904887 279.531260331472 287.543038527171 245.778540770213 163.114895423253 124.230921268463 131.544848283132 168.393572171529 185.583074887594 188.837707042694 156.733254591624 163.371692101161 180.010934670766
224.761525789897 232.655584812164 262.53620783488 308.422684669495 305.71174621582 265.992383162181 230.197926362356 199.365635712941 188.191870848338 198.769946893056 194.27365064621 190.118134021759 216.936528682709 237.922509511312 245.009104410807 250.96466143926 252.169907093048 240.635176499685 242.454290390015 242.530067761739 239.79115486145 244.186123212179 246.422747770945 245.489199956258 247.876405715942 250.353276729584 247.91419506073 244.222124417623 237.701694170634 249.313592910767 266.129374504089 278.02582581838 274.112343788147 277.028779188792 283.97935628891 287.758986155192 295.003453890483 282.989243666331 207.907537619273 161.698162555695 148.531575997671 143.834958473841 161.796152591705 155.809909105301 155.560940504074 181.632737318675
243.449628353119 274.46981271108 304.52024936676 316.625714302063 333.908001581828 303.983887036641 261.880338191986 221.599201361338 209.695219993591 221.801479657491 213.204522927602 194.941977659861 208.609700202942 235.868493715922 251.535693804423 256.011366844177 254.100998242696 251.525441805522 244.2600329717 242.714703083038 241.650700569153 247.137566407522 249.397536118825 248.341798782349 249.304215113322 258.281608422597 258.274157842 259.752790133158 254.489461580912 260.992765426636 271.554271380107 277.781426906586 279.881854852041 286.451021830241 291.493058204651 280.020872751872 285.12308994929 308.825174967448 282.337228457133 211.337327957153 161.548723777135 145.968327919642 148.991803328196 160.631000995636 182.515263557434 210.169672966003
286.979893843333 305.861433347066 307.358702023824 302.1053870519 317.805965741475 327.054083347321 310.627818107605 279.474218686422 253.700375556946 250.750005245209 252.161979675293 228.407979011536 214.9724761645 234.734376271566 254.955728848775 258.490284283956 254.71826394399 258.369008700053 247.040708859762 242.366035779317 247.049709161123 248.887300491333 249.268233776093 246.798117955526 249.452471733093 259.594400723775 264.077484607697 268.866161505381 265.146851539612 265.129486719767 276.902079582214 283.972005049388 281.804124514262 282.00509150823 286.48853302002 275.067547957102 275.593499342601 286.019921302795 271.376013755798 232.354462146759 197.702626387278 169.814229011536 155.129621426264 161.34050488472 179.936865965525 215.743680795034
297.187209129333 298.894147078196 294.254740079244 284.908493359884 287.321249643962 304.235776265462 314.485013484955 300.289471944173 281.665643056234 274.222095807393 274.430314699809 259.927054246267 241.456230481466 244.453887144725 255.800445874532 256.494959195455 252.616922060649 252.859691778819 246.013442675273 248.30416838328 246.08983596166 246.502280235291 245.380401611328 242.922226587931 248.882492383321 257.302721341451 266.332666079203 267.213722070058 265.697598457336 269.655287265778 280.24423122406 280.864556630452 269.052147865295 263.968149820964 267.527143160502 250.137607256571 248.530209064484 242.898861567179 223.646799723307 214.386185010274 223.787029584249 200.935482978821 179.225703080495 165.029764175415 167.744557062785 193.450729052226
297.857383886973 293.314456939697 298.540850480398 287.216623624166 281.197508176168 290.726562341054 310.141285260518 319.625735282898 302.99323797226 284.692486127218 277.16722091039 272.595286369324 268.93158753713 256.873369216919 255.461931228638 254.566868146261 252.529680728912 250.664095083872 250.664710998535 251.440644264221 246.125976244609 245.360712210337 246.075868606567 245.724976062775 248.071591059367 254.222412904104 260.745366414388 258.610765139262 261.12045844396 271.150946617126 278.060336907705 270.256459712982 256.204307079315 257.598876953125 253.803531328837 235.929290453593 238.162517547607 237.0818456014 234.002788861593 237.714091936747 241.066853205363 239.045838514964 218.976358572642 202.704846858978 184.582273165385 179.635047912598
312.026560306549 309.605638186137 316.411117712657 312.382340431213 303.967535495758 305.641611417135 317.78351465861 331.00700378418 314.56196308136 289.034167925517 276.353259881337 278.131524721781 282.829284667969 268.361290295919 261.349697907766 261.890053749084 258.532424767812 251.19153658549 254.599889119466 254.072348276774 252.269804477692 247.685333093007 249.695261319478 253.212809562683 251.607219378153 254.038512706757 254.894117514292 253.018458684285 256.696244080861 270.224293073018 273.787597815196 266.503612200419 258.237560590108 259.186724821727 246.5940117836 240.695337454478 246.231456597646 249.354720115662 256.195306777954 264.63105281194 230.63721259435 225.841859976451 216.587026913961 207.282384236654 192.494769891103 172.735790411631
322.883447011312 322.03471660614 325.012743473053 324.892322222392 317.49951839447 312.132795651754 317.97206401825 330.412288506826 319.547752539317 289.901951948802 274.719178676605 276.865800221761 281.559844811757 268.986860911051 259.201188882192 265.307148297628 266.289393107096 257.827917734782 260.672708352407 262.502153714498 261.276443799337 256.792465845744 254.892369111379 257.021188735962 255.025823911031 254.717568556468 258.458216985067 261.190533638 262.775182723999 271.425247192383 274.465084075928 269.480029741923 260.533352692922 257.769584655762 244.445900122325 248.340725898743 253.265897432963 255.842387676239 258.073210716248 259.589632352193 213.120897610982 180.155118306478 167.163749535879 161.964158217112 162.006249030431 157.778869072596
324.547986189524 326.297561327616 327.546874682109 326.568881670634 320.593198140462 316.605567932129 317.98130273819 324.818710486094 324.296792348226 298.380851745605 287.087182203929 281.717677911123 274.568021297455 268.790185451508 259.956101576487 261.989454428355 273.151497046153 267.178475856781 264.224747816722 266.267577807109 266.394396622976 262.197593847911 258.192896842957 259.50292746226 259.663502375285 257.99306233724 259.138961633046 265.493273735046 268.366694450378 270.583470662435 273.487250010173 271.085460980733 263.598640759786 248.615443706512 237.677097320557 254.510601361593 263.062795003255 263.088524341583 254.875739415487 256.756186485291 211.025257905324 147.88939555486 122.562060753504 113.120595614115 118.265738089879 125.118345022202
313.524941603343 319.597144921621 323.134064674377 322.300016880035 321.534196535746 323.052724202474 323.320905367533 323.619365692139 323.419411977132 308.946490287781 300.433953603109 289.618293444316 277.652740478516 273.080031077067 266.011595726013 261.767784754435 272.063891092936 271.496077378591 266.715784867605 266.3201491038 266.10807577769 262.904604276021 260.674516359965 261.403302351634 263.319154580434 264.738321304321 262.704610824585 265.615443388621 268.937309583028 268.705785274506 272.205670674642 272.683461507161 259.074370066325 236.145595709483 243.36451292038 268.411636352539 272.029340267181 266.362945238749 253.416498502096 255.498905976613 249.682704607646 186.207115650177 131.148139635722 111.414273579915 111.2153728803 111.107687155406
292.613943417867 297.410448392232 296.638488769531 303.564111391703 312.642097473145 321.534514427185 326.870342095693 329.665879408518 328.66911093394 318.583746751149 303.83574962616 286.833882331848 274.757504463196 273.455301920573 271.42854531606 265.564799308777 268.645882606506 270.254890124003 263.492544492086 264.241596062978 266.476988792419 268.70451370875 266.853173573812 261.995116869609 260.692854722341 261.30743821462 264.714479446411 267.878969510396 270.389139652252 268.191238244375 268.908758958181 270.418365796407 252.677798271179 237.828214963277 263.547698656718 280.018170674642 274.61318174998 268.623769283295 259.365280469259 260.304848353068 285.228987534841 282.796760400136 216.500322024027 163.953204949697 132.732053597768 112.218081951141
