input/barkrak2/radiation/dir29224.grid
NCOLS 85 
NROWS 70 
XLLCORNER 665100 
YLLCORNER 4664600 
CELLSIZE 20 
NODATA_value -9999 
[rows 44 to 65 of 70, columns 0 to 47 of 85]
112.444053093592 117.873718341192 121.350347995758 121.891647577286 123.877217372258 126.708537340164 126.403669516246 121.793399254481 116.873015960058 111.471911271413 112.56002386411 108.996550242106 105.861485004425 103.909452756246 103.028883536657 102.540651957194 99.485566218694 106.357624133428 107.561349868774 104.488054911296 101.074645916621 98.9457468191783 97.8129307428996 97.9527831077576 94.9854155381521 103.821963071823 106.732249259949 103.895276784897 103.718290726344 102.723469336828 99.7077425320943 96.2633490562439 103.965272506078 111.193339029948 116.812288761139 117.14243888855 122.58917093277 133.427331844966 138.775924841563 129.493494828542 125.179459651311 120.264788468679 114.300260941188 92.9995576540629 57.3794543743134 15.6119440992673 0 0
119.360943635305 123.907327651978 121.147493521372 124.443521102269 123.039106527964 122.592667738597 123.742967844009 122.383137543996 123.749276002248 118.111352125804 116.312523682912 114.724238713582 110.234002272288 104.833463827769 103.229264418284 106.580446163813 99.7963945070903 102.805525064468 107.450077931086 105.40716846784 103.499581416448 102.652410666148 101.115236679713 101.77951057752 102.575620015462 102.141539255778 108.771085739136 107.152303059896 106.554965178172 104.225804408391 100.187927484512 97.6827343304952 101.072132587433 100.624024868011 100.14271736145 101.452559232712 110.407362381617 126.29246711731 126.536200443904 112.140456835429 115.550140539805 109.332879384359 106.921782096227 104.05628879865 85.6788555781047 47.0443318287532 7.86527308324973 0
119.447708129883 120.867908000946 124.046146869659 125.91830889384 125.256359577179 125.009715557098 126.500089963277 127.863427003225 124.27478035291 121.915052334468 120.869408051173 119.244744380315 114.626069863637 111.728439728419 110.595524311066 113.9089067777 110.486308733622 104.079345862071 109.873483578364 108.300983905792 104.960342248281 105.375021696091 104.075580835342 100.533197323481 110.046913226446 101.714909076691 102.814743916194 105.05352417628 106.372604767481 106.188823779424 104.80738679568 100.263019402822 100.544293721517 99.7179249922435 101.846396923065 101.653317610423 104.731132586797 114.197105169296 116.005649169286 113.259861866633 112.693538268407 105.076005061467 110.802719990412 118.942519028982 110.477974017461 75.2376566330592 33.5296243429184 1.86963131030401
112.89718747139 115.649958451589 121.456702550252 123.53323896726 127.002656459808 128.641496102015 125.842879215876 125.244388977687 125.358204046885 127.051512400309 123.067249854406 118.557790915171 117.283880710602 116.58838391304 113.488435745239 113.149563471476 111.57105366389 102.879633506139 107.727766036987 109.128485123316 105.343838532766 105.442404747009 108.063896497091 100.646575291951 104.120035966237 103.69144876798 98.653107881546 101.289729277293 105.540484189987 106.232394774755 106.30855957667 104.234556357066 99.308967590332 103.47984234492 114.400962988536 119.787474473317 114.861150582631 110.054522752762 114.876240491867 125.402609507243 117.124249537786 107.626070578893 115.072468916575 122.543841600418 115.595698356628 93.8810805479686 53.8926621278127 17.8100603322188
105.548371871312 109.19256011645 114.967813094457 118.549098571142 125.563472509384 129.003534714381 125.814477602641 123.30816189448 127.409438292185 129.112829764684 126.518080631892 121.55822912852 120.138357083003 120.353430509567 116.915335257848 111.055165529251 109.841962655385 103.034208218257 106.941322485606 112.180829048157 110.901723305384 110.22957166036 111.878673235575 107.873817284902 105.281591415405 106.949259837468 102.944513161977 104.965140422185 112.579643726349 117.464751005173 122.463246186574 121.345400810242 111.88214023908 112.861047188441 122.660617033641 131.868670384089 131.530821323395 119.382202625275 117.502947648366 124.482224384944 113.971769809723 105.238149563471 102.682173252106 102.777242660522 100.71724653244 99.6375679969788 88.5242521762848 34.4879950086276
104.781816403071 101.843218008677 106.750547885895 115.582396586736 121.797035137812 125.053644180298 127.633512020111 130.3584476312 130.839327971141 127.408395210902 129.095216592153 128.40524315834 124.999821186066 121.612131595612 119.167536497116 114.09667134285 111.862520376841 108.063826958338 111.409038305283 116.103728612264 117.474466562271 116.904934247335 113.500456015269 114.152491092682 109.314541021983 113.034605979919 113.880395889282 114.682863156001 121.348202228546 130.934615929921 137.657384077708 138.211458921432 129.760553439458 125.057935714722 123.504916826884 130.808641513189 138.231774171193 134.286264578501 123.450219631195 111.315468947093 103.123168150584 104.816257953644 101.949393749237 96.9798366228739 93.6212837696075 98.3615616957347 93.1746264298757 46.1393694082896
105.554481347402 108.735382556915 111.886322498322 119.215101003647 119.625071684519 120.378961165746 128.575702508291 134.148567914963 133.503417174021 132.359236478806 131.469031174978 131.660014390945 127.138048410416 122.930218776067 122.497548659643 125.618577003479 117.150525252024 115.56147535642 116.962055365245 122.459967931112 123.425374428431 120.736340681712 117.529094219208 115.427573521932 111.706425746282 118.299235900243 120.891610781352 120.405743519465 125.584085782369 136.22702161471 147.474080324173 149.516075849533 141.767104466756 128.893504540126 117.563933134079 116.523265838623 129.337280988693 139.303783575694 126.785576343536 105.875949064891 97.5095629692078 105.323096116384 108.964612086614 104.626357555389 99.6450285116832 96.1214105288188 80.257256825765 52.7664671341578
105.848034222921 117.838799953461 119.840055704117 122.19379345576 119.912087917328 119.172076384226 126.943449179331 133.103897174199 132.418215274811 137.124091386795 134.943693876266 133.680482705434 130.590001742045 125.004857778549 123.902509609858 131.62104288737 124.064942200979 119.943926731745 117.544114589691 120.127310355504 120.519022146861 119.042863448461 118.14026037852 113.057126601537 110.787371794383 113.282491763433 116.607159376144 117.898364861806 120.578616857529 128.203640381495 137.024899323781 146.188179651896 142.495691776276 120.615184307098 86.4104231198629 79.0061304966609 98.3205040295919 120.55633465449 134.823719660441 132.146040598551 125.283082326253 116.580426692963 99.3849635124207 96.8234340349833 105.470438798269 97.907563050588 76.4682590961456 64.0337069829305
109.170297781626 107.605904340744 106.22904698054 109.81023311615 117.045591274897 122.452278931936 123.160163561503 129.335403442383 129.261960585912 133.858541647593 133.952458699544 136.214365561803 135.43693224589 129.698236783346 126.599162817001 125.227987766266 126.819580793381 118.83149544398 113.206634918849 111.487120389938 112.110743920008 114.252348740896 114.305516084035 108.522742986679 110.510806242625 107.721090316772 108.081956704458 107.939819494883 108.335594336192 110.818912585576 118.575692176819 128.88902425766 125.673552354177 99.434365828832 64.8232152064641 46.5858479340871 46.6362237930298 78.2673209905624 113.94128203392 132.528990507126 136.896689732869 115.859856208165 95.0877169768016 91.0020470619202 99.0129013856252 89.1550580660502 72.7525949478149 80.9903641541799
113.29851547877 102.141370375951 99.336584409078 104.79599237442 117.789715528488 126.541515191396 125.931521256765 127.029518286387 129.931390285492 130.371352036794 132.598360379537 135.054727395376 137.287139892578 135.094026724497 129.496296246847 127.564042806625 130.007704099019 121.936659018199 115.880866845449 116.641620794932 116.369326909383 113.900363445282 112.212081750234 107.330828905106 108.84420077006 106.014758348465 104.570468266805 106.753180424372 104.238013426463 99.0644792715708 92.4963553746541 97.8609621524811 98.4041293462117 81.0802628596624 65.9155050913493 47.8679736455282 26.3334314028422 24.9230240782102 41.9409374396006 91.8046633402507 116.339941819509 105.706264575322 95.0008928775787 88.9993906021118 81.8991263707479 76.7074674367905 70.1913038889567 91.5204882621765
114.011367162069 107.54523674647 104.681253433228 109.271029631297 119.73625421524 128.500034411748 131.269653638204 127.479006846746 131.825904051463 129.551629225413 133.774777253469 135.978649059931 137.186815341314 139.163653055827 133.018910884857 132.445335388184 132.557580868403 126.170227924983 121.681481599808 123.048355182012 122.984786828359 118.595461050669 116.227765878042 115.187585353851 111.984898646673 110.003024339676 109.661599000295 105.488906304042 99.783182144165 94.0769513448079 83.9623908201853 87.5502725442251 91.0470684369405 91.2738045056661 89.7141098976135 77.5711933771769 50.0955879688263 34.0916042526563 29.8027843236923 34.5226402084033 77.4293889602025 83.5039218266805 57.4273069699605 48.3473787705104 47.8509465853373 55.8106700579325 74.2803514003754 84.3334098656972
117.702186107635 115.775247414907 110.803455114365 108.658770720164 114.570647478104 127.898951371511 129.689236481984 127.3373067379 128.682424624761 134.149551391602 140.259524186452 140.590965747833 139.244735240936 139.371017615 136.702915032705 136.827647686005 137.049386898677 133.665353059769 128.279209136963 124.959031740824 122.551461060842 121.51171763738 123.412311077118 126.106202602386 120.206286509832 116.517951091131 109.957883755366 100.578010082245 92.0371015866597 87.6610775788625 86.9957506656647 93.2355721791585 96.9123840332031 108.181516329447 115.036994218826 114.768117666245 102.296809355418 79.4729640086492 65.8621887365977 39.5600274205208 49.4500895341237 69.5119599501292 69.6843862533569 57.4441204468409 57.8443706035614 75.6665865580241 101.816594600677 98.5802114009857
120.764940977097 119.85445022583 118.293037017186 113.249371449153 113.32963903745 123.840749263763 127.877414226532 127.83553202947 127.409239610036 136.306265989939 144.646356503169 143.507987260818 138.376732667287 140.369782845179 141.515413920085 134.7350080808 136.928379535675 133.225778738658 128.555556138357 127.35790014267 127.168864011765 128.154387076696 124.506652355194 123.031983772914 119.147936503092 114.091018835704 90.6654198964437 65.903847416242 64.0722612539927 71.8812793493271 84.2360059420268 89.6725157896678 95.0746635595957 102.138390143712 116.298526525497 129.799425601959 127.345363299052 122.427632411321 106.35636250178 80.1162719726562 53.8993626832962 71.6618150472641 88.7290438016256 90.2114113171895 90.7661616802216 106.335679690043 135.294417540232 123.953551054001
119.63873108228 117.367853720983 121.163904666901 121.298730373383 118.012378613154 121.023664871852 128.297388553619 129.090329011281 128.650784492493 135.917921861013 143.633385499318 142.205655574799 136.955390373866 139.67365026474 142.55091547966 132.248222827911 133.609076340993 131.458789110184 129.031956195831 129.87423936526 130.960832039515 131.156186262767 127.531111240387 120.931913455327 121.376862128576 116.939793030421 94.4473147392273 71.6183831294378 71.149468421936 82.086056470871 94.1200951735179 95.6660310427348 106.811920801799 117.728292942047 124.865531921387 134.645203749339 132.15904434522 77.2760013739268 64.0181601047516 79.0124187866847 81.792672475179 96.5452492237091 101.530313491821 84.4747424125671 68.2435582081477 85.8735044797262 112.317581971486 106.916477282842
107.117116451263 115.928381681442 119.230717420578 121.629407008489 121.016790469488 117.160220940908 128.76949707667 132.834732532501 132.621506849925 136.672099431356 140.138099590937 140.20437002182 138.845682144165 136.037528514862 137.288490931193 133.014221986135 129.072040319443 131.952553987503 133.365839719772 133.999347686768 135.676811138789 131.796151399612 129.979491233826 120.957126220067 121.542861064275 122.397164503733 117.698530356089 110.661009947459 113.819986581802 117.234796285629 113.196680943171 105.73814312617 121.490339438121 129.643420378367 125.229120254517 93.9233402411143 83.3347042401632 43.4778034687042 29.9231559038162 43.8346515099208 83.2030276457469 106.942454973857 104.568252960841 89.1822179158529 76.776718099912 80.6989669799805 97.3065495491028 102.002441883087
96.6738164424896 112.648993730545 117.222567399343 119.552771250407 122.749825318654 118.155429760615 123.686581850052 132.845213015874 143.178542455037 143.498003482819 139.702210823695 137.746433417002 139.194250106812 137.933115164439 137.61110107104 134.740511576335 129.43031390508 130.937149127324 128.153781096141 125.717977682749 127.716471751531 125.972072283427 124.086489280065 121.832917133967 122.146705786387 128.370970487595 138.856112957001 148.048102855682 134.653170903524 132.323980331421 118.430356184642 105.876942475637 115.998069445292 106.332163016001 57.9877346754074 46.8752632538478 44.925719499588 35.5501770973206 21.7747489611308 17.0423823098342 19.4993255039056 69.6063141028086 101.71377658844 122.26806084315 137.215167284012 132.277717192968 125.4496773084 123.294333616893
98.7913211186727 108.982523282369 117.208272218704 119.951625665029 121.242612600327 121.690014998118 116.145084301631 127.045045296351 148.740818103155 147.494792938232 139.545301596324 135.625789562861 137.676348288854 140.800694624583 139.465381701787 135.722557703654 133.709619442622 130.579710006714 122.442990541458 114.019066095352 114.165892203649 117.064356803894 115.700791279475 120.633016029994 121.294647455215 126.672059297562 145.423630873362 152.784566084544 136.00081205368 123.259802659353 111.766278743744 95.8893199761709 95.2597161134084 88.0405902862549 64.8012310266495 39.7800554831823 41.3284848133723 54.5824319124222 46.5876211722692 29.9968669811885 18.4177222351233 29.0599813063939 79.5641491810481 111.24512553215 122.749636570613 122.838487227758 115.210076173147 115.950326124827
111.584057410558 114.715069532394 117.435256640116 113.658020893733 106.78975780805 102.773725986481 111.805558204651 118.042816718419 128.176967302958 126.084744930267 125.057409207026 130.132744709651 136.585921049118 137.745171785355 133.734921614329 135.579764842987 134.707818428675 127.864837646484 118.58868598938 112.226754426956 111.345072587331 111.823221047719 114.672640959422 116.282512744268 115.1296099027 118.486603101095 133.409957091014 141.00044965744 134.800672531128 122.512479623159 104.419966538747 87.720513343811 79.0683180093765 91.711699962616 84.5678249994914 60.7275664806366 64.3508434295654 99.5101531346639 107.070783774058 80.708235502243 47.446553905805 36.3481516639392 55.6829621394475 74.370597799619 62.9073977470398 79.3328434228897 84.4310522079468 89.532196521759
124.715139468511 120.888888835907 116.972734530767 109.03736948967 97.3713596661886 89.1247391700745 102.308720350266 101.500809192657 89.6323720614115 89.8768603801727 104.431678851446 117.788076400757 123.308132092158 127.879440784454 131.344348192215 142.373641331991 144.740790128708 135.024100542068 125.337968269984 120.535761117935 116.363614797592 115.052302678426 116.351544857025 114.597777525584 115.073839823405 116.814861694972 119.68786517779 124.216377735138 123.339802026749 99.4520783424377 102.368772029877 95.1115886370341 85.9379371007283 102.501461903254 106.061180432638 92.8335885206858 84.6989353497823 86.6284767786662 92.1500126520793 89.6824796994527 72.1065849065781 55.640697479248 55.463378628095 43.943797548612 35.1749310890834 40.2675072352091 63.9657080173492 68.1479920943578
127.984980742137 120.496173699697 115.25747179985 111.029813687007 102.765738964081 94.8316355546315 89.7384881973267 82.6508502165477 62.8943145275116 72.4229017893473 96.7805981636047 109.804630279541 110.406120618184 119.018624226252 133.991499741872 151.413897673289 157.079935073853 148.930152257284 139.310836791992 134.462336699168 127.786735693614 125.054717063904 123.898486296336 117.978394031525 114.618609348933 112.904489040375 110.978315273921 107.93329278628 108.900298674901 91.2078619003296 91.2099083264669 91.8332040309906 86.8315200010936 107.162117958069 124.475042025248 127.832601467768 102.70415743192 64.6943598985672 45.0489421685537 73.8740066687266 68.9428249994914 72.0974703629812 68.4319337209066 61.8622104326884 47.9835569858551 43.9493556817373 56.810587644577 68.7605788310369
130.862017472585 124.81290102005 123.338709274928 124.598185221354 120.847711960475 113.487462202708 107.292453447978 108.390559752782 106.594423453013 111.343920230865 121.512432893117 129.523932933807 129.688839117686 123.410870631536 134.752213954926 152.860502401988 163.5802090168 162.551422913869 154.542764027913 143.632551034292 136.834859848022 130.905409653982 128.485262393951 128.808210293452 121.662745873133 111.862262090047 103.681137164434 99.8087525367737 99.7797846794128 94.5960382620494 80.6466738382975 78.6076138416926 70.9424416224162 94.9793457984924 134.156753619512 141.326238711675 107.855667670568 70.5414364735285 43.1644866863886 40.1732077201208 48.6667652924856 54.0963063637416 72.5366572539012 79.4221411148707 83.3278596401215 67.9570287466049 66.6810919841131 88.9128545920054
131.785829861959 128.685355186462 128.989726305008 130.809406439463 130.054742097855 125.571072101593 124.727626641591 134.553670883179 152.569631735484 147.267450888952 137.930283943812 141.019235054652 147.331456343333 132.264902194341 133.100181818008 142.911245425542 153.425951798757 159.174631039302 159.223367770513 151.563803354899 144.508967796961 136.637896299362 130.736162265142 130.17882903417 121.575842301051 108.573257923126 95.7162479559581 89.8277163505554 91.8259421984355 83.5019151369731 49.3824779987335 43.2305882374446 35.7969279090563 61.0213925441106 133.556554714839 142.135361830393 121.561050415039 112.371782461802 77.3970782756805 29.3474644422531 20.3646495938301 16.9188976287842 56.7394991715749 86.1347715059916 96.6690977414449 85.3666166464488 84.1071804364522 117.117206255595
