input/barkrak2/radiation/dir24024.grid
NCOLS 85 
NROWS 70 
XLLCORNER 665100 
YLLCORNER 4664600 
CELLSIZE 20 
NODATA_value -9999 
[rows 20 to 39 of 70, columns 0 to 45 of 85]
115.882794062297 105.863064527512 115.199446678162 145.559251308441 142.255177100499 121.086746454239 112.033724784851 121.648331483205 133.765935897827 150.663803021113 162.647783756256 164.630750815074 164.271165927251 166.572988033295 175.563911596934 196.939071019491 207.919319470723 221.565226713816 234.457453091939 251.676281293233 262.295842170715 252.498904863993 254.945675532023 260.101914405823 261.756777763367 263.02182674408 263.000051180522 266.955574353536 269.388258457184 267.120877901713 260.09068886439 246.057351430257 231.252789497375 221.295555432638 217.288355032603 223.584532737732 222.855508327484 225.045263767242 229.946414629618 234.139939149221 235.520561536153 235.864380995433 238.228936990102 231.859664122264 237.788637479146 241.752902666728
148.68426322937 139.51708873113 141.601026058197 172.377347946167 170.546432336171 124.570926030477 123.57019384702 132.421553134918 140.929748614629 147.090017795563 154.841164747874 158.791224161784 161.026974519094 157.005975643794 166.892071564992 180.951476097107 194.202105204264 207.571943600973 221.605579058329 235.495805740356 241.056323051453 251.826902230581 255.740980307261 252.8102795283 246.658444404602 235.212544600169 225.098371505737 223.115483919779 227.026720841726 217.030862967173 202.620804309845 182.385722796122 172.32076327006 164.932906627655 170.239289601644 191.56414270401 200.511654218038 217.35155582428 229.604681332906 229.902545611064 227.784872055054 226.734280586243 219.326655069987 201.546649138133 226.112047831217 236.814300219218
194.825609525045 195.398112138112 185.562610626221 192.19434261322 192.135373751322 151.189823945363 147.070248921712 140.799224376678 138.251781463623 141.705612341563 152.646362781525 161.531527837118 167.369524637858 165.100196997325 168.245355288188 171.857337156932 183.439215024312 195.907314618429 206.097563107808 208.534359931946 212.446431318919 226.532061894735 238.073507944743 240.666290124257 238.568325837453 229.623258113861 218.074798583984 211.831669012705 211.141566435496 195.566018422445 169.883072376251 124.134997526805 95.7844853401184 100.562353928884 125.301520029704 151.736358801524 174.335837364197 197.02289501826 212.136228879293 215.510666370392 219.844460487366 221.577664216359 195.083141326904 169.259826342265 201.403001944224 231.788516044617
226.876159509023 222.167293230693 201.612194379171 198.271671930949 197.339773178101 187.979996204376 170.125067234039 147.860765457153 134.703795115153 138.341009616852 152.835498253504 163.887073596319 169.046759605408 176.304916540782 172.030568122864 173.91304175059 181.221306324005 192.616899808248 199.605842431386 194.211562474569 193.289558092753 195.910493532817 207.131246725718 220.435380935669 222.155928611755 220.870872338613 211.826543013255 195.207854111989 175.031820933024 146.538337071737 120.710303386052 95.2485104401906 55.3646385669708 21.2996279199918 23.5130315025647 55.2991926670074 97.8109240531921 134.103029966354 161.40807668368 174.883544445038 174.24617211024 158.261438210805 152.993738651276 182.184318701426 189.174850781759 222.29266166687
221.533834934235 220.428884029388 212.854425112406 201.237301031748 189.328233400981 187.609076499939 172.532359759013 159.93469953537 146.653254826864 141.031503677368 149.10685022672 158.224662144979 163.45821817716 174.580017725627 174.780706564585 173.842469851176 181.517243385315 193.272272745768 200.540582338969 192.823390165965 190.271099408468 186.696330706278 194.085637728373 199.992020924886 203.183988730113 202.950358390808 195.132076740265 180.211444695791 159.326364596685 113.823662201564 96.6423650582631 92.4627085526784 68.0021991332372 19.6363466481368 15.7604143023491 39.5888562003771 60.7399344444275 80.5076062679291 102.835118770599 124.912162621816 117.236187060674 107.786387205124 128.60444188118 208.830873171488 209.599077701569 225.716968377431
210.374534130096 215.514659881592 218.731264273326 203.18877696991 189.713935057322 188.78694375356 184.13253625234 189.476569493612 185.272951920827 172.187368075053 165.219813585281 172.922035058339 177.762428919474 187.922517458598 186.460475126902 180.464227994283 183.567861715953 194.18986638387 200.141390164693 203.609347343445 206.164240837097 201.720436414083 195.894698301951 192.556043465932 191.930969556173 191.607455412547 183.050115903219 173.076172669729 145.237505435944 127.396563688914 123.217423756917 135.911415020625 132.673919200897 75.9052187204361 47.3414858182271 57.7355722586314 62.7077420552572 71.4404881000519 91.7375385761261 91.4348165194194 83.5785667101542 91.9202069441478 136.766463518143 206.239342689514 224.190672238668 232.605814933777
210.644523302714 215.095996856689 218.78445148468 207.500517368317 205.362459023794 205.611983935038 207.975645860036 212.317983309428 217.599173386892 208.076397577922 190.156539281209 195.168177286784 196.189681688944 204.355378945669 203.666508197784 192.105015118917 186.741312344869 198.542813460032 203.911582628886 216.684103012085 220.788439114889 217.628240585327 205.606619517008 196.8900958697 193.941990534465 193.149745464325 185.417175292969 179.464181264242 160.453667243322 160.871843496958 177.448272705078 202.990571657817 210.734248161316 204.43199078242 149.132986863454 84.8974188168844 77.9301822185516 81.492359439532 93.1107401847839 91.9081767400106 102.728366851807 143.172105153402 170.555392901103 197.364131609599 221.801320711772 228.766242663066
213.911771774292 210.76093117396 213.018894195557 209.188342094421 234.164953231812 227.74616877238 228.169838587443 223.490675290426 224.463721116384 224.824786186218 207.65076080958 199.957370758057 205.418388048808 206.2895099322 208.260536193848 204.107364018758 197.870910167694 205.17228047053 217.455188433329 221.981505552928 221.39036655426 211.675524711609 207.507371902466 206.34271701177 203.397234280904 199.658036231995 193.391819794973 191.795110702515 189.293185869853 199.750204881032 217.14190642039 230.504373709361 235.741893450419 248.462975025177 237.951815128326 147.403339544932 101.515849431356 88.3668462435405 88.1762802600861 98.5527336597443 141.160547733307 210.606137911479 191.501518090566 185.484329859416 199.25187031428 205.245912075043
213.905195395152 202.610413233439 205.469906330109 215.119302272797 254.383762677511 236.931085586548 224.825163682302 214.620689551036 214.425603548686 212.137977282206 203.136642773946 195.105989774068 201.48366689682 207.681596279144 209.174752235413 212.329526742299 208.974242210388 206.436594327291 214.448750019073 215.885500113169 212.77113755544 206.427276134491 205.845733483632 209.154864152273 209.150830904643 202.682852745056 202.122410138448 198.381225268046 197.818358739217 212.020595868429 232.186595598857 246.955076853434 250.661969184875 250.890453656514 258.940855662028 219.203352928162 116.945823033651 75.4917860031128 63.0933493375778 83.618571360906 155.674397945404 198.261757691701 182.664513587952 154.33790286382 162.531554698944 166.12508893013
209.903001785278 194.693108399709 200.03871122996 224.964340527852 253.836770852407 234.456817309062 209.760089715322 191.088736057281 180.840452512105 176.581005255381 176.600257555644 180.054644743601 195.274492104848 206.81377251943 211.405356725057 218.876759211222 216.192126274109 202.874422073364 204.866210619609 206.526160240173 205.232580502828 205.684542655945 204.406758149465 210.83656946818 212.801933288574 206.341962019602 210.936586062113 202.953517436981 202.157060305277 218.504091103872 241.245150566101 257.317801316579 254.918615023295 252.725640932719 263.261576493581 264.771103858948 207.43324359258 118.145257234573 88.996688524882 97.1814791361491 130.655397971471 149.225870768229 159.949461619059 129.214425881704 127.190113067627 135.105550289154
202.721039454142 209.285318851471 238.938450813293 284.311811129252 278.665165106456 240.841964880625 203.28559478124 171.472350756327 159.538686275482 167.153815428416 162.399083375931 161.53891881307 185.691813627879 207.271099090576 215.283433596293 221.192717552185 219.881395498912 207.281231880188 207.069456577301 207.672874132792 204.519291718801 209.072192509969 212.630112965902 213.94415696462 214.501976966858 217.923978964488 216.567138830821 214.965144793193 211.814045906067 228.009204069773 249.896883964539 261.356790860494 257.144729296366 261.563281218211 269.935409228007 274.396320184072 273.039658864339 247.562527656555 167.512734731038 124.47660168012 112.622658411662 114.349365234375 136.785527070363 126.46280725797 120.581269264221 141.613672176997
221.207400163015 254.924654960632 291.079163551331 307.324310143789 317.714154720306 281.728645165761 234.251797199249 193.186124165853 180.062492688497 191.01228316625 183.503866195679 169.650832811991 180.712322394053 203.755994637807 220.114390055339 224.742790063222 223.477323849996 219.379623730977 211.927195390066 212.193687756856 210.898657639821 214.939554532369 216.255187988281 215.429882208506 218.97425254186 228.220085302989 228.020071983337 230.091790358225 229.731520016988 238.661229610443 253.652969996134 261.904835700989 264.553169409434 272.189100583394 278.244694073995 269.440591335297 270.616312821706 286.325355370839 247.319002946218 170.622229576111 123.565514882406 116.86975757281 121.148814757665 130.738904078801 147.165983915329 176.339050134023
271.207710107168 296.137273311615 304.098864396413 300.443808237712 314.68544403712 315.955837567647 292.244652907054 256.390293439229 229.290922482808 226.464370886485 223.568002382914 203.190724054972 184.663156668345 201.160470644633 221.407910188039 226.896325747172 223.46309820811 225.237965583801 212.897678216298 209.83890692393 214.635173479716 216.481943925222 217.006107171377 216.560562451681 219.891667366028 230.461398760478 237.32453584671 242.210249106089 240.621070067088 242.777566115061 256.308674812317 266.303181648254 265.504399935404 264.749884605408 267.532130082448 257.012724876404 258.702556292216 263.88951142629 239.031394322713 192.545215288798 157.630701859792 139.35179511706 130.656242370605 134.167402982712 151.460667451223 182.373781998952
292.337457338969 300.161143143972 296.368340651194 287.992596626282 292.600691318512 306.843022505442 308.866918087006 287.850916385651 261.721273263295 251.655558745066 249.872664610545 232.890903949738 209.675888220469 210.028688112895 221.579651037852 222.358902295431 218.897422154744 220.302879810333 213.11875184377 216.512322425842 215.502719084422 216.268479824066 213.482658068339 211.990733941396 218.640228112539 228.402256965637 239.004790782928 239.689628283183 241.981685161591 247.186998526255 259.652455647786 260.592460632324 249.026974042257 242.280701796214 245.830694834391 226.71381632487 225.734412670135 216.53538942337 190.619468688965 174.117525418599 186.622579892476 172.316670417786 154.171307881673 140.068511168162 139.926095803579 161.054005225499
297.761340936025 297.510365645091 301.588972409566 291.779736677806 287.788013617198 296.057979265849 310.663382212321 310.546497503916 283.816933631897 263.400832811991 255.602022012075 247.665743033091 239.399353663127 225.257853666941 221.956511338552 222.996354103088 220.863938331604 217.26526816686 217.183808485667 219.505071640015 215.184450149536 215.983847777049 216.777761777242 217.610796292623 221.31876150767 227.306127548218 234.769384066264 233.123481273651 235.281785329183 249.266425768534 256.481687227885 248.985886573792 236.183206240336 235.363145669301 229.226926962535 211.711446444194 214.655876159668 212.980628013611 204.590717951457 199.07267888387 205.909430980682 210.304260253906 191.872795422872 174.799044926961 157.309154669444 146.732230981191
308.644831180573 307.888388633728 312.755644321442 308.63211552302 301.502664883931 302.271366119385 311.773737271627 318.961679935455 295.806348323822 267.339289188385 253.100792566935 251.66110197703 253.386596838633 237.02206214269 227.733035882314 231.48767153422 225.628793239594 217.299739519755 222.573459148407 224.492371082306 222.509801387787 218.350887298584 220.368266105652 224.264860153198 222.474316755931 228.883862495422 231.09765847524 227.30682293574 232.027331988017 247.50022093455 251.439273357391 244.460264841715 238.519012928009 239.527304967244 223.877469698588 217.385808626811 223.107079664866 227.573573589325 231.634974479675 228.657027085622 198.58189423879 198.177754878998 186.761756738027 172.804176807404 156.30496541659 135.539164145788
310.925165812174 311.103463172913 314.277867476145 312.816679477692 306.289712587992 301.677346229553 308.398048082987 319.0030058225 301.530162493388 270.219484965007 252.614796161652 250.369985898336 253.567437330882 239.635825157166 227.958063284556 233.221252759298 236.641983191172 225.538412729899 228.435456752777 232.79337088267 231.800119082133 226.855138937632 226.304630438487 229.316055774689 226.873238881429 225.577851136525 230.095307032267 234.729905923208 237.436711788177 247.353633244832 252.471645673116 247.526129086812 240.557948748271 239.473124345144 223.296602567037 226.513067881266 230.438927809397 235.034763813019 236.298263072968 226.922969023387 175.241887569427 148.09184273084 136.902550856272 126.775741577148 125.383198261261 114.445467789968
306.229650974274 310.200730959574 314.151287078857 312.1231396993 306.847929954529 305.481652418772 309.631566206614 316.562175750732 309.337735176086 277.769883473714 263.27782869339 253.561874230703 244.282305240631 234.290421009064 228.238542874654 232.250909010569 242.973963419596 235.626657803853 233.002305030823 234.466552734375 236.232876777649 231.330653031667 226.418614387512 227.553228537242 228.40694586436 228.444774945577 230.568985144297 237.685163815816 241.61034822464 244.246045748393 250.005165735881 250.588536262512 243.976791699727 229.195316632589 216.731905937195 234.123031298319 242.569843928019 243.163466453552 236.088176568349 230.39186000824 169.734398523966 113.415191570918 91.4157330989838 80.2651147047679 80.2673498789469 84.8164757092794
286.781251430511 294.879158337911 300.008575121562 300.899187723796 302.756508191427 308.408677577972 312.739332516988 315.410176912944 312.982340653737 291.833976904551 278.827548027039 258.976022402445 245.197574297587 242.605984210968 236.06538772583 227.954347928365 239.479382832845 238.115787506104 232.975602149963 232.484877109528 230.911215146383 228.714923063914 224.660754203796 225.553850332896 228.401521841685 231.877724329631 230.246524016062 234.4837586085 239.611804485321 240.358809630076 246.525307496389 251.811385154724 239.650170008341 215.967794259389 222.387711207072 248.996416727702 253.559509913127 247.608462969462 236.365874608358 236.72491312027 215.607027212779 144.365946451823 93.3106640974681 78.3714056015015 76.8253952264786 68.6361640691757
259.627064069112 265.447994073232 265.133102734884 273.096084594727 285.047809282939 297.258694966634 306.22661113739 311.343292395274 310.746153195699 298.040171464284 276.156942049662 255.388597647349 243.491391340892 239.489118258158 236.445705095927 230.311334133148 234.817465146383 234.659274419149 226.891318957011 226.260681947072 228.984892368317 233.074923356374 227.67319281896 224.333147207896 222.738126913706 227.429111798604 232.084393501282 232.837200164795 237.893482049306 238.53725194931 238.637407620748 244.812369346619 232.108235359192 218.19806098938 245.477636655172 262.109299500783 257.068912188212 250.088512897491 243.193507194519 247.70708878835 266.247669855754 248.426655928294 174.154917399089 124.619374672572 93.5836533705394 69.9982394774755
