input/barkrak2/radiation/dir22824.grid
NCOLS 85 
NROWS 70 
XLLCORNER 665100 
YLLCORNER 4664600 
CELLSIZE 20 
NODATA_value -9999 
[rows 0 to 19 of 70, columns 0 to 45 of 85]
298.743983109791998 306.667764981588 312.190890312195 318.886796633403 320.259630680084 317.828496297201 311.122039953868 304.864664872487 308.305064837138 308.452884356181 306.493024031321 311.267097791036 313.646674156189 313.869754473368 315.914909044902 315.457940101624 309.097071488698 300.140023231506 298.305730024974 287.100533644358 270.80774307251 274.414439996084 295.852382977804 303.586920102437 302.17981338501 303.860286871592 303.992807865143 292.621652285258 273.261706034342 268.996675809224 266.660511493683 278.486351172129 302.157203356425 299.930930137634 306.628485520681 296.637336413066 298.301418622335 308.755278587341 298.797229925791 305.024266242981 294.574777285258 285.522301991781 294.856170813243 308.957358201345 309.804638226827 305.194497108459
280.22966782252 291.451176007589 300.173004468282 311.002353827159 317.027032375336 316.727260748545 309.553424517314 303.741991519928 309.279878934224 310.061732927958 305.284937222799 308.610479036967 313.581903775533 314.311822255452 314.103186130524 313.978612422943 311.556855837504 307.503978411357 304.050246874491 292.522430419922 285.032212734222 288.346568743388 300.155838330587 304.665406545003 305.457711219788 304.664254188538 302.079558372498 293.753147125244 277.120312054952 269.221623738607 271.000186602275 288.692156473796 299.75563287735 300.321360429128 306.628445784251 297.074854373932 296.456078688304 300.980408986409 295.822739601135 306.357582410177 302.645564079285 294.344067573547 298.099239667257 309.068938096364 312.004248301188 308.678468068441
249.734838803609 260.986745357513 271.375974019368 280.091802279154 290.987849235535 297.101219495138 301.720201969147 305.415054162343 308.579762776693 306.543608506521 301.205277442932 303.606669108073 312.654236952464 315.700630346934 312.763969103495 316.601395606995 319.462517897288 317.653119564056 312.239269415538 304.789106051127 305.629094441732 304.831564426422 303.335229555766 303.563117980957 306.542674700419 306.878288586934 300.590574741364 292.601267496745 280.497868855794 271.934409936269 274.7829357783 294.300456841787 292.492508888245 297.631641228994 305.465757846832 299.391845862071 291.535953680674 288.971384366353 295.718093713125 305.536270141602 303.621709346771 299.965957800547 297.054330507914 305.910309155782 317.097226778666 313.899040222168
233.194291591644 234.837810198466 242.23381280899 247.439980506897 254.63608900706 259.401222070058 265.059649944305 276.718397935232 290.948748588562 300.75466632843 304.011940956116 309.649149576823 315.854549407959 317.547043164571 316.180070241292 315.375924110413 315.930167833964 314.619382222493 311.368981997172 309.508363405863 307.452579339345 305.280725161235 309.297601381938 308.063705762227 307.030955950419 308.753867944082 304.414590199788 296.2646484375 289.621392885844 284.264365832011 278.948207696279 296.093781789144 292.126536369324 295.743505160014 299.149076143901 300.470352172852 296.620686848958 294.240752855937 305.629769961039 308.80202849706 302.891830603282 294.773459434509 290.098667144775 301.381230354309 315.747419993083 315.378765265147
253.74162197113 239.629626274109 227.008064587911 219.658891359965 223.615209261576 238.337059815725 255.583842595418 264.455477396647 272.861063480377 278.653879960378 293.309271335602 307.143787542979 314.994553724925 318.226536115011 319.225192070007 319.057722886403 314.558764298757 307.370285193125 306.587954362233 308.915078639984 306.411623954773 305.118342240651 312.000691890717 311.041196187337 308.745602766673 310.79775094986 306.954006354014 299.614648024241 293.53259007136 289.444406827291 291.680713494619 303.221861521403 299.484570821126 300.622741381327 297.619601090749 299.471418062846 306.361317634583 308.76346429189 311.391413211823 310.893654823303 308.794856071472 302.244603633881 299.107114473979 300.750474135081 306.220372517904 312.18163172404
289.742728074392 268.142739931742 244.670351346334 222.558458646139 214.583913485209 225.138545036316 248.16103776296 262.481252352397 265.094339847565 265.18710454305 273.925940195719 284.832358360291 292.257348696391 297.153353691101 302.597006162008 305.92676003774 303.97093296051 300.779501597087 303.224404652913 307.778199513753 307.743748029073 311.062693595886 315.942386786143 313.260654608409 312.101682027181 312.985897064209 309.019366900126 303.738971551259 296.384493509928 292.438447475433 298.691074053446 304.319798946381 306.16557598114 309.335768222809 303.858876228333 301.209012667338 306.608160336812 309.520721435547 308.367153008779 308.715601762136 308.80335966746 305.42665719986 304.337541262309 304.72735563914 299.831449985504 292.443076769511
305.26061852773 288.247108459473 272.266904513041 254.691660404205 235.144813855489 223.466575145721 230.704645315806 256.623148918152 267.753978570302 274.544139703115 271.496733029683 267.134825388591 263.579348723094 260.426163673401 262.462158997854 275.048792362213 283.945997556051 295.481622219086 305.554111798604 311.556120713552 311.565041542053 310.133258501689 314.322531223297 314.679940541585 314.395805199941 315.740386644999 313.808500766754 309.884448846181 303.363899389903 301.594833532969 304.551005363464 309.548000494639 317.744195461273 319.002747535706 315.418720245361 309.330622355143 307.967066764832 308.260401089986 308.600107828776 310.773968696594 308.480540911357 304.954528808594 304.762423038483 302.087525526683 286.886910597483 280.510067939758
308.400591214498 302.99969514211 296.106934547424 284.925818443298 266.785979270935 240.686277548472 219.971060752869 220.605691274007 251.274704933167 272.715131441752 278.759221235911 275.298317273458 267.483989397685 259.513159592946 248.752951622009 251.854995886485 262.578308582306 275.867462158203 293.437639872233 305.597881476084 310.534755388896 310.494422912598 313.6305809021 314.286927382151 313.631335894267 314.906239509583 314.822514851888 312.243402004242 308.558841546377 310.108860333761 313.425918420156 316.137413183848 320.552070935567 320.055902004242 316.488206386566 312.63792514801 309.922059377034 305.893937746684 299.318253993988 297.527054945628 302.334090073903 308.625221252441 314.229269822439 311.907132466634 299.341638882955 289.927045504252
303.035000960032 303.621331850688 301.543076833089 296.449502309163 286.872923374176 270.070652167002 244.530955950419 218.598902225494 229.570011297862 250.827630360921 267.881552378337 274.910608927409 275.949438412984 273.914456367493 264.528512954712 258.498231569926 256.210565567017 260.169168313344 272.40530649821 285.471399625142 297.061343987783 304.699301719666 308.186491330465 305.521845817566 306.682805220286 308.720866839091 309.742569923401 309.076984723409 308.377961317698 313.293973604838 316.097319126129 315.568089485168 316.063245137533 316.709796587626 314.532955487569 312.883575757345 310.22568543752 304.035464922587 293.149848779043 293.783565362294 308.647473653158 317.216595013936 318.606019020081 315.333088239034 305.961926778158 298.222422599792
282.412151495616 289.781292279561 293.474614620209 293.548842271169 291.43238067627 289.278447628021 277.467409769694 262.399295965831 234.978715578715 225.386420885722 238.162100315094 260.21667321523 277.57187684377 285.261849562327 286.903977394104 280.146976312002 267.898937066396 263.668954372406 263.13038667043 266.050934791565 272.437036037445 278.489331404368 284.937659899394 289.712528387706 295.380651950836 298.040290673574 299.631814161936 299.405952294668 300.120949745178 304.554422696431 305.720269680023 306.149582068125 310.700039068858 313.871920108795 313.662747542063 311.193903287252 309.350649515788 307.302534580231 294.698019822439 296.492099761963 312.711556752523 317.503293355306 316.489736239115 312.654058138529 303.220868110657 295.835236708323
239.188094933828 251.465876897176 262.196024258931 270.789841810862 278.482556343079 284.774939219157 286.79762283961 283.454100290934 261.058847109477 238.462467988332 224.323312441508 231.732785701752 256.309747695923 277.272979418437 288.605590661367 281.070272127787 274.539589881897 269.121646881104 262.421170870463 257.813374201457 257.092813650767 257.251958052317 260.300099849701 271.142204602559 280.915856361389 287.018616994222 288.799643516541 288.712620735168 292.411168416341 296.358267466227 298.495769500732 301.256656646729 308.016180992126 310.761570930481 309.891700744629 308.259646097819 309.427360693614 311.623692512512 305.871228377024 305.248220761617 312.512139479319 316.227118174235 316.997786362966 315.541326999664 308.378477891286 303.492705027262
200.72203874588 205.815255641937 213.968356450399 225.182374318441 239.988366762797 254.807492097219 270.752052466075 276.013274987539 276.896158854167 265.689611434937 242.967347304026 223.599354426066 226.021269957225 247.52277135849 270.318448543549 272.557854652405 277.852853139242 275.489131609599 267.502725124359 258.522788683573 252.708236376444 250.131487846375 250.25866429011 257.627884546916 264.957785606384 269.620478153229 271.987438201904 275.612413883209 281.211574872335 285.055418809255 288.23333978653 292.83994436264 297.970453898112 300.179680188497 299.71985022227 300.341546535492 306.125442186991 312.307735284169 313.169836997986 313.687364260356 315.58350721995 318.161646525065 318.55986515681 316.047032674154 311.328152815501 309.353947639465
189.0909075737 184.872190157572 182.624975840251 182.627936204275 190.247356891632 206.347366174062 229.453166325887 249.334474404653 274.350265661875 278.230090936025 268.723905086517 248.255689938863 221.624513467153 219.470381736755 241.210122903188 264.754235744476 277.941028277079 280.074159304301 275.600433349609 268.133163452148 260.554214318593 259.741644064585 259.325861930847 260.129610697428 259.66864824295 258.922139803569 262.676914532979 270.285328229268 273.29953511556 274.500211079915 278.789043426514 283.540765444438 284.559686978658 286.022404829661 287.81529267629 291.791915893555 299.999992052714 307.780901590983 308.95737806956 312.813758850098 314.656515916189 314.955234527588 314.17723496755 313.641011714935 308.409154415131 307.074268658956
184.11660194397 153.461953004201 137.131402889887 131.414552529653 130.570024251938 137.981116771698 158.180952072144 191.648622353872 228.605151176453 260.556896527608 275.850017865499 275.858124097188 260.132133960724 237.073043982188 233.291983604431 256.710847218831 271.321932474772 281.908830006917 287.163476149241 284.188747406006 275.044858455658 271.561721960704 268.732746442159 268.511891365051 268.003404140472 265.938580036163 268.79475514094 275.434871514638 274.877647558848 269.603371620178 274.37029282252 278.961141904195 280.571361382802 280.920624732971 283.02530447642 288.860698541005 294.028480847677 298.116525014242 299.322485923767 300.480683644613 303.512692451477 307.055572668711 309.989293416341 311.941425005595 307.047009468079 306.688845157623
164.686759312948 128.073414166768 105.092187722524 100.485603014628 102.516382932663 107.779989639918 115.63445130984 143.316447734833 172.092795372009 218.13976764679 267.200271288554 290.521899859111 293.770472208659 278.929750124613 256.872336069743 251.722713311513 256.731311480204 270.275374253591 284.559945265452 290.78076283137 289.319237073263 284.383237361908 282.464444637299 279.042840003967 275.776704152425 274.279713630676 276.516119639079 278.367718060811 273.376782735189 269.701639811198 272.747774918874 276.907026767731 277.085244655609 277.150511741638 279.59422270457 282.881061236064 284.500598907471 283.683617909749 285.866836706797 286.209364732107 290.780862172445 296.700199445089 300.082643826803 301.848371823629 300.196607907613 301.134904225667
143.715778986613 115.447541077932 86.7255330085754 81.933115919431 96.4486201604207 119.700113932292 124.750107526779 132.72096713384 153.835902611415 186.157882213593 232.045988241831 283.180812994639 302.539467811584 300.68165063858 285.26904185613 259.231229623159 249.428987503052 250.834584236145 266.206840674082 286.937932173411 295.020163059235 290.911078453064 291.851361592611 286.468863487244 280.79742193222 281.204263369242 283.727367719014 280.411938826243 275.023976961772 277.444740136464 278.093814849854 277.573963006337 275.161465009054 274.100879828135 274.767816066742 273.384928703308 271.756589412689 268.239915370941 270.606517791748 271.511018276215 275.66142876943 280.547181765238 282.966514428457 283.10759862264 290.361920992533 294.372876485189
125.125388304393 114.074925581614 90.428759654363 73.1769154469172 77.913299202919 105.08797566096 124.591410160065 135.013182957967 153.431942065557 167.180915673574 192.159096399943 237.45596408844 275.294899940491 300.518314043681 297.865192095439 287.554939587911 277.474125226339 264.374216397603 254.473725954692 264.462689558665 284.611543019613 293.795943260193 296.585937341054 292.881806691488 286.581297715505 287.522276242574 291.122019290924 287.521958351135 284.436583518982 288.9630595843 288.473546504974 278.782308101654 273.790876070658 270.660042762756 266.608516375224 265.619774659475 261.825819810232 259.879946708679 260.431448618571 263.441304365794 265.886545181274 267.704387505849 270.234962304433 272.556682427724 284.897446632385 291.568160057068
117.228458325068 119.648228089015 109.52490568161 84.0949813524882 70.5360819896062 96.2015191713969 121.0791071256 143.436700105667 160.604735215505 174.454430739085 182.049433390299 206.480860710144 238.013784090678 259.700755278269 285.292188326518 302.773892879486 299.717426300049 289.066513379415 271.953423817952 256.590704123179 266.6255235672 288.250764211019 292.072494824727 292.196154594421 292.602340380351 296.288967132568 299.488107363383 297.906080881755 295.230547587077 296.79133494695 292.03850030899 282.685498396556 276.455938816071 270.518263181051 264.589488506317 262.095312277476 259.970347086589 260.16894976298 259.388963381449 261.267443497976 263.626297314962 265.208919843038 264.456709225972 268.093844254812 276.93897485733 287.392616271973
124.554455280304 133.922338485718 136.597176392873 114.727983872096 95.5903629461924 113.084425528844 132.936785618464 151.557783285777 171.576301256816 191.976090272268 202.799240748088 205.977996190389 224.361797173818 237.009982268016 251.39449040095 270.669500033061 287.623624006907 298.720041910807 294.238050778707 279.387891292572 261.706213156382 273.496468861898 280.664006868998 288.225928942362 296.329299608866 302.120784918467 304.003675778707 303.986231486003 298.928956190745 297.287841637929 291.187644004822 285.259286562602 278.470317522685 271.819551785787 268.133997917175 263.584156831106 262.885471185048 260.391592979431 259.728272755941 261.847535769145 265.621920426687 267.108281453451 265.79213142395 268.48840713501 270.135919253031 280.829211076101
133.729596932729 137.577325105667 149.956087271372 151.932716369629 139.721045891444 132.689734299978 134.639759858449 149.395068486532 164.949317773183 186.390260855357 198.779662450155 197.992523511251 205.068786938985 213.123818238576 229.574044545492 250.35959482193 262.934605280558 271.028359731038 284.534295399984 291.58087571462 285.347402095795 272.797266642253 273.75062306722 281.830509503682 291.342298189799 298.92502228419 303.477982680003 303.393522898356 296.739478905996 295.721749464671 290.610055128733 283.682386080424 277.271548906962 273.084123929342 270.315011342367 266.346653302511 262.886385122935 255.625685056051 253.995378812154 261.8740995725 266.851166884104 268.612901369731 270.959695180257 269.649227460225 267.342527707418 274.932026863098
