input/barkrak2/radiation/dir24924.grid
NCOLS 85 
NROWS 70 
XLLCORNER 665100 
YLLCORNER 4664600 
CELLSIZE 20 
NODATA_value -9999 
[rows 0 to 19 of 70, columns 0 to 45 of 85]
253.893733024596997 266.676068305969 279.049754142761 292.610645294189 297.950585683187 296.168287595113 287.8537774086 281.752745310466 284.370064735413 285.090883572896 284.356911977132 287.552793820699 288.400550683339 288.880308469137 291.172703107198 285.911202430725 276.417513688405 266.87103509903 261.763453483582 251.79781516393 241.54140551885 250.188151995341 274.810791015625 281.573394934336 282.725910345713 289.596517880758 288.269678751628 273.542463779449 258.671323458354 254.874507586161 251.673499743144 267.024556795756 301.882008711497 300.615688165029 301.999131838481 287.103911240896 293.271481990814 305.274168650309 298.603653907776 301.583727200826 287.120620409648 286.424577236176 296.607871850332 302.981754144033 298.792739709218 298.302054405212
234.81563727061 250.375588734945 263.544201850891 278.945644696554 287.57498661677 289.524455865224 284.357269605001 281.5855940183 289.571225643158 289.42483663559 284.633378187815 286.273996035258 288.804312547048 290.050307909648 289.819995562236 285.47594944636 282.498896121979 275.220175584157 270.529389381409 258.720695972443 254.39711411794 266.926924387614 284.363528092702 287.790894508362 290.321191151937 293.637494246165 288.05265824 275.143663088481 262.859324614207 256.261110305786 257.077614466349 279.553572336833 301.344235738118 301.646490891774 301.321943600972 289.511303106944 293.920417626699 302.199800809224 296.536187330882 302.794734636943 297.842860221863 290.318965911865 293.216029802958 297.959844271342 297.483026981354 299.208283424377
199.935555458069 212.518811225891 224.462668100993 236.462692419688 249.056021372477 257.114370663961 264.700770378113 274.636387825012 282.475352287292 281.906565030416 278.429567813873 282.349050045013 291.561722755432 295.496563116709 292.705953121185 297.33153184255 300.178170204163 295.078635215759 282.87003437678 272.97709385554 277.107874552409 282.513976097107 286.42205397288 288.019975026449 292.625109354655 292.798320452372 284.863471984863 274.121642112732 265.96196492513 261.344949404399 265.519181887309 290.16786813736 297.541677951813 299.578448136648 300.33274491628 294.922788937887 293.937583764394 294.193267822266 297.851045926412 302.258590857188 298.163851102193 288.270473480225 281.952480475108 287.146925926208 297.286868095398 300.338466962179
182.759781678518 183.239241441091 191.273291905721 198.319812615712 205.289165178935 210.295001665751 216.710686683655 231.467843055725 249.884366989136 264.158884684245 273.50922425588 285.027384757996 294.708251953125 298.2390721639 298.832356929779 301.555037498474 300.905664761861 294.395248095195 284.242947896322 279.843966166178 278.34685643514 276.809175809224 284.437239170074 286.84784968694 287.374715010325 289.275527000427 285.336017608643 277.804911136627 272.950530052185 271.506309509277 270.287772019704 294.073224067688 296.796282132467 297.991871833801 298.012952009837 299.470106760661 298.811117808024 297.4454164505 301.704943180084 299.611528714498 291.046877702077 277.665992577871 274.524410565694 288.659354050954 302.467226982117 298.603157202403
204.214711983999 188.158790270487 174.488663673401 165.981471538544 169.317881266276 185.420552889506 205.862859884898 215.790251890818 225.797096888224 233.030180136363 252.667784690857 272.849241892497 285.228768984477 291.197896003723 295.032282670339 296.970963478088 291.027168432872 282.721102237701 279.71096833547 279.597004254659 275.617957115173 274.032493432363 283.405184745789 285.291353861491 285.925487677256 290.440142154694 287.851532300313 281.497955322266 276.716987291972 272.998770078023 278.770128885905 299.967130025228 299.465715885162 299.554824829102 296.118060747782 297.129988670349 300.674279530843 301.838556925456 298.466682434082 294.435938199361 291.789631048838 285.765588283539 286.346435546875 292.521317799886 296.382466952006 290.937264760335
245.725194613139 219.329555829366 192.385713259379 168.481548627218 159.964660803477 171.332001686096 196.457286675771 213.070789972941 217.08619594574 216.52360757192 226.744890213013 240.160723527273 249.610781669617 255.984822909037 263.818860054016 270.437777042389 269.584019978841 270.157396793365 275.572498639425 280.620416005452 280.637522538503 284.113923708598 287.620385487874 286.115646362305 287.778317928314 291.513502597809 289.995869000753 285.561343034108 279.234528541565 277.471264203389 289.917985598246 301.851630210876 301.691214243571 303.596436977386 298.21115732193 295.530756314596 299.179077148438 298.455119132996 292.208472887675 293.517867724101 293.245097001394 289.102594057719 288.642923037211 290.440440177917 282.414376735687 266.979475816091
266.339361667633 243.699808915456 224.01088476181 203.518668810527 183.02849928538 169.722537199656 177.506327629089 206.041236718496 219.255109628042 227.291703224182 224.453747272491 218.819975852966 214.673717816671 210.858821868896 213.154037793477 228.224337100983 239.88664150238 257.024645805359 272.773305575053 282.978177070618 285.89540719986 286.609212557475 288.256684939067 287.006537119548 288.105547428131 290.3826435407 290.918469429016 289.153854052226 284.244438012441 286.591211954753 295.645614465078 302.413940429688 305.132667223612 304.258545239766 300.531983375549 294.467389583588 293.891628583272 291.189034779867 289.909144242605 289.463420708974 285.403569539388 282.144486904144 285.393138726552 287.848313649495 273.247023423513 264.535665512085
274.252037207286 265.085160732269 254.486898581187 239.622314771016 217.476089795431 187.990923722585 166.275054216385 166.245301564535 199.908316135406 224.958181381226 232.534110546112 228.576242923737 219.510058561961 209.901511669159 197.348813215892 200.854420661926 213.314751784007 229.401687781016 251.91326936086 269.349733988444 278.992215792338 283.61988067627 289.092501004537 287.534336249034 286.310195922852 286.608318487803 287.13337580363 285.850683848063 284.68132019043 290.752092997233 298.08509349823 301.639835039775 301.316360632579 298.075954119364 293.639441331228 290.164987246195 291.061838467916 285.8979900678 278.242945671082 270.798623561859 273.133973280589 281.442284584045 293.463011582692 297.652463118235 283.548136552175 279.389381408691
266.958971818288 267.425020535787 263.596812884013 255.979061126709 243.020196755727 221.553206443787 191.94225470225 163.875897725423 176.877717177073 199.635287125905 219.171047210693 228.446265061696 230.255246162415 227.640430132548 216.225584348043 208.431045214335 205.795069535573 210.354526837667 224.696437517802 241.773664951324 256.208062171936 268.352031707764 276.171525319417 273.575842380524 275.159160296122 276.087820529938 277.032951513926 277.537822723389 278.336524963379 286.236166954041 291.242023309072 291.031897068024 289.439260959625 289.443651835124 288.541575272878 288.905084133148 287.666440010071 283.117095629374 271.327237288157 270.427445570628 284.744540850321 296.142637729645 301.768183708191 300.748705863953 288.356979688009 282.240390777588
238.562782605489 248.079836368561 252.972900867462 253.012279669444 250.12465318044 246.253927548726 230.460087458293 212.437172730764 182.014803091685 171.52734597524 185.194830099742 210.21827061971 231.321454048157 241.54269695282 242.972671985626 234.244783719381 219.471792380015 214.403907457987 213.770349820455 217.178781827291 225.090603033702 232.83572991689 241.876641909281 249.08846616745 257.228394349416 260.143319765727 261.543909708659 262.093365192413 263.860285282135 270.226359367371 271.622598171234 272.360384464264 278.429667154948 282.007952531179 284.22870238622 283.564368883769 282.078385353088 283.424099286397 271.630485852559 277.993361155192 295.785784721375 302.510460217794 303.357124328613 300.038536389669 286.033471425374 280.487497647603
186.490972836812 200.501402219137 213.291903336843 223.918318748474 233.511249224345 241.309801737467 242.992341518402 237.805803616842 210.728228092194 185.352424780528 170.335074265798 178.17481358846 205.59428135554 230.835656325022 245.362301667531 235.772411028544 227.767984072367 220.854918162028 212.923169136047 207.621137301127 207.853813966115 207.480033238729 211.434046427409 224.690794944763 237.253189086914 245.102008183797 246.955951054891 247.200151284536 252.804239590963 257.842143376668 260.731816291809 263.7859582901 272.604902585347 276.349763075511 276.006499926249 275.54057041804 278.925577799479 282.400866349538 280.186712741852 288.61786921819 298.579752445221 302.658994992574 301.895042260488 299.511055151622 292.025665442149 290.387670199076
143.984824419022 149.201969305674 158.024440209071 170.818487803141 187.292218208313 204.127391179403 222.743233044942 229.080478350321 229.927480220795 216.247697671254 190.104067325592 169.363737106323 172.211408615112 195.632775624593 222.353915373484 225.837628046672 232.427994410197 228.739698727926 218.944390614827 208.393255869548 201.760490735372 199.081261952718 199.248194694519 207.957526048025 216.842273871104 222.890496253967 225.91229279836 230.291068553925 237.160702546438 241.930325826009 246.562461058299 251.538256804148 257.690727710724 260.75667142868 260.905961195628 262.567818164825 271.862308184306 280.745923519135 284.340600172679 291.984875996908 296.785871187846 298.925876617432 297.502954800924 294.274429480235 289.387901624044 288.742701212565
129.949192206065 124.734888474147 122.413088877996 123.177826404572 132.746795813243 149.431735277176 175.174335638682 197.382549444834 226.580262184143 231.596370538076 220.020910104116 196.03153069814 167.204896608988 164.922475814819 188.457250595093 215.604960918427 231.498817602793 234.267791112264 228.902558485667 219.699780146281 210.818548997243 210.081001122793 209.590315818787 210.473775863647 210.610111554464 210.119764010111 214.388132095337 223.326563835144 227.02835003535 228.439509868622 233.619809150696 239.16765054067 240.301867326101 242.123742898305 244.873960812887 249.978840351105 261.454939842224 271.866063276927 274.371425310771 281.716624895732 286.350190639496 287.268122037252 285.693645477295 286.246041456858 281.147261460622 281.453192234039
117.173741261164 92.617650826772 76.8472999334335 69.2531963189443 64.5857701698939 69.5503950119019 91.804027557373 128.632436196009 170.950810114543 210.444509983063 229.483127593994 229.094862937927 209.580858548482 183.078765869141 180.190920829773 206.044395764669 223.093966643016 236.379822095235 242.746770381927 238.658567269643 227.210402488708 223.981817563375 220.595479011536 220.246354738871 220.07151444753 217.635711034139 220.510105292002 229.147970676422 228.939632574717 222.474277019501 227.898995081584 233.322381973267 234.382212162018 234.717667102814 238.519350687663 245.709617932638 251.958727836609 256.596128145854 259.972751140594 261.935790379842 266.626715660095 271.229386329651 277.015805244446 281.627853711446 276.920676231384 279.484649499257
110.341717799505 76.7917732397715 50.8819917837779 40.0703301032384 37.8155559301376 43.7721411387126 55.7438482840856 83.0536832412084 108.915855487188 154.723087946574 210.466782251994 246.781726678212 251.110295454661 231.111089388529 205.248236656189 200.718065102895 205.229640007019 221.035242080688 238.897979259491 247.683147589366 245.516538619995 239.175697167714 236.583987871806 232.870876789093 229.017476240794 227.627197901408 229.394833246867 231.704354286194 227.137863636017 222.251137097677 225.668867429098 230.047901471456 230.734546979268 230.026523272196 234.018445014954 237.974266211192 239.811638991038 238.006671269735 242.301046848297 242.95034011205 248.738964398702 255.596001942952 261.282026767731 264.862179756165 264.887849489848 267.912069956462
100.840061903 74.2575625578562 43.3906018733978 21.3710367679596 34.6056893467903 58.2734793424606 68.7061001857122 80.8271318674088 98.0724096298218 122.879485289256 155.886699755987 191.580315430959 226.587911446889 244.748373826345 237.109144528707 207.789778709412 196.614782015483 198.506732781728 216.16542339325 241.568883260091 252.890427907308 247.876187165578 248.232305049896 242.387115955353 235.319137573242 235.995392004649 238.288303216298 234.476089477539 229.385256767273 231.601476669312 232.006271680196 230.75924317042 227.843960126241 226.277867952983 227.120757102966 225.725948810577 223.605553309123 219.488024711609 222.612500190735 224.778354167938 228.843728701274 234.745045502981 237.837175528208 238.892912864685 249.691983064016 255.70809841156
86.2576266129812 75.0600645939509 48.958828051885 13.966145614783 23.8172064224879 53.5830110311508 69.1387504339218 86.6931577523549 102.30165719986 115.015685558319 134.081463019053 166.922728220622 195.476571718852 212.819218635559 216.818690299988 221.531271934509 222.504218419393 209.234575430552 200.230399767558 213.278790314992 238.932649294535 251.158118247986 254.754424095154 250.132401784261 242.818236351013 243.718385696411 247.644662857056 243.567109107971 240.975519021352 245.893975098928 243.635455767314 232.549011707306 226.436495780945 222.314695517222 217.550953229268 215.792298316956 211.164116859436 209.800978501638 210.630754629771 214.229385058085 216.120680173238 219.243327776591 222.351392110189 224.368850390116 241.210023562113 250.128090381622
78.5555044809977 79.241340359052 66.6313717762629 27.1317809820175 27.7581264575322 55.6564529736837 77.1742115418116 95.9651668866475 112.77308066686 121.78177634875 131.080408891042 150.757153828939 176.126261552175 191.201210021973 209.237297375997 223.697185516357 231.017728646596 225.036124388377 210.365394751231 199.037830034892 210.450251897176 237.935980161031 247.707804044088 250.069578488668 250.599503517151 254.807690779368 258.568088213603 256.683786710103 254.559854666392 255.589207013448 249.478916327159 238.024850686391 229.535380999247 221.769154071808 215.404729048411 211.918632189433 209.174811840057 209.14363861084 209.32549238205 211.547633012136 213.360687096914 215.161621570587 215.437928835551 218.510031700134 230.478763580322 243.786752223969
83.3554565906525 91.277023156484 91.3423597812653 57.9991390307744 48.9717026551565 74.6796528498332 90.5159910519918 109.792282183965 127.214401960373 142.154822746913 151.414821545283 157.928307851156 166.902224222819 176.269173622131 191.381951173147 211.077749729156 223.645905653636 226.930201053619 229.196449120839 219.072123368581 201.948682467143 215.802530447642 224.095304807027 238.700985908508 252.635757128398 260.724087556203 263.749857743581 265.122413635254 259.755412737529 257.26596514384 249.606827894847 242.603500684102 233.34397872289 224.085291226705 218.665599822998 213.806211948395 212.519983450572 209.388256072998 208.065728346507 212.137957413991 215.547502040863 217.394272486369 216.927647590637 218.747138977051 219.646513462067 233.894030253092
89.8991028467814 92.8738117218018 104.873736699422 97.5103775660197 85.2073431015015 93.2886302471161 96.2426463762919 109.129101037979 122.739791870117 138.249774773916 152.303646008174 149.446030457815 153.139352798462 157.097786664963 172.050515810649 191.68883562088 203.607360521952 213.025212287903 221.78457180659 226.590037345886 222.018261750539 211.795846621195 213.47310145696 223.902006944021 237.237393856049 246.781627337138 259.834369023641 263.446191946665 257.584969202677 256.176014741262 250.172336896261 242.163439591726 233.466585477193 226.143717765808 221.789240837097 216.683725516001 212.796250979106 204.144974549611 201.380054155986 210.09240547816 216.776192188263 218.139290809631 220.943530400594 220.099250475566 216.152906417847 226.553956667582
