input/barkrak2/radiation/dir29824.grid
NCOLS 85 
NROWS 70 
XLLCORNER 665100 
YLLCORNER 4664600 
CELLSIZE 20 
NODATA_value -9999 
[rows 44 to 65 of 70, columns 0 to 48 of 85]
100.355823834737 106.094737847646 109.511931737264 110.081106424332 112.092991669973 114.36054110527 114.816009998322 110.340644915899 104.86763715744 99.74138935407 101.825843254725 98.6139575640361 94.651718934377 93.7978128592173 92.9512878259023 92.6945904890696 88.6862476666768 95.0882136821747 98.0274875958761 95.168004433314 90.4450317223867 88.2839361826579 87.285061677297 87.6676638921102 84.7960114479065 93.532254298528 94.9908296267192 93.6406254768372 93.4237043062846 92.4273530642192 87.2117678324382 86.0459407170614 92.6385720570882 97.1867442131042 103.793958822886 107.00136423111 112.016886472702 121.674120426178 125.362445910772 117.266803979874 115.336954593658 108.12783241272 103.62367828687 82.4292401472728 47.468826174736 7.85480812191963 0 0 0
107.279062271118 111.986617247264 108.667323986689 112.494438886642 110.591977834702 110.789557298024 112.111965815226 110.769053300222 111.593474944433 106.17466767629 104.565511147181 104.114959637324 98.7681448459625 93.4891800085704 92.0255482196808 95.4764584700267 90.2286767959595 93.1141575177511 97.9284842809041 96.0329572359721 92.7913784980774 91.9532676537832 90.6170308589935 91.4542277654012 92.3969546953837 92.0391380786896 98.4826385974884 96.7955390612284 96.0577328999837 93.8506722450256 89.8520847161611 85.4318241278331 89.8216168085734 88.9113545417786 88.4288847446442 91.3389523824056 99.9893148740133 113.592515389125 115.223069985708 100.608209768931 104.327907164892 97.9684789975484 96.4157382647196 93.4631029764811 75.0018258889516 37.4968896309535 1.88516157989701 0 0
106.868634621302 108.796695868174 111.462632815043 113.825658957163 113.269944985708 112.575660149256 114.740033944448 116.280337174733 112.73326476415 110.708783070246 108.981887499491 108.413477738698 103.999227285385 100.19372900327 99.2855429649353 102.681209643682 99.5260775089264 93.3669110139211 98.9957551161448 97.4649290243785 95.4060256481171 95.8469112714132 94.8667724927266 91.7686025301615 99.7055371602376 91.5363828341166 92.5704737504323 94.6798125902812 95.8508849143982 95.6441958745321 93.2857791582743 89.985986550649 89.340070883433 88.7872874736786 90.4769500096639 91.1330282688141 94.4431821505229 102.491637070974 104.597379763921 101.610948642095 100.287506977717 94.6377416451772 99.5098948478699 108.2457502683 99.6105174223582 65.0479694207509 25.170976916949 0 0
100.712438424428 103.082517782847 109.368483225505 110.904773076375 114.852488040924 116.100331147512 113.965690135956 113.432745138804 113.023420174917 115.690777699153 111.98557416598 108.460346857707 106.398552656174 105.972448984782 103.287994861603 101.818998654683 100.396672884623 92.0105775197347 96.7581272125244 98.1156229972839 94.4441556930542 94.6224927902222 98.7054407596588 91.7636255423228 93.8118795553843 93.2814081509908 88.2861912250519 90.951402982076 95.0102706750234 94.5403575897217 95.7523981730143 93.893309434255 89.0684127807617 92.3844277858734 103.344132502874 107.320596774419 104.8264503479 98.8789995511373 102.610727151235 114.121874173482 104.721128940582 96.4005490144094 103.643923997879 111.835221449534 104.846924543381 83.2976400852203 44.6864068508148 9.63383230070273 0
93.0047333240509 96.4295268058777 102.403879165649 106.376647949219 112.95090119044 116.903762022654 113.236208756765 111.328879992167 115.035583575567 116.900742053986 115.116159121195 110.406666994095 108.301311731339 109.592616558075 106.421679258347 100.665579239527 99.6506114800771 93.2679772377014 97.2169240315755 101.018150647481 99.8202264308929 99.3342101573944 101.101040840149 98.757674296697 94.8363443215688 97.7438191572825 92.5004680951436 94.6498413880666 102.009117603302 106.705943743388 110.471705595652 110.7583741347 100.383073091507 102.582643429438 111.236274242401 119.178791840871 119.060417016347 108.975052833557 105.225483576457 111.489663521449 103.069841861725 94.0078298250834 92.3495093981425 91.6302700837453 90.2831355730693 89.2232457796733 77.705239256223 26.4066010713577 5.42897793153922
91.8302635351817 89.2351766427358 93.44815214475 103.000034888585 109.147101640701 112.797478834788 115.468919277191 117.809722820918 119.098216295242 115.0790254275 117.513090372086 117.067674795787 113.003263870875 109.769304593404 107.469439506531 102.529625097911 101.455648740133 98.1795688470205 101.648271083832 106.148938337962 107.615778843562 105.992098649343 104.063739379247 105.089475711187 98.8030731678009 102.371444304784 103.279173374176 104.2733391126 110.843201478322 117.040981849035 128.683149814606 129.302660624186 116.447548071543 113.234957059224 111.929168303808 119.619220495224 123.506049315135 123.915096124013 111.590166886648 100.411514441172 92.486580212911 93.5105780760447 91.8512046337128 86.8878662586212 83.2866678635279 87.8456830978394 83.0393880605698 30.8612460891406 6.7384180923303
92.5282736619314 95.7341889540354 99.4159082571665 106.139272451401 107.034842173258 107.294778029124 115.94757437706 121.51978413264 121.522843837738 120.651523272196 119.986842075984 120.136598745982 115.851541360219 110.917260249456 110.626747210821 113.852053880692 105.602651834488 104.425996541977 105.923593044281 111.252983411153 113.473316033681 109.660089015961 106.632639964422 106.3412129879 101.026952266693 107.550452152888 110.333780447642 110.070556402206 115.202565987905 123.878786961238 133.130451043447 137.210031350454 129.743585983912 115.604718526204 100.955108801524 105.483462413152 115.940481424332 124.731798966726 117.302556832631 94.7390000025431 87.0199700196584 95.1545039812724 98.1880823771159 94.5799152056376 89.2241994539897 85.8282049496969 70.9253152211507 44.3780769904455 8.69404959181944
93.227207660675 104.390641053518 106.589406728745 109.034856160482 106.797069311142 106.07040921847 113.810549179713 119.91078654925 119.827210903168 124.673287073771 122.459212938945 121.292640765508 118.347386519114 113.74698082606 113.100002209346 119.716068108877 112.294892470042 108.720441659292 106.429805358251 108.826796213786 109.169701735179 107.7954073747 105.804443359375 103.624016046524 100.145747264226 102.711250384649 107.676277558009 107.499579588572 108.524858951569 117.817978064219 126.640150944392 135.746379693349 129.133194684982 107.142269611359 74.6067613363266 49.6618251005808 77.2935052712758 108.758012453715 121.933450301488 120.389342308044 113.406012455622 106.119891007741 89.4123216470083 85.759292046229 95.0126051902771 87.8141323725383 67.5338407357534 55.2704433600108 15.923863897721
96.6914296150208 94.7836339473724 93.6176677544912 96.4253544807434 104.321221510569 109.321266412735 110.031386216482 116.17503563563 116.101702054342 120.707194010417 120.832353830338 123.709877332052 123.038132985433 118.224918842316 115.648041168849 114.190727472305 115.940471490224 108.687351147334 103.162189324697 101.185232400894 100.675334533056 102.938900391261 103.25954357783 97.6340572039286 99.7471610705058 97.0427393913269 97.5666244824727 97.6115663846334 98.0785389741262 100.616822640101 106.559534867605 118.277370929718 113.431185483932 89.0200634797414 55.9067577123642 32.433494925499 33.7902183334033 56.7940125862757 99.956880013148 120.663364728292 122.425774733226 105.890413125356 85.2981507778168 80.1221529642741 89.0457332134247 79.6493192513784 64.1455153624217 71.6184377670288 53.0718366305033
100.471943616867 89.8311336835225 86.7065191268921 91.8407539526622 104.898383220037 113.879462083181 113.287925720215 114.392499128977 116.764694452286 116.592347621918 119.450827439626 121.92623813947 124.135901530584 122.00982371966 117.444048325221 114.618013302485 117.957572142283 110.253155231476 104.452610015869 105.136811733246 104.948749144872 103.720237811406 101.020216941833 97.5908736387889 97.9635318120321 96.5582728385925 95.4076647758484 94.8591629664103 92.5019383430481 88.9132718245188 82.1936279535294 87.3258411884308 88.098665078481 71.8571345011393 57.2375406821569 33.7599565585454 20.8618069688479 18.7416014571985 33.9582562446594 80.5382231871287 105.023245016734 95.9416727224986 85.2876305580139 79.2110512653987 62.7751251061757 66.9306665658951 61.6094966729482 81.4429223537445 93.4006969134013
100.800653298696 94.9546297391256 91.885894536972 97.1370240052541 107.050478458405 115.805317958196 118.597487608592 114.708642164866 119.215359290441 117.062280575434 120.623300472895 122.125804424286 124.037206172943 125.265051921209 119.104484717051 119.452039400736 120.465526978175 114.404678344727 110.123723745346 111.446400483449 111.376027266184 107.093056042989 103.775968154271 104.128768046697 102.320224046707 100.591957569122 97.6100663344065 94.9093699455261 89.3596609433492 82.6157728830973 73.5852171977361 76.6671399275462 81.1669578154882 81.8823277950287 80.2137454350789 68.0753787358602 41.4106845855713 26.1897345383962 19.3743333220482 28.6069760719935 50.4116415977478 74.1880436738332 50.4463662703832 41.7323807875315 41.2627458572388 48.9442199468613 65.3651108344396 74.066569407781 88.6579155921936
104.549994071325 102.961232264837 98.4796682993571 96.1836377779643 102.524211009343 114.731172720591 117.358088493347 114.975492159526 116.578121980031 121.57862385114 127.779384454091 128.835797309875 126.746555169423 126.964191595713 123.617589473724 122.860451539357 123.085161050161 119.677126407623 114.355941613515 112.198938926061 109.843154748281 108.872989813487 111.940721670787 113.528589407603 109.119792779287 105.633159478505 99.1159478823344 88.7308816115061 80.513189236323 77.1743605534236 76.5398989121119 82.5220048427582 86.7647528648376 98.1499453385671 105.343341827393 104.835530122121 87.7394080162048 70.2205002307892 56.7963520685832 31.6412399212519 36.0812346140544 60.7838282982508 61.0545625289281 49.1349250078201 49.3559092283249 66.6379729906718 91.7387306690216 87.7497891585032 82.7126602331797
107.374370098114 106.865505377452 105.504254500071 100.926627715429 101.463437080383 111.493994792302 115.080853303274 115.338116884232 114.695558945338 123.760908842087 132.11128115654 130.927254756292 125.743309656779 127.91986266772 129.26326195399 122.587641080221 123.9133477211 120.328267415365 115.775446097056 113.511631886164 112.336575984955 113.101462523143 110.657056172689 110.49543817838 107.992112636566 102.945556243261 75.2930343151093 55.9900552034378 52.6602764924367 60.1100027561188 73.8178243239721 79.0029366811116 84.8634342352549 92.3556685447693 102.84897685051 114.18154835701 117.566823959351 97.2508986790975 97.3682999610901 69.7981417179108 45.4098085562388 62.6874367396037 79.3259143829346 80.4098198811213 80.6196928024292 96.0160493850708 124.768952528636 113.070497910182 89.5443856716156
106.020192305247 104.267756144206 108.070284128189 108.715047438939 105.293581883113 107.916076978048 115.600973367691 116.425464550654 115.885982910792 123.411893844604 131.018767754237 130.041817824046 124.780078728994 127.867778142293 130.227694908778 120.037992795308 121.506234010061 119.536032279332 117.295573155085 117.093861103058 118.216812610626 117.168923219045 113.648345073064 104.665289322535 105.302890141805 102.751264969508 83.0497841040293 60.4526946942011 60.691754023234 71.6469784577688 82.6625178257624 84.9194327990214 96.26238544782 107.948849598567 115.152696768443 124.956826368968 106.400857369105 56.3812504212062 56.7736178636551 70.4998821020126 71.8101114034653 86.3691568374634 91.4231240749359 74.8311430215836 47.0349888006846 75.8033990859985 101.759900649389 96.3986416657766 82.0617030064265
93.5284495353699 102.420628070831 105.99140326182 108.754307031631 108.205884695053 104.721287886302 115.573863188426 119.946420192719 120.202134052912 124.77711836497 127.960701783498 127.802968025208 126.147955656052 124.081641435623 125.426193078359 121.299624443054 116.859833399455 119.936217864354 120.483487844467 122.347146272659 124.090433120728 120.297700166702 116.044382254283 108.586092789968 106.469949086507 108.013341824214 103.87259721756 99.1870562235514 101.635913054148 105.08065422376 100.115607182185 94.885528087616 110.688368479411 119.552403688431 115.401178598404 85.4657391707103 75.1509269078573 37.1336589256922 24.2424334088961 37.4263574679693 60.2182100216548 96.8912243843079 93.9024388790131 79.7962844371796 67.0845905939738 70.4836994409561 86.8395765622457 91.5646255016327 89.3729229768117
82.9455355803172 99.2195606231689 103.842665751775 106.505374113719 109.594802061717 105.318268140157 110.375156005224 119.640290737152 130.629201730092 131.476720174154 127.403318881989 125.149766604106 126.54972076416 125.173429648081 124.944776296616 121.540526549021 117.759237686793 119.74373459816 117.378652095795 113.972822825114 115.96891283989 114.427129427592 111.546119054159 111.960689226786 111.229528983434 114.765018224716 126.449078321457 129.462371269862 118.628313144048 114.921470483144 104.42328453064 95.0221717357635 105.142533779144 95.8121716976166 50.9896675745646 40.3978228569031 38.6154105265935 29.6597108244896 15.9416732688745 10.940857231617 13.2841070493062 49.2565234502157 91.3110872109731 108.863761027654 126.469105482101 121.309161186218 114.641596873601 112.602611382802 111.402938763301
85.1948857307434 95.9122180938721 103.972891966502 106.802473465602 108.244121074677 108.847220738729 102.748473485311 113.64158987999 135.718087355296 134.487996498744 125.747789939245 121.926675240199 124.637554089228 127.906153599421 126.463035742442 123.304963111877 121.108114719391 117.524673541387 110.311329364777 102.124154567719 102.382739384969 106.350342432658 105.45152425766 108.166635036469 108.969728151957 114.327937364578 132.856378952662 140.19708832105 125.672191381454 114.701102177302 100.879321495692 85.1355493068695 84.7028195858002 78.6140610774358 56.5951019525528 33.7125907341639 35.1972505450249 46.7271457115809 38.4343216816584 22.471805413564 11.8823846181234 21.5415904919306 69.7211672862371 101.516077915827 112.560898065567 112.006415923436 104.527354240417 105.319341023763 100.583771864573
98.3827710151672 101.428955793381 104.285011688868 100.614736477534 94.1519935925802 90.2634263038635 98.8623003164927 105.254630247752 115.578552087148 113.325794537862 110.789000988007 116.754253705343 123.601377010345 124.891628821691 120.667636394501 122.466593980789 121.989657481511 115.343352158864 106.763144334157 100.049863258998 98.6442764600118 99.2198089758555 101.141571998596 106.251756350199 105.569819609324 107.716977596283 120.991011460622 130.423049132029 120.640327533086 101.955354213715 92.4573441346486 77.1034061908722 69.1551913817724 82.3078453540802 75.9069224198659 50.1322746276855 55.9335599342982 88.349054257075 92.9904977480571 71.2967067956924 38.3996218442917 28.4450128674507 46.914666891098 57.139923175176 55.1217993100484 69.3761905034383 74.4593938191732 79.5173396666845 78.0446827411652
111.315111319224 107.324173053106 103.319684664408 95.5311854680379 83.9768648147583 76.5318622191747 89.5780126253764 88.5350406169891 76.3417333364487 77.1939605474472 89.7358655929565 103.19247841835 109.70550775528 114.46338891983 117.953240871429 128.957947095235 131.853590408961 122.183640797933 112.189948558807 108.061254024506 104.865570863088 103.921045859655 104.716032743454 102.148205041885 101.491302251816 104.600161314011 110.610862572988 113.658060630163 108.297963937124 87.33269572258 87.7741972605387 83.1221044063568 75.7399251063665 92.7802821000417 97.1275269985199 83.9175581932068 75.1134008169174 75.810099641482 81.8970203399658 80.1621278127034 62.3137354850769 46.3538368542989 46.6409822305044 37.5082567334175 29.1628142197927 33.1712837020556 54.858535528183 58.9747776587804 64.1805330912272
114.507893721263 107.005675633748 101.642151673635 97.3941683769226 89.1004800796509 81.8931410710017 76.2240489323934 69.8168923457464 50.3470102945964 60.9169254700343 83.8832755883535 96.3715612888336 97.2313582897186 105.761180321376 120.877126852671 138.218194246292 143.612543741862 135.547210772832 126.061817010244 121.700932582219 115.346779425939 112.902045249939 111.95100347201 107.430597146352 104.664951562881 103.376686573029 100.28992096583 97.3822673161824 98.0783303578695 77.0965913931529 79.262246688207 81.9218059380849 76.4899104833603 97.0320006211599 115.36850531896 118.7491218249 92.9830173651377 54.5140306154887 38.578025996685 58.8240226109823 60.7081751028697 56.2742402156194 59.2127293348312 53.2816747824351 39.7707223892212 35.5083818236987 47.9824443658193 59.4426194826762 71.084921558698
117.325325806936 111.3174756368 109.848668177923 111.09122633934 107.369403044383 100.134521722794 94.0720041592916 95.0836340586344 93.3444897333781 98.5136926174164 108.479956785838 116.072336832682 116.273691256841 110.27138431867 121.678024530411 139.829715092977 150.259306033452 149.735510349274 141.161064306895 130.33135732015 123.002032438914 117.063740889231 116.406033436457 115.983178218206 107.905050118764 98.4711647033691 91.7470355828603 89.2669558525085 89.006374279658 84.600309530894 69.763923684756 68.9323246479034 61.1371000607808 84.5566888650258 124.637007713318 132.612774769465 98.7452765305837 61.6851647694906 30.1621009906133 30.4051861166954 35.2816184361776 46.6131816307704 63.1615221500397 69.9889957904816 73.2190211613973 58.1251482168833 57.1574668089549 78.3551534016927 113.236834605535
118.235766887665 115.160922209422 115.468263626099 117.262075344721 116.513828436534 112.077901760737 111.283183097839 120.703438917796 138.896703720093 133.881946404775 124.46004152298 126.814921696981 133.87327392896 118.799676497777 119.735578695933 129.636387030284 140.131076176961 146.190186341604 145.837942759196 138.545334339142 131.741305192312 123.494466145833 117.796699206034 115.224927663803 107.913116614024 97.1432626247406 83.1583589315414 79.3426136175791 81.1372598012288 73.0756123860677 39.9068718155225 36.8758042653402 29.8290153344472 49.8091677824656 123.313774665197 133.580098549525 112.91163166364 102.782050768534 67.6655471324921 23.659273982048 15.1678336163362 11.7126690844695 40.5404965082804 76.2736946344376 86.0941211382548 74.8798300822576 73.572317759196 105.114241441091 172.515670458476
