input/barkrak2/radiation/dir21724.grid
NCOLS 85 
NROWS 70 
XLLCORNER 665100 
YLLCORNER 4664600 
CELLSIZE 20 
NODATA_value -9999 
[rows 20 to 39 of 70, columns 0 to 45 of 85]
162.915547688802 153.945336739222 167.771855990092 205.731749534607 200.811783472697 164.76700703303 151.38695637385 161.340693632762 174.173315366109 191.094696521759 203.698337078094 209.517657756805 213.404893875122 220.52800655365 234.380761782328 252.187291781108 268.019298712413 279.670556386312 299.803455670675 314.501225948334 317.857623100281 309.23863252004 306.963702042898 309.026757876078 310.501317183177 312.226096789042 315.046052138011 312.025984128316 308.634757995605 307.794690132141 301.159918308258 288.573046525319 277.365783850352 270.941992600759 268.422325452169 274.095118045807 274.108827114105 276.457726955414 281.39199813207 284.960389137268 286.042630672455 286.113142967224 287.72900501887 282.646854718526 286.573787530263 290.772914886475
193.333844343821 188.76858552297 200.64922173818 232.143402099609 229.001303513845 172.879815101624 163.803319136302 168.67725054423 176.834543546041 187.378525733948 198.364396890004 205.336928367615 210.384647051493 208.994130293528 221.214791138967 238.387942314148 255.169610182444 269.261678059896 283.750593662262 300.092438856761 312.793989976247 321.612556775411 324.126601219177 322.086234887441 317.026098569234 310.746252536774 306.85834089915 302.099923292796 303.893129030863 296.239852905273 278.925796349843 248.080929120382 225.025097529093 220.454792181651 227.427045504252 247.392872969309 254.850784937541 270.609021186829 281.341393788656 282.374660174052 279.44415807724 278.473913669586 272.424658139547 256.475468476613 278.115491072337 286.771655082703
236.453870932261 241.085708141327 241.215169429779 250.145554542542 249.991138776143 204.549352327983 188.713113466899 178.20022503535 175.220290819804 182.331720987956 197.235663731893 208.27978849411 213.741938273112 218.490501244863 226.949830849965 233.548820018768 249.374051888784 260.343452294668 273.907979329427 281.265060106913 287.869890530904 303.791304429372 315.840979417165 318.058133125305 308.041572570801 301.106651624044 289.970914522807 270.7546154658 266.075611114502 244.566559791565 212.640682856242 172.087848186493 146.264106035233 159.82049703598 188.21386496226 213.316142559052 232.601384321849 254.261910915375 266.526897748311 270.105838775635 273.620327313741 273.675084114075 250.503063201904 228.31392288208 257.39049911499 285.289247830709
261.831363042196 261.52644554774 252.623836199443 255.83153963089 254.781166712443 239.920159180959 211.024920145671 183.736642201742 169.628977775574 173.965652783712 196.378688017527 208.250323931376 221.394340197245 230.226973692576 231.404105822245 235.397338867188 246.402819951375 259.105781714122 268.696367740631 262.846092383067 265.162924925486 262.340406576792 265.707770983378 268.060942490896 276.012301445007 274.785737196604 262.109835942586 247.394402821859 228.117406368256 186.055660247803 158.283074696859 133.3915690581 99.1665820280711 84.8323106765747 96.8642334143321 131.155908107758 179.030517737071 207.872827847799 226.567308108012 236.157178878784 235.661307970683 221.822321414948 207.862575848897 241.775631904602 244.819204012553 274.670879046122
255.095561345418 255.780498186747 257.76199499766 257.908463478088 247.895439465841 241.368512312571 216.548581918081 199.732840061188 183.318058649699 177.629828453064 189.455310503642 203.774293263753 218.042194843292 228.863696257273 232.554912567139 235.67408323288 244.332750638326 253.934363524119 259.897768497467 247.62878815333 243.560433387756 236.920297145844 243.792394797007 251.28310918808 256.881634394328 256.915191809336 248.609443505605 233.44878355662 200.014253457387 153.327494859695 133.052170276642 129.540731509527 107.392330964406 68.2177444299062 60.3804936011632 81.626628835996 122.155447800954 155.597736438115 187.305549780528 200.694759686788 190.627137819926 168.423056602478 190.006991227468 262.744466463725 259.678224722544 277.048488457998
246.782541275024 251.408775647481 259.649733702342 256.40336672465 248.475035031637 241.564710934957 228.649834791819 225.267767906189 217.749218146006 203.367233276367 203.543464342753 219.719290733337 227.99809773763 241.84395869573 242.106815179189 237.263639767965 238.744934399923 243.395785490672 247.685452302297 252.887825171153 252.343654632568 249.720613161723 241.785069306691 243.522306283315 244.856655597687 244.69914038976 238.243440786997 227.333982785543 187.055091063182 162.2088154157 159.593214591344 174.615422884623 175.219694773356 133.67368777593 100.193162759145 97.6002911726634 107.818424701691 129.438459873199 158.70189666748 175.462365150452 162.690828243891 155.341446399689 200.044671694438 255.841235319773 275.782426198324 287.878294785817
247.97793229421 251.193821430206 257.47295220693 256.700078646342 262.965718905131 255.605737368266 247.194806734721 242.151975631714 245.914181073507 239.620486895243 226.552347342173 239.275872707367 246.391693751017 258.414467175802 254.145363966624 238.115986188253 236.356735229492 245.701392491659 252.63782342275 262.270351250966 265.276372432709 261.300762494405 251.099407672882 247.031768163045 244.209825992584 244.06224489212 236.956020196279 231.183489163717 199.988822142283 194.304982821147 213.712553183238 238.400896390279 244.376401106517 247.67150481542 211.462537447611 134.86976424853 123.562524716059 130.372554063797 153.534303108851 164.400627215703 175.486286481222 206.095695495605 217.629949251811 237.467805544535 264.210879802704 276.667813460032
251.861214637756 248.473246892293 251.160522301992 255.449712276459 287.231187025706 271.26137415568 258.467356363932 247.070372104645 250.865260759989 255.634347597758 243.370135625203 244.151810805003 254.623730977376 254.653712113698 253.602981567383 251.037855943044 244.926353295644 249.559680620829 261.411170164744 267.073114713033 262.834509213765 256.000439325968 252.410113811493 251.721103986104 250.299572944641 249.595026175181 245.103220144908 240.77703555425 227.333903312683 227.180421352386 248.402714729309 262.639304002126 264.12687699 277.61834859848 286.411345005035 209.087630112966 152.605533599854 138.245056072871 145.892401536306 167.100509007772 210.874120394389 267.264147599538 232.510844866435 226.364473501841 245.462040106455 258.110801378886
250.476479530334 240.668972333272 244.104504585266 261.739472548167 302.710115909576 274.740437666575 251.829087734222 241.007049878438 243.512670199076 249.397059281667 242.632269859314 239.755590756734 246.433893839518 252.273281415304 257.002313931783 258.419215679169 255.215088526408 250.752290089925 258.597036202749 260.479509830475 257.726569970449 252.407511075338 249.995946884155 257.487058639526 257.378955682119 249.639232953389 249.817331631978 247.28524684906 238.314310709635 237.515727678935 258.724311987559 275.49143632253 276.325225830078 275.619308153788 291.032910346985 274.658262729645 180.411458015442 126.892179250717 115.356783072154 146.763106187185 221.820533275604 249.200383822123 222.221533457438 196.538964907328 214.402715365092 227.24457581838
244.374334812164 232.697685559591 239.819904168447 272.010525067647 300.660928090413 271.499474843343 241.91415309906 225.823918978373 219.126602013906 220.351815223694 220.00116109848 225.66165526708 239.251255989075 250.979701677958 259.235997994741 263.211866219838 262.147545814514 247.904419898987 250.866055488586 252.656042575836 253.181497255961 255.094965298971 255.294263362885 257.801194985708 260.389606157939 255.62330087026 258.352696895599 250.242789586385 241.640269756317 245.765229066213 265.661577383677 282.942573229472 278.849085172017 276.323517163595 286.243478457133 297.571877638499 263.972719510396 183.292269706726 140.886276960373 151.238679885864 188.036898771922 203.939060370127 206.179261207581 173.816363016764 182.723859945933 204.067945480347
234.698414802551 243.243078390757 273.091574509939 319.048662980398 317.78625647227 277.2429784139 241.617798805237 211.394349733988 200.379530588786 212.540030479431 207.202871640523 202.9709815979 233.714938163757 250.897725423177 260.28178135554 267.743627230326 265.720307826996 256.195823351542 255.058964093526 257.015426953634 254.287461439768 260.022203127543 262.08750406901 264.217436313629 263.165752092997 265.226483345032 265.413443247477 261.220673720042 252.091507116954 257.396936416626 272.865970929464 284.931401411692 281.21683994929 283.450643221537 289.289673169454 292.821764945984 304.607669512431 299.417535463969 227.524061997732 181.189020474752 167.416791121165 161.32844487826 180.290957291921 173.575560251872 173.674861590068 199.91660118103
253.402551015218 282.924334208171 309.723436832428 319.840967655182 340.281208356221 313.626090685527 273.617108662923 233.780006567637 221.435010433197 233.94246896108 225.955526034037 209.126969178518 223.756432533264 248.73141447703 264.680504798889 269.200762112935 267.647961775462 266.901751359304 260.364611943563 258.551716804504 260.828197002411 264.961302280426 265.303572018941 265.502015749613 263.183454672496 272.608697414398 273.525873819987 274.556159973145 268.584728240967 270.77313264211 278.705914815267 284.261445204417 286.263465881348 292.225261529287 295.705437660217 285.180191198985 291.013240814209 318.640132745107 299.623608589172 231.497208277384 181.532661120097 164.854447046916 163.994024197261 176.09965801239 197.142521540324 225.467324256897
293.229937553406 309.312721093496 307.438969612122 301.425655682882 317.969759305318 330.760320027669 317.716538906097 286.299765110016 262.509445349375 261.263807614644 263.009985287984 240.956425666809 226.24534368515 247.756481170654 269.89883184433 271.868606408437 268.554468949636 272.368868192037 263.221085071564 259.994804859161 264.87139860789 266.843835512797 263.481100400289 262.62507836024 264.769931634267 274.002432823181 279.405911763509 281.866272290548 277.162432670593 276.118338108063 285.718818505605 291.099389394124 288.457334041595 289.508720239003 293.722669283549 282.655199368795 282.695869604747 295.743048191071 286.374688148499 251.586278279622 219.614148139954 186.767141024272 170.275052388509 174.887915452321 195.69456577301 230.140805244446
298.050125439962 296.967387199402 291.670699914296 281.853099664052 283.509353796641 301.470557848612 315.091192722321 304.313242435455 288.276771704356 283.544421195984 284.986972808838 268.348316351573 252.437273661296 257.170697053273 269.878447055817 271.469791730245 268.428603808085 270.116706689199 260.642866293589 261.558930079142 261.378347873688 262.903789679209 259.934544563293 259.087284406026 264.636834462484 270.683805147807 280.245145161947 280.618826548258 277.531345685323 280.641198158264 289.573887983958 289.215445518494 277.60644753774 273.694574832916 277.336120605469 260.938783486684 258.928835391998 255.150357882182 239.17289574941 234.344363212585 244.782666365306 219.862421353658 194.93822256724 181.267480055491 181.852658589681 208.378394444784
296.387871106466 289.998571077983 295.578519503276 283.464332421621 276.729901631673 286.886652310689 308.361331621806 322.249293327332 309.560716152191 292.966842651367 286.24693552653 280.381143093109 281.296193599701 273.885627587636 271.133482456207 273.006081581116 271.420955657959 265.919009844462 261.660516262054 266.102413336436 262.748658657074 260.968208312988 259.677946567535 260.357578595479 264.225343863169 268.126527468363 273.878534634908 272.797465324402 272.740046183268 282.161394755046 287.923912207286 279.805600643158 265.069186687469 267.325560251872 264.234443505605 246.941109498342 248.790681362152 248.030106226603 247.723499933879 257.025758425395 259.173035621643 254.419147968292 231.464882691701 213.075280189514 197.392046451569 190.023561318715
312.300721804301 309.011936187744 316.78847471873 312.380949656169 303.443233172099 305.895169576009 319.369117418925 335.526029268901 322.885473569234 298.145512739817 285.096645355225 288.166145483653 297.154804070791 285.018483797709 277.033865451813 278.7992755572 273.352841536204 267.876585324605 269.505123297373 269.433081150055 266.964316368103 263.578653335571 264.426151911418 266.663412253062 265.190303325653 268.13946167628 268.539428710938 266.388356685638 270.581245422363 281.407296657562 284.432689348857 276.881913344065 267.00363556544 267.827033996582 256.755073865255 251.21154387792 256.652673085531 259.060064951579 267.279307047526 281.670252482096 248.241980870565 238.941570123037 230.486472447713 222.055077552795 204.075614611308 185.022870699565
327.333966890971 325.924019018809 328.942179679871 329.766432444255 321.526805559794 315.816680590312 321.316719055176 334.483544031779 325.760245323181 297.974208990733 287.983516852061 290.721416473389 295.12345790863 285.417914390564 275.286734104156 280.885537465413 283.272385597229 275.275071461995 273.817002773285 277.18722820282 276.679615179698 270.857115586599 268.08230082194 270.695408185323 267.756720383962 266.4954662323 269.912600517273 273.240784804026 275.717635949453 282.037953535716 284.702142079671 278.826236724854 269.474665323893 265.718499819438 253.820379575094 258.069674173991 263.304193814596 264.905492464701 267.49328772227 274.836738904317 231.330335140228 195.414026578267 182.868222395579 175.901015599569 176.103631655375 173.409442106883
332.281788190206 332.684775193532 332.372923692067 332.002639770508 325.903793176015 320.692340532939 320.712089538574 327.153742313385 329.297165075938 305.805246035258 297.145942846934 295.122027397156 290.679574012756 284.743110338847 273.898561795553 279.579440752665 288.349151611328 282.670338948568 278.483827908834 281.5287510554 280.37824233373 276.479502518972 273.05148045222 272.810657819112 273.538629213969 272.534489631653 272.458811601003 278.100748856862 280.179719130198 283.236543337504 284.631192684174 280.408442020416 272.237499554952 257.16890891393 246.992071469625 263.46210638682 272.454460461934 271.524628003438 263.347585995992 268.763224283854 230.726202329 165.272871653239 137.943506240845 127.081861098607 131.891886393229 139.778981606166
325.216074784597 329.762021700541 332.107901573181 331.279178460439 329.368273417155 328.847368558248 327.050050099691 325.899640719096 327.365020910899 315.658350785573 311.360577742259 303.942461808523 291.957159837087 289.317568143209 283.151666323344 279.215077559153 285.469313462575 286.20704015096 280.585090319316 279.628316561381 279.81173992157 277.966916561127 273.683865865072 274.400512377421 276.425242424011 278.000036875407 276.446938514709 278.75550587972 281.735360622406 281.847854455312 283.148328463237 282.48256444931 268.040120601654 245.071391264598 252.687613169352 277.007619539897 280.02655506134 274.845401446025 260.176618893941 263.628959655762 265.72314898173 206.291715304057 148.960848649343 125.338862339656 122.844656308492 124.031325181325
308.158655961355 312.366604804993 311.72788143158 317.721843719482 324.87412293752 332.000950972239 336.12052599589 336.977402369181 335.75717608134 328.650693098704 318.482498327891 300.247132778168 291.465083758036 290.249884128571 286.438266436259 280.415217081706 284.182111422221 284.029324849447 278.384963671366 278.095146020253 280.10094165802 281.767646471659 280.16064564387 277.170399824778 275.601963202159 277.475615342458 280.068496863047 280.168314774831 282.225966453552 281.23406569163 281.537433465322 280.90101480484 261.367042859395 246.497909228007 271.29872639974 286.858876546224 282.340526580811 276.925126711528 265.439967314402 265.616893768311 293.352007865906 298.628270626068 235.817869504293 182.30148156484 147.981375455856 125.880817572276
