input/barkrak2/radiation/dir29524.grid
NCOLS 85 
NROWS 70 
XLLCORNER 665100 
YLLCORNER 4664600 
CELLSIZE 20 
NODATA_value -9999 
[rows 0 to 20 of 70, columns 0 to 48 of 85]
140.508145093917989 156.467149655024 172.560671965281 194.146017233531 205.193261305491 207.004845142365 204.061210155487 199.95262225469 198.857665061951 202.44022210439 202.472031116486 199.91127649943 197.339574495951 198.144237200419 199.187795321147 186.463475227356 173.19118976593 161.812961101532 159.983396530151 154.064357280731 154.546628395716 172.44287331899 199.233094851176 206.594427426656 209.677716096242 222.205579280853 220.560133457184 205.377380053202 192.808965841929 192.466457684835 187.90336449941 210.59505144755 256.373544534047 255.415340264638 252.247929573059 239.084919293722 243.767082691193 258.104602495829 254.631797472636 255.320906639099 243.705133597056 249.556918938955 257.972915967305 251.648803551992 240.221579869588 244.283239046733 248.703857262929 218.539754549662 151.070167620977
118.357867002487 134.778469800949 150.512794653575 170.971592267354 186.400473117828 193.873365720113 197.480261325836 202.038566271464 209.030012289683 209.043343861898 206.34392897288 202.286144097646 198.529859383901 199.044565359751 199.012796084086 186.47821744283 178.656319777171 169.248998165131 165.217339992523 158.622135718664 168.066700299581 193.207780520121 214.152216911316 216.475288073222 221.657077471415 228.994766871134 223.456501960754 210.058093070984 197.707931200663 194.528381029765 195.298850536346 224.982738494873 256.486813227336 254.344761371613 250.817974408468 240.93625942866 247.271656990051 258.083780606588 253.580391407013 253.66747379303 247.79862165451 248.167673746745 244.7909116745 236.836075782776 232.544521490733 243.098616600037 239.316781361898 202.920397122701 162.021428346634
82.314799229304 91.3838346799215 104.817032814026 117.787172396978 132.98769791921 144.758224487305 158.100545406342 177.543461322784 192.275722821554 195.169548193614 197.777589162191 202.34211285909 207.588692506154 210.425833861033 211.240251859029 212.955176830292 210.913121700287 199.668844540914 181.311349074046 172.827919324239 184.901873270671 203.0242284139 214.230259259542 217.13928381602 221.700926621755 221.360484759013 218.378643194834 209.762235482534 202.412188053131 203.735550244649 214.135189851125 241.37419462204 258.386333783468 255.333383878072 249.858836332957 246.338963508606 252.861241499583 257.721185684204 254.67981894811 249.617318312327 243.079900741577 233.505547046661 219.46922938029 214.483678340912 223.255435625712 239.231944084167 227.576692899068 193.236609299978 180.130163828532
64.9594813585281 64.4995073477427 71.5499222278595 77.3043135801951 83.6450854937236 92.4494961897532 102.159420649211 119.900345802307 141.47221048673 161.003937323888 178.801735242208 196.52400414149 208.201368649801 212.43013938268 216.267108917236 223.145206769307 220.133543014526 208.818892637889 190.497597058614 182.831962903341 183.452328046163 184.206306934357 196.406086285909 206.951816876729 209.133505821228 209.826866785685 210.799674193064 209.433535734812 210.432569185893 215.029537677765 220.662573973338 246.378699938456 256.101171175639 254.988471666972 249.349852403005 250.344137350718 253.101567427317 253.928224245707 248.384972413381 236.687084039052 228.90830039978 216.532131036123 212.776561578115 226.280212402344 241.585294405619 235.358695189158 213.941295941671 189.417103926341 190.405905246735
83.2576900720596 67.9747809966405 56.5480440855026 47.9120860497157 48.6131310462952 64.3071234226227 88.5413984457652 100.524852673213 111.155500014623 119.593878587087 144.128978252411 170.275588830312 186.546603838603 193.649788697561 201.057155927022 205.985128879547 202.851593494415 195.790429910024 189.369320869446 184.37135219574 179.613769054413 177.380919456482 187.953313191732 197.097559769948 201.125303904215 208.616991837819 209.856788317362 210.469961166382 210.631171862284 211.510101954142 219.402432441711 249.68687693278 251.17023785909 251.450300216675 248.635292053223 247.467478116353 246.125300725301 242.532749970754 232.144673665365 222.331007321676 221.023281415304 219.258407751719 225.289026896159 236.871600151062 239.340603351593 215.129693349202 186.483422915141 178.551355997721 184.876561164856
125.909924507141 97.1791942914327 70.8645035823186 49.9754051367442 42.3560440540314 51.277627547582 74.1930554310481 96.3100691636403 102.011839548747 100.88845094045 110.911945501963 125.025123357773 135.716150204341 141.838073730469 153.514881928762 163.995236158371 168.93341143926 176.83357000351 184.739569822947 189.075787862142 189.666628837585 190.559267997742 188.824574152629 191.299378871918 197.117567062378 203.198750813802 207.720239957174 211.605389912923 212.848623593648 215.251346429189 228.787581125895 246.522784233093 244.91161108017 244.065562884013 242.274383703868 240.588923295339 239.040434360504 234.248757362366 223.51602713267 223.861416180929 223.362922668457 221.082965532939 223.197380701701 226.878523826599 217.925687630971 184.816479682922 157.452007134755 166.629523038864 186.300158500671
151.89661582311 125.835905472438 104.208091894786 82.5353463490804 62.6130302747091 50.2182692289352 56.5663476785024 83.2132200400035 102.494458357493 110.759119192759 108.224451541901 102.817465861638 98.7483859062195 93.6822891235352 95.5605804920197 112.615366776784 127.444346745809 150.600721438726 172.907551129659 187.20543384552 195.205092430115 199.356178442637 195.055425167084 191.257655620575 194.604873657227 196.746210257212 201.240340868632 205.987870693207 210.227012634277 216.949164867401 230.813046296438 236.918210983276 229.449391365051 224.944670995077 222.665429115295 224.30024544398 226.090888182322 221.512993176778 215.845108032227 210.69214741389 204.150478045146 203.197360038757 210.394740104675 218.301157156626 210.450788338979 200.241466363271 211.620469888051 221.110761165619 235.024571418762
136.990288893382 140.942921241124 135.657658179601 122.038841247559 96.2564845879873 65.6459430853526 46.7611302932103 45.2106793721517 74.6814509232839 106.574942668279 116.875618696213 113.604545593262 104.644616444906 93.8409765561422 79.4373253981272 82.6654185851415 95.4080720742543 113.956401745478 139.828701814016 162.082384030024 177.783071994781 190.443456172943 197.047452131907 192.024409770966 190.343340237935 188.487490018209 190.037528673808 193.416873613993 197.522501150767 207.349439462026 219.283084074656 223.954995473226 215.721448262533 209.903955459595 205.157399177551 204.475025335948 209.99942223231 209.017038345337 204.261044661204 186.117112636566 183.688541253408 193.387707074483 211.792925993601 224.891245365143 224.238097667694 226.56508286794 234.658201535543 236.95703347524 245.38109699885
111.165473858515 121.17600440979 124.360303084056 121.490746736526 112.345019976298 91.1706487337748 65.5258943637212 40.4629906018575 48.8938987255096 64.5540157953898 85.1568182309469 98.0825622876485 103.917121887207 107.457955678304 98.0324546496073 86.4984790484111 82.4688573678335 83.5383931795756 97.2531835238139 115.147004524867 132.278611262639 146.624545256297 164.769361416499 171.176334222158 176.001667976379 174.124419689178 174.429535865784 177.30724811554 180.878361066182 189.644614855448 195.371687412262 196.060220400492 193.852603435516 192.543069521586 195.158322652181 197.295963764191 198.4943151474 199.661990006765 197.002232074738 191.574553648631 201.867004235586 215.671082337697 225.958546002706 228.538870811462 221.867740154266 217.359860738118 220.43897708257 231.418331464132 239.058613777161
84.6845805644989 83.6425224939982 98.3597735563914 102.370242277781 107.780824104945 98.9719430605571 97.3481138547262 78.2242317994436 49.9879022439321 39.4433389107386 41.3359453280767 60.6830914815267 83.3759903907776 95.7202911376953 103.886971871058 97.996989885966 84.4730138778687 80.8149576187134 81.4560105403264 85.2728486061096 94.1988130410512 105.372329552968 114.943285783132 127.367953459422 141.546279191971 145.095507303874 146.815856297811 150.757282972336 156.024932861328 163.590590159098 166.211744149526 167.566160360972 173.263172308604 177.481691042582 182.8373670578 185.783823331197 186.442911624908 192.792077859243 195.359329382579 203.209241231283 217.432737350464 229.298710823059 231.701711813609 228.902300198873 220.5877105395 217.150111993154 227.864702542623 237.40142583847 237.696448961894
47.1667647361755 47.4609086910884 54.1366636753082 57.7097237110138 67.5791104634603 78.5767336686452 82.1101516485214 81.1970730622609 56.9958438475927 42.8222765525182 34.9449838201205 39.5125299692154 55.8001101016998 75.1619835694631 92.2547380129496 90.9094611803691 86.5677793820699 83.5899313290914 78.1027227640152 75.312465429306 74.6250053246816 75.7329712311427 84.3931237856547 99.1212725639343 113.468865553538 123.14576903979 127.408216396968 130.770742893219 139.486571153005 145.652870337168 149.80411529541 153.356919686 163.252959648768 166.384508212407 168.278078238169 170.933942000071 176.926990350087 184.105177720388 192.896644274394 211.551070213318 220.332940419515 221.95565700531 220.959603786469 221.948424975077 221.924265225728 225.606421629588 234.268387158712 236.525555451711 234.362721443176
22.2297633687655 18.6783609290918 18.2487939794858 20.8161349097888 24.0364943941434 30.7957902550697 42.7067975203196 50.5394736925761 51.317443450292 48.2176492611567 40.3049861391385 33.8317031661669 38.4002874294917 51.4108836650848 67.6873624324799 75.404499967893 86.064616839091 88.0505839983622 81.0935993989309 73.4154532353083 70.6247985363007 68.1224564711253 68.5056298971176 79.3417990207672 91.2419060866038 98.7913409868876 103.934635718664 109.409252802531 117.438803116481 123.408814271291 131.162395079931 135.835150877635 141.974399487178 146.327714125315 148.27698469162 152.38873163859 163.892537355423 176.130374272664 182.639261086782 201.459368069967 210.896293322245 210.947553316752 207.212169965108 203.614513079325 203.620433807373 203.564127286275 215.790549914042 224.282781283061 228.868246078491
15.5550551911195 9.97895499070485 6.10484989980857 2.63151743759712 0.335126416757703 0.506381154991686 12.5326427320639 29.8145165046056 49.566442767779 57.4153860410055 55.2728573481242 46.1187263329824 34.7039550542831 34.4594965378443 47.3954925934474 66.7860507965088 81.7420383294423 85.7273836930593 87.2952242692312 83.0737104018529 76.8173138300578 76.8685092528661 76.8871704737345 78.431248664856 82.4037690957387 85.8761966228485 91.1124348640442 100.557098786036 105.419814586639 108.828057845434 113.93404006958 119.852016369502 121.367384990056 124.005337556203 128.239293893178 134.533454974492 145.329733689626 159.027417500814 164.253493150075 174.474974473317 182.453771432241 186.279694239298 185.653309027354 188.853641351064 188.234627246857 189.968427022298 191.627144813538 199.371854464213 204.590757687887
16.0265068213145 2.63720781852802 0 0 0 0 0 3.43975021193425 24.6021673083305 40.6167035301526 54.3681979179382 66.4264758427938 56.5670530001322 45.9394951661428 45.0400610764821 62.1214956045151 74.2580890655518 86.3101283709208 95.6571996212006 94.0861205259959 89.8906191190084 89.2538925011953 85.8765542507172 85.6968462467194 88.1029963493347 88.9535744984945 93.0034617582957 105.502843856812 107.298831144969 101.829866568247 107.465942700704 113.41671148936 115.137159824371 115.300456682841 119.676421085993 126.824736595154 132.702082395554 139.319558938344 143.899947404861 147.660672664642 154.079149166743 161.188870668411 169.094920158386 177.200019359589 177.317102750142 184.410413106283 185.572584470113 181.469559669495 180.341204007467
20.9336330493291 5.22955258687337 0 0 0 0 0 1.27725155713658 9.66738847394784 28.8792202870051 55.2728275458018 78.9478719234467 81.832155585289 72.54658639431 60.4310482740402 60.0047012170156 63.8428628444672 75.7825076580048 92.4417475859324 101.901878913244 103.777180115382 100.497623284658 100.77824195226 96.2663690249125 96.1378614107768 95.9061880906423 96.0140625635783 101.059277852376 102.725744247437 102.026144663493 104.577630758286 110.216438770294 109.813590844472 109.347601731618 114.125152428945 117.872138818105 118.131001790365 117.664764324824 124.273320039113 125.699679056803 132.288585106532 139.001895984014 145.671417315801 152.526120344798 157.309661308924 163.771609465281 174.942175547282 181.020319461823 178.356766700745
21.5509831905365 7.67063225309054 0.061502277579469 0 0 0 0.119523533309499 2.77274195104837 8.45218387742837 21.8515768647194 45.4680025577545 74.798305829366 90.4814104239146 91.048131386439 82.4788411458333 64.5950933297475 58.2458476225535 60.4661156733831 75.2653280893962 95.1070785522461 108.974893887838 108.570784330368 110.789686441422 105.172842741013 103.073298931122 101.672818263372 101.831456025441 98.4353025754293 103.054503599803 104.073077440262 106.315950552622 109.849671522776 107.683678468068 105.414976676305 106.017669041951 105.395754178365 103.23566198349 99.3582904338837 102.988660335541 105.658034483592 110.125422477722 116.04380607605 119.917194048564 123.407900333405 137.278934319814 143.70651046435 158.434092998505 169.543703397115 171.273191769918
17.8364391128222 10.2049379299084 0.577837461605668 0 0 0 0.820351609339317 4.61331910143296 13.0182678500811 18.3128838737806 30.1822399099668 51.854928334554 76.6621132691701 87.8249605496724 92.4341181914012 88.165154059728 81.0990234216054 72.3917732636134 66.7539983987808 74.0973651409149 96.4985688527425 111.960748831431 117.098798354467 113.423566023509 108.980824549993 108.05336634318 110.056440035502 107.34365383784 104.490389426549 111.281325419744 111.625164747238 96.8921383221944 101.613601048787 101.879000663757 97.0442493756612 96.6291228930155 91.7143623034159 89.7580981254578 91.2772516409556 95.4194664955139 97.2338716189067 100.488682587941 103.008608023326 106.145143508911 125.223527352015 135.815968116124 143.078615268072 150.58234333992 157.510300477346
14.2196007072926 12.1435038745403 4.17008188863595 0 0 0.209847387547294 3.54844052344561 7.96682263414065 19.2546149094899 24.2965271075567 28.7439872821172 42.4598703781764 66.5443887313207 79.1752437750499 94.4771369298299 104.824374119441 101.544509331385 94.1385130087535 80.901766816775 68.892295161883 78.4306923548381 102.875014146169 109.90517338117 114.153693119685 116.797198851903 119.19425924619 117.902825276057 115.998119115829 116.915156443914 112.514913082123 101.843337217967 93.9608216285706 90.6793077786763 82.7900270620982 81.8878908952077 88.102509578069 89.7867182890574 89.107612768809 90.0282164414724 92.3579831918081 94.505250453949 95.2163438002269 95.9089994430542 98.8563398520152 111.608644326528 126.762717962265 134.003718694051 136.071970065435 138.118505477905
15.4346997539202 18.3854127923648 16.3360945880413 0.00132099239635863 0 4.3296351407965 8.52789854009946 17.0988962054253 28.2235791285833 38.5105808575948 43.2832688093185 47.4207202593485 59.4048053026199 66.418781876564 83.345890045166 97.6569453875224 102.531045675278 105.158309141795 101.922124624252 87.9852473735809 75.1227140426636 85.7146978378296 95.8462357521057 108.75125726064 120.478391647339 122.878501812617 122.782766819 127.787778774897 120.344112316767 110.579411188761 106.667220592499 92.3566917578379 85.9804352124532 70.4803963502248 70.9957828124364 72.6417203744252 76.6997983058294 72.5720872481664 74.540987610817 82.403485973676 87.8047148386637 87.4351064364115 89.4634425640106 93.1785106658936 93.622217575709 108.821481466293 112.958272298177 114.625761906306 118.515282869339
16.4378335078557 16.8587093551954 18.2908698916435 11.8767743309339 3.14298924058676 9.88825783133507 10.5278591314952 13.3997723460197 27.6541908582052 38.4770507613818 45.166939496994 44.9335078398387 47.8191723426183 51.9616852204005 66.124697526296 83.1574598948161 91.828723748525 98.4177390734355 102.941532929738 104.441702365875 96.667339404424 84.945688645045 88.9034668604533 97.8301664193471 110.242386658986 117.171367009481 121.041089296341 123.188992341359 113.51086695989 113.727827866872 100.909262895584 84.9758187929789 79.8465808232625 63.8112475474676 57.0269823074341 53.4548858801524 48.4496305386225 58.2226316134135 54.8839569091797 61.7788930733999 68.8338130712509 76.1910031239192 80.4256349802017 83.4189057350159 83.4587713082631 94.6201880772908 96.2374409039815 98.7601379553477 107.647220293681
20.9596504767736 14.0209359427293 10.3459544479847 18.6808767418067 14.8318633437157 11.7873673637708 10.7240006327629 14.11189387242 24.156595269839 31.4341733853022 36.9817540049553 39.2131557067235 38.8175174593925 40.8305798967679 48.9023476839066 63.6648039023081 75.7155815760295 83.9599768320719 93.0505196253459 107.768336931864 114.118148883184 104.218482971191 103.459457556407 107.095350821813 110.045284032822 109.841654698054 109.732200702031 117.820123831431 111.508826414744 98.765641450882 84.2347045739492 77.2496461868286 59.2970699071884 40.0603612263997 31.4862032731374 28.6272292335828 24.4655708471934 30.7140126824379 37.0277563730876 44.6173051993052 54.5822630325953 61.364084482193 70.6933985153834 68.7212447325389 73.8199452559153 81.8657577037811 85.2903723716736 90.1661117871602 95.1180954774221
