input/barkrak2/radiation/dir20824.grid
NCOLS 85 
NROWS 70 
XLLCORNER 665100 
YLLCORNER 4664600 
CELLSIZE 20 
NODATA_value -9999 
[rows 0 to 19 of 70, columns 0 to 45 of 85]
333.816488583882972 338.630835215251 340.680638949076 340.201656023661 336.948871612549 331.828375657399 324.016789595286 317.890644073486 322.284797827403 321.398576100667 318.653066953023 325.049519538879 330.072979132334 329.367578029633 331.967393557231 336.756587028503 333.746631940206 329.161067803701 321.62735859553 310.704509417216 291.247566541036 289.25367196401 307.818452517192 315.512716770172 312.888046105703 312.757233778636 310.578127702077 301.066239674886 282.994627952576 276.893675327301 274.635891119639 282.335817813873 296.95737361908 302.479227383931 306.442519028982 298.730413118998 296.837608019511 306.723554929097 304.935654004415 303.954859574636 294.45469379425 279.015819231669 288.203875223796 307.12483326594 312.778790791829 305.564681688945
324.831386407216 330.480456352234 330.825964609782 334.976116816203 334.169189135234 331.895450750987 324.578722318013 315.924803415934 319.561362266541 321.138660113017 316.133717695872 321.23871644338 328.073938687642 329.252600669861 328.450202941895 331.953843434652 330.947120984395 327.480792999268 326.544404029846 317.570904890696 304.698626200358 300.357619921366 307.921687761943 313.197016716003 313.045501708984 311.489005883535 308.304190635681 301.225821177165 286.468942960103 277.036468187968 278.148392836253 290.707051753998 293.854773044586 294.543306032817 305.732031663259 297.659357388814 292.921384175618 294.335623582204 291.314959526062 303.213397661845 300.688068072001 290.06826877594 296.000103155772 312.018354733785 317.868034044902 309.145708878835
294.032057126363 299.403031667074 306.877493858337 309.69895919164 317.770600318909 323.856294155121 325.507918993632 325.535078843435 324.435710906982 321.501672267914 314.397056897481 315.387507279714 324.010054270426 326.803644498189 322.810610135396 326.417128245036 329.798698425293 331.518809000651 329.882840315501 325.611710548401 322.746535142263 316.810190677643 311.192313830058 310.494323571523 312.835335731506 312.658429145813 306.91264073054 299.832224845886 288.895567258199 277.85195906957 277.373691399892 292.155802249908 282.957017421722 288.9058192571 302.161435286204 296.530028184255 283.878763516744 278.575936953227 288.503805796305 302.799761295319 303.400139013926 303.111493587494 303.271392981211 315.352539221446 324.847956498464 315.066297849019
279.36452627182 274.038275082906 277.824560801188 282.251715660095 289.758960405986 294.626971085866 299.448132514954 307.897766431173 318.490246931712 324.436724185944 323.563317457835 323.999623457591 326.491554578145 327.004392941793 324.084917704264 320.253153642019 322.200735410055 325.302879015605 327.838162581126 327.456116676331 325.641949971517 322.547535101573 322.58935769399 318.545540173848 316.466967264811 318.590005238851 313.156326611837 305.148164431254 297.039826711019 289.024770259857 281.300485134125 292.063991228739 282.938599586487 288.781424363454 294.588605562846 295.859694480896 290.370106697083 287.533501784007 302.804748217265 312.285800774892 308.528323968252 301.651537418365 296.992142995199 306.071956952413 316.928744316101 317.403097947439
292.551616827647 277.349750200907 264.117578665415 258.143345514933 262.886861960093 276.704370975494 291.466116905212 298.992474873861 305.899818738302 310.482243696849 320.979873339335 329.250812530518 332.314590613047 332.996408144633 331.672290960948 329.868535200755 327.270309130351 321.688751379649 323.09631506602 327.238818009694 325.606346130371 325.079878171285 328.855236371358 324.986179669698 321.496427059174 321.012397607168 316.765248775482 309.194723765055 301.137030124664 296.475569407145 296.304861704508 298.891266187032 293.004671732585 295.568843682607 292.65699783961 295.915444691976 304.425040880839 308.390339215596 315.524935722351 318.337321281433 316.859662532806 309.610307216644 303.432146708171 301.096697648366 306.038598219554 320.62953710556
320.360759894053 302.020351092021 281.940837701162 263.051152229309 254.154860973358 265.334328015645 285.050809383392 297.733902931213 300.374190012614 300.588170687358 307.806531588237 316.387017567952 321.009755134583 324.530800183614 328.051467736562 329.095959663391 326.320767402649 320.533533891042 320.499738057454 324.349145094554 324.245134989421 327.364166577657 332.959016164144 330.420712629954 326.675415039062 326.316674550374 320.754567782084 312.885562578837 303.933183352153 298.251469930013 300.254782040914 299.766699473063 304.153958956401 308.811088403066 303.436001141866 300.347646077474 307.64643351237 313.185751438141 315.36082426707 315.690716107686 316.140294075012 312.268853187561 310.299436251322 309.617459774017 307.504753271739 307.882905006409
331.580102443695 319.685300191243 307.115177313487 292.261381944021 274.462739626567 263.577699661255 270.252923170726 293.670932451884 303.019722302755 307.695825894674 305.824855963389 302.212615807851 299.253781636556 296.673556168874 297.372659047445 307.770212491353 314.525385697683 322.086532910665 326.969663302104 329.23158009847 326.586941878001 323.508938153585 329.776167869568 331.437548001607 329.661468664805 330.844461917877 328.205684820811 321.775496006012 312.851548194885 307.599663734436 305.764297644297 308.218538761139 320.314526557922 324.219425519307 321.059346199036 314.312358697255 312.936683495839 315.168182055155 317.345023155212 321.249961853027 320.411364237467 316.605607668559 313.876628875732 309.396107991536 295.280416806539 288.680195808411
330.961962540944 328.796863555908 325.057605902354 317.122975985209 302.6029864947 279.679675896962 261.654178301493 261.392990748088 289.150834083557 307.169159253438 311.890125274658 308.994094530741 302.36279964447 295.872747898102 286.721507708232 289.396226406097 298.518657684326 309.258659680684 321.633140246073 329.705516497294 330.668071905772 326.602081457774 327.850619951884 330.310086409251 330.169717470805 331.665515899658 331.136743227641 327.658176422119 322.188854217529 320.125997066498 319.576223691305 321.136792500814 329.152464866638 331.57072464625 329.445997873942 325.726826985677 321.200788021088 316.934367020925 310.888508955638 314.130345980326 320.932924747467 325.153787930806 326.90417766571 320.229589939117 305.387556552887 291.911005973816
327.409942944845 328.06122303009 327.454884847005 324.561337629954 318.005402882894 305.314163366954 283.538401126862 259.722769260406 270.156602064768 288.280049959819 303.231080373128 308.467904726664 308.924297491709 307.40890900294 300.896386305491 296.165029207865 293.13067595164 297.57950703303 306.666811307271 317.771236101786 325.082401434581 328.952570756276 328.848640124003 326.492667198181 327.269275983175 330.241680145264 330.878297487895 329.328636328379 327.464679876963 329.65749502182 330.773929754893 329.988261063894 331.788917382558 332.916061083476 330.680012702942 328.85754108429 325.15811920166 318.349301815033 305.397133032481 307.59185552597 322.615087032318 328.879038492839 327.613472938538 322.739541530609 313.696026802063 304.969032605489
314.120928446452 319.489439328512 322.074731190999 322.178463141123 320.770482222239 320.155878861745 312.047859032949 298.704584439596 274.202088514964 268.398066361745 278.75284353892 297.752896944682 311.492284138997 316.825191179911 318.631907304128 314.575036366781 303.937435150146 300.533354282379 300.101478894552 302.541613578796 307.475924491882 311.906754970551 315.953572591146 318.508505821228 321.921447912852 324.316402276357 326.051672299703 325.150688489278 324.936230977376 328.303376833598 329.316894213359 329.451441764832 332.842449347178 335.277160008748 333.46160252889 329.630752404531 327.435334523519 323.757072289785 308.006246884664 306.171735127767 320.608556270599 323.690056800842 321.886817614237 319.129824638367 310.594399770101 302.000244458516
279.441098372142 289.966702461243 298.689325650533 305.346171061198 311.240832010905 316.109617551168 318.400025367737 316.740830739339 298.87056350708 279.167373975118 266.113122304281 272.978683312734 294.561545054118 311.364650726318 319.699962933858 314.092516899109 308.989783128103 305.001060167948 299.521545569102 295.618176460266 295.83219687144 294.679363568624 296.858191490173 305.374999841054 312.52533197403 316.993455092112 318.683306376139 318.305850028992 320.557216803233 323.535700639089 324.995477994283 327.120244503021 331.983307997386 333.819667498271 332.495748996735 329.431792100271 329.472641150157 330.138901869456 320.803284645081 313.057065010071 318.3247645696 321.951448917389 323.275208473206 322.621405124664 315.251390139262 307.872931162516
245.24587392807 249.177972475688 256.620486577352 267.167766888936 280.22563457489 293.00065835317 306.317845980326 310.543855031331 311.447401841482 302.617649237315 283.335169156392 266.899208227793 267.623941103617 286.990960439046 305.87367216746 306.969066460927 311.998784542084 309.908032417297 303.665379683177 296.242833137512 291.244824727376 288.785815238953 288.05140654246 294.954200585683 300.771594047546 304.124573866526 305.872162183126 308.772087097168 313.159684340159 316.126664479574 318.338493506114 322.201192378998 326.363086700439 327.784697214762 326.788306236267 326.485355695089 329.589645067851 332.85262187322 331.32129907608 325.662394364675 325.032929579417 327.960689862569 329.317092895508 328.647871812185 323.076784610748 320.73841492335
234.496871630351 230.556388696035 228.460351626078 228.492160638173 235.653181870778 250.61156352361 271.301964918772 288.763960202535 309.65667963028 312.463502089183 304.940501848857 287.962019443512 265.131612618764 261.838177839915 281.537373860677 301.453530788422 312.027772267659 313.563287258148 309.970438480377 304.172039031982 297.874967257182 296.998778978984 296.656131744385 297.376950581868 296.408394972483 295.442203680674 298.679033915202 304.983079433441 307.33867486318 308.333992958069 311.765889326731 315.012673536936 316.668709119161 317.790826161702 318.701386451721 321.621676286062 327.548027038574 332.207103570302 332.194924354553 332.946717739105 332.335154215495 331.541796525319 330.95254500707 330.537954966227 325.072228908539 322.531819343567
229.907234509786 203.744788964589 187.700728575389 182.363311449687 179.795682430267 185.876965522766 205.281933148702 237.785538037618 270.506342252096 298.155784606934 309.880197048187 310.239315032959 298.149943351746 277.768552303314 274.143179257711 294.935584068298 307.110031445821 315.126637617747 318.935136000315 316.235701243083 309.15645758311 306.778391202291 304.489453633626 304.388145605723 303.582986195882 301.596323649089 304.301838080088 309.458613395691 308.596710364024 304.463346799215 308.573504288991 312.356054782867 313.875873883565 313.320438067118 315.374215443929 319.923877716064 324.074109395345 325.85871219635 326.885501543681 327.313999334971 328.10761531194 330.073793729146 331.802785396576 331.402520338694 326.036393642426 323.30729564031
214.189807573954 177.623629570007 156.043072541555 151.808122793833 151.503026485443 156.557987133662 165.353357791901 189.799010753632 216.61102771759 261.119882265727 304.0585120519 321.938157081604 324.265201886495 313.617547353109 295.116643110911 290.370881557465 294.952770074209 306.34609858195 317.380547523499 321.370124816895 320.521573225657 316.899995009104 314.894358317057 312.89662917455 309.820652008057 308.323423067729 310.783267021179 312.209288279216 306.671420733134 303.999304771423 307.520031929016 310.898939768473 311.146378517151 311.30838394165 312.952677408854 315.598448117574 317.013382911682 315.253059069316 317.358454068502 317.419270674388 319.96097167333 324.255625406901 327.163894971212 327.295502026876 323.716123898824 322.957615057627
180.904905001322 154.57413593928 134.534647067388 132.626742124557 148.687650760015 169.737100601196 170.80557346344 178.720911343892 197.783648967743 227.651377518972 273.205717404683 318.126638730367 330.527206261953 329.225540161133 318.596144517263 297.400991121928 287.836134433746 289.88911708196 303.002893924713 319.399396578471 324.64595635732 321.452021598816 322.40104675293 318.35397084554 313.640554745992 313.828825950623 316.385785738627 313.6199315389 308.273414770762 310.742219289144 311.905105908712 311.495621999105 309.577365716298 308.91756216685 308.488845825195 308.045824368795 306.832472483317 302.866498629252 304.739316304525 306.038896242778 309.535761674245 312.407652537028 314.255078633626 314.617733160655 318.782369295756 321.40592734019
159.900317589442 149.572342634201 132.450670003891 124.541451533635 128.561049699783 152.706652879715 173.492809136709 178.271075089773 194.327394167582 206.441263357798 231.369336446126 279.75728114446 323.854088783264 328.762590885162 326.053400834401 319.843550523122 312.511165936788 301.575720310211 292.660554250081 301.489075024923 317.448417345683 323.522945245107 325.531423091888 322.771112124125 317.838887373606 318.764587243398 321.918646494548 318.882664044698 315.576811631521 319.584210713704 319.995721181234 312.229514122009 308.316131432851 306.043783823649 302.708983421326 300.966322422028 297.850072383881 296.940863132477 297.294676303864 298.824429512024 300.93107620875 303.167283535004 305.170595645905 306.039909521739 315.920730431875 320.523579915365
151.522775491079 153.868546088537 148.360590140025 135.286112626394 119.511435429255 133.664816617966 162.13920712471 182.971199353536 200.011332829793 212.754388650258 219.759742418925 248.427430788676 288.336714108785 322.380443414052 328.389545281728 330.010632673899 328.681588172913 321.351329485575 308.056871096293 294.615546862284 303.234775861104 320.52226861318 322.481513023376 321.70824209849 321.586867173513 325.287878513336 327.869097391764 326.199094454447 323.669791221619 325.181523958842 321.239789326986 314.080139001211 309.672733147939 305.182258288066 300.896068414052 298.820078372955 297.186493873596 296.487589677175 296.482503414154 298.035780588786 300.108393033346 300.409575303396 300.487299760183 303.641259670258 310.394446055094 318.203409512838
159.529159466426 170.059005419413 175.719618797302 164.06257947286 143.664409716924 147.654483715693 166.743596394857 186.354438463847 208.07953675588 226.753890514374 236.074348290761 241.860787073771 266.831338405609 287.472784519196 318.972547849019 327.814996242523 328.677217165629 327.765683333079 325.158476829529 314.055244127909 299.021979173024 309.040029843648 314.407785733541 319.679200649261 324.854850769043 329.17732000351 331.015646457672 330.075641473134 325.687607129415 324.799696604411 320.291618506114 315.55696328481 310.972174008687 306.516488393148 303.84361743927 299.981335798899 299.649198849996 297.67237106959 297.048509120941 298.57607682546 301.829059918721 303.021013736725 301.641205946604 304.020682970683 305.375297864278 313.6066198349
170.909861723582 176.222523053487 189.371466636658 199.264168739319 186.815996964773 165.010005235672 167.511562506358 179.325699806213 196.080684661865 219.898025194804 234.196245670319 235.454042752584 244.882563749949 258.371949195862 278.804838657379 301.597317059835 321.997165679932 323.305984338125 324.241538842519 323.763728141785 317.640463511149 308.38002761205 309.212466080983 315.513869126638 322.619656721751 327.336728572845 330.908894538879 329.631845156352 323.651313781738 323.004146416982 318.919658660889 313.250263532003 308.91631046931 306.949555873871 305.335680643717 302.329281965892 300.295074780782 293.544987837474 292.237281799316 299.009919166565 302.923878033956 304.319421450297 306.234737237294 304.985880851746 303.087135155996 308.972577253977
