input/barkrak2/radiation/dir21024.grid
NCOLS 85 
NROWS 70 
XLLCORNER 665100 
YLLCORNER 4664600 
CELLSIZE 20 
NODATA_value -9999 
[rows 40 to 59 of 70, columns 0 to 45 of 85]
312.853078047435 313.832640647888 313.770711421967 315.73220094045 321.131388346354 324.335356553396 326.547622680664 329.225103060404 329.025268554688 320.48225402832 309.931596120199 306.128819783529 304.152011871338 302.101572354635 298.804978529612 297.658979892731 297.530750433604 296.326259771983 291.549464066823 289.648811022441 292.717357476552 296.053886413574 298.237005869548 293.804844220479 290.408809979757 288.090189297994 294.098416964213 294.618725776672 294.894536336263 293.092568715413 291.775186856588 288.423577944438 268.284698327382 266.798913478851 290.146668752034 290.342052777608 280.275225639343 278.048197428385 279.576460520426 271.916548411051 282.275358835856 316.572626431783 322.8426973025 269.778768221537 208.541353543599 169.23193136851
318.178057670593 316.273272037506 316.453496615092 317.035357157389 313.636104265849 312.152862548828 311.043381690979 312.304119269053 315.166890621185 309.835970401764 303.437272707621 302.733520666758 305.483122666677 304.692208766937 303.864359855652 301.240662733714 296.644886334737 301.194926102956 302.262882391612 297.343313694 298.240760962168 298.353672027588 296.449025472005 297.109087308248 297.262986501058 292.624354362488 295.71936527888 296.360234419505 296.191732088725 294.496417045593 294.798096021016 289.74441687266 274.607280890147 278.391261895498 290.087918440501 280.793408552806 265.332579612732 263.320088386536 269.163986047109 275.915185610453 295.180479685466 308.305064837138 314.261396725972 300.331473350525 251.523375511169 204.758365948995
320.233821868896 318.02241007487 320.119857788086 318.902611732483 314.160247643789 312.312324841817 310.984671115875 309.631705284119 309.143761793772 306.85301621755 303.898711999257 303.867439428965 305.855333805084 307.644327481588 307.690739631653 304.535269737244 302.678525447845 305.918117364248 306.739648183187 302.375515302022 298.070152600606 296.168486277262 293.982227643331 293.221314748128 295.813282330831 290.644546349843 287.18243042628 290.22737344106 292.322893937429 293.59229405721 293.115615844727 286.291698614756 280.226647853851 286.462843418121 287.696202596029 269.00968949 252.886474132538 257.307410240173 270.480851332347 283.540467421214 292.729437351227 291.630645593007 284.866432348887 281.189024448395 257.98491636912 207.90841182073
310.263315836589 311.886847019196 317.67213344574 315.282563368479 316.573897997538 317.858258883158 317.974726359049 315.716743469238 308.140873908997 306.413650512695 308.980246384939 305.549184481303 305.036167303721 308.284978071849 307.861705621084 306.310435136159 306.36469523112 307.094216346741 306.582808494568 303.399284680684 296.881159146627 293.996393680573 291.143039862315 290.02853234609 291.439731915792 291.689614454905 286.711851755778 285.959362983704 288.63259156545 288.829267024994 286.010324954987 280.198832352956 282.843311627706 286.871075630188 276.294767856598 253.995994726817 248.827417691549 262.043178081512 279.939373334249 284.328023592631 282.565216223399 278.698861598969 270.766735076904 262.622733910878 246.769865353902 213.014721870422
309.813439846039 313.556472460429 315.419097741445 314.932445685069 316.219607988993 317.750652631124 316.933731238047 314.575731754303 312.080482641856 308.844606081645 310.244599978129 307.76846408844 305.687427520752 303.924679756165 304.030418395996 303.363740444183 299.859563509623 304.290513197581 304.643750190735 300.409515698751 297.924935817719 295.491794745127 292.468905448914 291.998505592346 288.999517758687 294.979512691498 294.494569301605 291.385928789775 289.676070213318 287.006060282389 280.765811602275 275.812725226084 276.91392103831 274.029890696208 264.187792936961 250.508904457092 252.765933672587 268.705646197001 282.967249552409 279.222051302592 279.508650302887 271.499474843343 260.245184103648 251.234789689382 242.580751578013 225.335975488027
313.834607601166 316.844721635183 314.873178799947 316.217521826426 314.665734767914 314.855257670085 315.921147664388 314.576427141825 315.800468126933 313.270608584086 312.03689177831 311.843196551005 307.896931966146 304.922203222911 303.41899394989 305.351614952087 300.059417883555 300.034006436666 303.096016248067 301.098982493083 298.115054766337 296.753406524658 295.072972774506 293.067137400309 292.861938476562 291.853109995524 296.004255612691 293.478767077128 288.707951704661 285.736342271169 279.575884342194 276.236315568288 274.988691012065 266.755064328512 254.400769869486 241.931994756063 248.738368352254 266.890645027161 273.676911989848 265.071193377177 270.207405090332 262.183388074239 251.631538073222 253.130753835042 257.3388616244 240.67344268163
313.741485277812 314.142167568207 315.792461236318 316.852629184723 315.969347953796 316.045006116231 317.30588277181 317.833642164866 315.986196200053 315.566380818685 315.208653608958 313.989798227946 310.74845790863 308.868666489919 306.473155816396 308.164477348328 305.135031541189 299.878060817719 302.21551656723 302.174607912699 299.187501271566 297.167400519053 295.542021592458 291.892170906067 294.960081577301 289.654930432638 287.79125213623 288.248479366302 286.706546942393 282.712201277415 281.437933444977 276.269276936849 271.33184671402 263.983527819316 252.937197685242 243.629395961761 250.667055447896 263.484934965769 262.475768725077 263.175586859385 268.469115098317 258.03013642629 255.459904670715 263.167301813761 268.788059552511 253.449479738871
309.712608655294 310.741623242696 314.493854840596 315.229515234629 316.668450832367 317.898213863373 316.793501377106 316.416382789612 315.979202588399 318.109631538391 315.631667772929 312.516470750173 311.737497647603 309.72146987915 308.346390724182 305.415630340576 303.640961647034 294.755498568217 299.768924713135 298.64235719045 295.243104298909 296.286960442861 295.520305633545 286.463042100271 288.68293762207 286.080618699392 279.499590396881 283.570647239685 284.268319606781 281.612773736318 279.569745063782 277.290026346842 270.349224408468 267.824391523997 265.61313867569 255.920171737671 256.877978642782 261.374533176422 264.013628164927 271.999955177307 268.135031064351 259.773155053457 263.231774171193 265.580892562866 263.583600521088 251.624226570129
304.811855157216 307.195087273916 310.353338718414 312.588572502136 316.622833410899 318.019966284434 315.967837969462 315.001388390859 317.243834336599 318.004488945007 316.919128100077 313.711265722911 310.646116733551 311.404903729757 308.563272158305 304.156680901845 301.108678181966 295.002937316895 295.500377813975 296.393175919851 298.301796118418 294.99340057373 293.144822120667 286.355237166087 283.960938453674 288.630743821462 284.870405991872 284.523367881775 287.649214267731 289.692560831706 290.487507979075 288.069784641266 277.873297532399 279.189626375834 275.569339593252 263.111472129822 262.97382513682 266.412039597829 268.942634264628 271.194835503896 260.792195796967 256.460924943288 255.200703938802 251.311163107554 248.931666215261 248.33865960439
304.057796796163 302.382051944733 305.870115756989 310.744484265645 314.415494600932 315.562824408213 316.40883286794 318.260868390401 318.4681336085 316.574533780416 317.029635111491 315.121650695801 313.053806622823 308.95471572876 308.061639467875 302.596529324849 301.746567090352 293.665885925293 293.187777201335 298.808137575785 297.003428141276 295.409520467122 292.001346747081 290.609459082286 287.047445774078 289.764920870463 289.46840763092 290.194789568583 293.750027815501 297.14701573054 299.374481042226 296.039044857025 288.502732912699 286.419590314229 278.992295265198 268.213311831156 263.488193353017 268.804132938385 270.910203456879 260.721306006114 249.424497286479 251.9557873408 251.952370007833 245.952248573303 244.868119557699 248.619278271993
304.994304974874 306.67120218277 308.050751686096 312.74535258611 312.523424625397 312.780320644379 317.057510217031 320.202827453613 318.587938944499 317.474524180094 317.456622918447 316.493193308512 311.919947465261 309.305826822917 306.684215863546 309.273521105448 299.400488535563 293.117642402649 292.987763881683 297.614455223083 299.691239992778 297.046601772308 293.585181236267 291.606326897939 287.78463602066 289.69132900238 293.751080830892 293.594519297282 296.194553375244 300.196051597595 302.975118160248 299.746155738831 291.037460168203 285.173535346985 274.10618464152 264.49724038442 263.031383355459 268.094917138418 265.398303667704 249.873161315918 245.649059613546 256.998697916667 256.986041863759 249.034742514292 246.514717737834 242.440342903137
305.14140923818 311.745544274648 312.447746594747 314.246396223704 312.354445457458 311.123430728912 315.163890520732 317.724585533142 317.69323348999 318.576077620188 316.316604614258 314.874211947123 310.852110385895 307.763775189718 301.637430985769 307.247320810954 301.677068074544 294.435918331146 291.884064674377 294.993917147319 295.298099517822 295.407176017761 290.875593821208 287.232458591461 286.955793698629 285.348693529765 288.234909375509 288.232584794362 289.207657178243 293.12805334727 298.256119092305 297.793924808502 287.229339281718 273.522218068441 244.774758815765 234.229584534963 247.936924298604 259.797135988871 261.047561963399 260.245422522227 264.82633749644 265.362103780111 248.189051946004 241.256992022196 249.702572822571 237.59913444519
306.711415449778 304.978171984355 304.242650667826 305.059591929118 308.941801389058 312.197645505269 311.457097530365 314.603050549825 312.296112378438 315.153380235036 314.575711886088 313.244223594666 313.275138537089 307.035644849141 302.43174235026 301.71944697698 303.526759147644 294.455210367839 289.92752234141 289.806326230367 289.071659247081 289.12882010142 288.611988226573 283.433636029561 283.388614654541 280.616124471029 281.267444292704 281.462411085765 280.820469061534 281.620065371195 285.491307576497 287.648479143779 267.278452714284 240.822494029999 212.029914061228 199.661791324615 213.374654452006 240.300635496775 261.235455671946 260.671933492025 261.474589506785 253.358999888102 238.378842671712 238.772590955098 245.06938457489 224.023401737213
309.034446875254 301.081617673238 298.092881838481 301.260272661845 308.770378430684 313.497006893158 310.661256313324 310.841461022695 312.547564506531 308.370272318522 310.565789540609 310.996214548747 311.105946699778 308.261831601461 304.059028625488 301.935871442159 302.272578080495 295.975526173909 291.803141434987 292.726953824361 291.593809922536 288.415849208832 286.586085955302 282.701969146729 281.27400080363 279.567201932271 278.645038604736 278.432051340739 276.837627092997 270.975053310394 264.560957749685 261.812965075175 241.109728813171 217.833717664083 206.484198570251 197.727938493093 188.470085461934 198.258916536967 216.500123341878 240.649580955505 250.605603059133 240.669310092926 234.888712565104 235.858798027039 226.163446903229 205.835938453674
308.75297387441 303.752799828847 299.914399782817 301.799674828847 306.663076082865 311.516404151917 313.768963019053 308.001577854156 309.417029221853 308.364013830821 309.433738390605 309.262335300446 310.825188954671 310.224374135335 305.968542893728 304.683109124502 304.088016351064 297.154684861501 292.278409004211 293.403406937917 293.221275011698 291.526675224304 288.815557956696 287.029524644216 283.359249432882 282.265782356262 280.158420403798 277.681867281596 274.108529090881 267.086565494537 257.550895214081 252.705792586009 233.870387077332 222.809513409932 225.560625394185 225.461840629578 212.846557299296 201.615293820699 191.911319891612 202.453712622325 223.505675792694 219.837784767151 212.007681528727 203.352967898051 199.546615282694 198.87238740921
310.191531976064 307.995955149333 301.303545633952 296.921730041504 300.746599833171 307.201862335205 308.553795019786 306.480050086975 307.356834411621 310.184836387634 312.485535939534 311.997354030609 310.218373934428 310.839653015137 306.380112965902 304.60395415624 304.251035054525 301.308830579122 296.002427736918 294.212182362874 292.574028174082 290.41322072347 289.674003918966 291.903913021088 287.989457448324 285.784045855204 281.005005041758 274.118006229401 267.797629038493 263.859351476034 261.718849341075 259.436587492625 241.555611292521 238.526503245036 243.54616800944 249.671081701914 255.681018034617 247.511525948842 231.195668379466 200.220425923665 200.015107790629 207.047283649445 204.599360624949 199.721276760101 204.412500063578 214.004516601562
310.113906860352 308.393577734629 305.004854996999 296.532273292542 293.724377950033 303.783893585205 307.305852572123 306.494017442067 305.263419946035 307.740747928619 311.952968438466 311.678508917491 309.996247291565 309.712787469228 307.020703951518 303.96842956543 304.696997006734 300.028363863627 295.649806658427 296.406686306 294.857760270437 293.078045050303 289.433757464091 287.772019704183 287.984212239583 284.481525421143 266.952455043793 249.12017583847 244.541049003601 248.447219530741 257.678826649984 252.536157766978 242.385824521383 238.430321216583 247.469584147135 259.614149729411 274.249672889709 279.653032620748 271.128296852112 233.734726905823 205.633183320363 212.890982627869 223.263502120972 232.548813025157 241.140325864156 247.450351715088
308.522820472717 305.620074272156 305.017054080963 301.418562730153 295.177499453227 298.318167527517 306.975424289703 306.999464829763 304.842412471771 303.124308586121 310.47656138738 311.318437258403 308.936913808187 308.256506919861 308.200617631276 301.28272374471 302.80997355779 299.631873766581 296.160499254862 298.296550909678 297.801713148753 296.353975931803 292.40471124649 287.18888759613 286.287109057109 287.477334340413 270.114779472351 249.134838581085 247.744580109914 252.960681915283 259.040097395579 254.716753959656 249.505877494812 250.947912534078 265.438040097555 271.410246690114 276.430249214172 253.549794356028 228.29282283783 221.11173470815 229.572196801504 241.046031316121 237.212856610616 227.901597817739 226.19507710139 238.808592160543
299.798011779785 303.15633614858 301.489293575287 301.463345686595 297.21732934316 294.645428657532 304.56554889679 308.757901191711 304.183582464854 301.180879275004 305.981377760569 310.32011906306 308.083117008209 305.528958638509 305.387338002523 301.88779036204 299.651364485423 299.083709716797 297.617216904958 297.991971174876 300.233244895935 294.72404718399 295.251647631327 290.186087290446 286.805987358093 290.382484594981 283.789575099945 279.247919718424 274.913946787516 274.308900038401 272.140542666117 261.028746763865 261.748989423116 263.343870639801 259.970466295878 242.560863494873 220.499535401662 187.422394752502 167.792359987895 204.260985056559 242.467204729716 248.410165309906 230.730295181274 222.985665003459 230.353713035583 242.866357167562
289.341608683268 299.857874711355 299.615740776062 297.564129034678 296.67991399765 294.246892134349 299.175679683685 306.266884009043 308.903574943542 303.807894388835 305.473923683167 308.586219946543 308.18239847819 304.450233777364 304.815649986267 302.509407202403 299.274543921153 296.70117298762 293.835282325745 292.127192020416 293.222804864248 291.989962259928 290.791471799215 291.138172149658 289.095044136047 293.605049451192 296.765585740407 300.656795501709 286.462684472402 281.275967756907 270.878911018372 259.526928265889 259.232560793559 243.369698524475 209.382196267446 186.030864715576 174.422264099121 162.542869647344 154.81307109197 175.554851690928 202.621301015218 225.761453310649 231.661339600881 246.367434660594 275.369266668956 282.706419626872
