input/barkrak2/radiation/dir29024.grid
NCOLS 85 
NROWS 70 
XLLCORNER 665100 
YLLCORNER 4664600 
CELLSIZE 20 
NODATA_value -9999 
[rows 0 to 20 of 70, columns 0 to 47 of 85]
151.769081751506008 167.764862378438 185.085733731588 206.570446491241 217.432379722595 217.614511648814 214.425524075826 210.838496685028 210.027714570363 213.580946127574 214.102526505788 212.119082609812 208.958824475606 209.758420785268 211.010495821635 198.850512504578 185.789525508881 176.411350568136 173.863530158997 164.833307266235 164.235850175222 181.60088857015 208.613097667694 216.264327367147 219.167987505595 231.62321249644 230.022033055623 214.607795079549 201.228539148966 200.564940770467 196.060041586558 218.412240346273 265.13526837031 263.507525126139 262.120167414347 247.235576311747 251.336673895518 265.339891115824 262.826402982076 263.810435930888 251.628379027049 256.607572237651 264.724771181742 260.351697603862 249.209841092428 252.208630243937 257.641534010569 228.754977385203
129.422525564829 147.253135840098 163.215299447378 182.205617427826 197.508533795675 204.775154590607 207.974274953206 212.076505025228 219.137132167816 219.219982624054 216.32715066274 213.39875459671 210.165003935496 211.752533912659 211.677610874176 199.665407339732 192.338029543559 182.90521701177 178.486545880636 170.219719409943 178.032040596008 202.526847521464 224.916080633799 227.380434672038 231.081525484721 237.618148326874 232.203781604767 219.010313351949 206.160604953766 202.599187692006 203.382849693298 232.988079388936 266.764064629873 264.251589775085 260.535717010498 249.679764111837 255.650460720062 267.391482988993 261.699795722961 262.253959973653 256.130576133728 255.903899669647 252.296010653178 245.333770910899 241.433441638947 250.273704528809 247.268478075663 212.442835172017
92.7403072516124 103.662431240082 116.080621878306 129.453152418137 144.546061754227 156.957805156708 170.044958591461 189.193507035573 203.769008318583 206.460038820902 208.575864632924 212.344845136007 218.92782052358 222.019036610921 222.541511058807 225.759704907735 223.072191079458 212.021787961324 194.787879784902 185.433586438497 196.246683597565 214.147090911865 226.225058237712 229.331533114115 233.566919962565 233.36140314738 227.597713470459 218.65173180898 210.8234167099 211.593468983968 221.623758474986 248.739997545878 264.419674873352 263.288935025533 258.34729274114 254.537204901377 261.438250541687 266.645689805349 264.372487862905 259.470105171204 252.561509609222 242.086470127106 228.068927923838 223.822057247162 233.222385247548 247.794330120087 235.126773516337 202.391405900319
74.9001353979111 74.9327093362808 81.3871920108795 87.9937609036763 95.3680773576101 104.156871636709 113.353490829468 131.262232859929 153.126398722331 172.737061977386 190.244833628337 207.957665125529 218.63842010498 224.268078804016 226.494650046031 234.728157520294 231.80498679479 220.446149508158 203.168412049611 195.501148700714 195.844372113546 196.256637573242 208.656231562297 219.201505184174 221.062143643697 222.617944081624 222.939034303029 219.941397507985 219.106018543243 223.089973131816 228.283484776815 254.377643267314 262.091974417369 261.446356773376 257.539093494415 258.597354094187 261.140366395315 261.883775393168 257.095356782277 245.934764544169 238.562564055125 225.527286529541 221.246401468913 235.01588900884 250.072121620178 245.231032371521 223.729113737742 198.444068431854
95.8697895208995 79.890434940656 67.758431037267 57.5752059618632 58.4049175182978 75.1980940500895 100.142250458399 111.299484968185 122.068017721176 130.577772855759 155.205299456914 181.330442428589 197.527468204498 205.980817476908 213.309069474538 218.12758843104 214.702447255452 207.182010014852 199.911594390869 196.02902730306 191.193302472432 189.587612946828 200.71017742157 209.518313407898 213.220516840617 221.502264340719 222.852090994517 221.591611703237 221.168955167135 220.309754212697 227.887729803721 256.867408752441 259.444057941437 258.234361807505 255.577047665914 254.591961701711 253.617544968923 251.579344272614 241.576333840688 232.016285260518 230.626145998637 228.923559188843 234.594961007436 245.441476504008 248.216052850087 224.382340908051 196.305394172668 187.99348672231
140.702376763026 111.751218636831 83.9752753575643 60.8045756816864 52.5618990262349 62.2015943129857 86.1629545688629 107.546895742416 112.790356079737 111.685832341512 121.86207373937 136.958519617716 147.831598917643 155.188103516897 165.787041187286 176.183183987935 179.905076821645 187.467058499654 196.038901805878 200.621386369069 201.200067996979 203.275938828786 202.260613441467 204.382499059041 209.885875384013 216.14134311676 219.016909599304 222.034513950348 224.354763825734 225.536227226257 240.858674049377 258.414665857951 253.810048103333 253.129045168559 251.014709472656 249.188462893168 248.011807600657 243.552446365356 232.270439465841 232.615053653717 232.162356376648 229.838689168294 232.428431510925 236.063063144684 225.920875867208 194.692393143972 167.540589968363 176.508069038391
167.837798595428 140.59172074 118.15615495046 95.815896987915 74.0008056163788 61.6691758235296 67.4938509861628 95.7574546337128 113.834728797277 122.374465068181 119.132657845815 113.608002662659 110.01776655515 105.481962362925 107.514679431915 123.539259036382 138.455371061961 161.622862021128 183.836698532104 198.034743467967 205.825587113698 209.80034271876 206.991314888 203.31617196401 206.550161043803 208.796958128611 214.243551095327 218.466440836589 220.94601392746 229.065378506978 243.507941563924 252.568622430166 246.267676353455 239.83246088028 238.16438515981 236.011604468028 235.500852266947 230.340917905172 224.934776624044 220.089038213094 214.265704154968 213.120261828105 220.096627871195 227.744519710541 219.213684399923 208.64603916804 220.514059066772 230.613887310028
173.924446105957 170.189181963603 155.006537834803 135.663290818532 110.170791546504 78.7404676278432 58.9927285909653 56.3792486985525 86.5586996078491 119.054446617762 128.577699263891 124.506533145905 115.42730530103 104.993303616842 90.9103353818258 93.7379002571106 107.369502385457 125.559161106745 151.833901802699 174.343784650167 189.945777257284 202.275117238363 208.98965994517 204.12266254425 202.420751253764 200.718382994334 203.420698642731 206.425150235494 210.057775179545 219.990134239197 232.138673464457 233.93452167511 227.537572383881 224.682172139486 220.147033532461 218.633095423381 223.85577360789 220.44974565506 213.83128563563 196.110884348551 194.065690040588 203.831136226654 222.058971722921 234.709898630778 232.625126838684 234.8925669988 242.759764194489 245.95308303833
138.424585262934 151.507755120595 152.879854043325 150.657286246618 142.193873723348 116.037905216217 83.6559732755025 55.5734733740489 67.376842101415 87.7105593681335 112.958709398905 125.387539466222 128.779053688049 125.666886568069 111.304064591726 101.063271363576 98.4293818473816 103.214204311371 117.85967151324 136.698057254155 154.484272003174 172.59407043457 186.387300491333 185.118516286214 186.898986498515 185.143887996674 185.480733712514 189.336796601613 192.74910291036 204.128563404083 210.326075553894 210.893909136454 207.339306672414 206.158757209778 207.144836584727 210.945685704549 212.933580080668 213.075757026672 208.782891432444 201.136708259583 212.03358968099 225.919683774312 234.767258167267 237.191557884216 230.589767297109 225.918630758921 228.957136472066 239.471852779388
96.418042977651 104.892442623774 114.372700452805 125.753382841746 135.149617989858 131.186534961065 114.767372608185 103.770842154821 64.7946000099182 55.3960899511973 64.4725064436595 88.5215997695923 108.387569586436 123.985191186269 130.499839782715 121.177593866984 106.444627046585 101.666281620661 99.6480286121368 103.466759125392 110.987951358159 122.581422328949 134.393662214279 150.667766729991 162.544757127762 164.81293241183 165.128846963247 167.299250761668 170.685609181722 177.680810292562 179.891586303711 181.022445360819 187.350789705912 191.487729549408 196.584741274516 199.223935604095 198.350568612417 205.083906650543 206.857124964396 215.114792188009 232.090969880422 239.187558492025 241.507550080617 238.667050997416 230.01766204834 226.150572299957 236.99035247167 246.602416038513
53.5114804903666 56.3585460186005 62.076856692632 80.5505663156509 94.4722493489583 100.286821524302 110.261311133703 111.0005180041 86.2931708494822 63.8471841812134 49.8705257972082 52.0992378393809 71.082482735316 92.9906864960988 111.297855774562 106.835504372915 104.627668857574 99.6118783950806 92.0912623405457 89.7337396939595 91.1306142807007 90.9154812494914 97.0574617385864 114.070882399877 128.773351510366 139.7851506869 142.64898498853 144.765694936117 152.297000090281 159.46364402771 163.059522708257 167.757193247477 177.394092082977 181.38990799586 182.785471280416 185.12237071991 190.800388654073 196.461935838064 204.719146092733 224.562545617421 237.303137779236 240.382472674052 239.469289779663 234.939157962799 231.576800346375 233.911554018656 242.079138755798 244.329075018565
27.7847747008006 25.1012966036797 27.1052072445552 25.6656259298325 32.7645788590113 51.7317652702332 63.228577375412 75.2548625071843 73.661208152771 66.0995244979858 53.3633927504222 45.3772395849228 49.6783355871836 64.9188707272212 82.6144913832347 89.1775290171305 100.055605173111 101.023614406586 93.7446554501851 83.9934150377909 81.4110934734344 82.2104861338933 83.4785600503286 94.0543413162231 104.005505641301 112.485955158869 118.008335431417 124.574760595957 132.659663756688 138.52200905482 144.238442182541 149.103661378225 154.742022355398 159.531195958455 161.429027716319 165.312627951304 177.299340565999 190.557797749837 198.314607143402 215.492566426595 222.969472408295 224.744538466136 220.874587694804 221.019665400187 219.7345495224 219.217697779338 225.809772809347 234.115223089854
21.3607226808866 14.1769088804722 9.20255978902181 4.56978287547827 1.01820340690513 2.65552662312984 19.4441452622414 37.2812350591024 58.5247079531352 67.0097917318344 66.6780571142832 59.6237182617188 44.6818967660268 44.8397696018219 60.7161323229472 79.8918008804321 96.1363315582275 101.392865180969 99.0608235200246 94.3567554155986 87.2329374154409 86.9988004366557 90.4084543387095 94.7745442390442 96.7948436737061 97.9096293449402 102.581232786179 113.477369149526 119.403501351674 121.68628970782 127.824246883392 134.332577387492 135.005970795949 135.980745156606 141.329397757848 148.036936918894 159.898042678833 174.373010794322 178.990721702576 190.73224067688 198.822597662608 200.71146885554 199.990034103394 201.388994852702 202.355901400248 205.440243085225 208.913425604502 214.934905370077
21.247610449791 5.75209719439348 0.557998311705887 0 0 0 0 9.55129663149516 33.5013618071874 52.7884314457575 69.6267038583755 75.0890423854192 68.3086464802424 58.0664972464244 57.8259527683258 75.0224441289902 88.4897510210673 101.345280806224 110.254764556885 107.531150182088 101.396272579829 98.6690918604533 97.3095198472341 98.1232523918152 101.032823324203 104.490141073863 107.924083868663 118.662436803182 121.376872062683 115.406821171443 120.299408833186 125.578343868256 127.068976561228 127.225210269292 131.992002328237 139.975468317668 144.58574851354 150.839060544968 157.213717699051 161.700437466303 168.597499529521 176.689267158508 184.948484102885 191.50298833847 189.646780490875 196.57035668691 198.69472583135 197.419742743174
30.0582895676295 9.7389401247104 0.208564451895654 0 0 0 0 3.14049236476421 15.2655070026716 33.9913889765739 61.953937013944 86.0440532366435 90.0942782560984 83.2222948471705 73.9831924438477 73.4428564707438 77.2113253672918 88.845431804657 106.115390857061 115.728636582692 117.599229017893 112.403770287832 110.868801673253 107.335219780604 105.758835872014 107.469588518143 112.427850564321 119.808783133825 118.259946505229 113.77082268397 116.533815860748 120.659977197647 121.937314669291 121.490369240443 125.740309556325 129.670878251394 130.588601032893 130.068510770798 136.665364106496 136.978894472122 143.588175376256 153.051823377609 159.895896911621 166.873196760813 170.898854732513 178.223252296448 188.567121823629 193.705240885417
26.2162238359451 12.2537227968375 0.536968116648495 0 0 0 1.41229558115204 5.38245153923829 14.8621027668317 28.1181360284487 51.7301311095556 83.3412706851959 96.5449114640554 99.8542805512746 91.7560259501139 74.5288133621216 69.1743195056915 73.8094548384349 88.4925524393717 111.383815606435 122.561603784561 120.746244986852 121.929268042247 116.559425989787 111.620048681895 111.394693454107 114.885191122691 112.966954708099 115.611354509989 123.301565647125 121.853282054265 121.218492587407 119.030485550563 117.447882890701 117.487102746964 117.411235968272 114.739646514257 111.162394285202 114.395280679067 117.527335882187 122.134228547414 127.096116542816 130.688975254695 135.571817557017 150.326251983643 158.284952243169 173.998733361562 185.72469552358
22.326298058033 15.2077451348305 1.53981770078341 0 0 0 2.75335678209861 8.08626413345337 18.792229394118 24.8768776655197 38.3638416727384 66.111167271932 88.9959235986074 97.7351069450378 98.5008875528971 94.9088831742605 91.7804439862569 82.5004825989405 77.7452091375987 85.5287909507751 109.578927357992 124.30947025617 128.388861815135 125.076840321223 120.134184757868 117.925186951955 120.045383771261 114.866584539413 120.028475920359 126.770089070002 124.310513337453 123.631854852041 118.072966734568 112.889597813288 108.206590016683 107.796519994736 103.220999240875 101.693898439407 102.714796861013 106.610824664434 107.930243015289 110.983361800512 114.534209171931 117.778370777766 137.187421321869 149.163037538528 158.743619918823 166.622291008631
18.5306506852309 17.4339177707831 7.73997418582439 0 0 1.20091663363079 6.50682176152865 17.1095058321953 25.6942833463351 30.4022431373596 36.2438758214315 51.3983269532522 73.3848959207535 87.7469678719838 103.373030821482 111.472249031067 112.357447544734 105.365176995595 90.0341471036275 79.0049135684967 88.9320373535156 112.627178430557 122.389833132426 125.829031070073 126.742611328761 129.301617542903 128.027468919754 126.063207785288 125.068565209707 120.81037958463 122.534553209941 115.681668122609 107.899288336436 107.575764258703 106.66153828303 104.386121034622 101.590583721797 100.199013948441 101.130445798238 103.508532047272 104.899197816849 106.589774290721 107.257296641668 110.441694657008 122.289647658666 137.65674829483 146.580278873444 148.526648680369
19.8171101510525 22.9190563162168 20.7617754737536 0.632512771214048 0.139154357990871 8.2401887824138 11.7435740927855 24.6539935469627 33.8860626022021 46.3068385918935 52.9073675473531 55.1950285832087 66.3686692714691 72.8534708420436 89.8337463537852 109.240432580312 114.232540130615 116.843700408936 112.957030534744 100.212117036184 84.2616359392802 96.4841643969218 106.676399707794 118.608335653941 127.442717552185 131.156841913859 133.001238107681 133.886794249217 126.157313585281 125.027805566788 112.194716930389 107.252230246862 105.329632759094 96.0322817166646 92.0928120613098 88.8978838920593 104.858924945196 100.758453210195 100.580185651779 103.255172570546 106.721023718516 109.072536230087 108.726402123769 108.850628137589 110.119352738063 125.121692816416 131.239453951518 131.967435280482
20.8712220191956 21.8967298666636 23.9671369393667 17.3593163490295 7.66375536719958 16.2964165210724 15.096607307593 18.6763480305672 33.4397281209628 46.2221254905065 54.3062885602315 51.8499165773392 54.6302050352097 58.3806435267131 72.8155126174291 88.6604090531667 100.917637348175 107.68989721934 113.756100336711 114.07396197319 106.332918008169 94.3465928236644 98.4276533126831 108.935912450155 118.64627401034 127.303590377172 126.90935532252 128.981292247772 128.350178400675 119.243601957957 105.85938890775 103.567510843277 89.0343884627024 79.5653263727824 76.5898724397023 81.9220145543416 76.1828720569611 78.6779820919037 77.8216818968455 83.5356215635936 93.4385259946187 96.3044762611389 102.84028450648 102.50519712766 98.393589258194 109.266310930252 111.804703871409 116.02579553922
25.6216078996658 18.3355373640855 14.9022080004215 26.7401883999507 22.1808304389318 17.9289778073629 14.2357038954894 18.0745795369148 30.9866617123286 39.1923735539118 45.5026378234228 46.1084942022959 45.470322171847 48.9384084939957 57.7136973539988 71.974923213323 84.4174524148305 92.9313699404399 103.694021701813 117.540736993154 124.063909053802 114.028135935465 113.311588764191 117.080867290497 117.12783575058 119.930197795232 117.67723162969 124.275704224904 119.363774855932 106.028457482656 105.029046535492 83.9005907376607 65.2538438638051 52.4286826451619 41.5494392315547 44.5808072884878 43.7332193056742 58.7853093942006 62.3909632364909 67.6523298025131 72.997123003006 78.8923352956772 84.7390592098236 84.447979927063 91.8579498926799 97.0238347848256 101.449340581894 106.881846984227
