input/barkrak2/radiation/dir25924.grid
NCOLS 85 
NROWS 70 
XLLCORNER 665100 
YLLCORNER 4664600 
CELLSIZE 20 
NODATA_value -9999 
[rows 0 to 19 of 70, columns 0 to 45 of 85]
231.122493743896001 245.251039663951 259.379883607229 275.79657236735 282.967189947764 282.200773557027 273.332059383392 267.290969689687 269.846717516581 270.53705851237 270.271976788839 272.551914056142 272.621989250183 273.217578728994 275.528748830159 268.530964851379 258.869647979736 248.149732748667 242.964486281077 231.337706247965 224.327007929484 235.663890838623 261.343280474345 267.483333746592 270.375768343608 278.357923030853 275.867740313212 263.357321421305 247.592488924662 244.480530420939 240.834514300028 258.459130922953 297.510027885437 297.363698482513 297.165294488271 279.722372690837 286.974430084229 301.520605882009 296.453634897868 298.490901788076 280.767560005188 282.27291504542 292.714238166809 296.351790428162 289.827227592468 290.867745876312
210.723718007406 227.474927902222 241.926074028015 259.314775466919 270.526568094889 272.783756256104 268.81992816925 267.569442590078 276.843925317128 275.906244913737 271.256883939107 272.048433621724 273.473640282949 274.710019429525 274.142583211263 267.546713352203 263.427555561066 255.953907966614 251.477181911469 237.900495529175 238.563895225525 254.003127415975 273.037652174632 275.568385918935 279.690146446228 283.541639645894 277.353803316752 265.706578890483 252.331018447876 246.095279852549 246.938089529673 271.695991357168 297.564605871836 297.373652458191 295.458515485128 281.729817390442 288.847128550212 299.000640710195 294.733464717865 297.28098710378 290.926297505697 284.558614095052 286.098221937815 288.118779659271 287.621696790059 292.050143082937
174.324373404185 187.339842319489 199.825743834178 212.544401486715 225.853780905406 234.811683495839 243.821064631144 256.127158800761 266.749799251556 266.015966733297 264.039158821106 268.660008907318 278.040409088135 281.823257605235 279.441555341085 284.018357594808 286.058942476908 278.956611951192 265.015443166097 254.532674948374 259.85062122345 267.71088441213 274.535556634267 275.972088177999 281.892657279968 280.610720316569 273.102223873138 264.81290658315 256.120324134827 252.63774394989 258.781333764394 284.626166025798 295.30656337738 296.100735664368 294.984598954519 288.848121960958 290.934522946676 293.387154738108 295.199751853943 296.429256598155 291.110773881276 278.778195381165 271.004994710286 274.685323238373 285.295426845551 292.003850142161
156.448125839233 156.999031702677 165.218571821849 172.393600145976 179.296473662059 183.971683184306 191.519320011139 207.495808601379 227.581560611725 244.100352128347 255.438347657522 269.794722398122 280.940632025401 285.075187683105 286.589423815409 290.861705938975 289.432108402252 280.796806017558 267.861882845561 262.323657671611 260.803699493408 259.44705804189 269.575874010722 272.469898064931 274.173359076182 275.839606920878 272.332151730855 266.798933347066 263.981362183889 263.908048470815 264.386137326558 289.179424444834 294.231196244558 294.380823771159 293.125410874685 294.528841972351 294.863005479177 294.775863488515 296.048005421956 290.747960408529 280.558149019877 269.387145837148 265.171269575755 279.046475887299 295.234143733978 291.208783785502
178.672353426615 161.918749411901 147.960364818573 139.017949501673 142.17667778333 158.538440863291 179.843823115031 190.466781457265 201.071421305339 208.866318066915 230.521738529205 253.34111849467 267.631848653158 274.776935577393 279.861966768901 282.741963863373 276.996890703837 267.563919226329 263.426105181376 262.21243540446 257.420023282369 255.854626496633 266.557574272156 269.671638806661 271.940807501475 277.162830034892 274.034341176351 268.931865692139 266.345222791036 264.342506726583 268.850445747375 294.375161329905 294.989585876465 295.645813147227 291.223088900248 292.279362678528 295.292814572652 295.533378918966 288.190523783366 282.478272914886 279.723107814789 273.371477921804 275.772054990133 285.100519657135 288.579940795898 277.104536692301
222.125828266144 193.884472052256 165.711671113968 141.317337751389 132.668485244115 144.253512223562 169.357160727183 187.439242998759 191.460887591044 191.191256046295 201.953291893005 216.337124506632 226.58759355545 233.553131421407 242.377360661825 250.174502531687 250.666519006093 252.446452776591 258.894999821981 264.545897642771 264.385561148326 267.760972181956 270.443956057231 269.476354122162 272.383431593577 277.427951494853 275.889873504639 272.971789042155 269.145131111145 268.168330192566 281.751831372579 296.29510641098 295.006533463796 296.043912569682 291.083057721456 288.581013679504 291.149357954661 289.464096228282 280.70867061615 282.645603020986 281.665762265523 276.87140305837 278.7766456604 278.919259707133 272.374093532562 251.525680224101
244.802117347717 219.884018103282 198.209782441457 176.583806673686 155.330657958984 142.694493134816 150.614519913991 179.3572306633 193.54526201884 201.996445655823 198.948939641317 193.616509437561 189.255992571513 185.189803441366 187.572737534841 203.576584657033 215.990126132965 235.455095767975 253.957470258077 265.951792399089 270.254174868266 271.897117296855 272.31365442276 270.343522230784 272.063155968984 274.537662665049 276.44681930542 275.43048063914 271.625459194183 275.75413386027 287.489453951518 294.981380303701 295.148909091949 292.945186297099 290.023585160573 283.68600209554 283.81621837616 279.419382413228 277.314444382985 275.554915269216 270.258486270905 267.727732658386 271.828373273214 275.442222754161 264.23849662145 254.277646541595
254.537145296733 243.727346261342 231.468717257182 215.04412094752 191.255450248718 160.433828830719 139.316260814667 138.280818859736 173.019806543986 199.409743150075 207.673211892446 203.62913608551 194.453457991282 184.22520160675 171.022295951843 174.665113290151 187.261362870534 204.474925994873 228.943606217702 248.990972836812 260.660409927368 267.451186974843 273.838301499685 271.285951137543 269.818584124247 269.66518163681 270.463208357493 270.399689674377 269.859790802002 277.859846750895 286.938309669495 290.833532810211 288.339932759603 283.870915571849 278.863211472829 276.130775610606 277.8440117836 271.893779436747 264.615575472514 254.759391148885 255.954086780548 265.205025672913 279.252370198568 286.494294802348 275.739292303721 272.287309169769
246.555666128794 246.933261553446 242.309431234996 233.613928159078 219.270050525665 195.809304714203 164.571583271027 135.719438393911 149.267454942067 172.577818234762 193.265159924825 203.696350256602 205.926616986593 203.07320356369 190.419971942902 182.566662629445 179.194728533427 183.972279230754 198.999762535095 217.238386472066 233.917891979218 247.449179490407 257.279276847839 255.134165287018 256.890575091044 257.298310597738 258.19609562556 259.231646855672 260.707358519236 269.869486490885 275.623520215352 275.061726570129 273.220002651215 272.930463155111 272.410492102305 273.226420084635 272.355437278748 268.538514773051 260.018666585286 255.950411160787 270.017743110657 282.955805460612 289.569894472758 290.07476568222 276.471356550852 271.022101243337
215.040485064189 225.387672583262 230.749209721883 230.769475301107 227.574706077576 222.857415676117 205.279489358266 185.829301675161 153.381407260895 143.629789352417 157.682240009308 183.896978696187 206.547300020854 217.881639798482 218.642274538676 209.938804308573 193.664491176605 188.19922208786 187.443832556407 191.008627414703 200.250009695689 208.155850569407 218.433380126953 226.762652397156 235.930482546488 238.841394583384 240.050713221232 241.031189759572 243.30880244573 250.211437543233 251.640955607096 252.520779768626 259.005745251973 263.488094011943 266.514579455058 266.560117403666 265.096743901571 267.400145530701 259.980976581573 265.654365221659 283.936500549316 291.458447774251 292.8120692571 289.127786954244 275.351325670878 270.285288492839
158.815751473109 174.166957537333 187.772671381632 199.225266774495 209.557294845581 217.904210090637 218.971908092499 213.133335113525 183.514138062795 156.929572423299 142.402112483978 150.430252154668 178.913454214732 205.52396774292 221.378048261007 211.020886898041 202.732046445211 195.069273312887 186.579048633575 180.987258752187 180.625001589457 181.28913640976 185.750822226206 199.982166290283 213.692863782247 222.213447093964 224.013288815816 224.453727404277 230.679392814636 236.066599686941 239.238242308299 242.943465709686 252.586384614309 256.738940874736 255.984822909037 256.237069765727 260.422428448995 265.078107515971 264.689902464549 276.982367038727 287.889997164408 290.968259175618 290.782511234283 288.006146748861 280.618707338969 280.392646789551
113.96449804306 119.424243768056 128.992766141891 142.673393090566 160.336991151174 177.826801935832 197.345276673635 203.717907269796 204.422473907471 189.653853575389 162.133693695068 141.396105289459 144.313126802444 167.713046073914 196.473975976308 200.827201207479 207.459449768066 203.649779160817 193.075239658356 181.20014667511 174.475948015849 172.146995862325 172.358234723409 181.847214698792 191.407283147176 198.101917902629 201.405306657155 206.049899260203 213.373859723409 218.080262343089 223.454654216766 228.557308514913 234.927455584208 238.347212473551 238.914370536804 241.123596827189 251.591145992279 262.374500433604 267.172078291575 277.977406978607 284.045418103536 285.956581433614 283.718963464101 279.183586438497 275.458772977193 274.778644243876
83.4260781606038 83.4874212741852 90.6642973423004 91.7701224486033 101.916919151942 121.265083551407 147.486180067062 170.418302218119 200.594941775004 206.249058246613 193.878829479218 168.263832728068 139.184425274531 136.858989795049 160.511235396067 189.223011334737 206.129372119904 209.220131238302 203.851222991943 193.89808177948 183.998127778371 183.533310890198 183.022836844126 183.893064657847 184.845368067423 184.582511583964 188.650409380595 198.363562424978 201.947291692098 203.413863976796 208.870470523834 214.524726072947 216.025908788045 217.980782190959 221.247931321462 226.776242256165 238.165855407715 250.736196835836 253.915349642436 262.793004512787 268.6634461085 269.859472910563 268.917361895243 269.699613253276 264.912784099579 265.786071618398
83.4820866584778 55.1880250374476 42.277326186498 30.3637236356735 29.4660453995069 37.8749122222265 55.7457109292348 90.2874966462453 123.931815226873 165.442019701004 194.270273049672 203.93709341685 182.352463404338 155.440996090571 152.471800645192 178.458253542582 196.723024050395 211.344202359517 218.815664450328 214.258193969727 201.923827330271 198.099315166473 194.526235262553 194.067716598511 194.327751795451 192.391395568848 195.1771179835 203.793903191884 203.971823056539 197.066823641459 202.538192272186 208.148300647736 209.677696228027 209.990481535594 213.555077711741 221.120615800222 227.402110894521 233.531852563222 237.55411307017 239.133973916372 244.583566983541 250.571330388387 257.215360800425 263.04018497467 258.752246697744 262.707730134328
91.5250182151794 56.0109168291092 29.1622827450434 16.5771183868249 10.3758970896403 13.7985423207283 30.8182016015053 54.1117091973623 76.7582555611928 111.321906248728 154.052893320719 188.136378924052 202.467024326324 194.500764211019 173.873980840047 170.64489920934 175.988256931305 195.100665092468 214.406132698059 224.294781684875 221.824248631795 214.94472026825 211.544891198476 207.369466622671 204.243739446004 202.965458234151 204.399565855662 206.311861673991 202.426493167877 196.997861067454 199.927985668182 205.129742622375 205.122391382853 204.221606254578 208.48141113917 212.585091590881 214.249749978383 212.444543838501 217.497229576111 218.405524889628 224.593142668406 232.769707838694 238.03053299586 242.730875809987 244.003772735596 248.108883698781
81.0523827870687 55.2079975605011 25.779073437055 8.11096094548702 5.622914681832 27.8880720337232 45.2497899532318 58.805838227272 73.9217748244603 94.7376688321431 126.709938049316 160.666624704997 183.061758677165 192.059954007467 185.132543245951 163.047204415003 156.870861848195 162.344833215078 181.483864784241 207.692007223765 226.483543713888 223.44297170639 225.309948126475 217.81579653422 211.034655570984 211.838126182556 213.912804921468 209.970812002818 205.221732457479 206.875125567118 206.504762172699 205.837925275167 202.746987342834 200.935264428457 201.135436693827 200.443307558695 198.102017243703 192.999263604482 196.577529112498 198.996901512146 203.881760438283 209.285060564677 212.663114070892 214.974919954936 226.663788159688 233.386754989624
67.8305079539617 57.1710715691249 32.3088318109512 2.8697835902373 9.25402157008648 32.9154655337334 49.7605204582214 63.8520071903865 79.1047116120656 89.2145435015361 107.999006907145 144.181311130524 166.490097840627 175.713201363881 182.958801587423 183.361232280731 183.538814385732 174.764434496562 166.753788789113 176.588813463847 198.950111865997 216.238220532735 226.393202940623 223.534186681112 217.609167098999 220.050811767578 224.001924196879 219.825188318888 217.595160007477 222.554941972097 219.701965649923 207.899848620097 201.378504435221 196.827828884125 191.827197869619 190.074940522512 185.146550337474 183.688402175903 184.019525845846 187.861124674479 190.424243609111 192.890683809916 196.258743604024 199.240982532501 216.725508371989 226.532200972239
60.7646256685257 61.0681424538294 48.1665631135305 10.6947496533394 13.3826434612274 37.7337460716565 56.8891316652298 76.8483579158783 89.967538913091 98.7498859564463 107.722957928975 127.810339132945 151.610881090164 166.846454143524 180.304487546285 193.437298138936 198.926270008087 195.610443751017 177.873333295186 168.29240322113 179.698129494985 204.203108946482 213.524679342906 217.630128065745 220.599492390951 228.78102461497 234.787484010061 233.921627203623 232.183893521627 233.633438746134 226.962506771088 214.276393254598 204.907198746999 196.442405382792 189.694444338481 186.112026373545 183.132688204447 182.9953789711 183.252294858297 184.941351413727 187.485218048096 189.353426297506 188.932637373606 192.848344643911 205.59161901474 219.11225716273
64.7074182828267 71.7995812495549 71.452409029007 36.3327736655871 29.665599266688 54.6595354874929 71.0860192775726 88.756650686264 104.319214820862 119.674563407898 130.493889252345 129.407236973445 135.929445425669 144.767582416534 159.745991230011 180.758972962697 187.824169794718 194.326519966125 195.885936419169 185.717165470123 166.117936372757 179.608464241028 188.893397649129 202.283084392548 219.342172145844 230.572581291199 233.947316805522 239.683349927266 236.493587493896 234.906216462453 227.102359135946 219.944397608439 209.748307863871 199.183166027069 193.827589352926 188.66378068924 187.223613262177 183.246076107025 182.682693004608 186.176021893819 189.719160397848 191.698531309764 191.224813461304 193.006138006846 195.0989762942 209.149241447449
70.1322257518768 72.9901244242986 83.5565527280172 73.3134845892588 61.2929860750834 72.1941391626994 76.7436822255452 89.7668202718099 103.703141212463 118.853628635406 123.305817445119 121.4439868927 122.097680966059 125.416100025177 140.197465817134 159.596780935923 169.911483923594 178.803106149038 184.388101100922 189.046025276184 184.393544991811 169.138729572296 172.016978263855 185.662428538005 196.117560068766 203.044354915619 205.427388350169 211.039324601491 214.770197868347 216.69336160024 226.126432418823 218.765397866567 210.263212521871 202.347119649251 197.228789329529 191.751817862193 187.559127807617 178.448975086212 175.688783327738 184.76136525472 191.766301790873 193.363527456919 196.320076783498 195.413808027903 191.439727942149 202.399849891663
