input/barkrak2/radiation/dir23024.grid
NCOLS 85 
NROWS 70 
XLLCORNER 665100 
YLLCORNER 4664600 
CELLSIZE 20 
NODATA_value -9999 
[rows 0 to 19 of 70, columns 0 to 45 of 85]
294.752756754557026 302.777131398519 309.337357680003 316.838165124257 317.744354406993 316.206574440002 309.069057305654 303.158124287923 306.482056776683 306.768198808034 304.837763309479 309.429367383321 312.130669752757 311.895271142324 313.954552014669 311.973571777344 304.756383101145 297.304530938466 296.708206335704 285.001238187154 268.375396728516 272.510945796967 294.360895951589 302.013397216797 300.746083259583 303.67511510849 302.831133206685 291.289647420247 272.03357219696 267.921129862467 265.496611595154 277.790764967601 302.502532800039 300.330738226573 306.589643160502 296.295901139577 298.188944657644 307.757914066315 298.994799455007 305.095235506694 294.437289237976 285.981237888336 295.317490895589 307.720859845479 309.164146582286 304.846505324046
275.253236293793 288.096149762471 298.437555631002 309.604545434316 314.761956532796 313.994526863098 307.671546936035 302.142043908437 307.83865849177 308.60577027003 303.813517093658 306.908826033274 311.66136264801 312.896529833476 312.194983164469 311.659435431163 310.201128323873 304.793318112691 302.321434020996 289.63969151179 282.211204369863 286.765456199646 299.026707808177 303.988615671794 303.694764773051 303.790847460429 301.919500033061 292.537907759349 275.938888390859 268.182953198751 269.492586453756 288.195351759593 300.808012485504 300.785740216573 306.645770867666 296.958128611247 296.577016512553 301.451623439789 296.226064364115 305.261234442393 302.619894345601 294.093569119771 297.621091206868 308.362285296122 311.039706071218 308.183193206787
245.639085769653 256.997545560201 266.182939211528 276.49180094401 287.536084651947 293.814440568288 298.118432362874 302.926977475484 306.216180324554 304.661532243093 299.526909987132 302.009741465251 310.86520353953 314.20894463857 311.343252658844 315.198004245758 317.987640698751 316.843926906586 309.825420379639 302.790900071462 303.351978460948 303.199609120687 302.165706952413 302.493095397949 305.537819862366 305.835505326589 299.504081408183 290.88016351064 279.398183027903 271.111110846202 274.271746476491 294.265687465668 293.305198351542 297.340035438538 305.605252583822 299.294412136078 292.112628618876 289.031763871511 296.259780724843 305.555780728658 304.136395454407 299.404561519623 296.09880844752 304.537336031596 315.714259942373 311.873336633046
228.905042012533 230.586290359497 238.035798072815 244.62761481603 250.448028246562 255.204816659292 260.956962903341 272.889653841654 287.524064381917 297.492126623789 301.569402217865 307.685653368632 314.037581284841 316.183725992839 314.993023872375 313.995579878489 314.921816190084 312.705298264821 309.2280626297 307.129124800364 305.122951666514 303.006172180176 307.393511136373 306.543668111165 305.579622586568 307.286143302917 302.496016025543 295.036355654399 288.558264573415 282.914797465007 278.500199317932 296.273509661357 292.89988676707 296.315133571625 299.408654371897 300.745129585266 297.112504641215 294.807215531667 305.64280351003 309.026678403219 302.126348018646 293.12789440155 289.109428723653 300.569911797841 314.164419968923 313.047130902608
249.667863051097 233.956654866536 222.644130388896 215.166389942169 218.992968400319 232.974807421366 251.319169998169 260.335028171539 268.900553385417 274.824678897858 289.935429890951 304.379940032959 312.686065832774 315.647820631663 316.935857137044 317.001779874166 312.884549299876 305.518845717112 304.457406202952 306.57571554184 303.940673669179 302.770892779032 309.753040472666 309.132476647695 307.025969028473 309.286852677663 305.557211240133 298.359453678131 292.439738909404 287.979702154795 290.908972422282 303.379913171132 299.940804640452 300.97500483195 297.475596268972 299.620568752289 306.278546651204 308.500488599141 310.061991214752 309.744417667389 307.639221350352 301.181217034658 298.360725243886 300.389508406321 305.806040763855 310.733377933502
286.169528961182 264.083127180735 239.19149239858 217.964132626851 209.934671719869 220.575034618378 243.785957495371 257.62269894282 260.986546675364 261.075377464294 269.98233795166 281.131784121195 288.755695025126 293.8006122907 299.456636110942 303.040305773417 301.236728827159 298.357705275218 301.020403703054 305.653929710388 305.647571881612 308.947443962097 313.735584417979 311.634421348572 310.221453507741 311.902483304342 308.131794134776 301.918546358744 295.334299405416 291.16944471995 298.23770125707 304.539422194163 306.238611539205 309.185067812602 303.707659244537 301.050305366516 306.246240933736 308.873116970062 307.329297065735 307.24976460139 307.736436525981 304.362138112386 303.031126658122 303.362468878428 298.191010951996 290.459632873535
302.112142244975 284.549832344055 268.214643001556 249.44132566452 230.665961901347 218.921979268392 226.225634415944 252.353549003601 263.64811261495 269.888679186503 267.501771450043 263.055682182312 259.43531592687 256.227711836497 258.299390474955 271.120925744375 279.738108317057 292.281746864319 302.911380926768 309.325158596039 309.618572394053 308.361570040385 312.338252862294 312.557498613993 312.390685081482 313.808699448903 312.065720558167 308.378060658773 302.101254463196 300.653715928396 304.130931695302 309.396803379059 316.206296284993 317.217866579692 314.479927221934 308.130264282227 307.090063889821 306.861182053884 307.105859120687 309.199690818787 306.739687919617 303.262829780579 303.637345631917 301.699678103129 285.83292166392 279.378215471904
305.627087752024 299.881339073181 292.660554250081 281.142751375834 261.801580588023 235.126256942749 215.45273065567 215.920070807139 246.913254261017 268.702705701192 274.876475334167 270.80504099528 263.416051864624 255.297362804413 244.384169578552 247.532645861308 258.412301540375 271.325329939524 289.458493391673 302.68532037735 308.042685190837 308.427373568217 311.777492364248 312.241454919179 311.527669429779 312.731107076009 312.698423862457 310.263315836589 306.783258914948 308.700819810232 312.442044417063 314.7794008255 318.615277608236 318.537672360738 314.800143241882 310.969869295756 308.509349822998 303.968628247579 297.810037930806 295.399943987529 299.988428751628 306.486825148265 313.189248243968 311.608672142029 298.51112763087 289.474527041117
300.059099992116 300.640165805817 298.407594362895 293.080588181814 283.184329668681 265.963534514109 239.156683286031 212.775568167369 225.107113520304 246.497372786204 263.776143391927 270.969231923421 271.711031595866 269.603053728739 260.396619637807 254.281461238861 251.956264177958 255.973279476166 267.495671908061 281.827032566071 293.743868668874 301.766872406006 305.630087852478 302.945832411448 304.151634375254 306.116362412771 307.14209874471 306.238333384196 305.770774682363 310.900410016378 314.211785793304 313.70735168457 314.064125219981 314.663032690684 312.54376967748 311.573624610901 309.077064196269 302.360435326894 291.61411523819 291.967133680979 306.810657183329 315.727770328522 317.500710487366 314.366400241852 304.259181022644 296.915590763092
278.686165809631 286.266207695007 290.076990922292 290.148536364237 287.957469622294 285.665134588877 273.508767286936 258.215685685476 229.273915290833 220.8225329717 233.657876650492 255.974411964417 273.669501145681 281.180282433828 282.707432905833 276.324371496836 263.8258934021 259.53088204066 259.000301361084 260.965307553609 268.50026845932 274.674673875173 281.333764394124 286.317884922028 292.21777121226 294.919530550639 296.06024424235 295.986453692118 296.85898621877 301.759779453278 302.952170372009 303.409735361735 308.120449384054 311.409413814545 311.362703641256 309.006154537201 306.572695573171 304.549177487691 292.33048359553 295.132835706075 311.29789352417 315.959254900614 314.900914827983 311.79412206014 301.549017429352 294.557611147563
234.614471594493 247.065385182699 257.98769791921 266.77014430364 274.646480878194 281.091531117757 283.109307289124 279.629985491435 256.807009379069 232.897043228149 219.741861025492 227.178891499837 252.016047636668 272.789319356283 284.512639045715 276.760458946228 270.600736141205 265.071173508962 258.270959059397 252.577106157939 252.895057201385 253.031770388285 256.137271722158 267.202317714691 277.233858903249 283.507446448008 285.309274991353 284.854094187419 289.106786251068 293.165485064189 295.37703593572 298.215985298157 305.207928021749 308.065474033356 306.576828161875 305.21567662557 307.002107302348 309.366703033447 304.012934366862 304.092784722646 311.643222967784 315.426667531331 316.140909989675 313.953042030334 306.952198346456 302.550196647644
195.724387963613 200.363496939341 208.606203397115 220.439394315084 235.417703787486 250.446120897929 266.666988531748 272.035876909892 272.927542527517 261.49594783783 237.611810366313 218.981226285299 221.461315949758 243.134140968323 265.662769476573 268.186291058858 273.996611436208 271.563331286112 263.419091701508 254.298369089762 248.384038607279 245.110293229421 245.254079500834 253.409365812937 260.872900485992 265.649120012919 268.073936303457 271.775782108307 277.503907680511 281.442443529765 284.740805625916 289.44730758667 294.709722201029 296.999176343282 296.567022800446 296.739300092061 303.35658788681 309.868216514587 310.964206854502 312.127550443013 314.324796199799 316.899200280507 316.407680511475 314.466118812561 309.788962205251 307.836910088857
184.009671211243 179.763654867808 177.502493063609 177.506307760874 184.617082277934 200.775106747945 224.759876728058 244.884351889292 270.320852597555 274.291038513184 264.585157235463 242.976526419322 216.987172762553 214.8211201032 236.709237098694 260.580499966939 273.438195387522 275.672554969788 271.676003932953 264.057596524556 256.345907847087 255.51704565684 255.093216896057 255.908787250519 255.488375822703 254.744331041972 258.557995160421 266.306042671204 269.385556379954 270.608862241109 274.9898036321 279.218316078186 280.906081199646 282.404323418935 284.264147281647 288.353164990743 297.689278920492 304.963330427806 306.243320306142 310.4168176651 312.513450781504 312.261998653412 311.505754788717 311.584889888763 306.375821431478 305.105090141296
178.625663121541 148.335804541906 131.952812274297 126.228809356689 125.31042098999 132.73290793101 149.19646581014 186.73704067866 223.954379558563 256.274422009786 271.898865699768 271.88370625178 255.852103233337 231.420715649923 228.825449943542 252.452274163564 267.269651095072 278.08803319931 283.484200636546 279.825369517008 270.403861999512 267.549574375153 264.664491017659 264.436980088552 263.931254545848 261.842091878255 264.732519785563 271.544774373372 270.997206370036 265.606721242269 270.456373691559 275.13986825943 276.776214440664 276.359875996908 279.33528025945 285.315195719401 290.624260902405 293.916980425517 296.157399813334 297.378023465474 299.855828285217 303.573191165924 307.43153889974 309.61819489797 304.682930310567 304.574926694234
160.039683183034 123.319814602534 99.9115705490112 95.2582756678263 97.1223215262095 100.782970587413 109.871576229731 136.643866697947 166.062772274017 213.374455769857 263.052384058634 286.881387233734 290.22475083669 274.99783039093 251.505513985952 247.461477915446 252.476970354716 266.212860743205 280.792911847432 287.216285864512 285.697778065999 280.096650123596 278.08399995168 275.181571642558 271.863659222921 270.35137017568 272.599438826243 273.858487606049 269.10126209259 265.256186326345 268.789410591125 273.033360640208 273.211280504862 272.476991017659 275.816917419434 279.17867898941 280.844112237294 279.041031996409 282.286862532298 282.645444075267 287.340799967448 292.59979724884 296.988964080811 298.889358838399 297.342499097188 298.1183330218
135.938594738642 110.068758328756 82.3095391194026 75.3332525491714 89.6595517794291 113.708525896072 119.192192951838 127.748350302378 148.711701234182 181.844751040141 227.514783541361 277.801255385081 299.271782239278 297.350287437439 281.478563944499 254.960735638936 244.062622388204 246.49852514267 262.085855007172 283.223350842794 291.567166646322 286.890606085459 287.78733809789 282.796919345856 277.004877726237 277.42862701416 279.977202415466 276.591837406158 271.153807640076 273.16019932429 274.24434820811 273.711999257406 271.246552467346 270.161271095276 270.038227240245 269.473175207774 267.815232276917 264.229198296865 266.636808713277 267.604092756907 271.836380163829 276.82896455129 278.448144594828 279.514034589132 287.052154541016 291.20804866155
121.617764234543 110.501696666082 86.3786538441976 67.4011607964834 72.5409438212713 100.173225005468 118.072519699732 129.900584618251 148.255775372187 162.410785754522 187.347849210103 231.655498345693 270.692765712738 296.961088975271 294.528424739838 283.824801445007 273.515661557515 259.148001670837 250.270366668701 260.337730248769 280.842244625092 290.321548779805 292.727112770081 288.951297601064 282.948434352875 283.899048964183 287.567973136902 283.889611562093 280.791819095612 285.393714904785 284.840106964111 274.954954783122 269.85236008962 266.651292641958 262.522915999095 261.515339215596 256.865044434865 255.721092224121 256.277441978455 259.337623914083 260.988752047221 263.720015684764 266.29634698232 267.81044403712 281.351566314697 288.230101267497
113.705505927404 115.071098009745 105.487078428268 78.7378549575806 65.3959463040034 88.2715582847595 116.682926813761 139.672418435415 156.601379315058 169.896900653839 177.593012650808 203.275799751282 235.123872756958 253.288547197978 275.97576379776 297.559857368469 296.343843142192 285.360713799794 266.984840234121 252.39235162735 262.555400530497 284.565766652425 288.531720638275 288.722256819407 288.804471492767 292.913178602854 296.194593111674 294.597427050273 291.883726914724 293.462018171946 288.562258084615 278.969546159108 272.554139296214 265.877266724904 260.4687611262 257.930080095927 255.766451358795 255.15615940094 255.21723429362 257.124940554301 259.524563948313 260.257462660472 260.411043961843 264.121154944102 273.182392120361 283.891936143239
120.670090119044 129.944205284119 132.532378037771 109.20375585556 90.7799303531647 109.89381869634 129.465639591217 148.520757754644 167.503555615743 186.971922715505 196.318248907725 201.340854167938 216.272314389547 229.345122973124 248.915791511536 263.60430320104 281.31628036499 293.91219218572 290.674308935801 274.541000525157 257.575392723083 269.507825374603 276.798148949941 284.574091434479 292.92631149292 298.316160837809 300.866564114888 300.913214683533 295.751512050629 294.033169746399 287.753462791443 281.685511271159 274.676382541656 267.822484175364 263.503114382426 259.446104367574 258.729199568431 256.193935871124 254.752993583679 257.714152336121 261.556088924408 262.196183204651 261.770009994507 264.535486698151 265.121459960938 277.164816856384
129.757245381673 133.565207322439 145.886152982712 146.742552518845 133.5289478302 129.440128803253 131.489465634028 146.550546089808 161.663214365641 181.031187375387 195.40144999822 195.20757595698 200.556000073751 206.934889157613 222.143431504567 245.272795359294 255.77849149704 268.396258354187 277.711391448975 287.431597709656 280.613799889882 268.828650315603 269.737601280212 277.985056241353 287.740170955658 294.877489407857 300.309181213379 300.302147865295 293.532272179921 292.474488417308 287.239114443461 280.161162217458 273.53831132253 269.15184656779 266.284267107646 261.705815792084 258.730888366699 251.349031925201 249.694546063741 256.840467453003 262.812415758769 264.598747094472 266.095757484436 265.716512997945 263.378302256266 271.154661973317
