input/barkrak2/radiation/dir22024.grid
NCOLS 85 
NROWS 70 
XLLCORNER 665100 
YLLCORNER 4664600 
CELLSIZE 20 
NODATA_value -9999 
[rows 20 to 39 of 70, columns 0 to 45 of 85]
157.415529092153 147.53653605779 161.289244890213 198.655287424723 194.211860497793 160.004486640294 147.349655628204 155.458182096481 168.37215423584 186.751584211985 200.117389361064 204.688251018524 209.415098031362 214.515666166941 226.251721382141 247.238616148631 259.824057420095 274.014155069987 289.578378200531 309.151450792948 312.861800193787 303.835610548655 302.282551924388 304.439127445221 305.976450443268 306.859056154887 309.869507948558 307.754675547282 304.431319236755 303.530911604563 296.610037485758 283.781250317891 272.102773189545 265.330910682678 262.682835261027 268.466114997864 268.46307516098 270.848373572032 275.01767873764 279.659370581309 280.75764576594 279.86482779185 282.533685366313 277.321775754293 281.472722689311 285.779635111491
187.89279460907 182.849526405334 193.564295768738 224.891066551208 222.458799680074 167.472004890442 159.639646609624 165.141602357229 173.66619904836 183.534502983093 191.92773103714 199.630498886108 206.354518731435 204.75846529007 216.930468877157 231.011251608531 248.080869515737 260.499358177185 276.413977146149 294.502357641856 302.730679512024 316.840708255768 319.533546765645 318.215648333232 312.834362188975 306.225140889486 302.164296309153 297.38861322403 298.566540082296 290.472149848938 274.10082022349 241.590758164724 219.118098417918 213.966230551402 220.912178357442 240.563074747721 248.789429664612 264.862895011902 275.865117708842 275.944491227468 273.971776167552 272.028227647146 265.956044197083 250.585714975993 271.439810593923 281.676888465881
231.673101584117 235.782086849213 234.644850095113 243.508120377858 243.47714583079 198.543071746826 182.551900545756 172.495186328888 169.601400693258 179.075062274933 192.983110745748 200.506627559662 209.839264551798 212.54551410675 217.943072319031 229.291260242462 243.122378985087 255.403459072113 266.31240049998 274.260580539703 281.045377254486 297.710994879405 304.19800678889 304.515937964122 302.411357561747 288.551290829976 280.024786790212 258.580088615417 254.652341206868 233.772079149882 208.872258663177 161.760091781616 140.468488136927 152.609298626582 180.6281208992 206.652363141378 226.160724957784 247.164487838745 260.744094848633 264.366825421651 267.036239306132 268.046061197917 244.441250960032 220.93669573466 251.857578754425 278.763294219971
257.940590381622 257.1040391922 246.671636899312 248.936176300049 248.310983181 234.210590521495 206.802884737651 180.1944176356 166.281839211782 170.804301897685 190.731724103292 204.686562220256 215.647379557292 226.324816544851 225.795229276021 229.488174120585 238.397638003031 250.895977020264 260.812401771545 253.668129444122 250.148415565491 246.568083763123 253.602226575216 262.149314085643 270.026624202728 270.761529604594 255.611558755239 243.335127830505 219.159007072449 181.699633598328 153.895397981008 128.861665725708 93.1870142618815 76.9643485546112 88.2753034432729 123.202433188756 169.351756572723 201.318979263306 219.03121471405 229.853510856628 229.324221611023 214.815517266591 201.373279094696 234.444598356883 237.920602162679 267.680525779724
251.391132672628 251.837551593781 252.594490845998 251.388827959696 241.269131501516 234.228789806366 211.925546328227 193.816721439362 179.952005545298 174.425443013509 186.342438062032 199.492832024892 212.115049362183 223.093609015147 226.610779762268 229.7616203626 234.805146853129 241.769512494405 246.747036774953 238.755186398824 234.809855620066 229.360938072205 237.535456816355 245.299160480499 248.637755711873 248.993992805481 243.541280428569 229.102869828542 195.870836575826 148.947417736053 128.649801015854 125.050018231074 102.290670077006 60.5207631985346 53.777222832044 74.0016450484594 113.794376452764 148.199419180552 177.609582742055 193.941871325175 183.192769686381 161.138931910197 182.458202044169 257.703324158986 255.212565263112 270.129958788554
242.685556411743 247.38347530365 254.995922247569 250.184079011281 241.801102956136 235.721488793691 222.387174765269 221.767902374268 214.705606301626 200.522700945536 197.941780090332 213.849743207296 224.258601665497 236.254870891571 238.077978293101 229.801555474599 226.03166103363 235.947092374166 241.942763328552 245.308816432953 248.550156752268 241.243580977122 236.762722333272 234.82612768809 237.659017244975 236.39061053594 229.808708031972 222.619891166687 183.049917221069 158.20500254631 155.301998058955 170.060038566589 170.151968797048 126.259694496791 93.2872196038564 93.4078991413116 103.257358074188 123.951445023219 153.1835993131 168.857216835022 154.862542947133 147.815922896067 192.071239153544 252.285361289978 269.950826962789 281.224886576335
243.773301442464 247.145255406698 253.100395202637 250.987231731415 255.937000115712 248.992343743642 243.438541889191 239.437381426493 241.445322831472 234.930356343587 221.177021662394 236.22727394104 241.984566052755 251.252114772797 247.330188751221 234.23033952713 230.351805686951 240.265707174937 245.316882928212 256.925900777181 258.138954639435 255.057791868846 245.825409889221 240.143239498138 238.709588845571 238.823254903158 228.885233402252 224.374989668528 194.165587425232 190.513690312703 209.567070007324 234.412332375844 240.607301394145 242.692252000173 204.559604326884 127.869069576263 119.196355342865 125.470807154973 146.330694357554 156.668206055959 168.56849193573 199.259320894877 213.782111803691 232.113162676493 261.441111564636 271.61173025767
247.620145479838 244.273503621419 246.874094009399 250.103632609049 281.27654393514 265.416999657949 255.652924378713 245.137333869934 246.69071038564 251.269380251567 240.627268950144 240.711768468221 247.001608212789 249.32207663854 248.521129290263 243.719836076101 239.637037118276 245.824197928111 256.080587704976 259.970386823018 259.290655454 248.706459999084 245.474219322205 246.242185433706 246.40824397405 244.16587750117 239.813168843587 233.007868131002 224.140226840973 224.172333876292 244.94457244873 259.107828140259 261.066218217214 274.464925130208 280.858953793844 202.599147955577 145.56156595548 131.183922290802 138.023217519124 161.306162675222 202.24130153656 260.263959566752 229.656974474589 219.431201616923 240.712364514669 250.845889250437
246.413171291351 236.35592063268 239.724596341451 256.364425023397 297.407031059265 269.535481929779 249.441981315613 238.810280958811 241.351107756297 244.431217511495 239.528020222982 236.48464679718 240.769068400065 248.821218808492 249.807020028432 253.203590710958 249.41885471344 243.475238482157 253.325462341309 255.051871140798 253.974000612895 245.075603326162 246.062099933624 250.455776850382 250.384529431661 245.727896690369 244.405746459961 241.235276063283 234.359343846639 234.913229942322 255.861759185791 272.405465443929 273.347119490306 273.019035657247 287.525693575541 268.49623521169 172.307411829631 119.836260875066 108.508030573527 138.765255610148 212.656299273173 244.647244612376 216.233273347219 190.403501192729 208.107709884644 221.343914667765
239.94771639506 228.367964426676 235.278983910879 266.606450080872 295.57857910792 267.946203549703 239.117900530497 220.759610335032 213.724732398987 216.609835624695 216.304242610931 221.929391225179 235.859572887421 247.602581977844 253.592610359192 259.63016351064 254.988312721252 243.981877962748 246.960123380025 248.715202013652 247.528791427612 249.51833486557 248.009165128072 253.876785437266 254.852334658305 250.53616364797 251.587748527527 245.11859814326 238.430698712667 243.066569169362 263.078033924103 280.312379201253 276.327252388 273.864169915517 283.865650494893 293.996651967367 257.303913434346 176.416714986165 135.36395629247 143.82740855217 180.624723434448 196.943541367849 202.290713787079 167.028705279032 175.929605960846 197.67701625824
231.131712595622 239.43285147349 269.301692644755 315.252939860026 312.930623690287 273.769021034241 236.346522967021 207.796394824982 196.734090646108 206.572294235229 203.322768211365 199.432790279388 227.31093565623 247.555911540985 254.786690076192 260.707875092824 260.392367839813 250.902851422628 249.569694201152 251.329521338145 250.20694732666 254.49279944102 258.071919282277 257.136861483256 257.61749347051 259.768823782603 258.937160174052 254.679342110952 247.014284133911 254.512270291646 270.487785339355 282.591621081034 278.709371884664 281.227906545003 287.439187367757 291.061441103617 301.189164320628 293.347994486491 221.45934899648 173.60786596934 159.985721111298 156.325797239939 173.905571301778 166.482508182526 167.594273885091 195.148785909017
249.842802683512 279.915809631348 307.91707833608 318.757971127828 337.886571884155 310.61452627182 269.968072573344 230.090041955312 215.910394986471 230.284810066223 222.162942091624 205.778221289317 217.763344446818 243.160525957743 259.585003058116 264.183123906453 262.38610347112 259.793639183044 254.852672417959 254.498998324076 255.181709925334 259.193221728007 261.361916859945 256.765902042389 259.371121724447 266.289273897807 267.351408799489 268.880565961202 262.713114420573 267.880062262217 276.212632656097 281.870464483897 284.092704455058 290.232439835866 294.430772463481 283.631543318431 288.948575655619 315.148095289866 293.469587961833 223.815818627675 173.752427101135 158.20919473966 157.830953598022 170.965751012166 190.706888834635 219.194372495015
291.036486625671 308.14250310262 307.538708051046 301.761249701182 318.000217278798 329.694549242655 315.614958604177 283.918956915538 260.074575742086 258.129239082336 257.888476053874 235.830724239349 223.019242286682 243.294477462769 264.682988325755 268.240571022034 264.723817507426 266.891956329346 254.433035850525 254.250407218933 257.362604141235 257.865071296692 258.176624774933 256.958444913228 259.374896685282 268.871406714122 274.524907271067 277.213414510091 271.635810534159 271.919786930084 282.628436883291 288.768410682678 285.850246747335 286.685883998871 290.857632954915 279.682099819183 280.178904533386 292.279124259949 280.963321526845 244.465470314026 211.787144343058 180.001537005107 164.104988177617 167.986174424489 191.116015116374 224.759499231974
297.720233599345 297.756671905518 292.862057685852 282.930791378021 284.982264041901 302.55534251531 314.599454402924 303.404867649078 286.57853603363 280.802249908447 280.746897061666 263.914903004964 246.850331624349 250.681598981222 264.342347780863 266.232967376709 261.341909567515 263.043145338694 256.443083286285 257.370670636495 255.934854348501 256.893157958984 255.779425303141 251.923263072968 258.978009223938 265.501141548157 275.403141975403 275.880694389343 273.153265317281 275.956213474274 286.436716715495 285.884261131287 274.687826633453 270.342032114665 274.037102858226 257.089058558146 255.310038725535 250.905672709147 233.542561531067 227.120121320089 237.310032049815 213.229397932688 188.605964183807 174.798230330149 177.96516418457 201.73853635788
297.019203503927 291.290481885274 296.770135561625 284.964998563131 278.439462184906 288.362860679626 309.105932712555 321.649293104808 306.394378344218 290.661593278249 282.548586527507 278.339068094889 278.682430585225 270.391245683034 265.890936056773 264.690359433492 262.90237903595 261.168658733368 258.742312590281 261.840800444285 258.414328098297 255.893667538961 255.431791146596 256.124317646027 258.313834667206 262.970864772797 270.205239454905 267.785012722015 269.375105698903 278.20481856664 283.737560113271 276.587804158529 261.983454227448 263.853669166565 260.505119959513 242.988467216492 244.970301787059 244.101723035177 242.766380310059 250.062982241313 252.208590507507 248.311082522074 225.357353687286 209.367156028748 190.977811813354 186.4093542099
312.290668487549 309.317747751872 316.741089026133 312.274873256683 303.663929303487 305.889805157979 318.881710370382 333.900650342305 319.663802782695 296.138823032379 281.479517618815 285.789847373962 289.692838986715 277.676304181417 271.3729540507 271.936694780986 267.648537953695 260.74872414271 265.074133872986 266.106883684794 262.640734513601 257.364312807719 260.121643543243 262.486894925435 258.140126864115 262.355387210846 264.620264371236 262.496630350749 265.643219153086 278.173824151357 280.739267667135 272.924641768138 263.701975345612 264.806270599365 253.159165382385 247.44321902593 252.934873104095 255.590637524923 263.296047846476 275.44774611791 241.404334704081 235.055247942607 224.171876907349 215.440650780996 199.918846289317 180.354237556458
325.803160667419 324.597477912903 327.587445576986 327.990015347799 319.986760616302 314.562062422435 320.18784681956 333.085954189301 323.964715003967 294.68822479248 284.16383266449 286.247769991557 290.181736151377 278.744339942932 271.007319291433 275.39853254954 277.695178985596 268.31050713857 270.288825035095 270.298739274343 269.794364770253 265.361746152242 263.792117436727 266.450603802999 264.353593190511 262.30784257253 264.363686243693 266.86684290568 270.604491233826 277.607599894206 280.828575293223 275.36137898763 266.434987386068 262.948969999949 250.472366809845 254.587709903717 259.717166423798 261.675715446472 264.127572377523 269.330283006032 225.240588188171 188.564598560333 176.124374071757 170.527338981628 171.623190244039 169.197956720988
329.423069953918 330.449362595876 330.707907676697 329.949220021566 324.119885762533 319.291690985362 319.807529449463 326.394597689311 327.377796173096 302.769303321838 292.831699053446 290.022532145182 285.756230354309 278.960188229879 270.353118578593 273.736913998922 281.754811604818 277.440865834554 273.977955182393 276.481469472249 275.99823474884 271.426320075989 266.763587792714 269.163608551025 268.427491188049 267.443398634593 269.076387087504 274.093508720398 275.382936000824 277.343650658925 281.335771083832 277.522246042887 269.220948219299 253.921786944071 243.651886781057 260.265072186788 269.226551055908 268.528083960215 260.29638449351 264.444410800934 223.042686780294 157.832324504852 131.272822618484 120.742191871007 125.71527560552 135.217408339183
320.769568284353 326.149344444275 329.169591267904 328.023950258891 326.602101325989 326.826095581055 325.782100359599 325.165967146556 326.157828172048 312.91522582372 307.064533233643 300.143182277679 286.231954892476 282.703836758931 276.384254296621 271.457036336263 281.645993391673 281.061967213949 275.479376316071 275.023579597473 274.772047996521 271.632631619771 267.807642618815 267.577230930328 270.216882228851 274.275581041972 272.07616964976 275.212486584981 276.941458384196 276.501695315043 278.814037640889 278.814733028412 264.403740564982 241.890629132589 249.357620875041 273.797611395518 277.193129062653 271.985729535421 257.919907569885 260.731716950734 259.912212689718 199.391901493073 142.468879620234 120.232959588369 118.652323881785 120.156894127528
302.619715531667 307.043075561523 306.362907091777 312.698841094971 320.740799109141 328.189690907796 332.923372586568 334.296345710754 333.072125911713 326.044023036957 313.500881195068 294.212023417155 284.955124060313 283.730407555898 280.508081118266 275.521337985992 279.015123844147 279.212792714437 273.836195468903 272.918423016866 275.341629981995 277.116934458415 276.843031247457 272.405783335368 268.853227297465 271.241784095764 274.619738260905 275.310893853505 278.033296267192 277.09686756134 277.531941731771 277.348677317301 258.435785770416 243.408064047496 268.543779850006 284.695506095886 279.391010602315 274.072130521138 263.477345307668 263.632396856944 290.471931298574 292.771498362223 228.176474571228 176.11825466156 143.050799767176 119.679321845373
