input/barkrak2/radiation/dir29724.grid
NCOLS 85 
NROWS 70 
XLLCORNER 665100 
YLLCORNER 4664600 
CELLSIZE 20 
NODATA_value -9999 
[rows 22 to 43 of 70, columns 0 to 48 of 85]
79.0628045797348 72.8495220343272 49.933984875679 45.2483495076497 40.8598532279333 21.2423081199328 28.0499656995138 28.3485303322474 17.7236720919609 27.8138543168704 32.6032688220342 34.458763897419 37.6816242933273 37.4481404821078 39.9390334884326 46.7601120471954 57.9621692498525 68.1934456030528 75.6432761748632 78.6205430825551 84.6857130527496 100.477715333303 113.052815198898 118.494401375453 118.303994337718 111.025621493657 100.372403860092 94.6784218152364 86.5803956985474 68.4263954559962 49.1826186577479 23.6756751934687 6.46681152284145 0.440843325729171 0 0.0361606241009819 0.265623326413333 1.84207099179427 5.59650858243306 2.59252668668826 9.79283265769482 15.6592850883802 27.5019730130831 20.045151313146 40.3117686510086 64.8025572299957 70.3017711639404 71.7034190893173 75.2995709578196
114.147474368413 103.289882342021 68.7827368577321 51.4511962731679 45.585756500562 45.565793911616 41.6422088940938 31.1395029226939 16.1875896155834 24.8562594254812 34.0121736129125 37.1195400754611 41.9395864009857 48.4297225872676 46.0795760154724 47.5886215766271 56.2686820824941 67.4041509628296 73.9751507838567 65.3963635365168 65.766582886378 69.8647598425547 84.8016540209452 95.3727761904399 104.482462008794 103.739003340403 94.8627690474192 90.7833576202393 69.3457822004954 31.8174014488856 25.4418030381203 15.130656460921 0.430642122713228 0 0 0 0 0 0 0 0 0 0 28.4959177176158 42.3493285973867 57.537520925204 65.5622035264969 67.5912201404572 73.4335978825887
113.40453227361 109.344204266866 86.3395829995473 56.5593242645264 37.7724046508471 44.8703418175379 41.0355726877848 36.8948106964429 31.0459261139234 27.1979570388794 31.4126536250114 34.412478407224 38.4248892466227 44.0303534269333 47.065407037735 46.746497352918 53.1560877958933 64.0435616175334 71.896289785703 64.9222731590271 63.6101712783178 60.4657630125682 70.5815156300863 78.7735283374786 84.2082699139913 84.6029619375865 80.6169907251994 70.4865058263143 57.4856549501419 24.7175420324008 18.1735853354136 15.6803155938784 2.98344747473796 0 0 0 0 0 0 0 0 0 0.0636943247324477 48.9764561255773 51.7215033372243 53.1016637881597 59.3190292517344 63.8027489185333 70.186307032903
99.4326869646708 104.428390661875 97.5983838240306 66.1550462245941 38.6011848847071 44.8303321997325 49.4856337706248 57.1509053309759 56.2217732270559 47.5894163052241 41.9570207595825 44.687087337176 45.9426393111547 54.0459007024765 56.4013173182805 50.4744450251261 53.4486522277196 63.3732577164968 72.4982519944509 74.9147484699885 75.9257723887761 71.1983988682429 69.4889525572459 68.9028004805247 72.2813308238983 74.784184495608 69.2379722992579 69.3511466185252 41.4350107312202 36.7347548405329 35.0626061360041 40.6949073076248 33.7230116128922 0.283322258231541 0 0 0 0 0 0 0 0 7.96752795577049 60.8794589837392 60.5993022521337 58.9656929175059 61.3018572330475 65.6477361917496 67.0143266518911
98.2094208399455 103.767563899358 101.91755493482 76.0869433482488 53.7640353043874 60.4966431856155 73.1214533249537 82.558885216713 87.0773593584696 79.8788567384084 60.8806610107422 64.7879093885422 59.9740942319234 67.991574605306 66.6351616382599 59.5657328764598 55.8409045139949 65.8165017763774 75.5022515853246 86.6579612096151 88.638573884964 85.7537190119426 77.9934177796046 71.1443920930227 72.6286172866821 74.4802157084147 69.3293412526449 74.7678826252619 67.5378243128459 66.738153497378 74.2029895385106 95.3206817309062 104.505439599355 83.5689008235931 7.74186663329601 1.11639918759465 0.59458469816794 0.323117206183573 0 0 0 4.76528207461039 37.0131880044937 42.3234005769094 40.8391828338305 39.2686650156975 38.7531916300456 45.9752182165782 53.6353687445323
100.082218647003 98.6705124378204 99.0533232688904 82.1995983521144 82.6022525628408 85.4157209396362 94.7685837745667 95.9887603918711 98.6063679059346 93.1276778380076 73.6618141333262 66.1975592374802 65.1462773482005 69.5968866348267 71.1404979228973 69.331556558609 63.401331504186 69.9734836816788 84.7005645434062 90.1952783266703 88.9417429765065 79.4423967599869 76.8085022767385 78.3475240071615 79.8991670211156 79.5032431681951 77.5157908598582 86.1415763696035 101.154426733653 106.668919324875 113.715807596842 121.898154417674 132.328649361928 139.232188463211 99.9111135800679 15.5587295691172 1.70617333302895 0.564158894121647 0 0 3.06222029030323 50.6464789311091 50.3114759922028 20.7035864392916 24.8473733663559 25.892232855161 23.7436766425769 25.5280385414759 30.6656608978907
103.001733620962 90.9325877825419 91.9731557369232 86.068332195282 103.405962387721 97.0950524012248 94.0192639827728 90.3253356615702 86.2257679303487 78.0647695064545 67.5823440154393 60.0332170724869 65.4588987429937 65.9406880537669 74.8467296361923 77.4743556976318 72.1696515878042 68.4025287628174 81.557775537173 83.7929447491964 81.8646351496379 74.6643443902334 74.68514641126 82.1300347646077 84.4911932945251 81.0333490371704 82.5004875659943 87.8700017929077 110.095808903376 123.482127984365 133.493840694427 141.545275847117 146.737416585286 149.071713288625 146.6057797273 70.9702024857203 0.198944316556056 0 0 0 14.0651141603788 38.7949223319689 21.8438655138016 9.43689358731111 10.1493038237095 8.88302735984325 12.9432852069537 17.5821719070276 25.8469184239705
103.456268707911 84.6479634443919 85.8033100763957 92.8320487340291 103.364119927088 95.8538254102071 80.2749494711558 64.8064464330673 53.2167901595434 46.8945105870565 46.2692181269328 51.0414838790894 60.2035621802012 66.4666692415873 77.0262231429418 83.6654901504517 79.433465997378 65.9906665484111 71.869745850563 74.7138758500417 74.5378732681274 75.0134537617366 75.9518841902415 82.2097857793172 87.9147052764893 85.3072603543599 88.489959637324 89.0430311361949 104.653606812159 127.580583095551 145.334661006927 153.762737909953 151.707222064336 155.594984690348 164.745857318242 149.747242530187 62.0136559009552 2.14855590214332 1.14801417415341 1.80792436003685 3.47317693134149 2.23127333447337 13.7278189261754 3.04581938932339 2.22123072793086 4.63930952052275 9.2749980588754 16.567533214887 21.9804396231969
100.978861252467 102.790007988612 126.373539368312 162.01780239741 135.24662454923 101.985275745392 70.6453621387482 46.0074196259181 36.3163948059082 39.9337609608968 36.8422543009122 36.7804293831189 56.8554401397705 66.8532351652781 79.8094769318898 88.8052582740784 85.5420629183451 72.000910838445 73.029230038325 77.5153487920761 74.2631504933039 78.4758577744166 81.74167573452 83.9178363482157 91.1669333775838 95.344215631485 94.6551362673442 96.0178871949514 108.218014240265 133.211513360341 153.75026067098 160.169333219528 156.243721644084 163.997749487559 175.546864668528 179.218709468842 157.641390959422 96.966564655304 29.2739371458689 7.92107172310352 2.41749656076233 0.557493224429587 4.28830645978451 2.2463429098328 1.54946946228544 4.42555360496044 8.40514215330283 12.2302981714408 15.2511124809583
115.093946456909 151.000837484996 199.952999750773 221.320430437724 201.50355497996 145.209103822708 96.1657265822093 62.3490264018377 51.900640130043 58.095395565033 49.0285952885946 43.9545214176178 54.8404355843862 65.1959677537282 85.8483612537384 92.3763811588287 87.7007246017456 81.1711549758911 76.1287758747737 77.801913022995 78.6771476268768 81.5741072098414 85.2415959040324 85.800031820933 92.0387705167135 104.759057362874 105.674147605896 111.496269702911 120.163222153982 137.043128410975 153.672079245249 163.015862305959 165.173848470052 171.759525934855 177.818497021993 177.189489205678 171.50338490804 160.317043463389 92.9784774780273 25.3852481643359 6.01716401676337 0.648723798803985 0 3.53203775982062 4.7055905063947 5.75309370954831 6.48898507157962 0 0
177.486220995585 213.662525018056 237.214048703512 238.802790641785 238.311052322388 210.495253403982 167.793472607931 126.656452814738 100.942273934682 89.1457299391429 85.420548915863 71.1648364861806 57.4029584725698 62.464714050293 86.0222776730855 92.9645299911499 86.8257482846578 88.9222621917725 77.9090325037638 76.9734084606171 80.7770639657974 81.952025492986 82.856406768163 84.9164724349976 89.7689461708069 105.375468730927 111.604660749435 120.604981978734 128.961453835169 137.633542219798 150.801499684652 162.514577309291 162.768661975861 162.287523349126 162.858903408051 153.583109378815 154.95369831721 142.065078020096 95.6731637318929 43.1444644927979 15.0790810585022 10.7843739291032 3.66122865428527 3.45438284178575 2.39800692846378 0 1.83170071492593 0 0
227.004369099935 242.087642351786 245.624442895254 244.006832440694 246.416926383972 243.768254915873 219.886004924774 178.079168001811 138.935983181 117.083917061488 116.994957129161 105.354686578115 77.3298442363739 72.7473000685374 82.7835698922475 87.230771780014 81.9125572840373 82.4638356765111 77.4669647216797 78.051820397377 76.7006079355876 77.7991612752279 77.7679036060969 79.373687505722 86.3900383313497 98.7165172894796 110.715587933858 116.027176380157 125.925024350484 138.353317975998 150.441308816274 152.457495530446 142.800072828929 131.426999966303 134.074022372564 117.620935042699 118.233720461528 102.905164162318 65.6597365935643 31.1211794614792 30.4382915298144 21.3289236028989 10.3099476546049 2.39185368021329 0.582830475953718 0 0 0 0
238.086601098379 243.72257788976 243.25301249822 244.573473930359 244.932095209757 244.913061459859 238.83322874705 206.945300102234 156.82061513265 127.237300078074 125.510076681773 122.598846753438 105.407973130544 87.1703922748566 83.2021534442902 85.8056743939718 80.4105699062347 75.2882957458496 77.07113524278 80.0225883722305 75.9462664524714 74.488490819931 76.6282180945079 78.8498818874359 83.0988486607869 91.916412115097 102.291742960612 104.208528995514 113.532404104869 132.197221120199 142.311016718547 139.56559697787 132.172167301178 125.63768029213 117.63808131218 102.543791135152 106.772710879644 103.862732648849 83.8179886341095 48.3632286389669 40.1578992605209 40.7473916808764 20.8879560232162 4.95964537064234 0 0 0 0 0
233.311057090759 236.611167589823 234.014471371969 233.975827693939 234.395623207092 230.61341047287 226.739227771759 207.838078339895 166.384438673655 138.278543949127 130.252192417781 124.082664648692 117.139299710592 97.0412691434224 87.2884194056193 91.2702778975169 84.3209723631541 74.4830369949341 80.0845126310984 81.1612357695897 78.4149418274562 75.2476851145426 79.0460109710693 84.3956271807353 82.5564215580622 88.0508224169413 94.3321585655212 95.8989560604095 103.287070989609 123.957912127177 134.419123331706 133.035222689311 134.48691368103 135.49534479777 116.289645433426 109.357515970866 114.139219125112 121.20529015859 116.332630316416 76.6658236583074 33.1072757641474 29.5632208387057 0 0 0 0 0 0 0
212.327539920807 215.759873390198 217.743357022603 213.679154713949 213.769376277924 211.433211962382 215.575734774272 211.633245150248 178.395311037699 142.494966586431 128.322293361028 118.58140428861 112.73850997289 96.048633257548 84.1576854387919 92.4182534217834 93.8629508018494 80.171729127566 83.6359063784281 86.5719318389893 85.5069855848948 81.623579065005 81.7711601654689 85.3350559870402 84.296703338623 84.6019387245178 92.5491948922475 99.2351472377777 104.38139239947 118.611405293147 131.981213887533 134.636004765828 135.80134510994 139.435797929764 119.742095470428 120.256543159485 120.676507552465 129.247496525447 129.05032436053 90.1563664277395 19.7088358302911 0 0 0 0 0 0 0 0
191.261827945709 199.430346488953 210.13206243515 206.146399180094 205.706238746643 211.705307165782 218.960801760356 220.891892910004 197.146058082581 156.739254792531 133.314351240794 114.378968874613 101.636648178101 90.5360082785289 81.6879669825236 86.1172278722127 98.0586806933085 88.5233382383982 85.9175125757853 88.9355043570201 89.1091227531433 84.4569106896718 82.7669401963552 84.7529768943787 87.1743162473043 86.4060819149017 89.8300111293793 100.507726271947 105.518857638041 111.775537331899 125.80265601476 137.255936861038 137.549847364426 129.614651203156 115.218748648961 129.724949598312 133.519838253657 137.694706519445 136.229515075684 110.384911298752 16.5910137196382 0 0 0 0 0 0 0 0
154.210696617762 164.734572172165 173.941393693288 178.222874800364 186.856806278229 202.176451683044 214.007993539174 221.325755119324 211.487650871277 175.875465075175 143.863201141357 116.707901159922 98.9748338858287 95.4285264015198 87.3657464981079 80.8211465676626 93.6841269334157 93.6102370421092 86.3555868466695 85.9553615252177 86.4941080411275 83.1212451060613 80.8279116948446 82.0886790752411 85.3654642899831 90.7212694485982 90.4182692368825 96.0925320784251 103.756795326869 106.232444445292 116.865654786428 132.676333189011 135.266721248627 116.634358962377 119.498252868652 141.653875509898 145.903299252192 142.638464768728 140.642116467158 136.237124602 78.6211639642715 3.87188357611497 0 0 0 0 0 0 0
117.95112490654 124.587068955104 124.236126740774 134.495317935944 150.414844353994 168.474634488424 182.046135266622 194.230834643046 192.309220631917 168.53125890096 133.991877237956 108.931809663773 96.1263279120127 93.7024553616842 89.3551111221313 82.8566948572795 88.6539320151011 89.1322990258535 81.4564724763234 82.0065240065257 85.704098145167 88.5054667790731 86.8130326271057 82.1583817402522 81.1509837706884 86.1748655637105 91.9739007949829 95.2522953351339 101.514279842377 102.394312620163 107.700457175573 121.891399224599 126.454730828603 119.41451827685 143.749823172887 155.494819084803 151.712546745936 144.290943940481 146.882772445679 159.812579552333 154.359678427378 88.5826647281647 16.9674617548784 1.27702058913807 0 0 0 0 0
106.079081694285 108.550608158112 107.836584250132 109.998871882757 119.020352760951 124.904066324234 129.093289375305 134.147961934408 132.778743902842 116.629670063655 100.29274225235 96.5162913004557 94.4930911064148 91.7634268601735 89.3278519312541 88.8665815194448 87.5911513964335 87.2302452723185 82.4841956297557 81.2669098377228 85.6500267982483 91.0727580388387 92.4196839332581 89.2357230186462 85.5667193730672 83.730677763621 93.455970287323 98.2447067896525 101.773997147878 102.150897185008 102.096815903982 112.785746653875 119.675934314728 129.915108283361 152.738253275553 153.831581274668 143.792996803919 132.498443126678 135.608812173208 152.004341284434 164.518723885218 158.729215463003 102.200120687485 28.6466851830482 1.8431837670505 0 0 0 0
115.309009949366 112.402160962423 112.663318713506 111.426055431366 107.948293288549 105.515629053116 104.011714458466 104.753712813059 109.089553356171 100.766440232595 92.2438303629557 93.1653678417206 96.0202912489573 96.5270896752675 94.1545367240906 92.4826661745707 86.9524280230204 94.1798488299052 94.1024621327718 89.8556113243103 91.9652581214905 92.6728844642639 91.2030041217804 93.111922343572 93.9643681049347 88.7813866138458 94.0903524557749 98.1696645418803 101.837456226349 103.463192780813 104.894359906514 110.126068194707 118.873476982117 136.889616648356 147.935609022776 139.085799455643 126.393387715022 115.465581417084 112.543036540349 125.505367914836 157.553811868032 165.093074242274 139.151096343994 73.7816592057546 14.3869072198868 0 0 0 0
120.153407255809 117.291490236918 119.722674290339 118.342727422714 110.813428958257 107.38339026769 104.136685530345 100.98789135615 100.565582513809 96.8647599220276 95.1551000277201 93.9121643702189 97.4250237147013 100.736339886983 99.5953579743703 96.93843126297 93.1449830532074 98.3774363994598 101.664066314697 94.3390727043152 91.4931694666545 89.5242194334666 85.8953793843587 87.5172317028046 91.8878515561422 88.3652766545614 85.2239727973938 92.6979978879293 96.5548058350881 99.3929902712504 102.006693681081 102.797567844391 115.395436684291 140.334794918696 145.282556613286 126.836866140366 113.060653209686 110.197534163793 111.81781689326 121.090630690257 131.975392500559 135.045786698659 119.651814301809 83.001231153806 24.2238392432531 0 0 0 0
103.919138511022 106.830239295959 115.613351265589 112.516125043233 115.396956602732 117.39253004392 116.417825222015 111.035505930583 99.3513067563375 98.2153415679932 101.044118404388 97.2397923469543 97.3048309485118 100.944538911184 101.00985566775 97.569207350413 98.3045001824697 101.379424333572 101.375122865041 95.5175658067067 89.5856519540151 86.8249833583832 84.2052698135376 84.6245586872101 87.3665312925975 89.7626181443532 84.6204260985057 88.5301927725474 93.8551723957062 96.0742036501567 93.9214924971263 93.3224558830261 104.780207077662 124.139100313187 130.997896194458 115.608890851339 110.565761725108 116.48307243983 121.556580066681 122.91893362999 117.408871650696 116.260667641958 109.052658081055 80.9782048066457 34.44887449344 0 0 0 0
