input/barkrak2/radiation/dir29324.grid
NCOLS 85 
NROWS 70 
XLLCORNER 665100 
YLLCORNER 4664600 
CELLSIZE 20 
NODATA_value -9999 
[rows 44 to 65 of 70, columns 0 to 47 of 85]
110.313246647517 116.392989953359 119.239608446757 119.786500930786 121.773103872935 123.893618583679 124.318867921829 120.472997426987 114.820937315623 109.464854001999 110.575556755066 108.134051163991 103.941669066747 102.002670367559 101.128975550334 100.667496522268 97.6335108280182 104.513833920161 105.722526709239 104.066441456477 99.2523431777954 97.1171359221141 96.0068603356679 96.1883167425791 93.2363172372182 102.058668931325 104.971031347911 102.138102054596 101.954390605291 100.959171851476 97.9246695836385 95.5291291077932 102.188388506571 109.36904946963 115.012645721436 115.418175856272 120.426992575328 131.641944249471 136.937876542409 127.643009026845 123.368044694265 118.415385484695 112.481713294983 91.1783476670583 55.6668788194656 14.2269196609656 0 0
117.22265680631 122.392098108927 119.015713532766 122.320940097173 120.913753906886 120.487560828527 121.655901273092 120.298405488332 120.854129393895 116.071403026581 114.304333925247 113.796025514603 108.2717080911 102.890074253082 101.309398810069 104.678769906362 97.9557037353516 102.386693159739 106.956124305725 104.966859022776 101.664533217748 100.818713506063 100.6674071153 100.00941157341 100.830892721812 100.409716367722 107.009748617808 105.378866195679 104.757487773895 102.448652187983 98.4165370464325 95.9083239237467 99.2999275525411 98.1918772061666 98.3540713787079 99.726935227712 108.655244112015 123.952219883601 124.727934598923 110.332012176514 113.73046040535 107.512931029002 105.123430490494 102.243880430857 83.847184975942 45.4227924346924 6.69163465499878 0
117.298185825348 118.729650974274 121.89773718516 123.778760433197 123.69300921758 122.887372970581 124.39634402593 126.516461372375 122.195144494375 119.871199131012 118.838886419932 117.24199851354 112.650165955226 109.754910071691 108.659972747167 111.988663673401 108.610530694326 102.243006229401 108.011682828267 106.445779403051 103.120307127635 103.539496660233 102.276384830475 98.7878243128459 106.61655664444 101.490547259649 101.058930158615 103.276520967484 104.570895433426 104.383498430252 101.907551288605 98.5019505023956 97.8209873040517 97.9616641998291 99.9146898587545 99.9087492624919 102.975537379583 111.104855934779 114.591936270396 109.76172486941 110.292971134186 103.293478488922 108.996212482452 117.122163375219 108.623246351878 73.4848479429881 32.0438692967097 1.27722431595127
110.749920209249 113.500932852427 119.316428899765 121.376931667328 124.857525030772 126.502176125844 123.725603024165 123.768190542857 123.252938191096 124.98684724172 121.034532785416 117.514908313751 115.277379751205 114.61153626442 111.559351285299 111.211429039637 109.659095605214 101.016104221344 105.84948460261 107.24334915479 103.476653496424 103.588948647181 106.241097052892 98.8867084185282 102.353692054749 101.907521486282 96.8749324480693 99.5174944400787 103.737105925878 104.40335671107 104.501863320669 102.46401031812 97.554604212443 101.716578006744 112.658490737279 118.432799975077 113.101462523143 107.993314663569 111.731578906377 122.875253359477 114.645898342133 105.454653501511 113.273372252782 120.722730954488 113.764723141988 92.0572976271311 52.2889693578084 16.574094692866
103.399376074473 107.041279474894 112.819105386734 116.879383722941 123.410701751709 126.861741145452 123.667736848195 121.183137098948 125.298251708349 127.029915650686 124.449789524078 120.408097902934 118.116199970245 118.356655041377 114.950637022654 109.108954668045 107.919414838155 101.166506608327 105.07466395696 109.02393857638 109.005401531855 108.364820480347 110.034614801407 106.076180934906 103.492160638173 105.150490999222 101.154575745265 103.198001782099 110.771735509237 115.626802047094 120.627572139104 119.538992643356 110.092471043269 111.105074485143 120.905299981435 128.471980492274 129.778265953064 117.609947919846 114.646255970001 121.957371632258 111.669570207596 103.472054004669 100.916643937429 100.968658924103 98.9281535148621 97.8481372197469 86.773415406545 33.0625673135122
102.619012196859 99.7065206368764 104.620357354482 113.430718580882 119.636247555415 122.896254062653 125.993351141612 128.218472003937 128.731807072957 125.304778416951 127.005904912949 127.202123403549 122.952212889989 119.589507579803 117.168744405111 112.118492523829 109.913527965546 106.175601482391 109.53148206075 114.208281040192 115.582754214605 115.039527416229 111.659953991572 112.35123872757 107.515166203181 111.210624376933 110.535323619843 112.902899583181 119.554460048676 129.112094640732 137.574960788091 136.427452166875 127.964754899343 123.279978831609 120.417773723602 129.105269908905 134.882261355718 132.527112960815 120.202799638112 109.545449415843 101.364761590958 101.88161333402 100.223879019419 95.2526827653249 91.8466051419576 96.5608954429626 91.4304455121358 44.6725289026896
103.360374768575 106.571445862452 110.285381476084 117.062747478485 117.473781108856 118.212878704071 126.937091350555 131.996333599091 131.37020667394 130.254089832306 130.212326844533 129.57485516866 125.080207983653 120.879034201304 120.470464229584 123.610476652781 115.17670750618 113.657454649607 115.076045195262 120.551407337189 121.515909830729 118.844350179036 115.666747093201 113.622099161148 108.379065990448 116.462409496307 119.088381528854 120.407352844874 123.812864224116 134.431819121043 145.655234654744 147.729843854904 138.389160235723 127.1144648393 114.605019489924 114.849388599396 127.645860115687 138.400236765544 125.047345956167 103.840013345083 95.7710246245066 103.586167097092 107.229828834534 102.911541859309 97.8552599747976 94.3523744742076 78.6462624867757 51.3002226750056
103.684782981873 115.132063627243 117.690871159236 120.013654232025 117.736806472143 116.996794939041 124.787896871567 130.357474088669 130.271762609482 135.718921820323 132.816443840663 131.56928618749 128.502408663432 122.951040665309 121.896982192993 128.503888845444 122.055659691493 118.02593866984 115.644296010335 118.197868267695 118.577698866526 117.121080557505 116.254270076752 111.217488845189 108.966201543808 111.474255720774 114.819943904877 116.121292114258 118.807107210159 126.432677110036 135.25778055191 144.416491190592 140.718619028727 116.75684650739 84.2564801375071 77.3963431517283 95.9336757659912 117.996315161387 133.114496866862 128.683070341746 123.522917429606 114.797502756119 97.6799428462982 95.1395332813263 103.711227575938 96.174826224645 74.9357442061106 62.5189890464147
107.031921545664 105.282048384349 104.129076004028 107.272128264109 114.8701608181 120.282997687658 120.999207099279 127.175152301788 127.099176247915 131.722003221512 131.824433803558 134.084224700928 133.324533700943 127.618590990702 125.593364238739 124.161253372828 125.835905472438 118.166943391164 111.294617255529 109.551221132278 109.051565329234 112.317502498627 113.709807395935 106.658548116684 108.668655157089 105.89258869489 106.28146926562 107.718090216319 106.579452753067 109.073052803675 116.785148779551 127.081314722697 123.901148637136 97.2278316815694 63.2765690485636 44.2861119906108 45.3929454088211 74.7988224029541 112.218568722407 130.822052558263 133.201003074646 114.162584145864 93.414048353831 89.3167853355408 97.3088939984639 87.5260134538015 71.268359820048 79.3743034203847
111.103783051173 99.9805629253387 97.2079634666443 102.670232454936 115.623603264491 124.384303887685 123.774220546087 124.842504660288 127.778867880503 127.569317817688 130.456805229187 133.606324593226 135.152161121368 132.988313833872 127.440869808197 124.585012594859 127.952734629313 119.94140346845 115.072280168533 115.759154160817 114.417135715485 111.976017554601 110.297352075577 105.465829372406 105.62789440155 104.184816281001 102.776954571406 103.501240412394 102.462450663249 97.3233183224996 90.7273391882579 96.0558354854584 96.6742634773254 79.4903934001923 64.4185890754064 44.69828804334 25.371198852857 24.0604380766551 40.8448825279872 90.23384253184 113.889763752619 104.04168566068 93.3410127957662 87.3231689135234 80.2442729473114 75.1821448405584 68.7147925297419 89.7911091645559
111.784189939499 105.350563923518 102.518459161123 107.166061798731 117.307096719742 126.340687274933 129.087110360463 124.75711107254 129.681130250295 127.422749996185 131.637513637543 133.128126462301 135.057508945465 137.036263942719 130.935023228327 130.375742912292 130.496462186178 124.162574609121 119.707643985748 121.067484219869 121.002852916718 116.630206505458 114.281276861827 114.597092072169 110.121031602224 109.577228625615 107.819815476735 103.676627079646 97.9957083861033 91.1644498507182 82.178403933843 85.7253273328145 89.3484950065613 89.6696845690409 88.0806942780813 75.9340822696686 48.5792458057404 32.6984350879987 27.3800889650981 33.4866096576055 74.2190579573313 81.9024642308553 56.2180777390798 47.1971134344737 46.7053105433782 54.6214729547501 72.7452337741852 82.5686305761337
115.452041228612 113.551716009776 109.061419963837 106.53884212176 112.487465143204 125.737885634104 127.533674240112 125.173469384511 127.09562977155 131.998350222905 138.138324022293 138.479818900426 137.121707201004 137.261917193731 133.688867092133 133.816530307134 134.964247544607 131.629417339961 126.275370518367 122.948696215947 120.540072520574 119.525690873464 120.21392583847 124.172846476237 118.312319119771 116.062422593435 108.102271954219 98.7247228622437 90.2130305767059 85.8593980471293 85.199385881424 91.3993616898855 95.1786637306213 106.527288754781 113.38879664739 113.077799479167 99.9423762162526 77.8813908497493 64.2986595630646 38.162795205911 48.0226973692576 68.0084774891535 68.1904306014379 55.9991697470347 56.3688625892003 74.1080194711685 100.089927514394 96.7275897661845
118.501216173172 117.61008699735 116.069316864014 111.083686351776 111.813992261887 122.294684251149 125.716149806976 125.618090232213 124.68300263087 134.173293908437 142.52378543218 141.382316748301 136.25759879748 138.240387042363 139.433989922206 132.67594575882 134.870270888011 131.206313769023 126.559893290202 125.334203243256 124.116162459056 124.996095895767 122.562607129415 121.097554763158 117.242048184077 112.184892098109 86.8878364562988 64.1931047042211 61.8716428677241 70.1166093349457 82.4452340602875 87.8427823384603 93.3208366235097 100.469698508581 114.622722069422 123.508592446645 125.682969888051 120.749026536942 104.820549488068 78.4488022327423 52.4134238560994 70.1085428396861 87.1116022268931 88.4451866149902 89.0186429023743 104.576647281647 133.510847886403 122.101813554764
117.360959450404 115.11089404424 118.925174077352 119.105199972788 115.22654692332 118.578096230825 126.120309034983 127.270470062892 126.477897167206 133.790036042531 141.44433538119 140.082170565923 134.828706582387 137.566198905309 141.327619552612 130.178838968277 131.531844536463 129.429558912913 127.032885948817 127.876579761505 128.985196352005 129.197895526886 124.300221602122 118.986656268438 118.247210979462 114.958753188451 92.4931466579437 69.716344277064 69.3472723166148 80.2903026342392 92.3039317131042 93.8251217206319 105.01296321551 116.002092758814 123.214195171992 133.002012968063 130.482564369837 75.8736381928126 62.765841682752 77.559640010198 80.1240454117457 94.8456426461538 99.8290280501048 82.8181505203247 60.6543521086375 84.1404795646667 110.517561435699 105.123142401377
104.663362105687 113.650153080622 116.987367471059 119.751304388046 118.843287229538 115.012099345525 126.56757235527 130.894243717194 130.445301532745 134.543319543203 137.999882300695 138.508190711339 137.218584616979 133.869310220083 135.124345620473 130.916247765223 126.975993315379 129.905641078949 131.351033846537 132.015645503998 133.700132369995 128.507773081462 128.027687470118 119.069596131643 116.859972476959 119.430502255758 115.69619178772 108.698666095734 109.228163957596 115.39218823115 111.328144868215 103.882094224294 119.6515361468 127.929240465164 123.557935158412 92.4749771753947 81.9301704565684 42.37300157547 28.9275025328 42.7178243796031 81.5130770206451 105.227788289388 102.930704752604 87.5763197739919 75.0997960567474 78.9388716220856 95.5061713854472 100.210537513097
94.1235820452372 110.413134098053 114.970316489538 117.63537923495 120.556722084681 115.979760885239 121.127823988597 130.622545878092 140.994151433309 142.035375038783 138.088971376419 135.565807422002 136.950333913167 135.717650254567 135.460644960403 132.599254449209 127.332190672557 128.883252541224 126.149048407873 123.713264862696 125.709563493729 124.004334211349 123.36861093839 119.936615228653 120.282630125682 126.45024061203 138.022581736247 146.102825800578 132.824619611104 130.467484394709 114.502678314845 104.020486275355 114.147176345189 104.535708824794 56.7754258712133 45.7490881284078 43.8288102547328 34.521758556366 20.8511998256048 15.5144122739633 17.8281043966611 68.0000633001328 100.084155797958 120.589296023051 135.392715533574 130.413303772608 123.612066109975 121.476908524831
96.5535442034404 106.791754563649 114.988029003143 117.723355690638 119.048267602921 119.486610094706 113.912920157115 124.794681866964 147.078096866608 145.816485087077 137.373397747676 133.427480856578 135.498017072678 138.541519641876 137.305955092112 133.558412392934 131.571630636851 128.481884797414 120.373596747716 112.825880448023 112.152059872945 115.076353152593 114.92399374644 117.39581823349 120.8689113458 126.241475343704 143.546471993128 150.979022185008 134.242455164591 121.508916219076 109.905779361725 94.047208627065 93.4470593929291 86.4252646764119 63.3788158496221 38.7230118115743 40.2612611651421 53.2225072383881 45.1615651448568 28.6549578110377 17.222569634517 27.2628019253413 77.9099861780802 109.586616357168 121.015578508377 120.995501677195 113.391240437826 114.141116539637
109.251002470652 112.468759218852 115.306506554286 111.441195011139 104.635139306386 100.833743810654 109.659274419149 115.876098473867 126.084456841151 123.96580974261 122.410327196121 127.95627117157 134.696453809738 135.586053133011 131.551454464595 133.313457171122 132.553944985072 125.733902057012 116.482029358546 110.146154959997 108.478049437205 109.802544116974 112.687985102336 114.372303088506 114.682714144389 118.107934792837 131.55268629392 139.201720555623 133.001277844111 120.660454034805 102.637340625127 85.9004060427348 77.3561497529348 90.1056329409281 83.0880800882975 59.3633502721786 62.8967682520548 97.828209400177 102.05465555191 79.0902525186539 45.6701020399729 34.9535619219144 54.1597008705139 72.7216899394989 61.5612169106801 77.6175111532211 82.7182133992513 87.8108640511831
122.422953446706 118.462463219961 114.51111237208 106.764207283656 95.0041015942891 86.9746009508769 100.245247284571 99.3774632612864 87.1190925439199 87.8537793954213 102.316667636236 114.809463421504 120.853592952092 125.698844591777 129.143943389257 140.06112019221 142.565727233887 132.844110329946 123.161335786184 118.408143520355 114.288012186686 113.018691539764 114.360908667247 110.201895236969 113.158444563548 114.955524603526 117.883265018463 122.414529323578 121.50631348292 97.6807475090027 100.597192843755 93.2930111885071 84.1772258281708 100.840737422307 104.542831579844 91.3136204083761 83.0569267272949 84.9431157112122 90.4997885227203 88.0501866340637 70.4776992400487 54.0201961994171 53.9189924796422 42.8223609924316 34.1230978568395 39.1738340258598 62.385822335879 66.5589024623235
125.676184892654 118.191579977671 112.956782182058 108.731339375178 100.482414166133 92.6104187965393 87.1810714403788 80.3583761056264 60.6210927168528 70.6281512975693 94.1630701224009 107.399721940358 108.194649219513 116.806308428446 131.785094738007 148.638228575389 154.760946830114 146.645098924637 137.123475472132 131.735901037852 125.663816928864 122.978707154592 121.85670932134 116.008232037226 112.717926502228 111.057311296463 107.741792996724 106.127083301544 107.049326101939 89.374432961146 89.5054241021474 90.1350279649099 85.0461820761363 105.435848236084 122.93729186058 126.300672690074 101.039916276932 63.1341387828191 43.9213464657466 72.2673237323761 67.5214926401774 70.3869412342707 66.8362478415171 60.3771905104319 46.5508351723353 42.4660543600718 55.2777796983719 67.1491473913193
128.545651833216 122.499287128448 121.026496092478 122.282723585765 118.535349766413 111.195713281631 105.032155911128 106.113364299138 104.314655065536 109.148929516474 119.072814782461 127.116401990255 127.437253793081 121.173729499181 132.09534684817 150.18637975057 161.253720521927 160.530428091685 151.980529228846 141.44104719162 134.672532478968 128.786404927572 126.422494649887 126.789450645447 119.707216819127 109.935243924459 101.803143819173 98.0015397071838 97.9346036911011 92.8825338681539 78.9715349674225 76.9459952910741 69.2387670278549 93.1898554166158 132.550974686941 139.865020910899 106.309354305267 69.0109034379323 41.7774766683578 35.3937943776449 47.4024713039398 52.7984996636709 70.9136972824733 77.7977406978607 81.5886507431666 66.2507116794586 65.0312999884288 87.0959361394246
129.466752211253 126.369665066401 126.673450072606 128.489921490351 127.735793590546 123.259882132212 122.460126876831 132.25069642067 150.271197160085 144.998649756114 135.686109463374 138.550659020742 144.861201445262 129.99027967453 130.520194768906 140.729208787282 151.016443967819 157.214770714442 156.662623087565 149.365872144699 141.742835442225 134.517927964528 128.681312004725 127.033561468124 119.589179754257 106.616914272308 92.1303530534108 88.0271891752879 89.9927914142609 81.6997538010279 45.2748934427897 42.1226421991984 34.7523614764214 59.3662609656652 131.822516520818 140.702217817307 120.10250488917 110.743542512258 75.7189740737279 28.3490071694056 19.4479723771413 16.2386285761992 55.2754898866018 84.4336152076721 94.8566595713298 83.5551718870799 82.2926859060923 115.06117383639
