input/barkrak2/radiation/dir23424.grid
NCOLS 85 
NROWS 70 
XLLCORNER 665100 
YLLCORNER 4664600 
CELLSIZE 20 
NODATA_value -9999 
[rows 20 to 39 of 70, columns 0 to 45 of 85]
130.287349224091 118.811945120494 129.06335790952 162.121117115021 158.880809942881 132.167329390844 123.827636241913 132.027278343836 143.855671087901 161.86668475469 174.440960089366 176.879445711772 179.782052834829 181.262771288554 194.534341494242 212.678074836731 223.032712936401 238.125443458557 250.539084275564 270.509362220764 278.25136979421 269.669950008392 273.65630865097 277.556677659353 279.925723870595 282.088180383046 284.938712914785 283.04131825765 281.181434790293 279.71347173055 272.676090399424 258.310437202454 244.412700335185 235.428273677826 231.839179992676 238.002280394236 237.798353036245 240.13739824295 244.479636351267 249.527474244436 250.792562961578 250.091830889384 253.166496753693 246.209541956584 251.947283744812 255.651672681173
161.06104850769 152.995566527049 157.634526491165 189.013242721558 186.435202757517 138.423870007197 133.821666240692 140.444308519363 150.816311438878 162.02500462532 168.138225873311 171.933511892954 175.071517626444 172.975540161133 185.038129488627 200.401266415914 215.432385603587 228.382587432861 242.94634660085 256.657660007477 266.370157400767 281.679729620616 282.87665049235 280.430853366852 275.844057401021 267.193734645844 249.489426612854 245.350261529287 244.588176409403 240.695198376973 230.968872706095 209.509233633677 187.138080596924 180.6467572848 186.429778734843 207.161943117777 215.918262799581 233.09063911438 244.208673636119 245.393753051758 243.258118629456 241.329650084178 234.813729921977 216.899514198303 240.749796231588 250.943581263224
206.622183322906 208.290080229441 201.026817162832 208.611071109772 208.077251911163 165.184130271276 159.067630767822 152.428815762202 148.116538921992 151.626567045848 166.69762134552 175.486981868744 180.07347981135 182.889262835185 187.904218832652 195.869386196136 205.417096614838 215.329666932424 225.058555603027 228.386839230855 229.447444279989 240.064203739166 250.565528869629 253.50687901179 252.868036429087 245.217939217885 233.08789730072 227.140565713247 220.938642819723 203.463514645894 179.04657125473 138.270904620488 108.07278752327 115.809182325999 143.999814987183 170.755922794342 190.513114134471 213.656067848206 227.385719617208 231.496810913086 235.580404599508 236.259599526723 211.644331614176 186.220228672028 218.227962652842 247.476637363434
237.060864766439 233.653008937836 215.934813022614 214.492599169413 213.805993398031 203.108012676239 180.742800235748 156.932969888051 144.775787989298 148.29362432162 169.714629650116 177.201390266418 189.650495847066 195.677876472473 191.078344980876 189.977685610453 197.527885437012 207.188566525777 214.092532793681 208.853721618652 205.869595209757 209.38777923584 224.117080370585 232.141296068827 237.313389778137 235.787908236186 222.937305768331 212.192336718241 197.147289911906 160.012135903041 131.369511286418 105.672806501389 68.8824405272802 33.0856094757716 36.3278985023499 77.6870002349218 121.6213007768 159.270763397217 183.771014213562 194.327016671499 193.917632102966 176.615436871847 168.066084384918 199.159463246663 205.709497133891 236.250360806783
231.335818767548 230.717440446218 225.609838962555 217.183212439219 205.498019854228 202.846844991048 184.176703294118 171.589970588684 157.458543777466 151.062518358231 158.820549647013 177.423040072123 184.274474779765 188.910841941833 187.742571036021 186.884840329488 194.534520308177 206.075688203176 211.60364151001 204.24364010493 204.856634140015 199.071983496348 208.442429701487 214.265425999959 217.169284820557 215.011596679688 209.708531697591 192.27788845698 170.745849609375 126.368304093679 106.567253669103 102.521846691767 78.3644666274389 28.4050653378169 24.9921555320422 50.9708275397619 76.2685537338257 101.889590422312 126.420915126801 147.795299688975 140.235841274261 124.50255950292 145.58333158493 223.301649093628 222.818970680237 239.343822002411
220.818857351939 225.772182146708 230.459531148275 218.105216821035 206.456303596497 202.973544597626 197.009762128194 198.723276456197 195.707440376282 182.336091995239 178.374489148458 189.450065294902 191.78032875061 200.696905454 200.961410999298 193.597495555878 194.895704587301 207.074185212453 211.369891961416 214.857220649719 219.103217124939 212.657809257507 206.872304280599 205.589811007182 204.715530077616 205.75890938441 197.145501772563 184.873044490814 158.703138430913 137.331326802572 133.317609628042 146.686603625615 144.41254734993 90.2559459209442 60.2836708227793 67.9115454355876 74.6569484472275 91.1212861537933 110.440194606781 111.840277910233 107.164899508158 110.769321521123 154.708047707876 221.109350522359 237.414995829264 249.320964018504
221.3969429334 225.401262442271 229.984005292257 221.366107463837 221.665223439535 219.936490058899 219.584027926127 222.030778725942 226.429065068563 219.543735186259 202.907900015513 208.713173866272 210.572163263957 218.295296033223 216.28075838089 203.420360883077 201.246937115987 211.544195810954 218.485275904338 230.965713659922 233.368357022603 228.265404701233 220.013697942098 209.877828756968 206.77387714386 207.654098669688 198.186914126078 192.266583442688 169.98682419459 170.615355173747 187.793771425883 213.200986385345 220.509131749471 216.71857436498 167.153855164846 99.0305741628011 91.2579198678335 95.8791375160217 111.057808001836 114.553471406301 120.668033758799 160.995215177536 182.812929153442 207.347194353739 234.58476861318 241.14716053009
224.635521570841 221.543471018473 224.020699659983 222.289641698202 249.061902364095 240.480224291484 236.185371875763 231.599907080332 234.530389308929 235.995988051097 220.245560010274 213.406602541606 217.231869697571 220.187683900197 220.66597143809 216.972470283508 210.963408152262 217.508514722188 228.309512138367 234.413325786591 232.151846090953 224.277933438619 220.424314339956 217.709581057231 216.383357842763 212.983946005503 206.113119920095 203.709582487742 202.605048815409 207.864840825399 226.306080818176 239.947021007538 244.20952796936 257.144908110301 251.753608385722 165.169636408488 114.504754543304 102.363218863805 102.598716815313 122.076898813248 159.721742073695 225.475986798604 202.194809913635 195.794264475505 213.018576304118 216.6668176651
224.105556805929 213.326573371887 216.426988442739 228.337983290354 267.952978610992 248.213688532511 231.896897157033 225.050270557404 225.661238034566 225.36563873291 216.647505760193 207.400480906169 215.218981107076 219.571808973948 224.010189374288 225.214858849843 221.852719783783 218.590398629506 228.765626748403 228.613575299581 227.247993151347 219.58734591802 219.008107980092 223.605831464132 223.476827144623 216.91487232844 214.99902009964 210.593819618225 212.236344814301 220.541636149089 240.123788515727 255.449871222178 257.948716481527 258.367737134298 268.437008062998 235.099454720815 134.414146343867 89.376966158549 74.050560593605 99.4044840335846 172.786831855774 211.834291617076 190.781950950623 162.818670272827 177.583614985148 183.496574560801
219.931085904439 205.560942490896 211.396217346191 238.342444101969 267.643650372823 245.53120136261 221.437573432922 203.026354312897 191.599567731222 190.840125083923 190.965255101522 191.746075948079 208.018143971761 222.174465656281 223.805149396261 229.897618293762 228.96001736323 217.254281044006 219.767908255259 219.650387763977 218.393385410309 220.355232556661 220.67658106486 223.794758319855 225.281774997711 220.495780309041 224.916617075602 216.246088345846 212.735573450724 227.786302566528 248.629013697306 265.129586060842 261.683424313863 259.89818572998 270.380059878031 274.474819501241 223.384877045949 136.380732059479 102.010816335678 108.55699578921 144.91147796313 161.049465338389 169.594049453735 138.830631971359 141.970614592234 152.241388956706
212.032159169515 219.137668609619 248.936553796132 294.58216826121 290.269474188487 251.76727771759 215.954939524333 184.609452883402 172.808289527893 180.94527721405 176.371475060781 172.914087772369 201.086461544037 220.916827519735 229.242602984111 234.7066005071 234.266857306163 223.544200261434 222.029407819112 222.352067629496 219.330171744029 223.887383937836 226.209541161855 226.958374182383 228.663245836894 230.016748110453 230.37048180898 226.498166720072 222.748418649038 237.422823905945 257.029453913371 268.52818330129 264.165898164113 268.404603004456 276.222030321757 280.39143482844 282.428622245789 261.975785096486 183.080474535624 137.466430664062 124.863594770432 124.509712060293 146.119674046834 136.164923508962 134.813209374746 157.217611869176
230.629722277323 263.314326604207 297.094504038493 311.614096164703 325.082977612813 291.47332906723 247.090299924215 206.523239612579 193.222443262736 204.509715239207 195.391058921814 180.67197004954 194.3252881368 218.182226022085 234.147866566976 238.908986250559 236.206789811452 232.419530550639 225.215435028076 223.994731903076 224.424600601196 226.89954439799 230.562746524811 229.775289694468 229.999085267385 240.108946959178 239.822804927826 242.855250835419 240.588804086049 248.796999454498 261.609156926473 268.918097019196 271.133303642273 278.392155965169 283.978621164958 273.506899674733 276.9775390625 295.948406060537 261.771460374196 185.834268728892 136.906703313192 129.165669282277 133.802513281504 143.343398968379 163.192639748255 191.827992598216
278.170426686605 300.58483282725 306.034843126933 301.706373691559 316.463192303975 321.519414583842 301.148315270742 266.952077547709 240.485707918803 236.059387524923 234.305202960968 213.267823060354 198.287586371104 215.781211853027 235.414246718089 239.402413368225 234.931508700053 238.173842430115 226.613203684489 224.770347277323 229.673425356547 229.757845401764 229.064663251241 228.41203212738 232.754786809285 244.03037627538 249.070942401886 253.281315167745 249.523421128591 252.356131871541 265.069961547852 274.291416009267 272.746880849202 272.363344828288 276.123583316803 264.356672763824 266.033132870992 273.33269516627 252.541840076447 208.884199460348 173.06133111318 150.107383728027 139.820595582326 145.906875530879 164.653728405635 197.571396827698
294.934868812561 300.125559171041 296.193559964498 287.378569444021 290.910979111989 306.45747979482 312.052130699158 293.12652349472 269.163330396016 258.903662363688 261.176466941833 246.8621134758 223.010718822479 222.19455242157 234.33260122935 236.719310283661 233.743111292521 236.406048138936 228.138625621796 228.987018267314 225.457946459452 227.044781049093 225.995461146037 225.391884644826 231.773972511292 239.713390668233 250.986456871033 251.146038373311 251.390000184377 255.997776985168 267.378230889638 269.373953342438 258.169154326121 251.711070537567 254.842758178711 236.648281415304 235.07430156072 227.123816808065 204.477250576019 190.524339675903 201.498707135518 183.347423871358 163.65784406662 151.96352203687 151.804367701213 176.482717196147
298.393507798513 296.261827150981 300.939500331879 290.536562601725 285.571058591207 294.347961743673 310.974538326263 314.597805341085 291.214565436045 270.234783490499 265.728076299032 258.41611623764 252.289553483327 239.793101946513 236.801048119863 237.568020820618 231.760819753011 229.966680208842 229.928612709045 233.132938543955 228.984316190084 228.115359942118 228.082537651062 227.933327356974 230.60816526413 237.259010473887 244.702160358429 242.946743965149 245.500465234121 258.342226346334 264.849702517192 257.871091365814 244.899690151215 244.661867618561 238.95517985026 221.909244855245 224.577705065409 223.131974538167 216.843505700429 214.98050292333 220.763882001241 222.725371519725 203.657348950704 186.865329742432 169.113218784332 163.786302010218
310.561696688334 309.155662854513 314.51936562856 310.665090878805 303.056657314301 304.096599419912 314.725041389465 324.320912361145 303.677916526794 277.466833591461 263.15047343572 262.822866439819 265.545765558879 249.387443065643 241.890450318654 242.041945457458 238.138377666473 231.21589422226 235.761920611064 236.794749895732 233.327547709147 229.407687981923 234.154125054677 237.883627414703 235.447267691294 237.728317578634 240.626692771912 238.841970761617 242.152988910675 256.503025690715 260.423143704732 253.195643424988 246.741533279419 248.040656248728 233.322143554688 227.225244045258 232.861856619517 236.80317401886 242.001632849375 243.664622306824 211.250563462575 209.210733572642 199.578722318014 189.307351907094 174.668828646342 153.38005622228
316.338698069255 316.110332806905 319.253702958425 318.401594956716 311.058898766836 306.494275728862 312.800824642181 324.165761470795 309.933443864187 277.528385321299 263.017197450002 260.168214639028 264.227787653605 248.99031718572 238.909880320231 245.360573132833 248.745640118917 240.142822265625 241.645892461141 244.444251060486 243.929763635 239.077011744181 238.477190335592 240.841289361318 238.523741563161 239.743808905284 242.529014746348 246.73600991567 249.797940254211 257.749915122986 261.364340782166 256.887475649516 249.12440776825 247.435450553894 232.282956441243 235.767602920532 240.143974622091 243.840118249257 245.630621910095 240.532418092092 191.061735153198 161.352892716726 149.465421835581 143.359531958898 141.980141401291 138.380974531174
314.292848110199 317.305187384288 320.118387540181 318.492372830709 313.027600447337 310.54824590683 313.53638569514 320.645689964294 316.115856170654 286.785980065664 271.972139676412 262.685616811117 255.402445793152 248.651285966237 240.749438603719 245.442847410838 256.367345650991 248.32954009374 245.334088802338 249.738236268361 249.938031037649 245.148221651713 241.968929767609 242.889801661173 243.671278158824 241.63814385732 243.586719036102 250.516692797343 252.084215482076 256.008565425873 261.000514030457 258.996665477753 251.984755198161 237.313389778137 225.619256496429 242.814004421234 251.213431358337 251.520991325378 244.321823120117 241.481403509776 186.897357304891 127.622097730637 105.415681997935 94.3049291769664 98.4257360299428 103.527943293254
298.041383425395 305.330236752828 309.712151686351 310.021678606669 310.911973317464 314.902404944102 317.606568336487 319.255928198497 317.218422889709 298.216919104258 286.570429801941 271.642426649729 259.225090344747 256.783147652944 249.418914318085 242.281834284465 253.221134344737 254.622340202332 248.487810293833 247.760574022929 247.676094373067 244.271318117777 240.577002366384 240.841488043467 243.798534075419 246.790687243144 245.178659756978 248.737553755442 252.140978972117 252.73189942042 258.001327514648 261.096477508545 247.807661692301 224.532008171082 231.305539608002 257.336219151815 261.351605256398 255.681812763214 243.732889493306 244.764804840088 229.751189549764 161.755343278249 109.219322601954 93.6085681120555 93.4998393058777 91.418981552124
273.105561733246 278.543094793956 278.246998786926 286.158303419749 296.95204893748 307.354728380839 315.037190914154 319.682796796163 317.981044451396 307.177106539408 288.151860237122 269.899805386861 256.698151429494 255.588412284851 252.099990844727 246.218919754028 250.509858131409 251.336336135864 243.790904680888 243.615686893463 244.780123233795 246.981720129649 246.483703454336 241.605341434479 238.557676474253 241.079429785411 245.568176110586 247.466305891673 250.679731369019 251.383364200592 252.546807130178 256.023446718852 240.768253803253 226.57040754954 253.2612880071 269.941926002502 264.910638332367 257.971485455831 250.328540802002 253.374417622884 274.420420328776 262.90754477183 192.826390266418 142.386774222056 114.922781785329 92.5882160663605
