input/barkrak2/radiation/dir27624.grid
NCOLS 85 
NROWS 70 
XLLCORNER 665100 
YLLCORNER 4664600 
CELLSIZE 20 
NODATA_value -9999 
[rows 0 to 19 of 70, columns 0 to 46 of 85]
189.578771591187007 205.330769220988 221.765180428823 241.981228192647 251.707196235657 251.118282477061 245.082437992096 239.328622817993 239.832520484924 242.736538251241 241.932570934296 241.828083992004 239.99830087026 240.741034348806 243.192891279856 232.706348101298 220.85972627004 209.629476070404 206.148664156596 194.627205530802 191.910068194071 207.115848859151 234.001894791921 241.952995459239 244.200348854065 255.366245905558 254.035552342733 239.132245381673 223.871370156606 222.177863121033 217.964947223663 238.735934098562 282.865683237712 282.387892405192 276.841044425964 265.6622727712 269.730349381765 285.138229529063 282.170255978902 280.553340911865 268.729587395986 270.371238390605 281.41583998998 279.928425947825 268.924991289775 272.317151228587 277.880509694417
167.636652787526 185.670594374339 201.617499192556 221.498628457387 234.189867973328 239.309330781301 239.041070143382 240.81027507782 249.087532361348 249.095141887665 244.969566663106 242.854376633962 241.63677295049 242.609242598216 242.454965909322 232.497135798136 226.547638575236 217.652181784312 212.8613392512 202.097157637278 206.22181892395 227.457245190938 248.708486557007 251.845796902974 255.166908105214 260.964075724284 255.856037139893 242.702921231588 228.809873263041 224.085827668508 224.901815255483 252.809246381124 284.700969854991 282.861769199371 276.827434698741 267.780562241872 272.811571756999 284.621298313141 280.854284763336 281.569520632426 273.391246795654 271.82400226593 269.708414872487 266.766329606374 264.205038547516 272.233446439107 270.440220832825
130.006819963455 143.249879280726 156.195143858592 169.594685236613 182.782351970673 193.949421246847 205.228924751282 221.58145904541 235.312521457672 236.772894859314 237.028280893962 240.884602069855 248.953143755595 252.824048201243 251.690665880839 255.435466766357 255.878547827403 246.007800102234 228.361427783966 217.973530292511 227.017362912496 241.256594657898 250.421285629272 253.17378838857 257.917205492655 257.433454195658 251.36653582255 242.068250974019 233.237266540527 232.191602389018 240.836938222249 268.733302752177 283.855477968852 284.007867177327 277.557790279388 272.573908170064 279.171049594879 283.904234568278 282.57805109024 279.203832149506 271.529634793599 262.571692466736 250.404556592306 248.241186141968 257.994631926219 270.105679829915 260.065118471781
110.950827598572 111.501713593801 119.52073375384 127.106388409932 133.876770734787 139.074703057607 148.044506708781 165.528436501821 187.498609224955 206.51239156723 221.841196219126 239.116529623667 251.845002174377 256.615440050761 259.494364261627 265.835801760356 263.315379619598 252.012888590495 234.488844871521 227.439085642497 227.164248625437 226.783533891042 238.581379254659 246.410210927327 247.109293937683 248.44890832901 248.009443283081 243.936101595561 241.856376330058 244.111696879069 247.422238190969 273.915191491445 282.251795132955 281.952420870463 277.697046597799 279.902080694834 281.877895196279 281.246463457743 279.08996740977 268.378416697184 260.768155256907 248.225927352905 243.545512358348 256.781856218974 273.010790348053 268.220583597819 249.639809131622
133.37704539299 116.315096616745 103.300323088964 91.9798612594604 93.1347707907359 112.189104159673 135.125855604808 146.794100602468 157.962530851364 166.406651337941 190.5384461085 216.569781303406 233.135898907979 241.724272569021 248.514254887899 252.73064772288 247.318009535472 238.157172997793 231.456438700358 228.146036465963 223.24937582016 220.981558163961 232.437749703725 239.755014578501 242.359220981598 248.904764652252 248.807390530904 246.299783388774 244.340082009633 242.733279863993 249.512195587158 278.729220231374 280.047992865245 280.258496602376 274.79350566864 276.201943556468 276.953379313151 275.773406028748 265.540381272634 257.26709763209 255.696415901184 252.542972564697 256.640195846558 266.07612768809 269.481778144836 251.206815242767 224.128127098083
178.766151269277 148.86728922526 119.856019814809 95.9545175234477 86.8289967377981 97.8097220261892 124.509473641713 143.126934766769 147.972206274668 147.444039583206 158.582319815954 173.988223075867 185.109734535217 192.715366681417 202.200750509898 211.720824241638 214.610477288564 219.614366690318 227.039615313212 232.452094554901 232.960760593414 234.998186429342 235.823313395182 236.936589082082 241.198043028514 247.34111626943 248.817880948385 249.271829922994 247.894446055094 247.968276341756 261.81169350942 278.469204902649 276.683171590169 275.12264251709 272.243400414785 270.097474257151 271.00924650828 266.999622186025 257.589638233185 257.962663968404 257.67974058787 254.796703656514 256.258269151052 259.573598702749 248.881896336873 221.827805042267 196.561714013418
202.915370464325 175.803820292155 154.361645380656 129.953722159068 109.451999266942 96.0667729377747 102.808316548665 133.682747681936 149.915645519892 158.748288949331 155.03591299057 149.999429782232 145.092984040578 141.107102235158 143.086324135462 160.043736298879 174.339632193247 196.588575839996 218.269288539886 232.479353745778 239.200313886007 242.202599843343 240.207175413767 237.175186475118 239.819645881653 242.433428764343 245.769143104553 247.70055214564 248.216907183329 253.897309303284 266.570130983988 274.398386478424 269.035875797272 265.296777089437 263.327081998189 260.30304034551 260.247647762299 255.824565887451 251.134276390076 247.471193472544 241.967578728994 240.169405937195 246.206243832906 252.777854601542 242.077509562174 231.103618939718 243.68409315745
216.933091481527 204.050759474436 189.646522204081 171.410222848256 145.238031943639 113.162646691004 91.9620792071025 89.6483461062113 124.655922253927 154.21258409818 163.943499326706 159.976820151011 150.859961907069 139.44419225057 125.498572985331 129.13253903389 143.360664447149 161.686182022095 188.304603099823 210.895578066508 225.334088007609 235.686441262563 242.756406466166 238.744099934896 236.985146999359 236.075043678284 236.599743366241 238.433003425598 240.525464216868 249.790410200755 260.648389657338 264.514903227488 258.692403634389 253.55064868927 247.214118639628 245.427230993907 249.55427646637 246.488054593404 239.466071128845 223.827640215556 223.194559415181 232.953270276388 250.705560048421 260.926365852356 257.015506426493 255.903601646423 262.838780879974
207.897543907166 208.067119121552 202.361623446147 192.382057507833 176.554560661316 150.729556878408 117.894927660624 88.5378817717234 102.795521418254 125.478446483612 147.785792748133 160.108784834544 163.088262081146 160.29558579127 146.39949798584 137.616475423177 134.78896021843 139.741390943527 155.366202195485 174.777766068776 193.241715431213 209.900915622711 222.256521383921 220.024565855662 221.963286399841 220.91019153595 221.611519654592 223.585645357768 226.189017295837 236.671547094981 243.093172709147 243.384083112081 240.471502145131 238.820473353068 239.128152529399 240.68816502889 241.084118684133 240.201830863953 233.99555683136 227.290093898773 239.591300487518 253.058612346649 262.085636456807 263.779004414876 256.520847479502 250.194668769836 253.428320089976
156.526774168015 184.31297938029 190.110723177592 190.096278985341 186.597049236298 180.560608704885 160.641034444173 139.062861601512 106.799304485321 96.4458187421163 110.92350880305 138.300041357676 162.614951531092 175.348540147146 175.90053876241 165.333251158396 148.244301478068 143.540441989899 143.240829308828 146.256685256958 156.123141447703 165.660838286082 177.366137504578 187.042355537415 197.444160779317 200.30003786087 201.231857140859 202.779273192088 205.717126528422 213.246285915375 214.700261751811 215.761323769887 222.73067633311 226.617177327474 230.92927535375 232.376019159953 231.135467688243 235.320289929708 233.271698156993 239.934881528219 256.713767846425 264.381051063538 266.297856966654 263.557851314545 254.378835360209 249.662299950918 260.712424914042
84.050307671229 107.138186693192 126.125941673915 141.838043928146 167.043745517731 176.089286804199 176.677465438843 168.897251288096 137.878835201263 109.769701957703 95.2269236246745 102.778772513072 132.754107316335 161.847571531932 179.035087426504 167.403360207876 158.383508523305 149.54686164856 141.064296166102 134.419331947962 135.10865966479 135.953565438588 141.738414764404 157.588303089142 172.553976376851 181.815942128499 183.511257171631 184.205909570058 191.159129142761 196.927726268768 200.429002443949 204.35361067454 214.753389358521 218.435486157735 218.955357869466 220.174411932627 225.403030713399 230.977078278859 236.519376436869 251.241346200307 260.929226875305 263.947705427806 263.295610745748 260.447065035502 256.428221861521 257.463355859121 264.336546262105
50.4954407612483 54.0588895479838 55.8792253335317 70.3972280025482 91.8803711732229 110.909521579742 132.758279641469 138.934642076492 159.962445497513 142.212947209676 115.631242593129 93.3822592099508 93.4554040431976 116.111894448598 146.657645702362 157.37196803093 163.689901431402 159.065703550975 147.567540407181 135.7142329216 129.105826218923 127.36576795578 127.218832572301 137.200166781743 147.072364886602 155.054539442062 158.996313810349 164.149731397629 171.937167644501 177.384793758392 182.740052541097 188.51512670517 195.263226826986 198.370337486267 199.469109376272 202.373107274373 214.274326960246 226.627886295319 232.350428899129 247.560123602549 254.978120326996 256.15934530894 252.850711345673 247.643848260244 245.919267336527 245.193600654602 251.157244046529
43.7554071346919 35.6469700733821 28.6128794153531 23.9652618765831 20.1286599040031 35.3677148620288 55.1068633794785 82.1224053700765 110.837241013845 113.143483797709 111.103524764379 102.913002173106 80.0219525893529 78.782930970192 98.8643169403076 127.377221981684 146.691689888636 154.453992843628 152.946919202805 144.985804955165 138.103673855464 137.049297491709 137.858927249908 138.657550017039 140.32902320226 140.905221303304 145.905464887619 155.665049950282 159.91069873174 161.447207132975 167.238136132558 173.147797584534 174.557328224182 176.048099994659 179.921348889669 185.915132363637 198.971231778463 213.27269077301 216.35107199351 227.190752824148 234.688838322957 236.255129178365 234.370748202006 235.502441724141 233.029087384542 233.693937460581 237.9336754481
44.5415675640106 24.9280432860057 9.89740590254466 4.46174945682287 0.673132793356975 0 5.44132230182489 37.3384629686674 66.0173793633779 88.4506205717723 100.329697132111 115.834981203079 106.269399325053 89.7265076637268 87.8776907920837 108.696401119232 124.61002667745 141.312887271245 152.531176805496 153.98367245992 145.956675211589 145.24378379186 144.283314545949 144.66717839241 145.938018957774 145.638485749563 148.882726828257 159.825106461843 160.803367694219 154.379705588023 159.921516974767 165.743619203568 167.160630226135 167.441328366598 172.129591306051 180.233995119731 186.926106611888 193.712035814921 197.601715723673 200.463155905406 206.769665082296 213.656405607859 220.507442951202 227.903465429942 224.238832791646 230.07337252299 231.079339981079
50.4848062992096 23.4735682606697 5.86004244784514 1.34055487190684 2.03472275920463e-10 0 3.31530937304099 22.8858192761739 39.1611605882645 65.1704867680867 90.9825563430786 113.053133090337 127.452274163564 121.117293834686 106.032192707062 104.224195082982 108.548671007156 123.091081778208 140.968879063924 153.894523779551 159.80076789856 156.447192033132 156.790713469187 155.384322007497 153.370916843414 153.307298819224 155.495295921961 159.629185994466 156.398882468541 152.009467283885 155.258516470591 162.201086680094 161.346862713496 161.951204140981 166.575461626053 170.898854732513 172.651509443919 170.935829480489 176.506419976552 177.58184671402 184.282263120015 193.211456139882 199.21346505483 204.917967319489 207.283536593119 212.605714797974 223.35680325826
42.6472922166189 26.9466166694959 5.30767192443212 0.177964199489603 0 2.70661773780982 14.5513340830803 25.3390272458394 38.8451740145683 55.146445830663 80.5628846089045 109.40882563591 129.329234361649 134.669333696365 127.581924200058 107.688089211782 100.573668877284 103.363931179047 119.650661945343 140.314837296804 155.873874823252 158.424238363902 161.591986815135 163.070966800054 157.583445310593 159.754008054733 164.095222949982 160.582780838013 159.477531909943 161.682287851969 160.34060716629 160.138557354609 157.336443662643 155.118594566981 156.542857487996 157.123029232025 154.808898766836 150.33812324206 154.073556264242 156.799415747325 161.881238222122 168.523152669271 171.453197797139 174.142241477966 188.120404879252 194.928169250488 212.283233801524
37.9439468185107 30.4247637589773 11.0867085556189 0 0.0208020355785266 4.42208411792914 17.9163093368212 30.2345355351766 42.8759753704071 52.0797669887543 66.4556324481964 95.4026679197947 120.248973369598 129.398256540298 136.101831992467 130.140463511149 125.130971272786 116.272866725922 110.054790973663 117.038468519847 138.433317343394 155.500829219818 159.501612186432 155.911415815353 156.751255194346 164.456079403559 172.529021898905 170.743326346079 170.232594013214 175.837556521098 174.200018246969 161.445597807566 155.811727046967 151.099224885305 145.309815804164 144.497533639272 139.86669977506 137.805571158727 140.946447849274 144.443492094676 147.091656923294 151.094595591227 154.028942187627 157.177736361822 176.888744036357 187.698185443878 198.212126890818
33.5094605882963 33.102477590243 22.3325739304225 0.1554513485947 0.365830259397626 10.7523848613103 24.7012923161189 39.9153977632523 52.2331247727076 59.0308805306753 65.6786561012268 82.9101949930191 102.321197589238 119.658400615056 134.429772694906 145.324389139811 148.615976174672 139.541198809942 122.687041759491 111.461689074834 120.877703030904 144.100079933802 151.46083633105 152.787446975708 159.058272838593 160.775393247604 166.483938694 167.557299137115 170.972545941671 184.397021929423 179.675499598185 168.816526730855 159.359852472941 149.598866701126 143.14192533493 140.45728246371 137.42733001709 137.011786301931 136.884113152822 140.080183744431 143.167992432912 145.190219084422 146.30330602328 150.368561347326 163.045227527618 178.61666282018 189.375877380371
35.1179366310438 42.6378548145294 41.1120727658272 10.2381873875856 7.05829324821631 22.5702871878942 35.4057823618253 49.9450067679087 64.8283412059148 77.723354101181 85.1261417071025 88.8932744661967 98.3358422915141 103.591581185659 122.739930947622 139.526863892873 146.55327796936 152.238289515177 147.81928062439 134.146432081858 116.181492805481 128.986209630966 138.077437877655 145.69420615832 159.646858771642 163.609405358632 161.07784708341 165.292948484421 160.249044497808 165.90279340744 163.626591364543 156.789938608805 162.71761059761 153.006076812744 147.682636976242 142.289876937866 140.92363913854 137.037535508474 136.151413122813 139.793207248052 143.648972113927 145.129948854446 145.596553881963 147.588938474655 149.918377399445 166.574796040853 174.785673618317
40.5054340759913 37.6983284950256 51.3231505950292 38.2846469680468 26.3503392537435 38.2196505864461 40.6226466099421 51.0217845439911 63.2492204507192 78.6925951639811 88.9564553896586 85.185428460439 85.5697989463806 91.486394405365 105.239629745483 124.508480230967 133.797834316889 140.96866051356 146.418790022532 148.981620868047 142.760038375854 129.901687304179 129.521330197652 137.584606806437 150.73095758756 155.722459157308 156.886239846547 158.898651599884 149.083038171132 149.532824754715 138.943453629812 141.044477621714 142.880499362946 134.867370128632 150.371015071869 145.052462816238 140.989283720652 131.884634494781 128.817975521088 137.769967317581 144.626557826996 146.552195151647 149.600634972254 148.092726866404 143.670290708542 154.974967241287 155.495931704839
