input/barkrak2/radiation/dir22024.grid
NCOLS 85 
NROWS 70 
XLLCORNER 665100 
YLLCORNER 4664600 
CELLSIZE 20 
NODATA_value -9999 
[rows 40 to 59 of 70, columns 0 to 45 of 85]
295.016388098399 295.759399731954 295.680582523346 297.736644744873 303.480525811513 307.7485760053 310.177206993103 314.031561215719 313.814540704091 302.697598934174 290.795584519704 287.757992744446 285.888353983561 282.383541266123 281.365076700846 280.679066975911 279.30223941803 278.857707977295 275.58845281601 274.299184481303 277.587294578552 281.634867191315 281.961560249329 277.257859706879 272.114952405294 269.763628641764 277.031679948171 278.358658154805 279.014428456624 278.275390466054 277.128318945567 275.321702162425 257.434030373891 257.323066393534 282.505293687185 282.253543535868 271.476050217946 267.813146114349 269.620676835378 265.187164147695 276.476124922435 307.625353336334 306.555370489756 248.905797799428 187.30491399765 150.96707145373
300.517360369364 298.502067724864 298.700908819834 298.476497332255 295.935193697612 293.692966302236 292.283117771149 293.606400489807 297.680795192719 290.702342987061 283.675452073415 285.214781761169 288.250287373861 287.572165330251 285.456756750743 284.137765566508 279.114762941996 285.542547702789 285.572111606598 280.531148115794 281.832973162333 280.319094657898 279.885172843933 280.868629614512 279.593427975972 274.565656979879 276.533186435699 278.140485286713 278.360108534495 278.588493665059 278.94115447998 276.218215624491 262.872755527496 269.023835659027 281.246761480967 271.507461865743 255.466183026632 252.017935117086 256.897330284119 264.841953913371 287.300944328308 300.807217756907 302.442451318105 281.402329603831 229.785104592641 185.034612814585
303.100109100342 301.080028216044 302.874306837718 301.432033379873 296.228031317393 294.058163960775 293.01639397939 290.510495503743 290.908912817637 288.405040899913 286.2948179245 285.235504309336 288.722097873688 290.868858496348 290.953993797302 287.627120812734 284.244000911713 289.357701937358 289.011438687642 284.25524632136 281.498392422994 277.734061082204 272.271911303202 273.081620534261 276.139537493388 274.285753568013 268.930693467458 272.651791572571 275.31627813975 276.995281378428 276.741127173106 271.954754988352 267.884929974874 277.173936367035 278.687159220378 258.523901303609 242.163121700287 245.904485384623 257.925013701121 271.37819925944 281.031290690104 280.592858791351 272.127727667491 263.57764005661 235.71374018987 183.980882167816
291.251718997955 293.500006198883 299.986640612284 297.953565915426 298.974931240082 300.96165339152 300.939718882243 297.472318013509 289.813240369161 288.900156815847 290.821651617686 288.212180137634 287.891546885173 290.239771207174 291.122694810232 288.14564148585 288.344264030457 287.771701812744 288.817922274272 282.043019930522 276.674211025238 273.749470710754 270.780305067698 269.527693589528 271.202305952708 273.55420589447 268.301427364349 267.883102099101 271.129190921783 271.797597408295 270.539184411367 264.869729677836 268.930792808533 274.903515974681 265.937685966492 243.614037831624 238.418062527974 251.121640205383 268.029749393463 272.250175476074 269.76470152537 265.718936920166 257.749676704407 246.132810910543 224.608937899272 189.080039660136
291.043857733409 295.072972774506 297.261814276377 297.50782251358 298.332631587982 300.121943155924 300.553381443024 297.886252403259 294.289112091064 291.604618231456 293.167074521383 290.64804315567 287.263333797455 285.40043036143 284.264882405599 283.543845017751 279.677927494049 284.633835156759 285.139838854472 282.243152459462 276.153564453125 273.797392845154 273.931761582692 271.692474683126 266.600807507833 273.36597442627 276.932815710704 273.73727162679 272.212545077006 268.094956874847 262.116630872091 257.536848386129 261.923809846242 260.729213555654 252.231280008952 239.502549171448 242.415964603424 258.268574873606 271.655519803365 267.094234625498 267.048041025798 258.714179197947 247.363368670146 236.51134967804 222.898681958516 201.6974290212
296.013573805491 298.77907037735 296.660641829173 298.932234446208 297.862907250722 297.456423441569 298.673530419668 297.87403345108 298.4858751297 295.552849769592 294.221838315328 292.916874090831 288.484732309977 285.208106040955 282.242993513743 285.745243231456 278.264085451762 281.673312187195 283.465802669525 279.601474603017 278.165062268575 275.152206420898 273.187696933746 270.915865898132 272.781650225321 271.795372168223 274.670342604319 270.566741625468 269.640346368154 267.044583956401 262.565612792969 257.955571015676 257.611473401388 251.067737738291 238.736848036448 229.327738285065 237.050394217173 255.4851770401 261.693855126699 251.714030901591 257.049024105072 248.849670092265 238.806347052256 239.904681841532 240.728815396627 219.509760538737
295.86394627889 297.083576520284 298.332571983337 299.624403317769 299.334843953451 298.772235711416 300.206939379374 301.562905311584 298.722902933757 297.275066375732 295.739909013112 295.354962348938 291.709323724111 287.055373191833 286.944806575775 287.373165289561 285.542229811351 277.987420558929 280.761301517487 280.845701694489 275.833566983541 273.708721001943 273.647348086039 269.469360510508 272.952775160472 267.385125160217 267.84082253774 268.821279207865 269.361853599548 265.658537546794 263.457874457041 259.502073129018 255.10561466217 248.825411001841 239.537914594014 231.119195620219 237.900376319885 250.558614730835 250.027596950531 250.13788541158 254.652241865794 244.467536608378 242.987354596456 251.059333483378 254.811267058055 235.669573148092
291.348099708557 293.275237083435 296.805381774902 297.760526339213 299.527208010356 300.853252410889 299.560268719991 298.559288183848 298.002084096273 299.209237098694 297.257582346598 293.741802374522 290.3919617335 290.613611539205 285.946806271871 285.863935947418 282.24245707194 270.360310872396 278.026223182678 275.093654791514 271.40208085378 272.666970888774 273.595074812571 265.864451726278 268.397609392802 268.018821875254 263.273358345032 265.73371887207 266.860008239746 266.092439492544 264.395296573639 262.233376502991 254.208286603292 253.45653295517 253.113349278768 244.887510935465 244.897345701853 247.648994127909 250.560482343038 259.301245212555 254.73415851593 245.862503846486 250.708818435669 253.484924634298 250.938793023427 236.501653989156
285.872519016266 288.506726423899 292.115887006124 294.697066148122 298.620263735453 300.3249168396 297.338902950287 295.324901739756 298.319697380066 300.025105476379 295.556326707204 292.770425478617 290.265023708344 289.601008097331 287.795027097066 279.530008633931 275.801082452138 270.657340685527 273.269275824229 276.477595170339 274.764478206635 272.977550824483 275.301198164622 270.596941312154 268.085916837056 270.797789096832 266.877114772797 268.886665503184 270.669420560201 273.374338944753 274.933298428853 274.31853612264 263.713558514913 264.249682426453 262.625654538472 253.242492675781 252.877791722616 254.317780335744 256.234010060628 258.557359377543 247.87700176239 242.838064829508 241.074363390605 237.296243508657 235.157748063405 235.005080699921
285.02744436264 282.341539859772 285.374542077382 290.914098421733 294.275124867757 296.679457028707 298.558990160624 299.686074256897 298.486669858297 295.019527276357 296.721458435059 292.717516422272 290.022810300191 284.965097904205 283.937335014343 279.424250125885 276.539385318756 273.26222260793 272.920389970144 279.109219710032 279.381970564524 277.816414833069 276.392559210459 272.994895776113 269.156336784363 272.217273712158 272.069732348124 273.064096768697 277.307311693827 283.571461836497 286.81872288386 284.142136573792 274.74852403005 273.502508799235 266.58042271932 257.395466168721 254.193564256032 258.908232053121 258.125404516856 247.450311978658 236.5536292394 239.424685637156 238.381107648214 232.158462206523 229.986449082692 234.179397424062
284.62419907252 286.181231339773 287.51665353775 291.858156522115 292.78838634491 292.400638262431 297.236859798431 298.632343610128 298.639178276062 295.654296875 294.066488742828 294.312795003255 290.193299452464 285.487214724223 285.745203495026 286.901911099752 279.552241166433 275.123397509257 275.144676367442 280.155698458354 282.395203908284 279.621481895447 276.003360748291 274.074971675873 269.947727521261 274.632354577382 276.843667030334 276.878039042155 280.023733774821 287.145038445791 291.012485822042 288.943489392598 279.954393704732 274.054964383443 262.200156847636 252.997914950053 253.143012523651 258.248766263326 254.206339518229 237.0845079422 232.379019260406 243.296980857849 243.775248527527 236.101468404134 232.92354742686 228.289941946665
283.446411291758 290.579319000244 292.383154233297 292.487899462382 289.562920729319 287.799894809723 293.249547481537 296.250939369202 294.855336348216 296.624700228373 295.48845688502 293.7912940979 290.603597958883 286.991874376933 283.982714017232 290.158172448476 284.083088239034 276.668508847555 274.005929629008 277.280370394389 277.672012646993 277.770737806956 275.444765885671 271.688898404439 269.057949384054 270.056188106537 273.347695668538 273.550152778625 274.827539920807 279.462933540344 285.631060600281 286.789854367574 275.481601556142 259.942491849263 227.996389071147 218.636194864909 234.594841798147 248.973250389099 251.710534095764 250.569641590118 252.987027168274 251.954933007558 234.394152959188 228.208820025126 236.395239830017 225.716392199198
283.767660458883 281.649947166443 279.455343882243 281.733711560567 286.380569140116 289.778490861257 288.508792718252 292.295813560486 290.805498758952 293.951789538066 293.394188086192 294.930835564931 293.418844540914 287.99831867218 284.888684749603 284.133017063141 284.238874912262 276.58478418986 269.471049308777 271.522680918376 270.821313063304 271.062056223551 270.687143007914 265.209178129832 267.698009808858 264.832496643066 265.673696994781 266.05761051178 265.556772549947 264.215250809987 268.68196328481 272.790630658468 255.826512972514 227.732121944427 197.801252206167 183.059434096018 196.305910746257 224.268078804016 247.810482978821 250.372052192688 251.971085866292 242.627024650574 225.304226080577 225.836058457692 230.372945467631 206.946671009064
285.410563151042 274.741431077321 272.341887156169 275.660614172618 285.512725512187 290.826857089996 288.702170054118 290.52746295929 290.960828463237 289.315760135651 291.838447252909 292.416373888652 292.683601379395 291.248758633931 284.720738728841 282.45602051417 284.914970397949 275.972465674082 271.483302116394 272.587100664775 273.601690928141 270.318508148193 268.447498480479 264.402349789937 265.384634335836 263.656675815582 260.477423667908 262.747963269552 261.178533236186 255.212724208832 248.342355092367 246.593753496806 229.012449582418 205.237607161204 192.905684312185 181.892275810242 169.606844584147 180.609742800395 200.218478838603 226.05307896932 238.586326440175 228.637496630351 222.121596336365 221.830745538076 213.265419006348 194.490075111389
284.014741579692 279.013752937317 275.400956471761 277.113636334737 283.977607885997 291.092356046041 292.207916577657 288.849135239919 290.502866109212 289.308230082194 290.602087974548 292.224983374278 292.321840922038 293.464144070943 286.856492360433 285.520831743876 286.920706431071 279.548446337382 274.426658948263 275.682290395101 275.560438632965 273.664156595866 270.857453346252 269.132256507874 265.325725078583 266.624629497528 264.495333035787 259.564201037089 258.090178171794 252.83286968867 242.606361707052 236.986994743347 220.941662788391 211.224397023519 213.405072689056 211.34082476298 196.109632651011 182.808061440786 174.175262451172 185.680945714315 210.216025511424 202.36611366272 194.7314341863 188.89311949412 183.991352717082 184.442261854808
286.805987358093 284.937918186188 279.618362585704 274.707098801931 278.900822003682 287.831087907155 289.428492387136 288.797696431478 288.167417049408 291.334629058838 294.042865435282 293.600877126058 293.460647265116 292.424261569977 289.386113484701 287.577509880066 287.296414375305 284.143507480621 278.504431247711 276.543358961741 276.926040649414 274.816711743673 274.353702863057 274.542133013407 270.388821760813 268.10477177302 262.998123963674 257.86034266154 251.17689371109 245.360314846039 241.636057694753 240.274210770925 228.152732054392 227.737208207448 233.353316783905 238.72975508372 242.257316907247 231.449405352275 213.838915030162 181.529641151428 184.399962425232 193.871637185415 191.718856493632 185.29204527537 189.46373462677 200.962404410044
288.658420244853 287.769198417664 283.729871114095 276.033659776052 275.031884511312 284.066319465637 288.026372591654 287.218570709229 285.800238450368 290.57369629542 295.435210069021 295.155147711436 293.196678161621 293.060501416524 292.297641436259 286.860088507334 287.800431251526 282.872140407562 280.426343282064 278.909742832184 277.337749799093 277.893284956614 271.875600020091 270.176529884338 270.319263140361 266.593893369039 248.093605041504 227.747956911723 223.199844360352 229.205429553986 237.35914627711 234.773914019267 227.152029673258 226.276536782583 236.97570959727 250.23607412974 264.0088001887 269.002000490824 259.907364845276 219.270129998525 190.14710187912 199.36607281367 211.214125156403 219.609558582306 227.26317246755 235.236704349518
288.084506988525 284.626424312592 285.258293151855 281.411429246267 274.766703446706 280.044813950857 287.640670935313 287.777702013652 285.326699415843 285.831987857819 293.812076250712 294.707973798116 291.991333166758 291.447540124257 291.609505812327 285.94958782196 285.673499107361 284.437457720439 278.754929701487 281.038860479991 280.67010641098 279.283622900645 275.0536998113 269.467234611511 268.599152565002 268.065810203552 250.698844591777 229.982256889343 228.192706902822 234.034578005473 243.021686871847 239.646991093953 236.424565315247 239.809493223826 251.422206560771 257.142047087352 261.898954709371 238.331993420919 209.184388319651 208.779454231262 215.576171875 228.539685408274 225.342233975728 214.619735876719 211.042841275533 224.048276742299
279.681901137034 283.24031829834 281.409998734792 281.452218691508 276.978453000387 274.169445037842 286.766489346822 289.732873439789 286.615947882334 283.933997154236 290.904144446055 293.559491634369 292.899191379547 288.385391235352 288.374106089274 286.518673102061 282.138228416443 281.767845153809 280.425230662028 280.976136525472 283.43391418457 279.981295267741 278.167247772217 270.367304484049 269.35068766276 273.600101470947 267.382582028707 263.543744881948 262.024343013763 256.807088851929 254.948655764262 244.767387708028 247.964183489482 251.351078351339 244.526863098145 234.281818072001 211.487690607707 170.875211556753 152.347962061564 188.543299833934 228.081881999969 236.781080563863 220.170656840007 211.034456888835 215.496897697449 227.263689041138
268.104592959086 279.546936353048 279.350439707438 279.109597206116 278.414765993754 273.746907711029 280.96878528595 288.737972577413 292.033950487773 286.979297796885 288.371662298838 291.592220465342 291.301608085632 289.211531480153 287.725885709127 285.280764102936 281.722903251648 279.230972131093 276.289681593577 274.468104044596 275.757908821106 274.5467821757 273.375034332275 271.426200866699 274.217327435811 279.182155927022 283.539295196533 285.495181878408 270.055254300435 264.732440312703 256.369173526764 244.963725407918 244.509994983673 228.216429551442 198.693712552389 174.029648303986 162.280191977819 149.5041847229 138.836433490117 156.454821427663 183.848321437836 210.13738711675 220.649043718974 236.713945865631 264.581799507141 270.555853843689
