input/barkrak2/radiation/dir22424.grid
NCOLS 85 
NROWS 70 
XLLCORNER 665100 
YLLCORNER 4664600 
CELLSIZE 20 
NODATA_value -9999 
[rows 20 to 39 of 70, columns 0 to 45 of 85]
150.051146745682 139.479060967763 152.394831180573 188.749353090922 184.939245382945 151.206463575363 141.519526640574 150.21824836731 163.244386514028 177.946448326111 192.982792854309 196.310798327128 202.366093794505 205.470681190491 219.295740127563 235.17781496048 249.751051266988 261.834780375163 278.670688470205 297.14039961497 306.880672772725 297.261993090312 295.620501041412 297.904868920644 298.675338427226 300.573468208313 303.767045338949 301.662961641947 298.439701398214 297.45626449585 290.339469909668 276.991724967957 264.680107434591 257.410367329915 254.583716392517 260.076105594635 259.992281595866 262.322386105855 267.308175563812 271.11291885376 272.278507550557 272.409955660502 274.256666501363 268.790304660797 274.235347906748 277.505298455556
180.427193641663 174.646417299906 183.661103248596 215.277989705404 212.218801180522 159.938365221024 151.713977257411 157.938132683436 166.41691327095 178.477684656779 186.243454615275 193.419635295868 196.064591407776 197.080552577972 207.7756524086 223.201592763265 238.038142522176 252.830624580383 267.043391863505 283.852895100911 293.8432097435 307.661116123199 314.113835493724 312.668005625407 306.845784187317 298.994382222493 294.69366868337 286.611437797546 284.906923770905 279.022812843323 267.263948917389 233.124315738678 210.074683030446 204.864621162415 211.37801806132 231.841305891673 240.248243014018 255.947252114614 267.19081401825 268.285969893138 265.307048956553 264.302055040995 258.023877938588 241.298615932465 263.939181963603 273.220479488373
224.963366985321 228.360891342163 225.493470827738 234.180192152659 234.308461348216 188.754796981812 176.780819892883 167.783399422963 165.127118428548 171.552181243896 186.816473801931 194.434841473897 199.568172295888 205.254395802816 211.940626303355 220.197975635529 232.262233893077 245.566745599111 258.790115515391 265.329798062642 270.762244860331 282.659331957499 290.466666221619 286.404132843018 289.546608924866 277.37824122111 258.875409762065 246.003647645315 245.483299096425 228.322704633077 198.072552680969 154.710978269577 132.772703965505 142.759482065837 170.953134695689 196.550329526265 216.328660647074 238.669753074646 251.558820406596 255.337754885356 259.071270624797 259.352505207062 235.482215881348 212.061762809753 242.446144421895 271.559715270996
252.408941586812 250.847220420837 238.355576992035 239.730020364126 239.201883474986 226.173400878906 198.907613754272 172.92328675588 161.526501178741 166.231075922648 185.476005077362 195.772369702657 207.53808816274 217.446863651276 216.51424964269 223.519682884216 232.501844565074 240.705152352651 251.231491565704 238.695998986562 232.643604278564 231.440265973409 244.431952635447 254.728019237518 259.426156679789 259.503543376923 249.840299288432 237.546324729919 211.061755816142 175.560295581818 147.745877504349 122.539142767588 86.4472389221191 65.0962293148041 76.8067687749863 111.979385217031 155.103544394175 189.109206199646 210.054834683736 220.030983289083 219.54866250356 204.314748446147 192.27401415507 225.796520709991 230.972091356913 261.136094729106
246.133406956991 246.278206507365 245.341122150421 242.075125376383 231.281737486521 226.107915242513 203.61469189326 188.490271568298 172.882338364919 167.497058709462 179.408053557078 194.44332520167 205.533544222514 215.701083342234 220.701595147451 218.893647193909 222.505450248718 229.179342587789 236.790756384532 229.605833689372 227.716823418935 222.590426603953 229.711929957072 237.388511498769 239.313622315725 241.356492042542 232.871929804484 222.278912862142 190.01171986262 142.813702424367 122.56720662117 118.827511866887 95.6915318965912 50.6001015504201 43.527215719223 67.5165553887685 105.413218339284 134.961098432541 163.830568393072 183.600266774495 172.391871611277 151.369114716848 172.854522864024 248.626848061879 246.686418851217 261.40155394872
236.878295739492 241.689523061117 248.433411121368 241.495291392008 232.41666952769 226.278344790141 216.071744759878 214.692691961924 210.327982902527 196.400682131449 193.401058514913 208.557486534119 217.977662881215 229.141294956207 227.381189664205 215.595523516337 216.943105061849 228.823443253835 233.127951622009 236.52458190918 240.24224281311 234.62982972463 228.96134853363 226.496954758962 229.210337003072 228.180686632792 220.045427481333 213.348388671875 177.400966485341 152.585218350093 149.313608805339 163.701981306076 163.112938404083 115.923871596654 82.318440079689 85.877388715744 94.9982404708862 114.580412705739 142.440497875214 150.305012861888 142.821898063024 137.565741936366 181.597828865051 244.547804196676 260.926365852356 273.983379205068
237.815797328949 241.413493951162 246.947546799978 242.99293756485 246.852000554403 241.543292999268 236.282587051392 235.496421655019 238.187650839488 231.622974077861 217.076559861501 229.073981444041 234.816690286001 239.027380943298 235.69929599762 225.244522094727 223.314781983693 231.33114973704 238.209128379822 248.331546783447 251.689891020457 249.957839647929 239.123205343882 229.697306950887 228.345076243083 228.760997454325 220.648646354675 215.571582317352 187.614878018697 185.177127520243 203.726092974345 228.765110174815 235.287805398305 235.71781317393 193.98029645284 120.719095071157 113.015522559484 116.692543029785 135.819772879283 146.113653977712 158.172021309535 188.867211341858 205.693085988363 225.23840268453 252.204775810242 263.28714688619
241.609772046407 237.980405489604 240.819096565247 242.61474609375 272.408763567607 259.18976465861 249.692956606547 242.26854244868 244.448860486348 247.911810874939 234.100798765818 236.382106939952 236.763556798299 240.819374720256 241.474409898122 236.736138661702 230.720599492391 236.984113852183 247.442523638407 253.315687179565 252.707282702128 241.931656996409 240.062971909841 239.164392153422 237.742006778717 234.074989954631 230.046093463898 225.235899289449 219.406088193258 219.882090886434 240.037441253662 254.071851571401 256.522874037425 269.953509171804 273.052573204041 192.134201526642 138.405611117681 124.591737985611 128.052333990733 151.152114073435 190.499762694041 251.083751519521 219.681620597839 212.340116500854 232.125421365102 240.485588709513
240.341265996297 230.068822701772 233.532547950745 248.82698059082 289.239923159281 264.361302057902 245.907684167226 235.926588376363 237.499535083771 239.317854245504 232.801000277201 229.472120602926 235.089321931203 240.306814511617 244.880676269531 246.181686719259 240.658044815063 236.872474352519 246.537665526072 246.365666389465 246.967693169912 239.536384741465 238.959928353628 243.390182654063 244.771599769592 238.218148549398 238.966921965281 233.353515466054 227.760811646779 231.179634730021 251.777410507202 267.992695172628 269.457598527273 269.168476263682 282.530049482981 259.415507316589 162.99972931544 112.428903579712 99.2841223875682 127.407888571421 200.291713078817 236.029744148254 208.911220232646 181.57829840978 199.841717878977 211.95113658905
234.54495271047 222.066919008891 228.875199953715 259.015023708344 288.361549377441 261.333505312602 235.026001930237 216.772218545278 208.734254042308 208.162307739258 210.53687731425 211.681465307871 227.811217308044 239.130278428396 243.010918299357 249.121427536011 248.253802458445 237.14945713679 239.870528380076 241.424858570099 238.619148731232 240.610400835673 240.881542364756 246.788660685221 247.728149096171 241.701006889343 243.353088696798 238.417685031891 231.066584587097 239.190856615702 259.350816408793 276.398440202077 272.253890832265 270.302176475525 280.439058939616 288.882891337077 248.085558414459 165.58313369751 126.142392555873 133.909046649933 170.314212640127 187.264084815979 190.204660097758 158.19917122523 165.057420730591 183.192193508148
226.078947385152 234.056572119395 263.937513033549 309.840579827627 307.212928930918 267.291446526845 231.484711170197 200.677335262299 189.513544241587 200.185557206472 195.695678393046 191.85330470403 218.129773934682 239.156266053518 246.261616547902 253.782053788503 255.23833433787 242.064595222473 242.165108521779 243.995030721029 242.830117543538 245.652576287587 247.876326243083 248.430609703064 249.263564745585 251.718461513519 251.996556917826 246.337691942851 240.211645762126 250.326037406921 267.040987809499 278.961340586344 275.074005126953 277.989745140076 284.709930419922 288.45743338267 296.289086341858 285.007417201996 211.548924446106 163.770377635956 150.476197401683 147.614687681198 163.130174080531 157.320390144984 157.169053951899 183.319886525472
244.773427645365 275.599439938863 305.245816707611 317.086060841878 334.748268127441 305.124223232269 263.24067513148 224.797546863556 210.982938607534 223.211884498596 214.607814947764 196.153044700623 212.412695089976 237.10040251414 252.802530924479 257.298111915588 255.447526772817 252.934277057648 245.727399984996 245.811104774475 247.867147127787 248.588442802429 250.831663608551 249.776422977448 250.693519910177 259.583373864492 260.727763175964 262.534817059835 257.062395413717 262.692451477051 272.503634293874 278.639535109202 280.720551808675 287.227590878805 292.190651098887 280.645410219828 285.927494366964 310.139715671539 285.058240095774 213.618278503418 163.686941067378 147.504409154256 150.268683830897 162.073353926341 184.030572573344 211.628079414368
287.832140922546 306.352496147156 307.401140530904 302.061239878337 317.872206370036 327.510476112366 311.445673306783 280.414640903473 254.629572232564 252.168734868368 253.363271554311 229.451278845469 218.733906745911 236.030479272207 257.881502310435 261.240323384603 257.744967937469 261.160333951314 247.097849845886 243.868549664815 250.273148218791 250.355144341787 250.734368960063 249.932507673899 250.868916511536 260.891973972321 268.16713809967 270.044684410095 266.184508800507 267.201840877533 278.258919715881 284.869770208995 282.654285430908 282.91642665863 287.404974301656 276.032964388529 276.550988356272 287.319858868917 273.348053296407 234.728078047434 201.372385025024 171.444237232208 156.445950269699 162.666420141856 181.35670820872 217.083593209585
297.322074572245 298.687815666199 293.908913930257 284.530361493429 286.86910867691 303.915401299794 314.53533967336 301.943401495616 282.33681122462 275.488595167796 277.257164319356 260.763744513194 242.752035458883 245.754758516947 257.192969322205 257.915476957957 252.630174160004 254.321217536926 247.55068620046 249.859134356181 249.434093634288 248.017450173696 246.905485788981 246.099491914113 250.348846117655 258.68558883667 267.614583174388 268.446087837219 266.80060227712 270.637571811676 281.813462575277 281.966725985209 270.486414432526 265.21760225296 268.760045369466 251.910805702209 249.857981999715 244.441866874695 225.675125916799 216.845472653707 227.367142836253 204.765756924947 180.576801300049 168.991148471832 169.534424940745 195.677717526754
297.731935977936 292.926629384359 298.190275828044 286.758840084076 280.659317970276 290.266871452332 309.948126475016 319.915195306142 303.715447584788 285.58091322581 277.889609336853 273.663779099782 272.183318932851 262.526790301005 256.894369920095 257.619222005208 254.080732663473 252.260347207387 251.099765300751 253.003795941671 249.476830164591 246.940970420837 247.654994328817 247.277935345968 251.354356606801 255.681872367859 262.101233005524 261.282006899516 262.364466985067 272.963086764018 279.09783522288 271.345178286235 257.358034451803 258.896013100942 255.191504955292 237.380385398865 239.566703637441 238.52664232254 235.799511273702 240.492145220439 243.034164110819 240.510563055674 220.296104749044 201.467235883077 185.902674992879 180.962045987447
312.107026576996 309.573272864024 316.472053527832 312.387724717458 303.931911786397 305.717825889587 318.034132321676 331.921617190043 315.382222334544 291.545112927755 279.107054074605 278.837243715922 283.827741940816 269.673605759939 262.826939423879 264.814376831055 261.266191800435 252.840459346771 256.225804487864 257.296601931254 253.883878389994 249.30347998937 251.277089118958 254.770636558533 253.178715705872 256.587068239848 258.983691533407 255.70027033488 259.126126766205 272.518893082937 274.885535240173 267.627914746602 259.359935919444 260.471701622009 247.922917207082 242.091099421183 247.645258903503 250.64355134964 257.664263248444 266.806344191233 232.484141985575 227.269570032756 217.990199724833 208.792487780253 194.025973478953 174.203753471375
323.505838712056 322.58419195811 325.724065303802 325.95549027125 318.03423166275 312.653382619222 318.450550238291 330.955406030019 320.258677005768 290.546258290609 279.738545417786 277.745048205058 282.726128896077 270.424465338389 262.321412563324 268.102963765462 269.201318422953 260.320623715719 262.33321428299 264.122823874156 262.87696758906 258.424003918966 258.343517780304 258.606274922689 255.672434965769 257.128139336904 259.995957215627 262.647569179535 265.42458931605 272.720555464427 275.608281294505 270.588556925456 261.626124382019 258.812844753265 245.695193608602 249.629537264506 254.602611064911 257.053593794505 259.323755900065 261.593778928121 215.310355027517 181.889275709788 168.775737285614 163.610359032949 164.324382940928 159.815182288488
325.569272041321 327.252288659414 328.21915547053 327.286044756571 321.302374204 317.178289095561 318.380316098531 325.166742006938 324.775377909342 298.953155676524 287.86027431488 282.895823319753 277.623077233632 270.408272743225 261.64170106252 263.612667719523 274.734020233154 268.840948740641 265.903214613597 267.904977003733 268.029590447744 265.095353126526 261.587878068288 261.152386665344 261.287927627563 259.606063365936 260.714054107666 267.001748085022 268.555601437887 271.997491518656 274.719019730886 272.142787774404 264.933923880259 249.719262123108 238.915264606476 255.70547580719 264.60075378418 264.220754305522 255.943795045217 258.340398470561 213.493704795837 149.916778008143 124.210774898529 114.644706249237 119.694660107295 128.811776638031
315.394937992096 321.350673834483 324.391941229502 323.493758837382 322.594066460927 323.849042256673 323.84983698527 323.958039283752 324.473480383555 309.446712334951 303.274353345235 292.669932047526 279.293815294902 274.717688560486 269.1890001297 264.104922612508 273.765504360199 273.174246152242 268.426616986593 268.031557401021 267.802019913991 264.624257882436 261.152227719625 263.142347335815 264.994879563649 267.972946166992 264.341632525126 267.192800839742 270.480573177338 270.183622837067 273.590087890625 274.437268575033 260.103901227315 237.348695596059 244.606594244639 269.533097743988 273.492654164632 267.441312472026 254.392941792806 256.587664286296 251.778403917948 189.705908298492 133.440365393957 113.175968329112 112.734198570251 112.535645564397
294.47861512502 299.213687578837 298.94357919693 305.259068806966 314.167936642965 322.839220364888 328.414440155029 331.041276454926 329.416692256927 319.578230381012 305.284877618154 288.489778836568 276.485542456309 276.884913444519 273.248096307119 267.106970151265 272.226909796397 272.042055924733 265.321989854177 266.042411327362 268.243630727132 270.452121893565 268.287380536397 263.748288154602 262.455423672994 264.323731263479 268.189072608948 269.530713558197 271.554191907247 269.753257433573 270.426114400228 272.167682647705 253.791073958079 238.96590868632 264.58603143692 280.996441841125 275.611619154612 269.699354966482 260.294516881307 261.006752649943 286.321918169657 284.853080908457 218.900501728058 166.127304236094 134.46706533432 113.750338554382
