input/barkrak2/radiation/dir23924.grid
NCOLS 85 
NROWS 70 
XLLCORNER 665100 
YLLCORNER 4664600 
CELLSIZE 20 
NODATA_value -9999 
[rows 20 to 39 of 70, columns 0 to 45 of 85]
117.805649836858 108.024477958679 117.569049199422 148.329764604568 144.861648480097 122.96058734258 113.706042369207 123.066067695618 137.302587429682 152.083526055018 164.161046346029 167.138298352559 165.889183680216 169.453799724579 181.21192852656 201.683084170024 210.04045009613 223.093271255493 235.974192619324 255.04610935847 263.773997624715 257.947683334351 256.693542003632 261.882980664571 266.267677148183 268.761475880941 272.251963615417 268.853187561035 271.270910898844 269.001682599386 262.988269329071 248.151322205861 233.493010203044 223.670244216919 219.70800558726 225.970804691315 225.67876180013 227.411846319834 232.276161511739 237.415591875712 237.781405448914 238.13142379125 240.45862754186 234.130402406057 240.000148614248 243.91363064448
150.767982006073 141.77327354749 144.282658894857 175.193627675374 172.345638275146 126.651177803675 125.305046637853 133.803735176722 142.235497633616 148.384571075439 157.885213692983 162.36803929011 162.661135196686 159.997244675954 171.794394652049 187.54905462265 198.675294717153 211.445470650991 224.213480949402 238.464554150899 248.217225074768 256.094495455424 260.002036889394 256.545861562093 253.071188926697 241.339365641276 230.479935805003 229.832172393799 229.309360186259 217.387119928996 210.175057252248 191.56414270401 174.866398175557 168.018003304799 172.877291838328 194.126685460409 203.034738699595 219.761470953623 231.929500897725 233.156502246857 230.105519294739 229.06506061554 222.447196642558 203.990856806437 228.383104006449 239.007075627645
196.900467077891 197.585066159566 188.168982664744 194.938063621521 194.840590159098 153.551310300827 148.780236641566 143.139918645223 139.548361301422 145.255823930105 156.224618355433 164.009759823481 169.006288051605 168.319225311279 170.327703158061 173.997322718302 185.944477717082 196.595033009847 207.600990931193 211.95121606191 215.544720490774 227.905730406443 239.363928635915 241.923451423645 239.850322405497 233.668108781179 219.544529914856 213.32856019338 212.656875451406 197.628855705261 171.709676583608 125.939865907033 97.586452960968 103.134443362554 129.991193612417 154.387046893438 176.954030990601 200.437188148499 214.555223782857 218.821108341217 222.216069698334 223.947783311208 199.025750160217 172.670582930247 205.416639645894 235.414465268453
228.639185428619 224.300404389699 204.033096631368 200.988094011943 200.03346602122 190.336763858795 171.936313311259 149.416446685791 136.053820451101 139.660219351451 154.116292794546 165.395259857178 170.694311459859 179.658691088359 173.621733983358 175.528566042582 184.44812297821 194.126069545746 201.110283533732 195.835868517558 194.937944412231 197.517136732737 211.614410082499 221.896092096965 225.532174110413 223.816931247711 213.311930497487 196.651538213094 176.478842894236 150.145689646403 122.542679309845 96.9951152801514 56.7831794420878 23.3352979024251 26.3995255033175 58.929647008578 101.230839888255 137.877096732457 165.636440118154 177.403112252553 178.196370601654 161.646068096161 155.517001946767 185.742815335592 193.53590408961 224.28168853124
223.179221153259 222.151557604472 215.019027392069 203.942179679871 192.070861657461 189.982155958811 174.522757530212 161.586622397105 150.251944859823 142.300873994827 150.369773308436 160.26309132576 165.037264426549 176.189661026001 177.971879641215 177.311579386393 183.15601348877 194.860676924388 202.099025249481 194.473405679067 193.794508775075 188.38769197464 195.704658826192 203.118999799093 206.409811973572 204.465091228485 196.647187074025 183.133979638418 160.711606343587 116.224676370621 98.3047584692637 94.1457947095235 69.7082926829656 20.9010168910027 17.2519609332085 41.07948889335 63.803106546402 83.8637948036194 108.880509932836 130.58602809906 121.814211209615 110.733191172282 131.29910826683 210.948983828227 211.4031513532 227.619230747223
212.160925070445 217.270831267039 220.72978814443 205.711245536804 192.47305393219 191.191792488098 186.046401659648 191.062172253927 186.686396598816 173.520922660828 166.631728410721 174.419263998667 179.36509847641 189.524610837301 189.815938472748 182.145218054454 185.264666875203 194.087227185567 201.724569002787 205.208082993825 207.796454429626 203.386684258779 197.567125161489 194.208681583405 195.200423399607 194.813589255015 186.323344707489 174.49414730072 146.479666233063 129.020839929581 124.916434288025 137.72980372111 134.652554988861 78.2452573378881 49.047440290451 59.1497520605723 64.1937752564748 73.1876840194066 94.3719347318013 96.6427425543467 87.1843894322713 96.156100432078 139.290273189545 208.634972572327 225.573400656382 234.165966510773
212.459524472555 216.860095659892 220.766802628835 209.851106007894 208.055516084035 207.840383052826 211.346725622813 213.700373967489 218.750754992167 211.64067586263 191.494226455688 199.138700962067 197.669386863708 207.39758014679 205.223619937897 193.780064582825 190.298497676849 200.185795625051 207.303325335185 218.215684096018 222.349603970846 219.217161337535 207.243998845418 200.117667516073 197.047968705495 196.441193421682 187.032004197439 180.811723073324 161.638309558233 162.562072277069 179.201861222585 204.736312230428 212.401946385702 206.5216700236 151.899149020513 86.7064495881398 81.2993844350179 84.0473870436351 95.5697000026703 96.1421529452006 104.729433854421 146.288692951202 172.187527020772 199.082414309184 224.455992380778 232.10597038269
215.733170509338 212.551275889079 214.850544929504 211.412469546 236.701329549154 229.697744051615 229.56508398056 224.551498889923 225.428104400635 226.256608963013 208.957970142365 201.282183329264 206.873536109924 209.335048993429 209.769944349925 205.733100573222 199.550886948903 206.807494163513 219.024181365967 225.224415461222 222.976346810659 213.332672913869 209.179480870565 208.011209964752 205.035885175069 201.73579454422 194.979170958201 193.129738171895 190.283497174581 201.171000798543 218.715409437815 232.126851876577 237.202246983846 249.961217244466 240.294396877289 151.238699754079 103.3908923467 90.1091992855072 90.3761684894562 103.989948829015 144.789298375448 212.776303291321 192.818601926168 189.732909202576 202.163418134054 206.874787807465
215.651611487071 204.440792401632 207.341174284617 217.362940311432 256.702780723572 238.614479700724 226.058999697367 217.824916044871 215.511461098989 213.40537071228 204.529960950216 197.120030721029 203.963736693064 209.185779094696 212.707618872325 215.752303600311 210.613667964935 208.124876022339 217.811306317647 217.495203018188 214.40585454305 208.14311504364 207.565486431122 212.286015351613 212.034086386363 204.315900802612 205.408294995626 199.820717175802 201.989988485972 214.255730311076 233.554859956106 248.421867688497 251.841982205709 252.063095569611 260.577003161112 221.75657749176 120.7082370917 77.2696981827418 64.6141221125921 86.4761571089427 159.354796012243 202.3632923762 181.122720241547 155.704627434413 165.409823258718 171.760598818461
211.558719476064 196.529984474182 201.972544193268 227.237820625305 256.069362163544 236.087918281555 213.026662667592 192.409435908 182.249426841736 178.102612495422 178.133447964986 181.475142637889 196.758965651194 209.777136643728 212.924679120382 220.441579818726 217.812816301982 205.736974875132 208.287914594014 208.233177661896 206.949194272359 207.403461138407 209.161718686422 212.522149085999 214.421133200328 209.720969200134 213.597814242045 206.250071525574 203.296621640523 220.502416292826 242.525438467662 258.657872676849 255.956133206685 253.828525543213 264.476736386617 266.439398129781 210.050503412882 121.955504020055 90.8876558144887 99.0364551544189 132.87428021431 151.221831639608 161.460876464844 130.750437577566 130.342255036036 138.545831044515
204.310695330302 210.966547330221 240.649064381917 286.079148451487 280.520657698313 242.465297381083 206.635316212972 175.010720888774 161.110689242681 168.721755345662 164.003849029541 163.315673669179 189.911206563314 210.106074810028 216.788490613302 222.721219062805 223.200519879659 210.198700428009 208.790262540181 210.9135389328 207.813044389089 212.13710308075 214.353541533152 215.649763743083 217.808763186137 219.506939252218 218.170921007792 216.526707013448 213.083624839783 230.215907096863 251.041889190674 262.604614098867 258.10710589091 262.72718111674 270.972887674967 275.401592254639 274.657726287842 249.909957249959 171.373089154561 126.653512318929 114.617764949799 116.175939639409 138.302693764369 128.060748179754 124.667048454285 144.678692022959
222.820162773132 256.371359030406 292.270183563232 308.095335960388 319.235901037852 283.219655354818 237.486322720846 196.709096431732 181.573629379272 194.689810276031 185.152471065521 171.120425065358 184.736510117849 205.233136812846 221.62655989329 228.026827176412 225.106378396352 221.082429091136 213.68145942688 213.964442412059 214.265823364258 216.680864493052 217.95521179835 218.464036782583 220.643480618795 229.774296283722 229.573090871175 233.156561851501 231.03145758311 241.004824638367 255.334973335266 263.349453608195 265.702764193217 273.276547590892 279.254635175069 269.822220007579 271.729509035746 287.984410921733 249.648173650106 173.19667339325 125.799725453059 118.573774894079 122.487634420395 134.540716807048 150.441626707713 181.176523367564
272.372504075368 296.933213869731 304.423491160075 300.67241191864 315.036833286285 317.416449387868 293.372472127279 257.593254248301 230.477849642436 227.592786153158 225.03133614858 204.490860303243 188.777267932892 202.694674332937 224.479158719381 230.084180831909 225.159962972005 226.929724216461 216.321428616842 211.632867654165 216.408431529999 218.246082464854 218.767861525218 219.483574231466 221.612751483917 233.515858650208 238.871236642202 243.66569519043 241.881370544434 243.945340315501 257.920861244202 268.39542388916 266.647299130758 265.975813070933 268.75909169515 258.289456367493 259.987513224284 265.515069166819 241.327246030172 195.233960946401 160.237610340118 141.173700491587 132.22070535024 135.703305403392 153.225551048915 187.120894591014
292.75772968928 300.206184387207 296.276032924652 287.860512733459 292.36622651418 307.002345720927 309.167345364888 288.527290026347 262.638052304586 252.860029538473 253.278811772664 236.640731493632 210.996985435486 211.609085400899 223.224898179372 224.024216334025 220.664978027344 224.881966908773 216.442942619324 218.392431735992 217.394471168518 218.12641620636 216.04855855306 215.36515156428 221.959153811137 231.239755948385 242.017368475596 243.736227353414 243.369201819102 248.403668403625 260.852654774984 262.327392896016 250.551919142405 243.846535682678 247.384349505107 228.732923666636 227.339148521423 218.32674741745 193.235278129578 176.896770795186 189.146558443705 174.189567565918 155.796309312185 141.657888889313 143.945078055064 162.687589724859
297.878583272298 297.351737817128 301.485121250153 291.560232639313 287.508547306061 295.818487803141 310.723940531413 311.111549536387 284.827391306559 264.574706554413 256.58651192983 251.172363758087 243.279318014781 226.829687754313 223.668396472931 224.756260712941 222.742199897766 220.075686772664 219.119668006897 221.398631731669 217.108647028605 216.221829255422 218.725343545278 219.556331634521 223.211924235026 229.121883710225 236.49138212204 234.829127788544 236.819247404734 249.972144762675 257.791717847188 250.299672285716 237.577795982361 236.962735652924 230.89732726415 213.456789652507 216.345767180125 214.718381563822 206.668516000112 201.772550741831 208.182772000631 214.126507441203 193.464080492655 176.438391208649 158.871014912923 148.183643817902
309.009114901225 308.133125305176 313.10494740804 309.543550014496 302.172621091207 302.628934383392 312.321186065674 319.814244906108 296.93736632665 270.458221435547 256.469468275706 252.59796778361 257.063448429108 240.722715854645 232.200423876444 233.309070269267 227.534472942352 220.777789751689 224.534034729004 226.473013559977 224.502523740133 219.820996125539 222.323715686798 226.19883219401 224.424163500468 229.316115379333 231.712301572164 229.130784670512 233.788013458252 248.223642508189 253.580232461294 245.854616165161 239.896059036255 240.963419278463 225.499292214712 219.069321950277 224.780440330505 229.159832000732 233.40904712677 231.181681156158 200.733423233032 200.091203053792 190.768758455912 177.715341250102 160.991668701172 139.555881420771
311.870137850444 312.117417653402 315.107405185699 313.694675763448 307.141979535421 302.508950233459 309.18824672699 319.867710272471 302.538196245829 271.134277184804 253.480752309163 254.056513309479 255.058864752452 240.518967310588 229.846715927124 233.948111534119 238.551576932271 228.198270003001 230.443894863129 234.801332155863 233.785649140676 228.871663411458 228.755553563436 231.303493181864 228.4121910731 227.541248003642 232.025325298309 236.617763837179 239.263653755188 249.62584177653 253.532727559408 248.956441879272 241.933902104696 240.816791852315 224.84149535497 228.102783362071 232.074876626333 236.551582813263 237.834175427755 229.234337806702 177.694022655487 151.723384857178 138.63018155098 130.459497372309 129.157841205597 123.11448653539
307.601869106293 311.413566271464 315.149903297424 313.168426354726 307.884434858958 306.372046470642 310.33855676651 317.217508951823 310.097972551982 278.604090213776 264.312386512756 255.033373832703 246.033867200216 236.190676689148 230.268836021423 234.953701496124 245.585262775421 239.051858584086 235.030611356099 238.015691439311 238.239526748657 233.697295188904 230.084816614787 229.55451409022 231.974720954895 230.779707431793 232.573529084524 239.602088928223 243.524392445882 247.242112954458 251.657724380493 252.072433630625 245.389183362325 230.596443017324 218.259036540985 235.620399316152 244.103888670603 244.607071081797 237.457394599915 232.286075750987 172.522008419037 115.512480338415 94.8213040828705 83.4470291932424 85.588127374649 86.1145158608754
289.07706340154 296.591540177663 301.606118679047 302.430888017019 304.154833157857 309.536556402842 313.584486643473 316.055079301198 314.684649308523 294.581691424052 280.056754748027 262.865523497264 247.15526898702 244.64350938797 238.192220528921 231.132686138153 241.520345211029 241.56661828359 236.565311749776 234.558562437693 234.789192676544 230.775872866313 228.337089220683 227.617939313253 230.621914068858 233.661870161692 232.258200645447 237.804412841797 241.340796152751 242.272575696309 248.363236586253 253.377854824066 241.073290506999 217.442293961843 223.91672929128 250.437696774801 254.667083422343 249.005277951558 237.640559673309 238.11274766922 218.003749847412 147.99494544665 96.7127482096354 80.1371186971664 80.2555580933889 74.167862534523
262.389560540517 267.586489518483 267.275770505269 275.714973608653 286.913017431895 298.902610937754 307.646532853444 313.323656717936 311.812818050385 299.372394879659 278.021554152171 258.704384167989 245.666066805522 242.87203947703 240.09370803833 232.633113861084 236.945609251658 238.19903532664 229.047159353892 229.976077874502 231.063326199849 235.152542591095 233.281910419464 226.410309473673 226.520637671153 229.493697484334 234.18515920639 236.228923002879 241.201519966125 240.480860074361 241.892695426941 246.578276157379 233.614246050517 219.635625680288 246.825079123179 263.400653998057 258.386631806691 251.311123371124 244.432171185811 248.700896898905 267.663379510244 250.990847746531 177.764157454173 128.279497226079 99.0304251511892 71.3837643464406
