input/barkrak2/radiation/dir23924.grid
NCOLS 85 
NROWS 70 
XLLCORNER 665100 
YLLCORNER 4664600 
CELLSIZE 20 
NODATA_value -9999 
[rows 0 to 19 of 70, columns 0 to 45 of 85]
275.751392046610988 286.335984865824 295.91312011083 306.436578432719 309.881806373596 307.777682940165 300.051252047221 294.208327929179 297.038753827413 297.7614402771 296.266078948975 300.041635831197 301.940341790517 301.860451698303 303.974588712056 300.065835316976 292.961855729421 284.705996513367 281.05103969574 270.561257998149 255.867024262746 262.801388899485 286.088844140371 293.849190076192 293.682793776194 297.651867071788 295.543571313222 283.471524715424 266.777098178864 262.550373872121 260.067919890086 273.748834927877 303.174118200938 301.354924837748 302.788992722829 292.973478635152 296.800037225087 307.294567426046 299.698193868001 303.142289320628 291.999598344167 287.252048651377 295.828660329183 305.965582529704 304.366012414296 301.293909549713
257.584611574809 271.745999654134 283.445258935293 296.618620554606 303.365548451742 302.785456180573 297.649542490641 293.626189231873 300.113479296366 300.558467706044 295.93696196874 298.158526420593 301.881154378255 303.126176198324 302.464644114176 300.029794375102 296.68261607488 291.367252667745 287.299732367198 276.165227095286 269.97301975886 278.366347153982 293.243885040283 297.572235266368 298.468689123789 298.826634883881 295.526544253031 285.311917463938 270.341912905375 263.602952162425 264.367500940959 285.050014654795 302.314698696136 302.099744478862 303.490122159322 294.519424438477 296.268026034037 302.761137485504 298.839449882507 306.728581587474 301.382223765055 293.328642845154 296.708305676778 304.178436597188 304.797172546387 303.776681423187
224.660555521647 236.657977104187 247.896273930868 259.036560853322 269.690314928691 277.77624130249 283.789793650309 290.555675824483 296.005149682363 294.216473897298 290.550549825033 293.728888034821 302.959382534027 306.767622629801 303.561468919118 308.212916056315 311.104555924733 308.113853136698 298.58918984731 289.701819419861 291.949331760406 294.425805409749 295.870244503021 297.020435333252 299.980958302816 300.097246964773 294.168055057526 283.956090609233 272.728701432546 267.096618811289 270.582457383474 293.267468611399 296.226759751638 300.26763677597 304.526746273041 298.271278540293 293.909013271332 292.377690474192 297.925114631653 305.504898230235 301.173369089762 295.144021511078 290.429433186849 297.118465105693 306.742866834005 307.451506455739
208.418687184652 208.788414796193 216.540257136027 223.380506038666 230.368554592133 234.391331672668 240.780631701152 254.111389319102 270.601590474447 282.658139864604 289.272944132487 298.015216986338 306.082884470622 308.955291906993 308.5817694664 309.667706489563 309.837500254313 305.296738942464 298.783202966054 295.245428880056 293.8099304835 291.621585687002 297.348856925964 298.247396945953 297.977725664775 299.596786499023 295.948882897695 287.893931070964 282.180428504944 278.48090728124 274.873991807302 296.236356099447 296.563665072123 298.79484574 300.132234891256 301.636219024658 299.272060394287 297.499080499013 305.651028951009 305.979410807292 298.985699812571 286.823968092601 283.220291137695 295.890390872955 309.123416741689 307.97666311264
228.825132052104 213.621060053507 200.391670068105 192.382196585337 196.071724096934 211.553454399109 230.266451835632 240.010062853495 249.2928703626 255.865176518758 273.19590250651 290.425042311351 300.694048404694 305.38135766983 307.874302069346 308.811922868093 303.833524386088 295.63162724177 293.726563453674 294.70682144165 291.309575239817 289.895097414653 298.086583614349 298.669119675954 298.18586508433 301.802694797516 297.638893127441 291.665454705556 286.013980706533 281.90008799235 286.188701788584 302.800297737122 301.206111907959 301.694174607595 298.248648643494 299.412409464518 304.977218310038 306.357324123383 306.16029103597 303.917825222015 300.281524658203 294.914027055105 293.708900610606 297.470053037008 302.386224269867 302.385846773783
267.863790194194 243.65113178889 218.255499998728 195.110499858856 186.818500359853 197.844247023265 222.061038017273 237.045466899872 240.781486034393 240.747094154358 250.305891036987 262.576460838318 271.097401777903 276.791989803314 282.854775587718 288.320978482564 287.002245585124 286.126931508382 289.974729220072 294.903596242269 294.946094353994 298.100888729095 302.133659521739 300.987521807353 300.913433233897 303.291042645772 300.363918145498 295.736988385518 289.082090059916 285.706420739492 295.269429683685 304.638385772705 305.68516254425 308.43460559845 302.633345127106 299.788534641266 303.660035133362 305.536866188049 301.627536614736 301.563541094462 301.356693108877 297.702531019847 297.255516052246 298.557658990224 291.744450728099 280.325293540955
286.109864711761 266.068617502848 248.075048128764 228.898028532664 208.330372969309 196.200847625732 203.76592874527 231.146295865377 242.818315823873 250.261028607686 247.643291950226 242.885768413544 239.003618558248 235.491494337718 237.674097220103 251.616835594177 261.522233486176 276.391446590424 289.622028668721 297.861456871033 299.5592157046 299.203872680664 301.961302757263 301.477154095968 301.916400591532 303.968628247579 303.097208340963 300.053556760152 294.963737328847 295.226136843363 301.162501176198 307.130853335063 312.492489814758 313.005705674489 309.217393398285 302.707135677338 301.888744036357 300.481418768565 300.091862678528 301.025112469991 297.470311323802 294.282078742981 295.851389567057 296.757062276204 279.09529209137 272.89072672526
291.755716005961 284.35605764389 275.4927277565 262.333631515503 242.018818855286 213.02717924118 192.726373672485 192.99594561259 225.360651810964 248.785138130188 255.081295967102 251.425405343374 243.411223093669 234.54886674881 222.806553045909 226.134757200877 237.812558809916 252.62443224589 272.345801194509 287.853598594666 295.280416806539 297.835767269135 302.067875862122 301.565130551656 300.606568654378 301.376760005951 301.611483097076 299.928247928619 297.227442264557 301.246364911397 306.697467962901 309.871315956116 311.079780260722 309.884230295817 306.078493595123 302.354117234548 301.526188850403 296.431660652161 289.558827877045 284.744203090668 288.265228271484 295.842846234639 304.890632629395 304.097135861715 292.950352032979 286.060591538747
285.351812839508 285.87818145752 282.87398815155 276.434481143951 265.042185783386 245.726307233175 217.949410279592 189.747532208761 202.88097858429 225.001136461894 243.430435657501 251.658360163371 253.10226281484 250.436286131541 240.038534005483 233.298639456431 230.817854404449 235.108494758606 248.505175113678 263.322830200195 276.866555213928 286.896963914235 292.669971783956 290.025591850281 291.414062182109 292.882879575094 293.870349725087 293.813188870748 293.894251187642 300.403535366058 304.117580254873 303.773721059163 303.424477577209 303.738236427307 302.441855271657 302.327831586202 300.275484720866 294.947822888692 283.004482587179 282.736460367839 297.389070192973 307.496349016825 311.453064282735 308.960755666097 297.759493192037 290.995399157206
260.558287302653 269.087056318919 273.426214853923 273.482441902161 270.951906840007 267.891764640808 253.947099049886 237.277726332347 207.033654054006 198.06174437205 211.356202761332 235.054969787598 254.44636742274 263.49401473999 265.0359471639 257.223765055339 243.596871693929 238.912224769592 238.325039545695 241.51486158371 248.727440834045 255.686541398366 263.517498970032 269.588887691498 276.579260826111 279.387215773265 280.888279279073 281.065503756205 282.333970069885 287.982145945231 289.292176564534 289.489964644114 294.791221618652 298.473993937174 299.827476342519 298.421661059062 296.576182047526 295.291225115458 283.905148506165 287.995914618174 305.148243904114 310.991565386454 310.475508371989 306.88488483429 295.230011145274 288.921892642975
212.510863939921 225.749532381694 237.60449886322 247.299710909526 256.022314230601 263.13316822052 264.990448951721 260.672787825267 235.731482505798 211.58774693807 196.929891904195 204.592088858287 230.758945147196 254.048844178518 267.104824384054 258.458097775777 251.129905382792 244.910180568695 237.538953622182 232.548912366231 232.778906822205 232.194979985555 235.726078351339 247.880419095357 259.158730506897 266.205191612244 268.034358819326 268.119017283122 273.017565409342 277.577777703603 279.717187086741 282.849212487539 290.726780891418 294.012288252513 293.410340944926 292.377193768819 294.909735520681 297.600011030833 293.458938598633 297.872324784597 306.708713372548 310.007850329081 310.437639554342 308.478991190592 300.924559434255 297.833919525146
171.763837337494 177.068074544271 185.238579909007 197.571476300557 213.31528822581 229.256133238475 246.672332286835 252.52107779185 253.391067186991 240.842223167419 216.232498486837 196.070293585459 198.729534943899 221.322894096375 246.262947718302 249.158203601837 255.406320095062 252.097030480703 243.130266666412 233.289976914724 227.01758146286 224.369208017985 224.517146746318 232.624034086863 240.79833428065 246.204872926076 248.924791812897 252.961754798889 259.253144264221 263.600508371989 267.794489860535 272.385319073995 278.080900510152 280.749579270681 280.602236588796 281.769375006358 289.68870639801 297.063728173574 299.362460772196 303.626477718353 307.063857714335 309.429109096527 308.870216210683 305.605212847392 301.414171854655 299.668471018473
159.694641828537 155.341565608978 153.021544218063 153.009126583735 160.846551259359 177.00852950414 201.91220442454 223.099589347839 250.416914621989 254.905740420024 244.273662567139 221.87864780426 194.945017496745 191.760818163554 214.525500933329 240.054249763489 254.717667897542 257.192393143972 252.235094706217 243.828157583872 235.532263914744 234.751264254252 234.29411649704 235.143939654032 235.457996527354 234.73060131073 238.413512706757 246.754586696625 250.142435232798 251.459121704102 256.235261758169 261.428773403168 263.220886389414 264.177918434143 266.47690931956 271.064122517904 281.443178653717 291.057864824931 292.110602060954 297.815839449565 301.132480303446 301.757554213206 300.893108050029 300.595879554749 295.693556467692 294.919689496358
151.234517494837 121.63034081459 105.469723542531 100.320607423782 97.8139738241832 103.307495514552 123.089681069056 159.571359554927 201.071898142497 235.331594944 252.648810545603 252.451459566752 234.683394432068 210.23021141688 206.389943758647 231.193423271179 247.13921546936 259.18193658193 265.26814699173 261.72657807668 250.754475593567 247.715532779694 244.581460952759 244.2933122317 243.952373663584 241.847236951192 244.783222675323 252.283076445262 251.902461051941 245.979924996694 251.115798950195 256.165583928426 257.827778657277 258.183677991231 260.846376419067 267.421086629232 273.186206817627 278.031726678212 279.929796854655 281.513432661692 285.428961118062 289.915362993876 293.998241424561 297.354976336161 292.527357737223 293.700496355693
135.434627532959 101.406276226044 75.2303848663966 70.1173047224681 68.4763491153717 75.0511189301809 83.7862888971965 111.779193083445 141.594141721725 190.605521202087 241.859495639801 268.816272417704 272.598961989085 255.356748898824 231.352110703786 227.064629395803 231.218298276265 245.941003163656 262.060662110647 269.570549329122 267.752369244893 262.057701746623 259.273091952006 255.970120429993 252.595523993174 251.101891199748 253.205597400665 255.299190680186 250.355283419291 245.69175640742 249.169846375783 253.771464029948 253.910541534424 253.921786944071 256.841401259104 260.495603084564 262.241244316101 261.343439420064 264.198104540507 264.700849850972 269.932905832926 276.78394317627 280.987163384755 283.707737922668 282.921274503072 284.956991672516
119.973103205363 93.6515927314758 62.5698665777842 48.9728103081385 63.7093832095464 87.1601005395253 93.2446122169495 105.578054984411 125.879267851512 156.403521696726 205.546379089355 253.27479839325 282.159427801768 280.648807684581 262.472927570343 233.71289173762 222.278376420339 224.865734577179 241.474946339925 264.64718580246 274.369021256765 269.728720188141 270.182013511658 264.523029327393 258.302648862203 258.835832277934 261.335611343384 257.705489794413 252.30880578359 254.692395528158 255.061546961466 254.478315512339 251.784602801005 250.499705473582 250.50816933314 249.893367290497 248.034795125326 244.168162345886 246.150135993958 248.112420241038 252.633611361186 258.088310559591 260.042548179626 261.44415140152 270.488858222961 275.308569272359
105.346898237864 94.0224925676982 67.793662349383 41.798859834671 48.3930905659994 72.8922287623088 94.2450165748596 108.182479937871 126.736700534821 139.363904794057 162.386546532313 203.056116898855 229.428807894389 251.827259858449 271.131773789724 265.344003836314 253.706455230713 238.408307234446 229.02911901474 239.617049694061 262.10214694341 273.086547851562 275.885005791982 271.672129631042 265.000303586324 265.948017438253 269.803484280904 265.878081321716 262.930790583293 267.749150594076 266.734083493551 255.95623254776 250.35152832667 246.736506621043 242.281456788381 240.541179974874 236.289381980896 235.044121742249 235.701580842336 238.324642181396 240.8487200737 243.78244082133 246.606469154358 248.392403125763 263.512710730235 271.377623081207
97.2837905089061 98.3397662639618 86.0906342665354 53.2863587141037 45.1068182786306 74.5022694269816 97.8162487347921 120.777030785878 136.592626571655 147.742142279943 155.510008335114 179.006576538086 204.185386498769 228.078146775564 239.806791146596 256.391882896423 269.641975561778 264.662543932597 246.744652589162 231.220364570618 242.023110389709 266.071220239003 270.965139071147 271.305203437805 271.778802076976 276.01565917333 279.5756260554 278.045495351156 275.289217631022 276.875019073486 271.343509356181 260.746955871582 252.9549797376 246.025880177816 240.145325660706 237.416903177897 235.018610954285 234.432796637217 234.531958897909 236.58961057663 238.314112027486 240.021487077077 240.216036637624 243.178308010101 254.17164961497 266.130348046621
102.654198805491 111.647069454193 113.476157188416 83.4372043609619 69.7843134403229 92.3024117946625 110.247711340586 131.863097349803 149.803578853607 165.287951628367 177.971005439758 180.839359760284 194.541573524475 206.143140792847 223.378400007884 239.196181297302 250.876466433207 258.414030075073 263.803919156392 252.69224246343 235.268712043762 249.468982219696 257.634083429972 266.057689984639 275.555829207102 282.050728797913 284.895161787669 285.419742266337 279.975990454356 277.891377607981 270.86474498113 264.249841372172 255.916396776835 247.860868771871 243.524014949799 239.088654518127 238.185187180837 234.66823498408 234.029332796733 237.192392349243 241.260488828023 242.107033729553 241.653561592102 244.542082150777 245.328327020009 258.454163869222
109.252790609996 114.750881989797 126.808951298396 123.215695222219 111.293812592824 112.461149692535 113.520701726278 127.865463495255 141.049494345983 162.394066651662 176.806350549062 176.613907019297 178.715189297994 183.549066384633 198.432326316833 219.506820042928 233.302076657613 239.702582359314 249.719123045603 255.193829536438 254.140337308248 244.579255580902 247.200787067413 258.171916007996 269.107659657796 277.89560953776 284.126182397207 284.739454587301 277.445157368978 276.214083035787 270.596067110697 263.051231702169 255.398392677307 249.728322029114 246.172805627187 241.607348124186 238.259434700012 229.618748029073 227.767427762349 236.184159914652 242.569426695506 243.691762288411 246.289948622386 245.811998844147 242.189009984334 251.851677894592
