input/barkrak2/radiation/dir24324.grid
NCOLS 85 
NROWS 70 
XLLCORNER 665100 
YLLCORNER 4664600 
CELLSIZE 20 
NODATA_value -9999 
[rows 0 to 19 of 70, columns 0 to 45 of 85]
267.217735449473025 279.075046380361 289.438625176748 301.18985970815 305.397788683573 303.420543670654 295.659760634104 289.472321669261 292.322317759196 292.91307926178 291.778246561686 295.271197954814 296.802620093028 297.20938205719 299.480597178141 295.312285423279 286.612451076508 277.831077575684 274.068713188171 262.85856962204 250.800391038259 257.80047972997 281.761328379313 289.145946502686 289.75248336792 295.196731885274 292.163689931234 278.889020284017 264.184772968292 260.002096494039 257.152497768402 271.369238694509 302.944560845693 301.324049631755 301.701962947845 291.301945845286 295.666952927907 307.659248510997 299.522658189138 300.754110018412 289.725522200267 287.316898504893 297.236541906993 305.711805820465 302.969932556152 299.591819445292
249.141097068787 263.872524102529 275.030930836995 289.158562819163 297.674496968587 298.170149326324 292.296628157298 289.047757784526 296.340525150299 296.081165472666 291.667302449544 293.710966904958 297.205169995626 298.516233762105 297.944744427999 294.889986515045 291.566491127014 285.82900762558 281.455417474111 269.799749056498 264.202435811361 273.846089839935 289.853791395823 294.140219688416 295.836289723714 296.97185754776 292.479515075684 281.850298245748 268.11812321345 261.225481828054 262.026151021322 283.121466636658 302.458882331848 302.191038926442 302.454193433126 293.200373649597 295.637508233388 303.727189699809 298.812031745911 304.786205291748 300.298055013021 292.710979779561 295.592506726583 301.745216051737 302.671710650126 301.760315895081
215.454816818237 227.686504522959 237.952550252279 249.470929304759 261.679271856944 270.0381676356 276.561796665192 284.453550974528 290.866573651632 289.39151763916 286.13938887914 289.490222930908 298.752089341482 302.68261830012 299.654642740885 303.891281286875 307.024200757345 302.300194899241 291.778246561686 283.275822798411 285.884340604146 289.671162764231 292.498370011648 293.477257092794 296.931167443593 297.63799905777 290.372312068939 280.605634053548 270.881394545237 265.491227308909 268.610914548238 292.304297288259 297.034700711568 299.709538618724 303.05951833725 297.433098157247 294.200301170349 293.38276386261 298.17130168279 304.49640750885 299.706975618998 292.207916577657 287.027418613434 293.519755204519 302.906354268392 303.516228993734
197.523434956868 199.172933896383 207.052946090698 212.785979111989 219.912648200989 224.957128365835 231.523056825002 245.380918184916 262.655695279439 275.621294975281 283.093929290771 293.122828006744 301.947593688965 304.665466149648 304.70997095108 306.399126847585 306.249777475993 301.219840844472 293.3589220047 289.694567521413 288.0038022995 285.963813463847 292.795459429423 293.683648109436 293.696085611979 295.588294665019 292.201081911723 284.406185150146 279.043316841125 275.234957536062 273.014644781748 295.698801676432 296.385983626048 299.069086710612 299.318591753642 300.742506980896 299.373666445414 297.762831052144 303.837935129801 302.988747755686 296.366890271505 283.78572066625 280.241926511129 293.274780114492 306.752105553945 305.127104123433
218.360165754954 202.826976776123 190.659006436666 182.382504145304 184.924562772115 200.837830702464 220.704754193624 230.717500050863 240.301907062531 247.126201788584 265.346546967824 283.783376216888 294.478535652161 299.63751633962 302.678942680359 304.039200146993 298.91844590505 290.872474511464 288.389404614766 288.932164510091 285.298724969228 283.931136131287 292.487502098083 293.78346602122 293.664614359538 297.29441801707 294.338345527649 288.114031155904 282.207528750102 278.893212477366 283.261100451152 302.171270052592 300.091365973155 301.478008429209 297.408580780029 298.784216245015 303.844511508942 304.83998854955 303.030967712402 300.170421600342 297.530392805735 291.195511817932 290.788590908051 295.772115389506 299.851795037587 298.415283362071
259.608785311381 233.541985352834 207.51279592514 184.971213340759 176.591197649638 186.757524808248 211.480955282847 227.662165959676 231.513619422913 231.469651063283 241.344670454661 254.080096880595 262.985706329346 268.265346686045 275.495946407318 281.42919143041 280.462165673574 279.958407084147 284.496029218038 289.448857307434 289.466440677643 292.779564857483 296.605785687764 295.245865980784 296.03366057078 299.294412136078 296.317994594574 292.161424954732 285.341362158457 282.93905655543 293.406903743744 303.345263004303 304.9023548762 306.2624335289 301.377673943837 298.531333605448 302.848875522614 303.227325280507 298.099795977275 298.884431521098 298.180301984151 294.542729854584 294.316450754801 295.212944348653 288.615643978119 275.111516316732
278.682510058085 257.568339506785 238.231817881266 218.437731266022 198.388636112213 186.159610748291 193.78650188446 220.8065589269 233.605563640594 241.293648878733 238.585154215495 233.66916179657 229.665716489156 226.051012674967 228.299796581268 242.086549599965 253.100097179413 268.892765045166 283.234973748525 292.300124963125 294.337073961894 294.432004292806 296.896974245707 296.127378940582 296.809474627177 298.985600471497 298.961520195007 295.426964759827 290.890316168467 292.036116123199 299.342254797618 305.840770403544 309.221307436625 309.276739756266 306.288460890452 299.902061621348 298.764904340108 297.241429487864 296.393036842346 296.800553798676 292.502184708913 289.841115474701 291.943868001302 293.472488721212 277.825574080149 269.640247027079
285.093526045481 277.002235253652 267.485519250234 253.118634223938 231.953620910645 203.196465969086 182.719051837921 182.802279790243 215.612848599752 239.060799280802 246.287624041239 242.506941159566 234.218180179596 225.07643699646 213.05239200592 216.465810934703 227.807601292928 243.209103743235 264.416416486104 280.909498532613 289.185106754303 292.392194271088 297.275384267171 296.375075976054 295.30010620753 295.918941497803 296.258489290873 294.516623020172 292.620440324148 297.240416208903 303.3114473025 306.516230106354 307.464877764384 305.753509203593 301.595588525136 297.926068305969 297.172983487447 292.495826880137 285.002072652181 279.439449310303 282.500902811686 290.34556945165 301.014999548594 301.763335863749 289.335370063782 283.615907033284
278.292179107666 278.80601088206 275.490343570709 268.587390581767 256.568392117818 235.924343268077 207.249184449514 179.559687773387 193.0965979894 215.407729148865 233.520150184631 242.350021998088 244.004329045614 241.537630558014 230.722804864248 223.824838797251 221.274514993032 224.920113881429 238.675574461619 254.937767982483 269.116997718811 279.916246732076 286.45133972168 283.776720364888 285.253624121348 286.187529563904 287.127137184143 287.361045678457 287.793199221293 294.803023338318 299.248119195302 298.957387606303 298.32257827123 298.535545667013 297.343254089355 297.397414843241 295.509437719981 290.943344434102 278.157114982605 278.075118859609 292.649865150452 303.440153598785 308.16662311554 305.965622266134 294.627865155538 287.981192270915
252.024094263713 260.962267716726 265.531182289124 265.581866105398 262.904584407806 259.565711021423 244.434336821238 226.984163125356 197.20584154129 187.969466050466 201.35505994161 224.927047888438 245.126048723857 254.727860291799 256.155649820964 248.491744200389 234.389742215474 229.583978652954 228.15732161204 231.429278850555 239.784200986226 246.97748819987 255.222737789154 261.709789435069 269.158244132996 272.043665250142 273.137132326762 273.51967493693 275.02832810084 280.923207600911 282.247265179952 282.900869846344 288.515190283457 292.427023251851 293.48748922348 292.498489220937 291.049003601074 290.844798088074 278.775751590729 284.263491630554 301.830649375916 308.192988236745 307.920078436534 303.21063597997 292.187949021657 286.057313283284
202.370246251424 215.925991535187 228.142738342285 238.199194272359 247.27467695872 254.678825537364 256.518324216207 251.415193080902 225.472807884216 200.694958368937 186.811228593191 194.50843334198 221.13436460495 244.677225748698 258.379658063253 249.343613783518 242.178976535797 235.745251178741 228.188872337341 223.089993000031 222.504576047262 222.720662752787 226.361533006032 238.940060138702 250.717500845591 258.095363775889 259.961048762004 260.089655717214 264.969944953918 269.69575881958 272.374848524729 275.657971700033 283.988535404205 287.495175997416 286.322553952535 285.6325507164 288.531720638275 291.472693284353 288.682818412781 294.472734133403 303.459107875824 307.359755039215 307.671507199605 304.762939612071 297.90331919988 295.296728610992
160.560737053553 165.934274593989 174.597561359406 187.126835187276 203.178226947784 219.501852989197 237.434864044189 243.488053480784 244.372427463531 230.84944486618 205.517152945201 185.879766941071 188.651462395986 211.529453595479 236.596544583639 239.846666653951 246.175805727641 243.169367313385 233.902414639791 223.800758520762 217.342833677928 214.6075963974 214.272240797679 223.152716954549 231.579085191091 237.204809983571 240.036845207214 244.220097859701 250.758628050486 254.909952481588 259.273807207743 264.49728012085 270.445724328359 273.272196451823 273.184994856517 274.029771486918 282.494644323985 291.067858537038 293.844819068909 299.432754516602 303.480684757233 305.827995141347 304.136315981547 301.3569911321 296.822488307953 295.576254526774
148.668626944224 143.319259087245 139.715482791265 140.63972234726 149.476528167725 166.267683108648 191.55349334081 213.177561759949 241.280357042948 245.94392379125 234.931468963623 211.285312970479 183.766345183055 181.521077950796 204.523086547852 230.65173625946 245.330115159353 247.951149940491 243.310431639353 234.615345795949 226.071218649546 225.260535875956 224.788387616475 225.115021069845 225.592652956645 224.982023239136 229.132771492004 237.736105918884 241.248548030853 242.607792218526 247.117698192596 252.409517765045 254.121740659078 255.848368008931 258.279939492544 263.085007667542 273.206810156504 283.476154009501 285.561879475911 291.906038920085 295.098106066386 295.848886171977 294.984559218089 295.381327470144 290.068904558818 289.908309777578
135.423918565114 108.89595746994 93.7102138996124 87.7125461896261 83.5174818833669 89.772363503774 109.50102408727 147.713820139567 190.826773643494 225.720127423604 243.672053019206 243.426104386648 225.074907143911 199.282964070638 196.451246738434 221.637686093648 237.963875134786 249.967654546102 256.375153859456 252.595961093903 241.765797138214 238.62357934316 235.383212566376 235.081990559896 234.319488207499 232.260406017303 235.154191652934 243.430117766062 243.072211742401 236.927688121796 242.217659950256 246.88708782196 248.509446779887 248.852928479513 252.378861109416 259.231070677439 264.367699623108 269.510626792908 272.486329078674 274.19513463974 277.744392553965 282.561182975769 287.765562534332 291.597565015157 286.704977353414 288.091242313385
126.398801803589 89.7258818149567 65.421849489212 56.7847937345505 55.344025293986 62.4540994564692 73.090265194575 100.648462772369 128.372838099798 180.518567562103 232.487758000692 260.428388913472 264.396150906881 245.699604352315 220.858454704285 216.467758019765 221.671084562937 235.995372136434 252.881010373433 260.948797067006 258.979519208272 253.015140692393 250.609199206034 247.163593769073 243.695060412089 241.822342077891 243.754784266154 245.941003163656 241.199692090352 236.64657274882 240.184823671977 244.946817557017 244.444708029429 244.407931963603 248.2048869133 252.001861731211 252.9150446256 252.030253410339 255.94687461853 256.481925646464 261.234402656555 268.378535906474 273.686309655507 276.67909860611 275.683403015137 278.184294700623
112.719545761744 86.1023664474487 54.8608899116516 36.9258274634679 51.8407126267751 75.0095744927724 83.3695928255717 95.3025420506795 114.641050497691 143.839786450068 189.350763956706 232.72168636322 264.910817146301 272.369186083476 253.083745638529 223.33300113678 212.507367134094 215.169231096903 232.17248916626 255.489150683085 265.907605489095 261.123220125834 262.019375960032 256.082733472188 249.634404977163 250.201404094696 252.20388174057 248.509168624878 243.280867735545 245.577851931254 246.282597382863 245.675623416901 242.881377538045 240.845819314321 241.639574368795 241.000751654307 239.085872968038 234.303732713064 237.209637959798 239.236791928609 243.911961714427 248.782277107239 251.691460609436 253.174344698588 262.29202747345 267.398774623871
97.7395176887512 86.3729019959768 60.1300199826558 29.8625628153483 38.5186324516932 64.9488717317581 82.609216372172 100.665549437205 116.893430550893 129.795809586843 150.708436965942 190.19607702891 221.32420539856 233.849545319875 250.670572121938 251.440763473511 243.951578934987 229.140102863312 219.590981801351 229.390581448873 252.92032957077 264.642596244812 268.038789431254 263.619760672251 256.641785303752 257.605870564779 261.590580145518 257.068514823914 254.300812880198 259.1419617335 257.834474245707 247.221489747365 241.404434045156 237.008372942607 232.426246007284 231.341600418091 226.966559886932 224.949737389882 225.693424542745 229.134778181712 231.736103693644 233.974397182465 236.92524433136 239.600996176402 254.658003648122 262.968023618062
89.724600315094 90.6807978947957 78.441709280014 41.9492473204931 38.0146503448486 66.7675038178762 88.2679522037506 112.103988726934 128.933191299438 136.919359366099 146.447767814 166.638880968094 194.30814186732 213.640292485555 231.797893842061 242.88680156072 250.249902407328 248.331268628438 236.103117465973 220.738689104716 231.844047705332 256.918927033742 262.361685434977 263.301074504852 263.796766599019 267.655253410339 271.282414595286 269.85623439153 267.154276371002 268.703202406565 262.919942537944 251.940806706746 244.131286938985 236.384868621826 230.298240979513 227.496246496836 224.965631961823 224.319040775299 224.461515744527 226.592103640238 229.127804438273 230.073134104411 230.309983094533 234.241127967834 244.698822498322 257.237752278646
95.035711924235 103.185574213664 104.810655117035 72.6115206877391 61.5740319093068 85.9917799631755 101.668586333593 123.301049073537 137.885431448619 158.462176720301 168.703218301137 172.601103782654 186.612208684285 191.95157289505 206.289490063985 228.166818618774 240.337113539378 247.93549378713 249.595284461975 235.857466856639 221.570233503977 235.918164253235 246.367891629537 257.224977016449 267.205615838369 273.909370104472 276.845177014669 277.679165204366 272.220234076182 269.969940185547 262.660642464956 255.629777908325 247.022350629171 238.442560036977 233.86162519455 229.251841704051 228.211760520935 224.558393160502 223.943054676056 227.185348669688 231.304963429769 232.221563657125 231.765250364939 234.601040681203 235.4456782341 249.044318993886
101.81317726771 105.282763640086 118.021388848623 112.822522719701 100.457807381948 105.528652667999 107.440769672394 120.087256034215 135.511875152588 154.615004857381 168.756902217865 166.246513525645 169.149438540141 173.989733060201 189.038376013438 208.036263783773 219.456434249878 230.723818143209 239.217718442281 246.4839220047 242.311735947927 231.884121894836 231.410543123881 244.760791460673 258.38299592336 269.391655921936 275.947690010071 276.431242624919 269.674142201742 268.370529015859 262.6078526179 254.887600739797 246.796806653341 240.55540561676 236.692865689596 231.909811496735 228.354652722677 219.439546267192 217.501481374105 226.069410641988 231.687406698863 233.821113904317 236.50582631429 234.853486220042 232.170879840851 242.146591345469
