input/barkrak2/radiation/dir28124.grid
NCOLS 85 
NROWS 70 
XLLCORNER 665100 
YLLCORNER 4664600 
CELLSIZE 20 
NODATA_value -9999 
[rows 21 to 41 of 70, columns 0 to 46 of 85]
66.1064485708873 53.474947810173 43.494701385498 60.3349655866623 57.4336598316828 35.3841632604599 39.3084834019343 49.7679809729258 54.9966444571813 59.9663903315862 62.4849895636241 59.183806180954 56.8602681159973 56.6323300202688 67.0190900564194 79.4690201679866 91.5087262789408 104.491700728734 116.683264573415 132.161527872086 143.179525931676 156.943698724111 161.600172519684 157.45144089063 145.585596561432 134.880522886912 125.072598457336 122.862945000331 129.91518775622 113.316943248113 91.9228990872701 76.8416474262873 54.7974407672882 40.5918881297112 26.7449468374252 25.6765012939771 43.8665449619293 59.6891840298971 76.465701063474 81.3190241654714 84.5392048358917 91.4928019046783 91.5999710559845 81.2361637751261 104.670027891795 115.13211329778 123.306532700857
108.23130607605 103.240340948105 81.4430415630341 78.9566934108734 76.4382680257161 49.49089884758 58.8055203358332 57.1374595165253 55.1472157239914 57.0224424203237 58.2103182872136 58.654656012853 60.6983999411265 64.050018787384 67.3203567663829 74.5461136102676 86.7661436398824 97.9777574539185 106.7775785923 110.444565614065 116.083055734634 133.053888877233 145.90460062027 151.222089926402 151.085009177526 138.70973388354 121.738344430923 115.39751291275 105.751017729441 105.372409025828 67.704384525617 38.9414553840955 22.6727947592735 4.73037424186866 2.05863205095132 6.02307853599389 18.9087986946106 28.2446493705114 42.3348844051361 61.9837691386541 66.8571492036184 77.3189216852188 57.8075349330902 51.3176967700322 79.3928305308024 105.597048997879 115.48779408137
142.534633477529 132.106492916743 101.284166177114 85.5236351490021 81.8857749303182 80.6820144255956 73.0599015951157 60.8956515789032 50.3491808970769 52.758514881134 59.4112624724706 61.6029302279154 65.5387739340464 77.9995620250702 74.4324227174123 75.5709409713745 84.0237339337667 96.3712930679321 102.526624997457 94.8466658592224 96.1463252703349 100.766311089198 115.74125289917 127.695331970851 135.593891143799 130.255947510401 122.503926356633 112.682829300563 89.9441440900167 46.9919790824254 40.3789927562078 28.828501701355 5.04691091676553 0 0 0 2.14942327390114 11.3825288911661 10.248942921559 17.3079011340936 18.6563531557719 17.3741119603316 27.1199295918147 61.8034452199936 76.8599410851796 96.0667729377747 105.574349562327
141.669988632202 137.900938590368 119.486411412557 90.1718338330587 72.9391078154246 78.7912458181381 75.6133496761322 68.6755428711573 60.8029365539551 55.8025936285655 53.5044769446055 58.4585765997569 62.1401071548462 73.5190063714981 74.9819427728653 74.0549564361572 81.6526412963867 94.2782958348592 101.63093606631 93.4963822364807 92.7127997080485 91.2430286407471 100.667337576548 110.432197650274 114.425261815389 113.502711057663 108.231594165166 100.796590248744 79.3167849381765 38.6566370725632 31.6337496042252 30.1962941884995 12.8603056073189 0 0 0 1.00104239148398 3.20961760977904 5.16459904611111 5.36444162329038 0.511495357689758 2.04877244929473 14.4484614332517 87.9851480325063 91.0701553026835 99.5655655860901 104.775289694468
128.267566363017 133.148749669393 130.271861950556 99.3973116079966 73.6756225426992 79.8680682977041 84.8025381565094 95.4624215761821 92.3307140668233 74.4619617859523 63.5745326677958 69.7847902774811 70.3153361876806 80.853929122289 83.324670791626 78.5459379355113 80.9473345677058 93.9364234606425 101.397613684336 105.492224295934 106.017937262853 102.875073750814 99.1456309954325 99.2452402909597 102.076252301534 104.617337385813 99.5287001132965 93.8564538955688 72.1450249354045 52.1901150544484 54.4247428576152 62.7641181151072 55.8711638053258 7.70046437780062 0.0843416006925205 2.6653166860342 3.2130004838109 3.88898296902577 4.72040909032027 3.55147166798512 0 1.61405125012 29.2773867646853 89.6876355012258 108.506987492243 107.477724552155 106.696496407191
127.130260070165 132.520288228989 130.829672018687 108.834713697433 90.2347465356191 98.1770356496175 110.502620538076 118.083010117213 119.669894377391 106.276591618856 84.3680699666341 88.2764061292012 89.3196562925975 96.3583687941233 96.4577297369639 87.4716341495514 84.9666794141134 96.9442625840505 105.09862502416 117.137273152669 119.684755802155 118.761400381724 108.883867661158 101.314812898636 101.988891760508 105.414638916651 98.3108381430308 99.4397898515065 88.4027282396952 89.0052020549774 100.708524386088 123.992095390956 133.01349679629 114.605565865835 34.1972187161446 10.8252118031184 8.7561688075463 8.28101982673009 6.82991556823254 2.57053148622314 5.10596173504988 27.0979553461075 66.0937478144964 89.8943543434143 97.0712900161743 97.5365042686462 96.0496266682943
128.991574048996 127.605219682058 128.033349911372 114.432126283646 121.725251277288 124.369810024897 135.047117869059 131.382564703623 124.743610620499 121.026535828908 99.1339882214864 92.01913078626 96.086174249649 99.3168254693349 104.577044645945 100.018004576365 92.8815801938375 101.762423912684 115.231732527415 121.210118134816 120.459109544754 110.496242841085 108.949452638626 109.108199675878 110.901286204656 110.905865828196 107.21230506897 112.484008073807 125.66747268041 132.526397705078 142.909953991572 153.567761182785 163.73203198115 174.336353937785 135.772734880447 39.5543922980626 17.8829928239187 10.9905029336611 6.6307137409846 0.870336079970002 20.6498540937901 84.3217472235362 87.5343481699626 81.0110171635946 76.9369602203369 72.5310146808624 74.248194694519
131.765206654867 119.986842075984 121.110707521439 119.00731921196 144.846439361572 138.934512933095 134.940048058828 116.921464602153 109.971741835276 102.185199658076 91.473509867986 85.7044259707133 88.4758631388346 98.7822711467743 102.81303524971 108.938157558441 102.498183647792 100.419461727142 112.285484870275 114.709446827571 112.886647383372 105.577329794566 106.459389130274 112.793813149134 116.893172264099 112.610518932343 114.206413427989 114.656349023183 135.87615887324 148.764163255692 163.610478242238 173.924525578817 181.512316068014 183.509210745494 179.305911064148 105.884502331416 17.6962936917941 5.03209419548512 1.61713315173984 0.962970545515418 36.7431044578552 76.8373409907023 75.0178347031275 51.0776291290919 48.9712059497833 46.8404591083527 54.1025549173355
132.00181722641 113.406280676524 115.01556634903 126.881460348765 145.282447338104 135.195602973302 112.70006497701 88.9390806357066 77.04825202624 70.7662403583527 69.7931945323944 74.4375089804332 83.2614600658417 96.8039035797119 105.65643509229 113.590697447459 109.882732232412 97.71595398585 102.591077486674 104.823013146718 105.643848578135 106.42280181249 107.646763324738 114.074925581614 120.618879795074 117.646594842275 120.432863632838 116.178919871648 131.004710992177 153.641998767853 175.191839536031 187.453806400299 187.347769737244 187.005698680878 197.968602180481 183.480799198151 96.8075791994731 18.2827686270078 11.2026073038578 14.3959472576777 32.9891418417295 47.7473636468252 54.6845744053523 31.336968143781 26.7597511410713 30.6919291615486 51.6065855820974
128.96121541659 132.010151942571 158.126294612885 198.054313659668 173.992196718852 135.087311267853 99.8079280058543 71.3260571161906 58.0744246641795 62.9406720399857 58.8308076063792 58.5532387097677 79.9664954344432 96.9986816247304 113.06099096934 120.63130736351 117.534518241882 104.529509941737 104.634871085485 107.653478781382 105.618218580882 111.7758055528 113.719503084819 116.170366605123 123.365124066671 129.142224788666 127.237141132355 129.060248533885 136.178205410639 163.021802902222 184.588154157003 193.16162665685 188.791950543722 197.487473487854 210.629204909007 216.36692682902 192.678729693095 134.896377722422 57.5090696414312 27.0069589217504 21.476703385512 24.7049157818158 36.8830114603043 28.1226386626561 24.6311898032824 36.0973800222079 63.7073218822479
145.169874032338 182.00824658076 230.574250221252 252.664546171824 237.456202507019 180.844326814016 126.682857672373 88.5811448097229 78.0833015839259 82.3097725709279 75.7605532805125 63.9449904362361 77.8362055619558 94.6729083855947 114.915112654368 123.70299299558 119.151612122854 114.422748486201 107.778976360957 109.591354926427 110.45628786087 115.19655585289 117.918153603872 118.381679058075 124.703129132589 137.96599706014 139.049877723058 145.898441473643 153.347462415695 169.430375099182 185.752352078756 195.311307907104 198.540647824605 205.919524033864 212.601045767466 209.198673566182 208.56777826945 201.344052950541 133.178055286407 54.7129015127818 25.7462089260419 27.0128821333249 29.5189867417018 32.3317100604375 40.8039142688115 55.761327346166 68.9438978830973
207.407275835673 243.102888266246 264.495631059011 264.980713526408 266.936401526133 241.715371608734 199.644347031911 156.482011079788 128.471632798513 116.200725237528 113.658746083577 94.0103530883789 80.3922812143962 94.3274299303691 117.61595805486 124.780396620433 118.933498859406 121.040324370066 110.045741001765 107.83584912618 113.457391659419 114.692668120066 117.170502742132 117.895464102427 124.140113592148 140.411615371704 146.994560956955 156.043430169423 162.770877281825 169.622441132863 183.267931143443 196.262975533803 197.348495324453 195.495545864105 195.700168609619 179.244021574656 180.452982584635 177.253305912018 136.257350444794 78.306386868159 43.2112415631612 39.2601415514946 32.2215755780538 33.3509569366773 42.5122032562892 57.9731017351151 67.8845892349879
253.690640131632 267.448365688324 269.914150238037 266.854604085286 269.296646118164 269.075453281403 247.44979540507 203.311959902445 164.35569524765 143.74902844429 143.283794323603 129.801283280055 104.346344868342 101.822793483734 114.052106936773 120.652218659719 114.024470249812 115.148315827052 109.940022230148 110.766669114431 109.457552433014 110.875437657038 111.872653166453 112.245698769887 120.887259642283 132.621566454569 146.565655867259 151.792029539744 159.508575995763 171.166280905406 183.640042940776 186.638355255127 169.411400953929 164.090573787689 161.488264799118 145.885517199834 146.408418814341 131.880054871241 94.7557091712952 62.7752045790354 67.770391702652 61.2677087386449 47.7050840854645 37.2412006060282 36.4890495936076 44.71388955911 29.6643823385239
263.858596483866 267.929553985596 268.191814422607 267.736494541168 265.478293100993 268.490751584371 263.455470403035 236.466805140177 187.26122379303 157.096256812414 153.834482034047 150.842616955439 135.403285423915 118.421296278636 115.612357854843 119.723469018936 112.892021735509 109.873354434967 110.172132651011 113.319218158722 109.037856260935 107.704927523931 110.886851946513 112.012892961502 116.484383742015 125.917086998622 138.022025426229 138.418436050415 148.159186045329 166.789809862773 177.027662595113 172.874172528585 159.353524446487 157.514065504074 145.961632331212 131.312588850657 135.365645090739 132.633556922277 114.883830149968 85.1483444372813 85.7720772425334 93.8106973965963 76.5569508075714 57.8936835130056 41.5890018145243 14.8524170120557 5.19669366379579
260.397513707479 262.759943803151 261.177996794383 262.427449226379 260.208070278168 257.29231039683 255.399604638418 240.599850813548 198.628028233846 168.09493303299 158.29407175382 156.430453062057 151.724974314372 129.788547754288 119.661172231038 125.186651945114 117.763380209605 109.345366557439 113.847275575002 114.689230918884 113.176415363948 108.490496873856 113.755325476329 118.009318908056 115.976929664612 123.174538215001 129.554649194082 129.710326592127 137.98318306605 159.143894910812 169.136007626851 166.251609722773 161.532829205195 162.493467330933 144.4953083992 137.857437133789 142.532000939051 149.182031551997 147.151281436284 118.874728679657 81.071525812149 80.2110433578491 66.4168248573939 38.5816742976507 22.6748337348302 2.0993878133595 0
243.682185808818 245.229144891103 246.927380561829 244.85703309377 244.3727850914 242.655356725057 247.172315915426 244.539837042491 207.690040270487 171.466032663981 156.594971815745 149.219383796056 146.262963612874 129.603266716003 118.060638507207 126.828650633494 127.93364127477 115.257402261098 117.536077896754 120.550672213236 120.82173426946 115.134457747142 116.766095161438 120.470076799393 117.866853872935 119.497825702031 126.452744007111 134.407659371694 139.681071043015 153.092165788015 167.055169741313 168.387730916341 162.826329469681 165.918091932933 147.533049186071 148.230264584223 152.138888835907 156.792988379796 156.722436348597 127.320826053619 58.7195257345835 42.2005504369736 25.3313506642977 20.7626298069954 2.97025746355454 0 0
223.968327045441 231.107413768768 240.447282791138 238.320191701253 236.308038234711 241.21900399526 248.704552650452 250.503182411194 228.623310724894 186.230421066284 163.572569688161 144.657850265503 133.621642986933 124.549726645152 114.264667034149 121.316393216451 133.015890916189 124.312400817871 119.985689719518 123.037874698639 124.725908041 119.647840658824 117.842415968577 119.8457578818 120.941370725632 121.453066666921 124.87922112147 135.980317989985 139.833708604177 146.276553471883 158.881396055222 170.381108919779 165.342509746552 156.680921713511 143.007973829905 160.306662321091 165.267606576284 164.744009574254 163.028379281362 139.149804910024 50.6132940451304 13.6895440518856 7.92755496998628 4.82739011446635 0 0 0
187.756458918254 198.704818884532 207.504987716675 212.756832440694 219.505608081818 233.297069867452 244.832297166189 250.864942868551 239.741841952006 205.72825272878 175.884445508321 149.128943681717 132.474064826965 130.445251862208 120.412985483805 115.11700352033 127.474049727122 128.346671660741 120.461603005727 119.889626900355 121.94432814916 118.225266536077 114.253838857015 116.99307958285 120.402008295059 124.574174483617 125.547587871552 131.361176570257 138.050417105357 139.239658912023 150.058249632517 166.420539220174 163.011600573858 144.137988487879 148.87523651123 172.691265741984 178.053379058838 174.227476119995 166.760603586833 165.367503960927 114.429692427317 29.8388848702113 8.45928490161896 4.7761391227444 0.476386630907655 0 0
151.456375916799 158.717821041743 158.390154441198 168.20232073466 184.769928455353 202.059586842855 216.080685456594 225.264489650726 224.061330159505 198.457876841227 167.957266171773 143.211742242177 130.239109198252 127.493182818095 124.173313379288 117.11041132609 121.971239646276 123.676816622416 115.379432837168 114.911168813705 119.736532370249 122.559249401093 122.18498190244 117.079138755798 115.877270698547 119.752337535222 127.240518728892 130.558828512828 137.05383737882 136.557122071584 140.746722618739 153.582712014516 154.571036497752 147.191574176153 173.936029275258 186.777333418528 182.711680730184 175.997455914815 176.220715045929 189.53549861908 193.49197546641 138.184199730555 54.7064791123072 22.9403103391329 7.21604687472184 0 0
139.588356018066 142.242083946864 142.087837060293 143.060207366943 152.793139219284 159.48157509168 162.224352359772 168.16254456838 167.651871840159 149.642487366994 134.730339050293 129.727611939112 128.667324781418 124.492953221003 122.962971528371 122.068504492442 120.984504620234 121.75444761912 115.264902512232 113.500893115997 119.551211595535 125.169138113658 128.170768419902 123.26909104983 119.207998116811 117.121835549672 128.932118415833 132.408062616984 135.9450618426 137.672344843547 138.916363318761 145.607739686966 148.235321044922 159.645348787308 186.416506767273 186.217208703359 170.261979103088 159.958392381668 162.871976693471 177.217702070872 195.152560869853 196.594337622325 150.97043911616 68.5418347517649 21.1929455399513 2.5289001253744 0
148.06146423022 146.019379297892 146.278401215871 144.288172324499 140.942255655924 139.350791772207 136.5820368131 137.91357477506 141.603420178095 133.257428805033 125.72060028712 126.291006803513 130.227824052175 129.360566536585 127.913147211075 124.580264091492 118.972311417262 127.805103858312 127.267420291901 120.858907699585 122.792184352875 125.340024630229 123.897105455399 127.353489398956 128.084689378738 124.091843763987 129.662394523621 133.797466754913 136.032561461131 137.61979341507 140.582372744878 145.256966352463 147.1100350221 168.485204378764 180.669705073039 168.807546297709 154.281675815582 143.73787244161 141.544898351034 155.912985404332 186.16110086441 193.589329719543 169.313649336497 106.044749418894 35.7760637998581 8.8742474714915 0
