input/barkrak2/radiation/dir28824.grid
NCOLS 85 
NROWS 70 
XLLCORNER 665100 
YLLCORNER 4664600 
CELLSIZE 20 
NODATA_value -9999 
[rows 21 to 41 of 70, columns 0 to 47 of 85]
54.5116315285365 42.1575605869293 31.4821427067121 45.3034589687983 42.977566520373 25.1219570636749 28.1212826569875 32.6197718580564 38.500356177489 40.8920099337896 43.2558556397756 44.2252804835637 45.8178122838338 44.8347230752309 51.7836809158325 64.303328593572 77.4353494246801 88.1855289141337 99.96031721433 112.450232108434 123.219440380732 134.366462628047 140.472094217936 141.854226589203 133.874038855235 123.633046944936 110.547701517741 103.994816541672 119.338989257812 105.213344097137 82.58289595445 62.902902563413 42.7175064881643 31.6656132539113 13.0380851527055 12.9614646236102 18.9243319133918 26.2060339252154 42.2617395718892 59.8274916410446 60.7794324556986 69.1469113032023 68.0649677912394 59.7995718320211 81.6105455160141 90.8655126889547 99.0139941374461 104.996919631958
95.0892865657806 88.8815522193909 66.6545480489731 63.256119688352 59.9535902341207 36.9724780321121 45.4848557710648 40.5727103352547 36.9070172309875 38.4965141614278 42.7783628304799 46.977311372757 49.5116511980693 51.0004907846451 52.7540196975072 61.5356763203939 71.1642603079478 82.9783827066422 92.5777455170949 94.6188370386759 99.6105869611104 116.322298844655 130.48658768336 134.168654680252 134.174903233846 128.588378429413 112.420618534088 106.355627377828 97.7633496125539 81.6542853911718 57.9911023378372 32.0190439621607 14.429730673631 1.91324576735497 0.741206031913559 1.28206113974253 6.8658801416556 16.0959089795748 20.6838622689247 20.6121479471525 38.7265682220459 53.5029073556264 38.1862918535868 33.913180232048 64.3167495727539 85.0603977839152 91.0608371098836 95.3546365102132
129.996110995611 119.31785941124 86.2299799919128 69.7023719549179 64.6530091762543 63.5784765084585 56.5989116827647 42.194202542305 32.9016298055649 34.814993540446 45.7583616177241 49.77019627889 54.050753513972 63.0455017089844 60.5953335762024 61.632439494133 70.6460078557332 82.6104333003362 89.7151132424672 81.8963597218196 80.3901255130768 86.0778192679087 101.731956005096 112.489581108093 120.492140452067 119.807759920756 107.379486163457 103.740006685257 80.953449010849 39.9711057543755 33.5791582862536 22.3173076907794 1.92137047027548 0 0 0 0.0634752116942157 1.36384864648183 4.87899345656236 7.58202994863192 2.98120733350515 0 15.7866105437279 45.001228650411 61.9057615598043 79.7610928614934 87.3328646024068 91.0022854804993
129.176437854767 125.253776709239 104.700356721878 74.5845139026642 55.6757301092148 60.5788628260295 56.2480042378108 49.0340689818064 41.8720046679179 37.2763822476069 42.4907356500626 46.6876775026321 50.6402502457301 60.3032360474269 61.8648032347361 60.9376579523087 68.5565968354543 79.2411466439565 88.7297789255778 80.5724213520686 80.319752295812 76.5912135442098 87.1928135553996 95.4928398132324 100.875953833262 102.29030251503 93.6810572942098 89.9229447046916 68.8371161619822 31.9772139191628 25.1028885444005 23.2468098402023 7.87641666829586 0 0 0 0 0.315434551642587 0.989225304995974 1.24924047850072 0 0 5.71970082819462 69.079985221227 74.2335965236028 78.7388583024343 86.1677527427673 89.2684062321981
115.434726079305 120.397547880809 113.672246535619 83.9682618776957 56.5887987613678 60.5535010496775 65.3974711894989 71.1898952722549 69.6766674518585 59.9645574887594 51.9245068232218 57.6430459817251 58.4504008293152 70.8344926436742 70.3421135743459 64.9847934643428 68.5541381438573 79.7308037678401 88.3915026982625 91.0560190677643 92.5758282343547 88.4045759836833 86.2525105476379 85.3757262229919 89.5018378893534 92.040479183197 85.3128433227539 82.5341840585073 62.4557187159856 45.7430233558019 45.4129030307134 52.5262951850891 45.3813771406809 3.0296075468262 0 0.498244965759416 0.642676837742329 0.887436171372732 0 0 0 0 18.5638132194678 75.0790685415268 88.9210899670919 82.6274653275808 85.8776569366455 88.6086424191793
114.253461360931 119.750738143921 117.985308170319 93.7330226103465 72.5352068742116 78.5626073678335 87.7222418785095 94.1981573899587 100.771923859914 93.4387644131978 71.8740224838257 75.7059752941132 74.9751329421997 84.2038790384928 85.2362016836802 73.5413630803426 71.7046509186427 82.4155559142431 91.8364624182383 103.58339548111 106.790006160736 103.14866900444 95.0749218463898 87.7106189727783 89.240958293279 90.9477273623149 85.4599277178446 87.9850784937541 79.702099164327 79.3554087479909 88.6601905028025 111.185640096664 120.35197019577 100.386450688044 21.1045493682226 5.3541362285614 4.38123103231192 4.10250419129928 1.21600475783149 0 2.35279323533177 15.8889057735602 53.5032351811727 74.9475459257762 79.0667633215586 74.1598208745321 73.5870450735092 75.581024090449
116.133491198222 114.724536736806 115.136613448461 99.6332168579102 102.338701486588 103.024522463481 112.580607334773 109.625866015752 111.940493186315 106.602638959885 84.5516324043274 79.379399617513 81.3404321670532 83.5908055305481 90.3897484143575 84.6045613288879 79.3422559897105 86.8703623612722 101.667324701945 107.469817002614 105.698029200236 96.6507196426392 95.0581431388855 96.0725645224253 96.9349940617879 97.010592619578 93.4717456499736 100.785503784815 114.75944519043 121.089607477188 129.319349924723 137.557794650396 147.604465484619 160.595973332723 119.426389535268 27.4979223807653 8.81664330760638 5.60946141680082 2.92508117854595 0 13.5048267741998 72.3917086919149 71.1304595073064 64.0578518311183 63.7418528397878 57.6376070578893 58.8175555070241 61.5886300802231
118.986328442891 106.988360484441 108.100046714147 103.902439276377 123.478959004084 116.72431230545 108.103603124619 104.023317495982 99.9677181243896 89.22079205513 78.7354310353597 73.1798410415649 76.1504272619883 81.2269548575083 90.3631448745728 94.2898988723755 89.2381568749746 84.8658283551534 97.0235367616018 100.93758503596 99.0349253018697 91.7133291562398 93.0919845898946 99.5242595672607 102.749089399974 97.9109903176626 100.852559010188 102.7871966362 124.594728151957 138.025095065435 150.871306657791 160.296708345413 161.580244700114 170.465111732483 164.77025548617 89.886486530304 10.1372959713141 1.94998520116011 0.103981690093254 0 25.5937079588572 64.9839142958323 56.8732519944509 38.3572628100713 37.8149797519048 37.3699863751729 40.4387836654981 53.1461636225382
119.318981965383 100.347379843394 101.912955443064 111.307273308436 123.125950495402 112.986505031586 94.5996344089508 78.6790996789932 66.7018493016561 60.3820532560349 57.5260867675145 62.1671080589294 70.9953705469767 84.9389433860779 90.3181632359823 98.7291634082794 96.384863058726 82.9312105973562 87.4004562695821 91.7690992355347 90.4419819513957 92.3289656639099 92.1580195426941 99.8045206069946 105.365286270777 102.635681629181 106.791992982229 104.169259468714 119.915107885997 142.377038796743 161.967724561691 172.40297794342 174.063305060069 174.124161402384 184.932013352712 168.576498826345 80.4743468761444 9.4521859039863 5.03252012034257 6.68621311585108 22.9396522045135 34.820298353831 41.6206270456314 22.1702878673871 18.0288590490818 20.7315025230249 34.1781775156657 52.9376516739527
116.427669922511 118.826776742935 143.890758355459 181.51330947876 155.212610960007 119.416455427806 85.6054524580638 58.9226484298706 48.3697056770325 52.6946385701497 49.0234146515528 46.9025820493698 67.7027602990468 84.927221139272 97.077469031016 104.272286097209 102.906008561452 89.0834232171376 88.7262026468913 93.6423639456431 92.0700828234355 96.0871477921804 97.9239344596863 101.750552654266 107.933600743612 113.057394822439 112.648546695709 111.27632856369 123.898953199387 148.188461860021 170.95289627711 178.142547607422 174.040555953979 184.39386288325 196.768343448639 203.211824099223 177.500903606415 117.674946784973 43.0524249871572 17.6789425313473 12.3236142098904 9.68717349072297 27.1396686633428 19.2228655020396 14.9247807761033 22.2064281503359 41.2879188855489 56.3831528027852
131.830394268036 168.275872866313 217.43098894755 239.083170890808 221.317291259766 164.277315139771 111.151367425919 77.1032025416692 65.3209239244461 71.9170719385147 62.4922513961792 54.3243984381358 65.6021734078725 75.5103727181752 103.67089509964 109.122077624003 105.943103631337 99.1474787394206 92.1720067660014 95.3410665194194 96.0859358310699 99.2396473884583 101.903299490611 103.828440109889 109.532366196314 123.216917117437 123.206277688344 130.153059959412 135.861416657766 155.802537997564 172.301630179087 180.968006451925 183.239579200745 190.126538276672 199.171304702759 198.430180549622 194.951335589091 185.199558734894 114.816089471181 40.1341319084167 15.7329390446345 17.4051163097223 19.5501521229744 21.6191659371058 28.2077640295029 25.0999281803767 26.3435294230779 32.9890797535578
194.333791732788 230.132003625234 252.246022224426 253.301064173381 253.758291403453 228.926698366801 183.71327718099 143.952419360479 114.003439744314 104.376544555028 98.9233553409576 83.3161423603694 70.5611954132716 72.8971809148788 103.199670712153 109.095553557078 104.040006796519 105.021804571152 95.6722299257914 93.9231117566427 97.4571406841278 100.100537141164 100.720892349879 103.148410717646 108.091841141383 124.195595582326 130.659162998199 139.801740646362 148.370643456777 155.60374657313 170.162439346313 182.373325030009 182.533383369446 180.679420630137 182.910660902659 168.185571829478 169.475078582764 157.216727733612 120.508710543315 62.5110268592834 30.6612476706505 29.004360238711 23.3361447850863 22.7150370677312 14.0589947501818 16.6355781257153 16.422413289547 15.4452646772067
242.74092912674 257.400552431742 258.787592252096 256.632526715596 258.926471074422 257.158637046814 236.561179161072 191.912213961283 152.644296487172 131.360977888107 131.071507930756 118.371377388636 92.7735765775045 86.8064264456431 100.664814313253 105.58827718099 100.598563750585 100.727130969365 94.1266119480133 96.1004197597504 93.6196347077688 96.2535043557485 95.9765513737996 97.6736843585968 104.866951704025 116.412858168284 130.054444074631 135.350465774536 143.76837015152 156.800846258799 169.266959031423 172.428687413534 157.853345076243 146.916210651398 149.514814217885 133.418053388596 133.982717990875 119.007428487142 81.6437900066376 47.7364361286163 53.3634275197983 48.7549801667531 35.1843709746997 24.5219220717748 7.22464236120383 8.23206019898256 0 1.82966965561112
253.593246142069 258.543173472087 256.573994954427 257.116178671519 256.965756416321 257.598241170247 252.888798713684 221.822043259939 174.66805378596 144.60081855456 142.121692498525 135.94185312589 122.627079486847 102.488825718562 101.026157538096 103.785485029221 98.276952902476 93.8565929730733 95.6435600916545 98.4536310036977 92.832217613856 92.9840207099915 94.7326223055522 97.1109767754873 101.535429557165 109.420438607534 121.413966019948 122.059047222137 132.260262966156 151.059657335281 161.298384269079 154.778430859248 147.464374701182 141.249527533849 133.471459150314 118.524014949799 122.680167357127 119.851052761078 100.681235392888 69.4588174422582 72.1694082021713 79.3267786502838 62.4851534763972 23.5030526916186 10.0772045552731 0 0 0
248.746732870738 251.553237438202 249.446948369344 250.993510087331 249.172727266947 245.849271615346 242.958883444468 227.059721946716 182.431618372599 152.638961871465 143.496493498484 141.085465749105 137.894054253896 115.320781866709 105.836798747381 110.808024803797 102.810770273209 92.9561257362366 98.6724893252055 99.6710658073425 96.7667400836945 93.6542252699534 97.4051853020986 103.00342241923 101.012378931046 108.00497730573 113.117237885793 114.539474248886 121.943712234497 143.029451370239 153.355260690053 148.472209771474 149.720221757889 150.708228349686 132.044116655986 125.230232874552 129.98311718305 136.861989895503 132.265269756317 101.88748439153 64.9113158384959 67.759116490682 16.3435836633046 6.07067284484704 1.21628617246946 0 0 0
229.928910732269 233.104884624481 233.416616916656 231.142024199168 230.994999408722 229.561547438304 234.001179536184 230.886260668437 194.440344969432 159.556051095327 144.94252204895 136.284381151199 132.035464048386 112.754553556442 103.146135807037 111.686209837596 112.902780373891 98.7277428309123 102.389723062515 105.386743942897 105.6742866834 100.142657756805 100.242445866267 105.324774980545 102.832486232122 103.076328833898 111.265579859416 118.044118086497 123.308608929316 136.616915464401 149.905969699224 153.111239274343 151.032904783885 154.389599959056 135.287205378215 135.906557242076 136.429647604624 144.718507925669 144.59040760994 111.400425434113 44.0979500611623 18.5085373620192 1.52548775076866 0 0 0 0 0
207.633773485819 216.459234555562 226.381123065948 224.107722441355 222.248435020447 227.738658587138 235.7257604599 237.526535987854 215.759932994843 174.160639444987 150.956024726232 130.651841561 118.523548046748 109.527279933294 99.2189447085063 105.905443429947 117.441326379776 107.480982939402 104.752719402313 107.826481262843 109.46391026179 104.541689157486 101.287474234899 103.307704130809 105.8376232783 104.965796073278 109.718650579453 119.453072547913 124.57933028539 129.701485236486 143.814037243525 154.876202344894 153.61558397611 144.824375708898 130.73335091273 145.115027825038 151.321510473887 152.949144442876 151.332199573517 126.424739758174 34.662052989006 3.87087215979894 0 0 0 0 0 0
171.694238980611 182.855347792308 191.872835159302 196.03176911672 204.436798890432 218.94492705663 231.295784314473 235.965033372243 227.23376750946 190.231641133626 162.613391876221 134.179055690765 116.989036401113 113.421678543091 105.057756106059 98.4518130620321 111.962298552195 111.429065465927 105.212738116582 104.727735122045 106.692761182785 103.095908959707 99.2701351642609 101.911981900533 105.328937371572 109.474132458369 109.065741300583 116.176495949427 122.798442840576 124.04465675354 134.861369927724 150.461246569951 151.238342126211 132.000913222631 135.896265506744 158.774753411611 164.095302422841 157.715340455373 155.39942185084 151.35645866394 97.9972779750824 16.4451785385609 0.470597335758309 0 0 0 0 0
136.039634545644 142.411122719447 142.080167929331 151.997615893682 168.71831814448 186.343868573507 199.129164218903 210.568527380625 207.473476727804 183.825413386027 150.485197703044 125.941634178162 113.189518451691 110.521972179413 107.27067788442 100.394725799561 106.60062233607 106.866876284281 100.146551926931 99.8058517773946 104.499250650406 107.348342736562 105.513632297516 102.017631133397 100.907186667124 106.087227662404 112.048884232839 115.383307139079 120.480298995972 121.380349000295 124.220788478851 138.650715351105 142.481545607249 135.175655285517 160.45735279719 172.783235708872 168.850859006246 161.341776450475 163.179526726405 176.473577817281 173.18602403005 108.675142129262 29.5536095897357 5.95110530654589 0 0 0 0
124.141206343969 126.738458871841 125.784933567047 127.78702378273 136.557151873906 143.252770105998 146.101971467336 152.088036139806 150.139272212982 133.829275767008 117.576062679291 113.916724920273 111.661156018575 107.590804497401 106.082359949748 105.233728885651 104.222605625788 105.019350846608 98.6887812614441 98.4778602917989 102.888643741608 109.992166360219 111.358731985092 106.643656889598 104.1639149189 102.178782224655 112.269322077433 117.210735877355 120.770672957102 122.48291571935 122.385203838348 129.439721504847 135.876129070918 146.32644255956 171.2739666303 169.655919075012 158.769289652507 147.946228583654 150.967886050542 166.34143392245 180.968483289083 174.963573614756 119.630068540573 40.7575046022733 7.09647002319495 0.115134675676624 0 0
133.535166581472 130.54895401001 130.809009075165 129.08614675204 125.687797864278 123.141974210739 121.481070915858 121.838996807734 126.887490351995 117.352465788523 109.839528799057 110.51607131958 113.188167413076 113.666077454885 110.925416151683 109.124898910522 103.587259848913 110.918541749318 110.38805047671 104.161073764165 107.768247524897 108.566492795944 107.224375009537 110.613435506821 111.335208018621 107.453485329946 112.93821533521 118.585834900538 120.854675769806 122.492164373398 125.425388415654 129.001905520757 134.670048952103 153.795421123505 165.246407190959 157.218714555105 142.242689927419 131.249765555064 128.897150357564 141.195108493169 172.070384025574 179.183304309845 154.17006611824 88.7709558010101 22.8990639249484 4.65266965329647 0 0
