input/barkrak2/radiation/dir25324.grid
NCOLS 85 
NROWS 70 
XLLCORNER 665100 
YLLCORNER 4664600 
CELLSIZE 20 
NODATA_value -9999 
[rows 0 to 19 of 70, columns 0 to 45 of 85]
245.303114255269008 258.637726306915 271.701554457347 285.671393076579 291.788836320241 290.247221787771 282.546559969584 276.394168535868 278.935750325521 279.75602944692 279.095908006032 281.73706928889 282.347083091736 282.874385515849 285.176813602448 279.203732808431 270.324389139811 259.169618288676 254.017313321431 243.369976679484 234.928468863169 244.656364123027 269.681016604106 276.463945706685 278.321464856466 285.386045773824 283.94212325414 269.709845383962 254.561841487885 250.988284746806 247.58783976237 263.783435026805 300.214767456055 299.633463223775 301.131784915924 284.454921881358 291.111350059509 303.747395674388 298.992375532786 302.108287811279 283.704698085785 285.073220729828 295.674264431 300.649702548981 295.510649681091 295.639991760254
225.728948911031 241.794526576996 254.409193992615 270.666658878326 281.004965305328 282.712976137797 278.613189856211 276.437719662984 284.699817498525 283.941010634104 279.732505480448 280.788163344065 282.933115959167 284.176607926687 283.947050571442 278.760492801666 274.58788951238 267.734905083974 262.842973073324 250.486274560293 248.339056968689 261.448840300242 280.162394046783 282.820065816243 286.639372507731 289.167145888011 284.8033507665 271.600365638733 258.958439032237 252.496620019277 253.328045209249 276.719470818837 300.468444824219 300.765673319499 300.345043341319 286.131381988525 292.292058467865 301.2588818868 296.978195508321 301.92228158315 295.699020226796 288.691778977712 290.647983551025 294.561286767324 294.282495975494 295.015454292297
190.227389335632 202.994366486867 215.153117974599 226.32888952891 239.349563916524 248.638510704041 256.695667902629 267.412344614665 276.670674482981 275.740742683411 272.625068823497 277.023474375407 286.427815755208 290.043791135152 287.861943244934 292.47792561849 295.130729675293 289.208730061849 276.589612166087 266.054968039195 270.56481440862 276.782552401225 282.117148240407 283.432066440582 288.622975349426 288.13769419988 280.022899309794 270.637571811676 262.318591276805 258.176445960999 263.10791571935 288.25976451238 296.468098958333 298.968315124512 299.328525861104 292.42346684138 293.249130249023 295.180439949036 298.432469367981 301.163037618001 296.260039011637 284.206867218018 277.49639749527 282.436052958171 292.485177516937 295.426726341248
171.573281288147 173.233230908712 181.349297364553 188.439647356669 194.457868734996 199.713865915934 206.879814465841 222.10168838501 241.224507490794 256.341497103373 266.470909118652 279.241879781087 289.635499318441 293.471177419027 294.42552725474 297.825336456299 296.257972717285 289.013663927714 277.940313021342 273.07403087616 271.688560644786 270.070016384125 279.145340124766 281.288266181946 282.484889030457 284.327069918315 280.664066473643 273.400843143463 269.611994425456 268.72326930364 268.178741137187 292.313615481059 295.474410057068 297.250847021739 296.627640724182 298.104604085286 297.91525999705 296.713829040527 300.677080949148 297.01163371404 287.466208140055 274.577836195628 270.627856254578 285.191059112549 299.108763535817 294.78394985199
194.524188836416 177.021642525991 164.331803719203 155.562619368235 158.757338921229 174.368540445964 195.236961046855 205.929040908813 216.197371482849 223.652303218842 244.093855222066 265.391230583191 278.62161397934 285.114328066508 289.465208848317 291.199584801992 286.228497823079 277.070422967275 273.448745409648 272.757967313131 268.532276153564 266.911029815674 276.912172635396 278.959969679515 280.756096045176 285.778085390727 282.524387041728 277.025063832601 271.874308586121 269.785205523173 274.775286515554 298.328439394633 298.533717791239 298.324108123779 294.127245744069 295.515735944112 299.294034639994 298.459470272064 294.928987820943 289.646367232005 286.886791388194 280.99912405014 282.349010308584 289.860308170319 293.570160865784 286.036610603333
236.783723036448 209.565043449402 181.290547053019 157.956381638845 149.382799863815 160.853405793508 185.504813989004 202.634851137797 206.84015750885 206.675231456757 217.172861099243 230.998456478119 240.793744723002 247.430364290873 255.063553651174 262.246092160543 262.617230415344 263.43180735906 269.133150577545 274.606108665466 274.510065714518 277.689099311829 280.686974525452 279.910365740458 281.998515129089 286.549925804138 284.567952156067 281.056682268779 275.181174278259 273.771226406097 286.984503269196 300.334771474202 299.916783968608 301.302790641785 295.277158419291 292.763511339823 296.494960784912 295.757452646891 288.144588470459 289.790213108063 288.579265276591 284.421404202779 284.75554784139 286.020278930664 278.350472450256 260.862549146016
258.135994275411 234.520673751831 214.233179887136 192.651053269704 171.795467535655 159.290264050166 167.128165562948 195.281664530436 208.957592646281 217.167357603709 214.236835638682 209.023435910543 204.772114753723 200.870335102081 203.223089377085 218.155801296234 230.378488699595 248.527407646179 265.564183394114 276.545246442159 280.040423075358 281.104445457458 282.294710477193 280.76966603597 282.102743784587 284.494837125142 285.815040270487 284.141441186269 279.754519462585 282.750348250071 292.84397761027 300.116002559662 301.897486050924 299.459556738536 296.628097693125 290.078997612 290.515144666036 286.413192749023 285.27969121933 284.320791562398 279.553830623627 276.367882887522 280.198415120443 283.104737599691 269.899586836497 260.741154352824
266.768833001455 256.955246130625 245.753069718679 229.810436566671 206.933756669362 176.815668741862 155.898034572601 155.680735905965 189.06968832016 214.715123176575 222.603599230448 218.622108300527 209.732969601949 199.884295463562 187.099874019623 190.677344799042 202.849745750427 219.438672065735 242.790381113688 261.609276135763 272.050062815348 277.535339196523 283.393700917562 281.45158290863 280.117253462474 280.267238616943 280.893166859945 280.335644880931 278.75284353892 285.95761458079 294.110576311747 297.890384991964 295.928279558818 293.002088864644 288.232425848643 284.82049703598 286.219437917074 280.490934848785 272.699316342672 264.652848243713 266.40526453654 275.193969408671 288.236240545909 294.029037157695 279.904842376709 276.54508749644
259.109715620677 259.562373161316 255.442043145498 247.145851453145 233.596384525299 211.247404416402 180.889248847961 152.417262395223 166.679978370667 189.542770385742 208.772162596385 218.588709831238 220.592538515727 217.873851458232 205.896417299906 198.42008749644 195.724844932556 199.725608030955 214.354972044627 231.932699680328 247.724592685699 260.578533013662 269.11719640096 266.499400138855 268.16459496816 268.936574459076 269.445518652598 270.227750142415 271.360198656718 279.709279537201 284.948825836182 284.83247756958 283.438563346863 283.34500392278 282.546798388163 283.073465029399 281.983276208242 277.225971221924 267.053127288818 264.900267124176 279.112935066223 291.147291660309 297.512650489807 297.538240750631 284.277478853862 278.293073177338
229.363163312276 239.249666531881 244.351704915365 244.385679562887 241.363922754923 236.983736356099 220.397730668386 201.695601145426 170.746306578318 161.032279332479 174.745400746663 199.645439783732 221.441447734833 232.154587904612 233.469684918722 224.87199306488 209.683497746785 204.515099525452 203.147888183594 206.621746222178 215.54434299469 223.489582538605 232.903500398 240.497012933095 249.058286348979 251.743972301483 253.050764401754 253.795087337494 255.785544713338 262.363235155741 263.767679532369 264.566004276276 270.786662896474 275.107383728027 277.61834859848 276.735047499339 275.300820668538 277.029792467753 267.209907372793 273.362358411153 291.514356931051 298.730691274007 298.886676629384 296.291629473368 282.045304775238 276.688774426778
175.894618034363 190.168023109436 203.269263108571 214.213152726491 224.025766054789 232.054034868876 233.58960946401 227.960228919983 200.026373068492 174.140652020772 159.82378522555 167.669614156087 194.847067197164 220.908204714457 235.999008019765 226.072629292806 218.20080280304 211.103498935699 203.01886399587 196.860373020172 197.152336438497 197.470804055532 201.51682694753 215.143342812856 228.151381015778 236.298521359762 237.857977549235 238.193074862162 244.061668713888 249.238550662994 252.244571844737 255.82214196523 265.057563781738 269.007643063863 268.090506394704 267.955521742503 271.678725878398 275.916516780853 274.525761604309 284.348368644714 294.256647427877 298.148314158122 298.147777716319 295.51766316096 287.307143211365 286.892513434092
132.629821697871 138.130158185959 147.034853696823 159.977575143178 176.484922568003 193.606714407603 212.607781092326 219.112972418467 219.914933045705 205.779512723287 179.043312867483 158.78438949585 160.858929157257 184.635361035665 212.176740169525 215.987225373586 222.629984219869 219.192604223887 208.551208178202 197.705884774526 191.003759702047 188.426117102305 188.608586788177 197.949051856995 207.049151261648 213.290532430013 216.154853502909 220.645944277445 227.706412474314 232.61417945226 237.390955289205 242.934127648671 249.31546052297 252.525846163432 252.171754837036 254.080613454183 263.861278692881 273.898641268412 277.949015299479 286.864240964254 292.250037193298 293.49680741628 291.753570238749 288.397908210754 284.330169359843 283.391356468201
117.021501064301 112.039496501287 108.973731597265 110.487351814906 119.769175847371 138.048946857452 164.011925458908 186.543583869934 216.381410757701 221.648573875427 209.72736676534 185.06517012914 155.812482039134 153.505881627401 177.408119042714 205.215215682983 221.553723017375 224.452495574951 218.882143497467 209.339698155721 200.264930725098 199.6142466863 199.113766352336 199.997226397196 200.290064016978 200.181404749552 204.23678557078 213.359514872233 217.179079850515 218.617717425028 223.927239576975 229.547540346781 231.237312157949 233.120580514272 235.44849952062 240.731080373128 252.496242523193 264.30356502533 267.004648844401 274.24410978953 279.398818810781 280.43391307195 279.505630334218 280.144731203715 275.138795375824 275.563438733419
96.4117745558421 73.9717582861582 66.3463175296783 56.9312671820323 52.4809062480927 57.9911371072133 77.9626468817393 111.43837372462 154.801100492477 199.940780798594 219.700972239176 219.198008378347 198.863585789998 171.837747097015 168.920457363129 195.210913817088 212.754150231679 226.096113522848 233.211239178975 228.914141654968 217.080056667328 213.822921117147 210.351546605428 209.962646166484 209.526399771372 207.550446192423 210.371394952138 219.214876492818 219.141602516174 212.482333183289 217.954595883687 223.476906617483 224.477410316467 224.799553553263 228.794515132904 236.167271931966 242.480158805847 247.347752253215 251.022756099701 253.169000148773 258.173982302348 263.776898384094 269.949277242025 274.292310078939 269.804795583089 272.964159647624
103.097399075826 67.1438922484716 41.6941990454992 30.3722694516182 26.7601658900579 32.5670217474302 45.6237941980362 73.104128241539 92.461367448171 135.956545670827 182.129482428233 221.700688203176 238.791843255361 220.895568529765 194.344580173492 189.735611279806 195.227940877279 210.589329401652 229.105393091838 238.384902477264 236.083547274272 229.51344648997 226.797302563985 222.297330697378 219.119926293691 217.790345350901 219.386140505473 221.773982048035 217.4218694369 212.312658627828 215.578059355418 220.058302084605 220.085501670837 219.955046971639 224.065124988556 228.099743525187 229.895134766897 228.089690208435 232.672313849131 233.416120211283 238.637526830037 246.460159619649 252.365469932556 256.378173828125 256.867587566376 260.325153668721
93.0697321891785 66.4195418357849 33.6344639460246 14.4004076719284 23.2854460676511 47.6474662621816 56.825245420138 71.2213764588038 87.9645148913066 109.302520751953 142.22925901413 177.871823310852 203.099211057027 219.182213147481 216.925243536631 190.760095914205 184.564749399821 186.576922734578 205.564717451731 231.784820556641 243.16664536794 238.592803478241 238.884170850118 232.261379559835 225.633521874746 226.368884245555 228.544155756632 224.687774976095 219.781080881755 221.904714902242 222.038388252258 220.764378706614 217.775384585063 216.089904308319 216.96815888087 215.551793575287 213.325023651123 209.131121635437 212.426384290059 214.691897233327 218.800584475199 224.849581718445 228.061099847158 229.30512825648 240.779380003611 246.537129084269
78.7531435489655 67.730372150739 41.9891327619553 7.36088616152604 16.6057695945104 46.0797995328903 60.5731308460236 78.3281723658244 93.3285752932231 103.52282722791 122.661153475444 159.171770016352 180.849611759186 198.903739452362 205.592473347982 205.181101957957 202.471713225047 193.091809749603 185.887694358826 196.546514829 223.764538764954 241.984128952026 245.705445607503 240.950087706248 233.422160148621 234.29262638092 238.20960521698 234.10709698995 231.351216634115 236.616949240367 234.06457901001 222.682933012644 216.395417849223 212.074120839437 207.210977872213 205.442627271016 200.676997502645 199.269314606984 199.4868516922 203.87852191925 205.759545167287 208.942055702209 212.156554063161 214.2440478007 231.712301572164 241.011381149292
71.2801317373912 71.813369790713 58.9907467365265 19.7474161783854 21.5579296151797 47.9451914628347 69.2756175994873 88.0290269851685 102.16345389684 113.243341445923 120.974183082581 139.963656663895 166.539986928304 179.467439651489 195.092459519704 212.986052036285 219.978531201681 213.599960009257 197.25646575292 185.09046236674 196.469326814016 223.004261652629 232.661048571269 237.931907176971 241.573095321655 245.725274085999 249.532739321391 247.719903786977 245.235800743103 246.648053328196 240.330656369527 228.572388490041 219.694336255391 211.614350477854 204.488615194956 201.540251572927 198.684751987457 198.596477508545 198.102692763011 200.398286183675 202.917476495107 203.895131746928 204.253753026327 208.128194014231 220.444142818451 233.336905638377
75.7336467504501 83.3597779273987 83.4806760152181 48.8288501898448 40.9214620788892 66.7139689127604 82.4457158644994 99.9608933925629 113.473176956177 132.911860942841 143.088022867839 147.383352120717 159.088611602783 165.495236714681 180.343945821126 199.218471844991 210.119307041168 218.195239702861 215.980728467306 206.242263317108 190.408269564311 202.006300290426 213.110029697418 225.531280040741 239.023228486379 250.31441450119 254.406452178955 256.849904855092 251.18746360143 248.55383237203 240.666309992472 233.522971471151 223.84907801946 214.132527510325 209.031105041504 203.498025735219 202.088514963786 198.843876520793 198.26602935791 200.950026512146 205.11802037557 207.027951876322 205.724835395813 208.314696947734 210.3457848231 223.883271217346
81.9825033346812 85.0024024645488 95.5817103385925 87.5959992408752 75.1381317774455 83.539754152298 86.3739450772603 101.046194632848 114.772260189056 129.625817139943 145.201017459234 141.057282686234 136.354019244512 144.00906364123 155.552327632904 175.679922103882 185.14076868693 198.454479376475 209.870715936025 213.516851266225 208.667238553365 194.652438163757 198.73708486557 204.885721206665 216.70260032018 229.543964068095 238.744636376699 244.625965754191 245.25249004364 247.092048327128 241.464018821716 233.324646949768 224.250137805939 216.764291127523 212.246139844259 206.996738910675 202.428897221883 193.558573722839 191.446900367737 199.540019035339 206.324398517609 208.66992076238 210.648576418559 209.693928559621 206.804156303406 216.30338827769
