input/barkrak2/radiation/dir25124.grid
NCOLS 85 
NROWS 70 
XLLCORNER 665100 
YLLCORNER 4664600 
CELLSIZE 20 
NODATA_value -9999 
[rows 40 to 59 of 70, columns 0 to 45 of 85]
217.563211917877 218.876560529073 218.743165334066 220.656931400299 228.350877761841 234.348634878794 237.963040669759 241.803725560506 241.110444068909 224.575837453206 211.156090100606 206.214845180511 205.202301343282 202.449957529704 199.323832988739 197.949786980947 198.512633641561 197.694897651672 192.641854286194 188.580274581909 194.597979386648 199.843764305115 201.052129268646 197.929501533508 193.615198135376 191.246489683787 202.810327212016 205.670237541199 208.45236380895 209.905068079631 209.316273530324 213.539719581604 209.842165311178 215.067505836487 242.208401362101 243.079682191213 230.628371238708 222.623447577159 225.505391756694 232.33171304067 246.406038602193 265.788793563843 236.944715181986 156.89958135287 96.4986185232798 68.2120472192764
225.412329037984 222.368359565735 222.612996896108 220.653116703033 217.56237745285 216.055353482564 213.271419207255 214.518368244171 217.611908912659 209.818641344706 202.728470166524 202.942987283071 205.100198586782 205.530007680257 202.30108499527 200.40508111318 194.864869117737 203.523675600688 202.52251625061 195.632000764211 197.201073169708 199.994424978892 198.500672976176 200.043797492981 202.28640238444 196.490009625753 201.639076073964 207.073708375295 208.624939123789 209.786395231883 210.750778516134 213.564078013102 211.284279823303 225.50106048584 238.544603188833 228.584071000417 211.652378241221 203.784108161926 205.288688341777 216.979563236237 249.710599581401 263.875186443329 250.855366388957 203.228851159414 134.25087928772 93.6529934406281
228.792945543925 226.328611373901 227.765520413717 226.540684700012 220.49081325531 216.209769248962 213.488121827443 210.055689016978 208.770334720612 205.057958761851 203.333298365275 202.434678872426 205.149451891581 209.481636683146 207.651376724243 203.379392623901 200.85201660792 205.327808856964 208.472847938538 200.109998385111 196.795225143433 195.162614186605 193.127433458964 194.208343823751 198.247273763021 196.096579233805 192.401071389516 198.344667752584 204.652905464172 207.208156585693 207.868874073029 206.278522809347 212.40754922231 230.458517869314 236.177722613017 214.278101921082 197.152098019918 197.547594706217 205.284694830577 218.955834706624 228.936195373535 231.202443440755 217.89030234019 194.144686063131 142.612884442012 84.3069056669871
213.919858137767 215.397238731384 223.546385765076 221.439162890116 222.991784413656 225.2104083697 224.080681800842 218.210736910502 207.989156246185 206.998467445374 208.843350410461 202.99619436264 203.662812709808 206.597646077474 207.94399579366 203.957358996073 205.636103947957 206.839601198832 208.356340726217 201.748172442118 195.431729157766 192.757884661357 191.455562909444 189.820885658264 192.20898548762 197.623729705811 191.787401835124 194.081286589305 200.782795747121 202.476302782694 200.608948866526 198.11890522639 207.308113574982 220.556298891703 220.290680726369 199.592173099518 193.626264731089 203.969021638234 214.557925860087 217.853387196859 215.408643086751 210.939665635427 203.030308087667 180.084645748138 139.781186978022 87.3885154724121
211.907406648 215.907712777456 219.189723332723 220.535417397817 221.085965633392 223.653594652812 223.994314670563 219.323913256327 214.640736579895 210.075775782267 210.45728524526 206.146915753682 202.719767888387 200.471619764964 201.098004976908 199.965059757233 196.655631065369 202.820420265198 203.848381837209 202.166517575582 197.082738081614 194.92103656133 195.094068845113 194.468259811401 191.095113754272 201.710065205892 204.275210698446 201.0471423467 202.077984809875 200.245181719462 194.650530815125 192.137042681376 197.228729724884 199.463705221812 199.080129464467 192.298829555511 197.673300902049 212.047835191091 220.816890398661 212.454398473104 212.180157502492 204.368511835734 195.274074872335 177.655041217804 148.625910282135 108.120113611221
217.262128988902 220.657289028168 218.508899211884 222.204287846883 219.833612442017 219.9800213178 221.667091051737 219.136317571004 220.124840736389 214.025755723317 212.994774182638 210.571805636088 206.181267897288 200.626373291016 200.150370597839 202.702363332113 196.703354517619 198.862175146739 203.679303328196 203.163663546244 199.630200862885 198.57660929362 198.272168636322 198.293964068095 198.489507039388 199.803312619527 206.301788489024 204.275866349538 203.388551870982 201.392551263173 195.838749408722 192.585349082947 194.359759489695 189.698100090027 175.987422466278 175.391991933187 188.010513782501 205.841799577077 209.34784412384 195.55652141571 199.935853481293 191.91308816274 186.889946460724 185.784657796224 175.488750139872 139.42214846611
216.579079627991 217.323025067647 220.474342505137 222.927530606588 221.813797950745 221.488833427429 223.415076732635 224.005917708079 220.702211062113 217.527767022451 216.221213340759 215.508262316386 210.534791151683 207.844992478689 205.677032470703 208.165287971497 205.677231152852 198.612868785858 204.555332660675 204.734305540721 201.113939285278 201.217571894328 201.1479139328 196.696619192759 204.099039236704 197.449545065562 200.357576211294 202.128489812215 201.460083325704 201.892773310343 199.071268240611 195.008854071299 193.26517979304 188.759505748749 184.558967749278 179.887930552165 185.261567433675 196.282982826233 197.313189506531 195.170203844706 196.552813053131 187.811414400736 190.058946609497 199.744025866191 196.303804715474 165.243119001389
210.77557404836 211.969415346781 217.91684627533 220.318655172984 222.834308942159 224.05610481898 222.078025341034 221.123894055684 221.157332261403 221.262872219086 218.241492907206 213.419834772746 212.218383948008 210.599442323049 208.125551541646 206.208825111389 205.812017122904 196.356077988942 201.155185699463 202.51057545344 200.309832890828 199.928859869639 201.55127843221 195.105373859406 198.407649993896 198.109348615011 192.849218845367 198.321938514709 200.600961844126 200.631320476532 200.432300567627 198.775271574656 191.549321015676 193.491200606028 199.790755907694 197.677334149679 194.853544235229 192.980368932088 196.099082628886 206.802070140839 199.577728907267 190.084139506022 196.133951346079 201.26070578893 195.165534814199 177.997688452403
203.238924344381 205.171346664429 211.365461349487 215.618491172791 220.688919226329 224.460581938426 220.601300398509 218.809286753337 221.879541873932 222.224195798238 220.919132232666 215.478440125783 213.662008444468 212.893823782603 210.513512293498 204.591631889343 202.66064008077 196.643769741058 200.104633967082 204.207380612691 204.430818557739 202.853639920553 203.68093252182 200.777292251587 198.024948438009 201.462308565776 197.186668713888 202.130834261576 207.615554332733 210.145870844523 213.896731535594 214.498897393545 203.397472699483 206.24182621638 209.339618682861 209.308862686157 208.340764045715 202.37131913503 200.858235359192 206.18079106013 195.469995339712 187.572817007701 185.280839602152 178.688009579976 180.6227962176 179.228186607361
201.975524425507 198.151389757792 203.338027000427 210.690716902415 216.492553551992 220.450321833293 222.181518872579 224.238991737366 224.722027778625 220.072905222575 222.45862086614 220.809062321981 217.220385869344 213.228563467662 211.921890576681 206.635514895121 203.537046909332 199.923952420553 202.519536018372 207.545419534047 210.319399833679 208.972056706746 205.070753892263 204.433699448903 202.039659023285 205.860555171967 206.229647000631 208.080252011617 214.171051979065 221.02423508962 229.666332403819 229.704141616821 220.376094182332 216.43340587616 211.943705876668 212.302585442861 212.708155314128 212.977170944214 206.28680785497 194.029827912649 183.454116185506 185.488363107046 184.177358945211 177.802900473277 174.121181170146 174.750844637553
203.113536039988 204.052706559499 206.59726858139 213.808874289195 214.141348997752 215.548535188039 223.349968592326 226.674834887187 226.661443710327 224.418520927429 224.207758903503 222.9176958402 219.490249951681 213.839511076609 214.184403419495 216.119329134623 209.192136923472 205.133457978566 205.694079399109 211.652596791585 212.196946144104 211.235662301381 207.331558068593 205.725034077962 200.774470965068 206.920623779297 210.296034812927 210.945109526316 215.610067049662 225.537995497386 233.144640922546 236.015538374583 228.74790430069 218.969325224559 206.106166044871 203.448454538981 209.029078483582 215.333620707194 206.305940945943 185.13031800588 177.915374437968 188.778400421143 189.348518848419 182.076096534729 179.263710975647 172.391812006632
201.550503571828 211.775521437327 212.597409884135 216.100017229716 214.389801025391 213.642716407776 219.165047009786 224.990129470825 224.895894527435 227.649410565694 226.113557815552 224.245349566142 222.100754578908 215.753694375356 214.537898699443 220.383743445079 212.929844856262 205.153385798136 204.515794912974 208.094616731008 208.713312943776 206.703782081604 206.603427728017 202.485283215841 199.745794137319 201.496044794718 205.972035725911 206.745982170105 208.897133668264 215.596954027812 225.211123625437 232.982516288757 223.281621932983 202.534000078837 165.014743804932 157.848646243413 181.07791741689 200.547734896342 208.790242671967 207.23694562912 204.907218615214 199.449916680654 176.709532737732 174.403230349223 181.33807182312 172.951579093933
202.975273132324 201.930185159047 200.995167096456 205.554187297821 211.846073468526 216.069102287292 214.652836322784 221.476833025614 219.891528288523 224.04936949412 225.30460357666 225.762724876404 225.814243157705 219.264070192973 213.831424713135 214.886923631032 215.52578608195 204.762538274129 201.270322004954 200.7075548172 200.138926506042 201.019803682963 203.307588895162 197.172065575918 198.079625765483 195.014814535777 196.430186430613 197.359224160512 197.25247224172 196.750362714132 202.763179937998 213.058213392893 198.372562726339 174.090544382731 140.370508035024 121.370454629262 132.623573144277 163.553953170776 195.925374825796 207.303563753764 208.832343419393 190.070033073425 170.77761888504 171.289920806885 176.256358623505 162.641952435176
208.27837785085 198.299984137217 194.001714388529 199.805577596029 212.009946505229 219.17869647344 218.388934930166 219.13746992747 221.657156944275 220.071176687876 223.257998625437 224.51380888621 226.968705654144 223.484218120575 217.873315016429 215.2046362559 216.422994931539 206.317802270254 203.307966391246 204.554200172424 203.657706578573 200.242340564728 198.32972685496 196.136911710103 195.245703061422 191.319247086843 193.007489045461 191.074808438619 187.328934669495 185.808857282003 178.432464599609 181.589841842651 173.794349034627 154.31539217631 139.027625322342 121.970454851786 103.465855121613 111.227373282115 136.665980021159 171.914001305898 188.631018002828 179.112772146861 169.721404711405 165.899485349655 158.472001552582 148.056487242381
210.972726345062 203.479329744975 199.25715525945 201.946993668874 212.320983409882 219.611366589864 222.989916801453 218.909362951914 223.168055216471 220.031042893728 223.881045977275 224.315464496613 226.555387179057 226.424098014832 220.483501752218 221.120397249858 220.819075902303 210.604170958201 204.985817273458 206.579883893331 206.635157267253 202.048182487488 199.057281017303 197.558045387268 193.482756614685 192.578037579854 190.421303113302 185.409188270569 181.617637475332 176.926612854004 169.155597686768 170.606374740601 166.148712237676 162.949115037918 162.826140721639 155.59376279513 130.873908599218 114.990542332331 105.04557689031 120.2479104201 154.08053000768 156.958758831024 146.38689160347 132.842679818471 130.036572615306 136.223584413528
214.48802947998 210.868219534556 204.521973927816 201.013147830963 206.467608610789 217.669109503428 221.355001131694 218.826830387115 220.179756482442 222.834269205729 228.761871655782 228.584408760071 226.43236319224 225.572685400645 221.876243750254 220.080157121023 220.036347707113 216.41747156779 210.018157958984 207.556744416555 205.615123112996 203.486184279124 203.509529431661 204.369525114695 199.649333953857 197.223862012227 191.370407740275 181.099057197571 174.523293972015 171.550393104553 170.635879039764 176.001409689585 171.991388003031 179.554164409637 188.618759314219 191.763599713643 186.2739721934 170.034527778625 150.083084901174 115.643918514252 124.380856752396 141.828715801239 140.818297863007 129.952808221181 132.153421640396 148.97624651591
216.858466466268 214.457452297211 211.357792218526 203.05480559667 202.459851900736 213.34046125412 219.478030999502 218.825022379557 217.350681622823 222.398519515991 229.187607765198 230.621755123138 226.025263468424 228.20109128952 225.821375846863 219.12690003713 222.681164741516 217.381437619527 212.124486764272 210.338691870371 208.768526713053 207.47838417689 203.585962454478 201.847394307454 199.405312538147 195.190827051798 176.593502362569 154.84497944514 149.053514003754 156.290988127391 167.970021565755 171.427130699158 170.705993970235 175.35130182902 189.407348632812 203.236182530721 214.939713478088 217.09926923116 208.735346794128 158.163130283356 129.683405160904 145.688722531001 161.523580551147 167.222360769908 171.562790870667 184.62606271108
216.096957524618 213.402171929677 213.36156129837 211.490352948507 204.797009627024 208.788752555847 219.039519627889 219.54615910848 217.068990071615 219.590385754903 229.059179623922 229.799548784892 224.389612674713 226.255714893341 227.289974689484 217.711329460144 219.851891199748 216.428299744924 212.723195552826 215.276559193929 215.416709582011 214.421590169271 209.496855735779 202.98699537913 202.221214771271 201.701084772746 182.835618654887 159.445494413376 157.149980465571 164.60124651591 175.94450712204 177.012423674266 182.816783587138 191.596309343974 203.218579292297 212.038735548655 210.015098253886 177.256524562836 163.420170545578 158.324619134267 160.317281881968 172.536373138428 175.042907396952 160.257756710052 150.513758261999 163.607627153397
205.466747283936 211.673120657603 210.727612177531 211.497366428375 207.413872083028 205.827116966248 218.19402774175 223.675529162089 220.873634020487 220.028678576152 225.231468677521 229.697128136953 227.239727973938 222.256779670715 224.521299203237 220.129688580831 215.2126232783 217.758059501648 217.230339845022 218.384504318237 219.200174013774 215.2086297671 215.438067913055 209.112683931986 205.995361010234 208.898504575094 203.758716583252 195.534288883209 193.391660849253 194.522360960642 192.718704541524 186.159094174703 196.095605691274 203.387856483459 202.829976876577 182.43803580602 165.040254592896 118.858476479848 96.0938930511475 129.082798957825 166.653951009115 182.207942008972 174.781600634257 162.272105614344 157.22452600797 165.678391853968
194.482564926147 207.482477029165 209.817707538605 210.484166940053 210.811595122019 207.281529903412 213.227033615112 224.090059598287 228.566785653432 226.542830467224 226.20435555776 228.534460067749 228.838284810384 226.602931817373 225.363751252492 222.552140553792 218.349198500315 217.042167981466 214.29036060969 212.088048458099 213.870644569397 212.850411732992 211.844901243846 210.199455420176 211.353719234467 217.956920464834 226.317763328552 228.323757648468 211.094895998637 207.969764868418 199.355781078339 187.786161899567 191.940526167552 180.397073427836 151.383479436239 123.248904943466 103.206704060237 91.791957616806 82.300012310346 91.5554066499074 114.763081073761 149.004618326823 173.314770062764 194.555024305979 217.720786730448 216.635008653005
