input/barkrak2/radiation/dir20724.grid
NCOLS 85 
NROWS 70 
XLLCORNER 665100 
YLLCORNER 4664600 
CELLSIZE 20 
NODATA_value -9999 
[rows 20 to 39 of 70, columns 0 to 45 of 85]
180.31899134318 172.64711856842 187.719225883484 227.069497108459 223.214507102966 180.965344111125 166.006356477737 174.38934246699 187.21729516983 205.122570196788 219.121158123016 226.745227972666 229.896744092306 241.902053356171 256.108999252319 275.941630204519 290.771007537842 312.861184279124 319.945653279622 328.009963035583 330.827037493388 323.529620965322 321.453511714935 323.272665341695 324.539562066396 326.027592023214 328.379034996033 324.933568636576 321.082711219788 320.435523986816 314.217607180278 302.672664324443 292.991042137146 287.803749243418 285.827318827311 291.210909684499 291.329383850098 293.65861415863 297.438720862071 301.608184973399 302.596628665924 302.625934282939 303.932865460714 299.331545829773 302.77947584788 306.606193383535
209.269424279531 206.752101580302 222.087442874908 253.067175547282 249.550580978394 192.784508069356 178.78927787145 180.911501248678 188.39156627655 200.816671053569 214.174270629883 220.616539319356 228.344897429148 230.205535888672 240.917901198069 261.839429537455 275.759279727936 291.137913862864 308.526833852132 323.458929856618 328.135331471761 333.872040112813 335.834185282389 334.046959877014 329.919338226318 324.712018171946 321.364978949229 317.198971907298 317.149758338928 310.842315355937 293.623288472493 264.169255892436 242.784480253855 239.901820818583 247.303644816081 266.521692276001 273.502091566722 288.429995377858 298.429210980733 299.381792545319 296.522577603658 295.613984266917 289.924403031667 276.052673657735 295.120020707448 302.965799967448
250.635763009389 256.879309813182 260.881245136261 270.281155904134 270.143608252207 224.092483520508 202.914694945017 190.238038698832 186.968684196472 195.363700389862 212.689459323883 223.560233910879 233.189364274343 237.825135389964 243.062694867452 252.960443496704 266.881624857585 281.404435634613 293.777724107107 301.589647928874 312.122881412506 324.097096920013 330.360472202301 330.750465393066 327.400585015615 324.700574080149 316.195607185364 304.400702317556 292.02401638031 272.88144826889 235.2641026179 188.438534736633 164.722045262655 181.305726369222 208.890477816264 234.020829200745 252.607782681783 273.264606793721 284.674008687337 288.02082935969 291.271805763245 291.923622290293 268.983423709869 248.249729474386 275.233646233877 301.671703656514
273.224572340647 274.568756421407 270.419081052144 275.72758992513 275.564988454183 258.294741312663 225.386798381805 196.368217468262 181.579172611237 185.930768648783 210.295498371124 223.787287871043 236.785451571147 249.142666657766 250.550389289856 254.541198412577 263.960560162862 278.324544429779 287.485957145691 284.448742866516 287.283301353455 296.218355496724 305.416146914164 305.832982063293 301.13410949707 291.758418083191 276.31135781606 268.859922885895 244.947632153829 202.071249485016 170.572578907013 146.551787853241 115.130414565404 108.137547969818 120.075364907583 155.060708522797 202.421844005585 228.62313191096 246.804296970367 257.01634089152 255.425731341044 241.808712482452 227.57621606191 261.272390683492 261.499802271525 293.020844459534
265.920321146647 267.300605773926 273.089826107025 277.495344479879 268.314361572266 259.991049766541 232.019742329915 213.273604710897 195.372740427653 189.078291257223 202.193677425385 217.973192532857 232.635060946147 245.910922686259 249.998490015666 253.167529900869 261.531790097555 274.845699469248 281.358122825623 278.147757053375 280.042548974355 265.460610389709 264.910399913788 274.731119473775 278.201142946879 273.130377133687 261.418581008911 250.520567099253 222.971101601919 165.754735469818 146.062672138214 142.760038375854 123.102257649104 90.6502505143483 82.4384291966756 101.067225138346 142.911454041799 180.649737517039 208.556234836578 221.813082695007 211.847980817159 189.83127673467 211.337864398956 279.499153296153 274.349053700765 293.222010135651
258.865793546041 263.215084870656 273.390928904216 275.011420249939 268.952091534932 260.220885276794 243.62709124883 237.470507621765 228.744784990946 216.556588808695 215.352177619934 232.527395089467 241.986890633901 256.69272740682 260.641058286031 256.423612435659 261.215488115946 272.712429364522 273.493826389313 276.31018559138 274.707317352295 266.785144805908 259.917636712392 261.233846346537 266.236782073975 263.994971911112 254.198908805847 243.8791791598 197.767376899719 174.711445967356 172.544121742249 188.329736391703 190.53586324056 156.143476565679 122.395306825638 112.055500348409 125.411252180735 149.850348631541 181.569635868073 204.667846361796 186.631798744202 177.280863126119 220.68194548289 271.380225817362 288.816650708516 303.580562273661
260.389606157939 263.078053792318 270.320137341817 273.731112480164 282.77591864268 271.180152893066 259.886304537455 251.91589196523 254.311203956604 248.332997163137 237.172166506449 250.764826933543 259.515841801961 272.423942883809 271.805286407471 266.642550627391 263.918260733287 263.747890790304 269.150773684184 281.680067380269 280.65299987793 277.907729148865 268.515686194102 262.89306084315 265.816489855448 266.438325246175 254.975994427999 245.117902755737 211.314260959625 205.528855323792 226.013580958048 250.159621238708 255.392909049988 262.430846691132 233.01883538564 151.00755294164 139.866928259532 151.074945926666 176.206707954407 195.290386676788 196.640392144521 227.387885252635 234.168191750844 250.324090321859 282.542506853739 293.648282686869
264.426906903585 260.871767997742 263.795455296834 271.332323551178 305.32185236613 285.542547702789 268.295486768087 254.462122917175 257.826586564382 263.941466808319 253.676195939382 255.499303340912 268.514533837636 274.029413859049 275.523622830709 268.62774292628 261.915028095245 267.759382724762 277.262628078461 282.645344734192 279.876867930094 273.496091365814 268.721799055735 271.118104457855 269.557853539785 268.927673498789 264.139970143636 255.549112955729 236.774742603302 235.885639985402 258.464237054189 272.959013779958 273.074269294739 286.704480648041 302.868684132894 229.803760846456 170.364101727804 156.484474738439 166.515777508418 190.694848696391 233.814716339111 284.656743208567 246.403515338898 240.716576576233 266.988635063171 274.570365746816
262.400885423024 253.382563591003 257.072985172272 277.703762054443 318.952361742655 286.751965681712 260.451753934224 250.850299994151 254.82189655304 259.95538632075 254.186630249023 254.245718320211 267.132560412089 273.528476556142 272.608915964762 276.246805985769 271.166384220123 265.361766020457 274.504244327545 276.563843091329 273.955861727397 268.632630507151 268.055220444997 273.755192756653 274.976193904877 268.750250339508 269.706189632416 264.177819093068 248.116334279378 244.95130777359 266.914268334707 284.220159053802 284.003456433614 283.066014448802 301.157414913177 293.352127075195 201.720277468363 145.538777112961 135.217646757762 169.240732987722 242.994745572408 266.941865285238 236.80849870046 213.588833808899 235.699951648712 247.100989023844
255.928496519725 245.505531628927 253.288527329763 288.049022356669 316.389362017314 283.220489819845 253.848850727081 236.100077629089 231.956561406453 234.502494335175 233.370701471965 241.559386253357 257.825632890065 271.951456864675 274.941960970561 278.848846753438 276.420911153158 266.283253828685 267.398317654928 269.406994183858 269.975821177165 270.260453224182 270.04067103068 275.632162888845 276.61406993866 273.554762204488 277.303278446198 268.506109714508 253.225763638814 253.491401672363 273.010194301605 290.328780810038 286.343057950338 283.341526985168 292.900820573171 307.933708031972 283.264795939128 205.099701881409 161.567717790604 171.607772509257 208.238164583842 223.753929138184 223.805705706278 192.947546641032 203.723112742106 224.830587704976
245.133916536967 254.390994707743 284.111658732096 330.031275749207 330.225984255473 288.690567016602 253.297448158264 223.843018213908 214.504182338715 227.551420529683 220.690290133158 219.91757551829 250.711441040039 268.047690391541 275.761187076569 281.60027662913 281.532247861226 271.019876003265 271.620790163676 273.784041404724 269.459923108419 276.590983072917 276.569326718648 278.82452805837 279.419223467509 280.772089958191 282.309412956238 278.7899573644 264.874736467997 265.44592777888 279.558976491292 291.764775911967 288.631478945414 289.729654788971 294.589479764303 297.814309597015 314.463575681051 316.278298695882 248.511056105296 202.033579349518 188.173234462738 182.483375072479 199.042598406474 194.497187932332 199.517250061035 226.21089220047
263.797481854757 291.532397270203 314.628541469574 322.54679997762 346.409161885579 324.381709098816 285.640279452006 246.344010035197 233.515242735545 246.295730272929 239.295522371928 223.597149054209 238.782604535421 268.26552549998 278.351942698161 282.9376856486 283.616820971171 281.438608964284 275.390903155009 275.40377775828 275.988479455312 279.472986857096 283.25742483139 281.741499900818 283.496856689453 288.803199927012 289.472162723541 290.811101595561 282.071391741435 279.88322575887 285.820960998535 290.594001611074 292.466640472412 297.56498336792 300.366838773092 289.883891741435 296.726226806641 328.708112239838 316.465218861898 253.088454405467 203.287482261658 182.652036348979 183.832764625549 198.582967122396 218.944648901621 247.104028860728
299.641450246175 312.293589115143 306.590656439463 299.861212571462 317.325154940287 333.899219830831 324.512004852295 296.15984360377 271.167079607646 271.41805489858 274.043460687002 251.164078712463 240.327874819438 263.502061367035 283.740897973378 283.82937113444 282.996376355489 286.546766757965 276.779929796855 276.885827382406 281.65070215861 281.787653764089 281.98645512263 280.597627162933 283.80161523819 290.325442949931 295.012672742208 297.623733679454 290.873249371846 286.073426405589 294.075548648834 298.733333746592 295.183777809143 296.480596065521 300.812502702077 290.176232655843 289.795756340027 305.75438340505 302.405794461568 272.332092126211 241.717040538788 206.925769646962 186.950465043386 192.439297835032 216.692487398783 246.813058853149
298.056026299794 294.041951497396 287.849426269531 277.519166469574 278.558830420176 297.722399234772 314.861615498861 307.716647783915 294.500887393951 292.382756868998 293.618420759837 278.684516747793 263.229171435038 270.183563232422 283.995668093363 284.119387467702 283.418556054433 285.183012485504 277.394652366638 280.014872550964 280.261139074961 279.971698919932 276.981393496195 275.979081789653 280.78422943751 287.619431813558 296.070734659831 294.412831465403 291.811088720957 292.14467604955 298.385818799337 297.440469264984 286.512116591136 283.966660499573 287.362674872081 271.536350250244 269.441703955332 267.615437507629 256.00920120875 255.672335624695 265.714764595032 237.417638301849 211.150328318278 198.380569616954 199.426571528117 223.081151644389
293.94918680191 285.59680779775 291.491786638896 278.435111045837 271.117746829987 281.946380933126 305.616756280263 324.158350626628 315.741916497548 301.005423069 293.067514896393 289.486090342204 291.866938273112 289.778769016266 287.358343601227 289.247095584869 285.41632493337 283.214787642161 281.652172406514 283.223092556 278.853674729665 279.474536577861 276.852091153463 277.424911657969 281.036158402761 284.344772497813 291.728218396505 287.509918212891 287.485718727112 294.868369897207 298.669497172038 289.168159166972 274.135152498881 277.555565039317 275.385181109111 258.553862571716 259.962757428487 259.566366672516 262.442747751872 277.813692887624 279.719193776449 272.157291571299 249.196728070577 231.802503267924 210.668285687764 203.448494275411
311.767737070719 307.535449663798 316.0719871521 311.405877272288 301.927208900452 305.352747440338 320.273677508036 339.181621869405 329.774419466654 305.194437503815 293.121774991353 295.691808064779 307.489037513733 301.098982493083 296.094258626302 294.633269309998 292.77511437734 285.656293233236 285.702745119731 288.077036539714 285.266180833181 279.949545860291 280.514180660248 283.521294593811 282.149473826091 282.820443312327 285.594403743744 281.677305698395 285.010278224945 294.780850410461 295.735994974772 286.707023779551 275.926391283671 276.642858982086 267.339964707692 262.258251508077 267.550726731618 269.146541754405 278.918107350667 300.141712029775 268.394470214844 256.975611050924 246.576329072316 236.60941918691 221.509337425232 199.817895889282
331.287125746409 329.292039076487 331.618825594584 333.603461583455 325.029730796814 319.045583407084 324.158608913422 337.929368019104 331.577996412913 303.892076015472 294.480701287587 302.021344502767 311.618705590566 302.681962649028 292.239447434743 298.303822676341 299.583752950033 290.623406569163 293.488721052806 294.772148132324 291.923483212789 288.105169932048 284.246881802877 286.553978919983 282.839179039001 281.467219193776 284.371495246887 287.078479925791 290.234088897705 295.213023821513 296.677788098653 289.373278617859 278.46888701121 273.754060268402 263.577103614807 268.187522888184 273.90976746877 274.418791135152 277.23483244578 291.198531786601 253.815909226735 215.803623199463 202.512323856354 196.122845013936 193.454186121623 190.74159860611
339.481631914775 338.284889856974 336.173415184021 337.071379025777 330.926299095154 324.356297651927 322.87718852361 328.871508439382 332.889139652252 312.521080176036 306.732018788656 310.971260070801 307.781795660655 299.14379119873 293.580154577891 296.18513584137 304.853439331055 298.922379811605 295.651376247406 297.130306561788 297.256310780843 292.163908481598 286.931792894999 288.035929203033 287.764032681783 285.032331943512 285.545925299327 290.594220161438 292.328079541524 294.902543226878 296.519756317139 291.121641794841 281.372427940369 266.361057758331 256.677885850271 272.697329521179 282.070279121399 280.542949835459 271.505077679952 281.442523002625 253.696203231812 186.365604400635 158.271104097366 144.268810749054 147.997250159582 154.992878437042
337.28818098704 340.066989262899 341.447273890177 340.071439743042 337.205171585083 334.407091140747 330.303768316905 327.538371086121 329.639156659444 324.002544085185 325.333972771962 319.992224375407 306.45090341568 305.473923683167 301.794528961182 293.945411841075 303.007880846659 303.042411804199 297.363559405009 296.934167544047 295.885682106018 293.098986148834 287.62423992157 286.89960638682 289.296408494314 290.320456027985 288.905779520671 290.689686934153 294.192949930827 294.023950894674 296.386301517487 293.456832567851 276.711841424306 254.245400428772 262.355705102285 285.52234172821 288.547356923421 283.399105072021 267.345746358236 271.941184997559 283.032457033793 230.227907498678 171.293417612712 144.851942857107 137.497931718826 137.796898682912
322.633643945058 327.24924882253 327.027261257172 331.646978855133 337.726831436157 342.787186304728 344.976464907328 344.39492225647 342.903852462769 340.551614761353 331.26707871755 315.088848272959 308.339973290761 307.37845102946 304.009179274241 298.580547173818 301.969687143962 300.354262193044 295.009235541026 293.749113877614 295.920570691427 297.296722730001 295.312782128652 290.809313456217 288.602928320567 290.142059326172 292.729655901591 294.097224871318 295.551041762034 295.16327381134 295.677562554677 293.264349301656 271.534482638041 255.436619122823 279.138465722402 294.416626294454 290.051201979319 285.307784875234 272.668401400248 270.523488521576 301.585733890533 315.705299377441 256.564974784851 202.508489290873 164.789229631424 138.572692871094
