input/barkrak2/radiation/dir25624.grid
NCOLS 85 
NROWS 70 
XLLCORNER 665100 
YLLCORNER 4664600 
CELLSIZE 20 
NODATA_value -9999 
[rows 20 to 39 of 70, columns 0 to 45 of 85]
84.6506853898366 72.4193900823593 78.9327522118886 101.921588182449 98.286251227061 85.3990316390991 78.7250598271688 91.5927787621816 104.286958773931 115.894476572673 119.68136827151 119.287341833115 117.46272444725 121.354262034098 129.976888497671 147.842943668365 159.494797388713 167.878091335297 181.576788425446 199.157694975535 204.347491264343 194.37833627065 192.158818244934 195.893744627635 196.826736132304 195.899228254954 194.171706835429 199.04746611913 197.897394498189 192.474563916524 195.561309655507 187.877436478933 191.40628973643 180.127422014872 176.30128065745 182.809849580129 181.916276613871 183.925688266754 188.644389311473 194.054484367371 194.691300392151 195.226629575094 198.864062627157 190.958539644877 197.223563989004 201.770524183909
114.470064640045 103.447208801905 99.4520286719004 126.140813032786 123.922298351924 87.8680348396301 89.1936818758647 100.691348314285 109.663446744283 115.954458713531 113.292962312698 114.729583263397 116.039633750916 113.113860289256 121.497790018717 135.987977186839 150.027384360631 164.207220077515 175.353248914083 189.434031645457 199.100951353709 208.217700322469 214.307328065236 211.776753266652 202.083766460419 189.835468928019 178.240676720937 175.116161505381 182.303567727407 171.559770901998 151.266813278198 135.706712802251 108.949561913808 105.963200330734 126.207917928696 148.28888575236 157.557835181554 175.755143165588 188.099026679993 189.439396063487 187.169790267944 185.322423775991 178.430755933126 159.355799357096 184.498091538747 197.447041670481
161.457141240438 159.238278865814 143.22966337204 146.644353866577 145.603438218435 109.121183554331 113.610287507375 111.409564812978 109.216789404551 110.39141813914 115.2696510156 118.476500113805 119.598766167959 123.634924491247 126.440594593684 134.604632854462 147.297124067942 159.24479564031 168.292244275411 171.152393023173 177.177906036377 192.972918351491 201.34703318278 204.425136248271 200.616617997487 191.48588180542 177.875419457754 165.936897198359 168.364326159159 148.395478725433 125.996460517248 84.2107137044271 57.9313238461812 42.3774123191833 45.9136962890625 68.9670244852702 96.9265600045522 130.228251218796 152.523458003998 166.108022133509 176.798383394877 178.870916366577 150.415420532227 125.743289788564 160.67639986674 193.697532018026
196.801006793976 189.619223276774 161.74570719401 153.207361698151 151.537626981735 145.000159740448 133.597632249196 114.273359378179 103.228708108266 109.102348486582 119.668881098429 124.416122833888 131.072968244553 140.762666861216 137.456128994624 139.029343922933 147.995183865229 157.86134203275 164.939989646276 157.294611136119 156.866550445557 162.058611710866 173.91304175059 184.058547019958 186.349471410116 185.462673505147 169.759114583333 153.655578692754 144.495089848836 107.045749823252 77.1457751592 64.0409092108409 33.1321929891904 5.03977077702681 1.77711605404814 13.1374498208364 44.4296846787135 73.4615077575048 88.4870986143748 101.578116416931 107.871294021606 104.05840476354 108.321716388067 139.900575081507 152.418196201324 181.647717952728
192.904869715373 190.634330113729 176.645795504252 156.841327746709 142.546604077021 145.483762025833 134.565989176432 125.302155812581 115.962068239848 112.267434597015 115.809351205826 117.133597532908 130.164086818695 139.88251487414 139.686395724614 139.053851366043 146.357198556264 158.020397027334 163.54109843572 155.405730009079 156.586190064748 151.686112085978 161.347051461538 167.455514272054 167.575498421987 166.185637315114 155.298421780268 141.746093829473 125.63834587733 79.7708133856456 65.6568954388301 63.8571679592133 41.772872209549 5.07925357669592 2.87899126609166 15.1508065561453 32.7529857556025 47.3039597272873 57.1149090925852 58.5147043069204 58.7763885656993 54.2389800151189 79.3557266394297 168.570140997569 172.906200091044 185.08239587148
179.867466290792 185.336927572886 185.005863507589 161.784013112386 143.019775549571 145.521660645803 147.773325443268 155.105690161387 152.510692675908 142.505625883738 129.938383897146 139.540354410807 143.301516771317 151.96563800176 151.439607143402 143.798957268397 146.611948808034 157.267431418101 162.14515765508 166.786074638367 169.757803281148 164.006501436234 160.038948059082 156.0913225015 155.456036329269 155.657639106115 146.110236644745 136.452515920003 112.12412516276 95.6261356671651 95.5164829889933 106.336673100789 100.947469472885 42.069618900617 21.2466095884641 31.2609324852626 36.2683410445849 44.2021588484446 48.0733166138331 45.088196794192 38.6613061030706 41.7996694644292 92.3032859961192 174.282511075338 193.319002787272 195.306022961934
179.570456345876 184.720277786255 186.691999435425 168.63477230072 159.888645013173 164.149870475133 174.175461133321 181.057810783386 188.206076622009 182.881752649943 159.794390201569 165.557364622752 162.370791037877 165.810058514277 164.167592922846 152.247160673141 148.284087578456 160.079429546992 165.819217761358 180.506030718486 183.377226193746 179.577787717183 168.882151444753 159.830868244171 158.253272374471 159.338345130285 149.235675732295 140.078574419022 127.37316886584 131.401042143504 147.951145966848 173.338135083516 182.070513566335 169.596195220947 102.184514204661 52.9658695062002 50.1439770062765 52.0891944567362 54.0076146523158 44.0868536631266 63.0488395690918 95.5655376116435 138.261983791987 171.13471031189 190.601905186971 191.397229830424
182.490110397339 179.951469103495 181.62461121877 172.211150328318 190.572400887807 190.925657749176 196.768561999003 195.985635121663 199.504574139913 196.93652788798 174.308896064758 166.964828968048 166.935880978902 169.287403424581 168.863733609517 164.237548907598 159.357647101084 165.001312891642 177.838643391927 184.232036272685 181.595285733541 171.420554320017 168.756167093913 167.9700811704 166.718939940135 164.540638526281 159.869054953257 156.534731388092 162.151475747426 172.704875469208 189.841508865356 202.38846540451 210.010727246602 222.027560075124 198.630770047506 104.708552360535 67.621260881424 59.5020204782486 53.5086890061696 44.8446075121562 84.2159688472748 171.213606993357 162.885298331579 145.062426726023 157.833019892375 155.237913131714
183.733979860942 171.422243118286 173.671861489614 177.718202273051 213.124056657155 203.554113705953 195.487300554911 188.876509666443 178.743561108907 175.530195236206 162.633866071701 159.222076336543 163.85089357694 166.769464810689 172.208269437154 173.228243986766 170.060217380524 164.069394270579 175.884703795115 176.118930180868 174.257477124532 165.995548168818 165.445913871129 170.88250319163 173.012872536977 166.398872931798 169.555962085724 166.404783725739 171.249409516652 188.073754310608 207.529067993164 220.982432365417 226.518293221792 227.515478928884 230.277319749196 175.973852475484 75.3315389156342 47.1664667129517 29.135396083196 41.3785055279732 102.225283781687 161.132494608561 150.425275166829 116.731703281403 113.952626784643 112.446844577789
176.749189694723 162.280956904093 167.584379514058 186.987519264221 213.261564572652 201.61904891332 180.429577827454 158.24149052302 143.677681684494 133.524795373281 136.645684639613 137.356261412303 156.091392040253 166.028718153636 172.608852386475 178.361753622691 175.712982813517 162.31843829155 165.513356526693 167.52549012502 167.411883672078 167.729755242666 167.909661928813 173.59713713328 177.947779496511 171.767393747965 176.311035950979 171.706358591715 168.627003828684 193.395018577576 217.385450998942 233.197788397471 231.748700141907 230.126678943634 241.126696268717 235.495527585348 163.683921098709 76.2614011764526 57.0727835098902 64.0195906162262 94.2493577798208 107.597311337789 119.957466920217 88.7074172496796 78.7197997172673 86.9784951210022
175.376693407694 180.436551570892 209.272265434265 253.32913796107 244.072735309601 208.319981892904 171.342790126801 139.38703139623 120.730926593145 123.136778672536 124.60603316625 121.083378791809 136.950780948003 166.512380043666 177.875300248464 185.218214988708 182.783246040344 171.583314736684 170.24298508962 172.684291998545 169.296860694885 174.042999744415 176.411390304565 177.967111269633 181.236644585927 185.286482175191 183.713455994924 182.649175326029 182.774543762207 203.099687894185 227.216323216756 238.41800292333 234.187801678975 240.304350852966 251.192033290863 255.645593007406 244.468450546265 206.81764682134 127.645055452983 87.2238179047902 76.6710142294566 79.8527797063192 94.5807099342346 77.4749368429184 74.0077346563339 92.7416284879049
193.264603614807 229.171892007192 270.991961161296 291.748205820719 294.401963551839 251.763304074605 200.863838195801 160.061657428741 143.667350212733 153.663774331411 142.819464206696 127.95623143514 138.918687899907 165.210704008738 184.21596288681 190.247813860575 187.830189863841 182.640433311462 174.731930096944 176.544805367788 176.711559295654 181.899686654409 183.786312739054 183.106660842896 186.050812403361 196.911692619324 196.825822194417 200.273970762889 201.739450295766 214.503169059753 230.208774407705 239.833692709605 242.603182792664 250.438332557678 256.781240304311 252.607067426046 249.95481967926 256.988664468129 206.578373908997 125.601202249527 84.3766629695892 83.6696525414785 80.8407366275787 83.2125097513199 100.583771864573 125.795066356659
249.940355618795 280.268291632334 294.574578603109 292.649944623311 305.045545101166 298.220535119375 262.35818862915 222.358445326487 196.559548377991 188.994685808818 181.913534800212 162.308156490326 150.134215752284 163.344224294027 186.530232429504 191.822747389475 188.601036866506 190.370599428813 178.471604983012 175.208886464437 180.349210898081 183.959424495697 184.452096621195 183.849294980367 187.546690305074 202.159941196442 208.352208137512 213.56737613678 214.313228925069 218.492150306702 232.248028119405 243.491272131602 242.699424425761 241.019129753113 243.257482846578 232.582330703735 234.678149223328 233.570218086243 198.996365070343 147.249569495519 111.507763465246 100.144098202387 84.4487647215525 88.0532264709473 96.8037247657776 132.599721352259
281.160871187846 296.144843101501 294.548392295837 285.334845383962 292.898754278819 302.10808912913 295.230388641357 263.408720493317 230.747183163961 214.15106455485 211.206634839376 196.682850519816 172.464927037557 171.784440676371 185.502886772156 186.460773150126 182.20450480779 186.14669640859 176.683564980825 178.828537464142 178.388098875682 180.087049802144 179.001808166504 178.572058677673 185.168186823527 196.548183759054 208.570063114166 211.939096450806 215.209682782491 222.352027893066 235.011120637258 236.17297410965 223.620216051737 214.146673679352 217.398802439372 198.015729586283 197.55486647288 185.508052508036 152.998626232147 128.005832433701 137.447039286296 122.886896133423 103.931357463201 90.8603966236115 91.6815002759298 104.123969872793
291.653354962667 295.316100120544 298.272828261058 290.745099385579 289.182980855306 294.812937577565 301.827470461528 289.198756217957 251.280347506205 221.635301907857 219.58194176356 216.915011405945 205.084840456645 189.50210014979 185.145040353139 186.165690422058 180.420716603597 176.407277584076 177.695373694102 179.636756579081 176.200250784556 175.132433573405 175.82247654597 176.826675732931 183.034102121989 189.258019129435 202.135920524597 200.86665948232 206.309040387472 221.930762132009 230.155030886332 223.101019859314 210.398475329081 207.313517729441 199.870944023132 181.96568886439 185.584704081217 183.325131734212 169.812560081482 152.426501115163 154.755115509033 163.034518559774 142.489691575368 125.383237997691 105.755180120468 95.2279269695282
297.68709341685 298.429111639659 300.597151120504 299.85898733139 293.039600054423 292.200942834218 297.761340936025 294.506351153056 261.079788208008 231.437981128693 219.980518023173 222.755551338196 216.25010172526 196.371932824453 184.380054473877 189.240455627441 182.296435038249 172.791679700216 178.587317466736 177.114327748617 176.08388264974 171.125928560893 174.812197685242 180.781165758769 178.752402464549 184.002995491028 190.037429332733 191.583593686422 198.417127132416 217.174092928569 223.837812741598 217.474301656087 212.945699691772 213.905533154806 195.587038993835 188.424408435822 194.203575452169 199.949324131012 201.127628485362 185.493350028992 148.233701785405 147.123634815216 137.948930263519 121.235390504201 106.0824294885 82.1694533030192
291.073739528656 292.62638092041 295.57345310847 294.759591420492 287.701666355133 284.595231215159 291.739046573639 296.508093674978 268.593529860179 236.21141910553 218.926191329956 211.283167203267 208.325306574504 192.168255647024 179.903527100881 187.245965003967 190.386056900024 176.710685094198 180.702269077301 184.034049510956 182.508190472921 178.633948167165 178.417265415192 181.786974271139 180.917859077454 180.71178595225 187.127470970154 194.522400697072 199.418743451436 211.481213569641 222.019076347351 220.166484514872 214.393059412638 215.260068575541 196.437299251556 198.887904485067 201.882660388947 208.14303557078 209.094564119975 188.307325045268 124.050994714101 98.7070202827454 83.9953124523163 78.5720745722453 75.836847225825 68.6614116032918
276.859760284424 282.021900018056 288.451135158539 287.868758042653 285.162250200907 286.894162495931 293.946305910746 298.306425412496 282.499253749847 244.282027085622 215.311964352926 203.531304995219 196.013609568278 186.644951502482 178.321520487467 183.27409029007 196.175833543142 186.473568280538 183.739920457204 186.740338802338 186.55522664388 183.320065339406 179.706692695618 181.624352931976 182.576278845469 183.063805103302 186.120788256327 196.550786495209 199.86351331075 205.791831016541 215.868274370829 222.005446751912 217.974424362183 197.1022884051 190.204898516337 207.852085431417 215.462923049927 217.820346355438 211.422065893809 197.962005933126 118.12291542689 67.0040051142375 48.847109079361 33.875584602356 33.3636154731115 49.7614542643229
248.305956522624 256.586770216624 263.719499111176 267.400463422139 272.761285305023 282.417356967926 289.87725575765 292.056282361348 283.818145593007 251.805265744527 228.915333747864 210.35760641098 195.460359255473 194.040894508362 184.453070163727 179.401536782583 189.826627572378 191.010932127635 182.879726092021 182.117839654287 184.261739253998 180.369277795156 177.938004334768 178.942938645681 182.10224310557 187.769969304403 186.861356099447 193.583985169729 198.328693707784 199.241916338603 208.762725194295 219.867984453837 213.859955469767 186.848978201548 195.719699064891 223.376135031382 228.56350739797 222.693065802256 213.4610414505 212.08514769872 175.867696603139 92.4547413984935 49.1046557823817 38.6355320612589 39.3342226743698 35.8631064494451
214.734474817912 221.441288789113 219.996889432271 229.922115802765 244.541029135386 257.840871810913 270.405292510986 276.779393355052 272.135257720947 252.970894177755 226.311306158702 206.016063690186 192.092617352804 190.768003463745 185.872038205465 178.46159140269 184.767544269562 184.882044792175 178.046703338623 177.242239316305 182.156026363373 184.707323710124 182.486315568288 179.02664343516 177.570323149363 181.226352850596 188.570857048035 191.449840863546 197.507858276367 196.803371111552 199.020425478617 210.284193356832 205.26651541392 192.979375521342 221.024394035339 237.775484720866 233.050266901652 225.032925605774 220.821877320608 229.13533449173 240.92024564743 204.610546429952 122.098704179128 75.7758518060048 51.9424627224604 35.1714144150416
