input/barkrak2/radiation/dir22824.grid
NCOLS 85 
NROWS 70 
XLLCORNER 665100 
YLLCORNER 4664600 
CELLSIZE 20 
NODATA_value -9999 
[rows 20 to 39 of 70, columns 0 to 45 of 85]
142.420987288157 131.393204132716 142.995218435923 178.331673145294 174.023965994517 144.496649503708 133.463362852732 144.790599743525 158.137381076813 172.927677631378 184.589525063833 188.698728879293 193.124353885651 197.530150413513 207.119445006053 226.180672645569 238.962670167287 251.840392748515 265.938480695089 284.618278344472 294.477780659993 290.22999604543 287.733713785807 290.096660455068 291.820724805196 293.834487597148 296.358704566956 294.692476590474 291.851202646891 290.776511033376 283.539017041524 269.789318243663 256.847361723582 248.855710029602 245.693405469259 251.708209514618 251.599510510763 253.976007302602 258.288085460663 263.185103734334 264.373183250427 263.582507769267 266.47824048996 260.832826296488 265.367428461711 270.004530747732
172.924081484477 166.158407926559 173.414250214895 205.16961812973 202.594637870789 150.535682837168 145.513296127319 152.710199356079 161.591152350108 171.128451824188 180.168787638346 183.779001235962 188.723782698313 187.674721082052 201.402703921 215.083658695221 229.930063088735 241.975824038188 254.81637318929 273.370782534281 285.59277455012 296.532034873962 303.356389204661 305.488685766856 299.721976121267 289.031982421875 277.802526950836 267.699937025706 268.267830212911 264.265755812327 253.473957379659 224.473436673482 200.869262218475 195.385257403056 201.45454009374 222.12541103363 230.668564637502 247.40993976593 259.020527203878 259.221951166789 257.145285606384 256.098210811615 248.860557874044 232.573290665944 254.679322242737 265.579919020335
217.905143896739 220.572769641876 215.950866540273 224.077860514323 223.953624566396 180.068135261536 168.701370557149 162.727832794189 157.801250616709 166.608144839605 177.88432041804 187.266528606415 192.365924517314 197.379310925802 200.934449831645 210.478583971659 224.074979623159 237.504442532857 249.891817569733 253.100315729777 255.556146303813 267.851233482361 267.609814802806 269.731104373932 269.553184509277 260.0204149882 247.761746247609 240.110456943512 232.617179552714 222.484191258748 189.733266830444 148.916979630788 124.742517868678 131.981511910756 160.287330547969 186.782956123352 206.852932771047 228.736042976379 242.969950040181 245.88813384374 249.778966108958 250.979562600454 226.531008879344 201.781590779622 232.644518216451 262.523253758748
246.531764666239 244.232734044393 229.643066724141 229.779620965322 228.954752286275 216.425160566966 192.615389823914 167.605519294739 154.161006212234 155.519564946493 180.570284525553 190.461993217468 200.010120868683 209.806859493256 210.425813992818 212.563236554464 219.790856043498 227.03629732132 231.146852175395 223.359783490499 221.358239650726 223.227818806966 235.446234544118 244.671781857808 249.625543753306 248.956620693207 235.389769077301 228.563586870829 207.144200801849 170.407056808472 141.641716162364 115.934272607168 79.5956452687581 54.9297432104746 65.9308085838954 102.578898270925 144.571413596471 179.590423901876 199.5822985967 210.742592811584 209.376692771912 193.16562016805 182.777285575867 215.603848298391 219.283938407898 251.889824867249
240.338424841563 240.343193213145 237.708727518717 232.467770576477 221.523225307465 216.293354829152 196.767111619314 182.726581891378 167.813301086426 162.691513697306 174.169778823853 186.135192712148 199.647029240926 206.497470537821 205.041786034902 204.533298810323 207.123438517253 216.717998186747 225.769937038422 218.580365180969 219.04186407725 214.28644657135 222.690145174662 229.043404261271 232.360243797302 231.307466824849 220.91273466746 210.537672042847 185.286740461985 136.59256696701 116.278688112895 112.407883008321 88.8277391592662 40.4555598894755 35.4316433270772 60.6039265791575 95.002959171931 122.527817885081 147.923280795415 168.590982755025 160.900016625722 140.870521465937 161.686718463898 239.154438177745 235.695481300354 254.161695639292
230.731964111328 235.644737879435 241.505940755208 232.400457064311 222.017407417297 217.691024144491 209.33989683787 209.364712238312 203.370968500773 189.53671058019 186.170200506846 202.903012434642 210.250675678253 214.570144812266 215.267221132914 207.756737867991 207.601646582286 219.590882460276 225.611448287964 229.04113928477 231.100976467133 224.204023679098 220.749258995056 219.238042831421 221.877058347066 219.526886940002 211.766878763835 204.075793425242 171.728511651357 146.684090296427 143.066644668579 157.064994176229 155.796984831492 105.344792207082 73.0750411748886 80.0435692071915 85.8937501907349 104.850381612778 129.629015922546 131.998558839162 129.704197247823 127.235015233358 170.758048693339 236.440400282542 250.493665536245 265.378932158152
231.521944204966 235.131144523621 240.416745344798 234.602650006612 237.262090047201 232.413172721863 230.566223462423 229.142308235168 232.381145159403 227.952937285105 212.602476278941 224.35716787974 222.003897031148 230.201125144958 228.415588537852 215.997397899628 213.997145493825 223.708550135295 229.140400886536 241.246322790782 244.898041089376 239.654978116353 230.551342169444 222.304324309031 220.919688542684 219.937443733215 213.367640972137 207.33517408371 182.246247927348 179.554979006449 197.574496269226 222.782075405121 229.609449704488 228.369156519572 183.868686358134 111.731151739756 104.743878046672 107.838223377864 126.71023607254 134.241630633672 142.898499965668 178.091486295064 197.286546230316 221.038381258647 245.424449443817 252.786497275035
235.233306884766 231.526096661886 234.410405158997 234.740217526754 263.56053352356 252.515355745951 245.29492855072 236.97300752004 239.389777183533 244.535168011983 229.593515396118 226.628402868907 229.441920916239 232.030312220256 234.664420286814 229.342520236969 222.88566827774 229.945341746012 242.116034030914 246.331572532654 243.810792764028 234.815239906311 231.185634930929 230.119109153748 227.11322704951 226.734220981598 221.318105856578 218.630731105804 213.469465573629 215.302387873332 234.78098710378 248.650431632996 251.816312472026 265.084385871887 264.820615450541 182.620008786519 129.261324803034 116.20440085729 117.876946926117 140.072266260783 176.879366238912 241.480072339376 212.296605110168 205.594817797343 224.838336308797 232.812146345774
234.090884526571 223.597725232442 226.997971534729 240.894516309102 281.293074289958 258.756975332896 240.173796812693 230.422536532084 231.828848520915 235.072771708171 227.935274442037 219.280779361725 227.706213792165 231.506407260895 236.020028591156 237.273315588633 233.649412790934 229.920744895935 239.170591036479 240.813295046488 237.939635912577 232.092082500458 231.512407461802 235.986034075419 235.961278279622 229.515115420024 230.174283186595 224.947969118754 222.738067309062 227.154632409414 247.361242771149 263.241430123647 265.226423740387 265.099247296651 277.16471751531 249.894658724467 151.939739783605 101.903299490611 89.9504522482554 116.220265626907 189.344743887583 227.040787537893 201.268871625264 173.965096473694 190.446694691976 198.895533879598
228.950599829356 215.720395247142 222.12690114975 251.017053922017 279.922286669413 255.892237027486 228.701889514923 210.202574729919 203.951835632324 202.494422594706 202.659885088603 203.41024796168 219.451288382212 230.373720328013 234.153230985006 240.288138389587 241.178313891093 227.948367595673 230.666120847066 232.259551684062 231.040835380554 233.070929845174 233.403563499451 237.765789031982 239.038467407227 234.183251857758 236.082593599955 228.994488716125 224.124709765116 234.967788060506 255.298952261607 272.123436133067 268.280724684397 266.32688442866 276.683807373047 283.391535282135 238.434851169586 154.362360636393 116.824845472972 125.754803419113 159.851104021072 177.342136700948 181.941310564677 151.690979798635 157.412866751353 170.399387677511
220.683336257935 228.320419788361 258.191148440043 304.023901621501 300.234039624532 261.947433153788 224.435925483704 195.263564586639 183.769086996714 192.444781462351 189.781904220581 183.836658795675 211.127161979675 232.615689436595 241.107205549876 247.013092041016 246.38561407725 236.184895038605 234.738449255625 236.516336599986 233.62135887146 237.979133923848 238.386233647664 239.420394102732 240.617672602336 243.370691935221 243.6430255572 240.08713165919 233.073929945628 245.621105035146 263.27391465505 275.093754132589 270.736416180929 274.33983484904 281.379262606303 285.351812839508 291.024585564931 276.218771934509 199.788928031921 153.69055668513 140.781372785568 136.538535356522 157.105584939321 150.278031826019 149.549057086309 174.184401830037
239.358206590017 270.948529243469 302.258849143982 315.133293469747 330.985069274902 300.3964026769 257.642984390259 217.360536257426 203.686356544495 217.717846234639 208.821892738342 191.162784894307 204.996864000956 229.821860790253 247.587482134501 252.002437909444 249.90705649058 245.374818642934 238.31033706665 236.665527025859 237.126708030701 241.31041765213 241.79204305013 240.800539652507 243.662814299266 251.425584157308 252.672632535299 255.012392997742 251.099864641825 257.013440132141 268.55456829071 275.084594885508 277.243415514628 284.001032511393 289.281209309896 278.030455112457 282.589594523112 304.748336474101 275.446196397146 203.045547008514 153.401801983515 139.013797044754 144.661615292231 153.037230173747 177.806893984477 204.544266064962
284.080823262533 304.278055826823 307.141979535421 302.154541015625 317.514955997467 325.57471593221 308.026154836019 274.975041548411 250.758826732635 247.490922609965 246.449569861094 222.712477048238 211.273451646169 229.795535405477 249.156276384989 249.58211183548 248.835027217865 252.276996771495 239.3732269605 237.646798292796 241.138299306234 241.247991720835 241.658488909403 240.924994150798 243.579586346944 255.543311436971 260.196129480998 263.716598351796 259.962836901347 261.064251263936 273.502667744954 281.150380770365 279.128670692444 278.642058372498 282.416979471842 272.042850653331 272.595822811127 282.000025113424 265.310744444529 224.562664826711 189.214030901591 162.613521019618 150.9803434213 154.309769471486 175.314724445343 210.763275623322
296.410620212555 299.437959988912 295.222322146098 285.63779592514 288.628458976746 305.133144060771 313.638945420583 298.970739046733 277.702550093333 269.477109114329 269.50999101003 254.995107650757 235.593517621358 238.092541694641 249.642670154572 250.622232755025 246.435225009918 247.919122378031 238.350907961527 240.664025147756 240.197380383809 240.950385729472 238.882978757223 236.966808636983 244.315624237061 251.645068327586 260.9743475914 261.9682153066 260.838588078817 264.972964922587 276.61806344986 277.588427066803 265.622695287069 260.083019733429 263.689974943797 245.671153068542 243.812501430511 237.781902154287 217.435399691264 206.513444582621 217.007696628571 195.96532980601 175.03958940506 160.896062850952 163.519144058228 189.228971799215
298.22184642156 294.413844744364 299.354493618011 288.529674212138 282.758196194967 292.047301928202 310.647586981456 317.867159843445 299.33096965154 280.12748559316 272.881130377452 270.504216353099 261.068761348724 251.327196756999 249.224384625753 250.151058038076 246.211727460225 243.019262949626 243.043462435404 246.145904064178 241.226375102997 237.658739089966 238.42998345693 240.248243014018 242.304086685181 248.56561422348 256.511370340983 254.433115323385 255.908966064453 266.692260901133 273.320357004801 265.997687975566 252.582708994548 253.437320391337 248.532096544902 231.443961461385 233.78849029541 232.621312141418 228.462398052216 230.488836765289 233.460446198781 234.506726264954 212.371170520782 195.884009202321 180.476307868958 172.490179538727
311.693410078685 309.616982936859 315.886497497559 311.863581339518 303.784430027008 305.313229560852 316.930413246155 329.271674156189 310.727119445801 286.58781449 272.234817345937 273.077805836995 277.562141418457 262.278338273366 253.941178321838 255.933503309886 252.176642417908 244.504491488139 247.034172217051 248.139341672262 247.248570124308 243.37112903595 244.773348172506 247.447649637858 244.105438391368 248.663604259491 250.395158926646 248.553395271301 252.440969149272 265.565772851308 269.467194875081 262.43249575297 254.688203334808 255.662977695465 242.3029144605 236.38904094696 241.983393828074 245.368341604869 251.651803652445 257.727007071177 224.930008252462 221.3982741038 212.219436963399 202.615320682526 187.220851580302 165.250430504481
320.896089076996 320.260941982269 323.36684068044 323.110957940419 315.453410148621 310.376902421315 316.427111625671 328.46870024999 316.172480583191 286.020656426748 270.129879315694 271.092355251312 274.911085764567 261.755704879761 251.710136731466 259.224514166514 261.442601680756 251.131335894267 253.213445345561 256.547828515371 255.250732103984 249.927322069804 250.995655854543 253.775497277578 250.874201456706 249.800801277161 252.297143141429 255.43616215388 258.355657259623 266.482849915822 270.036697387695 265.468676884969 256.934901078542 254.51385974884 240.56883653005 244.34220790863 248.976012070974 251.906136671702 254.188239574432 253.445585568746 205.008606115977 174.842476844788 162.222921848297 154.270569483439 155.019154151281 152.629723151525
321.488420168559 323.542237281799 325.217247009277 323.98800055186 318.340182304382 314.770956834157 316.674828529358 323.602934678396 321.828484535217 294.768651326497 282.182653745015 275.386432806651 267.47731367747 261.488119761149 254.014591375987 257.808903853099 266.92400376002 259.862780570984 259.003857771556 261.171499888102 260.799447695414 256.584266821543 253.515879313151 253.830313682556 256.204605102539 255.068163077037 255.661010742188 261.320690313975 263.786415259043 265.500982602437 269.608855247498 267.731130123138 259.357392787933 244.723697503408 233.835677305857 250.796278317769 259.311040242513 259.123762448629 251.545230547587 251.85622771581 202.681680520376 141.722540060679 117.559711138407 108.148078123728 109.863777955373 116.914441188176
308.852394421895 315.705895423889 319.208721319834 318.459312121073 318.205197652181 320.535620053609 321.619311968486 322.412172953288 321.606755256653 305.632710456848 295.264025529226 283.101777235667 270.577967166901 268.668115139008 260.142187277476 254.886229832967 266.241908073425 266.707519690196 259.848237037659 260.602990786235 260.838528474172 257.179836432139 253.679394721985 254.089057445526 256.884217262268 259.214778741201 257.602492968241 260.692199071248 263.655622800191 264.551957448324 267.861048380534 268.55347553889 255.470554033915 232.436776161194 239.532430966695 265.086571375529 268.666744232178 262.996971607208 250.402768452962 252.1071434021 243.236859639486 178.585588932037 122.943629821142 106.023848056793 104.717622200648 103.405068318049
286.35036945343 291.36335849762 291.081547737122 297.817866007487 307.498673597972 317.065338293711 322.971125443776 326.362192630768 324.350357055664 315.464238325755 299.259603023529 280.865669250488 268.827060858409 267.984330654144 265.531659126282 259.874800841014 263.528327147166 264.42031065623 257.620414098104 257.331907749176 259.496430555979 261.529227097829 259.863396485647 254.694998264313 253.40873003006 255.741933981578 259.57179069519 261.38303677241 264.141996701558 263.310035069784 262.820462385813 265.244364738464 248.689790566762 234.2662413915 260.30691464742 276.954531669617 271.76829179128 265.267074108124 256.650706132253 258.266925811768 281.816422939301 276.452442010244 208.198368549347 157.322804133097 127.43811806043 105.700075626373
