input/barkrak2/radiation/dir26124.grid
NCOLS 85 
NROWS 70 
XLLCORNER 665100 
YLLCORNER 4664600 
CELLSIZE 20 
NODATA_value -9999 
[rows 20 to 39 of 70, columns 0 to 45 of 85]
74.7713148593903 62.7142339944839 68.3570057153702 88.9617602030436 85.2786302566528 76.534445087115 70.8575944105784 82.1056763331095 94.6746071179708 104.31843996048 108.482380708059 107.872406641642 104.382326205571 108.994901180267 119.081278642019 136.060218016307 149.860809246699 158.281544844309 169.735511144002 185.501098632812 193.099359671275 181.05947971344 180.820484956106 182.843089103699 182.390550772349 182.77112642924 181.518932183584 179.483016331991 181.683739026388 177.938083807627 169.814944267273 166.340013345083 158.751676479975 166.476507981618 162.24592924118 169.76523399353 169.154306252797 171.200275421143 176.065305868785 180.837154388428 182.397226492564 182.892302672068 185.864965120951 178.651988506317 184.130251407623 189.901073773702
104.363977909088 92.553456624349 86.9649151961009 111.899276574453 109.950403372447 76.9115040699641 80.9061427911123 93.149999777476 102.273265520732 104.302396376928 104.025820891062 103.498578071594 105.246881643931 103.41673096021 111.785093943278 126.169562339783 140.213469664256 152.144879102707 163.464576005936 178.241431713104 185.991326967875 199.289699395498 203.604936599731 201.21705532074 191.411773363749 179.185072580973 168.900310993195 160.946081082026 167.267044385274 158.911009629567 139.226297537486 125.120202700297 95.8484212557475 90.699831644694 92.7830537160238 111.559083064397 144.035816192627 160.136957963308 171.198089917501 176.91711584727 173.885881900787 172.773738702138 162.630637486776 145.796010891596 172.263662020365 184.352914492289
150.71560939153 147.742321093877 130.008240540822 132.48352209727 131.679087877274 97.8457729021708 103.192309538523 101.873924334844 99.7471610705058 100.896626710892 105.92391093572 109.269013007482 111.714462439219 113.881021738052 116.608599821726 124.635775883993 137.219766775767 149.194210767746 157.922873894374 161.232173442841 165.760576725006 183.468520641327 192.200581232707 193.486412366231 191.631337006887 176.396648089091 169.651766618093 158.147474129995 156.569987535477 137.040883302689 114.446103572845 74.7706989447276 50.0754366318385 28.3949350317319 27.7764871716499 45.9657311439514 82.0362667242686 105.836649735769 126.286049683889 141.927450895309 151.517520348231 158.065984646479 135.759274164836 112.530539433161 143.858989079793 178.701400756836
186.914761861165 178.875863552094 149.167716503143 139.066398143768 137.168039878209 133.077661196391 122.607886791229 106.527954339981 95.8586831887563 97.4383056163788 110.294133424759 110.651125510534 119.850754737854 130.88450829188 125.973532597224 127.44211157163 134.931037823359 147.673000892003 153.432637453079 144.093195597331 146.561761697133 150.193770726522 162.236909071604 170.948723951975 175.138751665751 172.52391576767 161.226431528727 143.422255913417 122.82473842303 96.93909684817 67.7938063939412 55.9828728437424 26.5980909268061 2.42620551337798 0.193530965285997 6.705600147446 33.1673075755437 58.3678235610326 70.063258210818 78.6567032337189 85.5945944786072 75.08851091067 88.822732369105 125.11016925176 138.630310694377 166.606585184733
183.366815249125 180.755734443665 165.012061595917 142.973214387894 128.466417392095 131.967683633169 124.616990486781 115.616738796234 106.393237908681 102.847794691722 104.12210226059 107.892831166585 118.951459725698 125.631034374237 125.40727853775 125.8844435215 133.20118188858 144.997467597326 150.756329298019 142.485727866491 143.07826757431 138.699660698573 148.256917794546 154.312342405319 157.632748285929 154.791404803594 146.102875471115 131.15268945694 114.897986253103 64.1551812489827 57.1035842100779 56.7252685626348 35.0373635689417 2.59985604013006 1.4139359506468 9.2901469518741 20.1057915886243 34.7239722808202 41.6023011008898 41.4643362164497 38.1632894277573 42.2737946112951 63.1061792373657 153.835376103719 159.237404664358 169.788420200348
169.841090838114 175.324598948161 174.01776711146 148.555934429169 128.846595684687 133.362531661987 136.248876651128 144.571413596471 142.517139514287 127.258976300557 115.771730740865 126.449873050054 129.944046338399 135.797629753749 136.915683746338 130.459845066071 132.106989622116 144.118050734202 148.884077866872 152.243673801422 157.85077214241 152.038464943568 148.055076599121 145.766417185465 145.207941532135 145.56747674942 135.028411944707 125.677327315013 101.925055185954 86.5858197212219 86.519072453181 97.1620678901672 91.2439624468486 33.1695228815079 15.6753535072009 26.6100093722343 27.3585766553879 35.3930319348971 37.6643066604932 27.128870288531 25.5587249994278 30.8759560187658 79.0168444315592 160.223772128423 177.147607008616 180.63497543335
169.41757996877 174.754500389099 176.13023519516 156.278560558955 145.569463570913 152.531494696935 163.150449593862 171.247363090515 178.954084714254 163.04208834966 142.018765211105 149.623652299245 148.153652747472 152.517318725586 151.108046372732 138.979693253835 136.477500200272 148.239612579346 154.161274433136 167.324244976044 169.777989387512 167.677005132039 156.948427359263 148.003786802292 147.69579966863 146.333485841751 139.00555173556 131.343642870585 117.499132951101 122.067918380102 137.829701105754 163.591941197713 172.55691687266 158.400237560272 88.2592797279358 45.1917598644892 43.1306958198547 44.3431238333384 38.9704058567683 24.1981421907743 44.3256050348282 81.3300708929698 127.185881137848 161.120335261027 168.826262156169 167.441248893738
172.100047270457 164.079874753952 171.319127082825 160.385270913442 176.736652851105 178.94717057546 186.77939971288 184.815367062887 182.88387854894 180.088341236115 158.931940793991 152.757664521535 154.925922552745 155.920455853144 155.98871310552 151.026984055837 145.676632722219 153.157105048498 166.099816560745 172.493735949198 169.758021831512 159.489572048187 155.534525712331 156.148970127106 156.180481115977 154.024471839269 149.453083674113 147.421548763911 152.711451053619 162.788182497025 180.582324663798 192.911565303802 201.18772983551 212.93697754542 185.942808787028 92.546155055364 59.1214348872503 48.9775836467743 38.9250243703524 25.7378146052361 67.6965167125066 153.113146622976 149.670571088791 124.182671308517 136.390974124273 134.163568417231
167.765935262044 157.080193360647 163.307875394821 165.732045968374 200.450897216797 190.874099731445 181.532462437948 166.430731614431 162.953952948252 159.02246038119 150.891164938609 142.171750466029 150.429308414459 153.934746980667 159.253338972727 161.588271458944 156.293680270513 153.018852074941 163.99222612381 165.721635023753 163.623034954071 156.640241543452 156.075616677602 161.723534266154 162.478983402252 155.825058619181 158.047407865524 155.897110700607 163.725058237712 176.85321966807 198.890010515849 212.008277575175 218.075633049011 219.298322995504 220.505913098653 162.131647268931 61.0954264799754 30.0151333212852 21.0516477624575 30.8905268708865 87.4396761258443 143.500675757726 128.686596949895 94.7248339653015 97.6215898990631 95.3685740629832
167.64243443807 150.908788045247 157.076517740885 174.767355124156 200.283308823903 189.046144485474 163.909008105596 142.300476630529 129.799495140711 121.983587741852 118.64980061849 123.368004957835 138.754477103551 154.674182335536 161.060353120168 169.737676779429 165.587425231934 152.043610811234 156.099796295166 156.875828901927 155.503849188487 158.382594585419 158.658802509308 164.297342300415 167.295257250468 161.693970362345 165.617009003957 161.374757687251 162.316938241323 186.042447884878 209.585865338643 224.707027276357 223.530292510986 222.129464149475 233.183960119883 225.521445274353 149.821261564891 63.6825859546661 46.4830150206884 48.8721132278442 74.4886547327042 87.9699885845184 98.7127621968587 73.4696537256241 67.4037237962087 71.5241432189941
164.168387651443 170.886794726054 199.317514896393 242.762347062429 228.090802828471 192.131539185842 154.637227455775 121.342957019806 109.057575464249 113.757938146591 109.529723723729 107.023775577545 128.142903248469 155.181646347046 167.833844820658 174.985110759735 172.5039879481 161.034216483434 160.463829835256 161.793917417526 159.388283888499 164.206931988398 166.60338640213 169.550319512685 171.824117501577 174.657742182414 173.064668973287 172.154088815053 175.094266732534 196.551243464152 219.009359677633 230.023284753164 225.807468096415 232.596417268117 244.060138861338 248.824377854665 234.6537510554 192.943334579468 112.112015485764 69.1466629505157 58.8535716136297 61.6679241259893 81.1911970376968 68.8708772261937 63.5204762220383 82.3260148366292
183.884123961131 220.260103543599 263.756076494853 285.603741804759 283.671855926514 236.955106258392 184.161086877187 143.050968647003 131.031572818756 138.207485278447 127.280980348587 115.34704764684 127.374708652496 153.868248065313 172.515193621318 178.420086701711 177.260955174764 172.029872735341 163.907587528229 162.88948059082 164.298137029012 168.644587198893 172.911465167999 172.143578529358 176.169037818909 187.482198079427 188.199420770009 190.040866533915 193.323493003845 206.970810890198 222.836991151174 231.829504172007 234.993120034536 242.458164691925 249.018390973409 245.36128838857 242.453595002492 246.78107102712 188.959002494812 106.362919012705 66.368709007899 64.5785878101985 69.6890354156494 74.4619121154149 86.9663953781128 109.675616025925
242.320199807485 274.084289868673 289.850513140361 288.475553194682 300.013899803162 287.662386894226 253.27738126119 212.738573551178 181.657433509827 173.505405584971 168.679296970367 149.521956841151 137.062013149261 151.896794637044 174.086054166158 179.860870043437 171.740730603536 173.746307690938 161.547074715296 160.987804333369 165.602952241898 167.240997155507 168.018738428752 170.928279558818 175.040046374003 188.30015261968 197.780251502991 204.297045866648 205.894748369853 209.487676620483 224.240879217784 234.89252726237 235.092182954152 233.058432737986 235.274116198222 224.449654420217 225.169777870178 223.734279473623 185.686786969503 131.452371676763 93.6815639336904 83.7859710057576 75.4517217477163 79.1398535172145 83.5353235403697 114.322185516357
275.920112927755 292.553961277008 291.63380463918 282.553454240163 290.438493092855 298.198580741882 286.818861961365 251.373827457428 216.827829678853 201.700806617737 201.384305953979 187.184115250905 162.012467781703 155.551642179489 161.3829433918 168.076415856679 162.915845712026 165.513455867767 158.479154109955 159.032235542933 156.963378190994 160.21595398585 159.5558822155 162.654956181844 168.532252311707 181.194285551707 196.861584981283 200.437009334564 204.821527004242 214.188198248545 226.328094800313 227.918028831482 214.932203292847 204.836467901866 208.120087782542 180.795152982076 180.775006612142 168.206751346588 141.356289386749 113.957772652308 121.312985817591 111.735651890437 93.9435958862305 81.9442371527354 73.4265098969142 87.7484679222107
287.959734598796 292.257686456044 294.630805651347 288.505554199219 287.284374237061 292.006929715474 296.797076861064 280.779302120209 239.880442619324 214.509526888529 210.574666659037 204.985280831655 186.202466487885 165.405462185542 163.34926088651 165.313273668289 161.72860066096 157.364398241043 159.361898899078 162.403583526611 156.923075517019 157.491952180862 159.084926048915 161.726077397664 166.322708129883 173.837880293528 185.896158218384 185.632685820262 194.356997807821 210.990329583486 221.145530541738 213.618874549866 201.554358005524 197.719573974609 183.995266755422 172.139267126719 175.925095876058 173.513213793437 158.633341391881 138.550410668055 141.867031653722 149.123062690099 131.806572278341 106.870174407959 87.8586173057556 77.7095158894857
291.153868039449 293.968419233958 294.187347094218 295.096675554911 289.381861686707 287.994921207428 292.620182037354 288.151522477468 251.758058865865 219.365477561951 205.022394657135 198.548754056295 194.191455841064 175.128916899363 169.043978055318 173.221786816915 167.370041211446 157.50781695048 161.927779515584 164.491285880407 161.658465862274 158.754001061122 162.184397379557 166.515270868937 166.13362232844 171.538670857747 177.747627099355 177.318453788757 184.870600700378 203.559915224711 211.780349413554 207.646191120148 204.160332679749 205.156127611796 185.973505179087 178.793867429098 184.548298517863 190.664132436117 190.961420536041 171.457449595133 133.931527535121 133.680323759715 123.547335465749 106.481959422429 84.6498211224874 69.1618422667186
280.41003147761 282.28239218394 284.35488541921 283.162752787272 280.441383520762 277.773976325989 283.298134803772 287.404417991638 257.455348968506 215.455532073975 197.364687919617 189.850846926371 193.625092506409 175.97351471583 165.611694256465 174.832542737325 176.301856835683 164.007584253947 166.279176870982 171.030660470327 169.83958085378 164.054105679194 165.717571973801 169.409215450287 168.423056602478 168.333172798157 176.307717959086 182.377616564433 186.15851799647 199.888904889425 209.37317609787 209.505796432495 205.635031064351 206.929127375285 187.371095021566 189.577837785085 192.311743895213 199.108401934306 199.930846691132 175.894459088643 109.67543721199 86.028923590978 72.9817003011703 61.1654619375865 61.7420524358749 56.8751593430837
265.217840671539 271.857480208079 278.900424639384 277.284562587738 275.453766187032 277.803838253021 283.683876196543 286.535839239756 267.862260341644 223.434011141459 202.363928159078 189.10292784373 181.658724943797 173.997938632965 163.465241591136 170.526842276255 182.298461596171 173.93292983373 169.481674830119 172.333121299744 174.146970113118 168.851355711619 165.290007988612 168.933649857839 169.826587041219 170.425077279409 173.593123753866 184.31031703949 187.758803367615 192.459066708883 204.65886592865 211.897492408752 209.20330286026 188.841025034587 181.260863939921 198.877255121867 206.094304720561 208.95520846049 194.484273592631 187.379658222198 103.23029756546 53.9686977863312 22.846020758152 23.3573094010353 25.4635860522588 36.6824915011724
235.635876655579 244.124273459117 251.703441143036 255.954881509145 262.090484301249 272.745231787364 281.080563863118 283.447782198588 274.280190467834 240.28488000234 215.613842010498 196.160217126211 181.095480918884 179.993093013763 170.060435930888 163.282811641693 177.247524261475 176.376521587372 170.047581195831 169.268170992533 171.460608641307 167.537212371826 163.341462612152 166.167338689168 169.421414534251 173.432469367981 174.312074979146 179.736812909444 186.145941416423 187.135418256124 195.663889249166 209.26566918691 197.694341341654 177.574058373769 186.698238054911 214.436233043671 219.721833864848 214.255293210348 205.476542313894 203.586637973785 163.230945666631 76.1580069859823 36.3307942946752 28.5323138038317 29.2771607637405 27.6429951190948
202.002704143524 207.749843597412 207.447032133738 217.676440874736 231.591443220774 246.857841809591 258.615533510844 267.280201117198 262.834906578064 242.577254772186 214.287400245667 193.265875180562 179.153382778168 177.804986635844 172.899703184764 165.484219789505 171.851674715678 171.999037265778 165.096710125605 164.357135693232 169.299304485321 171.945790449778 169.750014940898 166.244854529699 164.830426375071 168.575584888458 176.032781600952 179.046849409739 185.273627440135 184.612214565277 186.991572380066 197.888096173604 187.587082386017 184.405227502187 211.962521076202 226.540625095367 223.410964012146 216.377298037211 212.949454784393 222.347378730774 232.071439425151 190.157771110535 104.92350657781 62.0784958203634 41.9239352146784 26.9470140337944
