input/barkrak2/radiation/dir25424.grid
NCOLS 85 
NROWS 70 
XLLCORNER 665100 
YLLCORNER 4664600 
CELLSIZE 20 
NODATA_value -9999 
[rows 0 to 19 of 70, columns 0 to 45 of 85]
243.115007877349996 256.583333015442 269.03490225474 284.078637758891 290.375550587972 288.865824540456 281.163096427917 274.999300638835 277.474284172058 278.366406758626 277.72464354833 280.260026454926 280.77894449234 281.318028767904 283.622264862061 278.302152951558 268.460690975189 257.199009259542 252.036909262339 241.402486960093 233.201464017232 243.203679720561 268.344342708588 275.130808353424 277.052919069926 283.470729986827 282.80121088028 269.167363643646 253.509163856506 249.956746896108 246.514121691386 262.91557153066 299.835085868835 299.330393473307 300.420065720876 282.615860303243 290.518701076508 304.194549719493 298.599024613698 301.463484764099 283.078233400981 284.770607948303 294.666886329651 300.000707308451 294.626971085866 294.909954071045
223.422666390737 239.609797795614 252.367993195852 268.820663293203 279.309312502543 281.110405921936 276.569267114003 275.094886620839 283.423900604248 282.658795515696 278.450270493825 279.386202494303 281.410058339437 282.65259663264 282.423436641693 277.02925602595 273.589332898458 265.815575917562 260.875026384989 248.510440190633 247.042854626973 260.565559069316 279.053787390391 281.669656435649 285.914540290833 288.169582684835 283.745388189952 271.175106366475 258.06200504303 251.483460267385 252.315322558085 275.950809319814 300.180017948151 300.482491652171 299.774686495463 285.462319850922 291.644851366679 301.883737246195 296.698530515035 301.422794659932 295.097470283508 287.34827041626 290.058016777039 293.648878733317 293.876846631368 294.202168782552
187.776068846385 200.589378674825 212.799926598867 224.053680896759 237.129847208659 246.478080749512 254.649917284648 265.628655751546 275.103410085042 274.254421393077 271.247267723083 275.684356689453 285.086691379547 288.731614748637 286.125779151917 291.204770406087 293.809036413829 287.684698899587 274.190048376719 264.179408550262 268.878042697906 275.423169136047 280.559321244558 282.344122727712 287.561853726705 287.054975827535 278.927842775981 270.188927650452 261.569062868754 257.42761294047 262.68215974172 287.720640500387 296.347618103027 298.746228218079 298.81089925766 291.895031929016 293.008863925934 295.120020707448 298.178732395172 299.682716528575 294.965545336405 283.364335695903 276.473144690196 281.201004981995 291.959087053935 294.480899969737
169.063091278076 170.69818576177 178.83570988973 185.951550801595 191.90792242686 197.185536225637 204.39358552297 219.726820786794 239.020228385925 254.342198371887 264.72528775533 277.601997057597 288.308680057526 292.219122250875 293.262581030528 296.216428279877 295.182446638743 287.701805432638 276.31151676178 271.33055528005 269.97301975886 268.391867478689 277.634104092916 279.978553454081 281.205058097839 283.032417297363 279.438376426697 272.242705027262 269.151469071706 268.355846405029 267.981628576914 291.859726111094 295.33980290095 296.996653079987 296.213984489441 297.695219516754 296.771168708801 296.46227757136 300.127704938253 296.139121055603 286.509891351064 274.301588535309 270.17883459727 284.244378407796 299.227833747864 293.767511844635
192.076881726583 174.519499142965 161.780407031377 152.963658173879 156.119555234909 171.749750773112 192.689716815948 203.43546072642 213.766137758891 221.274256706238 241.91019932429 263.479113578796 276.917099952698 283.538023630778 288.016001383464 289.847473303477 284.832259019216 275.199214617411 271.845241387685 271.048982938131 266.77010456721 265.114406744639 275.236407915751 277.464667956034 279.341181119283 284.458955128988 281.270285447439 275.147398312887 271.507521470388 269.35472091039 273.847301801046 297.851304213206 298.232436180115 297.94830083847 293.712457021077 295.04531621933 298.695246378581 298.633416493734 293.981830279032 288.997232913971 285.751760005951 279.916822910309 281.426171461741 289.543350537618 291.962305704753 284.753640492757
234.510699907939 206.28547668457 178.70819568634 155.309836069743 146.72440290451 158.217827479045 182.935973008474 200.122892856598 204.351425170898 204.184691111247 214.748422304789 228.67214679718 238.550662994385 244.603216648102 252.988537152608 260.276734828949 260.724544525146 261.701226234436 267.503619194031 272.840440273285 272.925277551015 276.085635026296 279.030859470367 278.305252393087 280.498305956523 285.148580869039 283.265153566996 279.232700665792 274.109522501628 272.78741200765 286.21502717336 298.96221558253 299.405833085378 300.662616888682 294.645110766093 292.132953802745 295.759002367655 294.277946154277 287.068426609039 288.715203603109 287.486990292867 283.336063226064 283.723612626394 285.0421667099 277.275820573171 259.354909261068
256.040771802266 231.657306353251 211.197217305501 190.094033877055 169.181982676188 156.666566928228 164.506296316783 192.74773200353 206.480344136556 214.741170406342 211.791733900706 206.545094648997 202.268799146016 198.346475760142 200.16489426295 215.751707553864 228.070418039958 246.424317359924 263.713677724202 274.884382883708 278.52189540863 279.672463734945 280.749281247457 279.156565666199 280.547241369883 282.967249552409 284.374495347341 282.830814520518 278.574148813883 281.73021475474 292.079349358877 299.474994341532 299.898107846578 298.436860243479 295.589705308278 289.074957370758 289.161463578542 285.306990146637 284.064034620921 282.978177070618 278.135816256205 274.981458981832 278.93586953481 281.990269819895 269.406219323476 259.882112344106
264.850199222565 254.878620306651 243.14159154892 227.457404136658 204.437931378682 174.223979314168 153.288473685582 153.039475282033 186.500747998556 212.274571259816 220.213731129964 216.205795605977 207.259257634481 197.353541851044 184.514721234639 187.517603238424 200.354278087616 217.04238653183 240.589261054993 259.627938270569 270.264108975728 275.960604349772 281.913161277771 279.876550038656 278.515140215556 278.628448645274 279.279192288717 278.795679410299 277.324259281158 284.482955932617 293.055156866709 296.209613482157 294.723629951477 291.674455006917 286.823471387227 283.427556355794 284.950693448385 279.220203558604 271.406213442485 262.965162595113 264.710704485575 273.57949813207 286.871870358785 292.924284934998 279.991308848063 275.772889455159
256.968379020691 257.389823595683 253.149469693502 244.969725608826 231.283624966939 208.765069643656 178.277134895325 149.76512392362 164.119303226471 186.110377311707 206.295669078827 216.176450252533 218.203524748484 215.462724367777 203.397274017334 195.891300837199 193.182051181793 197.221159934998 211.935798327128 229.633311430613 245.562632878621 258.589307467143 267.304102579753 264.464656511943 266.125837961833 266.720553239187 267.616788546244 268.442094326019 269.632875919342 278.121113777161 283.448795477549 283.345182736715 281.883498032888 281.765739123027 280.993203322093 281.560301780701 280.507147312164 275.831758975983 266.363600889842 263.41305176417 277.65025695165 289.839863777161 296.387135982513 295.72190841039 283.197939395905 277.247528235118
226.936022440592 236.891567707062 242.031296094259 242.060999075572 239.012062549591 234.702984491984 217.973510424296 199.193020661672 168.162941932678 158.395737409592 171.44509156545 197.11689154307 219.043572743734 229.849318663279 231.164495150248 222.494959831238 207.207103570302 201.367477575938 200.670599937439 204.164147377014 213.126579920451 221.119562784831 230.623543262482 238.089700539907 246.76771958669 249.684949715932 250.989894072215 251.760502656301 253.791133562724 260.441184043884 261.856476465861 262.667953968048 268.958846728007 273.33128452301 275.299350420634 275.089462598165 273.649911085765 275.476356347402 266.529401143392 272.055308024089 290.385941664378 297.722816467285 297.937969366709 295.292317867279 280.988732973735 275.680164496104
173.040727774302 187.379479408264 200.606346130371 211.671054363251 221.656203269958 229.746699333191 231.277247269948 225.5899310112 197.492102781932 171.528259913127 156.3467780749 164.29540514946 192.301789919535 218.504945437113 233.718772729238 223.709384600321 215.777059396108 208.042939503988 199.81316725413 194.354474544525 194.636066754659 194.942633310954 198.659499486287 212.725281715393 225.604812304179 233.809252580007 235.638320446014 235.983331998189 241.913795471191 247.137983640035 250.176171461741 253.786941369375 263.123552004496 267.123699188232 266.227563222249 266.128281752268 269.927620887756 274.243394533793 273.05656671524 283.221940199534 293.257872263591 297.177275021871 297.148108482361 293.670912583669 286.252458890279 285.444895426432
129.149218400319 134.449064731598 144.095549980799 157.065997521083 173.832774162292 191.028376420339 210.133890310923 216.681361198425 217.486381530762 203.263719876607 176.415006319682 155.35643696785 158.244083325068 182.061493396759 209.714631239573 213.559408982595 219.869454701742 216.295878092448 206.086774667104 195.190926392873 188.450793425242 185.853679974874 185.619592666626 194.958905378977 204.203069210052 210.591435432434 213.762044906616 218.283514181773 225.396235783895 230.342586835225 235.159734884898 240.743358929952 247.180044651031 249.733010927836 250.096480051676 252.040803432465 261.949419975281 272.136012713114 276.298264662425 285.526593526204 290.360887845357 292.299489180247 290.472408135732 287.04563776652 283.008356889089 282.081445058187
111.983398596446 107.868005832036 105.57966430982 107.005377610524 116.124282280604 135.29430826505 161.321351925532 183.933774630229 213.928878307343 219.231843948364 207.231799761454 181.860486666361 153.167267640432 150.85956454277 174.790759881337 202.243049939473 218.686501185099 221.643487612406 216.478745142619 206.877926985423 197.752992312113 197.095056374868 196.118831634521 196.987907091777 197.792490323385 197.417875130971 201.762616634369 210.93891064326 214.784284432729 216.231723626455 221.577803293864 227.236211299896 228.291630744934 230.184396107992 233.203450838725 238.532920678457 250.412027041117 262.366056442261 264.368871847789 272.509217262268 277.782440185547 278.843879699707 277.905106544495 278.565506140391 273.58357111613 274.037400881449
93.7334001064301 70.5432196458181 60.8046700557073 54.2753785848618 49.7367729743322 54.3193419774373 73.8754570484161 107.722669839859 150.517890850703 197.390794754028 217.051804065704 216.468453407288 195.7026720047 169.261256853739 166.319032510122 191.884775956472 209.67568953832 223.744432131449 230.917016665141 226.582586765289 214.663624763489 211.384654045105 207.382023334503 206.962108612061 207.080324490865 205.095410346985 207.928796609243 216.828604539235 216.760019461314 210.054596265157 215.558568636576 220.576067765554 222.143491109212 222.467720508575 226.491908232371 233.9239915212 239.380478858948 245.231211185455 248.943666617076 251.117388407389 256.188054879506 261.119723320007 268.133262793223 272.593756516774 268.093705177307 271.373331546783
101.05973482132 65.2721871932348 39.9478475252787 25.6436914205551 23.8581076264381 29.1166082024574 43.5606737931569 66.3164754708608 90.3142094612122 132.213115692139 178.287506103516 219.197154045105 236.576000849406 218.498865763346 191.845933596293 186.240394910177 191.885193188985 208.147168159485 226.775566736857 236.138542493184 233.813107013702 226.684768994649 223.919212818146 219.933609167735 216.735541820526 215.400437513987 216.99998776118 219.403962294261 215.036511421204 209.886471430461 213.164309660594 217.693090438843 217.720488707225 217.589716116587 221.727629502614 225.005666414897 226.696272691091 225.806256135305 230.418483416239 230.467756589254 236.455162366231 244.351943333944 250.319917996724 254.392643769582 254.933555920919 258.473118146261
91.0584330558777 64.506600300471 32.2987288236618 13.4003100295862 18.8252987960974 39.6344612042109 54.2564888795217 69.5240596930186 86.1799816290538 107.473840316137 139.374415079753 176.479895909627 198.89231522878 214.148779710134 210.840145746867 186.12398703893 178.551336129506 184.069832166036 202.075282732646 228.777527809143 240.978916486104 235.879381497701 236.655135949453 229.973475138346 223.297198613485 224.039594332377 226.2242436409 222.339749336243 217.141290505727 219.159483909607 219.053665796916 218.403935432434 215.394139289856 213.699698448181 214.582562446594 213.17724386851 210.940321286519 206.71941836675 209.322551886241 211.644073327382 216.46386384964 222.554703553518 224.957585334778 227.063834667206 238.657116889954 244.47641770045
76.8950879573822 65.926859776179 40.3121709823608 6.35248112181822 15.1323477427165 42.0184036095937 58.931440114975 73.5190560420354 91.6058719158173 101.789871851603 118.337154388428 155.812293291092 179.559985796611 191.415309906006 204.293628533681 203.031798203786 198.589901129405 190.691113471985 182.496110598246 193.424165248871 218.514959017436 236.745357513428 243.544379870097 238.74439795812 231.151084105174 232.024828592936 235.96982161204 231.305738290151 229.089756806691 233.912070592244 231.805682182312 220.335821310679 214.004516601562 208.976368109385 204.111119111379 203.005353609721 198.216080665588 196.802099545797 197.037637233734 200.779298941294 203.344146410624 205.72950442632 208.993454774221 211.896479129791 228.724777698517 238.875210285187
69.4952110449473 69.9802488088608 57.134543855985 18.1097164750099 19.7035695115725 46.355793873469 66.3587749004364 86.4235858122508 99.4223753611247 109.840889771779 119.29573615392 138.348708550135 162.935654322306 178.164124488831 193.89796257019 211.704472700755 213.525811831156 208.032131195068 195.326685905457 183.014551798503 193.433880805969 219.507237275441 227.986653645833 235.872507095337 238.675057888031 243.560492992401 247.402449448903 245.595892270406 243.096669514974 244.515458742777 238.136808077494 226.281185944875 217.328270276388 208.615779876709 202.044725418091 199.079831441243 196.211079756419 196.125467618306 195.647458235423 197.95306523641 200.488130251567 201.493302981059 201.850454012553 205.754299958547 217.196186383565 231.147587299347
73.86514544487 81.4039955536525 81.4638137817383 46.6396262248357 38.3988668521245 65.1159882545471 80.8136959870656 98.400076230367 111.974755922953 131.315420071284 141.510089238485 145.812769730886 157.511949539185 164.018660783768 177.9545545578 197.946111361186 206.170082092285 214.237034320831 214.388231436412 202.750484148661 186.654210090637 199.336330095927 208.068827788035 222.240805625916 235.9432776769 246.066808700562 251.546283562978 254.239122072856 249.120891094208 246.454040209452 238.491773605347 231.292108694712 221.527596314748 211.729526519775 206.076165040334 201.04722181956 199.632028738658 196.373562018077 195.092578728994 198.508461316427 202.702403068542 203.785538673401 203.330556551615 205.950935681661 206.927418708801 221.632520357768
79.9739261468251 82.9865435759227 93.5531357924144 85.1642390092214 72.9138851165771 81.8939059972763 84.7734808921814 97.5796182950338 113.275676965714 128.193984429042 143.6661084493 139.491240183512 133.248666922251 140.127956867218 150.890380144119 174.324611822764 182.96754360199 194.942037264506 201.966961224874 206.773539384206 205.124318599701 190.136551856995 192.002753416697 201.655069986979 210.748076438904 219.947397708893 232.901851336161 238.316635290782 241.960187753042 244.437237580617 239.229242006938 231.119294961294 221.956749757131 214.387456576029 209.830005963643 204.546213150024 199.971755345662 191.058655579885 188.939193884532 197.09712266922 203.920483589172 206.273277600606 208.284417788188 207.337498664856 204.438070456187 214.012066523234
