input/barkrak2/radiation/dir22924.grid
NCOLS 85 
NROWS 70 
XLLCORNER 665100 
YLLCORNER 4664600 
CELLSIZE 20 
NODATA_value -9999 
[rows 0 to 19 of 70, columns 0 to 45 of 85]
297.288199265798028 304.86132701238 310.822864373525 317.874332269033 319.431662559509 317.028800646464 310.301105181376 304.022093613942 307.404577732086 307.621379693349 305.675983428955 310.359219710032 313.146630922953 312.893867492676 314.946273962657 314.287861188253 306.07815583547 298.735082149506 296.861430009206 285.649836063385 269.60281531016 273.473044236501 295.062919457753 302.810827891032 301.473418871562 303.319096565247 303.422351678212 291.965921719869 272.65735467275 268.468181292216 266.087909539541 278.147260348002 302.336434523265 300.137579441071 306.623041629791 296.475350856781 298.253158728282 308.509786923726 298.969050248464 305.070499579112 294.514536857605 285.75865427653 295.094231764476 307.818194230398 309.493899345398 305.029511451721
277.091085910797 289.786815643311 298.670828342438 309.718549251556 315.906643867493 315.045674641927 308.623691399892 302.952488263448 308.56974919637 309.344351291656 304.559608300527 307.770450909932 312.632918357849 313.866555690765 313.160479068756 312.831083933512 310.327470302582 306.161284446716 302.651623884837 291.093508402507 283.404568831126 287.566125392914 299.601038297017 304.080069065094 304.244617621104 304.237405459086 301.588277022044 293.155630429586 276.539365450541 268.711566925049 270.493606726329 288.45226764679 300.555964310964 300.560216108958 306.634068489075 297.026793162028 296.524107456207 301.22301975886 296.03103796641 306.394000848134 302.642186482747 294.444342454274 298.06254307429 308.72509876887 311.532179514567 308.440208435059
247.700174649556 258.979896704356 268.08887720108 278.305311997732 288.082758585612 295.470992724101 299.640119075775 304.182946681976 307.577808698018 305.613795916239 300.376852353414 302.818715572357 311.655004819234 314.965446790059 312.064131100972 315.910498301188 318.736036618551 316.729327042898 311.044732729594 303.48805586497 304.502209027608 304.026226202647 302.760442097982 303.038060665131 306.050141652425 306.366960207621 300.057311852773 291.471739610036 279.957671960195 271.531899770101 274.535874525706 294.290860493978 293.588598569234 297.947307427724 305.52730957667 299.454271793365 291.831274827321 288.586139678955 295.995493729909 305.541773637136 303.515374660492 299.695392449697 296.586255232493 305.23411432902 316.416541735331 312.258819739024
232.524335384369 232.726752758026 240.14937877655 246.776203314463 252.5554895401 257.316470146179 263.02170753479 274.817188580831 289.249360561371 299.275120099386 302.802522977193 308.647473653158 314.809898535411 316.87597433726 315.59685866038 314.429501692454 315.436085065206 313.882251580556 310.310165087382 308.330694834391 306.29958709081 304.155071576436 308.356801668803 307.314336299896 306.315680344899 307.48987197876 303.17751566569 295.660555362701 289.099494616191 283.309042453766 278.732776641846 296.191116174062 292.519311110179 296.03644212087 299.286464850108 300.615469614665 296.873946984609 294.531087080638 305.644631385803 308.513522148132 302.520593007406 293.641785780589 289.613604545593 300.984660784404 315.424124399821 313.502589861552
251.718163490295 236.082812150319 224.84036286672 217.427213986715 221.317966779073 235.235393047333 253.464857737223 262.408753236135 270.894090334574 276.752670605977 291.63525501887 305.77431122462 313.852369785309 317.221383253733 317.827165126801 317.798256874084 313.732624053955 306.455512841543 305.533945560455 307.757218678792 305.187920729319 303.870399792989 310.888767242432 310.098071893056 307.896653811137 310.052911440531 306.266109148661 298.997243245443 292.995830376943 288.954357306163 291.303952534993 303.30886443456 299.719552199046 300.806482632955 297.352115313212 299.55381155014 306.328336397807 308.640857537587 310.455044110616 310.32915910085 307.714502016703 301.722804705302 298.74320824941 300.578633944194 306.022167205811 311.468183994293
287.969589233398 266.126453876495 241.396466890971 220.274527867635 212.272445360819 222.868204116821 245.986938476562 259.720385074615 263.053794701894 263.144691785177 271.967629591624 282.995442549388 290.519873301188 295.490205287933 301.039596398671 305.012901624044 302.616119384766 299.580256144206 302.133679389954 306.727310021718 306.707163651784 310.016632080078 314.294298489888 312.70033121109 311.172803243001 312.168002128601 308.290859063466 303.117434183757 295.869092146556 292.007486025492 298.473099867503 304.437577724457 306.210001309713 309.269309043884 303.79178126653 301.137983798981 306.436161200206 309.206207593282 307.857950528463 308.207929134369 308.280030886332 304.904242356618 303.868293762207 304.315447807312 299.31644598643 291.462222735087
303.699334462484 286.411980787913 270.254333813985 251.600941022237 232.918759187063 221.207499504089 228.479425112406 254.5019586881 265.714506308238 271.875659624736 269.5126136144 265.108585357666 261.520802974701 258.340418338776 260.394215583801 273.098270098368 281.585097312927 293.894410133362 304.244895776113 310.452302296956 310.603082180023 309.258202711741 313.341736793518 313.630322615306 313.404778639476 314.786016941071 312.948226928711 309.141993522644 302.742759386698 301.133672396342 304.349740346273 309.481044610341 316.514770189921 318.563997745514 314.960062503815 308.895866076152 307.538131872813 307.719031969706 307.946403821309 309.99743938446 307.621002197266 304.119388262431 304.059406121572 301.53755346934 286.369701226552 279.95353937149
307.026326656342 301.453312238057 294.396917025248 283.047676086426 264.724532763163 237.348516782125 217.725813388824 218.214591344198 249.107440312703 270.722389221191 276.831309000651 272.779723008474 265.463391939799 257.418731848399 246.58199151357 249.707182248433 260.508676369985 273.926953474681 291.177848974864 304.154276847839 309.300939242045 309.472342332204 312.715272108714 313.275853792826 312.591075897217 313.830494880676 313.772082328796 311.26477320989 307.681878407796 309.415280818939 312.943875789642 315.715909004211 319.259266058604 319.307843844096 315.655330816905 311.330437660217 309.226195017497 305.184165636698 298.574566841125 296.474675337474 301.172892252604 307.567397753398 313.44481309255 311.382492383321 298.935989538829 289.709369341532
301.559706528982 302.143295605977 299.988051255544 294.778128465017 285.041908423106 268.03058385849 242.306252320608 215.101659297943 227.298816045125 248.69978427887 265.842338403066 272.953192392985 274.018804232279 271.574338277181 262.476046880086 256.40328725179 254.096925258636 258.084734280904 270.43221394221 283.662637074788 295.415759086609 303.245604038239 306.920409202576 304.245829582214 305.4292400678 307.430962721507 308.45445394516 307.832876841227 306.972781817118 311.950425306956 315.165956815084 314.649005730947 315.075119336446 315.698107083638 313.549955685933 311.949630578359 309.329728285472 303.208927313487 292.392472426097 292.885899543762 307.739933331807 316.483060518901 318.063696225484 314.859747886658 304.791351159414 297.425270080566
280.562281608582 288.036783536275 291.788617769877 291.861653327942 289.707879225413 287.484844525655 275.501569112142 260.321100552877 231.507937113444 223.118265469869 235.923409461975 258.109052975972 275.634030501048 283.435225486755 284.546097119649 278.249065081279 265.875895818075 261.613368988037 261.078854401906 263.002653916677 270.482122898102 276.595234870911 283.148984114329 288.028021653493 293.811917304993 296.492695808411 298.084676265717 297.522326310476 298.35170507431 303.169469038645 304.348587989807 304.791986942291 309.422492980957 312.653005123138 312.524795532227 310.111880302429 307.674407958984 306.325753529867 293.890039126078 295.822501182556 312.153339385986 316.405018170675 315.287629763285 311.325748761495 302.729288736979 295.381168524424
236.914654572805 249.278962612152 260.105192661285 268.793225288391 276.577730973562 282.946328322093 284.966667493184 281.555374463399 258.946537971497 236.224472522736 222.045958042145 229.469180107117 254.176457722982 275.328675905863 286.810596783956 278.669734795888 272.583544254303 267.109870910645 260.359485944112 255.721847216288 255.007386207581 255.155245463053 258.231957753499 269.185582796733 279.087901115417 285.275975863139 287.067532539368 286.59067551295 290.771762530009 294.774731000264 296.949068705241 299.748957157135 306.62473042806 309.426089127858 308.56720606486 306.521932284037 308.226704597473 310.506920019786 304.953296979268 304.680287837982 312.087416648865 315.836787223816 316.579282283783 314.454674720764 307.458202044169 303.119500478109
198.236147562663 203.348994255066 211.04755004247 222.824196020762 237.716317176819 252.640207608541 268.722971280416 274.037897586823 274.925430615743 263.606290022532 240.723212560018 221.303582191467 223.752657572428 245.341956615448 268.299778302511 270.177404085795 275.937934716543 273.539741834005 265.474359194438 256.423989931742 250.559528668722 247.959236303965 247.437179088593 255.532066027323 262.928704420726 267.648100852966 270.043909549713 273.707230885824 279.370983441671 282.787760098775 286.500136057536 291.156609853109 296.353061993917 298.602382342021 298.156360785166 298.816641171773 304.753561814626 311.100045839945 312.078754107157 312.918146451314 314.964572588603 317.540923754374 317.132890224457 315.267523129781 310.569167137146 308.606088161469
186.563114325205 182.33068784078 180.076420307159 180.079837640127 187.723636627197 203.246196111043 227.11988290151 247.122943401337 272.349079449971 276.273985703786 266.66796207428 246.044139067332 219.319105148315 217.159549395243 238.973100980123 262.680908044179 275.999108950297 277.60124206543 273.651560147603 266.108870506287 258.463541666667 257.64278570811 257.222950458527 258.032619953156 257.591843605042 256.846527258555 260.63080628713 268.308957417806 271.355748176575 272.567907969157 276.902635892232 281.070590019226 282.746116320292 284.226616223653 286.052803198497 290.08557399114 299.287577470144 306.384682655334 307.612776756287 311.627388000488 313.596685727437 313.923358917236 312.567392985026 312.624394893646 307.403882344564 306.100805600484
181.19869629542 150.910615921021 134.553531805674 128.832976023356 127.951721350352 135.368824005127 152.623991171519 189.205626646678 226.27721230189 258.429110050201 273.887793223063 273.884256680806 258.005599180857 233.655194441477 231.073121229808 254.595120747884 269.309262434642 280.01191218694 285.337090492249 282.31680393219 272.39586909612 269.569198290507 266.712069511414 266.487896442413 265.980760256449 263.903737068176 266.776998837789 273.503184318542 272.950688997904 267.618397871653 272.426764170329 277.063945929209 278.687099615733 278.254667917887 281.193574269613 287.101169427236 292.339543501536 295.556763807933 297.752757867177 298.942188421885 302.048524220784 304.968297481537 308.722754319509 310.791869958242 305.876672267914 305.643280347188
162.447820107142 125.696420669556 102.512260278066 97.8823403517405 99.8303194840749 103.407224019368 112.362692753474 139.999051888784 169.762988885244 215.594410896301 265.139857927958 288.714945316315 292.01074441274 276.977439721425 254.767080148061 249.603788057963 254.617671171824 268.25757821401 282.689889272054 289.011677106221 287.521680196126 282.518009344737 279.991249243418 277.125616868337 273.833394050598 272.328794002533 274.571160475413 276.443481445312 271.061519781748 267.266432444255 270.781993865967 274.983565012614 275.161584218343 275.226175785065 277.718961238861 281.043251355489 282.68563747406 281.855364640554 284.090002377828 284.440577030182 289.073884487152 295.081973075867 298.548738161723 300.381561120351 298.78181219101 299.807667732239
138.615181048711 112.756689389547 84.499458471934 78.2826840877533 92.2586818536123 116.265734036764 121.672421693802 131.509890158971 150.8616010348 184.016307195028 229.515433311462 281.38808409373 300.918698310852 299.029131730398 283.387303352356 257.109622160594 247.237940629323 248.680055141449 264.159798622131 285.093983014425 293.306827545166 289.143661657969 289.565145969391 284.646252791087 278.914451599121 279.329677422841 281.86559677124 278.515219688416 273.102005322774 275.52992105484 276.182532310486 275.656322638194 273.217399915059 272.144516309102 272.817552089691 271.442472934723 269.799292087555 266.247987747192 267.829259236654 269.57102616628 273.762186368306 278.701404730479 281.149546305339 281.323969364166 288.719872633616 292.803247769674
123.379250367482 112.283488114675 88.4112815062205 70.0523356596629 75.0850439071655 102.360427379608 120.314389467239 132.515291372935 150.190532207489 164.419064919154 189.557234446208 233.317494392395 272.173821926117 298.96072546641 296.209712823232 285.703281561534 275.508463382721 261.215388774872 252.385497093201 262.413779894511 282.740394274394 292.07185904185 294.904232025146 290.701607863108 284.77801879247 285.723964373271 289.358258247375 285.718977451324 282.627423604329 287.1915102005 286.67014837265 276.88201268514 271.835009256999 268.669088681539 264.579256375631 263.580977916718 259.753743807475 257.813970247904 258.367856343587 261.402865250905 263.018071651459 265.725592772166 268.279035886129 269.756376743317 283.137599627177 289.912025133769
115.47440290451 117.744286855062 107.514172792435 81.426590681076 67.8973694642385 92.1057264010112 119.021902481715 141.416201988856 158.322314421336 171.690344810486 179.296513398488 204.891721407572 236.581047375997 256.747047106425 279.356956481934 299.159010251363 298.043827215831 287.227094173431 269.935607910156 254.505077997843 264.604051907857 286.421497662862 290.315250555674 290.472090244293 290.884176890055 294.61403687795 297.854542732239 296.264847119649 293.570140997569 295.139571030935 290.313502152761 280.840675036112 274.518370628357 267.900149027507 262.542486190796 260.026057561239 257.881899674733 258.082389831543 257.316569487254 259.20957326889 261.588831742605 262.29319969813 262.447237968445 266.120930512746 275.073965390523 285.655379295349
122.61105577151 131.942133108775 134.573956330617 111.977050701777 93.1386848290761 111.501008272171 131.371200084686 150.013744831085 169.068276882172 189.377168814341 200.039446353912 203.581154346466 222.918232282003 233.199894428253 250.165740648905 267.083426316579 284.81384118398 297.036329905192 292.469541231791 277.448753515879 259.654323259989 271.515786647797 278.744419415792 286.413311958313 294.640819231669 300.515294075012 302.448113759359 302.46247847875 297.353009382884 295.673211415609 289.483447869619 283.485452334086 276.586492856344 269.834299882253 265.546540419261 261.528551578522 260.820686817169 258.306225140889 256.856600443522 259.794354438782 263.602435588837 265.100598335266 263.794442017873 266.525427500407 267.083386580149 279.010196526845
131.75231218338 135.580350955327 147.924959659576 149.341374635696 137.250155210495 131.058086951574 133.12104344368 147.984762986501 163.019627332687 182.375133037567 196.747978528341 196.612318356832 202.031274636587 209.646741549174 225.880722204844 246.5846935908 259.304920832316 269.724090894063 283.016363779704 289.81876373291 283.478577931722 270.826558272044 271.75776163737 279.921253522237 289.554496606191 297.250906626383 301.906585693359 301.860709985097 295.148690541585 294.110933939616 288.937409718831 281.93453947703 275.417844454447 271.13131682078 268.313030401866 263.765434424082 260.822097460429 253.500779469808 251.858433087667 259.800831476847 264.845271905263 266.619205474854 268.98713906606 267.69628127416 265.373905499776 273.05672566096
