input/barkrak2/radiation/dir29924.grid
NCOLS 85 
NROWS 70 
XLLCORNER 665100 
YLLCORNER 4664600 
CELLSIZE 20 
NODATA_value -9999 
[rows 22 to 43 of 70, columns 0 to 48 of 85]
75.7451554139455 69.4720645745595 46.5983996788661 41.6541025042534 37.2125258048375 19.2925569911798 26.479239265124 26.9897257288297 17.0990551511447 24.9330575267474 29.45909400781 31.2022318442663 34.5056379834811 34.8570620020231 36.8550096948942 43.1903004646301 54.7091911236445 65.8579965432485 71.9854980707169 76.120654741923 80.6609640518824 96.7201590538025 108.678877353668 114.166835943858 112.60994275411 108.252425988515 97.6185997327169 92.0033156871796 83.2006682952245 66.3550198078156 47.2803066174189 22.2421139478683 5.29280304908752 0.278961417886118 0 0.000889924649527529 0.172458065208048 0.190459657460451 4.225996012489 2.48822073141734 8.01434988776843 8.05030390620232 18.4207024673621 16.8503783643246 37.4492605527242 58.7528149286906 65.4308001200358 65.3453022241592 70.3913370768229
110.662440458934 99.7921725114187 65.2333647012711 47.771210471789 42.1978384256363 41.8980270624161 38.187471528848 28.1438728173574 15.5671760439873 21.1533308029175 30.8183158437411 33.7609102328618 39.9352113405863 45.5960035324097 42.8706606229146 44.737512866656 52.9031256834666 63.9291654030482 69.2774752775828 62.8467897574107 61.9993209838867 67.2237475713094 80.6926737229029 92.6316976547241 99.1915861765544 100.897381703059 92.048188050588 81.5847466389338 66.0671889781952 30.3326696157455 24.6101145943006 13.8167316714923 0.317749509122223 0 0 0 0 0 0 0 0 0 0 26.5284279982249 37.8707846005758 50.5531231562297 56.1649898687998 61.2300038337708 65.4693295558294
109.962900479635 105.882833401362 82.8877786795298 52.8828799724579 34.4420870145162 40.983850757281 38.9503389596939 35.187986989816 28.0545701583227 25.9386251370112 29.9580991268158 32.6705823342005 36.4455183347066 42.032445470492 43.1821644306183 44.9085334936778 49.7549076875051 61.5887890259425 68.3013200759888 61.5043590466181 59.8417818546295 57.4212869008382 66.1058723926544 74.8192767302195 80.3743104139964 81.7600637674332 77.7590125799179 67.9107904434204 54.0838042894999 22.6986681421598 16.7593682805697 14.2432873447736 2.35888315364718 0 0 0 0 0 0 0 0 0 0 45.6848343213399 48.2165267070135 46.4316159486771 54.7457933425903 60.5809489885966 63.7294252713521
96.0084199905396 100.983113050461 94.1089689731598 62.5474552313487 34.9592218796412 42.1328395605087 47.276571393013 55.1760743061701 54.4454902410507 46.0189978281657 38.4989455342293 42.8728560606639 43.9825703700384 50.5605091651281 52.1848946809769 47.0085839430491 49.8506228129069 60.1460685332616 67.9140985012054 71.3197638591131 71.9240804513295 68.8737332820892 65.4304921627045 66.0725931326548 68.6349769433339 71.1454649766286 66.3557549317678 65.6635463237762 39.8523062467575 34.6188992261887 32.5217619538307 38.331759472688 31.4229304591815 0.0901845924090594 0 0 0 0 0 0 0 0 6.1012494067351 48.2215384642283 38.2205968101819 39.2868593335152 38.7238984306653 52.715077996254 60.308426618576
94.7740077972412 100.32178958257 98.4326303005219 72.4655787150065 50.089031457901 57.7045579751333 68.8928862412771 78.1303544839223 85.2730174859365 78.1174798806508 56.8239390850067 60.6816112995148 58.0237855513891 61.210423707962 65.4046734174093 54.6995103359222 53.3537616332372 63.2695058981578 70.8375771840413 83.032950758934 84.3440989653269 80.8675040801366 73.9058007796605 68.2625075181325 68.3044691880544 71.4996556440989 65.3998057047526 71.0304081439972 65.0993784268697 63.9522771040599 71.1919864018758 91.9979810714722 101.114789644877 80.0988525152206 5.40347956120968 0.743093977992733 0.103145595251893 0 0 0 0 3.20297013968229 33.6359788974126 29.4412548343341 31.036930779616 32.2499747077624 34.0607613325119 33.3777119716009 35.4652404785156
96.6260135173798 95.2312250932058 95.5970088640849 78.613410393397 78.7857671578725 80.85531493028 90.2201930681864 94.2086180051168 96.8979299068451 91.3258890310923 69.3705230951309 64.3448779980342 63.1953875223796 62.6815557479858 70.0928469498952 65.571998556455 59.9707216024399 67.3927068710327 80.5653234322866 87.4087711175283 84.0044518311818 76.0671943426132 73.9240894714991 75.4074802001317 75.4226346810659 76.4608681201935 73.8380203644435 83.1040292978287 98.3179112275441 103.567133347193 110.332975784938 118.430385986964 128.899981578191 135.741094748179 95.7896709442139 13.1157611807187 1.10339932143688 0 0 0 2.25568159172932 43.163741628329 33.4739039341609 19.0010393659274 17.8276201089223 18.7545592586199 16.7996784051259 23.3216658234596 26.8639326095581
99.5596547921499 87.5584383805593 88.5490973790487 82.3891013860703 99.6887187163035 94.4212476412455 92.0735398928324 88.5536869366964 81.743190685908 73.7186272939046 63.4243388970693 58.1361005703608 61.5030030409495 62.2464219729106 72.4935829639435 74.9710897604624 69.9738264083862 65.759872396787 78.1728525956472 80.267737309138 77.7632296085358 71.7410792907079 71.3099141915639 79.0920952955882 81.4355512460073 77.9349803924561 79.343964656194 84.1428438822428 106.993039449056 120.297213395437 130.126446485519 138.00303141276 143.299440542857 145.656108856201 142.126560211182 66.9197887182236 0 0 0 0 6.7645770808061 24.0108072757721 17.5932981073856 7.50728572408358 6.16099499166012 7.46532157063484 9.07866843044758 15.7574626306693 20.6580658753713
100.060880184174 81.3739150762558 82.4332733949025 89.0131990114848 99.8092790444692 93.2478805383046 78.2699485619863 62.9854500293732 49.394150575002 43.2327389717102 42.6076104243596 49.1055945555369 56.3152929147085 62.7274761597315 74.5725482702255 81.0191134611766 76.714555422465 63.2604459921519 68.637157479922 71.3024387756983 70.517952243487 71.6289579868317 71.4825789133708 78.7054002285004 84.7994685173035 81.6235641638438 84.5197637875875 85.7714414596558 101.364215215047 124.318619569143 141.917526721954 150.242199500402 148.281842470169 151.453415552775 160.382827123006 144.748747348785 58.2167903582255 1.16159790195525 0.41576746540765 0.392267519297699 0 0 11.7868060866992 2.52701543892423 1.52664895479878 2.31604945535461 7.92463310062885 15.9274836381276 21.2823301553726
97.7139870325724 99.4038383165995 122.646977504094 157.552907864253 131.788512070974 99.3242164452871 68.523829181989 44.2389150460561 34.6545179684957 38.1234536568324 35.16569485267 35.1325000325839 52.974412838618 64.8276557524999 77.3594876130422 86.0676268736521 82.7234983444214 69.1723525524139 70.1289276281993 72.970524430275 70.2071090539296 75.4287242889404 77.1689961353938 80.7989587386449 87.0676239331563 92.4964447816213 90.5180076758067 92.6487147808075 104.784935712814 129.857112963994 150.347292423248 155.685772498449 152.75036295255 159.532845020294 170.925756295522 174.487193425496 148.817559083303 90.4876589775085 23.5423271854719 4.41871024668217 0.709784061958392 0 0.697202825297912 2.20399753501018 1.19328886891405 2.11465451866388 4.60602653523286 8.4237369398276 11.0507570207119
111.67182524999 147.278517484665 196.249624093374 217.777172724406 197.929263114929 142.143468062083 91.3884043693542 58.2796682914098 50.0649263461431 56.0943484306335 47.1069912115733 40.4014786084493 50.9188373883565 61.3503456115723 81.5242032210032 87.3094995816549 84.8275125026703 78.2829821109772 71.8688269456228 74.7466782728831 75.2877543369929 78.2697101434072 80.8373391628265 81.7317962646484 88.1269574165344 101.373573144277 101.293454567591 107.908229033152 116.642832756042 133.59006245931 150.242308775584 159.587959448496 161.747554937998 168.35218667984 174.44368203481 173.876802126567 168.065011501312 149.579266707102 84.649662176768 19.6543956796328 2.62128002941608 0 0 2.96251848340034 2.06868474682172 3.20889987051487 0 0 0
173.801143964132 210.121472676595 234.061638514201 235.743820667267 233.485241731008 207.440932591756 162.38463918368 121.503929297129 96.1131056149801 84.0622782707214 80.7542155186335 66.9042766094208 53.4232308467229 60.4780266682307 81.6755145788193 88.6248548825582 83.8205615679423 84.1158926486969 73.3762333790461 72.808583577474 76.2272129456202 78.6411215861638 79.7133346398671 81.6802034775416 86.4758888880412 101.951728264491 108.14302166303 117.059141397476 125.421822071075 133.324146270752 147.301852703094 159.062286218007 159.369230270386 157.591879367828 157.968978087107 150.142967700958 151.527464389801 138.514419396718 92.2271311283112 38.5205671191216 10.4973055422306 6.36651491125425 3.181760199368 2.23869861414035 1.45342573523521 0 0 0 0
223.812441031138 239.218831062317 242.944618066152 241.367081801097 243.841906388601 241.136054197947 217.339078585307 172.735214233398 133.699864149094 111.967076857885 111.870497465134 100.38826862971 72.7957785129547 68.2794253031413 78.3206323782603 84.2604736487071 77.612782518069 79.1441102822622 73.0021397272746 74.7043391068776 72.3535319169362 74.3978520234426 74.3692815303802 75.1611391703288 83.0781757831573 95.2803194522858 107.240110635757 111.323237419128 121.448208888372 133.876820405324 145.69827914238 148.975431919098 139.328608910243 127.922177314758 130.553801854452 114.144961039225 114.775002002716 99.4253853956858 62.3155186573664 27.9607822497686 24.4850218296051 18.6847485601902 7.51375406980515 2.22132137666146 0 0 0 0 0
235.172867774963 241.086045900981 240.600943565369 242.030839125315 240.644256273905 240.39101600647 233.833074569702 204.208254814148 154.251317183177 124.803264935811 123.315423727036 117.412159840266 100.344767173131 82.4052890141805 80.246369043986 83.0416033665339 76.0414103666941 72.2579856713613 72.8211899598439 76.8044541279475 71.5643713871638 69.9410438537598 73.4042823314667 74.4952211777369 79.8304180304209 87.3872737089793 98.8672971725464 99.6958017349243 109.99854405721 128.650367259979 138.780226310094 136.062721411387 128.735522429148 122.151106595993 114.139666159948 99.121481180191 103.349556525548 100.433588027954 80.3737541039785 44.7298983732859 36.5984390179316 36.2370486060778 19.1796695192655 4.76578312615554 0 0 0 0 0
230.164428551992 233.582675457001 229.029675324758 230.952501296997 231.380005677541 225.963791211446 221.776207288106 204.591870307922 160.86483001709 132.939318815867 125.019997358322 121.811250845591 114.514549573263 92.105766137441 84.2019418875376 87.7677301565806 80.9013992547989 71.1731364329656 75.4677851994832 77.8850962718328 75.2126524845759 70.8880573511124 75.8234759171804 79.9171626567841 78.1115392843882 84.7610433896383 89.8505250612895 91.5449261665344 99.7944970925649 120.40913105011 130.872249603271 129.51867779096 131.046960751216 132.05494483312 112.841169039408 105.925142765045 110.680917898814 117.757578690847 112.811346848806 72.4842250347137 31.2630111972491 16.5725772579511 0 0 0 0 0 0 0
208.725492159526 212.209741274516 214.246531327566 210.177004337311 210.231920083364 207.92543888092 212.112466494242 208.26647679011 172.84095287323 140.204240878423 126.158704360326 116.072356700897 111.984541018804 92.8344229857127 80.8090617259343 87.9756212234497 90.4590288798014 76.9040038188298 79.1129519542058 83.2713296016057 82.2677463293076 77.1099030971527 77.2738754749298 82.0911228656769 79.8128048578898 80.1525016625722 88.0979398886363 95.802366733551 100.912650426229 115.086207787196 127.281129360199 131.142199039459 131.605724493663 136.039018630981 116.336772839228 116.81467294693 117.193440596263 125.790586074193 125.572810570399 86.0543449719747 17.9841158290704 0 0 0 0 0 0 0 0
187.405665715535 195.68924109141 206.532378991445 202.531675497691 202.050745487213 206.896066665649 215.5655225118 217.611531416575 194.241245587667 154.342124859492 130.860179662704 109.217862288157 98.304013411204 87.1442755063375 77.1969656149546 82.8184286753337 94.6027239163717 85.1892034212748 82.6242615779241 85.6512685616811 85.8503977457682 81.2546412150065 79.5448472102483 81.5082093079885 82.6503932476044 81.9135804971059 86.520532766978 95.9261854489644 100.901524225871 108.288139104843 122.254093488057 132.677485545476 134.103407462438 125.760098298391 111.856877803802 126.286526521047 130.027631918589 134.226272503535 132.828325033188 106.848965088526 13.9561891555786 0 0 0 0 0 0 0 0
150.227924187978 161.903967459997 170.062820116679 175.462007522583 183.024386564891 198.482771714528 210.536360740662 218.03871790568 208.557029565175 173.294146855672 143.559217453003 113.452275594076 95.5313742160797 93.1625465552012 83.986222743988 77.3461510737737 89.0877842903137 90.1973644892375 83.0560773611069 82.6883812745412 83.2318067550659 81.1557124058406 77.6060918966929 78.8684984048208 82.1487009525299 86.1338178316752 87.1144334475199 92.7525957425435 97.9002714157104 101.588070392609 113.347033659617 129.159172375997 131.840805212657 113.174299399058 116.102526585261 138.178159793218 142.425457636515 139.176428318024 137.300312519073 132.833321889242 75.1801083485285 2.79069971293211 0 0 0 0 0 0 0
113.96250128746 120.620091756185 120.267411073049 130.550672610601 147.470345099767 164.620320002238 178.332606951396 190.649708112081 188.977221647898 162.923286358515 130.50510485967 105.359584093094 92.5621688365936 90.1931325594584 85.903932650884 80.615426103274 85.063358147939 85.728794336319 79.2710234721502 78.5016864538193 82.1585754553477 85.205485423406 83.5648377736409 78.9531966050466 77.9759089152018 81.6766669352849 88.6681973934174 91.9337868690491 96.8736509482066 97.7509915828705 103.003899256388 118.340750535329 123.030473788579 116.402387619019 139.482835928599 150.750319163005 148.262470960617 140.828390916189 143.528362115224 156.581302483877 149.594336748123 85.3082636992137 15.1065674920877 0.856545676166813 0 0 0 0 0
102.127412954966 104.575455188751 103.899627923965 106.07635974884 115.109980106354 121.860653162003 125.231017669042 131.431440512339 130.422631899516 113.005260626475 96.6760118802388 92.880517244339 90.9091631571452 87.1997674306234 85.838774840037 85.4603846867879 84.2096308867137 83.7948123613993 79.1201591491699 77.869306008021 82.3924392461777 87.8038207689921 89.1291201114655 84.6713185310364 81.0405959685643 80.5102487405141 90.179979801178 93.5998161633809 98.400741815567 98.7991690635681 98.7679759661357 106.017927328746 116.229047377904 125.921070575714 149.348080158234 150.317907333374 139.455686012904 129.013647635778 131.362487872442 148.674855629603 161.204834779104 155.229806900024 97.3077019055684 25.5370438098907 1.33662841593226 0 0 0 0
111.304501692454 108.42098792394 108.681460221608 107.516328493754 104.038178920746 101.632863283157 100.154648224513 100.951373577118 106.285224358241 97.0513820648193 88.5732074578603 89.544932047526 93.4142768383026 92.9463406403859 90.6545718510946 87.8407458464305 82.4286242326101 90.686688820521 90.7047887643178 85.1913293202718 87.2554580370585 89.3596212069194 87.8649751345317 89.7810657819112 90.6810462474823 85.557093222936 90.839018424352 94.8647856712341 97.1574187278748 100.115875403086 101.567288239797 105.493625005086 112.603217363358 133.482158184052 143.139789501826 135.695854822795 123.002191384633 111.734330654144 109.077473481496 122.00520435969 154.097259044647 161.639561255773 134.127060572306 70.6848204135895 12.7628818154335 0 0 0 0
116.605778535207 113.255351781845 116.294721762339 114.353080590566 106.852650642395 103.436529636383 100.269814332326 96.4182913303375 96.8118707338969 93.1246479352315 91.4291640122731 90.2784864107768 93.8203036785126 98.2235074043274 97.2190101941427 93.4145053227742 89.6757344404856 94.9332118034363 96.8695282936096 89.6009703477224 86.7943167686462 86.1915349960327 82.5740198294322 84.2338005701701 88.6074900627136 85.1336717605591 82.0142130057017 88.1466269493103 94.5149461428324 96.1081087589264 97.3015228907267 99.445641040802 110.073188940684 133.288304011027 143.215517203013 123.469938834508 109.558045864105 106.66486620903 107.926557461421 117.606977621714 128.416995207469 131.496330102285 116.096198558807 79.6428670485814 21.7478523651759 0 0 0 0
99.8794039090474 102.789829174678 111.597160498301 109.014689922333 111.390789349874 114.007731278737 112.480064233144 107.173850138982 95.5731372038523 94.4340229034424 97.3054766654968 93.5573975245158 93.6858455340068 97.3401765028636 97.4328716595968 95.1608220736186 96.0660974184672 97.8927810986837 97.9105333487193 92.1391646067301 86.2528383731842 83.4700067838033 80.8808008829753 81.3279847304026 82.8144053618113 86.4954392115275 81.4003000656764 85.2554937203725 89.2804265022278 91.4726456006368 91.882328192393 88.9652868111928 101.433495680491 117.1046992143 125.653247038523 112.31388648351 107.26523399353 112.643698851268 117.250144481659 119.402388731639 113.060375054677 112.72069811821 105.540215969086 77.3615290721257 31.5668930610021 0 0 0 0
