input/barkrak2/radiation/dir29924.grid
NCOLS 85 
NROWS 70 
XLLCORNER 665100 
YLLCORNER 4664600 
CELLSIZE 20 
NODATA_value -9999 
[rows 0 to 21 of 70, columns 0 to 48 of 85]
128.047883510589998 144.958208004634 163.562476634979 185.205042362213 196.36865456899 198.296248912811 195.601105690002 191.705028216044 190.457622210185 194.070299466451 194.206138451894 191.405713558197 187.592744827271 188.392877578735 189.234693845113 176.115989685059 162.748922904332 151.575664679209 150.038262208303 145.275721947352 146.999438603719 165.207942326864 190.792640050252 196.787416934967 200.605809688568 214.482128620148 212.816675504049 198.489944140116 186.058362325033 185.953179995219 181.360006332397 204.238851865133 249.529004096985 246.570487817129 244.811654090881 231.770654519399 236.628890037537 250.958919525146 247.409621874491 248.036881287893 237.010439236959 244.018077850342 251.487692197164 245.204865932465 233.332534631093 238.515774408976 241.055766741435 211.418430010478 144.130329291026
104.948570330938 121.535102526347 137.036929527918 158.686369657516 173.977196216583 182.24424123764 188.971082369486 193.863014380137 200.736125310262 200.69283246994 198.176364103953 193.92869869868 189.900894959768 190.369526545207 190.349201361338 177.592237790426 169.653375943502 160.2470378081 156.279504299164 149.483144283295 160.061359405518 185.08118391037 205.650568008423 207.956671714783 211.459199587504 217.596073945363 213.550746440887 202.786266803741 190.920114517212 188.03068002065 188.790182272593 218.59206755956 250.908970832825 247.181912263234 243.429243564606 233.979523181915 239.788035551707 251.075406869253 244.535426298777 244.987607002258 239.841024080912 241.547405719757 238.060057163239 229.430655638377 224.866688251495 237.226049105326 234.074195226034 195.750633875529 155.02272049586
70.3108708063761 80.4102520147959 92.6518440246582 103.559275468191 118.347436189651 132.455160220464 146.197815736135 167.92897383372 183.718085289001 186.720470587413 189.593116442362 194.194257259369 199.146151542664 201.881150404612 202.838222185771 204.409142335256 202.148874600728 189.17179107666 172.366579373678 164.074450731277 175.514936447144 193.086365858714 204.27139600118 208.196500937144 212.664385636648 212.25114663442 208.808044592539 201.340675354004 195.641716321309 197.368343671163 208.007991313934 234.637558460236 251.707077026367 250.028411547343 243.809819221497 239.331305027008 246.240178743998 251.10669930776 247.587382793427 242.180367310842 235.736091931661 225.762883822123 212.244788805644 206.925928592682 215.138872464498 233.164648214976 221.509436766307 186.064680417379 173.239270846049
54.03071641922 54.6709795792898 61.354065934817 66.2943224112193 72.4372565746307 81.8173984686534 92.4078623453776 109.825332959493 131.408959627151 151.475588480632 170.238534609477 188.008427619934 199.615716934204 203.823089599609 207.767903804779 214.766303698222 211.67512734731 200.272123018901 181.802014509837 174.093703428904 174.800197283427 175.669471422831 187.88746992747 197.595556577047 198.957641919454 200.551668802897 202.753106753031 201.331794261932 202.255447705587 207.020839055379 214.30895725886 240.460813045502 249.291201432546 248.08394908905 243.545969327291 244.558930397034 247.599005699158 246.945182482402 240.912795066833 228.946089744568 221.35857741038 209.298173586527 205.67375421524 219.077150026957 232.781668504079 227.145830790202 207.211057345072 182.233591874441 183.453579743703
73.1127510468165 58.5874517758687 47.8145529826482 39.4893238941828 40.5494098862012 55.3727050622304 78.2435039679209 90.0028546651204 100.056270758311 108.234763145447 133.89253616333 160.450458526611 176.382164160411 184.758245944977 192.228972911835 197.229405244191 194.194118181864 187.314569950104 179.903467496236 175.711095333099 170.98198334376 168.760299682617 179.212709267934 188.527186711629 192.705651124318 199.048360188802 200.532197952271 201.779623826345 203.098018964132 202.999293804169 210.086047649384 238.023638725281 239.383677641551 244.246284166972 241.621077060699 240.353167057037 238.667050997416 236.198862393697 225.30468304952 215.159932772319 213.858723640442 212.230006853739 218.571841716766 229.657848676046 231.868088245392 208.478113015493 178.422570228577 171.133160591125 177.726844946543
115.924805402756 88.9432430267334 63.1448129812876 42.3104266325633 34.6559435129166 43.5064335664113 64.2527192831039 85.9657029310862 91.6272203127543 90.2036627133687 99.3321438630422 114.583899577459 124.920626481374 133.036812146505 143.517633279165 155.132790406545 160.204788049062 168.339729309082 176.275213559469 180.501163005829 181.098639965057 181.884328524272 179.94091908137 182.520190874736 188.475489616394 194.562872250875 198.055803775787 201.332449913025 203.173061211904 206.147690614065 220.080176989237 235.293587048848 228.384375572205 228.977163632711 228.846033414205 229.127446810404 231.457670529683 226.459602514903 215.689281622569 216.02467695872 215.495268503825 213.374714056651 215.577185153961 219.262480735779 211.467067400614 177.325248718262 149.579634269079 158.905526002248 178.73473962148
124.736795822779 111.340194940567 95.8831508954366 74.5780318975449 53.8304398457209 42.6506151755651 48.2481320699056 73.4335035085678 92.2618309656779 100.046237309774 96.9557563463847 92.602531115214 88.7966354688009 84.2931965986888 86.7618322372437 102.737764517466 117.419322331746 141.139348347982 163.17555308342 177.233119805654 185.308297475179 189.58055973053 186.319549878438 182.456394036611 185.861945152283 187.966346740723 192.565321922302 197.535991668701 201.012333234151 207.835058371226 219.880481561025 226.993401845296 218.986968199412 214.563131332397 214.267055193583 213.725825150808 213.537752628326 208.541850248973 207.919239997864 202.563722928365 196.575363477071 195.681850115458 203.07582616806 211.227893829346 203.608155250549 193.484346071879 204.420646031698 213.590343793233 226.812024911245
121.826559305191 120.926042397817 113.390763600667 102.361569801966 79.6471536159515 52.1065940459569 35.7929021120071 33.2783212264379 55.7416925827662 83.1272850433985 92.4641092618306 92.9648280143738 90.7711486021678 82.1396112442017 66.8677737315496 67.4693087736766 79.369713862737 99.0059971809387 120.727320512136 142.933527628581 160.166660944621 176.358580589294 188.340504964193 183.230141798655 181.55163526535 179.627339045207 181.201100349426 184.707800547282 189.001758893331 198.909262816111 209.228257338206 211.902260780334 203.406353791555 197.7312763532 193.532784779867 194.674154122671 200.353582700094 199.158887068431 193.91675790151 176.754832267761 175.450444221497 185.558497905731 204.295257727305 217.808643976847 217.44708220164 220.23872534434 228.63511244456 230.922003587087 238.358835379283
99.1073846817017 113.132228453954 109.860678513845 104.68324025472 95.9259867668152 78.2821824153264 54.5370727777481 30.6551307439804 37.2127542893092 49.0967035293579 63.4428560733795 76.0031143824259 81.1486393213272 83.255797624588 74.4019746780396 66.8883820374807 64.8017774025599 70.2214390039444 81.414262453715 97.7542897065481 114.764114220937 135.715196530024 148.454298575719 153.251518805822 156.378448009491 156.030972798665 157.481084267298 162.405123313268 166.842659314473 179.628133773804 185.962776343028 186.92143758138 183.355053265889 181.850810845693 183.520416418711 185.795585314433 187.198460102081 190.153082211812 189.088881015778 182.373980681101 190.426786740621 205.90873559316 217.606782913208 220.322847366333 214.026888211568 209.890723228455 212.906837463379 223.934213320414 232.944448788961
77.1539757649104 76.1015266180038 76.9916872183482 84.9334796269735 91.4286077022552 85.2663318316142 76.1915991703669 60.7804954051971 37.1942569812139 30.1860546072324 35.8865211407344 50.8603503306707 68.3456758658091 75.9910891453425 81.4745823542277 78.5312751928965 70.7423835992813 69.6698576211929 70.0038770834605 74.6211508909861 82.8481664260228 88.5022679964701 102.613826592763 116.310298442841 127.209722995758 132.913986841838 136.369357506434 138.20007443428 145.186920960744 152.996748685837 154.961109161377 157.011270523071 163.59140475591 167.395333449046 171.623885631561 175.236086050669 174.632132053375 180.390238761902 185.530463854472 194.363633791606 207.968850930532 214.26522731781 216.373602549235 215.999921162923 212.789277235667 210.353553295135 221.215049425761 231.006344159444 230.165541172028
42.4621105194092 40.7135412096977 45.0639625390371 46.5461909770966 57.5853288173676 70.3892807165782 67.2476987044017 60.5659385522207 44.9820061524709 32.4116249879201 27.6521295309067 31.8642010291417 48.9044934511185 64.177393913269 79.9729526042938 76.3800442218781 74.0372190872828 72.1357961495717 67.7851587533951 64.1611367464066 65.299058953921 67.9361571868261 71.3369995355606 86.9006117184957 103.884329398473 112.567017475764 116.818885008494 118.995438019435 126.624673604965 132.878750562668 137.228647867839 142.605602741241 152.264257272085 156.115025281906 157.44736790657 161.522050698598 167.65151421229 173.165857791901 182.731886704763 200.384537378947 210.134923458099 213.452299435933 212.414642175039 210.189402103424 208.534340063731 211.717188358307 226.720650990804 228.835046291351 227.963229020437
18.1771578888098 15.5690908432007 14.496061950922 16.1285015443961 12.863252311945 17.3498665293058 32.8553766012192 38.8730714718501 43.7658826510111 43.3839162190755 35.6625045339266 28.9141287406286 33.6847181121508 44.1502879063288 59.2170258363088 66.5850192308426 75.1207123200099 76.3317247231801 70.6472148497899 63.4175141652425 60.7321957747141 61.157171924909 62.3841385046641 69.0926611423492 77.5473614533742 87.2087379296621 94.74911292394 100.12744863828 108.011474212011 113.912959893545 119.742651780446 125.411560138067 131.692131360372 135.323822498322 138.002902269363 142.253637313843 152.25625038147 165.10483622551 172.710537910461 190.547982851664 198.036114374797 197.765906651815 194.343606630961 192.925333976746 193.453252315521 195.062796274821 200.784782568614 208.276907602946 215.576529502869
11.7589458823204 6.13690291841825 2.59671810393532 0.542930754212042 0.055962213082239 0.150816485984251 4.95819747447968 20.7596359153589 39.1414910554886 46.0107028484344 50.477479894956 42.6638623078664 30.1267703374227 29.1030208269755 40.3352056940397 60.0791871547699 74.489489197731 78.3513287703196 77.1194845438004 71.6598530610402 67.5558745861053 68.8545952240626 69.6370055278142 70.5233116944631 72.1814384063085 74.3268877267838 80.8266252279282 92.6149388154348 97.3689953486125 99.7035006682078 105.681856473287 111.451953649521 111.095527807872 113.734404246012 118.705054124196 124.113112688065 135.885179042816 150.062640508016 153.137236833572 164.95011250178 172.906259695689 175.184547901154 175.044556458791 176.408270994822 176.655014355977 179.950435956319 182.714839776357 187.367876370748 192.522605260213
12.24044089516 0.685548565040032 0 0 0 0 0 2.47798689330618 21.3515212138494 37.0043590664864 52.5232752164205 55.9244950612386 51.775003472964 40.0370831290881 39.1393775741259 55.4830580949783 68.8086599111557 78.8871546586355 87.9780252774556 86.4151815573374 79.3376366297404 79.7879844903946 78.3606519301732 79.1457245747248 80.5185238520304 80.8042287826538 81.6565603017807 91.3810928662618 96.6389775276184 93.8211480776469 98.531981309255 103.396346171697 105.084826548894 105.948656797409 111.227869987488 117.102970679601 122.640987237295 129.141469796499 135.087509950002 138.272225856781 143.766105175018 150.724152723948 158.096045255661 166.545550028483 165.370434522629 172.828435897827 172.267595926921 169.291098912557 169.673581918081
17.6518199344476 2.84123638023933 0 0 0 0 0 0.20099380829682 6.19814172387123 24.9468684196472 50.0432203213374 69.6163326501846 76.9428114096324 65.5903915564219 56.1202317476273 54.4949521621068 58.0567866563797 68.6168024937312 84.8085979620616 94.0617918968201 94.6262081464132 92.6183859507243 91.751754283905 89.5998378594716 89.4151329994202 88.1232619285583 86.3377153873444 89.5036160945892 92.0639435450236 89.8385345935822 95.6433614095052 100.285371144613 100.828101237615 101.054598887761 104.721079270045 108.315408229828 109.632164239883 107.980877161026 114.577333132426 116.038640340169 122.428119182587 130.238552888234 136.818299690882 143.668750921885 148.532370726267 154.720594485601 163.096696138382 168.474753697713 164.011001586914
18.1775316596031 4.76229594399532 1.17961391765675e-05 0 0 0 0 1.7019488538305 4.01709011445443 17.74912327528 34.5006262262662 61.7333302895228 77.8980106115341 83.5076868534088 76.3542503118515 57.8377197186152 52.7440408865611 54.859052101771 68.0884420871735 87.3469014962514 100.893567005793 100.511789321899 101.309676965078 98.6291368802388 95.1059361298879 96.205194791158 93.817005554835 91.1069611708323 88.2733464241028 94.4356322288513 90.5936658382416 95.021257797877 99.4417270024617 97.1883237361908 97.7807839711507 97.6675550142924 95.0237214565277 90.6670689582825 94.8194861412048 97.8342791398366 101.806183656057 107.923756043116 110.268632570903 114.090363184611 128.655831019084 135.247389475505 149.495820204417 160.658458868663 158.976475397746
14.5989482601484 6.8878543873628 0.215478202638527 0 0 0 0.0643228898600986 3.0649658292532 9.59690908590952 15.0153723855813 24.911180138588 48.2260684172312 73.0549395084381 84.3081374963125 87.4057213465373 82.6857487360636 75.3154903650284 66.4449830849965 60.7113192478816 66.932479540507 88.7073874473572 102.460225423177 107.404232025146 106.89718524615 102.128485838572 101.337015628815 101.828197638194 100.731372833252 98.0223516623179 97.343514362971 94.4726665814718 87.1612429618835 83.9078923066457 81.294392546018 83.9710434277852 88.5823766390483 83.3179702361425 81.8387567996979 83.6497743924459 86.5805248419444 88.5024468104045 91.3946529229482 95.0261652469635 97.9032715161641 115.694979826609 125.861018896103 134.332289298375 141.766975323359 148.583392302195
11.2266118327777 8.50293847421805 2.12449363122384 0 0 0 1.99990921343366 6.76413004597028 16.2196420133114 19.5862576365471 24.3333180745443 37.4543070793152 58.3499918381373 74.0558058023453 86.8533452351888 94.4497684637706 95.0498680273692 86.4208141962687 73.517253001531 63.8449092706045 71.0781315962474 94.8514739672343 101.775199174881 107.719411452611 108.532766501109 112.262537082036 112.681965033213 112.677256266276 106.083154678345 107.381244500478 95.8431760470072 81.7007919152578 70.9225088357925 71.5781847635905 70.0399378935496 72.3736534516017 70.4114586114883 76.5860726435979 80.4886023203532 83.8104983170827 85.5852961540222 85.1094921429952 85.9473745028178 86.3190988699595 99.7294386227926 115.743498007456 122.780829668045 121.43878142039 127.34454870224
12.2847730914752 15.1164457201958 13.1551834444205 0 0 3.02914654215177 6.49163872003555 14.1019684573015 23.8048682610194 32.3006336887678 39.9120127161344 43.6395009358724 51.9192020098368 61.2377723058065 76.0060648123423 89.9056692918142 94.6102937062581 97.1813897291819 95.384548107783 81.6649744908015 67.8505251804988 79.394077261289 89.4224544366201 100.636025269826 110.616485277812 117.62480934461 117.601931095123 122.533510128657 113.857924938202 104.427874088287 89.9787445863088 87.6610080401103 72.977751493454 58.8716268539429 53.0943622191747 58.5124343633652 63.3210440476735 59.1943661371867 59.8634978135427 69.2932456731796 73.5011100769043 75.4786829153697 75.9109357992808 78.8250664869944 78.7445157766342 92.8842822710673 100.672354300817 100.645323594411 105.12375831604
13.2500703136126 12.8161907196045 14.2449202636878 7.65581801533699 1.36703780541817 7.68447108566761 8.32551966110865 11.0172753532728 23.2712030410767 32.9270213842392 41.7189697424571 40.5274952451388 42.4502690633138 46.890452504158 57.8825871149699 74.57701365153 84.2120250066121 90.6433860460917 96.340815226237 96.4276293913523 88.7615780035655 78.3865551153819 81.2300841013591 91.2203292051951 103.354563315709 111.859371264776 115.843832492828 118.098715941111 107.251236836116 108.664860328039 95.0171649456024 81.8286587794622 63.8473331928253 55.3400268157323 41.0324186086655 42.7439510822296 40.847269197305 35.1201742887497 35.5723053216934 53.2137503226598 58.5723966360092 61.4873021841049 69.4909393787384 72.2799052794774 71.3066359361013 80.179770787557 82.1593503157298 86.4832599957784 95.3840414683024
17.5895318388939 10.9285128613313 7.20290839672089 13.9566175639629 10.5622174839179 9.42057246963183 8.45704351862272 11.6412515441577 21.470012764136 26.7568404475848 33.4088479479154 33.7203790744146 33.6299290259679 35.9186281760534 42.8541153669357 57.9679558674494 68.6034212509791 76.594481865565 85.3525996208191 99.6189514795939 105.798522631327 96.1428980032603 96.6906845569611 98.6036658287048 101.780712604523 102.627813816071 102.510760227839 106.779386599859 108.349134524663 94.1257476806641 80.0021986166636 72.9693422714869 51.7018586397171 36.8239159385363 27.089037001133 19.1987790167332 15.5964270234108 18.9683263500532 29.7036891182264 36.7064525683721 43.7340984741847 47.3458270231883 52.2849361101786 53.3486306667328 62.4555548032125 69.1145161787669 73.7115442752838 78.5292635361354 84.5330754915873
38.859819372495 27.4112994472186 16.5888865788778 25.2570956945419 23.2279027501742 8.17822168270747 10.6370076537132 16.8332060178121 25.1728196938833 28.3673852682114 29.7479679187139 30.1592399676641 30.9971769650777 29.3456241488457 35.3698333104452 47.4210381507874 60.9639932711919 71.0795223712921 79.0905058383942 92.1084980169932 100.634117921193 114.661594231923 120.471596717834 118.152936299642 113.564004500707 104.985256989797 96.1036781469981 90.4901623725891 88.3330206076304 89.2360707124074 67.5725291172663 46.5516895055771 30.8177272478739 16.3539151350657 1.76159214849273 0.708275785048803 0.831404468044639 4.71862405538559 16.6708988447984 21.6334213813146 29.0436272819837 38.2884865005811 35.3959401448568 35.0729500253995 52.8396864732107 62.843382358551 67.659467458725 71.665033698082 75.0679572423299
