input/barkrak2/radiation/dir34124.grid
NCOLS 85 
NROWS 70 
XLLCORNER 665100 
YLLCORNER 4664600 
CELLSIZE 20 
NODATA_value -9999 
[rows 46 to 68 of 70, columns 0 to 51 of 85]
48.4909266233444 50.0320643186569 52.5111506382624 54.4955233732859 54.2832712332408 54.1353970766068 55.983637770017 57.8230967124303 54.6743820110957 53.5727590322495 53.0076175928116 52.0212848981222 48.6540893713633 45.811985929807 45.7216749588648 48.9129026730855 47.0532129208247 42.4744139115016 46.7548171679179 45.6292678912481 43.2516237099965 43.755109111468 44.1413323084513 43.1382159392039 50.8226851622264 45.5518116553624 46.7248360315959 47.4694073200226 46.290377775828 46.1156318585078 44.6295440196991 41.7695194482803 41.1009912689527 40.8809930086136 42.8754687309265 44.5563991864522 45.7202096780141 49.5406289895376 51.360676685969 48.5705981651942 47.6203461488088 44.8008974393209 49.4608332713445 53.8056095441182 46.5834985176722 21.8083436290423 0.536557713833948 0 0 0 0 0
42.7926033735275 45.0547138849894 50.258457660675 51.7776658137639 55.2883843580882 56.8462510903676 55.0039807955424 54.7566711902618 54.9296538035075 57.5475990772247 54.9002488454183 51.5753626823425 50.1892765363057 50.3529409567515 48.8715767860413 47.3273793856303 47.1262584129969 40.8016120394071 44.4695254166921 45.0614889462789 42.3890153566996 42.7962243556976 45.636052886645 41.4185002446175 44.8629111051559 45.4742113749186 41.5470724304517 44.5736944675446 46.036034822464 45.1202889283498 46.2575604518255 45.4130272070567 40.9110064307849 43.5133725404739 52.931159734726 55.8251639207204 52.4375190337499 46.9716886679331 49.5405594507853 56.8433503309886 49.511045217514 45.714924732844 52.103395263354 56.1388035615285 51.6825964053472 36.2904022137324 8.35342705249786 0 0 0 0 0
36.3849923014641 39.4373387098312 44.3643927574158 47.4285980065664 53.6970098813375 57.019035021464 54.1770309209824 52.5493770837784 56.432252128919 58.8421622912089 56.9699207941691 53.1467447678248 52.2973040739695 53.1316200892131 50.9542326132456 45.8659480015437 45.3975101312002 40.8298696080844 44.107327858607 47.1022576093674 46.4478631814321 45.887569586436 47.6466218630473 45.1432168483734 43.1821048259735 47.2745100657145 45.1141645510991 48.7799147764842 52.7740369240443 55.0766785939535 58.1090400616328 58.5757593313853 50.523986419042 51.139826575915 58.6911737918854 64.6327137947083 64.2845779657364 54.0908227364222 51.2598703304927 54.1275689999262 48.7880359093348 43.6510741710663 43.4781014919281 43.4399743874868 42.6304092009862 41.8762266635895 31.2077924609184 1.51044906427463 0 0 0 0
35.4226877291997 33.4826459487279 37.4317814906438 44.8327859242757 50.1598219076792 53.1372229258219 55.6663473447164 58.3221713701884 59.6905797719955 56.611234943072 58.6506376663844 58.7788969278336 55.5970867474874 53.2319744427999 52.0506898562113 47.7538208166758 46.5120623509089 44.6567783753077 47.0419923464457 50.6491909424464 52.0966351032257 52.1934032440186 49.8302678267161 50.2688338359197 45.4994837443034 49.0949898958206 53.0164937178294 57.0185979207357 62.6867214838664 68.0494556824366 73.4773973623912 73.2841789722443 65.1218394438426 59.4230393568675 58.9103202025096 58.9096198479334 70.2149321635564 61.1860603094101 52.9150565465291 47.1347073713938 42.8046633799871 43.4896697600683 44.0722306569417 40.3484627604485 37.3782316843669 37.8886063893636 23.3384395639102 7.04725210865339 0 0 0 0
35.5956355730693 38.8281494379044 42.218953371048 48.0065594116847 48.3618229627609 48.7877825895945 56.2971880038579 61.2161507209142 61.240941286087 61.0999961694082 60.9428187211355 61.0374907652537 57.5388173262278 53.6974569161733 53.9039671421051 57.0462544759115 50.49729347229 50.7434358199437 51.6103655099869 55.0503134727478 56.0315946737925 54.1443328062693 51.9882490237554 52.1657069524129 47.0013866821925 51.3422389825185 56.7508339881897 59.9166850248973 68.4260278940201 74.583316842715 80.4281383752823 81.5869867801666 76.4950811862946 63.6903544267019 45.8862483501434 49.0453541278839 57.2124322255452 65.5610412359238 57.5920641422272 44.1625912984212 39.3861581881841 44.0432280302048 47.9274690151215 42.699322104454 40.3447027007739 36.9557787974676 21.2357689936956 10.7237522800763 0 0 0 0
36.3829409082731 46.5761423110962 48.5882709423701 49.7427930434545 47.7650165557861 47.5495606660843 54.7746817270915 59.9106053511302 59.8449061314265 64.6774470806122 62.5276317199071 61.8994037310282 59.782733519872 55.7379225889842 56.0072759787242 61.2377425034841 55.2251090606054 53.5544206698736 51.8031418323517 52.738294005394 53.0848503112793 51.4773726463318 51.2919425964355 47.8699952363968 47.1629053354263 48.5773583253225 51.6100327173869 53.4130533536275 57.4841996033986 66.6177223126094 76.1729081471761 81.598773598671 75.2530743678411 56.9011867046356 18.8285733262698 18.3661046127478 24.7963716586431 51.1032144228617 62.126561999321 61.8175814549128 56.951309243838 47.0747699340185 41.946142911911 37.9671777288119 42.1190510193507 37.9042873779933 21.1233546336492 15.5000227193038 0.192378104353944 0 0 0
39.6934350331624 38.2759446899096 37.5988607605298 39.6169299880664 45.3898062308629 50.3806074460348 51.3832668463389 56.735431154569 56.5906961758932 61.1916085084279 61.639279127121 63.3915662765503 63.3285741011302 58.9313805103302 57.8898092110952 56.4959545930227 57.9582105080287 52.3480872313182 47.8959629933039 45.962005853653 45.6920613845189 47.3017295201619 48.1090446313222 43.7916119893392 44.9628134568532 42.1594679355621 44.5645153522491 44.07899081707 45.6957717736562 50.5223472913106 52.5682965914408 65.7911797364553 63.0022635062536 35.497156282266 15.0481934348742 8.15609594186147 8.88309068977833 16.678919394811 41.7292614777883 55.3459376096725 60.9973271687826 50.3863443930944 36.6147557894389 33.3943292498589 37.6445725560188 24.4711339473724 20.6025118629138 30.7736719648043 15.6479900081952 0 0 0
42.0572062333425 33.3289553721746 31.4392273624738 36.1316055059433 46.3038384914398 53.9962351322174 53.813248872757 54.9707313378652 57.2915424903234 57.9428772131602 59.8891576131185 62.5515729188919 64.2147958278656 63.1978412469228 59.2499474684397 57.2482397158941 59.3883047501246 53.6387364069621 49.3078529834747 49.2621809244156 49.3254860242208 47.7858483791351 45.9869205951691 43.4721211592356 43.3192054430644 40.8344070116679 40.1928871870041 41.7739401261012 40.2991125981013 38.8215829928716 31.9906373818715 38.6311362187068 41.8870598077774 21.6654166579247 16.5426259239515 8.95534455776215 1.74611046289404 0.721449420476953 7.87098084886869 22.2862089673678 44.290766119957 40.5016019940376 34.8923653364182 28.5046224792798 20.4868714014689 21.4524467786153 19.4490924477577 36.7593889435132 43.7166591485341 25.4716848333677 1.74592714756727 0
42.1641618013382 37.2193778554598 35.4903886715571 40.3414368629456 48.6348470052083 55.4813345273336 58.1910858551661 54.7089328368505 58.933491508166 57.6676825682322 61.3458504279455 62.8925065199534 64.1261438528697 66.0178860028585 61.9399696588516 61.5418255329132 61.8511736392975 57.5095514456431 53.874671459198 54.3812115987142 53.8068910439809 50.446758667628 48.1828252474467 48.8043576478958 46.6075042883555 44.7474966446559 42.734349767367 39.1056934992472 35.3766431411107 32.8514451781909 25.2334550023079 29.9043556054433 37.1406202514966 39.2989243070285 37.5146269798279 27.5061180194219 9.31438989937305 1.71057864402731 0.986850587651134 5.16832961390416 18.8109974066416 22.6456001400948 19.0586683650812 13.6932842433453 13.4541764855385 18.3876889447371 20.1796119411786 24.9457483490308 39.8366302251816 43.9512133598328 27.1476656198502 0.395920515681307
45.0733999411265 43.7500427166621 40.6394749879837 39.686178167661 45.1266914606094 54.8023829857508 56.1778843402863 54.5897483825684 56.4221640427907 61.2767040729523 67.2277609507243 67.8993314504623 66.193828980128 66.8519238630931 65.1014695564906 64.9461100498835 65.2815749247869 62.9043380419413 59.4295163949331 56.0062030951182 53.5192688306173 51.9308696190516 53.8220951954524 55.4831524689992 52.0533869663874 49.5568960905075 42.0822203159332 34.8062117894491 29.3912465373675 27.1251797676086 27.1591991186142 33.0866624911626 40.9361173709234 51.8392076094945 56.9018175204595 55.3056448698044 40.99007944266 27.3063878218333 16.5036482115587 4.6447366476059 9.40580790241559 18.3758003016313 18.8953603307406 13.6226788163185 13.1939873099327 27.7177716294924 45.4535633325577 39.2163147528966 34.3795890609423 39.8785620927811 29.6172251303991 6.99490619202455
47.4819789330165 46.922688682874 45.9354470173518 42.8800334533056 44.0861086050669 52.3752272129059 54.307167728742 54.4078350067139 54.6774218479792 63.4159296751022 70.75368364652 69.6847289800644 65.4793083667755 67.9415762424469 69.0488169590632 63.8981908559799 66.0309692223867 63.7927204370499 59.8401675621668 57.8236977259318 57.0050279299418 57.8157156705856 54.8522770404816 53.0100166797638 51.0887205600739 45.670876900355 30.0728132327398 5.07340393960476 3.99679007629553 14.6300283571084 25.5917310714722 30.6731909513474 39.2093608776728 46.4612891276677 56.9296578566233 59.7356855869293 58.2969536383947 52.3688395818075 39.4179572661718 21.9485312700272 10.9125897288322 18.498403330644 36.6501336296399 36.8102043867111 30.8570315440496 47.6810286442439 70.8211014668147 60.6889923413595 40.3198127945264 28.7789305051168 13.7770821650823 8.07714089751244
46.4247316122055 44.6433573961258 48.1239408254623 49.1447250048319 47.0232516527176 49.3809431791306 54.4074525435766 54.9174596865972 55.6374341249466 63.1836503744125 69.6047246456146 67.6953544219335 63.5846455891927 66.8551276127497 70.2273994684219 61.3319724798203 63.0389849344889 61.9237919648488 61.022291580836 61.4799360434214 62.3922049999237 63.7179513772329 58.5402945677439 52.0008504390717 51.528478662173 47.9534367720286 32.2241162260373 15.5307364960512 14.9784746269385 21.5671410163244 31.4639757076899 34.4875380396843 47.7792173624039 57.2912643353144 67.9739813009898 61.9167437156041 58.5321336984634 22.4508792161942 22.8292470177015 23.3743339776993 26.1622120936712 36.831537882487 41.1977519591649 21.8222886323929 16.7098318537076 20.5578245222569 40.8140743772189 47.9334990183512 36.0254719853401 25.1405437787374 18.9877127607663 13.3408320446809
36.1493875583013 43.0592596530914 46.3788559039434 49.0063528219859 49.129992723465 46.1003482341766 54.5164595047633 57.82750248909 58.7723155816396 63.7336025635401 65.7292008399963 64.9508982896805 64.4942025343577 63.2726301749547 64.6205445130666 61.3969961802165 58.4449817736944 61.5366200606028 63.9854917923609 65.3272569179535 67.1187738577525 63.5497917731603 62.1698647737503 56.5983603398005 54.6857565641403 54.4355461994807 49.6717194716136 43.8386648893356 43.1354939937592 44.4723169008891 41.0226186116536 40.5222848057747 56.9239954153697 68.838174144427 49.875815709432 45.2773869037628 27.0677730441093 11.1569911241531 3.79828612009684 8.40979193647703 8.85885084668795 32.0320179065069 44.5974369843801 37.5127842028936 26.1548558870951 27.2980878750483 40.0643621881803 44.1541622082392 41.555551191171 35.400927066803 29.606523613135 28.6832203467687
27.6105925440788 40.8263131976128 44.5201496283213 47.3408003648122 50.1389404137929 46.5579678614934 50.3539244333903 57.2645564874013 67.4558083216349 68.9604034026464 64.2283459504445 62.0839148759842 64.1728440920512 63.7267331282298 63.8097077608109 61.6293201843897 58.2895974318186 60.8496864636739 59.6412519613902 57.1966071923574 58.9121580123901 58.7645471096039 57.9905013243357 56.5118690331777 59.0073565642039 62.4261200428009 69.5902357498805 69.0378497044245 60.5770250161489 55.0064742565155 44.6341931819916 37.5235726435979 47.1151520808538 47.5151638189952 19.3244193991025 13.1850416461627 12.4429389834404 7.0578462133805 0.571025845905145 0 0 12.0314160982768 39.9239187439283 62.1194789807002 67.7620073159536 61.3412360350291 59.7926278909047 59.697429339091 59.5336258411407 49.2465645074844 39.0908867120743 48.8535910844803
29.5080070694288 38.2161885499954 44.9077884356181 47.2397605578105 48.7146476904551 49.0153829256693 43.7223166227341 52.4479299783707 71.3053146998088 69.9766973654429 62.5497798124949 59.3452900648117 61.5103741486867 65.7074799140294 64.7189517815908 61.8985046943029 61.0244274139404 58.7483843167623 52.949512998263 46.3496645291646 46.2248375018438 50.1375744740168 50.8613735437393 54.7872980435689 55.9196223815282 62.9500846068064 78.4491002559662 82.3941876490911 64.5942836999893 53.61441274484 43.6731576919556 31.8197657664617 34.0559432903926 36.4231864611308 17.8300862510999 9.54373677571615 10.4648855825265 15.2884063621362 8.55381910999616 0.760895665735006 0 2.05211046462258 19.5667271812757 43.5365190108617 46.4274187882741 47.4396546681722 45.0948973496755 46.0619032382965 51.0420501232147 45.0655122598012 45.5856025218964 77.9794951279958
40.0224775075912 42.742778857549 44.8904583851496 41.7619446913401 36.6973628600438 33.0389986435572 40.141503016154 45.7444290320079 54.7718455394109 51.0549445947011 46.7561682065328 52.5131672620773 60.88587641716 62.6447598139445 58.957835038503 60.5568488438924 61.2467378377914 55.8699071407318 48.5589603583018 43.790265917778 43.3480044205984 43.783704439799 47.7397392193476 50.7067938645681 52.3257901271184 56.4859559138616 69.2671785751979 76.4742791652679 64.9075408776601 50.4996279875437 42.9857869942983 28.623806933562 19.8839642107487 39.6068145831426 36.480871339639 16.9561070700486 16.8985389173031 39.0180473526319 40.9425348043442 27.2506922483444 5.79513174792131 2.88556516170502 10.9291275342306 17.639401058356 16.4762176573277 18.0858013530572 20.4220252732436 22.5693831841151 22.0249146223068 38.3448352416356 58.4126909573873 110.165456930796
50.5782465140025 47.4838316440582 43.9818799495697 37.4032333493233 28.4604802727699 23.0074475208918 31.3516507546107 32.3722958564758 23.3726551135381 21.4108303189278 33.5192531347275 42.8863217433294 49.5488941669464 53.4779032071432 56.6657284895579 66.3100928068161 69.2352602879206 60.9723130861918 52.8899927934011 49.7234563032786 47.456423441569 47.0103472471237 48.0971833070119 47.3943551381429 47.5864907105764 53.0731081962585 60.1101815700531 62.6909633477529 56.8853914737701 38.6644452810287 38.0363538861275 33.3733682831128 29.5405387878418 47.4932491779327 53.863118092219 42.4916446208954 33.0223888158798 20.5713684360186 25.6018092234929 30.9704517324766 20.1024388273557 9.00650210678577 10.6281004846096 11.0645567377408 6.10752527912458 7.19626309971015 14.1366794705391 16.0855973760287 17.0941315591335 38.5897407929103 82.9518636067708 125.816265741984
53.2490462064743 46.9839970270793 42.4694915612539 38.8824095328649 32.3223819335302 26.9831369320552 23.1233388185501 18.3185798426469 4.78645227849483 12.4156884849072 28.1224101781845 38.963516553243 38.7111778060595 46.0522522528966 58.9153269926707 74.1602728764216 79.7213067611059 72.6957966883977 64.7060126066208 60.9588275353114 55.9101402759552 54.3942054112752 54.0768504142761 49.1715321938197 44.9689626693726 47.7235068877538 46.6910600662231 49.4917432467143 45.7580288251241 32.1534176667531 31.0004899899165 32.3817953467369 24.1093287865321 45.2865113814672 69.3475951751073 72.399228811264 47.6514448722204 14.805960158507 11.6465861598651 16.6864718000094 17.1116230388482 14.9347012241681 15.9552643696467 15.0627344846725 8.62631884713968 5.62030449509621 11.3979031642278 16.9397195180257 27.2337372104327 51.1830399433772 113.741725683212 144.854068756104
55.5460602045059 50.4740178585052 49.197773138682 50.182635585467 47.0847586790721 41.2322208285332 36.5074723958969 36.8195722500483 35.6692324082057 41.2871365745862 48.7103511889776 53.9453675349553 54.2177011569341 49.7187376022339 59.6910466750463 75.1180549462636 84.5223466555278 84.9644541740417 77.9016315937042 68.5598204533259 62.961349884669 58.6421440045039 56.1295847098033 58.1116726001104 50.915648539861 40.7709876696269 38.4883234898249 40.5907283226649 38.9531329274178 38.4194652239482 19.3783802290757 17.7025273442268 14.3950556715329 22.31814712286 76.0555118322372 86.1549178759257 54.6590189139048 18.4290508429209 6.69699596861998 6.7934679488341 9.63986913363139 7.41774899264177 16.6589307288329 22.6560831069946 29.8523132999738 14.6751118203004 13.8857873777548 32.7009012301763 57.0230185985565 100.320120652517 132.567663987478 145.760873953501
56.3122928142548 53.6579191684723 53.7834713856379 55.1417768001556 54.5439024766286 51.1662364006042 51.0220875342687 58.3682556947072 74.1716623306274 70.3848203023275 61.7842574914296 62.29634086291 68.5970485210419 56.6015839576721 57.8125218550364 65.9844279289246 73.8146603107452 81.0759713252385 81.8235625823339 75.2900590499242 69.8856810728709 63.5057588418325 60.4891429344813 57.075172662735 51.4738261699677 40.8185397585233 29.0320639808973 29.9118409554164 33.101812005043 17.2576904296875 12.5466647247473 10.7690567771594 6.5733976662159 4.79032844305038 70.0312753518422 87.6262088616689 68.7626600265503 56.5586139758428 26.4762987693151 2.97062657773495 0.131851430827131 0 8.64618519941966 33.1445684035619 39.0989854931831 30.0905952850978 28.8334339857101 50.6267199913661 106.243898471196 150.008012851079 143.83864402771 131.963789463043
55.531511704127 52.2653808196386 46.9234784444173 42.4792071183523 42.7782585223516 44.7031706571579 44.8354482650757 56.325097878774 66.2005245685577 61.1779888470968 52.0541767279307 52.1591057380041 62.7829333146413 58.3054224650065 54.6967436869939 53.5939335823059 54.6582937240601 61.4309410254161 71.2618182102839 75.4287640253703 71.4279115200043 65.6055212020874 59.0258141358693 54.3291767438253 46.9278891881307 40.5349284410477 28.4108420213064 17.8218012054761 29.2734156052272 24.9617670973142 12.5045167903105 7.71686062216759 1.65703085561593 0 0.135688091783474 77.8206984202067 84.7061077753703 95.2160755793254 76.9765228033066 29.6734174092611 2.33509686465065 0 2.51802522689104 17.8085068861643 44.3897694349289 63.4540369113286 83.8186542193095 133.318523565928 173.606872558594 183.908561865489 169.060349464417 137.346476316452
57.6093395551046 55.6274602810542 49.9185621738434 43.3626671632131 41.8816804885864 44.5913374423981 37.5835572679838 35.0168272852898 36.6567969322205 33.5039446751277 26.7466728885969 24.5154251654943 28.1351755062739 45.5528597036997 52.6454945405324 46.7067360877991 36.5346719821294 32.2538514931997 44.0451204776764 63.6744995911916 65.4116769631704 60.1554612318675 53.5936603943507 50.5392948786418 43.8288748264313 37.8970553477605 31.8932731946309 10.4815115531286 15.0583411256472 34.9207570155462 18.3475477000078 11.5965791046619 4.12099746366342 0 0 57.1456501881282 97.2944398721059 111.673643191655 98.2427398363749 69.401611884435 37.055492401123 8.64797954758008 5.4926835000515 22.9721143841743 53.3963739871979 115.321516990662 155.780841906865 186.083992322286 195.075511932373 194.381336371104 184.85947450002 156.787772973379
59.2949787775675 59.2315892378489 56.7103077967962 53.2392561435699 51.3913631439209 50.7118850946426 35.9661703308423 22.6342032353083 22.8135983149211 24.9946688612302 22.4000116189321 19.8379134138425 20.976796746254 41.8713937203089 55.2951693534851 45.9445466597875 27.9126813014348 16.1833701034387 19.5631049573421 34.4113161166509 44.5344348748525 47.9211608568827 48.5660086075465 41.2221426765124 37.0878055691719 32.6358477274577 16.0534034172694 6.76085489491622 10.0541251401107 38.0195031563441 46.587273478508 39.731244246165 20.5617149670919 0 0 36.7574244737625 90.7023847103119 98.9258984724681 79.9804031848907 76.967254281044 81.6989739735921 66.3986057043076 44.812023639679 59.283971786499 110.563705364863 154.892812172572 177.917122840881 189.018130302429 190.812627474467 188.379148642222 183.493971824646 161.764840284983
