input/barkrak2/radiation/dir31224.grid
NCOLS 85 
NROWS 70 
XLLCORNER 665100 
YLLCORNER 4664600 
CELLSIZE 20 
NODATA_value -9999 
[rows 44 to 65 of 70, columns 0 to 49 of 85]
74.3518521388372 80.1309496164322 83.3552479743958 83.9992860953013 85.9538714090983 88.6615912119548 89.1376336415609 85.3191018104553 80.4551740487417 76.0771830876668 78.1184981266658 75.5878438552221 72.2917815049489 70.4929182926814 69.64344282945 69.7233825922012 66.4901236693064 72.7816522121429 75.482835372289 73.1002589066823 68.6252365509669 66.448375582695 65.8083905776342 66.6364282369614 63.9992157618205 72.4079459905624 75.3247886896133 72.6174016793569 72.3116944233577 71.3169574737549 66.4961040019989 63.7453099091848 70.011168718338 74.4636158148448 80.4590930541356 83.4169487158457 88.4886880715688 98.3737309773763 101.178159316381 90.9860730171204 89.9820923805237 84.074874718984 80.1722705364227 61.0159387191137 28.6741976936658 0 0 0 0 0
80.9687525033951 85.5919321378072 82.5491746266683 86.1818492412567 84.7632686297099 84.6832990646362 86.4685674508413 85.1842562357585 86.3447487354279 81.9485038518906 80.8305740356445 79.9835026264191 75.7695734500885 70.7660615444183 69.6625610192617 73.313037554423 68.016991019249 71.22603058815 75.4268070062001 74.7864743073781 70.8056390285492 70.8607832590739 70.0695117314657 70.2685366074244 71.5629557768504 71.3669161001841 78.4525473912557 75.5068610111872 72.559729218483 72.5460151831309 68.6711768309275 64.8223658402761 67.4048562844594 66.1558459202449 66.4897213379542 69.8164304097493 77.3344337940216 89.1190965970357 91.0684367020925 78.0877570311228 80.1549901564916 75.4939417044322 74.4057397047679 71.588064233462 52.4360239505768 19.9664359291395 0 0 0 0
80.6290159622828 82.1132659912109 85.0797196229299 87.3228112856547 86.9052112102509 86.4271720250448 88.5177552700043 90.1706318060557 86.7781738440196 85.610419511795 84.8735372225444 83.8419000307719 79.8228333393733 76.4066129922867 76.6861190398534 80.0556441148122 77.8629630804062 72.221040725708 77.3404190937678 76.0286251703898 73.0541249116262 73.5302766164144 73.035255074501 70.6057697534561 78.2450040181478 70.7140068213145 72.627862294515 74.3460009495417 73.3145872751872 72.2575883070628 71.9036261240641 68.1736767292023 67.6973909139633 66.8714294830958 68.5796191294988 69.7438418865204 71.7153151830037 78.1999578078588 82.0944011211395 78.2130012909571 77.6393910249074 72.3632077376048 77.5508234898249 84.046463171641 74.1970787445704 44.2361980676651 9.01305489242077 0 0 0
74.5270152886709 76.6808191935221 82.7257384856542 84.4751397768656 88.2786909739176 89.6878639856974 87.298979361852 87.2221688429515 87.0147347450256 89.7567768891652 86.9908034801483 83.0496400594711 81.7930450042089 81.7381938298543 79.7112931807836 78.240563472112 77.3644049962362 70.4881648222605 74.6704091628392 76.215997338295 72.8687544663747 73.2348610957464 76.5133053064346 69.4026052951813 72.4287331104279 71.9510167837143 67.118431131045 71.5371270974477 72.4969307581584 71.233128507932 71.6833422581355 72.6208041111628 67.4432913462321 70.1049715280533 81.5359652042389 84.3919614950816 80.397089322408 74.3134717146556 78.2478948434194 89.3134276072184 81.9379885991414 74.2768545945485 80.3399980068207 85.996816555659 79.8593213160833 60.3770812352498 27.37195789814 1.44163472577929 0 0
67.3604557911555 70.3219423691432 76.0837147633235 79.8874398072561 86.4225228627523 90.2512768904368 86.8576467037201 84.7457349300385 88.8936221599579 90.9462372461955 88.6581540107727 84.8669310410817 83.7756594022115 84.3963126341502 82.3341906070709 76.889380812645 76.219250758489 70.5937643845876 74.2180744806926 78.7165462970734 76.9987901051839 76.9078731536865 79.8625250657399 75.804074605306 73.351393143336 74.8685300350189 71.1055099964142 75.4477679729462 80.1805754502614 82.4833313624064 86.2229466438293 86.5013599395752 78.1169484059016 79.3626407782237 88.8918737570445 95.1741337776184 93.5880939165751 83.0265432596207 79.8678398132324 88.4275436401367 79.5975426832835 72.5300709406535 69.8795815308889 69.9155827363332 68.8159962495168 66.3948953151703 56.8766097227732 10.7235113779704 0 0
66.1178280909856 63.8089676698049 67.9729382197062 76.5997568766276 82.605575521787 85.92555920283 88.5994136333466 91.3376112778981 92.2591189543406 88.5227521260579 90.8400118350983 90.5486742655436 86.8408381938934 84.5623513062795 83.2337935765584 78.6263694365819 77.6650408903758 75.1890490452449 78.4537295500437 82.7706009149551 83.5020244121552 84.4027002652486 81.5496196349462 81.8767001231511 78.2458931207657 80.367237329483 80.2808354298274 83.9342574278514 91.3814107577006 96.5648690859477 103.31533352534 102.68301765124 95.9562361240387 89.2144242922465 85.8240723609924 95.1427022616069 99.1453528404236 95.7643687725067 84.5118562380473 76.223760843277 70.7186758518219 71.9343821207682 70.9195137023926 64.8813843727112 61.2779060999552 64.757709701856 62.2507284084956 18.8754896322886 0.33874922276785 0
66.5804942448934 70.0477063655853 73.6700544754664 80.2414268255234 80.9581925471624 81.2278042236964 89.3733501434326 94.4648782412211 94.4677790006002 93.7605897585551 93.2468771934509 92.8112963835398 89.4011855125427 84.824005762736 84.6742987632751 88.6430144309998 81.7229102055232 81.412265698115 82.9391231139501 87.9353582859039 88.9887710412343 86.6854786872864 84.0754012266795 84.202120701472 79.0100793043772 84.1651459534963 88.4171923001607 89.9589955806732 96.293181180954 102.008392413457 110.950181881587 113.397975762685 103.385965029399 88.6814991633097 80.7151148716609 85.1553579171499 91.7459527651469 97.1297919750214 89.7914270559947 71.1959600448608 65.9909894069036 73.2405881086985 76.1943111817042 71.7613200346629 66.3623809814453 63.7780030568441 50.1320759455363 24.0741421778997 1.23013144669433 0
67.4640635649363 78.7161439657211 81.0078531503677 82.8696191310883 80.6120485067368 79.9432595570882 87.6465837160746 93.5840308666229 93.181033929189 98.1403688589732 95.4906145731608 94.4647987683614 91.7605360349019 86.7809156576792 86.2525701522827 93.220849831899 86.4010254542033 83.5013190905253 81.2364965677261 84.3866169452667 84.7491423288981 84.4864050547282 84.2508176962535 80.0896733999252 78.2236556212107 79.7497828801473 84.5198233922323 85.9600901603699 89.9907648563385 96.1272418498993 103.159139553706 113.535583019257 105.93718290329 83.9777787526449 40.0258749723434 34.8848104476929 56.1130444208781 85.1720968882243 94.4407184918721 93.4352278709412 90.4528498649597 81.9321225086848 68.1781123081843 65.6394064426422 72.2802976767222 66.8385525544484 38.4932905435562 31.0933863123258 6.38629123568535 0
71.3244527578354 69.3836609522502 68.3332135279973 70.5198347568512 77.6603718598684 83.3438436190287 83.9541753133138 89.8643632729848 89.9312893549601 94.7121580441793 94.9383080005646 96.6844459374746 96.1394608020782 90.9813046455383 88.6188944180806 87.1243675549825 88.977187871933 82.3022127151489 77.0504077275594 75.1085380713145 74.803759654363 77.8853247563044 79.5004665851593 75.2439896265666 77.5642246007919 74.1049945354462 74.87886150678 76.3798952102661 78.1385997931163 82.0012489954631 83.8555892308553 93.7046706676483 91.8840368588765 68.1930383046468 30.1059633493423 20.305510610342 21.4066257079442 32.5329800446828 68.7746206919352 87.1827801068624 94.6233173211416 84.423432747523 64.8523817459742 60.7272783915202 59.5946311950684 56.1071584622065 37.6487299799919 52.7450491984685 34.7876225908597 7.96075786153475
73.8797038793564 63.8935963312785 61.607559521993 66.8545663356781 78.5039961338043 87.5697533289592 86.9381527105967 88.0520641803741 90.6231999397278 90.8022423585256 93.4308369954427 96.0270166397095 97.6587037245433 95.838059981664 91.031144062678 88.3464018503825 90.8316175142924 83.6496849854787 78.2240629196167 78.9321511983871 78.8780202468236 76.8070121606191 75.3309031327565 73.1778144836426 73.6317237218221 72.4204281965892 72.6424952348073 72.4097192287445 72.6324717203776 70.1306263605754 61.2374444802602 64.8464560508728 67.3077752192815 49.5092819134394 32.1150273084641 21.4363833268483 10.5941320459048 8.2235299050808 19.5464231073856 51.1273096005122 76.9011328617732 75.311690568924 65.1569863160451 50.5835115909576 46.8036433060964 38.9127979675929 36.0826527078946 60.9865883986155 70.8960543076197 49.4322429100672
74.1170148054759 68.4336175521215 66.2787208954493 71.5478658676147 80.8995713790258 89.3225073814392 92.2548075517019 88.1939133008321 93.0667320887248 91.2768840789795 94.976802666982 96.6781775156657 98.0323751767476 99.4962950547536 94.0675934155782 92.9894646008809 93.2118892669678 88.3898238341014 83.582878112793 83.9179754257202 83.9296778043111 79.0310204029083 77.920526266098 77.2596895694733 74.4783629973729 75.184091925621 73.6813843250275 72.2232113281886 68.0566529432933 62.9649013280869 53.2569239536921 55.0332069396973 61.0591818888982 62.6257807016373 60.798242688179 49.1320391496023 25.1550202568372 12.3514160513878 9.34457406401634 15.7949750622114 35.547415415446 40.6907474001249 35.6889416774114 28.1918818751971 27.8197998801867 34.5565552512805 47.5204090277354 53.5506506760915 66.3456420103709 71.912740667661
77.471802632014 76.0568777720134 72.3368724187215 70.7746098438899 76.835776368777 88.0896051724752 90.2772744496663 88.2525245348613 89.9427533149719 95.4895913600922 101.891060670217 102.390388647715 100.423216819763 100.834508736928 98.1886188189189 97.6814329624176 97.2822308540344 94.4097240765889 88.6377692222595 85.5562090873718 83.4026038646698 81.6271007061005 83.4118624528249 84.7157041231791 80.6674659252167 77.4656931559245 72.7994938691457 65.3177599112193 59.2054973045985 56.3350121180216 56.0061633586884 60.4874938726425 65.9605264663696 77.6612261931102 82.0116301377614 81.2573134899139 68.8567658265432 47.6776262124379 36.8972296516101 16.3363416989644 22.1410840749741 35.5030695597331 43.8741395870844 33.0545281370481 32.973771293958 48.5450526078542 70.9421783685684 65.5318150917689 60.473288098971 67.3936605453491
80.1013310750325 79.5741627613703 78.4987111886342 74.7892707586288 75.823575258255 85.1946175098419 88.1528556346893 88.1228546301524 88.0890587965647 97.6998110612233 105.857322613398 104.664375384649 99.7334122657776 102.235863606135 103.475213050842 96.5951085090637 98.7799167633057 95.7904060681661 91.6364888350169 88.5952512423197 86.7281059424082 87.6476069291433 84.4038526217143 81.9541315237681 79.7170102596283 74.1862853368123 56.2531153361003 36.0298231244087 31.4893747369448 39.0504946311315 53.1046191851298 57.1896483500799 64.0551050504049 71.9436903794606 82.1526994307836 95.2484806378682 96.9330271085103 78.7371297677358 76.9798507293065 47.2454776366552 24.3079165617625 44.8668301105499 60.1134250561396 60.5126718680064 60.0913763046265 74.6439297993978 102.437645196915 90.3234283129374 67.1068926652272 52.8496205806732
78.9463619391124 77.0631929238637 80.9693584839503 82.0424556732178 79.2931218942006 82.0237298806508 88.3055627346039 89.0487233797709 89.1148746013641 97.1050163110097 104.330837726593 102.783064047496 98.0030596256256 101.442724466324 104.773193597794 95.0026214122772 96.1868067582448 94.6204463640849 92.0392672220866 93.7222043673197 93.3502018451691 93.7978525956472 87.1844093004863 80.1094224055608 79.5509169499079 76.4579872290293 58.9085817337036 38.4512344996134 38.5394816597303 50.0691632429759 62.4904135862986 62.8929932912191 74.481338262558 83.916962146759 94.6632226308187 89.8757676283519 83.9388569196065 40.6368424495061 41.0571023821831 41.6852285464605 50.8779933055242 64.1361276308696 69.9837903181712 39.6722406148911 32.5972760717074 38.0111982425054 79.8225502173106 74.692557255427 60.88754038016 50.7492919762929
67.0820573965708 75.0679026047389 79.0296494960785 81.937829653422 81.8489640951157 78.3181587855021 88.1994366645813 92.1109616756439 92.8812623023987 97.847710053126 100.612282752991 100.163956483205 99.2229680220286 97.5772341092428 99.0068515141805 95.1031645139058 91.843585173289 95.3732828299205 96.7532992362976 97.9076425234477 97.8692770004272 95.2987472216288 92.7284757296244 85.953285296758 83.1191837787628 83.2918733358383 78.3389508724213 72.9383230209351 71.562131245931 74.260284503301 76.8924007813136 72.9002704222997 88.2250567277272 96.1580475171407 93.4884150822957 68.1295941273371 53.722620010376 24.4203706582387 13.542365282774 24.4979908068975 44.4758385419846 65.2367323637009 74.1037279367447 60.576930642128 47.8645364443461 50.1965135335922 65.5351430177689 70.1419363419215 67.611758907636 60.5534166097641
57.0543110370636 72.3866472641627 76.9559691349665 79.9569686253866 83.0989678700765 79.0201524893443 83.3859244982402 91.6220247745514 102.912078301112 104.274491469065 99.6681650479635 96.8575278917948 98.9296933015188 97.7982183297475 97.8558460871379 95.604807138443 91.7604664961497 93.74072154363 92.5714770952861 90.1718139648438 91.3907488187154 89.5269413789113 88.1665249665578 87.6725316047668 87.4476532141368 91.7903383572896 101.910571257273 100.835591554642 93.8924849033356 87.200144926707 74.0372637907664 73.0602492888768 82.6989909013112 73.742538690567 36.1156711975733 27.2402813037237 25.9330496191978 18.3095559477806 5.71174484988054 2.99810493985812 3.21911834180355 25.8128146330516 71.516623099645 87.9978537559509 99.0559260050456 97.1118609110514 90.0506575902303 89.9956822395325 88.647057612737 76.9593815008799
58.7830593188604 69.5131371418635 77.2060950597127 79.9371153116226 81.546093026797 81.8107624848684 76.0214030742645 86.5268409252167 108.110328515371 106.920838356018 98.0735123157501 93.9390063285828 96.8963503837585 100.689152876536 99.3837515513102 95.8991547425588 94.4579442342122 91.9947922229767 85.1044456164042 77.5871276855469 77.9468317826589 81.3455830017726 81.7767878373464 84.1472347577413 85.4458709557851 91.7850832144419 109.741697708766 117.805431286494 96.9762702782949 83.8660597801208 72.4124411741893 60.0924789905548 63.3025219043096 59.3987504641215 33.680185675621 21.7894911766052 23.0727046728134 31.499482691288 23.2316801945368 9.6363661189874 2.28278804570436 10.0932102650404 36.5673303604126 70.6850588321686 74.9718248844147 84.8375658194224 81.2990764776866 83.0587446689606 78.4236441055934 71.5181529521942
71.3013112545013 74.7610628604889 77.250729004542 73.5843479633331 67.138801018397 64.3246273199717 72.5376456975937 78.4041335185369 88.9358023802439 84.6826036771138 82.3528667291005 88.5120530923208 95.2080984910329 97.4951386451721 93.2545860608419 95.1248705387115 95.1082706451416 88.8641277949015 80.6562105814616 74.9732156594594 74.0661124388377 74.4064549605052 79.0274937947591 81.9803227980932 81.8199018637339 84.314634402593 98.4341104825338 106.548051039378 97.4703431129456 80.0265769163768 66.7843570311864 53.9467831452688 49.4622737169266 63.0104839801788 58.0937365690867 32.3281635840734 36.1034944653511 68.1270658969879 72.9481776555379 52.2323548793793 21.772637963295 12.8529754777749 24.4060059388479 33.8885933160782 32.2855040431023 41.9408728679021 54.4394552707672 59.2571844657262 57.8571756680807 63.6922021706899
83.6773415406545 80.2010844151179 76.0569473107656 68.6655342578888 57.9248269399007 51.2242168188095 63.5362168153127 62.0197653770447 51.6535192728043 52.4624933799108 63.6577258507411 75.4908472299576 82.7465752760569 87.4818563461304 90.7324850559235 101.467321316401 104.219009478887 94.7758356730143 85.3465795516968 81.6090355316798 78.7306477626165 78.08817923069 79.9820572137833 78.1403134266535 79.8017034928004 83.4328432877858 87.2154732545217 94.0675139427185 84.2363039652507 62.5888655583064 66.3306514422099 60.9345485766729 55.2979211012522 72.5738704204559 78.2126088937124 65.400908390681 55.7524661223094 54.5477420091629 52.3702353239059 55.2787482738495 40.5853539705276 28.0259301265081 23.9921187361081 24.5429525772731 17.4828904370467 18.6886464556058 28.9780919750532 31.7015399535497 45.197124282519 65.1744504769643
86.8230064709981 79.6851317087809 74.4168857733409 70.1813300450643 62.5297625859578 56.0466349124908 50.9915351867676 46.0533003012339 27.7104054888089 35.4706719517708 58.2300027211507 69.9687401453654 70.4301595687866 78.6046087741852 93.4124986330668 110.347847143809 115.781684716543 107.780426740646 98.9976425965627 94.1294133663177 88.1672700246175 85.9541594982147 85.1836403210958 82.5957556565603 79.6311299006144 77.7537922064463 77.2769600152969 77.3625622193019 74.4917690753937 54.829219977061 59.1456790765127 54.2670339345932 50.857812166214 75.9922762711843 95.6860383351644 99.0006625652313 72.7652460336685 29.8417260249456 25.413453578949 32.5757438937823 41.8039460976919 39.6646534403165 40.1024222373962 36.5323548515638 24.3956819176674 20.0485748549302 25.1164982716242 41.1633253097534 50.4679431517919 82.505797346433
89.4911289215088 83.7687750657399 82.3128620783488 83.4887127081553 79.965536793073 73.1835216283798 67.601352930069 68.1780477364858 66.7453209559123 72.3334799210231 81.4627160628637 88.1495177745819 88.4180764357249 82.9635560512543 94.0590898195903 111.196100711823 121.995518604914 121.536423762639 113.714804251989 103.127896785736 96.8741575876872 91.1599198977153 87.8023207187653 90.0196532408396 81.7925631999969 74.1206804911296 68.0620819330215 68.9751853545507 67.3611015081406 63.0171149969101 42.6252583662669 42.6008750995 36.6622159878413 63.3939802646637 103.929410378138 113.263865311941 79.452246427536 44.094572464625 18.3220903078715 18.4993421037992 22.5954999526342 26.2029270331065 40.8551543951035 51.0705808798472 53.0143628517787 39.0424380699793 38.6565277973811 57.1824163198471 88.0718926588694 138.814717531204
90.3637607892354 87.4523520469666 87.596873442332 88.9848272005717 88.3867144584656 84.5531821250916 84.0746760368347 92.814435561498 110.475262006124 105.938772360484 96.4951018492381 98.5023379325867 104.066799084346 90.7869438330332 92.1219786008199 101.248403390249 111.30345861117 118.124186992645 117.95562505722 110.843300819397 104.556421438853 97.6396501064301 92.9455757141113 90.298851331075 79.7944168249766 71.1385011672974 60.0099414587021 58.8350147008896 59.4590604305267 52.3169388373693 26.6043096780777 24.0515321493149 18.0797403057416 17.9390907287598 101.390113433202 114.50986067454 94.1060284773509 82.5073172648748 48.3340322971344 12.8533765673637 4.93078927199046 2.21866524467866 20.6670686602592 56.3964595397313 64.6071334679921 53.9844334125519 52.6162683963776 80.5118580659231 144.268701473872 191.858728726705
