input/barkrak2/radiation/dir30824.grid
NCOLS 85 
NROWS 70 
XLLCORNER 665100 
YLLCORNER 4664600 
CELLSIZE 20 
NODATA_value -9999 
[rows 44 to 65 of 70, columns 0 to 49 of 85]
81.0114045937856 87.1019164721171 90.4019673665365 91.2957191467285 92.9994483788808 95.7509775956472 95.8490967750549 92.0018156369527 86.9854688644409 82.436536749204 83.9189787705739 81.782008210818 78.3177763223648 76.460987329483 76.3380626837413 76.4012237389882 73.0506728092829 79.5033872127533 81.3328822453817 78.7844757239024 74.1885602474213 72.1301784118017 71.3441669940948 72.0936357975006 69.3929890791575 76.7096181710561 80.7849019765854 78.0451943476995 77.7634382247925 75.7471323013306 71.8339780966441 68.9700593551 76.1873026688894 80.6954602400462 86.6494675477346 89.3773833910624 94.5448875427246 104.094127813975 107.856929302216 99.2507139841716 95.6494510173798 89.6877845128377 85.9905282656352 66.143403450648 33.2830225427945 0.0122198022533363 0 0 0 0
87.7095262209574 92.3989613850911 89.5547270774841 92.9246445496877 91.5024876594543 91.7060176531474 93.5213466485341 91.8603936831156 92.9348270098368 88.4522795677185 87.2368315855662 86.9375864664714 81.9838444391886 76.8725474675496 75.6827195485433 79.3181260426839 74.6388683716456 77.7386029561361 82.2380234797796 79.6279013156891 77.4821142355601 76.6287644704183 74.6906747420629 76.8938213586807 76.9387384255727 76.6987651586533 82.792599995931 82.1189333995183 80.0605217615763 78.0524263779322 73.3133405447006 70.1314707597097 72.6715574661891 72.0879087845484 72.1933742364248 75.3416121006012 83.1358432769775 96.8937377134959 96.7282752195994 84.4101309776306 86.3688985506694 81.0100336869558 79.8707902431488 76.8654892841975 57.7162603537242 24.2199848095576 0 0 0 0
87.3414973417918 88.7928505738576 91.858317454656 94.1293438275655 93.6672488848368 93.4847096602122 95.611313978831 97.6879795392354 93.8420295715332 92.1586950620015 91.3724700609843 90.256005525589 86.8009626865387 83.2964181900024 82.8195710976918 86.1851175626119 83.798348903656 77.8601318597794 83.1401844819387 81.9375117619832 78.8529564936956 79.3264955282211 78.6809225877126 76.0970811049144 82.5337171554565 76.084425052007 77.0047605037689 78.8894494374593 77.7861028909683 79.5662899812063 77.4341175953547 73.5365698734919 72.2741534312566 72.7588981389999 74.2997974157333 75.2960592508316 77.4434407552083 84.9579672018687 87.656964858373 84.5676064491272 84.3469897905986 77.4294783671697 82.6481183369954 90.3139114379883 79.599658648173 49.6524820725123 11.2521151701609 0 0 0
81.2329600254695 83.3897689978282 89.5543793837229 91.2799040476481 95.1125025749207 96.455047527949 94.379723072052 94.2885180314382 94.4517354170481 96.8886117140452 93.5153067111969 90.0604128837585 88.235874970754 88.0764921506246 86.6536796092987 85.1499934991201 84.203432003657 76.3096312681834 79.4991751511892 81.3359667857488 77.8719186782837 79.0845652421315 82.2629233201345 75.9648233652115 77.7874141931534 77.4598121643066 71.5636561314265 76.2320756912231 78.010027607282 76.6874402761459 79.6397924423218 78.125 72.8015800317128 76.1449734369914 86.9815647602081 91.2444790204366 86.418628692627 80.3180436293284 85.6197873751322 94.9050883452098 88.0618492762248 79.3189853429794 86.4424506823222 91.4968848228455 85.3896240393321 65.8255517482758 31.6080997387568 3.20266963293155 0 0
73.9975124597549 76.9250790278117 82.5736373662949 86.7133835951487 93.2924747467041 96.7838068803151 93.6251680056254 91.7717814445496 95.5584645271301 98.1008609135946 96.2901810805003 91.9079581896464 90.8042887846629 91.471532980601 88.6261264483134 83.0030192931493 83.0495754877726 76.4351040124893 80.1039238770803 83.9769244194031 82.9180479049683 82.7212085326513 84.6494237581889 81.3865115245183 77.7844190597534 81.5219779809316 76.6299664974213 80.0430277983348 85.8414471149445 88.1288150946299 91.8356577555339 93.3680832386017 83.6095909277598 85.812250773112 94.4146414597829 100.580900907516 101.014296213786 89.3232226371765 87.0305299758911 94.013382991155 86.0439737637838 78.0245612064997 75.6483574708303 75.2347161372503 74.0135908126831 71.5355773766835 62.2362643480301 13.0733040471872 0.501397298648953 0
72.8855431079865 70.3421980142593 74.5284308989843 83.1155776977539 89.4394318262736 92.7490592002869 95.6963102022807 98.1213450431824 98.941574494044 95.635066429774 97.4486072858175 97.6910293102264 94.575693209966 91.6106402873993 90.2556677659353 85.5706930160522 83.8659703731537 80.2217076222102 84.2449764410655 88.9037251472473 90.4475351174672 90.3544723987579 87.396631638209 88.7570480505625 82.7778279781342 86.0752761363983 85.8754515647888 88.3409976959229 95.9882338841756 102.33594973882 109.090646107992 108.35212469101 101.687918106715 94.6891208489736 91.1290347576141 100.517173608144 105.793058872223 101.207067569097 90.9677644570668 83.5755566755931 76.0310888290405 77.2739251454671 76.0611941417058 71.39852643013 67.2427266836166 69.8451101779938 67.7063763141632 21.6096664468447 1.32045863817136 0.0171497194969561
73.291411002477 76.7355213562648 80.308606227239 86.97243531545 87.7829889456431 88.072935740153 96.2161819140116 101.674417654673 101.256956656774 100.448459386826 100.444098313649 99.9928911526998 95.8903829256694 91.8610990047455 92.4160281817118 95.7651734352112 88.6937578519185 88.3602996667226 88.884969552358 94.0126081307729 95.0566331545512 93.7013427416484 89.945375919342 89.9548431237539 84.7243368625641 91.0736521085103 94.1181679566701 94.1956837972005 100.678513447444 109.316239754359 115.060408910116 119.181344906489 108.986765146255 97.0076223214467 85.9673619270325 90.4600222905477 99.5846390724182 105.373462041219 95.1370199521383 77.9928664366404 71.2442547082901 78.9614270130793 81.5362532933553 78.0452092488607 71.4626560608546 68.8410302003225 56.9549202919006 27.0303338766098 2.58785144736369 0
74.1263230641683 85.4928990205129 87.7681970596313 89.3542965253194 87.5250200430552 86.7834289868673 94.5102175076803 100.121796131134 100.034415721893 104.921241601308 102.1968126297 101.113766431808 98.9235440889994 93.8540895779928 93.3220982551575 99.6570885181427 93.4508641560872 91.5091534455617 89.2151494820913 91.3330515225728 91.7686422665914 90.5599693457286 89.118887980779 86.9701306025187 83.9101175467173 86.5560173988342 91.4329687754313 91.5544430414836 94.2722260951996 101.783682902654 110.504666964213 119.385669628779 111.626366774241 89.3917183081309 60.623953739802 38.1848538915316 61.6173247496287 90.355396270752 99.6799170970917 99.943220615387 95.9780017534892 87.4064763387044 73.4164863824844 71.4586426814397 77.4547010660172 72.0278670390447 46.6986199220022 39.6893471479416 8.59814758102099 0
78.0047426621119 75.9788850943248 74.9096721410751 77.2029459476471 84.421972433726 90.2478794256846 90.7688041528066 96.7799027760824 96.3920950889587 101.049164930979 101.739227771759 103.419403235118 102.808038393656 97.4879264831543 94.9118038018544 93.4938490390778 96.0826377073924 89.2590681711833 83.8814377784729 82.7783346176147 82.4470371007919 85.6488446394603 86.3731106122335 81.0481409231822 82.2347154219945 79.6979119380315 81.544836362203 81.8714549144109 82.4406047662099 86.3509774208069 90.6973878542582 101.847499608994 96.6510474681854 73.4305381774902 37.0662659406662 23.0853011210759 24.2093726992607 43.9705600341161 73.3938068151474 98.3416040738424 103.757272164027 89.8589591185252 70.0074930985769 65.8574452002843 73.1205940246582 60.4925354321798 41.061744093895 57.5773666302363 39.3306364615758 10.9731294214725
80.8129707972209 70.5838203430176 68.1700805823008 73.2988019784292 85.5168104171753 94.4171547889709 93.8250223795573 94.9541926383972 97.8633960088094 97.9852179686228 100.258688131968 102.839380502701 104.433794816335 102.511793375015 97.4566340446472 94.7499573230743 96.326212088267 89.7278686364492 85.1016938686371 85.85058649381 85.7256948947906 84.5526357491811 83.0342868963877 80.7896554470062 80.3767740726471 79.0783961613973 78.1877984603246 77.8517623742421 76.9746055205663 74.6058772007624 66.626454393069 70.8259344100952 72.5998630126317 58.0035696427027 35.3372171521187 24.2660989363988 12.9646236697833 10.444737970829 21.8199069301287 55.2658339341482 85.1805408795675 80.6026707092921 70.3449745972951 54.7230144341787 50.8586019277573 43.1817422310511 39.4506255785624 66.2464598814646 76.7342795928319 54.8690557479858
80.9024274349213 75.2700964609782 73.0569263299306 78.2084862391154 87.6991351445516 96.1452523867289 99.2660224437714 95.1087276140849 99.7557242711385 97.8205700715383 101.917962233226 103.595872720083 104.850212732951 106.255183617274 100.636204083761 100.184867779414 100.397805372874 93.7109092871348 89.6049737930298 89.8889899253845 90.8889671166738 86.8336160977681 84.7159127394358 86.2044493357341 83.4085543950399 82.9863051573436 81.4308822154999 77.7499129374822 72.5526412328084 67.7980681260427 58.4102173646291 60.7426712910334 66.2404795487722 67.6168700059255 65.8082862695058 53.9500017960866 29.122032225132 15.5574902892113 11.6416811943054 18.6604931950569 38.8932699958483 44.20538743337 39.0467916925748 31.2954187393188 30.9120391805967 37.8691703081131 52.063450217247 58.7730606396993 72.0982650915782 77.8738409280777
84.4624042510986 82.9885403315226 79.1112879912059 77.6140987873077 83.5524797439575 95.2631533145905 97.2954332828522 95.1150059700012 97.2733994325002 102.486491203308 108.904788891474 108.797977368037 107.322553793589 107.754290103912 104.858378569285 103.52952281634 103.819241126378 100.741525491079 95.7391758759816 92.5881763299306 89.4446074962616 87.506115436554 90.3391242027283 91.6553735733032 86.2185060977936 85.4608714580536 80.5056194464366 71.6852446397146 64.6846840778987 61.3635927438736 61.2187087535858 66.2472198406855 71.3376700878143 82.9221506913503 90.2634660402934 86.4737729231517 73.9860534667969 56.8189471960068 40.9896572430929 20.7227828601996 25.0082785884539 45.7113236188889 48.2418338457743 37.0681881904602 37.0551397403081 53.1639357407888 76.3321171204249 71.2471554676692 66.2321448326111 73.3030885457993
87.1306459108988 86.6351425647736 85.4380230108897 81.3852300246557 82.5101435184479 92.0696755250295 95.150500535965 95.334380865097 95.107227563858 104.669074217478 113.019784291585 111.705780029297 106.82953397433 108.669648567835 110.255688428879 103.864153226217 106.076419353485 102.229654788971 97.034881512324 94.8408941427867 93.7523742516835 93.6194658279419 91.3504262765249 88.8275603453318 85.3028098742167 79.6540478865306 60.9083672364553 41.4808591206869 36.686527232329 44.170469045639 58.3289464314779 62.8380576769511 69.4201538960139 77.1553218364716 87.3055656750997 100.586175918579 102.344810962677 83.519587914149 81.7151616017024 51.5287021795909 27.2580534219742 49.3863721688588 65.0667051474253 65.6432708104451 65.3441498676936 80.1523526509603 108.399450778961 96.3517725467682 72.915330529213 58.2386702299118
85.8203768730164 84.0840041637421 87.971031665802 88.9910161495209 86.0771536827087 88.6603991190592 95.2299336592356 96.1263378461202 96.1584051450094 104.310522476832 111.747741699219 109.900991121928 105.092306931814 108.445127805074 111.732433239619 101.274718840917 102.840373913447 101.170033216476 99.2307662963867 99.2695391178131 99.5323061943054 98.7737675507863 95.3109562397003 86.9464576244354 85.1857463518779 82.1609596411387 64.1769766807556 43.8198546568553 44.4023708502452 54.7579030195872 67.5194958845774 68.6713953812917 80.1410178343455 90.544601281484 100.038011868795 96.9100991884867 88.7450079123179 44.0936982631683 44.5809761683146 52.4344245592753 57.1028689543406 70.4563607772191 75.8130699396133 56.247020761172 35.8505770564079 41.4417535066605 85.5468809604645 80.3356866041819 66.3170566161474 55.9353133042653
73.8637695709864 82.0390780766805 86.0585470994314 88.81476521492 88.7364049752553 85.132638613383 95.2869852383931 99.5599130789439 99.981168905894 104.744603236516 107.625136772792 107.493996620178 106.607486804326 104.490478833516 106.000433365504 102.015316486359 98.5742807388306 101.373384396235 102.402230103811 104.332109292348 106.163521607717 101.544916629791 98.8260209560394 90.7015005747477 90.0039871533712 90.0800029436747 84.8430494467417 77.9607544342677 80.6029140949249 85.0263138612111 84.7024321556091 78.606128692627 94.1539804140727 103.805234034856 98.8627076148987 72.591225306193 62.7787113189697 27.372861901919 16.0751429696878 27.4579400817553 48.4517117341359 75.0673214594523 79.8065513372421 65.5522346496582 52.7417163054148 55.3383926550547 71.022907892863 75.6905327240626 73.2233822345734 66.0610049962997
63.4549160798391 79.3178379535675 83.9425722757975 86.9277517000834 89.9593532085419 85.8803391456604 90.4789566993713 99.0277628103892 110.076824824015 111.287256081899 106.685260931651 104.285458723704 106.23961687088 105.255415042241 105.158299207687 102.542569239934 98.6014803250631 100.970894098282 99.060982465744 95.9189434846242 97.0435738563538 95.7617561022441 95.2520370483398 92.5950904687246 94.4588581720988 97.7861086527507 107.009589672089 111.159731944402 97.5975394248962 90.7321969668071 87.8331959247589 78.7536203861237 88.6055926481883 79.7473341226578 39.475845793883 30.2877873182297 28.9119059840838 21.0126067201297 7.83053537209829 4.3404068176945 6.41089119017124 28.2029211521149 77.1525800228119 93.2387212912242 108.043611049652 102.412164211273 95.5313642819722 95.9716637929281 94.6871042251587 82.826629281044
65.4191225767136 76.4025151729584 84.1641426086426 86.8551929791768 88.5189374287923 88.811457157135 83.0648988485336 93.5817460219065 115.082760651906 114.379833141963 105.292558670044 101.186613241831 104.187260071437 107.498317956924 106.402844190598 103.097677230835 101.754695177078 98.6673732598623 91.7059282461802 84.4998757044474 84.3066175778707 87.6733362674713 87.1257086594899 88.9851748943329 93.5524503389994 97.6621806621552 114.430050055186 121.896813313166 102.305879195531 88.9923771222432 78.2659550507863 68.8785463571548 68.8005288441976 64.3518269062042 41.7060802380244 24.6139789621035 25.9437710046768 35.3035976489385 26.9233932097753 12.5562225778898 4.12796003123124 12.5344345966975 39.9560009439786 87.1676007906596 79.7046174605687 91.956228017807 86.4009857177734 88.8753036657969 84.1920673847198 77.1628518899282
78.2723824183146 81.6205243269603 84.341029326121 80.5751581986745 73.9803065856298 71.0500776767731 79.4555991888046 85.5852564175924 96.1882968743642 92.1211242675781 90.6377931435903 95.2065189679464 102.452288071314 104.433377583822 100.33991932869 101.987292369207 101.914962132772 95.6251621246338 87.6957873503367 81.486980120341 80.4366519053777 81.864207983017 85.2472583452861 88.009496529897 87.6816312472026 90.0292495886485 102.961947520574 112.319489320119 103.020846843719 86.6889754931132 72.7899173895518 59.023529291153 54.4611364603043 68.0110355218251 62.7063016096751 35.5331500371297 43.5351431369781 73.2193241516749 78.1466712554296 57.1218430995941 25.4717146356901 15.3196901082993 27.361735701561 42.0447885990143 35.527562101682 47.1255481243134 59.5531662305196 64.4564876953761 63.0273769299189 69.1889226436615
90.9021000067393 87.264358997345 83.1042031447093 75.4835357268651 64.3516133228938 57.6717207829157 70.2057679494222 68.5227066278458 57.594840725263 58.7698767582575 69.7068224350611 82.6888332764308 89.7152821222941 94.4135785102844 97.8377560774485 108.823736508687 111.349085966746 101.787308851878 92.476358016332 88.6115829149882 85.6908758481344 85.0132604440053 86.1735741297404 85.8672261238098 85.8001212279002 88.1662964820862 91.5934840838114 98.7079938252767 89.655598004659 69.4837719202042 72.1916357676188 65.9369726975759 60.5180164178213 77.8482854366302 83.1968088944753 70.2279110749563 60.7158790032069 61.6170217593511 60.1432621479034 59.7343693176905 44.7127421696981 31.8397631247838 28.3899456262589 27.5192682941755 20.1897000273069 21.7931320269903 32.1147715051969 34.9401980638504 49.9911954005559 70.966253678004
93.9660668373108 86.7117643356323 81.2711169322332 77.066034078598 69.2380766073863 62.6457581917445 57.3259294033051 52.1642019351323 33.2773700356483 42.472630739212 64.9604250987371 76.7845064401627 77.307790517807 85.6290558973948 100.697865088781 117.838650941849 123.307963212331 115.188499291738 106.172889471054 100.933372974396 95.2666997909546 93.6571955680847 92.9400523503621 87.9799127578735 84.4814081986745 86.6585870583852 84.9904815355937 82.2449525197347 79.3559153874715 61.0500872135162 64.1112625598907 65.2062843243281 61.0588937997818 81.4848591883977 100.941290458043 104.275445143382 78.0352354049683 32.9979459444682 28.4006968140602 35.8159020543098 48.4480361143748 43.7192022800446 45.6731865803401 40.7316808899244 28.1438554326693 23.7610662976901 32.9719533522924 45.7611282666524 55.6911826133728 89.1973276933034
96.7825849850972 90.8820033073425 89.4269148508708 90.6207859516144 87.0549182097117 80.1150649785995 74.4027396043142 75.0375588734945 73.5605458418528 79.0768216053645 88.4636441866557 95.3351855278015 95.7722067832947 90.0627871354421 101.238548755646 118.71541539828 129.066377878189 129.075249036153 120.85900704066 110.464751720428 103.722264369329 97.7256894111633 95.6973532835643 96.2236026922862 90.7739996910095 81.7120224237442 72.725440065066 74.0087330341339 72.9484061400096 68.1534608205159 55.8429857095083 46.5230743090312 40.4201199611028 68.8372552394867 109.46919520696 118.496149778366 84.536333878835 48.5583047072093 21.0439612468084 21.2145869930585 25.4631067315737 29.2126387357712 44.7750091552734 55.9011548757553 58.1584622462591 43.8133974870046 43.2866762081782 62.5835905472438 94.6101546287537 146.514097849528
97.659170627594 94.6083267529805 94.8604544003804 96.2519447008769 95.6247448921204 91.6755398114522 90.9875830014547 100.054323673248 117.917031049728 113.271445035934 103.971193234126 105.851024389267 111.96897427241 97.8319843610128 99.3327101071676 108.622878789902 118.819216887156 125.311623016993 125.493377447128 118.230988581975 111.575335264206 104.421218236287 99.4465947151184 95.5458084742228 85.5096777280172 76.9221484661102 64.846674601237 64.0167643626531 65.1144236326218 57.3539733886719 29.6188766757647 26.9766375422478 20.7502171397209 31.6591784358025 107.264618078868 119.68187491099 99.1305708885193 87.8469347953796 53.2356550296148 15.3526502350966 7.0685421427091 4.56904216359059 23.9176253477732 61.4859312772751 70.1374212900798 59.3024790287018 57.9362610975901 86.876501639684 151.805977026621 199.698726336161
