input/barkrak2/radiation/dir33724.grid
NCOLS 85 
NROWS 70 
XLLCORNER 665100 
YLLCORNER 4664600 
CELLSIZE 20 
NODATA_value -9999 
[rows 0 to 22 of 70, columns 0 to 51 of 85]
47.269513209660900 62.5748137633006 72.6624578237534 91.4374788602193 96.6541270414988 96.8373020490011 104.772796233495 111.292997996012 122.946043809255 126.090357700984 126.845965782801 123.088518778483 118.762363990148 119.453976551692 119.539558887482 105.216284592946 93.5088594754537 84.6595466136932 83.0149402221044 83.5022429625193 91.3160940011342 109.004120031993 124.388764301936 126.964201529821 130.07785876592 136.368254820506 135.177085796992 133.185396591822 127.555857102076 129.128972689311 128.64409883817 148.342897494634 180.113931496938 173.190514246623 172.195911407471 166.106253862381 169.931610425313 175.362527370453 172.398805618286 171.831051508586 171.98638121287 181.667943795522 187.360564867655 180.39991458257 171.414315700531 177.943845589956 184.398512045542 138.967702786128 95.7834919293721 91.8925404548645 112.824698289235 153.158297141393
31.5823902686437 43.6101853847504 51.8647481997808 58.6602091789246 71.1887180805206 77.3076464732488 87.017297744751 96.8502759933472 106.088489294052 111.491759618123 127.810130516688 126.066426436106 121.050079663595 121.12499276797 119.57793434461 107.562681039174 99.8722612857819 90.5368526776632 88.11221520106 86.5718821684519 99.2029805978139 122.179180383682 136.314183473587 135.952810446421 136.671334505081 140.983283519745 138.283759355545 131.927152474721 131.494184335073 133.970449368159 134.522010882696 156.666407982508 179.762581984202 173.298299312592 170.72715361913 166.768153508504 172.137061754862 176.28002166748 171.338041623433 169.189810752869 168.148914972941 171.444137891134 171.020229657491 162.004580100377 157.682607571284 172.403872013092 176.360805829366 130.956868330638 103.05643081665 112.617353598277 140.195270379384 173.847397168477
12.9235511024793 15.8317163586617 24.3762284517288 28.7539189060529 37.4793211619059 43.1028107802073 51.1169582605362 65.0146752595901 79.2074352502823 82.537109653155 87.944100300471 101.157734791438 103.956520557404 120.813479026159 128.665735324224 131.418506304423 125.670691331228 115.823169549306 100.989937782288 91.4612412452698 106.613904237747 120.830396811167 134.030610322952 136.424173911413 138.185878594716 137.529661258062 135.992209116618 130.912144978841 130.844006935755 137.196878592173 150.272607803345 166.721562544505 177.379349867503 174.538274606069 170.096576213837 169.628918170929 176.628251870473 178.955415884654 170.604387919108 166.556805372238 163.14368446668 156.784355640411 146.705289681753 140.551626682281 145.647625128428 160.180489222209 157.326271136602 124.70743060112 120.121012131373 139.68950510025 163.63803545634 183.325707912445
4.87365977217754 5.54928493996461 7.55781245728334 9.8710972815752 9.23300161957741 14.8385788003604 20.2537477016449 29.9801776806513 44.1976636648178 55.4214815298716 70.4102913538615 79.00071144104 89.2057617505391 96.184233824412 98.4937747319539 104.796608289083 102.826148271561 94.6207245190938 84.8923325538635 81.9669415553411 87.1687432130178 91.5115873018901 105.226973692576 116.514722506205 121.155301729838 123.168140649796 128.0604104201 128.270983695984 132.397691408793 137.715448935827 145.108222961426 168.512841065725 173.556526501973 170.739273230235 168.055812517802 168.175180753072 170.373717943827 170.98863919576 164.463261763255 154.892017443975 150.731752316157 143.620063861211 143.46644282341 151.179015636444 156.23285373052 150.693674882253 142.086724440257 122.158428033193 129.28373614947 142.499049504598 162.015517552694 179.752548535665
12.1680597464244 6.85089640319347 3.1389972815911 0 0 3.82284230242173 13.2353976368904 19.3639770150185 26.8252318104108 30.2523349722226 40.9383301933606 53.1306217114131 62.8226846456528 72.1166431903839 77.8859208027522 81.3655704259872 79.8967033624649 81.3695092995961 78.9861579736074 78.7127017974854 79.8243184884389 80.3318321704865 89.5518561204274 98.1952846050262 105.436523755391 111.746470133464 120.692978302638 122.064014275869 129.558751980464 130.668650070826 136.678000291189 150.698045889537 148.055851459503 151.219268639882 163.163294394811 164.224525292714 160.90315580368 158.234010140101 149.937729040782 142.070104678472 141.706814368566 142.554471890132 148.831347624461 158.890982468923 158.863226572673 137.346605459849 114.005943139394 112.336357434591 122.998823722204 141.157309214274 168.313066164652 180.521527926127
35.2221454183261 19.2876197397709 7.78542334834735 0.989096704870462 0.245940056629479 2.17266660183668 7.03606319924196 13.8821005821228 17.7632036308448 19.0680163602034 24.4227026899656 30.4796323180199 34.7419902682304 39.6878918011983 47.1389244000117 52.0363301038742 57.5887511173884 65.502867102623 72.4150836467743 79.959695537885 84.9324862162272 88.2327457269033 88.967223962148 92.6393171151479 98.9298025767009 105.142335096995 112.075755993525 119.038323561351 123.630026976268 129.240930080414 139.138638973236 144.822676976522 138.043224811554 140.608171621958 141.179372866948 141.588707764943 144.326637188594 149.624427159627 142.127295335134 142.388919989268 141.816794872284 141.410827636719 145.308256149292 148.077587286631 142.572989066442 115.629374980927 92.3049052556356 101.867814858754 120.356092850367 154.148916403453 178.502678871155 184.932907422384
52.3880620797475 35.0335041681925 22.1120864152908 11.9439934690793 3.94791054228942 1.97348898897568 3.0247438699007 7.66617680589358 15.1561324795087 19.1709895928701 17.9847317437331 17.5453796982765 18.3567963540554 18.8203292588393 21.21452242136 30.1139950752258 38.9654164512952 53.6144475142161 66.0101672013601 77.4242728948593 86.3762497901917 89.7108018398285 91.2403265635173 90.7736917336782 95.0772166252136 98.2860525449117 103.609581788381 109.73459482193 117.069045702616 126.568873723348 134.72439845403 138.434867064158 131.187111139297 125.266273816427 125.058114528656 127.779553333918 128.830452760061 125.686138868332 126.219133536021 130.273908376694 124.548703432083 125.188251336416 131.455560525258 139.961659908295 138.039688269297 133.711606264114 140.149970849355 145.235379536947 153.779447078705 168.163339296977 172.638614972432 171.424190203349
62.8572801748912 49.6648152669271 34.9066108465195 25.809387365977 15.1480846107006 4.76908031851053 2.31419286380211 0 7.35379258791606 16.0537188251813 20.3612186014652 20.5275043845177 19.4171505669753 17.3879489302635 14.9093642830849 16.7966720958551 23.8227223356565 33.4598819414775 47.914519906044 61.7862443129222 72.577491402626 84.6036871274312 93.5510794321696 90.2881622314453 91.1064147949219 91.572105884552 96.1657265822093 96.9136456648509 102.377414703369 113.371709982554 126.052836577098 125.089476505915 118.767271439234 112.936317920685 111.595720052719 111.178825298945 116.869350274404 116.456737120946 113.157590230306 102.605938911438 107.290049393972 115.001420180003 128.701359033585 140.075862407684 144.068618615468 151.293992996216 157.741655906041 158.749838670095 162.969032923381 161.739428838094 157.920440038045 155.361622571945
59.7447057565053 49.3811865647634 40.4475058118502 29.4722417990367 20.2968679368496 15.0042747457822 5.61286695301533 1.15865880313019 5.58111692468325 10.8929326136907 16.3200323780378 20.2962979674339 23.3425547679265 24.2466057340304 22.5995356837908 20.9381505846977 21.0998232165972 24.7480471928914 31.6990564266841 41.3060188293457 52.1797388792038 65.251757701238 75.4613081614176 78.0687977870305 81.4647376537323 80.159400900205 81.8685839573542 83.9413404464722 86.2001677354177 93.9736564954122 101.050039132436 105.120331048965 103.102723757426 100.663413604101 105.277637640635 105.980724096298 107.648511727651 109.162181615829 111.668050289154 106.817136208216 108.26430718104 127.338786919912 136.430521806081 137.173354625702 136.328329642614 136.13290588061 139.673680067062 149.564077456792 156.703899304072 152.259290218353 144.372751315435 146.071563164393
40.1104812820752 36.7683842778206 30.1857516169548 23.4866638978322 19.6487245460351 12.3055403431257 11.123879502217 9.46105209489664 6.11755748589834 3.68475820869207 6.86696668465932 15.4267201821009 25.2671291430791 31.8789953986804 35.4390988747279 33.1190104285876 28.6684011419614 26.3069570064545 26.0200003782908 28.5324429472287 33.3812708655993 39.3316894769669 48.5037863254547 54.9320081869761 65.415437022845 68.2112872600555 68.3724234501521 70.0144519408544 70.6528425216675 75.864980618159 74.0316609541575 75.8150964975357 87.2867107391357 90.2486145496368 94.6209629376729 98.794013261795 97.4890291690826 102.605243523916 107.713590065638 114.139020442963 118.136674165726 119.971623023351 121.180454889933 126.715660095215 134.819855292638 137.117942174276 143.051644166311 147.675534089406 150.016228357951 148.785134156545 150.065789620082 147.541632254918
6.4644751449426 4.31763691206773 1.26763642765582 0 0 0 2.80383291343848 9.57537318269412 8.8599988569816 6.69628630081813 3.88895999640226 2.53610561291377 14.2308498422305 27.5640189647675 35.1844554146131 34.4287951787313 33.1784983476003 28.4501040975253 25.5509043733279 23.5333691040675 24.3518600861231 25.5870496233304 28.7385831276576 39.5323981841405 48.8396535317103 57.6309661070506 57.3947777350744 59.2572838068008 62.4621013800303 62.3283485571543 65.2458667755127 64.5670145750046 63.8758341471354 66.2256081899007 84.3258301417033 87.8988703091939 90.331494808197 96.7378318309784 104.093958934148 118.033230304718 118.911822636922 117.898801962535 116.941034793854 113.909780979156 115.639229615529 124.220887819926 145.327885945638 145.527631044388 142.275512218475 146.171619494756 150.435984134674 145.824670791626
0 0 0 0 0 0 0 2.1966298421224 11.9352626303832 10.5554759502411 6.62774468461672 3.33291944116354 5.10235379139582 13.2265066107114 24.3201007445653 28.2445698976517 33.2629531621933 33.6527625719706 28.6543816328049 24.5222200949987 21.6543078422546 20.9332158168157 21.9015702605247 27.4875039855639 34.1479529937108 41.1206955711047 43.6861316363017 45.058012008667 50.2830644448598 52.7912576993307 52.6313682397207 55.2834222714106 54.8110902309418 51.8125295639038 49.0951836109161 58.8232626517614 81.4245541890462 87.2754355271657 95.9735512733459 107.798665761948 109.883477290471 108.647684256236 103.25421889623 99.3167757987976 101.636409759521 102.456827958425 107.881645361582 117.639561494191 133.771161238352 135.238409042358 137.939314047496 139.029870430628
0 0 0 0 0 0 0 0 6.04843472441037 14.4467627008756 13.9222914973895 9.91589513917764 3.1548027570049 2.2365446202457 11.3133117556572 24.1759096582731 33.7893118460973 37.7572849392891 34.1634874542554 30.7881285746892 26.8343637386958 27.5204330682755 28.5577327013016 29.115175207456 31.6548844178518 32.8812176982562 36.4256575703621 40.9512718518575 41.7331606149673 43.1407392024994 44.790913661321 44.1052913665771 39.9655029177666 41.3272182146708 40.5515879392624 38.5497858126958 41.240856051445 51.1302053928375 71.8299448490143 82.2461446126302 93.1046605110168 92.2007262706757 89.7929469744364 90.8963183561961 92.6895439624786 94.541609287262 90.2720093727112 91.4780894915263 92.2771990299225 96.5818464756012 116.056025028229 123.321314652761
0 0 0 0 0 0 0 0 0 6.10913895070553 16.1637117465337 19.7208585838477 16.6908527414004 10.2097559720278 9.72894641260306 19.6914039552212 28.9290597041448 37.6499493916829 44.3405111630758 43.1806941827138 36.3105932871501 36.3921920458476 35.1137568553289 34.8161260286967 37.2020850578944 37.3384108146032 39.5351648330688 44.5361683766047 44.4529354572296 38.1084556380908 40.8206234375636 40.6293074289958 37.1144264936447 33.431867758433 32.1545551220576 33.4553321202596 31.0473168889682 28.8845847050349 36.6436565915743 38.8562604784966 42.6394790410995 56.7629834016164 61.9732489188512 69.9531386295954 71.2793817122777 84.4248731931051 82.9843133687973 77.5887419780095 74.3678510189056 76.081171631813 80.1056772470474 92.6380058129628
0.987570888052384 0 0 0 0 0 0 0 0 0.0662309563873957 15.0953382253647 28.3361921707789 34.8632335662842 29.5904253919919 20.0783933202426 18.70330174764 21.6597815354665 30.3875754276911 41.6780213514964 48.0743646621704 49.0890542666117 46.283761660258 44.511487086614 43.4205730756124 43.3032860358556 43.9560761054357 43.9764261245728 46.2688406308492 45.967032512029 39.0763357281685 35.8484983444214 38.4131943186124 34.8471080263456 29.6772718429565 27.9449770847956 25.1757899920146 19.219521433115 15.9354818363984 14.7995712856452 16.8570751945178 22.1522400776545 24.364856382211 31.5679286917051 35.1551026105881 40.3721978267034 50.0941822926203 61.6041719913483 67.0234461625417 65.0336941083272 64.376895626386 65.9246842066447 71.967492500941
1.63512863218784 0 0 0 0 0 0 0 0 0.0496460415888578 4.49153129011393 27.0310391982396 42.5778577725093 44.6799298127492 34.5756560564041 21.1188147465388 17.487458884716 18.9720454315345 29.299629231294 44.5609390735626 54.2599310477575 53.7367264429728 56.1830848455429 51.3948400815328 48.6390988032023 49.3875791629156 50.181324283282 47.5964148839315 47.1056004365285 45.682559410731 38.8378153244654 34.1568862398465 29.5000871022542 26.7410924037298 22.6423492034276 18.0441836516062 13.7127625445525 10.209363574783 8.25246796011925 6.38421190281709 4.59182324508826 8.79880475501219 13.2344538966815 20.1981005569299 26.972288886706 36.0325649380684 43.4320916732152 49.6769547462463 53.419162829717 54.9942751725515 56.6961914300919 63.9431128899256
0.930584501475096 0 0 0 0 0 0 0 0 0.124568255462994 0.302340486086905 16.2170653541883 31.9039697448413 43.8721875349681 46.0245807965597 40.0214319427808 35.2556655804316 27.8464878598849 22.6707408825556 28.2293806473414 45.3294763962428 56.3496847947439 61.3331546386083 58.2279860973358 54.2530020078023 55.2784850200017 58.387354016304 54.9464970827103 53.0627866586049 55.2298327287038 46.9178110361099 36.3575567801793 28.7238707145055 21.4255327979724 15.8883271118005 12.0994498332342 9.01534656683604 5.81151867906253 4.50918233642976 3.27244618286689 1.16019742563367 2.24367249757051 6.31563489635785 8.82427083949248 16.0295615593592 28.3394182721774 32.9729244112968 39.0939563512802 43.3858831723531 48.6843089262644 52.117203672727 58.7237576643626
0.340266812903186 0 0 0 0 0 0 0 0.437921533981959 0.443990109488368 1.96706565717856 10.3892100354036 23.1164967020353 37.8564074635506 47.246644894282 52.9150565465291 53.0819197495778 45.0261533260345 33.1954956054688 24.5405659079552 31.3470860322316 48.5152800877889 56.6100378831228 59.1491361459096 61.7242455482483 62.9603962103526 65.2724703152974 66.5539503097534 61.4539831876755 56.5099765857061 48.3100414276123 42.058452963829 30.2391101916631 21.3884736100833 14.2118073999882 11.8062198162079 7.55387730896473 4.51119927068551 2.3625500810643 0.624616397544742 0.0097729741052414 0 0 2.97925341874361 6.13647823532422 16.6185547908147 20.3919013341268 20.7286104559898 28.2705997427305 32.0334186156591 36.9049981236458 42.8953170776367
0.388590890603761 0.469440788341065 0.0868124576906363 0 0 0 0 0.768985288838545 1.26946639890472 7.71123046676318 12.768362959226 13.4009880324205 19.5559822022915 25.6465698281924 34.0374310811361 47.4416464567184 53.5801450411479 54.0674229462942 50.8015602827072 39.1814957062403 28.3947040637334 36.1530308922132 45.0418094793955 54.0601114432017 62.8616859515508 68.1618054707845 70.9030131498973 68.7318642934163 67.9129908482234 60.8487725257874 49.4044721126556 37.8849630554517 31.8018545707067 19.2370278139909 12.9630131026109 10.0149580587943 4.8342685525616 0.801058330883582 0.154767311566199 0 0 0 0 0 2.093731580923 5.28637133538723 7.28801513711611 11.5819523731867 16.4957729478677 19.7565282384555 26.7543246348699 27.8775691986084
0.344992886918287 0.0669469591230154 0.18231407739222 0 0 0.00591135782694134 0.127022872523715 1.35159787411491 2.0158855865399 2.21039106448491 9.69734104971091 11.9233429431915 12.9648968577385 15.5706405639648 23.0241467555364 34.9982033173243 42.6404277483622 47.3836114009221 51.6051203012466 52.4756809075673 45.3012486298879 35.9919319550196 38.8883029421171 45.9382633368174 56.3778976599375 63.1754249334335 70.0687418381373 70.6957578659058 62.0049734910329 53.3084521691004 50.0693917274475 38.2871304949125 25.6050676107407 17.6760517060757 9.36577034493287 3.86088124165932 1.10072681369881 0.0215530065664401 0 0 0 0 0 0 0 0 2.4285785232981 5.04232632617156 7.04064592719078 12.3099535703659 12.7170694371065 14.803122729063
1.45227632795771 0.0228504723054357 0 0 0 0.0685955795537059 0.0914965833847721 1.24079377080003 1.9086388250192 1.89451764648159 2.09353615840276 6.97348639369011 7.04506225883961 8.04508539537589 11.9768728812536 23.3153998851776 33.014843861262 37.3114024599393 43.8765982786814 54.8876225948334 59.6616317828496 52.3672650257746 51.1090060075124 53.5561293363571 54.7625968853633 56.4050624767939 59.42269663016 63.1766070922216 58.7617009878159 49.3538479010264 38.579856355985 29.1290407379468 18.0837574104468 9.83120873570442 2.69959835956494 0 0 0 0 0 0 0 0 0 0 0 0 0 1.28635515769323 3.85523370156685 5.07661358763774 4.40349274625381
9.09425318241119 3.8552883391579 0 0 0 0 0.695717676232258 2.28048581629992 2.56828342874845 2.80710899581512 1.9408599473536 1.11127085983753 4.14313127597173 0.153789296746254 6.87026605010033 15.1216574013233 24.0872850020727 31.621903181076 38.3634318908056 48.541193207105 56.2772949536641 66.5963441133499 70.8533674478531 69.6329275767009 63.0296319723129 55.7015289862951 50.9180476268133 54.0837049484253 55.3825547297796 42.9824789365133 27.2727136810621 15.6712345778942 9.32643624643485 1.00340531207621 0 0 0 0 0 0 0 0 0 0 0 0 0 0 0 0 0 0
34.2719207207362 28.3500701189041 9.97231714427471 3.39116559674342 1.49005666996042 0.490110794392725 3.50837844113509 3.94446092347304 3.2215661679705 2.50285662089785 1.98545353487134 8.38530746599039 8.21325120826562 7.15562577048938 7.90003066261609 12.0844567815463 20.4172531763713 28.0063947041829 33.2611401875814 35.2629100282987 38.6456176638603 51.0254253943761 61.2243264913559 66.633661588033 66.1479234695435 59.6738358338674 51.9029249747594 45.4834997653961 38.4904146194458 31.2385484576225 14.3421664834023 4.33610565960407 0 0 0 0 0 0 0 0 0 0 0 0 0 0 0 0 0 0 0 0
