input/barkrak2/radiation/dir31124.grid
NCOLS 85 
NROWS 70 
XLLCORNER 665100 
YLLCORNER 4664600 
CELLSIZE 20 
NODATA_value -9999 
[rows 22 to 43 of 70, columns 0 to 49 of 85]
57.8417678674062 51.4238129059474 29.4414808352788 23.1313010056814 19.768995543321 8.54011562963327 15.4718247552713 11.6321966052055 9.24677836398284 8.18952359259129 18.857995669047 19.7636124988397 22.015854716301 22.8662341833115 23.4166234731674 28.6147544781367 38.195160528024 48.1198579072952 55.4085274537404 56.9526751836141 62.2327427069346 76.6250590483348 89.4681215286255 94.7158932685852 95.850020647049 88.6647601922353 78.4873068332672 77.3354123036067 68.8812484343847 49.0707705418269 27.9483199119568 14.0623475114504 0.88588575211664 0.000160352290852946 0 0 0 0 0 0 0 0 0 3.38977078596751 13.2859833538532 22.01180656751 25.4280244310697 26.9360492626826 30.1227768262227 32.8135515252749
91.3911461830139 80.5471986532211 46.477809548378 28.8098901510239 23.7048839529355 26.8311053514481 25.9459068377813 11.6654286781947 9.27484345932802 7.80360524853071 20.3479391833146 22.1371774872144 25.8441542585691 31.5066426992416 28.8024991750717 29.3520018458366 35.7584903637568 45.3296254078547 51.8776526053747 45.5257644255956 44.8654989401499 48.9771515130997 61.9963308175405 73.8703409830729 80.2231232325236 81.551010409991 76.4443973700206 61.2063705921173 52.4620215098063 20.4430818557739 15.9406860669454 7.27517964939276 0.000221236822047407 0 0 0 0 0 0 0 0 0 0 6.7296214401722 11.799128105243 18.7571806212266 25.8613079786301 25.0565012296041 29.0420030554136 31.1191851894061
90.778519709905 86.6329371929169 64.0253325303396 33.2406833767891 17.0281305909157 26.1606375376383 24.954542517662 22.6158748070399 18.5174743334452 9.9530853331089 18.6014038821061 20.1923946539561 22.6460521419843 28.7612254420916 28.4977455933889 28.1718795498212 34.3637938300769 44.5700585842133 49.9758621056875 43.6483124891917 42.7658061186473 39.7534320751826 48.8359232743581 57.3981155951818 63.0758355061213 63.5022024313609 60.5680048465729 53.4862826267878 34.5776602625847 14.5313503841559 9.43783111870289 7.35560742517312 0.0620714126853272 0 0 0 0 0 0 0 0 0 0 17.2987977663676 15.5926756560802 18.6984837055206 17.8648705283801 20.0743339955807 20.361324151357 24.1452530026436
77.0786056915919 81.8169116973877 74.9267588059108 43.4598624706268 17.0124794046084 26.1028359333674 33.2510819037755 41.3521801431974 41.301317512989 32.4340984225273 27.3527652025223 28.8830623030663 29.3950885534286 35.2086424827576 35.1585944493612 31.0657372077306 33.8509008288383 43.0945008993149 51.1667430400848 53.2372295856476 54.308295249939 49.7693618138631 47.6971367994944 48.4506587187449 51.6579250494639 53.3870955308278 49.7813721497854 48.8784859577815 28.7963822484016 24.480772515138 21.0797811547915 26.0514318943024 19.7768708070119 0 0 0 0 0 0 0 0 0 0 18.1907812754313 12.2835896909237 10.5006148417791 10.0449733436108 14.9074569344521 17.3861322303613 15.0662735104561
75.790340701739 81.1608781417211 79.1652202606201 53.2089024782181 30.3742314378421 40.7419328888257 53.2821118831635 63.0032370487849 70.5393056074778 61.3334675629934 43.5837159554164 46.7187265555064 44.2811747392019 48.0758100748062 47.5514531135559 39.2189348737399 35.9955628712972 45.5506940682729 52.9978225628535 63.7295742829641 64.5383894443512 62.5822842121124 55.3958415985107 49.6933460235596 51.1699120203654 53.4502317508062 48.6033459504445 54.6040882666906 50.3355513016383 49.193412065506 54.9065768718719 73.6889441808065 82.3409656683604 61.3335967063904 0 0 0 0 0 0 0 0 9.84235915044943 10.0514342387517 0 1.74994797756275 0 7.36684538424015 8.07992244760195 11.3032013177872
77.4633238712947 76.2163102626801 76.450914144516 59.3280891577403 57.4133098125458 62.5921587149302 74.5522081851959 79.3952693541845 79.724262158076 74.1340865691503 55.1584661006927 50.297682483991 49.3424435456594 49.5094905296961 52.7563194433848 47.8137383858363 43.0293083190918 48.7528840700785 62.4670833349228 67.4247095982234 64.1252299149831 56.6938519477844 54.7286669413249 56.2207996845245 57.5506389141083 58.4763487180074 55.8365533749262 65.2745266755422 81.3942054907481 86.0581994056702 91.3603405157725 99.2080966631571 109.886735677719 116.649876038233 70.7317193349202 1.85400061309338 0 0 0 0 0 13.2808027168115 13.3662993709246 0 0 0 0 1.16485256391267 2.28564720600843 4.89307846873999
80.4256498813629 69.1388348738353 69.8865403731664 62.578429778417 77.7296374241511 76.0285456975301 76.6939222812653 73.8159716129303 67.2240803639094 59.0966989596685 49.140473206838 44.1614737113317 47.6914097865423 49.079899986585 53.8746317227682 57.4589322010676 50.6380399068197 47.2558289766312 58.8454951842626 60.8328282833099 58.3525697390238 52.5477429231008 52.1699488162994 58.9884718259176 61.737467845281 59.2095702886581 60.8924329280853 66.3410176833471 88.8997515042623 102.202077706655 111.350198586782 116.905281941096 124.487260977427 126.948694388072 116.510490576426 43.2404577732086 0 0 0 0 0 2.5004455819726 11.5587487816811 0 0 0 0 0 0 1.29986717365682
81.2567720810572 63.6063565810521 64.1660491625468 68.3432271083196 78.3233642578125 74.0860005219777 62.962864836057 49.2078860600789 36.5800783038139 30.553345878919 30.0986940662066 34.1486533482869 42.6003883282344 50.933837890625 54.9854536851247 61.1794938643773 57.377353310585 45.8106348911921 49.4657655556997 52.2679388523102 51.4136652151744 52.330623070399 53.0805091063182 59.1720193624496 64.7853761911392 62.3072485129038 65.0640775760015 67.14928150177 82.7283561229706 105.800400177638 120.995610952377 127.684652805328 129.612982273102 130.285282929738 137.575497229894 117.837458848953 37.3370970288912 0 0 0 0 0 0.816530703256528 0 0 0 0 0 0 0
79.6383321285248 80.720196167628 101.853628953298 133.776932954788 109.506825606028 80.7847579320272 53.3327211936315 31.8829268217087 23.4606936573982 26.1318335930506 23.8477761546771 22.5691720843315 40.9759556253751 51.2115210294724 60.1949542760849 64.940686027209 63.6719862620036 51.1412719885508 50.6563534339269 54.5984506607056 51.8659502267838 55.5659433205922 58.183009425799 60.5494926373164 66.7315224806468 71.7467566331228 70.4116175572077 73.1801191965739 85.551917552948 110.827833414078 129.349639018377 133.842468261719 130.248198906581 138.870378335317 148.834228515625 152.193566163381 124.029586712519 63.6303126811981 8.00288344422976 0 0 0 0 0 0 0 0 0 0 0
92.5381580988566 126.092990239461 173.788527647654 194.851597150167 174.008667469025 120.84819873174 73.3385731776555 43.89355580012 37.0566522081693 42.074054479599 33.9585741360982 28.8133745392164 39.6086325248083 49.4740108648936 62.2963706652323 70.584312081337 66.3108726342519 59.6028168996175 53.2697439193726 55.8733195066452 55.3406278292338 58.0240736405055 61.3997131586075 62.2530927260717 68.1763639052709 79.7506272792816 79.6509732802709 86.0827068487803 96.9609320163727 113.408178091049 128.774891297022 136.581281820933 139.802138010661 145.949423313141 153.433779875437 151.894807815552 145.891010761261 126.327107350032 59.9807848532995 6.91300506393115 0 0 0 0 0 0 0 0 0 0
152.428170045217 187.899470329285 212.420562903086 213.259895642598 211.226185162862 185.033440589905 141.371389230092 105.381707350413 79.6212603648504 69.0729866425196 64.3790910641352 52.8348237276077 42.0323461294174 46.7397272586823 64.2417420943578 70.2726592620214 64.2796009778976 65.0253742933273 55.8072278896968 53.9194842179616 57.0576290289561 58.1038445234299 60.0115160147349 60.9860668579737 65.588836868604 79.9925227959951 85.7448975245158 94.2814946174622 103.986273209254 112.882554531097 125.402470429738 135.319838921229 138.570040464401 135.404666264852 138.28765352567 131.467272837957 131.957540909449 119.491587082545 72.608749071757 21.5884918967883 2.51201493665576 1.20487661721806 0 0 0 0 0 0 0 0
204.488615194956 220.024208227793 222.722629706065 221.839408079783 224.294622739156 220.5983599027 196.58899307251 153.434276580811 115.475088357925 96.2558488051097 93.8887099424998 85.8571529388428 61.0956102609634 53.6186893781026 62.6139541467031 66.2064850330353 60.9057247638702 61.0442906618118 54.8132210969925 55.3987473249435 54.1914502779643 55.3166419267654 54.9998233715693 56.4247171084086 63.1058812141418 73.6029396454493 85.9107375144958 89.8881256580353 99.0556180477142 111.248115698497 124.701122442881 128.012130657832 117.937386035919 106.88728094101 110.639790693919 94.6832100550334 95.3866640726725 80.1104307174683 44.6537683407466 12.3321389158567 12.7629389365514 8.55508632957935 2.76457363118728 0 0 0 0 0 0 0
218.562742074331 224.574267864227 224.039316177368 224.249800046285 225.183685620626 222.54737218221 214.960197607676 182.897766431173 134.263376394908 108.557641506195 108.211596806844 103.857398033142 87.1032873789469 67.8854485352834 62.4127487341563 64.2307301362356 58.5920363664627 54.1539390881856 54.4254879156748 58.0194095770518 53.3870657285055 52.2018770376841 53.714061776797 55.2072922388713 60.1362486680349 67.3002153635025 76.9445349772771 78.9223611354828 88.0984167257945 105.878214041392 115.469257036845 114.541520675023 108.266860246658 101.596454779307 93.8459038734436 80.1661014556885 84.2865804831187 81.4083963632584 61.6194506486257 27.2060061494509 22.3525514205297 24.3201032280922 0 0 0 0 0 0 0 0
212.481220563253 215.107580025991 212.208271026611 214.248220125834 212.994933128357 207.125147183736 202.29830344518 185.46603123347 144.551893075307 119.418561458588 113.097568353017 108.90323917071 99.6771653493245 76.0290871063868 67.0213997364044 69.6427822113037 62.0532880226771 53.0352592468262 56.8552414576213 58.9116762081782 56.7382921775182 52.8255105018616 56.0131172339121 61.1765732367833 59.7343593835831 64.8658474286397 69.655587275823 70.4783747593562 78.3510456482569 96.6544449329376 106.780966122945 107.281883557638 110.421856244405 111.384014288584 93.0824975172679 86.729109287262 91.3378993670146 98.3892877896627 93.4126973152161 53.9393226305644 19.5835394163926 1.45666146030029 0 0 0 0 0 0 0 0
188.600341478984 192.351579666138 193.560878435771 190.90743859609 189.354240894318 188.222368558248 191.628038883209 188.426872094472 156.247138977051 127.093076705933 113.868246475856 104.32247320811 95.7271754741669 75.0094801187515 63.2909685373306 68.9854721228282 71.6243584950765 59.1593782107035 61.1404081185659 64.1362369060516 63.5000318288803 58.8322331508001 59.9487026532491 63.3543332417806 61.3565295934677 61.6796960433324 68.0176516373952 75.2477496862411 79.1307936112086 92.4360454082489 104.267219702403 107.500394185384 111.531595389048 115.487853686015 96.4405139287313 96.9459215799967 97.2663760185242 106.630116701126 105.983396371206 66.9262905915578 9.04924360414346 0 0 0 0 0 0 0 0 0
165.958533684413 174.96911684672 186.627984046936 182.630558808645 181.668957074483 187.132875124613 196.730017662048 198.087950547536 179.448405901591 143.229484558105 119.487146536509 95.2665706475576 80.3009967009227 69.766824444135 60.3869358698527 64.1620506842931 75.4993508259455 66.9776350259781 63.5376075903575 67.491223414739 67.8946673870087 63.7488663196564 60.837060213089 62.6951853434245 65.002386768659 64.3532574176788 67.5165106852849 76.4339516560237 80.0905327002207 84.7845077514648 98.2090830802917 108.668277661006 110.961496829987 106.303970019023 92.6546951135 105.973382790883 109.05259847641 113.877793153127 113.537808259328 87.4558389186859 3.46066647519668 0 0 0 0 0 0 0 0 0
128.369947274526 140.299499034882 148.816088835398 153.140167395274 161.808987458547 177.978316942851 191.429913043976 198.465883731842 191.081941127777 160.791536172231 127.049078543981 95.3216354052226 76.6350328922272 73.9345550537109 65.5600130558014 59.2979490756989 70.817510286967 71.4918673038483 65.0026003519694 64.5811607440313 65.2849872907003 62.2813105583191 58.9677592118581 60.1418962081273 64.6202315886815 68.4582541386286 68.106085062027 73.4620342652003 78.4252484639486 79.6159108479818 88.4217917919159 104.975988467534 108.186701933543 93.8817361990611 96.6314176718394 114.900926748912 119.781692822774 118.700365225474 118.681172529856 113.054702679316 56.2005092700322 0 0 0 0 0 0 0 0 0
92.2219256560008 99.0195870399475 98.653256893158 109.088877836863 125.199774901072 143.639624118805 159.454693396886 171.371499697367 171.503980954488 146.362761656443 112.240920464198 86.5246256192525 72.9129215081533 70.793350537618 66.9057617584864 61.1579368511836 66.5283501148224 66.9925212860107 60.865730047226 60.6499463319778 63.9224052429199 67.0820325613022 65.855140487353 60.5159898598989 60.6683989365896 63.9519641796748 69.5974926153819 72.7353493372599 77.4771124124527 77.1872103214264 81.0342778762182 92.6153361797333 100.492785374324 96.069872379303 118.485788504283 128.670910994212 124.101132154465 117.466340462367 122.808277606964 136.998494466146 130.748103062312 66.4240817228953 5.87361119687557 0 0 0 0 0 0 0
80.6656032800674 82.6698789993922 82.5187464555105 84.8182042439779 93.9314266045888 100.064118703206 104.41122452418 109.916617472967 110.598613818487 93.8478012879689 77.4311224619548 73.44984014829 71.8407332897186 68.6178704102834 66.6594604651133 66.728338599205 65.3226027886073 64.9538884560267 59.9783609310786 60.1566930611928 64.3708954254786 69.7539001703262 71.0744708776474 66.8175915877024 63.6010815699895 62.9763106505076 72.2465266784032 74.3673344453176 77.7230560779572 78.1674236059189 78.2085657119751 86.2913727760315 94.0913160641988 104.153255621592 124.381174643834 127.070248126984 117.246796687444 106.638352076213 109.481851259867 125.845938920975 139.694392681122 128.619054953257 79.6515842278798 14.2988661924998 0 0 0 0 0 0
89.4755621751149 86.7369771003723 86.9929194450378 86.3626102606456 82.8738609949748 80.6391388177872 78.9444347222646 80.3076277176539 85.204670826594 76.5004803737005 68.9790149529775 70.1378583908081 73.2375532388687 73.9963153998057 72.2974836826324 69.9354906876882 64.4523004690806 71.3338057200114 72.1113781134288 67.3329333464305 69.3717797597249 70.0485159953435 69.6206341187159 71.5557187795639 71.5740521748861 67.9564575354258 73.0372369289398 76.7232080300649 77.7872155110041 79.3960740168889 82.0499906937281 84.6795737743378 92.1876132488251 110.342760880788 119.742890199025 114.308774471283 102.436810731888 91.6586021582286 88.644951581955 100.131024916967 129.127641518911 137.046754360199 107.038656870524 53.0267010132472 3.37230941901604 0 0 0 0 0
93.7609275182088 90.9194548924764 93.9584970474243 92.6088690757751 85.287868976593 81.9764931996663 79.3979565302531 76.7215490341187 76.6934553782145 72.9403247435888 71.0021108388901 70.3213512897491 74.5806942383448 78.1266838312149 77.5925020376841 74.038028717041 71.5377628803253 76.9358326991399 79.2526503403981 72.7439820766449 70.0206756591797 67.7958329518636 64.4216736157735 66.1816696325938 70.4808533191681 67.4963394800822 65.5072530110677 70.2222486337026 75.1357475916545 78.0577411254247 78.1281292438507 80.0190915664037 89.4696613152822 110.356738169988 117.116133371989 101.380636294683 90.745747089386 87.4276657899221 87.4358514944712 95.8534975846608 103.781928618749 106.783012549082 92.9065744082133 57.8471769889196 8.2926315565904 0 0 0 0 0
77.6823510726293 80.2885045607885 89.3914997577667 86.7902934551239 89.5091891288757 91.8454825878143 90.6921128431956 86.3655904928843 75.7728119691213 74.0715761979421 77.3110489050547 73.3421792586644 73.7193922201792 77.3200492064158 78.5382042328517 75.5177736282349 76.6753206650416 78.569084405899 78.8402160008748 73.6167281866074 67.9308573404948 65.0608638922374 62.7744595209757 62.3971770207087 64.9776756763458 68.6482737461726 64.8030738035838 67.3734843730927 72.4391291538874 73.6130972703298 72.7996528148651 70.2059268951416 82.0408264795939 95.9628025690715 102.482299009959 91.4704501628876 87.7965887387594 92.96848376592 94.9491262435913 96.7279076576233 91.658353805542 89.4305308659871 84.7661693890889 57.6161642869314 15.590563416481 0 0 0 0 0
