input/barkrak2/radiation/dir31324.grid
NCOLS 85 
NROWS 70 
XLLCORNER 665100 
YLLCORNER 4664600 
CELLSIZE 20 
NODATA_value -9999 
[rows 22 to 43 of 70, columns 0 to 49 of 85]
55.2978217601776 48.8997598489126 27.1430164575577 20.7661986351013 17.4980560938517 7.4648999919494 14.5242400467396 9.21353325247765 8.07474118967851 7.00503587722778 17.810878654321 17.5525173544884 19.6194673577944 20.6649142007033 21.2147881587346 26.599516471227 36.5344832340876 47.2924609978994 51.5842040379842 55.0453265508016 60.2426727612813 76.0429153839747 87.7468784650167 92.5091405709585 91.0397569338481 86.3655805587769 76.251894235611 75.0479698181152 66.8965975443522 46.8380103508631 26.7421156167984 12.977392723163 0.476935141098996 0 0 0 0 0 0 0 0 0 0 2.83820337305466 10.9869663914045 17.4225593606631 24.6483931938807 24.7322246432304 27.8596530357997 28.8727606336276
88.5737240314484 77.7156253655751 43.8723762830098 26.2524882952372 21.2982445955276 24.3146841724714 24.6568694710732 10.3796652207772 7.15146896739801 6.69693325956662 19.3451071778933 20.9542661905289 23.2952783505122 29.9478645126025 26.4566267530123 27.7583921949069 34.0939114491145 44.3819512923559 49.8684694369634 43.56915752093 41.5649761756261 46.969731648763 61.0193858544032 70.8770900964737 77.9761373996735 78.4209320942561 72.3966360092163 59.1898212830226 50.415908296903 19.3746921916803 14.5608807603518 6.44666266938051 0 0 0 0 0 0 0 0 0 0 0 6.12226997812589 9.64371549586455 18.0832408368587 19.5649489760399 18.7308254341284 22.4922945102056 25.9559998909632
87.9049102465312 83.7607185045878 61.2524747848511 30.9896195928256 14.8017791410287 24.3733450770378 23.5909645756086 21.523820857207 17.6340105632941 7.50110670924187 14.7227408985297 19.0988220274448 21.2752173344294 27.2167846560478 26.9411082069079 26.5866493185361 32.2508861621221 41.4107715090116 48.0763266483943 41.6932354370753 40.2323057254156 37.7597957849503 46.7298527558645 54.2672375837962 60.7921779155731 61.2112035353978 58.7512602408727 50.7960816224416 30.2370836337407 13.7599868079027 8.51862753431002 6.52118399739265 0.00718203288367173 0 0 0 0 0 0 0 0 0 0 12.5447101891041 12.9853809873263 11.8657077352206 13.1133471926053 16.5168804426988 16.8680710097154 17.4947182337443
74.336901307106 78.9975474278132 72.0837364594142 40.9319351116816 14.6692246198654 24.312232931455 30.5082947015762 38.3090029160182 38.2453799247742 31.3792154192924 24.8124971985817 27.6810849706332 27.9768134156863 33.6556037267049 33.581646780173 29.403862853845 30.9435377518336 40.7130519549052 48.3368585507075 51.1777549982071 51.1654118696849 46.6049859921137 44.6028510729472 44.3829695383708 48.2276827096939 51.0972241560618 47.0344920953115 46.5305646260579 28.1222686171532 23.1589625279109 19.7734000782172 24.387205640475 18.255823602279 0 0 0 0 0 0 0 0 0 0 16.5090275307496 10.6267308195432 6.87010896702607 6.51047068337599 9.6761683622996 10.7886977493763 12.0601852734884
73.0337798595428 78.3513536055883 76.3060251871745 50.530751546224 27.7335693438848 38.8005822896957 51.5628556410472 61.4845057328542 66.7353967825572 60.0008517503738 40.4138912757238 43.4299409389496 41.1656772096952 45.09536921978 45.821875333786 36.4854981501897 33.2764834165573 43.6227222283681 50.0437617301941 61.6188247998556 62.4260852734248 60.446043809255 52.2240300973256 46.3901211818059 48.2929348945618 50.6277730067571 46.2189714113871 52.3119618495305 48.6680964628855 47.0913300911585 52.58908867836 71.0343768199285 79.5928786198298 58.6607505877813 0 0 0 0 0 0 0 0 8.31675343215466 4.95261947313945 0 0 0 1.43615389242768 2.60719408591588 7.28032862146695
74.6618658304214 73.4495967626572 73.6693143844604 56.5965970357259 54.1546841462453 60.4647000630697 72.875236471494 77.9510984818141 78.3782551685969 72.7211634318034 53.3455113569895 46.9258824984233 47.7918237447739 46.3326672712962 49.1147190332413 44.9446737766266 40.9091462691625 47.1561451752981 59.1552555561066 64.6780431270599 63.2257958253225 54.5231848955154 52.5149454673131 53.9426604906718 54.1358292102814 54.5183569192886 52.6618560155233 62.7182126045227 78.8744588692983 83.4590395291646 88.5418156782786 96.4283049106598 107.224156459173 114.211579163869 68.5647179683049 1.46603429069122 0 0 0 0 0 11.6209213932355 11.4491395652294 0 0 0 0 0 1.09999456132452 2.34150684749087
77.6350597540538 66.4920757214228 67.2016044457753 59.7613006830215 74.8414893945058 73.931207259496 75.1178512970607 69.9723015228907 65.8190200726191 56.9173445304235 47.65851298968 42.6971763372421 45.3852415084839 47.4564731121063 53.214947382609 53.9830128351847 48.6893753210704 45.2818075815837 56.7398369312286 58.6648285388947 57.173619667689 50.3147145112356 49.9398559331894 56.6685199737549 58.9847067991892 55.797795454661 57.0393651723862 63.6661350727081 86.1948529879252 99.4764467080434 108.461916446686 114.456762870153 122.152328491211 124.638497829437 114.277094602585 41.3176293174426 0 0 0 0 0 2.41328605140249 6.98067558308442 0 0 0 0 0 0 0
78.5119632879893 61.0611289739609 61.5447958310445 65.4002279043198 75.5659888188044 72.2114543120066 61.4205251137416 45.9370911121368 35.3367999196053 29.2598754167557 28.8426826397578 32.8345000743866 40.675846238931 47.8639304637909 53.1544238328934 59.8411411046982 55.3011794885 42.6385700702667 47.3579118649165 50.0612358252207 49.7638136148453 50.0683039426804 50.9519676367442 56.8015873432159 62.3354216416677 59.7700675328573 61.9062880674998 64.1753772894541 79.9902031819026 103.014330069224 118.102272351583 124.723047018051 127.396365006765 128.042538960775 135.564933220545 115.739454825719 35.1514692107836 0 0 0 0 0 0 0 0 0 0 0 0 0
76.9912550846736 77.9812037944794 98.7747212251027 130.342861016591 106.710533301036 78.7196457386017 51.7447640498479 30.6513160467148 19.1369478901227 23.640679816405 21.4575603604317 21.5273350477219 37.8762955466906 49.5647688706716 58.2465181748072 62.8710836172104 61.4855388800303 48.9737888177236 48.298050959905 51.4414111773173 49.7452865044276 53.2475610574087 54.8358857631683 57.2203894456228 64.2359604438146 68.9628918965658 67.205086350441 70.436954498291 82.714448372523 107.968817154566 126.434743404388 129.777530829112 128.109286228816 136.866231759389 145.87527513504 150.596012671789 121.015201012294 61.1518720785777 7.04904769857724 0 0 0 0 0 0 0 0 0 0 0
89.6703998247782 122.900476058324 170.451879501343 191.587249437968 170.867244402568 118.337382872899 71.3446835676829 42.3981448014577 35.7624888420105 40.6407192349434 32.6199233531952 27.713584403197 38.2899890343348 47.8588591019313 60.3520969549815 68.3244168758392 63.6602441469828 57.3615829149882 51.0363082091014 53.4969915946325 52.9871781667074 56.6212435563405 59.0367217858632 59.7096184889475 64.6773477395376 77.0554691553116 76.9455681244532 83.3013753096263 93.04279088974 110.506147146225 125.858654578527 133.661558230718 135.619779427846 143.00411939621 151.931017637253 148.990343014399 144.107768932978 121.832589308421 57.6250155766805 5.48264756798744 0 0 0 0 0 0 0 0 0 0
149.147321780523 184.636374314626 209.381063779195 210.301180680593 208.254436651866 182.260036468506 138.972679773966 100.9840965271 77.9920121033986 67.498375972112 62.7165188392003 51.4826327562332 40.7220597068469 45.1573729515076 59.578279654185 67.9755608240763 61.9474351406097 62.6780241727829 53.4295737743378 51.5312304099401 54.713562130928 56.7359775304794 57.6520313819249 58.4503660599391 63.0150685707728 76.3175884882609 83.033228913943 90.3973976771037 100.228031476339 109.098225831985 122.460732857386 133.792241414388 135.640879472097 131.15139802297 133.987824122111 128.480633099874 129.000584284465 116.475741068522 69.9092447757721 19.2217131455739 1.4428598806262 0.950487718606989 0 0 0 0 0 0 0 0
200.542251269023 217.154145240784 221.761524677277 219.141900539398 221.648971239726 217.965165774027 194.213191668193 151.393552621206 113.6401395003 91.9353266557058 92.0650660991669 83.5841695467631 57.4930608272552 51.9984463850657 60.2240214745204 63.8185838858287 57.3525329430898 57.4216494957606 52.4109899997711 52.9876450697581 50.9105771780014 52.8556108474731 52.4987975756327 53.1769543886185 60.5634351571401 70.9846913814545 82.0876608292262 87.1300101280212 96.2243179480235 108.376493056615 121.750950813293 123.84839852651 115.03799756368 104.002525409063 106.321891148885 91.4862751960754 92.5091703732808 77.2735824187597 42.2102709611257 10.3662870824337 10.9484866261482 7.87966574231784 1.96183938533068 0 0 0 0 0 0 0
215.623776117961 221.851666768392 221.315006415049 221.617619196574 222.609678904215 219.947497049967 212.28281656901 180.452386538188 132.108847300212 106.557071208954 106.406271457672 100.98663965861 85.1645569006602 65.7965789238612 59.9871377150218 62.6610567172368 56.1081866423289 51.8217931191126 51.881343126297 54.5845727125804 50.9588569402695 49.9279896418254 52.2070775429408 53.5530596971512 57.6612055301666 64.7694915533066 74.3335882822673 75.3250022729238 85.3271087010701 101.947377125422 111.336638530095 111.638188362122 105.410267909368 98.7355510393779 91.0054842631022 77.409694592158 81.4893245697021 78.6295980215073 58.943102757136 24.9669974048932 21.0146928826968 23.3552927772204 0 0 0 0 0 0 0 0
209.396322568258 212.129473686218 209.206362565358 209.628323713938 210.034012794495 204.115033149719 199.215312798818 180.502831935883 142.066369454066 117.381056149801 111.307044823964 107.011169195175 97.4709490935008 75.2744028965632 64.4856343666712 66.8850590785344 59.4467967748642 50.6544262170792 55.2905996640523 56.4441333214442 54.3416043122609 50.5261520544688 54.5809815327326 58.7051610151927 57.26524690787 62.2586309909821 67.0811633268992 68.6401128768921 75.6568113962809 94.9335197607676 102.754503488541 102.583696444829 107.557425896327 108.516116937002 90.2670323848724 83.8324129581451 88.2668296496073 95.5081184705098 90.6368792057037 51.4168441295624 18.4087182084719 1.115332202365 0 0 0 0 0 0 0 0
185.262799263 189.038952191671 190.318365891775 187.650223573049 186.089793841044 184.959928194682 188.419818878174 185.331304868062 153.697967529297 125.103255112966 114.709804455439 102.209369341532 93.131830294927 72.449987133344 60.6708079576492 67.253182331721 68.9030587673187 56.6162467002869 58.6678336064021 61.6263995567958 61.028907696406 56.4002444346746 57.5264245271683 60.7823779185613 59.8465104897817 59.1816008090973 65.4558837413788 71.7087288697561 76.4644692341487 88.5641773541768 101.451218128204 104.693830013275 107.080678145091 111.892282962799 93.6586956183116 94.1200951735179 94.3945944309235 103.696684042613 103.062182664871 64.1603320837021 8.02893564105034 0 0 0 0 0 0 0 0 0
162.510921557744 171.581248442332 183.305541674296 179.317533969879 178.320686022441 183.852950731913 192.237198352814 195.013086001078 176.725824673971 141.061206658681 114.852289358775 92.8856134414673 77.6965767145157 66.1539137363434 56.9527149200439 61.6335074106852 72.7684746185939 65.2750581502914 62.0144804318746 64.8418962955475 65.3698494036992 61.2058490514755 58.3006838957469 61.0500425100327 61.4806413650513 60.8862191438675 64.9542361497879 73.791891336441 77.4373710155487 82.1226288874944 94.2368606726329 105.858941872915 108.15703868866 102.981825669607 89.9077256520589 102.561861276627 105.426530043284 109.573811292648 110.640307267507 84.6945742766062 2.15790048241615 0 0 0 0 0 0 0 0 0
124.969820181529 136.89046104749 145.424624284108 150.528927644094 158.402393261592 174.617330233256 188.197096188863 195.381840070089 190.567970275879 158.398975928624 124.567975600561 92.6615198453267 74.8704522848129 71.1296697457631 62.902420759201 56.6574037075043 67.3234065373739 68.7522639830907 62.4481936295827 62.0942215124766 62.6638034979502 59.7164084513982 56.5384924411774 58.6413045724233 62.0349546273549 65.8827573060989 65.5475159486135 70.8557665348053 75.7941802342733 77.0037074883779 85.750291744868 100.91910759608 106.424470742544 90.9138023853302 93.5375491778056 113.054027160009 116.898675759633 114.159156878789 114.217152198156 110.177467266719 53.5403738419215 0 0 0 0 0 0 0 0 0
88.9495710531871 95.7399408022563 95.373531182607 105.791767438253 122.513949871063 140.29116431872 154.984762271245 168.140729268392 168.477316697439 145.326932271322 109.257638454437 83.6268862088521 70.1187551021576 68.0678387482961 64.9181654055913 59.3848576148351 63.9456808567047 64.3494973580043 57.48350918293 57.303711771965 61.2319707870483 64.4169201453527 63.3007784684499 59.0132623910904 59.1307431459427 61.4521006743113 67.0335690180461 70.1504796743393 74.8627583185832 74.6023952960968 77.2938032944997 91.0366574923197 97.7537433306376 93.3951338132222 115.63366651535 124.412496884664 121.24631802241 114.619493484497 119.955678780874 135.077575842539 123.046517372131 63.8981262842814 4.84253031512101 0 0 0 0 0 0 0
77.4640738964081 79.6755055586497 79.3213297923406 81.2589079141617 90.6835496425629 97.3637700080872 101.198782523473 106.730222702026 106.513400872548 90.8151169617971 74.5415935913722 70.5575297276179 68.9956446488698 65.8374975124995 63.9576216538747 64.1004989544551 62.7334763606389 62.9857381184896 58.1810971101125 57.5835804144541 61.8907610575358 67.2157108783722 68.4765726327896 64.2521182696025 62.0583742856979 60.4413747787476 68.6114877462387 71.7863887548447 75.1141210397085 75.5745271841685 75.633962949117 82.5573354959488 91.3674632708232 101.417650779088 119.991282622019 124.214063088099 114.408830801646 102.946768204371 106.647004683812 123.040378093719 136.82829340299 125.769237677256 77.1010716756185 12.9691796998183 0 0 0 0 0 0
85.923691590627 83.490252494812 83.7447345256805 83.1737369298935 79.3521404266357 77.49109963576 76.1803140242894 77.2586564222972 82.1910997231801 73.5697050889333 66.0000989834468 67.1671132246653 70.4056024551392 71.1314529180527 69.5052395264308 67.2347942988078 61.6891284783681 68.6043004194895 69.4209883610408 64.7911578416824 66.8681611617406 67.4958924452464 66.0118361314138 67.9311056931814 70.1172649860382 66.4527763923009 70.4718927542369 74.1013387838999 76.250026623408 76.8044143915176 78.2393763462702 82.0372651020686 88.6258482933044 106.418112913768 115.433822075526 109.176069498062 99.0226169427236 88.4487628936768 85.379034280777 96.5850154558818 124.764720598857 134.154369433721 104.296922683716 46.9759354988734 2.69110407680273 0 0 0 0 0
90.4759665330251 87.6429279645284 90.6764666239421 89.015930891037 82.0614993572235 78.7729173898697 76.267013947169 73.211391766866 73.6791789531708 69.9652135372162 68.0504341920217 68.0161466201146 71.6134309768677 75.2636988957723 74.716791510582 72.0552504062653 68.7361856301626 74.1745779911677 76.4937003453573 70.1000144084295 67.4727509419123 65.2102082967758 61.7555677890778 63.6216004689535 67.9096132516861 65.9632335106532 62.9274547100067 67.6414867242177 72.5190341472626 75.4474252462387 75.5664259195328 76.4052172501882 86.7876609166463 107.601165771484 114.351173241933 97.6971089839935 87.257444858551 84.384024143219 83.5809508959452 93.0734773476918 99.8432834943136 103.965014219284 90.1356339454651 55.4429690043131 6.86207662026087 0 0 0 0 0
74.3204206228256 77.0669629176458 85.8030319213867 83.2851231098175 85.9902898470561 88.5929663976033 87.8889660040538 83.215261499087 72.2880860169729 70.9664920965831 74.2431233326594 70.4338401556015 70.8012034495672 75.2450476090113 75.5965958038966 72.6383229096731 73.9147414763768 75.715646147728 77.0313044389089 71.9346056381861 66.2807871898015 62.4463558197021 60.1614316304525 59.8119050264359 62.4528229236603 67.0422712961833 62.2458656628927 64.8029148578644 68.8656667868296 71.0375557343165 69.2506929238637 67.6625867684682 78.4539083639781 93.2851831118266 99.7781157493591 88.8452033201853 84.6924483776093 89.6978875001272 92.2034879525502 93.9443906148275 88.0648692448934 86.7048700650533 82.0058435201645 55.1267216602961 12.9291340708733 0 0 0 0 0
