input/barkrak2/radiation/dir35724.grid
NCOLS 85 
NROWS 70 
XLLCORNER 665100 
YLLCORNER 4664600 
CELLSIZE 20 
NODATA_value -9999 
[rows 0 to 22 of 70, columns 0 to 52 of 85]
41.407493253548900 53.7704527378082 63.9781852563222 73.0753441651662 82.1793476740519 83.9441617329915 88.7570083141327 88.4007016817729 94.3054457505544 97.9483723640442 117.211620012919 113.471766312917 109.21843846639 109.882702430089 111.502329508464 97.6210236549377 86.2984458605448 76.3388971487681 76.0554373264313 75.6102651357651 83.6456815401713 99.2214282353719 116.376539071401 117.317696412404 120.347052812576 128.104021151861 126.928428808848 120.959957440694 117.615063985189 122.355719407399 119.057714939117 139.402101437251 169.41241423289 162.376135587692 161.378254493078 155.952403942744 159.667809804281 164.485434691111 161.583681901296 160.958002010981 158.503313859304 168.15596818924 172.135790189107 164.395044247309 155.344853798548 164.630840222041 173.44343662262 132.371445496877 88.9646708965302 85.2088928222656 105.388154586156 144.434342781703 174.745917320251
26.9014835357666 36.6949637730916 41.7724400758743 51.700899998347 61.206042766571 67.7832464377085 72.1904188394547 77.1721700827281 88.0632996559143 87.868332862854 93.7779545783997 95.5975651741028 104.304303725561 109.847009181976 111.560185750326 98.3202258745829 92.414269844691 83.390861749649 79.8485179742177 75.8754660685857 90.910126765569 111.813873052597 124.658038218816 124.101142088572 128.406872351964 130.595962206523 128.083219130834 122.212956349055 118.84077390035 120.62993645668 126.013259092967 147.019783655802 166.651904582977 162.425170342127 159.927189350128 156.460841496785 161.695063114166 165.376245975494 160.504480202993 158.304850260417 157.531420389811 160.945415496826 157.175034284592 148.712664842606 143.617570400238 156.963407993317 157.758712768555 124.060322841008 96.2575972080231 105.371981859207 132.040073474248 163.519779841105 179.254492123922
9.23857092857361 11.2896474699179 18.2699325184027 23.2679024338722 26.6283204158147 34.2731873194377 43.0704255898794 54.8011213541031 65.9533043702443 72.6781934499741 78.8856198390325 81.3808143138885 89.8589889208476 89.3868803977966 94.241996606191 100.13355811437 99.2087721824646 89.0363852183024 76.4653931061427 72.5365330775579 84.3132932980855 101.387679576874 116.521179676056 120.198468367259 124.496936798096 123.186379671097 124.475210905075 122.847338517507 121.49304151535 125.4523396492 132.520526647568 156.402001778285 166.501681009928 163.632969061534 157.074401775996 159.055928389231 165.946533282598 168.095688025157 159.687946240107 155.707359313965 152.544528245926 146.568596363068 138.316770394643 130.90709845225 132.657875617345 145.909518003464 142.243067423503 117.787301540375 111.058493455251 131.849924723307 154.585868120193 173.103213310242 178.215006987254
3.0985518048207 3.4565506502986 5.2900364001592 5.62768491605918 3.72700889905294 10.8150206506252 15.1056448618571 23.1026286880175 35.0771894057592 47.6924826701482 56.3266774018606 68.0127839247386 79.0556520223618 77.2757828235626 81.3897202412287 88.7505710124969 87.1296127637227 82.325999935468 72.652667760849 72.0694214105606 74.3464231491089 79.4501552979151 89.456299940745 100.503146648407 105.463325977325 107.135653495789 112.112621466319 116.965780655543 122.775246699651 127.384583155314 133.332302172979 146.416078011195 145.136515299479 145.91720700264 152.394433816274 157.323976357778 159.463216861089 160.064488649368 153.591126203537 144.346763690313 140.509525934855 133.917589982351 134.033391873042 141.193737586339 145.591954390208 140.11870821317 129.79398171107 115.240057309469 119.408110777537 133.201678593953 153.300106525421 170.557538668315 170.692980289459
9.55797235171 4.05298049251239 0.671966467052698 0 0 1.71143747866154 8.26802477240562 14.3957796196143 18.05263509353 22.4221050739288 31.1144044001897 47.1280515193939 53.2683233420054 59.530958533287 65.5149966478348 70.771003762881 70.7667966683706 73.5872437556585 70.0229654709498 72.8915284077327 70.5943653980891 74.370930592219 81.4335097869237 89.769184589386 96.8665480613708 101.121346155802 106.352746486664 109.676649173101 114.816764990489 120.305438836416 125.94285607338 139.637251694997 136.628041664759 136.737048625946 138.631294171015 137.802839279175 134.352793296178 137.403547763824 139.43475484848 131.914436817169 131.620099147161 132.610271374385 140.424301226934 148.492207129796 148.30951889356 127.401053905487 107.130706310272 105.415632327398 113.153616587321 130.314628283183 156.891455252965 171.366731325785 164.883057276408
31.04567527771 16.112190981706 5.07917938133081 0.0883985291390369 0 0.493329833261669 3.29896869758765 10.0036691874266 14.09712433815 14.0795471767584 17.6162955661615 23.0417773127556 27.784489095211 33.6324448386828 40.7725026210149 49.1352578004201 54.6020617087682 61.200295885404 67.8567787011464 72.6710806290309 75.2455542484919 80.0376087427139 82.6858828465144 86.2594147523244 90.620756149292 96.6107149918874 103.243182102839 106.435765822728 110.981573661168 118.598451217016 129.287372032801 136.471350987752 127.633740504583 129.390845696131 130.021472771962 131.105899810791 128.702729940414 122.198710838954 117.105533679326 126.251518726349 131.627202033997 131.3296854496 133.468925952911 137.862662474314 132.682770490646 108.713140090307 85.5183005332947 93.8638945420583 109.588315089544 139.298895994822 162.395179271698 165.865312019984 155.955930550893
47.2220132748286 30.8416585127513 18.3890536427498 8.26762740810712 1.66961768021186 0.721764052286744 0.423841566468279 6.10402598977089 9.7448838253816 14.5711538692315 15.0641997655233 14.5317787925402 14.7541935245196 14.8103634516398 17.3774696886539 25.139257311821 33.3159938454628 46.0178206364314 61.3474945227305 67.8804814815521 76.9589990377426 81.8595637877782 83.2017809152603 82.6133737961451 86.7924888928731 91.7117496331533 94.9397285779317 100.918511549632 108.079940080643 115.205446879069 122.326066096624 128.181715806325 118.220667044322 112.585753202438 115.027368068695 120.150377353032 118.701636791229 115.625043710073 112.160583337148 105.341454346975 102.283408244451 115.632166465123 121.664553880692 128.218412399292 126.970072587331 124.67348575592 129.283169905345 135.302603244781 143.388092517853 152.849117914836 157.084921995799 155.028581619263 148.363828659058
59.0994954109192 44.614647825559 30.806303024292 19.9158092339834 9.63794502119223 2.6854012782375 0.340542212749521 0 5.10357723881801 11.4997637768586 16.7992947002252 18.5273687044779 17.2422155737877 15.065776805083 11.732096473376 14.0925248463949 20.8917210499446 30.3414439161619 44.5672770341237 55.1679035027822 65.417801340421 76.9632756710052 83.3079119523366 82.2155624628067 83.0142994721731 85.1911107699076 86.177517970403 92.2222038110097 93.7415560086568 103.628873825073 114.055534203847 116.495470205943 106.616934140523 103.378276030223 102.141529321671 101.69917345047 109.336773554484 108.938544988632 105.662822723389 92.0390983422597 89.5805358886719 94.2546923955282 112.794647614161 127.664585908254 133.872936169306 139.338115851084 145.316143830617 148.299435774485 152.24144856135 150.845229625702 147.102097670237 144.759754339854 140.731195608775
54.1109343369802 46.2477107842763 34.1549515724182 24.1548245151838 16.6641312340895 10.0410518546899 2.30426341295242 0.113846132686983 3.69764554003874 7.40394617120425 11.7945360640685 16.1681150396665 21.2182725469271 22.3930751283964 19.0647579729557 17.1129740774632 16.8340777357419 20.4009885589282 26.7153655489286 37.6920898755391 47.2039133310318 56.7903071641922 68.1769301493963 69.3552394707998 73.9435056845347 74.1143922011058 74.1384675105413 77.7445882558823 81.6559145847956 85.4238470395406 85.5355660120646 87.3825748761495 94.1098928451538 93.6986605326335 94.1058397293091 96.7018902301788 100.377261638641 101.811548074087 104.229807853699 97.6287623246511 98.6916224161784 103.9766172568 106.238752603531 108.973205089569 116.905202468236 127.958744764328 129.575838645299 137.024263540904 143.662005662918 141.609330972036 133.889019489288 135.623693466187 135.878533124924
35.5196247498194 29.4340923428535 24.7714544336001 20.136749992768 15.3624303638935 7.50606382886569 5.9636744360129 7.10992142558098 3.60160258909067 1.07016243661443 3.01983114331961 11.0834178825219 19.5146463811398 27.3218999306361 31.3193450371424 28.5981918374697 23.8096639513969 22.1312294403712 22.1189235647519 23.8949507474899 29.1362528999646 34.822071592013 42.7592992782593 48.8257507483164 56.1942855517069 60.1303726434708 61.3825718561808 64.2215708891551 66.2903785705566 68.2314137617747 68.0927832921346 66.2136127551397 69.7142432133357 73.9295730988185 84.6995810667674 90.528796116511 89.069664478302 93.7969485918681 100.363234678904 106.57395919164 107.92272289594 109.558999538422 107.843925555547 108.191738526026 108.301877975464 109.634906053543 132.633954286575 136.917610963186 136.80233558019 138.235539197922 137.022574742635 134.546945492427 134.738067785899
4.78032417595387 1.69194707026084 0 0 0 0 0.533672670523326 7.2979312390089 6.88392917315165 4.08318483581146 1.65102289368709 0 11.7785247663657 22.7345451712608 32.5339213013649 30.2950466672579 26.9691223899523 25.3288994232814 22.3033477862676 19.6918907264868 20.4415594538053 21.5870266159375 25.3254324197769 34.312645594279 43.0620610713959 50.4118303457896 52.0062943299611 52.7612864971161 58.9885661999385 59.1096580028534 58.9338093996048 59.7104529539744 60.2605740229289 56.575541694959 54.7392219305038 65.614586075147 83.9954018592834 86.1526528994242 94.7634975115458 107.993125915527 111.261258522669 107.49285419782 106.575101613998 103.61651579539 105.35004734993 108.942031860352 110.247532526652 109.659175078074 131.109754244486 135.420938332876 137.083053588867 132.716466983159 133.572926123937
0 0 0 0 0 0 0 0.370926999797424 9.74422693252563 9.46966124077638 5.00487349927425 1.30951808144649 2.43490360056361 10.722982386748 21.7293252547582 24.436021844546 30.3067540129026 30.4377600550652 25.9250526626905 20.59156447649 17.5028977294763 17.6280910770098 18.0232649048169 23.859404027462 29.1873216629028 35.1784552137057 38.1379922231038 40.9187624851863 44.0061936775843 47.5634584824244 48.7315356731415 47.2146222988764 44.8678185542425 47.2738047440847 46.3808923959732 43.5178230206172 44.5167819658915 67.7399237950643 87.1032476425171 98.0242987473806 99.8288790384928 101.245790719986 96.0007806619008 92.1353697776794 94.3353672822316 92.6562150319417 95.2464044094086 99.134087562561 98.3127554257711 101.745148499807 115.589837233226 126.007934411367 123.166412115097
0 0 0 0 0 0 0 0 2.38785396019618 11.0018042226632 12.5740543007851 7.91060552000999 1.04300825235744 0 8.15911777317524 19.6318129698435 29.1286359230677 32.2372143467267 31.5212036172549 26.6011580824852 22.7751582860947 23.392694691817 23.3390058080355 24.8378465572993 26.2298261125882 27.9668917258581 30.3259715437889 36.7303416132927 38.3114342888196 37.0629901687304 40.3994768857956 39.78664179643 35.5228905876478 32.8437810142835 31.8623905380567 34.2548290888468 34.2688287297885 33.623551328977 33.9430421590805 44.9311435222626 60.611218214035 72.1390793720881 78.5925487677256 83.947499593099 83.4438701470693 82.9663028319677 81.0163815816243 79.5912444591522 80.1273187001546 83.0568224191666 88.2598757743835 90.8364852269491 107.541888952255
0 0 0 0 0 0 0 0 0 4.50686551630497 14.942042529583 18.1710161268711 14.3131104608377 7.55648625393709 6.49551178018252 16.7793209354083 25.8093401789665 34.3970457712809 39.6293128530184 37.3862981796265 32.4959382414818 31.8626314401627 30.0430605808894 30.9295232097308 31.9830725590388 32.7289054791133 34.0833514928818 37.7620210250219 40.278804798921 33.520666261514 33.2894424597422 36.0124831398328 32.7739765246709 29.3779174486796 28.2694200674693 26.6862660646439 22.9297131299973 20.8460042874018 18.5877817372481 15.2230436603228 24.0699698527654 29.4631992777189 37.509818871816 44.7417298952738 51.2479643026988 62.4813636144002 66.9228533903758 62.8944536050161 62.1248632669449 62.4973873297373 65.3346478939056 71.5459883213043 76.4649212360382
0.213103815137098 0 0 0 0 0 0 0 0 0 10.7844496766726 25.4711906115214 32.3341016968091 27.3368482788404 16.5567683676879 15.208096553882 18.4416870276133 27.545486887296 37.0519608259201 44.5156991481781 45.2835957209269 41.3860157132149 41.3592780629794 38.5443220535914 38.3978361884753 38.9959265788396 38.9650017023087 40.06294409434 38.5296096404394 35.1750602324804 31.4505621790886 31.0313726464907 27.340201040109 25.8728017409643 23.1476599971453 21.8183795611064 17.5594215591749 13.3793378869692 12.2982847193877 10.6534374256929 7.17751123011112 3.98176101346811 12.2033394873142 23.1651812791824 31.2488575776418 38.963794708252 44.3661858638128 52.2059500217438 53.0088543891907 49.5980630318324 53.5300225019455 57.5126806894938 64.038559794426
0.789201818406582 0 0 0 0 0 0 0 0 0 2.52134601275126 20.6729806959629 34.0859815478325 38.4872605403264 31.5433293581009 18.4820493062337 13.8874736924966 14.9221358199914 24.4759271542231 39.7833436727524 50.1305460929871 48.5385656356812 49.7856835524241 46.1928099393845 42.713721593221 44.9557999769847 45.5643484989802 42.470708489418 40.3414492805799 40.690615773201 35.3432844082514 31.0977722207705 25.6944596767426 19.9984249969323 17.349233229955 13.289850205183 10.444996257623 7.44879618287086 5.71979147692521 4.14175602296988 2.48034050067266 1.3077431358397 0.305209871536742 2.45981384068727 10.7530169188976 27.212863167127 35.4143381118774 41.0171200831731 42.8563157717387 46.4657445748647 48.1436004241308 52.9154489437739 56.1014264822006
0.399549996169905 0 0 0 0 0 0 0 0 0 0.212436076253653 13.3728496730328 30.2891060709953 41.1265840133031 40.6211291750272 34.272775053978 29.0937398870786 23.1291800737381 18.7575618426005 25.1577869057655 41.4072001973788 51.0609845320384 54.6594907840093 52.7977744738261 49.8261998097102 49.8652358849843 52.7806133031845 50.5196104447047 47.7788150310516 46.1431046326955 38.0988667408625 33.1794222195943 24.9648640553157 18.2764468093713 13.2693151632945 9.87952078382174 7.1501595278581 4.38161101192236 3.29249476393064 1.58086388061444 0.377066705065469 0.0046285034234946 1.41860061566614e-11 0 1.36226291457812 7.63711954156558 19.1545349856218 24.4141394893328 29.8540443181992 38.7949794530869 41.8623586495717 47.474205493927 52.8224458297094
0.0878951395861804 0 0 0 0 0 0 0 0.122352018176268 0.280386186204851 0.288676722751309 8.12901556491852 17.2742282350858 29.0357545018196 41.832908987999 47.9500393072764 46.5675989786784 40.2114863197009 28.793861468633 19.9450428287188 26.4941478768984 44.3995098272959 51.227072874705 54.7320147355398 57.0168793201447 58.1002235412598 59.4806919495265 58.0943375825882 57.181790471077 52.1878947814306 42.4043287833532 32.5147633751233 26.4134282867114 18.2612203061581 12.5960496564706 9.5950048416853 5.87983553608259 2.94542436798414 1.0135048845162 0.122889284587776 0.000118081686650839 0 0 0 0 0 4.75076679140329 6.48399007817109 11.7435604333878 18.0535850425561 23.7062523762385 32.5918917854627 40.3056393067042
0.101166583287219 0.123191993528356 0 0 0 0 0 0.483446870930493 1.01924260767798 5.01588918268681 9.06220078468323 11.7925008138021 14.4679409762224 21.6944466034571 30.743899444739 42.0501381158829 46.9725479682287 48.9456504583359 45.7446624835332 34.5886945724487 23.7440168857574 31.5790524085363 40.0539115071297 48.7260123093923 57.1907758712769 62.2761646906535 64.8908366759618 64.4206007321676 56.6882540782293 55.2842020988464 44.4293618202209 35.0667759776115 22.7614988883336 15.3057053685188 9.80351492762566 5.16272491465012 2.03691391895215 0.424746695595483 0 0 0 0 0 0 0 0 0 0 1.39767893900474 7.75393595298131 11.9006025294463 11.4364537099997 17.4527627726396
0.0655989327545588 0 0 0 0 0 0.0127231348111915 0.750929893304904 1.23735517263412 1.27153207237522 2.12465149040023 4.95215815802415 7.93301438291868 11.9205601513386 19.8860168457031 32.585101823012 40.1168862978617 43.8535809516907 47.8330105543137 47.2908715407054 39.6137957771619 31.3892439007759 34.0805202722549 40.8853093783061 50.8772979180018 57.4550728003184 62.6444319883982 66.1769956350327 56.4372837543488 48.1956750154495 45.0760970513026 34.212072690328 22.2821682691574 14.9318588276704 7.45202973484993 2.74973455816507 0.26208422301958 0 0 0 0 0 0 0 0 0 0 0 0 0 1.47582202528914 3.06142866611481 0
0.679284489403168 0 0 0 0 0 0 0.91971728640298 1.61079053456585 1.63704575970769 1.1949601272742 0.518909655511379 1.73294761528571 3.03863920271397 9.52994016309579 17.9998874664307 26.010607679685 33.3689376711845 39.8325075705846 50.6838212410609 54.1916638612747 47.0655014117559 45.822282632192 47.1256275971731 49.8910248279572 50.8929193019867 53.8130154212316 58.5872530937195 55.231511592865 44.3986157576243 31.1889797449112 25.4080817103386 15.2743421494961 7.83956112960974 1.42705688873927 0 0 0 0 0 0 0 0 0 0 0 0 0 0 0 0 0 0
7.06731590131919 2.36528273671865 0 0 0 0 0.336212959761421 1.93082479139169 2.261265181005 1.81827880442142 1.09810056164861 0.925210071727633 0.290581684870025 0 2.9235885788997 11.6056427359581 21.1578508218129 27.801143626372 34.3912293513616 44.3470627069473 51.0518401861191 61.8293136358261 64.9290283521016 62.8747344017029 57.3194573322932 50.6787796815236 46.9897488753001 42.631541689237 51.1995653311412 38.3586237827937 23.4688470760981 13.0243363479773 5.59389839569728 0.285002985037863 0 0 0 0 0 0 0 0 0 0 0 0 0 0 0 0 0 0 0
29.6039606134097 23.8936518629392 6.01298920810223 0.506174052134156 0 0.00714137180087467 2.46454651157061 2.83740026255449 2.84345510105292 1.59978788966934 1.71628237391512 2.12733773514628 5.63624625404676 4.50883371134599 5.1691277573506 9.135610734423 17.2437826792399 23.789569735527 29.3359383940697 31.3425014416377 34.6886590123177 46.8837420145671 56.3719570636749 59.5391094684601 59.4998101393382 53.9828290541967 46.8488186597824 40.8317893743515 34.111812710762 27.351051568985 11.9638169805209 2.84170545637608 0 0 0 0 0 0 0 0 0 0 0 0 0 0 0 0 0 0 0 0 0
