input/barkrak2/radiation/dir33024.grid
NCOLS 85 
NROWS 70 
XLLCORNER 665100 
YLLCORNER 4664600 
CELLSIZE 20 
NODATA_value -9999 
[rows 23 to 45 of 70, columns 0 to 51 of 85]
68.470890323321 58.1490894158681 27.2637431820234 10.6523483991623 6.55916209022204 12.4501002331575 14.0263463060061 5.13720419257879 3.67824236551921 3.34891397505999 3.42795439064503 11.9524151086807 14.2533158262571 17.9163043697675 15.6738286217054 15.6156892577807 21.3744814197222 29.4515440861384 35.4216694831848 28.3271074295044 27.3582339286804 31.6462020079295 42.3865616321564 51.842932899793 58.2646379868189 58.5708022117615 51.9822885592779 44.9694693088531 28.0283838510513 11.4212284485499 7.52610278626283 2.05485010519624 0 0 0 0 0 0 0 0 0 0 0 0 0 0 0 0 0 0 0 0
68.1988298892975 64.2140408356984 42.9278512795766 15.2323382596175 0.00497338442073669 8.57792980968952 5.80509938299656 9.97867559393247 4.7520836815238 3.92012080798546 3.41065196941296 6.85528852045536 12.1362631519636 15.7913366953532 15.8721022307873 15.3562948107719 19.1134413083394 27.3558447758357 33.7252169847488 27.3429031173388 26.0541488726934 23.1579591830571 30.0742636124293 37.6071979602178 41.6536803046862 42.7557726701101 39.8141145706177 36.1408318082492 16.8850347399712 6.74190123875936 3.36679257452488 2.15938640758395 0 0 0 0 0 0 0 0 0 0 0 0 0 0 0 0 0 0 0 0
55.777167280515 59.936985373497 52.9496371746063 24.3283659219742 2.12644537289937 11.7969252169132 19.168791671594 26.8654773632685 27.4291609724363 21.9373852014542 17.41607238849 18.9895356694857 18.0556004246076 22.1201479434967 21.8063741922379 17.4461826682091 18.2826320330302 27.5441880027453 33.6167762676875 35.3438332676888 35.320724050204 32.2318524122238 29.370258251826 29.6891878048579 32.4201633532842 34.0849359830221 30.47247727712 30.887911717097 18.2871545354525 14.0710758666197 11.3153780500094 14.1710378229618 9.22580746312936 0 0 0 0 0 0 0 0 0 0 0 0 0 0 0 0 0 0 0
54.4852217038473 59.3301753203074 57.0454398790995 33.0888107419014 11.2628464897474 23.7806141376495 36.2371156613032 46.0118353366852 53.3279826243718 46.7397967974345 31.086857120196 33.0094844102859 30.355175336202 31.4043114582698 32.503217458725 23.6294542749723 21.4502513408661 28.1556844711304 35.3104025125504 45.2924072742462 46.6276556253433 43.6685532331467 36.2173790733019 31.3338687022527 31.8252742290497 33.6538950602214 29.4917697707812 36.6755574941635 34.5756610234578 33.18818906943 37.2734864552816 53.1274825334549 60.8906795581182 41.1012917757034 0 0 0 0 0 0 0 0 0 0 0 0 0 0 0 0 0 0
55.8058122793833 54.8503895600637 54.9114495515823 38.753775258859 34.6717288096746 42.8865899642309 57.8380972146988 61.7177387078603 64.0650341908137 52.3258298635483 41.4838269352913 36.5660314758619 33.4421470761299 34.5331778128942 37.1590803066889 32.0806552966436 27.3275921742121 31.7220836877823 44.4500893354416 48.5200732946396 46.0222860177358 38.1789406140645 35.9982053438822 36.5429123242696 37.5092426935832 37.5273774067561 35.5501050750415 45.1316287120183 61.2280269463857 65.5700316031774 69.2061086495717 75.4534800847371 85.7626994450887 91.3348197937012 48.3737687269847 0 0 0 0 0 0 0 0 0 0 0 0 0 0 0 0 0
58.689425388972 48.748920361201 49.2252260446548 41.313166419665 53.6258071660995 56.9401731093725 60.4500224192937 58.6495200792948 52.4866034587224 42.3404524723689 35.7283279299736 31.2694509824117 32.0591206351916 36.0658566157023 37.3635093371073 40.4214138785998 34.4122772415479 31.7583133776983 40.5893971522649 42.9693907499313 40.4424319664637 33.8458766539892 34.1378251711527 39.6642237901688 41.7962223291397 38.8863881429036 39.6594280997912 45.1687574386597 67.4568812052409 80.2613993485769 86.7056647936503 91.0548170407613 98.0684757232666 100.451350212097 90.3544425964355 23.7359950939814 0 0 0 0 0 0 0 0 0 0 0 0 0 0 0 0
59.8388264576594 44.1143959760666 44.1924730936686 45.9357897440592 54.6983828147252 56.5239638090134 47.6206441720327 35.8937457203865 10.2805358668168 7.32897532482942 20.8762809634209 23.2662657896678 28.5290827353795 37.5465353329976 39.5266537865003 44.206495086352 40.0654748082161 29.3500870466232 31.6006342569987 34.8792423804601 33.9670826991399 34.1778347889582 34.0614194671313 39.4301613171895 44.3983376026154 41.452003022035 43.7906086444855 45.5177426338196 61.3143940766652 82.5456778208415 95.4533815383911 101.429879665375 102.628757556279 103.512465953827 110.715707143148 90.5304948488871 18.6824202537537 0 0 0 0 0 0 0 0 0 0 0 0 0 0 0
58.9542885621389 59.4332019488017 77.6057144006093 105.978151162465 85.0675304730733 61.5717520316442 39.7748624285062 9.80981501440207 7.7490396797657 16.2910049160322 6.3395369797945 5.67375123500824 28.5126542051633 37.8229295214017 40.5571609735489 48.9286134640376 45.3429569800695 33.698762456576 32.9411377509435 36.1782163381577 33.5081492861112 36.8639354904493 38.4998917579651 40.6093945105871 46.0217297077179 49.6716499328613 48.538476228714 50.8181502421697 63.0174428224564 86.0734979311625 101.677199204763 106.018374363581 103.92639040947 109.815001487732 119.875639677048 122.798959414164 95.9069530169169 40.6031881769498 1.05710824330648 0 0 0 0 0 0 0 0 0 0 0 0 0
69.9953536192576 100.444873174032 145.872890949249 166.741808255514 146.872659524282 99.1644362608592 56.3878268003464 31.3163325190544 26.1292780439059 30.0317704677582 24.0524460872014 19.5693795879682 28.4231454133987 37.3046000798543 48.2157170772552 50.5910962820053 47.207901875178 41.2688056627909 35.9114880363146 36.5910579760869 37.0771437883377 39.9532516797384 42.1372006336848 42.630394299825 46.8702962001165 57.3815554380417 57.411993543307 63.2390379905701 72.0510731140773 87.010383605957 100.401759147644 107.061723868052 110.124369462331 116.905679305394 120.299120744069 122.698694467545 115.656713644663 94.3983892599742 37.5096946954727 0.22054766304791 0 0 0 0 0 0 0 0 0 0 0 0
125.595957040787 160.644243160884 186.520099639893 187.999606132507 186.002989610036 160.115450620651 119.960010051727 85.4661862055461 66.8820242087046 56.926151116689 51.6031285127004 42.5761590401332 32.1850503484408 34.6557224790255 43.2831645011902 50.9197761615117 45.8673934141795 46.7267632484436 36.6454571485519 34.7408056259155 38.7895454963048 40.180079638958 40.7141049702962 41.3929571708043 45.3873972098033 57.6425939798355 63.0083829164505 69.8420057694117 79.1398187478383 86.952139933904 96.7846115430196 105.072647333145 108.513832092285 105.602900187174 109.552601973216 101.937055587769 103.328049182892 91.1566615104675 49.0694145361582 1.33307573075096 0 0 0 0 0 0 0 0 0 0 0 0
178.166508674622 196.40835126241 200.695256392161 198.390344778697 201.23287041982 195.982197920481 175.910929838816 136.613706747691 100.801646709442 78.3118307590485 79.4446617364883 70.3058938185374 49.4952748219172 41.3297340273857 43.6441401640574 47.2715198993683 41.2299111485481 41.709100206693 35.3578478097916 36.6836935281754 35.4622527956963 37.3899266123772 36.6609618067741 37.0619694391886 43.1451350450516 51.9506831963857 62.1884365876516 65.8582051595052 75.3306249777476 85.8584841092428 95.7298477490743 98.8006790479024 90.3839866320292 81.477165222168 83.3462079366048 70.9228267272313 71.779211362203 57.9644789298375 22.1974228819211 0.236607001473506 3.05404079457124 0.32039654130737 0 0 0 0 0 0 0 0 0 0
193.221767743429 202.178339163462 200.360914071401 201.290428638458 202.630241711934 199.957966804504 192.001601060232 162.130961815516 116.880774497986 90.5754466851552 92.3368732134501 87.3276193936666 71.9879766305288 51.8818845351537 44.3962911764781 45.3042884667714 39.3795023361842 35.9299456079801 35.4876468578974 38.2491598526637 34.5389768481255 34.5130289594332 35.4563271005948 36.7240036527316 40.6474272410075 47.1288462479909 55.9685925642649 56.7487925291061 65.2133176724116 81.6563268502553 88.2645348707835 87.0879093805949 82.6068421204885 76.3660420974096 69.5156157016754 58.6749265591303 62.3967399199804 59.7673406203588 41.3587416211764 10.3310085833073 10.5352227886518 0 0 0 0 0 0 0 0 0 0 0
186.187624931335 190.803170204163 186.65599822998 188.780228296916 187.72824605306 181.625465552012 176.387012004852 160.705993572871 124.388118584951 103.14612587293 98.1102585792542 90.677132209142 82.25184182326 58.0541392167409 46.9658474127452 48.1607417265574 42.2282616297404 34.5672816038132 37.9849473635356 39.1600653529167 37.5955179333687 35.0099156300227 37.8363976875941 42.2066748142242 40.3149053454399 44.952005147934 49.1769264141719 49.8307993014654 56.3223461310069 73.1497357288996 82.5603554646174 81.5603981415431 83.5244158903758 84.345002969106 69.4649219512939 64.2942587534587 68.2387202978134 74.1432358821233 69.391464193662 32.1952352921168 0.716169209529956 0 0 0 0 0 0 0 0 0 0 0
160.052001476288 163.89133532842 166.49537285169 163.780480623245 162.18247016271 161.045024792353 164.901733398438 162.725816170375 135.380774736404 111.088573932648 99.1262992223104 84.1641326745351 76.0687738656998 55.1087558269501 43.8056488831838 48.5774030288061 50.0252544879913 39.1559128959974 41.8871392806371 44.6699907382329 44.4692919651667 40.4309158523877 41.2259052197138 43.5311297575633 41.8426096439362 42.7130659421285 48.2730468114217 53.4474849700928 57.0766478776932 68.2359288136164 79.1232734918594 83.4669470787048 84.2693944772085 88.1906449794769 72.5937386353811 73.3910699685415 73.4800000985463 80.7191282510757 80.8302660783132 43.7658081452052 0 0 0 0 0 0 0 0 0 0 0 0
136.559824148814 145.542651414871 157.165626684825 154.300371805827 153.229971726735 159.867813189824 168.928662935893 172.354340553284 156.806260347366 125.567972660065 102.402726809184 76.6263802846273 59.9678655465444 48.3594636122386 40.0743534167608 43.5968985160192 54.0946026643117 46.8404293060303 44.1830009222031 47.0273941755295 47.5799739360809 43.8842078049978 42.0031895240148 43.5928006966909 44.8773801326752 43.6800916989644 47.1681952476501 55.3057740132014 57.9909533262253 62.3576392730077 73.5385119915009 84.4814081986745 85.9280129273732 80.7247559229533 69.727490345637 80.7060648997625 83.5801362991333 87.4954760074615 87.4482790629069 63.4042670329412 0 0 0 0 0 0 0 0 0 0 0 0
100.39276878039 111.805111169815 120.093584060669 124.323278665543 132.750729719798 149.5055158933 164.507846037547 172.644555568695 168.04563999176 141.06739560763 107.198705275853 74.4954198598862 55.4351111253103 52.4568458398183 45.1837877432505 39.5076076189677 49.4326402743657 50.0416656335195 44.5698350667953 44.4832195838292 44.8382596174876 43.045108517011 40.2431810895602 41.4050767819087 44.5999205112457 48.1680532296499 47.0775117476781 52.6553243398666 57.3040942351023 57.7142337958018 65.7458106676738 79.8382610082626 84.5302244027456 71.331262588501 72.5765526294708 88.4443322817485 93.9487417538961 91.643085082372 91.9621586799622 87.4488055706024 35.1262489954631 0 0 0 0 0 0 0 0 0 0 0
66.3062483072281 72.7776835362117 72.4288523197174 82.3367734750112 97.6427992184957 115.264217058818 129.614770412445 142.54226287206 145.154426495234 121.609171231588 87.8995358943939 63.8305644194285 51.1116186777751 49.4838257630666 46.0681468248367 41.2126655379931 45.572966337204 46.3970452547073 40.3557891647021 40.5940761168798 43.553019563357 46.5032905340195 45.5958594878515 42.3833032449087 41.7866905530294 44.016311566035 49.1594672203064 51.3355135917664 56.4883351325989 56.4008206129074 58.063675959905 69.651335477829 76.6911506652832 73.4924077987671 90.032955010732 96.0689584414164 95.1686302820842 91.9257203737895 95.8647032578786 107.763012250264 99.2126663525899 42.3236886660258 0.00401986138361584 0 0 0 0 0 0 0 0 0
55.5838843186696 57.593509554863 57.3946336905162 59.3462387720744 68.1749880313873 74.0722417831421 77.7120341857274 83.5726161797841 83.7188462416331 69.1508203744888 54.3942302465439 50.0935365756353 49.2755770683289 46.5666105349859 45.1413542032242 45.6782331069311 44.981375336647 44.1961884498596 40.1825259129206 40.2194211880366 44.3255255619685 49.2922315994898 50.3642112016678 47.0620840787888 44.4210867087046 43.0470903714498 50.7905830939611 53.6727805932363 55.9249917666117 57.295153538386 57.4595034122467 62.906672557195 70.8053757747014 80.2387942870458 97.9001224040985 96.033384402593 88.351180156072 81.1670621236165 83.744744459788 99.0827083587646 110.146820545197 101.167341073354 53.225706020991 3.84035023550193 0 0 0 0 0 0 0 0
63.6492222547531 61.1855685710907 61.4223877588908 61.0663245121638 57.6010247071584 55.8252135912577 54.4543365637461 55.5993616580963 60.7248246669769 52.7858982483546 45.7509954770406 47.4518835544586 50.6487141052882 51.260898510615 50.0846157471339 48.3334163824717 43.1812902291616 49.4912962118785 51.361471414566 47.6732353369395 49.8732229073842 50.2814600865046 48.6679971218109 50.5723506212234 52.7140696843465 48.5041836897532 52.4450838565826 54.8665275176366 56.8535874287287 57.5692454973857 59.9358777205149 62.4291896820068 68.835789958636 84.2705567677816 92.0929710070292 86.6807997226715 76.6189744075139 67.3215140899022 65.3693427642186 75.4498740037282 100.803365310033 105.775445699692 81.3934504985809 32.0539474487305 0 0 0 0 0 0 0 0
67.8634891907374 65.1625394821167 67.9186036189397 66.661149263382 59.9236885706584 56.7433933417002 54.7097822030385 52.1108855803808 52.2880852222443 49.2556393146515 47.5729902585348 47.3529199759165 51.2882769107819 55.2465220292409 54.9606184164683 52.4003356695175 49.5155950387319 54.7862549622854 57.191143433253 51.6468832890193 49.3462731440862 47.0235844453176 43.8458522160848 45.7425018151601 50.6542921066284 48.006683588028 45.2133119106293 49.6588250001272 53.4538924694061 56.2281409899394 56.5295616785685 58.0831617116928 66.9905990362167 84.9948823451996 91.1403993765513 76.5450497468313 66.8206612269084 64.0966643889745 63.5704199473063 71.0777342319489 77.8077195088069 79.3877293666204 68.3662891387939 39.0077556173007 0 0 0 0 0 0 0 0
52.6045064131419 55.2610953648885 63.7526363134384 61.2153112888336 63.7178073326747 66.0497695207596 65.1902655760447 61.2443635861079 51.2198309103648 49.7933725516001 52.8799792130788 49.9398758014043 50.5981942017873 54.0313422679901 55.0529261430105 53.0131061871847 54.4978678226471 56.9399545590083 56.7524333794912 52.2453834613164 47.1474726994832 44.8857148488363 42.2520836194356 42.9523289203644 45.5494970083237 49.5274166266123 44.5404450098673 46.9562659660975 50.9159217278163 52.2231608629227 50.7660607496897 50.0031212965647 59.2746237913767 72.938655813535 78.1005918979645 69.087361296018 65.522238612175 68.3089345693588 69.419264793396 71.8152026335398 67.3085550467173 65.4184371232986 60.6726706027985 38.1922274827957 2.55928778400024 0 0 0 0 0 0 0
51.105926434199 56.8691243728002 59.8607609669367 60.5058620373408 62.263419230779 64.7912919521332 65.0825003782908 61.3231956958771 56.9311678409576 53.3627569675446 54.928203423818 52.7663727601369 50.0081131855647 48.9937315384547 47.8201260169347 48.5663811365763 46.409731109937 52.5905837615331 54.5641531546911 52.6533325513204 48.6141989628474 46.5354671080907 46.1093087991079 47.3008453845978 45.0023512045542 53.5134524106979 56.3590178887049 53.0556341012319 52.716076374054 51.1364638805389 46.9614565372467 44.7186728318532 51.0654797156652 54.6318590641022 60.4078123966853 63.605656226476 67.6328341166178 73.7218707799911 75.0956038633982 68.7831491231918 66.2215799093246 62.1526340643565 59.2820594708125 42.4956281979879 14.4076521197955 0 0 0 0 0 0 0
57.2662850220998 61.8816514809926 59.0515087048213 62.3929848273595 60.9562744696935 61.0567430655162 62.7258270978928 61.3865951697032 62.6502335071564 58.327779173851 57.778129975001 57.2162171204885 52.5019665559133 48.5110431909561 47.621414065361 51.0348578294118 47.050083676974 50.2795229355494 54.5992652575175 53.3230602741241 51.1557658513387 49.8378773530324 49.3264198303223 50.6687313318253 52.1390239397685 52.9120961825053 58.2753966252009 56.3641885916392 53.775226076444 52.2074004014333 48.226257165273 45.0160950422287 48.1219391028086 47.1670975287755 47.8244572877884 51.2553950150808 57.5610448916753 65.8829758564631 65.7311379909515 55.3193291028341 58.6305310328801 54.9204051494598 54.5437683661779 51.959236462911 35.1342633366585 6.40095149477323 0 0 0 0 0 0
