input/barkrak2/radiation/dir30924.grid
NCOLS 85 
NROWS 70 
XLLCORNER 665100 
YLLCORNER 4664600 
CELLSIZE 20 
NODATA_value -9999 
[rows 0 to 21 of 70, columns 0 to 49 of 85]
107.048759857814005 121.958345174789 138.61287633578 157.654205958048 168.504953384399 171.086728572845 170.002023379008 167.365829149882 165.617277224859 169.037699699402 169.595181941986 166.044155756632 164.567917585373 166.670044263204 167.274097601573 153.852919737498 140.616228183111 129.800985256831 128.523021936417 125.132371981939 124.690413475037 147.471845149994 170.702656110128 175.604184468587 178.91933520635 189.620772997538 188.120285669963 178.20664246877 169.135193030039 169.727802276611 165.132125218709 188.166459401449 232.133666674296 230.96756140391 226.379136244456 214.234570662181 218.708157539368 230.311890443166 228.527983029683 227.094173431396 219.164351622264 226.726253827413 233.761509259542 225.838224093119 214.746435483297 221.072455247243 223.861634731293 185.159941514333 128.325988849004 123.912791411082
86.2248142560323 101.623157660166 115.588406721751 134.03657078743 149.788935979207 158.064891894658 162.27658589681 168.213327725728 173.739314079285 173.439502716064 172.090172767639 167.497197786967 162.51344482104 164.193530877431 167.285084724426 155.616362889608 147.51793940862 138.30362757047 133.42825571696 128.878643115362 140.869170427322 166.003127892812 184.58084265391 186.489323774974 189.814885457357 195.619285106659 191.368718942006 181.17090066274 172.729472319285 171.64679368337 172.495663166046 201.838294665019 233.575224876404 231.352686882019 226.340075333913 217.140714327494 223.456084728241 233.522435029348 227.987984816233 226.603309313456 221.884608268738 223.664442698161 219.283580780029 209.442595640818 204.393128554026 217.630763848623 216.320256392161 174.62952931722 135.220984617869 147.05491065979
53.6038925250371 62.3717407385508 72.3244994878769 83.4365586439769 96.4472194512685 109.541197617849 124.247640371323 144.210517406464 158.450225989024 161.690890789032 165.387570858002 168.659448623657 171.657582124074 173.45533768336 175.084630648295 177.405814329783 176.080107688904 166.69495900472 150.305539369583 142.707844575246 154.335449139277 172.192672888438 183.582981427511 187.639594078064 190.576990445455 190.038065115611 186.620831489563 180.586139361064 176.797091960907 179.674983024597 190.529644489288 213.413059711456 227.227568626404 224.915504455566 221.236010392507 222.749869028727 230.684181054433 236.213088035583 231.908520062764 223.751703898112 217.410941918691 207.663218180339 193.994681040446 187.413235505422 194.587926069895 211.766938368479 203.158358732859 167.730291684469 156.345099210739 175.51318804423
33.7661852439245 37.5386476516724 40.4721771677335 45.5511957406998 49.4881172974904 56.0108373562495 70.8204805850983 90.1007354259491 110.064407189687 128.38210662206 144.712577263514 161.053528388341 170.826156934102 174.226323763529 178.201138973236 184.529185295105 181.61541223526 171.672523021698 157.531837622325 151.356408993403 153.444945812225 154.575377702713 166.537861029307 176.428914070129 177.915434042613 178.158303101858 179.898023605347 180.688858032227 181.851247946421 187.119166056315 194.090644518534 215.241233507792 221.611559391022 221.319874127706 219.777226448059 220.361371835073 223.012407620748 223.455150922139 220.638434092204 210.986753304799 203.453799088796 191.680153210958 188.415368398031 200.442930062612 212.264895439148 207.23831653595 187.946657339732 164.614647626877 166.315933068593 179.571111996969
45.8588004112244 37.5044097503026 25.5763207872709 20.1630629599094 20.4474031925201 31.9854170084 49.7461060682933 63.6763125658035 73.2144266366959 86.8029793103536 111.31539940834 135.162780682246 149.649272362391 157.269875208537 162.385274966558 167.209982872009 165.334969758987 160.297413667043 153.349896272024 147.766540447871 146.383027235667 146.62092924118 156.271090110143 165.742506583532 171.46889368693 177.599668502808 179.421146710714 180.405656496684 181.762854258219 183.204650878906 189.965267976125 212.422907352448 212.192873160044 211.965481440226 211.668809254964 214.425762494405 211.755275726318 209.148605664571 199.543992678324 191.671371459961 194.646000862122 193.599204222361 201.075474421183 212.516903877258 214.381635189056 188.735047976176 159.030218919118 151.676098505656 160.2503657341 178.848723570506
74.7680415709813 58.0326418081919 37.362980345885 20.9111869335175 15.8105206986268 22.0511828859647 37.0972802241643 52.6315669218699 59.3701203664144 62.7805193265279 70.6641276677449 81.1033149560293 90.0005300839742 92.9401814937592 101.979990800222 111.207793156306 118.982344865799 138.674080371857 150.437941153844 153.706361850103 154.289722442627 155.916750431061 156.309972206751 160.610020160675 166.754941145579 172.691841920217 176.527996857961 180.355230967204 182.901442050934 186.50762240092 198.54470094045 210.007647673289 204.456686973572 203.005015850067 204.164306322734 203.69279384613 201.145013173421 198.262353738149 190.725743770599 192.354083061218 191.779275735219 191.285411516825 197.5483695666 201.321462790171 193.002422650655 151.788979768753 130.888094504674 140.381306409836 160.319030284882 199.029823144277
86.3042175769806 74.9346812566121 58.8864982128143 42.4245794614156 27.4606347084045 19.9454588194688 22.9541088143984 39.0569617350896 53.9219925800959 59.6303294102351 58.2368473211924 55.5068850517273 53.2865226268768 49.3813653786977 51.6717582941055 63.984140753746 71.5828984975815 91.3833975791931 112.222760915756 125.684549411138 135.998358329137 145.866016546885 146.454354127248 144.112090269725 155.466159184774 159.185747305552 165.842632452647 173.89714717865 178.210377693176 187.163392702738 198.911964893341 203.378200531006 194.536407788595 190.222382545471 188.581109046936 190.889497598012 190.88476896286 185.976068178813 180.814206600189 175.30212799708 172.607878843943 172.487060228984 180.654187997182 191.21507803599 186.233480771383 176.628410816193 186.452051003774 194.960256417592 207.137525081635 221.436162789663
89.535266160965 85.2911372979482 79.0148327747981 66.8633381525676 50.1943329970042 28.7036846081416 16.1945496996244 15.0063559412956 30.3919365008672 48.1564750274022 57.8444103399912 59.2682361602783 53.2851467529933 46.2102542320887 36.6708387931188 39.3639653921127 47.1750398476919 60.5232616265615 80.8776368697484 98.4558463096619 112.206776936849 125.846008459727 133.525957663854 138.333082199097 136.800636847814 138.695607582728 148.596952358882 154.738475879033 161.703457434972 173.894862333934 185.04003683726 187.617262204488 179.643670717875 173.973460992177 170.528292655945 171.282947063446 177.142898241679 175.499041875203 171.376883983612 154.538094997406 150.682667891184 160.773595174154 177.258372306824 191.592395305634 193.613827228546 200.546085834503 212.322890758514 214.489539464315 222.023566563924 222.238759199778
86.2294336160024 75.8230139811834 73.2633819182714 72.3904470602671 64.4427686929703 48.7056175867716 28.9017856121063 13.9249625305335 20.8353747924169 30.053399503231 37.3343030611674 45.8437154690425 51.709105571111 52.1852672100067 45.3560252984365 42.9308116436005 42.4475471178691 46.7051764329275 57.3689937591553 72.1880892912547 84.5125317573547 100.210726261139 112.12831735611 113.83123199145 117.331763108571 119.792064030965 121.778706709544 130.773335695267 140.054007371267 152.39296356837 159.211854139964 161.051253477732 157.418231169383 157.054920991262 158.48308801651 162.303427855174 164.394348859787 166.515608628591 166.387657324473 160.880585511525 166.797955830892 177.16379960378 185.50439675649 190.5544201533 187.325477600098 186.570346355438 191.231926282247 206.454416116079 216.075619061788 211.931228637695
64.9732649326324 62.340055902799 58.2097719113032 54.4895480076472 54.4693619012833 60.3058536847432 48.2974350452423 35.5255653460821 22.2324182589849 17.5878765682379 23.715652525425 36.1557528376579 50.9277780850728 60.863142212232 61.7886284987132 58.31711490949 51.8507361412048 49.2253800233205 50.1877069473267 54.6720723311106 60.8192284901937 69.6092198292414 78.3735116322835 87.2661670049032 97.2934067249298 100.682953993479 103.938639163971 107.343296209971 113.281418879827 123.259047667185 128.341188033422 130.607634782791 137.161542971929 141.61737759908 146.659344434738 150.760779778163 151.102403799693 157.116363445918 162.656754255295 172.230919202169 182.657778263092 187.857071558634 187.449276447296 186.4120165507 184.264461199443 184.731860955556 196.109473705292 201.549569765727 206.529637177785 209.094782670339
31.0497085253398 29.4658641020457 30.9381286303202 31.9326271613439 30.5531894167264 36.4331876238187 39.6158695220947 35.7642024755478 26.2003218134244 20.7555666565895 17.085740963618 20.5043591558933 32.5748125712077 48.8148878018061 61.184898018837 58.6625883976618 56.9755683342616 53.2258649667104 50.6378958622615 48.2296297947566 48.4352509180705 50.8729716142019 54.7113766272863 66.3311878840129 77.4186948935191 85.8336389064789 86.7843826611837 90.3257727622986 98.4481871128082 103.888789812724 109.223216772079 116.068114837011 128.001362085342 132.646918296814 133.425414562225 136.14684343338 142.387439807256 148.440142472585 158.596654733022 177.94406414032 185.634513696035 186.31903330485 185.476740201314 183.796544869741 183.413287003835 187.153478463491 194.258610407511 197.236796220144 198.547085126241 202.0250360171
9.09336780508359 7.89412980278333 6.96583775182565 3.36535088717937 0.0797202131555726 1.19709619320929 11.3010033965111 22.5062867005666 29.5872539281845 29.5850982268651 22.9513347148895 17.9605707526207 21.2449928124746 32.9125349720319 48.6874381701152 52.2428452968597 58.9740872383118 58.3086907863617 54.4916540384293 48.5708365837733 44.4108595450719 44.8394616444906 45.9238787492116 52.6332954565684 61.1753066380819 67.1014537413915 70.0228611628215 72.3087787628174 80.8909088373184 88.4985625743866 93.5994982719421 98.1863737106323 104.563027620316 109.451770782471 115.069578091304 119.324922561646 130.807290474574 141.674260298411 148.214707771937 165.834128856659 174.596627553304 174.732188383738 171.419779459635 168.354272842407 169.586002826691 169.904808203379 175.169269243876 179.94217077891 183.567106723785 190.001447995504
2.02309309194485 1.05067963401477 0.133233251593386 0 0 0 0.0120236751778672 11.4974565804005 28.9639507730802 35.0617642203967 34.9199622869492 27.4904494484266 18.7470279633999 18.8961289823055 30.2021106084188 46.1064676443736 58.2756052414576 63.4069790442785 62.867263952891 57.4495891729991 51.5537162621816 52.4054119984309 54.1064540545146 54.9082855383555 57.2076390186946 58.0342312653859 60.4117264350255 67.9128666718801 69.6872572104136 71.5781052907308 81.0850610335668 84.8303437232971 85.6039126714071 87.9129469394684 93.3058559894562 102.670222520828 113.379716873169 126.113792260488 131.323407093684 142.798284689585 150.612990061442 150.929232438405 150.468508402507 152.214586734772 154.69562013944 156.519552071889 156.909674406052 160.67361831665 165.681501229604 168.578704198202
2.82780018945535 0 0 0 0 0 0 0.248589591744045 2.65456736087799 22.386334836483 32.4088931083679 42.9487526416779 38.7795567512512 28.8661470015844 27.7881373961767 41.7470286289851 52.9472529888153 64.8180047671 73.2397387425105 70.4783300558726 64.5690858364105 63.6124710241954 62.2173547744751 62.0020081599553 63.9542539914449 64.4418696562449 65.7833615938822 70.0189272562663 72.318767507871 64.5991663138072 66.5103147427241 77.1235078573227 79.1639387607574 79.815203944842 83.4132035573324 89.0252192815145 99.14896885554 107.278654972712 112.585147221883 116.208593050639 122.732440630595 128.941555817922 136.351555585861 142.441431681315 142.12034145991 150.933821996053 150.084684292475 143.269906441371 141.624579826991 143.657346566518
10.3667117655277 0.0660030782455578 0 0 0 0 0 0 0.460917945019901 13.1995317836603 32.3329518238703 49.1004288196564 57.6408902804057 52.8596937656403 41.4357980092367 40.7058149576187 43.0764456590017 53.5661230484645 68.5003747542699 77.8256009022395 77.6129414637883 75.6318320830663 74.7462809085846 72.7573335170746 72.4741766850154 72.2936888535817 72.9822069406509 73.7136602401733 71.1485842863719 66.3072764873505 64.1145209471385 63.6923015117645 61.5099966526031 72.8543847799301 78.3060292402903 81.6396574179332 80.2157024542491 80.563560128212 92.0418302218119 96.3757932186127 101.019859313965 108.241856098175 114.240934451421 121.067037185033 126.055657863617 132.170697053274 141.236732403437 145.992974440257 141.525109608968 133.36843252182
10.8525790274143 0.882715297242006 0 0 0 0 0 0 1.21194574361046 5.90290377537409 24.8527154326439 49.6987899144491 67.2812759876251 74.3456681569417 59.7872734069824 43.7905887762705 37.400595843792 39.9817352493604 52.9028127590815 72.3209281762441 83.4810733795166 83.0835501352946 83.7625165780385 81.1384121576945 77.8337419033051 78.8584003845851 80.2241563796997 75.0414282083511 75.5448192358017 72.7320114771525 64.1968846321106 64.4467771053314 57.9131146272024 53.7914931774139 51.0208408037821 64.5043253898621 63.9844238758087 62.7279579639435 69.0318743387858 72.845404346784 81.7001362641652 87.2453649838765 90.557078520457 93.0788417657216 107.049832741419 113.098522027334 124.308089415232 134.545505046844 134.951780239741 132.677694161733
7.97766136626403 2.03193755199512 0 0 0 0 0 0.440820624741415 2.34377585972349 3.47426751007636 15.8958261211713 33.6218600471814 54.155041774114 65.0886247555415 71.4556475480397 64.9452457825343 58.5966060558955 51.3222714265188 46.0111796855927 52.7629653612773 72.0058182875315 84.9142869313558 89.5261565844218 88.9940659205119 83.3034763733546 86.2000485261281 89.5302494366964 84.1601888338725 80.2489618460337 83.218107620875 75.09912053744 62.057172258695 52.2298912207286 46.721229950587 41.7999426523844 41.5969838698705 38.1688425938288 42.7497128645579 47.7536072333654 51.9076387087504 53.5764098167419 58.5000018278758 66.4639174938202 68.5142676035563 86.546669403712 96.4791973431905 105.072716871897 111.53053243955 115.077098210653 122.39271402359
5.60028726855914 2.93418702979883 0.0721123457575838 0 0 0 0.0532039751609166 2.57676343123118 6.00413357218107 11.2303420901299 15.346330900987 24.9828696250916 43.4105197588603 60.8358134826024 73.0942885080973 77.8306623299917 76.8288671970367 69.9732800324758 57.8426072994868 47.7929761012395 56.3768148422241 76.3121545314789 84.210326274236 89.8372928301493 92.0431017875671 95.4074859619141 94.2865411440531 97.5848337014516 94.4643616676331 86.4675243695577 75.4853586355845 69.7524795929591 56.3230266173681 43.8398619492849 34.7646127144496 30.1762670278549 27.5823896129926 28.3327549695969 28.440497815609 37.6944790283839 40.0947282711665 41.0908808310827 47.0162034034729 55.6058237950007 64.2042458057404 78.0907471974691 88.5259906450907 91.0715858141581 96.1431264877319 104.994207620621
6.1779972165823 7.31939946611722 6.23053684830666 0 0 0.491366256028414 2.71428904185692 5.60946948826313 13.2053879400094 21.9927082459132 26.106042166551 30.3488125403722 38.9378741383553 51.2106567621231 62.5571012496948 73.5560903946559 77.8120358784993 80.0904681285222 76.9209762414296 65.3213957945506 53.1774908304214 62.9619260629018 73.6979891856511 83.1866512695948 95.2472190062205 101.918309926987 101.97855035464 101.159532864889 90.7859106858571 91.5447274843852 79.9848884344101 67.8802231947581 52.5830586751302 44.2846169074376 34.6782331665357 26.6640732685725 20.4810363550981 18.9653175572554 18.8060626387596 22.4134996533394 25.1185521483421 28.7475635608037 30.9654225905736 38.9720350503922 45.1149692138036 60.4980091253916 69.2904690901438 71.7603067557017 75.5143562952677 86.3424142201741
6.65898621082306 5.64823920528094 7.04017219444116 1.62979525824388 0 3.54518182575703 4.11586401363214 6.15190093715986 7.56857420007388 23.0391348401705 28.5810853044192 28.2890622814496 30.3942387302717 36.7637947201729 46.6381559769313 57.6152702172597 68.1266536315282 75.8290688196818 81.0570865869522 80.7979255914688 74.1232385238012 62.1662636597951 65.7719671726227 74.0299125512441 86.6263608137767 96.2522625923157 96.5382854143779 102.562258640925 93.5301880041758 85.4854186375936 71.2628066539764 69.2602097988129 54.4895082712173 39.1006420056025 30.5782506863276 19.6688535312812 11.8372651437918 8.37650087972482 9.99277830123901 13.6825665831566 18.5769473512967 23.6802473664284 33.9930728077888 35.3692919015884 36.9271586338679 43.0068075656891 49.5187292496363 60.5269769827525 68.6846077442169 78.7646273771922
10.3248270849387 4.61024356385072 1.95684640978773 3.8909607877334 2.91396832714478 4.79086426397165 4.14898588011662 5.83563248316447 8.25968012213707 19.0747107068698 22.3431115349134 23.01870038112 22.8143309553464 26.5850971142451 32.0723950862885 43.1483089923859 55.0795495510101 62.4001820882161 70.4326728979747 83.6871266365051 90.9529825051626 81.3110123078028 80.3333421548208 82.051823536555 84.9726398785909 87.2435768445333 90.8403197924296 88.3633593718211 82.0525983969371 81.8702479203542 68.8510040442149 51.4322717984517 41.255421936512 27.900052567323 13.6486751337846 9.61088513334592 3.59673487643401 0.476308865472674 2.19655083492398 9.04734432697296 5.58156023422877 19.3336382508278 26.1187702417374 26.9280324379603 31.9042131304741 36.7493902643522 41.0285145044327 45.9807415803274 56.5653741359711 62.1957282225291
27.4005308747292 17.1562160054843 7.15898101528486 12.1101588010788 11.685044815143 3.80471038321654 6.50593390067418 8.84882733225822 10.335236787796 17.1190276741982 20.041324198246 20.025668044885 20.264429350694 19.2276972035567 24.1899987061818 34.3857333064079 46.5374340613683 56.9470177094142 63.0106329917908 76.3743867476781 84.3652784824371 97.6345042387644 102.629681428274 102.073172728221 96.2108572324117 87.8376166025798 82.311287522316 77.4137179056803 79.1048109531403 63.2231781880061 56.783139705658 36.6136108835538 22.5820268193881 9.7603319833676 0.0347771444163906 0.0391664483079997 0.0635620866281291 0.062932381600452 0.0402249521963919 0.0424968990652511 2.39324228217204 5.87973184883595 9.53548277417819 13.9105692505836 23.868128657341 27.8328855832418 32.5084601839383 36.9602764646212 40.1216621200244 40.8584475517273
