input/barkrak2/radiation/dir34524.grid
NCOLS 85 
NROWS 70 
XLLCORNER 665100 
YLLCORNER 4664600 
CELLSIZE 20 
NODATA_value -9999 
[rows 23 to 45 of 70, columns 0 to 51 of 85]
58.8104327519735 48.9361733198166 20.1228534181913 4.73897159099579 0.199974747374654 7.57030832270781 4.72306273877621 3.64003082116445 2.4869660846889 2.19629875694712 2.15362012386322 2.24665009106199 10.0300492097934 13.0603139599164 10.3514262785514 11.0939405858517 16.0882944862048 23.6826092004776 28.123880426089 22.1790447831154 21.1787720521291 24.4321301579475 34.485287964344 44.1843171914419 50.2112507820129 49.9610155820847 44.4611509641012 37.9972656567891 19.0844436486562 8.23598230878512 4.71954140812159 0.846154832591613 0 0 0 0 0 0 0 0 0 0 0 0 0 0 0 0 0 0 0 0
58.718686302503 54.8807283242544 34.6061065793037 8.8054904093345 0 2.70393956452608 4.06180446346601 4.11212258040905 3.32984638710817 3.3790860325098 2.15791507313649 1.96172157302499 5.82807138562202 10.8568420012792 10.6115477780501 10.1553034037352 14.2570262153943 22.0034966866175 27.4190778533618 20.7584872841835 19.1078782081604 16.9013614455859 23.01324903965 30.4999897877375 34.5800444483757 35.0232869386673 32.3595479130745 28.9664591352145 13.1480842828751 4.15131729096174 1.72634329646826 0.929870642721653 0 0 0 0 0 0 0 0 0 0 0 0 0 0 0 0 0 0 0 0
47.0425387223562 50.8912603060404 44.0361648797989 17.2839798033237 0 7.2969626635313 14.7804046670596 22.4353596568108 23.3374933401744 18.4936597943306 14.2137855291367 15.2191656331221 13.7924229105314 16.8674290180206 16.82331909736 12.171217550834 13.502595325311 20.1221505800883 26.6964187224706 29.0847842892011 29.072550435861 25.5281552672386 22.7886512875557 22.3738675316175 24.9027113119761 26.4934897422791 23.2135529319445 23.74367415905 14.283400028944 10.4808819790681 8.00084695219994 10.0639052689075 5.87862667938073 0 0 0 0 0 0 0 0 0 0 0 0 0 0 0 0 0 0 0
45.7864056030909 50.3238290548325 47.991544008255 25.4080444574356 5.00062201172113 17.9711083571116 30.6894928216934 40.6966805458069 48.0203777551651 43.8035031159719 26.8333032727242 28.8072898983955 25.4689330856005 26.4029651880264 26.6844804088275 17.9135737319787 15.4899333914121 21.4598799745242 29.2460769414902 38.1240968902906 39.1796876986822 36.5771452585856 29.1151702404022 23.9739740888278 24.5453094442685 26.25456204017 22.2514718770981 29.3262551228205 28.0833393335342 26.9146660963694 30.3236643473307 44.7202026844025 51.981583237648 33.1466669837634 0 0 0 0 0 0 0 0 0 0 0 0 0 0 0 0 0 0
46.9488898913066 46.1241702238719 46.1084494988124 30.7430972655614 25.8759955565135 36.0578844944636 49.8646001021067 58.0846170584361 57.9747557640076 48.696239789327 37.0349610845248 31.2046706676483 27.7560874819756 29.0822312235832 30.4315139849981 25.9083857138952 21.0200796524684 25.2783546845118 36.2825393676758 41.1813383301099 39.3089776237806 31.5768048167229 29.2658855517705 29.7764291365941 29.9138377110163 29.8740242918332 27.7105867862701 36.9764442245165 52.7069220940272 56.8920522928238 59.7791969776154 65.1876231034597 74.969674150149 79.7865241765976 39.071187376976 0 0 0 0 0 0 0 0 0 0 0 0 0 0 0 0 0
49.7311999400457 40.5112380782763 40.881355603536 32.978410522143 44.3703830242157 49.8159478108088 54.3607672055562 53.1331598758698 46.9801922639211 38.1931314865748 31.1303039391836 26.2479657928149 27.5767395893733 30.9997051954269 32.1084931492805 32.8625192244848 27.7844642599424 24.4988376895587 32.0487519105275 35.1273939013481 32.9204847415288 27.1072958906492 26.825524866581 31.8686366081238 33.940168718497 30.7859455545743 31.5074423948924 36.8643080194791 58.4311832984289 70.496529340744 75.8236944675446 78.7011136611303 86.0518316427867 89.1982316970825 78.5892903804779 16.3642602662245 0 0 0 0 0 0 0 0 0 0 0 0 0 0 0 0
50.966277718544 36.3186846176783 36.2336585919062 37.0530138413111 46.3940401871999 49.4860708713531 42.0085390408834 30.2101348837217 7.87373011310895 5.34872338175774 5.50557238360246 13.4418209393819 25.20402520895 31.4468815922737 32.0884734392166 36.6047869126002 33.7217773000399 22.8680993119876 24.2190112670263 27.4092058340708 26.5178978443146 26.7430543899536 26.7461116115252 31.5829863150914 36.7199778556824 33.3934277296066 35.6140658259392 37.1980542937915 52.4076918760935 72.6724863052368 83.8107864061991 87.9527032375336 89.2055133978526 92.1205778916677 97.7803667386373 79.3291032314301 11.8246513108412 0 0 0 0 0 0 0 0 0 0 0 0 0 0 0
50.3618170817693 50.6133735179901 67.3225472370784 93.7797427177429 75.1303335030874 55.5088967084885 34.1464281082153 8.46235081553459 5.74941498537858 10.5716101825237 4.56377522399028 4.00073019166787 23.5624983906746 31.7612439393997 34.4160124659538 39.9538278579712 37.8886709610621 26.747057835261 26.0457421342532 28.4743905067444 25.9319966038068 29.3452913562457 30.9544950723648 33.1819107135137 38.1723766525586 41.6196932395299 40.1416619618734 42.2772914171219 53.7962218125661 75.7638464371363 90.3626879056295 91.8607215086619 89.139997959137 96.7438817024231 106.138328711192 108.789304892222 83.2323630650838 31.7186067501704 0.0153480250446592 0 0 0 0 0 0 0 0 0 0 0 0 0
60.488889614741 89.2015596230825 133.266399304072 153.500894705454 134.337474902471 89.5077089468638 49.1828173398972 26.2476454178492 21.7941006024679 26.3362675905228 19.5766252775987 17.0349217951298 23.9757845799128 31.189019481341 38.9012147982915 43.3645049730937 39.1150067249934 33.76188625892 28.4681593378385 29.2255853613218 29.2095467448235 32.2263861695925 33.7037791808446 33.8739032546679 38.5176291068395 48.5114554564158 48.6017912626266 53.5650203625361 62.0886236429214 77.138215303421 90.1333292325338 95.2699681123098 95.3242778778076 101.53994957606 107.794612646103 108.702927827835 102.014760176341 82.8926563262939 28.927226861318 0 0 0 0 0 0 0 0 0 0 0 0 0
113.456428050995 147.534747918447 173.295795917511 175.952235857646 172.931611537933 148.279319206874 110.160032908122 79.497550924619 60.3598654270172 50.507664680481 45.33651471138 37.4132071932157 27.4519051114718 28.6923671762149 36.9628916184107 42.5014148155848 37.8608852624893 38.7314235170682 28.989851474762 27.4630039930344 31.0641080141068 32.5490236282349 32.9728722572327 33.1368098656336 37.2561464707057 49.4437863429387 54.0413359800975 60.5890651543935 68.679024775823 75.3750403722127 85.4261120160421 94.7185158729553 96.5830087661743 92.3520922660828 93.2205220063527 89.2441868782043 90.5756254990896 78.9199769496918 40.3275887171427 0.147422290562342 0 0 0 0 0 0 0 0 0 0 0 0
165.057788292567 183.275123437246 187.8968278567 186.96802854538 189.987063407898 185.332437356313 164.451648791631 127.2920469443 92.8873717784882 71.7498958110809 70.3555842240651 64.1063451766968 43.4862077236176 33.9570194482803 34.4619601964951 38.8151332736015 33.1692273418109 33.8484893242518 27.6944488286972 28.8018758098284 28.4008731444677 29.8367887735367 28.6238193511963 28.6534080902735 34.5703512430191 43.5104916493098 54.0150552988052 57.5446933507919 65.7401035229365 75.0573774178823 84.3404134114583 87.2788230578105 79.4337838888168 70.2438354492188 71.8666066726049 60.3707879781723 62.0704938968023 48.8199094931285 12.2814004619916 0 0.544134217003981 0 0 0 0 0 0 0 0 0 0 0
179.167330265045 188.103298346202 187.57164478302 190.08998076121 190.301895141602 189.075430234273 179.576019446055 150.899598995845 107.71045088768 84.4203432401021 82.8013271093369 80.5679460366567 64.0227148930232 44.2987432082494 36.2263967593511 36.3481094439824 30.7803675532341 28.1627774238586 27.654858926932 30.3790618975957 27.4582058191299 26.9925271471341 27.8571099042892 28.9196446537971 32.2731832663218 38.3575807015101 46.6132263342539 47.9998091856639 56.0469776391983 71.0038443406423 78.3826659123103 77.2404819726944 72.2514688968658 66.2742604811986 59.2477868000666 49.6248304843903 53.202544649442 50.752451022466 33.3901097377141 4.56061710913976 1.55144324526191 0 0 0 0 0 0 0 0 0 0 0
170.823852221171 175.334274768829 172.244946161906 174.406250317891 174.699405829112 169.628938039144 164.348383744558 148.16282192866 114.082117875417 94.6132838726044 87.6661439736684 81.2529077132543 73.5463003317515 49.8872896035512 38.7625421086947 39.6131599942843 33.7998867034912 26.8200983603795 30.072753628095 31.2229643265406 30.3671211004257 27.9008994499842 30.5270577470462 33.6181471745173 32.521997888883 36.9413445393244 40.300540626049 41.3803706566493 47.5981781880061 63.7667079766591 71.8494554360708 71.0404614607493 73.9233394463857 74.7130314509074 59.4301422437032 54.5143882433573 58.4464470545451 64.3231521050135 58.8515549898148 23.8098576664925 0 0 0 0 0 0 0 0 0 0 0 0
145.973126093547 149.750471115112 152.238637208939 148.57941865921 148.190478483836 147.887130578359 152.587890625 149.860988060633 124.613463878632 102.511694033941 90.641717116038 73.0468283096949 65.6698693831762 46.3440467913946 35.4970047871272 39.692426721255 41.0612349708875 31.0940916339556 33.1665699680646 36.337785422802 36.2725853919983 33.1231107314428 33.2805787523588 36.044105887413 33.965989947319 34.2144295573235 39.3962214390437 44.3241695562998 48.4081506729126 59.1278523206711 69.578543305397 72.8049029906591 74.6289889017741 78.4683873256048 62.9301071166992 62.6244147618612 62.0615581671397 70.4773813486099 69.9555377165477 35.3866964578629 0 0 0 0 0 0 0 0 0 0 0 0
123.581558465958 132.516364256541 144.022176663081 140.298157930374 139.364769061406 145.960668722788 155.796895424525 159.33750073115 145.019312699636 116.126279036204 91.749648253123 66.4821763833364 50.1629412174225 39.0747984250387 31.857098142306 35.101406276226 44.4784959157308 37.6677835981051 35.9151288866997 38.7204612294833 39.1953239838282 36.356342335542 34.4714721043905 35.4434003432592 36.7092539866765 36.2480158607165 38.37784131368 46.0178504387538 48.6380755901337 53.5735388596853 64.2482737700144 73.7198889255524 75.2368917067846 70.582260688146 60.3427191575368 68.94517938296 71.3965098063151 75.9452432394028 76.9401142994563 53.5432249307632 0 0 0 0 0 0 0 0 0 0 0 0
88.4471933046977 99.0605453650157 107.682883739471 111.825366814931 120.017309983571 135.679960250854 149.337033430735 158.367743094762 154.203673203786 126.672486464183 94.0911769866943 62.9698882500331 45.681357383728 42.7928616603216 36.0609168807665 30.7966694235802 40.5352165301641 41.1411970853806 36.2218742569288 36.2469504276911 36.7144793272018 34.7957015037537 32.7251404523849 33.8648036122322 37.0213041702906 39.9017656842868 39.4696046908697 43.5417493184408 47.9524234930674 49.1867909828822 56.8535625934601 70.3355769316355 73.9863614241282 61.9083344936371 62.9366884628932 77.5909423828125 79.3535610040029 78.6885321140289 81.3144445419312 76.9403874874115 27.1759033203125 0 0 0 0 0 0 0 0 0 0 0
55.5706222852071 61.8576556444168 61.3514085610708 71.1317757765452 85.977037747701 102.455198764801 117.277522881826 128.903796275457 131.615142027537 109.054297208786 75.5500892798106 52.370344599088 41.0479033986727 39.5535081624985 36.8539740641912 32.7499384681384 37.0745410521825 37.656823794047 31.6609690586726 32.0782934625944 34.8519956072172 38.0386784672737 37.8969858090083 34.2411547899246 33.7449833750725 36.5368525187174 40.8212269345919 43.6143130064011 47.1902340650558 47.1515556176504 50.3428876399994 60.5752617120743 67.4042999744415 63.9148652553558 79.1686922311783 86.1737827459971 82.4571549892426 77.4455865224202 83.8168164094289 94.9284831682841 87.656557559967 33.4028402964274 0 0 0 0 0 0 0 0 0 0
45.3142871459325 47.0679501692454 47.0932175715764 49.1107205549876 57.5350175301234 63.3089145024618 66.9616162776947 72.1425861120224 73.0755974849065 58.5870047410329 44.0958688656489 40.1581997672717 39.2994557817777 36.834624906381 35.9450057148933 36.5718851486842 35.8616560697556 35.0982819994291 31.8360577027003 32.1629469593366 36.117248237133 40.8769200245539 42.4644201993942 39.0884603063265 36.2199346224467 34.9903578559558 43.100247780482 45.1750258604685 48.1288333733877 47.9871034622192 47.3899245262146 54.1476160287857 61.7256611585617 70.0525343418121 86.4327947298686 86.1418147881826 77.498604853948 67.9230391979218 70.0770765542984 86.6253276666005 95.2058831850688 87.664932012558 43.2907044887543 0.907602875183026 0 0 0 0 0 0 0 0
52.9748052358627 50.6522754828135 50.8787979682287 50.6834983825684 47.4314788977305 45.6941425800323 44.5328007141749 45.747384428978 50.3984789053599 43.2976981004079 36.2644195556641 37.6790290077527 40.6239231427511 41.1900207400322 40.1112760106722 38.4984935323397 34.1814830899239 40.5878697832425 41.912908355395 39.1826232274373 41.3707246383031 41.0905803243319 40.0879060228666 42.5173491239548 44.0507431825002 39.5131831367811 44.6352809667587 47.0067958037058 48.2227901617686 49.0988393624624 50.4955599705378 52.9068509737651 59.8154862721761 74.7662087281545 80.8890908956528 75.893630584081 66.633532444636 57.2299659252167 54.1948030392329 62.8957500060399 87.6665413379669 90.1295244693756 69.2360947529475 24.1853619615237 0 0 0 0 0 0 0 0
56.9775601228078 54.3746054172516 57.1145663658778 55.9095193942388 49.4804133971532 46.5249319871267 44.6492731571198 42.3577328523 42.6689436038335 39.5026281476021 38.1875286499659 38.2229487101237 41.6671335697174 44.8522021373113 44.6261862913767 41.8056945006053 39.1071786483129 44.5273071527481 47.4101503690084 42.3222084840139 40.2612537145615 38.5945762197177 35.4886651039124 37.9869068662326 42.6056037346522 39.61481153965 36.496269206206 41.2619511286418 45.5927699804306 47.7330982685089 48.1771926085154 48.1221576531728 58.049221833547 74.2177069187164 80.0033261378606 66.4767473936081 58.1341683864594 54.4021427631378 52.3739904165268 58.425451318423 66.3317938645681 68.901389837265 57.779202858607 30.7652726769447 0 0 0 0 0 0 0 0
42.4037476380666 44.913520415624 53.0794312556585 50.6671369075775 53.0431518952052 55.3760528564453 54.6916375557582 50.9613951047262 41.4769798517227 40.2335648735364 43.2983338832855 40.2748435735703 41.0236765940984 44.3425228198369 44.6873009204865 42.3416594664256 44.1932578881582 46.0034261147181 46.2182263533274 42.8510010242462 38.6822024981181 35.4288890957832 33.9519927899043 34.6851473053296 37.696269651254 40.8780698974927 36.2968320647875 38.1301765640577 42.5188740094503 43.9269592364629 43.257862329483 41.2799442807833 50.0284334023794 63.8486395279566 67.8173998991648 59.6885830163956 56.4185380935669 58.082381884257 58.697909116745 59.0331753094991 55.0940086444219 55.1035702228546 50.9188572565714 30.1543846726418 0.412638764828444 0 0 0 0 0 0 0
40.956641236941 46.4229087034861 49.2567320664724 49.9254564444224 51.6891628503799 54.1049341360728 54.4754962126414 50.9441445271174 46.8734006086985 43.5428321361542 45.1728602250417 42.9379840691884 40.4403259356817 39.4647990663846 38.8409619530042 39.2155051231384 36.714568734169 42.4831708272298 43.7368601560593 41.9625143210093 38.8739903767904 37.4131351709366 37.0794460177422 38.8999904195468 37.2467761238416 45.3702906767527 47.4978387355804 44.4888025522232 43.559193611145 42.7422225475311 38.8519292076429 36.8458181619644 41.8236503998438 46.3418463865916 51.3351559638977 54.5776834090551 58.3404650290807 62.9075467586517 63.8502389192581 56.3878268003464 55.7481994231542 52.2388120492299 49.8866637547811 34.4819699724515 7.23032280802727 0 0 0 0 0 0 0
46.7594563961029 51.1675328016281 48.4965046246847 51.667183637619 50.353596607844 50.5266537268957 52.1228065093358 50.92520515124 52.2655795017878 48.2682138681412 47.5471218427022 47.0844507217407 43.1343962748845 38.9751940965652 38.5412524143855 41.52512550354 37.2998987634977 40.4121726751328 43.706347544988 42.5813545783361 40.0983616709709 40.0041664640109 40.1209990183512 42.1259353558222 44.2880193392436 44.9716597795486 49.9955316384633 47.4857439597448 44.5440858602524 44.1991587479909 40.4171024759611 37.1297250191371 39.6420285105705 38.4263644615809 39.6623065074285 43.0780202150345 49.3288139502207 57.3014964660009 56.2388648589452 46.5945303440094 48.2606639464696 45.792410771052 45.7199911276499 43.0819094181061 27.4870470166206 2.9804976657033 0 0 0 0 0 0
