input/barkrak2/radiation/dir32224.grid
NCOLS 85 
NROWS 70 
XLLCORNER 665100 
YLLCORNER 4664600 
CELLSIZE 20 
NODATA_value -9999 
[rows 46 to 68 of 70, columns 0 to 50 of 85]
66.1327987909317 67.7724132935206 70.4424281915029 72.4290361007055 72.2450315952301 71.9414949417114 73.7407853205999 75.7075796524684 72.1650222937266 70.7132418950399 69.5391992727915 69.0839191277822 65.3178741534551 62.0995759963989 62.387948234876 66.3950840632121 64.3762846787771 59.8909755547841 64.6705031394958 62.7674162387848 59.9481264750163 60.4648341735204 60.1394524176916 58.0453425645828 65.4639899730682 59.2199712991714 60.8316709597906 62.3444964488347 61.4861796299616 60.5638027191162 58.8030417760213 55.4117759068807 55.7022293408712 55.1340182622274 57.3287506898244 57.966947555542 59.6118817726771 65.3689404328664 67.3763255278269 64.738209048907 64.7267649571101 59.7161700328191 65.092533826828 70.6394116083781 62.5641942024231 33.2596053679784 4.50961974759897 0 0 0 0
60.1042260726293 62.3213102420171 68.2047754526138 69.7929461797078 73.3335514863332 74.9920209248861 72.8291968504588 72.4771171808243 72.3724613587062 75.0922610362371 72.0321734746297 68.3095157146454 66.6459699471792 67.1420246362686 65.269206960996 64.0085687239965 63.8424009084702 57.371864716212 60.6387108564377 62.7687772115072 59.6406161785126 60.0631684064865 62.5369002421697 57.8364829222361 59.8156253496806 59.309720993042 55.4480950037638 58.7987452745438 61.3581786553065 60.1806839307149 60.1052592198054 58.8345030943553 54.9169679482778 58.1667919953664 68.4524526198705 72.1596330404282 67.637840906779 61.7317607005437 64.6546830733617 72.9714532693227 68.8252449035645 61.425323287646 68.5394207636515 74.0503321091334 66.753476858139 49.2915958166122 18.9345106482506 0 0 0 0
53.0539651711782 56.308517853419 61.5591108798981 65.3704206148783 71.7712144056956 75.2655963102977 72.1829980611801 70.2825238307317 74.1442938645681 76.2464205423991 74.1129964590073 70.4904248317083 69.008062283198 69.6773827075958 67.0940627654393 61.9660168886185 61.3340636094411 56.8028489748637 60.2284868558248 64.4597311814626 63.5873178641001 64.396525422732 65.652738014857 62.907154361407 59.7138454516729 62.8832678000132 59.2622061570485 63.3275409539541 67.9885695377986 71.1040993531545 74.1031964619954 73.5903481642405 63.9661500851313 66.8932696183522 74.0939378738403 82.4093023935954 80.8833291133245 69.7873135407766 66.7257706324259 72.1657822529475 65.9911533196767 59.8743806282679 57.2928488254547 57.5380921363831 56.2549432118734 55.0635109345118 45.93891898791 5.96039928495884 0 0 0
51.9186158974965 49.8869766791662 54.1506409645081 62.1895591417948 67.9654280344645 71.1948623259862 73.9635080099106 76.591635743777 77.714537580808 74.2690861225128 76.1185487111409 75.9536921977997 73.0574280023575 70.370227098465 68.5376028219859 63.6085371176402 62.7126495043437 60.3308230638504 63.401793440183 67.550669113795 69.8613872130712 69.9057827393214 68.1139379739761 69.7144915660222 64.2233341932297 67.2080914179484 68.2442039251328 71.7137803634008 77.7627527713776 82.9036235809326 90.7508333524068 90.3538266817729 80.3384780883789 73.7800349791845 74.3825286626816 82.3141187429428 85.0182970364888 80.5427730083466 69.8908468087514 61.9441519180934 57.903915643692 59.3483199675878 57.884136835734 53.9807726939519 50.4949539899826 53.8398027420044 47.510176897049 13.0223482847214 0 0 0
52.2585809230804 55.7609846194585 59.4664663076401 65.7584965229034 66.2676791350047 66.5623396635056 74.6964464584986 79.8357178767522 79.6703398227692 79.192707935969 78.8731575012207 78.5813977320989 74.8695035775502 70.5826679865519 71.1129208405813 73.747048775355 66.5080000956853 66.1563525597254 67.5782114267349 72.3235507806142 73.3304272095362 71.1601674556732 69.6530739466349 69.8258231083552 65.8589899539948 71.8669593334198 75.0327656666438 77.7157147725423 83.6986005306244 89.5851254463196 95.2846010526021 100.750098625819 91.1947091420491 77.2497157255809 68.3826506137848 64.4402007261912 72.0486789941788 85.6541593869527 75.014924009641 59.0533018112183 52.8731793165207 60.3384226560593 63.6213372151057 60.6389741102854 55.3996364275614 52.9037912686666 32.1090345581373 17.5787607828776 0.0032170628401218 0 0
53.1196693579356 64.1586283842723 66.2927726904551 67.7978048721949 65.8821811278661 65.2327835559845 72.8959093491236 78.5197516282399 78.3356974522273 83.3003769318263 80.8543662230174 79.9765686194102 77.541247010231 72.9520420233409 72.8117724259694 78.1678855419159 72.2991476456324 69.9452261130015 67.0252243677775 68.9760446548462 68.5410499572754 68.3074941237767 67.9419736067454 65.0023967027664 64.2106831073761 66.7636791865031 71.3561276594798 73.8947490851084 77.7024279038111 83.8741064071655 90.9095803896586 97.8843172391256 93.5119489828746 71.4018841584523 27.6199405392011 27.0438641309738 38.8123666246732 63.7347300847371 77.6205211877823 79.6531985203425 73.032687107722 68.0386473735173 56.2829871972402 54.7343343496323 61.1253281434377 51.4439940452576 30.32469501098 23.472269376119 2.5258354532222 0 0
56.8310121695201 55.1161666711171 54.1014969348907 56.3718577226003 62.862033645312 68.3495998382568 69.2178159952164 75.105478366216 74.8576819896698 79.8957049846649 80.1640599966049 81.9493681192398 81.5946906805038 76.8073002497355 74.9682039022446 73.5283841689428 74.739083647728 68.7250196933746 63.7686898310979 61.8742207686106 60.8600874741872 62.9912515481313 64.4685576359431 58.7454835573832 60.7034116983414 59.4379901885986 62.1476719776789 64.5909408728282 66.224326690038 69.9094384908676 72.0702111721039 81.4235210418701 79.5791298151016 56.5494696299235 22.8932127356529 14.3265463411808 15.2606417735418 24.9674792091052 53.1789610783259 74.9104718367259 79.223503669103 67.5148169199626 53.5009404023488 44.4400956233343 49.1128067175547 38.6551295717557 29.6286915739377 42.5583819548289 25.5603939294815 2.85463873296976 0
59.2441807190577 49.740677078565 47.6944545904795 52.6973307132721 63.7207925319672 72.4646647771199 71.8641529480616 73.1863478819529 75.7927099863688 76.111689209938 78.546812136968 81.1797132094701 82.8616072734197 80.9350808461507 77.0627756913503 74.4972378015518 76.4303058385849 69.8190530141195 64.8587942123413 65.4665976762772 65.4550492763519 62.7806335687637 61.4401350418727 57.6947728792826 58.0306549866994 56.0082296530406 57.1524302164714 57.9347858826319 60.868630806605 58.3211878935496 49.7389435768127 53.1816631555557 55.6699136892954 31.0182720422745 24.6966257691383 15.3181192775567 5.88749162852764 4.59595614423354 13.509879509608 38.8265376289686 60.3604118029277 60.790479183197 45.6767330567042 40.9623632828395 30.4684191942215 30.710647503535 28.2310098409653 49.8331785202026 58.4452350934347 38.1444444259008 9.72333922982216
59.4496180613836 54.0555318196615 52.1709471940994 57.3092897733053 66.3144489129384 73.9408582448959 76.9882698853811 73.0048964420954 77.72363225619 76.0890791813533 80.0257821877797 81.5074443817139 83.0896149079005 84.7489237785339 79.3304840723674 79.0312985579173 79.2809575796127 74.2170810699463 70.6309725840886 71.0534503062566 70.2798217535019 66.5616194407145 63.8534724712372 63.345472017924 60.7845435539881 60.4422887166341 58.0386022726695 54.8221866289775 52.1058191855749 51.0616948207219 41.4284939567248 43.4926052888234 50.0655273596446 51.9689669211706 50.0755608081818 39.0408560633659 17.3064346114794 6.17417941490809 4.79660617808501 10.6402809421221 27.523381014665 32.2313333551089 27.8218413392703 21.2183147668839 20.9066197276115 26.9045953949292 33.51196149985 42.5944676001867 54.1451325019201 59.1545701026917 40.5057991544406
62.6280605792999 61.249648531278 57.8005611896515 56.6281725962957 62.5620832045873 73.1290330489476 75.0125100215276 73.0662743250529 74.6664057175318 80.064058303833 86.1954887708028 86.844931046168 85.2430462837219 85.8873426914215 83.5870901743571 83.2974016666412 83.1040690342585 79.9879233042399 76.2176762024562 72.4299053351084 69.6349640687307 68.1470880905787 69.0556267897288 71.4794248342514 66.6132271289825 63.6791487534841 59.2793971300125 49.8776833216349 42.7461912234624 42.3284471035004 44.0258085727692 48.4522630771001 54.5032521088918 66.328485806783 70.8846946557363 69.3005820115407 57.8384399414062 37.9460205634435 28.0458852648735 9.97513222197692 15.9103845556577 26.9511838754018 32.995397845904 23.6969043811162 24.6522525946299 38.8518373171488 59.3381822109222 53.4070034821828 48.3639140923818 54.7624826431274 46.2740361690521
65.1734371980031 64.6514693895976 63.6365363995234 60.1856658856074 61.3802870114644 70.4478323459625 72.7603832880656 72.9105075200399 73.0017721652985 82.3139200607936 89.9104277292887 89.0545149644216 84.3254526456197 87.1106584866842 88.1569584210714 82.2412967681885 84.866464138031 81.7965765794118 77.2894074519475 74.4660447041194 74.2116769154866 73.8832006851832 71.9787130753199 68.8250213861465 65.6884809335073 61.5398387114207 43.2536453008652 22.6344962914785 18.8242793083191 26.6630128026009 40.4758602380753 45.3522106011709 52.6453008254369 59.7866574923197 70.9769030412038 82.5776110092799 76.2965679168701 68.5299138228099 59.3572705984116 35.2479343612989 17.7945159375668 27.1405950188637 49.5447814464569 49.604723850886 48.9225685596466 62.7008378505707 88.2912774880727 76.9673337539037 54.7763307889303 41.592446466287 32.5379346807798
64.0679697195689 62.2172852357229 66.0128047068914 67.0665403207143 64.6059612433116 67.1899865070979 72.7802366018295 73.5549628734589 74.1499960422516 81.8392982085546 89.0254378318787 87.1271590391795 82.3900798956553 86.029311021169 89.344580968221 79.9796680609385 81.7231635252635 80.4285059372584 78.8952509562175 79.2212386926015 79.8856814702352 78.7512212991714 74.5352208614349 67.9510682821274 66.4843916893005 64.1932090123494 46.1679796377818 27.5179917613665 26.9216075539589 34.2909768223763 46.8504726886749 50.6138602892558 62.3351633548737 71.0643529891968 82.9697698354721 79.3077846368154 71.7254330714544 32.0901895562808 32.5087358554204 33.1169987718264 39.4509956240654 51.4265894889832 58.9885860681534 31.2794943650564 25.0198890765508 29.7721400856972 67.4452135960261 62.5730951627096 49.3992169698079 39.9199575185776 33.7386056780815
52.8012017409007 60.4521582523982 63.9963150024414 66.9045945008596 66.9979353745778 63.6212180058161 72.8707412878672 76.7355759938558 77.5432189305623 82.6121469338735 85.3123863538106 84.333876768748 83.7093989054362 81.8880299727122 83.2691043615341 79.9543559551239 76.8667856852214 80.4659525553385 82.035889228185 83.9670399824778 85.1411620775859 81.0073465108871 77.794815103213 71.4472035566966 70.8203812440236 70.6773052612941 65.8022811015447 57.5330952803294 59.4077010949453 60.8793447415034 57.9376717408498 57.4216345945994 74.9893685181936 84.1668248176575 78.4357239802678 57.0898254712423 37.6441131035487 17.9879106581211 8.50823645790418 17.968541632096 17.3635222017765 54.3686002492905 60.8244289954503 50.0174065430959 37.6967837413152 39.473387102286 53.6893953879674 58.2753121852875 55.658221244812 48.912634452184 42.4552659193675
43.3325072129567 57.9722871383031 61.9019816319148 65.029854575793 68.0574824412664 64.1799966494242 68.1102921565374 76.1354466279348 87.163786093394 88.4868502616882 83.8951865832011 80.9812645117442 83.223635951678 82.7482690413793 82.7656835317612 79.9995958805084 76.4619608720144 78.9236476023992 77.9138406117757 75.6496886412303 76.39013727506 76.7060269912084 74.9874810377757 73.8606204589208 73.9166736602783 77.9898663361867 88.5232885678609 88.5247389475505 74.4602133830388 68.2448049386342 61.902309457461 54.9051910638809 69.5628970861435 61.9415938854218 28.1744251648585 20.4774004717668 19.4366301099459 12.7612265447776 2.75978011389573 0.678350683301687 0 18.738088508447 56.3276509443919 76.5720357497533 82.8572362661362 77.0610421895981 75.3350555896759 76.1101096868515 75.5308469136556 64.3474111954371 53.4133166074753
45.1231598854065 55.2701056003571 62.4659458796183 65.0251259406408 66.5808369716008 66.866546869278 61.0818763573964 70.8865026632945 91.7259454727173 90.1963909467061 82.0407072703044 78.4237682819366 81.1417202154795 84.6203366915385 83.7523837884267 80.6176513433456 79.356128970782 76.7294963200887 70.1753298441569 63.455934325854 63.9816224575043 67.3429270585378 67.9197013378143 72.1215009689331 73.0570008357366 78.0967622995377 95.3495303789775 100.114454825719 85.4573448499044 72.868491212527 57.5269957383474 47.4806477626165 50.8003334204356 48.8430162270864 26.1717662215233 15.8236684898535 16.9564448297024 23.7351184089979 15.9314821163813 4.50495692590872 0.0609194879264881 6.02145741383235 28.5256057977676 59.4458828369776 63.3328706026077 59.8019659519196 68.1199878454208 70.1716045538584 66.0057167212168 59.4359089930852 60.8555873235067
56.8696608146032 60.0666850805283 62.4640186627706 59.0664396683375 53.0720849831899 50.4691650470098 58.246855934461 63.6767248312632 73.8391180833181 69.8391497135162 67.1275208393733 71.6120153665543 79.7681162754695 81.9290727376938 77.7807533740997 79.5170168081919 79.778328537941 73.9675263563792 65.8794393142064 60.1879258950551 59.8249187072118 61.2504879633586 64.5995438098907 67.558541893959 68.4556315342585 72.8928099075953 85.6288373470306 93.9822793006897 80.9978246688843 65.0651504596074 56.1196158329646 43.2394047578176 39.0300403038661 52.3216823736827 48.2202668984731 25.0342984994253 25.097760061423 57.1529567241669 58.3985398213069 38.4452144304911 11.4361743132273 7.79780000448227 17.8512657682101 26.1605630318324 24.7392679254214 26.7365922530492 33.3982110023499 41.3179124395053 46.9163258870443 52.0236740509669 75.8257607618968
68.5947090387344 65.2955075105031 61.4028324683507 54.3088316917419 44.2125598589579 38.0075847109159 47.6695994536082 47.9896912972132 38.4436994791031 37.4499087532361 48.3818550904592 61.4202519257863 67.7000681559245 71.9869683186213 75.1670350631078 85.7778489589691 88.5152419408162 79.4008821249008 70.7289526859919 67.1088546514511 63.7390712896983 64.0760064125061 64.9016996224721 65.3729637463887 64.7180676460266 67.198505004247 74.9180962642034 79.282283782959 72.5727876027425 52.0880122979482 55.5996398131053 45.3444967667262 40.9517337878545 61.2169951200485 67.3074473937352 55.0057739019394 45.2453295389811 36.1119111378988 42.55178074042 44.212152560552 31.9436465700467 17.4999162554741 17.4839223424594 17.9951017101606 11.8311941623688 12.7418413758278 21.8432322144508 24.2421875397364 25.5129014452298 52.9050181309382 103.15677523613
71.441243092219 64.7430022557576 59.7991794347763 55.8254619439443 48.5449979702632 42.4604167540868 37.8903821110725 33.6099316676458 16.6260773936907 24.7492045164108 41.9608453909556 55.6660592556 55.7796657085419 63.8424456119537 77.6794453461965 94.1323141256968 99.6299783388774 92.0937756697337 83.5964183012644 79.3671210606893 73.9566634098689 71.6652572154999 69.7826395432154 66.6424632072449 64.5523717006048 66.5641129016876 65.1866247256597 64.9060060580571 62.3291184504827 44.5377677679062 43.4619983037313 43.2397822539012 39.3598924080531 64.1569197177887 84.049383799235 87.2712333997091 61.3896946112315 22.631714741389 18.7357738614082 24.9953667322795 32.8916311264038 22.8393822908401 28.7409673134486 23.6543565988541 16.9508482019107 11.2638100981712 18.45649878184 31.660092373689 39.5785247286161 68.2052622238795 136.164923508962
74.0656207005183 68.5946693023046 67.183385292689 68.3332284291585 64.923236767451 58.4883143504461 53.2375127077103 53.6767641703288 52.3745914300283 58.0600003401438 66.4622435967128 72.5800494352977 72.8479375441869 67.7081495523453 78.4429311752319 95.1937635739644 105.444371700287 105.454136927923 97.6913074652354 87.784081697464 81.3739945491155 76.4751583337784 75.0019798676173 73.46544166406 65.5374526977539 59.5325728257497 56.1350683371226 56.6742271184921 54.5489440361659 52.0342290401459 33.6750547091166 33.675047258536 22.1316168705622 51.4608720938365 91.6460454463959 101.466218630473 68.3454970518748 31.4341112971306 12.561023235321 12.6990613838037 16.2587041656176 12.9330791532993 25.8561645944913 40.9214819471041 42.2193010648092 29.2764604091644 29.163454969724 45.8124577999115 73.9839772383372 121.805836757024 155.143211285273
74.8991072177887 72.102278470993 72.2658137480418 73.6189037561417 73.1265296538671 69.327766696612 68.9685195684433 77.0859221617381 94.115416208903 90.01757701238 80.7523081700007 81.9478332996368 88.1490409374237 75.2671857674917 76.7377217610677 85.3233933448792 94.822903474172 101.371675729752 101.934005816778 94.9510931968689 89.0007416407267 82.5220247109731 77.1398643652598 76.8211980660756 68.3071364959081 53.8777758677801 48.2076754172643 46.7723856369654 47.1941033999125 38.0695064862569 19.8094174265862 17.5888674954573 12.369609127442 12.1819985409578 88.418573141098 102.836708227793 82.9326709111532 70.8665351072947 38.0926777919134 7.80133095880349 1.9159239406387 0 15.2100250124931 45.6383874018987 52.8694490591685 42.8382853666941 41.4983630180359 66.8748517831167 127.54433353742 173.939108848572 166.332721710205
74.0044663349787 70.4968671003978 64.637949069341 59.6875796715418 59.9017391602198 62.3004784186681 62.3070448637009 74.9883651733398 85.857222477595 81.2480549017588 71.2104539076487 70.8936552206675 81.6954672336578 77.1450102329254 73.6692895491918 72.7469523747762 72.9511876900991 79.9345821142197 90.5951062838237 95.1856672763824 90.8381342887878 84.5240950584412 77.6232481002808 71.4515695969264 61.038593451182 56.0093571742376 42.1610573927561 36.1478279034297 42.3517773548762 38.1547808647156 19.7143827875455 13.7627509733041 5.97892577449481 0.00563807770959102 16.829788684845 92.8951998551687 99.5395084222158 111.343830823898 93.0071572462718 41.3278688987096 6.73851308723291 0.185137187751631 6.93742123742898 38.0321492751439 58.9328507582347 80.2089373270671 102.73152589798 155.905773242315 198.007643222809 208.208084106445 192.346115907033
76.3189295927684 74.1591453552246 67.9803589979808 60.8073472976685 59.2400133609772 62.2095117966334 54.035355647405 51.9657631715139 51.8945207198461 49.6533910433451 42.9823150237401 40.1760612924894 45.6974158684413 63.1064822276433 70.5435574054718 65.975695848465 55.0160308678945 49.7545748949051 61.0359311103821 83.3818713823954 84.737628698349 78.8076470295588 72.174866994222 65.9375786781311 61.3320072491964 55.8050076166789 44.8695371548335 28.4470816453298 34.5492362976074 47.5634386142095 32.7213605244954 18.6196900904179 9.27765667438507 0 0 72.88658618927 112.972468137741 127.634068330129 114.378869533539 84.5612982908885 50.1529028018316 17.2970319787661 14.5863530536493 34.8718091845512 70.0072447458903 136.404434839884 178.675432999929 210.425019264221 219.261348247528 218.574543793996 208.859145641327
78.0897388855616 77.9723078012466 75.2583891153336 71.5153068304062 69.5706208546956 68.7715113162994 52.6110082864761 37.4672090013822 38.027619322141 40.3582205375036 37.4450013041496 34.5471575856209 35.9050706028938 59.1597706079483 73.5953648885091 64.1294966141383 41.8354173501333 30.0271362066269 34.0755780537923 52.9505908489227 62.2880309820175 65.4128690560659 66.2958572308223 60.5844606955846 51.2063751618067 47.1686174472173 36.2810144821803 12.5527083873749 26.6263832648595 51.0538270076116 60.2420965830485 53.2985726992289 32.6593766609828 1.01719905311863 0 50.193856159846 107.122043768565 114.913632472356 94.9746668338776 92.0049647490184 98.3280936876933 83.770344654719 60.7428054014842 76.8772264321645 132.336914539337 178.629994392395 202.07550128301 213.35365374883 215.064227581024 212.742288907369 207.82607793808
