input/barkrak2/radiation/dir35124.grid
NCOLS 85 
NROWS 70 
XLLCORNER 665100 
YLLCORNER 4664600 
CELLSIZE 20 
NODATA_value -9999 
[rows 24 to 47 of 70, columns 0 to 51 of 85]
57.1383237838745 53.3185501893361 33.2388828198115 7.81402364373207 0 2.51840753480792 3.84100216130416 4.59310909112294 3.82859166711569 3.17521082858245 2.76478473097086 1.8573651711146 4.23710544904073 10.1895878712336 9.55139783521493 9.1013927012682 13.2041561106841 21.3061595956484 26.3190244634946 19.7008674343427 18.2039973636468 15.6397148966789 21.5941940744718 28.9319852987925 33.4554836153984 33.8886727889379 31.0242821772893 27.7448942263921 12.3421363532543 3.77126876264811 1.5103731614848 0.779621535912156 0 0 0 0 0 0 0 0 0 0 0 0 0 0 0 0 0 0 0 0
45.5888857444127 49.3928690751394 42.5563255945841 16.1597778399785 0 6.69294533630212 13.6518739163876 21.0815817117691 23.1854915618896 18.4426866471767 13.1324008107185 15.0081627070904 13.4139197568099 15.606053173542 15.5593914290269 11.046818147103 12.3947337269783 18.7656606237094 25.5877400437991 27.5355602304141 27.5099898378054 24.6828446785609 21.9370772441228 21.4632004499435 23.7751578291257 25.5188569426537 21.9064801931381 21.8247920274734 13.3545622229576 9.81608654061953 7.45443068444729 9.44718594352404 5.39066083729267 0 0 0 0 0 0 0 0 0 0 0 0 0 0 0 0 0 0 0
44.3397661050161 48.8254775603612 46.4817037185033 24.1629630327225 4.06702049076557 16.6858732700348 29.1100318233172 40.4799456397692 47.9014714558919 42.0931528011958 26.7281706134478 27.1874318520228 23.9572425683339 25.3187914689382 26.1446038881938 16.7695122460524 14.3379966417948 20.9203238288562 27.6749953627586 37.3956287900607 38.4473005930583 35.6686438123385 28.2443886001905 22.9068994522095 23.1638699769974 25.0175694624583 20.9962824980418 28.1960914532344 27.0416289567947 25.9048988421758 29.1949808597565 43.3261791865031 50.4968663056692 31.8455845117569 0 0 0 0 0 0 0 0 0 0 0 0 0 0 0 0 0 0
45.4748074213664 44.6706463893255 44.6527500947317 29.4352571169535 24.3444492419561 35.301777223746 49.4987467924754 56.0449163118998 54.5354137818019 48.3307391405106 35.2451205253601 30.8584620555242 27.2396430373192 28.7337775031726 29.962882399559 24.6822163462639 19.6434023479621 24.1043617328008 34.5396151145299 39.647842446963 36.7442518472672 30.0576239824295 27.8396755456924 28.2590910792351 28.4243623415629 28.7658870220184 26.469295223554 35.6106956799825 51.2898017962774 55.4368942975998 58.1705272197723 63.3943676948547 73.488841454188 78.3672332763672 37.8538817167282 0 0 0 0 0 0 0 0 0 0 0 0 0 0 0 0 0
48.2342441876729 39.1573359568914 39.506621658802 31.6105087598165 42.9749588171641 47.8854179382324 54.0471374988556 52.9798169930776 44.3378488222758 37.7772773305575 30.7980924844742 25.898647805055 25.9515320261319 29.5949305097262 30.9754734237989 31.8104277054469 26.9613415002823 23.2621108492215 31.0724625984828 34.0451151132584 31.8601181109746 25.6718148787816 25.3422632813454 30.861958861351 32.7421948313713 29.5308157801628 30.2811761697133 35.4603603482246 56.9095810254415 69.0616269906362 73.8734553257624 77.3864487806956 84.7120682398478 86.997002363205 76.4274696509043 15.3580382466316 0 0 0 0 0 0 0 0 0 0 0 0 0 0 0 0
49.489105741183 35.044252872467 34.9312374989192 35.5853388706843 44.5126742124557 48.8134970267614 41.6886210441589 24.3717233339945 8.7287159015735 6.01965747773647 5.30415587127209 12.14216897885 23.7048218647639 30.0110727548599 30.9412727753321 34.8371143142382 32.0413187146187 21.4346597592036 22.7488974730174 25.7766271630923 25.0286186734835 25.2552479505539 25.2615238229434 30.5865903695424 35.1253350575765 32.1320369839668 34.100686510404 35.7631718118986 50.9311606486638 71.2563991546631 82.4884970982869 85.6395959854126 86.8974030017853 89.869350194931 94.1875278949738 77.1097838878632 10.7235163450241 0 0 0 0 0 0 0 0 0 0 0 0 0 0 0
48.9389598369598 49.1445958614349 65.5822853247325 91.723620891571 73.8270580768585 53.4774710734685 33.6996838450432 8.15154487888018 5.46808106203874 9.83380277951558 5.11377646277348 3.81996544698874 23.1919040282567 31.2163680791855 33.9633574088415 39.2432337005933 36.1292709906896 25.2222071091334 24.5380997657776 27.4233097831408 24.8288114865621 28.2801613211632 29.9266104896863 31.7681878805161 36.4115238189697 39.9762317538261 38.5628814498583 40.716290473938 52.3628840843836 73.8210529088974 88.0784491697947 90.7149612903595 87.9610975583394 94.2864716053009 104.982326428096 106.110870838165 80.8810939391454 30.1333243648211 0 0 0 0 0 0 0 0 0 0 0 0 0 0
58.9012900988261 87.2799058755239 130.885978539785 151.4899233977 131.517906983693 88.4168644746145 48.4822740157445 25.8472760518392 21.5284451842308 24.8763809601466 19.2389550308386 15.8526400725047 23.7580612301826 29.6204760670662 36.5523348251979 42.2206819057465 38.0298147598902 32.8063145279884 26.9125824173292 27.7681822578112 27.6837671796481 30.6135093172391 32.6825827360153 32.8661650419235 36.8766734997431 47.2340881824493 47.3493784666061 52.2863467534383 60.7410371303558 75.8065481980642 87.8113706906637 92.7842557430267 94.2758123079936 98.8957981268565 105.05548119545 107.634802659353 100.895096858342 81.8981726964315 26.5617296099663 0 0 0 0 0 0 0 0 0 0 0 0 0
111.362854639689 145.409762859344 171.336829662323 173.132697741191 171.148637930552 146.894584099452 109.192818403244 77.1511147419612 59.9808394908905 50.0795294841131 44.8957532644272 35.6974204381307 27.2124335169792 27.1252865592639 36.495049794515 41.3396507501602 36.1248999834061 36.9752595822016 27.4784763654073 25.9473373492559 29.9645811319351 31.5060839056969 32.0086826880773 31.6793272892634 35.4552194476128 47.029122710228 52.8443406025569 59.3852897485097 67.3930495977402 74.1187830766042 84.2518707116445 93.6292608579 94.0437316894531 89.8419320583344 90.6661550203959 86.8737498919169 89.4024471441905 76.6672790050507 38.6928444107374 0.0398828027149042 0 0 0 0 0 0 0 0 0 0 0 0
162.961353858312 180.413504441579 186.13338470459 184.129039446513 187.077323595683 182.242671648661 163.236747185389 126.547366380692 92.3835436503092 69.7777767976125 70.2443818251292 64.0316754579544 41.6340877612432 33.4195146958033 33.9510763684909 36.8775775035222 31.5317288041115 32.7612236142159 26.5344679355621 27.2588456670443 26.8619507551193 28.2646293441455 27.5451938311259 27.6314641038577 33.4341724713643 41.7695095141729 52.1704206864039 55.63918252786 63.7650688489278 73.8355020682017 81.9868743419647 84.8836600780487 78.2514164845149 68.2091315587362 69.7757105032603 58.5838903983434 59.9409441153208 47.4269092082977 11.3726928830147 0 0.394779723137617 0 0 0 0 0 0 0 0 0 0 0
176.325758298238 186.340669790904 185.83869934082 187.164505322774 188.669184843699 186.082502206167 178.079505761464 149.74257349968 106.947729984919 82.0035835107168 80.828179915746 78.6138772964478 61.4432146151861 42.2040373086929 34.4903195897738 34.6519226829211 29.6165471275647 26.6122370958328 26.1295313636462 28.8044338425 25.931383172671 25.9146789709727 26.7197067538897 27.4014795819918 31.1931222677231 37.2527837753296 45.4792280991872 46.7614034811656 54.2206267515818 68.9129730065664 76.1254876852036 75.0757853190104 70.2441434065501 64.3490006526311 58.0047269662221 48.0997711420059 51.6370187203089 49.3226895729701 32.0877656340599 3.71084858973821 0.99029407526056 0 0 0 0 0 0 0 0 0 0 0
168.959935506185 172.378242015839 169.248819351196 171.423276265462 171.818256378174 166.806141535441 161.464005708694 146.54137690862 112.988283236821 93.9392447471619 84.9362909793854 79.3563028176626 72.5230276584625 48.946479956309 37.6559346914291 38.3224561810493 32.1548233429591 25.2965614199638 28.4984757502874 30.0597076614698 28.7865748008092 26.3804321487745 28.956060608228 32.4899802605311 31.4016416668892 35.2960973978043 39.1525303324064 39.7689193487167 46.3361243406932 61.762680610021 69.7106122970581 68.9628521601359 71.8746483325958 72.6491113503774 58.1506987412771 53.203692038854 56.3671191533407 62.9483809073766 57.0718695720037 22.8874857227008 0 0 0 0 0 0 0 0 0 0 0 0
143.984367450078 146.975914637248 149.39554532369 146.72792951266 145.450721184413 145.248939593633 149.837752183278 148.118992646535 123.450299104055 101.885656515757 89.6992484728495 71.2309181690216 63.4352217117945 44.4611012935638 33.8011135657628 37.9444311062495 39.3057266871134 29.4914394617081 32.0004001259804 34.6921135981878 34.5851307113965 31.4909766117732 32.1491956710815 34.3848988413811 32.845934232076 33.1020603577296 37.7519279718399 43.1751410166423 47.2128490606944 57.9617967208227 67.4602190653483 70.6766049067179 72.5500832001368 76.3562917709351 61.1249953508377 60.7968469460805 60.8100593090057 68.5398032267888 68.0107523997625 33.8921671112378 0 0 0 0 0 0 0 0 0 0 0 0
121.019432942073 130.539496739705 141.230404376984 137.523512045542 136.677771806717 143.259048461914 152.973463137945 156.382213036219 142.048041025798 113.405535618464 89.2247358957926 64.2680078744888 48.2158263524373 37.8259569406509 30.2271793286006 33.9195132255554 43.1400785843531 36.4423195521037 34.2267031470935 36.9852185249329 37.4529163042704 34.6671342849731 32.8691055377324 34.3390380342801 35.5190957585971 34.6119478344917 37.2346689303716 44.2817707856496 47.5251326958338 52.4469912052155 62.1987680594126 71.5520481268565 74.0799258152644 69.3424691756566 58.6272577444712 67.7689214547475 69.3259090185165 74.7130463520686 74.9155928691228 51.82979007562 0 0 0 0 0 0 0 0 0 0 0 0
86.5062971909841 97.1636176109314 105.212281147639 109.898706277212 117.481122414271 132.999867200851 146.486361821493 155.400415261587 151.124080022176 125.802387793859 93.1882262229919 61.8492861588796 43.8282241423925 41.0106827815374 34.3623881538709 29.5606479048729 38.8944298028946 39.8464724421501 35.0290015339851 34.5964233080546 35.0171675284704 33.1404581665993 31.1120599508286 32.673068344593 35.3516588608424 38.7583374977112 37.8017624219259 42.4074530601501 46.1596896251043 47.3667979240417 55.7447820901871 68.1953181823095 72.8042672077815 60.5989098548889 61.1396382252375 74.2533057928085 77.0582060019175 75.3429085016251 78.3859392007192 74.9171574910482 26.0179763038953 0 0 0 0 0 0 0 0 0 0 0
53.686668475469 60.033584634463 59.5625042915344 69.0588156382243 84.133247534434 100.657214721044 114.643782377243 127.256611982981 128.739883502324 106.363445520401 73.2590605815252 50.4288226366043 39.2835810780525 37.8084232409795 35.1532225807508 30.7247141997019 35.3639250000318 35.5417976776759 30.4468348622322 30.9128214915593 33.6777716875076 36.3997891545296 36.2088158726692 33.0615217487017 32.5955922404925 34.8846912384033 39.6532267332077 41.9013202190399 46.0646748542786 45.3597456216812 47.757496436437 59.4370762507121 65.457100669543 62.670777241389 76.9345760345459 83.7105413277944 81.4892748991648 76.420396566391 81.4995070298513 93.8662588596344 83.9351117610931 32.5688496232033 0 0 0 0 0 0 0 0 0 0
43.5458918412526 45.2756683031718 45.3335692485174 47.3898649215698 55.6057790915171 61.5663826465607 65.2740150690079 70.5049335956573 70.8857079346975 57.1439067522685 42.6643490791321 38.7450704971949 37.6099894444148 35.4893282055855 34.2647358775139 34.8665763934453 34.2373972137769 33.7674096226692 30.2261213461558 30.9971372286479 34.9599073330561 39.1073500116666 40.68939636151 37.3888065417608 35.0653529167175 33.8462715347608 41.9343461592992 44.0231760342916 46.3029642899831 46.8975802262624 46.3692843914032 53.0181229114532 59.8765710989634 68.875178694725 85.4439040025075 82.1602841218313 75.2396732568741 66.8868770202001 69.0558850765228 85.5629046758016 94.2488312721252 85.0863456726074 42.5578008095423 0.709807345022758 0 0 0 0 0 0 0 0
51.115150252978 48.8515198230743 49.0514189004898 48.9437778790792 45.6256369749705 43.9190715551376 42.8792784611384 44.1948821147283 48.9034255345662 41.5084113677343 34.7959647576014 35.9723816315333 39.2633999387423 39.4265602032344 38.3572181065877 36.7675969998042 32.1422815322876 38.4325856963793 40.1312311490377 36.8452270825704 39.5818551381429 39.9369721611341 38.3764356374741 40.7577157020569 42.8243180116018 38.4033446510633 42.8736805915833 45.2027767896652 47.0672746499379 48.0254640181859 48.6282706260681 51.8432954947154 58.5927416880926 73.6543039480845 78.4945785999298 73.6541251341502 64.6712283293406 56.0960918664932 53.0781149864197 61.82728211085 86.694856484731 87.4690214792887 66.9550895690918 22.8195413947105 0 0 0 0 0 0 0 0
55.0848444302877 52.5161623954773 55.2843908468882 54.0201912323634 47.6923286914825 44.7854250669479 42.8803165753682 40.7543107867241 41.1154379447301 37.9539181788762 36.482368906339 36.5025078256925 39.8909524083138 43.0842339992523 42.8001383940379 40.5046666661898 37.8530869881312 42.7376081546148 45.5545634031296 40.5190909902255 39.1261825958888 36.8731891115507 33.8675652941068 36.2896844744682 40.8339376250903 38.4524861971537 35.3635028004646 40.0760446985563 43.8341945409775 46.6211140155792 47.1320102612178 47.0485736926397 55.4343909025192 73.2091764609019 77.6335547367732 64.4562393426895 55.8220148086548 52.6868253946304 51.3139019409815 57.4396848678589 64.2201602458954 67.872961362203 54.9946427345276 28.9530381560326 0 0 0 0 0 0 0 0
40.6807512044907 43.1858897209167 51.2186884880066 48.8599240779877 51.2017210324605 53.5715768734614 52.9505908489227 49.101601044337 39.7296895583471 38.5017866889636 41.5192693471909 38.5231127341588 39.6360233426094 42.9656604925791 43.3910141388575 41.0408178965251 42.4101750055949 44.1437860329946 44.3547467390696 40.4138912757238 36.4040608207385 34.2131530245145 32.3336819807688 33.061221241951 36.0069274902344 39.156253139178 35.126581788063 36.9827399651209 41.3536876440048 42.8199917078018 41.5601780017217 39.6610250075658 48.2481171687444 61.8083377679189 66.790650288264 57.8898837169011 54.7156631946564 57.0006817579269 57.6948622862498 58.0544322729111 54.8873742421468 53.2506853342056 49.1936604181925 28.8476670781771 0.139736822651078 0 0 0 0 0 0 0
39.2404446999232 44.6538627147675 47.4326312541962 48.1119652589162 49.8862365881602 52.2389759620031 52.6898205280304 49.1075118382772 45.0714230537415 41.7658090591431 43.3680564165115 41.4764483769735 39.0702684720357 37.7174889047941 37.1597285072009 37.876769900322 35.0232447187106 40.6689296166102 41.9184118509293 40.7910421490669 36.5953122576078 35.2884531021118 35.404567917188 36.620390911897 35.5615466833115 43.5661574204763 45.6937253475189 42.716791232427 41.8220659097036 41.5657212336858 37.6853421330452 35.709281762441 40.2113248904546 44.1061456998189 50.2102126677831 52.8968026240667 56.5773745377859 61.86909476916 62.8774166107178 54.4558713833491 52.9043177763621 50.4772067070007 48.2420523961385 33.1634655594826 6.16582607229551 0 0 0 0 0 0 0
44.9719329675039 49.3164956569672 46.7011829217275 49.8294681310654 48.5347658395767 48.7271249294281 50.2799153327942 49.0901072820028 50.3992736339569 46.4358627796173 45.9575603405635 45.5589244763056 41.6789253552755 37.5576416651408 36.4797512690226 40.1764313379923 36.0698625445366 39.2203604181608 41.9593155384064 40.7778273026148 38.9093011617661 38.3021831512451 38.3868465820948 40.3500547011693 41.8194234371185 43.1539366642634 48.1548358996709 45.6786205371221 43.3580577373505 42.0151054859161 38.8209174076716 35.9949916601181 38.5457028945287 37.3506744702657 38.48946839571 41.658158103625 46.811913450559 54.5908709367116 54.339940349261 44.9351420005163 46.5381989876429 43.1694984436035 44.2026356856028 41.2655075391134 26.388814051946 2.53757244596879 0 0 0 0 0 0
44.7137852509817 46.2293475866318 48.6621260643005 50.6486395994822 50.4283954699834 50.3188172976176 52.190954486529 53.9529919624329 50.8738855520884 49.8313556114833 49.0471174319585 48.3771761258443 45.4228023687998 42.6739205916723 42.3091948032379 45.4622705777486 44.2456851402918 39.2593468228976 43.4296627839406 42.3416992028554 39.4571498036385 40.5472119649251 40.32830397288 38.6220663785934 45.9428578615189 42.3035621643066 43.4509019056956 44.1831847031911 43.5947279135386 42.4768030643463 41.9270247220993 38.8030285636584 38.2026558121045 38.0488683780034 40.3291856249174 41.5174961090088 42.0612990856171 46.5644101301829 48.3446717262268 45.6173519293467 43.1979199250539 41.1124676465988 46.4804867903391 50.7182280222575 43.6260104179382 19.5254224042098 0.143070453001807 0 0 0 0 0
39.1725823283195 41.3645580410957 46.4832584063212 48.0260054270426 51.4152745405833 52.9493788878123 51.1356095472972 50.9692927201589 51.0186056296031 53.7043511867523 51.1417786280314 47.9064285755157 46.5743690729141 46.7717548211416 45.3739513953527 44.3828801314036 43.7197784582774 37.0640953381856 41.1649818221728 41.7778740326563 39.1896044214567 39.6127303441366 42.4377620220184 37.6427297790845 40.285070737203 40.4575318098068 38.3492956558863 41.3167029619217 43.2441135247548 41.971762975057 42.7117347717285 42.3333346843719 38.3734901746114 40.6100476781527 49.8409271240234 53.4454335769018 48.7765570481618 44.0608561038971 46.5618173281352 51.7227947711945 46.5507159630458 41.2349750598272 49.0385591983795 52.9929399490356 48.6251711845398 33.8164816300074 7.21077372630437 0 0 0 0 0
