input/barkrak2/radiation/dir34924.grid
NCOLS 85 
NROWS 70 
XLLCORNER 665100 
YLLCORNER 4664600 
CELLSIZE 20 
NODATA_value -9999 
[rows 23 to 45 of 70, columns 0 to 51 of 85]
57.5841218233109 47.7828482786814 19.2594565451145 3.94825326899687 0.0722816378887122 7.13361116747061 3.92233363042275 2.92218352357546 2.44598013038437 2.15889016787211 2.11044230187933 1.28768221475184 9.13668361802896 12.5154157479604 9.82388233145078 10.563268015782 15.6691658000151 22.9676415522893 27.8044641017914 21.6658512751261 20.3449452916781 23.7677246332169 34.087598323822 42.5275762875875 48.4677851200104 49.1240719954173 42.8592016299566 37.2608304023743 17.0721113681793 7.62772311766942 4.40714104721944 0.731695288171371 0 0 0 0 0 0 0 0 0 0 0 0 0 0 0 0 0 0 0 0
57.5264741977056 53.6936422189077 33.5710520545642 8.05429741740227 0 2.54118411491315 3.93592069546382 4.02420138319333 3.27549781650305 3.32813678930203 2.12028917546074 1.26299572487672 4.70735970884562 10.3486906737089 9.7263107697169 9.59388539195061 13.4051864345868 21.2496742606163 26.5955924987793 19.9646130204201 18.4161166350047 15.8226204415162 21.7931767304738 29.7224422295888 33.727673192819 34.1636141141256 31.2845334410667 28.0487015843391 12.2454290588697 3.85796775420507 1.55923748388886 0.81291802537938 0 0 0 0 0 0 0 0 0 0 0 0 0 0 0 0 0 0 0 0
45.9404289722443 49.7613449891408 42.9221192995707 16.4378608266513 0 6.83527501920859 13.7221304078897 21.0964232683182 23.1778447826703 18.4098618725936 14.109739412864 15.0253598888715 13.4812171260516 15.7612388332685 15.7424372931321 11.6054254273574 12.9546001553535 19.4349711139997 25.8684207995733 27.8142268459002 28.3214251200358 24.8686820268631 22.1267690261205 21.6122642159462 24.0528459350268 25.6274491548538 22.1884697675705 22.1152851978938 13.4219862520695 9.91066421071688 7.55967013537884 9.59789069990317 5.50408288836479 0 0 0 0 0 0 0 0 0 0 0 0 0 0 0 0 0 0 0
44.6900278329849 49.1945991913478 46.854555606842 24.4703938563665 4.29609976708889 16.8441211183866 30.3124636411667 40.4745787382126 47.8616456190745 42.0608421166738 26.701346039772 27.2189701596896 24.0345448255539 26.3356814781825 26.3714914520582 16.965481142203 14.970767001311 21.1304426193237 27.9344270626704 37.6615275939306 38.6624584595362 35.8679369091988 28.4675409396489 23.1639345486959 23.4430183966955 25.1627589265505 21.2946236133575 28.4022813042005 27.2958825031916 26.1523375908534 29.4636189937592 43.6606208483378 50.8622030417124 32.1608260273933 0 0 0 0 0 0 0 0 0 0 0 0 0 0 0 0 0 0
45.8297779162725 45.0267692406972 45.0083911418915 29.7554284334183 24.702750146389 35.4568113883336 49.5286285877228 55.9987972180049 54.5388460159302 48.3851631482442 36.782185236613 30.9099107980728 27.3476988077164 28.912216424942 30.2145704627037 24.9082893133163 20.4045437276363 24.9674990773201 35.4823743303617 40.6520441174507 37.751150627931 30.2773242195447 28.0816008647283 28.9122586448987 29.0182655056318 29.0676802396774 26.7759884397189 35.9427606066068 51.6374409198761 55.7941099007924 58.5218916336695 63.7214283148448 73.8342603047689 78.6876579125722 38.1395344932874 0 0 0 0 0 0 0 0 0 0 0 0 0 0 0 0 0
48.6016621192296 39.486733575662 39.8454790314039 31.9445505738258 43.3081636826197 48.001433412234 54.0628532568614 52.9498308897018 46.1150854825974 37.8465577960014 30.8380747834841 25.9519641598066 26.0596374670664 29.7653252879779 31.2283287445704 32.068428893884 27.1423384547234 24.1505205631256 31.3073620200157 34.3018223841985 32.1078846851985 25.8510957161586 26.0109702746073 31.0061698158582 33.0308377742767 29.8398633797963 30.5784940719604 35.7924153407415 57.2698265314102 69.4014231363932 74.757327636083 77.6745577653249 85.0035349527995 87.2854391733805 76.7081429560979 15.599879125754 0 0 0 0 0 0 0 0 0 0 0 0 0 0 0 0
49.8526344696681 35.3579397002856 35.248135526975 35.9495927890142 45.3862448533376 48.9360640446345 41.7143603165944 26.3046597441037 7.72691331803799 5.22943772375584 5.38415710131327 13.2164185245832 23.7847939133644 30.1707560817401 31.855287651221 35.0999484459559 32.2405397891998 22.2358157237371 23.4888692696889 26.4426146944364 25.2820576230685 25.4991675416629 25.4952386021614 30.847375591596 35.4174450039864 32.4394206206004 34.3930646777153 36.086268723011 51.2938598791758 71.5866982936859 82.7776690324147 86.9690577189128 88.2153809070587 91.0484790802002 95.6255296866099 77.3749599854151 10.9863355755806 0 0 0 0 0 0 0 0 0 0 0 0 0 0 0
49.2850740750631 49.4963427384694 66.0077184438705 92.2284622987111 74.1169601678848 53.6062717437744 33.766175309817 7.3552510390679 5.61754095057646 9.76090505719185 4.46307255576054 3.91774189968904 23.2453892628352 31.368429462115 34.2197418212891 39.5018061002096 36.3501384854317 26.0581349333127 25.2896596988042 27.6914288600286 25.0918467839559 28.5281961162885 30.162846048673 32.020278275013 37.2123072544734 40.6329904993375 38.8465970754623 41.2657509247462 52.7087698380152 74.6977825959523 88.3257687091827 90.9394522507985 88.1982942422231 95.7915385564168 105.201701323191 107.87625114123 82.2849919398626 30.3000286221504 0 0 0 0 0 0 0 0 0 0 0 0 0 0
59.2915018399557 87.75328596433 131.627301375071 151.958117882411 132.998545964559 88.6360208193461 48.6120333274206 25.9091556072235 21.555724243323 24.91594851017 19.2890291412671 15.8530275026957 23.7667535742124 29.740793009599 37.5850001970927 42.4908498922984 38.2809986670812 33.0168753862381 27.6822075247765 28.416949013869 27.9420614242554 30.8467969298363 32.9160044590632 33.1207066774368 37.1590852737427 47.5338945786158 47.6399759451548 52.5804509719213 61.0512644052505 76.1017402013143 88.0518356959025 92.982292175293 94.466765721639 99.0623633066813 105.214893817902 107.824891805649 101.104726394018 82.0790628592173 26.6896312435468 0 0 0 0 0 0 0 0 0 0 0 0 0
111.877828836441 145.917971928914 171.785871187846 173.55489730835 171.541611353556 147.175838549932 109.367410341899 78.952024380366 60.0134283304214 50.1268208026886 44.9520846207937 37.1933107574781 27.2240489721298 28.2177080710729 36.736639837424 41.6160672903061 36.3779316345851 37.1980741620064 28.2030180096626 26.5689566731453 30.2210971713066 31.7447831233342 32.1537305911382 32.4130803346634 35.7262293497721 47.9064484437307 53.1130582094193 59.649869799614 67.6778654257457 74.3902524312337 84.489365418752 93.833069006602 94.2307511965434 90.0194843610128 92.378964026769 88.3044600486755 89.6368225415548 76.9026428461075 39.4694084922473 0.0510002573719248 0 0 0 0 0 0 0 0 0 0 0 0
163.458128770192 180.833021799723 186.522046724955 184.508979320526 187.437176704407 184.104681015015 163.464734951655 126.653770605723 92.4331347147624 69.8928733666738 70.3428337971369 64.0572110811869 41.6569759448369 33.514030277729 34.1709454854329 37.157932917277 32.2970102230708 33.0154846111933 26.8132463097572 27.9112085700035 27.5633384784063 28.5051936904589 27.8000086545944 27.9028415679932 33.700334529082 42.5199717283249 53.1460344791412 55.8986316124598 64.0455037355423 74.0954379240672 82.1986893812815 85.0914518038432 78.4963766733805 69.2789653937022 70.0172086556752 59.3593170245489 60.6497327486674 47.7635413408279 11.4071704447269 0 0.426048218893508 0 0 0 0 0 0 0 0 0 0 0
176.735083262126 186.729411284129 186.217586199443 187.519868214925 189.019799232483 187.79331445694 178.385217984517 149.955620368322 107.063949108124 82.0748955011368 82.9313347736994 80.7461738586426 61.5388651688894 42.3534065485001 34.7183744112651 34.9373295903206 29.8902591069539 26.8715346852938 26.407149930795 29.4899021585782 26.6087502241135 26.1685053507487 26.9915709892909 27.6624610026677 31.443345050017 37.5058725476265 45.7356075445811 47.048012415568 54.4993579387665 69.1687415043513 76.347420612971 75.3212471803029 70.5051918824514 64.6172364552816 58.28524629275 48.4178711970647 52.1229654550552 49.6708452701569 32.4056074023247 3.91781174888213 0.99613758114477 0 0 0 0 0 0 0 0 0 0 0
169.378817081451 173.925201098124 170.854926109314 171.793421109517 173.258821169535 168.149669965108 161.873201529185 146.891196568807 113.19833000501 94.035416841507 87.1112744013468 81.4489622910817 72.6810197035472 49.1414368152618 37.9075209299723 38.6320799589157 32.4430391192436 25.942732890447 29.1687895854314 30.3344676891963 29.5033877094587 27.0462060968081 29.2204444607099 32.7534725268682 31.6572437683741 35.5431909362475 39.4170135259628 40.047196050485 46.6298013925552 62.0144208272298 70.9120978911718 70.0930605332057 72.1296618382136 72.9025353988012 58.4438095490138 53.5112321376801 57.3852956295013 63.267856836319 57.8201512495677 23.0985979239146 0 0 0 0 0 0 0 0 0 0 0 0
144.446690877279 148.229489723841 149.813383817673 147.146542867025 146.688352028529 145.713706811269 150.281876325607 148.50393931071 123.675296703974 101.965496937434 89.7903442382812 71.3899781306585 63.6405199766159 44.7191993395487 34.0769439935684 38.2662738362948 40.0502284367879 30.1962991555532 32.2746634483337 34.961832066377 35.3939607739449 32.2569012641907 32.4127947290738 35.1530164480209 33.0995867649714 33.360111216704 38.4837239980698 43.4422294298808 47.4847108125687 58.2153250773748 67.6917483409246 71.8709727128347 73.6594100793203 76.6041378180186 61.4010194937388 61.0685845216115 61.0913534959157 68.8255478938421 68.2947138945262 34.4814732670784 0 0 0 0 0 0 0 0 0 0 0 0
121.48908774058 131.002346674601 141.65406425794 138.843268156052 137.855311234792 143.698086341222 153.384844462077 156.749586264292 142.303625742594 113.512684901555 91.1639630794525 64.4270181655884 48.4680036703746 38.1189460555712 30.5033375819524 34.2293853561083 43.4600015481313 36.7309699455897 34.4923933347066 37.2468084096909 38.3071775237719 35.4694450894992 33.6123506228129 34.5498248934746 35.7891470193863 34.8672196269035 37.4987075726191 45.1074192921321 47.7713644504547 52.6927610238393 63.3439421653748 71.7765341202418 74.3201027313868 69.61490213871 58.9156846205393 68.0212825536728 69.5619434118271 74.9770700931549 75.1919100681941 52.1257768074671 0 0 0 0 0 0 0 0 0 0 0 0
86.9776606559753 97.6163744926453 106.21655980746 110.354493061701 117.929448684057 133.435428142548 146.872301896413 155.749271313349 153.147588173548 125.938793023427 93.3478176593781 62.0887180169423 44.1210915644964 41.3226609428724 35.0997447967529 29.8559293150902 39.20712073644 40.1542261242867 35.3080754478773 35.3948026895523 35.8201861381531 33.892015616099 31.8178236484528 32.9554527997971 35.6148431698481 39.0210698048274 38.5670016209284 42.6506102085114 47.065868973732 47.5919147332509 55.9823860724767 68.414847056071 73.054035504659 60.902014374733 61.4171425501506 75.603057940801 77.2459357976913 76.6956557830175 78.6376496156057 75.1941601435343 26.2981702884038 0 0 0 0 0 0 0 0 0 0 0
54.130161801974 60.4834854602814 60.0022375583649 69.4929361343384 84.5763186613719 101.077864567439 115.02867937088 127.619127432505 129.026303688685 106.607298056285 73.545719186465 51.3109465440114 39.6037697792053 38.1158515810966 35.459578037262 31.4078579346339 35.6579298774401 36.2593134244283 30.7353138923645 31.1895310878754 33.9548389116923 37.1908222635587 36.9950880606969 33.3356608947118 32.8640689452489 35.6278469165166 39.9224832653999 42.1388496955236 46.3157643874486 45.5859154462814 47.976886232694 59.6811672051748 66.4448191722234 62.9513164361318 77.13583111763 83.8685830434163 81.662784020106 76.6164213418961 81.7162046829859 94.064990679423 84.1278036435445 32.743309934934 0 0 0 0 0 0 0 0 0 0
43.9774245023727 45.688862601916 45.7723240057627 47.8169123331706 56.0312370459239 61.9911551475525 65.6802207231522 70.8932876586914 71.8806882699331 57.4831118186315 43.0091718832652 39.087176322937 37.9386196533839 35.8127281069756 34.562423825264 35.6238608558973 34.4766428073247 34.0892399350802 30.5164655049642 31.270628174146 35.2296382188797 39.9848371744156 41.5262058377266 38.1233344475428 35.3262101610502 34.1118623812993 42.2007342179616 44.2843586206436 46.5531746546427 47.1370369195938 46.5908547242483 53.2649060090383 60.7595493396123 69.127544760704 85.6212377548218 82.3046863079071 75.4221280415853 67.0941919088364 69.256529211998 85.7660571734111 94.4112837314606 85.2164427439372 42.6918168862661 0.754098019873103 0 0 0 0 0 0 0 0
51.5603969494502 49.3002583583196 49.4921505451202 49.3745058774948 46.0370679696401 44.3352262179057 43.2886381944021 44.5343554019928 49.2797344923019 41.8691188097 35.1599305868149 36.5914031863213 39.6033202608426 39.7521133224169 38.6585270365079 37.5445932149887 32.8292002280553 39.1611705223719 40.4162357250849 37.0976651708285 39.8398439089457 40.2018080155055 39.1221766670545 41.5507033467293 43.1030094623566 38.6589889725049 43.1006451447805 46.0924208164215 47.3275631666183 48.2589453458786 48.8371849060059 52.0705729722977 58.8660438855489 73.8806873559952 78.6488552888234 73.8376677036285 64.8997972408931 56.3449760278066 53.3233384291331 62.8438889980316 86.8654747804006 87.5675082206726 67.0915593703588 22.9836578170458 0 0 0 0 0 0 0 0
55.540273586909 52.9713779687881 55.7384639978409 54.4637689987818 48.1381962696711 45.2186663945516 43.2915935913722 41.1494920651118 41.4963687459628 38.3366942405701 36.8489896257718 36.8418345848719 40.2223939696948 43.4069484472275 43.1058257818222 40.8114145199458 38.1475016474724 43.0198162794113 45.8071927229563 41.4234325289726 39.3855422735214 37.1494169036547 34.5492511987686 37.0451162258784 41.6386971871058 38.7088904778163 35.6254503130913 40.3112048904101 44.0961569547653 46.8675096829732 47.3577479521433 47.2833663225174 56.4267039299011 73.401798804601 77.7923911809921 64.6607180436452 56.0661057631175 52.9323468605677 51.5426943699519 57.6384365558624 64.409002661705 68.0758456389109 56.0882240533829 29.5886745055517 0 0 0 0 0 0 0 0
41.0921250780424 43.5915688673655 51.670049627622 49.310564994812 51.6503155231476 54.0190935134888 53.3796300490697 49.5092670122782 40.263553460439 39.0432874361674 42.1321789423625 38.8613094886144 39.9693200985591 43.2947675387065 43.6566919088364 41.3478886087736 42.6548073689143 44.4261729717255 44.6318238973618 41.3123319546382 36.6648385922114 34.5003058513006 33.0076391498248 33.7821319699287 36.7469117045403 39.9165078997612 35.3855639696121 37.2477521498998 41.6211287180583 43.0681059757868 41.8016215165456 39.9050191044807 48.4712868928909 62.0158910751343 66.994975010554 58.1274926662445 54.9664745728175 57.2324097156525 57.8991373380025 58.2503328720729 55.1070918639501 53.4632702668508 50.0484804312388 29.3031434218089 0.198756732667486 0 0 0 0 0 0 0
39.6681949496269 45.0952798128128 47.8741427262624 48.5600431760152 50.335019826889 52.68261830012 53.1321714321772 49.6325890223185 45.6169545650482 42.1524494886398 43.7445690234502 41.8293873469035 39.3953596552213 38.0427489678065 37.8401527802149 38.1974726915359 35.3072161475817 40.9528290232023 42.7783230940501 41.0451889038086 37.4167884389559 36.0217144091924 36.1359318097432 37.4451403816541 36.3151381413142 44.3909466266632 46.5527176856995 42.9739654064178 42.0748889446259 41.8360581000646 37.9569133122762 35.9739735722542 40.9777710835139 44.3364630142848 50.4608998696009 53.1485229730606 56.8201392889023 62.0821664730708 63.0673468112946 54.6318838993708 53.0817260344823 50.7049212853114 48.9837229251862 33.5709452629089 6.30574611326059 0 0 0 0 0 0 0
45.4182326793671 49.8018463452657 47.1494297186534 50.2956956624985 48.9838570356369 49.1697539885839 50.7220029830933 49.5937615633011 50.8141467968623 46.8297451734543 46.3459491729736 45.9283540646235 42.0302748680115 37.9002417127291 37.1482620636622 40.4981921116511 36.3580187161764 39.4975220163663 42.8223113218943 41.6438629229864 39.1843393445015 38.5787164171537 38.6566668748856 40.6147291262945 43.3684686819712 44.0367211898168 48.3985642592112 45.955886443456 43.6303665240606 42.781854669253 39.1030460596085 36.2588365872701 38.7961467107137 37.597065170606 38.7667367855708 41.9372916221619 47.5669652223587 54.7853857278824 54.5253405968348 45.1480994621913 46.7402388652166 43.389951189359 44.4709012905757 41.5195499857267 26.6540025671323 2.61012961467107 0 0 0 0 0 0
