input/barkrak2/radiation/dir33424.grid
NCOLS 85 
NROWS 70 
XLLCORNER 665100 
YLLCORNER 4664600 
CELLSIZE 20 
NODATA_value -9999 
[rows 0 to 22 of 70, columns 0 to 51 of 85]
51.827162504196203 67.9107904434204 79.8441022634506 90.7292862733205 98.3448922634125 108.675102392832 109.637161095937 128.600855668386 126.682023207347 129.886458317439 130.615810553233 125.346511602402 120.983183383942 121.674994627635 121.72798315684 108.939150969187 95.4284866650899 86.5731438000997 86.2841904163361 87.3297850290934 94.642698764801 111.355066299438 128.012508153915 129.226853450139 132.339934508006 140.463133653005 144.430379072825 139.050434033076 129.885325829188 132.407406965892 131.590823332469 151.623457670212 182.384689648946 177.642643451691 174.416343371073 168.533643086751 173.895577589671 179.740945498149 176.851054032644 178.368230660756 175.89408159256 186.645726362864 192.842682202657 186.423818270365 175.070484479268 181.646764278412 188.342392444611 141.180465618769 98.1334249178569 94.2058761914571 115.398983160655 156.089862187703
35.8983824650447 46.6394325097402 54.9421062072118 62.4316682418187 73.1181601683299 82.8098754088084 91.4315780003866 98.8864998022715 113.79603544871 119.298954804738 132.93644785881 128.343085447947 123.28240275383 123.342990875244 123.419195413589 109.670728445053 101.88372929891 94.010055065155 91.4826393127441 88.7031555175781 101.46027803421 125.667502482732 140.229066212972 138.179192940394 140.763392051061 145.196855068207 142.385721206665 135.757158199946 136.645634969076 137.058715025584 137.625406185786 160.318394502004 181.898653507233 177.77955532074 172.932823499044 169.127960999807 176.23241742452 178.303599357605 173.191726207733 173.60645532608 172.361493110657 177.412688732147 176.519989967346 165.900975465775 163.544277350108 178.204695383708 179.080128669739 133.297016223272 105.398754278819 115.11700352033 142.974118391673 177.267829577128
13.7031699220339 18.5369215905666 25.2751087148984 29.9805005391439 37.0820810397466 45.948584874471 54.9039741357168 69.1628605127335 83.4027230739594 88.2830619812012 97.8011190891266 110.172818104426 121.044983466466 133.500913778941 135.248551766078 133.559127648671 129.827211300532 119.798064231873 104.477107524872 99.4126399358114 111.454367637634 126.260668039322 139.912843704224 140.475461880366 142.326573530833 139.673928419749 138.184626897176 134.775191545486 133.090118567149 143.028100331624 152.659475803375 170.764048894246 181.857486565908 176.459928353628 172.269423802694 171.874145666758 180.917640527089 183.429976304372 175.150314966838 170.956571896871 167.363425095876 160.775899887085 150.429298480352 145.326534907023 149.490853150686 165.566682815552 161.294251680374 127.065499623617 123.241116603216 142.369081576665 166.406134764353 187.071820100149
5.38437689344088 6.76430637637774 8.98055049280326 10.7764427860578 11.771014581124 15.6301980217298 22.572768231233 34.6618965268135 47.1883763869603 58.8136712710063 69.7047213713328 82.9744587341944 93.7511424223582 100.04578034083 108.632127443949 113.420764605204 105.951935052872 100.141823291779 94.5177475611369 92.1993951002757 93.5551921526591 99.9902089436849 113.107631603877 120.137910048167 127.076278130213 128.427624702454 132.112205028534 131.335874398549 134.674886862437 139.87997174263 152.306000391642 172.739466031392 175.397356351217 175.244947274526 172.445893287659 172.602693239848 174.866457780202 175.504624843597 168.904105822245 159.104029337565 154.749264319738 147.353967030843 145.886898040771 155.042171478271 162.441869576772 156.900326410929 145.754277706146 124.519139528275 132.187068462372 145.226220289866 164.780159791311 182.444532712301
12.8399531046549 7.46874821682771 3.61351110041142 0 0 4.72231799115737 14.7582230468591 22.1419185400009 27.1369914213816 32.0158451795578 43.6269491910934 55.8031896750132 68.3225393295288 73.5598703225454 81.2566777070363 82.7815681695938 85.6242775917053 80.8948675791423 80.6492815415065 81.8532009919484 81.3743521769841 81.9067458311717 92.8185085455577 103.55614622434 110.803057750066 122.335215409597 125.674307346344 128.738005956014 131.540397802989 135.105053583781 140.928397576014 157.902369896571 158.965210119883 167.228142420451 167.678336302439 166.366706291835 162.970095872879 160.333216190338 152.155101299286 146.083533763885 145.679255326589 146.441062291463 152.791957060496 163.010517756144 163.074870904287 141.232440869013 116.34557445844 114.703635374705 126.024057467779 144.078920284907 171.073317527771 184.468706448873
36.2012187639872 22.3861436049143 9.29195682207743 1.72312588741382 0.503131266062458 2.57157084221641 8.50660726428032 15.4494680464268 21.4769393205643 21.0319335261981 24.9522402882576 31.6759496927261 37.553700308005 42.0856972535451 46.6214865446091 53.2120366891225 60.1518601179123 68.1355396906535 77.6225179433823 81.3965648412704 86.4373246828715 91.4574762185415 92.3072596391042 95.992257197698 102.497885624568 108.782887458801 115.646034479141 122.806251049042 127.30680902799 134.390513102214 142.134030659993 149.38818415006 140.148162841797 142.219126224518 145.656615495682 151.623378197352 156.02578719457 151.735007762909 144.348909457525 144.624769687653 145.881553490957 145.39647102356 147.610187530518 150.358438491821 146.428962548574 117.987294991811 94.6333905061086 104.776620864868 123.452335596085 158.374766508738 184.519986311595 187.520205974579
53.5672307014465 36.0375096400579 22.9643409450849 12.7332446475824 4.88957017660141 2.51720271383723 4.19606082141399 8.56736302375793 15.4937009016673 20.62068755428 23.6394976576169 20.7674900690715 20.3044985731443 19.7993740439415 22.726371884346 31.2353000044823 40.1945561170578 53.1675716241201 67.3768371343613 79.8103411992391 87.8392259279887 95.3762133916219 92.7499035994212 92.1926101048787 98.5285937786102 101.828088363012 105.2206158638 111.382136742274 122.695902983348 128.327866395315 140.350818634033 141.16503794988 132.768164078395 126.877009868622 126.729408899943 129.539847373962 130.634248256683 129.871189594269 136.118113994598 132.705370585124 128.322094678879 128.930598497391 135.314365228017 142.240504423777 141.745616992315 137.126257022222 142.544408639272 147.598077853521 159.633666276932 172.498027483622 177.012662092845 178.722500801086
66.2966519594193 50.7906228303909 37.506361802419 27.2879501183828 16.8045225242774 5.89525451262792 2.95330459872882 0 7.94091820716858 16.8037836750348 21.2057878573736 21.4043185114861 21.4464838306109 20.1583281159401 16.5584112207095 19.5140006641547 25.8197486400604 35.362534224987 50.2496709426244 64.5180940628052 77.6391526063283 87.7698759237925 95.0595537821452 93.6626195907593 96.4001615842183 94.9051181475321 97.7820754051208 102.382908264796 107.900242010752 116.649985313416 130.185902118683 130.629400412242 120.415558417638 116.987764835358 113.341152667999 115.140736103058 120.245277881622 118.292222420375 117.093702157338 114.698628584544 110.748757918676 117.243359486262 130.906363328298 142.234027385712 146.278540293376 153.520852327347 159.901777903239 160.895109176636 167.343119780223 166.231364011765 162.3541812102 163.648108641307
61.0493818918864 52.5436649719874 41.3921351234118 30.2387550473213 22.3667646447817 16.6527405381203 6.07963030536969 1.76618589709202 6.42351930340131 11.5839963157972 17.1339487036069 21.1746046940486 24.3048518896103 25.2416878938675 23.666446407636 21.6943894823392 21.4945574601491 25.1780996719996 32.6786786317825 43.5599784056346 54.7176053126653 66.2929614384969 78.4729222456614 79.5978307723999 83.0136636892955 84.9454402923584 84.957351287206 88.7412428855896 89.5883440971375 97.5919167200724 106.926520665487 106.790900230408 106.861849625905 106.518775224686 107.045064369837 109.853357076645 109.428058067958 113.073915243149 115.510602792104 110.558072725932 121.550381183624 131.444176038106 138.462007045746 141.505827506383 140.472888946533 140.146652857463 143.708576758703 151.72470609347 158.773869276047 154.356608788172 148.623764514923 150.290379921595
42.6990290482839 37.7402032415072 32.7054634690285 25.8058831095695 20.2301306029161 13.6189796030521 13.1114746133486 10.1114443192879 6.69890021284421 4.41740763684114 7.59728811681271 15.7900787889957 26.2645880381266 33.6950744191805 36.5720267097155 35.0465054313342 29.4933865467707 27.2424270709356 27.7813225984573 30.4641822973887 35.3674963116646 41.4300014575322 49.8931258916855 58.3910445372264 66.9468889633815 71.1823453505834 72.5319683551788 72.8556563456853 75.1891632874807 77.3636003335317 77.2960086663564 80.8771550655365 90.7347798347473 93.7658349672953 99.0949273109436 100.536167621613 101.190944512685 104.391594727834 111.565341552099 118.161420027415 122.475783030192 121.554752190908 133.881439765294 143.653015295664 138.979415098826 139.28164045016 147.292027870814 152.139474948247 154.4462343057 153.101156155268 154.438942670822 149.601429700851
7.46069413920244 6.36004284024239 5.49494537214438 2.71077640354633 1.8646310394009 0 3.70515417307615 11.8098979194959 11.0493327180545 7.58613459765911 4.57684261103471 5.3898220260938 16.6694596409798 28.6339769760768 37.8414516647657 36.961741745472 34.4389403859774 30.5633470416069 27.287279566129 25.2925728758176 25.4315758744876 26.8249909083049 30.4928173621496 40.940264860789 51.1312782764435 57.9913606246312 58.8933030764262 60.7932806015015 63.9557590087255 65.2430603901545 66.667303442955 65.9222702185313 71.1333105961482 81.6170126199722 87.7801676591237 89.6147688229879 95.8035786946615 98.4899302323659 107.983738183975 119.829624891281 123.372068007787 122.418800989787 118.538449207942 118.360191583633 117.352247238159 141.053736209869 147.315343221029 147.476534048716 146.755586067835 150.663276513418 154.910067717234 150.225102901459
0 0 0 0 0 0 0 5.16506594916185 12.5341042876244 11.5908558170001 8.3521685252587 4.48754336684942 6.25280166665713 14.1483334203561 25.3669967254003 29.3823232253393 34.4384511311849 34.8750079671542 30.4479002952576 25.7139826814334 22.8653798500697 22.7504000067711 23.7876350680987 29.2552883426348 36.0809812943141 41.7393942674001 45.1782594124476 47.3433683315913 52.7290950218836 53.410604596138 53.1923075517019 55.9376825888952 55.4750313361486 52.947868903478 52.0447194576263 69.0466066201528 83.0968221028646 90.9314155578613 97.6930658022563 109.513153632482 114.215354124705 110.192368427912 107.53666361173 103.521237770716 105.851660172145 106.670101483663 112.031280994415 132.529099782308 135.660280783971 139.74004983902 142.424762248993 140.979498624802
0 0 0 0 0 0 0 0 6.37004896998405 15.1289626955986 14.6626917024453 10.7084289193153 3.96063116689523 3.27492877840996 12.3200640082359 25.3040591875712 35.6912488738696 37.8015960256259 35.3798468907674 32.0279151201248 27.8818632165591 28.796911239624 29.6413352092107 30.9475461641947 32.8698630134265 34.0834905703863 37.934144337972 42.389174302419 44.0002332131068 44.5212523142497 46.1220145225525 45.3292032082876 45.2004571755727 42.4457391103109 41.2211343646049 39.1878734032313 45.7716435194016 60.7558389504751 77.6171187559764 90.6416674455007 94.7630306084951 93.8306450843811 93.7262872854869 94.859500726064 94.3627556165059 96.235454082489 94.282865524292 95.5774188041687 96.4668691158295 118.522604306539 125.761290391286 127.498706181844
0 0 0 0 0 0 0 0 0 5.90014830231667 17.3934400081635 20.5986524621646 17.622663329045 11.4081688225269 10.7073461016019 22.0860640207926 31.0868471860886 38.8916730880737 45.6667343775431 44.511025150617 38.3434966206551 37.7330109477043 36.4727179209391 37.5394374132156 39.8206859827042 38.79181543986 41.0414785146713 46.0095852613449 45.2211201190948 39.4137104352315 41.6587516665459 41.8512523174286 38.2151405016581 34.4255442420642 33.0606152613958 35.9044671058655 31.8411712845167 31.1303709944089 35.8034099141757 39.8397296667099 55.3056846062342 66.116064786911 69.1734800736109 77.0453363656998 76.8446375926336 89.5472963651021 86.8149797121684 83.6147864659627 80.282727877299 81.2325179576874 85.0639939308167 105.591168006261
1.38482358306646 0 0 0 0 0 0 0 0 0.0974260813867052 15.865083783865 29.2878101269404 35.9402100245158 31.4179509878159 21.7500627040863 19.6978983779748 22.1399466196696 30.7032143076261 42.9824888706207 50.8087873458862 51.7458468675613 48.5715766747793 46.7858960231145 45.6877847512563 44.7467664877574 46.1869090795517 45.4341570536296 48.6736446619034 46.8439906835556 40.4138962427775 37.043035030365 39.6156261364619 35.937674343586 30.6153496106466 28.7951901555061 25.9263440966606 21.123227973779 17.7001059055328 17.7731650571028 18.8072584569454 24.4932646552722 29.8073887825012 33.9499314626058 38.5801196098328 50.8319636185964 55.9201190869013 68.7364190816879 71.5719709793727 71.2012201547623 65.5085692803065 70.3535179297129 75.4899680614471
2.01372895389795 0 0 0 0 0 0 0 0 0.105325181114798 4.32231525580088 27.9520303010941 43.7128295501073 44.1110928853353 35.7159574826558 22.6973940928777 18.1243220965068 20.0349527100722 29.8044458031654 46.8443036079407 56.7835470040639 55.1806489626567 56.5431813398997 53.8584291934967 50.1295775175095 52.6057382424672 53.3611873785655 49.0480313698451 50.3286520640055 47.0827172199885 40.0361766417821 36.4502593874931 34.0787296493848 27.6403178771337 24.6062750617663 20.9840511282285 15.2562260627747 11.5316870311896 10.3720792879661 8.30055649081866 8.55152619381746 16.5143199265003 18.0219486355782 19.6025607486566 32.9438025752703 35.0651343663534 46.1513797442118 52.4936020374298 58.4344069163005 57.6187968254089 61.4280800024668 66.1683678627014
1.18209212087095 0 0 0 0 0 0 0 0 0.176290379992376 0.332348009881874 16.9533267617226 32.8843394915263 45.0506309668223 47.2689072291056 41.2891581654549 35.53440173467 28.4191692868869 23.8208919763565 29.4301360845566 46.7115541299184 58.8988463083903 61.6010179122289 59.7239583730698 55.8164020379384 56.7982445160548 59.2032273610433 57.5900226831436 54.504136244456 57.9679061969121 48.173467318217 37.4551465113958 29.4486259420713 22.0678796370824 16.5106542408466 13.5506466031075 10.2565698325634 6.80992379784584 4.76174987852573 3.46733629703522 3.64104472100735 6.68042525649071 7.56904607017835 12.7623714506626 22.6718833049138 30.5856019258499 35.4849224289258 39.8484319448471 46.024630467097 49.5332429806391 56.9880455732346 61.3278647263845
0.482444030543168 0 0 0 0 0 0 0 0.514074810780585 0.498511479236186 3.19777801632881 11.0073387622833 23.1432269016902 39.0210623542468 49.5356420675913 54.2327016592026 52.8585612773895 45.1142142216365 33.6970885594686 25.7531180977821 32.6163520415624 49.8988479375839 58.1077188253403 61.803326010704 63.2929702599843 65.7602995634079 68.2054509719213 69.4828679164251 64.3636584281921 57.2711179653803 49.4975944360097 43.2202219963074 32.4691285689672 22.1454948186874 15.7701236506303 13.1920191148917 7.93428781131903 4.77523542940617 2.86216878642639 1.04890041984618 0.0456589429328839 0.872224802151322 4.69357458253701 8.38422899444898 12.7888185282548 18.63619312644 22.5548967719078 24.6276706457138 30.6451246142387 37.9459386070569 44.9736416339874 51.5483766794205
0.548630720004439 0.651205579439799 0.175699300598353 0 0 0 0 0.863431564842661 1.83773754785458 8.09724939366182 13.3573350807031 13.9940058191617 20.6827881435553 26.6642794013023 39.4076357285182 52.0383417606354 54.9539426962535 53.9009869098663 53.2440195480982 41.3958231608073 29.6572844187419 38.2897506157557 46.4809834957123 56.5803945064545 65.6522462765376 69.7126388549805 72.4699894587199 70.190707842509 69.4290647904078 62.2356037298838 50.6047656138738 40.4806882143021 32.7296952406565 19.9035828312238 15.5658101042112 11.2419786552588 5.6746086726586 1.5952104392151 0.176626606844366 0 0 0 0 2.08292979126175 3.27393598854542 9.54054792722066 14.863483607769 16.3279163340728 22.9687864581744 25.0395859281222 28.9803718527158 33.6756159861883
0.511643243953586 0.146520944933097 0.378951236295203 0 0 0.0255430762384397 0.186572530462096 1.46518802891175 2.12156151731809 2.30321862424413 12.0512147744497 13.3270236353079 13.8051733374596 16.4972816904386 24.064856270949 36.1752460400263 44.8110401630402 48.7274030844371 54.43042020003 53.919384876887 47.7043092250824 38.6931821703911 40.2953376372655 47.3741193612417 57.9006771246592 64.6947572628657 71.640819311142 72.2251087427139 63.3878161509832 54.5035054286321 51.257332166036 39.2619619766871 26.3475030660629 19.5224347213904 9.75309436519941 4.73925036688646 1.1904746449242 0.027484563664378 0 0 0 0 0 0 0 3.68667114526033 5.03930790970723 7.78564189871152 12.9667793711027 15.7321318984032 17.7936355272929 16.7527571320534
1.80279122044643 0.068148195471925 0 0 0 0.219770687787483 0.14914139561976 1.34539029871424 2.0048973771433 1.97794583315651 2.18616767476002 8.7083609153827 7.77296970287959 8.89866923292478 12.8938878575961 23.737075428168 33.3394010861715 38.6334111293157 46.1100935935974 57.4983954429626 61.1069897810618 53.8461903731028 52.5815188884735 55.7220677534739 56.2391678492228 57.8788916269938 62.2800290584564 66.0465161005656 61.6680185000102 50.5326141913732 39.5579785108566 29.9770484368006 19.9130401015282 11.1453036467234 3.66562015066544 0 0 0 0 0 0 0 0 0 0 0 0 3.72393211970727 3.96943868448337 7.89523745576541 7.79210465649764 9.05059153834979
10.0742609550556 4.47595274696747 0 0 0 0 1.05791771784425 2.96531307200591 3.40656191110611 2.91729904711246 2.02918176849683 1.89747537175814 5.85673997799555 2.04791283855836 7.96344131231308 16.9375663002332 26.005357503891 32.9039444526037 39.6146972974141 50.8888910214106 58.940256635348 68.0996179580688 72.3654280106227 72.6852913697561 65.9196078777313 57.7474534511566 53.5245339075724 55.2097658316294 56.8131605784098 44.1241512695948 27.8320660193761 17.2522688905398 10.4175135493279 1.36215751990676 0 0 0 0 0 0 0 0 0 0 0 0 0 0 0 2.25941681613525 3.20350099354982 0
35.9534025192261 29.9545576175054 11.1890882253647 4.75814938545227 2.39429840197166 0.69998779023687 3.69405311842759 4.09258125970761 3.3420380204916 2.60670265803734 2.7985048169891 8.94982802371184 8.9768934994936 8.03941984971364 8.84631462395191 13.2829410334428 21.1221799254417 29.285341501236 34.5779707034429 37.1316075325012 40.9061908721924 53.6343604326248 62.7133746941884 68.2210276524226 66.9358472029368 62.4287575483322 54.9304435650508 47.2102264563243 50.7743954658508 32.2200432419777 15.942790855964 4.938963179787 0 0 0 0 0 0 0 0 0 0 0 0 0 0 0 0 0 0 0 0
