input/barkrak2/radiation/dir36424.grid
NCOLS 85 
NROWS 70 
XLLCORNER 665100 
YLLCORNER 4664600 
CELLSIZE 20 
NODATA_value -9999 
[rows 23 to 45 of 70, columns 0 to 51 of 85]
58.152178923289 48.2909381389618 19.5917623738448 4.1170014689366 0.0781129589692379 7.22527938584487 4.54925559461117 3.46190171937148 2.88139283657074 2.65826098620892 2.79474848260482 1.92409039785465 9.28255605200926 12.3618729412556 10.0346766412258 10.3817644218604 15.7994255423546 23.1027056773504 27.5008678436279 21.5066646536191 20.7535102963448 24.0806738535563 34.4529822468758 43.3882425228755 49.4194477796555 48.7240155537923 43.3394610881805 36.9897559285164 18.3242422839006 7.99699624379476 4.58233368893464 0.792074948549271 0 0 0 0 0 0 0 0 0 0 0 0 0 0 0 0 0 0 0 0
58.097297946612 54.2508761088053 34.0010126431783 8.29263279835383 0 2.86410190165043 3.89944482594728 4.65687115987142 3.88485721002022 3.22267878800631 2.80286557972431 1.88428784410159 5.33973549803098 10.5496520797412 9.83417344590028 9.41887808342775 13.5588521758715 21.3328301906586 27.2094756364822 20.1642053822676 18.7514623006185 16.1297917366028 22.0490917563438 29.7369410594304 34.0797031919161 34.5274483164152 31.6729098558426 28.3859173456828 12.7694296340148 4.02002719541391 1.65408197790384 0.876913623263439 0 0 0 0 0 0 0 0 0 0 0 0 0 0 0 0 0 0 0 0
46.4596649010976 50.2946128447851 43.4030890464783 16.7428813874722 0 6.91979875167211 13.9170400798321 21.3968902826309 22.2770621379217 18.7181296447913 13.3683495223522 15.2736976742744 13.6851792534192 16.1165321866671 15.8926447232564 11.3903457919757 12.7525106072426 19.1302299499512 26.0652427872022 28.0601953466733 28.054470817248 24.5941032965978 22.4833240111669 22.0208515723546 24.3529081344604 26.1307209730148 22.5020001331965 23.1461475292842 13.8100770612558 10.2126486599445 7.80524748067061 9.87271778285503 5.71592400471369 0 0 0 0 0 0 0 0 0 0 0 0 0 0 0 0 0 0 0
45.2006508906682 49.722820520401 47.3613838354746 24.8351867000262 4.40453551709652 17.0100592076778 29.4955720504125 40.9270053108533 48.393855492274 42.5163010756175 27.0725687344869 27.5036742289861 24.4694824020068 25.6378774841626 26.5571723381678 17.1478229264418 14.7061559061209 21.3030303517977 28.1827002763748 37.989449997743 39.075568318367 36.2924933433533 28.8461620608966 23.4834502140681 23.7497935692469 25.6393576661746 21.5987612803777 28.886449833711 27.7185539404551 26.5655567248662 29.9055327971776 44.17684674263 51.4055093129476 32.5962702433268 0 0 0 0 0 0 0 0 0 0 0 0 0 0 0 0 0 0
46.3455220063527 45.534759759903 45.517365137736 30.1614999771118 24.9647820989291 35.7904757062594 50.0257313251495 56.5713445345561 54.9770444631577 48.7086673577627 35.6187373399734 29.816227654616 27.5436515609423 29.116153717041 30.3816174467405 25.1271973053614 20.1018030444781 24.5044976472855 35.4472075899442 40.2807841698329 38.3643383781115 30.6724558273951 28.4497663378716 28.8813362518946 29.1999677817027 29.2188475529353 27.075469493866 36.4325121045113 52.1915505329768 56.366354227066 59.1385861237844 64.4088039795558 74.5704174041748 78.8276841243108 38.239061832428 0 0 0 0 0 0 0 0 0 0 0 0 0 0 0 0 0
49.1270919640859 39.9732465545336 40.3268734614054 32.3569749792417 43.6836977799734 48.4412759542465 52.8846283753713 53.4815937280655 44.7163283824921 38.1395469109217 31.1657910545667 26.2165193756421 26.2517606218656 30.041995147864 31.3976009686788 32.2812522451083 27.4665504693985 23.6655697226524 31.5483386317889 34.8910043636958 32.4773564934731 26.270866394043 26.4292334516843 31.5149252613386 33.4227532148361 30.3114106257757 30.9866244594256 36.2353722254435 57.8603496154149 70.0953404108683 75.5352079868317 78.5074879725774 85.0197672843933 88.1798664728801 77.5369803110759 15.9071447948615 0 0 0 0 0 0 0 0 0 0 0 0 0 0 0 0
50.3894786039988 35.8209684491158 35.7095127304395 36.365918815136 45.1958229144414 49.3639161189397 42.138546705246 26.7135351896286 8.8091225673755 6.08494939903418 5.36102056503296 12.2756535808245 24.0316092967987 30.4618030786514 31.3648656010628 35.3337079286575 32.7068815628688 21.9127784172694 23.1642176707586 26.4700576663017 25.6178726752599 25.8601705233256 25.8637219667435 31.2367329994837 35.8382190267245 32.8409944971403 34.8693057894707 36.549004415671 51.8410901228587 72.3145008087158 83.6403866608938 87.899386882782 89.1508062680562 91.0713871320089 95.4269270102183 78.2212118307749 11.2440995872021 0 0 0 0 0 0 0 0 0 0 0 0 0 0 0
49.8305261135101 50.0428676605225 66.6015098492305 92.8594569365184 74.6671905120214 54.0662705898285 32.9135631521543 8.23776423931122 5.54061681032181 10.0336708128452 5.17796414593856 3.86718971033891 22.4788039922714 31.679297486941 34.4030136863391 39.8186991612116 36.7325494686762 25.7624437411626 25.2010996143023 28.032345076402 25.4757205645243 28.9063404003779 30.5605878432592 31.927635272344 37.2734591364861 40.8285707235336 39.3459449211756 41.5419191122055 53.2888323068619 75.4737754662832 89.2779727776845 91.9366180896759 89.1634126504262 96.8035360177358 106.283744176229 107.4258685112 82.0207993189494 30.7892262935638 0 0 0 0 0 0 0 0 0 0 0 0 0 0
59.8723342021306 88.4262522061666 132.234990596771 152.911682923635 132.760186990102 89.2798006534576 49.0443408489227 26.2014319499334 21.8398123979568 25.2246956030528 18.5929499566555 16.117366651694 24.0929822127024 30.0827249884605 37.5506430864334 42.1069612105687 38.6557107170423 33.4285845359166 27.4903178215027 28.3793086806933 28.3007174730301 31.2933251261711 33.4160005052884 33.5297510027885 37.6006638010343 48.1498142083486 48.2358634471893 53.2049039999644 61.7348899443944 76.9145240386327 89.0115300814311 94.026247660319 95.5283443133036 100.17928481102 106.370329856873 108.95769794782 102.17821598053 83.0277999242147 26.3195981582006 0 0 0 0 0 0 0 0 0 0 0 0 0
112.624565760295 146.81405822436 172.813892364502 174.617230892181 172.600646813711 148.138662179311 110.149602095286 77.8645972410838 60.5611403783162 50.6213903427124 45.4114079475403 36.1195082465808 27.5727262099584 27.5628541906675 36.1297801136971 41.9546663761139 36.7757827043533 37.6362601915995 28.0783747633298 26.5482813119888 30.596728126208 32.1440200010935 32.0867821574211 32.3256800572077 36.271000901858 48.4460840622584 53.7260472774506 60.3421777486801 68.4376309315364 75.2200037240982 85.4282279809316 93.427578608195 95.2948927879333 91.0710791746775 91.9006864229838 89.2721613248189 90.6151334444682 77.7856806914012 40.009506046772 0.0909496059951683 0 0 0 0 0 0 0 0 0 0 0 0
164.418568213781 181.903302669525 187.618792057037 185.622374216715 188.567439715068 183.682044347127 164.511968692144 127.527852853139 93.1597749392192 70.3831762075424 70.8452214797338 64.6080821752548 42.1241422494253 33.9032883445422 34.4090387225151 37.6942306756973 32.1754962205887 33.3624283472697 27.1320541699727 27.8762032588323 27.4751260876656 28.8659160335859 28.1494607528051 28.2546455661456 34.1263165076574 42.5410767396291 53.0416518449783 56.5618872642517 64.7787352403005 74.9344180027644 83.1515143314997 86.0701501369476 79.3889661629995 69.2739983399709 70.8533426125844 60.0429872671763 60.9337985515594 48.3166923125585 11.8144936859608 0 0.45664538629353 0 0 0 0 0 0 0 0 0 0 0
177.813092867533 187.826573848724 187.313159306844 188.650925954183 190.155943234762 187.562743822734 179.511328538259 150.964399178823 107.862989107768 82.7634632587433 81.4494142929713 79.2250782251358 62.3614539702733 42.9358979066213 35.2041646838188 35.3083809216817 30.2531520525614 27.1945670247078 26.7346402009328 29.4307669003805 26.5395194292068 26.5458698074023 26.9522319237391 28.0313044786453 31.8634559710821 37.9828363656998 45.6753075122833 47.1082677443822 55.1536828279495 69.9715514977773 77.2449672222137 76.1894633372625 71.3225603103638 65.3820584217707 58.9858293533325 48.9945560693741 52.5600810845693 50.226092338562 32.8423430522283 4.09882701933384 0.832635288437208 0 0 0 0 0 0 0 0 0 0 0
170.424302419027 173.847476641337 170.695265134176 172.882695992788 173.297762870789 168.277819951375 162.908494472504 146.511316299438 113.997260729472 94.7664380073547 85.564653078715 79.9715220928192 71.9154675801595 49.632007877032 38.315936923027 39.0009557207425 32.8149671355883 25.8912394444148 29.1167596975962 30.7040413220723 29.4237112005552 26.9915610551834 29.6497195959091 33.1629614035288 31.5849284331004 36.0081046819687 39.9179781476657 40.5605683724085 47.2018420696259 62.7591758966446 70.7794179519017 70.0333764155706 72.9662974675496 73.7470785776774 59.1311156749725 54.1421175003052 57.7142536640167 63.9618138472239 58.4814896186193 23.0816056330999 0 0 0 0 0 0 0 0 0 0 0 0
145.363916953405 148.370365301768 150.786300500234 147.102644046148 146.851410468419 146.654109160105 151.251922051112 148.285706837972 124.535342057546 102.74017850558 90.7848179340363 71.8286583820979 64.1796986262004 45.1686481634776 34.438485900561 38.783128062884 40.0190949440002 30.1266958316167 32.683456937472 35.3711048762004 35.2830563982328 32.1488281091054 32.8113734722137 35.0700219472249 33.5418780644735 33.7974379460017 38.5057802001635 43.9920971790949 48.0763216813405 58.9166978995005 68.5089727242788 71.7606246471405 73.6478666464488 77.4810463190079 62.1312061945597 61.802680293719 62.2770041227341 69.6015606323878 69.0695345401764 34.9594031771024 0 0 0 0 0 0 0 0 0 0 0 0
122.284332911174 131.849159797033 142.583111921946 139.756232500076 138.037949800491 144.653817017873 154.398411512375 157.789925734202 143.270353476206 114.345659812291 90.0502800941467 65.0211671988169 48.9464302857717 38.5154436031977 30.849352478981 34.5672021309535 43.8675185044607 37.1703381339709 34.8949084679286 37.6687397559484 38.2021988431613 35.3360424439112 33.5364614923795 35.0261727968852 36.2444072961807 35.3453109661738 37.9786963264147 45.102188984553 48.3866780996323 53.3493260542552 63.2003098726273 72.6424207290014 74.1930504639943 69.6871529022853 59.6093833446503 68.8325862089793 70.4049170017242 75.8237540721893 76.0237624247869 52.7577648560206 0 0 0 0 0 0 0 0 0 0 0 0
87.5688890616099 98.2814828554789 106.929133335749 111.107438802719 118.742873271306 134.338011344274 147.879064083099 156.811525424322 152.430504560471 124.853899081548 92.441588640213 61.6208265225093 44.5616245269775 41.7380680640539 35.0289543469747 30.1950251062711 39.5871351162593 40.0754362344742 35.2203175425529 35.2655996878942 35.6794397036235 33.8016202052434 31.7973370353381 33.3979204297066 36.0873937606812 39.4960294167201 38.5486409068108 43.2083557049433 46.9987740119298 48.2227057218552 56.682417790095 69.2563454310099 72.9844272136688 61.171551545461 62.145322561264 76.5136629343033 78.2054960727692 77.6134878396988 79.5225848754247 76.0255356629689 26.7022699117661 0 0 0 0 0 0 0 0 0 0 0
54.5412997404734 60.9297156333923 60.4559232791265 70.0127681096395 85.1833124955495 101.798872152964 115.854879220327 128.522276878357 129.970073699951 107.439617315928 74.2161422967911 51.7722715934118 40.0213127334913 38.5405297080676 35.834439098835 31.7624906698863 36.0268155733744 36.6360594828924 31.0974592963854 31.5374409159025 34.3351115783056 37.0901624361674 36.9111051162084 33.758337299029 33.2947994271914 35.576785604159 40.4145916302999 42.6939725875854 46.8998551368713 46.199177702268 48.6214309930801 60.4189982016881 66.5018210808436 63.1226201852163 78.0783991018931 84.9093198776245 82.6710561911265 77.5622228781382 82.6689104239146 95.1132376988729 85.1219693819682 33.2693085074425 0 0 0 0 0 0 0 0 0 0
44.3321317434311 46.066885193189 46.1364487806956 48.1916417678197 56.4913103977839 62.4675949414571 66.191757718722 71.4494387308757 71.8134641647339 57.9617520173391 43.4346894423167 39.4603063662847 38.3165404200554 36.1825153231621 34.9466999371847 35.5486919482549 34.9039634068807 34.4511071840922 30.8819736043612 31.6419750452042 35.1287002364794 39.8113454381625 41.424756248792 38.1137604514758 35.7737665375074 34.547932446003 42.115514477094 44.8483725388845 47.1633821725845 47.7422674496969 47.2233394781748 53.9428740739822 60.8756045500437 69.117729862531 85.1779282093048 83.3547314008077 76.3781170050303 67.9563979307811 70.1439628998439 86.7623090744019 95.5137809117635 84.5341881116231 42.2453383604685 0.792907395710548 0 0 0 0 0 0 0 0
51.9488354523977 49.6775011221568 49.8777329921722 49.7588366270065 46.4199433724085 44.7070797284444 43.6496883630753 44.9570715427399 49.6867497762044 42.2412504752477 35.2999692161878 36.9350463151932 39.981114367644 39.7389208277067 39.0678172310193 37.4596565961838 32.8029145797094 39.1413643956184 40.8573895692825 37.5325133403142 40.3130898873011 40.647454559803 39.097527662913 41.5289849042892 43.0225133895874 39.135845998923 43.6481684446335 46.0095157225927 47.8978852430979 48.877497514089 49.4993229707082 51.9461333751678 58.9465200901031 74.7667253017426 79.6600580215454 74.7799873352051 65.7179852326711 57.0697238047918 54.026852051417 63.6343012253443 87.9091421763102 88.7007514635722 68.0125306049983 23.4300891558329 0 0 0 0 0 0 0 0
55.9509595235189 53.3686429262161 56.0764223337173 54.8767844835917 48.5166509946187 45.5879469712575 43.6581869920095 41.3414835929871 41.8684085210164 38.7142623464266 36.9986047347387 37.2037241856257 40.6025648117065 43.8205202420553 43.5687998930613 41.2301421165466 38.5663112004598 43.4738049904505 46.3136931260427 41.234036286672 39.8219550649325 37.5674838821093 34.5586662491163 36.9901806116104 41.6395117839177 39.1882732510567 36.0748718182246 40.8434867858887 44.6384300788244 46.7611501614253 47.9882260163625 47.9204257329305 57.1480492750804 74.3251790603002 78.7921448548635 65.508375565211 56.7921251058578 53.6321302254995 52.2502263387044 58.4320177634557 65.2664601802826 67.8168535232544 55.9646189212799 29.6600560347239 0 0 0 0 0 0 0 0
41.4527505636215 43.9678529898326 52.0471384127935 49.6729612350464 52.0482162634532 54.3533513943354 53.6427994569143 49.7110635042191 40.4746606945992 39.229524632295 42.2670344511668 39.2404943704605 40.3464237848918 43.6933686335882 44.1285073757172 41.7630821466446 43.1370238463084 44.8717176914215 45.1768040657043 41.7755544185638 37.0920300483704 34.9010154604912 33.0200592676798 33.744215965271 36.7066810528437 39.9256547292074 35.3940278291702 37.7202282349269 42.1339670817057 43.6249077320099 42.3715362946192 40.465235710144 49.1422961155574 62.8269463777542 67.8589741388957 58.878297607104 55.6736489137014 57.9859366019567 58.6897432804108 59.0522289276123 55.0623039404551 54.2051990826925 50.1111348470052 29.5654187599818 0.308350562894096 0 0 0 0 0 0 0
39.9990404645602 45.4401026169459 48.2518970966339 48.9333172639211 50.6795744101206 53.0858884255091 53.4439782301585 49.9324301878611 45.8617409070333 42.5227433443069 44.1274394591649 42.2177314758301 39.7828569014867 38.4476110339165 37.8552948435148 38.1706804037094 35.7000231742859 41.4866556723913 42.6339457432429 41.5207619468371 37.2918446858724 35.98952293396 36.111685136954 37.8887802362442 36.2828026215235 44.3358570337296 46.4899440606435 43.4974531332652 42.6307171583176 42.3639168341955 38.4683882196744 36.0869020223618 41.0292272766431 44.9676712354024 51.1316806077957 53.8400163253148 57.5539221366247 62.8990878661474 63.9186948537827 55.4308295249939 53.8643449544907 51.4064331849416 49.1494337717692 33.9273487528165 6.65446432928244 0 0 0 0 0 0 0
45.7598368326823 50.126517812411 47.5045641263326 50.6591697533925 49.3583927551905 49.5254993438721 51.1144548654556 49.9156316121419 51.2253145376841 47.227551539739 46.7379639546076 46.3312119245529 42.42276151975 38.2712011535962 37.5304768482844 40.8962567647298 36.7533018191656 39.902667204539 42.6838050285975 42.1274602413177 39.6498367190361 39.0295460820198 39.1116291284561 41.0808473825455 42.5634731849035 43.9298003911972 48.9687025547028 46.4868446191152 44.185404976209 42.8215463956197 39.6182288726171 36.7664694786072 39.3472636739413 38.1482243537903 39.301410317421 42.4968749284744 48.2155978679657 55.5656651655833 55.3136418263117 45.8173304796219 47.4365055561066 44.0344959497452 45.0705041488012 42.1087443828583 27.0834937691689 2.79724473754565 0 0 0 0 0 0
