input/barkrak2/radiation/dir35224.grid
NCOLS 85 
NROWS 70 
XLLCORNER 665100 
YLLCORNER 4664600 
CELLSIZE 20 
NODATA_value -9999 
[rows 0 to 22 of 70, columns 0 to 52 of 85]
40.968840320905102 52.9692669709524 61.6997430721919 76.4933278163274 81.5146764119466 83.3220233519872 90.8885995546977 91.9176936149597 96.4508255322774 104.293197393417 118.292510509491 114.57281311353 110.328833262126 109.441111485163 111.064165830612 97.162276506424 85.8742495377858 77.3384024699529 75.7480363051097 76.3122240702311 84.1878255208333 99.9175111452738 114.665687084198 118.421256542206 121.473878622055 127.519756555557 126.359502474467 120.536059141159 117.308139801025 122.166723012924 118.907650311788 140.111267566681 168.791910012563 164.065341154734 160.710046688716 155.520141124725 160.825153191884 166.012505690257 160.728851954142 162.486652533213 159.71428155899 167.602082093557 173.482159773509 165.667037169139 156.416078408559 165.590047836304 174.9214331309 131.856779257456 89.0537202358246 85.3785375754039 105.597992738088 144.651065270106 174.848675727844
26.537649333477 37.3887767394384 44.3643579880397 51.6345500946045 64.0020916859309 69.7853962580363 74.230154355367 78.0433962742488 84.8779678344727 90.0298555692037 97.5396831830343 99.2514292399089 108.595470587413 111.024071772893 111.105998357137 100.925127665202 91.9966697692871 84.4334959983826 79.4005542993546 78.0066947142283 91.6343828042348 112.765441338221 125.888109207153 125.379661719004 127.823402484258 132.015526294708 129.41637635231 123.354693253835 119.805991649628 120.307465394338 126.63996219635 147.971153259277 168.210327625275 161.553144454956 159.244537353516 155.953407287598 162.975331147512 166.995962460836 159.60822502772 159.868528445562 158.898254235586 162.28582461675 158.456136782964 148.246626059214 143.178939819336 158.163994550705 158.966402212779 123.769054810206 96.3180263837179 105.57093222936 132.292966047923 163.509507973989 180.054863293966
9.05591621994972 12.2688586513201 17.6285703976949 23.196796576182 28.8977846503258 33.4223955869675 41.6236966848373 54.3852895498276 67.8651879231135 72.2419917583466 80.9856802225113 80.7859102884928 88.5094404220581 93.0774211883545 96.020499865214 101.689388354619 98.1428225835164 92.0355518658956 77.397475639979 71.9773372014364 84.7680568695068 100.679556528727 115.991493066152 121.207853158315 124.610006809235 125.749776760737 124.996950229009 122.128427028656 121.066292126973 125.010867913564 133.674701054891 157.649169365565 168.193399906158 162.749876578649 158.600151538849 158.423999945323 165.213525295258 167.198518911997 161.452958981196 154.947201410929 151.906808217367 147.76357014974 137.983163197835 130.59918085734 132.228235403697 145.312438408534 141.779472430547 117.591261863708 110.978275537491 132.071157296499 155.095785856247 173.973898092906 179.198980331421
3.36084856341283 3.37162644912799 5.11402481546005 5.876741061608 3.66073288023472 9.8306934038798 15.7893312474092 24.7207308808963 36.9151756167412 45.7192212343216 55.100346604983 65.754825870196 76.0865857203801 80.3746283054352 84.8944783210754 88.0099534988403 88.2258216540019 84.0141375859578 73.2325712839762 73.8631337881088 74.7385819753011 79.2982975641886 89.398205280304 100.537717342377 105.601410071055 108.732978502909 113.44967285792 114.508708318075 122.569113969803 126.956929763158 134.62174932162 145.548661549886 147.1173564593 144.851893186569 151.531676451365 158.915301163991 161.135931809743 161.770155032476 152.788877487183 143.715997536977 139.984369277954 133.524199326833 133.718361457189 142.291227976481 146.999378999074 139.479617277781 129.42761182785 115.076432625453 119.318544864655 133.453945318858 153.312842051188 170.358935991923 171.656648317973
10.0294165313244 3.61904036253691 0.634929242854317 0 0 1.84087734669447 8.48421268165112 14.4214779138565 19.4216308494409 22.7735961476962 33.0327724417051 45.0846701860428 54.8076530297597 60.2521101633708 64.2803957064946 70.6199556589127 71.1680253346761 74.0629732608795 69.6926762660344 71.2100664774577 72.3625669876734 72.8845695654551 81.6724002361298 90.0064607461293 97.0644056797028 103.15869251887 106.617987155914 111.593614021937 116.550783316294 121.941496928533 126.871407032013 141.305287679036 135.63272356987 138.834903637568 140.58111111323 139.459977547328 136.217335859934 141.733169555664 138.822853565216 131.388266881307 131.113012631734 132.138798634211 139.942069848379 147.892047961553 147.668649752935 128.52614124616 106.942623853683 105.325490236282 113.736311594645 130.235373973846 156.946023305257 172.360777854919 164.669861396154
31.9265648722649 16.6914090514183 5.55631766716639 0.0890106603037566 0 0.6070660892874 3.6533260717988 9.67037367324034 13.9194056391716 14.2811412612597 18.4658740957578 23.667906721433 27.6781345407168 33.4269603093465 39.4179572661718 47.6302405198415 55.0466279188792 60.8127117156982 67.4844682216644 70.8289841810862 77.1998663743337 80.3518941005071 82.767774661382 84.6159756183624 92.5898055235545 96.695750951767 101.528743902842 106.702109177907 112.989743550618 118.540028731028 127.77308622996 134.901732206345 129.155665636063 131.526152292887 131.335765123367 129.780819018682 127.516488234202 124.017169078191 118.712425231934 129.519164562225 132.88747270902 132.550497849782 134.707192579905 137.31371363004 132.223665714264 108.554085095723 85.5374137560527 93.8379168510437 110.289712746938 140.397389729818 161.837607622147 166.567454735438 156.632155179977
46.6135541598002 30.3907245397568 18.0655916531881 8.10922185579936 1.76709114263455 0.723254556457202 0.647955651705464 6.30995879570643 10.3642791509628 14.4980798165003 15.6785175204277 15.2285086611907 15.0878715018431 15.4366468389829 17.6828267673651 26.0470261176427 33.6893796920776 45.7562704881032 59.7552359104156 69.8809127012889 79.0500938892365 82.176278034846 83.1968684991201 84.5625400543213 88.7607137362162 90.0581081708272 96.9411035378774 100.93546907107 106.399218241374 113.501489162445 124.538362026215 127.61265039444 116.685589154561 114.647348721822 116.989990075429 119.58920955658 120.481749375661 114.594161510468 111.283332109451 106.835643450419 103.665252526601 115.192492802938 122.809390227 129.450142383575 128.052026033401 125.51541129748 130.286872386932 134.861210982005 142.812381188075 152.071346839269 156.260679165522 154.295345147451 149.460266033808
58.3950380484263 43.9617335796356 31.7830766240756 19.4746591150761 10.0485943257809 2.59968669464191 0.236577005125582 0 5.31848768393199 11.7705141504606 17.681165287892 18.2740315794945 16.6577771306038 14.8975240687529 11.4735116561254 14.046440521876 20.4172457257907 30.2364925543467 43.4776544570923 55.0655573606491 65.7211889823278 77.2737512985865 83.5579137007395 82.2881609201431 83.1167995929718 85.3041609128316 88.0683859189351 90.663343667984 93.7046309312185 104.184150695801 112.411598364512 114.912082751592 108.613898356756 105.235318342845 100.944846868515 104.836314916611 108.27292005221 108.42635234197 107.124755779902 93.1593378384908 89.0775124231974 93.6542550722758 114.148358503977 129.084328810374 133.273392915726 138.724456230799 146.729012330373 147.605339686076 151.443928480148 152.496178944906 146.294971307119 146.212468544642 142.021576563517
53.4541259209315 45.548419157664 33.4802021582921 23.5677162806193 17.9847044249376 10.4349677761396 2.10166893278559 0.160273057796682 3.531940591832 7.90069562693437 12.0757408440113 15.8917605876923 22.075114150842 22.8214785456657 18.8924546043078 17.3777863383293 17.0901740590731 19.7605850795905 26.9318123658498 36.820483704408 47.4263976017634 58.4153681993484 68.120151758194 69.6207682291667 72.438915570577 74.2570559183757 75.8237441380819 77.8094828128815 81.9781323273977 83.9192271232605 86.2599412600199 90.3506278991699 92.8484797477722 92.5336082776387 95.0313607851664 97.7116127808889 97.870131333669 101.316273212433 103.738675514857 98.9148418108622 98.0198979377747 103.152334690094 107.966264088949 110.719720522563 122.841248909632 127.39368279775 128.979563713074 136.31205757459 145.239382982254 140.855491161346 133.198281129201 134.949366251628 135.244111220042
35.0748946269353 30.3932204842567 25.7525518536568 21.0725789268812 14.8545441528161 8.38541674117247 6.03140269716581 7.29981437325478 3.72468990584215 1.23833880449335 3.32956636945407 10.919101536274 20.3896003464858 27.7520070473353 31.0885707537333 30.0303002198537 23.7195988496145 22.3919327060382 21.6592103242874 23.9830364783605 30.0048887729645 35.0752547383308 41.8344934781392 50.0996162494024 57.6028376817703 60.1991514364878 62.7720455328623 65.6101405620575 65.161406993866 68.1220044692357 69.6310698986053 65.9466286500295 69.3490405877431 74.8352706432343 85.6180687745412 89.556485414505 88.1647666295369 92.9324726263682 101.784408092499 108.027309179306 109.58660642306 111.343582471212 109.684983889262 109.9733710289 107.399662335714 108.768204847972 134.082605441411 138.555824756622 138.449986775716 139.750778675079 138.60942920049 136.123130718867 136.281758546829
5.05309707174699 1.28279440104961 0 0 0 0 0.558899948373437 6.58908238013585 7.39690785606702 3.92684092124303 1.67913688346744 0 11.6802627841632 23.112915456295 32.2832514842351 29.4686903556188 27.8569435079892 25.5952104926109 22.3590582609177 19.8616857330004 20.0890575846036 21.8206793069839 25.2886364857356 34.5699985822042 44.1010147333145 49.5283703009287 52.1458784739176 52.8673430283864 58.1237922112147 58.1643531719844 57.9601029555003 60.3629251321157 59.880276521047 58.1119408210119 56.2652399142583 66.7326052983602 83.152915040652 87.2936050097148 94.1765507062276 109.625349442164 110.318164030711 109.305699666341 105.54779569308 102.614233891169 104.395588239034 107.966403166453 112.120906511943 111.568361520767 127.707570791245 134.511262178421 136.156479517619 131.849517424901 132.741232713064
0 0 0 0 0 0 0 0.39330089930445 9.51755853990714 8.98029593129953 4.8498281588157 1.43758750831087 2.63824872672558 10.4852095246315 21.546612183253 24.842860798041 30.1244681080182 30.3353890776634 25.4123136401176 20.7901162405809 18.016425271829 17.3867307603359 18.4936200579007 23.5298400123914 29.3900991479556 34.6295237541199 38.3297478159269 41.7964061101278 44.2848652601242 47.9110429684321 47.9628543059031 47.8230863809586 45.6251402695974 48.1068541606267 45.5402185519536 43.0008520682653 49.2834399143855 64.8642629384995 86.3186220328013 99.6347566445668 101.533780495326 100.29873251915 95.0776437918345 91.2400186061859 93.4630632400513 91.7683839797974 94.2987402280172 98.1066028277079 100.178996721903 100.62317053477 125.570406516393 127.63915459315 124.78498617808
0 0 0 0 0 0 0 0 2.49161027992765 11.7376670241356 12.0332216223081 7.81005186339219 1.10862823203206 0 8.12822704513868 20.3197821974754 29.4795110821724 31.4516648650169 30.8465386430422 27.3595626155535 22.8071759144465 23.6286396781604 23.9484359820684 24.4873041907946 26.8489395578702 27.6086553931236 30.9778799613317 36.8641093373299 37.8112842639287 37.4233598510424 40.8328324556351 40.3521408637365 36.5037644902865 33.8288471102715 32.8800727923711 35.308301448822 33.5295870900154 32.9565455516179 33.1277847290039 48.3298848072688 60.0750595331192 73.6254056294759 75.8724510669708 81.1521857976913 84.884246190389 84.4356417655945 82.5383911530177 81.2065502007802 84.4475924968719 85.8458479245504 89.2755091190338 92.5853053728739 112.141162157059
0 0 0 0 0 0 0 0 0 4.89665319522222 14.2709774275621 18.5790633161863 14.6021867791812 7.89522131284078 6.4628937592109 16.8032174309095 25.2265880505244 34.2813010017077 38.7291659911474 38.4306559960047 32.7334851026535 31.3092023134232 30.7955468694369 31.0456156730652 32.7120547493299 32.3115388552348 33.679261803627 38.0525241295497 39.7764096657435 34.2800741394361 34.1209645072619 36.8856738011042 33.6521118879318 28.8454070687294 27.8973430395126 26.2326548496882 22.4308172861735 20.2370956540108 18.0426798760891 16.1003743608793 21.7551117142042 30.4434920350711 35.0125556190809 44.3911850452423 50.8824686209361 64.3147031466166 67.0862098534902 63.0030532677968 64.0397568543752 64.3721520900726 66.0582482814789 73.3536233504613 80.7685355345408
0.225425173994154 0 0 0 0 0 0 0 0 0 10.2295260876417 25.8817424376806 32.0531676212947 26.629018286864 16.7384284238021 15.7656259834766 18.121961504221 27.0320475101471 37.3391509056091 45.6990202267965 45.5404619375865 42.4112727244695 41.5433769424756 38.6747121810913 38.5704636573792 38.4546642502149 39.0324915448825 39.5624910791715 40.3561443090439 35.1471776763598 31.9358706474304 30.5295983950297 27.0566940307617 25.5588342746099 25.146688024203 21.3038598497709 17.1476267278194 14.0787238876025 12.9913414518038 10.2440553406874 6.80161640048027 6.13064443071683 16.0451680421829 23.1178229053815 33.0249468485514 38.9153758684794 46.5309818585714 54.4104973475138 54.9013515313466 51.5147944291433 55.4039031267166 59.4141980012258 65.776988863945
0.804054628436764 0 0 0 0 0 0 0 0 0 2.83283336708943 20.9597249825795 34.5165207982063 37.2742936015129 32.5979342063268 18.7088847160339 13.6955839892228 15.4220014810562 25.1962393522263 40.8638914426168 50.3778358300527 48.5677818457286 49.96657371521 45.4542686541875 43.6495840549469 45.8632359902064 45.5888112386068 43.3421383301417 40.3263842066129 41.5371060371399 35.1564238468806 30.8416088422139 25.3960738579432 20.5999749402205 17.012653251489 13.9306137959162 11.0071375966072 7.18388768533866 6.15740691622098 4.54472657293081 2.80849076807499 1.28393666818738 1.69111896927158 3.6971066147089 13.9201730489731 27.1601105729739 35.5199227730433 41.203498840332 44.9602057536443 46.357586979866 47.9697038729986 53.4461736679077 55.7403266429901
0.409070169553161 0 0 0 0 0 0 0 0 0 0.214752372509489 13.4691620866458 29.2688558499018 40.7995854814847 41.1030799150467 34.6474722027779 30.0027777751287 23.3017255862554 18.9923581977685 24.7853646675746 40.6694362560908 52.272766828537 54.840678970019 53.9580732584 49.110934138298 49.9287843704224 52.1280864874522 50.9132295846939 48.7629473209381 45.9168255329132 37.7754320700963 32.6797018448512 25.5814716219902 18.8634532193343 13.8501189649105 10.3680503865083 7.58777124186357 4.73499950021505 3.11775505542755 1.80790526792407 0.202813011128455 0.0144033826169713 0 0 0 9.28254735966524 19.2264939347903 24.4583735863368 27.9787729183833 35.1383288701375 42.0559694369634 47.8983869155248 52.4987280368805
0.0926881233075013 0 0 0 0 0 0 0 0.200746561555813 0.278111120375494 0.288488595591237 8.45686594645182 17.4282516042391 29.3993776043256 40.6393334269524 47.7064152558645 47.9169636964798 39.3572722872098 28.2939523458481 20.5242459972699 27.2087678313255 44.5432960987091 51.3933400313059 53.8633515437444 56.2191853920619 57.2982579469681 59.9645574887594 59.2854817708333 57.0263117551804 51.9018123547236 43.1715399026871 33.236933251222 26.0719110568364 17.9322858651479 12.2645869851112 10.0766370693843 5.65357568363349 2.40375520661473 0.589309182638923 0.0936804766145845 0.0013175146402015 0 0 0 0 0 6.36508812506994 9.75149062772592 11.7091250916322 18.0799029767513 23.6814667781194 30.456081032753 40.134608745575
0.103976994675274 0.148649065522477 0 0 0 0 0 0.460604865414401 1.01130882588526 4.64345266421636 9.70245028535525 11.6788359979788 14.525988449653 21.9494452079137 31.8473801016808 42.4787203470866 47.3604102929433 47.8487660487493 45.7689066727956 34.7220624486605 23.7915466229121 32.3798010746638 40.2028759320577 48.9045480887095 57.5011869271596 63.5245988766352 64.7686223189036 64.2372816801071 57.372639576594 56.0082147518794 43.6890025933584 34.3784292538961 23.6186956365903 16.9992744922638 9.49306103090445 4.92994797726472 1.88914438088735 0.53060962818563 0.0234789768001065 0 0 0 0 0 0 0 0 0 5.60476879278819 7.78956649204095 8.59263415137927 11.4106610417366 17.4037143588066
0.0698519725119695 0 0 0 0 0 0.0047997940176477 0.968771521002054 1.67378333086769 1.92460247005026 1.53603016709288 5.54279362161954 8.91582854092121 12.0784379541874 20.1566989223162 32.9274758696556 40.4733295241992 43.7278747558594 48.1520543495814 47.5241243839264 39.6844620505969 32.173012693723 34.1730043292046 41.7809585730235 50.1976360877355 57.3822259902954 63.8790676991145 65.329705675443 57.6946437358856 47.8082299232483 44.6777641773224 35.0529551506042 23.0645835399628 15.6050932904085 7.14977333943049 3.07372895379861 0.536538039644559 0 0 0 0 0 0 0 0 0 0 0 0 0 0 0 1.6646363462011
0.693166085208456 0 0 0 0 0 0 0.873799591014783 1.58274794618289 1.62643240764737 1.19400249483685 1.04897422716022 1.93101059024533 3.45454551279545 9.39509769280752 18.6331036190192 26.8143862485886 32.7241793274879 40.0975073377291 50.8163372675578 55.4703275362651 47.1699883540471 45.1866785685221 48.1429696083069 49.8189479112625 51.4333148797353 54.8996527989705 59.6502075592677 54.494579633077 44.0005362033844 32.2620098789533 24.9823480844498 15.9110414485137 8.30088493724664 1.37863401323557 0 0 0 0 0 0 0 0 0 0 0 0 0 0 0 0 0 0
7.24594853818417 2.39568405474226 0 0 0 0 0.298357064214845 1.88819055135051 2.85659668346246 1.80402087668578 1.66492598752181 0.92655459108452 0.294726768818994 0.0685500611628716 2.95981826881568 11.7828026413918 20.8084943393866 27.3064151406288 34.4795137643814 45.4115172227224 51.1550754308701 60.8721276124318 64.8828446865082 64.2172197500865 58.4959586461385 51.6596784194311 46.5187927087148 42.0801689227422 51.0091384251912 38.0309348305066 23.1267660856247 13.5620820025603 5.84999471902847 0.432293551663558 0 0 0 0 0 0 0 0 0 0 0 0 0 0 0 0 0 0 0
29.7326594591141 24.0244915088018 6.35287972788016 0.619522101866702 0 0.0242186773296756 2.43798984835545 3.43908524761597 2.80576292425394 2.15784118821224 1.7101854706804 2.43664253503084 5.96934991578261 4.56489374240239 5.21774838368098 9.12562695642312 17.3748197654883 24.4386245807012 28.927226861318 31.421904762586 34.7124586502711 47.2987244526545 57.5412611166636 60.7449462016424 59.5007836818695 53.9101113875707 47.3865618308385 41.6846474011739 33.8087131579717 28.1633039315542 12.4223331610362 2.88044816503922 0 0 0 0 0 0 0 0 0 0 0 0 0 0 0 0 0 0 0 0 0
