input/barkrak2/radiation/dir32524.grid
NCOLS 85 
NROWS 70 
XLLCORNER 665100 
YLLCORNER 4664600 
CELLSIZE 20 
NODATA_value -9999 
[rows 23 to 45 of 70, columns 0 to 51 of 85]
73.4200378259023 62.9182656606038 31.149685382843 14.0267635385195 9.76689284046491 14.8217665652434 16.5865731736024 5.58293176194032 4.02691680938005 3.65067211290201 6.31077463428179 14.376108845075 16.3449458777905 20.5177888274193 17.8929989536603 18.8104833165805 24.4661842783292 33.6409658193588 37.9331981142362 32.4417650699615 31.0963069399198 34.7917526960373 46.125719944636 56.4105411370595 62.3301764329275 61.6482893625895 56.6248099009196 48.3394165833791 30.8592642347018 13.4881536165873 9.16586443781853 2.91178810099761 0 0 0 0 0 0 0 0 0 0 0 0.633795862086117 0 0 0 0 3.84129242350658 4.24306777616342 5.6460052728653 0
73.0598668257395 69.014181693395 47.3213493824005 18.8696856300036 3.75635673602422 14.177134881417 10.2939543624719 14.3231078982353 6.08278438448906 5.16449225445588 4.6584897985061 12.1674314141273 13.9853917062283 18.1006453931332 18.039216597875 17.754169801871 21.3383386532466 31.3985596100489 36.8848318854968 30.641220510006 29.2318711678187 26.2189209461212 34.4130247831345 41.7787581682205 45.889342824618 46.8226124842962 44.0509567658106 39.7801995277405 19.4432412584623 8.27359346052011 4.42091468721628 3.01318429410458 0 0 0 0 0 0 0 0 0 0 0 0.898450535411636 0 0 0 0 0 0 0 0
60.3070010741552 64.5979543526967 57.5918604930242 28.1864479184151 4.52936006089052 14.6765348811944 21.235687037309 28.7700941165288 29.1281541188558 23.3279292782148 18.7547132372856 20.6484496593475 20.0594241420428 25.4066015283267 24.7205843528112 20.0036987662315 21.051270266374 30.1932170987129 37.510946393013 39.8324777682622 39.4310802221298 35.3363901376724 32.5601398944855 33.0881426731745 35.6825267275174 37.3681659499804 34.1138044993083 34.3511750300725 20.699438949426 16.2993843356768 13.308389733235 16.4992834130923 11.1997214456399 0 0 0 0 0 0 0 0 0 0 0 0 0 0 0 0 0 0 0
59.0056677659353 63.9844834804535 61.736524105072 37.2075587511063 14.9461254477501 26.6211032867432 38.683978219827 48.1753945350647 57.5167834758759 49.0488857030869 34.474623699983 34.9982579549154 32.8717057903608 35.1882254083951 34.7224002083143 26.8862197796504 24.2664317289988 32.1164205670357 39.7809421022733 49.1916785637538 50.0720739364624 48.3769128719966 40.4436265428861 34.8455905914307 35.8649020393689 37.7096881469091 33.4159259994825 40.4986416300138 37.9373828570048 36.5219836433729 40.9499605496724 57.4924846490224 65.483421087265 45.309712489446 0 0 0 0 0 0 0 0 2.54699122160673 0 0 0 0 0 0 0 0 0
60.4037543137868 59.3852996826172 59.478372335434 43.0086900790532 39.1938760876656 47.3059564828873 60.4887753725052 66.1036769549052 69.263036052386 56.4231425523758 44.4578131039937 39.6909788250923 37.5640715161959 36.4581396182378 39.3743912378947 35.1067061225573 30.2802970012029 35.5818470319112 47.9511866966883 52.5158445040385 50.5631814400355 42.5113340218862 40.4280970493952 40.997306505839 41.2469456593196 41.7427668968836 39.4568045934041 49.3632803360621 65.5935704708099 69.9932873249054 73.9898681640625 80.6011855602264 91.1086201667786 97.0054070154826 53.9904882510503 0 0 0 0 0 0 1.72658745820324 0.856776876995961 0 0 0 0 0 0 0 0 0
63.324565688769 53.0487348635991 53.5786698261897 45.7237015167872 58.184489607811 59.8846574624379 62.913566827774 60.7904742161433 54.5356273651123 44.3580448627472 38.5170703132947 33.8823248942693 35.568838318189 39.5285487174988 40.3998444477717 43.1266129016876 38.5129600763321 35.0572591026624 44.6238070726395 46.5742697318395 44.048418601354 37.3597890138626 37.7211372057597 44.0717041492462 46.2306688229243 43.0164933204651 43.6610082785288 49.6147473653158 72.1043994029363 85.0128829479218 92.4826264381409 96.7218081156413 103.896617889404 106.911510229111 96.270740032196 28.6952455838521 0 0 0 0 0 0 0 0 0 0 0 0 0 0 0 0
64.4195179144541 48.201709985733 48.3746826648712 50.613060593605 59.8764816919963 59.4579776128133 49.9390413363775 37.8125707308451 17.4865449468295 16.8339014053345 21.5386102596919 26.4270901679993 31.9003363450368 39.963165918986 43.324093023936 48.0064551035563 44.2040612300237 32.5129975875219 35.297858218352 38.7125611305237 37.6288567980131 37.8415733575821 37.7444475889206 43.8697437445323 48.9422629276911 45.8930780490239 48.3363370100657 50.0002354383469 65.9056007862091 87.6252551873525 101.0995109876 107.427000999451 107.644597689311 109.448701143265 115.824570258458 96.4725911617279 22.7298587560654 0 0 0 0 0 0 0 0 0 0 0 0 0 0 0
63.3842349052429 63.9787564675013 82.8461150328318 112.006644407908 89.6871586640676 66.4615531762441 40.671169757843 11.698962499698 8.38948289553324 17.981876929601 12.225894878308 6.10595569014549 32.0518563191096 40.2422820528348 46.7769255240758 52.0572563012441 48.9136278629303 37.0830446481705 37.2410888473193 39.9180004994074 37.2210592031479 40.6316717465719 42.2271390755971 44.3811664978663 50.6559759378433 54.4815907875697 52.7307937542597 55.5258591969808 67.5897846619288 90.8344388008118 108.515242735545 112.18269666036 108.948449293772 116.036295890808 126.353204250336 129.208485285441 100.826561450958 47.7992345889409 2.64609480897586 0 0 0 0 0 0 0 0 0 0 0 0 0
74.8597532510757 106.077472368876 152.056276798248 172.892332077026 151.126305262248 103.446543216705 59.5752994219462 33.5615873336792 29.3717409173648 32.1382532517115 26.0504633188248 22.3665535449982 30.3240939974785 39.8397843043009 51.2721935908 53.7066558996836 50.9677678346634 45.882319410642 39.5206163326899 40.6186580657959 40.9213776389758 43.6906516551971 45.9877004226049 46.5292284886042 51.0415534178416 62.4766101439794 62.4522070089976 67.7420844634374 76.712965965271 92.6267206668854 106.437146663666 115.957508484523 117.775152126948 121.871133645376 126.976350943247 127.646843592326 122.103154659271 100.649197896322 42.8402721881866 0.79124141484499 0 0 0 0 0 0 0 0 0 0 0 0
131.590674320857 166.850328445435 192.513664563497 193.851033846537 191.816687583923 165.249129136403 126.220762729645 90.8268590768178 69.6502675612767 59.5214317242304 54.1842927535375 44.6958839893341 34.1858739654223 37.2224400440852 48.3779807885488 55.0868411858877 49.9189893404643 50.621822476387 40.3603663047155 39.299118022124 42.6532179117203 43.968270222346 44.5180336634318 45.332392056783 49.5051791270574 61.9516273339589 68.2757049798965 75.2858966588974 84.6907695134481 91.7564332485199 101.577421029409 111.428658167521 116.325328747431 114.604304234187 114.516923824946 108.021318912506 110.552241404851 96.024215221405 53.1272540489833 2.42192049821218 0 0 0 0 0 0 0 0 0 0 0 0
184.251586596171 201.054294904073 206.291576226552 205.22020260493 206.661423047384 201.208651065826 180.696348349253 140.387117862701 103.995452324549 82.1252514918645 84.8550399144491 72.3795791467031 50.1481493314107 43.9100563526154 48.0617731809616 51.2715578079224 45.1708137989044 45.5978016058604 39.2728646596273 40.6364873051643 39.1617963711421 41.1916052301725 40.5214677254359 40.9132391214371 47.1164782842 56.0945769151052 66.4659490187963 71.1874663829803 79.9793899059296 91.6040341059367 101.814488569895 103.593091169993 96.2039033571879 87.7348879973094 89.7998611132304 75.9924799203873 76.8329699834188 62.661404410998 29.402660826842 1.09682961677512 4.7170997907718 3.13515247156223 0 0 0 0 0 0 0 0 0 0
199.14456208547 207.853674888611 205.925444761912 208.212514718374 207.960267861684 205.257376035055 197.331090768178 166.864395141602 122.9647397995 93.9013063907623 96.5008536974589 89.2789959907532 75.2260138591131 55.2391161521276 48.2073922952016 48.9210387070974 43.4388369321823 39.7261704007785 39.4740253686905 42.2967970371246 38.2622083028158 38.1906380256017 39.3276562293371 40.6098241607348 44.5124953985214 51.1696139971415 60.1531366507212 61.0483984152476 70.4243977864583 86.3763093948364 94.1886206467946 92.8614139556885 88.0647301673889 82.2751770416896 75.6088495254517 63.2628897825877 67.0906404654185 64.3930335839589 45.5749233563741 13.6286566654841 12.1912186344465 0.61864343782266 0 0 0 0 0 0 0 0 0 0
192.276378472646 196.801960468292 192.562997341156 194.680432478587 193.578839302063 188.669145107269 182.310183842977 164.589295784632 128.855208555857 106.696218252182 101.833293835322 95.5686072508494 87.8804624080658 63.1635586420695 51.8239984909693 53.2952050367991 46.4160939057668 38.4588787953059 41.9933597246806 43.1404610474904 42.1114464600881 38.7230589985847 42.2902703285217 45.454074939092 44.1831698020299 48.9319463570913 53.282951315244 54.0180007616679 60.6315284967422 78.6448220411936 87.2199336687724 86.192399263382 89.066743850708 89.9142722288768 75.2155780792236 69.2634185155233 73.1811026732127 79.6734640995661 74.1213063398997 36.8990028897921 9.57884701589743 0 0 0 0 0 0 0 0 0 0 0
167.128503322601 170.9912220637 172.653158505758 169.940491517385 169.207771619161 167.217353979746 171.980559825897 168.540139993032 140.037357807159 114.5987311999 104.732771714528 88.6289576689402 78.856572508812 59.3312879403432 47.9490458965302 53.4316748380661 55.0453662872314 43.8185234864553 45.9257413943609 48.7967431545258 48.4694937864939 44.2956934372584 45.1809912919998 48.2577582200368 46.4772284030914 46.7090010643005 52.4328052997589 57.6616177956263 61.3184322913488 72.6153552532196 84.8027169704437 89.1561309496562 89.8661911487579 93.8292940457662 78.5026401281357 78.8770765066147 78.1873216231664 86.6669317086538 86.2063765525818 47.8253265221914 0 0 0 0 0 0 0 0 0 0 0 0
142.739355564117 152.545928955078 164.312362670898 161.405881245931 160.216331481934 166.842003663381 176.055490970612 178.215305010478 159.925649563471 127.148369948069 106.127788623174 80.6243121623993 64.2932305733363 52.6854495207469 44.157475233078 47.7040509382884 58.7805608908335 51.0965834061305 48.281858364741 51.1512011289597 51.6104350487391 48.6063808202744 45.9867517153422 47.639121611913 48.9072402318319 48.3598609765371 51.2629201014837 59.5695525407791 63.0729893843333 67.5790458917618 79.0795733531316 89.1192257404327 91.6231572628021 86.0662261644999 74.6336927016576 86.742639541626 89.1293485959371 93.1284725666046 92.9451584815979 67.9901987314224 0 0 0 0 0 0 0 0 0 0 0 0
106.238166491191 117.731501658758 126.770198345184 131.708641846975 140.20448923111 156.493008136749 170.618931452433 179.905772209167 175.245881080627 145.494749148687 111.540764570236 78.9655844370524 60.6793860594432 57.0341994365056 49.4903177022934 43.6983555555344 53.7186364332835 55.0873031218847 49.3953277667364 49.2367843786875 49.8696267604828 47.1096734205882 44.1609422365824 45.3138997157415 48.5577136278152 52.9902378718058 51.8446465333303 56.843156615893 61.5503887335459 62.7875477075577 71.0673630237579 85.5363408724467 89.1344547271729 75.7934947808584 77.6370614767075 95.2246189117432 98.7467567125956 96.4315434296926 96.7161655426025 92.9451584815979 39.5667205254237 0 0 0 0 0 0 0 0 0 0 0
71.7280954122543 78.2451877991358 77.8949956099192 88.2912576198578 103.907396396001 121.868501106898 137.478450934092 150.800098975499 152.210811773936 128.2626191775 92.8424000740051 68.6771621306737 55.738906065623 53.993875781695 50.9914557139079 45.9932585557302 50.5091448624929 50.8020172516505 44.5175170898438 45.3265607357025 47.694057226181 50.6508896748225 49.6425280968348 46.4037557442983 45.7423975070318 48.0353534221649 54.016242424647 57.0055743058523 60.6991797685623 60.5537245670954 63.1391257047653 75.0457843144735 82.0373843113581 78.5202085971832 95.8295166492462 103.849540154139 103.927701711655 97.7624754110972 100.590169429779 113.820423682531 104.025950034459 47.7862854798635 0.41821824076275 0 0 0 0 0 0 0 0 0
60.8197202285131 62.9070699214935 62.6363754272461 64.7989908854167 73.4761953353882 79.8441469669342 84.0764045715332 90.158889691035 90.494434038798 75.5122800668081 59.6302648385366 55.2520155906677 53.910364707311 51.5634169181188 50.0653237104416 50.5793889363607 49.2540299892426 48.607125878334 44.3517218033473 44.2241032918294 48.3046273390452 54.1983346144358 55.3097575902939 51.2374937534332 48.4569221735001 47.0342338085175 54.8484226067861 58.6573779582977 61.8208746115367 61.4652583996455 61.595211426417 68.0886407693227 75.984979669253 85.6379965941111 102.503607670466 102.203160524368 94.1782593727112 86.7679913838704 89.3554488817851 105.016489823659 114.913324515025 105.814854303996 58.1692258516947 5.2437304208676 0 0 0 0 0 0 0 0
69.0588156382243 66.5343503157298 66.7750438054403 66.3029948870341 62.9994173844655 60.9660595655441 59.7707331180573 60.8635147412618 66.1220848560333 58.4506640831629 50.802156329155 52.5568872690201 55.7457804679871 55.9558719396591 54.6340644359589 53.3468474944433 48.066387573878 54.566815495491 55.7602296272914 51.8255631128947 53.9776831865311 54.4768373171488 52.8882294893265 54.7943661610285 56.9396913051605 52.6099652051926 56.5497775872548 59.0007603168488 61.9263152281443 63.5979225238164 64.0825579563777 67.6083813110987 74.022501707077 91.1009808381398 98.1534322102865 91.1762615044912 81.0421605904897 73.4682331482569 69.8063522577286 79.9953043460846 105.491916338603 112.210174401601 88.746855656306 35.3792384266853 0 0 0 0 0 0 0 0
73.5231389602025 70.6413288911184 73.3663936456044 72.0883707205455 65.2318994204203 62.1106773614883 59.8108619451523 57.3632220427195 57.5069487094879 54.3697973092397 52.9892941315969 52.8558989365896 56.9538772106171 60.4837338129679 60.1915220419566 57.0166707038879 53.9969106515249 59.3055933713913 61.6494715213776 56.7100793123245 54.3439984321594 51.9548604885737 48.0030874411265 49.8645653327306 54.8073748747508 52.114059527715 49.2882778247197 53.7929187218348 57.5820902983348 61.2704952557882 62.525600194931 62.295600771904 72.1973478794098 90.814878543218 95.6452985604604 81.9406608740489 71.723073720932 68.869282801946 68.6134000619252 77.243318160375 82.2687794764837 85.0604971249898 73.6225744088491 43.3029731114705 0.0899045747549583 0 0 0 0 0 0 0
57.8980147838593 60.6026550134023 69.2003965377808 66.5756811698278 69.1374540328979 71.4342047770818 70.7692950963974 66.4082219203313 56.1439841985703 54.9804468949636 58.1255555152893 55.0961643457413 56.2653740247091 59.8548203706741 60.8323762814204 58.2215736309687 59.6833378076553 60.9124104181925 61.9839330514272 57.3470145463943 52.0868102709452 49.1320639848709 47.0005224148432 47.0195462306341 49.6190587679545 53.7878523270289 48.6136972904205 51.0628273089727 55.0264815489451 56.2691787878672 56.3737253348033 54.0808737277985 63.4456425905228 78.4177283445994 83.644966284434 74.0735828876495 70.3333715597789 73.3665724595388 77.3019939661026 76.2344698111216 71.6734329859416 70.5521752436956 66.1564022302628 42.3337668180466 3.99008983125289 0 0 0 0 0 0 0
56.3995589812597 62.1956884860992 65.2386844158173 65.8961733182271 67.624568939209 69.9752420186996 70.4287042220434 66.5623197952906 62.3010247945786 58.3059738079707 59.8374356826146 57.513028383255 55.1117012898127 54.0452500184377 53.3012350400289 54.1729480028152 51.3536234696706 57.6053311427434 59.183860818545 57.0884793996811 53.626537322998 50.8436560630798 50.9980022907257 51.4521102110545 49.0527699391047 57.811051607132 60.6642862161001 57.2430392106374 56.9300800561905 55.2666534980138 50.9870698054632 49.7920662164688 55.1639447609584 58.7138583262761 65.2747998634974 68.3854669332504 71.8981524308522 78.0628671248754 79.4304509957631 74.0916877985001 72.2958395878474 66.4184590180715 64.4450138012568 46.5620656808217 17.3815513650576 0 0 0 0 0 0 0
62.7237359682719 67.342941959699 64.4399672746658 67.7269597848256 66.3568675518036 66.4034138123194 67.8949356079102 66.6798104842504 67.8698619206746 63.3776982625326 62.3603165149689 62.1172189712524 57.6934218406677 53.1077434619268 52.6507198810577 56.7354659239451 52.0458767811457 56.0703078905741 59.8254005114237 58.4828456242879 55.6086152791977 54.8441261053085 54.3062488238017 54.8773109912872 57.162861029307 57.0906152327855 63.4818275769552 60.7144435246786 58.0383638540904 56.3969314098358 52.3075759410858 49.5524853467941 52.7280867099762 51.1395583550135 52.4911383787791 55.3150375684102 62.1620168288549 71.8651860952377 71.8514273564021 60.715655485789 63.4894122680028 59.1023067633311 59.2856506506602 56.1800847450892 39.1225889325142 9.95684353013833 0 0 0 0 0 0
