input/barkrak2/radiation/dir31124.grid
NCOLS 85 
NROWS 70 
XLLCORNER 665100 
YLLCORNER 4664600 
CELLSIZE 20 
NODATA_value -9999 
[rows 0 to 21 of 70, columns 0 to 49 of 85]
102.759599685669002 117.457667986552 133.926659822464 154.544214407603 165.417780478795 167.954007784526 165.242244799932 162.794242302577 160.983224709829 164.361476898193 164.975702762604 161.33572657903 156.91876411438 157.668242851893 162.580460309982 150.599618752797 137.425899505615 125.297824541728 124.149739742279 121.236513058345 121.609389781952 144.229114055634 166.656066974004 172.281881173452 175.623297691345 186.392386754354 184.877435366313 174.213031927745 165.758788585663 166.641265153885 162.051647901535 185.066103935242 229.124029477437 226.510008176168 223.342776298523 211.061120033264 215.590834617615 227.325876553853 225.814600785573 224.027395248413 215.288937091827 223.843395709991 229.738791783651 221.563140551249 210.740268230438 217.810293038686 222.236553827922 180.253624916077 125.259856383006 120.93515197436
82.2079032659531 97.1440275510152 112.669805685679 129.350662231445 144.953409830729 153.270463148753 159.076422452927 165.029346942902 170.595665772756 170.296311378479 168.928424517314 164.308130741119 159.324616193771 159.480432669322 159.539967775345 148.052404324214 141.376207272212 133.738060792287 130.176325639089 125.528792540232 137.135157982508 162.088046471278 181.378086407979 182.054102420807 185.318152109782 191.006362438202 186.89501285553 177.936176458995 169.577022393545 168.358027935028 169.403990109762 196.802655855815 230.681320031484 228.633423646291 221.986611684163 213.996251424154 220.41126092275 230.648040771484 225.337545077006 223.578810691833 218.779325485229 219.668030738831 216.197609901428 206.143498420715 201.01797580719 214.364171028137 214.219768842061 169.38861211141 132.211834192276 143.937160571416
46.5860217809677 56.8652401367823 66.7233963807424 76.0936190684636 89.8208419481913 106.722633043925 121.07648452123 140.968898932139 153.784195582072 157.04224507014 160.837074120839 164.037446180979 166.792412598928 168.476064999898 170.175890127818 170.587678750356 166.836460431417 156.093120574951 144.197007020315 138.339151938756 150.990148385366 168.915430704753 180.393656094869 183.145006497701 185.958425203959 185.398558775584 183.424115180969 177.389661471049 173.024435838064 176.058133443197 186.930457750956 210.432549317678 224.663515885671 220.098813374837 215.139667193095 214.534004529317 227.832516034444 233.558257420858 227.3042400678 220.714330673218 214.270492394765 204.45191860199 190.7097697258 183.99719397227 190.323332945506 207.312444845835 199.815968672434 163.564999898275 153.166900078456 172.35787709554
29.0949096282323 30.918558438619 34.2060178518295 37.8083984057109 43.7359909216563 48.8199889659882 63.7201964855194 79.3149471282959 105.995913346608 124.056339263916 141.491750876109 157.878210147222 167.735914389292 171.187082926432 173.072020212809 179.306864738464 176.420867443085 166.676024595896 149.786730607351 142.630318800608 146.599272886912 150.220294793447 163.229654232661 171.864748001099 173.370003700256 173.551440238953 176.669239997864 176.439881324768 177.745699882507 184.048195679983 190.141121546427 210.698485374451 214.163184165955 216.486096382141 215.149919191996 215.670724709829 218.263665835063 219.013551870982 214.197993278503 205.187678337097 199.388484160105 188.389539718628 185.165842374166 197.170694669088 209.009448687236 202.62869199117 184.535384178162 161.30331158638 163.077215353648 176.313022772471
41.172722975413 31.6108092665672 22.9210009177526 18.3520776530107 16.6443884372711 28.2766421635946 46.2638239065806 59.1150522232056 69.7641472021739 76.7989257971446 97.3689357439677 129.455784956614 146.505753199259 152.30268239975 159.34157371521 164.183596769969 162.247627973557 155.527055263519 148.666272560755 143.070618311564 140.527645746867 141.11140370369 151.667386293411 162.469754616419 166.935364405314 172.945539156596 174.84176158905 175.990402698517 177.487969398499 179.099321365356 185.742457707723 209.632615248362 207.041303316752 209.322730700175 208.931028842926 207.658569018046 206.882774829865 204.258561134338 196.412285168966 187.158524990082 186.343510945638 189.243455727895 197.201907634735 208.468397458394 210.15872557958 185.299654801687 155.135760704676 147.263785203298 156.966686248779 175.546209017436
66.9858704010646 50.606240828832 31.7286401987076 17.7733438710372 12.3429882029692 18.4230307737986 32.6818774143855 47.8510161240896 53.50261926651 55.8500736951828 63.2579326629639 72.4715938170751 80.9231450160344 85.0286583105723 95.3711867332458 106.71599706014 108.000139395396 120.395749807358 139.453728993734 146.876037120819 149.57191546758 149.620721737544 146.370063225428 151.13819638888 162.092208862305 167.927920818329 171.827991803487 175.762852032979 179.766197999318 182.20579624176 193.939546744029 207.32311407725 199.191927909851 200.227439403534 201.308806737264 200.817902882894 198.217451572418 193.384369214376 184.594213962555 186.37216091156 187.227189540863 186.003088951111 190.471808115641 198.043783505758 189.692417780558 144.72829302152 127.468516429265 136.96414232254 156.884531180064 195.707003275553
82.5574100017548 68.603386481603 55.230125784874 38.0171736081441 23.8676890730858 16.4491720497608 20.7304619252682 35.0356847047806 46.1504956086477 55.7315746943156 54.5826504627864 51.3941943645477 49.3690222501755 47.1968501806259 46.8383133411407 56.1355849107107 67.6831404368083 83.767424027125 104.451199372609 116.866558790207 127.747595310211 140.386740366618 135.972678661346 136.063873767853 142.403950293859 151.081830263138 158.432831366857 166.376620531082 172.683000564575 182.124455769857 194.056630134583 198.237796624502 189.276576042175 184.98839934667 185.537377993266 186.066011587779 186.100463072459 181.253711382548 176.154692967733 170.63828309377 165.677676598231 168.14923286438 176.33052666982 184.162378311157 180.623094240824 173.429210980733 183.158755302429 191.642642021179 203.887859980265 218.389848868052
87.2751971085866 77.948585152626 69.1536366939545 59.3469043572744 46.702633301417 25.4496236642202 13.8087309896946 12.8820811708768 28.3815786242485 45.2099740505219 53.2097220420837 51.4668524265289 45.5513894557953 40.9375503659248 34.831757346789 36.0348348816236 44.1739360491435 57.1471452713013 77.0557324091593 92.8232967853546 107.885599136353 121.362646420797 131.533801555634 129.988352457682 130.665590365728 130.94899058342 134.032060702642 144.301702578863 156.246930360794 167.173624038696 179.498553276062 181.978940963745 174.14003610611 169.156908988953 165.326565504074 165.998836358388 172.21462726593 170.779784520467 168.167392412821 151.248633861542 147.376954555511 155.169785022736 172.536432743073 186.825752258301 189.142266909281 195.734779040019 208.418707052867 210.496127605438 219.060719013214 219.281772772471
83.9554667472839 73.7392803033193 67.2812461853027 65.6796942154566 60.6263379255931 43.1743810574214 26.585357884566 12.531753629446 18.8971323271592 27.4894585212072 35.1665293176969 43.4975375731786 48.6664871374766 49.3591527144114 43.4985756874084 41.2232677141825 40.0392338633537 44.909010330836 54.5312662919362 67.5640652577082 82.5857818126678 96.2002078692118 108.533918857574 111.812909444173 115.264316399892 115.764409303665 116.063356399536 121.949841578801 126.765310764313 142.000675201416 153.595924377441 155.943473180135 151.922305425008 151.643355687459 153.089175621668 157.07665681839 159.286310275396 161.496977011363 162.903974453608 156.597564617793 162.196656068166 172.237475713094 180.391589800517 183.471202850342 182.618280251821 182.177980740865 185.877124468486 198.007345199585 211.780587832133 208.78795782725
62.8559440374374 60.3688607613246 54.1448841492335 48.52095246315 51.1957655350367 55.6439906358719 42.4914211034775 33.8295623660088 19.9252739548683 14.440156519413 18.9382955431938 30.1676467061043 47.6627250512441 59.1849684715271 60.1010074218114 54.0259977181753 47.9620595773061 47.4392622709274 47.5001633167267 51.8399327993393 58.8867863019307 65.22136926651 74.7566471497218 85.226317246755 93.4180716673533 97.1030692259471 98.7838705380758 103.657861550649 108.008941014608 114.870180686315 118.65508556366 125.405649344126 133.364041646322 137.928664684296 142.260680596034 146.393805742264 145.906974871953 151.963502168655 157.785971959432 167.930404345194 179.421663284302 184.836705525716 184.50516462326 183.439989884694 179.458280404409 178.702632586161 189.804792404175 198.620478312174 200.231850147247 200.189054012299
29.3241590261459 27.6070858041445 26.8346965312958 30.6232497096062 24.0646923581759 31.6337595383326 33.7842578689257 31.4746598402659 24.3024602532387 18.2215372721354 15.8843100070953 18.7860851486524 31.1939045786858 47.3227302233378 59.6107790867488 54.3819715579351 52.8756032387416 51.4376312494278 47.7112382650375 45.5276966094971 46.5232829252879 47.2312370936076 51.6025274991989 64.2808228731155 75.3601640462875 83.3888649940491 84.6550365289052 86.9045158227285 96.1423019568125 101.531287034353 103.991190592448 107.718249162038 119.015485048294 127.410729726156 129.763424396515 133.389393488566 139.581968386968 144.803623358409 154.967149098714 172.721644242605 180.264453093211 181.167006492615 180.073459943136 178.697486718496 178.376038869222 182.236671447754 189.230799674988 189.883351325989 191.383481025696 197.118441263835
5.78177596131961 6.44791436692079 6.35268663366636 2.65450092653433 0.0516426565203195 1.0831953647236 7.46692530810833 21.6395954291026 28.5308137536049 27.761809527874 20.7550389071306 16.6303068399429 19.3663612008095 31.3674733042717 46.3231752316157 48.2888917128245 57.249183456103 57.990441719691 51.7982095479965 45.9268490473429 43.3777968088786 42.3557658990224 43.4030095736186 50.5944738785426 58.0199062824249 64.9942010641098 67.9067919651667 70.2231029669444 75.2309560775757 84.7802956899007 89.9688204129537 94.368835290273 97.5531240304311 100.680510203044 106.796433528264 115.30747016271 126.562426487605 137.224644422531 145.405610402425 163.044343392054 169.727921485901 169.697960217794 166.030983130137 163.411756356557 164.724002281825 165.09543855985 170.178631941477 176.99388662974 180.677930514018 184.816261132558
1.31911675756176 0.524719323342045 0.0119898880560262 0 0 0 0.00401949637307553 9.93938868244489 23.3471641937892 33.1539983550707 33.0045968294144 26.1398081978162 16.9492239753405 16.955407957236 27.7615065375964 43.7625745932261 56.5401961406072 61.5818202495575 60.0627611080805 53.4937332073847 49.59703485171 50.4103551308314 50.403172771136 52.8219590584437 54.4172078371048 55.9054315090179 58.3115518093109 64.7924641768138 66.6127999623616 66.0831083854039 74.1330484549205 82.422802845637 81.8770478169123 83.4471484025319 86.965282758077 93.4616525967916 106.153885523478 121.717701355616 126.872251431147 137.609382470449 145.913660526276 148.043394088745 147.574921449025 149.259517590205 149.758756160736 151.826063791911 151.96763475736 155.56412935257 160.497486591339 165.60165087382
1.9804360345006 0 0 0 0 0 0 0.0639120068323488 2.40419013425708 20.8832447727521 31.3230181733767 36.5014548103015 37.2293392817179 25.9850323200226 26.1722753445307 39.2992421984673 51.2013733386993 62.0038112004598 70.2588160832723 67.0262078444163 61.3118708133698 59.5032821098963 58.2037617762884 59.8998069763184 61.0115230083466 61.2389246622721 62.6582006613413 68.0855015913645 66.8288469314575 61.6919497648875 62.6966009537379 66.614439090093 72.1112887064616 76.1345376571019 80.9607356786728 86.5654647350311 88.8054271539052 96.1348215738932 105.304857095083 111.920783917109 117.952813704809 124.423116445541 131.38488928477 137.637595335642 137.215107679367 146.229267120361 145.258724689484 140.229761600494 138.626386721929 140.631248553594
9.27341667314371 0.00805667938645153 0 0 0 0 0 0 0.220258487388492 12.183020512263 31.1456521352132 47.799547513326 56.2010953823725 51.7897456884384 39.7807707389196 37.3172114292781 41.3373659054438 50.8435070514679 63.9843096335729 74.1726011037827 75.6424913803736 72.5043118000031 71.5952962636948 68.3973133563995 69.3367421627045 70.0912972291311 69.6919659773509 71.5000331401825 69.0131584803263 61.8913322687149 60.7322951157888 60.2043022712072 58.3733022212982 61.6409778594971 70.8293616771698 77.8009245793025 77.8095722198486 76.6595105330149 82.648644844691 87.3129963874817 96.9119369983673 103.974978129069 109.812349081039 116.6117588679 121.601969003677 127.74595618248 136.494129896164 141.027788321177 136.57342394193 130.370219548543
9.7136360903581 0.589605847684046 0 0 0 0 0 0 0.930319617812832 2.4784654378891 22.8616669774055 48.3045876026154 66.7072435220083 71.4048544565837 58.1220239400864 40.2516797184944 35.6754064559937 39.0064641833305 50.1123915115992 70.3829775253932 81.9194714228312 79.8496703306834 83.1648906071981 77.7975718180339 74.6056238810221 76.6471326351166 76.9515186548233 71.9200124343236 72.3358641068141 70.5843518177668 61.5544269482295 57.1991850932439 56.0299952824911 49.5522717634837 47.6583441098531 51.3740877310435 55.7837635278702 55.1087955633799 57.7104538679123 64.9200777212779 69.3129201730092 78.325480222702 86.5963697433472 89.0697042147319 102.624475955963 110.099335511525 121.368785699209 131.591578324636 131.963580846786 127.927402655284
6.99649378657341 1.61196524277329 0 0 0 0 0 0.140550546348095 2.05798617874583 2.69144245733817 13.3694658676783 31.3116610050201 51.4857172966003 65.9619718790054 69.8539515336355 62.1644159158071 56.7923088868459 48.5243648290634 42.492816845576 50.8406261603037 68.9115623633067 82.8961829344432 89.0502631664276 85.5655868848165 81.1367432276408 82.7194700638453 87.2174302736918 81.9268226623535 78.1321773926417 81.0535649458567 73.0402618646622 60.1499627033869 50.4822631676992 42.3775215943654 38.7222568194071 37.6195311546326 33.9763710896174 31.8458651502927 40.2687738339106 47.4958519140879 46.4834819237391 48.2230434815089 52.8883635997772 60.4578902324041 79.8893769582113 89.3627206484477 96.7450638612111 103.682438532511 110.249698162079 116.7078713576
4.79288399219513 2.14101870854696 0.0326964848985275 0 0 0 0.000242743643260231 2.25692149251699 3.73067737867435 10.1876786599557 13.9650243024031 23.7896392742793 40.7675156990687 59.2649032672246 71.4776217937469 74.8357524474462 75.0938504934311 68.1286652882894 54.9143006404241 45.1690504948298 52.4888932704926 74.2786178986232 82.361767689387 86.4548881848653 88.4020725886027 93.1422213713328 92.1026666959127 95.1927602291107 91.1308427651723 85.3101015090942 73.5267251729965 67.7525997161865 54.0000647306442 42.2518104314804 33.3542376756668 26.920440296332 24.028758207957 24.6701141198476 25.8287340402603 26.7759785056114 36.1244554320971 34.0724339087804 39.4253258903821 42.5215065479279 55.3387453158697 71.5209643046061 81.7094792922338 88.9392892519633 90.991089741389 99.6701220671336
5.30144448081652 6.11177397270997 5.13669258604447 0 0 0.189405594331523 1.9761227692167 4.56547147283951 11.5240998566151 20.8853930234909 25.0313530365626 27.8009027242661 38.2691770792007 48.2884347438812 59.7716818253199 68.545937538147 76.0872513055801 78.2666703065236 75.028787056605 63.338041305542 50.1368294159571 60.9004100163778 69.3040291468302 81.0166498025258 91.6693806648254 98.3570913473765 101.438621679942 98.9627242088318 90.6990567843119 89.4022981325785 77.9636402924856 66.029891371727 50.9453515211741 42.7098373572032 30.2419414122899 21.1745525399844 18.4408389031887 14.7129235168298 15.9816220402718 20.0042252739271 23.4944721062978 26.1314784487089 28.6714658141136 32.3902244369189 37.3368908961614 47.0391760269801 54.9371838569641 65.3811792532603 72.2477436065674 82.696795463562
5.69599866867065 4.52681289364894 6.29011603693167 0.974123443787297 0 3.12562752515078 3.73104649285475 5.79037641485532 7.23078288137913 21.9630897045135 26.1233597993851 25.781936943531 28.2237231731415 34.3776072065035 44.0544784069061 55.9989462296168 64.6001348892848 71.0066705942154 76.1568446954091 77.2321472565333 69.636066754659 60.1109315951665 62.5876684983571 72.8652775287628 84.3627452850342 92.4014449119568 94.3604707717896 100.32190879186 91.3817087809245 83.4544897079468 69.4386164347331 67.3768272002538 52.8088311354319 35.9644691149394 29.5795649290085 18.8511908054352 11.1228562891483 6.14943914115429 5.84289307395617 12.734942138195 16.5067724883556 20.1116527120272 25.4673510789871 28.5758922497431 30.4065595070521 38.814589381218 40.8288513620695 46.43780986468 57.7231744925181 70.3623841206233
9.18731900552909 3.82362088809411 1.46360183134675 2.9846386363109 1.67406396940351 3.83404083549976 3.23706430693467 5.48551479975383 7.89224977294604 15.5412778258324 21.2612226605415 20.6110303600629 20.372960716486 24.2848073442777 30.4418702920278 40.4148374994596 51.9450257221858 58.1455926100413 68.4949855009715 80.2414019902547 87.3143573602041 77.9553949832916 76.8201996882757 79.8425922791163 82.7187796433767 84.9502484003703 88.5412891705831 86.1975948015849 80.0756613413493 80.6769828001658 67.7712857723236 49.8183518648148 34.9386980136236 26.629683872064 12.6630378266176 7.33267143368721 1.1377267849942 0.384838087484241 0.051972980145365 4.86050359904766 1.31323204065363 14.4135281443596 18.1472624341647 23.5270957152049 26.8999884525935 30.1073864102364 34.105288485686 40.3491606314977 43.2639420032501 45.7832217216492
25.5093301335971 15.5328537027041 5.80096120635668 10.0697490076224 9.72563711305459 3.32570696870486 5.38585335016251 8.45228259762128 9.41464677453041 13.4703690807025 18.948753674825 18.7561536828677 18.7653501828512 17.0817114412785 22.5910494724909 32.682903110981 43.6960359414419 51.7480572064718 61.0722601413727 72.9716072479884 82.287922501564 93.7778949737549 99.1269548734029 99.8235940933228 92.3145810763041 85.4925215244293 79.9725204706192 75.2234210570653 76.1571476856868 61.4550312360128 55.008461078008 34.6677054961522 21.3402037819227 8.75830464065075 0 0.0267197586557207 0.0417846895288676 0.039982323263151 0 0 0 1.22832669876516 9.12255048751831 11.6448774933815 18.3502808213234 22.8799358010292 27.259553472201 32.9467455546061 34.6510087450345 35.6623282035192
