input/barkrak2/radiation/dir32724.grid
NCOLS 85 
NROWS 70 
XLLCORNER 665100 
YLLCORNER 4664600 
CELLSIZE 20 
NODATA_value -9999 
[rows 0 to 22 of 70, columns 0 to 51 of 85]
61.703309416770900 78.0066400766373 93.1050678094228 109.787325064341 122.57648507754 130.75519601504 138.885756333669 136.81239883105 134.892602761587 138.151705265045 138.87020945549 135.104815165202 129.118859767914 129.824340343475 129.877030849457 116.765350103378 104.524552822113 93.7530895074209 93.514362970988 93.7694907188416 101.330359776815 118.105739355087 134.760836760203 138.988335927327 147.645612557729 157.350987195969 157.329817612966 148.221363623937 139.538635810216 142.956912517548 139.774451653163 159.521549940109 192.919691403707 185.892860094706 185.163378715515 179.888506730398 185.262203216553 194.522360960642 190.017660458883 192.596356074015 188.697715600332 199.864625930786 204.718371232351 195.271213849386 183.838566144307 190.386176109314 197.200576464335 155.143400033315 104.862302541733 100.800096988678 122.698644797007 164.369642734528
43.433556954066 56.5029879411062 64.7592643896739 77.7026414871216 89.5795325438182 100.433597962062 108.019818862279 121.65688474973 144.20626560847 143.851339817047 141.214897235235 136.578430732091 131.459613641103 131.523778041204 131.601313749949 119.171927372615 109.520743290583 101.42985979716 98.8679130872091 97.0537563165029 109.88046725591 132.430175940196 146.861016750336 146.530677874883 149.154474337896 159.494529167811 159.272094567617 150.668879350026 145.233283440272 144.682516654332 145.826548337936 169.677297274272 192.608634630839 186.081608136495 183.67741505305 179.296930631002 184.73082780838 193.779289722443 186.639646689097 186.58967812856 186.278621355693 189.233680566152 188.366671403249 180.127263069153 174.699982007345 187.015434106191 187.88731098175 140.059977769852 112.095147371292 122.23223845164 150.797784328461 186.449269453684
17.7333876490593 25.5489995082219 31.2402422229449 38.0592793226242 45.7576811313629 52.0395239194234 67.6114658514659 82.4314256509145 100.622584422429 103.195488452911 117.733518282572 138.04284731547 140.325546264648 141.84824625651 141.754726568858 141.894956429799 138.058503468831 127.849400043488 113.869408766429 108.38575164477 119.438469409943 136.067360639572 146.522104740143 148.839602867762 150.740762551626 148.06071917216 146.503746509552 147.468785444895 148.039837678274 151.777406533559 161.647776762644 179.21503384908 190.139253934224 187.359491984049 183.012743790944 182.355483373006 189.327855904897 191.669881343842 186.070322990417 179.532746473948 177.856822808584 172.313968340556 162.14977701505 156.937807798386 163.294047117233 181.638936201731 174.456278483073 133.858462174733 130.943477153778 149.919112523397 175.038397312164 197.608987490336
9.16109172006448 10.1102193196615 13.926587998867 14.8845339814822 17.2723258535067 21.910585463047 27.0311757922173 39.9230867624283 55.7296971480052 71.8356668949127 86.6218308607737 104.345321655273 115.928212801615 117.473940054576 129.91389632225 136.456618706385 134.717802206675 133.188277482986 122.258355220159 113.815625508626 116.860181093216 118.315239747365 130.203654368718 139.394541581472 139.170994361242 138.969630002975 141.231536865234 142.358114322027 147.413591543833 157.137443621953 164.611548185349 181.219418843587 186.312317848206 186.123331387838 183.173696200053 183.398644129435 185.737808545431 186.398267745972 177.441815535227 167.70605246226 163.26379776001 156.918307145437 156.271616617839 167.377928892771 174.792210261027 172.017892201742 155.289550622304 134.167571862539 140.227367480596 153.056810299555 173.698365688324 192.435185114543
16.5943180521329 11.246882379055 7.31646145383517 1.2739608840396 0.647591970240076 9.21677363415559 20.637138436238 25.582546989123 35.0733920931816 42.7606999874115 56.9336165984472 71.1543063322703 79.5522232850393 86.4637891451518 91.6873415311178 98.8052487373352 97.0166424910228 92.1043256918589 95.0329502423604 93.8147107760112 96.1709022521973 95.880260070165 109.814335902532 120.833257834117 122.969835996628 132.450332244237 134.998987118403 137.963483730952 141.98754231135 145.757963260015 159.147242705027 179.055412610372 178.702056407928 178.316950798035 178.514401117961 177.17985312144 173.859119415283 171.196480592092 162.695070107778 154.575824737549 155.75232108434 156.323035558065 162.785003582637 171.517252922058 175.36997795105 153.863290945689 123.112628857295 121.51445945104 134.025305509567 151.981055736542 179.640193780263 193.317413330078
40.8339624603589 26.5711843967438 13.0781941115856 4.49407193809748 1.8456494435668 4.88856124381224 12.2571426133315 23.0113044381142 27.0829747120539 26.3353586196899 31.9233387708664 38.4061088164647 45.9119180838267 50.782173871994 55.852085351944 63.8036727905273 67.6096926132838 73.1512407461802 82.9577992359797 90.9906427065531 96.1595475673676 102.966696023941 100.512435038884 106.054832537969 114.60413535436 121.310750643412 127.938598394394 133.24573636055 137.696236371994 142.298171917597 155.39805094401 167.918960253398 161.497990290324 168.305953343709 169.985810915629 170.160889625549 167.412102222443 162.638078133265 154.721478621165 156.685769557953 156.100531419118 155.469079812368 157.722572485606 160.599688688914 154.798527558645 124.790777762731 101.340333620707 113.295654455821 132.597913344701 170.862317085266 194.388806819916 196.257889270782
57.2216113408407 40.7181332508723 28.1326125065486 18.2306294639905 8.12100556989511 4.41205656776826 6.03399860362212 16.9693330923716 22.6403524478277 26.4881079395612 26.6876071691513 24.7140874465307 23.9407420158386 23.6014078060786 26.7452547947566 36.5845089157422 44.6298817793528 58.9757213989894 73.9466895659765 86.1160854498545 96.0856874783834 101.375271876653 102.944632371267 104.042232036591 106.895128885905 114.066670338313 117.750267187754 124.049117167791 131.450225909551 137.139290571213 149.203141530355 149.818082650503 141.24592145284 138.079325358073 140.449702739716 151.954352855682 154.818793137868 150.774339834849 146.320392688115 140.914340813955 136.597027381261 138.559550046921 145.144095023473 152.301410833995 149.912456671397 145.035157601039 153.156807025274 161.47322456042 172.53057161967 189.665595690409 198.572417100271 192.812999089559
70.4153676827749 56.3807189464569 42.2782401243846 32.3741684357325 20.6528976559639 8.37944572170576 4.17805525163809 0.121709366794676 9.9374670535326 21.9741264979045 25.5194877584775 27.1443376938502 25.8471195896467 23.8815322518349 19.8455515007178 23.4537894527117 30.6669225295385 40.2864416440328 56.0707151889801 69.7644054889679 83.2796742518743 95.9585110346476 101.1803150177 101.702014605204 102.747698624929 103.202551603317 104.290644327799 112.710277239482 116.497824589411 125.834087530772 135.129153728485 138.080139954885 131.407936414083 124.36897555987 120.72550257047 122.633725404739 130.87127606074 140.424201885859 137.804458538691 123.84628256162 119.855831066767 126.664390166601 141.014099121094 152.726282676061 156.547288099925 163.594245910645 170.235971609751 171.348134676615 180.181701978048 181.77076180776 177.592317263285 176.773468653361
67.1865443388621 58.268666267395 46.4840630690257 34.563938776652 28.6196271578471 19.9831426143646 9.25537322958311 3.26116165767113 8.05513436595599 13.246347506841 18.2521380484104 22.8473295768102 30.4071605205536 31.9483851393064 29.8330237468084 26.9563272595406 27.1783471107483 30.1257421573003 38.6699686447779 49.2643763621648 62.5642190376917 74.9326149622599 84.1871698697408 87.3552163441976 92.4270749092102 91.0952587922414 92.8749839464823 93.3021505673726 97.8043576081594 112.137615680695 115.979055563609 115.954875946045 113.971700270971 111.587127049764 114.306032657623 117.257247368495 116.80277188619 120.586186647415 130.234191815058 128.780007362366 132.932821909587 141.713112592697 149.124970038732 152.206470568975 150.818298260371 150.21742383639 153.834054867427 162.227183580399 169.534802436829 165.116598208745 157.138129075368 162.703533967336
47.874723871549 44.3752159674962 37.2274766365687 28.0623584985733 25.5362391471863 25.5967552463214 18.4314772486687 13.7970422705015 8.34993210931619 6.05343344310919 9.6559834976991 18.1930027902126 28.2962918281555 35.8701621492704 41.4739325642586 40.4818405707677 35.1350158452988 31.8055426081022 32.4755633870761 36.1283744374911 41.5445913871129 47.2094664971034 55.7381610075633 65.1118059953054 73.6586501200994 76.9574244817098 77.0585040251414 78.7549912929535 79.61871723334 85.2325558662415 92.1620726585388 95.7727432250977 99.2766718069712 100.715816020966 106.189797321955 108.460108439128 109.083424011866 113.81870508194 119.084527095159 131.889909505844 146.958619356155 151.070247093836 152.833064397176 152.084509531657 149.335275093714 149.406731128693 157.794346412023 163.047810395559 165.274014075597 163.709670305252 162.930309772491 160.40426492691
9.0220533311367 10.1555921137333 10.506031413873 7.69627466797829 4.09273710101843 1.0335681339105 8.41627145806948 15.8191335697969 12.826265146335 8.98566034932931 6.73996905485789 8.91734038790067 19.7175145149231 32.2745094696681 41.9075787067413 39.6988938252131 39.2999996741613 34.6188396215439 31.9275433818499 30.5045669277509 30.7108288009961 31.8899154663086 36.1113026738167 46.3043550650279 56.1888466278712 64.6121750275294 66.5578991174698 65.1441961526871 70.9417760372162 72.5029557943344 70.7711776097616 73.5477755467097 92.1724438667297 93.9489006996155 94.5724844932556 98.3532071113586 102.873901526133 105.70897658666 115.501781304677 130.144943793615 134.137759606043 135.938704013824 148.569534222285 147.339363892873 145.541956027349 149.487177530924 158.143778642019 158.41868519783 160.121142864227 164.027154445648 165.781736373901 160.999645789464
0.0467120650379608 0.0513661216245964 0 0 0 0 1.01855754231413 6.80851129194101 15.977801134189 15.4306056598822 10.6966309249401 6.72341076036294 8.91308300197124 18.5313150286674 31.2925353646278 35.747970143954 41.9217199087143 40.4954105615616 35.5268071095149 31.017725666364 27.8905555605888 27.4100477496783 27.8823152184486 34.0786029895147 40.6749571363131 47.513335943222 49.4028031826019 53.3042351404826 56.9775998592377 57.4334810177485 61.3326877355576 59.7820033629735 59.1172029574712 63.6376440525055 81.9523235162099 84.2952728271484 91.6846692562103 99.9937852223714 104.972024758657 117.168118556341 122.035453716914 120.695213476817 115.238199631373 113.807568947474 127.748201290766 135.058671236038 139.465312163035 143.266201019287 146.540701389313 150.690525770187 155.829191207886 154.133637746175
0 0 0 0 0 0 0 0.273146239730219 13.2152227063974 21.5075413386027 19.4771264990171 14.7017786900202 6.77277520298958 6.4444225281477 14.8395821452141 28.9691140254339 38.5924304525057 42.0837303002675 41.5723125139872 38.5267486174901 33.3470304807027 34.0188468496005 35.2447107434273 35.9338074922562 37.4040007591248 39.4467910130819 42.2246952851613 47.3496268192927 49.939493338267 49.5552321275075 49.9934703111649 53.0812640984853 48.8111674785614 45.3302562236786 46.0006296634674 64.3886774778366 77.5664895772934 86.368054151535 88.5999202728271 97.7848569552104 104.413777589798 103.466292222341 103.455970684687 104.634761810303 104.154457648595 108.201007048289 120.004018147786 124.988635381063 127.231061458588 132.148186365763 136.264721552531 137.847771247228
0 0 0 0 0 0 0 0 0 9.11317269007365 19.5513193806012 27.631384630998 23.0162044366201 14.5190395414829 13.1707539161046 25.027168293794 35.1585745811462 43.2265599568685 50.3272314866384 50.1474440097809 43.9135183890661 43.7581986188889 42.4028138319651 42.1827137470245 43.8688745101293 44.2154308160146 46.0390398899714 50.2311686674754 50.2629727125168 46.1488515138626 46.004444360733 45.4615652561188 41.511669754982 41.3895770907402 40.4466440280279 38.7543713053068 42.0265545447667 47.2325831651688 67.1909401814143 68.33782295386 77.338973681132 86.2711270650228 89.5576179027557 93.7533974647522 94.7244664033254 100.710699955622 99.052757024765 96.0120658079783 107.332587242126 109.323382377625 112.764954566956 118.036399284999
2.84676377971967 0 0 0 0 0 0 0 0 1.38003813723723 17.9926653703054 31.1354771256447 37.1296281615893 33.2656775911649 25.4004870851835 23.9169324437777 27.2749314705531 34.7919712464015 47.5824375947317 56.7394544680913 57.742307583491 53.5503973563512 53.7420958280563 51.6126255194346 52.2396266460419 52.0830005407333 52.354708313942 53.070530295372 51.092321674029 45.712485909462 44.6490595738093 43.1729008754094 39.2016296585401 34.8293855786324 32.8619852662086 34.2952733238538 27.5386224190394 23.531436920166 32.3577771584193 38.6210009455681 42.2458300987879 51.0130723317464 52.101011077563 57.9294512669245 64.5218789577484 73.7667083740234 80.3090333938599 83.0998520056407 86.1647228399913 82.3081235090892 95.5515305201213 104.903519153595
3.34244097272555 0 0 0 0 0 0 0 0 0.270013658640285 12.3230641086896 31.4991573492686 46.0473348697027 49.1729279359182 42.5549894571304 27.3794854680697 22.2833702961604 23.8321845730146 34.7918147842089 50.6653289000193 61.979204416275 61.4725202322006 62.9738569259644 58.1238369146983 56.2606503566106 58.0146412054698 57.0177485545476 57.3798418045044 54.799755414327 51.1517922083537 44.8690205812454 44.9389815330505 38.5806560516357 31.6870162884394 28.3758118748665 23.1731136639913 18.1869504352411 14.0527983506521 14.7954983015855 18.4032196799914 21.7182785272598 26.3364861408869 27.7077754338582 28.6309272050858 37.2538566589355 48.8862693309784 59.9910219510396 69.1715081532796 70.638765891393 71.2624788284302 75.460821390152 92.8761760393779
2.10301376258334 0.00948772867559455 0 0 0 0 0 0 0.0620180459615464 0.332357982794444 0.846237177029252 20.6503607332706 35.0724011659622 48.2376466194789 49.8352100451787 43.3049499988556 39.8676345745722 32.508929570516 27.8533448775609 33.6643209060033 51.6056418418884 63.0853871504466 68.3933645486832 66.3739194472631 63.2924834887187 64.4894689321518 66.0812010367711 61.2963289022446 63.5825445254644 62.3109191656113 53.4138679504395 42.134831349055 33.5764934619268 29.3479760487874 22.9888583223025 18.4881687164307 13.5920395453771 10.3999854375919 7.14642430345217 8.3084957053264 9.0131809314092 15.0961987674236 16.2960874537627 19.3442230423292 30.6957239905993 36.0846444964409 43.0522958437602 47.769159078598 52.4607400099436 60.1977159579595 63.8342400391897 70.8681344985962
1.06508261524141 0.0728185502036164 0 0 0 0 0 0.0717114356424039 0.74508615459005 1.01311698866387 5.76848660906156 13.9215712745984 26.5673150618871 40.6785955031713 53.0344396829605 57.8335920969645 57.7412396669388 51.1501729488373 38.932037850221 29.7185132900874 36.5207990010579 56.1106204986572 63.5131696859996 67.2898689905802 70.1224654912949 71.5894947449366 77.0185689131419 74.1479645172755 68.7041928370794 65.0410453478495 59.7913761933645 48.1975724299749 35.4336947202682 25.7446095347404 17.7013377348582 14.9178604284922 10.0231828788916 6.35828512410323 4.05588559806347 2.66706881423791 4.85018889109294 5.21756646533807 12.8953730066617 16.2922081847986 22.1967150767644 31.3060358166695 34.4017495711645 36.5632126728694 41.2922650575638 47.2778528928757 52.916944026947 59.9798758824666
1.20249538061519 1.4858969176809 0.699742697179317 0 0 0 0.0157320331103013 1.50510699798663 2.16768061121305 10.1372965921958 16.0938588281473 17.1131926278273 23.1752867499987 31.6762675841649 42.18523701032 55.1001528898875 58.7343623240789 60.4943931102753 57.2151591380437 45.2268073956172 33.6454187830289 42.8475588560104 52.4456302324931 60.9581569830577 71.4744081099828 77.1891971429189 78.6042511463165 81.271102031072 75.4659573237101 66.3247356812159 54.1977087656657 48.6052383979162 37.1165325244268 25.9018366535505 17.4207948148251 13.7640746931235 8.04572179913521 3.3989284808437 1.20800190294782 0.217029689035068 0 5.29846797386805 7.59647662440936 10.5315794547399 13.2836947838465 19.1571737329165 22.2660278280576 25.2562860647837 27.722492814064 34.6940283974012 37.9230057199796 43.3148245016734
1.2066225366046 0.674078551431497 1.50692525009314 0 0 0.289725081529468 0.64211532784005 1.81751806909839 2.43916735053062 3.46117001026869 17.0940558115641 15.2324698865414 16.0164187351863 21.5008109807968 30.764694015185 42.9404030243556 49.9273290236791 55.0143321355184 58.4494372208913 60.3717863559723 52.5600016117096 42.0308858156204 45.214702685674 53.3159524202347 63.5083417097727 71.3805854320526 79.3756544589996 76.669454574585 67.4418210983276 67.2252972920736 56.6174040238063 44.0189888079961 31.8801601727804 21.534892419974 12.1082837382952 7.32077223559221 2.6507011304299 0.270348294482877 0 0 0 1.07382486263911 4.59962027768294 8.31012738247713 11.542963484923 16.0837111373742 17.6797471940517 20.9416796763738 24.3724932273229 27.8647864858309 30.0765683253606 32.561553021272
3.04303628702958 0.374146892378728 0 0 0 0.572223138685028 0.564188580028713 2.11166124790907 2.94957930843035 3.01368782917658 11.7440062264601 11.1654760936896 10.5885192751884 12.5012484689554 16.4378806948662 27.4993479251862 36.9039922952652 41.934738556544 50.028865536054 61.5960160891215 66.6039884090424 60.1663092772166 57.9691479603449 59.3370546897252 60.5070491631826 63.5669529438019 68.1603203217189 70.6717669963837 65.8336679140727 55.8574100335439 44.3339049816132 37.3188704252243 22.0584024985631 12.7188973128796 5.03731612116098 0.222119716151307 0 0 0 0 0 0 0 2.88055619845788 4.42289467900991 6.04088169833024 10.1083902021249 12.1340317030748 14.2011903226376 15.5377201735973 16.679306825002 19.1611250241597
12.2015078862508 6.2738290677468 0.112632105204587 0.322099367622286 0.89484437679251 0.22205764738222 1.52857135981321 3.38957148293654 3.78505699336529 3.24502152701219 2.28925949583451 8.545799801747 8.82045427958171 6.26099482178688 11.1769636472066 19.7281874716282 30.0096794962883 37.2093766927719 45.25426030159 55.0260444482168 62.0799213647842 73.5529164473216 79.4499069452286 77.1802266438802 71.8402961889903 62.858705719312 59.6243341763814 60.3707333405813 61.0018620888392 47.5362588961919 31.8025102217992 19.1838182508945 12.3748828967412 2.10870802402496 0 0 0 0 0 0 0 0 0 0 1.82262901216745 2.23702968408664 2.42979731410742 8.97061638534069 9.11715005834897 9.85105832417806 10.5054726203283 12.4915304283301
40.9058183431625 34.7483158111572 14.9668877323469 8.36220383644104 5.59347495436668 1.85857542480032 4.94167705376943 5.40241412818432 4.54680559535821 3.71778601159652 7.22541039188703 10.7431809107463 11.3344229757786 10.6911286711693 12.00112576286 16.7328019936879 24.9721854925156 32.9105605681737 39.1594568888346 41.2953943014145 45.874426762263 59.0692659219106 69.3598687648773 72.7670838435491 72.4242776632309 67.080482840538 60.1826310157776 50.7773607969284 54.580420255661 36.5217849612236 17.8764325877031 6.7655798047781 0 0 0 0 0 0 0 0 0 0 0 0 0 0 0 3.59556544572115 3.67983710020781 4.93393993626038 7.28969213863214 4.9563217908144
