input/barkrak2/radiation/dir31624.grid
NCOLS 85 
NROWS 70 
XLLCORNER 665100 
YLLCORNER 4664600 
CELLSIZE 20 
NODATA_value -9999 
[rows 44 to 65 of 70, columns 0 to 50 of 85]
68.2090818881989 74.0019331375758 77.1911789973577 77.8279403845469 79.7660350799561 82.1371475855509 82.6004495223363 78.529546658198 74.0785300731659 70.2251295248667 72.2325493892034 69.855992992719 66.7344729105632 64.9927606185277 64.8704518874486 65.0958468516668 62.0675981044769 68.350687623024 70.1121340195338 67.8442964951197 63.4588301181793 61.2737685441971 60.7142547766368 61.6624305645625 58.2308868567149 67.3762957255046 70.2978670597076 66.6332592566808 65.4000341892242 65.445214509964 61.5913520256678 58.9488446712494 65.1304374138514 68.7322318553925 75.4887660344442 78.4681538740794 82.8309754530589 90.7402137915293 93.8583612442017 85.7794384161631 84.7253302733103 78.8737386465073 75.0287522872289 56.0945669809977 24.6185511350632 0 0 0 0 0 0
74.7385273377101 79.3906350930532 76.3630618651708 79.9376418193181 78.3061037460963 78.2310565312703 79.9838801225026 78.7205596764882 79.8533856868744 75.5316168069839 74.9142815669378 74.1813828547796 70.0459182262421 65.1989529530207 64.1752779483795 67.793145775795 63.4635984897614 65.994456410408 70.0662632783254 69.4209585587184 66.3671145836512 64.8317337036133 64.0569229920705 65.2429262797038 66.6117817163467 66.4655268192291 73.3255247275035 70.4368650913239 67.5780127445857 65.7903452714284 62.9689296086629 59.2773060003916 62.5628630320231 60.7285449902217 61.69659892718 65.0146901607513 72.4349319934845 83.2080145676931 85.8117341995239 71.9709495703379 74.4121372699738 70.3910042842229 69.3432738383611 66.4858321348826 47.8533854087194 16.2851102650166 0 0 0 0 0
74.4253794352214 76.1207093795141 78.8140048583349 80.8069407939911 80.6417167186737 80.2381684382757 82.3051929473877 83.9964846769969 80.2822262048721 79.1236062844594 77.8697331746419 77.3956080277761 74.0423500537872 71.2487151225408 71.0346947113673 74.5201905568441 72.3855098088582 66.0788814226786 71.8964040279388 70.6606854995092 67.7195688088735 68.1995451450348 67.8367912769318 65.5853499968847 72.0069706439972 65.7771825790405 67.5659328699112 69.2005157470703 68.2391872008642 67.2390460968018 65.3725961844126 63.2416357596715 62.1476272741954 62.0282391707102 63.75918785731 64.6211802959442 66.4305637280146 72.5617309411367 75.3146509329478 72.6344833771388 71.978638569514 67.0151611169179 72.1502304077148 77.9847949743271 69.2147960265477 38.817934691906 6.85435285170873 0 0 0 0
68.3438777923584 70.5098460117976 76.5639394521713 78.1876891851425 81.75295094649 83.4141274293264 81.1178783575694 81.0103962818782 80.8721681435903 83.1900437672933 80.4698318243027 76.6067405541738 75.3689209620158 75.9384880463282 74.0512857834498 72.7285792430242 71.8506326278051 64.3729021151861 68.449671069781 69.9787388245265 67.451943953832 67.1013444662094 71.2029139200846 64.4367436567942 67.3871288696925 66.882515947024 62.1025413274765 66.3564801216125 68.2204266389211 66.9656296571096 66.7144358158112 66.0842657089233 61.9194110234578 64.5630955696106 75.7914632558823 79.4610679149628 74.8107035954793 69.4622894128164 72.5981295108795 84.124614795049 75.4981686671575 68.4481610854467 75.8259842793147 80.8956772089005 75.3331979115804 55.3272366523743 23.6354023218155 0.338637425253789 0 0 0
61.2593193848928 64.370592435201 69.7186539570491 73.7070937951406 80.1860640446345 83.928922812144 80.589160323143 78.5652001698812 82.7161719401677 84.8368207613627 82.6172928015391 78.3968369166056 77.3157924413681 77.958956360817 75.2505163351695 70.589691400528 69.9489414691925 65.2547279993693 68.7959591547648 72.4570254484812 71.528156598409 71.5465843677521 73.5754867394765 69.6368714173635 68.2391176621119 69.725235303243 66.0192271073659 70.2527264753978 75.837438305219 77.2700707117717 81.035112341245 80.400213599205 73.0476925770442 73.4164466460546 82.8059514363607 90.1461442311605 88.5669390360514 78.0731985966365 73.0978647867839 80.7063281536102 73.9870965480804 67.2392050425212 65.2709801991781 65.2381777763367 62.635526061058 61.2363715966543 51.9917706648509 8.44424280027548 0 0 0
59.9506994088491 57.8052749236425 62.2410625219345 70.5319146315257 76.3272941112518 79.6195268630981 82.5153887271881 85.0448111693064 86.0589047273 82.4361940224965 84.7111543019613 84.5048030217489 80.9517155090968 78.1075855096181 76.1372099320094 71.6369847456614 70.7100729147593 68.9465900262197 72.1362332503001 76.4223337173462 78.8122514883677 77.998826901118 75.2194424470266 76.6693452994029 72.0076560974121 74.1171538829803 76.1433740456899 78.7029266357422 83.7656855583191 91.2160376707713 97.9523956775665 97.419152657191 87.1630807717641 84.1512978076935 80.9228420257568 90.1506344477336 94.1492716471354 88.3551239967346 78.5199105739594 69.8514680067698 65.4994398355484 66.9990678628286 64.678614338239 60.2069050073624 56.6501468420029 60.0738873084386 53.8886884848277 15.9919150173664 0.000871587796306509 0 0
60.3852768739065 63.9684100945791 67.6107952992121 74.2231756448746 74.687272310257 74.9563127756119 83.0403168996175 88.4375969568888 88.1486535072327 87.5524381796519 87.1206124623616 87.2347553571065 83.3874344825745 78.9369642734528 78.208511074384 82.1180740992228 74.6204306681951 74.1427640120188 75.5594571431478 81.4256419738134 82.4684947729111 81.1381042003632 78.6650031805038 77.8159201145172 72.7600951989492 77.8102328379949 83.1449180841446 84.7224394480387 90.9116367499034 96.7025955518087 103.971948226293 108.009815216064 98.1824199358622 83.7835570176442 75.8693069219589 70.217028260231 86.8935386339823 92.2289888064067 82.6077858606974 65.1251375675201 60.7892821232478 67.295104265213 70.6872443358103 66.998283068339 61.6622567176819 59.1146449247996 45.0543363889058 20.8378657698631 0.427149895889064 0 0
61.2450291713079 72.4508364995321 74.751670161883 76.3609707355499 74.3702799081802 73.6619780460993 81.4097623030345 86.9179467360179 86.8405302365621 91.825266679128 89.2407695452372 88.2932345072428 85.6913924217224 80.8725605408351 80.5114358663559 86.5609844525655 79.9170831839244 77.1016428867976 74.8737802108129 77.0302762587865 77.4416228135427 77.2166748841604 76.8961608409882 74.7991949319839 72.9835679133733 74.5997031529744 79.3328533569972 80.7917763789495 84.7368836402893 90.888371070226 97.9265769322713 105.022768179576 100.641419490178 78.9712369441986 31.2872255841891 30.7276447614034 52.2521585226059 75.4303137461344 83.7845206260681 86.0721568266551 82.6961447795232 75.386921564738 62.9877547423045 60.9663873910904 67.5029853979747 62.0439996321996 34.2332993944486 27.0505597194036 4.53449692577124 0 0
65.0413632392883 63.2300277551015 62.1316830317179 64.5100623369217 71.3082452615102 76.9913742939631 77.727089325587 83.8104685147603 83.5872689882914 88.0283812681834 88.6629323164622 90.4106299082438 89.9282495180766 84.9381883939107 82.0670773585637 81.2655786673228 83.1811179717382 76.8332779407501 70.7864612340927 68.9801226059596 68.6620473861694 70.8171228567759 72.2989241282145 68.1869039932887 70.3551222880681 68.9439475536346 70.7995096842448 71.321114897728 73.0309635400772 76.8200258413951 78.8041253884633 88.4552995363871 86.6359273592631 63.3520781993866 26.3985271255175 17.3624083399773 18.3147117495537 28.5102675358454 59.9631816148758 82.5700908899307 88.4065330028534 78.1926562388738 60.0922952095667 54.1123449802399 54.4066727161407 51.3145824273427 33.5018088420232 48.3430922031403 30.7321374615033 5.51418339212735 0
67.5394634405772 57.7526887257894 55.5290182431539 60.7676655054092 72.2213834524155 81.1363309621811 80.632820725441 81.765150030454 84.5644970734914 84.809402624766 87.0959758758545 89.719553788503 91.3211007912954 89.6864334742228 85.0571095943451 81.8006495634715 84.2472811539968 78.035165866216 72.784552971522 73.4399954477946 72.5981692473094 70.5877393484116 69.1774934530258 66.1572267611821 66.5272921323776 66.3699805736542 66.5743549664815 67.4026409784953 67.5840079784393 65.0599151849747 56.292916337649 59.8407089710236 62.2949302196503 34.9297523498535 28.3062905073166 18.419918914636 8.40865944822629 6.19475729763508 16.3356773555279 47.3637084166209 68.7089860439301 68.3493862549464 56.1203261216482 46.8178192774455 43.1187301874161 34.6347639958064 32.0426225662231 56.1824589967728 65.537303686142 44.5206065972646 14.3292347590129
67.7748769521713 62.2993657986323 60.2967490752538 65.4099434614182 74.6034532785416 82.6918184757233 85.7723553975423 81.7826986312866 86.3087276617686 84.8912199338277 88.5901351769765 90.2766187985738 91.6087329387665 93.2054122289022 87.9824757575989 87.6486301422119 87.2439543406169 81.8611880143483 77.1593103806178 79.2631208896637 78.4168889125188 74.5527595281601 71.6816037893295 71.065679192543 68.3685541152954 67.9815610249837 66.5336002906163 65.2157664299011 63.0068431297938 57.851105928421 48.1704572836558 50.0769714514414 56.3273330529531 58.0508510271708 56.2065641085307 44.7552601496379 21.6747398177783 8.95622186362743 7.22073577344418 13.4010339776675 31.2956248720487 36.2158368031184 31.6045035918554 24.6718898415565 24.3502433101336 30.6486710906029 43.3878054221471 48.8053063551585 61.0812902450562 66.4211362600327 48.1191525856654
71.0686544577281 69.6832090616226 66.1070644855499 64.6962672472 70.7985659440358 81.4163386821747 83.629180987676 81.792339682579 83.627184232076 88.9021654923757 95.3032871087392 95.8062211672465 93.9964751402537 94.5401787757874 91.4413134256999 90.9457306067149 91.8389062086741 88.5693728923798 83.8776826858521 79.9590895573298 77.0035038391749 76.1853158473969 77.0331521828969 79.5030842224757 74.394037326177 72.4797745545705 64.5853877067566 57.8159391880035 51.6640692949295 51.2458483378092 50.8579562107722 55.3213208913803 61.0360602537791 72.9673951864243 77.2587358951569 75.6942431131999 64.131165544192 43.7476138273875 33.1864630182584 12.7451134224733 19.0572614471118 30.6910822788874 39.9104431271553 29.4647465149562 29.3249289194743 44.3506389856339 65.9628162781398 60.3036185105642 55.2320579687754 61.9421948989232 53.1309694051743
73.7565606832504 73.1731951236725 72.1047172943751 68.5382684071859 69.6986267964045 78.8152714570363 81.6676765680313 81.5139760573705 81.4860661824544 90.9323692321777 98.9524126052856 98.0930427710215 93.2329793771108 95.7808593908946 97.1570114294688 91.0034477710724 92.6480491956075 89.0888671080271 85.7812861601512 82.8665991624196 81.0825278361638 81.1622391144435 78.0018866062164 76.7529010772705 73.4699020783107 67.032645146052 50.1205523808797 31.2243600686391 26.5659714738528 33.82774690787 47.941118478775 52.0576586325963 59.1443777084351 66.9706563154856 77.3769468069077 89.1694724559784 91.9074316819509 74.343333641688 70.8504617214203 43.344110250473 21.0443337758382 35.8893598119418 55.5662016073863 55.7152330875397 55.2723010381063 69.5334672927856 96.7683295408885 84.6117039521535 61.7911914984385 47.9640662670135 38.3821080128352
72.5245624780655 70.6466535727183 74.5846927165985 75.6276349226634 73.0430285135905 75.6851434707642 81.6832631826401 82.4210792779922 82.6675593852997 90.6972289085388 97.4509914716085 95.9400832653046 91.2516017754873 94.975213209788 97.9061325391134 88.7868205706279 90.4849767684937 88.5615150133769 86.1732065677643 86.3048533598582 88.4443322817485 88.1344576676687 82.7642977237701 74.8961915572484 73.3116467793783 71.1992333332698 53.1463225682577 33.6446911096573 32.920777797699 42.4965719381968 57.3083460330963 57.5884729623795 69.2728608846664 78.9453089237213 89.6714528401693 85.3413939476013 77.4853726228078 35.9655817349752 36.4929363131523 37.1407394607862 45.7564393679301 57.0976138114929 65.2794937292735 35.2222522099813 28.6469385027885 33.6227541168531 74.5346546173096 69.4953103860219 55.9333165486654 46.0500121116638 39.5700012644132
60.8985126018524 68.6859786510468 72.5803275903066 75.4517614841461 75.4842907190323 72.0250457525253 81.7961394786835 85.7714215914408 86.4500006039937 91.4239287376404 94.0743088722229 93.2765205701192 92.6674902439117 90.7307167847951 92.240571975708 88.7327293554942 85.2129558722178 88.6766612529755 90.720276037852 91.9577181339264 92.9937462011973 88.6730253696442 87.0831708113353 79.5243481794993 77.8389275074005 77.8912305831909 72.9728639125824 66.357210278511 66.7989949385325 68.2306538025538 69.7520971298218 67.3920810222626 82.5757682323456 91.0434623559316 88.5003705819448 64.0440285205841 41.8555090824763 21.2647467851639 11.2590529024601 21.2334270278613 31.9643641511599 59.804692864418 69.4220463434855 56.0459494590759 43.4453586737315 45.5383708079656 60.501088698705 65.0443385044734 62.4617685874303 55.5279155572255 48.8435924053192
51.0770529508591 66.0690714915593 70.3130414088567 73.5174268484116 76.6091495752335 72.690337896347 76.8578747908274 84.9348207314809 96.0799554983775 97.5213249524434 92.8464929262797 90.211013952891 92.0495291550954 91.2939409414927 91.4055705070496 88.9041225115458 85.1772824923197 87.6263479391734 85.9270393848419 83.5752785205841 85.4420860608419 84.5089157422384 82.573190331459 80.2268882592519 82.0577144622803 85.3281021118164 96.2050755818685 95.5757101376851 80.5784960587819 82.336554924647 69.27157441775 65.3793464104335 77.0801554123561 68.7005619208018 31.9517552852631 23.8783905903498 22.7736681699753 15.7484586040179 4.45979585250219 1.77130692948898 1.21554561580221 21.9243789712588 64.3786291281382 83.1255614757538 91.8509165445964 83.7201476097107 82.152913014094 84.4427049160004 83.0440769592921 71.5480744838715 60.3836874167124
52.8130431969961 63.4243587652842 70.9120035171509 73.5065440336863 75.089822212855 75.3790289163589 69.4607396920522 79.6630680561066 101.35484735171 100.211004416148 90.937207142512 87.223877509435 90.2593235174815 93.8727557659149 92.6672716935476 89.2859200636546 88.1172219912211 85.7992470264435 79.0592531363169 71.6951191425323 71.6095765431722 75.5557219187419 76.0843853155772 78.6740134159724 80.123504002889 85.2705637613932 104.092905918757 112.306535243988 92.0453170935313 79.1442145903905 63.5176946719488 54.0179510911306 58.2711845636368 54.8486361900965 29.8537363608678 18.9675725996494 20.1624358693759 28.1017869710922 19.9873310824235 7.2253110508124 1.0062080497543 8.29133888085683 32.3299914598465 65.0156637032827 68.9737945795059 78.072061141332 74.812983473142 77.675074338913 73.1067558129628 66.3267225027084 68.1983331839244
65.0300582249959 68.4117476145426 70.8526770273844 67.2975381215413 61.0038538773855 58.4040284156799 66.2435293197632 72.1126397450765 82.6250414053599 78.5585890213649 75.6577352682749 81.2876870234807 88.5828137397766 90.8563335736593 86.572786172231 88.4298781553904 88.5768930117289 82.2752565145493 74.234868089358 68.6755180358887 68.2146648565928 69.3145742019017 72.0738271872203 76.4248619476954 76.4343092838923 80.0499518712362 92.965970436732 101.186037063599 87.5179270903269 76.4356156190236 62.1982912222544 49.4809647401174 44.9306865533193 58.4216415882111 53.8496424754461 28.6571631828944 28.7435601154963 63.4270707766215 68.1530634562175 44.2686527967453 17.0489115019639 10.4307855168978 21.1020956436793 29.8505748311679 28.3501992623011 32.1582357088725 43.5001154740651 47.1994578838348 53.1362344821294 58.6598714192708 84.0762456258138
77.1522770325343 73.7977176904678 69.8773314555486 62.4311516682307 51.9566933314006 45.4544921716054 56.5225780010223 56.0329407453537 45.9707081317902 46.2652891874313 56.6660265127818 69.6306775013606 76.2268006801605 80.8832347393036 84.1394066810608 94.7808623313904 97.3632435003916 88.1933073202769 79.0869096914927 75.1810073852539 72.3609824975332 71.7524190743764 74.2722650369008 72.6592441399892 71.6797212759654 76.087882121404 81.9516678651174 88.6081655820211 79.2363733053207 58.0675850311915 61.7200632890066 56.3389410575231 50.4741619030635 67.7165289719899 73.5719054937363 60.9505921602249 51.2137115001678 44.2470808823903 48.5730667908986 50.2542207638423 36.8405058979988 24.5842337608337 20.7109016676744 21.2819675604502 14.7791976730029 15.6027190387249 25.3242428104083 27.8566852211952 36.877711613973 59.8820100227992 112.51425743103
80.2334447701772 73.2215394576391 68.055788675944 64.0009393294652 56.4764539400736 50.1292844613393 45.6232925256093 40.614478290081 22.7963378032049 30.8341607451439 51.4696538448334 63.8886789480845 64.1412287950516 72.3150322834651 86.7051978905996 103.34312915802 108.938644329707 101.213216781616 92.2599037488302 88.1387591362 82.0925484100978 78.8125743468602 79.3968538443248 74.7025907039642 74.2183824380239 72.5867450237274 72.0930894215902 72.0261484384537 69.2803611358007 50.394743680954 54.5899172623952 48.305407166481 44.306347767512 70.9306548039118 90.75133005778 94.0434734026591 67.8928295771281 26.1422768235207 22.0255901416143 28.6015023787816 38.255420823892 31.5954759716988 35.6087883313497 32.7583079536756 21.0942601164182 15.0709114968777 21.7562268177668 37.0223075151443 45.7379072904587 76.3576130072276 146.256238222122
82.8516880671183 77.2542307774226 75.8102039496104 76.9892632961273 73.4876294930776 66.8455064296722 61.3962858915329 61.9711329539617 60.5323215325673 66.1671360333761 74.9174853165944 81.2917004028956 81.7885100841522 76.37686530749 87.2672299544017 104.413618644079 114.873607953389 114.594121774038 106.918156147003 96.5798000494639 90.1636878649394 85.0712855656942 82.792599995931 80.7195504506429 77.4182180563609 67.1191215515137 62.9409303267797 63.6992106835047 61.946228146553 58.2983295122782 39.0901441375415 39.0479415655136 33.2691992322604 58.4084292252859 98.7383822600047 108.302017052968 74.7138659159342 40.0460114081701 15.5219907561938 15.6447117527326 19.3913715581099 18.9295733968417 31.6869094967842 46.680341164271 48.3388155698776 34.7649107376734 34.5031892259916 52.265077829361 82.0377022027969 131.603062152863 165.068864822388
83.7104916572571 80.8443228403727 80.9826552867889 82.3437074820201 81.767146786054 78.0088106791178 77.5651385386785 85.6822927792867 103.67347796758 99.1351008415222 90.0520483652751 91.7741258939107 97.2235103448232 83.940178155899 85.4735573132833 94.406267007192 103.98730635643 110.788683096568 111.205051342646 104.11657889684 98.0224907398224 90.9142891565959 86.3077441851298 84.542045990626 74.5216508706411 60.1804157098134 54.9366424481074 53.6536872386932 54.1488478581111 47.5549151500066 23.1367275118828 20.8069644868374 15.2588797112306 14.7579051554203 95.8812932173411 109.604100386302 89.3830557664235 77.5521049896876 43.8915093739827 10.4834114511808 3.56695552666982 0.471726913625995 17.2746106982231 51.7481217781703 59.5515072345734 49.1546243429184 47.7916946013769 74.6578226486842 137.194931507111 184.363981088003 176.080604394277
