input/barkrak2/radiation/dir33724.grid
NCOLS 85 
NROWS 70 
XLLCORNER 665100 
YLLCORNER 4664600 
CELLSIZE 20 
NODATA_value -9999 
[rows 46 to 68 of 70, columns 0 to 51 of 85]
51.0782102743785 52.5949249664942 55.1978051662445 57.1176012357076 56.9062183300654 56.744376818339 58.6701730887095 60.425599416097 57.2010427713394 56.2608142693838 55.4328858852386 54.7170639038086 50.9091516335805 48.4089553356171 48.3337144056956 51.5834887822469 49.7176796197891 44.3870623906453 49.3840873241425 48.2901036739349 45.1900660991669 46.8932042519251 46.7185129721959 45.7147260506948 52.7423520882924 47.5194851557414 48.7729956706365 49.4957168896993 48.8154689470927 48.5943555831909 47.0336725314458 43.6187386512756 42.9175198078156 42.6755199829737 45.0435777505239 46.4507639408112 47.5704520940781 52.6784161726634 53.139939904213 50.3309667110443 49.3554770946503 47.1104631821314 52.1831562121709 56.9842159748077 48.4040478865306 23.3774036169052 0.927477143704891 0 0 0 0 0
45.2915827433268 47.5446383158366 52.8454681237539 54.5467287302017 57.9172074794769 59.5470865567525 57.6082716385523 57.4161310990651 57.5006902217865 60.0687166055044 57.3435326417287 53.9518892765045 52.5089750687281 52.6201824347178 51.045020421346 49.9712030092875 49.2216497659683 42.7542626857758 46.4577823877335 47.6861844460169 44.9217557907104 45.3344484170278 48.9677637815475 44.6999669075012 47.4968403577805 47.4732269843419 43.5474216938019 46.6244618097941 48.0485359827677 47.0937589804331 48.2550064722697 47.3397076129913 42.7357852458954 45.3111777702967 55.4641981919607 59.7771306832631 54.2752047379812 49.3690073490143 51.3027608394623 58.6300194263458 52.9558807611465 47.508845726649 53.9773553609848 58.7656100591024 53.5570532083511 38.2914890845617 9.03361042340597 0 0 0 0 0
38.7574111421903 41.84923072656 46.8635410070419 49.950768550237 56.4009845256805 59.6462786197662 56.8153560161591 55.1260709762573 59.1411888599396 61.4187965790431 59.4918429851532 55.8417638142904 54.6639164288839 55.4693589607875 53.2063543796539 48.0057001113892 48.0033705631892 43.3630098899206 46.0752099752426 49.1787691911062 48.4887609879176 48.5120862722397 50.3183752298355 47.7812687555949 45.7620024681091 49.9968230724335 47.150398294131 50.8780032396317 54.8448810974757 57.1435193220774 60.1099034150442 60.5740447839101 52.4447560310364 52.9428720474243 61.4678412675858 68.5395151376724 66.1639273166656 56.72753850619 53.0138065417608 57.8982184330622 50.4713455835978 46.6246803601583 45.3096330165863 45.6206351518631 44.4776962200801 43.7212785085042 33.1917156775792 2.02069478109479 0 0 0 0
37.8078694144885 35.8262335260709 39.9209906657537 47.3157266775767 52.7914464473724 55.7571848233541 58.3796898523966 61.0383301973343 62.298392256101 59.3337615331014 61.219443877538 61.3063871860504 58.0021440982819 55.9528271357218 54.3716947237651 49.9662458896637 48.6637651920319 46.6851890087128 49.6938129266103 52.7682602405548 54.1629095872243 54.1750838359197 51.753357052803 53.0289858579636 49.0106443564097 51.8158624569575 55.8832238117854 59.1287116209666 64.8743212223053 70.1726575692495 75.5527168512344 76.4770756165187 67.1099821726481 61.2433751424154 60.7432027657827 69.4032112757365 72.1075137456258 67.7828391393026 55.6838164726893 48.8043477137884 44.4743831952413 45.1588531335195 45.9179778893789 42.4099763234456 39.1924530267715 39.4422262907028 26.0304162899653 7.73842508594195 0 0 0 0
37.9753311475118 41.268693904082 44.7106311718623 50.5822946627935 50.9308129549026 51.3406991958618 58.9725027481715 63.9546165863673 64.0128552913666 63.7160440286001 63.5531644026438 63.618928194046 60.0067873795827 56.1057180166245 56.2492708365122 59.3733588854472 52.7303020159403 52.8400937716166 53.6243468523026 57.9488476117452 58.9057803153992 56.1421662569046 53.9182772239049 54.0333936611811 48.7974186738332 55.0565471251806 58.6332629124324 64.0584180752436 70.6385523080826 76.7217576503754 82.5329373280207 85.0015779336293 78.5804192225138 65.5954579512278 48.5967894395192 50.5043168862661 60.2278759082158 67.2569920619329 59.2692792415619 45.7979887723923 41.0388385256132 45.7029640674591 51.1375914017359 48.533171415329 43.9298997322718 39.0870918830236 22.1161295970281 11.4846092959245 0 0 0 0
38.7901117404302 49.0601559480031 51.2651701768239 52.3249159256617 50.2975483735402 50.1003762086233 57.4410607417425 62.6522501309713 62.5501225392024 67.5146679083506 65.280760327975 64.4940783580144 62.5573496023814 58.2086741924286 58.3675007025401 63.5878592729568 58.0174426237742 56.3527643680573 53.8394550482432 54.7930002212524 55.203785498937 54.2498578627904 53.2193978627523 50.5604793628057 48.992782831192 50.3429224093755 53.3795058727264 56.3300897677739 61.7357641458511 71.2263037761052 78.2599598169327 83.6807290712992 77.2700011730194 58.8317116101583 19.6182653307915 19.1759231189887 25.6666789452235 52.5888552268346 65.3618822495143 63.5209480921427 58.671697974205 51.7318546772003 43.7403271595637 40.1504387458166 44.5072203874588 39.3568823734919 22.0139672358831 16.3249857723713 0.361326111791035 0 0 0
42.1662429968516 40.7236268122991 39.9216736356417 42.0343329509099 47.8839129209518 53.0414680639903 53.9532055457433 59.4248374303182 59.3304882446925 64.0432486931483 64.4965767860413 66.2904332081477 65.9308135509491 61.9726230700811 60.2990786234538 58.8971674442291 60.3365649779638 55.1160921653112 50.5694846312205 48.5651443401972 47.7915406227112 49.3291467428207 50.0277231136958 45.6445515155792 46.7341641585032 45.5658237139384 46.3228772083918 47.4064995845159 48.4465758005778 52.3612350225449 58.9440315961838 67.8736368815104 65.6820784012477 40.5133167902629 15.8457458019257 8.86591399709384 9.58028746147951 17.4496248364449 43.0303364992142 56.806892156601 64.0695889790853 51.9700646400452 38.0560085177422 34.8053102691968 39.076233903567 25.3812745213509 21.4950566490491 32.4505046010017 16.9908441603184 0.113200871661926 0 0
44.4888273874919 35.6604059537252 33.7567379077276 38.5157614946365 48.8216529289881 56.633805235227 56.4193228880564 57.5878222783407 60.1971099774043 60.5552097161611 62.6417646805445 65.1640991369883 67.0289893945058 65.7876630624135 62.1022482713064 59.6974790096283 61.7805520693461 55.8839241663615 51.4357934395472 51.9348333279292 51.4384706815084 49.8144825299581 47.9453553756078 45.3693519035975 45.1195289691289 43.3555543422699 42.7175561587016 43.4334377447764 41.8898165225983 39.8519759376844 35.0592732429504 41.1871472994486 43.8755849997203 22.5408499439557 17.3700811962287 9.68204562862714 2.20055552199483 1.20754617576798 8.41939821839333 23.1401845812798 45.6370760997136 45.0204412142436 36.2050657471021 31.8993975718816 21.3453223307927 22.3474651575089 20.3301943838596 38.6338382959366 45.8395530780156 27.241254846255 2.51845425615708 0
44.6641743183136 39.6408389012019 37.8738393386205 42.7672813336054 51.2091020743052 58.095395565033 61.0683858394623 57.3277572790782 61.5711510181427 60.4929526646932 63.9965534210205 65.6947990258535 67.0752823352814 68.871999780337 64.5387719074885 64.0202363332113 64.6900832653046 59.8581184943517 56.0766905546188 56.5524498621623 56.5691788991292 53.1417777140935 50.8412371079127 50.7291009028753 48.4710484743118 46.5143620967865 44.4106807311376 40.6721755862236 38.5368789235751 34.5195184151332 27.3122439781825 31.9827596346537 38.9942576487859 41.1271651585897 39.3228853742282 29.1356469194094 10.3578139096498 2.22998034829895 1.37177404637138 5.75666129589081 19.6371215085189 23.5378096501033 19.9200473725796 14.4954745968183 14.2594911158085 19.2591982583205 21.062026421229 28.1102160612742 41.8883661429087 46.0085769494375 28.8574943939845 0.971068240081271
47.6095179716746 46.2724218765895 43.1166042884191 42.1433846155802 47.595073779424 57.3911120494207 59.0507288773855 57.2348833084106 59.0544144312541 64.0805761019389 70.058544476827 70.7697570323944 68.8384522994359 69.7164386510849 67.7423377831777 67.8286800781886 67.8116977214813 65.8012628555298 61.7686907450358 58.2841684420904 55.7777931292852 54.6593914429347 56.6072811683019 57.4347525835037 54.8277497291565 51.4045159022013 45.491099357605 36.4001989364624 30.9316764275233 29.2377844452858 29.3971796830495 35.5674102902412 42.8894410530726 53.8140386343002 58.8145802418391 57.2120348612467 43.3383285999298 29.1675254702568 17.7024366954962 5.29487058520317 10.1416477312644 19.2343158026536 19.7644295791785 14.4309252500534 14.1733561952909 29.2961075901985 47.4669386943181 41.2438263495763 36.3585675756137 41.8890466292699 33.3732565244039 7.61012795070807
50.0590999921163 49.4877199331919 48.4899977842967 45.3565716743469 46.6153721014659 55.152306954066 56.9435755411784 57.22310145696 57.3438207308451 66.0908768574397 73.8441646099091 72.5917418797811 68.2913561662038 70.6125249465307 72.0711052417755 66.4902130762736 68.9254105091095 66.2365853786469 62.1661394834518 60.6241077184677 59.2925598224004 60.037503639857 57.6736430327098 55.800199508667 53.0085215965907 48.3089983463287 31.8780119220416 5.54370197157065 4.37361933290958 16.4446607232094 27.1253436803818 32.2832738359769 41.1400447289149 48.4127700328827 58.8416755199432 62.7486358086268 62.9551907380422 53.7975082794825 42.2881046930949 23.7323145071665 11.6658608118693 19.3523839116096 38.2820094625155 38.6482154329618 32.1288431684176 49.8865842819214 72.9999393224716 63.0717426538467 42.3875351746877 30.5838063359261 15.2988123397032 8.73586845894655
48.9832659562429 47.1753974755605 50.7081747055054 51.7461895942688 49.5318621397018 52.0856082439423 57.0519665877024 57.7781051397324 58.3240389823914 66.0070329904556 72.3455597956975 70.4285601774852 66.4500345786413 69.6890900532405 73.0194797118505 63.9555503924688 65.9590810537338 64.7699584563573 63.4989490111669 63.9207263787588 65.2870684862137 66.0769641399384 60.7466648022334 54.00317410628 53.522989153862 49.9497403701146 34.3020707368851 17.156183719635 16.6666420797507 22.9540914297104 33.0091963211695 36.1225952704748 49.8859186967214 59.2830081780752 69.9455887079239 63.4113599856695 60.0089530150096 23.271602888902 23.7083832422892 24.2736538251241 29.2861585815748 38.269763191541 44.898251692454 22.6994877060254 17.524049927791 21.4048425356547 45.1016128063202 49.9512652556101 37.9272773861885 28.4602443377177 21.6756090521812 15.5322526892026
38.5332430402438 45.5464124679565 48.9307393630346 51.5976101160049 51.7337818940481 48.6519734064738 57.1268846591314 60.4997227589289 61.6188446680705 66.4605100949605 68.4122790892919 68.015843629837 67.2030299901962 66.0748183727264 67.4451589584351 64.0028019746145 61.0452344020208 64.3809338410695 66.4173116286596 68.3368543783824 69.5740928252538 65.8202916383743 65.0671819845835 58.7327778339386 56.7162980635961 56.5607597430547 51.7644733190536 45.8089609940847 44.749175508817 45.9823856751124 42.5125062465668 42.2002871831258 60.790960987409 70.8936303853989 51.2094795703888 46.6209053993225 27.9907286167145 11.9375710686048 4.37342810134093 10.1081766188145 10.5873023470243 37.7345035473506 46.1011826992035 39.3116027116776 27.7775476376216 29.0049066146215 41.9899622599284 46.1537490288417 43.5739904642105 37.3220096031825 31.4193442463875 30.5886616309484
29.8459728558858 43.2762801647186 47.0530192057292 49.88660911719 52.7545958757401 49.1792658964793 52.8986950715383 59.9099745353063 70.2043275038401 71.8476623296738 66.8779462575912 64.7483716408412 66.922535498937 66.4241711298625 66.4832542339961 64.2774005730947 61.0321859518687 63.3947451909383 62.0829264322917 59.9914093812307 61.2350006898244 61.5759193897247 60.2342089017232 59.988667567571 61.1563871304194 64.6852453549703 71.8103547890981 74.6683180332184 62.2595101594925 56.5874377886454 46.20028535525 42.1780645847321 48.1529931227366 49.6193170547485 20.1722209652265 13.9887730280558 13.2508476575216 7.80401999751727 0.78015790010492 0 0 12.5999140242736 42.233869433403 64.6252830823262 69.7408666213353 64.198578397433 61.7960343758265 61.7581158876419 61.8778566519419 51.4237483342489 41.138748327891 51.2969394524892
31.6544771194458 40.730689962705 47.5159784158071 49.7676928838094 51.3684451580048 51.5947292248408 46.2072342634201 55.2910715341568 74.5522081851959 72.9067424933116 65.1557147502899 61.9757374127706 64.8461232582728 68.5135424137115 67.4240092436473 64.5853479703267 63.6491576830546 61.5292439858119 55.4561267296473 48.6486454804738 49.1771201292674 52.4274359146754 53.9835244417191 56.9420705238978 57.9280356566111 65.1346445083618 80.7097504536311 85.8951409657796 66.2444531917572 55.1588435967763 46.1526960134506 33.9177250862122 36.6955598195394 38.2037684321404 18.6875599126021 10.3187641749779 11.2537716825803 16.4364402492841 9.51188492278258 1.12002653380235 0 2.52825937544306 20.4151968161265 44.8855757713318 47.759602467219 48.8992085059484 46.5675542751948 47.5465506315231 53.2093346118927 47.1432010332743 47.7846562862396 80.9389998515447
42.3857321341833 45.2467054128647 47.3401000102361 44.2669788996379 38.9391531546911 35.3686933716138 42.7722881237666 48.2457379500071 57.499572634697 53.173303604126 49.7149129708608 55.0086696942647 63.5844220717748 65.6356414159139 61.6484532753626 63.6704862117767 64.008245865504 58.5682640473048 51.0042558113734 46.1941907803218 45.6166317065557 46.3205873966217 49.9221285184224 54.0303190549215 54.3767313162486 58.5779199997584 72.3128219445546 78.5409460465113 66.6879167159398 52.1358400583267 44.7334746519725 30.5472612380981 23.2068275411924 41.4442544182142 38.1772046287855 17.8118447462718 17.7447622021039 40.4707193374634 42.3722565174103 29.1113307078679 6.43360801041126 3.50199453532696 11.6772564748923 18.4676485757033 17.2858412067095 18.9045046766599 21.2733621398608 23.4471733371417 23.6665556828181 40.3036127487818 60.9493255615234 113.5107477506
53.225114941597 50.0441938638687 46.4179416497548 39.8377900322278 30.7066589593887 25.1108904679616 33.8153491417567 34.5920001467069 25.3750508030256 24.1108710567156 36.1076121528943 45.7464009523392 52.3004333178202 56.3265085220337 59.3162675698598 69.0962473551432 72.0029373963674 63.7188206116358 55.5160641670227 52.1886895100276 50.0555435816447 49.2785821358363 50.2072225014369 50.6429374217987 49.5043843984604 55.0956974426905 62.2399051984151 64.7396296262741 58.7601065635681 40.3283635775248 40.3311004241308 35.4775240023931 31.4449444413185 49.4917879501979 55.8399111032486 44.301559527715 34.7578724225362 21.409273147583 28.7137081225713 32.2264085213343 22.5413044293722 9.69783278803031 11.3696282108625 11.8334765235583 6.81451397637526 7.78118520975113 14.9312441547712 16.9090889394283 17.9169178009033 40.6285921732585 85.9377483526866 129.254281520844
55.9295614560445 49.5676050583522 44.9787825345993 41.3389205932617 34.6063772837321 29.1586344440778 25.1224860548973 20.5685198307037 6.66905008256435 14.1999498009682 30.1815097530683 41.3596630096436 41.1045551300049 48.7044801314672 61.5579336881638 77.0902236302694 82.5827817122142 75.5702902873357 67.4932797749837 63.7304882208506 58.3729048569997 57.1324725945791 56.3655396302541 51.2096087137858 49.2793768644333 49.5698601007462 51.5184005101522 52.049309015274 47.673245271047 33.8555723428726 32.3243588209152 33.7439700961113 27.1434560418129 48.061192035675 71.5275357166926 74.6085544427236 49.6494422356288 15.6065846482913 12.3991966247559 17.4889502425989 17.9051123559475 15.7061542073886 16.7704584697882 15.8878316481908 9.35880653560162 6.28413942952951 12.1583019693693 18.9450917144616 28.9644127090772 53.6418904860814 117.122193177541 148.346374432246
58.2547585169474 53.1037300825119 51.8196374177933 52.8073708216349 49.6595402558645 43.7151889006297 38.9061768849691 39.2150481541952 38.0606576800346 43.6920921007792 51.3106236855189 56.5695812304815 56.8137466907501 52.3224373658498 62.3072683811188 77.8609365224838 87.8015061219533 87.9814128081004 80.8438062667847 71.4196066061656 65.7873898744583 61.116024851799 59.4710459311803 60.3378514448802 52.8459995985031 42.4313445885976 40.2376055717468 44.0081606308619 40.8657044172287 40.2321542302767 21.871584157149 18.5025992492835 15.1485651731491 23.1601744890213 78.373392422994 88.4655316670736 56.6663841406504 19.2865567902724 7.39593369265397 7.47891267140706 10.3537955631812 8.53433894614379 17.7854175368945 25.8284285664558 31.5948277711868 16.6862246890863 14.8123527566592 34.563588599364 59.4873030980428 103.530983130137 136.023730039597 149.170537789663
59.0310494105021 56.3604682683945 56.4735780159632 57.8428904215495 57.2160482406616 53.8032551606496 53.6304265260696 61.0629071791967 77.0791272322337 73.3310530583064 64.683144291242 65.0239984194438 71.4059273401896 59.3030353387197 60.5452706416448 68.4889008601507 76.7787992954254 83.8797986507416 84.7198565800985 78.1563421090444 72.638879219691 66.3697322209676 62.9319002230962 59.2104444901148 54.8234979311625 42.6824341217677 30.5105422933896 32.7910557389259 35.0974674026171 18.0262587964535 13.3037691315015 11.5119690696398 7.24070519208908 6.80478724340598 72.901392976443 89.9218916893005 70.8629190921783 58.6593846480052 28.1005551417669 3.5517755895853 0.253737574288001 0 9.17091965675354 34.9186857541402 41.0670960942904 31.8861355384191 30.6117211778959 52.9702405134837 109.43615436554 153.684298197428 147.310972213745 135.240981976191
58.2374533017476 54.9296488364538 49.5152374108632 44.9876536925634 45.2182441949844 47.2464164098104 47.3956316709518 59.1650207837423 69.3030059337616 64.1411145528158 54.9654265244802 54.5692642529806 65.5070096254349 60.9548638264338 57.4445476134618 56.8419843912125 57.5909862915675 64.1717612743378 74.2060343424479 78.3537874619166 74.2142846186956 68.4617211421331 61.4466617504756 57.0582250754038 48.9578247070312 43.28919450442 29.9840445319812 21.1778705318769 31.1119904120763 28.22312215964 13.2812584439913 8.43158985177676 2.13800696656108 0 0.240428140386939 80.0786912441254 86.9467953840892 97.6468821366628 79.3690284093221 31.3218782345454 2.84127549578746 0 2.97415784249703 18.6197261015574 46.4879771073659 65.9117052952449 86.6251985232035 136.755625406901 177.403251330058 187.721133232117 172.705133756002 140.648504098256
60.3544215361277 58.30018222332 52.54298945268 45.8858559528987 44.3811764319738 47.1414774656296 39.9827485283216 37.2723812858264 38.9297008514404 35.7104390859604 28.800293803215 26.5029619137446 30.1271751523018 48.2711841662725 55.1471014817556 50.0667889912923 39.4295578201612 34.8538209994634 46.5595374504725 66.5570547183355 68.3368941148122 62.9022022088369 56.5131803353628 52.870586514473 45.8847284317017 40.7394220431646 33.6849763989449 12.8015490869681 19.5354285339514 36.7219522595406 19.1924211879571 12.354868153731 4.71790631612142 0 0 59.77530280749 99.6745526790619 114.086826642354 100.693513949712 71.6538329919179 38.9342457056046 9.76524067421754 6.11370988190174 24.6246705452601 55.8042625586192 118.498295545578 159.312436978022 189.901053905487 198.89756043752 198.203166325887 188.636422157288 160.298158725103
62.0275984207789 61.9465708732605 59.3856275081635 55.9018353621165 54.0308554967244 53.3008724451065 38.3631860216459 24.7218236327171 24.965005616347 27.1923020482063 24.5137984553973 21.8861351410548 23.0595444639524 44.3611741065979 57.9824596643448 48.9544322093328 29.7674511869748 18.1075893342495 21.5882634123166 37.3945832252502 47.1985141436259 50.443967183431 51.2032409509023 44.1649754842122 39.1363228360812 34.7338194648425 19.7227137784163 7.37593819697698 12.3867553969224 39.8825332522392 48.5704590876897 41.680783033371 22.2284942865372 0 0 38.5899096727371 93.1713978449504 101.355254650116 82.2354406118393 79.2143891255061 84.1802557309469 68.9441760381063 47.10387190183 61.8407974640528 113.834242026011 158.546606699626 181.686103343964 192.846298217773 194.634795188904 192.208647727966 187.310139338175 165.384391943614
