input/barkrak2/radiation/dir31924.grid
NCOLS 85 
NROWS 70 
XLLCORNER 665100 
YLLCORNER 4664600 
CELLSIZE 20 
NODATA_value -9999 
[rows 23 to 45 of 70, columns 0 to 50 of 85]
80.4441124200821 69.7412341833115 36.8968198696772 19.5571358005206 14.8599868019422 19.0350736180941 20.2007256448269 7.22597725689411 5.41793927550316 5.00944908708334 15.5875359972318 16.7902385195096 19.4811448454857 25.1765797535578 22.5578099489212 22.4047551552455 29.4737468163172 37.1184796094894 43.1124716997147 36.9654496510824 35.8613679806391 39.2772754033407 51.4354308446248 61.4243298768997 69.4427986939748 68.7148968378703 64.9708956480026 53.1133115291595 34.4958156347275 15.8737028638522 11.5400056044261 4.36782836914062 0 0 0 0 0 0 0 0 0 0 0 3.18575122704109 5.42917661368847 5.53019903600216 9.02974791824818 10.5506703257561 11.127196252346 15.2161046862602 16.6964965562026
79.9434334039688 75.8380889892578 53.683211406072 24.3721082806587 8.99037222067515 19.0157753725847 19.0405709048112 17.5342236955961 10.8587965369225 5.69759805997213 5.13704866170883 15.1971479256948 16.7833529412746 23.1654892365138 22.2766324877739 21.3167096177737 26.8313437700272 35.6539537509282 42.7798430124919 36.1242219805717 33.5051069657008 31.4108754197756 39.0572026371956 46.6861426830292 50.9385963280996 52.7600695689519 49.9555766582489 44.9087719122569 22.062785923481 10.6025747954845 6.17624012132486 4.47226874530315 9.94983609392541e-09 0 0 0 0 0 0 0 0 0 0 7.78435419003169 3.14577917257945 0 0 5.52661282320817 8.48083384335041 8.796077221632 8.77334363758564
66.777840256691 71.2504237890244 64.2579098542531 33.9282900094986 8.78575257956982 18.9520021279653 25.402103861173 33.1152702371279 33.2885558406512 26.9888614614805 20.7972650726636 24.4727830092112 24.1890003283819 29.6724090973536 28.8302054007848 24.6315101782481 26.0198911031087 35.2641393740972 41.5723870197932 44.1374679406484 44.5186744133631 41.0756344596545 38.0737905701002 37.9336327314377 41.6182428598404 43.3604468901952 39.6731148163478 40.1123439272245 23.8489881157875 19.1514032582442 16.0598022242387 20.0216037531694 14.2975846926371 0 0 0 0 0 0 0 0 0 0 2.83169094473124 0 0 0 1.48747861385345 1.41602257887522 0 0
65.470298131307 70.6199109554291 68.4532721837362 43.2544400294622 20.6380411982536 31.7023942867915 43.8141326109568 53.339163462321 60.6639285882314 53.993433713913 37.171629567941 39.7200062870979 37.1785486737887 41.2895828485489 39.6171684066455 30.5432627598445 28.632864356041 37.651518980662 45.0803190469742 55.7376643021901 56.1630129814148 53.3676246802012 45.4201847314835 39.8394192258517 41.101281841596 43.0231591065725 38.7508124113083 45.9720393021901 42.9329524437586 41.3526371121407 46.2741355101267 63.7351473172506 72.0109691222509 51.4127413431803 0 0 0 0 0 0 0 0 5.68624213337898 0 0 0 0 0 0 1.08423557442923 1.06338302915295
66.9763485590617 65.8675332864126 66.0173644622167 49.2035647233327 46.0124909877777 51.9943336645762 66.3230717182159 69.3317900101344 72.4012752374013 65.1714454094569 47.6819425821304 43.1037793556849 42.1994229157766 41.2752429644267 43.4694141149521 40.4569506645203 34.3814740578334 41.7742033799489 52.3905058701833 58.7151199579239 56.0157199700673 47.5692798693975 45.3272958596547 46.6395566860835 47.1808214982351 47.9954282442729 45.3719049692154 55.3849240144094 71.7742542425791 76.2568612893422 80.7473560174306 88.0212386449178 98.7077454725901 105.809430281321 60.9385172526042 0.15052417681242 0 0 0 0 0 3.92252455155055 5.81610451141993 0 0 0 0 0 0 0 0
69.9323117733002 59.2284550269445 59.8405947287877 52.1350602308909 65.4671688874563 66.0079816977183 68.6387221018473 63.8939738273621 59.2655936876933 49.2917150259018 41.9142146905263 37.1419936418533 38.7323573231697 43.5341497262319 44.5046424865723 48.6624638239543 43.4997081756592 39.7342890501022 49.8430331548055 52.6457627614339 50.0980069239934 43.1808779637019 43.7902361154556 49.513171116511 51.7979760964712 49.1376121838888 49.8158981402715 55.7473401228587 78.6537875731786 91.8752253055573 99.8147328694661 104.481438795726 111.815512180328 114.926338195801 105.801671743393 34.2477808396022 0 0 0 0 0 1.09823381838699 0 0 0 0 0 0 0 0 0
70.9352095921834 54.1008065144221 54.408460855484 57.3740055163701 67.0906553665797 65.5386398235957 55.2360564470291 40.6248842676481 31.962310274442 25.8124644557635 25.4759391148885 29.323880871137 34.9696626265844 43.9413885275523 47.7851827939351 54.089163740476 49.0188300609589 37.1313765645027 40.4723683993022 43.7171707550685 43.0402606725693 43.8326001167297 43.7206973632177 49.3336717287699 54.6547869841258 52.1828234195709 54.2694479227066 56.1442673206329 72.4240938822428 95.108429590861 109.429031610489 114.556769529978 116.66801571846 118.113577365875 125.134805838267 107.25674033165 28.3038367827733 0 0 0 0 0 0 0 0 0 0 0 0 0 0
69.6814159552256 70.4526503880819 90.2466873327891 120.40776014328 97.5994169712067 71.2542533874512 45.7548846801122 23.7624694903692 9.29719209671021 20.5219127237797 18.6140276491642 6.71761110424995 33.9637249708176 44.1652089357376 53.4645617008209 56.4636588096619 54.6033283074697 41.9988731543223 42.3995157082876 45.4326172669729 43.2492792606354 46.7660625775655 48.4042217334112 50.7423629363378 57.3173463344574 61.1664752165476 59.3792895476023 62.2046291828156 74.3669519821803 99.1679926713308 117.458164691925 120.446890592575 117.0907219251 125.505705674489 136.191586653392 139.531513055166 112.608671188354 53.4418672323227 4.26608479271332 0 0 0 0 0 0 0 0 0 0 0 0
81.7349851131439 113.952686389287 160.533408323924 181.278546651204 160.452157258987 109.462291002274 64.147228995959 38.3320202430089 30.7923505703608 36.7729912201563 29.0194203456243 23.3829369147619 34.7475757201513 43.7717288732529 55.5754403273265 60.4736308256785 57.0451120535533 51.1823991934458 44.8028941949209 46.0844784975052 46.5126981337865 49.1561790307363 52.4365951617559 53.0241628487905 57.7127536137899 68.8023964564006 68.7337319056193 74.1553455591202 83.9978853861491 100.281645854314 116.72188838323 124.285648266474 124.840925137202 132.003804047902 137.470116217931 140.61846335729 132.036685943604 113.679140806198 50.1577903827031 2.78202785799901 0 0 0 0 0 0 0 0 0 0 0
139.87265030543 175.305724143982 200.59331258138 201.736172040304 199.678500493368 172.273874282837 132.21820195516 95.5631931622823 73.5149482885997 63.3384933074315 57.9718202352524 47.792449593544 37.1517737706502 42.4281756083171 55.9725513060888 61.9625598192215 55.491973956426 56.1305234829585 45.9004292885462 44.9624061584473 48.1920490662257 49.2945164442062 50.1579940319061 51.7013818025589 56.0648341973623 69.0113455057144 75.5620151758194 82.7811708052953 91.4633472760518 99.4828244050344 110.952119032542 124.255706866582 126.137564579646 121.68163061142 122.999509175618 117.30087796847 119.67811981837 105.126837889353 58.9531064033508 12.8650230666002 0.285976003700246 0.621779278541605 0 0 0 0 0 0 0 0 0
192.457179228465 208.801031112671 213.757654031118 211.254398028056 213.900685310364 208.225508530935 187.173088391622 145.594467719396 108.497758706411 86.7454806963603 87.0355864365896 78.3366511265437 55.5934111277262 47.8411018848419 53.8370360930761 56.9390555222829 51.6446481148402 52.073876063029 45.5246071020762 46.3081300258636 44.5498377084732 46.4814652999242 46.0269351800283 46.5473632017771 52.8905093669891 62.9255473613739 73.6686140298843 78.5543372233709 87.515652179718 99.4235277175903 109.994600216548 113.192409276962 106.070796648661 95.3119893868764 97.4982380867004 83.075076341629 83.8916500409444 69.364736477534 35.6485446294149 3.2986719161272 7.85332483549913 6.16571741799514 0 0 0 0 0 0 0 0 0
207.073410352071 213.885128498077 213.351507981618 213.905950387319 215.049544970194 212.344110012054 204.509079456329 173.333048820496 126.052687565486 100.967784722646 101.338495810827 93.1754012902578 79.8233846823374 60.0898712873459 53.6740124225616 54.9144844214121 49.2784331242243 45.2831784884135 45.1756914456685 47.9036172231038 43.6625232299169 43.5764690240224 44.8606858650843 46.1415400107702 50.1233438650767 56.9625596205393 67.1443293491999 68.035493294398 76.9217411677043 93.0691758791606 102.187792460124 100.690225760142 96.1666107177734 90.2812381585439 82.7492227156957 69.7448551654816 73.7420568863551 70.9722985823949 51.6903052727381 18.914474795262 17.4712675313155 12.2384106119474 0 0 0 0 0 0 0 0 0
200.478196144104 204.859534899394 200.5322376887 202.628970146179 201.464970906576 195.436994234721 190.365354220072 173.976063728333 135.067482789358 111.690700054169 106.296559174856 101.204554239909 91.3027326265971 67.314808567365 57.6520413160324 59.588094552358 52.4219125509262 44.0550943215688 48.4416087468465 49.611896276474 47.7251708507538 44.137254357338 47.9408403237661 51.9327968358994 50.5763590335846 55.4986894130707 59.2161317666372 60.7270846764247 67.5449271996816 86.1947536468506 95.0043300787608 93.8236514727275 97.4743167559306 99.8840034008026 82.2012325127919 75.838103890419 80.1179707050323 86.7930352687836 81.5733770529429 44.5300539334615 15.3138836224874 0 0 0 0 0 0 0 0 0 0
176.588733990987 179.569919904073 181.049108505249 178.350249926249 177.720745404561 175.64336458842 179.255803426107 176.503618558248 146.480689446131 119.519074757894 106.859813133876 96.2523917357127 86.2042407194773 65.3798331816991 53.7586112817129 59.1218769550323 60.6823960940043 49.6961027383804 51.7874509096146 54.6998133261999 54.2419056097666 49.8409767945608 50.8528848489126 53.9844036102295 52.1783928076426 52.4364362160365 58.4364334742228 64.5216802755992 68.2883113622665 79.9897015094757 92.5398468971252 95.8339869976044 97.4721709887187 102.387835582097 85.5951805909475 85.5833292007446 85.3692988554637 94.0516988436381 94.0555532773336 53.6473294099172 0 0 0 0 0 0 0 0 0 0 0
152.756134668986 161.967227856318 173.833866914113 170.900642871857 168.793082237244 174.497028191884 184.370259443919 186.20644013087 168.952484925588 134.940594434738 111.366341511408 86.3074660301208 70.4833120107651 58.8869154453278 50.7884720961253 54.4631729523341 65.239076813062 57.2039137283961 54.1532536347707 57.0373634497325 57.4546754360199 53.4841318925222 51.6074846188227 54.1484157244364 55.5135756731033 54.1112174590429 57.1369032065074 65.6728943188985 69.2158639431 74.7955540815989 85.5103333791097 96.9177186489105 99.3416210015615 93.3708747227987 82.0798476537069 94.1182374954224 96.7267950375875 100.808332363764 101.49339834849 75.4356384277344 0 0 0 0 0 0 0 0 0 0 0
114.969849586487 126.691182454427 135.885318120321 140.874783198039 148.779819409053 165.069073438644 178.96576722463 186.546961466471 182.540814081828 151.598374048869 117.63134598732 85.3112439314524 67.2312329212825 63.5238687197367 55.6632975737254 50.2879271904627 60.7425669829051 61.3699207703272 55.4010570049286 55.1574975252151 55.7196388641993 52.8800537188848 49.8473544915517 51.8204718828201 55.1651169856389 58.9203933874766 58.5381686687469 63.7040883302689 67.6304350296656 68.8215990861257 78.3895154794057 92.0464297135671 96.7360138893127 82.6271524031957 84.6384167671204 103.132158517838 106.716563304265 104.260216156642 104.281326135 101.573566595713 45.6887483596802 0 0 0 0 0 0 0 0 0 0
79.3991386890411 86.3330761591593 85.9751602013906 96.627414226532 113.119105497996 130.889564752579 145.716845989227 158.987700939178 159.894545873006 135.424315929413 101.064105828603 75.6007184584935 62.3780637979507 60.4893267154694 57.4158032735189 52.1556387344996 56.7058324813843 57.0451567570368 50.4797498385111 50.4890630642573 53.588479757309 56.5017759799957 55.4538071155548 52.1952410538991 52.2736608982086 55.4022789001465 60.0071648756663 63.0607704321543 67.6821321249008 66.510021686554 69.1265811522802 82.4503203233083 89.3536607424418 85.4484140872955 103.626618782679 116.425017515818 112.043718496958 104.531725247701 109.43799217542 123.078495264053 114.858994881312 53.2198448975881 1.79712039728959 0 0 0 0 0 0 0 0
68.4725940227509 70.430263876915 70.3125298023224 72.5348144769669 81.7796389261882 87.9484315713247 92.2823945681254 97.8734493255615 97.9492763678233 82.5839589039485 66.525066892306 62.5437398751577 61.1176689465841 58.1468989451726 56.4683924118678 56.8093657493591 56.1444063981374 55.4996877908707 51.0175327459971 50.7142841815948 54.9766769011815 60.1961513360341 61.3741626342138 57.2219838698705 55.1035056511561 53.5704046487808 62.5749131043752 64.7057791550954 67.9487784703573 68.4535801410675 67.5286302963893 74.2575029532115 83.1260134776433 92.1062926451365 110.699941714605 110.396981239319 105.49408197403 95.1680441697439 96.9874660174052 112.944503625234 124.753057956696 117.8284684817 64.9481465419133 7.49033689498901 0 0 0 0 0 0 0
76.7214298248291 74.1169701019923 74.3624120950699 74.074109395345 70.382555325826 68.5596217711767 67.2986805438995 68.7897503376007 73.806494474411 65.4413402080536 57.9599440097809 59.2582722504934 62.5208020210266 63.2263372341792 61.8019451697667 59.751162926356 54.3096562226613 61.046709616979 62.8594656785329 58.6930612723033 60.882161060969 60.4725281397502 58.9274764060974 60.8391463756561 63.0120436350505 57.5629820426305 63.4372631708781 66.9018824895223 68.0375347534816 69.6856280167897 71.1532930533091 73.7440834442775 81.1803589264552 98.7913211186727 106.237908204397 98.9628036816915 90.6294782956441 80.4181744654973 77.3118635018667 88.1324807802836 115.356723467509 120.869179566701 96.7086056868235 41.0922914743423 1.15154931942622 0 0 0 0 0 0
81.3873211542765 78.3964892228444 81.3572704792023 79.7660201787949 72.9810694853465 69.5650329192479 67.3748552799225 64.84088798364 65.352072318395 61.7231577634811 59.9400550127029 59.5550686120987 63.6849949757258 67.3186133305232 66.9029951095581 63.5906259218852 60.4186157385508 66.5523558855057 68.9303775628408 62.880535920461 60.3940337896347 58.0627769231796 54.6556015809377 56.5924396117528 60.8451267083486 58.020755648613 55.1236967245738 59.7056398789088 65.335676074028 67.2931671142578 68.533922235171 69.2393481731415 78.4827172756195 98.6469984054565 105.200399955114 89.2789165178935 79.0607233842214 76.5675952037175 76.1043876409531 83.7229490280151 92.1576221783956 95.0857400894165 81.6344420115153 48.8772143920263 3.06179312368234 0 0 0 0 0 0
65.5013620853424 68.2177444299062 76.8942534923553 74.3891547123591 76.8119345108668 79.350600639979 78.3171653747559 74.1505324840546 63.906783858935 62.2919847567876 65.942774216334 62.4051640431086 62.9486342271169 66.6258931159973 67.6601429780324 64.8588041464488 66.2578145662944 68.108598391215 69.3246026833852 63.6176367600759 58.1937630971273 55.2624017000198 53.723340233167 52.9017746448517 55.5244435866674 59.8822236061096 54.4636497894923 56.9557050863902 60.9313150246938 63.9725923538208 62.301312883695 59.9294155836105 71.2498178084691 84.6943656603495 91.1577840646108 80.9396753708522 76.4280408620834 82.0269683996836 83.7885638078054 84.5286647478739 80.5196464061737 78.443909684817 73.0087359746297 48.3097632726034 5.96900470554829 0 0 0 0 0 0
63.9564295609792 69.7599897782008 72.8898346424103 73.5420286655426 75.4668414592743 77.8525372346242 77.9968897501628 74.3194321791331 69.5954660574595 65.7778183619181 67.7708635727565 65.8774673938751 62.9275590181351 61.2572679917018 60.4682068030039 60.6829822063446 58.386301000913 64.8028502861659 66.4421270291011 64.1975551843643 59.9325895309448 57.7415078878403 57.1958223978678 57.3955476284027 55.747111638387 63.9420747756958 66.8229113022486 63.2436821858088 62.0520263910294 61.1911118030548 58.2066873709361 55.6414028008779 61.0364427169164 65.3769373893738 72.0400114854177 75.0241180260976 78.6969910065333 86.2543781598409 90.1870131492615 81.3005069891612 80.2269379297892 74.6787240107854 71.099653840065 52.6882310708364 21.9183166821798 0 0 0 0 0 0
70.2606737613678 75.0380357106527 72.0824549595515 75.5990594625473 74.0145146846771 74.2142498493195 75.7181743780772 74.1832951704661 75.6594489018122 71.002205212911 70.3936517238617 70.151741305987 65.5978123346965 61.3006403048833 60.3353679180145 64.0224814414978 59.0989639361699 62.460258603096 66.4012928803762 64.9401644865672 61.9991521040599 61.92214290301 60.5395287275314 61.8132948875427 63.2040748993556 63.082367181778 69.7777420282364 66.9308255116145 64.1369223594666 62.3998045921326 58.8796784480413 55.9669137001038 58.545783162117 58.0142637093862 58.3806236584981 61.4263912041982 68.5919672250748 77.9590457677841 79.8501074314117 68.5010105371475 70.9202984968821 66.3664440313975 65.6576603651047 62.5612636407216 44.6979651848475 13.8886036972205 0 0 0 0 0
