input/barkrak2/radiation/dir32424.grid
NCOLS 85 
NROWS 70 
XLLCORNER 665100 
YLLCORNER 4664600 
CELLSIZE 20 
NODATA_value -9999 
[rows 46 to 68 of 70, columns 0 to 51 of 85]
63.6498828728994 65.2853151162465 67.9423660039902 69.9164072672526 69.7248627742132 69.4512128829956 71.263313293457 72.9548037052155 69.7283993164698 68.3330943187078 67.2152688105901 66.260685523351 63.0445728699366 59.8991413911184 59.6166004737218 63.5773787895838 62.2243235508601 57.1215053399404 61.8582715590795 61.3220483064651 57.8739146391551 58.3683749039968 58.1066757440567 56.109681725502 63.4230375289917 57.2613924741745 58.8136712710063 60.3037377198537 59.4683388868968 58.5735241572062 56.8448404471079 53.5261233647664 53.7814795970917 52.7625183264414 55.4059594869614 56.0939361651739 57.7243814865748 62.7437631289164 64.7221704324086 62.790592511495 62.1548493703206 57.3872228463491 63.0876868963242 68.6274866263072 60.5750729640325 31.6271757086118 3.84444370865822 0 0 0 0 0
57.5908720493317 59.9057078361511 65.6305054823558 67.2885477542877 70.808157324791 72.2882052262624 70.3396399815877 70.0001418590546 69.9263562758764 72.2713967164357 69.6604748566945 65.9923901160558 64.3483251333237 64.3115192651749 63.0778719981511 61.8618130683899 61.0143840312958 53.9649625619253 58.5869053999583 59.9953929583232 57.531808813413 57.9721579949061 61.2881779670715 55.0106068452199 57.9063942035039 57.3285818099976 53.4685353438059 56.7793995141983 59.3063632647196 58.1561724344889 58.1344167391459 56.9185018539429 52.4556587139765 56.2596122423808 65.766433874766 70.2033291260401 65.0402158498764 59.8579049110413 62.7617438634237 71.0316399733226 66.1823898553848 59.0375860532125 65.8805767695109 71.9952434301376 64.0956411759059 47.4946896235148 16.2342290083567 0 0 0 0 0
50.6796389818192 53.9292444785436 59.162308772405 62.8273636102676 69.2073752482732 72.8636085987091 69.6295350790024 67.7998314301173 71.6817229986191 73.8112777471542 71.7080136140188 68.1185722351074 66.6979054609935 67.4022734165192 64.8744950691859 59.8100622495015 59.2056214809418 54.0638069311778 57.4638942877452 61.6121788819631 61.4473670721054 61.5504185358683 63.5744631290436 60.8983387549718 58.620939652125 60.0304504235586 57.2503407796224 61.264842748642 65.9019649028778 68.9889589945475 72.029709815979 71.5547253688176 62.0447148879369 64.9472326040268 71.0876782735189 79.3807655572891 77.9002259174983 67.8647458553314 64.8246804873149 68.1504160165787 63.5242164134979 57.4995130300522 55.4143091042837 55.6553800900777 54.0199329455694 53.2212754090627 44.1358983516693 5.25359995663166 0 0 0 0
49.5793024698893 47.4506715933482 51.5990753968557 59.7008168697357 65.4844244321187 68.6256885528564 71.4084456364314 74.0425487359365 75.2151260773341 71.8110253413518 73.6669848362605 73.5471149285634 70.2063391606013 68.0419603983561 66.2657916545868 61.984787384669 59.9114696184794 57.5182338555654 60.5525920788447 64.6396577358246 66.9207672278086 67.7781502405802 65.1715745528539 66.6852792104085 62.2128546237946 65.1320517063141 66.1934564510981 69.6292171875636 75.6227274735769 80.7907581329346 88.5895589987437 88.2346332073212 78.2963335514069 71.8611876169841 71.2978541851044 79.1535675525665 83.0547710259755 78.5916497310003 68.0224498112996 60.1186603307724 55.0036380688349 57.4559221665064 56.0000042120616 52.1212716897329 48.4158992767334 51.6364475091298 44.2981421947479 12.1707866589228 0 0 0 0
49.8567074537277 53.357203801473 56.8723330895106 63.2986178000768 63.6241634686788 64.038763443629 71.9820807377497 77.2759119669596 77.1266867717107 76.6875644524892 76.4013677835464 76.1213550964991 72.4767297506332 68.2486395041148 68.2568252086639 71.4451322952906 64.3058915932973 64.0534460544586 64.615453282992 69.3015505870183 70.2577730019887 68.1102275848389 66.6484435399373 67.7799632151922 62.9279712835948 68.817878762881 72.964479525884 75.6238847970963 81.5320511658986 87.4510010083516 93.164602915446 98.5666712125142 89.0985627969106 75.2999236186345 66.4894332488378 59.8449359337489 68.6894953250885 83.6842258771261 73.1134116649628 57.243213057518 51.104744275411 58.4404567877452 61.7012083530426 58.7367912133535 53.189421693484 51.0487655798594 29.3930818637212 16.6401937603951 0 0 0 0
50.658255815506 61.613142490387 63.7350678443909 65.0324424107869 63.3353342612584 62.6710951328278 70.389986038208 75.8068710565567 75.7907778024673 80.7576974232991 78.3362537622452 77.4856160084407 75.084000825882 70.5711841583252 70.5028275648753 75.7947862148285 70.0042148431142 67.7999009688695 64.9016598860423 66.8775339921315 66.4217521746953 65.3297354777654 64.9457027514776 62.0434035857519 61.2781991561254 63.7645075718562 69.312001268069 71.8359649181366 75.6022681792577 81.7694365978241 88.8067483901978 95.7402288913727 91.3684964179993 69.4316327571869 26.5631924072901 25.9811207652092 33.7855865557989 62.0680650075277 75.7823884487152 75.2114355564117 71.138858795166 65.2370949586232 54.4087787469228 52.8711080551147 59.217909971873 48.9473988612493 29.1914095481237 22.4383796254794 2.03168159350753 0 0 0
54.3148269255956 52.6258846124013 51.8037776152293 53.959180911382 60.2544844150543 65.8647467692693 66.5977398554484 72.4961857000987 72.3475068807602 77.3516197999318 77.6316026846568 79.429492354393 79.0598144133886 74.3835270404816 72.6215044657389 71.1316764354706 72.4479258060455 66.5738880634308 60.9017858902613 59.7684681415558 58.7810774644216 60.9334856271744 61.5328103303909 56.8005194266637 57.8012069066366 55.6115607420603 58.2818289597829 62.5857412815094 64.1965617736181 67.8424040476481 70.0561056534449 79.3169587850571 77.4572988351186 54.6610454718272 21.8819056948026 13.4546260039012 14.3845801552137 23.9479367931684 51.665003101031 69.952979683876 77.3516247669856 65.6756560007731 51.6485075155894 42.9176638523738 47.5503206253052 36.239023009936 28.5049354036649 40.8583953976631 24.0696122248967 2.20686523243785 0 0
56.8228016297022 47.3924577236176 45.3077654043833 50.3539890050888 61.2917045752207 69.9395040671031 69.3647563457489 70.5349743366241 73.259711265564 73.806310693423 75.7099688053131 78.6547760168711 80.258717139562 78.8670480251312 74.1581519444783 71.6356833775838 74.1019000609716 67.6011790831884 62.6954783995946 63.2885048786799 63.3069475491842 60.7193261384964 58.595339457194 55.7533800601959 56.1371346314748 54.1362017393112 53.3289859692256 55.0849586725235 57.9274048407873 56.3111205895742 47.7893054485321 51.1948068936666 53.7051906188329 29.8853069543839 23.6531669894854 14.4262922306856 5.16830074290435 3.8022119551897 12.8778095046679 35.083644092083 58.7114791075389 58.9967221021652 44.2116657892863 39.5449648300807 28.5359422365824 29.5724620421727 27.1258056163788 47.951802611351 56.3324441512426 36.2783124049505 8.46084766089916 0
56.9265186786652 51.6540507475535 49.7762113809586 54.8454622427622 63.7223372856776 71.2074985106786 74.316993355751 70.4922676086426 75.0179787476857 73.5687712828318 77.1851539611816 78.8973818222682 80.550342798233 82.1484873692195 77.324574192365 76.6368408997854 76.3426373402278 71.9326237837474 67.6777362823486 68.8575605551402 68.0903196334839 63.6461426814397 61.8017812569936 61.3752553860346 58.8637590408325 58.5249563058217 56.1903019746145 52.008792757988 50.2912104129791 47.2303132216136 39.4217123587926 41.5444249908129 48.2077449560165 50.1588582992554 48.2925772666931 37.3566076159477 16.0656881829103 5.46724100907644 4.10685843477647 9.63651513059934 26.4764974514643 31.076468527317 26.7268518606822 20.2213699618975 19.9121497571468 25.8191674947739 30.1587954163551 40.7712385058403 52.0870834589005 56.9927543401718 38.4015962481499 6.83301997681459
60.1304769515991 58.7335725625356 55.3544461727142 54.2265325784683 59.9186172087987 70.4124222199122 72.4679380655289 70.3300933043162 72.1604327360789 77.3198107878367 83.6374660332998 84.1426253318787 82.6844622691472 83.0400387446086 81.094558040301 80.7764530181885 80.6719362735748 77.6652644077937 72.4697907765706 70.1886117458344 67.4099773168564 65.9936567147573 66.994031270345 68.3817466100057 64.6435519059499 61.768447359403 55.4138123989105 48.0780005455017 41.0450771450996 39.9711181720098 41.9901112715403 46.4232017596563 52.5609105825424 64.3292317787806 68.9728111028671 66.6902561982473 55.4661800463994 36.4604393641154 26.3440708319346 9.18270461261272 15.0052718818188 25.8683636784554 30.0856654842695 21.529051164786 23.2973123590151 37.2376888990402 57.3688050111135 51.3628274202347 46.3317533334096 52.6287953058879 44.0385440985362 12.1157690882683
62.6770307620366 62.1160169442495 61.0992014408112 57.7256778875987 58.94668896993 67.7913725376129 70.2454249064128 70.205420255661 70.3716973463694 79.6432097752889 87.3412390549978 86.0567291577657 81.7683537801107 84.159384171168 85.6420993804932 79.7283003727595 81.8777332703273 79.3943802515666 74.9750037988027 72.1981426080068 71.2600151697795 71.7079142729441 68.9366261164347 66.7990297079086 63.7189249197642 59.5714350541433 40.8679122726123 18.6906717717648 16.0848957796892 24.9254877368609 37.5232895215352 43.372169137001 50.7230708996455 57.9091856877009 69.0583636363347 80.5994818607966 72.7934936682383 65.1160180568695 50.7478465636571 31.5545698006948 16.8590570489566 26.0558674732844 47.7591554323832 47.7774639924367 47.0382769902547 60.6397489706675 86.0194563865662 74.679841597875 52.6946882406871 39.7206669052442 30.8418646454811 14.7807697455088
61.5063309669495 59.6919357776642 63.4301950534185 64.497838417689 62.1278683344523 64.7341758012772 70.2007859945297 70.9860722223918 71.4174260695775 79.2959630489349 86.1802101135254 84.5294892787933 79.8424333333969 83.0793629089991 86.6812268892924 77.4102360010147 79.1855802138646 77.4643172820409 76.5073001384735 76.8734117348989 77.5897006193797 76.5578498442968 72.3461707433065 65.8817142248154 64.4590904315313 62.0806068181992 44.2015727361043 25.6222138802211 25.2736484011014 32.6963017384211 42.7835385004679 48.5600332419078 60.2637082338333 69.1144069035848 79.8756281534831 75.6010760863622 70.0210432211558 30.9718598922094 31.3552195827166 31.9503123561541 37.9731729626656 49.7426142295202 57.1039865414302 30.1381250222524 23.9732315142949 28.6595076322556 64.6443665027618 60.5057179927826 47.4772602319717 38.1274819374084 32.0326387882233 24.6997276941935
50.4180739323298 57.8859547773997 61.4904413620631 64.315602183342 64.4032855828603 61.1697236696879 70.1191127300262 73.9370832840602 74.970747033755 79.9962977568309 82.1644465128581 81.7673454682032 80.9074540932973 79.5804957548777 80.7492882013321 77.0759731531143 74.0809341271718 77.9609183470408 79.5967976252238 80.8801651000977 83.4843317667643 78.7332753340403 76.4184395472209 69.3473716576894 68.730687101682 67.0363654692968 63.6556645234426 55.5799702803294 54.2377829551697 59.1089775164922 56.1269819736481 55.0614943106969 72.7112789948781 82.1008036533992 65.8760964870453 55.5350432793299 36.4218478401502 17.0420706272125 7.7452523012956 17.0283255477746 16.5931185086568 51.5984445810318 59.0425431728363 48.2274293899536 36.008099714915 37.6883894205093 51.7683327198029 56.2638243039449 53.6397000153859 46.9665726025899 40.5891388654709 40.2769794066747
40.9928013881048 55.3978234529495 59.4575007756551 62.5082155068715 65.543716152509 61.7087682088216 65.6512180964152 73.2820928096771 84.38374598821 85.8870943387349 81.0818572839101 78.4542014201482 80.6444982687632 79.8663000265757 80.1998376846313 77.4872849384944 73.9941895008087 76.4978875716527 74.9897956848145 73.2843081156413 74.0205595890681 73.7846543391546 72.7441410223643 71.635310848554 71.8074639638265 75.7950395345688 84.6352378527323 86.4116946856181 72.6403693358103 66.5057847897212 55.5713971455892 51.899641752243 67.3097223043442 59.9121749401093 27.0820607741674 19.4944801429907 18.4705629944801 11.8988553682963 2.39737161124746 0.356988748535514 0 18.0911645293236 52.8800090154012 74.6018389860789 79.722007115682 73.9697217941284 73.2901096343994 73.9662249883016 73.2798427343369 62.1968805789948 51.3573388258616 63.3913477261861
42.9233113924662 52.7847508589427 59.9966496229172 62.5210404396057 64.0503615140915 64.3284320831299 58.6686382691065 68.0972337722778 88.5483026504517 87.6516302426656 79.3967097997665 75.5301316579183 78.5778065522512 82.0548137029012 81.3377151886622 77.7598321437836 76.7609576384227 74.2465555667877 67.7525450785955 61.1425638198853 61.6401533285777 65.0791029135386 65.1063819726308 69.1802799701691 70.9266116221746 75.9523957967758 91.9390022754669 97.992350657781 83.4895173708598 71.0013856490453 54.7549426555634 45.1437284549077 48.9497482776642 47.0655163129171 25.1046369473139 14.9146442612012 16.0286910831928 22.477167348067 14.7813421984514 3.80479109783967 0 5.48163428902626 27.4259075522423 57.7975809574127 61.6651674111684 58.1613481044769 57.9186727603277 68.0786470572154 63.8798127571742 57.3932627836863 58.6741467316945 95.2369272708893
54.4984042644501 57.5759013493856 59.9279453357061 56.6674222548803 50.801952679952 47.9920407136281 55.6883712609609 61.2694422403971 71.1406220992406 67.5124327341716 64.8138473431269 68.8190559546153 76.8397102753321 79.1244904200236 75.0381797552109 76.9547124703725 77.2494475046794 71.4207192262014 63.4221335252126 57.5840224822362 57.51071870327 58.5171977678935 62.3794992764791 65.4182483752569 65.4752949873606 70.7494715849559 83.4268530209859 90.437908967336 79.0527810653051 61.9723151127497 53.5370409488678 41.1566247542699 35.9127372503281 50.5073964595795 46.5404192606608 23.9836325248082 24.0423729022344 55.2759766578674 52.2681971391042 36.943182349205 10.6340423226357 7.0464846988519 16.9160639246305 25.0949636101723 23.6975724498431 25.6692742307981 31.1601907014847 37.4343345562617 45.0762460629145 50.0531295935313 73.360006014506 129.336814085642
65.9507215023041 62.740683555603 58.9716136455536 51.8291095892588 41.860967874527 35.7910146315893 45.3904171784719 45.7507123549779 36.0991284251213 35.1302102208138 46.2345828612645 59.0285907189051 65.1875485976537 69.4432655970256 72.6179679234823 83.166241645813 85.7164363066355 76.8653154373169 68.2447652022044 64.6981944640477 61.4446103572845 61.3583425680796 62.7097984155019 63.1794879833857 62.6576095819473 65.1817619800568 72.8139479955037 75.0080049037933 70.584366718928 49.5594243208567 53.7777245044708 43.785552183787 39.5752390225728 59.2727959156036 65.4271195332209 53.2303502162298 43.481856584549 32.6060528556506 41.1248207092285 42.6954676707586 29.6006500720978 15.9689163168271 16.5559723973274 17.0480447510878 10.9844530622164 12.084739903609 20.8395173152288 23.1984282533328 24.4552840789159 50.8459011713664 100.335915883382 145.328332980474
68.8940584659576 62.1652702490489 57.2335720062256 53.3395111560822 46.2344984213511 40.2247384190559 35.7946877678235 31.384547551473 14.8605729142825 22.9445273677508 38.8978843887647 53.3746331930161 53.382600347201 61.3361845413844 75.0433305899302 91.3266042868296 96.9487428665161 89.4430677096049 80.9763669967651 76.5923758347829 71.5114374955495 69.3228244781494 66.8769826491674 64.477413892746 61.621238787969 64.4745727380117 63.1246268749237 62.7771119276683 60.2510372797648 42.8003966808319 41.0855089624723 41.7485286792119 37.9048635562261 62.1303419272105 82.0111334323883 85.2090716362 59.4383130470912 21.6189424196879 17.7891813218594 23.9554842313131 29.6002800265948 21.8385408322016 25.3286684552828 21.8885987997055 15.7688496013482 10.4459002614021 17.5066652397315 30.1049475868543 37.7702588836352 65.7749424378077 133.089860280355 164.442509412766
71.4034140110016 66.007599234581 64.6374374628067 65.7310287157695 62.3704542716344 56.0131967067719 50.8271753787994 51.1827369530996 49.9636828899384 55.6730031967163 63.8671070337296 70.0285285711288 70.293794075648 65.1355733474096 75.7169872522354 92.3090279102325 102.545460065206 102.394431829453 94.9699282646179 85.1117074489594 78.8484662771225 73.6074844996134 72.6647526025772 71.2930758794149 62.533179918925 57.55415558815 54.1064441204071 54.5765509208043 52.1079152822495 50.168588757515 32.3609833916028 30.3420995672544 21.1506585280101 49.3644773960114 89.4854764143626 99.3712743123372 66.4209475119909 29.3350766102473 11.7112373312314 11.8546398977439 15.3594116369883 12.2543002168337 24.7923160592715 39.2348319292068 40.4193003972371 27.6838292678197 27.608888844649 43.9161509275436 71.5832163890203 118.835389614105 152.092357476552 164.831260840098
72.2315063079198 69.5102761189143 69.7040806214015 70.9760735432307 70.4088608423869 66.7434533437093 66.4403885602951 74.2894659439723 91.1829769611359 87.2361858685811 78.2018999258677 79.3408403793971 85.4900181293488 72.4518795808156 73.9757468303045 82.6527575651805 91.9017891089122 98.3365972836812 99.0239878495534 92.2183096408844 86.3644480705261 79.9949864546458 74.8012314240138 73.8437076409658 66.1684374014537 52.0052214463552 46.2044477462769 44.7210371494293 45.1494157314301 35.3563750783602 18.8516601920128 16.6630273063978 11.5422258774439 11.6451680660248 86.1603717009227 100.760837395986 80.9686084588369 68.8639382521311 36.3991012175878 7.03413660327594 1.55952231337627 0 13.8039216399193 43.8297688961029 50.8971512317657 40.9836694598198 39.6469756960869 64.5658075809479 124.608506759008 170.72061697642 163.318653901418 150.365144014359
71.4047104120255 67.8683668375015 62.0437959829966 57.1590065956116 57.5104554494222 59.7925831874212 59.8339885473251 72.4244266748428 83.2388401031494 78.6115179459254 68.3949142694473 68.4643983840942 79.2462527751923 74.5864460865657 70.9067583084106 69.7494745254517 70.328285296758 77.4678687254588 87.7730051676432 92.4002130826314 88.1559650103251 81.9424291451772 75.1727571090062 69.1368083159129 59.0277165174484 53.952102859815 38.6052380005519 34.1961855689685 40.4449055592219 36.4658509691556 18.7490880489349 12.8950526316961 5.26890407005946 0 6.56340581675371 90.820054213206 97.5122352441152 109.1501613458 90.7947818438212 39.6421005328496 5.98577534159025 0.0672994938213378 6.01234038670858 33.4635451436043 56.8552513917287 77.8552144765854 100.105305512746 152.839740117391 194.770832856496 205.012440681458 189.272960027059 155.837585528692
73.661079009374 71.5330292781194 65.3867026170095 58.3275506893794 56.7251195510228 59.7161054611206 51.7115344603856 49.3742773930232 49.3875543276469 47.263115644455 40.4597520828247 37.9583984613419 43.1875884532928 60.3995323181152 67.8670952717463 63.7712279955546 52.4584800004959 47.3842769861221 58.7008744478226 80.8286120494207 82.0001761118571 76.0981490214666 69.4784472386042 63.7117673953374 58.7118417024612 53.7139574686686 43.0509398380915 21.6908504565557 32.8138892849286 45.7362135251363 30.4910192886988 17.6742052038511 8.52696473399798 0 0 70.8608378966649 110.848367214203 125.468651453654 112.188071012497 82.4589083592097 48.2676029205322 15.9470066428185 13.3163457115491 33.1084082523982 67.6406621932983 133.52115948995 175.613045692444 207.224090894063 216.106474399567 215.417305628459 205.71247736613 176.330188910166
75.4404167334239 75.3445625305176 72.654311855634 68.9349869887034 66.9841518004735 66.2269492944082 50.2498050530752 35.2677156527837 35.860538482666 38.1534645954768 35.2523053685824 32.369889318943 33.7040945887566 56.6601653893789 71.0525214672089 61.4459266265233 38.9629950126012 27.9679621259371 31.9534465670586 50.2312282721202 59.7210625807444 62.927837173144 63.7309104204178 58.0125053723653 49.2014586925507 45.1083729664485 34.4178006052971 11.7578109105428 25.1755019028982 49.1766631603241 58.3009918530782 51.3481597105662 30.8603992064794 0.393987710898121 0 47.9470044374466 104.877134164174 112.744669119517 92.9159919420878 89.9369815985362 96.0340003172557 81.3292562961578 58.4658732016881 74.3904660145442 129.344612360001 175.446728865306 198.88166586558 210.163096586863 211.890955766042 209.545652071635 204.624851544698 181.913316249847
