input/barkrak2/radiation/dir31724.grid
NCOLS 85 
NROWS 70 
XLLCORNER 665100 
YLLCORNER 4664600 
CELLSIZE 20 
NODATA_value -9999 
[rows 0 to 21 of 70, columns 0 to 50 of 85]
93.262135982513399 107.590109109879 123.692731062571 144.00373895963 152.844905853271 155.467728773753 154.678771893183 152.355492115021 150.489936272303 153.844654560089 154.50249115626 150.791108608246 146.359125773112 145.487040281296 145.588825146357 132.036040226618 119.233936071396 109.522998332977 107.723633448283 107.733637094498 113.654146591822 134.605358044306 156.512916088104 160.904457171758 164.260119199753 174.621939659119 173.141022523244 164.134204387665 156.098286310832 157.03288714091 153.156260649363 175.240357716878 213.563640912374 210.577269395192 208.058993021647 201.180100440979 205.762346585592 217.166701952616 216.056843598684 213.872353235881 205.455899238586 213.602304458618 218.804041544596 210.022429625193 198.749005794525 206.056535243988 213.214238484701 172.953327496847 117.200394471486 112.829109032949 135.903467734655
62.4436239401499 80.3932895263036 92.2825833161672 109.25034681956 122.470140457153 142.552187045415 147.040019432704 154.603858788808 160.056004921595 158.038983742396 156.925896803538 152.267515659332 147.14985092481 147.244930267334 147.318124771118 134.521752595901 126.221001148224 116.027702887853 113.346735636393 111.252089341482 124.145289262136 150.517245133718 169.916411240896 170.316815376282 173.470894495646 178.960661093394 176.477054754893 166.916946570079 159.496575593948 158.900549014409 159.546454747518 185.567557811737 212.517499923706 209.058105945587 203.758935133616 199.180165926615 207.169810930888 220.710078875224 215.651015440623 213.330388069153 208.697438240051 210.937857627869 206.331193447113 195.806682109833 190.515240033468 202.960312366486 203.819155693054 152.45113770167 124.312738577525 135.049263636271 164.701163768768
31.9824616114299 41.802262266477 48.6883868773778 54.6586314837138 66.3064817587535 78.3441762129466 93.5909748077393 116.166194279989 143.325060606003 146.587272485097 150.467058022817 153.619180123011 156.214813391368 157.85625576973 159.585903088252 157.953957716624 154.056131839752 143.547157446543 129.033317168554 123.218903938929 134.626974662145 151.688069105148 165.687690178553 171.327074368795 175.467352072398 174.878160158793 171.838482220968 166.334678729375 163.356800874074 166.713913281759 176.874836285909 196.399490038554 208.195944627126 205.586095650991 201.136906941732 201.72252257665 210.729440053304 214.310526847839 206.821878751119 202.024022738139 201.059460639954 194.400191307068 180.802822113037 173.743645350138 179.618815581004 196.664909521739 189.367512861888 149.780541658401 144.082834323247 163.268665472666 189.942677815755
19.1428822775682 20.5330426494281 24.2742051680883 27.4434834718704 31.4135402441025 35.7786218325297 45.6311206022898 62.1138562758764 76.2643814086914 97.5661377112071 116.526852051417 145.810812711716 155.218581358592 158.50176413854 162.4709268411 168.750723203023 165.835380554199 156.081964572271 137.692034244537 130.739678939184 132.013618946075 133.578797181447 144.151876370112 153.432687123617 159.986833731333 163.003742694855 164.925118287404 165.079275767008 166.675209999084 173.250118891398 179.426630338033 198.904752731323 204.515775044759 201.924165089925 199.090778827667 199.35933748881 201.593041419983 202.197333176931 198.125084241231 189.283569653829 183.65881840388 175.303737322489 175.5224665006 187.127649784088 198.414325714111 193.18832953771 174.15455977122 151.528785626094 153.81063024203 166.932046413422 188.98461262385
29.3114011486371 22.2094704707464 15.6896201272806 10.6453038752079 9.0703833848238 20.0995343426863 32.7846879760424 41.2192195653915 49.9358375867208 58.1171810626984 75.3695418437322 96.2169567743937 113.886296749115 123.893111944199 127.670625845591 133.513420820236 134.554356336594 140.185674031576 138.289401928584 132.725656032562 128.83323431015 126.981576283773 133.474588394165 142.57753888766 147.0794181029 155.754536390305 162.886281808217 164.337575435638 167.345404624939 168.034036954244 174.463828404744 197.336355845133 197.189927101135 196.834901968638 196.716904640198 195.406218369802 192.314088344574 189.673781394958 180.784344673157 172.252535820007 173.166076342265 175.762236118317 182.456791400909 193.413615226746 199.90595181783 174.724380175273 141.349335511525 134.009063243866 147.585093975067 165.93403617541 195.004860560099
56.9456815719604 41.5023763974508 25.7073640823364 11.2530266245206 7.00704691310724 11.6290164490541 23.9421849449476 34.2939769228299 41.2695085008939 41.1580552657445 45.742725332578 55.4252018531164 66.7460610469182 70.7691411177317 79.6760221322377 82.5177977482478 84.9217375119527 93.4640864531199 109.270672003428 117.476403713226 120.532095432281 128.086507320404 125.726401805878 127.933253844579 136.005749305089 143.714219331741 147.456705570221 159.153093894323 167.308906714121 170.790493488312 181.991636753082 192.234516143799 186.375975608826 187.448958555857 188.858469327291 188.546538352966 185.778896013896 180.934210618337 172.457317511241 172.686298688253 172.106325626373 172.841986020406 176.570892333984 181.169132391612 175.468484560649 137.302617232005 117.64191587766 127.314686775208 147.098402182261 185.520529747009 208.889921506246
66.7507549126943 52.3552149534225 40.7793521881104 28.861699004968 16.12538844347 10.6714020172755 13.7436576187611 28.4463738401731 38.8237436612447 44.5464054743449 41.533887386322 39.0431607762972 38.0954071879387 36.4578018585841 37.0825876792272 47.4291940530141 53.9076626300812 69.9543406565984 86.9750181833903 101.533989111582 112.034887075424 120.042502880096 121.289402246475 120.325565338135 126.900533835093 132.000555594762 135.685384273529 142.159670591354 147.780656814575 162.718594074249 179.601411024729 184.367060661316 175.421675046285 171.218276023865 171.76886399587 173.399607340495 173.493464787801 169.050951798757 164.060165484746 158.55477253596 153.781473636627 154.100974400838 162.241796652476 171.140472094218 168.561995029449 161.931087573369 173.317849636078 181.46800994873 193.547924359639 208.078364531199 212.877968947093
81.0409138600032 65.9623394409816 57.4045528968175 49.4679907957713 33.4615185856819 16.7441728214423 8.73910573621591 2.61436930547158 16.606368124485 34.1847017407417 41.8283740679423 40.8308506011963 37.0825330416361 35.1354529460271 28.1861672798793 30.906284848849 37.6103321711222 47.5820948680242 65.8210913340251 83.8397145271301 96.1009860038757 109.359512726466 119.348416725794 117.79045065244 120.637595653534 121.062616507212 122.272034486135 127.100249131521 132.843484481176 144.601186116536 154.479165871938 162.502735853195 159.755498170853 154.316077629725 152.338077624639 152.604003747304 159.063468376795 158.145209153493 154.932280381521 140.068312486013 136.034230391184 143.447776635488 158.695350090663 170.872926712036 174.170513947805 182.219425837199 191.051304340363 194.154222806295 206.219136714935 209.127048651377 204.377432664235
75.4081656535466 68.025420109431 57.4706395467122 49.3917961915334 44.5524503787359 33.4307750066121 17.6271932820479 7.4854859461387 13.4888341029485 20.0167993704478 26.7787575721741 31.510462363561 36.8975525101026 40.3276880582174 38.901408513387 35.2250933647156 33.7207789222399 37.5755354762077 47.3463435967763 59.7756206989288 74.1331428289413 85.7973992824554 100.826958815257 101.865470409393 103.753199179967 102.803289890289 104.702711105347 112.234483162562 115.278492371241 124.745279550552 130.799462397893 130.832811196645 130.939195553462 132.637798786163 140.995691219966 144.120246171951 146.48828903834 148.837774991989 150.298784176509 145.178536574046 150.171895821889 159.722139437993 167.580485343933 170.687576135 168.687403202057 167.56151119868 171.249409516652 183.733026186625 191.851735115051 189.369519551595 185.188472270966
57.0682982603709 53.0324081579844 47.1696406602859 38.8905604680379 37.7023369073868 37.8058031201363 31.6927780707677 22.4506954352061 13.8771285613378 11.1396871507168 16.0753602782885 26.0015428066254 37.8228773673375 46.4646021525065 51.7440537611643 50.029918551445 41.2005707621574 39.9418075879415 41.6835844516754 44.7764297326406 51.4566351970037 57.523508866628 68.1824932495753 76.651006937027 85.8518481254578 89.5020365715027 88.2151424884796 91.5236572424571 98.6482004324595 105.286379655202 105.831603209178 108.002930879593 113.454083601634 115.068097909292 119.86901362737 130.097001791 135.60551404953 141.597539186478 147.625307242076 155.857781569163 165.021926164627 169.511675834656 171.549797058105 170.558869838715 167.194604873657 166.81961218516 175.780653953552 181.66188398997 183.682839075724 185.604254404704 187.53844499588
22.2860450545947 22.0693722367287 20.8022358516852 20.9387938181559 19.4537217418353 15.364649395148 21.1343467235565 23.9936386545499 19.5328320066134 15.5018803973993 12.2296003003915 14.9434482057889 27.8374627232552 42.3309852679571 55.0133734941483 50.6289551655451 47.3431845506032 43.6879694461823 40.1466165979703 38.7794896960258 39.6848445137342 41.2794823447863 45.539324482282 57.2783251603444 68.0715888738632 76.3204743464788 77.3143122593562 76.990415652593 80.3355475266774 87.8683825333913 94.7000583012899 96.7450141906738 104.218224684397 107.94589916865 107.770850261052 111.794739961624 119.157731533051 131.984929243724 143.076578776042 160.49853960673 167.523284753164 168.192346890767 167.094926039378 165.85244735082 165.842552979787 169.812798500061 176.618893941243 177.099426587423 176.341394583384 180.117805798848 184.192935625712
1.95345810304085 2.60572539021571 1.41626705105106 0.856151959548394 2.44631026546926e-06 4.18467926976973e-06 2.52729561179876 17.2414605816205 19.8834575712681 20.2208322783311 17.026877651612 12.6736933986346 14.2075816790263 24.8848224679629 38.423682252566 43.1813249985377 48.5329528649648 48.4948803981145 44.7774479786555 39.1582176089287 35.8737111091614 36.1313099662463 36.6496567924817 43.4589286645254 50.5664100249608 58.7195406357447 60.0212415059408 62.2654805580775 67.0620103677114 68.7926858663559 73.0451991160711 85.3506127993266 88.4382327397664 90.6249384085337 92.9239491621653 95.4265395800273 105.037818352381 114.470700422923 123.429159323374 150.572429100672 157.520949840546 157.165209452311 153.570433457692 148.847719033559 150.300691525141 152.816692988078 157.591660817464 164.16996717453 167.753279209137 171.952108542124 174.366275469462
0.000197208881521268 0 0 0 0 0 0 3.17780145754417 16.7457920809587 24.6919815738996 24.8413383960724 20.1351170738538 11.9670405983925 12.2492462396622 23.0133434136709 38.5253429412842 47.9042579730352 51.7648756504059 51.3080308834712 46.3567972183228 42.5737450520198 43.3188776175181 44.1960046688716 45.5442617336909 47.6330469051997 48.487255970637 51.5330185492833 57.9198648532232 58.6010714371999 60.3177597125371 60.7896546522776 60.4724486668905 70.2010492483775 74.1465389728546 78.8279076417287 81.7499160766602 90.23317694664 101.671308279037 104.092488686244 114.11323149999 123.542467753092 135.731667280197 133.680125077566 136.951257785161 137.850304444631 139.817933241526 139.564484357834 142.907510201136 147.706478834152 150.48689643542 154.531558354696
0.0812274714310964 0 0 0 0 0 0 0 1.13885120178262 17.7065804600716 29.1742086410522 33.9003254969915 29.5194784800212 21.8516662716866 20.7482315599918 33.9851975440979 43.0364857117335 53.0346930027008 60.7958932717641 59.2662493387858 53.7500182787577 52.0302404959997 51.7756193876266 52.3097813129425 55.0286670525869 54.5266220966975 54.9616614977519 62.0918075243632 61.0606024662654 53.8164873917898 57.0919414361318 56.7374130090078 53.8797080516815 51.7960836489995 69.1197564204534 76.910321911176 78.4074713786443 84.2497746149699 88.0052546660105 90.9805496533712 96.665213505427 102.075119813283 109.960575898488 127.546807130178 127.178847789764 134.254982074102 131.241540114085 126.099944114685 124.405682086945 126.452038685481 131.708721319834
6.25373795628548 0 0 0 0 0 0 0 0 5.61725161969662 27.0760754744212 43.1287487347921 51.9393781820933 46.2886293729146 35.2040256063143 31.9732750455538 34.9263747533162 43.9256678024928 57.8763335943222 66.1176045735677 66.3836648066839 64.4445916016897 63.5449687639872 60.4771922032038 62.2077931960424 62.8073861201604 61.6507281859716 61.1772686243057 62.1084868907928 55.4265081882477 52.0098954439163 51.4069646596909 51.4498800039291 46.7599680026372 44.4294512271881 46.5140243371328 52.8995841741562 60.1357022921244 65.8067762851715 71.1479584376017 77.9169698556264 83.6974779764811 86.5720609823863 93.0940608183543 101.821045080821 116.216202576955 124.563584725062 128.735880057017 122.337390979131 116.593619187673 117.871264616648
6.70845992863178 0.0425641774199903 0 0 0 0 0 0 0.0750764641755571 1.18572373564045 16.7626477777958 36.7901995778084 50.5033135414124 57.4333568414052 50.8648852507273 33.9811245600382 29.5790036519368 31.2908018628756 43.166771531105 62.4355872472127 73.4941065311432 71.5000629425049 74.6414512395859 70.5848435560862 66.399743159612 69.4210777680079 70.677508910497 65.898651878039 63.0189726750056 63.8030469417572 56.1162283023198 52.0443667968114 45.0111627578735 38.8262818257014 39.8000876108805 37.3532647887866 32.3858956495921 33.1054677565893 35.0242704153061 43.1352059046427 47.6590047279994 50.5221684773763 53.5671561956406 57.5951437155406 68.8526133696238 77.4850696325302 103.681166966756 112.949828306834 114.597727855047 111.221174399058 114.395678043365
4.59218211472034 0.548485588903228 0 0 0 0 0 0 0.919838979219397 1.33604633932312 1.78042721624176 26.8326426545779 46.424741546313 60.5379243691762 64.15789326032 54.7156433264414 49.534539381663 40.7659336924553 35.9625468651454 43.7945574522018 63.4058018525442 74.4257469971975 80.3141345580419 76.9595702489217 73.9084879557292 75.3315389156342 74.5309442281723 75.6047169367472 73.4488020340602 70.3981469074885 60.7186704874039 54.8214415709178 45.6276933352152 36.2394725282987 30.4363320271174 24.9643002947172 19.1056355834007 19.3679171303908 21.9296564658483 25.378572444121 24.6502434213956 31.7043662071228 31.8896447618802 36.543699602286 49.3380029996236 57.1690648794174 67.9566065470378 76.0609060525894 95.1745311419169 104.199240605036 109.039078156153
2.87964598586162 0.86486052411298 1.84576309791851e-06 0 0 0 0 1.05103314854205 2.09687029321988 6.37367491920789 9.62432411809762 19.5455476641655 33.5218856732051 48.5050330559413 58.2618713378906 66.800261537234 68.859338760376 60.6878995895386 48.6768583456675 39.0225326021512 47.0948318640391 66.1251048247019 75.0912328561147 77.831228574117 81.0494671265284 85.3823522726695 85.8980615933736 82.6961348454158 83.2800219456355 79.414556423823 67.3244893550873 55.0558418035507 49.0472316741943 36.4384104808172 28.1673098603884 22.2956488529841 16.1665653189023 12.2767599920432 15.038751065731 15.8825566371282 21.1240102847417 22.5069647034009 24.8284886280696 26.9192755222321 34.2334856589635 43.5740451018016 52.8760850429535 55.2408397197723 60.4934295018514 69.6473519007365 91.152807076772
3.21398427089055 3.71422929068406 2.8728178391854 0 0 0 0.823305454105139 2.76572971294324 7.83741101622581 15.9154919286569 20.4723415275415 23.2941433787346 28.9417803287506 38.1861055890719 50.7907172044118 64.702957868576 67.9704596598943 68.7658786773682 66.8920775254567 55.6751887003581 43.9890623092651 54.1130254666011 63.4319980939229 73.7350632747014 84.0578079223633 90.4463132222493 94.8621730009715 92.7082498868306 84.760179122289 73.9952226479848 72.2562869389852 60.8296096324921 46.3827749093374 32.2981402277946 22.638534506162 18.3773972094059 11.5172738830249 6.90973115464052 6.10966918369134 8.54651319483916 14.0449081857999 16.6489779949188 20.5261843899886 24.3024080991745 26.3005743424098 34.3742047746976 40.0247052311897 43.1189586718877 46.0339486598969 52.6075065135956 60.0149681170781
3.40242031961679 2.43506580591202 3.88208590447903 0.0197948635711024 0 1.65718126421173 2.17420856157939 3.75582991788785 4.74098138511181 15.4719104369481 20.7504269977411 21.2719291448593 21.0558623075485 27.0738452672958 37.5961984197299 50.8412718772888 57.6155881086985 63.1039043267568 69.6474065383275 70.4401830832164 63.9109661181768 53.2967348893484 55.8377752701441 65.7512694597244 75.7327775160472 84.5008889834086 88.1818334261576 86.7815812428792 86.077074209849 77.7035454909007 64.2986446619034 52.5712072849274 44.5569405953089 32.1776593724887 24.6855393052101 14.9381297330062 7.59228443106015 2.36101122573018 0.478643031480412 4.139452551802 5.97273123761018 11.5241731206576 16.4003695050875 21.9876940051715 22.6189742485682 27.2289365530014 30.4986362655958 32.8236743807793 40.1512632767359 44.3802624940872 46.7136800289154
6.23329853018125 1.92384359737237 0.343381272008022 1.10203043247263 0.321738984591017 2.19840758169691 1.78901044030984 3.54610135157903 4.52124668906132 7.87866612275441 16.211257626613 16.1796088020007 15.3119613726934 18.7108255922794 25.2659221490224 36.1037055651347 44.1597004731496 50.8430600166321 60.6301526228587 71.8573977549871 80.0778766473134 71.9357033570607 70.6962744394938 72.3064591487249 75.0243167082469 77.7432024478912 81.3172260920207 80.0656378269196 74.4759142398834 62.7990166346232 60.0117047627767 44.8501855134964 27.8903916478157 21.8475113312403 8.6561224112908 2.67456037302812 0.359665796471139 0 0 0 1.18041993118823 3.37022015204032 9.9657786389192 12.8547996282578 16.8791251877944 20.8753397067388 24.4529470801353 27.2882630427678 31.3698028524717 30.8426345388095 30.3719863295555
20.5043256282806 11.3694369792938 2.63121568908294 5.13056168953578 5.48966787755489 1.71480948726336 3.47079833348592 5.92394545674324 6.56416577597459 7.52546514074008 13.9760002493858 13.6499293148518 13.4132131934166 12.2786785165469 17.4151038130124 26.8171081940333 36.4465365807215 45.8800842364629 53.6083579063416 64.893772204717 73.7994660933812 84.859699010849 92.9887096087138 92.3343201478322 85.9010517597198 76.2117852767309 72.1352646748225 69.0528849760691 70.473700761795 55.8281491200129 45.5207874377569 24.9516939123472 17.0849288503329 4.55113189915816 0 0 0 0 0 0 0 0 0.81920080507795 7.77988011638323 14.2433121800423 19.4850489497185 20.8902483185132 24.6749172608058 27.6823391517003 26.0315785805384 25.5344112714132
