input/barkrak2/radiation/dir34624.grid
NCOLS 85 
NROWS 70 
XLLCORNER 665100 
YLLCORNER 4664600 
CELLSIZE 20 
NODATA_value -9999 
[rows 0 to 22 of 70, columns 0 to 51 of 85]
43.744256099065097 55.195743838946 65.5117134253184 76.8850396076838 86.3312284151713 90.7331009705861 91.5147662162781 95.1910714308421 101.277083158493 120.037247737249 119.305243094762 117.072900136312 111.281623442968 113.495210806529 111.966798702876 99.5974739392598 88.1815652052561 78.1382471323013 77.8712431589762 78.2843728860219 86.0596299171448 101.981937885284 118.439098199209 120.930174986521 122.435082991918 130.226234594981 129.047056039174 123.028099536896 120.7268734773 124.332467714945 121.009290218353 141.485373179118 171.669999758402 164.517243703206 163.632770379384 158.183922370275 161.900172630946 168.953895568848 163.726995388667 165.426383415858 162.423342466354 170.342644055684 176.307439804077 166.701912879944 161.030958096186 169.818838437398 177.622755368551 134.552975495656 90.7985170682271 86.9392057259877 107.317189375559 146.718949079514
28.7636990348498 36.2981806198756 46.3877469301224 54.0052950382233 62.3977681001027 71.827361981074 78.7020524342855 86.4445765813192 92.505673567454 96.1083074410756 95.5705444018046 105.460961659749 113.516747951508 113.556434710821 113.635331392288 101.850003004074 94.3573911984762 85.2528115113576 82.8452408313751 80.3055216868718 92.8096274534861 113.820364077886 130.19119699796 127.961536248525 130.528807640076 134.800990422567 130.189955234528 124.279936154683 120.84111571312 123.666882514954 128.741552432378 150.439977645874 171.159625053406 164.569358030955 162.165741125743 158.682823181152 165.736228227615 167.561789353689 162.624378999074 162.822266419729 161.725342273712 165.079563856125 161.210904518763 150.957485040029 148.878782987595 160.90660293897 164.147327343623 126.161525646846 98.0912645657857 107.243865728378 134.165187676748 165.936132272085
9.90857556462288 13.196486979723 19.3535462021828 23.9815811316172 28.131902217865 35.9466274579366 45.0180520613988 56.6328217585882 67.4583117167155 72.8566348552704 80.5237193902334 90.9540851910909 93.3353503545125 93.8130815823873 99.9491016070048 109.595308701197 107.663333415985 96.1614151795705 82.9378267129262 77.4513781070709 87.5964164733887 106.024473905563 119.526505470276 126.501460870107 128.51881980896 129.07933195432 128.049204746882 124.911119540532 123.51381778717 127.452075481415 139.077405134837 160.370171070099 168.635427951813 165.775507688522 161.526223023733 161.266515652339 168.123920758565 170.218964417775 161.797225475311 157.905836900075 154.754857222239 150.439401467641 140.481680631638 133.0819328626 134.869525829951 148.144116004308 147.578299045563 119.828442732493 112.995823224386 133.887926737467 157.289405663808 176.55074596405
3.54630562166373 3.89651209115982 5.81629822651545 6.9831603517135 4.90605334440867 11.876550813516 17.5697070856889 24.9090840419133 37.5983044505119 48.9696711301804 59.6997986237208 72.0506012439728 80.7496060927709 80.2989105383555 84.8959883054097 93.7445064385732 91.1949177583059 87.6540939013163 78.5325765609741 75.1933654149373 77.4171600739161 81.9858858982722 94.2609111467997 101.738552252452 110.260228315989 111.70091231664 116.376092036565 119.747181733449 123.596648375193 129.858036835988 135.379105806351 148.520102103551 150.219360987345 150.752415259679 159.423222144445 161.871800820033 164.13469115893 162.194490432739 155.767281850179 146.544933319092 142.691930135091 136.051833629608 136.15091641744 143.372297286987 147.807488838832 142.320930957794 131.964057683945 117.258787155151 122.06224600474 136.501600344976 155.582805474599 172.982335090637
10.2208418150743 4.53470243761937 1.34930666536093 0 0 2.29602974529068 9.18651620546977 15.3387760122617 19.1202821830908 23.2564335068067 35.3724559148153 48.2812821865082 54.3983727693558 61.3277504841487 65.192590157191 71.6615815957387 74.2093324661255 76.9691318273544 72.428305943807 73.9000389973323 72.9966809352239 74.1239786148071 82.58851369222 92.9080049196879 98.1060365835826 106.183340152105 107.712169488271 112.708240747452 118.092010418574 123.043835163116 130.292187134425 144.408086935679 139.049182335536 142.018179098765 143.357733885447 139.941692352295 147.244880596797 149.569481611252 141.637772321701 134.077121814092 133.777221043905 134.754290183385 142.586449782054 150.673518578211 150.504032770793 129.56436475118 109.178602695465 107.396105925242 116.347809632619 133.410771687826 160.992115736008 173.778096834819
32.0957377552986 16.9028875728448 5.77843189239502 0.231018716779848 0 1.05410418473184 3.9874209711949 10.4968870679537 14.7494052847226 14.9882175028324 18.3497133354346 23.7288822730382 28.8263981540998 35.9437391161919 42.1444823344549 49.9671002229055 55.4538667201996 63.3302132288615 68.7299072742462 73.6037641763687 78.436071674029 82.7133407195409 83.871712287267 87.4618093172709 91.8233791987101 97.8682339191437 104.569017887115 109.764566024144 116.025567054749 119.970550139745 133.198171854019 141.11073811849 132.388631502787 131.865004698435 131.779164075851 132.930199305216 130.602975686391 127.010295788447 123.509019613266 134.270886580149 133.767733971278 133.468409379323 135.609120130539 140.026539564133 134.821067253749 110.744247833888 87.4123871326447 95.800777276357 112.452705701192 144.407560427984 164.651662111282 169.599791367849
48.5153744618098 31.882864733537 19.1887517770131 8.85392849644025 2.4595803891619 1.16097826200227 1.17020223600169 6.46248583992322 10.4962661862373 15.0966470440229 15.6167708337307 15.0929813583692 15.3688602149487 15.4675456384818 18.1058744589488 25.9137799342473 34.1374228398005 46.8696107467016 62.2688084840775 72.648286819458 77.9258112112681 84.6505065759023 86.1079096794128 87.410440047582 89.8519059022268 92.9846465587616 96.2229669094086 103.962610165278 109.45142308871 116.627554098765 127.778907616933 128.027439117432 122.667988141378 117.739170789719 121.763755877813 121.913234392802 120.510538419088 117.494235436122 114.078730344772 109.537899494171 109.961738189061 117.698629697164 125.365694363912 132.092734177907 130.553026994069 126.707484324773 132.750163475672 137.463996807734 145.581384499868 155.034442742666 159.254978100459 161.52548789978
60.5638275543849 45.8611746629079 31.8016509215037 20.689216752847 10.723980764548 3.40555856625239 0.971749968205889 0 5.29535114765167 13.8497278094292 19.0161466598511 19.1172162691752 17.8820316990217 15.7445309062799 12.470655143261 14.8649290204048 21.7233672738075 31.2184045712153 45.5036809047063 56.1032791932424 68.375696738561 77.9628654321035 84.3594372272491 85.1788918177287 87.819238503774 88.1239076455434 89.0736977259318 91.6497111320496 96.6231524944305 107.219676176707 115.574340025584 118.085453907649 111.640224854151 104.99495267868 103.802661101023 105.550199747086 111.127883195877 109.060903390249 107.806344827016 95.5915649731954 91.4095342159271 99.5284517606099 119.031886259715 131.862302621206 135.997275511424 141.44237836202 149.520178635915 152.508755524953 156.707425912221 155.480166276296 151.6326268514 146.918773651123
55.5148224035899 47.5176274776459 35.207470258077 26.6264230012894 17.8921781480312 11.2274487813314 3.52888864775499 0.374833781582614 4.10687147329251 7.84327772756418 12.2713682552179 19.3573161959648 21.8467662731806 23.0840072035789 19.8112428188324 18.8798531889915 18.9087664087613 22.3873158295949 28.4560173749924 37.7058535814285 48.1754640738169 59.1345032056173 69.2016283671061 72.2186416387558 75.0658810138702 75.2938489119212 76.9520302613576 78.7648359934489 82.9486747582753 86.7420732975006 91.3791755835215 95.4580008983612 95.6432422002157 95.2835182348887 97.7712670962016 98.3794629573822 102.080494165421 103.554556767146 106.020957231522 101.413627465566 100.569079319636 105.895161628723 110.826392968496 116.17057522138 128.184994061788 130.049059788386 131.675819555918 139.143149058024 148.155768712362 143.75180999438 136.027812957764 137.763996918996
36.6596380869548 30.4092218478521 25.6646151343981 20.9404776493708 17.3397089044253 9.9182507644097 6.43238549431165 8.17072143157323 4.31323951731126 1.65889753649632 4.09441503385703 11.908758431673 20.1071873307228 30.7986785968145 32.0963189005852 29.4131437937419 25.4951814810435 23.0072711904844 23.0045889814695 25.394765039285 30.0615777571996 35.0046952565511 43.7341084082921 50.822377204895 59.8404208819071 63.8096431891123 63.7837549050649 66.6473805904388 67.5184080998103 72.2058614095052 69.3584283192952 67.4728800853093 71.0389912128448 81.3274383544922 88.225394487381 90.2231534322103 90.7482703526815 97.1241295337677 102.133135000865 108.617424964905 112.42201924324 111.467838287354 112.622121969859 110.099057356517 110.235422849655 129.176845153173 134.734094142914 139.018297195435 141.395141681035 140.334685643514 141.52134458224 139.02348279953
5.17929407457511 1.78621678302685 0 0 0 0 0.553552449370424 8.50379591186841 7.92732276022434 4.53171040862799 2.18871825685104 0 12.6990750432014 23.4253431359927 33.3081757028898 31.1108827590942 27.7854750553767 26.2091482679049 23.2090204954147 20.5923778315385 21.3560611009598 22.5050697724024 26.2646377086639 35.3053286671638 44.0869430700938 51.5231490135193 53.1615565220515 52.8491238753001 58.0929319063822 60.34949918588 58.6146215597788 60.975839694341 62.194695075353 58.3687573671341 60.1042658090591 82.7684899171193 85.646132628123 89.8334483305613 96.5108672777812 110.031088193258 113.173504670461 109.375933806101 108.452022075653 105.491777261098 107.254644234975 110.863784948985 115.109215180079 128.394355376561 136.174102624257 140.062044064204 141.7562464873 137.265255053838
0 0 0 0 0 0 0 0.391062426691254 11.0559649765491 9.90448767940203 5.43722448249658 1.80467745910088 3.172324039042 11.4476606249809 22.9220117131869 26.3096739848455 31.7421605189641 31.3427696625392 26.3289138674736 21.5067714452744 18.8835536440214 18.5423257450263 19.4224615891774 24.8506739735603 31.3852876424789 36.2277030944824 39.2241875330607 42.7842040856679 45.1302280028661 48.7399697303772 49.9093135197957 48.3621160189311 50.8018285036087 48.4346896409988 47.5373367468516 44.9812163909276 51.5411148468653 82.1755876143773 88.8526936372121 99.9781489372253 106.880664825439 103.112200895945 97.826341787974 96.4617828528086 96.1712896823883 96.9646175702413 97.0752437909444 100.973904132843 103.093961874644 109.477162361145 128.911336263021 130.535066127777
0 0 0 0 0 0 0 0 3.11641674488783 12.3923594752947 13.0882586042086 8.49623295168082 1.60190090537071 0 8.99765081703663 20.40771022439 29.9774184823036 33.1162263949712 32.4514582753181 27.5285392999649 23.7087160348892 24.9654750029246 24.8805185159047 25.8372575044632 27.2220124801 29.0024876594543 31.8799763917923 37.8715346256892 39.4521504640579 38.1617099046707 41.5511404474576 40.9063175320625 36.89839442571 33.8147828976313 32.8003466129303 35.2511753638585 35.262775917848 34.587986767292 38.7923369805018 50.4763523737589 74.3283331394196 80.2746713161469 84.6329530080159 85.6995781262716 85.1955413818359 86.9839290777842 82.7262153228124 83.8086406389872 84.4675600528717 88.5730584462484 92.7806297938029 95.3703025976817
0 0 0 0 0 0 0 0 0 4.78929032882055 15.4362296064695 18.3572396636009 15.0059846540292 8.52370883027712 7.27600480119387 17.608014245828 26.6936272382736 35.312553246816 40.5790284276009 38.3411099513372 33.4879830479622 32.8711767991384 31.6144749522209 31.9861148794492 33.0316076676051 33.8201796015104 35.2172578374545 41.2665357192357 40.6450877587001 34.5933089653651 34.3277802069982 37.1007323265076 33.800020813942 30.3354610999425 29.3863068024317 27.5359799464544 23.715652525425 21.6104810436567 19.3158984184265 17.50831057628 30.3125058611234 37.8524263699849 42.7850584189097 50.2998729546865 57.8847726186117 67.799965540568 68.1859354178111 67.6459074020386 64.3746008475621 65.6824012597402 69.8062181472778 76.0244379440943
0.358219840563834 0 0 0 0 0 0 0 0 0 13.7736250956853 26.1008491118749 33.0763856569926 27.5479306777318 17.3821027080218 16.922560830911 19.3464693923791 27.9422476887703 38.0095690488815 45.5039838949839 46.3326176007589 43.4390703837077 41.6429986556371 40.3890858093897 39.539635181427 40.1231522361437 40.136011938254 40.3632571299871 42.0581996440887 36.3031774759293 32.4992040793101 32.0399949947993 31.8535690506299 26.7709543307622 25.1772726575534 22.6010034481684 18.3177428940932 13.9778926968575 12.8878355026245 11.2029934922854 8.62124251822631 11.4888933797677 22.9560931523641 28.3540214101474 33.8681588570277 39.6010528008143 49.2128431797028 56.5956781307856 55.2950700124105 54.0389120578766 57.0314129193624 60.9269638856252
0.9692400538673 0 0 0 0 0 0 0 0 0 3.40354194243749 21.2561935186386 33.7806890408198 42.5858795642853 32.4130107959112 19.3630879124006 15.1596975823243 16.9512232144674 25.4218950867653 40.7879948616028 51.1970221996307 49.625684817632 50.911674896876 47.3410487174988 45.4379270474116 46.1450666189194 45.8718438943227 43.6676839987437 41.4747645457586 42.3054893811544 36.4471872647603 32.1071545283 26.5914127230644 20.7662309209506 18.1430007020632 13.8851553201675 10.9750454624494 7.90887946883837 6.09844985107581 4.46354784071445 2.72102498759826 1.47964898496866 4.28871065378189 7.80614838004112 17.3640151818593 27.7012983957926 35.9887356559436 41.6353096564611 47.5704123576482 48.8708664973577 50.4791041215261 56.0303231080373
0.509287153060238 0 0 0 0 0 0 0 0 0.00414584125489152 0 13.9860411485036 31.0385649402936 41.9323941071828 40.5656223495801 36.4285384615262 30.9265106916428 24.6811658143997 19.7272400061289 26.1842360099157 42.4840996662776 52.1577696005503 56.9680084784826 53.9630750815074 50.1023679971695 51.0844737291336 52.3138840993245 51.8126885096232 48.9968707164129 48.5153198242188 44.4460213184357 34.2340196172396 25.8567457397779 19.0187692642212 13.9373727142811 10.4001201689243 7.60595686733723 4.72307049979766 3.58367059379816 1.75747120132049 0.570567402367791 0.00993835055851378 4.88139824857588e-07 0 5.40473746756713 15.7491639256477 23.0220630764961 26.6810655593872 32.2109311819077 43.1235333283742 46.4850465456645 52.2221823533376
0.133940329154332 0 0 0 0 0 0 0 0.175539442958931 0.334484037011862 0.316971505526453 8.76768802603086 19.5718668401241 28.9498344063759 44.3638463815053 48.8608926534653 47.525609532992 41.2158494194349 30.4348642627398 21.7964003483454 28.0103435118993 44.5832461118698 52.3846646149953 55.9238096078237 58.2804282506307 59.3966941038767 62.1045529842377 62.0236247777939 58.4851503372192 53.4227589766184 43.5373336076736 33.5069100062052 27.4669403831164 18.9914579192797 13.2010541856289 10.1188439875841 6.269629423817 3.20213971038659 1.14238611422479 0.1606403675396 0.000619486437850962 0 0 0 0 7.09752552211285 8.09096669157346 9.93498787283897 16.9758722186089 23.6151640613874 29.7071188688278 37.3231818278631
0.151817715959623 0.175617926288396 0 0 0 0 0 0.590971865070363 1.10532925464213 5.63519385953744 9.90829678873221 11.7204127212365 16.2643591562907 22.4686563014984 31.5326750278473 41.9949392477671 47.9149917761485 49.9535699685415 46.7946926752726 36.3918021321297 24.7937515377998 33.9509174227715 41.178564230601 49.9078830083211 59.6049378315608 63.5998596747716 66.9932266076406 66.4906650781631 57.952473560969 56.5760831038157 45.5825825532277 36.0786318778992 24.8724098006884 17.0029103755951 10.3256373355786 6.3147892554601 2.24513389791052 0.503963092342019 0.0197386422466176 0 0 0 0 0 0 0 1.37334580843647 1.36235527073344 7.13722283641497 9.50443123777707 13.9070885876815 17.2785359124343
0.111086934339255 0 0.00217540097461703 0 0 0 0.0460448548741018 0.860375507424275 1.32507737725973 2.01737725486358 2.75044577817122 9.51250704626242 10.0595417122046 13.9952811102072 20.9991782903671 33.492719133695 41.0754159092903 44.843778014183 47.9724059502284 49.5041807492574 41.4716154336929 33.2600697875023 35.2165947357813 42.6952590545019 52.1418253580729 58.7627589702606 65.4508421818415 67.5766716400782 58.2838207483292 49.8253007729848 46.5919673442841 35.224457581838 23.0980639656385 15.5978848536809 7.91327220698198 3.00416102011999 0.500937690958381 0 0 0 0 0 0 0 0 0 0 0 0 1.46569839368264 3.03108772883813 4.72107840081056
0.842565360168616 0 0 0 0 0.00647084804465218 0 0.782319344580173 1.72646685192982 1.72760291025043 1.25611759722233 0.548831420019269 3.52461791286866 5.75106218457222 10.3223311404387 19.5052201549212 27.8192733724912 33.7700769305229 40.8803472916285 51.8359839916229 56.4335683981578 48.1030642986298 47.0430552959442 49.4111577669779 51.1916627486547 52.2052447001139 55.1461776097616 59.9591732025146 56.5350254376729 45.5364237229029 35.2356781562169 26.4241124192874 15.9584693610668 8.3061121404171 1.81373038018743 0 0 0 0 0 0 0 0 0 0 0 0 0 0 0 0 0
7.55216553807259 2.71327824642261 0 0 0 0 0.468543963506818 2.07347997153799 2.38089232395093 1.90982905526956 1.15870451554656 0.48715143930167 0.942694876963894 0 4.004357693096 12.212973088026 22.1064736445745 28.7853653232257 35.46392172575 45.4952319463094 52.0793696244558 63.116063674291 67.1898126602173 65.0512377421061 59.9121600389481 52.0118921995163 47.2826858361562 42.7100559075673 51.2557923793793 39.7566085060438 24.5015497008959 13.6371528108915 6.44592319925626 0.469465817635258 0 0 0 0 0 0 0 0 0 0 0 0 0 0 0 0 0 0
30.7971313595772 25.0344648957253 7.2871558368206 1.08851368228594 0.0172243429309068 0.0768577932224919 2.6385597884655 2.9863603413105 2.99227330833673 2.30008332679669 1.80746428668499 4.07208316028118 6.33183307945728 5.09888771921396 5.99355064332485 10.0645162165165 18.2442863782247 25.3938113649686 29.8199728131294 32.4751511216164 36.329448223114 48.1301645437876 57.6739311218262 61.6479168335597 60.4157547156016 55.3250908851624 49.1845409075419 42.0453995466232 35.1247042417526 28.4737423062325 12.5490911304951 3.18643947442373 0 0 0 0 0 0 0 0 0 0 0 0 0 0 0 0 0 0 0 0
