input/barkrak2/radiation/dir35024.grid
NCOLS 85 
NROWS 70 
XLLCORNER 665100 
YLLCORNER 4664600 
CELLSIZE 20 
NODATA_value -9999 
[rows 23 to 45 of 70, columns 0 to 51 of 85]
57.3703149954478 47.5772072871526 19.1063384215037 3.6758662511905 0.0503166617515186 7.06029310822487 4.5029679313302 3.41215326140324 2.82914657145739 2.61516527583202 2.76381056755781 1.90437926600377 9.08558753629526 12.420533845822 9.73147029678027 10.1388860493898 15.5469415088495 22.8273645043373 27.1675288677216 21.5287481745084 20.2266114453475 23.6578285694122 33.9681506156921 42.8425470987956 48.329288760821 48.9848454793294 42.7300482988358 37.1409207582474 17.0297684768836 7.68993732829889 4.35147496561209 0.714584719389677 0 0 0 0 0 0 0 0 0 0 0 0 0 0 0 0 0 0 0 0
57.3150267203649 53.4890194733938 33.3903431892395 7.92355214556058 0 2.83505705495675 4.43011584381262 4.60501511891683 3.8335199157397 3.17765803386768 2.76950870951017 1.86330359429121 4.77035281558832 10.2612388630708 9.63050127029419 9.17503610253334 13.2951984802882 21.4207296570142 26.4460096756617 19.8216214776039 18.2989041010539 15.7209982474645 21.6833526889483 29.5894096295039 33.5787137349447 34.0132117271423 31.1414872606595 27.8838649392128 12.3626726369063 3.81068419665098 1.53259995083014 0.793891570841273 0 0 0 0 0 0 0 0 0 0 0 0 0 0 0 0 0 0 0 0
45.7464555899302 49.560676018397 42.7232185999552 16.2866115570068 0 6.75676887234052 13.6797403295835 21.0804591576258 23.174228767554 18.420056750377 14.1117684543133 15.0101358691851 13.4402252733707 15.675462782383 15.6417613228162 11.1185734470685 12.475498020649 19.3121234575907 25.7166077693303 27.6628732681274 27.6071106394132 24.7637604673703 22.0201363166173 21.5701162815094 23.9017109076182 25.6470267971357 22.0351864894231 21.9584455092748 13.3814873794715 9.85728017985821 7.50154939790567 9.51569403211276 5.44112858672937 0 0 0 0 0 0 0 0 0 0 0 0 0 0 0 0 0 0 0
44.49662566185 48.9936619997025 46.65174583594 24.3034015099208 4.17111627757549 16.7554145057996 30.2676036953926 40.4675081372261 47.8706508874893 42.0681287844976 26.7070159316063 27.1956200400988 23.9873876174291 26.2367675701777 26.2474045157433 16.8575905263424 14.4142135977745 21.0154776771863 27.79288093249 37.5155409177144 38.5416696468989 35.7553114493688 28.3432776729266 23.023063937823 23.2910265525182 25.004173318545 21.1330279707909 28.3352633317312 27.1572147806485 26.0174572467804 29.317003985246 43.4770981470744 50.6632626056671 31.9892043868701 0 0 0 0 0 0 0 0 0 0 0 0 0 0 0 0 0 0
45.635332663854 44.8310971260071 44.8147157828013 29.5813406507174 24.5083719491959 35.3671461343765 49.5004802942276 56.0114284356435 54.528017838796 48.3494351307551 35.2412735422452 30.8761596679688 27.2856329878171 28.8129995266596 30.0778994957606 24.7842321793238 19.7155103087425 24.1907288630803 35.344456632932 40.5151719848315 37.6267110308011 30.1545013984044 27.9477561513583 28.3770983417829 28.8607428471247 28.9032111565272 26.6092469294866 35.7625236113866 51.4479527870814 55.5994311968485 58.329239487648 63.5402699311574 73.6429144938787 78.5082330306371 37.9816368222237 0 0 0 0 0 0 0 0 0 0 0 0 0 0 0 0 0
48.4003325303396 39.3072813749313 39.6610647439957 31.7629426717758 43.1250035762787 47.9306727647781 54.0437797705332 52.9545992612839 44.3458606799444 37.8032003839811 30.8092186848323 25.9174009164174 25.997593998909 29.669185479482 31.0910195112228 31.9278066356977 27.0401587088903 23.3363484342893 31.178558866183 34.1604302326838 31.9707542657852 25.7170846064885 25.8718281984329 30.9827029705048 32.8726520140966 29.6716541051865 30.415877699852 35.6116419037183 57.0730616648992 69.2140956719716 74.5819658041 77.5116036335627 84.8382612069448 87.1215462684631 76.5487899382909 15.4672426482042 0 0 0 0 0 0 0 0 0 0 0 0 0 0 0 0
49.6546675761541 35.1871525247892 35.0755328933398 35.7517848412196 45.2156960964203 48.8620003064473 41.6913131872813 25.3413369258245 8.75296381612619 6.0396883636713 5.32075700660547 12.1668912470341 23.736317952474 30.0799881418546 31.7139476537704 34.9565148353577 32.128336528937 21.5080951650937 22.8514025608699 25.8930871884028 25.1424262921015 25.3642424941063 25.3656233350436 30.7034775614738 35.2570762236913 32.2715739409129 34.2325170834859 35.9099581837654 51.0962307453156 71.4037170012792 82.6139996449153 86.8204832077026 88.0654156208038 89.9897515773773 94.2855974038442 77.2233307361603 10.843666891257 0 0 0 0 0 0 0 0 0 0 0 0 0 0 0
49.0963210662206 49.3044604857763 65.7730996608734 91.9532974561055 73.9538172880809 53.5284727811813 33.7228377660116 8.17495708664258 6.21361471712589 9.84461605548859 5.12901196877162 3.82972974330187 23.2098971803983 31.2812278668086 34.0802917877833 39.3593832850456 36.2264265616735 25.3026063243548 24.638794362545 27.5438775618871 24.9472210804621 28.3907800912857 30.0314053893089 31.8805302182833 36.9093219439189 40.4619177182515 38.6897797385852 40.8544465899467 52.5192568699519 74.5223214228948 88.1826182206472 90.8073882261912 88.0601008733114 95.6536332766215 105.071107546488 106.183886528015 80.9748272101084 30.2040924628576 0 0 0 0 0 0 0 0 0 0 0 0 0 0
59.0789318084717 87.4955356121063 131.117383639018 151.698331038157 131.675541400909 88.5084867477417 48.5341101884842 25.8692527810733 21.5344205498695 24.8875493804614 19.2561807731787 15.8466175198555 23.7544228633245 29.6696797013283 36.663663884004 42.341818412145 38.1415486335754 32.8980733950933 27.0120352506638 27.8918991486231 27.7994746963183 30.7167619466782 32.7858924865723 32.9797714948654 37.0034525791804 47.3682085673014 47.4787702163061 52.4168262879054 60.8786990245183 75.9354184071223 87.9120628039042 92.8634107112885 94.3513512611389 98.9588300387065 105.11447985967 107.708930969238 100.979348023732 81.9696883360545 26.6142288843791 0 0 0 0 0 0 0 0 0 0 0 0 0
111.597259839376 145.63849568367 171.53537273407 173.318207263947 171.319524447123 147.012313206991 109.260578950246 77.1734317143758 59.9849671125412 50.0913709402084 44.9125319719315 37.1873130400976 27.2097041209539 28.1520535548528 36.6042330861092 41.4639512697856 36.237175265948 37.0725244283676 27.5874584913254 26.0701601703962 30.0790717204412 31.6117803255717 32.0158774654071 31.7949702342351 35.5766862630844 47.1479793389638 52.9623826344808 59.5004310210546 67.5173898537954 74.2359807093938 84.3512515227 93.7111477057139 94.117263952891 89.9111231168111 90.7300412654877 88.1669024626414 89.4999305407206 76.7661879460017 39.3283242980639 0.0445954938186333 0 0 0 0 0 0 0 0 0 0 0 0
163.18408648173 180.597523848216 186.302264531453 184.294025103251 187.232295672099 183.918476104736 163.328170776367 126.582523187002 92.3933486143748 69.822296500206 70.2808946371078 64.0327235062917 41.6348924239477 33.4555978576342 34.0495382746061 37.003700931867 31.645064552625 32.8748052318891 26.6603454947472 27.3792520165443 26.9718592365583 28.3717637260755 27.6594882210096 27.7538473407427 33.5531557599703 41.7909175157547 52.2824476162593 55.7522028684616 63.887561360995 73.9469428857168 82.0737133423487 84.9682291348775 78.3551385005315 68.3170706033707 69.8785136143367 58.7103813886642 60.0767582654953 47.5791941086451 11.3834068179131 0 0.408384871358673 0 0 0 0 0 0 0 0 0 0 0
176.504890124003 186.509748299917 186.002731323242 187.317172686259 188.819726308187 187.594413757324 178.207755088806 149.827162424723 106.988340616226 82.0241868495941 82.8594366709391 78.641931215922 61.4783664544423 42.2664781411489 34.5913097262383 34.7800304492315 29.7390967607498 26.7285456260045 26.25472843647 28.9235860109329 26.0428711771965 26.0283847649892 26.8422067165375 27.5185952583949 31.3044761617978 37.3648926615715 45.5921789010366 46.8888878822327 54.3400347232819 69.0227746963501 76.2178500493367 75.1800040404002 70.356806119283 64.4657115141551 58.1281830867132 48.2430954774221 51.785334944725 49.4806468486786 32.232624789079 3.80563580741485 0.99124697347482 0 0 0 0 0 0 0 0 0 0 0
169.143676757812 172.54118124644 169.407069683075 171.58297697703 171.989878018697 166.987697283427 161.643008391062 146.692117055257 113.073736429214 93.9701795578003 84.9733948707581 79.4040113687515 72.5867996613185 49.0290621916453 37.7670203646024 38.4621471166611 32.2842424114545 25.4142830769221 28.6210725704829 30.1829328139623 28.8990835348765 26.4798700809479 29.0746688842773 32.6076249281565 31.5155113736788 35.4054818550746 39.2699639002482 39.8929963509242 46.467050909996 61.8712107340495 69.810022910436 69.0659135580063 71.9841172297796 72.757696111997 58.2804977893829 53.3411999543508 56.4989497264226 63.0906770626704 57.6471239328384 22.9809631903966 0 0 0 0 0 0 0 0 0 0 0 0
144.190053145091 147.169252236684 149.579187234243 146.912048260371 146.437376737595 145.456045866013 150.034447511037 148.286610841751 123.542139927546 101.909269889196 89.7305905818939 71.297417084376 63.5222196578979 44.574573636055 33.9244653781255 38.0903954307238 39.4429241617521 29.6101619799932 32.1232030789057 34.8123659690221 34.6970558166504 31.6018884380658 32.2667683164279 35.0025370717049 32.9587062199911 33.2169582446416 37.8698309262594 43.2933121919632 47.3329126834869 58.0716033776601 67.5581991672516 70.7751363515854 72.6568798224131 76.4618466297785 61.2461666266123 60.9158277511597 61.4033788442612 68.6648190021515 68.1348741054535 34.3267967303594 0 0 0 0 0 0 0 0 0 0 0 0
121.229906876882 130.746086438497 141.417264938354 138.602276643117 136.872212092082 143.453498681386 153.153876463572 156.540850798289 142.15342203776 113.441427548726 89.2480214436849 64.3318593502045 48.3261396487554 37.9569977521896 30.3509285052617 34.0596164266268 43.2842175165812 36.5716169277827 34.3449711799622 37.1013879776001 37.5661303599676 34.7816149393717 32.9878677924474 34.4612449407578 35.639559229215 34.7253208359083 37.3520130912463 44.3931569655736 47.6326098044713 52.5535891453425 63.2045120000839 71.6461986303329 74.181725581487 69.4609979788462 58.754950761795 67.8775310516357 69.4261242945989 74.8266279697418 75.03542304039 51.9613971312841 0 0 0 0 0 0 0 0 0 0 0 0
86.7198308308919 97.3673363526662 105.964968601863 110.103030999502 117.681384086609 133.192956447601 146.654466787974 155.549983183543 152.997682491938 125.85108478864 93.250165383021 61.9521290063858 43.9585695664088 41.1505699157715 34.490334490935 29.6936755379041 39.035439491272 39.9848148226738 35.1536870002747 35.2443729837736 35.134049753348 33.2596823573112 31.2325706084569 32.7998772263527 35.4687695701917 38.8748571276665 37.9170427719752 42.5034314393997 46.2651997804642 47.4654336770376 55.8470139900843 68.2873427867889 72.9110240936279 60.7337057590485 61.2615446249644 75.4763831694921 77.133705218633 75.4252175490061 78.4933567047119 75.0373204549154 26.1448149879773 0 0 0 0 0 0 0 0 0 0 0
53.8891504208247 60.2386742830276 59.7627212603887 69.2555258671443 84.3331714471181 100.844979286194 114.813148975372 127.414286136627 128.86044383049 106.464872757594 73.3840713898341 51.1310448249181 39.4277324279149 37.9466339945793 35.2910906076431 31.2451546390851 35.4960809151332 36.0895444949468 30.5765147010485 31.0371667146683 33.8019803166389 36.5198900302251 36.327009399732 33.1840316454569 32.7154646317164 35.4728251695633 39.7728035847346 41.9955849647522 46.1746553579966 45.4576661189397 47.8517462809881 59.542124470075 65.5668626228968 62.7941985925039 77.0169198513031 83.7706327438354 81.5572887659073 76.5001078446706 81.5891822179158 93.9460794130961 84.0122799078624 32.6430946588516 0 0 0 0 0 0 0 0 0 0
43.7433818976084 45.4643368721008 45.5344369014104 47.5850105285645 55.7995587587357 61.7591440677643 65.4574731985728 70.6792920827866 71.0406452417374 57.295689980189 42.8201655546824 38.8999531666438 37.7584372957548 35.6353571017583 34.3950440486272 34.9921112259229 34.3722974260648 33.9130635062853 30.3566480676333 31.1194608608882 35.0802391767502 39.2196774482727 40.8097505569458 37.5166411201159 35.1856102546056 33.9645544687907 42.0522093772888 44.138381878535 46.4126467704773 47.0017939805984 46.4669764041901 53.1252324581146 59.991642832756 68.9837634563446 85.5134030183156 82.2137842575709 75.3128230571747 66.9731696446737 69.1386709610621 85.6454869111379 94.3103432655334 85.1323803265889 42.6109830538432 0.729380097861091 0 0 0 0 0 0 0 0
51.3186504443487 49.0568975607554 49.2529074350993 49.1404285033544 45.8132525285085 44.1091308991114 43.0661886930466 44.3177322546641 49.0739643573761 41.6720360517502 34.9616159995397 36.3995308677355 39.4171724716822 39.5733440915743 38.4921754399935 37.3822102944056 32.2720259428024 38.5704884926478 40.2581617236137 36.9566629330317 39.6959135929743 40.0543734431267 38.4548306465149 40.8836727341016 42.9480423529943 38.5162755846977 42.9860850175222 45.9421177705129 47.181765238444 48.126608133316 48.7173497676849 51.9409626722336 58.7125321229299 73.7493584553401 78.5532941420873 73.7279156843821 64.7684882084529 56.2043289343516 53.184782465299 61.9213730096817 86.7608686288198 87.4991913636525 67.0062005519867 22.8902672727903 0 0 0 0 0 0 0 0
55.2929838498433 52.7244061231613 55.4918547471364 54.2226781447728 47.8964298963547 44.9836750825246 43.0680861075719 40.9344385067622 41.2887409329414 38.1285895903905 36.6491923729579 36.656066775322 40.0405923525492 43.2293514410655 42.9369856913885 40.6421149770419 37.9848008354505 42.8630212942759 45.6507951021194 40.6301071246465 39.2409314711889 36.9964689016342 33.992330233256 36.4142258961995 40.9614642461141 38.5574499766032 35.4799901445707 40.19811997811 43.9498623212179 46.7287302017212 47.2294986248016 47.150527437528 55.5332104365031 73.2874621947606 77.6946445306142 64.5415286223094 55.928111076355 52.7938852707545 51.4126718044281 57.5227638085683 64.2974923054377 67.9568300644557 55.0791720549266 29.0476754307747 0 0 0 0 0 0 0 0
40.868786474069 43.3868616819382 51.4253278573354 49.0662356217702 51.4068752527237 53.776020805041 53.1461189190547 49.2870857318242 39.9064421653748 38.8307099541028 41.6854619979858 38.6758893728256 39.7864729166031 43.1139320135117 43.5349990924199 41.1784847577413 42.4942622582118 44.2694028218587 44.4778700669607 41.1649296681086 36.5197385350863 34.3419363101323 32.4602549274762 33.1827104091644 36.1333613594373 39.7532433271408 35.2310985326767 37.1005261937777 41.4722437659899 42.9288993279139 41.6660433014234 39.7684325774511 48.3442842960358 61.8951817353567 66.8754975001017 57.9925278822581 54.8252711693446 57.1003804604212 57.7806780735652 58.1360161304474 54.9810826778412 53.3411155144374 49.2947399616241 28.9620906114578 0.165447282294432 0 0 0 0 0 0 0
39.4364595413208 44.8559870322545 47.6347357034683 48.3170797427495 50.091544787089 52.4416416883469 52.8918206691742 49.3979255358378 45.254240433375 41.9418166081111 43.5390124718348 41.6360894838969 39.214551448822 37.86434729894 37.3055785894394 38.021390636762 35.1501951615016 40.7960166533788 42.6159501075745 40.9123847881953 36.7096190651258 35.4130615790685 35.5289106567701 36.7324476440748 35.6835871934891 43.693075577418 45.8112309376399 42.8301145633062 41.933462023735 41.6856110095978 37.8064190347989 35.8273064096769 40.8393889665604 44.2064454158147 50.3199398517609 53.0070265134176 56.6827356815338 61.9589239358902 62.9555284976959 54.5281271139781 52.9774576425552 50.5755047003428 48.3522315820058 33.2883422573408 6.2556117773056 0 0 0 0 0 0 0
45.176366964976 49.5210687319438 46.9065010547638 50.0346521536509 48.740342259407 48.926184574763 50.4819651444753 49.3548264106115 50.5881508191427 46.6149002313614 46.1340049902598 45.7261949777603 41.8378214041392 37.7126485109329 36.9724705815315 40.3212780753771 36.1986557642619 39.3438786268234 42.6618357499441 41.489044825236 39.0316198269526 38.4252667427063 38.5066469510396 40.4672423998515 41.9278740882874 43.2713727156321 48.2427626848221 45.8014160394669 43.4787919123968 42.1328047911326 38.9491120974223 36.1125667889913 38.6565054456393 37.4597981572151 38.6138434211413 41.7833427588145 46.9130327304204 54.6723902225494 54.4169098138809 45.0269877910614 46.6243624687195 43.2653029759725 44.3219641844432 41.3781926035881 26.508758465449 2.56971611330907 0 0 0 0 0 0
