input/barkrak2/radiation/dir33024.grid
NCOLS 85 
NROWS 70 
XLLCORNER 665100 
YLLCORNER 4664600 
CELLSIZE 20 
NODATA_value -9999 
[rows 46 to 68 of 70, columns 0 to 51 of 85]
57.0743878682454 58.5907946030299 61.2994879484177 63.2409701744715 63.019519050916 62.8397564093272 64.6791259447734 66.4080679416656 63.2589707771937 62.0177686214447 61.0446184873581 60.2200577656428 56.6461284955343 53.6039173603058 53.395743171374 57.2096059719721 55.2698920170466 50.3505716721217 54.8176268736521 54.4551114241282 51.7799804608027 52.8994103272756 52.7560710906982 51.0039528210958 57.3546389738719 52.1197219689687 53.5367826620738 54.2737493912379 54.1510184605916 53.3244758844376 51.6825218995412 48.5635946194331 47.7603127559026 47.8621621926626 49.7756650050481 51.1380732059479 52.3587763309479 57.071511944135 58.9912484089533 56.0284505287806 56.3896149396896 51.5191157658895 56.7742039759954 63.296635945638 54.9224267403285 27.2186746199926 2.16000527143478 0 0 0 0 0
51.1064529418945 53.4434467554092 58.8790078957876 60.6037080287933 64.0403479337692 65.7285153865814 63.7173453966777 63.4241004784902 63.4280691544215 66.1970973014832 63.3651564518611 59.4584743181864 58.336744705836 58.4085285663605 56.7194720109304 55.5512209733327 54.1109244028727 48.0392227570216 51.7811626195908 53.1765321890513 50.8431990941366 51.8632829189301 55.1207760969798 49.9408940474192 52.7538557847341 52.1285136540731 48.2477992773056 51.442230741183 53.3371021350225 52.8117269277573 52.9370605945587 51.8725613753001 47.5655396779378 51.2301276127497 60.6662432352702 65.0250365336736 60.0043882926305 54.9169580141703 56.3276708126068 63.9902502298355 59.6606284379959 53.0464400847753 59.0974390506744 64.0694300333659 58.6640934149424 42.4762368202209 11.2444187204043 0 0 0 0 0
44.39577460289 47.5393533706665 52.6283085346222 56.119571129481 62.5493029753367 65.9584651390712 62.9498660564423 61.2062911192576 65.1379326979319 67.3363208770752 65.6105528275172 61.4960243304571 60.1509511470795 60.8660578727722 58.989018201828 53.5526772340139 53.0017912387848 48.0876962343852 51.3845682144165 54.7625720500946 53.9379417896271 54.6517968177795 57.3394348224004 54.7983745733897 52.6409844557444 54.7371506690979 51.9382854302724 55.8081517616908 60.4045291741689 62.0124936103821 66.5507217248281 66.1804179350535 56.9838831822077 58.1638912359873 66.008319457372 74.1587628920873 70.6645001967748 61.0941002766291 58.1470876932144 63.2311205069224 57.110920548439 52.0680546760559 50.0665009021759 50.3495583931605 49.1443375746409 48.0328549941381 37.4005089203517 3.43829703827699 0 0 0 0
43.355921904246 41.3248886664708 45.4574525356293 53.2582898934682 58.7759713331858 61.868891119957 64.5714004834493 67.2460496425629 68.5501645008723 65.2922342220942 67.1659012635549 67.4711217482885 64.0056232611338 61.4681243896484 59.7586731115977 55.6239982446035 54.2584707339605 52.1319558223089 55.1402866840363 58.3465049664179 59.7843478123347 59.7583601872126 57.2228084007899 59.4649960597356 56.0803860425949 58.8995118935903 60.7712020476659 64.1106267770131 69.9672400951385 75.2041439215342 80.5026938517888 82.6295514901479 72.9040553172429 66.8159474929174 65.1486814022064 74.0060011545817 76.6604195038478 72.2916920979818 63.1094127893448 55.3157031536102 50.2736667792002 51.1012772719065 50.6684482097626 46.9849010308584 43.6466634273529 46.8053122361501 38.9234175284704 9.7320011506478 0 0 0 0
43.5699125130971 46.9770828882853 50.5247016747793 56.6203991572062 57.0416549841563 57.4353933334351 65.1715844869614 70.2911118666331 70.1331694920858 70.0046122074127 69.8099136352539 69.5939709742864 66.1191592613856 62.0644042889277 62.1774892012278 65.3916597366333 57.9106311003367 58.4983477989833 59.2597623666128 63.7047986189524 63.818633556366 61.7919067541758 59.4553699096044 59.5271686712901 54.0756732225418 61.5529964367549 67.4916605154673 70.0839509566625 75.8013625939687 81.8046033382416 87.5584582487742 90.0077025095622 83.5554301738739 70.1680978139241 60.5458120505015 55.5632809797923 64.1739716132482 72.9794601599375 64.6468748648961 51.2294868628184 45.5205738544464 52.3056884606679 56.1193376779556 53.3485263586044 48.3266959587733 42.8236375252406 25.4589766263962 13.8242232302825 0 0 0 0
44.3851053714752 55.157815416654 57.189534107844 58.3992103735606 56.562140583992 56.0985704263051 63.5541131099065 68.8856343428294 68.8441097736359 73.7087825934092 71.5770622094472 70.7983324925105 68.5656865437825 63.8643652200699 64.3747299909592 70.2730417251587 63.4122391541799 61.3791247208913 58.6863110462824 60.4945917924245 60.8638375997543 59.8512589931488 58.7347050507863 55.9547543525696 53.3651610215505 55.6450386842092 59.8461975653966 66.3902809222539 70.038691163063 77.3067722717921 83.2485904296239 90.0649031003316 84.5629572868347 64.2312864462535 22.7891902128855 22.286002834638 29.3963477015495 57.7236364285151 70.9549486637115 69.033145904541 62.8409882386525 56.8014681339264 49.1574108600616 43.8329726457596 48.2544203599294 44.5100019375483 25.3152176737785 19.1188988586267 0.982259943460425 0 0 0
47.8219191233317 46.3347434997559 45.6267495950063 47.5987543662389 53.6602338155111 59.2584311962128 60.0455850362778 65.6019399563472 65.6136671702067 70.3150828679403 70.5904463926951 72.5933462381363 72.3688354094823 67.9035683472951 65.8970524867376 64.5120839277903 66.3330654303233 60.8812868595123 55.4476281007131 53.5628745953242 52.6572267214457 54.7756304343541 55.4443895816803 50.8788327376048 52.8281331062317 49.8206814130147 50.4768391450246 52.6048839092255 55.908997853597 62.3886386553446 64.7603273391724 73.7440288066864 70.6338385740916 49.6600915988286 18.6000987887383 10.9372685352961 11.747612307469 20.410381257534 47.7449943621953 62.1864298979441 69.6464478969574 59.1245492299398 46.622226635615 38.9475474754969 43.4772868951162 29.0234436591466 24.7213368614515 36.4040682713191 20.2546951671441 0.842991750687361 0 0
50.3556430339813 41.1950747172038 39.2050792773565 44.0846979618073 54.658497373263 62.9696547985077 62.6427978277206 63.7003481388092 66.3556903600693 66.6491389274597 69.0563221772512 71.5408623218536 73.2233424981435 72.139451901118 67.8245226542155 65.3941680987676 67.3671662807465 61.7294659217199 57.0988108714422 57.6164126396179 57.0178975661596 54.5947204033534 53.335577249527 49.8644957939784 49.3883788585663 49.2788304885228 48.5975394646327 47.4270482858022 48.2320884863536 46.7538088560104 42.6552097002665 45.9450334310532 48.5237936178843 25.9164422750473 20.2457929650942 11.82821393013 3.46512751032909 2.57711267719666 10.2051409582297 26.6282061735789 54.4089128573736 49.6697127819061 40.4054249326388 35.866749783357 24.6423681577047 25.6723612546921 23.4542662898699 43.0279473463694 50.797442595164 31.462773680687 5.40430719653765 0
50.4590471585592 45.3092058499654 43.4849758942922 48.555334409078 57.2624703248342 64.3786489963531 67.5513744354248 63.7053747971853 68.0810511112213 66.5500561396281 70.1913734277089 72.1012651920319 73.3743011951447 75.0690450270971 70.4087714354197 70.1862176259359 70.5244392156601 65.2820616960526 61.228354771932 63.0172491073608 62.3377114534378 58.1107785304387 55.6422024965286 55.3027987480164 52.9087831576665 51.6665379206339 50.403023759524 47.4028637011846 43.864851196607 39.6273533503214 33.1818213065465 36.4772528409958 43.3414330085119 45.4003512859344 43.5457030932109 32.9849844177564 12.9529573023319 3.6521510531505 2.49873924379547 7.64797007044156 22.7186406652133 27.0055631796519 23.0429917573929 17.107181251049 16.838576644659 22.2733393311501 24.2793237169584 36.0213369131088 46.6938962539037 51.3318081696828 33.1689765055974 3.5075219348073
53.5165071487427 52.1668444077174 48.8964666922887 47.8479117155075 53.4980744123459 63.7267579634984 65.1638060808182 63.3210788170497 65.3462906678518 70.478747288386 76.4583498239517 77.1130869785945 75.3208647171656 76.2046078840892 74.0567843119303 73.3928928772608 74.1477409998576 72.0225274562836 67.2268172105153 63.6201202869415 60.9577894210815 60.3710561990738 62.3374879360199 63.0884071191152 59.4700425863266 56.7610313495 49.6839781602224 41.0571247339249 36.5844517946243 34.2672119537989 34.4963396588961 41.1276146769524 47.4607447783152 58.4019521872203 63.3152822653453 61.7038706938426 50.5931427081426 32.5889065861702 22.7972418069839 7.03230065604051 12.3433334132036 22.2780381639798 22.8451937437057 17.0236267149448 18.8095308840275 33.0231636762619 52.1597514549891 46.0185805956523 41.0527636607488 47.0677316188812 38.9660745859146 9.62607935070992
56.0334672530492 55.4807583491007 54.4697294632594 51.220511396726 52.4462709824244 61.2467428048452 63.2074773311615 63.309371471405 63.5849237442017 72.5480417410533 80.3282012542089 79.04285689195 74.6477693319321 77.1253655354182 78.4912357727687 73.1170028448105 74.8505095640818 72.4788258473078 68.8011894623439 66.1423802375793 64.6666785081228 65.1449263095856 63.4181400140127 60.5264107386271 58.5090021292369 54.4092406829198 36.1264074842135 7.29969826837381 5.9989970177412 21.2020128965378 31.4281856020292 37.9709353049596 45.6655969222387 52.9349744319916 63.9794220527013 68.2509193817775 68.0947452783585 59.0885579586029 45.2492535114288 26.3146832585335 14.0221007168293 22.4258030454318 43.0658608675003 42.9555277029673 36.1256947120031 55.2498549222946 79.0284772713979 68.5975005229314 47.2532163063685 34.8650341232618 22.8179196516673 10.8634456992149
54.9103617668152 53.1020313501358 56.7068606615067 57.790478070577 55.5272549390793 58.0272475878398 63.0925645430883 64.0684018532435 64.5935833454132 72.4420150121053 78.9965242147446 77.2971709569295 72.9134082794189 76.2067089478175 79.5809278885524 70.5393056074778 72.2058614095052 71.0810174544652 69.1071351369222 70.0597216685613 71.4424153168996 71.4575697978338 65.8072084188461 59.5967322587967 58.2604507605235 55.9505820274353 38.9991054932276 21.1087167263031 20.2551161249479 28.5330464442571 38.2350211342176 41.9275462627411 54.805060227712 63.9519989490509 74.641615152359 71.009357770284 65.5860602855682 26.7973616719246 27.2218535343806 27.8071040908496 34.1159502665202 42.5934145847956 50.4163006941477 26.1153429746628 20.4690732061863 24.7279554605484 59.2749764521917 55.0557772318522 42.4281855424245 33.456397553285 27.6549383997917 20.6178948283195
44.1381732622782 51.4386097590129 54.8449456691742 57.6023211081823 57.7444682518641 54.5767198006312 63.3994489908218 67.1314944823583 67.9720242818197 72.9234516620636 75.3525197505951 74.3652482827504 73.9786475896835 72.3774929841359 73.9053785800934 70.2180961767832 67.2338008880615 70.6213961044947 73.1789767742157 74.5553821325302 75.1423140366872 72.6402898629506 70.4771379629771 63.772643605868 61.501810948054 62.1959716081619 58.2982798417409 50.4351804653803 49.7178335984548 49.6736317873001 50.8714218934377 47.2240348656972 66.6874249776204 76.6238371531169 56.4108192920685 51.5021582444509 31.8790326515834 14.2621472477913 5.86843118071556 14.1840676466624 12.2852499286334 45.1898525158564 51.7474909623464 43.5248414675395 31.6232492526372 33.0709367990494 46.6809173425039 50.9071499109268 48.3317772547404 41.8620407581329 35.7126121719678 35.1185450951258
35.0789080063502 49.0758766730626 52.9834926128387 55.8591485023499 58.8168899218241 55.1046232382456 59.0669463078181 66.0209208726883 76.9449571768443 78.4401098887126 73.8501151402791 71.2676843007406 73.1908231973648 72.9123105605443 73.1053600708644 70.6619421641032 67.0449336369832 69.1130807002385 68.695401151975 65.5164023240407 67.8251981735229 67.0182953278224 66.1220252513885 65.8544997374217 66.2199159463247 69.9596504370372 77.0309120416641 80.8256367842356 67.8684413433075 61.9600961605708 51.1326889197032 47.0871279637019 58.9909255504608 54.5196384191513 23.3396862943967 16.5036593874296 15.6394019722939 9.66241769492626 1.36214541271329 0 0 14.7492165366809 47.7644900480906 69.3721125523249 74.4585295518239 68.8102940718333 67.8722560405731 67.1319017807643 67.3058827718099 56.5328995386759 45.9556082884471 57.0235401391983
36.8519028027852 46.5116302172343 53.3859431743622 55.8575044075648 57.4224839607875 57.6376269261042 52.2542297840118 61.5019698937734 81.495076417923 80.2897463242213 71.8479057153066 68.4159845113754 71.714664498965 75.0940541426341 74.1848945617676 71.0049370924632 70.0010756651561 67.7476574977239 61.1020674308141 54.37966187795 54.8952718575796 58.599720398585 59.2793474594752 61.9867195685705 65.3337339560191 70.2715814113617 86.0419472058614 90.8141831556956 70.3123509883881 64.7542824347814 50.1945366462072 37.4124969045321 41.32246474425 42.3867801825205 21.6353784004847 12.4142803251743 13.4347900748253 19.2364317675432 11.9016480942567 2.21122801303864 0 3.70927465458711 23.6268490552902 49.6590832869212 52.7598112821579 53.8905411958694 51.3949791590373 61.8057996034622 58.2758734623591 51.9956201314926 52.932138244311 87.7650380134583
48.15407594045 51.0525206724803 53.3905327320099 50.0859121481578 44.6298023064931 41.3733050227165 49.0433772404989 54.4574360052745 63.9870365460714 59.7366839647293 57.6155682404836 61.9204839070638 69.7386413812637 71.9871272643407 68.0343608061473 69.9085493882497 70.3972329696019 64.5924558242162 57.085245847702 51.7462243636449 50.5454291899999 52.3068457841873 55.5254717667898 59.7251355648041 59.2267413934072 63.5030666987101 77.5917867819468 83.4831098715464 71.0200170675914 57.3437710603078 48.8836914300919 34.5588202277819 31.5665105978648 45.7327216863632 42.1347866455714 20.648238559564 20.6319813927015 50.3074576457342 48.0462412039439 32.4843277533849 8.31213593482971 5.07528769473235 14.0522693594297 21.4977934956551 20.2123895287514 21.9954227407773 24.580143392086 26.9505232572556 33.0187926689784 44.8972483476003 66.8399880329768 121.131787697474
59.2539707819621 56.0954660177231 52.4434397617976 45.4213519891103 35.9451174736023 30.0727089246114 38.5401050249735 39.7202422221502 30.118502676487 29.3056964874268 41.173962255319 52.0988007386525 58.4508279959361 62.5726481278737 65.6526585419973 75.71575542291 78.451856970787 69.9771543343862 61.492994427681 58.2751929759979 55.3646832704544 54.5565038919449 56.9457312424978 55.5956065654755 57.2011967500051 59.8703920841217 67.2531525293986 69.5971548557281 64.3200427293777 44.9990729490916 48.9814579486847 39.7179474433263 34.8885009686152 54.1368772586187 60.4056119918823 48.5389431317647 38.8667707641919 24.7366204857826 37.4262655774752 38.7440373500188 26.0288442174594 11.9019821286201 13.7190495928129 14.2019850512346 8.69098926583926 9.98695318897565 17.6227154831092 19.7820862134298 20.903800924619 45.44797539711 92.8214689095815 137.031336625417
62.0785057544708 55.5323660373688 50.791730483373 46.9938019911448 40.1037484407425 34.3637938300769 30.0556818644206 25.6195043524106 10.4588642716408 18.3685285349687 34.3944827715556 47.0462789138158 46.977495153745 54.5688271522522 68.0229514837265 83.9073061943054 89.4026656945546 82.2853495677312 73.8806426525116 69.8679933945338 64.427783091863 63.1208469470342 61.6895258426666 56.004136800766 56.3041170438131 54.8840860525767 57.6819330453873 57.1474184592565 52.8053243954976 37.8561541438103 36.3940596580505 37.8685146570206 34.1192086537679 56.7750732103984 76.556071639061 79.705556233724 54.299384355545 18.3488291998704 14.8449105521043 20.4397675891717 20.9084525704384 18.4966685871283 19.6316043535868 18.6303779482841 11.826263119777 8.14788353939851 14.5851696530978 26.0732000072797 33.0882122119268 59.3891789515813 124.816914399465 156.180491050084
64.4968996445338 59.2112839221954 57.885617017746 58.9731832345327 55.6822568178177 49.5235274235407 44.5260802904765 44.88605260849 43.6699440081914 49.3299216032028 57.2583079338074 62.8441671530406 63.3750359217326 58.4021906057994 68.7280197938283 84.6286018689473 94.8829452196757 95.007598400116 87.5477989514669 77.9497375090917 72.1240441004435 66.8392280737559 66.4578874905904 65.5431300401688 57.4220170577367 49.1722573836645 47.7131257454554 49.032857020696 45.7152823607127 44.4857825835546 28.9615740378698 21.5503921111425 17.8773639102777 39.4875754912694 83.7152600288391 93.7241514523824 61.3235235214233 22.3452597856522 9.33786233266195 9.44563436011473 12.6149579882622 9.8120371500651 21.230973303318 33.8128407796224 35.7381751139959 23.5963985323906 21.064726014932 38.9549334843953 65.2328282594681 110.879520575205 143.816073735555 156.847397486369
65.2989745140076 62.6326402028402 62.8761947154999 64.0575389067332 63.5073284308116 59.9319835503896 59.7497125466665 67.4701780080795 83.9335521062215 79.9454549948374 71.2109307448069 72.1651166677475 77.721580862999 65.5997345844905 67.0825392007828 75.3402461608251 83.5617880026499 90.8415814240773 91.6686952114105 84.886093934377 79.172819852829 72.992334763209 68.5915301243464 65.0353183348974 60.5194220940272 47.085036834081 36.2979819377263 39.3042018016179 39.8140028119087 21.0444579521815 15.8247500658035 13.8479049007098 9.17174046238264 9.6260445813338 79.0854195753733 95.1447387536367 75.7216612497966 63.5212858517965 31.9887846708298 5.08913739273946 0.693048971394698 0 11.6813530524572 39.1098186373711 45.7074840863546 36.155954003334 34.8493208487829 58.4667921066284 116.732954978943 161.962221066157 155.102302630742 142.594953378042
64.4878447055817 61.0711326201757 55.4560522238413 50.7104297478994 51.1170973380407 53.1822393337886 53.2849282026291 65.4843846956889 75.9677191575368 71.2977747122447 61.0828697681427 60.9107116858164 72.0900942881902 67.4021244049072 63.7437452872594 62.8153036038081 63.8165821631749 70.7184573014577 80.693393945694 85.0142240524292 80.9145917495092 74.8706509669622 67.533940076828 63.0015929539998 53.7268072366714 48.5220899184545 34.2957451939583 29.1649823387464 35.4833081364632 32.0852821071943 15.7705383996169 10.4468241333961 3.48431182404359 0 0.309109998246034 85.2417349815369 92.0406778653463 103.21256518364 84.8494172096252 35.2317243814468 4.20168352623781 0 4.4911652803421 22.8925744692485 51.3925353686015 71.6014206409454 93.0788318316142 144.541362921397 185.890356699626 196.201324462891 180.819451808929 148.044397433599
66.6758219401042 64.5886063575745 58.6293091376623 51.7697582642237 50.2221286296844 53.089181582133 45.5146630605062 42.5989429155985 43.4224506219228 40.0372097889582 33.9349458614985 31.4943070213 35.5081806580226 54.0444354216258 61.141366759936 56.7907492319743 45.6332117319107 40.7777975002925 52.1897921959559 73.4600474437078 74.9239673217138 69.1670676072439 62.7555648485819 58.2882861296336 50.6963531176249 47.8850503762563 38.2711440324783 17.3676870763302 27.4876529971759 40.9670944015185 22.2499271233877 14.7710579137007 6.41130904356639 0 0 65.4537876447042 105.087637901306 119.593580563863 106.255292892456 76.8308738867442 43.3362871408463 12.5703476369381 8.82895973821481 28.5799826184909 61.4190846681595 125.739435354869 167.251626650492 198.396523793538 207.365075747172 206.671635309855 197.021484375 168.131530284882
68.4110720952352 68.3197180430094 65.7079666852951 62.0807111263275 60.1655542850494 59.3839834133784 43.9193298419317 29.654915134112 30.1688089966774 32.3287794987361 29.5215845108032 26.7739122112592 28.0207817753156 50.1871407032013 64.1846756140391 55.0022025903066 34.1234803199768 22.6991126934687 26.4053344726562 43.7124272187551 53.2677968343099 56.3296129306157 57.1282307306925 50.8028070131938 43.9073741436005 39.6664390961329 27.9607673486074 9.33665223419666 18.4678609172503 44.2694127559662 53.1901121139526 46.2460269530614 26.2370159228643 0 0 43.2681689659754 98.8142987092336 106.867889563243 87.3713692029317 84.3694408734639 89.862992366155 74.8475690682729 52.467534939448 67.8055385748545 121.300081411997 166.76781574885 190.10070959727 201.349417368571 203.115046024323 200.718998908997 195.800364017487 173.463145891825
