input/barkrak2/radiation/dir33124.grid
NCOLS 85 
NROWS 70 
XLLCORNER 665100 
YLLCORNER 4664600 
CELLSIZE 20 
NODATA_value -9999 
[rows 0 to 22 of 70, columns 0 to 51 of 85]
55.872688690821299 69.765105843544 81.8099329868952 96.8972543875376 111.457298199336 116.620192925135 121.936867634455 131.28254810969 129.347105820974 132.548133532206 133.291910092036 129.516452550888 125.138779481252 124.235481023788 124.25368030866 111.332476139069 99.3301272392273 90.2652541796366 88.5899662971497 89.878777662913 97.2989201545715 114.03817931811 130.689680576324 133.403599262238 136.554290850957 148.441851139069 150.23797750473 142.905980348587 132.547090450923 136.805901924769 135.199675957362 154.470682144165 186.977664629618 179.890235265096 179.112136363983 172.813514868418 178.183813889821 186.544259389242 184.036215146383 185.048977533976 180.124541123708 191.700657208761 200.277765591939 189.477463563283 178.222258885702 184.757053852081 191.360791524251 145.67091067632 100.809395313263 96.8324939409892 118.315398693085 159.423828125
37.2536430756251 49.2318520943324 56.6132068634033 69.7297900915146 80.1396469275157 92.3331479231517 97.7551738421122 107.948948939641 123.66908788681 138.130078713099 137.147764364878 132.519990205765 125.855058431625 125.900467236837 125.981479883194 113.735795021057 105.866531531016 97.835640112559 93.8224792480469 92.1974678834279 105.823288361231 128.352383772532 142.858803272247 140.746255715688 143.31113298734 147.699217001597 148.645718892415 142.765074968338 140.230198701223 139.850993951162 141.028831402461 164.287855227788 186.607082684835 180.040995279948 177.630702654521 173.51488272349 178.902367750804 183.107276757558 178.027709325155 176.077385743459 176.904559135437 183.491746584574 179.323852062225 174.159606297811 169.938147068024 182.356357574463 182.14883406957 135.980586210887 108.064154783885 117.96102921168 146.105051040649 181.040545304616
15.4279520114263 22.1863289674123 27.4573415517807 34.2813928922017 41.9810911019643 49.8761037985484 60.3299935658773 75.8085151513418 87.9773398240407 98.3776946862539 104.271670182546 118.298441171646 134.594390789668 136.044005552928 137.823661168416 138.033866882324 134.34166709582 124.132186174393 108.501215775808 103.214800357819 115.451822678248 132.03967610995 142.53247777621 144.870728254318 144.856184720993 142.155140638351 140.715519587199 137.346665064494 140.84334174792 146.716058254242 156.469921271006 173.435509204865 184.119582176208 181.305368741353 176.97552839915 176.439921061198 183.399478594462 185.671031475067 180.010537306468 175.689935684204 169.987539450328 163.497159878413 155.655890703201 149.289230505625 154.647966225942 172.721286614736 168.911655743917 129.763543605804 126.323441664378 145.397126674652 169.960538546244 191.157778104146
7.43976918359597 7.91628596683343 10.2750410636266 12.9264891147614 14.098151276509 17.9918309052785 25.1659626762072 35.2144837379456 48.8227307796478 65.7667368650436 79.7431071599324 94.4249927997589 102.477858463923 108.733514944712 115.837156772614 119.729032119115 116.68054262797 114.237050215403 102.560599644979 100.667119026184 101.634542147319 106.317321459452 121.405820051829 130.188087622325 132.124374310176 135.048180818558 134.89693403244 136.710753043493 138.911068439484 145.674099524816 159.225165843964 175.298829873403 180.270155270894 180.066386858622 177.159150441488 177.354256312052 179.677188396454 177.779952685038 171.334107716878 161.724617083867 157.450576623281 151.420116424561 149.840166171392 160.577803850174 168.825725714366 163.299272457759 149.770309527715 127.218345801036 135.401864846547 148.434112469355 168.468674023946 186.673184235891
13.6487086613973 8.7488628923893 5.26354089379311 0 0 6.61220774054527 16.9033209482829 23.3181441823641 29.4847811261813 34.6248745918274 46.0993498563766 65.3120477994283 75.0343551238378 80.2576839923859 84.2757225036621 89.9237891038259 89.0473524729411 84.6797625223796 87.4369343121846 84.0941270192464 85.11616786321 88.3185466130574 99.7962355613708 109.176735083262 118.060360352198 124.441355466843 129.228154818217 132.278700669607 134.843647480011 137.978394826253 145.401020844777 172.987997531891 172.613104184469 172.198176383972 172.466059525808 171.129365762075 167.762955029806 165.104409058889 156.733800967534 148.757795492808 148.368229468664 150.668144226074 157.086431980133 165.647923946381 165.688226620356 145.472665627797 119.028409322103 117.408931255341 129.487494627635 147.17306693395 174.939056237539 187.472403049469
37.3754451672236 24.1163770357768 10.59615239501 2.73574702441692 0.879973716412981 3.40094945083062 9.62607252101103 20.7757949829102 22.9031393925349 23.8591730594635 27.5697782635689 33.7375551462173 40.1565755407015 44.5725272099177 52.2878070672353 55.9086849292119 65.0447060664495 69.6382125218709 76.7484803994497 86.9717399279277 89.7028346856435 94.872643550237 95.8605607350667 101.430982351303 106.199999650319 116.28802617391 121.443649133046 124.817132949829 131.05653723081 137.827744086583 148.461053768794 155.455162127813 145.581066608429 144.086887439092 152.94936299324 163.966596126556 161.290675401688 156.556099653244 148.755500713984 150.867412487666 150.284945964813 149.725884199142 151.96285645167 154.779940843582 150.623341401418 120.687127113342 97.294549147288 108.381370703379 127.008895079295 165.512343247732 188.710331916809 191.823442776998
54.9800246953964 37.2409696380297 24.6072361866633 14.5591720938683 5.63965613643328 3.05054585138957 4.73134312778711 10.2065640191237 16.3546937207381 23.5675821701686 23.7668678164482 22.3581666747729 21.0940291484197 21.3445723056793 23.9020635684331 33.8961829741796 40.9477824966113 55.6975503762563 70.2816545963287 83.7349394957225 91.2081301212311 97.0581968625387 98.4640419483185 97.7575977643331 102.194607257843 103.648602962494 110.901256402334 121.048072973887 124.707698822021 134.078979492188 142.313102881114 145.878255367279 134.594569603602 132.38999247551 132.167418797811 134.075085322062 137.462536493937 144.66800292333 140.401363372803 135.292669137319 131.031076113383 131.5798163414 139.519214630127 146.568963925044 145.779033501943 139.859974384308 146.563132603963 153.289715449015 165.64400990804 178.765038649241 186.75571680069 184.784928957621
67.8919454415639 54.1496326526006 38.6416638890902 28.3339694142342 17.7694621185462 6.64123706519604 3.1474968418479 0 8.90485073129336 16.4923096696536 20.8307467401028 24.9291931589444 23.6634264389674 21.7033202449481 17.3589326441288 20.3940036396186 27.6282901565234 37.4486396710078 52.7690052986145 67.4350410699844 79.2602449655533 89.4259413083394 98.6502269903819 95.3801870346069 96.2350169817607 98.5817909240723 99.6009906133016 104.250520467758 109.811673561732 122.842490673065 132.166236639023 135.112444559733 125.889966885249 118.945340315501 117.609600226084 119.401454925537 123.073528210322 123.215546210607 130.318303902944 118.447442849477 114.543894926707 121.254702409108 135.262807210286 146.795223156611 150.727937618891 157.883544762929 164.410958687464 165.464460849762 172.039886315664 171.053508917491 169.381856918335 168.178538481394
62.6085648934046 56.0189137856166 44.556200504303 32.9616119464239 24.7061600287755 17.6037475466728 7.58044297496478 2.31137545779347 7.07231896619002 11.6221929589907 18.0373663703601 22.7084755897522 25.3644014398257 30.8863595128059 25.8836001157761 24.507001042366 24.6724138657252 27.520810564359 34.9984640876452 46.0171451171239 57.4567914009094 71.0739394028981 80.1279644171397 83.2459529240926 86.3226652145386 86.6775711377462 88.4988903999329 90.5687610308329 91.3692116737366 103.46527894338 110.8711262544 112.945745388667 108.848869800568 108.533561229706 111.156354347865 111.132750908534 113.621125618617 117.287774880727 119.652728239695 120.863656202952 128.978808720907 135.901391506195 143.113990624746 146.190027395884 144.963105519613 144.497732321421 148.081888755163 156.30250175794 163.50386540095 159.073134263357 151.143838961919 152.832667032878
44.1113859415054 40.6392862399419 35.5139051874479 26.6606112321218 20.9593226512273 17.4704218904177 16.4474236468474 10.7594020664692 7.35653378069401 5.12894739707311 8.41951991120974 16.7566599945227 26.0342806577682 34.9082003037135 38.6867597699165 36.3520830869675 30.8335075775782 28.5521497329076 29.7451863686244 31.7556808392207 37.7127180496852 44.8707640171051 53.2901336749395 61.528409520785 69.8500076929728 72.7756967147191 72.9950517416 74.6240069468816 76.958825190862 79.0710548559825 80.8183203140895 89.5749131838481 94.4084127744039 97.6830323537191 101.104974746704 104.526857535044 103.245496749878 106.454481681188 113.736987113953 122.497220834096 127.152254184087 145.035157601039 149.226774772008 146.025687456131 143.482546011607 143.669178088506 151.871581872304 156.944294770559 159.211367368698 157.748907804489 156.869411468506 154.342065254847
8.05730745196342 8.1036010136207 6.67942687869072 4.17798819641272 2.4060346186161 0 4.90784800300996 13.6001594364643 11.7643475532532 8.36633828779062 5.3583054492871 6.74619649847349 18.1142389774323 29.8199504613876 40.6738469998042 38.3203874031703 36.4942823847135 32.5571472446124 29.9629494547844 27.2141049305598 27.9900580644608 28.7186006704966 32.4514135718346 43.1886514027913 53.6391784747442 60.6879194577535 62.6504719257355 62.5308007001877 65.651461482048 69.8853234450022 68.2958861192067 67.4851586421331 74.6260732412338 87.309718132019 91.5332436561584 93.4225817521413 97.8425443172455 102.540890375773 110.110660394033 124.39826130867 128.168205420176 124.273161093394 123.387674490611 125.84908803304 139.594366153081 145.751158396403 152.086873849233 152.310431003571 151.576469341914 157.959967851639 159.713327884674 154.962112506231
0 0 0 0 0 0 0 6.24696537852287 13.7436290582021 15.2131641904513 9.18626474837462 5.37548586726189 7.45005781451861 15.8194762965043 27.0990779002508 31.8840419252714 37.757749358813 36.2423385183016 32.7392816543579 27.613287170728 25.0526492794355 23.8811920086543 25.2722501754761 31.241940955321 39.0371407071749 44.9225554863612 46.8645890553792 51.554004351298 54.4211566448212 55.0083220005035 59.6429506937663 57.4561407168706 56.9070776303609 54.2804400126139 60.2383315563202 79.6635001897812 88.5740717252095 95.3044990698497 99.6937851111094 114.00693655014 116.203804810842 114.873627821604 109.46116844813 108.079612255096 110.416859388351 116.010407606761 131.403813759486 137.253791093826 140.46589533488 144.585291544596 147.248208522797 148.128241300583
0 0 0 0 0 0 0 0 12.2572258114815 15.8788785338402 15.9466341137886 12.9262370367845 5.27350356181463 4.41341443608205 13.4554617106915 26.5652686357498 35.8318090438843 39.960615336895 38.6409883697828 34.0861628452937 30.0294806559881 31.2268063426018 31.192106505235 32.3317820827166 34.9434365828832 36.1623490850131 38.9471376935641 44.0251926581065 47.390619913737 47.083059946696 47.6528306802114 46.748161315918 46.6186255216599 43.7578558921814 42.441780368487 43.3810353279114 60.0341409444809 77.1845976511637 85.6255193551381 92.5913055737813 99.0052123864492 100.443263848623 98.0041523774465 96.8132416407267 98.6611743768056 100.564072529475 98.6424088478088 104.794691006343 121.014932791392 126.260568698247 130.364179611206 132.019658883413
0 0 0 0 0 0 0 0 0 7.90104704598586 18.269012371699 21.566001077493 19.5433323582013 12.470414241155 11.5218162536621 23.1490184863408 32.430740694205 40.2783950169881 47.1479594707489 45.6836223602295 39.8359025518099 40.6093547741572 38.679413497448 39.061963558197 41.512057185173 41.043962041537 44.0450012683868 48.3707040548325 47.5045293569565 43.6601936817169 43.6666856209437 42.8040424982707 39.1276553273201 35.2932413419088 38.5558257500331 37.0091870427132 32.8035801649094 36.9864155848821 46.1979856093725 55.9671024481455 64.868042866389 71.5453078349431 76.7036428054174 88.6758466561635 89.4554257392883 95.2764749526978 93.6425129572551 88.5563691457113 86.717814207077 88.6488457520803 102.736721436183 110.644966363907
1.91331359868248 0 0 0 0 0 0 0 0 0.252334226388484 16.7214411000411 29.6015267570813 37.1268391609192 32.67569343249 22.944616774718 22.0306217670441 24.054413040479 32.7415391802788 44.4439748922984 53.3614854017893 53.3343652884165 50.1786818106969 50.3095885117849 48.1917361418406 47.1916695435842 48.6591160297394 47.9837556680044 50.4198223352432 48.5318650801977 42.36834247907 42.2838479280472 41.0133649905523 37.2148305177689 33.0215245485306 29.8105950156848 26.6552319129308 21.8825514117877 18.3766086896261 19.8153033852577 25.5811959505081 28.2468025883039 34.02345875899 39.9374415477117 46.7377404371897 55.396427710851 61.6474002599716 71.2179988622665 77.8012375036875 76.1854002873103 71.4065333207448 76.1947929859161 88.0787273248037
2.49748382096489 0 0 0 0 0 0 0 0 0.169918581377715 10.0851443906625 29.9149428804715 43.0829177300135 45.3998694817225 37.8858198722204 23.950569331646 19.3676948547363 21.8434085448583 31.1713616053263 48.3744591474533 58.3862960338593 56.595911582311 58.1972400347392 54.5441706975301 52.724560101827 55.2737961212794 55.1262050867081 51.6165643930435 52.105317513148 48.692042628924 41.4301604032516 37.7329935630163 36.5601852536201 29.9393733342489 26.9551773866018 21.8261033296585 17.0313616593679 12.0984924336274 10.8831524848938 11.807935933272 16.6958806415399 17.1818062663078 22.1576665838559 24.7294083237648 33.8606983423233 37.7919326225917 51.0756770769755 57.759553194046 61.3643924395243 64.0566150347392 65.4159933328629 71.1920907100042
1.512352998058 0 0 0 0 0 0 0 0 0.237073632888496 0.739524917056163 17.789280662934 32.4183627963066 44.4270273049672 49.6513744195302 42.6996846993764 37.7329712112745 29.7619054714839 25.7853294412295 32.1577837069829 48.2686360677083 60.576726992925 64.4865582386653 62.5817080338796 58.5555881261826 60.6748809417089 63.2989704608917 58.6527536312739 56.1595062414805 59.6848825613658 51.0805497566859 40.0609771410624 32.0319533348083 24.1432040929794 19.3955140809218 15.2197318772475 10.8522524436315 7.23335705697536 5.74914179742336 4.53299470245838 5.81634975969791 7.2131392856439 11.8395375708739 17.0097015798092 24.7647886474927 31.3822130362193 38.0624458193779 42.5171305735906 50.9153852860133 56.2602579593658 59.719130396843 64.9119466543198
0.682519904027382 0.00834458054062755 0 0 0 0 0 0.0045859269448556 0.603889658426245 0.863780577977498 4.44721523672342 11.725736161073 24.1276025772095 40.3158416350683 50.9531398614248 55.6897421677907 55.4935733477275 47.8746841351191 35.9139690796534 27.1403392155965 34.0671812494596 52.56054798762 59.7988367080688 64.6858811378479 65.0685578584671 68.4945583343506 71.4102486769358 71.3355541229248 66.0825471083323 60.4533900817235 57.3677619298299 44.5807427167892 33.6229205131531 23.0531866351763 16.5105772515138 13.8520561158657 8.40482115745544 5.0951869537433 3.61945790549119 1.60830188542604 1.07437597277264 4.80535471191009 6.95361817876498 9.85975190997124 14.5837826033433 22.2869167725245 29.932826757431 32.0667003591855 36.4687691132228 42.2136684258779 49.7385313113531 56.6770931084951
0.774876680225134 1.01512127245466 0.377509471339484 0 0 0 0 0.975961952159802 1.96688125530879 8.97230207920074 14.0506799022357 14.6875816086928 21.669661005338 26.7584597071012 40.2082204818726 53.5213102897008 56.4796179533005 55.4128636916478 54.8361539840698 42.9204205671946 31.1051855484645 40.4810359080633 48.1124669313431 58.3267509937286 66.4236048857371 72.9490021864573 75.8076608181 71.8689858913422 71.9330459833145 63.8461709022522 52.0121653874715 43.3387706677119 35.3042682011922 24.4225909312566 16.2105684479078 11.8183232843876 6.60127525528272 2.24922442187866 0.350432276415328 0.171742731860528 0 0 2.95677998413642 7.69465044140816 9.15679956475894 15.5475611488024 19.8701992630959 21.2950259447098 25.1368507742882 28.9609680573146 33.1847320000331 38.2218559583028
0.746611971408129 0.363804632797837 0.66605854469041 0 0 0.0692292135984947 0.425950080777208 1.60113691041867 2.24553126220902 2.41006786624591 15.000739445289 13.8233316441377 14.558844268322 16.9751606881618 26.0878726840019 38.3281161387761 46.2675591309865 50.225372115771 56.0458451509476 55.5428912242254 49.3020762999853 39.6974285443624 41.8992539246877 50.722469886144 59.6379290024439 66.4332757393519 72.6754268010457 73.9847669998805 64.9879773457845 64.7179335355759 54.3857167164485 42.4706836541494 28.9833893378576 20.2930929760138 11.2530278662841 5.04492161174615 1.3125641271472 0.0964129673472295 0 0 0 0 0 3.30211812009414 3.24876171847185 7.64406844973564 10.389419272542 12.065265327692 16.1924585700035 19.316961367925 21.4879314104716 22.3221406340599
2.25241280471285 0.157359191992631 0 0 0 0.338768353685737 0.228089493854592 1.47199506560961 2.72152666002512 2.81030715753635 5.27706307669481 10.0520364940166 8.6414497345686 10.4392543435097 14.8493275046349 25.5449488759041 34.7679977615674 39.711594581604 47.6797372102737 57.9299330711365 65.2425636847814 55.5248359839121 53.4487466017405 56.7487080891927 58.6011658112208 60.9040111303329 64.0266984701157 67.880521217982 63.3146315813065 51.3721406459808 41.9890979925791 34.0093498428663 20.738144715627 11.7449052631855 4.22650730858247 0 0 0 0 0 0 0 0 0 0 2.2840757543842 2.39449615279833 6.44524705906709 9.5344049235185 10.8887118597825 11.9382254779339 12.3595247666041
10.888684540987 5.17305390288432 0 0 0.02266473408478 0.0252279666407655 1.23859421970944 3.12949965397517 3.55408154428005 3.04573991646369 2.13146085540454 4.31727431714535 7.50070437788963 3.59819394846757 9.03505894045035 17.8274437785149 27.377928296725 34.0513785680135 41.1356762051582 52.5986353556315 60.6273164351781 70.9303915500641 75.6815820932388 73.5141436258952 67.6889518896739 59.4884802897771 55.7191719611486 57.5478424628576 58.4663897752762 45.4611331224442 28.8181404272715 18.0897638201714 11.1748750011126 1.52556505054235 0 0 0 0 0 0 0 0 0 0 0 0 0 1.22634057576458 3.7266875927647 4.69189882278442 5.58398788173993 5.29240692655245
37.8967473904292 31.8316444754601 12.6380883157253 6.11169325808684 3.56121299167474 0.945756289487084 3.91147844493389 4.26711048930883 3.48451174795628 3.47655452787876 2.17426397527258 9.63964934150378 9.88345717390378 9.40906877319018 10.2871370812257 14.6612760921319 22.4374085664749 31.4588795105616 36.8272935350736 39.5236760377884 42.4736837546031 55.2738159894943 65.2984281380971 70.0295517841975 68.7550057967504 64.2738590637843 56.287815173467 48.7908224264781 52.468995253245 34.6539815266927 16.5890889863173 5.65205203990142 0 0 0 0 0 0 0 0 0 0 0 0 0 0 0 0 0 0 0 0
