input/barkrak2/radiation/dir35224.grid
NCOLS 85 
NROWS 70 
XLLCORNER 665100 
YLLCORNER 4664600 
CELLSIZE 20 
NODATA_value -9999 
[rows 23 to 45 of 70, columns 0 to 52 of 85]
57.0485442876816 47.2658574581146 18.873097995917 3.51476389914751 0.0329886825056747 6.95641214648883 4.47565006713072 3.40489422281583 2.8287594517072 2.03493765244881 2.75297680248817 1.89224521939953 9.02398924032847 11.6885590056578 9.70386837919553 9.99974831938744 15.360064804554 22.6079523563385 26.950791478157 20.9501087665558 20.1950073242188 23.5056380430857 33.8021392623583 42.6614681879679 48.1330504020055 47.9204952716827 42.5534496704737 36.2452268600464 16.9899562994639 7.63422685364882 4.26976631085078 0.6885741216441 0 0 0 0 0 0 0 0 0 0 0 0 0 0 0 0 0 0 0 0 0
56.9964696963628 53.1821002562841 33.1167429685593 7.72491469979286 0 2.4962288637956 3.827638613681 4.5848290125529 3.82662999133269 3.17519499609868 2.76211804399888 1.85301170373956 4.23143400500218 10.1337283849716 9.48898183802764 9.04483472307523 13.1320680181185 20.8190555373828 26.2146616975466 19.6023657917976 18.1314175327619 15.5787765979767 21.5257207552592 28.8531432549159 33.3579977353414 33.7900271018346 30.9329231580098 27.6317993799845 12.3342449466387 3.73970158398151 1.49255292490125 0.768231693655252 0 0 0 0 0 0 0 0 0 0 0 0 0 0 0 0 0 0 0 0 0
45.4628964265188 49.2579887310664 42.4240976572037 16.0612141092618 0 6.64376219113668 13.6385038495064 21.0979655385017 23.2146879037221 18.4777341783047 13.1609650949637 15.0194130837917 13.4022682905197 15.5530000726382 15.4953127106031 10.993259648482 12.3328007757664 18.6864336331685 25.4818548758825 27.4323299527168 27.4367978175481 23.9930177728335 21.8776116768519 21.3803599278132 23.6732065677643 25.4159718751907 21.802360812823 21.7143297195435 13.3877446254094 9.78707460065683 7.41831709941228 9.3923918902874 5.35062327980995 0 0 0 0 0 0 0 0 0 0 0 0 0 0 0 0 0 0 0 0
44.2142734924952 48.6901452143987 46.3485221068064 24.0491280953089 3.98127548396587 16.6354849934578 29.1102478901545 40.5119309822718 47.9548275470734 42.1359539031982 26.7647951841354 27.1944006284078 23.9441096782684 25.261215865612 26.063101987044 16.7012438178062 14.2808146774769 20.8449810743332 27.5807976722717 36.6486633817355 38.3793960014979 35.6079389651616 28.1708935896556 22.8154609600703 23.0615685383479 24.9113589525223 20.8844070633252 28.0825843413671 26.9491324822108 25.8147070805232 29.0976117054621 43.2056287924449 50.3631432851156 31.7300309737523 0 0 0 0 0 0 0 0 0 0 0 0 0 0 0 0 0 0 0
45.3462203343709 44.5453077554703 44.5225834846497 29.317244887352 24.2109795411428 35.2607717116674 49.5198220014572 56.0993105173111 54.5611133178075 48.329159617424 35.266009469827 30.8568303783735 27.2097537914912 28.6745950579643 29.869556427002 24.6022492647171 19.5929842690627 24.0381211042404 34.45682177941 39.5708406964938 36.8779574831327 29.9867490927378 27.75739133358 28.1670838594437 28.3252944548925 28.4514427185059 26.2456734975179 35.4873016476631 51.1630972226461 55.3096781174342 58.045819401741 63.2838557163874 73.3721802632014 77.6131153106689 37.3738283912341 0 0 0 0 0 0 0 0 0 0 0 0 0 0 0 0 0 0
48.1052398681641 39.0369892120361 39.3822391827901 31.4873283108075 42.8580542405446 47.865758339564 52.4006485939026 51.2220561504364 44.3468590577443 37.7688482403755 30.8047086000443 25.8957122762998 25.9214813510577 29.5425578951836 30.8817078669866 31.7163417736689 26.9725471735001 23.2078482707342 30.9890980521838 33.9559316635132 31.7759811878204 25.5896796782811 25.2596487601598 30.7683820525805 32.6394711931547 29.4173583388329 30.1743919650714 35.3386402130127 56.7794541517893 68.9441363016764 73.7796078125636 77.2991428772608 83.7737719217936 86.9118769963582 76.3443162043889 15.2723006904125 0 0 0 0 0 0 0 0 0 0 0 0 0 0 0 0 0
49.3559936682383 34.9293077985446 34.8153313000997 35.4514792561531 44.4138050079346 48.7906535466512 41.7063385248184 22.8437234958013 8.70912956694762 6.0035598774751 5.29093729952971 12.12477684021 23.6903131008148 29.9640273054441 30.8497473597527 34.7417593002319 31.9795360167821 21.3835214575132 22.6673434178034 25.8030593395233 24.9406546354294 25.1722286144892 25.1829773187637 30.4967338840167 35.0222314397494 32.0208271344503 34.0221375226974 35.6459667285283 50.7987141609192 71.1448440949122 82.4012855688731 85.5777164300283 86.8343810240428 89.7887448469798 94.1299498081207 76.0606775681178 10.625929882129 0 0 0 0 0 0 0 0 0 0 0 0 0 0 0 0
48.8130499919256 49.0168581406275 65.4303630193074 91.5396014849345 73.7369060516357 53.4533510605494 32.5168992082278 8.13313946127892 5.45663262406985 9.83352586627007 5.10228921969732 3.81288956850767 23.1914222240448 31.173845132192 33.8690007726351 39.1533573468526 36.1927499373754 25.1661017537117 24.460698167483 27.3297776778539 24.7366403539975 28.1964018940926 29.8485135038694 31.1868463953336 36.4475200573603 39.8717671632767 38.4659767150879 40.6087289253871 52.2397557894389 73.726957043012 88.0133807659149 90.6623005867004 87.9014531771342 94.2377050717672 104.935576518377 106.079747279485 80.82581559817 30.0878137350082 0 0 0 0 0 0 0 0 0 0 0 0 0 0 0
58.7587356567383 87.1065358320872 130.704263846079 151.333043972651 131.407767534256 87.0030522346497 47.2305516401927 25.8432428042094 21.5377956628799 24.8824482162793 18.3003445466359 15.8716961741447 23.777648806572 29.5932193597158 36.4642739295959 42.1274602413177 37.9458392659823 32.7416310707728 26.8388936916987 27.6715978980064 27.594988544782 30.5790081620216 32.6061099767685 32.7799096703529 36.7787753542264 47.1315632263819 47.2846726576487 51.6657580931981 60.6384327014287 75.7151693105698 87.7499481042226 92.7448471387227 94.2403574784597 98.8734364509583 105.03813624382 107.602576414744 100.852211316427 80.4004371166229 25.6967594226201 0 0 0 0 0 0 0 0 0 0 0 0 0 0
111.174881458282 145.232101281484 171.19046052297 172.99888531367 171.029388904572 146.823118130366 109.162559111913 77.1578947703044 60.0011795759201 50.0913659731547 44.9017783006032 35.7344895601273 27.2322172919909 27.1066377560298 36.4091247320175 41.2431831161181 36.0411951939265 36.9063417116801 27.3960729440053 25.8513515194257 29.8776850104332 31.4277211825053 31.3746829827627 31.5905883908272 35.4692687590917 46.9412356615067 52.7590016523997 59.3045155207316 67.3049688339233 74.0387141704559 84.1913421948751 92.1555956204732 94.0102140108744 89.8119906584422 90.6416972478231 85.5621099472046 89.344451824824 76.6060600678126 38.6167963345846 0.0365126058265256 0 0 0 0 0 0 0 0 0 0 0 0 0
162.790358066559 180.281281471252 186.015884081523 184.014558792114 186.972796916962 182.169953982035 163.190921147664 126.549949248632 92.4039085706075 69.7594334681829 70.2333847681681 64.0541811784108 41.6546016931534 33.4057882428169 33.8755697011948 36.7796023686727 31.4468244711558 32.6747770110766 26.4356260498365 27.1657233436902 26.7790704965591 28.1838178634644 27.4571726719538 27.5357340772947 33.3434343338013 41.6858643293381 52.0907541116079 55.5596798658371 63.6781305074692 73.7612098455429 81.9383213917414 84.8378042380015 78.185295065244 68.1368658939997 69.7089334328969 58.4911853075027 59.8393380641937 47.3067760467529 11.3750398159027 0 0.384747322338323 0 0 0 0 0 0 0 0 0 0 0 0
176.198045412699 186.222990353902 184.47204430898 187.062084674835 188.568472862244 185.996810595194 178.001046180725 149.702330430349 106.94228609403 82.0132195949554 80.8184643586477 78.6108424266179 61.4334841569265 42.1661337216695 34.4154114524523 34.553070863088 29.522642493248 26.5226438641548 26.0316158334414 28.7127743164698 25.846799214681 25.8274128039678 26.62410090367 27.3111462593079 31.1093206206958 37.1695831418037 44.7923243045807 46.1441626151403 54.1291286547979 68.8394407431285 76.0704179604848 75.0086804231008 70.1673825581868 64.2671783765157 57.9149822394053 47.9879875977834 51.5212118625641 49.1971075534821 31.9710920254389 3.63359414041042 0.757040688768029 0 0 0 0 0 0 0 0 0 0 0 0
168.828189373016 172.266523043315 169.141630331675 171.314795811971 171.697854995728 166.675885518392 161.33639216423 145.113488038381 112.942318121592 93.9421157042186 84.9249263604482 79.3343881766001 70.9491719802221 48.8937646150589 37.5742788116137 38.2130419214567 32.0548141996066 25.2059648434321 28.4034684300423 29.9648294846217 28.7016605337461 26.2947330872218 28.8646519184113 32.4005981286367 31.3156694173813 35.2151244878769 39.0647724270821 39.675032099088 46.2371210257212 61.6889049609502 69.6473270654678 68.8956330219905 71.8013296524684 72.5768307844798 58.0545117457708 53.098738193512 56.2685827414195 62.8410875797272 56.9745500882467 22.4006548523903 0 0 0 0 0 0 0 0 0 0 0 0 0
143.829852342606 146.833638350169 149.26282564799 145.604113737742 145.310878753662 144.42965388298 149.692316850026 146.828174591064 123.400052388509 101.89496477445 89.6965761979421 71.1906105279922 63.379630446434 43.656845887502 33.7069084246953 37.991094092528 39.1994987924894 29.4009794791539 31.933714946111 34.6011196573575 34.5019549131393 31.4082552989324 32.0601264635722 34.2977295319239 32.7613279223442 33.0154498418172 37.6633877555529 43.059766292572 46.5548137823741 57.886078953743 67.3979024092356 70.6141938765844 71.5717871983846 75.3436634937922 61.0376646121343 60.7117513815562 60.7207367817561 68.4506197770437 67.9224332173665 33.8010340929031 0 0 0 0 0 0 0 0 0 0 0 0 0
120.858033498128 130.382865667343 141.093909740448 137.392381827037 136.533319950104 143.115063508352 151.837637027105 156.27400080363 140.312592188517 113.40523759524 89.2360011736552 64.2355680465698 48.1371432542801 37.7258732914925 30.1321198542913 33.4213053186735 43.0276542901993 36.3431250055631 34.1376339395841 36.8983472386996 37.3687272270521 34.5812564094861 32.7789957324664 34.245823820432 35.4277888933818 34.5271502931913 37.1467024087906 44.1752473513285 47.4490076303482 52.373081445694 62.1362527211507 71.4941968520482 73.027307788531 68.54481001695 58.5327595472336 67.6955233017604 69.2613224188487 74.6364494164785 74.8325337966283 51.7310351133347 0 0 0 0 0 0 0 0 0 0 0 0 0
86.3371590773265 97.0053772131602 105.062107245127 109.741667906443 117.329041163127 132.856408754985 146.368364493052 155.300935109456 151.079575220744 123.795678218206 93.1622286637624 61.780259013176 43.7301099300385 40.439618130525 34.2645396788915 29.456893603007 38.784126440684 39.7392188509305 34.4521601994832 34.5100040237109 34.928726653258 33.0497001608213 31.0199583570162 32.1475118398666 35.2931544184685 38.6715655525525 37.7159044146538 42.300154765447 46.0851093133291 47.2992360591888 55.6758244832357 68.1389321883519 71.824128429095 60.0854009389877 61.0515127579371 74.2077579100927 77.019602060318 75.2971023321152 78.3155262470245 74.8337656259537 25.9177262584368 0 0 0 0 0 0 0 0 0 0 0 0
53.4307261308034 59.868315855662 59.4017604986827 68.9029147227605 83.9767257372538 100.514749685923 114.520907402039 127.146462599436 128.665030002594 106.303264697393 73.1708308060964 50.3233373165131 39.1713654001554 37.7012963096301 35.0460161765416 30.626450975736 35.2615565061569 35.4382991790771 30.3463290135066 30.8165202538172 33.5822651783625 36.3089889287949 36.1202508211136 32.9782118399938 32.0416788260142 34.7930043935776 39.5638073484103 41.7993714412053 45.9858775138855 45.2922284603119 47.694186369578 59.3661218881607 65.3821130593618 62.0276828606923 76.8889437119166 83.6884081363678 81.4588715632757 76.3774216175079 81.4472834269206 93.8256581624349 83.8963886102041 32.5206269820531 0 0 0 0 0 0 0 0 0 0 0
43.3511038621267 45.0022021929423 45.1698005199432 47.2315053145091 55.4498980442683 61.4129652579625 65.1300450166066 70.370356241862 70.7695881525676 57.0278366406759 42.5417820612589 38.6225581169128 37.4933282534281 35.3746886054675 34.1590046882629 34.7708538174629 34.1324284672737 33.6523205041885 30.1249250769615 30.9037044644356 34.3756998578707 39.0245641271273 40.5995895465215 37.2913603981336 34.9746669332186 33.7441017230352 41.2665481368701 43.9388106266657 46.2507903575897 46.8244552612305 46.3057259718577 52.2141953309377 59.7952455282211 67.9830461740494 83.9539567629496 82.1443299452464 75.2028475205104 66.8353339036306 69.0083106358846 85.5183998743693 94.2267974217733 83.346833785375 41.4463753501574 0.695371301844716 0 0 0 0 0 0 0 0 0
50.9499758481979 48.6841847499212 48.8877097765605 48.7846235434214 45.4743554194768 43.7651425600052 42.7279869715373 44.0491437911987 48.7681825955709 41.3783118128777 34.472035864989 35.8497848113378 39.1420597831408 39.3117914597193 38.2537171244621 36.6725573937098 32.0419569810232 38.3255754907926 40.0355607271194 36.763442059358 39.4977455337842 39.8496240377426 38.2839639981588 40.6627307335536 42.1549280484517 38.3039191365242 42.1491911013921 45.1212972402573 46.9841410716375 47.9555477698644 48.5700120528539 50.9772251049678 57.8844100236893 72.5524574518204 78.4727434317271 73.6163159211477 64.6081517140071 56.0203591982524 52.3469348748525 62.5377893447876 86.6674284140269 87.4770979086558 66.9382959604263 22.7715397874514 0 0 0 0 0 0 0 0 0
54.8576166232427 52.3467759291331 55.1161666711171 53.8564225037893 47.5259125232697 44.6239858865738 42.7283942699432 40.4541566967964 40.9765318036079 37.8488898277283 36.1553430557251 36.381204922994 39.7735113898913 42.9716954628626 42.6953434944153 39.9261564016342 37.7524172266324 42.643666267395 44.825404882431 40.4384285211563 39.0412881970406 36.2554912765821 33.7722028295199 36.1948013305664 40.7369534174601 38.3450637261073 35.2760478854179 39.4783293207486 43.7492032845815 45.8580553531647 47.0653275648753 46.9775795936584 55.3682496150335 73.1670955816905 77.6092112064362 64.4049445788066 55.7478964328766 52.6112467050552 51.2464741865794 57.3892841736476 64.1770909229914 66.7068163553874 54.9422750870387 28.8838470975558 0 0 0 0 0 0 0 0 0
40.528063972791 43.0213908354441 51.0501811901728 48.6917346715927 51.0349373022715 53.405890862147 52.793155113856 48.758253455162 39.5874778429667 38.3621056874593 41.3870687286059 38.4030664960543 39.1392956177394 42.8500374158223 43.2795931895574 40.9349674979846 41.7402982711792 44.0493325392405 44.2625135183334 40.3335839509964 36.3178104162216 34.1140230496724 32.236451903979 32.9688936471939 35.9101841847102 39.0604610244433 34.5909198125203 36.8944406509399 41.2654827038447 42.7414874235789 41.4840380350749 39.5828535159429 48.1828550497691 61.7554287115733 65.6742652257283 57.8196297089259 54.6376903851827 56.9334328174591 57.6417942841848 58.0056409041087 54.0465315183004 53.1920343637466 49.1234759489695 28.7591566642125 0.120062089990824 0 0 0 0 0 0 0 0
39.0802671511968 44.4673349459966 47.2819904486338 47.9447891314824 49.7191299994787 52.0747353633245 52.4382094542185 48.9523311456045 44.9245075384776 41.6246776779493 43.2317356268565 41.3505633672078 38.954829176267 37.6022458076477 37.0453149080276 37.3680343230565 34.9264095226924 40.5716026822726 41.8237447738647 40.7006988922755 36.5104128917058 35.1935351888339 35.310094555219 36.5376522143682 35.4691470662753 43.4707999229431 45.6078400214513 42.6340848207474 41.7407204707464 41.4764483769735 37.5937099258105 35.2386285861333 40.1380856831869 44.0356383721034 49.5494107405345 52.8179009755452 56.5041303634644 61.8127435445786 60.5867554744085 54.4151862462362 52.8624057769775 50.4101018110911 48.1625000635783 33.0657189091047 6.14643034835656 0 0 0 0 0 0 0 0
44.7963327169418 49.1498361031214 46.533539891243 49.6624708175659 48.3671724796295 48.5381384690603 50.1159032185872 48.9307940006256 50.2476394176483 46.2927321592967 45.8166946967443 45.4266170660655 41.5536488095919 37.4352658788363 36.3676870862643 40.0636990865072 35.9716489911079 39.1270195444425 41.8669879436493 40.690449376901 38.2689436276754 38.2094706098239 37.7473433812459 39.6576921145121 41.7413214842478 43.0676341056824 48.027644554774 45.5875645081202 43.268213669459 41.9279287258784 38.7310634056727 35.9062229593595 38.4638234972954 37.26976364851 38.1335218747457 41.5618022282918 46.7403928438822 54.5409222443899 54.294541478157 44.8726713657379 46.4817682902018 43.1026717027028 44.1129157940547 41.1815643310547 26.2942090630531 2.51372251659632 0 0 0 0 0 0 0
