input/barkrak2/radiation/dir35824.grid
NCOLS 85 
NROWS 70 
XLLCORNER 665100 
YLLCORNER 4664600 
CELLSIZE 20 
NODATA_value -9999 
[rows 23 to 45 of 70, columns 0 to 52 of 85]
56.9387177626292 47.1676041682561 18.7855958938599 3.43716579178969 0.0288550751671816 6.98448407153289 3.81843900928895 3.45358780274789 2.34364500890175 2.07761861383915 2.05375533550978 1.25335917497675 8.64665086070696 11.6664444406827 9.35812170306841 10.0386428336302 15.1802624265353 22.4405775467555 26.825358470281 21.1263497670492 19.7759841879209 23.0191697676977 33.152108391126 42.743926246961 48.7135996421178 48.0377972126007 41.9007192055384 36.3960911830266 15.869398911794 7.41628433267276 4.26390829185645 0.67671660023431 0 0 0 0 0 0 0 0 0 0 0 0 0 0 0 0 0 0 0 0 0
56.9029996792475 53.0835588773092 33.0122609933217 7.62903317809105 0 2.44543701410294 3.82411945611238 3.91322343299786 3.87714958439271 2.5280696960787 2.78933594624201 1.86015510310729 3.96045359472434 9.76196924845378 9.23824620743593 9.0729258954525 12.8874418636163 20.7340555886428 26.0820512970289 19.4514654576778 18.2264422376951 15.6936931113402 21.5499848127365 29.121940334638 32.8436742226283 33.5934807856878 30.5137261748314 27.532751361529 11.9396249453227 3.72815628846486 1.48208687702815 0.762298547973235 0 0 0 0 0 0 0 0 0 0 0 0 0 0 0 0 0 0 0 0 0
45.375054081281 49.1685916980108 42.327677210172 15.9657175342242 0 6.38384682436784 13.1564562519391 21.5162709355354 22.4935909112295 17.7955701947212 13.5678835213184 14.4404011468093 12.9079110920429 15.0145031511784 15.670628597339 11.0535398125648 12.3992947240671 18.9315875371297 25.350218017896 27.3200621207555 27.6822696129481 24.1843461990356 21.4746172229449 21.0349510113398 23.5186964273453 25.1023496190707 21.5613295634588 21.6943174600601 13.0808986723423 9.65840928256512 7.35835358500481 9.37834506233533 5.33269656201204 0 0 0 0 0 0 0 0 0 0 0 0 0 0 0 0 0 0 0 0
44.1250850756963 48.6053973436356 46.2554196516673 23.9550222953161 3.8578516493241 16.7419550319513 29.5147895812988 39.5888636509577 48.6951520045598 41.2118956446648 25.9529103835424 27.8754184643428 24.222140510877 25.7756610711416 25.7972081502279 16.4030144611994 14.3941168983777 20.595325777928 27.3592099547386 36.6574178139369 37.9386271039645 34.9968944986661 27.7166416247686 22.8943452239037 23.1171399354935 24.8136495550474 20.8326950669289 27.9660175244013 26.9037410616875 25.7780725757281 29.0353546539942 43.1252221266429 50.2877732117971 31.6386769215266 0 0 0 0 0 0 0 0 0 0 0 0 0 0 0 0 0 0 0
45.2510813872019 44.4589952627818 44.4296499093374 29.2204543948174 24.0574901302656 34.6055775880814 48.5772689183553 56.8816314140956 54.0335228045781 49.5487699906031 36.0062991579374 30.2534575263659 26.7764180898666 27.8919463356336 30.2885100245476 24.5863969127337 19.745862732331 24.385745326678 34.8433305819829 39.6715725461642 37.040797372659 29.5114939411481 27.8073524435361 28.16291898489 28.4302781025569 28.3857037623723 26.2288798888524 35.4231248299281 51.100899775823 55.2508185307185 57.8898936510086 63.0027155081431 73.0825414260228 77.8536150852839 37.4537309010824 0 0 0 0 0 0 0 0 0 0 0 0 0 0 0 0 0 0
48.0178495248159 38.9535948634148 39.3049369255702 31.3797617952029 42.4480785926183 48.2954482237498 53.0788401762644 51.9842207431793 45.3756352265676 37.1505071719488 30.0864403446515 26.4846955736478 25.4918908079465 29.0767997503281 30.6770329674085 31.0304015874863 26.4381691813469 23.5360835989316 30.2972346544266 33.6450611551603 31.4334034919739 25.2090046803157 24.8780623078346 30.3752372662226 32.2725921869278 29.2700106898944 29.9840768178304 35.2045223116875 56.680366396904 68.7502374251684 73.9904542764028 76.8241584300995 84.1206510861715 87.235152721405 75.8161793152491 15.0543724497159 0 0 0 0 0 0 0 0 0 0 0 0 0 0 0 0 0
49.2790788412094 34.862590332826 34.7338716189067 35.3345995148023 44.4987863302231 47.9807605346044 40.8184081315994 21.696075797081 7.60426186025143 5.99020905792713 5.28320297598839 11.9426362216473 24.1442322731018 30.34874300162 31.2904343008995 34.4916904966036 31.5050979455312 21.5476254622142 22.6186042030652 25.8053913712502 25.0237435102463 25.1675496498744 25.2506906787554 30.0973802804947 35.0064585606257 31.9499323765437 33.7661181886991 35.5840052167575 50.7175326347351 70.8891451358795 81.9326937198639 84.9321881930033 87.2827172279358 89.2365475495656 94.6385363737742 76.4527469873428 10.5187619725863 0 0 0 0 0 0 0 0 0 0 0 0 0 0 0 0
48.7345357735952 48.9301979541779 65.3190066417058 91.3067857424418 73.9830831686656 53.8895378510157 32.9511215289434 8.12899445494016 5.47622516751289 8.75288372238477 4.35624085366726 3.82708323498567 22.5238750378291 30.6297192970912 33.6400792002678 39.1681517163912 36.3463113705317 25.3405570983887 24.6567130088806 26.9528031349182 24.4425485531489 27.741273244222 29.4183368484179 31.1822046836217 36.441591878732 39.8734211921692 38.5169635216395 40.6257982055346 52.0780434211095 73.9347289005915 88.4485046068827 89.9483859539032 87.2392654418945 93.4959053993225 104.134281476339 105.19015789032 80.1238864660263 30.3487951556842 0 0 0 0 0 0 0 0 0 0 0 0 0 0 0
58.6697558561961 86.995542049408 130.66828250885 150.827904542287 130.633374055227 87.4858299891154 47.6615577936172 25.1678675413132 21.9220543901126 25.2807438373566 18.6396241188049 15.276080618302 24.2301325003306 29.936358332634 36.426509420077 41.4568508664767 37.3611375689507 32.2411606709162 26.9393722216288 27.6639188329379 27.6300286253293 30.6970750292142 32.8098138173421 32.2400058309237 36.384845773379 46.7059463262558 46.9099183877309 51.8323381741842 60.3044033050537 75.275128086408 87.1030688285828 93.348354101181 93.4261679649353 97.9665418465932 104.07559076945 106.725623210271 100.04315773646 79.5458803574244 26.0184879104296 0 0 0 0 0 0 0 0 0 0 0 0 0 0
111.049254735311 145.251562198003 170.61452070872 173.297107219696 170.274456342061 145.844240983327 109.77961619695 77.8190791606903 58.9827795823415 49.1661727428436 44.0274477005005 36.3421688477198 26.4647056659063 27.4473528067271 36.1023545265198 40.9004092216492 36.213663717111 37.0899091164271 27.4618963400523 25.9021247426669 29.4707044959068 30.9782897432645 31.4697325229645 31.6249479850133 35.5210502942403 46.4581151803335 52.3224174976349 58.8199992974599 66.8528576691945 73.5376377900441 83.537220954895 92.793603738149 93.1816697120667 90.4608269532522 91.3257797559102 86.1195226510366 88.6682371298472 75.9679774443309 38.7767478823662 0.0226998308789916 0 0 0 0 0 0 0 0 0 0 0 0 0
162.40989168485 179.639220237732 185.290316740672 184.405942757924 186.222513516744 182.788411776225 162.095169226329 125.357975562414 93.1792060534159 68.9304023981094 69.3887968858083 64.9582395950953 40.7531931996346 32.6837624112765 33.5132429997126 36.9847367207209 31.5372248490651 32.171090443929 26.0721296072006 27.1822412808736 26.8515224258105 28.3177395661672 27.57378667593 27.1717756986618 32.9568783442179 41.8099661668142 51.5755265951157 55.7877769072851 63.2276038328807 73.2189317544301 81.2246253093084 84.1011901696523 77.5995353857676 68.4571812550227 69.1610723733902 58.151642481486 59.5408827066422 47.1500506003698 11.0452249646187 0 0.178089074324816 0 0 0 0 0 0 0 0 0 0 0 0
176.528811454773 185.504615306854 184.95903412501 187.523404757182 187.814096609751 186.546444892883 177.053908507029 148.598303397497 107.659031947454 82.7123423417409 81.9692214330037 79.7934234142303 60.6000870466232 42.6646719376246 34.6763730049133 34.6513663729032 29.15375183026 26.1285826563835 25.732547044754 28.7915195027987 25.906744102637 25.4898940523465 26.2667710582415 27.3904154698054 31.226173043251 36.7453768849373 44.987678527832 46.3163206974665 54.2898426453272 69.1648175319036 76.5277793010076 74.4339525699615 70.4643577337265 63.8373841842016 57.555283109347 47.8143990039825 51.3472259044647 49.0784992774328 31.8837265173594 3.54987724373738 0.84630415464441 0 0 0 0 0 0 0 0 0 0 0 0
169.145067532857 172.688901424408 169.587433338165 170.525511105855 172.068556149801 166.988531748454 160.653491814931 145.598620176315 111.948053042094 92.8438703219096 86.154450972875 80.5259793996811 71.6592570145925 48.2116391261419 37.0866656303406 37.887637813886 31.7016293605169 24.8567461967468 28.470533589522 29.5909692843755 28.7813395261765 26.3500660657883 28.9614548285802 32.0023099581401 30.9311002492905 35.3281572461128 38.6753156781197 39.3456891179085 45.9169248739878 61.9817227125168 70.0315535068512 69.2491630713145 72.1257378657659 72.0664163430532 57.7429880698522 52.8622418642044 55.976261695226 62.5580847263336 57.10735420386 22.5156868497531 0 0 0 0 0 0 0 0 0 0 0 0 0
143.992205460866 147.064526875814 149.549941221873 145.934045314789 145.547727743785 144.617845614751 149.12623167038 147.242764631907 122.391581535339 100.735674301783 88.7202123800914 72.2192376852036 63.7089908123016 43.8457181056341 33.270999789238 37.9431893428167 39.2157087723414 29.4578994313876 31.5403391917547 34.1807156801224 34.6361075838407 31.5123945474625 31.6860352953275 34.3771055340767 32.8827127814293 32.6349884271622 37.7511928478877 42.704443136851 46.1490253607432 57.389885187149 67.7779366572698 71.0033029317856 71.955735484759 75.7497648398082 61.228225628535 60.3350003560384 60.3510191043218 68.0454721053441 68.1496461232503 33.5344796379407 0 0 0 0 0 0 0 0 0 0 0 0 0
120.930552482605 129.864672819773 141.344924767812 137.662669022878 136.729528506597 142.565200726191 152.19447016716 155.481308698654 140.973786513011 112.244784832001 88.124692440033 63.3911192417145 47.5696971019109 37.3097856839498 29.7473222017288 33.4059000015259 42.5710479418437 35.9682440757751 33.7296773989995 36.4824086427689 37.5448614358902 34.6694663167 32.3709845542908 34.297876060009 35.0693141420682 34.6213430166245 36.7899785439173 44.3677306175232 47.00634876887 51.8924842278163 62.4906122684479 71.9136695067088 73.4495222568512 68.8371409972509 58.6666117111842 67.2214925289154 68.7185674905777 74.1294622421265 75.1112302144368 51.4290432135264 0 0 0 0 0 0 0 0 0 0 0 0 0
85.9956244627635 96.5737501780192 105.144719282786 109.804381926854 117.437740166982 132.295876741409 146.724353233973 154.478073120117 151.796370744705 124.626576900482 92.1608209609985 61.093474427859 43.2721376419067 40.4981697599093 33.8655387361844 29.1136826078097 38.3483891685804 39.3818666537603 34.540389974912 34.6012910207113 35.0863536198934 33.1057260433833 31.0667107502619 32.2480152050654 35.3871658444405 38.2810483376185 37.8468111157417 41.9202993313471 46.2903132041295 46.8213707208633 55.1644166310628 68.5529708862305 72.2093433141708 60.2294305960337 61.2366894880931 74.7014433145523 76.3031244277954 74.6332406997681 77.7923117081324 74.3813415368398 25.7456327478091 0 0 0 0 0 0 0 0 0 0 0 0
53.2840291659037 59.6091548601786 59.1288755337397 68.8316176335017 83.5937062899272 100.62164068222 114.770114421844 126.405894756317 129.185060660044 106.820603211721 73.4886974096298 50.4031032323837 38.8097042838732 37.7540985743205 34.6672783295313 30.65391878287 35.3438258171082 35.4510943094889 30.37046144406 30.9084529678027 33.1532458464305 36.3820642232895 36.2146298090617 32.6054294904073 32.1451723575592 34.9290817975998 39.1899098952611 41.971410314242 45.5411026875178 45.5409288406372 47.2021599610647 58.8628749052683 65.667192141215 62.2448821862539 77.3892899354299 84.3560695648193 80.6801319122314 75.6922662258148 79.690287510554 93.0852790673574 83.1296990315119 32.0505897204081 0 0 0 0 0 0 0 0 0 0 0
43.1761791308721 44.8928475379944 44.9699660142263 47.0016499360402 55.1806340614955 61.0990424950918 64.7583057483037 70.4103807608287 70.8957115809123 56.5339277187983 42.1969046195348 38.3074755469958 37.129819393158 35.0255966186523 33.795806268851 34.3715896209081 33.7385584910711 33.3583032091459 29.7819127639135 30.5181592702866 34.4746162494024 39.1510253151258 40.7055492202441 37.3485734065374 34.590574602286 33.3817129333814 41.415348649025 43.4931218624115 46.4469691117605 46.3686833779017 45.8236436049143 51.736573378245 60.0209285815557 68.3285494645437 84.6149623394012 82.8392505645752 74.4979133208593 66.2464598814646 68.3871259291967 84.8216017087301 93.3646063009898 84.1346085071564 41.8978234132131 0.593151082284749 0 0 0 0 0 0 0 0 0
50.7205526034037 48.4796464443207 48.6694872379303 48.5388735930125 45.2197442452113 43.5319393873215 42.4733112255732 43.7408785025279 48.3927776416143 41.0675058762232 34.3849385778109 35.7830574115117 38.7798075874647 38.9637276530266 38.2973551750183 36.7469241221746 32.0612813035647 38.3999422192574 40.1304637392362 36.898414293925 39.0411168336868 39.4188240170479 38.3665437499682 40.747158229351 42.314534385999 37.8877371549606 42.3298279444377 45.2855328718821 46.5625474850337 47.463188568751 48.8841583331426 51.2886842091878 58.1199477116267 71.9305823246638 79.120010137558 74.1495539744695 64.1085008780162 55.6271473566691 51.9240548213323 61.2493455410004 85.8407517274221 88.3310437202454 67.5614674886068 22.3990927139918 0 0 0 0 0 0 0 0 0
54.6914388736089 52.1378914515177 54.8860977093379 53.6151727040609 47.3310500383377 44.42231853803 42.4900551637014 40.3426811099052 40.6879658500353 37.5685766339302 36.0766127705574 36.0536898175875 39.748286207517 42.9834872484207 42.7843729654948 39.9892255663872 37.3567193746567 42.1751787265142 44.9763337771098 39.9515827496847 38.5905355215073 36.3953659931819 33.8213915626208 36.3020027677218 40.8794681231181 37.9283477862676 34.905677040418 39.5919556419055 43.9253697792689 46.0840960343679 46.5847551822662 46.5430021286011 55.6613057851791 72.4823772907257 78.2383282979329 63.8415316740672 55.3688357273738 52.2467394669851 50.8274485667547 56.8369726339976 64.6422455708186 67.193865776062 55.3070157766342 29.0075565377871 0 0 0 0 0 0 0 0 0
40.3157273928324 42.8135246038437 50.8435914913813 48.4924068053563 50.825705130895 53.1785190105438 52.529181043307 48.6668795347214 39.4654522339503 38.2360617319743 41.3114900390307 38.3736019333204 39.1389255722364 42.4831410249074 42.8514728943507 40.5090525746346 41.8471495310465 44.2223896582921 44.4606691598892 40.4922117789586 35.8952482541402 33.7668980161349 31.8857779105504 33.0309197306633 36.0096444686254 39.1640737652779 34.6714009841283 36.5075518687566 40.8878400921822 42.3138191302617 41.6676650444667 39.7322699427605 48.4446386496226 62.1548742055893 66.1432395378749 57.4090182781219 54.2908012866974 56.4985573291779 57.1059435606003 57.4407875537872 53.5308470328649 52.7075876792272 49.3557453155518 28.7771349151929 0.110905307034651 0 0 0 0 0 0 0 0
38.8881762822469 44.2798833052317 47.0547378063202 47.7423121531804 49.5072503884633 51.8441448609034 52.289292216301 48.8074123859406 44.8019405206045 41.5156632661819 43.1617349386215 41.3082838058472 38.5859658320745 37.2581630945206 37.0221262176832 37.3765379190445 34.9810793995857 40.7616570591927 41.9918994108836 40.24704794089 36.6481021046638 34.8283996184667 35.3743235270182 36.6812869906425 35.5646163225174 43.6014086008072 45.7600702842077 42.7831957737605 41.9203639030457 41.1008919278781 37.2871235013008 35.3369439641635 40.3118381897608 43.6531802018484 49.7750292221705 52.4806429942449 56.1174253622691 61.2888634204865 61.1028621594111 54.8375397920609 53.2699127991994 49.9908725420634 48.3328352371852 33.0537557601929 5.9596411883831 0 0 0 0 0 0 0 0
44.5979138215383 48.9489187796911 46.3314354419708 49.4688699642817 48.1650531291962 48.3512381712596 49.8928427696228 48.7689226865768 50.1226435105006 46.1939871311188 45.5134560664495 45.086145401001 41.2101869781812 37.1041893959045 36.3641579945882 39.7006794810295 35.565639535586 38.7036601702372 41.9631997744242 40.8467575907707 38.4062404433886 37.79652963082 37.8716314832369 39.8316457867622 41.8952852487564 43.2296792666117 48.2107897599538 45.7102408011754 42.8890883922577 42.0487423737844 38.8012379407883 35.618598262469 38.1495803594589 36.9840264320374 38.1975571314494 41.3805122176806 46.9364722569784 54.9074659744898 54.6880563100179 45.1182822386424 46.7717051506042 43.3136522769928 43.8699821631114 41.2861555814743 26.1596118410428 2.4472875520587 0 0 0 0 0 0 0
