input/barkrak2/radiation/dir30324.grid
NCOLS 85 
NROWS 70 
XLLCORNER 665100 
YLLCORNER 4664600 
CELLSIZE 20 
NODATA_value -9999 
[rows 44 to 65 of 70, columns 0 to 48 of 85]
90.2982354164124 96.5051253636678 99.4877616564433 100.446691115697 102.081805467606 104.41055893898 104.875346024831 100.508064031601 95.7952439785004 91.0154481728872 92.4132466316223 90.2124543984731 86.5119099617004 84.5815440018972 83.7153991063436 83.5883220036824 79.8888901869456 86.256742477417 88.1580213705699 86.5594148635864 81.9375813007355 79.7556390364965 78.8655579090118 79.4385671615601 76.651006937027 83.9802324771881 88.1836513678233 85.4069590568542 85.1566096146901 83.0311477184296 80.0509552160899 76.9941906134288 84.3908886114756 88.0216360092163 94.7938164075216 97.8941321372986 103.424598773321 112.50913143158 116.724371910095 106.148739655813 105.100254217784 99.0756154060364 94.7100718816121 73.8138606150945 39.8147751887639 2.73792631924152 0 0 0
97.1491436163584 101.895113786062 98.9991923173269 102.399379014969 100.950827201207 100.781232118607 102.619459231695 100.851545731227 101.807127396266 96.5831875801086 95.8605806032817 94.7371323903402 90.3975864251455 85.2148334185282 83.9120348294576 87.5237385431926 81.5395762523015 84.4075580437978 89.1866981983185 87.3872637748718 85.2792362372081 84.4141741593679 83.326776822408 83.1799606482188 84.2341085275014 83.9362442493439 90.2070800463359 89.6862347920736 86.4952206611633 85.5148732662201 80.6276251872381 78.2185147205989 80.7467450698217 80.0146758556366 79.8349777857463 82.7392091353734 91.9495522975922 105.167925357819 105.178852876027 92.1893815199534 94.590683778127 89.5389914512634 87.7446333567301 84.5294197400411 66.4324114720027 30.3173065185547 0 0 0
96.7762569586436 98.2990463574727 101.344436407089 103.64842414856 103.153169155121 102.971315383911 104.715287685394 106.816252072652 102.828234434128 100.977430740992 99.4191964467366 98.8821784655253 94.6139295895894 90.9428795178731 91.1234120527903 94.525287548701 91.8219486872355 85.6366852919261 91.2242233753204 89.8568431536357 86.6823395093282 87.1401826540629 87.4582231044769 83.4956169128418 91.3893580436707 83.3747982978821 84.3508740266164 87.4995390574137 87.3951017856598 86.162269115448 84.9254826704661 80.8141529560089 80.3099075953166 79.9843619267146 81.9492588440577 82.728902498881 85.6098930040995 94.0905114014943 96.2053140004476 92.6591455936432 91.9149518013 85.6355627377828 90.9350911776225 98.8179047902425 88.7029767036438 56.6691060860952 14.9262609581153 0 0
90.3035998344421 92.5271014372508 98.8619426886241 100.752661625544 104.644139607747 105.993926525116 103.88590892156 103.39750846227 103.551616271337 105.837533871333 102.298120657603 98.8034605979919 96.861054499944 96.5724190076192 94.1208203633626 92.610239982605 92.4198627471924 84.2041969299316 88.484525680542 90.2818342049917 85.7090254624685 86.974044640859 90.0433361530304 82.1640094121297 85.3610237439473 84.9311252435048 79.9853305021922 83.7510625521342 86.5504542986552 86.058388153712 86.3678256670634 84.6200287342072 80.0684988498688 83.4180315335592 95.1529542605082 99.2421507835388 94.3578282992045 90.501457452774 93.0956800778707 104.806085427602 96.3372886180878 86.6543650627136 95.307578643163 102.582593758901 93.814492225647 74.8930871486664 37.6188308000565 6.08537904918194 0
82.7174335718155 85.8989556630452 91.6781922181447 95.9125955899556 102.803250153859 106.698095798492 103.111445903778 101.229349772135 105.065524578094 107.651690642039 105.249424775441 100.701570510864 99.5187064011892 100.082337856293 97.0748563607534 91.4336641629537 90.5317862828573 84.3745768070221 88.1141722202301 92.0509497324626 90.9224649270376 90.5852119127909 93.6074654261271 88.9464616775513 86.456686258316 88.0092779795329 84.1234723726908 87.5668227672577 93.4929450352987 95.7525372505188 101.864626010259 101.013441880544 91.0318791866302 93.1926568349202 101.840317249298 110.059161980947 108.391622702281 99.5814204216003 96.8270897865295 102.41570075353 94.6782231330872 85.336705048879 82.933912674586 82.8823000192642 81.7524045705795 80.4346650838852 69.1712200641632 18.6250681678454 2.43754467616479
81.8588982025782 79.2124817768733 83.4130942821503 92.2477940718333 98.6412763595581 101.89425945282 104.91410891215 107.689440250397 109.032620986303 105.144669612249 107.538024584452 107.212205727895 103.339910507202 100.2396941185 98.8647143046061 94.0517485141754 92.206875483195 89.2274181048075 92.3094848791758 97.0852474371592 97.4944631258647 97.2051819165548 95.2939093112946 96.4944958686829 91.6237632433573 93.7889317671458 93.4385756651561 95.8808362483978 103.750944137573 110.094477732976 115.178227424622 120.649745066961 109.38302675883 103.499452273051 102.400809526443 109.063307444255 115.468939145406 109.749972820282 103.164295355479 91.5648241837819 84.2328270276387 84.9650800228119 83.3319971958796 78.5896877447764 75.0594635804494 78.7198295195897 74.8305171728134 26.172548532486 3.50627644608418
82.4039379755656 85.5533083279928 89.2990330855052 96.1284041404724 96.9299674034119 97.2090164820353 105.377266804377 110.878109931946 110.372265179952 110.039263963699 110.034843285878 110.16524831454 106.028576691945 101.248919963837 101.071457068125 104.365845521291 97.1819957097371 96.5558886528015 98.0975826581319 103.308449188868 103.217015663783 100.730359554291 97.8565017382304 97.7202653884888 92.4404561519623 97.565233707428 101.805090904236 103.254348039627 108.377953370412 117.099672555923 122.752964496613 126.90461675326 121.233075857162 107.292284568151 93.0636028448741 97.5987315177917 108.005901177724 114.024142424266 103.51237654686 86.6389075915019 79.0705929199855 87.3824059963226 88.740199804306 85.1685404777527 79.6287457148234 77.2743771473567 63.5297298431396 32.0044954617818 5.18764307101568
83.1750631332397 94.2580997943878 96.884826819102 98.6153483390808 96.6688990592957 95.9474643071492 103.734115759532 109.285414218903 109.202921390533 114.01155591011 111.213107903798 110.694358746211 108.467260996501 103.954493999481 103.530873854955 110.097765922546 102.811853090922 99.6853411197662 97.3056753476461 99.7216999530792 100.029120842616 98.7371802330017 98.2173482577006 94.860057036082 92.8176244099935 94.2031343777974 97.7190931638082 99.1061329841614 101.822555065155 111.025263865789 118.179430564245 125.46314795812 119.232386350632 98.8823076089223 67.4829632043839 44.2280371983846 70.427546898524 97.330113252004 109.49515302976 112.980465094248 104.295492172241 95.6161121527354 80.4979155460993 78.4685065348943 85.8350296815236 79.5526107152303 60.462032755216 48.4131773312887 11.951440324386
87.0633125305176 84.8808487256368 83.784560362498 86.2385630607605 93.7618017196655 99.2089708646138 99.9533931414286 106.055378913879 105.963538090388 110.670417547226 110.841502745946 112.453867991765 112.416406472524 106.981625159581 104.30845618248 103.747030099233 106.316377719243 99.4896392027537 93.9968327681224 91.9964114824931 90.6157294909159 92.871348063151 95.4445401827494 88.8962546984355 91.0996397336324 88.4707570075989 90.3426706790924 90.6219879786174 89.8296634356181 93.8278635342916 98.2065697511037 108.359456062317 104.146321614583 80.4990778366725 48.9370425542196 27.7040849129359 29.0096352497737 50.6348212560018 91.0105407238007 108.11060667038 114.309002955755 97.8015065193176 76.9734779993693 72.8068351745605 80.2009403705597 72.0549573500951 47.7086702982585 64.1872435808182 45.6931342681249
90.2270476023356 79.6708116928736 76.8432468175888 82.2028865416845 94.528059164683 103.88504465421 103.105147679647 104.245960712433 106.679290533066 106.620152791341 109.397808710734 111.94059252739 113.501012325287 111.424515644709 106.090913216273 104.167719682058 106.61913951238 99.9311010042826 95.2712595462799 95.8844423294067 96.6692268848419 93.6091939608256 92.0316477616628 87.7041518688202 88.1096720695496 86.7615739504496 86.8939061959585 86.4887038866679 85.559219121933 81.9749981164932 74.8543987671534 78.8764804601669 79.8263847827911 64.5314355691274 47.3850071430206 28.9698069294294 16.6798469920953 14.2267694075902 27.1720935901006 60.9480291604996 96.9784458478292 88.0438685417175 77.4695227543513 60.4051152865092 56.4328531424204 56.2112778425217 52.6432146628698 73.4173208475113 84.6746166547139
90.3058250745137 84.6177736918132 82.1015139420827 87.1795217196147 96.8315800031026 105.428238709768 108.787447214127 104.462454716365 109.038293361664 106.969694296519 110.596805810928 112.752060095469 114.009479681651 115.342100461324 109.427432219187 108.927140633265 109.092970689138 103.028704722722 98.7965861956279 100.121031204859 101.079861323039 96.9087680180867 95.6858396530151 96.3095327218374 92.3371315002441 90.7059709231059 89.0810787677765 86.4201585451762 81.00991944472 75.2560396989187 65.8634155988693 68.2598898808161 73.2893794775009 74.3781576553981 72.6229250431061 60.5772236982981 34.758634865284 20.3205508490403 15.281784037749 23.5835512479146 44.9332843224208 63.9234681924184 44.9848771095276 36.5896870692571 36.1432234446208 43.5788929462433 58.313528696696 65.9526685873667 79.940731326739
93.9651926358541 92.5130844116211 88.2916748523712 86.6221189498901 92.5549070040385 104.62553302447 106.786221265793 104.652941226959 106.361448764801 111.418783664703 118.210981289546 118.657718102137 116.027424732844 116.299380858739 113.788545131683 113.142251968384 113.398194313049 109.218041102091 104.023734728495 100.8680164814 98.614106575648 96.5703924496969 99.4636714458466 103.299349546432 98.9976525306702 96.8673725922902 90.4061992963155 80.1885674397151 72.1427301565806 68.8106367985408 68.7478234370549 74.1148392359416 78.6350717147191 89.9832050005595 97.4631309509277 96.2918003400167 80.0886452198029 62.8446241219838 46.6351707776388 25.6717801094055 29.7975887854894 53.9047767718633 54.2516509691874 42.6683574914932 42.7589217821757 59.4967305660248 83.6428105831146 79.0484895308812 74.1151471932729
96.6604749361674 96.2319672107697 94.9884057044983 90.7663702964783 91.5211339791616 101.256430149078 104.563603798548 104.951113462448 104.457795619965 113.611171642939 121.878792842229 120.68784236908 116.135358810425 118.395874897639 119.314859310786 112.011184295019 114.191144704819 110.847940047582 106.427013874054 104.171176751455 102.058082818985 101.66984796524 100.490788618724 97.8525578975677 94.1908756891886 90.7524426778158 68.1504557530085 48.5941121975581 43.6590909957886 51.4949560165405 66.0199224948883 70.568323135376 76.7160256703695 84.2654804388682 94.2317446072896 106.429994106293 109.598875045776 90.0040666262309 90.1036361853282 57.4043790499369 35.2553327878316 55.6197464466095 71.8133350213369 72.6251502831777 72.554682691892 87.7185861269633 116.385678450267 104.483624299367 80.838218331337
95.3238606452942 93.6926503976186 97.4467893441518 98.3548164367676 95.2203373114268 97.8018244107564 104.845454295476 105.797598759333 105.55245478948 113.628288110097 121.337761481603 119.682957728704 114.513605833054 117.157816886902 120.931605497996 110.853572686513 111.734648545583 109.913239876429 106.876522302628 107.743213574092 108.934144179026 108.105212450027 102.187097072601 95.9360599517822 94.0809845924377 90.9186402956645 71.7786401510239 51.7342785994212 52.4125148852666 62.6497169335683 75.0742604335149 76.4926373958588 87.7890984217326 98.9363392194112 105.836401383082 117.028504610062 95.241904258728 50.7295876741409 51.0789602994919 60.9290103117625 63.5555336872737 78.4403383731842 83.5355718930562 67.1788702408473 41.6632294654846 64.8657927910487 93.2528177897135 87.9590710004171 73.7354060014089
83.1180264552434 91.6305383046468 95.5347418785095 98.2051392396291 98.0056524276733 94.2952334880829 104.620178540548 109.244575103124 109.473685423533 114.46953813235 117.497086524963 117.355575164159 116.205155849457 113.883366187414 115.27023712794 110.678533713023 107.027063767115 110.221336285273 111.963580052058 112.907419602076 113.595128059387 108.724147081375 107.008169094721 100.99266966184 97.8063146273295 98.0624953905741 93.5115118821462 87.3395204544067 90.557207663854 95.1883097489675 92.5248662630717 86.5589678287506 102.209538221359 111.322482426961 106.072038412094 78.6628027757009 68.6048964659373 32.2200581431389 19.8921685417493 32.4594800670942 53.9352397123973 89.0661080678304 86.7135127385457 72.294682264328 59.4602425893148 62.4350955088933 78.4950902064641 83.2091271877289 80.8556328217189
72.5296040376027 88.7102385361989 93.4135218461355 96.3306526343028 99.3104577064514 95.3275760014852 99.8843908309937 108.711888392766 119.690676530202 120.650708675385 116.478472948074 114.175866047541 116.100013256073 114.75944519043 114.598562320073 111.895859241486 107.712099949519 109.159181515376 106.906950473785 104.512989521027 106.480667988459 105.096369981766 103.543738524119 101.769030094147 101.131021976471 106.948773066203 116.264204184214 119.094123442968 104.823857545853 101.402183373769 96.6052214304606 86.7078204949697 96.6521302858988 87.361474831899 45.5107688903809 35.3680128852526 33.7226043144862 25.1275623838107 11.2468985219797 7.13002930084864 9.50596233208974 34.4667782386144 84.0696394443512 100.258181492488 115.919133027395 110.343138376872 106.064657370249 103.987058003743 102.764884630839
74.6191591024399 85.6383542219798 93.6001737912496 96.273144086202 97.9062120119731 98.3041922251384 92.3886299133301 103.062599897385 125.121752421061 124.422053496043 115.366826454798 110.960523287455 113.909075657527 117.422054211299 116.14120999972 112.533569335938 110.981404781342 108.28509926796 101.16371512413 93.2199557622274 92.9204523563385 95.2513416608175 97.1327920754751 99.2015202840169 100.255866845449 106.854051351547 122.452557086945 133.417824904124 111.505041519801 104.689141114553 87.9929264386495 76.7061958710353 76.3010332981745 71.086049079895 50.1386225223541 29.0274818738302 30.4568136731784 40.6100079417229 32.2016204396884 16.95599903663 7.08450749516487 16.6641001900037 60.9465589125951 94.3840444087982 93.5383439064026 99.4715690612793 94.3670372168223 96.695085366567 91.9795234998067
87.9347423712413 91.0106996695201 93.8007632891337 90.2472635110219 83.2194338242213 80.1999270915985 88.6575977007548 94.7782198588053 105.712076028188 101.968924204508 100.087920824687 105.817308028539 112.563133239746 114.158242940903 109.794596831004 111.648341019948 111.685891946157 105.228513479233 96.7667698860168 90.7412270704905 89.7432565689087 90.5583103497823 92.9179986317952 95.032145579656 94.3117638429006 100.271205107371 110.773930946986 123.478164275487 112.263391415278 93.9060648282369 83.4727883338928 68.6604181925456 61.3426218430201 74.7884263594945 68.9626634120941 40.9389262398084 49.3310739596685 81.0819069544474 85.1754645506541 63.2323125998179 31.6487352053324 19.76361622413 38.4711101651192 50.9336739778519 43.259729941686 52.6042928298314 66.560889283816 71.5580632289251 70.1022446155548
100.660632054011 96.7760185400645 92.7879810333252 84.9585433801015 73.4957754611969 66.5911038716634 79.1505724191666 77.6965369780858 66.348339120547 67.3722525437673 78.5189867019653 92.5469199816386 99.1979638735453 104.04501358668 107.651680707932 118.369241555532 120.971997578939 111.455788215001 101.973364750544 98.0508426825206 94.491571187973 93.6263104279836 95.3685641288757 94.1032767295837 92.7110513051351 95.9492127100627 99.1639494895935 106.527388095856 99.9232133229574 80.0560464461644 79.0954430898031 72.806308666865 67.6723569631577 84.9415957927704 89.8707012335459 76.7349551121394 67.4999554951986 68.511113524437 74.2552975813548 72.5346257289251 50.4008084535599 37.6601293683052 39.8250892758369 32.5205301245054 24.5345632235209 27.1578133106232 37.584920724233 45.8219299713771 56.6272735595703
103.780090808868 96.3655312856038 90.8781091372172 86.5165491898855 78.4795135259628 71.7377016941706 66.0845587650935 60.1384987433751 41.0203610857328 51.4704287052155 73.7568388382594 85.9860082467397 86.6463879744212 95.0857102870941 110.261499881744 127.354919910431 133.265147606532 124.954432249069 115.31404654185 110.589414834976 104.803542296092 103.112359841665 101.553291082382 96.2489644686381 95.6182579199473 93.4196412563324 91.6925072669983 89.9599293867747 90.065320332845 69.2122528950373 70.8686262369156 71.9892879327138 68.3107525110245 88.8787806034088 107.891251643499 111.256778240204 85.1384997367859 38.5106156269709 33.5559993982315 49.6824185053507 54.1734397411346 49.3110368649165 51.9895056883494 46.5764651695887 33.4862420956294 29.1109134753545 41.1494572957357 52.1443237860998 62.8992964824041
106.535861889521 100.545227527618 99.08127784729 100.353538990021 96.6723362604777 89.5770092805227 83.6962362130483 84.4243466854095 82.8934907913208 88.2629752159119 97.9545116424561 105.196565389633 105.461448431015 99.665105342865 111.002862453461 128.570328156153 139.31546608607 138.869712750117 130.738000075022 119.89489197731 112.354894479116 106.550912062327 105.111420154572 106.548577547073 99.9729732672374 88.6125167210897 83.069975177447 81.6706319650014 80.798735221227 76.5848457813263 62.6080930233002 51.9346445798874 45.6257512172063 76.2551724910736 116.781721512477 125.3495713075 91.3256307442983 54.7091712554296 25.5033671855927 25.7419496774673 30.4060826698939 37.804735203584 55.7940602302551 62.5227242708206 65.2294854323069 50.4622459411621 49.7376322746277 69.9985176324844 103.453059991201
107.430348793666 104.339132706324 104.571253061295 106.239090363185 105.595896641413 101.351181666056 100.51836570104 109.805385271708 127.879440784454 123.113532861074 113.608340422312 116.059601306915 122.099697589874 107.725898424784 109.258095423381 118.759751319885 129.010687271754 135.524302721024 135.191977024078 127.742916345596 121.388892332713 114.106247822444 108.180920283 103.798607985179 98.756730556488 84.7589870293935 74.5060990254084 71.5824365615845 72.8595753510793 64.8576617240906 34.8572681347529 31.9514920314153 25.2281054854393 41.3654496272405 115.060230096181 126.444319883982 105.781237284342 94.9732561906179 59.9968433380127 19.3000535170237 10.5545508364836 7.97678592304389 29.6357919772466 68.4502124786377 77.6688555876414 66.6136840979258 65.2646174033483 95.5147047837575 161.773502826691
