input/barkrak2/radiation/dir32324.grid
NCOLS 85 
NROWS 70 
XLLCORNER 665100 
YLLCORNER 4664600 
CELLSIZE 20 
NODATA_value -9999 
[rows 0 to 22 of 70, columns 0 to 50 of 85]
71.273873249689700 84.8229030768077 103.138546148936 127.371698617935 143.277327219645 145.854264497757 145.125468571981 142.917364835739 141.021013259888 142.804036537806 143.539905548096 139.740765094757 135.290006796519 136.008312304815 136.097172896067 122.80210852623 110.321323076884 99.3145704269409 99.0424354871114 99.1064409414927 105.892797311147 123.483151197433 144.432624181112 150.373409191767 153.708537419637 165.02453883489 163.552314043045 154.07516558965 146.477043628693 148.657848437627 144.815335671107 165.044645468394 201.169768969218 197.24444548289 193.725983301798 187.277615070343 191.409726937612 207.615315914154 206.704656283061 205.666840076447 197.062075138092 205.654402573903 210.809508959452 201.574822266897 189.107318719228 195.567409197489 202.236215273539 164.750466744105 109.438459078471 105.268875757853 127.625336249669
47.1997658411662 62.5623365243276 70.0029681126277 86.6632660230001 97.7626939614614 111.15222175916 117.813299099604 143.714765707652 148.828983306885 148.464759190877 147.433360417684 142.773846785227 137.656559546789 137.740721305211 137.814501921336 125.212331612905 115.430812040965 107.162594795227 104.518393675486 101.47480169932 114.477008581161 138.275464375814 153.125792741776 154.544939597448 162.401040395101 169.319887955983 165.530920028687 156.624416510264 150.049924850464 149.989147981008 151.097585757573 175.554235776265 199.079930782318 192.591309547424 190.231402715047 185.577611128489 194.269756476084 200.263520081838 195.595065752665 195.177316665649 195.175409317017 201.768736044566 197.07860549291 186.232467492421 180.836935838064 193.27708085378 193.02890698115 144.667208194733 116.636614004771 127.009491125743 156.022449334462
23.996390402317 31.3174426555634 37.8852014740308 45.411874850591 54.3502370516459 62.6225074132284 74.6015459299088 97.4945724010468 105.986605087916 119.937628507614 141.092300415039 144.184877475103 146.636585394541 148.234019676844 148.133705059687 148.333579301834 144.499957561493 134.122868378957 118.16997329394 112.808088461558 123.965988556544 140.627284844716 151.031355063121 153.324981530507 155.181248982747 160.288115342458 161.003957192103 155.996561050415 153.698335091273 157.31547276179 167.291104793549 187.091330687205 196.606993675232 193.876504898071 189.54986333847 188.762923081716 195.714910825094 198.107600212097 192.595859368642 188.331206639608 186.079541842143 179.867545763652 169.245819250743 164.822399616241 170.640428860982 186.832547187805 179.738561312358 138.47894469897 135.863174994787 154.939115047455 180.871725082397
13.1419822573662 12.9081942141056 16.3241997361183 19.7227373719215 22.8041758139928 26.9788826505343 34.7386648257573 47.4334011475245 63.5535369316737 82.9986880222956 98.9750921726227 122.315178314845 131.266494592031 137.547095616659 150.111883878708 159.100910027822 153.914431730906 144.543031851451 128.350595633189 121.526310841242 122.79087305069 124.354193607966 134.7343424956 143.921007712682 145.467658837636 145.296037197113 147.535065809886 154.480377833048 157.484273115794 163.049509127935 170.475125312805 187.625050544739 192.805329958598 192.648271719615 189.674079418182 189.930101235708 192.271530628204 190.416594346364 184.057692686717 174.227853616079 169.615725676219 164.076864719391 163.034280141195 174.928744633993 188.613653182983 183.294355869293 162.328958511353 141.677518685659 145.374268293381 158.304909865061 178.949733575185
20.8669404188792 14.1602829098701 9.22697658340136 4.96072663615147 4.1454890742898 12.7210132777691 23.9677727222443 33.8104814291 42.1652694543203 46.5033352375031 61.0735615094503 77.32888062795 96.4019397894541 100.885440905889 107.752859592438 108.401864767075 105.247557163239 106.523225704829 109.428018331528 108.393251895905 107.739339272181 109.503924846649 120.486279328664 128.975063562393 135.419179995855 140.576889117559 144.058893124262 146.920621395111 154.02619043986 157.646973927816 165.205319722493 185.620307922363 185.265640417735 184.922834237417 185.049732526143 185.95681587855 182.738900184631 180.037438869476 171.09074195226 162.593255440394 162.06302245458 162.521868944168 169.009228547414 181.286772092183 183.474898338318 160.084535678228 127.739588419596 126.152455806732 139.101088047028 157.160331805547 184.844295183818
43.1217898925145 29.629352192084 16.6900294522444 6.35644731422265 3.17900938292344 6.79824625452359 16.235239803791 26.4893422524134 32.3168461521467 34.4256808360418 39.0653734405835 46.0338890552521 53.2420575618744 57.1704804897308 60.6386760870616 67.7379071712494 69.5774803558985 77.9759188493093 90.3015037377675 98.0348686377207 101.463427146276 108.240743478139 111.048450072606 116.680244604747 119.820286830266 129.943609237671 136.521051327387 141.786942879359 145.455062389374 151.870866616567 172.147730986277 182.709018389384 176.967183748881 175.120492776235 176.749269167582 176.889181137085 174.015939235687 169.234871864319 161.116659641266 163.057943185171 162.471880515416 161.76242629687 164.026399453481 166.960676511129 162.404636542002 129.432320594788 107.739647229513 118.694325288137 138.266583283742 176.127552986145 199.418167273204
61.9361698627472 44.8277493317922 33.394123117129 21.941935022672 10.6123586495717 6.0898419469595 8.00337021549543 20.2989255388578 27.2391512989998 32.2778175274531 30.2590951323509 29.0963600079219 30.1813557744026 28.076392908891 30.1786363124847 40.175291399161 48.5855589310328 62.536413470904 78.7870983282725 92.8541620572408 100.599626700083 110.239257415136 108.076602220535 109.176476796468 115.565886100133 117.334624131521 124.829312165578 129.229505856832 134.855856498082 144.331008195877 156.453390916189 159.906367460887 153.833359479904 152.949204047521 159.207473198573 160.82231203715 161.548246939977 156.937936941783 152.734726667404 147.369414567947 144.26596959432 144.659340381622 151.332477728526 158.586392800013 155.913939078649 151.619613170624 160.10445356369 168.388505776723 183.980981508891 198.451638221741 203.390796979268
73.3778874079386 59.0169777472814 48.6003756523132 38.8974025845528 26.5609075625737 10.6974219282468 6.12351857125759 0.345933328693112 13.1635703146458 24.2447381218274 30.0802066922188 29.4929419954618 27.0402878522873 25.2647548913956 21.481029689312 24.8671670754751 33.0169573426247 42.6965455214183 60.3135029474894 75.8009602626165 89.8129343986511 100.483467181524 110.11016368866 106.810708840688 105.751017729441 108.185311158498 114.911486705144 117.814719676971 123.48876396815 131.292521953583 142.410020033518 141.376475493113 134.834478298823 131.28075003624 129.781067371368 136.756002902985 146.924396355947 146.367371082306 143.674820661545 129.75412607193 125.633656978607 132.720609505971 147.354712088903 159.227927525838 162.905434767405 169.808904329936 176.552255948385 181.493620077769 188.64780664444 188.3305311203 189.002255598704
70.1602150996526 60.9294176101685 48.7853238979975 43.3959563573202 34.266988436381 26.6735802094142 13.8031256695588 4.89542788515488 10.7175335288048 16.2788555026054 23.9065239826838 29.3295979499817 32.9513475298882 34.5975632468859 30.9206595023473 29.7370180487633 29.1883995135625 32.5216154257456 41.1143576105436 54.191400607427 66.5270884831746 77.6968151330948 90.6671682993571 91.7889674504598 97.0424314339956 95.8199401696523 95.9790845712026 99.960188070933 107.902864615122 117.06738670667 122.877319653829 121.473570664724 119.533439477285 117.211441198985 119.999428590139 123.053878545761 125.581562519073 137.739529212316 140.370607376099 134.839028120041 139.182676871618 148.07931582133 155.679653088252 158.778329690297 157.236397266388 158.134569724401 160.127182801565 168.681502342224 176.075994968414 175.908505916595 169.543286164602
50.5727976560593 46.7700660228729 41.2378783027331 35.4036763310432 30.7147552569707 28.6833792924881 22.7591668566068 15.2720734477043 9.9109522998333 7.52957227329413 11.3659240305424 20.2963513632615 33.741387228171 43.7322755654653 46.9182133674622 45.0310707092285 36.4705373843511 35.7634102304777 35.7547327876091 38.6578241984049 44.1137154897054 50.7255693276723 60.8776410420736 67.9891357819239 76.6216615835826 81.3275823990504 81.5263191858927 81.7904969056447 84.2264294624329 95.0532456239064 97.1282223860423 99.2438395818074 104.54594095548 106.139252583186 111.752132574717 114.102880160014 114.783823490143 119.591514269511 132.264147202174 144.969989856084 153.315802415212 157.639662424723 159.428278605143 158.672412236532 155.729711055756 157.420933246613 164.254506429036 169.684787591298 171.858032544454 170.187910397848 171.760102113088
13.8012965520223 13.346920410792 14.3413245677948 13.976144293944 9.60337743163109 7.90037028491497 13.0149188141028 16.8910001715024 14.5648096998533 10.6101954976718 8.14840570092201 10.694645345211 21.0517694552739 34.277285138766 44.9827909469604 42.7398184935252 41.1238471666972 39.4738266865412 35.2073063453039 32.9901327689489 34.5548912882805 35.2935443321864 39.3110066652298 49.0947067737579 61.2518191337585 68.6682214339574 69.623127579689 68.0723339319229 75.1572052637736 76.5955547491709 79.8347940047582 90.8437172571818 96.501499414444 99.2294947306315 99.9028881390889 101.917048295339 107.177803913752 111.396610736847 121.382375558217 138.622790575027 155.929803848267 158.718407154083 155.148953199387 153.869678576787 154.218733310699 158.175686995188 164.73051905632 165.060043334961 164.313952128092 170.610467592875 172.358194986979
0.569807598367333 0.699745491147041 0 0 0 0 1.65124175449212 9.05106651286284 17.1748076876005 17.2989529867967 12.4553317824999 8.09359550476074 10.8669772744179 19.7410608331362 34.0632473429044 38.6346504092216 43.692022562027 42.9704288641612 39.3403520186742 33.3378662665685 30.9036026398341 30.0049111247063 30.8725486199061 38.0750422676404 44.9896305799484 51.1320233345032 54.644043246905 57.2072466214498 60.8352522055308 63.7955715258916 65.0684436162313 64.9349590142568 72.0611413319906 82.4845631917318 85.421363512675 89.3740355968475 96.4177151521047 103.515436251958 110.762894153595 125.835329294205 130.743503570557 127.045114835103 134.442587693532 137.14474439621 140.862385431925 141.394803921382 145.913074413935 152.227511008581 155.682216087977 159.881701072057 162.426094214121
0 0 0 0 0 0 0 0.901815636704365 14.2683597902457 22.997868557771 21.0196822881699 16.3889875014623 8.35499664147695 8.25974531471729 18.6507664620876 33.9247435331345 42.2397206226985 47.4989265203476 45.5987552801768 41.149211426576 37.3346681396166 37.5124340256055 38.0068098505338 38.6893550554911 40.7442525029182 42.0577923456828 45.1363225777944 51.9250631332397 52.8220882018407 52.3595909277598 55.1935533682505 55.8050622542699 51.3329555590947 50.9913961092631 68.3426211277644 74.4863053162893 80.9382597605387 91.7272766431173 94.0270523230235 101.306627194087 108.033865690231 109.434068202972 109.470893939336 110.751539468765 120.775540669759 128.748536109924 128.237336874008 129.078169663747 133.630673090617 138.616740703583 142.737150192261
0 0 0 0 0 0 0 0 0.215717106281469 11.9956110914548 25.7637202739716 28.0456319451332 24.5220636328061 17.3274676005046 16.6165965298812 28.5588502883911 37.0725641647975 46.4953680833181 53.8381487131119 54.6376407146454 48.199862241745 46.5254833300908 45.2158997456233 46.5585192044576 47.6427723964055 47.7980921665827 49.7862795988719 53.8954734802246 55.9272766113281 48.9785373210907 48.6766397953033 47.9792257150014 47.7278729279836 43.7049915393194 45.4136530558268 49.7188170750936 65.9206807613373 72.8150506814321 80.3095797697703 83.1903517246246 86.763600508372 89.6505316098531 95.2182114124298 101.915021737417 102.758427460988 109.014054139455 122.020741303762 116.981039444606 115.335404872894 115.351537863413 118.816326061885
4.05577632288138 0 0 0 0 0 0 0 0 2.87584277490775 20.0702647368113 32.8136111299197 40.0103330612183 38.8364344835281 26.7152140537898 26.0427718361219 28.8037657737732 37.9021366437276 51.9958784182866 60.4609350363413 61.6170267264048 58.2340210676193 57.5723896423976 54.522047440211 54.3180803457896 54.9827913443247 56.3219487667084 56.071549654007 53.9887050787608 50.4553417364756 47.3547428846359 46.9880203406016 41.5022497375806 36.9378079970678 39.3605281909307 36.0504190127055 36.1734579006831 38.0141139030457 40.7868027687073 49.4397381941477 55.2704979976018 60.5542560418447 65.3042246898015 69.1581467787425 75.8816252152125 86.4416460196177 98.448246717453 107.753217220306 108.505149682363 103.610724210739 106.304466724396
4.45252408583959 0 0 0 0 0 0 0 0 0.386029947549105 13.7117529908816 31.7385047674179 48.04960389932 52.5305171807607 43.4456566969554 29.4449975093206 24.4138290484746 26.6667306423187 38.0271822214127 56.676909327507 67.0991092920303 65.4407540957133 67.0358886321386 64.2780562241872 60.2116286754608 63.0053083101908 63.0441208680471 60.5365733305613 57.8462978204091 53.9528379837672 51.3406842947006 47.5405901670456 40.5577967564265 34.831960995992 30.2219142516454 26.1293202638626 19.5748830835025 19.3517282605171 21.7344736059507 26.2838552395503 27.1730646491051 31.1014130711555 33.9227442940076 41.0835097233454 48.4151790539424 57.3388189077377 70.5646971861521 77.2916078567505 83.1099102894465 91.4892554283142 100.683063268661
2.90208216756582 0.0884785840753466 0 0 0 0 0 0 0.219445171145101 0.686593353748322 0.968970513592164 23.9519228537877 43.5338467359543 50.3019988536835 53.9963046709696 49.6094822883606 42.2577261924744 35.7065051794052 30.9635773301125 36.9180689255397 56.2971433003744 68.2897418737411 72.4724680185318 71.7164576053619 66.3425028324127 68.7385102113088 69.2198276519775 64.2875333627065 67.1585698922475 65.2993818124135 56.095282236735 44.5355226596197 41.4218579729398 32.6278458038966 25.9222264091174 21.1112002531687 15.9186845024427 11.4417287210623 12.2315722207228 15.9208998084068 17.0033934215705 19.878846903642 22.3010157545408 26.0660101970037 33.7215339144071 41.1226004362106 46.4471032222112 55.189460515976 60.1779917875926 67.9623931646347 74.8136838277181
1.62259566908081 0.328954270419975 0 0 0 0 0 0.366876949556172 1.25063109832505 2.20165929446618 6.88060373067856 16.2358644107978 28.3097848296165 43.8258796930313 55.3141087293625 61.4777306715647 59.7018599510193 52.3161937793096 40.5525962511698 32.4476485451063 40.6189759572347 61.1242999633153 68.7678108612696 72.7647393941879 74.440191189448 78.4251987934113 80.3221315145493 77.3241768280665 71.6771533091863 74.1502145926158 62.5660121440887 50.7108072439829 37.5463093320529 27.5234331687291 21.4765171209971 17.3717339833577 11.0313147306442 7.11303701003393 6.13025762140751 6.6855400800705 9.83047361175219 15.216442445914 15.9829556941986 19.6788546939691 26.1484235525131 34.2405512928963 39.326290289561 41.5666848421097 46.2465435266495 52.727222442627 58.6642573277156
1.82312463099758 2.12269183248281 1.54192497332891 0 0 0 0.192310855103036 1.77024584263563 2.40076829989751 11.1321844160557 17.4255693952243 19.1951257487138 24.8901645342509 34.6268018086751 45.9388941526413 57.516743739446 61.2193743387858 64.7923598686854 62.4795208374659 49.7935662666957 36.1901521682739 46.5125540892283 55.3657710552216 67.2317643960317 77.2261867920558 81.876128911972 81.7613899707794 87.0764553546906 79.4306049744288 69.1564083099365 56.7160149415334 54.5636514822642 40.8343821763992 29.0516962607702 19.9021895726522 14.9701597789923 8.9050866663456 5.01168084641298 2.47662933543324 0.629154965281487 5.28619562586149 7.75867328047752 13.8903272648652 17.2692611813545 19.1337987780571 26.0844404498736 27.9993911584218 32.63987104098 36.7996419469515 40.9858748316765 45.5372979243596
1.87927143027385 1.13847455941141 2.17817568530639 0 0 0.709324143826962 1.18999121089776 2.57773526633779 3.39211585621039 3.71320731937885 18.4220274289449 17.1235265831153 18.4773169457912 23.5574518640836 32.0110122362773 46.7776606480281 51.8511086702347 57.6137055953344 61.1168046792348 61.8710120519002 55.6500256061554 46.3561018308004 48.766165971756 56.4897358417511 69.0410286188126 76.5488843123118 82.6450735330582 81.5035502115885 72.071298956871 71.8899071216583 59.7587327162425 46.672061085701 39.0507777531942 24.6107404430707 19.4142299393813 11.1233095328013 4.27952346702417 0.784820411354303 0 0 1.11948326230049 2.22237811734279 9.89331615467866 13.7824788689613 14.6134818593661 19.6792582670848 22.7496797839801 22.0144415895144 27.0006855328878 30.5697048703829 34.6334452430407
4.08706193168958 0.818158344676097 0 0.0465473955652366 0 1.14251572328309 0.859131493295232 2.40634971608718 3.21709302564462 3.24877568831046 13.0319905777772 13.4547005097071 12.337372948726 14.6830901503563 20.4374218980471 28.8042426109314 38.8832092285156 45.6603169441223 54.9229482809703 65.7016436258952 69.438432653745 62.1332029501597 62.1158480644226 64.3753707408905 66.9152985016505 68.0302480856578 74.2285400629044 73.8324423631032 68.6969508727392 57.7414731184641 55.5818974971771 39.423572520415 24.9812131126722 14.923382550478 6.36043772101402 0.581894069910049 0 0 0 0 0 0 7.95239210128784 7.29838013648987 11.8286473055681 16.5873741110166 18.591046333313 19.7258827586969 23.4348426262538 24.5290150245031 24.1715610027313
15.0718366106351 8.0392025411129 0.759916224827369 1.6986676491797 2.25854882349571 0.663445486376683 2.25646343703071 3.69639446338018 4.95893011490504 4.40815525750319 8.1510916352272 11.1690846582254 10.4275519649188 8.75459797680378 13.1025202572346 21.8874042232831 31.5224553147952 39.7078519066175 47.9559898376465 58.8580965995789 67.4041658639908 76.8668552239736 81.3718537489573 81.9214830795924 74.9585082133611 67.948579788208 62.7552916606267 63.5787943998973 65.4169370730718 51.5807121992111 33.6855699618657 22.057647506396 14.4243699808915 2.96305865049362 0 0 0 0 0 0 0 0 0 2.58225544045369 5.88722030321757 8.32202347616355 10.2875046432018 12.1918097138405 15.0400723020236 15.4990268250306 14.6503262221813
44.4028228521347 38.1577660640081 17.7787765860558 11.1607437332471 8.22919048368931 2.92431687315305 6.20924370984236 5.78006729483604 4.86577240129312 3.99812466154496 11.7208361625671 12.0795244971911 13.7358916302522 13.345376898845 13.9728896319866 19.2134020229181 27.9115786155065 37.7013807495435 41.7959193388621 43.9636756976446 47.5785881280899 61.9754195213318 71.4101394017537 77.3379405339559 77.0131995280584 71.5870310862859 63.8834536075592 54.0189246336619 58.0383141835531 38.6835585037867 20.2973112463951 8.20212438702583 0 0 0 0 0 0 0 0 0 0 0 0 1.38889982675513 2.30766413733363 6.30684321125348 8.86554146806399 9.06015125413736 10.3974950810273 12.7378764251868
