input/barkrak2/radiation/dir36324.grid
NCOLS 85 
NROWS 70 
XLLCORNER 665100 
YLLCORNER 4664600 
CELLSIZE 20 
NODATA_value -9999 
[rows 0 to 22 of 70, columns 0 to 51 of 85]
41.394079724947602 53.4755090872447 64.3159250418345 77.1064658959707 83.9291016260783 83.9884380499522 91.6400154431661 92.7019715309143 97.2458720207214 107.760111490885 119.195361932119 115.446776151657 111.172099908193 111.845155556997 111.890494823456 99.5099743207296 86.5384836991628 77.9887735843658 76.4241913954417 77.0938793818156 85.0703120231628 101.581424474716 115.577518939972 119.324862957001 122.385640939077 130.288312832514 127.242396275202 121.45870923996 119.434267282486 123.163769642512 119.904567797979 141.170630852381 169.723272323608 164.825836817423 161.591897408168 156.52197599411 161.834557851156 166.884541511536 161.468714475632 163.360625505447 160.70834795634 168.582499027252 174.446682135264 166.635562976201 157.433013121287 166.655302047729 175.962090492249 132.753759622574 90.0024473667145 86.3331059614817 106.646021207174 145.818044741948
26.8635476628939 37.7728094657262 44.7706878185272 52.0528306563695 64.5135343074799 70.3708330790202 74.8847424983978 81.3860893249512 90.9768442312876 93.4117138385773 95.5412487188975 100.012590487798 111.838161945343 111.855208873749 111.939877271652 101.71577334404 92.7133758862813 85.1231416066488 81.3489109277725 80.0158480803172 92.510720094045 113.690386215846 126.79468592008 126.267959674199 130.591183900833 132.886151472727 130.305747191111 124.27631020546 120.754937330882 122.464656829834 127.67372528712 149.003535509109 169.086913267771 164.902190367381 160.131772359212 158.651163180669 163.953681786855 167.83618927002 160.33790508906 160.729229450226 159.843474626541 163.247108459473 159.429500500361 149.212151765823 145.727157592773 159.14648771286 161.16072734197 124.739001194636 97.2899893919627 106.614341338476 133.430192867915 164.641986290614
9.25306106607119 12.4370977282524 18.2652336855729 23.4729871153831 29.2145907878876 33.230481048425 42.8100774685542 54.9187411864599 68.4727976719538 72.876438498497 80.4752260446548 81.4405928055445 91.5216505527496 93.7291781107585 95.8234369754791 104.959746201833 103.480527798335 93.9334233601888 78.859676917394 75.2995560566584 89.1091724236806 105.773230393728 116.774419943492 122.568041086197 125.625769297282 127.119719982147 127.730329831441 123.265415430069 121.998131275177 125.951647758484 136.238127946854 158.62907965978 169.009884198507 163.536469141642 159.487595160802 159.357845783234 166.114886601766 167.997161547343 162.220497926076 158.126334349314 154.854079087575 148.738890886307 138.980994621913 131.574213504791 133.143623669942 148.168424765269 144.369016091029 118.571579456329 111.969321966171 133.203407128652 156.245917081833 175.074617067973
3.47930875917276 3.76954798897107 5.24452266593774 6.45295654733976 4.31784739096959 11.2991866966089 16.0750423868497 25.0829284389814 37.3660773038864 47.8845685720444 57.638277610143 68.2946840922038 78.5871247450511 80.9074540932973 82.6050986846288 88.5321100552877 89.6779398123423 86.4859521389008 73.7408647934596 74.3930836518606 77.2617956002553 79.8732936382294 92.0022527376811 101.180483897527 108.108162879944 109.439373016357 117.279479900996 116.581092278163 123.432606458664 129.911363124847 135.544717311859 146.38606707255 147.796918948491 148.550113042196 157.335092624029 159.784773985545 161.972731351852 162.591516971588 153.627574443817 144.612689812978 140.920956929525 135.924865802129 134.714235862096 143.277754386266 147.891819477081 140.325387318929 130.378792683283 116.057554880778 121.018459399541 135.073641935984 154.983997344971 171.430865923564
10.2269761264324 4.0796756123503 1.06830499134958 0 0 2.26537184789777 8.68101604282856 15.8433665831884 19.7211839258671 23.0964745084445 31.8611959616343 46.7423349618912 55.227796236674 60.6592148542404 64.6774172782898 71.0251331329346 71.5877513090769 74.5436499516169 70.1675415039062 71.7091957728068 72.2464174032211 75.3012398878733 83.85369181633 90.6038781007131 97.7048476537069 103.811542193095 107.29702313741 112.32132713 119.181613127391 123.797863721848 127.714137236277 142.061849435171 136.531780163447 139.522900183996 141.337772210439 140.221863985062 136.972635984421 145.031958818436 139.707833528519 134.063055117925 132.02644387881 134.69918568929 140.900234381358 150.751094023387 150.612006584803 129.451264937719 107.869734366735 106.288452943166 115.342785914739 131.577988465627 158.038089672724 173.416654268901
32.2815676530202 16.9802581270536 5.92764529089133 0.138221046654508 0 0.776654419799646 3.48514411598444 10.3774902721246 14.453445871671 14.8521549999714 19.138541072607 22.6399923364321 27.9279847939809 33.6983452240626 41.4659058054288 51.1628687381744 53.4462630748749 61.2617631753286 67.9594824711482 71.3064422210058 77.7277946472168 82.533190647761 83.3188941081365 85.1815541585286 93.2010610898336 97.3066588242849 102.168927590052 109.337945779165 113.707413276037 119.297395149867 130.835066239039 139.32744661967 129.743784666061 132.199714581172 132.050077120463 130.512297153473 128.253191709518 124.77175394694 119.507730007172 134.274482727051 133.795976638794 133.47781697909 135.637780030568 138.238410154978 134.757220745087 109.504292408625 86.437314748764 94.7661201159159 111.257970333099 141.377607981364 162.797451019287 169.544915358225
48.8158166408539 30.7712182402611 18.3752352992694 8.3522858719031 1.90103442097704 0.781475178276499 0.668880374481281 6.43279651800791 9.69536229968071 15.6108935674032 15.8886301020781 15.4409930109978 15.3047367930412 15.6632885336876 17.9217817882697 26.3388430078824 32.7160706122716 46.1472819248835 60.1943582296371 70.3479548295339 79.5620679855347 84.5297773679097 83.7351679801941 85.1255456606547 89.3463889757792 92.3758546511332 97.564309835434 103.601475556691 107.073863347371 115.801999966304 127.752880255381 128.26281785965 117.290139198303 117.936392625173 117.686788241069 120.33682068189 120.689392089844 115.352700153987 112.057417631149 107.607543468475 106.442838907242 116.080353657405 123.72217575709 130.366543928782 129.004528125127 126.508831977844 131.262809038162 135.81528266271 143.736153841019 152.922550837199 157.103776931763 155.185957749685
58.9293589194616 46.2425301472346 32.1713611483574 20.2936033407847 10.2738408992688 2.88437027484179 0.496226013638079 0 5.44540584087372 14.3089977403482 18.4158446888129 18.5001716017723 16.8833856781324 15.125572681427 11.8800612787406 14.2932136853536 20.7052032152812 30.5830414096514 44.8443790276845 57.2434812784195 66.1791662375132 75.6084024906158 84.0871135393779 82.8256060679754 85.5366190274556 85.8794649442037 88.6625150839488 92.8746660550435 94.33447321256 106.980135043462 115.497211615245 115.56214094162 109.26017165184 105.896850426992 101.616581281026 105.558852354685 109.007944663366 109.192361434301 107.924600442251 95.6212083498637 89.8355841636658 94.4058100382487 119.080930948257 129.939258098602 134.178717931112 139.64785138766 147.649735212326 148.516635100047 154.682825009028 153.340756893158 147.136658430099 147.115439176559
55.8514495690664 46.0211982329687 35.6868853171666 25.4723702867826 18.2587566475074 10.6571478148301 2.39276792854071 0.207549659535289 3.62725835293531 8.03979610403379 12.2485135992368 17.1872017284234 21.1519300937653 23.0904420216878 20.032507677873 18.3074201146762 17.7116220196088 20.7320985694726 27.9023299614588 37.1705641349157 47.6044813791911 58.8673750559489 68.6136732498805 70.1387971639633 72.9735593001048 73.2308725516001 77.9614597558975 78.3861329158147 82.5818876425425 86.5446825822194 89.0742540359497 92.1423037846883 93.484103679657 93.1744476159414 95.7017838954926 98.4043677647908 98.5742211341858 102.062126000722 104.535063107808 99.7186700503031 100.846787293752 106.269131104151 111.306915680567 111.422747373581 125.883400440216 128.298133611679 129.877348740896 139.356503883998 146.107931931814 141.717930634816 134.053071339925 135.824094216029
36.8396590153376 30.7893926898638 26.0870183507601 21.3574121395747 16.3235577444235 8.52977422376474 6.15066351989905 6.72328782578309 3.82389283428589 1.25388071561853 3.41994253297647 11.1012595395247 20.6286050379276 29.4069970647494 32.7352906266848 29.1945164402326 24.0230932831764 22.6987799008687 22.4746515353521 24.2900053660075 29.526449739933 35.462682445844 42.2560572624207 50.5731602509817 58.1078181664149 62.0659391085307 63.3111496766408 66.1739408969879 66.8702373902003 68.6734120051066 70.1935191949209 68.3169762293498 71.8634525934855 75.3945757945379 86.2503846486409 90.2277727921804 88.8419648011525 97.5989401340485 102.57296760877 108.834584554036 110.325892766317 112.032999595006 110.349903504054 110.671689112981 108.144929011663 114.21212553978 134.961843490601 139.381676912308 139.283041159312 140.629470348358 141.807814439138 136.963446935018
5.2352553854386 1.69267567495505 0 0 0 0 1.08852586708963 7.65322459240754 7.53156964977582 4.04474791139364 1.78317228953044 0 11.8701880176862 23.889405031999 32.5838774442673 29.777633647124 28.1823550661405 25.0696043173472 22.672193745772 20.1648212969303 20.8423882722855 22.1760869026184 25.6771047910055 35.0048740704854 44.5789794127146 50.0221500794093 51.6515920559565 53.3913473288218 58.6728801329931 60.0766142209371 58.4779977798462 60.891514023145 60.3768974542618 58.5903624693553 60.8711938063304 71.4738766352336 85.6494903564453 87.9702568054199 96.9790021578471 110.389918088913 111.029247442881 109.975516796112 106.201946735382 103.283017873764 105.108221371969 108.694314956665 112.828036149343 115.100711584091 131.066103776296 137.926439444224 139.606575171153 135.177751382192
0 0 0 0 0 0 0 0.403006561100483 9.66197562714418 9.13149987657865 4.99825738370419 1.5604654327035 2.62110866606236 10.6798981626829 21.8123346567154 25.5778506398201 30.4601689179738 30.6880697607994 25.7454067468643 21.1145306626956 18.3481449882189 17.9564592738946 18.8636022309462 23.915263513724 30.3284525871277 35.6702928741773 38.811095058918 42.2967672348022 44.774129986763 48.4184374411901 48.452615737915 48.2951949040095 46.0634678602219 48.5613743464152 45.9895928700765 45.2723403771718 49.7621943553289 71.9459156195323 89.032252629598 100.344320138295 102.222104867299 100.963274637858 95.7290430863698 91.8956398963928 94.1523710886637 94.9558615684509 94.9726303418477 98.7663467725118 100.828429063161 104.312598705292 126.359850168228 130.916227897008
0 0 0 0 0 0 0 0 2.54081220676502 11.9046308100224 12.2182207802931 7.9880195359389 1.23376795090735 0 8.33703267077605 20.6035301089287 28.7046581506729 32.4404140313466 31.2045564254125 27.7212311824163 23.157333334287 24.0022093057632 24.3330548206965 24.8736863334974 27.2728477915128 28.0447329084078 30.8729459842046 37.3509203394254 38.2857571045558 37.8880376617114 41.3145174582799 40.8094848195712 36.9239002466202 34.2282652854919 32.9878528912862 35.4899764060974 33.9090550939242 33.3096534013748 37.2636839747429 51.0513484477997 65.3602530558904 78.3565441767375 82.7609399954478 86.0695838928223 85.5660438537598 87.3583356539408 83.1771393616994 81.8041960398356 85.0513676802317 86.4593386650085 90.443879365921 93.2730635007222
0 0 0 0 0 0 0 0 0 4.44733258336782 14.4709634284178 17.7206434309483 14.8190756638845 8.08743635813395 6.64537772536278 17.0540573696295 25.5315427978834 34.6466178695361 39.1122500101725 38.8314848144849 32.2672749559085 32.295693953832 31.2096526225408 31.4673433701197 33.1615482767423 32.7681402365367 34.6697643399239 39.872869849205 40.2650833129883 34.742534160614 34.5599701007207 37.3360713322957 34.0692922472954 30.4232587416967 28.2658686240514 26.5787641207377 22.6039042075475 20.4953153928121 19.8055567840735 16.3173526525497 25.7642492651939 34.5848600069682 36.6061131159464 48.4417279561361 55.5815200010935 66.8552865584691 69.2644665638606 67.2889053821564 64.7538403669993 64.8484180370967 69.9888467788696 73.9316691954931
0.308364008863767 0 0 0 0 0 0 0 0 0 10.3792436420918 26.1372278134028 32.3441450794538 26.9022931655248 16.9660324851672 16.0099491477013 18.7979737917582 27.3679792881012 37.7221778035164 46.1377203464508 44.8315342267354 42.8612132867177 41.9994642337163 39.1177609562874 39.0372201800346 38.928913573424 39.5090828339259 40.0336732467016 41.635200381279 35.2218275268873 32.3606779177984 32.0151497920354 27.4270847439766 27.0411521196365 25.5019317070643 21.612490216891 17.4030562241872 14.2504560450713 13.1934906045596 10.4144078989824 6.92492971817652 5.53529647489389 17.0817077159882 25.5322431524595 33.2832559943199 39.2054071029027 48.9626526832581 56.5059383710225 56.914617617925 53.1450460354487 55.8383365472158 61.026265223821
0.912690768018365 0 0 0 0 0 0 0 0 0 2.89034222563108 21.1648841698964 33.0983325839043 39.2172212402026 32.9115639130274 18.9871328572432 14.3487143019835 16.0993300378323 25.5304425954819 41.2722180287043 49.5725224415461 49.0383009115855 50.4481891791026 46.836589773496 44.1421419382095 45.6649015347163 46.0931360721588 43.8463588555654 40.8203055461248 42.0413017272949 35.5935444434484 31.2441786130269 26.8524885177612 21.041231850783 17.2940256694953 14.1717369357745 11.2129549185435 7.3363333940506 6.2870526065429 4.64717236657937 2.8793557236592 1.32284530748924 1.7199395224452 5.0241444259882 15.6604275107384 29.136394460996 35.7748940587044 43.4479961792628 47.4319159984589 46.7144499222438 48.3467578887939 53.8664211829503
0.473410356789827 0 0 0 0 0 0 0 0 0 0.219842166795085 13.615636775891 29.5231218139331 41.1297157406807 41.4521023631096 34.9846358100573 30.3299278020859 23.604524632295 19.2829246322314 25.1213336984317 41.0952965418498 52.7627567450205 56.4192831516266 54.4763406117757 49.6212393045425 49.6688236792882 52.6498903830846 51.4506002267202 49.2958078781764 46.4061548312505 43.4516469637553 33.0957323312759 25.9536281228065 19.1856287419796 14.1129990418752 10.5758296946685 7.76126173635324 4.85746748745441 3.20387445390224 1.86316079149644 0.48692780546844 0.0161409625434317 0 0 3.9325263351202 12.4483356873194 22.8046228488286 24.6316691239675 28.1820967793465 39.0458703041077 44.2501604557037 49.9450167020162
0.117724363614495 0 0 0 0 0 0 0 0.210603776698311 0.286103594892969 0.293161758842568 8.56065253416697 16.7802510162195 29.6650230884552 44.3040430545807 48.0915407339732 48.3217487732569 39.735938111941 28.6378810803096 20.8428949117661 27.5642822186152 44.0808037916819 50.8549362421036 55.3947190443675 56.7622631788254 59.806282321612 61.2240533034007 61.1379394928614 58.8932285706202 52.4050643046697 43.631836771965 33.6536640922228 26.4492481946945 19.2526479562124 12.5043715039889 10.2883744984865 5.79370620350043 2.47672821084658 0.615197777127226 0.100451269342254 0.00160900466047072 0 0 0 0 0 8.01929707328478 11.3907779256503 16.8200234572093 23.4898974498113 29.6393682559331 37.2854347030322
0.135336663030709 0.187128685259571 0 0 0 0 0 0.471276774381598 1.02362611020605 4.69051549832026 9.78057396908601 11.568666746219 14.0954293310642 22.1813470125198 32.1415315071742 42.8353150685628 46.1842368046443 48.2593129078547 47.3701308170954 35.0995411475499 24.1317003965378 32.773199180762 40.6586652000745 49.4055350621541 58.0350458621979 64.0811721483866 65.3212368488312 64.7889773050944 57.8996489445368 56.5400421619415 45.6673751274745 34.7982719540596 23.8137692213058 17.225510130326 9.6621997654438 5.04767491171757 2.36067998533448 0.556101828503112 0.0254095114845162 0 0 0 0 0 0 0 0 1.34967189903061 5.64539370437463 9.37230760852496 10.419350117445 17.2433517873287
0.0961740540030102 0 0 0 0 0 0.00635115005328165 0.980892218649387 1.68907145659129 1.94125544900695 2.16847735767563 5.14441293974717 9.03496518731117 12.6993060112 21.1627557873726 33.2586814959844 41.6355480750402 44.139434893926 48.6012349526087 47.9759673277537 41.0204529762268 32.5621515512466 35.2809230486552 42.2517905632655 50.6957074006399 57.9042633374532 63.7961576382319 66.5626625219981 58.2391719023387 49.9462385972341 45.1586345831553 35.4876195391019 23.3955110112826 15.8627952138583 8.13513187070688 3.15443364282449 0.560075471488138 0 0 0 0 0 0 0 0 0 0 0 0 1.4429222792387 1.50204605112473 3.11884811768929
0.79085227722923 0 0 0 0 0 0 0.882897758856416 1.59483170136809 1.6395781810085 1.20474087695281 1.06053426861763 2.53025442361832 3.94650331387917 9.58432257175446 18.8936454554399 27.1425147851308 33.0997755130132 40.513110657533 51.2731422980626 55.9457292159398 47.6394345362981 45.647735397021 48.6224989096324 50.3106613953908 51.9260664780935 54.9175540606181 60.2314968903859 55.0360381603241 44.4762061039607 34.2156688372294 25.3450820843379 16.1899713178476 8.48836389680704 1.85027749588092 0 0 0 0 0 0 0 0 0 0 0 0 0 0 0 0 0
7.51098059117794 2.60242695609728 0 0 0 0 0.307860279766222 1.90072910239299 2.87427132328351 1.81658193469048 1.67979843293627 0.937208378066619 0.30048288560162 0.0743140020252516 3.30210166672866 12.0162715514501 21.1182410518328 27.6580229401588 34.8741412162781 45.847828189532 51.6118158896764 61.367005109787 65.3937757015228 64.7388299306234 59.0212146441142 51.7173707485199 47.3754207293193 42.5567825635274 51.5554497639338 39.8426055908203 23.4804674983025 13.8452326258024 6.04387062291304 0.460643864547213 0 0 0 0 0 0 0 0 0 0 0 0 0 0 0 0 0 0
30.3436368703842 24.5861435929934 6.70494635899862 0.844311822826664 0 0.0355199566304994 2.93831496189038 3.4596798941493 2.82186456024647 2.17293404663602 1.72477184484402 3.15470124284426 6.08336552977562 4.71747821817795 5.37208591898282 9.34131567676862 17.6835457483927 25.3841678301493 29.2900453011195 31.8017552296321 35.107580324014 47.7430423100789 57.2952081759771 61.2852474053701 60.054471095403 54.4494887193044 47.9047298431396 41.8822864691416 35.4769875605901 28.5897850990295 12.6175892849763 3.08520781497161 0 0 0 0 0 0 0 0 0 0 0 0 0 0 0 0 0 0 0 0
