input/barkrak2/radiation/dir30724.grid
NCOLS 85 
NROWS 70 
XLLCORNER 665100 
YLLCORNER 4664600 
CELLSIZE 20 
NODATA_value -9999 
[rows 0 to 21 of 70, columns 0 to 49 of 85]
110.170225302378000 125.137716531754 141.853282848994 162.693023681641 171.661098798116 174.287776152293 173.272569974264 170.662760734558 168.92409324646 172.32475678126 175.522645314535 174.612879753113 170.531511306763 171.330571174622 172.021190325419 158.667594194412 145.38253347079 134.408235549927 131.891866525014 128.611226876577 127.858797709147 150.93739827474 174.075921376546 178.992470105489 183.225711186727 194.141666094462 193.727533022563 182.771364847819 172.497789065043 172.870318094889 168.264269828796 191.303312778473 235.150218009949 233.689645926158 230.867107709249 218.05465221405 222.555379072825 234.748641649882 231.228113174438 231.5554022789 222.290734450022 230.420351028442 237.728397051493 230.085015296936 218.138098716736 225.024422009786 226.932326952616 193.224628766378 131.47509098053 126.968493064245
89.1760389010112 104.530582825343 120.273510615031 137.032796939214 152.87979443868 161.643048127492 167.061984539032 172.880431016286 178.58741680781 178.319156169891 176.820536454519 172.262609004974 170.329868793488 172.003865242004 173.301815986633 160.308500130971 152.263800303141 141.641080379486 137.997070948283 133.031725883484 144.314765930176 169.929345448812 188.949664433797 189.79275226593 193.090597788493 198.834995428721 194.624046484629 185.294608275096 176.743666330973 174.911538759867 175.700068473816 205.295046170553 237.837036450704 234.272102514903 229.458391666412 220.308780670166 226.515611012777 236.39973004659 230.624258518219 229.644477367401 225.0115275383 226.674755414327 222.39077091217 213.569601376851 209.270358085632 221.861143906911 219.550887743632 179.636100927989 138.305475314458 150.239229202271
56.2331030766169 65.9442792336146 76.0278403759003 86.4774485429128 101.242810487747 114.182651042938 127.805610497793 147.538373867671 161.747316519419 164.980540672938 168.658594290415 171.911994616191 174.876968065898 180.22632598877 183.255076408386 185.873866081238 183.049817879995 171.676357587179 155.033886432648 147.152215242386 158.770064512889 176.669855912526 188.112874825796 190.886557102203 193.805237611135 193.2759086291 191.054821014404 184.742291768392 179.999589920044 183.680633703868 194.089293479919 217.60501464208 239.230851332347 235.476692517598 228.825489679972 226.810336112976 233.538846174876 238.860050837199 234.642624855042 228.221197923025 221.644600232442 211.640079816182 197.733600934347 191.332161426544 198.119640350342 215.116957823435 207.363665103912 171.413938204447 159.585932890574 178.717255592346
41.8514311313629 41.9993499914805 48.2692619164785 52.7087301015854 57.7062567075094 65.1528338591258 76.2237807114919 93.5047566890717 113.337993621826 131.703009208043 149.297694365184 165.867219368617 175.886591275533 179.388642311096 183.368066946665 189.781149228414 188.959300518036 181.797385215759 163.563311100006 157.086422046026 156.869411468506 158.003906408946 169.920086860657 179.750243822734 182.483792304993 182.791113853455 184.43508942922 183.967510859172 185.068746407827 191.149830818176 198.004821936289 221.258362134298 226.492385069529 226.118187109629 222.638070583344 224.689364433289 233.012616634369 234.024564425151 227.005958557129 214.27595615387 206.784844398499 195.018331209819 191.711564858754 203.757564226786 215.558886528015 210.585057735443 191.416621208191 167.990247408549 169.613738854726 182.880461215973
52.1553655465444 40.8635412653287 30.8298046390216 24.1797094543775 25.7056827346484 38.219893972079 57.7378074328105 72.8241056203842 84.6355656782786 92.5197005271912 115.584244330724 138.430466254552 152.874996264776 160.452465216319 167.54416624705 172.404328982035 170.390864213308 165.117373069127 159.402867158254 157.732089360555 153.198689222336 151.061852773031 160.936971505483 170.413951079051 174.825231234233 180.91344833374 182.720164457957 183.674116929372 186.036785443624 186.403334140778 193.110426266988 217.321276664734 214.715460936228 219.330906867981 218.538820743561 219.146490097046 216.612021128337 214.029510815938 204.270899295807 199.214518070221 198.80751768748 197.567900021871 204.363266626994 215.701858202616 217.599074045817 192.982494831085 162.960926691691 155.87971607844 163.599590460459 182.205438613892
78.9612382650375 63.4348690509796 40.7247071464856 24.0543832381566 18.2856917381287 25.3512238462766 41.8925583362579 58.5370014111201 68.3548301458359 67.6205058892568 75.8119175831477 87.4683856964111 96.6263214747111 102.982978026072 114.608923594157 127.304216225942 135.367343823115 144.009272257487 153.709252675374 156.957467397054 161.856045325597 163.615942001343 162.617494662603 163.960635662079 170.093953609467 175.99097887675 179.810841878255 184.964120388031 187.351107597351 189.665834108988 203.13553015391 215.110659599304 207.083880901337 208.209673563639 209.137817223867 208.563446998596 207.993189493815 204.838037490845 195.343097050985 195.618351300557 196.338454882304 198.548277219137 200.898329416911 204.643249511719 196.362058321635 158.267796039581 134.407043457031 143.883943557739 163.834830125173 202.39911476771
93.9094722270966 79.1350205739339 62.1443639198939 49.0312725305557 31.3087453444799 22.5436339775721 26.934377849102 43.5233215490977 57.9082667827606 65.9113427003225 64.3466015656789 62.322864929835 59.8013699054718 56.9979349772135 56.0104598601659 67.9161945978801 80.6962649027507 100.980520248413 119.83663837115 140.981545050939 150.25453766187 159.138709306717 163.031578063965 161.22113664945 165.43976465861 167.717635631561 172.674357891083 179.316937923431 183.367927869161 190.328399340312 203.761696815491 208.518505096436 197.452127933502 193.263471126556 193.678597609202 194.030106067657 194.02668873469 189.179599285126 185.494144757589 181.293209393819 176.003555456797 176.851014296214 185.496767361959 196.388800938924 189.534425735474 179.878135522207 190.138538678487 198.939045270284 211.377501487732 225.974082946777
91.8805499871572 94.1875576972961 84.3176444371541 71.8568166097005 52.5103906790415 32.7094048261642 19.1621941824754 16.8563524881999 32.640332976977 54.8856556415558 63.9937122662862 61.6038342316945 56.5201540788015 49.7699379920959 40.6857182582219 41.4466808239619 51.4183342456818 65.5605991681417 86.3969524701436 104.806105295817 118.332137664159 134.53600804011 142.220149437586 142.549117406209 148.030440012614 151.353418827057 155.742386976878 158.900340398153 165.837158759435 177.940408388774 189.061303933462 191.966275374095 183.379054069519 177.907605965932 174.346407254537 174.718181292216 180.559893449148 178.78911892573 174.652576446533 158.829271793365 156.004319588343 165.251682202021 182.015558083852 194.828927516937 198.862771193186 206.672608852386 215.363800525665 217.536866664886 225.003977616628 226.764261722565
88.5907312234243 80.5608580509822 78.1220694382985 77.3832549651464 72.5809186697006 54.0231466293335 30.8692504962285 15.8208732803663 23.1952617565791 32.8435947497686 42.417456706365 50.7809122403463 54.4560601313909 54.8011114199956 49.7600932916005 46.1093187332153 45.3927218914032 50.543079773585 60.632715622584 75.7750372091929 89.7368391354879 102.21658150355 116.399715344111 119.671066602071 123.193909724553 127.139081557592 133.972883224487 140.787263711294 147.008160750071 157.951891422272 164.823085069656 166.578928629557 163.819948832194 160.793761412303 164.652129014333 167.519609133402 169.485529263814 171.872655550639 171.233057975769 164.244910081228 170.121252536774 182.12898572286 192.593634128571 195.606211821238 192.043483257294 191.754996776581 198.387463887533 209.664762020111 219.141125679016 215.108772118886
67.1815623839696 64.3981993198395 60.1432174444199 57.3325206836065 64.1222695509593 62.5279049078623 50.3696898619334 38.1442507108053 23.8468597332637 19.4334847231706 25.604136288166 37.6730561256409 51.6527444124222 63.5325411955516 64.5478268464406 60.0596517324448 53.740585843722 53.1732390324275 53.2076358795166 56.6499928633372 62.8008047739665 71.6735273599625 81.5318425496419 92.3161009947459 100.784212350845 107.425262530645 109.270791212718 113.877356052399 122.060626745224 129.832605520884 132.321655750275 134.652594725291 141.426434119542 146.974623203278 152.070979277293 156.080106894175 155.501157045364 162.257780631383 167.478919029236 175.66978931427 185.895721117655 190.90481599172 192.797919114431 191.6211048762 190.640966097514 190.507829189301 199.225882689158 209.699710210164 216.093997160594 212.20342318217
32.8641285498937 30.8036580681801 34.5975756645203 33.6392472187678 34.353440006574 42.6785846551259 43.9564685026805 45.8494772513708 33.199834326903 24.7731183966001 20.8752180139224 23.4635571638743 37.2574006517728 51.2292832136154 64.8063669602076 60.3673209746679 58.7857266267141 57.3119024435679 53.4315009911855 51.1602759361267 51.3888945182165 52.920733888944 57.4634969234467 70.6423421700795 82.123542825381 87.9939397176107 90.3196533521016 96.5659022331238 103.518933057785 112.893551588058 119.37536795934 122.497618198395 131.814390420914 135.436058044434 137.780686219533 141.390750805537 147.641102472941 153.706818819046 163.043101628621 182.51230319341 190.605620543162 191.781957944234 188.363830248515 186.929563681285 186.461965243022 190.189202626546 201.298991839091 204.358379046122 203.544239203135 206.918199857076
10.578278452158 8.82148618499438 7.61230972905954 3.64173234750827 2.30424602826436 3.79879586398602 12.5151475270589 24.1297284762065 30.6780412793159 30.8128247658412 24.7444386283557 19.3339909116427 23.3758762478828 34.1501956184705 50.3552903731664 53.93252770106 59.9099149306615 62.6125931739807 56.4153144756953 51.570604244868 48.0044583479563 47.8356778621674 48.9431122938792 56.4540028572083 64.1607840855916 70.1812605063121 73.19741944472 76.7637491226196 85.7199231783549 90.9112095832825 98.3558694521586 107.966959476471 112.880378961563 117.239971955617 120.013445615768 123.401413361231 133.686681588491 145.338853200277 152.823428312937 170.613090197245 178.055246671041 177.569985389709 174.363434314728 171.667834122976 172.66180117925 173.186441262563 178.327778975169 185.173074404399 191.137989362081 197.378853956858
2.99906296034654 1.59507322435578 0.318972180442264 0 0 0 0.0258020057420557 12.6692056655884 30.0563698013624 36.2333779533704 36.2398947278659 30.5511231223742 20.8364973465602 20.9032222628593 31.8656216065089 47.8246510028839 60.9934975703557 66.2318567434947 64.8319820562999 59.4654728968938 54.3411324421565 55.5510570605596 56.2462359666824 57.813619573911 59.3940118948619 61.2666855255763 64.4534528255463 71.1898704369863 71.8753337860107 77.0530700683594 84.6626063187917 89.6527071793874 91.899444659551 96.6415703296661 101.517240206401 107.332458098729 117.657581965129 131.250739097595 134.212205807368 145.728796720505 154.108424981435 155.787656704585 155.746748050054 157.110472520192 157.822022835414 161.433905363083 160.052716732025 163.803279399872 168.757041295369 173.856715361277
3.75735418250163 0 0 0 0 0 0 0.547083482767145 5.62947057187557 23.4134569764137 41.3959547877312 46.8851427237193 41.0821114977201 31.8826238314311 30.088779826959 44.5744891961416 57.0677469174067 68.341518441836 75.1970609029134 73.5639979441961 66.2808418273926 65.7225747903188 64.3711785475413 66.1446253458659 67.2766268253326 66.6874647140503 68.0394470691681 72.2023397684097 74.5528787374496 67.9658502340317 73.7133274475733 82.5508286555608 83.5854013760885 84.7909152507782 92.2216375668844 101.540178060532 104.830722014109 111.590007940928 116.894334554672 120.576113462448 125.715037186941 131.921042998632 139.378925164541 147.299160559972 146.880169709524 154.231419165929 153.237164020538 150.134066740672 146.687527497609 148.694972197215
11.5323488910993 0.236611793904255 0 0 0 0 0 0 0.82758441567421 14.2495607336362 34.4059318304062 51.4861146608988 59.1039607922236 54.5093317826589 44.0611590941747 42.4925088882446 46.7406411965688 57.9746663570404 72.0507949590683 80.978845556577 82.4867337942123 77.7431180079778 78.2804240783056 76.0737011830012 74.7293333212535 74.5507379372915 75.2920011679332 74.7336447238922 73.3390748500824 69.6577628453573 66.24802450339 66.9270108143489 75.1544535160065 78.5888185103734 82.1337401866913 88.1695747375488 90.3445780277252 92.5634503364563 97.7799395720164 99.2682973543803 105.227172374725 112.60324716568 117.205639680227 124.073565006256 129.15426492691 135.448426008224 146.040856838226 151.034861803055 144.617239634196 138.302534818649
12.0648567875226 1.24707856836418 0 0 0 0 0 0.040528485745502 1.50591569642226 10.3514132400354 26.121993859609 51.1217514673869 68.7881310780843 76.045090953509 62.6567900180817 45.5786089102427 40.790763994058 43.4705913066864 55.9515555699666 75.5316515763601 85.486501455307 85.1855874061584 88.7386500835419 83.3538075288137 80.0911982854207 82.3655227820079 82.5453847646713 81.0986210902532 77.8313378492991 73.5206703344981 66.2426700194677 66.5365556875865 61.6407493750254 56.9243927796682 66.5694276491801 69.7680960098902 72.6044178009033 70.7422196865082 78.1045456727346 81.9287449121475 85.5797131856283 90.1363889376322 93.4672951698303 97.2005526224772 111.331174770991 117.52857764562 130.832890669505 141.475627819697 141.716957092285 137.520184119542
9.06244417031606 2.52105202525854 0.000245945955157367 0 0 0 0 0.746703939512372 2.64180824160576 5.56619837880135 17.1466693282127 36.0309332609177 57.5705965360006 67.8294400374095 74.2741922537486 66.7149523893992 61.5587631861369 52.251065770785 47.9743083318075 56.7255516846975 75.5312194426854 89.9922847747803 93.3168530464172 91.1995967229207 88.1197452545166 88.5161757469177 91.8974777062734 86.4479641119639 82.4171056350072 85.4364534219106 77.2151400645574 64.0230178833008 54.0361950794856 50.538827975591 48.0899711449941 44.4011986255646 48.1393833955129 50.006369749705 52.8257588545481 61.1211061477661 64.6935999393463 70.2716012795766 72.5998729467392 76.7842133839925 91.5765861670176 101.525793472926 110.16379793485 118.66690715154 123.90810251236 130.759060382843
6.5003347893556 3.51649491737286 0.239797673809032 0 0 0 0.17507290855671 3.36567778140306 8.98497427503268 12.3160767058531 16.6218429803848 27.9224514961243 44.8961208264033 63.7066612641017 74.7351944446564 79.5135647058487 82.0340712865194 73.528990149498 59.8267565170924 50.799548625946 58.4431191285451 81.1023811499278 87.9082282384237 93.6220486958822 95.6175029277802 97.7212886015574 99.4861622651418 101.131598154704 95.0357715288798 88.6071423689524 77.4962107340495 71.809063355128 58.2044124603271 45.9092110395432 36.231870452563 35.5584695935249 35.4987308382988 34.6099659800529 42.9472029209137 45.0594425201416 48.1566041707993 54.1530549526215 57.82317618529 60.731182495753 70.3768829504649 83.6877226829529 92.1571850776672 94.7504838307699 98.4881321589152 108.711977799733
7.15313727657 8.32234943906466 7.25570321083069 0 0 0.723628948132197 3.11787147074938 5.99401382108529 14.8151392738024 23.1418237090111 29.6768868962924 32.1509391069412 40.4470513264338 54.0507584810257 64.2434060573578 75.2583245436351 79.5652866363525 81.9465617338816 81.9228986899058 68.5927371184031 54.5101811488469 66.2459631760915 74.6757090091705 86.6715312004089 96.1488783359528 104.276756445567 104.296316703161 101.408064365387 92.8776562213898 93.7360723813375 82.0567607879639 69.7810004154841 61.8560413519541 45.9160457054774 37.7551044027011 27.9238397876422 25.0952367981275 21.115039785703 24.8994951446851 26.8837064504623 34.7943902015686 36.4584649602572 43.0922706921895 54.5425663391749 54.6279450257619 69.7314441204071 74.2479066054026 76.7989456653595 81.7622443040212 88.434249162674
7.72978365421295 6.54552069803079 8.35388215879599 2.50041407222549 0 3.98468847076098 5.13450801372528 7.39412258068721 7.91879370808601 25.4685928424199 30.8651700615883 30.2934075395266 31.9557910164197 39.3754293521245 48.344482978185 62.1320406595866 71.0881551106771 77.739804983139 83.0601453781128 82.8675180673599 76.2939055760701 66.3880656162898 67.9825146993001 78.5652101039886 88.9446636041005 98.6147324244181 104.396214087804 104.849408070246 94.5308208465576 87.5641206900279 85.784524679184 71.1935857931773 56.2216192483902 40.5763437350591 32.1746716896693 22.1208954850833 13.7770821650823 10.0552005072435 13.3471637964249 15.8952350417773 26.9829879204432 30.6428546706835 36.5123202403386 42.0303096373876 45.8773275216421 57.6158463954926 61.0511054595312 66.61024192969 73.4602858622869 80.763965845108
11.5356271465619 5.49753444890181 2.81543843448162 5.61346237858136 4.23068242768447 5.28664762775103 4.58848134924968 7.05697139104207 8.64118337631226 20.2068115274111 24.0171030163765 24.4074612855911 25.3886729478836 28.2876988252004 34.5029359062513 45.7451442877452 56.4085096120834 64.3252829710643 73.6022690931956 85.7617159684499 93.1172768274943 83.5321148236593 82.5998485088348 86.8220527966817 88.2853766282399 91.1991496880849 93.198557694753 88.7473523616791 93.6191280682882 84.9009156227112 71.5929766496022 53.0944615602493 42.8248395522436 29.224490125974 19.3512005110582 10.5188476542632 4.6678502112627 0.898341182619333 4.65112334738175 8.1508190681537 19.6752014259497 22.7915967504183 28.2920077443123 29.1396702329318 35.7489536205928 42.2996779282888 48.0257570743561 60.415064295133 65.9725616375605 68.923220038414
29.4139335552851 18.9038390914599 8.67437198758125 14.2408882578214 13.5245981315772 4.76120971143246 7.00195257862409 10.3617577503125 15.101662526528 20.4688782493273 21.2890654802322 22.4749023715655 22.7505415678024 20.89923620224 26.5138198932012 36.116028825442 49.2110798756282 58.9226881663005 67.3931439717611 78.4569084644318 88.0516171455383 99.839985370636 105.355024337769 104.372163613637 98.5702574253082 91.1457141240438 86.9157512982686 80.523227651914 81.2211533387502 67.0097817977269 59.3347052733103 38.1636669238408 23.8763466477394 10.5077909926573 0.0496168698494633 0.0830333156045526 0.102463828322167 0.0947055038219939 0.0557452440261841 0.0585542438784614 2.48823516691724 7.22248790164789 12.1407881379128 16.5088723103205 26.0507017374039 32.9861094554265 39.45092856884 45.5770939588547 51.5629500150681 58.7980647881826
