input/barkrak2/radiation/dir33624.grid
NCOLS 85 
NROWS 70 
XLLCORNER 665100 
YLLCORNER 4664600 
CELLSIZE 20 
NODATA_value -9999 
[rows 23 to 45 of 70, columns 0 to 51 of 85]
63.6568665504456 53.5432795683543 23.6328070362409 7.68498207132022 3.83865181356668 9.87433517972628 8.21166671812534 4.71545569598675 3.35578589389722 3.06755987306436 3.16310146202644 9.8794133712848 11.70997073253 15.5270074804624 13.2075101137161 13.309545814991 19.1276744008064 27.1524166067441 30.612051486969 24.8506094018618 24.0365589658419 27.9359519481659 38.699838022391 47.4940935770671 54.1041493415833 53.9751003185908 48.4477976957957 40.8594931165377 22.6412117481232 9.5655769109726 6.05312610665957 1.38037806997697 0 0 0 0 0 0 0 0 0 0 0 0 0 0 0 0 0 0 0 0
63.4795178969701 59.5557888348897 38.7340436379115 11.9155657788118 0 3.30422321955363 5.23368703822295 5.97416423261166 4.39730100333691 3.63760783026616 3.15946185340484 2.91355699300766 9.84260067343712 13.6806592345238 12.7688931922118 12.5046620766322 16.8222710490227 24.5367437601089 30.0844485561053 24.231918156147 22.3806376258532 19.6741695205371 26.2555380662282 33.6741283535957 37.9843463500341 39.0356183052063 36.304846405983 32.3079129060109 14.5646209518115 5.37288809816043 2.47525873904427 1.47676576549808 0 0 0 0 0 0 0 0 0 0 0 0 0 0 0 0 0 0 0 0
51.4048238595327 55.4214268922806 48.4835455814997 20.7360026737054 0.444799778051674 9.62943149109682 16.4363955458005 23.8866855700811 25.8880704641342 19.4122220079104 16.2121603886286 17.479058355093 16.2197177608808 19.0497164924939 19.0545121828715 14.5447974403699 15.9716382622719 24.3412504593531 29.950017730395 32.0707385738691 32.3721120754878 28.3643181125323 25.6529698769252 25.9503896037738 28.3847376704216 30.2421326438586 26.7395426829656 27.0898888508479 15.7479519645373 12.0591546098391 9.52555052936077 12.0493248105049 7.47330238421758 0 0 0 0 0 0 0 0 0 0 0 0 0 0 0 0 0 0 0
50.1280973354975 54.8304369052251 52.5148808956146 29.1976556181908 7.97692065437635 20.4492012659709 33.9489181836446 44.011577963829 51.4263361692429 45.2631960312525 29.5216043790181 30.0063540538152 27.3576527833939 28.7127147118251 30.1933810114861 20.5324627459049 18.1378747026126 24.6896495421727 32.5113162398338 41.9047772884369 43.2973752419154 40.6022071838379 32.933567961057 27.5253976384799 27.821605404218 29.8074632883072 25.920070707798 32.9967314998309 31.3049281636874 30.0237908959389 33.769687016805 48.9166577657064 56.4377357562383 37.0894918839137 0 0 0 0 0 0 0 0 0 0 0 0 0 0 0 0 0 0
51.3716290394465 50.4790743192037 50.5068749189377 34.7067639231682 30.1817307869593 39.9000446001689 53.6264677842458 59.7402900457382 60.7731242974599 51.4729569355647 39.9849539001783 32.3290874560674 31.8724090854327 32.0186043779055 34.1004133224487 28.4795438249906 23.7232595682144 27.9043167829514 40.7032842437426 45.0690587361654 42.8592711687088 34.8466684420904 32.6178148388863 33.2574968536695 33.4743931889534 33.5250968734423 31.5852463245392 41.0425538818041 56.9753547509511 61.2490276495616 64.5427505175273 70.7210004329681 80.551415681839 85.1715902487437 43.839305639267 0 0 0 0 0 0 0 0 0 0 0 0 0 0 0 0 0
54.2083432277044 44.617901245753 45.0408061345418 37.1099958817164 49.2199957370758 52.6052763064702 58.1303685903549 54.6929985284805 51.0188092788061 41.0228023926417 32.6255212227503 28.8245181242625 30.4574941595395 33.6884732047717 35.1306473215421 37.640576561292 31.4292709032695 27.5540848573049 36.6712883114815 39.4707918167114 36.7697551846504 30.4588153958321 30.1622226834297 35.8958318829536 38.0568454662959 34.7918719053268 35.5226943890254 41.0468975702922 62.9275937875112 75.2658595641454 81.5013100703557 84.8349332809448 92.4100279808044 94.7558879852295 84.0369959672292 20.0789670149485 0 0 0 0 0 0 0 0 0 0 0 0 0 0 0 0
55.4039676984151 40.1980156699816 40.192611515522 41.4736121892929 50.5325496196747 53.5979320605596 45.4441010951996 34.134363134702 9.65731466809908 6.79798300067584 8.97836995621522 21.5651467442513 26.8657952547073 35.0864852468173 35.8552287022273 40.4044340054194 36.853551864624 25.6349891424179 27.7655497193336 31.345767279466 30.4298276702563 30.5904100338618 30.6061704953512 35.7203756769498 40.5604764819145 37.5022838513056 39.4670565923055 41.4032017191251 56.861807902654 77.5875399510066 89.1679227352142 94.6186482906342 96.8333383401235 97.7416634559631 103.594442208608 85.7615272204081 15.2027644217014 0 0 0 0 0 0 0 0 0 0 0 0 0 0 0
54.667408267657 55.027037858963 72.4898874759674 99.8301108678182 80.5729478597641 58.4651331106822 36.1393143733343 9.14590371151765 7.12690005699794 13.880729675293 4.97593637555838 5.25357139607271 26.4697596430779 35.3727862238884 38.2577106356621 44.9294149875641 41.0383592049281 30.4916972915332 29.4729247689247 32.5647344191869 29.8903559645017 33.3254486322403 34.9376524488131 36.9223604599635 42.0333991448084 45.66690325737 44.0723647673925 46.6636916001638 58.3830624818802 80.8715969324112 95.9216157595317 98.8382001717885 97.0435639222463 104.980130990346 113.594939311345 114.854246377945 90.0164345900218 36.3944123188655 0.389026206297179 0 0 0 0 0 0 0 0 0 0 0 0 0
65.2613739172618 94.8821107546488 139.681686957677 160.565982262293 139.95572924614 93.4526820977529 53.3335556586583 29.2342379689217 24.4078983863195 28.0840545892715 21.1370140314102 18.1876681745052 26.6946901877721 34.7607384125392 43.9706146717072 47.4146703879038 43.3909396330516 37.8357569376628 31.7624136805534 32.9501877228419 32.8294013937314 36.3052239020666 38.5444313287735 38.8418436050415 42.8382257620494 53.2184590895971 53.2155384620031 58.3167175451914 67.5200372934341 82.4020852645238 94.577173391978 101.01991891861 102.594594160716 109.083871046702 115.590612093608 114.72695072492 109.422822793325 89.9783372879028 33.4706952174505 0 0 0 0 0 0 0 0 0 0 0 0 0
119.62221066157 154.400587081909 179.463565349579 182.075957457225 180.138925711314 155.001084009806 115.860203901927 82.3760529359182 62.5377396742503 52.6995162169139 49.0916868050893 40.6300748387972 30.3425540526708 30.9994990626971 40.8982510368029 46.8902885913849 41.512834529082 43.0469612280528 33.0630242824554 31.0619523127874 35.1560389002164 35.9418044487635 37.0334188143412 37.5775620341301 41.5318484107653 53.4756928682327 58.8153302669525 65.5509183804194 73.8153705994288 81.493948896726 90.9733176231384 100.504755973816 100.855032602946 98.0711778004964 100.532650947571 96.0614482561747 97.4309047063192 83.2283248504003 44.5905526479085 0.559541629627347 0 0 0 0 0 0 0 0 0 0 0 0
171.99448744456 189.387897650401 194.987297058105 192.778468132019 195.701162020365 190.697650114695 169.057826201121 130.659371614456 97.7270404497782 74.5615015427272 75.7791598637899 68.240761756897 45.4965035120646 37.5211561719576 38.2848456501961 42.5772567590078 36.8094096581141 38.1113936503728 31.7113846540451 32.4179753661156 31.9069946805636 33.2479576269786 32.5572441021601 32.7277729908625 38.7313837806384 47.9564368724823 58.0680022637049 61.661829551061 70.0812836488088 81.2895844380061 89.8920098940531 92.8944746653239 84.7882727781932 75.3502746423085 77.0404438177745 66.0270154476166 66.891406973203 53.4429450829824 13.6513983209928 0 1.55030035724243 0 0 0 0 0 0 0 0 0 0 0
187.185128529867 195.172806580861 194.688042004903 195.779800415039 197.188854217529 196.070472399394 186.62432829539 157.423843940099 113.16125591596 87.3869756857554 87.6275102297465 83.114097515742 67.0772244532903 47.3911613225937 40.659969051679 40.7538488507271 34.981203575929 31.6912929217021 31.3127115368843 34.5129519701004 30.9646079937617 30.9213524063428 31.3666885097822 32.4981311957041 36.3352944453557 43.2428419589996 51.9175430138906 51.9973735014598 60.2494825919469 75.2913256486257 83.789587020874 81.5482934315999 77.3443679014842 71.2381700674693 64.5922819773356 54.1637589534124 57.8523526589076 55.2925616502762 37.3464425404867 7.33000102142493 8.40174965560436 0 0 0 0 0 0 0 0 0 0 0
177.997211615245 183.660745620728 180.67995707194 181.597828865051 181.807657082876 176.716248194377 170.438448588053 153.642843166987 118.209381898244 97.6812243461609 94.3565368652344 86.1513415972392 78.6129335562388 54.4237742821376 43.1572695573171 44.1259940465291 37.707674006621 30.399888753891 34.2215100924174 35.3947604695956 33.9404394229253 31.4079324404399 34.1186001896858 37.7873778343201 36.0474387804667 40.5572379628817 45.2025830745697 45.7908660173416 51.6189634799957 67.9184099038442 76.0355939467748 76.1895577112834 79.0715316931407 79.8841416835785 64.6294156710307 59.3941112359365 63.4604146083196 69.60895160834 64.0914638837179 28.7573312719663 0.00922430869347105 0 0 0 0 0 0 0 0 0 0 0
153.037468592326 156.846096118291 159.376641114553 156.676689783732 155.999471743902 154.850323994954 158.824523289998 156.922161579132 130.790879329046 107.689082622528 95.7889258861542 79.902912179629 70.793757836024 50.2405265967051 39.3043011426926 44.2457894484202 45.7144677639008 35.3180294235547 37.4089231093725 40.165476500988 39.9411569039027 36.7407997449239 36.8832796812057 39.7783517837524 38.1227408846219 38.3645345767339 43.1753844022751 49.3854780991872 52.9961884021759 63.1256649891535 74.7552216053009 78.0159533023834 79.8141161600749 82.7565441528956 67.6984935998917 67.9779201745987 68.0319219827652 75.5326102177302 75.0174125035604 39.4954085350037 0 0 0 0 0 0 0 0 0 0 0 0
129.798332850138 139.444589614868 150.118460257848 147.294014692307 146.317303180695 152.943829695384 162.887911001841 166.482746601105 149.954696496328 119.650840759277 96.8604187170665 71.3808387517929 54.9482752879461 43.624351421992 35.6392736236254 39.6072814861933 49.1740455230077 42.714054385821 40.2840450406075 43.1370238463084 43.5904413461685 40.0875409444173 38.2379641135534 39.7010197242101 40.403313934803 39.9152984221776 42.6610658566157 50.5623519420624 53.9447168509165 58.2915842533112 69.2774206399918 78.971450527509 81.4684381087621 75.5714078744252 64.9879177411397 74.7621754805247 78.2335996627808 82.0604264736176 82.12444682916 58.2043727238973 0 0 0 0 0 0 0 0 0 0 0 0
94.630887111028 105.428844690323 113.572696844737 118.410636981328 126.72816713651 141.784429550171 156.382858753204 166.748344898224 162.826716899872 134.697725375493 101.298868656158 69.1203773021698 51.0757764180501 47.5593854983648 40.5326088269552 35.0768615802129 44.7520713011424 45.7551578680674 40.6247129042943 40.6328588724136 41.0318970680237 38.504866262277 36.4404792586962 37.579670548439 40.7938609520594 44.2694127559662 43.2298282782237 47.9961136976878 53.2178779443105 53.7567983071009 61.6547216971715 75.5121608575185 79.1481037934621 66.5736844142278 67.1124160289764 81.739529967308 84.7134093443553 85.0765109062195 85.7245524724324 82.1253210306168 31.3444410761197 0 0 0 0 0 0 0 0 0 0 0
60.8901033798854 67.4300889174144 66.8836583693822 76.5781799952189 92.0541485150655 108.832508325577 123.906999826431 135.65868139267 138.286302487055 115.201503038406 81.1265408992767 57.9881320397059 46.1962322394053 44.6371734142303 41.8280363082886 37.1476163466771 41.5431708097458 41.7254418134689 35.9275092681249 36.2575724720955 39.6755064527194 42.5113538901011 41.7273143927256 38.5170901815097 37.9654690623283 40.260394414266 45.2163914839427 47.4384874105453 51.7187019189199 52.4158875147502 54.1442533334096 65.4686540365219 72.3581612110138 69.1910584767659 84.4651659329732 91.7350649833679 89.3572370211283 83.9986801147461 90.2695655822754 101.89296801885 91.9444859027863 38.9083027839661 0 0 0 0 0 0 0 0 0 0
50.4898130893707 52.4055163065592 52.294005950292 54.3206234773 62.72358695666 68.8535273075104 72.5513199965159 77.8119166692098 77.9813428719838 63.799391190211 49.3615766366323 45.2458163102468 44.4004585345586 42.1747068564097 40.8866057793299 42.0474012692769 40.7563125093778 39.5545164744059 35.7269172867139 36.4059681693713 40.4390494028727 45.3343292077382 46.3642477989197 43.0427143971125 40.5427863200506 39.2348493138949 46.9077875216802 49.6997733910879 51.9748826821645 51.6927440961202 52.6895821094513 58.8400562604268 66.5289262930552 75.0454366207123 90.4297729333242 90.138852596283 82.7719618876775 73.9967177311579 78.3569912115733 94.5568680763245 102.53514846166 93.325267235438 49.7755457957586 2.37145399053892 0 0 0 0 0 0 0 0
58.37282538414 55.971418817838 56.1216374238332 55.9640030066172 52.6008506615957 50.6958862145742 49.3897497653961 50.7660607496897 55.5496364831924 47.8436599175135 40.9732709328334 42.343278725942 45.3846007585526 45.9142824014028 45.2466954787572 43.5685813426971 39.0276114145915 45.2361206213633 46.5448200702667 43.0202782154083 45.1605419317881 45.5514987309774 44.0281430880229 46.5063552061717 48.6407776673635 44.5605566104253 48.503523071607 50.8773426214854 52.8313815593719 53.6590715249379 54.1441937287649 58.3912233511607 64.5984162886937 79.9596309661865 87.7724389235179 81.1339467763901 70.6251561641693 61.8339131275813 59.9018534024557 69.5334772268931 93.270868062973 97.7282822132111 75.8271366357803 28.2749806841214 0 0 0 0 0 0 0 0
62.4818454186122 59.8150988419851 62.5969221194585 61.2345586220423 54.7497322161992 51.6877621412277 49.6060748895009 47.0988849798838 47.5999464591344 44.320672750473 42.7363415559133 42.5713062286377 46.4242398738861 49.7267196575801 49.4053264458974 47.0010340213776 44.7079340616862 49.8766154050827 52.880456050237 47.5814938545227 44.6984817584356 42.4493253231049 39.8819247881571 41.8472439050674 46.5691288312276 44.0537929534912 41.3377359509468 45.6796139478683 49.4890064001083 51.4780034621557 52.6812771956126 52.5876681009928 62.8133714199066 80.7085583607356 85.3934685389201 72.3450829585393 62.1152818202972 58.8858723640442 57.5973888238271 66.0010824600856 72.4645356337229 73.9884277184804 62.5121692816416 34.9800785382589 0 0 0 0 0 0 0 0
47.5212633609772 50.0757296880086 58.4770192702611 55.9896230697632 58.3648681640625 60.7928733030955 60.0522706906001 55.9782286485036 46.2285578250885 45.1177259286245 48.2276777426402 45.0522700945536 45.7490682601929 49.1232176621755 49.9787628650665 47.5537131230036 49.4863192240397 51.365926861763 51.6172150770823 48.1127401192983 43.1570708751678 40.2796342968941 38.282056649526 38.4940455357234 41.5742471814156 44.8561658461889 40.624792377154 43.0055061976115 46.964963277181 48.3432610829671 46.9653755426407 44.9495216210683 55.2680442730586 67.7369733651479 73.9082396030426 64.3008251984914 60.8986715475718 63.4693503379822 64.3959591786067 64.8166835308075 61.5282505750656 60.535008708636 56.0021996498108 34.2779631416003 1.36777463679512 0 0 0 0 0 0 0
46.0224946339925 51.6944726308187 54.5536478360494 55.2526613076528 57.0357243220011 59.4083766142527 59.7066779931386 56.217019756635 51.9986202319463 48.31496377786 49.8799582322439 48.1748779614766 45.5925762653351 44.1418538490931 43.5389031966527 43.8248167435328 41.1788274844488 47.0402638117472 48.9837825298309 47.8120148181915 43.9216246207555 42.3479676246643 41.5084213018417 42.714054385821 41.0851761698723 49.4196762641271 51.4953583478928 49.026146531105 48.0382889509201 46.5467125177383 42.5727218389511 40.4660378893216 46.0407684246699 50.0959903001785 55.7740281025569 59.0191334486008 62.9048397143682 67.7028745412827 68.739652633667 62.0287756125132 62.1561308701833 57.4210087458293 54.7451277573903 38.5336155692736 10.5913045505683 0 0 0 0 0 0 0
52.0150512456894 56.5340866645177 53.816482424736 57.0374776919683 55.6920021772385 55.8449476957321 57.3913504679998 56.0992558797201 57.5629621744156 53.4171015024185 52.6275783777237 52.1022826433182 47.9885339736938 43.6849047740301 42.8309589624405 46.2110936641693 42.3353463411331 45.5598483482997 48.400804400444 47.8368500868479 45.7777132590612 45.1006640990575 45.2128599087397 46.6635425885518 48.174316684405 48.910786708196 54.1075567404429 51.5125095844269 49.683208266894 48.1736461321513 44.3008840084076 41.2453537185987 43.7810271978378 43.3432211478551 43.6782489220301 47.124241789182 53.605983654658 61.9180848201116 61.7867608865102 50.84561308225 53.3337593078613 50.0455995400747 50.229420264562 47.7077712615331 31.4437747001648 4.10781769702832 0 0 0 0 0 0
