input/barkrak2/radiation/dir33224.grid
NCOLS 85 
NROWS 70 
XLLCORNER 665100 
YLLCORNER 4664600 
CELLSIZE 20 
NODATA_value -9999 
[rows 0 to 22 of 70, columns 0 to 51 of 85]
55.288359522819498 67.4022734165192 81.1239878336589 96.1854259173075 99.6325810750325 112.963457902273 112.75726556778 130.351414283117 128.421515226364 131.623725096385 132.36262400945 128.597150246302 122.653176387151 123.345255851746 123.37526679039 110.499401887258 98.5364218552907 89.4755423069 87.7872506777446 88.9933705329895 96.3777800401052 113.107840220133 129.760295152664 132.483462492625 135.63460111618 144.004374742508 149.273425340652 141.91347360611 131.624062856038 135.051389535268 133.859048287074 153.485983610153 186.062415440877 179.110407829285 178.211192289988 171.841005484263 175.70706208547 185.636321703593 180.817067623138 182.1342309316 179.137686888377 189.482569694519 199.244201183319 188.423573970795 177.133997281392 183.683594067891 190.319001674652 142.846564451853 99.8819371064504 95.9229071935018 117.306808630625 158.281197150548
36.7790137728055 48.7154672543208 55.9056748946508 67.0623481273651 77.1921972433726 89.050034681956 97.01007604599 107.154667377472 119.891633590062 137.213289737701 134.651929140091 130.052506923676 124.960690736771 125.011245409648 125.090628862381 112.870941559474 105.037927627563 95.5029129981995 93.0079817771912 91.3291573524475 104.897330204646 127.420703570048 141.945471366247 139.853984117508 142.425398031871 146.828969319661 144.047637780507 141.815602779388 138.476351896922 138.884842395782 140.052209297816 162.154773871104 185.740609963735 179.256081581116 176.734983921051 172.566056251526 177.977601687113 182.280480861664 174.589653809865 175.219774246216 174.08287525177 180.895308653514 178.353786468506 169.772187868754 167.548000812531 181.277751922607 181.088944276174 135.049045085907 107.140640417735 116.977661848068 145.02364397049 179.879367351532
15.0906071066856 21.42633497715 25.9512240688006 30.6742737690608 40.0073180596034 49.3820210297902 57.8634639581045 72.9296207427979 87.2697532176971 89.6251499652863 103.483508030574 117.452085018158 133.696029583613 135.159701108932 136.928508679072 137.155483166377 131.374418735504 123.288532098134 107.66143600146 102.347364028295 114.544173081716 127.926607926687 141.622493664424 143.965482711792 143.976628780365 141.291856765747 139.835437138875 136.453102032344 137.425551811854 145.764032999674 155.518631140391 172.509928544362 183.334489663442 180.516282717387 176.092048486074 175.531804561615 182.539105415344 184.893329938253 179.231882095337 172.579705715179 169.077257315318 162.553658088048 153.50416302681 148.27028910319 152.678251266479 171.690801779429 166.488031546275 128.827532132467 125.32776594162 144.351661205292 168.875654538473 189.122299353282
6.67800443867842 7.68040182689826 10.0297449777524 12.2826993465424 13.3405265708764 17.0841279129187 24.7405221064885 34.7269723812739 48.253983259201 65.1052643855413 76.8225987752279 90.9518202145894 99.2682973543803 105.722934007645 109.980940818787 116.750697294871 114.189078410467 109.149247407913 98.0714758237203 97.9803105195363 97.8019535541534 104.205181201299 117.430627346039 128.243277470271 130.890389283498 133.43491156896 134.030183156331 134.075929721197 136.322597662608 143.278568983078 156.952877839406 174.411177635193 179.511268933614 176.737705866496 174.040277798971 174.178640047709 176.379521687826 176.989336808523 170.489907264709 160.814871390661 156.51340285937 149.156987667084 148.870229721069 156.850417455037 166.070858637492 162.346303462982 147.647003332774 126.282105843226 134.378572305044 147.238393624624 167.381127675374 185.606141885122
13.3623816072941 8.47399607300758 4.30196337401867 0 0 5.50821609795094 16.1205306649208 22.9099939266841 27.9727230469386 32.9291845361392 45.5474406480789 64.696416258812 72.8116730848948 79.6437511841456 83.6702386538188 89.3154442310333 87.6553654670715 81.9668471813202 81.75062139829 83.0434858798981 84.1109057267507 87.6734455426534 95.8970586458842 104.792008797328 115.536451339722 123.714705308278 128.470838069916 131.504952907562 133.005261421204 137.133896350861 142.640292644501 169.779241085052 169.073045253754 171.402712663015 171.630263328552 170.283913612366 166.914979616801 164.246877034505 155.829638242722 147.829214731852 147.434771060944 148.210187753042 156.14374478658 164.732913176219 164.781202872594 143.020153045654 118.096917867661 116.470535596212 128.243505954742 146.104156970978 173.110981782277 186.435063680013
36.9623452425003 23.7172568837802 10.2665362258752 2.29914020746946 0.742334872484207 3.05588357150555 9.36813155810038 18.6347340544065 22.1109092235565 22.5279902418454 26.4818891882896 33.2876096169154 38.4144261479378 44.0932313601176 49.3671248356501 55.4483582576116 61.0897789398829 69.1239684820175 78.6628872156143 86.4010155200958 89.1183614730835 92.5966501235962 95.23805975914 97.1762637297312 105.552464723587 111.84416214625 120.745986700058 124.124427636464 130.338778098424 137.064397335052 146.844943364461 151.274790366491 144.965380430222 143.437306086222 149.708112080892 160.458505153656 160.204589366913 155.687232812246 147.85564939181 148.154944181442 147.597869237264 148.789743582408 151.029745737712 153.854270776113 148.201783498128 119.750122229258 96.3712135950724 107.035448153814 125.363449255625 162.239025036494 187.668740749359 189.43319718043
54.483304421107 36.81763758262 24.2341384291649 13.6825814843178 5.37392434974511 2.86029124011596 4.54612635076046 9.97205264866352 16.0571945210298 22.4537973602613 24.5260645945867 21.8731785813967 20.5605352918307 20.9538812438647 23.4965731700261 32.7668314178785 40.4761284589767 54.1179080804189 69.7496583064397 83.1763496001561 88.8979136943817 96.481055021286 97.8573064009349 93.3188001314799 101.560761531194 103.020886580149 108.441889286041 116.330961386363 124.014755090078 129.621287186941 141.63480202357 145.228544871012 133.959849675496 129.00565067927 130.610833565394 133.356352647146 134.461025396983 141.925652821859 139.51834042867 134.394884109497 130.02473115921 130.660235881805 137.042224407196 145.643452803294 143.503218889236 138.912578423818 144.332865873973 150.889098644257 163.086305061976 176.259557406108 180.314044157664 181.856334209442
67.3314978679021 51.669696966807 38.2411157091459 27.9657368858655 17.4310778578122 6.38119814296563 2.99376435577869 0 8.37000521520774 16.2219467262427 20.5259025096893 22.0399349927902 23.278405268987 21.2989722688993 16.6544454793135 19.6380789081256 26.6605094075203 36.9607334335645 51.2108902136485 66.8918291727702 76.5855858723323 88.8575116793315 98.0585316816966 94.7890182336171 95.6292649110158 96.1480836073558 98.9731152852376 103.606094916662 109.152436256409 122.149248917898 131.48158788681 131.887505451838 124.149262905121 118.265757958094 116.896331310272 116.502165794373 122.333844502767 121.870140234629 122.356255849202 116.37685696284 113.635311524073 118.925889333089 132.544845342636 145.910948514938 149.827579657237 156.981041034063 163.532843192418 164.591014385223 168.925404548645 170.216341813405 168.505231539408 167.253871758779
62.0608329772949 53.4285257260005 44.1331565380096 32.6123982667923 23.5423867901166 17.2705513735612 7.29080910483996 2.12235919510325 6.84756226837635 12.0919918020566 17.7264772355556 22.3617603381475 25.0006914138794 26.5185410777728 25.4605710506439 24.0705286463102 23.4964291254679 26.5187571446101 34.5254788796107 45.5163965622584 56.9276461998622 68.7114894390106 79.5586357514064 82.6478948195775 85.7112109661102 84.4589471817017 87.8060460090637 89.9374485015869 90.7535552978516 98.7687309583028 108.175178368886 112.253020207087 108.160118261973 107.834527889887 110.435386498769 110.42516430219 112.893442312876 114.462961753209 116.958399613698 115.335951248805 128.073632717133 135.031988223394 142.273883024851 143.060207366943 142.106552918752 143.598665793737 145.387252171834 155.419905980428 162.655115127563 158.212552467982 150.267521540324 151.948908964793
43.6157683531443 40.2092734972636 35.1393669843674 26.3570696115494 20.6997034450372 14.8451887071133 15.3287773331006 10.5222637454669 7.12891047199567 4.88243065774441 8.1353181352218 16.423715899388 25.6698826948802 34.4916979471842 38.2404600580533 35.9022269646327 30.3709854682287 28.0994673569997 28.6522756020228 31.2806020180384 37.2160673141479 44.3310340245565 52.7231246232986 60.941348473231 68.0697113275528 70.9136178096135 73.7178971370061 74.012612303098 76.3466904560725 78.4794489542643 80.2152405182521 87.2741838296254 93.7197705109914 96.9901184240977 100.406845410665 101.842621962229 102.531870206197 105.737268924713 112.982561190923 119.597713152568 123.851170142492 133.876661459605 145.963648955027 145.195831855138 142.608304818471 142.785648504893 148.902714252472 156.113147735596 155.987391869227 156.891584396362 156.023820241292 153.493821620941
7.84671430786451 7.28101034959157 6.58615802725156 3.85749277969201 1.90756501009067 0 3.847677881519 12.1908324460189 11.5181021392345 8.09651985764503 5.08746597915888 6.6221517821153 17.3461673160394 29.4120435913404 40.2266432841619 37.8527318437894 36.0076775153478 31.4370219906171 28.9192025860151 25.530181825161 27.4985954165459 28.2206435998281 31.931072473526 42.6270713408788 52.2203097740809 59.11652247111 62.1733417113622 61.92979713281 65.0643805662791 69.2852834860484 67.7306254704793 66.9417281945546 72.1593995889028 86.6558949152629 89.050551255544 92.7183429400126 97.7033674716949 99.8118420441945 109.370897213618 123.653729756673 127.448499202728 123.600174983342 122.707267602285 119.658172130585 136.086334784826 144.902129968007 151.265402634939 151.50245030721 150.764832894007 154.680788516998 156.408250331879 151.764810085297
0 0 0 0 0 0 0 6.11529126763344 12.9664515455564 14.9200434486071 8.89822468161583 5.06771417955558 7.11637424925963 15.4475209613641 26.6838297247887 31.4366519451141 37.2793525457382 35.7707863052686 31.3422853748004 27.1319473783175 24.1402611136436 24.0085522333781 24.7585326433182 30.7078609863917 38.4651472171148 43.7109420696894 46.2813079357147 50.097311536471 53.8351436456045 54.4541577498118 54.1707972685496 56.9279144207636 56.4077148834864 53.8147687911987 58.1677854061127 78.974316517512 87.8667334715525 94.603419303894 98.9966491858165 113.290776809057 115.508854389191 111.42235994339 108.78723859787 107.388238112132 109.69869295756 110.507398843765 127.963364124298 136.451343695323 139.677623907725 143.798331419627 146.454036235809 144.921988248825
0 0 0 0 0 0 0 0 11.0294943054517 15.621571491162 15.6512508789698 12.5924373666445 4.75009344518185 4.01103651771943 13.0628322561582 26.1303434769313 35.3692099452019 38.7091686328252 38.1433442234993 33.5885559519132 28.8009742895762 30.2381565173467 30.6681444247564 31.2886213262876 33.9103539784749 35.1548716425896 38.3661240339279 43.4581885735194 46.8078553676605 46.5191652377447 47.120730082194 46.2538500626882 46.1239765087763 43.299267689387 42.0147577921549 42.9552296797434 53.8855493068695 76.5572090943654 85.1871470610301 91.9108291467031 96.0315465927124 97.4322855472565 97.3094801108042 96.1291988690694 97.9530413945516 99.8479127883911 97.9570349057515 96.7696209748586 115.290512641271 125.47355890274 129.555245240529 129.016876220703
0 0 0 0 0 0 0 0 0 6.97623379528522 17.968708028396 21.2338417768478 18.3053215344747 12.1021990974744 11.1457444727421 22.7176174521446 31.9668377439181 39.8004204034805 46.6374407211939 45.1652904351552 39.320096373558 39.4307648142179 37.4779850244522 38.5808994372686 40.9268066287041 40.4596775770187 42.8036997715632 47.778790195783 46.9396660725276 43.0933485428492 43.1364427010218 42.3184384902318 38.6853540937106 34.8899240295092 38.1328339378039 36.6212328275045 32.4642037351926 36.6144453485807 41.9412006934484 49.8576611280441 62.2280538082123 67.1893060207367 76.0971307754517 84.3327542146047 88.7708167235057 92.2915438810984 90.6417071819305 85.5951110521952 83.7580362955729 84.6912264823914 101.203183333079 109.36509569486
1.72106750930349 0 0 0 0 0 0 0 0 0.227888793839763 16.4265421529611 28.4093792239825 36.7194935679436 32.2422385215759 22.5310797492663 21.0455134510994 22.9498172799746 32.2694629430771 43.9397692680359 51.8081337213516 52.7860373258591 49.623558918635 48.8370557626088 46.7523435751597 46.6109116872152 46.4810083309809 46.5201983849208 49.8142639795939 47.9466418425242 41.8282051881154 41.7475501696269 40.8815865715345 36.7685879270236 32.6176236073176 29.4538835684458 26.5137031674385 21.6141442457835 18.1368788083394 18.2058649758498 23.6855496962865 29.6269605557124 33.6560532450676 37.6228491465251 43.2348002990087 54.920290907224 61.1616174379985 70.1001981894175 76.7018298308055 73.3244121074677 69.8033471902211 73.4968185424805 83.732803662618
2.32559768483043 0 0 0 0 0 0 0 0 0.147391595722487 8.74460612734159 29.5468022425969 42.6689734061559 44.9574490388234 37.4321018656095 23.517241080602 18.9370810985565 20.8722651004791 30.6982696056366 47.8460192680359 57.8332146008809 56.0314853986104 57.6255470514297 54.9707214037577 51.2338081995646 54.6491096417109 54.5141696929932 50.1328359047572 51.489328344663 48.132727543513 40.9440199534098 37.2848237554232 36.106805006663 29.5500134428342 26.4587452014287 21.5293789903323 16.7786280314128 11.8976545830568 10.7014887034893 10.6351474920909 13.5907083749771 18.3491483330727 20.411167293787 25.950791935126 33.5428863763809 37.4773095051448 46.7741390069326 57.3916584253311 59.1569393873215 63.6186848084132 64.966082572937 70.7063277562459
1.3925622527798 0 0 0 0 0 0 0 0 0.215798965655267 0.354909338057041 17.4996927380562 33.597561220328 43.9982066551844 49.1654475529989 42.2140558560689 36.4373798171679 29.2967110872269 24.6797055006027 31.6588431596756 47.7305899063746 59.9974344174067 62.6956075429916 61.9810918966929 56.9377342859904 59.0095619360606 61.5249077479045 58.0490032831828 55.5844207604726 59.087927142779 50.5539278189341 39.5952016115189 30.3874537348747 23.8110149900119 18.0348791182041 14.9752298990885 10.6173145274321 7.08280814190706 4.96669920782248 3.6283399288853 4.73921311398347 6.90632127225399 11.3149831692378 16.800212363402 24.6690213680267 31.1074455579122 36.0219726959864 42.2078271706899 46.6387321551641 54.1673054297765 57.6947132746379 62.0640416940053
0.608256280732652 0.000170187054967149 0 0 0 0 0 0 0.572424265556037 0.830278576662143 4.26586624234915 11.475183069706 23.7870117028554 39.8701777060827 50.4664232333501 55.1891128222148 54.971049229304 47.3551054795583 35.4138165712357 26.6587088505427 33.0030868450801 52.002156774203 59.2141648133596 62.9415214061737 65.4973139365514 67.8631712992986 70.7710832357407 70.6928471724192 65.4853582382202 59.9133918682734 50.5048135916392 44.1054751475652 33.218652009964 22.7338795860608 16.2493002911409 13.6188839872678 8.23775057991346 4.98913569996754 3.00906846920649 1.31279633690914 0.0541574457505097 2.82162614166737 6.84889840583007 8.61066269377867 13.0763252576192 20.5850924054782 26.3456180691719 28.4778897960981 36.1738726496696 40.263295173645 45.5680588881175 56.3183625539144
0.691546515251199 0.919849922259649 0.264065864030272 0 0 0 0 0.936428861071666 1.92178382227818 8.79027135670185 13.808020701011 14.445286244154 21.3269641002019 26.3773327072461 39.7484377026558 53.0111889044444 55.9547245502472 54.8922568559647 54.2865991592407 42.3922936121623 30.60216208299 39.9407297372818 47.5476781527201 57.7224344015121 66.8241828680038 72.318618496259 75.1685053110123 71.2858140468597 71.3161478439967 63.2850229740143 51.5204568703969 41.2683412432671 34.9006926019986 24.0961561600367 15.9643205503623 11.6140531996886 6.46369283397992 2.18582324062785 0.196056789718568 0.0145352751133032 0 0 2.91157824297746 5.3738026569287 7.8866071999073 15.3826450308164 19.6769957741102 21.0869958003362 24.8994330565135 28.7141924103101 31.0019751389821 34.1221764683723
0.660766304160158 0.305093300994486 0.60326443053782 0 0 0.0523671915289015 0.244019106806566 1.55332094679276 2.20217710981766 2.37290592243274 12.3992636799812 13.5721638798714 14.2295807600021 16.6225470602512 25.6722221771876 37.8606865803401 45.7660357157389 49.7093896071116 55.4889539877574 56.2008072932561 48.7482845783234 39.1657004753749 41.3430581490199 49.4060019652049 59.0355147918065 65.8299823602041 72.0585733652115 73.3732928832372 64.4310315450033 64.1496280829112 53.8829664389292 41.7088816563288 28.6440551280975 20.0208500027657 11.0684037208557 4.93532077719768 1.26821151934564 0.0897083179249118 0 0 0 0 0 2.15696046749751 3.20435035973787 5.04337064921856 8.97151107589404 10.6428861618042 13.2215668757757 16.0072023669879 19.78608344992 22.1390873193741
2.09180063878497 0.122175319120288 0 0 0 0.293279338317613 0.195450033061206 1.42732914537191 2.07904415826003 2.04125434781114 3.93169838935137 9.80359688401222 8.33341603477796 10.0750687221686 14.4646552701791 24.5603596170743 34.2749108870824 39.1975988944372 47.1377472082774 58.5748155911764 63.4911308685938 54.9435615539551 52.876740694046 56.1578820149104 58.0044388771057 60.2982044219971 63.4194364150365 67.2438045342763 62.7419998248418 50.9002357721329 42.0166899760564 33.6218078931173 20.447313785553 11.532715211312 3.95117638011773 0 0 0 0 0 0 0 0 0 0 0 2.36466123412053 5.08924884100755 9.43088221053282 9.416280935208 10.5890979369481 12.2484962145487
10.6030106544495 4.92892569551865 0 0 0 0.0123399731819518 1.17488872880737 3.07183060795069 3.50244684765736 3.00090915213029 2.09582519407074 3.33534025897582 7.21344848473867 3.10687596599261 8.66256654262543 17.3936548332373 26.9033014774323 33.5499520103137 40.6096503138542 53.0275106430054 60.0431859493256 70.3289111455282 75.067679087321 72.9052126407623 67.074919740359 58.8832894961039 55.1107476154963 56.9050312042236 57.8910658756892 44.9941406647364 28.4722298383713 17.7954435348511 10.9090258677801 1.46830749387542 0 0 0 0 0 0 0 0 0 0 0 0 0 0 2.45426688343287 3.47396234671275 4.3840054422617 5.24059620996316
37.2149348258972 31.1787004272143 12.1290783087413 5.62955749531587 3.14132186273734 0.859812988589207 3.8354763140281 4.20600858827432 3.43458168208599 2.68599204719067 2.88758302728335 9.39720248182615 9.56191619237264 9.03650807837645 9.89949889481068 14.0594641367594 21.9816441337268 30.9474766254425 35.5563561121623 38.9775757988294 41.9294933478037 54.7047108411789 64.6992027759552 69.4027195374171 68.1245227654775 63.6334766944249 55.6703557570775 48.2401549816132 51.8793215354284 34.2347472906113 16.4905662337939 5.40300582846006 0 0 0 0 0 0 0 0 0 0 0 0 0 0 0 0 0 0 0 0
