input/barkrak2/radiation/dir33324.grid
NCOLS 85 
NROWS 70 
XLLCORNER 665100 
YLLCORNER 4664600 
CELLSIZE 20 
NODATA_value -9999 
[rows 46 to 68 of 70, columns 0 to 51 of 85]
54.243008295695 55.8144400517146 58.4042916695277 60.4053636391958 60.1360301176707 60.0291192531586 61.8810753027598 63.6221915483475 60.5085293451945 59.3344271183014 58.4287395079931 57.2403768698374 54.1550765434901 51.1793345212936 51.0224252939224 54.253101348877 52.3006021976471 47.4871049324671 51.90043648084 51.5347520510356 48.9192058642705 50.0139941771825 50.4903296629588 48.8380293051402 55.2244782447815 49.9652127424876 51.2980570395788 52.0459165175756 51.3273427883784 51.1129399140676 49.5074689388275 45.9356606006622 45.1938609282176 45.7979490359624 47.3642249902089 48.8024055957794 50.2877036730448 55.0118833780289 56.913157304128 53.9737641811371 53.6058445771535 49.4565218687057 54.628665248553 59.8828593889872 51.2975553671519 25.4604717095693 1.53103455280264 0 0 0 0 0
48.3609586954117 50.6590157747269 56.0367355744044 57.7597121397654 61.2013339996338 62.7916753292084 60.912345846494 60.6187582015991 60.6675893068314 63.4471376736959 60.6900652249654 56.8905969460805 55.400217572848 55.447444319725 54.3022106091181 53.1875491142273 51.8249024947484 45.1903690894445 48.9308337370555 50.8279701073964 47.4030474821726 48.4238415956497 52.1553655465444 47.0609416564306 50.6330827871958 49.9493728081385 46.0406591494878 49.1966108481089 51.1023898919423 50.0842034816742 50.746629635493 49.7499207655589 45.5089608828227 47.5691854953766 57.8540662924449 62.2198234001795 57.8806102275848 51.6300002733866 54.3093631664912 60.9058241049449 56.0428102811178 50.9733508030574 56.9781909386317 61.1576388279597 56.5452724695206 40.5191505948702 10.324123625954 0 0 0 0 0
41.7460749546687 44.8734114567439 49.9063183863958 53.2826284567515 59.6673240264257 63.1076395511627 60.0709915161133 58.3967665831248 62.348410487175 64.5754784345627 62.6084903875987 58.8615934054057 57.5918257236481 58.3486507336299 56.0011565685272 51.1807252963384 50.666555762291 45.8779732386271 49.1896371046702 51.744282245636 51.6584863265355 51.6929080088933 53.5459021727244 51.8156886100769 49.7194776932398 52.5191475947698 49.6884683767954 53.5102983315786 58.0771068731944 59.7352832555771 64.2393330732981 63.9162709315618 54.856464266777 55.2268177270889 63.876415292422 70.9810654322306 68.5498863458633 59.0432435274124 56.1263908942541 60.1676106452942 55.0788044929504 49.4699776172638 48.0120033025742 47.9249010483424 47.0851560433706 46.0170259078344 35.1395085453987 2.74630822241306 0 0 0 0
40.7178997993469 38.7682989239693 42.884091536204 50.5251934130987 56.0030241807302 58.9656184116999 61.7255320151647 64.2931908369064 65.7191375891368 62.5248501698176 64.4065191348394 64.0984276930491 61.3729258378347 58.8988115390142 57.2457363208135 52.7108013629913 51.3474990924199 49.8537172873815 52.1964132785797 56.0510555903117 57.4737091859182 57.4947545925776 55.0199896097183 55.3885449965795 52.231361468633 56.6562513510386 58.4713717301687 61.7873519659042 67.5855378309886 72.8488266468048 78.1798213720322 80.2673399448395 70.6343501806259 63.5660191377004 63.0761881669362 71.8438376983007 74.519544839859 70.1713661352793 61.0522031784058 50.9280761082967 46.5828478336334 49.106111129125 48.6032714446386 44.691801071167 41.6322400172551 44.7661976019541 30.6652983029683 8.88916477560997 0 0 0 0
40.9448817372322 44.304683804512 47.8473007678986 53.84694536527 54.2298505703608 54.5988430579503 62.2093578179677 67.4142837524414 67.2864367564519 67.164808511734 67.009170850118 66.8219228585561 63.0708038806915 59.4301919142405 59.5843295256297 62.8034919500351 55.491695801417 55.4559230804443 56.9385389486949 61.3527148962021 61.5208397308985 59.5064908266068 56.3453336556753 56.4100990692774 52.0159701506297 57.4728300174077 65.1691854000092 67.7523910999298 73.3864307403564 79.4167419274648 85.1992766062419 87.6558721065521 81.2209447224935 68.0181334416072 50.5169133345286 52.4120777845383 62.3052418231964 70.9624787171682 62.6719693342845 48.621008793513 43.118824561437 47.8071123361588 54.015984137853 50.8680939674377 46.2728291749954 41.0666391253471 24.3295282125473 12.8890300790469 0 0 0 0
41.7264799276988 52.3000011841456 54.3605039517085 55.586298306783 53.4192472696304 53.2607138156891 60.6561203797658 65.9167518218358 65.9356663624446 70.7940012216568 68.5192843278249 67.9810841878255 65.7724837462107 61.2293283144633 61.3039831320445 67.6416009664536 60.8959297339121 59.0277016162872 56.4474413792292 58.1105450789134 58.5326055685679 56.8084468444188 56.5238545338313 53.821474313736 51.3198326031367 52.6059369246165 56.7077745993932 60.9348167975744 67.6967203617096 73.8761126995087 80.9011707703273 87.6741309960683 82.2044859329859 61.2635314464569 21.7537954449654 21.2383593122164 28.2408148050308 54.530014594396 67.5643533468246 65.7170514265696 60.8756691217422 53.8713485002518 47.1016267935435 42.0994311571121 46.4874009291331 42.7653988202413 24.1812989115715 18.0868444343408 0.652049435302615 0 0 0
45.2312131722768 43.6402062575022 42.8964843352636 45.0236250956853 50.9664913018545 56.3500672578812 57.2007497151693 62.666709224383 62.6696993907293 67.4676895141602 67.7571147680283 69.5356925328573 69.5370982090632 65.1157548030217 63.2764399051666 61.9201163450877 63.7505153814952 58.4743171930313 53.168773651123 51.2513369321823 50.3825942675273 51.8340617418289 53.2501488924026 47.9877094427745 50.7544328769048 47.8229522705078 48.5248118638992 49.5968659718831 51.7533818880717 57.9699774583181 62.5267326831818 71.3927646478017 68.3190723260244 47.5395421187083 17.5955034792423 10.0713173548381 10.8838217953841 19.4102860987186 44.7483013073603 60.3920022646586 66.2218481302261 55.1292101542155 42.8317983945211 36.6054102778435 40.9144908189774 27.8416971365611 23.5931028922399 34.5431640744209 18.7087220450242 0.435042466657857 0 0
47.599196434021 38.5966549317042 36.6397822896639 41.4782017469406 51.9451548655828 59.8404904206594 59.7449243068695 60.8801146348317 63.4515434503555 63.761830329895 65.8515443404516 68.714847167333 70.2786346276601 69.0612643957138 65.5384163061778 62.7529968818029 64.7798975308736 58.6714645226796 54.6915680170059 54.6463678280512 54.6848674615224 52.3494929075241 50.3975252310435 47.7618376413981 47.3861247301102 45.5666681130727 46.625629067421 45.5402831236521 45.3228503465652 43.8478042682012 39.2974217732747 43.7250634034475 46.3438133398692 24.788777033488 19.2046786348025 10.9407330552737 2.8410650168856 1.8876283429563 9.57066131134828 25.5082299311956 48.6869663000107 46.9296077887217 37.9039322336515 33.540353178978 23.5356092453003 24.5327154795329 22.344892223676 40.9670025110245 48.4783202409744 29.4731309016546 4.0919299547871 0
47.7690398693085 42.6413168509801 40.8553083737691 45.8624015251795 54.5110404491425 61.5614453951518 64.4877304633458 60.6951961914698 65.2240763107936 63.7338757514954 67.2461489836375 69.0552939971288 70.5291579167048 72.2324301799138 67.6772842804591 67.4834748109182 67.8285260995229 62.751958767573 58.8151713212331 59.2844982941945 59.9190394083659 55.7886858781179 53.3814132213593 53.1657685836156 50.8327037096024 49.6543347835541 46.5387403964996 45.4715589682261 41.4205317695936 37.0020667711894 30.3416053454081 34.3782554070155 41.3055618604024 43.3904081583023 41.5768623352051 31.1784620086352 11.711207528909 2.95960530638695 1.93352826560537 6.94237959881624 21.678035457929 25.8549898862839 21.9500089685122 16.1115651329358 15.8433802425861 21.1823880672455 23.159846663475 34.0449685851733 44.4451123476028 48.8767077525457 31.2513162692388 2.1348496278127
50.7615307966868 49.4023660818736 46.1778740088145 45.1910793781281 50.8155773083369 60.8493387699127 62.2838238875071 60.4683806498845 62.3511771361033 67.4810409545898 73.567455013593 74.0865617990494 72.4641581376394 72.9809055725733 71.2578296661377 70.6154406070709 70.9871848424276 69.3550407886505 64.689094821612 61.1433138449987 58.5396786530813 57.968537012736 59.2371771732966 60.8418087164561 57.3033392429352 54.6696235736211 47.706350684166 39.2029881477356 34.140353401502 31.9331735372543 31.5446282426516 38.8055195411046 45.3220307826996 56.2614053487778 61.2091720104218 59.6009343862534 48.5393653313319 30.97948183616 21.3208571076393 6.24907327195009 11.4426588018735 21.1949696143468 21.7499410112699 16.02470378081 16.7035882671674 31.2685593962669 49.9626348416011 43.773889541626 38.8481542468071 44.6717838446299 36.8207022547722 8.84891922275225
53.211842974027 52.6569585005442 51.6736656427383 48.4713216622671 49.7435530026754 58.3145916461945 60.1372371117274 60.4566633701324 60.568243265152 69.6635146935781 77.2273143132528 76.1193136374156 71.6049373149872 74.1242468357086 75.6605565547943 69.9919313192368 72.0950663089752 69.2974080642064 66.1889165639877 63.588152329127 62.1811846892039 62.758927543958 60.2566003799438 58.2969387372335 55.4507076740265 52.2491683562597 34.1298828522364 6.63478051622709 5.50132617354393 19.3235178788503 29.1566078861554 35.3627800941467 43.5408254464467 50.8258243401845 61.8324279785156 64.89297747612 65.0761425495148 55.6863347689311 43.8260038693746 25.0862489144007 13.0920546750228 21.343598763148 40.6268189350764 40.9362961848577 33.7708468238513 52.3546437422434 75.954924027125 66.0203496615092 44.9668318033218 32.8515519698461 20.0378273924192 10.0372272233168
52.1580725908279 50.3329982360204 53.9081990718842 54.9616167942683 52.7174274126689 55.217574040095 60.3007326523463 61.2333118915558 61.5772704283396 69.2956844965617 75.6923506657283 74.1385320822398 69.8621521393458 73.1827020645142 76.2895196676254 67.4708286921183 69.1010802984238 68.3117012182872 66.4947827657064 66.8551127115885 68.8502490520477 68.9474493265152 63.4425282478333 56.5115213394165 56.05448782444 52.4437675873438 36.8079865972201 19.2362293601036 18.5727054874102 26.7973095178604 35.2417280276616 38.6921564737956 52.5089204311371 61.7690583070119 72.4384089310964 65.3973867495855 61.9671046733856 25.7032364606857 26.0780404011408 26.6446198026339 32.0298646887143 40.1103968421618 47.5319077571233 24.9817992250125 19.4322603444258 23.6285701394081 53.9084027210871 52.6266793409983 40.3160403172175 31.5309266249339 25.8514508605003 18.9599953591824
41.5090372165044 48.7219542264938 52.0885288715363 54.7975599765778 54.9506644407908 51.8031318982442 60.3731175263723 63.9928877353668 64.9881511926651 70.0437476237615 72.1013446648916 71.4084704717 70.8492596944173 69.3431148926417 70.8974500497182 67.3287808895111 64.1317665576935 67.9151465495427 70.0046916802724 71.8942781289418 72.5065072377523 69.4154649972916 67.9825445016225 61.3950391610463 59.2614610989889 59.2115819454193 55.2177429199219 48.2697635889053 47.8350222110748 47.928993900617 45.5037653446198 45.2084690332413 64.1360034545263 74.3071734905243 52.9924631118774 48.395037651062 30.6646376848221 13.312208155791 5.14332856982946 12.6127600669861 11.2031623721123 42.389839887619 48.0304608742396 41.5419414639473 29.8164834578832 31.1534504095713 44.522355000178 48.7134804328283 46.1051712433497 39.7340257962545 33.6959237853686 32.9882750908534
32.5869495670001 46.4171965916952 50.1526494820913 53.0675053596497 55.9839010238647 52.3078838984172 56.0938715934753 63.1760358810425 73.6802965402603 75.1854032278061 70.6057796875636 68.4216171503067 70.289134979248 70.0099716583888 70.0787305831909 67.5203005472819 64.2926643292109 66.4514750242233 65.5327389637629 63.4488562742869 65.2232319116592 64.4824057817459 63.0211681127548 63.4020467599233 63.8401408990224 67.4968312184016 74.5889991521835 78.4722814957301 65.8801247676214 60.07352968057 49.2883622646332 45.1101164023081 55.7356576124827 52.223414182663 22.2542261083921 15.5165170629819 14.6615256865819 8.78646100560824 1.07490667141974 0 0 14.0940460066001 46.0552424192429 67.1547800302505 72.2445249557495 66.6446189085643 65.5792653560638 64.8376643657684 64.7664566834768 54.1493246952693 43.6997910340627 54.3416639169057
34.4804848233859 43.8137253125509 50.6545007228851 53.0057201782862 54.5658717552821 54.8282563686371 49.4200885295868 58.7210853894552 78.3974826335907 76.8221765756607 69.0393845240275 65.2191390593847 68.1739648183187 71.9443957010905 70.972482363383 67.9551362991333 66.9852097829183 65.0112380584081 58.4731996059418 51.4889707167943 52.351842323939 55.6689848502477 56.8080345789591 59.6287151177724 62.1757606665293 67.8699413935343 83.5467676321665 88.5012249151866 68.3878660202026 62.7574374278386 48.2926617066065 35.7651387651761 38.6092265446981 40.4286583264669 20.5630200604598 11.491817732652 12.4926790595055 17.9132744669914 10.7607915997505 1.659471852084 0 3.16982995718718 22.536372145017 46.6591616471609 49.5287974675496 50.8035520712535 48.4761645396551 59.541126092275 55.9099465608597 49.7200787067413 50.5260030428568 84.5873554547628
45.4438030719757 48.3511785666148 50.567756096522 47.3693956931432 41.9465800126394 38.4760772188505 46.0496991872787 51.5000919500987 60.7529232899348 56.7548920710882 53.8420428832372 58.6723883946737 66.8611923853556 69.0253029266993 64.8967524369558 66.9810871283213 67.3955281575521 61.7334842681885 54.1925132274628 49.1587519645691 48.4180996815364 49.491415421168 52.6294708251953 57.3304245869319 56.9663842519124 61.1974994341532 75.1230070988337 81.1626215775808 68.9766705036163 54.2379319667816 46.9354788462321 32.3610057433446 27.2857695817947 43.717881043752 40.2725338935852 19.5881488422553 19.5740088820457 43.1360304355621 46.295757095019 30.8967878421148 7.52635424335798 4.33516564468543 13.1248024602731 20.4411447048187 19.1811956465244 20.9414685765902 23.4784384568532 25.8083293835322 28.7832468748093 42.7487840255102 64.0920599301656 117.597997188568
56.4873119195302 53.3209691445033 49.5625386635462 42.853722969691 33.4395716587702 27.7435109019279 35.7624416550001 37.2043202320735 27.4201482534409 27.2099475065867 38.8399884104729 49.0529139836629 55.4486960172653 59.5434059699376 62.5758568445841 72.7207511663437 75.4968722661336 67.0085201660792 58.7119062741598 55.4132610559464 53.0456950267156 52.088330189387 53.4324695666631 53.2733102639516 53.4640699625015 57.6320091883341 64.9067511161168 67.3198153575261 62.1653099854787 43.0917938550313 42.2551929950714 37.3253151774406 33.2683399319649 51.9602696100871 58.2808405160904 46.5587675571442 36.9379868110021 23.6448794603348 33.753290772438 34.6411938468615 24.1597245136897 11.039895315965 12.7996529142062 13.257189343373 7.84521922469139 8.85095881919066 16.6259283820788 18.7437708179156 19.8556346197923 43.1892524162928 89.6197060743968 133.43424598376
59.1585040092468 52.7090827624003 48.0346282323202 44.384961326917 37.5179971257846 31.9156025846799 27.41423000892 23.3485599358877 8.72406053046385 16.3959798713525 32.2047422329585 44.416939218839 44.1894680261612 51.8382986386617 64.8919939994812 80.7601610819499 86.224893728892 79.2523920536041 70.8676725625992 67.0121510823568 61.4115993181864 60.4864110549291 59.2047224442164 53.7592669328054 53.3051639795303 51.8931498130163 55.3865432739258 54.7663966814677 50.6479690472285 35.9818985064824 34.0255970756213 35.4901676376661 31.1324695746104 54.0336668491364 74.222669005394 77.3360729217529 52.121972044309 17.3424022893111 13.9071196317673 19.4126491745313 19.884467124939 17.5110995769501 18.601610014836 17.6030223568281 10.6301916142305 7.340877627333 13.6421769857407 23.0318655570348 31.1475346485774 56.6978653271993 121.25023206075 152.567942937215
61.6045693556468 56.3432723283768 55.0512472788493 56.0993800560633 52.8684755166372 46.8055854241053 41.8897221485774 42.2532558441162 41.0379966100057 46.7062095801036 54.5225391785304 60.008371869723 60.2469146251678 55.5629134178162 65.7178858915965 81.4924538135529 91.3117627302806 91.6542410850525 84.3944748242696 74.8317937056224 69.2559629678726 64.1718655824661 63.3759945631027 63.1107141574224 55.2757779757182 44.5396701494853 43.7977612018585 46.6878215471903 43.5822755098343 42.4945006767909 26.8803636233012 20.5168363948663 16.9132724404335 32.099703947703 81.2321404616038 91.2889142831167 59.1480880975723 21.2614784638087 8.49306397140026 8.61030196150144 11.7277627189954 9.19196320076784 19.6890371541182 30.2087912956874 33.7859069307645 20.6414038936297 18.6062095065912 36.8953347206116 62.5439037879308 107.466717561086 140.216052532196 153.275996446609
62.3909582694372 59.7282896439234 59.7188572088877 61.0304772853851 60.6226623058319 57.0695102214813 56.8502893050512 64.569224913915 80.8323125044505 76.8565187851588 68.2482173045476 68.8104530175527 74.8218198617299 62.7588182687759 64.0577326218287 72.1855163574219 80.3503890832265 87.8549416859945 88.5009864966075 81.748237212499 76.1986076831818 69.8711623748143 65.9530262152354 61.8790686130524 58.1299960613251 45.0209577878316 33.737579981486 36.6347382465998 37.5998665889104 20.0412943959236 14.8764091233412 12.9288621246815 8.35576839745045 9.06669472654661 75.7518112659454 92.7240451176961 73.4676818052928 61.2564931313197 30.1604270935059 4.33963599304358 0.460300284127394 0 11.0506887237231 37.1480857332548 43.5298383235931 34.1495325167974 32.8561216592789 55.8978021144867 113.344728946686 158.140977223714 151.509622732798 139.20259475708
61.5446915229162 58.2218021154404 52.7159869670868 48.0871349573135 48.295517762502 50.4058202107747 50.545945763588 62.6100997130076 72.7119743824005 67.9430464903514 58.0310970544815 57.7841699123383 69.1748857498169 64.2614662647247 60.80062687397 60.2871477603912 60.8833134174347 67.5150007009506 77.627311150233 81.947073340416 77.7808974186579 71.9677309195201 64.4426544507345 60.3973021109899 51.4946232239405 46.2292234102885 32.4965169032415 27.0946870247523 33.4250455101331 30.2621747056643 14.8083195090294 9.5818651219209 2.81626327584187 0 0.196499788823227 82.8482409318288 89.6818141142527 100.637435913086 82.2973152001699 33.3901519576708 3.53523964683215 0 3.94181689868371 20.6432864069939 49.0937829017639 68.940465648969 90.075542529424 140.938699245453 181.983570257823 192.304948965708 177.089114983877 144.635140895844
63.7283623218536 61.6765320301056 55.7657579580943 49.0023990472158 47.4786957105001 50.339013338089 42.8674817085266 39.6679639816284 40.9969637791316 37.675566971302 31.544583539168 28.5579984386762 32.0814003547033 51.3513584931692 58.4336519241333 53.2830307881037 42.8458700577418 38.2396777470907 49.5565136273702 69.9051370223363 71.9861686229706 66.288431485494 59.8171303669612 55.7640492916107 48.4460095564524 44.9232508738836 36.2619881828626 15.7123108704885 24.1645177205404 38.9822646975517 21.1771751443545 13.8313037653764 5.67937331895034 0 0 62.3543113470078 102.584461371104 117.043346166611 103.681673606237 74.4142780701319 41.2732238570849 11.2296019991239 7.47696620722612 26.7140443126361 58.7910314400991 122.386336326599 163.59011332194 194.492697715759 203.48072052002 202.786564826965 193.171381950378 164.526492357254
65.4296825329463 65.3426597515742 62.7586344877879 59.183528025945 57.3005427916845 56.572953859965 41.349026064078 27.3440058032672 27.7242884039879 29.8952584465345 27.1726424495379 24.4683474302292 25.6828516721725 47.4615941445033 61.2887293100357 52.1368930737178 32.076175014178 20.5278471112251 24.1386244694392 40.8546775579453 50.5720575650533 53.5762856403987 54.3837199608485 48.0359743038813 41.6783541440964 37.3632833361626 24.5388448238373 8.56455291310946 16.54955620567 42.2206819057465 51.0260959466298 44.1097964843114 24.3412330746651 0 0 41.2671839197477 96.1901942888896 104.317287604014 84.9911073843638 81.9675773382187 87.2277617454529 72.0913658539454 49.9577869971593 65.0204221407572 117.838352918625 162.974546353022 186.229666074117 197.444796562195 199.222524960836 196.810364723206 191.899041334788 169.745484987895
