input/barkrak2/radiation/dir35424.grid
NCOLS 85 
NROWS 70 
XLLCORNER 665100 
YLLCORNER 4664600 
CELLSIZE 20 
NODATA_value -9999 
[rows 46 to 68 of 70, columns 0 to 51 of 85]
44.3388968706131 45.8442916472753 48.2622236013412 50.2421210209529 50.0371158123016 49.8966773351034 51.7563323179881 53.48801612854 50.5114942789078 49.4963427384694 48.735519250234 48.0898171663284 44.8352992534637 42.0836607615153 42.0698622862498 45.2330460151037 43.5033142566681 39.0783548355103 43.2308316230774 42.1459327141444 39.3090446790059 39.8138016462326 40.1751523216565 38.513275484244 45.0760225454966 41.5128146608671 43.2492246230443 43.9772109190623 43.4221625328064 42.3014809687932 41.7198042074839 38.6317248145739 38.034809132417 37.8792410095533 40.1281242569288 40.7579739888509 41.9208953777949 46.4689135551453 48.2525726159414 45.5156167348226 43.1454877058665 40.9814715385437 46.3165740172068 50.6091465552648 42.9695198933283 19.3148689965407 0.118307177520668 0 0 0 0 0
38.7892077366511 41.0394792755445 46.0817863543828 47.5148508946101 51.0091384251912 52.5592962900798 50.7364173730214 50.5518019199371 50.6519377231598 53.3627370993296 50.8185376723607 47.593966126442 46.0036049286524 46.5062359968821 45.1304465532303 44.1409448782603 43.0108606815338 36.8899355332057 40.4293139775594 41.5745501716932 39.0019342303276 39.4343013564746 42.2922074794769 37.5291233261426 39.4100298484166 40.2011026938756 38.1301591793696 41.0862416028976 43.0495887994766 41.7709449927012 42.5225247939428 42.1506464481354 37.843664487203 40.4609690109889 49.7228453556697 52.646741271019 48.6754675706228 43.9517647027969 46.467199921608 51.7151455084483 46.5095639228821 41.1524524291356 48.9017516374588 52.8983275095622 47.9322026173274 33.4425369898478 7.18823447823524 0 0 0 0 0
32.5446178515752 35.5052401622136 40.3027261296908 43.4260616699855 49.3442167838415 52.7563591798147 49.9174346526464 48.3596970637639 52.2343168656031 54.4279168049494 52.7871648470561 49.3320922056834 48.0339229106903 48.8512615362803 47.1082429091136 42.1904424826304 41.7820513248444 37.4007945259412 40.0762557983398 43.5254673163096 42.424405614535 42.4986730019251 44.274240732193 41.9064362843831 39.271945754687 41.3522397478422 39.4881367683411 44.7526822487513 49.690584341685 51.5057841936747 54.5933147271474 55.0718059142431 47.2252070903778 47.9502578576406 55.3760677576065 61.2941682338715 59.9834074576696 50.9290347496668 45.6119875113169 51.0334024826686 45.800452431043 40.4110699892044 39.4690111279488 40.4490903019905 39.6172255277634 36.6333325703939 28.2787258426348 0.853053759783506 0 0 0 0
31.6138217846553 29.728372891744 33.664807677269 40.7565956314405 45.9573566913605 48.8824546337128 51.4493882656097 53.9657175540924 55.2643785874049 52.4005045493444 54.2490035295486 54.5710821946462 51.8239587545395 49.2766350507736 47.7900405724843 43.9828683932622 42.8269902865092 41.117583711942 43.5235798358917 47.0323810974757 47.8844990332921 47.9403883218765 45.6561098496119 46.9400982062022 43.1012113889058 45.020247499148 46.5204815069834 50.9137163559596 57.5177768866221 64.2548650503159 69.6913947661718 69.5777833461761 61.5635563929876 56.0881197452545 55.5967340866725 55.8177133401235 63.2650802532832 57.990292708079 49.8807777961095 43.422723809878 39.9468938509623 40.6140089035034 40.0972117980321 37.4227836728096 33.3865086237589 35.2083295583725 21.5173264344533 5.92381010452906 0 0 0 0
31.7900752027829 34.9056993921598 38.2596179842949 43.8892145951589 44.1605597734451 44.6272343397141 51.9931614398956 56.8177749713262 56.8400720755259 56.6345949967702 56.69171611468 56.5215249856313 53.3968557914098 49.696147441864 49.9061246713003 52.6424398024877 46.288455526034 46.4896261692047 48.0375538269679 52.0345866680145 52.4134735266368 49.8276154200236 47.7373699347178 47.016700108846 43.7284012635549 48.0710566043854 50.5547324816386 54.2326867580414 58.5866918166478 70.6878205140432 76.5308837095896 79.0309508641561 70.5362459023793 60.2293660243352 43.1276162465413 46.219473083814 54.1822959979375 62.289223074913 54.4639031092326 41.3133899370829 35.106564561526 39.0277753273646 44.8818306128184 39.9470329284668 36.0048214594523 34.33525065581 19.4938244918982 9.42611818512281 0 0 0 0
32.5296297669411 42.4877603848775 44.4619903961817 45.6565370162328 43.7837342421214 43.2114899158478 50.5699217319489 55.5464973052343 55.4827004671097 60.1079612970352 58.093731602033 57.5701047976812 55.4592510064443 51.6290615002314 51.9842803478241 57.6367179552714 51.336000363032 49.2105136315028 48.2047001520793 49.0652273098628 49.4085351626078 47.9605148235957 47.8173693021139 44.5534288883209 42.289803425471 43.5506999492645 48.390731215477 48.5660086075465 52.9073725144068 58.4150751431783 69.6351627508799 77.7329603830973 71.5611676375071 53.5443723201752 17.217431217432 16.7610881229242 22.9264448086421 48.22805027167 54.8856655756632 56.1031699180603 50.5103369553884 44.228067000707 35.8397165934245 35.3624299168587 39.4116515914599 35.3337327639262 19.3868018686771 13.993843148152 0.0402173754991964 0 0 0
35.8441074689229 34.3671838442485 33.6303586761157 35.703885058562 41.2938470641772 46.1462487777074 47.1653640270233 52.3564070463181 52.2909810145696 56.8674256404241 57.143027583758 59.0223968029022 58.7872366110484 54.9750030040741 53.4511506557465 52.4652103583018 53.9359152317047 49.1848687330882 44.2935029665629 41.9299801190694 41.6503498951594 43.8104967276255 44.6814745664597 40.4895196358363 41.741023461024 39.0674794713656 39.8095995187759 41.9100821018219 40.6291211644808 43.8441981871923 47.2963154315948 60.1900418599447 58.8800112406413 33.0971777439117 13.576690107584 6.99049048125744 7.69398485620817 15.1561175783475 36.1800715327263 52.4034798145294 54.9641748269399 47.4667648474375 34.0800806879997 30.9384788076083 32.6042920351028 22.600198785464 18.8896593948205 28.1939655542374 13.6155361930529 0 0 0
38.043737411499 29.5608341693878 27.7283042669296 32.2780857483546 42.1604216098785 49.8290757338206 49.4127968947093 50.6329238414764 53.0685285727183 53.4100482861201 55.6546052296956 58.1376949946086 59.8203589518865 58.7372332811356 55.1483233769735 52.8473059336344 55.2980999151866 49.7737030188243 45.6246882677078 45.587549606959 45.1870908339818 43.67263118426 41.9492224852244 40.1224692662557 40.0747408469518 38.4967078765233 37.231648961703 37.1156334877014 35.6869498888652 34.1916009783745 28.890922665596 34.0064764022827 35.3109389543533 19.9147301415602 15.0046721100807 7.75064093371232 1.14128777446846 0.292998117705186 6.63948245346546 20.5144062638283 41.6521281003952 37.9614283641179 32.5003241499265 23.5801537831624 18.7788009643555 19.7037756443024 17.7814935644468 33.8620742162069 40.4051865140597 22.7379947900772 0.918412037814657 0
38.1922721862793 33.3372826377551 31.6492915153503 36.3639245430628 44.5606112480164 51.2578040361404 53.7791798512141 50.182913740476 54.6847929557165 53.3241977294286 56.8410605192184 58.5042933622996 59.8664184411367 61.4013969898224 57.1791877349218 57.3361963033676 57.3300172885259 53.077831864357 50.5160391330719 51.0849803686142 50.606295466423 46.2612807750702 44.6798354387283 44.6673134962718 43.2596951723099 42.3284471035004 39.6633148193359 36.2151737014453 32.6199432214101 27.871310710907 22.5735108057658 26.6679053505262 34.2692385117213 36.4696184794108 34.7033739089966 25.0105932354927 7.78236115972201 1.03504086534182 0.5158493683363 4.29795527209838 17.1409646670024 20.8498363693555 17.4081698060036 12.2681111097336 12.0376919706663 16.7656963070234 18.4793310860793 19.0977429350217 36.6399561365445 40.1207605997721 24.3591417868932 0
41.0046304265658 39.6933009227117 36.6520409782728 35.7339854041735 40.8929586410522 50.5850414435069 51.7631272474925 50.0668982664744 52.1612713734309 56.9838931163152 62.6948227485021 63.3845428625743 61.8666460116704 62.4189674854279 60.5572760105133 60.3406727313995 60.6756061315536 58.7874253590902 54.4412831465403 52.0756741364797 49.6824979782104 48.8141079743703 49.5166679223379 51.9339342912038 47.8020161390305 45.4260806242625 37.3970419168472 31.9513777891795 26.6968955596288 23.7357889612516 24.517722427845 30.0843665997187 37.8982946276665 48.6463656028112 53.6751051743825 52.081232269605 37.9164814949036 24.9515722195307 14.7629169126352 3.64121763656537 8.17512907087803 16.7547427117825 17.2526004413764 12.1990566452344 11.7882589499156 25.3037412961324 42.3227896293004 36.0419501860937 31.2853480378787 36.4057173331579 16.9442122181257 5.91966509819031
43.3475325504939 42.7979131539663 41.8072392543157 38.8360222180684 40.0136237343152 48.0496784051259 49.9434322118759 50.055205821991 50.3604610761007 58.9432815710704 66.3103212912877 65.0795598824819 60.985674460729 63.3007387320201 64.9503171443939 59.3092689911524 61.7213149865468 59.2014888922373 56.2401662270228 53.8361171881358 53.0558476845423 54.0195057789485 51.9322951634725 49.5008329550425 47.6285517215729 42.4356559912364 26.7478823661804 4.18475177139044 3.19535626719395 10.5950658520063 21.9114472468694 27.9985442757607 36.2074822187424 43.3495144049327 53.6881784598033 56.6322058439255 55.2427719036738 49.4824300209681 37.0216692487399 20.1107536753019 9.6147737155358 16.8711977700392 33.0595622460047 33.303032318751 28.5719409584999 44.574499130249 64.6352867285411 56.9349577029546 37.0786736408869 24.3694384892782 12.3726849754651 6.93116274972757
42.3510670661926 40.5697897076607 43.9379314581553 44.9415693680445 42.8732534249624 45.1411753892899 50.0776718060176 50.773948431015 51.2533684571584 58.6355527242025 64.6439691384633 63.2644941409429 59.0842018524806 62.5138531128565 65.4807488123576 57.3593775431315 58.7725838025411 57.7376534541448 56.1382919549942 57.4572930733363 58.3696117003759 58.5129956404368 54.7707577546438 49.0711430708567 48.0132202307383 44.4908291101456 28.979333738486 13.0299627780914 12.6428777972857 19.1628610094388 27.0525515079498 31.7260374625524 44.4323023160299 53.9584110180537 64.4767979780833 58.8184297084808 55.5023600657781 20.6910446286201 21.0284392038981 21.549699207147 20.5271939436595 34.2885454495748 38.1898035605749 20.0576956073443 15.1598875721296 18.8499689102173 26.8347958723704 44.5746034383774 30.0577183564504 19.9664930502574 14.3059430023034 9.98200476169586
32.3393692572912 39.081816871961 42.2316342592239 44.7903573513031 44.922262430191 41.9548551241557 50.137922167778 53.6161164442698 54.3609609206518 59.2240889867147 61.0518256823222 60.3823761145274 60.1412405570348 58.7028364340464 60.3205760320028 57.0111175378164 54.4839402039846 57.3648562033971 58.91153216362 61.2567961215973 62.5113348166148 59.5484723647436 57.0442974567413 52.8693497180939 51.0798394680023 50.7860730091731 46.1662362019221 40.4962773124377 40.1511117815971 41.5902932484945 38.2464652260145 37.6373728116353 48.6493011315664 65.2558902899424 47.1074879169464 42.6164716482162 25.099312265714 9.84724735220273 2.97970231622458 6.57277926802635 7.46207560102145 25.3115445375443 41.0366008679072 34.7318251927694 23.6655498544375 24.6591741840045 36.9622906049093 40.9506633877754 38.389320174853 32.4099585413933 26.7982209722201 25.7152765989304
24.0461975336075 36.8353525797526 40.4109631975492 43.1481500466665 45.9002951780955 42.4710065126419 45.9211568037669 52.8117120265961 62.7464453379313 64.197118083636 59.5615655183792 57.5202455123266 59.31223432223 58.9520831902822 59.232622385025 57.2085529565811 54.1223684946696 56.699275970459 55.6035240491231 52.7737637360891 54.5308937629064 53.8832048575083 54.0974736213684 52.7946650981903 53.9093911647797 58.5562785466512 65.7189786434174 65.4463917016983 54.6443263689677 51.9076635440191 41.7366474866867 34.8784079154333 42.4782435099284 40.3501242399216 17.6691611607869 11.7904742558797 11.0867246985435 5.95666840672493 0.266346052133789 0 0 10.4742956658204 35.386065642039 52.5140166282654 53.7907381852468 57.959924141566 55.7692150274912 55.8008402585983 55.856058994929 45.8127409219742 35.8945478995641 44.9702988068263
25.8924787243207 34.314771493276 40.777067343394 43.0768479903539 44.4031457106272 44.5962697267532 39.4903148214022 48.1047183275223 66.5837327639262 65.9289310375849 57.9109390576681 54.8444936672846 57.3266049226125 60.8940720558167 60.339684287707 57.2142948706945 56.6323747237523 54.6233902374903 48.7158348162969 42.5157696008682 42.5262749195099 45.5407053232193 46.6346691052119 51.0402619838715 52.3265997568766 59.128741423289 74.4134485721588 79.9578726291656 61.2968951463699 49.2734909057617 40.741965174675 29.3418069680532 28.4381558497747 33.6618423461914 16.2412251035372 8.31493176519871 9.19524145623048 13.550192117691 7.1617861588796 0.338159152306616 0 1.28692947328091 17.8965131441752 37.8744999567668 43.7348286310832 40.8694023887316 42.3437058925629 43.2869444290797 40.6979521115621 41.8247878551483 42.1366592248281 73.2075919707616
36.0646123687426 38.6308481295904 40.6817644834518 37.8873869776726 32.79197961092 29.0777335564295 36.1608515183131 41.787659128507 50.3313442071279 46.2659796079 41.8881277243296 49.245278040568 56.3519994417826 58.1373870372772 54.2493462562561 56.3111503918966 56.8464795748393 51.7047643661499 44.5572882890701 39.6802425384521 39.5786414543788 40.182888507843 43.2128608226776 46.5015818675359 48.1007446845373 52.815447251002 63.7373824914296 72.6374785105387 61.4859759807587 47.4421431620916 36.0172192255656 26.2452339132627 16.1735527217388 36.7686549822489 33.8731358448664 15.4064012070497 15.3412570556005 36.4228437344233 38.3002509673437 24.9267493685087 4.75126908471187 2.0304157709082 9.62917506694794 16.0487021009127 14.9363925059636 16.4814715584119 18.716637045145 20.7742427786191 20.2511747678121 35.3028972943624 54.3952683607737 104.688058296839
46.4245180288951 43.3113525311152 39.9014800786972 33.6047460635503 24.8708377281825 19.7035633027554 28.0367036660512 28.6193241675695 20.2416181564331 16.9556339581807 29.4301236669223 39.2748564481735 45.3366388877233 49.150139093399 52.0339707533518 61.9194209575653 64.5508716503779 56.5713246663411 48.7221082051595 45.6746071577072 43.1232452392578 43.1897640228271 44.452836116155 42.0472572247187 44.1552052895228 46.5935568014781 56.3653111457825 58.190772930781 53.4883042176565 35.7885832587878 34.6353724598885 30.9008235732714 27.1619483828545 44.3854878346125 50.779789686203 39.661114414533 30.3205524881681 18.868800252676 21.0502992073695 28.6882445216179 16.0781343777974 7.8093974540631 9.3422153343757 9.7505214313666 5.01243211328983 6.33766750494639 12.6907130082448 14.5536710818609 15.5232300360998 35.3953192631404 78.1384209791819 120.136717955271
48.9285190900167 42.8238759438197 38.4348382552465 35.0070744752884 28.588039179643 23.4504689772924 19.9943160017331 15.0199433167775 2.02878145501018 9.60727035999298 24.9478171269099 35.0412055850029 34.7909877697627 41.9145971536636 54.4350296258926 69.5395221312841 74.7888088226318 67.9716169834137 60.2404624223709 56.5151075522105 51.9987046718597 49.7047503789266 50.171305735906 45.599306623141 41.7807052532832 42.8656091292699 41.1230872074763 44.659748673439 42.4962441126506 29.352975388368 28.6388049523036 29.2153904835383 18.9649599293868 40.343018869559 65.9110297759374 68.906307220459 44.5381502310435 13.3369589845339 10.3184413164854 15.1435273389022 15.5571773648262 13.4717797239621 14.4337390859922 13.5741258660952 7.41987364987532 4.56299136082331 10.0707312424978 14.2787185808023 24.5623737573624 47.2781111796697 108.208080132802 139.041284720103
51.2145857016246 46.2265312671661 44.9575632810593 45.9708919127782 42.9289042949677 37.2255717714628 32.6431343952815 32.9819445808729 31.8224380413691 37.3633950948715 44.6031242609024 49.5697160561879 49.8447318871816 45.5489605665207 55.0243407487869 69.9640611807505 79.0679603815079 79.973116517067 73.1174399455388 64.0595853328705 58.4540963172913 54.4911523660024 52.7698844671249 53.6845276753108 47.4530955155691 37.755918999513 31.5238237380981 34.7240219513575 35.8012119928996 35.427192846934 15.8298934499423 16.126894702514 12.966883679231 20.5512903630733 72.3842084407806 82.5160841147105 51.5058388312658 16.804002225399 5.58534575005372 5.68367416659991 8.4058561672767 6.49684046705564 14.7991602619489 18.7922244270643 27.1502782901128 11.7841189106305 12.4568889538447 29.8209885756175 53.112452228864 95.1130390167236 126.839319864909 140.104949474335
51.924263437589 49.3118117252986 49.4655867417653 50.829087694486 50.3527373075485 46.9041268030802 46.6781208912532 53.8902630408605 69.506511092186 65.6335453192393 57.037760814031 58.1817179918289 63.458114862442 52.2496104240417 53.1376600265503 61.4258646965027 69.2382504542669 76.2619972229004 77.1186103423436 70.5950359503428 65.2473469575246 59.2610289653142 56.3544084628423 53.3171345790227 45.2202012141546 37.5863711039225 26.4268666505814 27.1654402216276 29.9816305438677 15.7162584364414 11.1882016062737 9.48594696819782 5.48929224411647 2.86256925513347 65.6782736380895 83.997368812561 65.4461731513341 53.2705287138621 23.9660417040189 2.1699033677578 0.0135147347464226 0 7.31279390553633 29.2908201615016 36.0191389918327 27.3070186376572 26.077742377917 46.9172894954681 101.088225841522 143.957008918126 138.055990139643 126.490294933319
51.1672596136729 47.972247004509 42.8512791792552 38.5346934199333 38.8131191333135 40.6004264950752 40.7457749048869 51.6720513502757 61.0491136709849 56.847224632899 47.9690233866374 47.416960199674 57.6338469982147 54.0422648191452 50.609032313029 49.2091278235118 49.7509936491648 56.7194869120916 66.7059322198232 70.8145995934804 66.7798767487208 61.0472609599431 54.936225215594 50.0404685735703 43.4243083000183 35.0574453671773 25.721604625384 15.9374264379342 26.4136443535487 20.5192205806573 11.1413262784481 6.5667616824309 1.02666610231002 0 0.0527722052841758 74.2683162291845 81.1752180258433 91.3513898849487 73.209340373675 27.1190653244654 1.65014620870352 0 1.69585769375165 16.2176626423995 41.1127159992854 59.5790247122447 79.3492247660955 127.732346455256 167.3424243927 177.579303582509 162.977745135625 131.826420625051
53.2226463158925 51.2685477733612 45.6935316324234 39.3055205543836 37.8643274307251 40.5365700523059 33.7220231691996 31.681848069032 33.1689516703288 30.1354974508286 23.3777115742366 21.3028912742933 24.7946456074715 41.4216071367264 48.246294260025 43.1207517782847 31.8292031685511 28.7060290575027 40.0544355312983 59.2529873053233 60.9748661518097 55.7601402203242 49.0679045518239 46.643520394961 40.3423234820366 34.8641599218051 28.9293577273687 7.98816358049711 12.5872492790222 32.1226567029953 16.7326132456462 10.2736571182807 3.17227529982726 0 0 53.2977531353633 93.5248136520386 107.705334822337 94.3508247534434 65.8589551846186 34.1522743304571 6.77228284378846 4.46826374779145 20.4331018030643 49.5834549268087 110.199948151906 150.021076202393 179.777145385742 188.725749651591 188.031315803528 178.570151329041 150.921533505122
54.8533697923025 54.7864437103271 52.3429016272227 48.9467879136403 47.1460024515788 46.460563937823 32.1691756447156 19.295676300923 19.6237700680892 21.4712172746658 19.0261962513129 16.5840350091457 17.6674760878086 37.8494014342626 50.9793907403946 41.3868625958761 24.797648191452 13.3100027839343 16.3579160968463 29.5620858669281 40.481502811114 43.8534071048101 44.4626559813817 37.8350292642911 33.6915800968806 29.3420900901159 11.3423032065233 5.70480898022652 9.07149600485961 35.1120382547379 43.496827284495 36.702831586202 17.9986879229546 0 0 31.9155330459277 86.7837766806285 95.0626333554586 76.4399270216624 73.418656984965 77.7803808450699 62.3552650213242 41.1972999572754 55.2108287811279 105.26039203008 148.909111817678 171.71311378479 182.668368021647 184.463699658712 182.033042112986 177.162408828735 155.732105175654
