input/barkrak2/radiation/dir32824.grid
NCOLS 85 
NROWS 70 
XLLCORNER 665100 
YLLCORNER 4664600 
CELLSIZE 20 
NODATA_value -9999 
[rows 46 to 68 of 70, columns 0 to 51 of 85]
59.1189116239548 60.6237153212229 63.3682707945506 65.3173178434372 65.1177267233531 64.8981581131617 66.731850306193 68.6588833729426 65.273255109787 63.9834304650625 62.9615286986033 62.0997945467631 58.4735075632731 55.3832054138184 55.7038684686025 58.9551379283269 56.9742222627004 51.9617746273677 57.284156481425 56.1532427867254 54.0729065736135 54.5981774727503 54.4114063183467 52.5873452425003 58.9228371779124 53.7215818961461 55.1743408044179 55.9126933415731 55.8071136474609 54.9519956111908 53.2835721969604 50.1012603441874 49.2717027664185 49.381693204244 51.3034512599309 52.6782969633738 53.8818538188934 59.3013266722361 60.5232864618301 57.5434118509293 58.6227079232534 53.8944453001022 58.3509703477224 64.9541368087133 56.5294474363327 28.5151451826096 2.64590047299862 0 0 0 0 0
53.0943522850672 55.4867883523305 61.0405107339223 62.706579764684 66.1368270715078 67.8343127171199 65.7863219579061 65.4743214448293 65.6398733456929 68.2098716497421 64.9343580007553 61.3411764303843 60.2078884840012 60.2451860904694 58.4939767916997 57.2850356499354 56.4816892147064 49.6530383825302 53.5300274689992 55.5401692787806 53.1095912059148 53.5464336474737 57.5040280818939 51.5118340651194 54.3126612901688 53.7326484918594 49.8636960983276 53.093413511912 54.9928843975067 54.4698238372803 54.5492470264435 53.4365425507228 49.08087849617 52.7902742226919 62.2486819823583 66.6339298089345 61.567356189092 56.4492096503576 58.6010416348775 66.5431171655655 61.2176110347112 54.5727113882701 61.3037000099818 66.4117932319641 60.2243642012278 43.9171294371287 12.4450325965881 0 0 0 0 0
46.3195393482844 49.475222826004 54.5846472183863 58.1658979256948 64.6243492762248 68.0427551269531 65.0280565023422 63.256690899531 67.1740472316742 69.3518171707789 67.6231483618418 63.4267032146454 62.027449409167 63.2300078868866 60.8153690894445 55.8395286401113 54.7173221906026 49.7130205233892 53.8014670213064 57.1187436580658 56.2891860802968 57.0348550875982 59.0103914340337 56.4093738794327 55.0352235635122 56.368832786878 53.5824795564016 57.4971536795298 62.1119638284047 63.6881937583288 68.2515203952789 67.8478479385376 58.552290002505 59.6922636032104 67.5819466511409 75.7796217997869 72.2257395585378 62.6088082790375 59.6402784188588 64.753716190656 58.6104691028595 53.5906702280045 51.5783925851186 52.2249042987823 50.6579329570135 49.5159476995468 38.7058208386103 3.95777976761262 0 0 0 0
45.2501475811005 43.2507495085398 47.3936895529429 55.2468399206797 60.8703345060349 63.9340976874034 66.6524022817612 69.3823993206024 70.6361681222916 67.3173666000366 69.1846112410228 69.4884310166041 65.9348666667938 63.3517603079478 61.6150150696437 57.4424167474111 56.0152679681778 53.8046956062317 56.8887889385223 60.0337386131287 61.4672799905141 61.4081770181656 59.7190707921982 62.0373437801997 57.6913257439931 61.3857706387838 62.44957447052 65.8188412586848 71.7313985029856 76.9376903772354 82.2159747282664 84.3695998191833 74.5767851670583 68.3772563934326 67.810853322347 75.6017367045085 78.2416810592016 73.8584895928701 64.6299918492635 56.8031469980876 51.7398218313853 53.5986870527267 52.1873583396276 48.7329413493474 45.1270292202632 48.3045876026154 41.4154728253682 10.36545013388 0 0 0 0
45.5101480086645 48.9436288674672 52.4876862764359 58.6271385351817 59.1371307770411 59.4689647356669 67.3639078934987 72.3930199940999 72.400043408076 72.0809598763784 71.8580583731333 71.6371933619181 68.0977205435435 63.9926344156265 64.0698472658793 66.6907479365667 60.2895518143972 60.2234303951263 60.9247386455536 65.4324591159821 65.5451317628225 64.3482307593028 62.0038608709971 61.1024796962738 57.4968159198761 64.1280015309652 69.185733795166 71.7988113562266 77.5753110647202 83.5570792357127 89.2971853415171 91.7423864205678 85.2758785088857 71.756973862648 63.0505879720052 56.8805982669195 65.5651986598969 74.4760582844416 66.1108195781708 52.6517828305562 46.9085474809011 53.8045863310496 57.6673249403636 55.2682677904765 49.8362928628922 46.7896610498428 26.3120979070663 14.5272463560104 0 0 0 0
46.2965667247772 57.16805656751 59.1809054215749 60.3890617688497 58.6238106091817 58.1259081761042 65.6070560216904 71.0855821768443 70.9319412708282 76.0491937398911 73.7017393112183 72.9009211063385 70.2442179123561 66.2203083435694 66.2806828816732 72.1976359685262 65.28140604496 63.1069938341777 60.3310664494832 62.9752924044927 62.611257036527 61.5750600894292 60.3478650252024 57.5274775425593 55.8488468329112 57.1474929650625 62.5143150488536 68.0759201447169 71.7608779668808 79.072634379069 84.9723716576894 91.8275018533071 86.2994790077209 65.8444662888845 23.5744292537371 23.0789060393969 30.2733977635701 59.0610404809316 72.4471509456635 70.5193827549617 65.4978156089783 58.2448790470759 50.6689051787058 45.1179345448812 55.3323576847712 45.8027670780818 26.170626282692 19.8961235582829 1.26772078995903 0 0 0
49.8800774415334 48.2244044542313 47.5068390369415 49.5558182398478 55.6466033061345 61.3162765900294 62.0872577031453 67.6700174808502 67.7470763524373 72.4569410085678 72.7345794439316 74.7581968704859 74.4372059901555 69.5741573969523 67.8042719761531 66.8799181779226 68.255012234052 62.6494487126668 57.1746528148651 55.2599330743154 54.9697279930115 56.4289937416712 57.8982482353846 52.4322638909022 54.3571809927622 51.296204328537 52.9409895340602 55.1245460907618 60.4976912339528 64.0767614046733 66.4028575023015 75.4734973112742 72.3341852426529 51.215206583341 19.3576253950596 11.5879339476426 12.398270269235 21.1678619186083 48.9472995201747 63.5262529055277 72.5665390491486 60.5688194433848 48.1214423974355 40.171280503273 44.7321434815725 29.9172550439835 25.5714828769366 37.7707729736964 21.4219267169635 1.20949419215322 0 0
52.3253430922826 43.0969248215357 41.0850768287977 46.0800329844157 56.6440721352895 65.1024381319682 64.7858281930288 65.8702353636424 68.4323559204737 68.9669301112493 71.1332807938258 73.7185378869375 75.5408306916555 74.267456928889 69.8124667008718 67.3276881376902 69.8383351167043 63.5531842708588 58.8394502798716 59.3801736831665 58.7558299303055 56.2388151884079 54.9620091915131 51.4148672421773 52.6917676130931 50.7832666238149 50.0689645608266 48.8160004218419 50.6827930609385 50.1104096571604 44.2465494076411 47.5746889909109 50.1205821832021 26.7686794201533 21.0304111242294 12.494998673598 3.96094036599 2.92001975079378 11.2122409045696 27.4770309527715 55.7344804207484 51.9639352957408 41.5757571657499 36.9972909490267 25.4791552821795 26.5320241451263 24.2898563543955 44.5481886466344 52.5152881940206 32.9366077979406 6.30474587281545 0
52.5046686331431 47.2588737805684 45.4253256320953 50.5112608273824 59.2760294675827 66.5125648180644 69.5598125457764 65.7821794350942 70.1671193043391 68.6067342758179 72.4626630544662 74.1834541161855 75.5775471528371 77.1389106909434 72.8468398253123 72.2188452879588 72.4960267543793 67.1367744604747 63.6959721644719 64.8244023323059 64.1467074553172 59.8497788111369 57.2896798451742 57.7789545059204 54.4505715370178 53.1663695971171 52.8337905804316 48.8235255082448 45.2722609043121 41.7944093545278 35.425491631031 38.038710753123 44.8467234770457 46.8730032444 45.0395892063777 34.3366463979085 13.8966962695122 4.17204387485981 2.95914771656195 8.16924311220646 23.4979117910067 27.8751105070114 23.8674134016037 17.856277525425 17.5868297616641 23.0944181481997 25.123509267966 37.4815613031387 48.3668347199758 53.0808319648107 34.5824882388115 4.58259290705125
55.5730760097504 54.1904966036479 50.8844753106435 49.7986276944478 55.5443465709686 65.7818416754405 67.4427052338918 65.3874973456065 67.5619542598724 72.5727627674739 78.7089765071869 79.218919078509 77.7800232172012 78.3051898082097 76.16193095843 75.8480876684189 76.1650900046031 73.3850399653117 69.0868298212687 65.4364724953969 63.4011973937353 62.1189326047897 63.2218966881434 64.7228956222534 61.0666573047638 58.3220720291138 51.1379688978195 43.2503124078115 37.959431608518 35.6787989536921 36.4705125490824 42.7622298399607 49.040233095487 60.2658887704213 65.4824525117874 63.2516443729401 52.104706565539 33.7822511792183 23.8905400037766 7.62023404240608 13.020192583402 23.0942890048027 24.360383550326 17.7746675908566 20.8924313386281 34.3158692121506 53.7678301334381 47.6648310820262 42.6759521166484 48.7844496965408 40.5411844452222 10.2137438952923
58.0714046955109 57.5296630462011 56.5222054719925 53.2179574171702 54.5081198215485 63.2887035608292 65.4625842968623 65.3758744398753 65.6607796748479 74.7675249973933 82.4712266524633 81.3525021076202 76.7527918020884 79.2309691508611 81.0185819864273 75.2166261275609 76.9429703553518 74.9593824148178 70.7138081391652 68.0133402347565 66.5293435255686 67.7203585704168 65.1263346274694 63.0936821301778 60.1163506507874 56.0217648744583 37.5912860035896 7.76699806253115 6.37097346285979 22.3618969321251 32.7973912159602 39.8176560799281 47.2228328386943 54.4819484154383 65.5575444300969 76.9902318716049 69.5441017548243 60.4049811760584 46.326090892156 27.2369931141535 14.7217797736327 23.242029050986 44.5149491230647 44.4432745377223 37.258339424928 56.8987081448237 81.4070850610733 70.4856465260188 48.9309628804525 36.3575493295987 25.4505897561709 11.4872232079506
56.9925804932912 55.1449358463287 58.773010969162 59.9052608013153 57.5461735328039 60.036559899648 65.4261211554209 66.1724060773849 66.6876882314682 74.5563258727392 81.1399618784587 79.4419298569361 75.151930252711 78.3101171255112 81.685796380043 72.5756386915843 74.3022461732229 73.0723440647125 71.0706412792206 72.5337813297908 73.3398298422496 72.5449870030085 67.5867696603139 62.0934714873632 59.8843296368917 58.2839598258336 40.6205107768377 22.5061823924383 22.2951024770737 29.8176929354668 39.6411617596944 43.4197535117467 56.5006633599599 65.5561884244283 76.2655884027481 72.4227577447891 66.949337720871 27.6286825537682 28.0875439445178 28.6858752369881 35.3058452407519 43.8458472490311 51.4898250500361 26.9724826018016 21.2520236770312 25.5600909392039 60.9218378861745 56.7495177189509 43.9855207999547 34.898487230142 28.9941628774007 21.8609819809596
46.0731486479441 53.43892176946 56.8666259447734 59.6454044183095 59.7886840502421 56.6460192203522 65.5082762241364 69.2577362060547 70.1739688714345 75.2368370691935 77.4835894505183 76.4842679103215 76.1076062917709 74.4681109984716 75.9996970494588 72.2620636224747 69.6008900801341 73.0279386043549 75.1593361298243 76.5724728504817 77.7591069539388 74.5188295841217 72.3596662282944 65.4949396848679 63.1502171357473 63.9362434546153 60.0933929284414 52.0300964514414 51.1132180690765 50.9714235862096 52.310049533844 48.7259328365326 68.5639133056005 78.3265034357707 57.6662321885427 52.7401467164358 32.7990328272184 14.974898348252 6.42663861314456 14.8880754907926 13.9192367593447 46.3896493117015 55.5800298849742 44.9783007303874 32.9773003856341 34.4801147778829 48.2631425062815 52.5146424770355 49.9751220146815 43.4386134147644 37.217212220033 36.7092813054721
36.8738571802775 51.0556995868683 54.9895664056142 57.9617222150167 60.8724256356557 57.1206708749135 61.0949099063873 68.6267366011937 79.3018738428752 80.7869682709376 76.2684643268585 73.4149118264516 75.6110201279322 75.0290006399155 75.2165069182714 72.7472454309464 69.1472440958023 71.594516436259 70.6427743037542 67.9417550563812 69.7997808456421 68.9554512500763 68.584347764651 67.653626203537 67.9564774036407 71.7659691969554 78.8255035877228 82.5594365596771 69.3426430225372 63.3619328339895 52.5016486644745 48.5707620779673 61.1500193675359 56.1996350685755 24.1596251726151 17.2451076408227 16.3720808923244 10.3161465376616 1.59254390746355 0.0230884009700579 0 16.0721776386102 49.0337163209915 70.9993292888006 76.091061035792 70.4088856776555 69.5565144220988 68.815603852272 69.1599696874619 58.2936406135559 47.6265599330266 58.9931706587474
38.7827605009079 48.4675665696462 55.4220378398895 57.9447597265244 59.4685872395833 59.6602459748586 54.2361537615458 63.5897119839986 83.648939927419 82.400252421697 73.8896032174428 70.4715152581533 73.8465537627538 77.2268623113632 76.3123333454132 73.1158554553986 72.0732063055038 69.8189040025075 63.0890478690465 56.5801362196604 56.7280103762945 60.9373996655146 61.0922276973724 64.4883612791697 67.8959141174952 72.0370362202327 87.8756046295166 92.5216873486837 78.3619185288747 67.616472641627 51.6030391057332 42.0655806859334 42.6679203907649 43.8318947950999 22.4424178401629 13.1039184828599 14.1393368442853 20.2261966963609 12.7747816344102 2.66393336157004 0 4.10434044897556 24.4510620832443 50.8930931488673 54.0010680754979 55.2045156558355 54.7997256120046 63.4665886561076 60.0190659364065 53.6612421274185 54.7134776910146 90.0941888491313
50.0796437263489 53.0863354603449 55.4658124844233 52.1988024314245 46.4881708224614 43.3489084243774 51.17333928744 56.6646556059519 65.970038374265 62.0217621326447 60.0011746088664 64.4626518090566 71.8159427245458 74.3414262930552 70.1175034046173 72.0187971989314 72.4954605102539 66.6120002667109 59.0597142775853 53.6731729904811 52.7239541212718 54.0975828965505 57.8055083751678 61.5109652280807 60.8897060155869 65.1999115943909 79.4057697057724 85.1944088935852 72.5348641475042 58.7723354498545 50.323098897934 35.7860128084818 33.1479633847872 47.2089250882467 43.4998720884323 21.4448695381482 21.4283516009649 51.8520375092824 49.3471225102743 33.6621478199959 8.90395231544971 5.63033732275168 14.7504930694898 22.2958102822304 20.9911713997523 22.792508204778 25.4136522610982 30.5946121613185 38.9588475227356 46.4976777633031 68.8683837652206 123.702436685562
61.418761809667 58.1778238217036 54.4237196445465 47.4446167548498 37.7339397867521 31.9162035981814 40.4712830980619 41.5543044606845 31.8562065561612 30.7957977056503 42.4956828355789 54.3724596500397 60.4485968748728 64.6535158157349 67.748968799909 78.1082014242808 80.6038876374563 72.0806121826172 63.5264317194621 60.2894475062688 57.2535047928492 56.3637365897497 59.2747827370962 57.2963257630666 59.6031447251638 61.5177651246389 68.9795563618342 71.2754080692927 65.9110248088837 46.4089115460714 50.4677593708038 40.9721583127975 36.0897853970528 55.7289073864619 61.9738847017288 49.9887367089589 40.2922431627909 25.5634735027949 38.5621041059494 39.9613305926323 27.1287386616071 12.5520204504331 14.4112731019656 14.9121036132177 9.32464189827442 10.500356554985 18.3739997446537 20.5649708708127 21.6953208049138 47.1135874589284 95.16641497612 139.63903983434
64.1630242268244 57.5665533542633 52.7583261330922 49.0098297595978 41.9725626707077 36.1564755439758 31.7694519956907 27.3737659056981 11.7834707101186 19.833163668712 35.9530126055082 49.0867743889491 48.9178349574407 56.5952757994334 70.1165199279785 86.2424969673157 91.6300515333811 84.4947795073191 76.0382165511449 71.9558000564575 66.741277774175 65.051461259524 63.5227213303248 59.1819783051809 57.9542617003123 58.2527021567027 59.3709051609039 58.8964074850082 54.3941855430603 39.6501173575719 37.56216665109 39.0629221995672 35.2848048011462 58.4364185730616 78.2551517089208 81.4295361439387 55.8981796105703 19.1075131297112 15.551387021939 21.2160646915436 23.103674252828 19.2416310310364 20.4085086782773 19.4035172462463 13.0769200623035 8.75437073409557 15.2950137853622 27.3127232988675 34.5252156257629 61.3678892453512 127.410223086675 158.787508805593
66.6771978139877 61.2996965646744 59.9920004606247 61.066746711731 57.7495793501536 51.5324572722117 46.4703639348348 46.8264718850454 45.6113964319229 51.3083239396413 59.3799650669098 65.1405801375707 65.4528637727102 60.503696401914 70.8125034968058 87.0655576388041 97.1152981122335 97.285399834315 89.8032287756602 80.1393737395604 74.2206573486328 68.7932670116425 68.8581317663193 67.3300276199977 59.0054045120875 52.3861000935237 50.4162857929865 50.7548997799555 47.2843199968338 46.3934491078059 30.0049434105555 24.546392261982 18.6063808699449 40.7019530733426 85.5215986569722 95.4915682474772 62.9117389520009 23.1623103221258 9.97186327974002 10.0734401494265 13.2833942770958 11.0735222697258 22.0284909009933 36.174642542998 37.1747364600499 24.8486871520678 22.7772121628125 40.4878730575244 67.1999156475067 113.367269436518 146.421243747075 159.370164076487
67.4841304620107 64.7546350955963 64.9837106466293 66.2171145280202 65.6725664933522 62.0483458042145 61.8292192618052 69.5942540963491 86.1974060535431 82.1729103724162 73.3339687188466 74.3233909209569 79.9095332622528 67.7743752797445 69.1482226053874 77.7596483627955 86.6651932398478 93.3665136496226 93.9834316571554 87.1478021144867 81.3457270463308 75.065071384112 70.5248514811198 67.5873110691706 62.2742275396983 48.6081739266713 40.3738270203272 40.9864981969198 41.4611647526423 25.117501616478 16.5396605928739 14.5395894845327 9.78545347849528 10.0377450386683 80.9175173441569 96.9099203745524 77.3621300856272 65.1898036400477 33.3435088396072 5.65980436901252 0.891729025170207 0 12.1413171291351 40.5725389719009 47.3096519708633 37.6406833529472 36.3221168518066 60.3559613227844 119.199325640996 164.723366498947 157.69495566686 145.044942696889
66.6185518105825 63.2259448369344 57.5825224320094 52.76986459891 53.0788401762644 55.2311440308889 55.2986562252045 67.5863673289617 78.4233013788859 73.7000554800034 63.3302132288615 63.456783692042 74.1163243850072 69.7146405776342 66.1419034004211 65.1863068342209 65.7350222269694 72.7661301692327 82.8725596268972 87.3462359110514 83.1295102834702 77.2102773189545 69.9338416258494 64.910814166069 55.3704351186752 50.207590063413 35.6266374389331 30.7093411684036 37.0113129417102 33.427099386851 16.4945175250371 11.0959000885487 4.00785046319167 0 2.42060950646798 86.9823098182678 93.7524835268656 105.079154173533 86.711992820104 36.5890537699064 4.72612585872412 4.43598130080621e-05 4.89386326322953 26.5622437000275 53.0799974997838 73.5433499018351 95.2654182910919 147.151420513789 188.701152801514 198.997000853221 183.498760064443 150.503973166148
68.8377718130748 66.7535463968913 60.7107927401861 53.7878175576528 52.2277007500331 55.1541994015376 47.3911265532176 44.8027948538462 45.0187226136525 42.0754800240199 35.7900535066923 33.3444351951281 37.788358827432 56.0190677642822 63.3453031380971 58.6654345194499 47.3095923662186 42.7288562059402 54.1347066561381 75.543945034345 77.1807581186295 71.4003642400106 64.9710992972056 60.1397653420766 52.9144108295441 49.9048878749212 39.7515694300334 18.2268023490906 29.6982874472936 42.4477607011795 23.6138477921486 15.4783725738525 6.96263400216897 0 0 67.1385228633881 106.900364160538 121.442059675852 108.120709657669 78.5923798878988 44.8609590530396 13.5874537130197 10.1591249306997 29.9663568536441 63.3473247289658 128.183623154958 169.892430305481 201.197683811188 210.145215193431 209.452827771505 199.781437714895 170.725504557292
70.5870638291041 70.5050925413768 67.8437252839406 64.1933331886927 62.2878472010295 61.5342954794566 45.9044227997462 31.4004297057788 31.9199363390605 34.1163824001948 31.2901412447294 28.4901708364487 29.7648459672928 52.1939098834991 66.3467049598694 57.3234955469767 35.6230537096659 24.3136162559191 28.1371871630351 45.9591845671336 55.2836159865061 58.3541095256805 59.2153320709864 53.3035397529602 45.5533961455027 41.3568069537481 31.0932745536168 9.91999792555968 20.7829313973586 45.794889330864 54.7790775696437 47.8277852137884 27.6553059617678 0 0 44.7259098291397 100.718269745509 108.716160058975 89.1055166721344 86.1151615778605 91.7970240116119 76.8643468618393 54.3264846007029 69.8484679063161 123.820602893829 169.506311416626 192.882895469666 204.148530960083 205.903728802999 203.521569569906 198.600033919017 176.137526830037
