input/barkrak2/radiation/dir36424.grid
NCOLS 85 
NROWS 70 
XLLCORNER 665100 
YLLCORNER 4664600 
CELLSIZE 20 
NODATA_value -9999 
[rows 0 to 22 of 70, columns 0 to 51 of 85]
41.704828540484101 53.8191099961599 62.6282244920731 77.5288045406342 84.3671361605326 84.4275255997976 92.0864144961039 93.1407113869985 97.6921121279399 116.231123606364 119.681000709534 115.929087003072 111.648331085841 112.323105335236 112.371544043223 98.3479917049408 86.9665741920471 78.3917258183161 76.822504401207 77.4773259957631 85.4490995407104 101.260403792063 116.054246822993 119.81346209844 122.880160808563 130.80753882726 127.760907014211 121.948341528575 119.889795780182 123.60668182373 120.336592197418 141.62802696228 170.277535915375 165.381371974945 162.14781999588 157.046417395274 162.362158298492 167.442739009857 162.025451660156 163.9191309611 161.240528027217 170.91953754425 174.995481967926 167.177140712738 158.925612767537 168.432414531708 177.7556737264 133.272310098012 90.3659462928772 86.668074131012 107.012788454692 146.327316761017
27.967780828476 38.0302518606186 45.0236598650614 52.2950142621994 65.5051469802856 70.7154422998428 75.2785205841064 81.8053185939789 91.4149185021718 93.847135702769 98.7241466840108 103.118896484375 112.320562203725 113.950351874034 112.423568964005 102.17281182607 93.1556522846222 85.5449040730794 81.7610919475555 80.4108480612437 92.9223299026489 114.154785871506 127.304762601852 126.782486836116 129.228889942169 133.420805136363 130.829910437266 124.774128198624 121.226032574972 122.922211885452 128.107845783234 149.498571952184 169.649263223012 165.463238954544 160.689065853755 159.181217352549 164.493590593338 168.399969736735 160.8979900678 161.289632320404 160.390853881836 163.792053858439 159.968008597692 149.73971247673 147.745033105214 159.678876399994 161.689887444178 125.214368104935 97.6622402667999 106.974293788274 133.833189805349 165.128578742345
9.40555954972903 12.5380878647168 18.4076689183712 23.6241991321246 30.1453396677971 34.813550611337 43.0150826772054 57.3520610729853 70.1896250247955 73.2560654481252 83.4558208783468 84.3096574147542 91.9246077537537 94.1264828046163 94.3669676780701 107.916414737701 103.902786970139 96.397340297699 81.0137689113617 76.4293769995372 88.0391796429952 105.174005031586 120.287199815114 122.406909863154 128.101746241252 127.450128396352 126.778572797775 123.766124248505 122.483313083649 126.438121000926 135.125686724981 159.162759780884 169.577201207479 164.105037848155 160.047034422557 159.90823507309 166.675607363383 168.567458788554 162.788132826487 158.686180909475 155.399938424428 149.263322353363 139.476984739304 132.063319285711 133.652607599894 148.706138134003 146.43586675326 119.022051493327 112.385233243306 133.595208326975 156.699607769648 175.585110982259
3.57750741144021 3.57252079993486 5.32301639517148 6.5224493543307 4.91664248208205 11.3758457203706 16.6931028167407 25.2294391393661 36.8927319844564 46.4747101068497 55.9213409821192 68.62540046374 78.9219935735067 81.2333722909292 85.7585569222768 88.8093908627828 88.9737904071808 86.7209037144979 73.9102115233739 74.5460341374079 77.4198770523071 80.1066309213638 92.1942790349324 103.393783171972 108.36003224055 111.193478107452 115.77116449674 119.837701320648 123.833954334259 130.518784125646 136.064976453781 146.953374147415 148.373226324717 149.128456910451 157.89998571078 160.349309444427 162.542005379995 163.16212217013 154.192338387171 145.155847072601 141.447335481644 136.420299609502 135.200023651123 143.788119157155 148.434480031331 140.863448381424 130.875070889791 116.49892727534 121.445119380951 135.491102933884 155.443330605825 173.041721185048
10.3850283970435 4.18187336375316 0.947852929433187 0 0 2.29880912229419 8.74679659803708 15.9545317292213 19.8402069509029 23.2473810513814 33.5958997408549 46.9643274943034 55.4361641407013 60.8570873737335 64.8338695367177 69.1484759251277 71.6784546772639 74.6388733386993 72.5817779699961 71.8328654766083 74.3807305892309 75.4596143960953 84.0434829394023 90.8025503158569 97.9262987772624 104.060480991999 109.29137468338 112.599571545919 117.632965246836 124.173104763031 128.134538729986 142.595956722895 137.071241935094 140.407055616379 141.871561606725 140.995681285858 137.523710727692 150.405704975128 140.241007010142 134.579370419184 132.542759180069 135.206778844198 141.418725252151 151.287982861201 151.155600945155 129.952559868495 108.312060435613 106.708019971848 115.759352842967 132.020870844523 158.528725306193 173.937757809957
32.5618460774422 17.183393239975 5.89428345362345 0.163894010862956 0 0.843416899442673 3.94432557125886 10.4362182319164 14.8828749855359 14.7152617573738 18.817709137996 24.0116516749064 27.9876391092936 33.7611834208171 43.2915985584259 51.2517392635345 53.5267492135366 61.3387624422709 68.0459638436635 71.4148928721746 77.8546233971914 82.6924939950307 83.512008190155 85.3774746259054 93.4175550937653 97.5479384263356 102.417290210724 109.428157409032 113.985548416773 119.614700476329 132.413327693939 139.799495538076 130.917449792226 132.667601108551 133.271753787994 130.98618388176 128.752281268438 125.286291042964 120.022734006246 134.877781073252 134.310960769653 133.992989857992 136.157065629959 138.765146334966 135.262588659922 109.942068656286 86.8153671423594 95.162570476532 111.692498127619 141.887247562408 163.34342956543 171.694695949554
47.4176009496053 31.0502300659815 18.5873185594877 8.49464535713196 1.96601683273911 0.939506571739912 0.918126665055752 6.45921255151431 10.5542341868083 15.6586704154809 15.9418707092603 15.4848421613375 15.3547624746958 15.725119660298 17.9957424600919 26.4222448070844 32.7965145309766 47.9314724604289 60.2993567784627 70.4702387253443 79.7013541062673 84.6753716468811 85.9708487987518 85.3240887324015 91.3946032524109 92.6205813884735 97.8211164474487 103.865434726079 107.345044612885 116.118431091309 128.119130929311 128.682007392248 117.71168311437 115.719636281331 118.127912282944 120.79127629598 121.141652266184 115.821222464244 112.538933753967 108.098496993383 106.934557358424 116.581400235494 124.219983816147 130.880504846573 129.499266544978 126.971185207367 131.751736005147 136.325200398763 144.27188038826 153.485645850499 157.672593990962 155.746161937714
59.3356937170029 46.6032723585765 32.4716667334239 20.52258203427 10.4235485196114 2.79177911579609 0.509307409326235 0 5.47310275336107 13.8757824897766 17.9255641996861 18.5390636324883 16.9288416703542 15.183595319589 11.7648070057233 14.3801793456078 20.7987303535144 30.6871086359024 43.9813584089279 57.3740353186925 67.8865363200506 75.7461090882619 84.2569172382355 83.010345697403 85.7444703578949 86.1061612764994 90.506374835968 93.1369662284851 94.607541958491 107.282181580861 115.842719872793 115.941892067591 109.656274318695 106.303075949351 102.777053912481 105.963359276454 111.644675334295 109.642366568247 108.384470144908 96.065233151118 90.2866919835408 94.8804120222728 119.585414727529 130.470424890518 134.707053502401 140.178819497426 148.193140824636 149.065226316452 155.243744452794 153.908391793569 147.699733575185 147.664437691371
54.3646216392517 46.3914076487223 34.1971715291341 25.7520079612732 18.4804859260718 11.314868927002 2.44188727810979 0.23190137774994 3.67161569495996 8.08538869023323 12.2836604714394 18.3212695022424 22.3790556192398 23.1401522954305 20.1049670577049 18.4048439065615 18.0890038609505 20.8453809221586 28.0238315463066 37.3029907544454 46.5796887874603 59.013232588768 70.6367641687393 70.3025261561076 73.1513351202011 75.0210583209991 78.1886279582977 78.6229272683461 82.8301111857096 86.1358642578125 90.6415979067485 94.682236512502 94.8075354099274 93.5352842013041 96.0782766342163 98.8023281097412 98.9928543567657 102.500716845195 104.986846446991 100.176195303599 101.33550564448 104.386399189631 109.190334876378 111.964414517085 126.410841941833 128.815193970998 130.400717258453 139.899035294851 146.66748046875 142.272134621938 134.593625863393 136.3645195961
35.8228534460068 31.087651848793 26.3713523745537 21.6190169254939 16.5538763006528 9.30525486667951 5.76792284846306 7.44361492494742 3.86529136449099 1.44305173307657 3.65347849826018 11.1422141393026 20.671380062898 29.4608250260353 31.4511433243752 30.4370174805323 24.1219376524289 22.8141198555628 22.0694169402122 25.1065914829572 29.6572521328926 35.5962961912155 42.3895965019862 50.7218341032664 58.2708617051442 62.2576922178268 63.5203371445338 66.3911799589793 67.1132802963257 70.6018060445786 70.4792489608129 66.7830059925715 70.2192783355713 76.4450381199519 88.5454912980397 90.6104842821757 91.1770164966583 96.0750182469686 103.022247552872 109.321296215057 110.854695240657 112.577219804128 110.896597305934 111.217508713404 108.682592709859 116.796801487605 133.3180864652 137.430081764857 139.844655990601 138.873199621836 142.361879348755 137.516389290492
5.34399971365929 1.71867401028673 0 0 0 0 0.568931844706337 8.59612102309863 7.55868727962176 4.08694582680861 1.83333487560352 0 11.9276319940885 23.4253754218419 32.6486354072889 29.8534780740738 29.3108870585759 25.1760755976041 22.7971921364466 20.2963625391324 20.973727107048 22.3051582773526 25.8049418528875 35.1510047912598 44.7393357753754 50.1990964015325 51.8437077601751 53.6027501026789 58.9025517304738 58.9407682418823 58.7427119414012 61.1768513917923 60.6879492600759 58.9176366726557 61.2154453992844 71.8282709519068 84.2016339302063 88.3885820706685 95.3512787818909 110.898474852244 111.569126447042 110.51615079244 106.743276119232 103.820929924647 105.64727584521 109.241922696431 113.38992913564 115.663190682729 134.59857304891 138.490537802378 140.173296133677 135.73545217514
0 0 0 0 0 0 0 0.402801359693209 9.67469004293283 9.15698831280073 5.04125840961933 1.61965812246005 2.81770837803682 10.7578771809737 21.8799064556758 26.3203183809916 30.5473307768504 30.7954127589862 25.8629371722539 21.2455540895462 18.4766314923763 18.3574582139651 18.9952390889327 24.0607559680939 30.481626590093 36.0098828872045 38.9891813198725 42.4894591172536 44.9839731057485 48.6459831396739 48.6950178941091 48.5559354225794 46.3392237822215 48.855592807134 46.2890317042669 43.7509616216024 50.1041164000829 74.5707203944524 87.4247948328654 100.838392972946 102.743615706762 101.483116547267 96.2430834770203 92.4020310242971 94.6631232897441 92.9653942584991 95.4945683479309 99.3029773235321 101.372530062993 104.866693417231 126.916319131851 131.467918554942
0 0 0 0 0 0 0 0 2.54310294985771 11.920986076196 12.2482354442279 8.04140108327071 1.30058825016022 0 8.4162304798762 20.6840535004934 28.7917827566465 31.8888227144877 31.3171620170275 27.8510103623072 23.2879891991615 24.1371244192123 25.0540524721146 25.0222509106 27.4279663960139 28.5983209808667 31.0420865813891 37.5483085711797 38.4937599301338 38.105050722758 41.549747188886 41.0593077540398 37.1783648928007 34.4852805137634 33.5420692960421 35.7649847865105 34.1991260647774 33.6183582743009 39.7642900546392 49.110879500707 72.8057523568471 78.8654486338298 81.1021228631337 84.2908422152201 86.0447486241658 87.8420472145081 83.6577912171682 82.2891096274058 85.5486690998077 86.9682530562083 90.9456113974253 93.7994122505188
0 0 0 0 0 0 0 0 0 5.02813545366128 14.4901151458422 18.8528175155322 14.8882418870926 8.19058964649836 6.74424196283023 17.1562992036343 25.634691119194 34.7549393773079 39.2268349726995 38.9636432131132 32.4037671089172 31.849759320418 31.3668598731359 31.6335906585058 33.3339522282282 32.9412122567495 34.8672593633334 40.0899698336919 41.0402963558833 34.959798057874 34.7902774810791 37.5853503743807 34.3217303355535 29.6736533443133 28.5097906986872 26.8291582663854 22.8386720021566 20.7307599484921 20.0507715344429 16.5454323093096 25.9843096137047 34.8447685440381 38.3374616503716 48.7186113993327 57.9069008429845 69.1541731357574 69.5890883604686 68.010280529658 65.0669038295746 65.1440968116124 71.2109704812368 74.3003139893214
0.338904210366309 0 0 0 0 0 0 0 0 0 10.8251857260863 26.1801928281784 32.4004317323367 26.9910345474879 17.0745079716047 16.1297433078289 18.9195473988851 27.4969587723414 37.8505066037178 46.2752729654312 46.1445748806 43.021818002065 42.1768426895142 40.0833810369174 39.2189969619115 39.1131589810053 39.7217273712158 40.2552410960197 41.8517589569092 35.8498295148214 32.8887427846591 31.1597883701324 27.6568010449409 27.2774447997411 25.7411599159241 21.9412048657735 17.610573520263 14.4379039605459 13.3838839828968 10.5905706683795 8.02713943024476 9.74880966047446 16.3210853934288 23.9471644163132 35.3782176971436 39.3104031682014 53.0303418636322 58.5781782865524 57.1362674236298 53.3678481976191 56.0669253269831 60.1406991481781
0.950392878924807 0 0 0 0 0 0 0 0 0 2.91471121211847 21.2181533376376 33.1441710392634 40.9342646598816 33.0144837498665 19.1016035775344 14.7448343535264 16.230055441459 25.6696815292041 41.4228563507398 50.9989559650421 49.2016027371089 50.6338973840078 46.9967077175776 44.3384100993474 45.8699216445287 46.3266621033351 44.0806597471237 41.0464877883593 42.284165819486 35.8402679363886 31.4864069223404 27.0862405498823 21.2581257025401 17.4910463392735 14.3545344471931 11.3778884212176 7.467120885849 6.42895263930162 4.75565778712432 2.96521000564098 1.37811123083035 1.75385068481167 5.02949518462022 15.6920775771141 29.2116055885951 35.8766466379166 43.5806860526403 47.2886959711711 46.8877007563909 48.5420773426692 54.0886620680491
0.49655317949752 0 0 0 0 0 0 0 0 0 0.223824987187982 13.7011421223482 29.5923327406247 41.1901399493217 41.5200442075729 35.0775470336278 30.4537067810694 23.7493216991425 19.4359992941221 25.2781088153521 41.2547116478284 52.938774228096 55.5265595515569 54.6796222527822 49.824188152949 51.6373018423716 52.8968622287114 51.6985754172007 49.5544125636419 46.6796904802322 43.7318235635757 33.5773477951686 26.182621717453 19.3920036156972 14.2931466301282 10.7693088551362 7.89456131557624 4.96025724957387 3.28533754994472 1.92511842275659 0.232182928205778 0.019592549506342 0 0 3.94063256680965 14.081912736098 22.8684072693189 24.7044910987218 30.1902145147324 41.081910332044 46.1267332235972 50.1424868901571
0.127044651890174 0 0 0 0 0 0 0 0.224538962356746 0.295033464984347 0.297711754683405 8.67066097756227 17.6849899192651 29.7322819630305 44.3871716658274 48.1826364994049 48.4439233938853 39.8666610320409 29.4190545876821 21.0103665788968 27.7401482065519 44.2600250244141 51.0400633017222 55.5927902460098 56.9825967152913 58.8840246200562 61.5000228087107 62.67944475015 57.8584174315135 52.6985178391139 43.915202220281 33.9134658376376 26.6889582077662 18.4477890531222 12.6727757354577 10.4434167345365 5.9087909758091 2.94282597800096 0.99505577236414 0.111257996953403 0.00226878273679176 0 0 0 0 0 6.42448291182518 13.0722982188066 16.8704763054848 23.5676318407059 29.7438055276871 37.4128098289172
0.146349639787028 0.196196100053688 0 0 0 0 0 0.491840143998464 1.0386371674637 4.74341958761215 9.87882601718108 11.906273663044 14.7691840926806 22.2703566153844 32.2169711192449 42.922168970108 46.2855945030848 48.3849843343099 47.5279688835144 35.2709144353867 24.9083191156387 33.5072030623754 40.8464471499125 49.6048331260681 58.2665105660756 64.350371559461 65.6088938315709 65.0833944479624 58.1898391246796 56.8393915891647 44.439102212588 35.065658390522 24.0457132458687 17.4267292022705 9.81501241525014 5.92625637849172 2.01230232293407 0.585897321191927 0.0284098835739618 0 0 0 0 0 0 0 0 1.35373091325164 7.08632171154022 9.40558935205142 12.2246717413267 17.3069462180138
0.106398772913963 0 0 0 0 0 0.0114962579876495 1.00818990419308 1.71054030458132 1.95630360394716 2.18410324305296 7.25023572643598 9.13643961151441 12.7987104157607 21.2616274754206 33.3622967203458 40.9767950574557 44.2598462104797 48.7455030282338 48.1431633234024 40.995717048645 32.761404911677 35.4787781834602 42.4622148275375 50.9262333313624 58.1691016753515 64.084455370903 66.8704410394033 58.5397730271022 48.5876351594925 45.4584111769994 35.7708185911179 23.6379951238632 16.065638512373 8.28123775621255 3.24227598806222 0.591904235382875 0 0 0 0 0 0 0 0 0 0 0 0 1.44843167314927 1.50864555810889 3.13290519018968
0.825126034518083 0 0 0 0 0.00591125414454533 0 0.911495493104061 1.61774922162294 1.65585335344076 1.21479357282321 1.06960209086537 2.87534234424432 4.41173960765203 9.68072004616261 19.6529167393843 27.2454619407654 33.2191412647565 40.6625345349312 50.4119942585627 56.1508536338806 47.8470375140508 45.8628535270691 48.8620400428772 50.5698124567668 52.7013391256332 55.7003319263458 60.5180710554123 55.3246041138967 44.7742392619451 36.0545714696248 25.5942593018214 16.3918000956376 8.63120084007581 1.88425229862332 0 0 0 0 0 0 0 0 0 0 0 0 0 0 0 0 0
7.6260498414437 2.67290230840445 0 0 0 0 0.334186595864594 1.93022517487407 2.90357507765293 1.83362032597264 1.69518776237965 0.946504219124714 0.360086366223792 0.0771254999563098 3.4205038100481 12.133186062177 21.2344477574031 27.7815808852514 35.030742486318 46.0433115561803 51.8178989489873 61.59874300162 65.651794274648 65.0036633014679 59.2915266752243 51.9842257102331 47.6498107115428 43.2108789682388 51.8442541360855 38.7624899546305 23.7036868929863 14.0205894907316 6.15115215380987 0.471901536608736 0 0 0 0 0 0 0 0 0 0 0 0 0 0 0 0 0 0
30.5649141470591 24.79387819767 7.10698838035266 0.914642044032613 0 0.0458346330560744 2.97501621146997 3.49498353898525 2.85178019354741 2.19576759263873 1.74046463022629 2.88238065938155 6.20212219655514 4.83594741672277 5.49846452971299 9.47745951513449 17.8252384066582 25.5294019977252 29.4539655248324 31.9929867982864 35.3168696165085 47.5320070981979 57.5407395760218 61.5436136722565 60.3120625019073 54.7214051087697 48.175185918808 42.1434839566549 34.499724706014 28.8281788428624 12.7697164813677 3.1544811402758 0 0 0 0 0 0 0 0 0 0 0 0 0 0 0 0 0 0 0 0
