input/barkrak2/radiation/dir31024.grid
NCOLS 85 
NROWS 70 
XLLCORNER 665100 
YLLCORNER 4664600 
CELLSIZE 20 
NODATA_value -9999 
[rows 0 to 21 of 70, columns 0 to 49 of 85]
105.525275071462005 118.966668844223 135.471055905024 156.089196602503 166.952252388 169.511357943217 166.817784309387 164.383828639984 162.575532992681 165.945529937744 166.560490926107 164.420733849208 160.060167312622 163.694351911545 165.613174438477 152.215540409088 139.009714126587 128.188202778498 126.874526341756 123.429546753565 123.138646284739 145.840932925542 169.040322303772 173.934241135915 177.263001600901 187.999149163564 186.491350332896 175.833980242411 167.548795541128 168.177962303162 163.584997256597 186.611155668894 230.627417564392 229.599436124166 224.860648314158 212.644040584564 217.146277427673 228.816966215769 227.172334988912 225.595831871033 217.608193556468 225.283741950989 232.289214928945 223.137517770131 212.402284145355 219.437599182129 223.774433135986 181.811372439067 126.782208681107 122.413883606593
83.5962096850077 98.8268256187439 114.118198553721 132.574846347173 148.265759150187 154.807219902674 160.667051871618 166.612287362417 172.15887705485 171.859264373779 170.500556627909 165.893415609996 160.909175872803 161.059935887655 161.121159791946 151.215334733327 144.455323616664 136.668632427851 131.790260473887 127.191265424093 138.793210188548 164.364874362946 182.972013950348 183.657109737396 186.908682187398 192.569355169932 188.476840655009 178.647478421529 171.145975589752 170.100569725037 170.943359533946 199.300487836202 232.12730884552 229.994694391886 224.786976973216 215.564946333567 221.931258837382 232.084294160207 226.663927237193 225.088357925415 220.328708489736 222.16409444809 217.737356821696 207.7876329422 202.699303627014 215.993007024129 215.82837899526 172.037303447723 133.706599473953 145.487417777379
52.3334741592407 60.8181953430176 71.0942099491755 82.1770131587982 95.1157410939534 108.122885227203 122.571309407552 142.578522364298 156.830281019211 160.073677698771 163.77795735995 165.60623049736 168.343345324198 170.008997122447 171.715180079142 174.061298370361 170.389552911123 161.511123180389 148.65779876709 141.02691411972 152.652124563853 170.545041561127 181.980629762014 184.721231460571 187.525312105815 188.438912232717 185.015082359314 178.98041009903 174.584666887919 178.152759869893 189.029276371002 211.919089158376 225.944717725118 223.604738712311 216.583589712779 219.732185204824 229.257305463155 234.885990619659 230.536699295044 222.229897975922 215.836723645528 206.052660942078 192.345937093099 185.697515805562 192.039092381795 208.946029345194 201.480865478516 165.676325559616 154.747754335403 173.92897605896
30.7978913187981 32.8430781761805 38.3358324567477 40.9983073671659 44.7366734345754 53.7639955679576 65.0115857521693 88.5635117689769 107.550164063772 125.639418760935 143.091102441152 159.456094106038 169.272144635518 172.698259353638 176.684598128001 183.058341344198 177.879790465037 168.198724587758 151.350577672323 148.445685704549 150.663902362188 151.867836713791 164.874056975047 174.792448679606 176.284412542979 176.526526610057 178.275386492411 178.031285603841 180.26206890742 185.577511787415 191.617707411448 212.116758028666 217.920919259389 219.994266827901 216.55418475469 217.066387335459 219.603657722473 220.329741636912 215.644796689351 208.274304866791 201.8035252889 190.028389294942 186.784287293752 198.800981044769 210.631887118022 205.581188201904 186.233162879944 162.950485944748 164.688726266225 177.935143311818
44.7686364253362 33.3663076162338 23.8082011540731 19.2233684162299 18.9798635741075 31.0058742761612 48.6121078332265 62.3749742905299 71.1087087790171 78.1712631384532 105.389416217804 133.562505245209 148.066868384679 153.826773166656 160.854001839956 165.687749783198 163.781980673472 158.712287743886 151.75132950147 146.169930696487 142.108817895254 143.880128860474 154.616336027781 164.096415042877 168.554862340291 174.546122550964 176.437477270762 178.79323164622 180.174668629964 180.656294027964 188.409646352132 211.024006207784 208.27438433965 210.640807946523 210.296352704366 209.044893582662 210.302690664927 207.667072614034 197.971741358439 188.769261042277 188.859423001607 191.9318040212 198.811252911886 210.935175418854 211.734811464945 187.009235223134 157.297313213348 149.495263894399 158.5999528567 177.190204461416
69.7048902511597 55.4769138495127 34.7494954864184 19.9361220002174 13.956589003404 20.7219744722048 36.1349657177925 49.4699428478877 57.5701743364334 58.53371322155 67.729522784551 79.7605663537979 85.7693950335185 89.9105668067932 100.628534952799 109.833002090454 111.744731664658 128.693799177806 145.252197980881 150.552143653234 151.130805412928 151.17147564888 153.113305568695 157.544374465942 165.112674236298 171.067754427592 174.910664558411 178.754488627116 181.326468785604 183.742622534434 197.036147117615 208.661675453186 203.151365121206 201.611340045929 202.731649080912 202.250361442566 199.675679206848 194.883704185486 187.688072522481 189.391732215881 190.162400404612 188.82022301356 192.928751309713 199.67657327652 191.340665022532 147.662063439687 129.166424274445 138.661623001099 158.592114845912 197.362065315247
85.1122140884399 72.1722145875295 56.3795616229375 40.2379110455513 25.622787574927 17.925546814998 22.1278990308444 37.0424340168635 52.0020027955373 58.2380642493566 56.9584518671036 54.3423096338908 51.5013188123703 48.2779890298843 49.1949617862701 60.3660841782888 70.4565743605296 88.0900422732035 107.590943574905 123.825629552205 134.791155656179 141.558627287547 139.520863691966 142.805556456248 149.022281169891 154.100308815638 162.707149982452 169.444859027863 175.804754098256 184.100786844889 195.518533388774 199.621796607971 190.69770971934 186.525066693624 187.058170636495 187.589128812154 187.62481212616 182.805558045705 177.730321884155 173.674424489339 169.812540213267 170.818388462067 177.958925565084 186.540961265564 184.233129024506 175.022006034851 184.7984790802 193.294803301493 205.507079760234 219.909310340881
88.3943736553192 80.1386187473933 70.2623774607976 65.6751493612925 47.7779110272725 27.1762137611707 15.4738711814086 14.1163344184558 29.1071087121964 47.2486466169357 55.4498086373011 53.5898705323537 50.0414868195852 45.1827049255371 35.7420320312182 37.4507258335749 45.0258751710256 58.0539802710215 78.0135095119476 93.776007493337 108.865429957708 122.39807844162 132.513105869293 135.238995154699 135.578284660975 135.754366715749 140.567511320114 151.971071958542 158.957054217656 171.372274557749 182.730297247569 186.274131139119 176.155567169189 170.579731464386 167.303423086802 167.484879493713 173.971652984619 172.319908936818 168.515463670095 152.883023023605 149.019022782644 157.990396022797 175.620496273041 188.394288221995 190.690477689107 198.225696881612 209.915161132812 211.995224157969 219.276189804077 220.757067203522
85.0813190142314 74.7703562180201 70.9517101446788 69.0002193053563 61.7234806219737 47.6313382387161 27.4924784898758 13.2176764309406 19.5313133299351 28.5735527674357 36.6391862432162 45.0143218040466 50.7834553718567 51.2626816829046 44.5007085800171 42.0703242222468 40.8854559063911 45.8002587159475 57.6910475889842 69.9903666973114 83.5442741711934 97.1602002779643 111.142009496689 112.81876762708 116.294632355372 116.831839084625 120.648811260859 124.815066655477 134.508689244588 149.660269419352 156.604627768199 156.828900178274 154.346495866776 153.002719084422 155.429710944494 159.194926420848 160.734176635742 165.016442537308 164.872219165166 158.293624718984 163.797477881114 173.793057600657 181.891938050588 184.965570767721 185.749113559723 184.98831987381 187.439779440562 200.87198416392 214.552084604899 210.354745388031
63.9031082391739 61.3434811433156 57.274450858434 50.3823657830556 53.4904549519221 59.2266271511714 46.5321093797684 34.667856991291 21.1643253763517 16.9814092417558 22.1593628327052 35.4142660895983 50.1280973354975 60.0179036458333 60.9387159347534 57.4615101019541 48.8120019435883 48.3262489239375 49.2643515268962 52.7745385964712 59.8466296990713 67.188690106074 77.3635407288869 86.2413346767426 94.4318373998006 99.6062060197194 101.368804772695 104.774415493011 109.147429466248 118.977129459381 124.285946289698 129.258573055267 134.69656308492 139.283021291097 145.271827777227 149.348129828771 148.143579562505 154.906968275706 160.493393739065 169.409215450287 181.147376696269 184.12576119105 186.009685198466 184.903800487518 180.992364883423 183.182736237844 192.98787911733 200.079421202342 201.680799325307 204.307973384857
30.1758373777072 28.8192580143611 28.8415576020877 31.2693417072296 28.1646102666855 33.0635259548823 37.5345225135485 33.9813306927681 25.2055898308754 19.2866201202075 16.4800708492597 19.8517007132371 31.8789631128311 48.0648378531138 60.3942026694616 55.1703174908956 55.2648256222407 53.6169608434041 49.6933907270432 46.4558353026708 47.472228606542 48.8532880942027 53.7072469790777 65.29966990153 76.3836602369944 84.7694675127665 85.7137342294057 89.2110864321391 97.2892145315806 102.703919013341 106.648186842601 111.848870913188 125.194470087687 129.707962274551 131.108870108922 134.76217786471 140.979001919428 147.008021672567 156.364252169927 174.08949136734 183.787326018016 184.919714927673 181.454181671143 180.137852827708 179.837703704834 183.701495329539 190.650045871735 193.587064743042 194.993178049723 200.590213139852
7.80653581023216 7.44756373266379 6.65517523884773 2.76160022864739 0.064474448057202 1.13811755242447 9.94945193330447 22.0691189169884 29.0547932187716 28.3323178688685 21.3556960225105 17.2899042566617 20.0535679856936 32.1343094110489 47.8670994440714 51.4106998840968 58.1068992614746 58.8995118935903 53.5475015640259 46.8548287947973 44.3420509497325 43.8444912433624 44.3846384684245 52.5444994370143 60.1193904876709 66.0409828027089 68.9580291509628 71.2592303752899 77.5674482186635 87.3121023178101 91.1471645037333 95.5719351768494 100.361218055089 103.42142979304 112.423479557037 116.671651601791 127.950976292292 138.600369294484 146.804620822271 164.43524758021 171.086470286051 171.081821123759 167.794426282247 164.867003758748 166.220903396606 166.594405968984 171.677450338999 178.436974684397 182.11567401886 186.233361562093
1.65817669282357 0.764857046306133 0.0564234214834869 0 0 0 0.00746028672438115 11.1418478190899 23.802583416303 33.7064142028491 33.6272045969963 26.810348033905 18.0112359424432 18.1184075772762 29.3880825241407 44.5759197076162 57.4029336373011 62.489241361618 61.9013806184133 54.4268886248271 50.5684117476145 51.4008899529775 51.3947059710821 53.8575450579325 55.4535935322444 56.9624056418737 59.3542754650116 65.8442924420039 67.6481872797012 67.099263270696 76.3430992762248 83.6185415585836 83.0701490243276 85.3254397710164 89.5468791325887 98.8885362943013 111.984550952911 124.720404545466 129.898965358734 139.590074618657 147.320826848348 149.480134248734 149.015605449677 150.730450948079 151.484549045563 153.341025114059 155.360410610835 157.04533457756 161.97524468104 167.081713676453
2.39273005475601 0 0 0 0 0 0 0.142007086348409 2.52835995828112 21.8813270330429 31.8633342782656 42.2555108865102 37.9992847641309 28.0284608403842 26.9734933972359 40.1185030738513 52.0687699317932 63.8981362183889 72.2754945357641 69.5080061753591 62.2922331094742 62.5766466061274 60.3259454170863 60.9436084826787 62.8752708435059 62.3029619455338 64.6774272123973 70.1174636681875 70.0498272975286 63.5509292284648 64.4713292519252 71.3039636611938 77.9591898123423 78.5897672176361 83.4759076436361 87.7867341041565 91.6849176088969 102.879583835602 111.181159814199 113.318959871928 119.357208410899 125.854790210724 132.814139127731 140.967349211375 140.598883231481 147.733290990194 148.531675338745 143.586297829946 140.114863713582 142.133762439092
9.8111480474472 0.0153113360283896 0 0 0 0 0 0 0.339288652564089 12.6869802673658 31.7356958985329 48.4471221764882 56.9178859392802 51.0515669981639 40.6022022167842 38.1351560354233 42.2005256017049 53.8940876722336 66.4699176947276 76.8614063660304 76.6223669052124 73.5103537638982 72.6245890061061 70.5149471759796 70.4094270865123 71.1853603521983 71.8492269515991 72.5991974274317 70.0736989577611 62.9043529431025 61.7378254731496 62.6909881830215 60.5159600575765 69.6886231501897 71.9641844431559 79.0049483378728 79.0031651655833 79.3262869119644 85.3455364704132 91.3743476072947 99.5939671993256 106.811573108037 111.227293809255 118.052025636037 123.088945945104 129.166007041931 138.001978397369 144.446432590485 138.049205144246 131.858170032501
10.2740675210953 0.726712091515462 0 0 0 0 0 0 0.885518966242671 2.60520229736964 23.4505981206894 48.997903863589 68.7933216492335 72.2175339857737 58.9499572912852 41.8676286935806 36.5313738584518 39.9071921904882 51.0253210862478 71.3462432225545 82.4922720591227 82.0478896299998 82.7215810616811 80.0490528345108 76.7241964737574 77.745904525121 79.0847440560659 73.9443947871526 74.4223843018214 71.6506540775299 63.1963312625885 58.1150949001312 56.9637368122737 50.4248191912969 49.7089525063833 53.7511457999547 61.6152981917063 58.8816255331039 66.206564505895 68.9006745815277 74.4947095712026 84.7058395544688 87.9766841729482 91.6375716527303 104.062745968501 111.587812503179 124.555905659993 133.057634035746 133.446753025055 131.149411201477
7.47854635119438 1.81134464219213 0 0 0 0 0 0.319548358675092 2.19932167480389 2.81668392320474 15.287734568119 31.9113259514173 53.4575631221135 66.6934798161189 70.651650428772 64.0730162461599 57.6886683702469 50.3755112489065 43.3951119581858 51.7946581045787 71.0102568070094 83.8999251524607 88.4886384010315 87.9077215989431 82.2137991587321 85.0611329078674 88.3666972319285 83.0363829930623 79.1838268438975 82.1287930011749 74.062243103981 61.0959827899933 51.3484974702199 43.1752651929855 42.0238375663757 40.7541592915853 35.9471092621485 40.4504338900248 43.5599784056346 49.9480068683624 50.0017454226812 54.1462103525798 62.0030661424001 66.3680632909139 82.4895997842153 93.7532881895701 102.516661087672 105.316658814748 113.831261793772 121.041059494019
5.1831907282273 2.36685046305259 0.045468652388081 0 0 0 0.0182979735351789 2.41502777983745 4.32316400110722 10.7035227119923 14.4873994092147 24.3808676799138 42.6820417245229 60.04632016023 72.2826967636744 75.6419350703557 75.9573529163996 69.0457920233409 55.852214495341 46.8122263749441 53.4426073233287 75.2891302108765 83.1699868043264 87.5062743822734 90.9309188524882 94.2684511343638 93.1881765524546 96.4387555917104 92.2276477018992 84.4347973664602 73.6477623383204 68.0344104766846 54.8815081516902 43.0384079615275 34.052145977815 27.5373508532842 24.7908408443133 26.3043344020844 26.5731116135915 33.0071051915487 38.1490315000216 39.3643900752068 40.6494587659836 45.9247281153997 57.8393439451853 74.1385867198308 85.9373112519582 89.9979670842489 95.046063264211 100.77695051829
5.72756429513295 6.5353699028492 5.76138248046239 0 0 0.260104037200411 2.14730420460304 5.4228442410628 12.8244198858738 21.4337036013603 25.5637541413307 28.3997828761737 39.0162666638692 50.3692626953125 61.7259641488393 71.4285125335058 76.9458363453547 79.1742503643036 75.9696811437607 64.322958389918 50.4198521375656 61.9236926237742 70.3348219394684 82.0951710144679 92.7714606126149 100.75706243515 100.837846597036 100.054959456126 89.7566676139832 90.4670258363088 78.9675861597061 66.9484436511993 51.7574797074 43.4899230798086 32.4128667513529 25.8540983001391 19.961333523194 18.4486644963423 16.4305654664834 22.9540641109149 23.9885449409485 26.6246894995372 29.1803007324537 34.2880835135778 39.3330653508504 53.6688317855199 65.2122000853221 69.494699438413 74.5578706264496 83.6923619111379
6.16069262226423 4.90327614049117 6.65964807073275 1.23701539511482 0 3.33287008106709 3.92119338115056 5.9692244976759 7.3980875313282 22.4957888325055 26.6541118423144 26.3954674204191 29.6330576141675 35.9363307555517 45.8011428515116 56.8025807539622 65.4428501923879 73.0946163336436 77.0905315876007 78.2166222731272 71.9842662413915 61.1309309800466 63.6340429385503 72.9401608308156 85.4874153931936 95.0904786586761 95.4427818457286 102.567513783773 92.4497246742249 84.4636559486389 70.3445176283519 68.3119297027588 53.642471631368 38.3822992444038 30.2080611387889 19.1854573786259 11.4748167494933 7.30397428075473 7.50550131003062 13.3742565910021 16.798493762811 21.7442065477371 29.0346418817838 31.9025665521622 33.6414699753126 40.9296005964279 42.975644270579 51.505833864212 64.6194020907084 74.7570445140203
9.74704014758269 4.20675240457058 1.69794478764137 3.31215063730876 2.05971750741204 4.04881375531356 3.9365952834487 6.45185696581999 8.0741656323274 17.3857472836971 20.6057901183764 22.3440329233805 22.0150003830592 25.078738729159 31.2505513429642 42.3145244518916 54.1782875855764 61.4537646373113 69.4580475489299 82.6659897963206 88.3461833000183 79.010675350825 77.8965552647908 80.9397995471954 83.8381946086884 86.7494344711304 89.6830558776855 87.2736275196075 81.057995557785 80.8484305938085 68.707729379336 50.6189962228139 38.8614808519681 27.2579292456309 13.2459824283918 9.33283256987731 2.82388521979252 0.412144154931108 1.0853197115163 4.96272556483746 5.47952763736248 14.7222653031349 24.4232465823491 26.4562691251437 30.0250574946404 31.9829508662224 37.5441710154215 42.3689931631088 46.9309637943904 54.0749281644821
26.4402131239573 16.3321283956369 6.46108326812585 11.1034698784351 10.8105490605036 3.56248207390308 5.60067718227704 8.6485513796409 9.59576790531476 16.752865165472 19.4893417259057 19.3779443701108 19.5059354106585 17.8585921724637 23.3834311366081 32.8102186322212 45.6382284561793 54.7712792952855 62.0350142319997 75.3513077894847 83.3202600479126 96.5486864248912 101.523617903392 100.941856702169 95.050980647405 86.6572161515554 82.4900319178899 76.3109376033147 78.0658225218455 62.3327593008677 55.8892637491226 35.8574837446213 21.954375008742 9.39989276230335 0 0.0325461054065575 0.051874381218416 0.0504506994426871 0.0336609737132676 0.0356797633382181 1.16340691844622 2.49547635515531 9.32767676810423 12.8241007526716 21.0730085770289 24.6584340929985 29.1639318068822 33.4377239147822 38.1374880671501 37.4932413299878
