input/barkrak2/radiation/dir32924.grid
NCOLS 85 
NROWS 70 
XLLCORNER 665100 
YLLCORNER 4664600 
CELLSIZE 20 
NODATA_value -9999 
[rows 0 to 22 of 70, columns 0 to 51 of 85]
58.837572733561203 72.4509457747142 83.2720597585042 106.27884666125 115.003486474355 117.336968580882 133.925060431163 134.67146952947 132.761428753535 134.505252043406 135.258674621582 131.463358799616 127.059082190196 127.764324347178 127.841413021088 113.101939360301 101.017614205678 91.9440984725952 91.64164463679 91.7550921440125 99.2462436358134 116.004010041555 132.655918598175 135.351707537969 139.971156915029 155.150949954987 153.729677200317 144.999216000239 135.55121421814 139.548748731613 137.265185515086 157.300392786662 188.904066880544 184.097150961558 181.012133757273 176.306406656901 181.680123011271 190.487106641134 188.12886873881 187.000513076782 183.143436908722 197.592218716939 202.439566453298 192.895849545797 181.38845761617 187.972068786621 193.544765313466 149.47306116422 102.768242359161 98.7514555454254 120.438595612844 161.821554104487
42.2244369983673 55.2120506763458 63.3976509173711 75.9660402933757 88.1403187910716 93.756357828776 99.532812833786 115.455448627472 140.444338321686 140.071014563243 139.112045367559 134.479423364004 129.391312599182 129.465997219086 127.870341142019 115.571161111196 107.626696427663 99.5664397875468 95.5532093842824 95.0436194737752 107.782224814097 130.322496096293 144.791732231776 144.472221533457 147.110144297282 151.633153359095 152.340988318125 148.444622755051 142.296055952708 142.499128977458 143.084426720937 166.359961032867 188.432852427165 184.274057547251 181.627194086711 177.138765652974 182.627260684967 187.26909160614 179.64235941569 180.203715960185 182.451109091441 185.490806897481 184.901793797811 177.699625492096 172.24923769633 184.61932738622 185.495853424072 137.951155503591 110.01334587733 120.030423005422 148.378233114878 183.47179889679
16.9001060227553 23.335928718249 29.4145792722702 35.1459657152494 44.6880956490835 50.9210129578908 62.2790257136027 80.8682044347127 90.9587939580282 101.475189129512 110.233346621195 133.060524861018 136.498232682546 137.91889945666 139.720578988393 139.896372954051 136.133372783661 125.923583904902 111.915051937103 105.055262645086 117.375085751216 133.983929951986 144.458959499995 146.787166595459 146.720627943675 146.06245358785 144.47233080864 140.893489122391 144.930680592855 149.620989958445 158.473044633865 177.107950051626 188.336173693339 185.5442126592 178.840597470601 180.283188819885 187.364180882772 189.884682496389 181.656082471212 177.549242973328 173.872868220011 167.121767997742 158.855418364207 152.435511350632 158.791065216064 179.228166739146 171.193639437358 131.74228866895 128.581414620082 147.591958443324 172.612369060516 194.337864716848
8.45870065192381 9.5085601011912 12.3225301504135 13.8774154086908 16.0394683480263 19.7073022524516 26.06617162625 37.3476818203926 54.2570551236471 67.1733518441518 81.2490284442902 101.320783297221 109.423776467641 113.220910231272 117.410639921824 129.531770944595 127.980540196101 120.299716790517 109.244922796885 106.972446044286 110.047280788422 110.66202322642 128.136614958445 134.333193302155 137.132187684377 136.940111716588 137.36750682195 138.600617647171 142.451018095016 153.722763061523 161.205212275187 179.19135093689 184.563259283702 181.781609853109 178.984264532725 179.160296916962 181.414723396301 182.04269806544 175.498028596242 165.616810321808 161.118080218633 153.467287619909 153.009941180547 163.929919401805 172.601282596588 165.310879548391 151.915947596232 131.139794985453 137.770513693492 150.677363077799 170.751174290975 188.911398251851
15.8533329765002 9.92952597637971 6.22221703330676 0 0 8.04426645239194 17.6725859443347 24.6257359782855 33.1094811360041 36.8907774488131 52.4338632822037 69.6849972009659 78.0987441539764 82.3311309019725 87.5021020571391 91.2066002686818 93.041072289149 88.5924398899078 89.62482213974 89.1308585802714 88.541438182195 91.8461183706919 104.820479949315 115.736961364746 119.566231966019 129.362990458806 132.106522719065 135.119120279948 139.214942852656 141.845385233561 152.548372745514 177.102963129679 174.202779928843 176.47914091746 176.591316858927 175.236662228902 171.905954678853 169.219891230265 160.615156094233 152.442246675491 152.004718780518 152.684420347214 159.077038367589 169.423997402191 169.572790463765 150.31835436821 121.000071366628 119.392464558283 131.682415803274 149.583131074905 177.22221215566 190.97371896108
38.2666662335396 24.9739537636439 11.780671775341 3.58517157534758 1.42460673426588 4.07971255481243 11.2287774682045 22.1081400911013 25.0574971238772 24.7983808318774 29.238852361838 36.4426424105962 42.1864340702693 45.5709397792816 53.6074737707774 61.7418736219406 66.1433835824331 70.7045644521713 80.327644944191 85.731565952301 94.8209265867869 97.7141658465068 99.1086661815643 104.584296544393 107.553819815318 119.763781627019 122.902899980545 128.198524316152 132.557729880015 140.559166669846 150.786131620407 160.258799791336 150.493383407593 151.928921540578 165.7974421978 167.933921019236 165.304442246755 158.39088956515 150.786717732747 152.829666932424 152.25018064181 151.705125967662 155.583749214808 158.476909001668 152.642438809077 122.669061024984 99.2478430271149 110.78409353892 129.758954048157 167.791803677877 190.894961357117 193.978269894918
56.0501168171565 38.1541897853216 27.18702207009 16.0976387560368 6.63250250120958 3.57188874234756 5.12197427451611 13.4977363049984 20.3971303999424 24.5456745227178 25.1023049155871 23.6749649047852 21.9770992795626 22.673100233078 25.2855891982714 34.8613187670708 42.7552113930384 57.8193614880244 71.3883737723033 84.8972002665202 94.8154230912526 100.083818038305 101.57651702563 100.794911384583 103.520025809606 106.943190097809 112.271686395009 122.508734464645 127.94154882431 135.568092266719 146.239837010702 147.248129049937 139.745732148488 133.818566799164 136.257588863373 138.883719841639 150.922079881032 148.779412110647 143.991967042287 138.857046763102 134.49905316035 135.023723045985 142.998039722443 150.176266829173 147.778034210205 141.859312852224 148.59539270401 156.717399756114 167.696197827657 182.24557240804 190.665721893311 190.544148286184
69.0977474053701 55.2139729261398 41.2889371315638 29.9937377373377 19.7933875024319 7.73411430418491 3.78560709456603 0.0942282592101644 9.40598174929619 17.056959370772 25.5098069707553 26.3148893912633 24.4686330358187 22.5510324041049 18.9135298132896 21.7006156841914 28.5896162192027 39.170670012633 53.8568496704102 70.4843103885651 82.0223738749822 90.6093219916026 99.8838444550832 100.588500499725 101.345409949621 101.769268512726 100.918273131053 107.531080643336 114.972412586212 124.296277761459 133.604635794957 136.551300684611 126.242339611053 122.799774010976 119.116673866908 120.9650238355 126.920580863953 130.358656247457 135.315159956614 120.352894067764 116.463422775269 123.182515303294 138.939142227173 150.685101747513 154.477228720983 159.791012605031 168.224771817525 169.345577557882 173.853476842244 177.54993836085 175.543586413066 171.979129314423
63.7872517108917 57.0917725563049 45.4731384913127 33.7216531236966 26.2522349754969 18.3193050324917 8.19702073931694 2.7111725260814 7.54708175857862 12.1565870940685 17.5972916185856 23.431474963824 28.1061331431071 31.7963709433873 28.3300032218297 25.9471287329992 25.6371423602104 28.525543709596 36.7882574597994 48.112432161967 61.3252917925517 72.2614626089732 82.8999280929565 84.4957629839579 87.6014133294423 87.9812935988108 91.4354920387268 91.8949941794078 96.3610510031382 108.661701281865 114.429841438929 114.404181639353 110.301981369654 110.010335842768 112.679660320282 115.589797496796 115.15944202741 118.882944186529 121.309796969096 125.507444143295 130.891074736913 139.705121517181 147.141089042028 147.987395524979 146.841496229172 148.149430751801 150.00464518865 160.196254650752 167.579134305318 163.131097952525 155.113716920217 158.724198738734
45.1769928137461 43.3189421892166 36.3276079297066 27.3238644003868 23.1554731726646 24.7750009099642 17.990417778492 11.8015346427759 7.83677150805791 5.49666148920854 9.01797724266847 17.4541908005873 26.794970035553 34.181738893191 39.6185715993245 37.2946262359619 33.0019518733025 30.133788784345 30.7465195655823 33.4734370311101 39.3964598576228 46.0047374169032 54.4788340727488 61.2586190303167 71.1202373107274 74.0733941396077 75.6601591904958 75.9103049834569 78.2475173473358 80.3192555904388 83.8014781475067 94.1720803578695 97.6891318957011 99.1485118865967 102.582375208537 106.029659509659 104.75551088651 110.080113013585 117.346942424774 124.150107304255 142.908573150635 146.764576435089 150.96723039945 150.150795777639 145.335644483566 147.371659676234 155.778666337331 161.123146613439 160.988698403041 161.734124024709 160.975694656372 156.141231457392
8.51474516093731 9.77034742633502 7.83741598327955 6.40381996830304 3.95920810600122 0.618557445704937 6.06251073380311 14.0458618601163 12.7427205443382 8.40909406542778 5.93084469437599 7.79495015740395 18.8917083044847 30.6724930802981 40.922279159228 39.2987678448359 37.5145748257637 33.5564812024434 30.8277457952499 28.2185773054759 29.0270149707794 30.7093610366185 34.0292006731033 44.3690816561381 54.8760493596395 63.2266600926717 65.1441663503647 63.7964308261871 66.8892314036687 71.1515446503957 69.4915552934011 72.241132458051 85.4417681694031 92.3927028973897 93.0007596810659 96.012552579244 101.233631372452 104.070047537486 111.67852083842 125.978022813797 129.700660705566 128.661294778188 127.778708934784 143.081853787104 143.607318401337 147.552758455276 153.831034898758 154.026985168457 153.300682703654 159.704546133677 161.443422238032 156.739215056101
0 0 0 0 0 0 0 6.52089218298594 15.4184090594451 15.8262190719446 10.0230953345696 6.02619412044684 8.15604254603386 16.6029743850231 29.1513055562973 35.9658673405647 40.0891751050949 37.9821136593819 34.4107473889987 29.1760017474492 25.6911168495814 25.9121606747309 26.6956885655721 32.8455070654551 39.4163380066554 46.1771686871847 48.0932742357254 51.9584318002065 55.6575854619344 57.042121887207 60.8705977598826 59.3168636163076 57.970275481542 60.885434349378 73.4881410996119 82.6941082874934 89.5463228225708 96.3645180066427 103.343864281972 115.529964367549 120.401839415232 116.321504116058 113.641659418742 112.200647592545 114.490816990534 128.652731577555 135.371585687002 141.393840312958 144.699732462565 148.854911327362 151.482403278351 149.876703818639
0 0 0 0 0 0 0 0 12.7238693336646 16.4148919284344 18.760047852993 13.6279923220476 5.99684566259384 5.60805822412173 13.7249281009038 26.4577517906825 36.8008762598038 40.9918154279391 39.262942969799 35.7474486033122 31.639501452446 32.3372061053912 33.519891401132 34.6723645925522 36.1338530977567 37.3857468366623 40.1721919576327 45.2229678630829 48.6220667759577 48.2763846715291 48.7812608480453 51.8447955449422 47.6726194222768 44.7377065817515 45.4097042481105 54.0478080511093 70.1909859975179 84.8214328289032 87.0573321978251 94.0410395463308 100.493530432383 101.855516433716 99.4883676369985 100.668807824453 102.479120095571 104.403366645177 104.836076498032 120.884547630946 125.412772099177 130.305310090383 132.085700829824 133.778949578603
0 0 0 0 0 0 0 0 0 8.64258284370104 18.8942613701026 22.8199635942777 22.1228723724683 13.2488533854485 12.3175233602524 24.0579023957253 33.4053958455722 42.1324223279953 46.7968583106995 46.7714766661326 41.7044709126155 41.5413379669189 39.8310373226802 40.2337784568469 43.3566172917684 42.8694734970729 44.6709295113881 49.6221482753754 48.699826002121 44.8607703049978 44.7926918665568 44.3242291609446 40.0719121098518 40.3494487206141 39.4618436694145 37.8434707721074 39.8028045892715 41.2831231951714 50.3748704989751 65.1460438966751 69.9847936630249 78.7685960531235 85.9521130720774 92.1820998191833 90.919703245163 96.7694719632467 95.1070388158162 89.960773785909 90.3036991755168 103.20042570432 109.004020690918 114.275733629862
2.35132593661547 0 0 0 0 0 0 0 0 0.540717892969648 17.3389874398708 30.3495575984319 36.2704594930013 33.5842023293177 24.4368265072505 22.941862543424 25.6610562403997 34.6821472048759 46.4265644550323 54.496223727862 55.5200378100077 51.3457308212916 51.5199800332387 50.2774616082509 50.090288122495 50.6871143976847 50.9503583113352 51.7000655333201 49.7687806685766 43.5129255056381 43.4228877226512 42.0515139897664 38.1682167450587 33.8872546950976 31.9894254207611 27.3315981030464 23.9162743091583 18.8987776637077 24.7302899758021 33.4535042444865 36.4705969889959 41.7624165614446 44.5882976055145 49.6832976738612 61.3511850436529 68.6031331618627 77.2877633571625 81.3475449879964 77.5193919738134 74.7401863336563 82.2738707065582 100.302318731944
2.88941493878762 0 0 0 0 0 0 0 0 0.217968403982619 11.2034057577451 30.6851292649905 43.9446916182836 50.0054657459259 40.1730413238207 24.8633076747258 20.7122762997945 22.8041037917137 32.1690266331037 49.4850625594457 59.2694530884425 57.7810704708099 60.5379988749822 56.79518977801 53.9883673191071 56.6025425990423 56.4198891321818 53.932269414266 53.4070680538813 49.8779912789663 43.7158445517222 43.765589594841 37.5293369094531 30.7753210266431 27.5563398996989 22.4676380554835 17.5801552832127 13.5381085177263 13.2949675122897 15.4295340180397 18.5587666928768 21.8094140291214 26.9624541203181 27.314359943072 34.5329095919927 42.0504113038381 55.5093934138616 62.2694939374924 67.8348789612452 66.5557384490967 68.6400632063548 76.8309434254964
1.78245843077699 0 0 0 0 0 0 0 0.0156952773977537 0.444535709296664 0.790858486046394 18.4007709225019 33.168946703275 45.3188469012578 48.804114262263 43.7159836292267 38.7673253814379 30.7443191607793 26.7829149961472 33.2124382257462 50.5252033472061 61.7935260136922 67.0396735270818 66.1432643731435 61.8662486473719 62.0034337043762 64.6438548962275 59.9295248587926 57.7368040879567 60.9509746233622 52.2024134794871 41.0561561584473 32.9009741544724 27.2639816006025 22.2331856687864 16.7758787671725 11.2453972299894 8.38488837083181 6.02314000328382 7.17651844024658 6.56308109561602 11.281597117583 14.7366598248482 18.7025343378385 25.2787694334984 33.6958691477776 40.4367173711459 47.0086087783178 51.663393775622 55.3061862786611 61.2381050984065 65.7768795887629
0.852940371260047 0.031461701534378 0 0 0 0 0 0.0269813269066314 0.671418538937966 0.935385779788097 5.29501711328824 12.2598794599374 25.7679720719655 39.7254104415576 51.9675711790721 58.5934668779373 56.5866082906723 48.965444167455 37.7720395723979 28.600737452507 35.9592288732529 53.737332423528 62.1697207291921 64.780722061793 67.5458759069443 71.1276034514109 75.5041042963664 72.6943512757619 67.3476209243139 61.6015841563543 58.5341304540634 45.5954720576604 34.4898551702499 24.9569565057755 17.0767505963643 14.4146432479223 9.58790505925814 6.03739234308402 3.82367148995399 2.03827784086267 3.66824027150869 5.03702368587255 7.17306944231192 12.4642588198185 17.5878604253133 27.5109981497129 32.1348955233892 34.2837969462077 38.7420058250427 44.8708186546961 50.4689117272695 57.4373404184977
0.967217066014806 1.23179579774539 0.520257667327921 0 0 0 0 1.06112457190951 2.06320965662599 9.69188225766023 14.5704199870427 16.1456912755966 22.3957573374112 30.7354480028152 41.1696905891101 53.9727061986923 57.5766762097677 58.1232011318207 55.9901694456736 44.0353552500407 32.4886962771416 41.6236793001493 49.303596218427 59.6003631750743 68.9955701430639 74.2803812026978 77.1588782469432 73.1044511000315 73.2403844594955 65.0395005941391 53.0618677536647 44.2822376887004 36.1711457371712 25.127612054348 16.7450743416945 13.2400169968605 7.67860126992067 2.83546031763156 0.389157483975093 0.189048703759909 0 1.99017099415263 7.36354663968086 10.23428949217 11.796319236358 15.8941087623437 20.2859515945117 23.2309798399607 27.1597132086754 31.0416519641876 35.3133132060369 38.7859791517258
0.953297518814603 0.50185841973871 1.15519055786232 0 0 0.208270794246346 0.519144504020611 1.70429827024539 2.33831675723195 2.48898286372423 16.4999353388945 14.3602254490058 15.2596781651179 19.4604496161143 26.9620517889659 41.8456196784973 45.8231767018636 52.3130297660828 57.2131375471751 57.9773485660553 50.4719465970993 40.8232932289441 43.922503789266 51.9753247499466 60.9111289183299 69.1398233175278 75.5565464496613 74.4331280390422 66.1705434322357 65.9256428480148 55.458148320516 43.0353830258052 29.4886007905006 20.8835229277611 11.6571895778179 6.04897240797679 1.8109503823022 0.112372237102439 0 0 0 0 2.19374367346366 4.5547749226292 6.69582436482112 9.15364796916644 11.9814313948154 16.4370238780975 22.3961720863978 22.7023114760717 26.350903014342 24.2777715126673
2.61905727287134 0.248354238768419 0 0 0 0.442329522532721 0.301160383969545 1.9821993385752 2.8305867065986 2.90798240651687 8.74204623202483 10.5848883589109 9.30371570090453 11.2118944525719 15.6623845299085 26.4910807212194 35.8037228385607 40.790264805158 48.8186726967494 60.3148986895879 66.4925177892049 56.7510475715001 55.7841360569 57.9985082149506 59.8651965459188 62.1882031361262 65.3146803379059 69.2281077305476 64.5293096701304 52.3787587881088 43.3473338683446 36.3782048225403 21.3670159379641 12.2067059079806 4.78072402377923 0 0 0 0 0 0 0 0 0.91164008093377 1.06943002901971 4.71619609743357 7.3544072608153 9.18635912239552 12.5053872664769 13.7836212913195 14.8948853214582 15.7017509142558
11.5038442114989 5.69800039132436 0 0.00511811837592783 0.317933309512834 0.127986471246307 1.37652798245351 3.25366233785947 3.6647009352843 3.14141002794107 2.20732561623057 5.65901895364126 8.12844249109427 4.97254636138678 9.94426322480043 18.7449331084887 28.9126907785734 36.9877070188522 42.243684331576 53.773487607638 61.8592202663422 72.1992005904516 78.0414591232936 74.8004764318466 70.4142252604167 61.467985312144 57.0104420185089 58.9096248149872 59.6880167722702 46.457846959432 29.9057414134343 18.7238131960233 11.7473565042019 1.64861666659514 0 0 0 0 0 0 0 0 0 0 0 0 2.36375428115328 3.75605219354232 5.09436863164107 8.39281889299552 9.04667750000954 6.94922419885794
39.3428926666578 33.2270090778669 13.7445429960887 7.16874624292056 4.50437950591246 1.1969778376321 4.73780340204636 4.39805227021376 3.59165916840235 3.59222665429115 5.73064511020978 10.16037662824 10.5702442427476 9.83653776347637 11.1115661760171 15.7425639530023 23.9106466372808 32.5372964143753 37.9543453454971 40.0790323813756 43.6261494954427 56.4784506956736 67.9687758286794 71.35309278965 70.9751596053441 65.6289557615916 57.5971305370331 49.5360990365346 53.7213385105133 35.550132393837 17.2050620118777 6.18504049877326 0 0 0 0 0 0 0 0 0 0 0 0 0 0 0 0 0 3.60042105118434 4.67507975796858 1.23263212541739
