input/barkrak2/radiation/dir33424.grid
NCOLS 85 
NROWS 70 
XLLCORNER 665100 
YLLCORNER 4664600 
CELLSIZE 20 
NODATA_value -9999 
[rows 23 to 45 of 70, columns 0 to 51 of 85]
65.1190280914307 54.9427469571432 24.7197995583216 8.59151097635428 4.62190061807632 10.4973986744881 10.2038166175286 4.84218106915553 3.45160160213709 3.15149066348871 3.24322811017434 10.9870334466298 12.2574356695016 16.2025801837444 14.0341569979986 14.009740203619 19.5807913939158 28.0380596717199 32.0926631490389 25.7402261098226 25.5065162976583 28.6328693230947 39.6574189265569 49.4773884614309 55.1795313755671 55.0607591867447 49.5229264100393 42.6970273256302 22.9964976509412 10.3888573745886 6.48888510962327 1.56965448210637 0 0 0 0 0 0 0 0 0 0 0 0 0 0 0 0 0 0 0 0
64.9215777715047 60.9653443098068 40.0058875481288 12.9010987778505 0 4.71996702253819 5.40772639214993 6.82613626122475 4.50377228359381 3.72204494973024 3.23514764507612 3.19803754488627 10.9593893090884 14.3712088465691 13.4544596076012 13.6490973333518 17.3715812464555 25.3975912928581 31.5674295028051 25.181087354819 23.273711403211 20.5458501974742 27.1197805802027 34.6441467603048 39.2726262410482 40.1011258363724 37.3735576868057 33.6668168505033 15.7476079960664 5.77470287680626 2.73263485481342 1.66752034177383 0 0 0 0 0 0 0 0 0 0 0 0 0 0 0 0 0 0 0 0
52.7323285738627 56.7963222662608 49.8384137948354 21.8099306027095 0.878915345917145 10.2760226776203 16.9827242692312 24.3837212522825 26.3400326172511 19.753376642863 16.563152273496 17.920666684707 16.7670312027136 20.0116373598576 20.3835268815358 15.7322312394778 16.5805655221144 25.5024929841359 30.9176594018936 33.0707182486852 33.1319744388262 29.3126751979192 27.2431845466296 26.9230157136917 29.6449760595957 31.6341097156207 27.7975648641586 28.1595389048258 17.0189465085665 12.8480096658071 10.1532023400068 12.6805615921815 7.98676535487175 0 0 0 0 0 0 0 0 0 0 0 0 0 0 0 0 0 0 0
51.4530688524246 56.2033106883367 53.8948774337769 30.3722570339839 8.94252086679141 21.2259615461032 34.6344709396362 44.6046789487203 51.9878665606181 45.5346604188283 29.981588323911 30.9921031196912 27.7137085795403 28.7995114922523 30.5694739023844 21.3305527965228 18.9839266240597 25.4968603452047 33.4952945510546 42.9365336894989 44.3077137072881 41.595513621966 33.9289704958598 28.5358627637227 28.8566773136457 31.1604390541712 26.8740480144819 34.1075311104457 32.2951649626096 30.9860308965047 34.8243042826653 50.1903394858042 57.7976008256276 38.3066485325495 0 0 0 0 0 0 0 0 0 0 0 0 0 0 0 0 0 0
52.7189125617345 51.8124600251516 51.84073249499 35.9331121047338 31.4847479263941 40.8021286129951 54.3427169322968 60.3261391321818 61.2817009290059 52.0332157611847 40.5450388789177 32.8401774168015 32.5060933828354 32.7840819954872 34.3533505996068 29.3547337253888 25.3014340996742 29.1029264529546 42.0815646648407 46.119565765063 43.8954681158066 35.8561227718989 33.6437697211901 34.3179429570834 34.554123878479 34.9564875165621 32.718171676 42.2893762588501 58.2678417364756 62.5607868035634 65.9462759892146 72.1655189990997 82.018365462621 87.3080392678579 45.0701067845027 0 0 0 0 0 0 0 0 0 0 0 0 0 0 0 0 0
55.573711792628 45.8655655384064 46.3109115759532 38.3828729391098 50.5601614713669 53.4011870622635 58.8234265645345 55.2464673916499 51.6103605429331 41.6181161999702 34.6395894885063 29.3621520201365 31.0897752642632 34.1842373212179 35.3632097442945 38.6363392074903 32.3313673337301 28.5816763838132 38.0040854215622 40.5345211426417 37.8185262282689 31.4860989650091 31.730222205321 37.1406003832817 39.1944448153178 36.051665743192 36.9598517815272 42.3033734162649 64.3466015656789 76.6315708557765 82.9221705595652 87.6847406228383 93.8731034596761 97.0502098401387 86.3256255785624 21.0795601209005 0 0 0 0 0 0 0 0 0 0 0 0 0 0 0 0
56.7587316036224 41.385089357694 41.3964117566744 42.8233693043391 51.7980953057607 54.4596910476685 46.0939606030782 34.6564402182897 9.8491075138251 6.96065649390221 13.8076022267342 22.0670079191526 27.4656638503075 35.623200237751 36.1261367797852 41.411908964316 37.8258153796196 27.2636661926905 28.960332274437 32.4196914831797 31.5038412809372 31.7200471957525 31.6532800594966 36.8101795514425 41.7276869217555 38.7453486522039 40.6679113705953 42.6590045293172 58.2298288742701 78.9684553941091 90.5783275763194 96.0568189620972 98.2996424039205 99.2093086242676 105.06342848142 87.2100194295247 16.221784055233 0 0 0 0 0 0 0 0 0 0 0 0 0 0 0
55.9747914473216 56.3608358303706 74.0450620651245 101.636836926142 81.941286722819 59.4031115372976 36.7963562409083 9.34925302863121 7.31618764499823 15.2054230372111 5.10190986096859 5.38142149647077 27.07306543986 35.9389260411263 38.498396674792 46.4587310949961 42.6941315333048 31.4574912190437 30.5718456705411 33.6619069178899 30.9679930408796 34.3978653351466 35.9930122892062 38.0814919869105 43.2075659434001 46.8837867180506 45.2694247166316 47.926738858223 59.9155823389689 82.2678804397583 97.3377426465352 100.252995888392 98.4849333763123 106.448819239934 115.057537953059 116.285701592763 91.4344787597656 37.3932048678398 0.516829895786941 0 0 0 0 0 0 0 0 0 0 0 0 0
66.7092104752858 96.5772072474162 141.58617456754 162.46634721756 141.659438610077 94.682236512502 54.2552620172501 29.8572604854902 24.920033911864 28.6647280057271 21.6593816876411 18.5944810509682 27.2065798441569 35.4361285765966 45.4300741354624 48.1066008408864 44.674406449 38.8693412144979 32.7793757120768 34.0563207864761 34.498338898023 37.3873909314473 39.6332492431005 39.9736886223157 44.1263020038605 54.4834534327189 54.507186015447 59.613436460495 68.8986132542292 83.8026901086171 97.1520145734151 102.409472068151 105.438262224197 110.491981108983 117.014875014623 117.782404025396 110.862225294113 91.3126468658447 34.3928933143616 0.00694682300187803 0 0 0 0 0 0 0 0 0 0 0 0
121.451367934545 156.324068705241 181.305090586344 183.902899424235 181.944767634074 156.567762295405 117.106854915619 85.2291385332743 65.1023934284846 53.4264991680781 49.8435993989309 41.2075643738111 30.8889895677567 32.866840561231 41.199636956056 48.0089883009593 42.6356941461563 44.1611657540003 34.1496864954631 32.1586653590202 36.2578630447388 37.7041945854823 38.1044298410416 38.6990557114283 42.7020092805227 54.7894885142644 60.1078520218531 66.854606072108 75.1776844263077 82.8889856735865 93.5521821180979 101.885735988617 103.776226441065 100.928902626038 103.417138258616 97.4781215190887 98.8498727480571 85.7454538345337 46.352818608284 0.853833431998889 0 0 0 0 0 0 0 0 0 0 0 0
173.900942007701 191.205561161041 196.751753489176 194.512188434601 197.409927845001 192.32436021169 170.483072598775 131.738265355428 98.6543496449788 75.4455327987671 76.9752115011215 68.6191320419312 47.8276262680689 38.2090732455254 39.6649688482285 43.7228083610535 38.584366440773 39.2034004131953 32.819593946139 33.5760712623596 32.9839338858922 34.2963660756747 33.6181993285815 34.2874477307002 39.9203623334567 49.1453111171722 59.3024790287018 62.9291882117589 71.4215685923894 82.6759040355682 91.2611285845439 94.2707260449727 87.2110525767009 77.5290578603745 79.3055792649587 67.3949718475342 68.2640473047892 54.7689894835154 17.4233615398407 0 1.81597750633955 0 0 0 0 0 0 0 0 0 0 0
189.052065213521 196.933388710022 196.441233158112 197.482089201609 198.870619138082 197.767118612925 188.278655211131 158.863385518392 114.288677771886 90.3285642464956 89.1830027103424 83.1611553827922 68.047175804774 48.3572483062744 41.732132434845 41.9561018546422 36.137064297994 32.836044828097 32.8775768478711 35.647377371788 32.0470308264097 31.9876496990522 32.4388717611631 33.5867206255595 38.0210528771083 44.4448937972387 53.1344264745712 53.2223532597224 61.5417013565699 76.6252676645915 85.1440628369649 83.9378933111827 78.693096836408 72.5712229808172 65.9062017997106 55.5707265933355 59.1990053653717 56.6315750281016 38.5606090227763 8.21136062343915 8.82119623323282 0 0 0 0 0 0 0 0 0 0 0
180.930395921071 185.508529345194 182.522773742676 183.404147624969 183.633287747701 178.568065166473 172.267774740855 156.836400429408 121.339539686839 100.753019253413 95.6868330637614 87.0592395464579 79.6842873096466 55.5211007595062 44.3111856778463 45.3540633122126 38.8990119099617 31.4961497982343 35.3648910919825 36.5373293558756 35.0396558642387 32.4837466080984 35.2165351311366 38.9652798573176 37.1358518799146 42.3255612452825 46.3982323805491 47.0140874385834 53.426797191302 70.1168924570084 78.4182548522949 77.5231420993805 80.4229180018107 81.237847606341 65.9498820702235 61.2133344014486 64.8235529661179 70.9903389215469 65.4503206411998 29.7973950703939 0.0229095700584973 0 0 0 0 0 0 0 0 0 0 0
154.929270346959 158.736517031988 161.24626994133 158.544560273488 157.90131688118 156.064808368683 160.692592461904 158.702979485194 132.191012303034 108.717262744904 96.8852341175079 81.420158346494 71.9754298528035 51.4433334271113 40.4692764083544 45.500968893369 46.9899276892344 36.4799226323764 38.5606636603673 41.3279334704081 41.7602906624476 37.8578106562297 37.992258866628 40.9155413508415 39.2423470815023 39.489284157753 44.9177970488866 50.6144811709722 54.2325725158056 65.2997940778732 76.0775556166967 80.3411255280177 81.1656812826792 85.0691894690196 69.0062592426936 69.3090111017227 69.3837801615397 77.5282233953476 77.0278523365657 41.0415679216385 0 0 0 0 0 0 0 0 0 0 0 0
131.659249464671 141.316572825114 151.952157417933 149.135986963908 148.190766572952 154.822379350662 164.74512219429 168.286581834157 153.266300757726 122.89289633433 97.909152507782 72.5110669930776 56.1883946259817 44.8627720276515 37.343700726827 40.8213138580322 51.0171751181285 43.9525246620178 41.4669911066691 44.3176527818044 44.8287477095922 41.223851342996 39.379820227623 40.9343242645264 41.5413503845533 41.0721426208814 43.8393652439117 52.4415324131648 55.1697909832001 59.5217049121857 70.5667585134506 80.3016523520152 82.8203856945038 77.6382038990657 66.2883172432582 76.0858356952667 79.6068608760834 84.2730005582174 84.2291712760925 59.9409838517507 0 0 0 0 0 0 0 0 0 0 0 0
96.3940819104512 107.196112473806 116.017272075017 120.22191286087 128.574748833974 144.470691680908 159.281710783641 168.560067812602 166.183789571126 138.029674688975 104.255219300588 71.4830855528514 52.4002611637115 48.874373237292 41.7665938536326 36.2673526008924 46.53233786424 47.0093389352163 41.8156087398529 41.800931096077 42.1878397464752 39.641484618187 37.5790074467659 38.7166415651639 41.9470171133677 45.4702079296112 44.4048295418421 49.1884301106135 54.4583300749461 54.9536695082982 62.891831000646 76.8208603064219 80.4750422636668 67.8759415944417 69.0034081538518 83.04496606191 88.3633494377136 86.4387651284536 87.9546503225962 84.2274228731791 32.4933876593908 0 0 0 0 0 0 0 0 0 0 0
62.6277426878611 69.0626005331675 68.4951841831207 78.2158474127452 93.7625666459401 110.560784737269 125.653465588888 138.586541016897 139.904280503591 118.174284696579 83.5675597190857 59.9640111128489 47.5349277257919 46.3941196600596 43.1176821390788 38.3765449126562 42.7686870098114 42.9628491401672 37.1078302462896 37.9399334390958 40.8538654446602 43.6997264623642 42.8992261489232 39.6856715281804 39.1145224372546 41.4004276196162 46.4211453994115 48.6161212126414 52.920271952947 53.621843457222 55.3289751211802 66.7342493931452 73.6728757619858 70.4993655284246 86.9510273138682 93.041996161143 90.6690458456675 86.5278244018555 92.6687121391296 103.260378042857 94.671497742335 39.937861263752 0 0 0 0 0 0 0 0 0 0
52.0423104365667 53.9570599794388 53.8491557041804 55.8537244796753 64.281498392423 70.4458554585775 74.1254190603892 79.3745219707489 80.2421669165293 65.2059614658356 50.7359405358632 46.9622264305751 45.7428048054377 43.5014367103577 42.6076749960581 43.3145960172017 42.0959889888763 40.8072819312414 37.3892337083817 37.5627353787422 41.5968100229899 46.5142081181208 47.5988884766897 44.2539205153783 41.715532541275 40.3896768887838 48.0830321709315 50.900787115097 53.1722207864126 53.6993543306986 54.6936690807343 60.070589184761 67.8269863128662 77.1989425023397 93.2982961336772 91.4208292961121 84.0579072634379 75.2680699030558 79.6851565440496 95.9287683169047 103.880325953166 94.6110288302104 50.8124977350235 2.97605339437723 0 0 0 0 0 0 0 0
59.9821756283442 57.5615366299947 57.6956967512766 57.5195848941803 54.1247030099233 52.2002726793289 51.07049147288 52.2870868444443 56.9858849048615 49.21755194664 42.3313975334167 43.670708934466 47.1328149239222 47.6785202821096 46.5547094742457 45.3814168771108 40.2906214197477 46.5310613314311 47.8061586618423 44.2023575305939 46.3283906380335 46.7299868663152 45.8565354347229 47.7535277605057 49.8717278242111 45.7587341467539 49.7044026851654 52.0961383978526 54.0467202663422 54.8408627510071 57.1644057830175 59.612641731898 65.883681178093 81.2638898690542 89.0761812527974 83.664466937383 72.7940152088801 63.7652973333995 61.8018805980682 70.8194971084595 94.5806304613749 99.0140338738759 78.4921745459239 29.1996151208878 0 0 0 0 0 0 0 0
64.1241719325383 61.4465326070786 64.2208854357402 62.8330806891123 56.3275913397471 53.2289296388626 51.0978847742081 48.7903753916423 49.0200420220693 45.7177658875783 44.1083908081055 44.2819943030675 47.7561602989833 51.059345404307 51.2786855300268 48.8267242908478 46.0006544987361 51.7752915620804 54.1862547397614 48.8138496875763 45.8665043115616 44.2547698815664 41.0849849383036 43.0294126272202 47.7815568447113 45.2482501665751 42.5130724906921 46.877846121788 50.687313079834 52.6485542456309 53.8438459237417 55.2598237991333 64.0790561834971 82.0034990708033 86.6704384485881 73.6166338125865 63.3429785569509 60.1035157839457 58.7986707687378 67.2640899817149 74.8158842325211 75.2432346343994 65.4260714848836 36.0593472917875 0 0 0 0 0 0 0 0
49.0550249814987 51.6843845446905 60.0876112778982 57.5833270947138 59.9613537391027 62.3967697223028 61.6192320982615 57.4897030989329 47.6624170939128 46.5424954891205 49.6445248524348 46.406755844752 47.0657845338186 50.9683936834335 51.3760944207509 48.8501538832982 50.836518406868 53.2914797465006 53.5781383514404 49.3665238221486 44.3681577841441 41.4969126383464 39.4866789380709 39.6571680903435 42.7604715029399 46.0711469252904 41.8076018492381 44.1971272230148 48.1598228216171 49.5150089263916 48.1147964795431 46.0849304993947 56.480993827184 68.9620325962702 75.1757075389226 66.2045876185099 62.1228863795598 64.6997690200806 65.6118492285411 66.9011423985163 62.7504587173462 61.7605298757553 57.2221179803213 35.4067757725716 1.77527591586113 0 0 0 0 0 0 0
47.5646952788035 53.271695971489 56.1353514591853 56.8544914325078 58.6301386356354 61.0003272692362 61.4569584528605 57.7740172545115 53.5015364487966 49.7583995262782 51.631157596906 49.5722393194834 46.9444443782171 44.9777394533157 44.8416421810786 45.1022038857142 42.4333612124125 48.9091376463572 50.8624811967214 49.0789214769999 45.7278142372767 43.609415491422 42.7256574233373 43.887789050738 42.2633041938146 50.6620158751806 52.7196874221166 50.2399901549021 49.237127105395 48.3662535746892 44.26608979702 42.0925319194794 47.1843381722768 51.8966615200043 56.9685697555542 60.2368960777918 64.1348510980606 68.9188639322917 69.9433634678523 63.2132589817047 63.3862018585205 58.6436639229457 55.972029765447 39.713645974795 12.1144379178683 0 0 0 0 0 0 0
53.6372462908427 58.1353406111399 55.412694811821 58.6465398470561 57.2978556156158 57.4343105157216 58.9729944864909 57.800218462944 59.1140488783518 54.913267493248 54.0864765644073 53.5252839326859 49.3563910325368 45.0176099936167 44.151559472084 48.015758395195 43.5814907153447 46.7797666788101 50.3046214580536 49.7307429711024 47.0323959986369 46.8981911738714 46.4588900407155 47.8783945242564 49.3727674086889 50.1229017972946 55.3645193576813 52.7509699265162 50.9243756532669 49.3940412998199 45.491024851799 42.3877189556758 44.9135303497314 44.5029934247335 44.8259264230728 48.3008027076721 54.8071761926015 63.1170819203059 62.9784464836121 52.6518126328786 54.4929752747218 51.2248476346334 51.4440188805262 48.9341417948405 32.5660953919093 4.73501129696767 0 0 0 0 0 0
