input/barkrak2/radiation/dir33624.grid
NCOLS 85 
NROWS 70 
XLLCORNER 665100 
YLLCORNER 4664600 
CELLSIZE 20 
NODATA_value -9999 
[rows 46 to 68 of 70, columns 0 to 51 of 85]
51.8132448196411 53.3285935719808 55.9432903925578 57.9089870055517 57.6568394899368 57.554175456365 59.4167013963064 61.1687501271566 57.9248617092768 56.974932551384 56.1286707719167 55.3974807262421 51.5684485435486 49.0516324838003 48.9570548137029 52.2025376558304 50.3155291080475 44.9402978022893 49.9671796957652 48.8726894060771 46.3814189036687 47.4778314431508 47.9254573583603 46.2649166584015 53.2987862825394 48.0848749478658 49.3573745091756 50.0808904568354 49.4121511777242 49.1760472456614 47.6062794526418 44.1541920105616 43.4435705343882 43.9930558204651 45.5809483925501 46.9959676265717 48.4751363595327 53.2172421614329 53.6587685346603 50.8438597122828 49.8617043097814 47.6534813642502 52.7497132619222 57.5455327828725 48.9324033260345 23.829052845637 1.05570008357366 0 0 0 0 0
46.0042059421539 48.2569336891174 53.5738666852315 55.2937587102254 58.6987386147181 60.3016316890717 58.3488643169403 58.1608513991038 58.2368870576223 60.7913037141164 58.3349317312241 54.9441377321879 53.1750619411469 53.2719939947128 51.671306292216 50.5853195985158 49.8244365056356 43.3181871970495 47.0309108495712 48.2697387536367 45.4959173997243 45.9023763736089 49.5370477437973 45.2450662851334 48.0426102876663 48.0459531148275 44.1246877113978 47.2156455119451 48.6252903938293 47.6638575394948 48.8317509492238 47.8970756133397 43.2638823986053 45.8326389392217 56.0161769390106 60.341864824295 54.8092772563299 49.8908460140228 51.8165727456411 59.1534127791723 53.4712622563044 49.1620004177094 54.5212874809901 59.3176434437434 54.1010002295176 38.8074840108554 9.23525293668111 0 0 0 0 0
39.4726271430651 42.5704816977183 47.5713163614273 50.6708969672521 57.1496586004893 60.5400254329046 57.5652420520782 55.8632910251617 59.9010437726974 62.1526688337326 60.2144698301951 56.5421978632609 55.343563357989 56.1375468969345 53.8544704516729 48.6219227313995 48.620546857516 43.9452230930328 47.265479962031 49.7930198907852 49.0708649158478 49.0781168142954 50.8763293425242 49.1494039694468 47.0910271008809 50.5804022153219 47.7380851904551 51.4830450216929 56.0480455557505 57.7457994222641 60.6912424166997 61.154693365097 53.0018657445908 53.4689823786418 62.0230088631312 69.1022475560506 66.7133579651515 57.2612037261327 53.5264511903127 58.4201862414678 50.9640922149022 47.1448103586833 45.8390166362127 46.1540321509043 45.0103680292765 44.253076116244 33.64114711682 2.17859912663698 0 0 0 0
38.4823953111966 36.4956806103388 40.6008089582125 48.0492264032364 53.5252590974172 56.5037826697032 59.1601034005483 61.7955724398295 63.0445977052053 60.0872784852982 61.9754244883855 62.030682961146 58.6906572182973 56.6347688436508 55.0386657317479 51.0334769884745 49.2836087942123 47.2710678974787 50.2735624710719 53.360457221667 55.4772019386292 54.7495583693186 52.3115247488022 53.5692671934764 49.5440314213435 53.1844397385915 56.4820865790049 59.7388843695323 65.5016899108887 70.7892676194509 76.1583248774211 78.2095591227214 67.6898409922918 61.7772738138835 61.279887954394 69.9652979771296 72.6623783508937 68.3323542277018 58.2992186148961 49.2928475141525 44.9604590733846 45.6452568372091 46.4510271946589 42.9386695226034 39.714423318704 42.7309374014537 27.3160437742869 7.94153908888499 0 0 0 0
38.6596272389094 41.9702927271525 45.4532653093338 51.377813021342 51.7676075299581 52.070548137029 59.7259104251862 64.7144864002864 64.774548014005 64.4645740588506 64.5405401786168 64.3578767776489 60.7143888870875 56.7913949489594 57.3181062936783 60.0420931975047 53.3705403407415 53.4457166989644 54.2066395282745 58.5562437772751 59.5108866691589 57.5371980667114 54.4787844022115 54.5770873626073 49.3204692999522 55.6399275859197 60.2406760056814 65.6982064247131 71.274146437645 77.3439904054006 83.1472327311834 85.6125950813293 79.1891266902288 66.1530047655106 49.0352759758631 50.9393413861593 60.7023785511653 67.7602539459864 59.7643405199051 46.2756454944611 41.5188148617744 46.1874455213547 51.6788462797801 49.0736564000448 44.4730818271637 39.543072382609 22.3828280965487 11.7096304893494 0 0 0 0
39.4700914621353 49.8489091793696 51.9850552082062 53.0434151490529 51.0134299596151 50.8302350838979 58.189257979393 63.4122888247172 63.3040467898051 68.2780742645264 66.0342276096344 65.2361412843068 63.2932583491007 58.910459280014 59.0454538663228 64.7837618986766 58.6854467789332 56.9722602764765 54.4275144735972 55.3862452507019 55.8061351378759 54.8418164253235 53.7790755430857 51.9474695126216 49.525111913681 50.8804619312286 53.8887083530426 56.862344344457 62.3088528712591 71.8382348616918 78.8690149784088 84.2902859052022 77.8602759043376 59.3929886817932 19.8592568437258 19.4216432670752 25.9345943729083 53.0316283305486 65.8662666877111 64.0241652727127 59.1776371002197 52.223394314448 44.2589124043783 40.5988295873006 44.9618895848592 39.7834926843643 22.2829629977544 16.5715192755063 0.419237728541096 0 0 0
42.8458998600642 41.400874654452 40.6760374704997 42.7156984806061 48.5993772745132 53.9022286732992 54.6884834766388 60.1795266071955 60.1888597011566 64.7967358430227 65.2554929256439 67.0458575089772 66.7674789826075 62.7037187417348 60.9906216462453 59.5856010913849 61.0113392273585 56.3646107912064 51.1717547972997 49.1745819648107 48.3916302522024 49.9086032311122 51.3553520043691 46.1824387311935 47.2501417001088 46.0863063732783 46.8301375706991 47.9109436273575 49.9857316414515 52.9118279616038 60.587207476298 68.4777249892553 66.2925690412521 42.8572396437327 16.0846623281638 9.07477115591367 9.78676291803519 17.6834824184577 43.4207767248154 57.2456767161687 64.5617594321569 52.4373948574066 38.4789109230042 35.2187678217888 39.4976486762365 25.658850868543 21.7638065417608 32.9339231053988 17.3868897060553 0.173030227112273 0 0
45.2688187360764 36.3313083847364 34.4252586364746 39.2024318377177 49.5416025320689 57.3804825544357 57.2773814201355 58.3358407020569 60.9544068574905 61.3016386826833 63.3892764647802 66.0330206155777 67.7859534819921 66.612387696902 62.8129243850708 60.3996366262436 62.4672422806422 56.5301676591237 52.0490606625875 52.5571604569753 52.6413718859355 50.4010071357091 48.5123346249262 45.9191997845968 45.6426640351613 43.8611457745234 44.0746545791626 43.9183562994003 42.3556268215179 40.3356949488322 35.5666478474935 41.7762696743011 44.4466372330984 22.8065873185794 17.6181259254615 9.89612129827341 2.34249063457052 1.30849983543158 8.57686996459961 23.4013547499975 46.0404058297475 45.4578896363576 36.5935117006302 32.2749490539233 21.6057648261388 22.6178616285324 20.5948886771997 39.1716708739599 46.4476644992828 27.7511179447174 2.83134542405605 0
45.371542374293 40.3371651967367 38.5665173331896 43.4960126876831 51.9349078337351 58.892160654068 61.9681378205617 58.2534025112788 62.323326865832 61.2473785877228 64.7533982992172 66.5628214677175 67.8298771381378 69.6299324433009 65.2686804533005 64.7306740283966 65.4532412687937 60.5296194553375 56.7113657792409 57.1785469849904 57.1968108415604 53.7548959255219 51.4290531476339 51.303173104922 49.012412627538 47.0254123210907 44.9004769325256 41.1310990651449 39.016271630923 35.0039452314377 27.8021519382795 32.5154190262159 39.5255759358406 41.6529650489489 39.84651217858 29.6034167210261 10.6665603816509 2.38810138156017 1.49215804412961 5.92559948563576 19.8856517672539 23.8088915745417 20.1795200506846 14.7341688474019 14.4986771047115 19.5202554265658 21.327997247378 29.4742956757545 42.4768030643463 46.5994228919347 29.350442190965 1.20861874893308
48.335721095403 46.998585263888 43.8268383344015 42.8399791320165 48.3564138412476 58.2028776407242 59.8038186629613 57.9876452684402 59.8565538724264 64.8391842842102 71.0091690222422 71.5428044398626 69.732536872228 70.4768896102905 68.4807399908702 68.5677280028661 68.5363461573919 66.4984285831451 62.4412248531977 58.9690903822581 56.4182053009669 55.2742630243301 57.2104503711065 58.910146355629 55.3936858971914 52.8492579857508 46.001672744751 36.8651151657104 31.3802808523178 29.6933402617772 29.8884411652883 36.1643880605698 43.449009458224 54.3818771839142 59.3684315681458 57.764341433843 43.8172419865926 29.5849591493607 18.5203130046527 5.48457354307175 10.3586843858163 19.4922412435214 20.0255190332731 14.6710289021333 14.6281234920025 29.7505085666974 48.0433652798335 41.8314933776855 36.9366804758708 42.4664517243703 34.9149778485298 7.79334331552188
50.791397690773 50.2237975597382 49.2293337980906 46.1021214723587 47.325054804484 55.8884541193644 57.6875905195872 57.975838581721 58.0942928791046 66.9741729895274 74.6331512928009 73.3703126509984 69.0636883179347 71.3750670353572 72.8185027837753 67.2156264384588 69.6628789107005 66.9378191232681 63.3729100227356 61.3013803958893 59.9502374728521 60.6679668029149 58.2711001237234 56.377242008845 53.5659392674764 49.6264050404231 32.399075726668 5.68466385205587 4.48474287986755 17.7847817540169 27.5710473457972 32.7496081590652 41.6957686344782 48.9729791879654 59.3957453966141 63.2392565409342 63.4395529826482 54.2267660299937 42.6339606444041 24.0407362580299 11.8890528877576 19.6094090739886 39.0207692980766 39.1750385363897 32.5044939915339 50.4437933365504 73.6289123694102 63.7527505556742 42.9865817228953 31.1017980178197 16.2472799420357 8.93171938757102
49.7083167235057 47.9046603043874 51.4489263296127 52.4845371643702 50.2501676479975 52.8142551581065 57.7956189711889 58.5291733344396 59.0810428063075 66.7731066544851 73.1262117624283 71.2061077356339 67.2182738780975 70.6425209840139 73.7811823685964 64.6783759196599 66.6899830102921 65.5512710412343 64.1949673493703 64.6021664142609 65.9621258576711 66.742792725563 61.3710383574168 54.5831471681595 54.1005929311117 50.5268673102061 34.8839362462362 17.634288718303 17.1074333290259 23.3582407236099 33.4596360723178 36.5972444415092 50.4889736572901 59.8585357268651 70.520430803299 63.8621747493744 60.4536682367325 23.5243489344915 23.9764774839083 24.547278881073 29.679536819458 38.6921564737956 46.1623817682266 22.9660818974177 17.7692597111066 21.6625158985456 46.9972789287567 50.5307465791702 38.4823034207026 29.8575262228648 22.1000239253044 16.4393385251363
39.2198165257772 46.2612013022105 49.6605137983958 52.3563871781031 52.4685382843018 49.3692109982173 57.8715006510417 61.2590660651525 62.3838802178701 67.2210206588109 69.3207035462062 68.8467721144358 68.2211716969808 66.8361435333888 68.2040154933929 64.8676306009293 61.7632518212001 65.0902688503265 67.1148051818212 69.5489545663198 70.2549368143082 66.4742141962051 65.7914976278941 59.3493084112803 57.3047151168187 57.1745336055756 52.7803848187129 46.3783045609792 45.2224314212799 46.4282135168711 42.9517974456151 42.7854508161545 61.4588757356008 71.4906851450602 51.6132811705271 47.0241606235504 28.2741586367289 12.1676847338676 4.54982463270426 10.8611062169075 10.7243520518144 38.1033147374789 46.5437273184458 39.8295844594638 28.24500699838 29.5025482773781 42.5426214933395 46.727125843366 44.1624571879705 37.8771697481473 31.9420049587886 31.1437224348386
30.479388932387 43.9755072196325 47.7727403243383 50.6429076194763 53.4929533799489 49.9060650666555 53.6254545052846 60.6829673051834 70.9866285324097 72.6267794768016 68.0907318989436 65.5053953329722 67.6996161540349 67.1932150920232 67.5321817398071 65.032958984375 61.8635465701421 64.1054461399714 62.7669195334117 60.6683393319448 61.9019816319148 62.250941991806 60.8804821968079 60.6249968210856 61.7776413758596 65.3368333975474 72.4531809488932 76.4222145080566 62.7564291159312 57.0559799671173 46.6613471508026 42.6596601804098 49.7513512770335 50.2227544784546 20.428570608298 14.2269196609656 13.4888303776582 8.02035381396612 0.847324961796403 0 0 12.7631388604641 43.6787903308868 65.2112712462743 70.3180730342865 64.7622495889664 62.3768220345179 62.3533030351003 62.5489354133606 52.0578622817993 41.7258888483047 52.0052711168925
32.2703942656517 41.4129147926966 48.2381731271744 50.4881193240484 52.0994464556376 52.4113078912099 47.0435669024785 56.027094523112 75.3329694271088 74.2824375629425 66.445122162501 62.7225339412689 65.63600897789 69.2906777064006 68.4266090393066 65.3516153494517 64.3985867500305 62.3249312241872 56.1574995517731 49.3082503477732 49.8287876447042 53.0711263418198 54.6387732028961 57.5642287731171 59.3524773915609 65.7665282487869 81.3656399647395 86.494505405426 66.7344729105632 58.3993544181188 46.6451396544774 34.3423088391622 37.13591893514 38.7143691380819 18.9442572494348 10.5451146761576 11.4846378564835 16.7782306671143 9.79808780054251 1.23702781274915 0 2.66315663854281 20.6721387803555 45.2892531951269 48.161044716835 49.3337164322535 47.0039347807566 54.1927814483643 53.8376718759537 47.7403402328491 48.4139621257782 81.7848294973373
43.1716591119766 45.957957704862 48.154021302859 44.9462781349818 39.6226371328036 36.2110063433647 43.8266893227895 48.9311069250107 58.4311634302139 53.8393010695775 50.4724085330963 55.7142943143845 64.3489460150401 66.4053459962209 62.4057501554489 64.4418547550837 64.7684584061305 59.3050271272659 51.7041633526484 46.8829770882924 46.2673207124074 46.9450056552887 50.5500684181849 54.6513199806213 54.9699564774831 59.1836671034495 72.9630688826243 79.1449298461278 67.2128349542618 52.6178777217865 45.2414751052856 30.9647669394811 23.559773961703 41.9713209072749 38.6634940902392 18.0669687688351 17.9978708426158 40.8980175852776 42.7952905495962 29.5224338769913 6.6216258953015 3.6816339318951 11.8992688755194 18.7174156308174 17.5296440720558 19.15234948198 21.5320065617561 23.714783291022 24.7767418622971 40.8647805452347 61.6742024819056 114.464124043783
53.9538860321045 50.7702728112539 47.1160511175791 40.5090600252151 31.3407654563586 25.7005567351977 34.3638931711515 35.1992497841517 25.909036397934 25.0454967220624 36.7292364438375 46.4069843292236 53.023154536883 57.0704440275828 60.0734502077103 69.8782751957576 72.7916856606801 64.4849439462026 56.2595377365748 52.8949449459712 50.7499972979228 49.9304831027985 50.8160442113876 51.2521167596181 50.0602821509043 55.6819140911102 62.8566294908524 65.3352240721385 59.3076845010122 40.8127382397652 40.7728627324104 35.9021375576655 31.8648740649223 50.0638335943222 56.408017873764 44.8202788829803 35.2641468246778 21.6645846764247 30.1624188820521 32.5981552402178 22.9139477014542 9.90309938788414 11.5896301964919 12.0609191556772 7.02063366770744 7.94828807314237 15.1687028507392 17.1560148398081 18.1647973755995 41.2229225039482 86.7934127648671 130.231330792109
56.6802521546682 50.2973298231761 45.682892203331 42.0254468917847 35.2615565061569 29.7871579726537 25.6556421518326 21.1085577805837 7.08279696603616 14.7179750104745 30.7586739460627 42.0299073060354 41.7921245098114 49.4283934434255 62.3113612333933 77.8870731592178 83.3968122800191 76.3766765594482 68.2788838942846 64.4938498735428 59.078723192215 58.1678847471873 57.024081548055 51.799272497495 49.8287578423818 50.1056363185247 52.7604420979818 52.6792307694753 48.2277572154999 34.3473081787427 32.7141533295313 34.1444139679273 27.4862969915072 51.3844738403956 72.1557786067327 75.2395143111547 50.2244432767232 15.8461704850197 12.6231076816718 17.7311102549235 18.1454221407572 15.9384968380133 17.0150858660539 16.1338808635871 9.57432575523853 6.47870451211929 12.3840644955635 19.8103090127309 29.4663036863009 54.3519606192907 118.085344632467 149.335364500682
59.0200970570246 53.8545151551565 52.5728364785512 53.5537997881571 50.3998746474584 44.431209564209 39.5966892441114 39.902850985527 38.7493446469307 44.3811118602753 52.0298679669698 57.3095132907232 57.5905988613764 53.0548046032588 63.2238984107971 78.6418517430623 88.621993859609 88.8179441293081 81.6714862982432 72.2138782342275 66.5436883767446 61.825821797053 60.1357569297155 60.9801759322484 53.4068544705709 42.9164866606394 40.7459884881973 44.6299960215886 41.4170101284981 40.7556047042211 23.0172649025917 18.7451106806596 15.375563253959 25.4466608166695 79.0350983540217 89.1246100266774 57.2406848271688 19.5443605383237 7.60059182842573 7.68024412294229 10.5656112233798 8.68127743403117 18.0269479751587 26.2359082698822 32.1035062273343 17.5416469573975 15.4561599095662 35.0975667436918 60.1987888415655 104.447583357493 137.004405260086 150.133689244588
59.7997506459554 57.1175913016001 57.2152783473333 58.5847596327464 58.0692787965139 54.560790459315 54.3781816959381 62.0146493117015 78.0924012263616 74.1365452607473 65.5146986246109 65.7682617505391 72.1859683593114 60.0542078415553 61.6014649470647 69.7797387838364 77.5286058584849 84.6754809220632 85.6097638607025 78.9753049612045 73.426365852356 67.1053826808929 63.6333723862966 59.8279585440954 56.0401976108551 43.2226409514745 30.9421867132187 33.2965850830078 35.6741671760877 18.2601337631543 13.5296458999316 11.7322355508804 7.43690319359303 7.52150577803453 73.5611418883006 90.5760129292806 71.4702308177948 59.2639297246933 28.5785843928655 3.72814790656169 0.297438392105202 0 9.31991326312224 35.4288493593534 41.6394670804342 32.4083045125008 31.1305771271388 53.6514470974604 110.348065694173 154.727359612783 148.294657468796 136.168936888377
59.0059012174606 55.6796044111252 50.2316604057948 45.6791271766027 45.9161698818207 47.978217403094 48.116534948349 59.9248309930166 70.0936714808146 64.8812651634216 55.6563884019852 55.2869935830434 66.7197157939275 61.7098460594813 58.1443657477697 57.5992862383525 58.2765440146128 64.9062146743139 75.0033358732859 79.1689157485962 75.0109652678172 69.2295134067535 62.1419648329417 57.7387412389119 49.5447019735972 44.2202488581339 30.4409588376681 24.2148190736771 31.6479032238324 28.6962042252223 13.5120128591855 8.64118648072084 2.28856302176913 0 0.274410529527813 80.724706252416 87.5852306683858 98.3455181121826 80.0516704718272 31.8019092082977 2.99622087428967 0 3.10353686412176 18.8653767108917 47.0910469690959 66.6161278883616 87.4257385730743 137.733221054077 178.47748597463 188.797692457835 173.734466234843 141.582787036896
61.1348648866018 59.0657293796539 53.2913903395335 46.6086367766062 45.0993031263351 47.8597283363342 40.651169915994 37.8633613387744 39.5204896728198 36.2758363286654 29.5592099428177 27.0223865906398 30.6420425573985 48.9861667156219 55.8622827132543 50.6690144538879 39.9974187215169 35.734328130881 47.2396363814672 67.3009157180786 69.1121270259221 63.66332868735 57.2273383537928 53.5400211811066 46.4777896801631 41.7671501636505 34.2019846041997 13.0506480733554 20.5748317142328 37.2390622893969 19.4468957682451 12.5800035893917 4.89308126270771 0 0 60.3769620259603 100.354542334874 114.776472250621 101.391424735387 72.2970167795817 39.4726519783338 10.1007061700026 6.29690537850062 25.1016914844513 56.4975639184316 119.406342506409 160.314083099365 190.979361534119 199.975232283274 199.280858039856 189.702113469442 161.290198564529
62.8310491641363 62.7611776192983 60.208519299825 56.6641042629878 54.7854602336884 54.0428260962168 39.0360876917839 25.3198593854904 25.669535001119 27.8014789024989 25.1227368911107 22.4772244691849 23.6628899971644 45.07710536321 58.7340295314789 49.5983858903249 30.3020526965459 18.6827145516872 22.1763874093692 37.9480645060539 48.0312158664068 51.1723905801773 51.9272337357203 45.1975613832474 39.7256165742874 35.3392312924067 20.8148658275604 7.55860532323519 13.0181113878886 40.4205868641535 49.141451716423 42.239303390185 22.7153723438581 0 0 39.1162484884262 93.875120083491 102.047085762024 82.8783263762792 79.8556407292684 84.8910013834635 69.677193959554 47.7619071801504 62.5810225804647 114.766995112101 159.583201011022 182.752211888631 193.926771481832 195.71312268575 193.289736906687 188.387831052144 166.407614946365
