input/barkrak2/radiation/dir31624.grid
NCOLS 85 
NROWS 70 
XLLCORNER 665100 
YLLCORNER 4664600 
CELLSIZE 20 
NODATA_value -9999 
[rows 0 to 21 of 70, columns 0 to 50 of 85]
94.555119673411099 108.920822540919 125.065922737122 145.391841729482 154.212872187297 156.860768795013 156.107614437739 153.798371553421 151.931921641032 155.281802018483 155.942062536875 152.228246132533 147.788047790527 148.529261350632 148.7122575442 135.156730810801 120.542724927266 110.831161340078 110.45977473259 110.752205053965 115.047037601471 136.06783747673 158.009211222331 162.404378255208 165.752460559209 177.401304244995 175.890564918518 165.6267841657 157.542278369268 158.762117226919 154.627988735835 176.679491996765 219.241817792257 216.013054052989 214.570959409078 202.678898970286 207.955638567607 218.586643536886 217.373291651408 216.700871785482 207.732399304708 215.901553630829 221.418003241221 212.721188863118 201.162298520406 207.570751508077 214.687208334605 174.408098061879 118.590543667475 114.181001981099 137.374718983968
63.4941309690475 81.4932187398275 95.5857634544373 110.411127408346 129.871020714442 143.911381562551 149.996886650721 156.043191750844 161.479314168294 161.155164241791 159.898072481155 155.235528945923 148.563285668691 148.652841647466 148.727844158808 135.912120342255 127.571493387222 118.982076644897 114.685893058777 112.653215726217 127.764205137889 153.633544842402 171.372691790263 171.777208646139 176.321129004161 181.959887345632 177.936514218648 168.390512466431 161.509066820145 160.316467285156 161.337325970332 187.851329644521 213.813344637553 210.275808970133 206.951479117076 200.606683890025 212.103168169657 222.086270650228 216.938614845276 214.76157506307 210.166315237681 212.36515045166 207.793076833089 197.347561518351 192.082623640696 204.477767149607 205.332120259603 153.839111328125 125.683814287186 136.476894219716 166.232327620188
33.8585848609606 42.9423600435257 50.984263420105 58.8099857171377 69.0846741199493 81.4414322376251 98.1590251127879 120.161235332489 144.752105077108 148.016691207886 151.897648970286 155.044098695119 157.621284325918 159.24604733785 160.984466473262 161.337107419968 155.380566914876 144.882470369339 130.396664142609 124.617209037145 136.045773824056 153.100311756134 170.10356982549 174.191494782766 176.909943421682 176.323135693868 173.292179902395 167.790393034617 164.800117413203 168.114264806112 178.260664145152 197.766025861104 209.367911020915 206.774810949961 204.436341921488 203.085800011953 212.025264898936 215.501566727956 212.442755699158 206.888635953267 205.551028251648 195.904274781545 182.758371035258 175.766110420227 182.016849517822 198.188742001851 190.918763478597 152.201702197393 145.543843507767 164.73799943924 191.47135814031
21.4376598596573 21.3602309425672 24.9671339988708 28.3957570791245 32.5861573219299 38.3531451225281 49.5837231477102 63.1910463174184 83.5240880648295 101.160228252411 127.257764339447 148.809095223745 158.516198396683 161.929309368134 163.819213708242 170.064787069956 167.163809140523 157.461037238439 140.733589728673 133.671681086222 133.408735195796 134.983172019323 147.201399008433 159.879922866821 164.338092009226 164.464473724365 166.382948557536 166.530082623164 169.18949286143 174.661894639333 181.924521923065 200.226585070292 205.6618531545 205.540855725606 202.497402826945 202.831387519836 205.181360244751 205.833077430725 201.562702655792 190.710028012594 185.113827387492 177.993595600128 177.034318447113 188.653071721395 199.930349985758 194.717288017273 175.723671913147 153.221021095912 155.302335818609 168.444613615672 190.830667813619
30.0545617938042 24.4887073834737 16.351858774821 11.3027716676394 10.0144905348619 21.9409589966138 35.1265395681063 43.3796842892965 53.8831402858098 59.9243342876434 79.4096390406291 103.79096865654 117.824256420135 127.590517203013 131.716907024384 141.90944035848 141.183157761892 146.479467550913 139.692038297653 134.119113286336 130.230188369751 128.37956349055 136.552592118581 145.732273658117 150.242507457733 160.703500111898 165.78671336174 167.108277479808 168.784081935883 169.461607933044 177.139818668365 198.625445365906 198.347171147664 200.512150923411 200.168569882711 198.837737242381 195.813258488973 190.996587276459 182.181417942047 175.252775351206 176.025013128916 177.241683006287 183.905720710754 198.45191637675 202.460567156474 177.032013734182 143.736789623896 135.4139149189 149.094104766846 167.458474636078 196.533699830373
57.8512152036031 44.3037003278732 26.556670665741 11.9203006227811 8.09482547144095 12.6973278820515 25.4549831151962 35.0498830278715 42.1600639820099 43.2702948649724 50.1536478598913 61.2211426099141 69.1850185394287 73.7098306417465 82.0584446191788 83.500732978185 87.0837171872457 98.1599688529968 110.355575879415 119.572460651398 126.953442891439 134.713441133499 126.899381478628 131.232599417369 139.700601498286 145.308574040731 152.793407440186 161.393801371257 169.353564580282 173.530121644338 185.090283552806 195.990284283956 187.546014785767 188.724756240845 190.178831418355 189.866165320079 189.172128836314 182.30265378952 175.515790780385 175.754110018412 175.171732902527 175.719400246938 179.382522900899 183.978180090586 177.688459555308 138.710498809814 119.295616944631 128.853599230448 148.669858773549 187.064409255981 210.341890652974
67.6366736491521 58.3176960547765 42.7126189072927 29.6772494912148 18.5592398047447 11.2458132207394 15.3183018167814 29.6008264025052 39.6221528450648 45.406719048818 44.502521554629 39.8841376105944 38.4717509150505 38.3174369732539 39.6647850672404 49.1020480791728 54.6835859616598 70.742795864741 89.2277856667836 102.356086174647 112.883647282918 120.92246611913 124.350736538569 121.287763118744 129.740705092748 133.047580718994 138.752112785975 143.21290453275 154.00634209315 168.602883815765 183.619678020477 187.968035538991 179.522633552551 172.92312781016 173.567891120911 174.731036027273 176.887412865957 170.470873514811 167.075296243032 161.522885163625 156.628102064133 156.86692794164 163.693428039551 173.964778582255 170.969903469086 163.616637388865 174.84305302302 183.622638384501 196.001867453257 209.510743618011 214.267949263255
82.0206801096598 69.0514147281647 61.6170763969421 52.0694653193156 36.0368564724922 19.2648731172085 9.72664480408033 4.79641805092494 17.7401341497898 38.1395295262337 43.3685580889384 42.4756606419881 38.5217815637589 34.7440441449483 30.237523217996 31.6219975550969 38.3368209004402 50.596962372462 66.6093130906423 84.6579670906067 96.9240268071492 110.198527574539 120.224386453629 118.702232837677 119.519184033076 122.050801912944 123.261948426565 128.105024496714 135.644058386485 145.645380020142 161.564220984777 171.621084213257 160.934368769328 156.436185042063 153.611838817596 154.600669940313 160.358885924021 159.477849801381 157.656133174896 141.545554002126 137.509743372599 144.90415652593 160.12234489123 172.265112400055 177.225987116496 185.01889705658 193.944752216339 197.854955991109 210.606594880422 212.044417858124 205.812652905782
76.371024052302 68.9198821783066 58.2816600799561 50.184890627861 46.1352318525314 34.7911566495895 18.959753215313 7.93187692761421 14.6081348260244 20.4905606806278 27.2953088084857 32.0493057370186 42.4678325653076 44.1347410281499 40.2332941691081 35.9483708937963 34.4415853420893 39.0074451764425 49.2903788884481 61.9981785615285 74.9806414047877 86.6380532582601 101.714313030243 102.770874897639 106.708447138468 107.164760430654 109.152535597483 113.238622744878 117.989381154378 127.37034757932 133.319318294525 133.257289727529 133.08181365331 140.692055225372 142.212073008219 145.362297693888 147.758940855662 152.423361937205 152.922809123993 146.561096111933 153.033316135406 162.969400485357 171.077311038971 172.047237555186 170.077939828237 170.523424943288 174.211859703064 186.777075131734 195.095459620158 193.619708220164 191.146711508433
57.972917954127 55.8330615361532 50.0125785668691 39.5431245366732 39.1799882054329 41.100966433684 33.6107462644577 23.701233168443 14.8226072390874 11.5942768752575 16.5965606768926 26.5587419271469 38.4305988748868 47.1152265866598 51.6406148672104 50.767516096433 41.9297367334366 41.4361556371053 42.4685428539912 45.5832729736964 53.4017185370127 58.3625535170237 70.0557082891464 78.6801973978678 86.7751737435659 88.7966950734456 89.1506969928741 92.4813151359558 99.6660888195038 106.326500574748 108.521262804667 109.071165323257 114.541113376617 118.17533771197 122.868855794271 134.753088156382 136.86137398084 142.877370119095 148.918310801188 158.602058887482 168.317119280497 173.31318060557 175.231953461965 171.865582466125 168.562293052673 169.845322767893 177.140514055888 182.96625216802 187.179088592529 188.752432664235 188.904424508413
22.9439288377762 22.5529794891675 22.4924633900325 22.8320732712746 21.43461505572 15.7639210422834 21.5974723299344 25.5598475535711 20.574864000082 16.4239903291066 12.7425516645114 15.8340310057004 28.4560372432073 42.9986814657847 54.8957337935766 51.3614267110825 46.6534694035848 45.2382067839305 41.8913116057714 39.5772531628609 40.5024488766988 41.1922136942546 46.400398015976 58.189645409584 69.93334988753 75.8293767770131 78.2666206359863 77.9257863759995 84.1878652572632 93.3649738629659 95.7456330458323 99.3629992008209 105.283925930659 109.029531478882 110.759397347768 114.763955275218 124.123603105545 134.919454654058 144.334852695465 162.381788094838 171.002248922984 169.43613688151 168.34153731664 167.152146498362 167.167067527771 171.144425868988 180.178741614024 180.76886733373 177.628338336945 183.742165565491 187.753319740295
2.25124709929029 2.96006165444851 2.1405341103673 1.30446907132864 0.0020329307517386 0.003222142974361 2.60589085519314 17.5857779880365 22.4041690429052 25.0308935840925 17.5493657588959 13.2432704170545 15.2585978309313 25.5177691578865 39.0895679593086 45.3889270623525 50.8101880550385 51.4762302239736 45.5669860045115 40.8354053894679 37.4832997719447 36.5262900789579 37.496825059255 44.9172755082448 52.1053274472555 58.5683782895406 60.9396050373713 64.2193953196208 67.9716964562734 69.6860800186793 75.3574371337891 86.4096482594808 89.4941091537476 93.323012193044 93.9931273460388 98.1594522794088 108.000238736471 117.695649464925 128.662268320719 151.822865009308 158.77577662468 158.086041609446 154.851069053014 152.29868888855 153.625468413035 154.181718826294 158.925394217173 165.489653746287 169.049620628357 173.236072063446 175.64857006073
0.0873999864173432 0 0 0 0 0 0 3.80604652067026 19.1311215360959 25.8382707834244 25.3323962291082 20.682580769062 12.7991437911987 12.8722277780374 23.6966262261073 39.2496734857559 50.1175224781036 54.9090405305227 53.4412662188212 48.2719242572784 43.414185444514 44.1779096921285 45.0735886891683 46.4413662751516 49.1610467433929 49.4066576162974 53.337166706721 58.8535567124685 59.4989756743113 61.2365355094274 61.6713662942251 66.3950741291046 71.1984783411026 75.1868635416031 79.9014419317245 84.8377843697866 91.3100341955821 102.777977784475 107.210030158361 115.244348843892 129.069099823634 137.005647023519 136.918356021245 138.451099395752 139.196574687958 141.185740629832 140.906045834223 146.376351515452 149.017572402954 154.102941354116 158.052682876587
0.29473538355281 0 0 0 0 0 0 0 1.21284361618261 18.1288383901119 29.6810269355774 34.4752271970113 30.7528525590897 22.5131586194038 22.3697697122892 34.7058847546577 43.7687933444977 54.7306587298711 61.5968902905782 60.0874572992325 54.6050568421682 53.6941587924957 52.6644984881083 53.2171179850896 55.0007522106171 55.4736157258352 57.5595150391261 63.0480647087097 61.9807740052541 54.6870976686478 57.9830904801687 57.5874894857407 54.6989291906357 56.9675912459691 70.135623216629 77.9725958903631 81.0646712779999 85.3119889895121 89.0877942244212 92.4081007639567 97.7922677993774 103.228370348612 121.040185292562 128.85324160258 128.507574399312 135.606785615285 134.45117076238 129.361112912496 127.705574035645 129.727363586426 133.057276407878
6.67227432131767 0 0 0 0 0 0 0 0 5.88988264401754 27.597576379776 43.7154471874237 53.6567916472753 47.0068802436193 35.9435230493546 33.4285174806913 35.6662819782893 46.6803212960561 58.6779018243154 68.6033467451731 69.8637266953786 65.3277486562729 65.668910741806 63.4676863749822 62.2764378786087 63.783586025238 62.6053909460704 62.093198299408 63.0505283673604 56.3200314839681 52.8507977724075 55.0745328267415 52.2640496492386 47.5216706593831 47.7952112754186 50.4867980877558 64.1091763973236 62.7677043279012 70.3536818424861 75.8256912231445 79.0032148361206 84.7915212313334 89.5715256532033 97.9484518369039 111.613680919011 119.057873884837 125.89485446612 130.04258275032 125.65404176712 119.745880365372 120.930184920629
7.14907795190811 0.0795807087949167 0 0 0 0 0 0 0.143078931917747 1.25975448948642 17.2105170786381 37.3249376813571 51.0741422573725 58.0897728602091 51.5869557857513 36.338930328687 30.3098435203234 32.6776256163915 43.9538011948268 63.2796535889308 75.6048758824666 72.3865429560343 75.5700568358103 70.4038441181183 68.319504459699 71.3258484999339 71.6800689697266 66.8594688177109 63.9454275369644 64.7469262282054 56.9791446129481 52.8606921434402 45.7554310560226 39.1514350970586 40.1976034045219 38.0313868323962 35.6275563438733 33.7805996338526 42.8936431805293 48.4549899895986 52.8654704491297 54.196352759997 57.460164030393 61.0636274019877 72.7841854095459 88.7481570243835 105.844348669052 116.107136011124 116.19504292806 110.959708690643 113.730539878209
4.93700367709001 0.648674865563711 0 0 0 0 0 0 1.00675163169702 1.40866140524546 4.78039930264155 28.3906708161036 47.0257302125295 61.2089733282725 66.9396320978801 56.4560790856679 50.3123551607132 43.3006584644318 36.7322911818822 44.6155816316605 64.288541674614 75.3132104873657 81.2444140513738 79.1157881418864 74.8775551716487 76.3212939103444 75.4798899094264 76.6153832276662 74.4266758362452 71.3132719198863 68.1743224461873 55.6657214959463 46.393891175588 36.9014193614324 31.0423026482264 25.7031967242559 20.533949136734 19.8550559580326 24.6636991699537 25.9508267045021 30.6191941102346 35.0792060295741 36.6987735033035 39.0429223577181 51.6172299782435 61.3307803869247 70.5306132634481 88.0954960982005 100.073476632436 105.179568131765 113.406757513682
3.15215873221556 0.991269092385968 0.00116223282020655 0 0 0 0 1.1525044683367 2.1872326421241 6.74878247082233 10.734045257171 20.0465482970079 36.3324135541916 50.9104381004969 64.2476876576741 69.6160942316055 69.6441729863485 62.6298586527506 48.5082566738129 39.8483077685038 48.691913485527 68.2424853245417 76.0199725627899 80.1984369754791 82.0225874582926 86.3975882530212 86.8921875953674 83.6548606554667 85.8645339806875 80.3569306929906 68.1807746489843 55.8418184518814 49.8304267724355 37.1064270536105 30.0942460695903 22.8026856978734 17.6215233902136 14.5457151035468 16.4267135163148 16.2919672826926 21.5885763367017 23.4923760096232 25.2908766269684 28.6430269479752 36.2177640199661 44.0971851348877 53.4609059492747 57.7717274427414 61.1376663049062 81.6223919391632 96.2885022163391
3.50610477228959 4.00769803673029 3.29723519583543 0 0 0 0.936107399562995 2.87085585296154 8.85632758339246 17.3309606810411 20.9036394953728 23.8002290328344 29.4937839110692 39.8290902376175 51.4710297187169 65.4438535372416 68.7319686015447 71.3687837123871 69.2590226729711 56.5295269091924 44.8560565710068 55.1952868700027 64.3708010514577 74.703390399615 85.0523014863332 91.4612412452698 95.9168970584869 93.7115053335826 85.711548725764 74.8634884754817 73.1666485468547 61.6563906272252 47.1039116382599 32.8959549466769 23.1264183918635 18.8110048572222 11.8443022171656 7.1912066390117 6.32816925644875 9.9568497389555 14.5731034378211 18.2375845809778 20.8709786335627 24.6895775198936 26.7055183649063 36.4003628492355 40.5167937278748 43.6537563800812 49.8220225175222 56.5874675909678 62.7954304218292
3.72634766002496 2.67669372260571 4.15637002636989 0.0609800724002222 0 1.80077397574981 2.30358385791381 3.8759953652819 4.85108544429143 15.8048495650291 22.3979353904724 21.7889547348022 21.5882907311122 28.4830803672473 38.2862289746602 52.6262372732162 60.0327799717585 65.5818382898967 70.4928537209829 71.327343583107 64.8247202237447 54.1938940684001 56.7646026611328 66.7273203531901 76.7187128464381 86.9993666807811 89.1707539558411 87.7235929171244 88.0066553751628 78.622430562973 65.1170512040456 55.273046096166 45.2554325262705 32.7710260947545 25.2037694056829 16.5376141667366 8.57339426875114 2.86297717442115 0.510859730032583 4.22320670137803 7.36132760842641 13.1021104753017 20.8175604542096 26.4631460110346 25.5199248592059 29.0538221597672 32.3471675316493 34.7220152616501 42.1218772729238 46.332707007726 49.2182672023773
6.67226562897364 2.15679003546635 0.449561669180791 1.34515281145771 0.491825475667914 2.72374289731185 2.29534537841876 4.31573701401552 4.62637686481078 9.54018533229828 16.6378642121951 16.6842664281527 16.6043639183044 19.3592372039954 25.9674439827601 36.8279938896497 44.8932747046153 52.9714971780777 61.4731063445409 74.0871032079061 81.0062736272812 72.8989988565445 71.6743369897207 73.2818345228831 76.019952694575 78.7569433450699 82.3344786961873 80.1531622807185 75.370932618777 71.2137470642726 60.8106801907221 45.5398062864939 28.4251968065898 22.3514388004939 8.9183064798514 2.7742845316728 0.38547635388871 0 0.00218301117153411 0.00143407836124728 1.20170810259879 3.43356964488824 11.4733502268791 13.0885367592176 18.4191229442755 22.5620120763779 24.8163168629011 29.1212946176529 31.7953477303187 32.8882137934367 33.6861809094747
21.2653602162997 11.9886683921019 3.05696328481038 5.86842435101668 6.11597734193007 1.88363250344992 3.62150433162848 6.06039725244045 6.68787397444248 9.29585595925649 14.4044794142246 15.014306952556 14.6916334827741 12.9251107573509 18.094169596831 27.5225192308426 37.1709937850634 46.671599149704 54.4433643420537 66.9320325056712 74.7037082910538 89.0195767084758 93.9740439256032 93.3405458927155 86.9273145993551 77.2271653016408 74.4376828273137 70.0361480315526 71.3808536529541 56.5944413344065 46.2485949198405 25.4827116926511 17.7451272805532 4.98614211877187 0 0 0.00158880402523209 0.00139018114471886 0 0 0 0 0.839811284095049 8.02534880737464 15.5949145555496 19.8039636015892 22.5544621547063 26.4661957820257 28.0860811471939 26.4307384689649 25.9438206752141
