input/barkrak2/radiation/dir32724.grid
NCOLS 85 
NROWS 70 
XLLCORNER 665100 
YLLCORNER 4664600 
CELLSIZE 20 
NODATA_value -9999 
[rows 23 to 45 of 70, columns 0 to 51 of 85]
71.3363985220591 60.9063853820165 29.4967467586199 12.449499219656 8.37329526742299 13.8079623381297 14.9521951874097 5.39449664453665 3.87878033022086 3.52269876748323 3.58755514025688 12.8185711801052 15.451330691576 19.0726680060228 17.0868436495463 17.3869455854098 23.3325610558192 31.7472318808238 36.6326247652372 30.1073168714841 29.113399485747 33.4673076868057 44.295330842336 54.9136300881704 60.7919096946716 60.7370535532633 55.0646682580312 46.9225843747457 29.790922999382 12.3248050610224 8.42977439363798 2.52212506408493 0 0 0 0 0 0 0 0 0 0 0 0.174393528141081 0 0 0 0 0 0 0 0
71.0219045480092 66.989262898763 45.4593896865845 17.3156236608823 2.089596974353 11.6306270162265 7.8219436109066 13.7260978420575 5.89476091166337 5.00885304063559 4.51764774819215 10.0723523646593 13.196578870217 17.1282192071279 17.6527872681618 16.8302394449711 20.6074876089891 30.1317498087883 34.9475741386414 29.2946100234985 27.8936674197515 24.9274075031281 32.0923527081807 39.5660524566968 44.384444753329 45.2848821878433 42.5035258134206 38.2529894510905 17.8831877807776 7.61902829011281 3.96392742792765 2.63282004743814 0 0 0 0 0 0 0 0 0 0 0 0 0 0 0 0 0 0 0 0
58.39936931928 62.6420180002848 55.6272218624751 26.5460734566053 3.45010496675968 13.6330152551333 20.3570301334063 27.9618228475253 28.4051050742467 22.7341949939728 18.183254947265 19.9429951608181 19.208791355292 24.3403861920039 23.2731799284617 18.926028162241 19.7479563454787 28.9469187458356 35.5187927683195 38.3749331037203 37.7324471871058 34.091405570507 31.2140310804049 31.6574325164159 34.2010532816251 36.1824283997218 32.5838575760523 33.0694566170375 19.1938206553459 15.1518533627192 12.3395162324111 15.5087982614835 10.3460283329089 0 0 0 0 0 0 0 0 0 0 0 0 0 0 0 0 0 0 0
57.1039964755376 62.0312790075938 59.7649564345678 35.4641924301783 13.3603972693284 25.4159271717072 37.6431147257487 47.257920106252 54.5168469349543 47.804186741511 32.075176636378 34.1536079843839 31.6187491019567 34.1332405805588 34.1533372799555 25.688702861468 23.0793952941895 30.5399571855863 37.19695409139 46.8173672755559 48.938641945521 46.9025373458862 38.9739001790682 33.3684608340263 33.9206134279569 36.1319184303284 31.8352455894152 38.8940225044886 36.5155935287476 35.1181974013646 39.3951212366422 55.6501696507136 63.5519127051036 43.5286412636439 0 0 0 0 0 0 0 0 0 0 0 0 0 0 0 0 0 0
58.4692358970642 57.4800620476405 57.5463970502218 41.2051876386007 37.2882485389709 44.6895658969879 57.4894398450851 65.1564697424571 67.2770490248998 55.5908183256785 42.6179965337118 37.8305117289225 36.5787819027901 35.3988135854403 38.9016071955363 33.3483169476191 29.017448425293 34.0419461329778 46.4803377787272 51.0068486134211 48.0505228042603 40.1831790804863 38.7213503321012 39.4465997815132 39.6756877501806 39.7286936640739 37.6535306374232 47.5836942593257 63.7514293193817 68.1391805410385 71.9816982746124 78.5486946503321 88.6469582716624 94.2563017209371 50.8543401956558 0 0 0 0 0 0 0 0 0 0 0 0 0 0 0 0 0
61.3755087057749 51.2297054131826 51.7411679029465 43.8576291004817 56.2669684489568 58.7634245554606 61.8726114432017 59.8834206660589 53.6721646785736 43.5090015331904 36.9049360354741 32.4137955904007 34.632682800293 38.781796892484 39.9480387568474 42.3290232817332 36.211001376311 33.6427167057991 42.8727815548579 45.0589855511983 42.5312171379725 35.8798950910568 36.2121785680453 41.8346226215363 44.5789794127146 41.3365041216215 41.9778724511464 47.7975110212962 70.1690216859182 82.9699039459229 90.4119610786438 93.9348936080933 101.775030295054 104.188104470571 94.1387911637624 25.7824137806892 0 0 0 0 0 0 0 0 0 0 0 0 0 0 0 0
62.4945859114329 46.4746654033661 46.6094215710958 48.6354033152262 58.0230255921682 58.3069225152334 48.958420753479 36.9962180654208 13.6652713020643 13.6960955957572 21.9347725311915 25.6007338563601 30.9967994689941 39.2016818126043 42.6015307505926 46.557292342186 42.9891794919968 31.169131398201 33.7009107073148 36.9929547111193 36.0873614748319 36.2979496518771 36.140039563179 41.6012729207675 47.2472757101059 44.1730618476868 46.1782763401667 48.1865306695302 63.9462570349375 85.6412251790365 98.2923805713654 105.296035607656 105.540792147319 106.422622998555 113.682448863983 94.3767726421356 20.7894183695316 0 0 0 0 0 0 0 0 0 0 0 0 0 0 0
61.5255683660507 62.0599637428919 80.6403309106827 109.484255313873 87.7479116121928 63.4458959102631 41.1821454763412 11.3814460734526 8.12029652297497 17.2567591071129 9.79901229341825 5.92435399691264 29.7798588871956 39.4484847784042 43.7835802634557 50.5532175302505 47.4120130141576 35.6523270408312 35.7660849889119 38.3438418308894 35.6566558281581 38.9918933312098 40.6123126546542 42.7917391061783 48.3496139446894 52.6963770389557 50.9695460398992 53.6881784598033 65.6696458657583 88.8373057047526 105.547577142715 108.897586663564 106.841822465261 113.924423853556 122.79866139094 127.071191867193 98.7590154012044 43.4921234846115 1.46122245738904 0 0 0 0 0 0 0 0 0 0 0 0 0
72.81760374705 103.719135125478 149.479120969772 170.331915219625 148.785213629405 101.649602254232 58.2326302925746 32.6113651196162 27.2143706679344 31.2390501300494 25.1991003751755 21.6872865955035 29.5129045844078 38.9228587349256 49.8115122318268 52.1955986817678 49.3863274653753 43.3894296487172 37.9999031623205 39.0066827336947 39.3016785383224 42.115792632103 44.2968159914017 44.8862612247467 49.3150254090627 59.9376807610194 60.6030921141307 65.8473918835322 74.7538805007935 90.6077921390533 104.389150937398 111.27166946729 114.355822404226 119.786699612935 124.899427096049 125.57061513265 118.543654680252 98.6735622088114 39.4361664851507 0.516181889300545 0 0 0 0 0 0 0 0 0 0 0 0
129.089872042338 164.267619450887 190.025409062703 191.421707471212 187.882383664449 163.109252850215 122.395624717077 87.3334109783173 68.5113420089086 58.4792842467626 53.1401733557383 43.7960177659988 33.3317145705223 36.2132638692856 45.7576413949331 53.4678846597672 48.1172601381938 48.9413241545359 38.7960548202197 37.0338882009188 41.0528058807055 42.3170725504557 42.8503006696701 43.6289509137472 47.6992775996526 60.1565341154734 65.5067910750707 73.3782549699147 81.8716287612915 89.7385875384013 99.5631515979767 109.404732783635 112.816085418065 109.843313694 112.432261308034 104.77481285731 107.346793015798 93.9785540103912 51.4163176218669 1.80325610563159 0 0 0 0 0 0 0 0 0 0 0 0
181.72546227773 198.656936486562 203.973670800527 201.616942882538 204.412837823232 199.039836724599 178.706447283427 138.810028632482 102.653364340464 80.6438277165095 81.3246021668116 71.7699776093165 49.1756548484166 42.9401447375615 46.3090439637502 49.590324362119 43.5109635194143 44.0156410137812 37.5396932164828 38.9314020673434 37.6025289297104 39.6314933896065 38.9491791526477 39.2915606498718 45.4440414905548 54.3168236811956 64.6489510933558 68.3795710404714 78.0243327220281 89.5904401938121 98.4943807125092 101.57843430837 94.1975613435109 84.9921405315399 86.958388487498 73.6362685759862 74.498176574707 60.7316394646963 25.5010078350703 0.642474663133422 3.77873051911592 1.66042475029826 0 0 0 0 0 0 0 0 0 0
196.689863999685 204.136192798615 203.620473543803 205.936630566915 205.753882726034 203.060547510783 195.117910703023 164.891322453817 119.101842244466 92.5017992655436 94.9168105920156 88.9748434225718 73.8218476374944 53.8229395945867 46.6209650039673 47.0719784498215 41.7280594507853 38.1281301379204 37.7319181958834 40.5806104342143 36.6924405097961 36.6414139668147 37.6218035817146 38.9446491996447 42.8834209839503 49.4446208079656 58.3910048007965 59.2427949110667 67.8150504827499 84.3917330106099 92.2032395998637 89.7972782452901 85.3037635485331 79.7372510035833 73.2025553782781 61.3053292036057 65.0539795557658 62.4574025472005 43.7967081864675 12.1578263739745 11.479174097379 0 0 0 0 0 0 0 0 0 0 0
189.749221007029 194.313804308573 190.10998805364 192.231218020121 191.149671872457 186.199108759562 179.845531781514 163.970172405243 126.985460519791 105.205198129018 100.393235683441 93.731035788854 86.2188438574473 61.5205864111582 50.1228272914886 51.2173920869827 44.6490148703257 36.833385626475 40.3425221641858 42.0443465312322 40.4773404200872 37.1583749850591 40.6661580006282 44.5017119248708 42.5602495670319 47.2727715969086 51.5535771846771 52.2543787956238 58.8167806466421 76.7127126455307 85.2598547935486 84.244579076767 87.106853723526 87.950736284256 72.9309717814128 67.307045062383 70.9370076656342 77.6701470216115 72.135051091512 35.3130425016085 0.904836226254702 0 0 0 0 0 0 0 0 0 0 0
164.50235247612 168.371041615804 170.089840888977 167.375425497691 166.609893242518 164.647281169891 168.441414833069 166.116505861282 138.090749581655 115.416785081228 101.012984911601 86.8974427382151 77.1525204181671 57.5539966424306 46.1519211530685 51.0460833708445 53.1719028949738 42.0938034852346 44.2254642645518 47.0786194006602 46.7834770679474 42.6553090413411 43.5334940751394 46.5200493733088 44.8085417350133 45.0399667024612 50.6812085707982 55.886521935463 59.5310578743617 70.7705020904541 82.8607628742854 86.1561894416809 87.9030227661133 91.8592015902201 76.2261648972829 76.5199015537898 76.2107670307159 84.0844412644704 84.1743449370066 46.1145490407944 0 0 0 0 0 0 0 0 0 0 0 0
140.15981554985 149.959822495778 161.742369333903 158.825000127157 157.607048749924 163.4741127491 173.514425754547 175.774971644084 157.837172349294 127.849638462067 104.563683271408 78.942800561587 62.4737044175466 50.86416999499 42.4325913190842 45.9775924682617 56.0714999834696 49.3036806583405 46.5703954299291 49.4444121917089 49.9128997325897 46.1507737636566 44.2645500103633 45.882577697436 47.1957822640737 46.6772615909576 49.5287328958511 57.7719310919444 60.4277551174164 64.8087710142136 76.1040846506755 87.168276309967 89.6544953187307 83.3722154299418 72.7358112732569 84.7399930159251 87.1128439903259 90.2581810951233 90.9267465273539 66.0626590251923 0 0 0 0 0 0 0 0 0 0 0 0
103.790581226349 115.252196788788 123.548517624537 128.512561321259 136.986702680588 153.104623158773 168.073793252309 176.078299681346 173.017084598541 143.645445505778 109.719385703405 77.0840346813202 58.7456524372101 55.0909290711085 47.6761807998021 41.947344938914 51.9178013006846 52.5386383136114 46.9378133614858 47.5226789712906 47.8480011224747 45.3685820102692 42.5102412700653 43.6675846576691 46.8899408976237 50.4968563715617 50.1237412293752 55.0771454970042 59.7611119349798 61.012456814448 68.2132740815481 82.4426015218099 87.1988236904144 73.9196538925171 75.1850058635076 92.2531982262929 96.7308481534322 94.4202244281769 94.7212775548299 90.9254650274913 37.6465643445651 0 0 0 0 0 0 0 0 0 0 0
69.4511582454046 75.949897368749 75.600653886795 85.5567852656047 101.495961348216 118.646929661433 134.024282296499 147.15043703715 149.883061647415 126.109580198924 90.7692511876424 65.9892757733663 53.7933458884557 52.0975391070048 48.6013442277908 44.1901485125224 48.7158199151357 48.8887131214142 42.7786608537038 43.0057396491369 45.8724101384481 48.8631923993429 47.9411433140437 44.7086791197459 44.075071811676 46.3853776454926 51.5334059794744 55.2265246709188 58.9245160420736 58.8028480609258 61.3784541686376 72.1705059210459 80.1258087158203 76.6364584366481 93.8754379749298 101.882785558701 100.546399752299 94.6654677391052 98.6058314641317 111.811518669128 102.002521355947 45.3141828378042 0.192467569528768 0 0 0 0 0 0 0 0 0
58.618575334549 60.6888731320699 60.4344308376312 62.6040945450465 71.2516605854034 77.5735129912694 81.3148667414983 87.2942010561625 88.2731775442759 72.6809104283651 57.6085348924001 53.2665054003398 51.9617696603139 49.1815507411957 48.1916566689809 48.7591624259949 47.4575459957123 46.7678209145864 42.595108350118 42.5088306268056 46.6291358073552 51.6399890184402 53.5401155551275 49.4822561740875 46.7552244663239 45.342559615771 53.1393140554428 56.0648838678996 60.0169251362483 59.7072243690491 59.8513583342234 66.2705798943837 74.0969826777776 82.8510771195094 100.566228230794 100.265691677729 92.2510325908661 84.8089655240377 87.3874425888062 101.793080568314 112.910916407903 103.857894738515 56.5914710362752 4.63555566966534 0 0 0 0 0 0 0 0
66.7863587538401 64.2870167891185 64.5261406898499 64.1025453805923 60.8136802911758 58.802197376887 57.351753115654 58.7836007277171 63.5718802611033 56.0143887996674 48.7727572520574 50.1364370187124 53.7706116835276 53.993433713913 52.7243912220001 50.8713920911153 46.1654663085938 52.6814808448156 53.9079258839289 50.076350569725 52.249476313591 52.7270088593165 51.1194517215093 53.0207405487696 55.1594098409017 50.879642367363 54.8208802938461 57.2580297787984 59.2754632234573 61.806375781695 62.3339265584946 64.8640096187592 72.1461921930313 89.1585052013397 94.7019159793854 89.2839829126994 79.1817605495453 70.4862177371979 67.9405778646469 78.0840218067169 103.51949930191 110.221783320109 85.4061742623647 33.9726284146309 0 0 0 0 0 0 0 0
71.0593312978745 68.3401922384898 71.0789064566294 69.809228181839 63.0014985799789 59.9039047956467 57.6661477486292 54.9605389436086 55.4557790358861 52.0381232102712 50.6548434495926 50.8433232704798 54.4328987598419 58.4823886553446 58.2189361254374 55.0857881704966 52.111158768336 57.4206312497457 59.7728143135707 54.0900429089864 52.5813003381093 49.4877994060516 46.2237745523453 48.1555859247843 53.0596921841303 50.3827780485153 47.5857605536779 52.0416597525279 55.8405667543411 58.6108167966207 60.7586205005646 60.520480076472 69.5010672012965 87.5797073046366 93.7482317288717 80.0766398509343 69.9059714873632 66.5874431530635 66.7544851700465 74.5138972997665 80.3901900847753 83.1665992736816 71.7482715845108 41.6680077711741 0 0 0 0 0 0 0 0
55.6788047154744 58.3212474981944 66.9285754362742 64.323549469312 66.8609937032064 69.1729287306468 68.5297896464666 64.2382154862086 54.0728072325389 52.5778830051422 56.0480008522669 52.6605347792308 53.7520796060562 57.8765521446864 58.2998991012573 56.2212218840917 57.7573875586192 59.6622029940287 59.338187177976 55.5040637652079 50.3041197856267 47.3446796337763 45.2272196610769 45.3063597281774 47.9055047035217 51.9880751768748 46.8975156545639 49.3336419264475 53.2938341299693 54.5616745948792 53.0615399281184 52.3620148499807 61.6877228021622 76.5648186206818 81.7768424749374 71.5660105148951 67.9772446552912 71.5350061655045 72.870135307312 74.3740399678548 69.8356380065282 68.714365363121 64.3074611822764 40.4636710882187 3.26008598009745 0 0 0 0 0 0 0
54.1687905788422 59.9590142567952 62.8516674041748 63.6313060919444 65.372293194135 67.9270525773366 68.1832631429036 64.3607179323832 60.1421395937602 56.2275548775991 57.7836732069651 55.5069396893183 53.1703680753708 51.6189734141032 51.3844589392344 51.6679932673772 49.4940380255381 55.7647248109182 57.2869628667831 55.2025189002355 51.1442422866821 49.0301450093587 48.5676427682241 49.7153848409653 47.3460505406062 56.0183227062225 58.8525235652924 55.4805894692739 55.1576465368271 53.5245140393575 49.2898722489675 47.5546171267827 53.4368008375168 56.9934397935867 63.4878923495611 66.0498440265656 70.1041917006175 76.2356370687485 77.6042540868123 72.2361256678899 70.4502910375595 64.6224617958069 61.7448836565018 44.8512931664785 16.1058319111665 0 0 0 0 0 0 0
60.3769173224767 65.0287717580795 62.1795058250427 65.4535392920176 64.0876243511836 64.2880747715632 65.8433983723323 64.4558618466059 65.6768182913462 61.5855604410172 60.6906364361445 59.5655540625254 55.707648396492 51.1745065450668 50.2373476823171 54.2546759049098 50.1773506402969 53.5411089658737 57.8985611597697 56.560089190801 53.7348687648773 52.3681640625 52.4745335181554 53.1209111213684 54.5260608196259 55.3335150082906 60.7716043790182 58.872789144516 56.246022383372 54.6301851669947 50.5874156951904 47.2873250643412 51.017756263415 49.4653284549713 50.4774649937948 53.6075383424759 60.4136288166046 70.0648377339045 69.1178490718206 58.9753637711207 61.7106854915619 57.3421915372213 56.9721460342407 54.405281941096 37.3446394999822 8.06643503407637 0 0 0 0 0 0
