input/barkrak2/radiation/dir34324.grid
NCOLS 85 
NROWS 70 
XLLCORNER 665100 
YLLCORNER 4664600 
CELLSIZE 20 
NODATA_value -9999 
[rows 46 to 68 of 70, columns 0 to 51 of 85]
47.4434991677602 48.9462912082672 51.4484792947769 53.4164408842723 53.1904399394989 53.0679970979691 54.9214035272598 56.7537446816762 53.6341071128845 52.5637914737066 51.7583191394806 51.0671486457189 47.7308531602224 44.9154128630956 44.8569754759471 48.0554898579915 46.2341705958048 41.6994442542394 45.9522306919098 44.2228863636653 42.449230949084 42.9440786441167 43.3690299590429 41.6992753744125 50.0482271114985 44.7626312573751 45.9047158559163 46.6462026039759 45.502836505572 44.826994339625 43.8434382279714 41.0209546486537 40.3656760851542 40.1539156834284 42.1370019515355 43.7818765640259 44.1806515057882 48.8360126813253 50.6497720877329 47.8659818569819 46.927402416865 43.5862938563029 48.7018724282583 53.066685795784 45.8496858676275 21.1652815341949 0.403055533145865 0 0 0 0 0
41.7783161004384 44.0098692973455 49.2143531640371 50.7137179374695 54.2028248310089 55.7131369908651 53.9377282063166 53.6955595016479 53.8698335488637 56.5104285875956 53.6306202411652 50.5999773740768 49.2376536130905 49.4248668352763 47.9852755864461 46.4314520359039 46.2778508663177 39.4641409317652 43.101042509079 44.2600548267365 41.5844072898229 41.9956743717194 44.8820938666662 39.9707555770874 43.4292107820511 44.6725885073344 40.7118250926336 43.737714489301 45.2264448006948 44.3186312913895 45.0342992941538 44.6320821841558 40.1715561747551 42.7878002325694 52.1865536769231 55.1021049420039 51.0672479867935 46.2703853845596 48.8361815611521 56.1356246471405 48.851137359937 44.9914981921514 51.3487259546916 55.3988516330719 50.9273360172907 35.5791772405306 8.08686638871829 0 0 0 0 0
35.3907619913419 38.4271418054899 43.351153532664 46.3911990324656 52.627757191658 55.9319853782654 53.1051903963089 51.4857470989227 55.3793509801229 57.7876021464666 55.9318910042445 52.1602034568787 51.0124315818151 52.1801263093948 50.0338176886241 44.9924369653066 44.5432116587957 39.4970426956813 43.3068523804347 45.7126845916112 45.0575252374013 45.1179643472036 46.892245610555 44.4309314092 42.4795846144358 45.8591977755229 44.285794099172 47.9255020618439 51.916499932607 54.2400479316711 57.3050032059352 57.7729245026906 49.7493048508962 50.4201948642731 57.9531937837601 63.9085918664932 62.5764826933543 53.3817460139593 50.5619247754415 53.4653961658478 48.1198281049728 42.6214238007863 42.7345186471939 42.7088489135106 41.8773839871089 41.1234771211942 30.6229864557584 1.3209522391359 0 0 0 0
34.4651862978935 32.5304369131724 36.4638765652974 43.7958339850108 49.0805109341939 52.0666937033335 54.5641829570135 57.2412659724553 58.6150586605072 55.563896894455 57.4225087960561 57.5092136859894 54.6140670776367 52.2764027118683 50.7374554872513 46.8491067488988 45.6340213616689 43.2758629322052 46.2459027767181 49.8216201861699 51.2752830982208 51.3939460118612 49.0558644135793 49.5472550392151 44.8055764039358 48.3553459246953 50.6506512562434 56.1639020840327 61.102623740832 67.1964337428411 72.6508845885595 72.4850396315257 64.3286953369776 58.7036907672882 58.183878660202 58.3009918530782 69.467360774676 60.5326145887375 52.2765467564265 45.6794251998266 42.1349306901296 42.8213874499003 43.3219174544016 39.6191626787186 36.6355255246162 37.2681220372518 23.0165272951126 6.77199723819892 0 0 0 0
34.622589747111 37.8283609946569 41.2153154611588 46.9783792893092 47.3304937283198 47.7338333924611 55.2174349625905 60.025542974472 60.1100226243337 60.0211471319199 59.8832964897156 59.7738275925318 56.524321436882 52.7177254358927 52.9429068168004 56.0935785373052 49.5898922284444 49.8921523491542 50.7943332195282 54.223229487737 55.207684636116 53.3007979393005 50.4036446412404 51.4177332321803 46.2822467088699 50.6300628185272 54.986834526062 58.0534388621648 66.7183796564738 73.7276573975881 79.5946270227432 80.7856221993764 72.2043216228485 62.9348953564962 45.3377465407054 48.4852840503057 56.6198329130808 64.9054596821467 56.936780611674 43.5105462869008 38.7202898661296 43.3807075023651 47.2149004538854 42.0866111914317 38.8610437512398 36.3501061995824 20.905946691831 10.4246214032173 0 0 0 0
35.4169135292371 45.4862415790558 47.5633243719737 48.7108528614044 46.735276778539 46.5032756328583 53.7028064330419 58.8224828243256 58.6535135904948 63.5894040266673 61.2833350896835 60.8287751674652 58.5096081097921 54.7330528497696 55.0400912761688 60.2749039729436 54.2950083812078 52.7041653792063 50.2854883670807 51.9038985172907 52.2408187389374 50.6708075602849 50.5164215962092 47.1393615007401 45.6228603919347 47.8728711605072 50.920973221461 52.7089933554331 56.7386448383331 64.6634002526601 75.3421932458878 80.7750771443049 73.2940187056859 56.1262220144272 18.5367402931054 18.0633763472239 24.4808942079544 50.5326191584269 57.3292275269826 61.1534714698792 55.2068998416265 46.4782218138377 39.1242901484172 37.3765875895818 41.5285105506579 37.3302176594734 20.7877457141876 15.1823212703069 0.139933981699869 0 0 0
38.7337654829025 37.3191187779109 36.4912028114001 38.6412491401037 44.3603148063024 49.3107438087463 50.3223439057668 55.6529263655345 55.5204699436824 60.120090842247 60.5581601460775 62.1968110402425 62.253346045812 57.9125632842382 56.9014449914296 55.5090804894765 56.9982975721359 51.4913648366928 47.0664550860723 45.1171497503916 44.8461671670278 46.4909275372823 47.3356445630391 43.0451929569244 44.2536274592082 40.6540582577387 43.0368433396022 43.4318731228511 45.0164626042048 47.8617052237193 51.8711755673091 64.9570673704147 61.5512430667877 34.997118016084 14.7423545519511 7.87416721383731 8.60941099623839 16.3906887173653 41.2352631489436 54.7932634751002 58.8649213314056 49.766739209493 36.0441605250041 32.8341076771418 37.0810429255168 24.1349165638288 20.2641710639 30.099426706632 15.1073982318242 0 0 0
41.0573358337084 32.3608890175819 30.4938728610675 35.1554279526075 45.2630470196406 52.9203613599141 52.693044145902 53.8889070351919 56.2122861544291 56.7588408788045 58.8202128807704 61.3037347793579 63.1334086259206 62.1284047762553 58.2507302363714 55.8960487445196 58.4072321653366 52.7237405379613 48.4405557314555 48.4014252821604 48.4768549601237 46.3624795277913 45.1944768428802 42.7057147026062 42.5953815380732 40.1591012875239 39.5481909314791 39.3977810939153 39.6677851676941 38.1381437182426 31.3207134604454 37.4925335248311 41.0836885372798 21.3387807210286 16.2258880833785 8.66740259031455 1.57289657120903 0.609037155906359 7.64540334542592 21.9722986221313 43.7782009442647 39.9845366676648 34.3802769978841 28.0435159802437 20.1660990715027 21.1153949300448 19.113523264726 36.0056559244792 42.8593903779984 24.758572379748 1.51790880287687 0
41.1590859293938 36.2296377619108 34.5124204953512 39.3182287613551 47.593022386233 54.3974538644155 57.098259528478 53.6008377869924 57.8397264083227 56.5897425015767 60.1402223110199 61.814934015274 63.0515962839127 64.9366726477941 60.6229603290558 60.468445221583 60.4772617419561 56.5552214781443 52.9775271813075 53.4973492225011 52.9085844755173 49.5712757110596 47.3788330952326 48.0285982290904 45.8580503861109 44.0475940704346 42.0666734377543 38.4844392538071 34.775289396445 31.9883252183596 24.5782509446144 29.1794613003731 36.3900934656461 38.5614285866419 36.7800990740458 26.8543511629105 8.90328176319599 1.51787294695775 0.848199939355254 4.92568065722783 18.4979774057865 22.3134110371272 18.7322373191516 13.3816910286744 13.1403182943662 18.0538619558016 19.8457116882006 23.6158321301142 39.0084236860275 42.9674386978149 26.4493574698766 0.220371662483861
44.0389811992645 42.7153209845225 39.6305869023005 38.6947840452194 43.9497530460358 53.6670833826065 55.0957123438517 53.5055100917816 55.2917768557866 60.178612669309 66.115881005923 66.7915493249893 65.0989313920339 65.7667020956675 64.040020108223 63.5100354750951 64.163014292717 61.9291365146637 57.9833736022313 55.0751437743505 52.6127467552821 51.0521431763967 52.277942498525 54.69910800457 50.4479010899862 48.8263070583344 39.6823237339656 34.1687723994255 28.7730470299721 26.0663380225499 26.5136311451594 32.1505020062129 40.1427075266838 51.031231880188 56.1287502447764 54.5357366402944 40.3542766968409 26.7499337593714 16.0961473981539 4.3823029845953 9.11494779090087 18.0487496157487 18.5643260677656 13.3077949285507 12.883630891641 27.0861784617106 44.6369548638662 38.3881529172262 33.5719982783 39.0532364447912 27.2417465845744 6.75563886761665
46.4387436707815 45.8713670571645 44.8839863141378 41.8340067068736 43.0756558974584 51.322082678477 53.2332162062327 53.326740860939 53.5997500022252 62.3077253500621 69.6217616399129 68.5553302367528 64.3695294857025 66.8368985255559 67.9932137330373 62.5351766745249 64.6408051252365 62.7901951471964 58.8428725798925 56.4088374376297 56.0693194468816 56.9288730621338 54.0098746617635 52.1939247846603 49.5260059833527 44.9440628290176 29.3375005324682 4.89298099031051 3.8484384616216 13.6092541118463 24.9674891432126 30.0208280483882 38.4285325805346 45.6602176030477 56.1579366525014 59.1160406668981 57.7152421077093 51.8285582462947 39.029931028684 21.5666343768438 10.617437462012 18.1741838653882 35.2492456634839 36.0692391792933 30.3589105606079 46.9115475813548 69.9369013309479 59.7123155991236 39.4748449325562 28.0548458298047 13.4964709480604 7.82032497227192
45.3925629456838 43.6036437749863 47.0641156037649 48.0890323718389 45.9344089031219 48.3395159244537 53.3351798852285 53.8368026415507 54.5508613189062 62.0877097050349 68.3317085107168 66.4842476447423 62.4710420767466 65.5767917633057 69.1273460785548 60.2925370136897 61.6835455099742 60.9200696150462 59.6231073141098 60.5097115039825 60.8786692221959 62.1820241212845 57.6640367507935 51.1919011672338 50.7223904132843 47.143965959549 31.3334092497826 14.8750953376293 14.3718011677265 21.0104336341222 29.6492924292882 33.8279257218043 46.9147761662801 56.4834425846736 67.1873191992442 61.356450120608 57.9765339692434 22.1534048517545 22.504265109698 23.0404809117317 24.850033223629 36.2630809346835 40.5763338009516 21.4957470695178 16.4008885622025 20.2430089314779 38.971687356631 47.1058587233225 34.1803183158239 24.4983260830243 17.8981261948744 12.4659997721513
35.1760437091192 42.0349339644114 45.3341007232666 47.9534616072973 48.0253398418427 45.0758139292399 53.408349553744 56.7271014054616 57.6770057280858 62.477300564448 64.6137396494548 63.7770642836889 63.3201102415721 62.1710916360219 63.5346521933874 60.163825750351 57.4123660723368 60.5371495087942 62.5384300947189 63.817302385966 66.1525130271912 62.6244594653447 60.6229950984319 55.732140938441 53.8660883903503 53.5726149876912 48.8189955552419 43.03839802742 42.4968053897222 42.7809804677963 40.4383093118668 39.8608446121216 56.0223360856374 68.0127441883087 49.3787477413813 44.7678069273631 26.7317692438761 10.8483880758286 3.57636995613575 8.19328924020131 8.72392766177654 31.6291699806849 44.0059353907903 36.7871448397636 25.5044649044673 26.6023178895315 39.2730906605721 43.3316330115 40.7255416115125 34.6178611119588 28.8749362031619 27.9064004619916
26.7127479116122 39.8245453834534 43.4941152731578 46.2715576092402 49.0834514300028 45.530691742897 49.2565582195918 56.1654071013133 66.2274857362111 67.6574458678563 62.9988809426626 60.9332770109177 63.0459288756053 62.6080830891927 62.594677011172 60.5324159065882 57.2430193424225 59.830904006958 58.2292924324671 55.786723891894 57.9602470000585 57.3339362939199 57.0756494998932 55.6573470433553 58.1365724404653 61.5072945753733 68.6935434738795 68.287452061971 59.9208225806554 54.3932467699051 44.0186162789663 36.9480773806572 46.4064528544744 45.3044772148132 19.0054401755333 12.8704098363717 12.1232842405637 6.75588411589464 0.495230391000708 0 0 11.7980812986692 39.3984913825989 61.3157898187637 66.9729461272558 60.5934510628382 58.9846273263296 58.8610619306564 58.5820972919464 48.3487198750178 38.2593274116516 47.8504002094269
28.5179292162259 37.2438554962476 43.8863188028336 46.1335331201553 47.6798812548319 47.8642185529073 42.7116254965464 51.3392835855484 70.1767454544703 69.0999825795491 61.0237220923106 58.2293520371119 60.3817999362946 64.5852734645208 63.5298291842143 60.7371727625529 59.9384754896164 57.7293237050374 51.942765712738 45.4051742951075 45.3301320473353 49.2225040992101 49.9682625134786 53.3132056395213 55.111289024353 62.0659490426381 77.5398562351863 81.6140174865723 63.9572987953822 53.0177305142085 43.0233577887217 31.2630012631416 33.4718028704325 35.6956198811531 17.5012188653151 9.23212679723899 10.148943712314 14.8191588620345 8.18307573596636 0.634086318314075 0 1.85648895179232 19.2484756310781 43.0216242869695 45.9259847799937 46.8775779008865 44.5226828257243 45.4850892225901 50.1529177029928 44.2239741484324 44.689953327179 76.7612606287003
38.9599998792013 41.6930168867111 43.6574021975199 40.8022478222847 35.5830142895381 32.1716393033663 39.0910853942235 44.7585086027781 53.5448342561722 49.6484935283661 45.7007338603338 51.4697730541229 59.748520453771 61.270460486412 57.8637421131134 59.4347318013509 60.1566930611928 54.8178454240163 47.5503305594126 42.7023371060689 42.1801209449768 42.9111172755559 46.4350283145905 49.2444932460785 51.4951546986898 55.6403001149495 67.5515880187352 75.6536424160004 64.2111400763194 49.8576561609904 42.2829836606979 28.0702660481135 18.5202024877071 38.867712020874 35.8000670870145 16.6252950827281 16.5733397006989 38.4456366300583 40.3852537274361 26.7048105597496 5.54161022106806 2.64827441424131 10.6368027627468 17.3260395725568 16.1689408123493 17.7783866723378 20.1047783096631 22.2447142004967 21.701214214166 37.5520636638006 57.3789079984029 108.779221773148
49.5412995417913 46.3793327411016 42.8811411062876 36.453219751517 27.5675406058629 22.1784561872482 30.583401521047 31.4450984199842 22.6117596030235 20.2320019404093 32.6257571578026 41.930615901947 48.5102434953054 52.4071951707204 55.5709103743235 65.1762038469315 68.0103451013565 59.873566031456 51.8268545468648 48.7079968055089 46.2769369284312 46.0809767246246 46.7190047105153 45.9682047367096 46.8123058478037 51.5484909216563 59.2495997746786 61.8690053621928 56.1389178037643 37.9968012372653 37.4618843197823 32.8176195422808 28.9824182788531 46.6829439004262 53.0600796143214 41.7465170224508 32.3133791486422 20.2609325448672 24.2828379074732 30.4804171125094 19.6240842342377 8.7364154557387 10.3382120529811 10.762382298708 5.82198426127434 6.95352318386237 13.8305549820264 15.7705148061117 16.7821968595187 37.7535820007324 81.7181120316188 124.386668205261
52.1780500809352 45.94620068868 41.4667849739393 37.9075134793917 31.3435569405556 26.0734831293424 22.3640998204549 17.3956515888373 4.12312957147757 11.6991897424062 27.2832761208216 38.002776602904 37.7245545387268 45.0169940789541 57.7523956696192 73.0080058177312 78.4136454264323 71.5316832065582 63.5802050431569 59.8714450995127 54.8994690179825 53.0650516351064 53.1414051850637 48.3460426330566 44.2704260349274 46.9860086838404 45.1829781134923 48.2212404410044 44.9828753868739 31.4609358708064 30.4791132609049 31.8439106146495 22.8169610102971 44.6477234363556 68.4528847535451 71.4869797229767 46.8409409125646 14.4983269274235 11.3539422551791 16.3831487298012 16.8137885630131 14.6418362855911 15.6437704960505 14.7436993817488 8.33545501033465 5.3545447687308 11.1011217037837 15.9518818060557 26.5351136525472 50.1728703578313 112.340529759725 143.395880858103
54.4540087381999 49.4010299444199 48.1326878070831 49.1189857323964 46.0270096858343 40.214829146862 35.5245222647985 35.8373572429021 34.6901466449102 40.2962888280551 47.6857076088587 52.8744906187057 53.1398405631383 48.669512073199 58.4578812122345 73.4648009141286 83.3507577578227 83.6509664853414 76.7104377349218 67.4243668715159 61.8884911139806 57.6262772083282 55.2274584770203 57.2063674529394 50.1395960648855 40.1093711455663 37.7844820419947 38.2798959811529 38.1727069616318 37.6819918553034 18.3437143762906 17.4027880032857 14.1090787947178 22.0101028680801 75.0979979832967 85.2111876010895 53.8312693436941 18.1028246879578 6.4168560008208 6.52022535602252 9.36065738399824 7.25935585796833 15.8568794528643 21.2972636024157 29.1402315100034 13.6288205782572 13.5883713761965 31.9523587822914 56.0109515984853 98.9938974380493 131.127953529358 144.331792990367
55.2135407924652 52.567332983017 52.7253945668538 54.0814648071925 53.4759809573491 50.0829269488653 49.8744150002797 57.253619035085 72.9669084151586 69.1733360290527 60.6130311886469 61.6416434446971 67.0305093129476 55.5226852496465 56.4770648876826 64.5659019549688 72.7347433567047 79.7449052333832 80.6209097305934 74.0605890750885 68.6164398988088 62.1427148580551 59.4877600669861 56.2102049589157 49.9982337156932 40.0651966532071 28.4411460161209 29.2595277229945 32.2895248730977 16.9719097514947 12.2538581490517 10.4782705505689 6.30778943498929 4.66237620760997 69.0668970346451 86.6761406262716 67.8973843653997 55.702934662501 25.8106167117755 2.75007014473279 0.092057491807888 0 8.42666439712048 32.4197088678678 38.2930984099706 29.3608481685321 28.1112243731817 49.6604392925898 104.92616891861 148.477613925934 142.390062411626 130.594352881114
54.4332712888718 51.1951992909114 45.9046612183253 41.4958645900091 41.7321374018987 43.6612764994303 43.8062349955241 55.2230725685755 64.5928879578908 59.8984112342199 51.0665625333786 50.6037374337514 61.6976221402486 57.1660846471786 53.7093679110209 52.6895821094513 53.3551871776581 60.1868430773417 70.1316197713216 74.2630809545517 70.1731741428375 64.5168522993724 58.0336352189382 53.3774594465891 46.1043566465378 39.342887699604 27.7763431270917 17.4010830620925 28.5207629203796 24.3385930856069 12.2017897665501 7.43125379085541 1.47537856052319 0 0.0968113599810749 76.8983910481135 83.7863882382711 94.2120353380839 75.9967714548111 29.0033519268036 2.14555859565735 0 2.32630176469684 17.5040264924367 43.5395489136378 62.4528427918752 82.6649417479833 131.893734137217 172.02216386795 182.313243548075 167.534629503886 135.965635379155
56.4978222052256 54.5006841421127 48.8514105478923 42.3331211010615 40.8580303192139 43.5687005519867 36.6338541110357 34.1682508587837 35.8034173647563 32.6894198854764 26.0007629791896 23.5945036013921 27.1976540486018 44.5289065440496 51.5452971061071 45.896386106809 35.2743715047836 31.13620976607 43.0831164121628 62.4438722928365 64.3040140469869 59.0716650088628 52.602082490921 49.5829433202744 42.9915388425191 37.1872832377752 31.1629672845205 10.1995089401801 13.7070169051488 34.1831768552462 18.027209987243 11.3006134827932 3.88232277085384 0 0 56.2916795412699 96.3164567947388 110.681593418121 97.2279806931814 68.4749533732732 36.2997924288114 8.20505370696386 5.24681930740674 22.3072717587153 52.4117896954219 114.00826772054 154.311547676722 184.488296508789 193.474074204763 192.780097325643 183.277507623037 155.318945646286
58.1541856129964 58.0822328726451 55.5743426084518 52.149623632431 50.3131846586863 49.5990961790085 35.0111400087674 21.7867145935694 21.9931329290072 24.1337269544601 21.5367625157038 19.005769242843 20.1309745510419 40.8498992522558 54.2183717091878 45.0601279735565 27.1553123990695 15.4545282324155 18.7373558680216 33.2723408937454 43.3918833732605 46.8854655822118 47.5330005089442 40.4218633969625 36.2491011619568 31.7862903078397 12.938862045606 6.52037188410759 9.82309070726236 37.2524335980415 45.7826505104701 38.9416143298149 19.8925907413165 0 0 35.9940404693286 89.6806915601095 97.9202886422475 79.0614982446035 76.0386387507121 80.6836287180583 65.3540839751561 43.8801646232605 58.2282940546672 109.209636847178 153.372426827749 176.34371916453 187.415877978007 189.211944739024 186.776796976725 181.897501150767 160.251200199127
