input/barkrak2/radiation/dir32124.grid
NCOLS 85 
NROWS 70 
XLLCORNER 665100 
YLLCORNER 4664600 
CELLSIZE 20 
NODATA_value -9999 
[rows 46 to 68 of 70, columns 0 to 50 of 85]
67.5469785928726 69.0679053465525 71.7761665582657 73.7379143635432 73.55830570062 73.2390334208806 75.0313897927602 77.0049790541331 73.4346012274424 71.9536791245143 70.7501421372096 70.2897310256958 66.4933522542318 63.7945880492528 64.1500701506933 67.5375461578369 66.2161409854889 60.9743297100067 65.7820751269658 63.867191473643 61.0303233067195 62.2502466042837 61.1984084049861 59.9921643733978 66.4864132801692 60.2390666802724 61.8782341480255 63.4093830982844 62.537948290507 61.603640516599 59.8260114590327 56.3974926869074 56.7056636015574 56.1220447222392 58.3319912354151 59.2647741238276 60.5969031651815 66.3726329803467 68.386897444725 66.97978079319 65.7552530368169 60.7316096623739 66.1374429861705 72.2487519184748 63.6019905408223 34.114512304465 4.86319946746031 0 0 0 0
61.3888700803121 63.7882202863693 69.4964428742727 71.0970958073934 74.6489117542903 76.3084242741267 74.1257121165593 73.7669070561727 73.9238113164902 76.3593514760335 73.2693274815877 69.5171356201172 68.3446824550629 68.32255423069 66.4225320021311 65.7961865266164 64.9685810009639 58.5104078054428 62.4139060576757 63.8842235008876 60.7406795024872 61.1538489659627 64.4398132960002 58.8631480932236 60.8111123243968 61.1896514892578 56.4821362495422 59.8528136809667 62.4274065097173 61.2380752960841 61.1346662044525 59.8357518513997 56.4691027005514 59.1629793246587 70.1749473810196 73.1796721617381 68.647637963295 62.7104242642721 65.6431764364243 75.9089787801107 69.867268204689 62.446266412735 69.5955107609431 75.1211941242218 69.558064142863 50.2306222915649 19.6484985450904 0 0 0 0
54.2945067087809 57.5487713019053 62.9001756509145 66.6622718175252 73.0793327093124 76.5813440084457 73.4959741433461 71.5760240952174 75.4271099964778 77.5145043929418 75.7809082667033 71.726401646932 70.2120165030162 70.8628247181575 68.8906908035278 63.7064228455226 62.4441653490067 57.8783104817073 62.02565630277 65.58491786321 65.3755168120066 65.5109584331512 66.7486985524495 63.9550387859344 61.6641243298848 63.9477421840032 60.3126337130864 64.4037822882334 69.0752764542897 72.2078184286753 75.1851499080658 74.6528208255768 64.970001578331 67.9096778233846 75.1174688339233 83.4536949793498 81.9254318873088 70.7909911870956 67.7187144756317 73.1760660807292 68.3790196975072 61.3047232230504 58.2736780246099 58.52077404658 57.2338302930196 56.0254206260045 46.8808760245641 6.33570241431395 0 0 0
53.2587220271428 51.1057674884796 55.3683241208394 63.5364403327306 69.2571798960368 72.5037107865016 75.1579751571019 77.9132197300593 79.0152847766876 75.5460113286972 77.3907999197642 77.2096167008082 74.2915620406469 71.5780754884084 69.7214106718699 64.7459576527278 63.8473977645238 61.4339858293533 64.4653389851252 69.4479395945867 71.7847347259521 71.015199025472 69.2298809687297 70.8054701487223 65.2727584044139 68.2835578918457 69.3142314751943 72.8009243806203 78.8765748341878 84.005484978358 91.8774008750916 91.4586583773295 81.4040253559748 74.7827539841334 75.4022846619288 84.4961901505788 86.0422849655151 81.5609296162923 70.8672354618708 62.8982136646907 58.8725805282593 60.3359887997309 58.8675936063131 54.9513796965281 51.4539082845052 54.811288913091 48.3769476413727 13.4733989834785 0 0 0
53.5133878389994 57.0149471362432 60.7295980056127 67.0964221159617 67.5616959730784 67.9417202870051 76.024666428566 81.1670323212941 80.993706981341 80.4962466160456 80.173189441363 79.8576970895131 76.1157969633738 71.797380844752 72.3256369431814 74.9371846516927 67.6563282807668 67.253256837527 68.7302599350611 73.4395881493886 74.4468520085017 73.1835862000783 71.6791649659475 70.8932081858317 66.9315507014592 72.9624032974243 76.1115004618963 78.806350628535 84.8259528477987 90.6976660092672 96.3902672131856 101.887345314026 92.2875603040059 78.268180290858 70.4181591669718 65.3368880351384 81.4066727956136 86.6817235946655 76.0078181823095 59.9988996982574 53.7973642349243 61.3292256991068 64.6233707666397 61.6313964128494 56.3760896523794 53.872028986613 34.5906416575114 18.0752078692118 0.0318273256804484 0 0
54.3617208798726 65.4315948486328 67.5614575544993 69.081371029218 67.1774794658025 66.5255884329478 74.281245470047 79.8500229914983 79.6596060196559 84.6630930900574 82.1643173694611 81.2725126743317 78.8162400325139 74.1901099681854 74.0148623784383 80.0602932771047 73.4863032897313 71.0621923208237 68.0912435054779 70.0693130493164 70.5146789550781 69.4037427504857 69.0117031335831 67.0162538687388 66.1961833635966 67.8077638149261 73.4898746013641 74.9687105417252 78.7973006566366 84.9696199099223 92.0060475667318 99.001665910085 94.6285128593445 72.430282831192 28.1790966788928 27.6058986783028 40.8807049194972 64.6081268787384 78.5810699065526 80.6556244691213 74.0217119455338 69.0524876117706 57.2612583637238 55.7065109411875 62.1205518643061 52.3261030515035 30.9229344129562 24.0186055501302 2.80095202227434 0 0
58.0807278553645 56.3421050707499 55.2985171477 57.5870474179586 64.1332268714905 69.7384576002757 70.593054095904 76.4238039652507 76.4112075169881 81.2190224726995 81.5226236979167 83.2594136397044 82.89601902167 78.1008303165436 76.1905610561371 74.7415522734324 75.9629011154175 70.6688563028971 64.8516118526459 62.2376402219137 61.9446883598963 64.0647113323212 65.532311797142 60.6710414091746 61.704362432162 60.4465405146281 63.1782710552216 65.6378368536631 67.282701532046 70.9870258967082 73.1197347243627 82.5225114822388 80.6841452916463 57.5344761212667 23.4279135862986 14.7881408532461 15.7246850430965 25.5075047413508 53.9743155241013 77.3761669794718 80.2012036244075 70.4501072565715 54.4673899809519 45.2385048071543 49.932137131691 41.7752762635549 30.2217205365499 43.4578657150269 26.351124048233 3.21804732084274 0
60.5077346165975 50.9666204452515 48.9156941572825 53.9714197317759 64.9854193131129 73.7787783145905 73.1647660334905 74.5014349619548 77.1106382211049 77.415535847346 79.8632055521011 82.4921230475108 84.1772854328156 82.6424260934194 78.3100674549739 75.7323751846949 77.6737034320831 70.9752639134725 65.9641524155935 66.5865043799082 66.5670533974965 63.8496279716492 62.4987185001373 58.7090353171031 59.0192079544067 57.9641262690226 58.1307063500086 59.9101136128108 61.9122882684072 59.3702743450801 50.75803399086 54.2193700869878 56.7054698864619 31.616618235906 25.2479488650958 15.7900787889957 6.26899177829425 4.8439543073376 13.8395031293233 40.8431241909663 61.2243662277857 61.7272158463796 46.4458912611008 41.7069693406423 32.9063882430395 31.3114027182261 28.8143555323283 50.8201668659846 59.546152750651 39.1196360190709 10.4052263001601
60.7274870077769 55.3629100322723 53.4216910600662 58.5547784964244 67.7073150873184 75.2516190210978 78.3146520455678 74.4232734044393 79.1401316722234 77.399954199791 81.3556611537933 83.1087827682495 84.4942132631938 86.0651731491089 80.5884053309758 80.2771647771199 81.1101992925008 75.4215866327286 71.788360675176 72.1977253754934 71.4088280995687 67.6691929499308 64.9241109689077 65.371627608935 61.7979963620504 61.4404678344727 59.0050915877024 56.8018009265264 53.9940694967906 52.1182914574941 42.4770265817642 44.5180932680766 51.0396858056386 52.912582953771 51.0057508945465 39.9209707975388 17.9630753894647 6.54953718185425 5.16282021999359 11.0090002417564 28.0726154645284 32.8411087393761 28.400165339311 21.7452595631282 21.4321588476499 27.4775152405103 35.0751802325249 43.5560246308645 55.2181601524353 60.2839589118958 41.4685954650243
63.9317582050959 62.5532766183217 59.1240525245667 57.8807393709818 63.8252993424734 74.4306494792302 76.4744778474172 74.3084599574407 75.9693632523219 81.3881456851959 87.6710216204325 88.4574751059214 86.4185392856598 87.213933467865 84.9445064862569 84.070364634196 84.3686858812968 81.2226831912994 77.4101664622625 73.6230313777924 70.7820157210032 69.2574977874756 70.1310783624649 72.5579559803009 67.6376124223073 65.7963852087657 60.2758179108302 50.8191535870234 43.6367889245351 43.2887971401215 45.0892100731532 49.5121081670125 55.5210709571838 67.3689047495524 71.8813190857569 70.2993869781494 58.8191449642181 39.3903528650602 29.0847172339757 10.3951605657736 16.3893227775892 27.5230184197426 34.6272389094035 24.9383052190145 25.3664751847585 39.7052094340324 60.3675792614619 54.4776817162832 49.4256019592285 55.8748890956243 47.3307172457377
66.5597766637802 66.0031884908676 64.9507691462835 61.4723811546961 62.6484254995982 71.8543032805125 74.1445869207382 74.2288331190745 74.31893547376 83.6498538653056 91.243843237559 90.402623017629 85.6535037358602 88.4533723195394 89.5342131455739 83.5243662198385 86.1650904019674 83.0460886160533 78.4942011038462 75.646847486496 74.7176955143611 75.0168710947037 73.0843643347422 69.8821147282918 66.7338073253632 62.5617106755575 44.2159324884415 23.5274210572243 20.127044369777 28.1316364804904 41.8550471464793 46.3864356279373 53.6584208408991 61.2542927265167 71.9771931568782 83.608736594518 84.5547318458557 69.4317022959391 64.0746702750524 37.8585730989774 18.2894145449003 27.7135794361432 50.47607421875 50.5579759677251 49.9055633942286 63.7645175059636 89.4710719585419 78.1674385070801 55.8653076489766 42.5760994354884 33.4371800223986
65.3695364793142 63.5254929463069 67.3353374004364 68.4126913547516 65.9019152323405 68.5623983542124 74.0891396999359 75.0754127899806 75.3630101680756 83.1609169642131 90.3812249501546 88.6723101139069 83.9131871859233 87.3642464478811 90.6729102134705 81.2717129786809 83.0133110284805 81.6955864429474 80.1377991835276 80.4428160190582 80.3327163060506 80.8581511179606 75.6603231032689 69.0304934978485 67.5410280625025 65.2829309304555 47.2056269645691 28.4681667884191 27.7855669458707 35.1273020108541 47.8152831395467 51.6964097817739 63.4186416864395 73.3148952325185 84.0178827444712 80.2461852629979 72.6187775532405 32.6817060510317 33.1180642048518 33.7329382697741 40.2259876330694 52.3075560728709 59.9712332089742 31.8823953469594 25.5732933680216 30.3602566321691 68.537766734759 63.6545519034068 50.4155854384104 40.8638591567675 34.631518026193
54.0458063284556 61.7316464583079 65.2930736541748 68.214883406957 68.3111995458603 64.9864027897517 74.1797387599945 78.0709584554036 78.9665629466375 84.1999451319377 86.6622229417165 85.666040579478 85.2433145046234 83.2031319538752 84.5780670642853 81.2645455201467 78.1522840261459 81.7458629608154 83.283136288325 85.211177666982 86.3618552684784 82.2381873925527 78.9360205332438 73.4761307636897 71.9097703695297 71.8000829219818 66.9216165939967 58.5537105798721 60.3707333405813 61.8060380220413 58.8851273059845 59.1444820165634 76.1740903059642 85.2432350317637 82.8548024098078 57.9060216744741 38.2892762621244 18.4877676268419 8.92636987070243 18.465880304575 19.0518995126088 55.2107791105906 64.122607310613 50.9508748849233 38.5794838269552 40.4060631990433 54.6915531158447 59.3321472406387 56.7103823026021 49.9383509159088 43.4452295303345
44.5120135943095 59.2277596394221 63.3342117071152 66.3337111473083 69.3668127059937 65.5412127574285 69.5507129033407 77.4922470251719 88.5397096474965 89.8358722527822 85.2245291074117 82.2929541269938 84.5627983411153 84.0920011202494 84.0988159179688 81.4327696959178 77.7455667654673 80.225815375646 79.1557232538859 76.3136446475983 77.594389518102 77.9176155726115 76.2080748875936 74.9999682108561 75.0158727169037 79.1328350702922 89.7266268730164 89.6267294883728 75.4120051860809 69.155365228653 62.8678500652313 55.9064050515493 70.7358817259471 62.9988213380178 28.7516141931216 20.9966624776522 19.9466372529666 13.2167972624302 2.95790967841943 0.789395766332746 4.96817910789149e-14 19.0741916497548 57.1985940138499 77.5982240835826 83.9126904805501 78.1001895666122 76.4009952545166 77.2273043791453 76.7013529936473 65.4671092828115 54.494708776474
46.278382341067 56.5091570218404 63.7810677289963 66.3308401902517 67.9604858160019 68.1629578272502 62.339241305987 72.1825907627742 93.2514866193136 92.0011401176453 83.3451449871063 79.7287871440252 82.7108770608902 86.4270627498627 85.0809117158254 81.950585047404 80.6614557902018 78.4142712752024 71.409394343694 64.661314090093 65.1754687229792 68.5218075911204 69.1202481587728 73.2773939768473 74.1613954305649 79.2141755421956 97.6675450801849 101.220617691676 86.484968662262 73.8448450962702 58.4572752316793 48.3880192041397 51.7667382955551 49.7801651557287 26.7350773016612 16.3036907712619 17.4462298552195 24.4026333093643 16.5410240491231 4.88952454179525 0.14167214006496 6.30347120265166 29.1067684690158 60.3095442056656 64.2071117957433 60.6622497240702 69.1661834716797 71.2611923615138 67.1122173468272 60.5129400889079 61.9920939207077
58.1056227286657 61.3552927970886 63.7462139129639 60.3167364994685 54.2942633231481 51.6664981842041 59.4861010710398 65.1708940664927 75.2751678228378 71.0471570491791 68.328579266866 72.8716552257538 81.0935745636622 83.2732270161311 79.1910340388616 81.04407787323 81.4165671666463 75.5028575658798 67.1261449654897 61.7235253254573 61.0000193119049 62.8334631522497 65.7560875018438 68.6742216348648 69.5537974437078 74.0108340978622 86.7764751116435 95.1093733310699 82.0139894882838 68.5575703779856 57.0645282665888 44.141078988711 39.9371311068535 53.2674491405487 49.0961968898773 25.5887558062871 25.6550932923953 58.1321120262146 62.7566277980804 39.868637919426 11.8615912894408 8.19617696106434 18.3461445073287 26.7238517602285 25.2901017665863 27.3009787003199 36.2333531181018 42.0681089162827 47.881488998731 53.0512680610021 77.1087308724721
69.9000209569931 66.602552930514 62.782218058904 55.5436462163925 45.389195283254 39.1442626714706 48.9992847045263 49.1991092761358 39.6199946602186 38.9846041798592 48.859049876531 62.607670823733 68.977564573288 73.2942720254262 76.4926373958588 87.1339440345764 90.0217791398366 80.8495978514353 72.0216929912567 68.3645556370417 64.9355004231135 65.2860502401988 66.6922728220622 66.5111740430196 65.8499300479889 68.2507902383804 76.0159740845362 82.4347039063772 73.6113488674164 53.0165433883667 56.5518985191981 46.9979047775269 42.3843165238698 62.2291465600332 68.2849089304606 55.9305648008982 46.1658388376236 38.0085508028666 43.3016369740168 45.0078248977661 32.6998879512151 18.8526436686516 17.9750360548496 18.4959471225739 12.2793652117252 13.6447039743265 22.3740140597026 24.7938856482506 26.0720402002335 53.9892315864563 104.622304439545
72.8813509146373 66.0521487394969 61.0689769188563 57.0646027723948 49.7508744398753 43.6323583126068 39.2972553769747 34.6410398681959 17.5595978895823 25.6885538498561 43.6270038286845 57.1911732355754 57.0296049118042 65.1330649852753 79.2013257741928 95.5075522263845 101.019322872162 93.6680833498637 84.9582155545553 80.6913475195567 75.2303053935369 72.8839784860611 70.9372758865356 67.7731434504191 66.4977778991063 67.6544656356176 66.2632286548615 66.0168727238973 63.4134958187739 45.4469124476115 44.2653596401215 44.0224707126617 40.1237259308497 65.2117431163788 85.1064026355743 88.3403619130452 62.4054968357086 23.1671954194705 19.2366763949394 25.5453462402026 33.5860773921013 23.3690092960993 30.7322343190511 25.0419254104296 17.5725718339284 11.6972948114077 18.9590193331242 32.4841638406118 40.5284911394119 69.4708824157715 137.758602698644
75.4238466421763 69.9374129374822 68.5255229473114 69.6741739908854 66.2511587142944 59.7823063532511 54.5005053281784 54.9390067656835 53.6373009284337 59.307520588239 67.7582522233327 73.8946497440338 74.1704603036245 69.0117677052816 79.7753036022186 96.5679486592611 106.845766305923 106.881658236186 99.1967817147573 89.1653796037038 82.6916446288427 77.7394274870555 76.2195438146591 74.5984564224879 67.6110287507375 60.5663955211639 57.1948041518529 57.7692538499832 55.8457225561142 53.0090729395548 34.366341928641 34.3716219067574 24.008276561896 52.8537581364314 92.7658180395762 102.549701929092 69.3458020687103 32.9496214787165 13.0109712481499 13.1463768581549 16.7349378267924 14.1862755020459 26.418462395668 41.8157875537872 43.1660562753677 30.1171789566676 29.9774333834648 46.8088338772456 75.2429813146591 123.348613580068 156.719237565994
76.2613316377004 73.4535604715347 73.6643175284068 75.0533094008764 74.4581719239553 70.6773748000463 70.2870041131973 78.4318695465724 95.5348312854767 91.4269884427388 82.2041432062785 83.2532147566478 89.487095673879 76.6601860523224 78.0648936827977 87.0098074277242 96.1626569430033 102.875083684921 103.358884652456 96.3710745175679 90.3718769550323 83.8372906049093 78.3582429091136 78.6862124999364 69.422314564387 54.8572142918905 49.2545366287231 47.8438039620717 48.2709854841232 40.0453209877014 20.3161798417568 18.0787779390812 12.8080720702807 13.1424044569333 89.5904699961344 103.910009066264 83.9507877826691 71.9167292118073 38.9900356531143 8.20792963107427 2.11237045004964 8.23087325835421e-14 15.532078842322 46.5823958317439 53.908626238505 43.815553188324 42.4696107705434 68.089947104454 129.065722227097 175.59943596522 167.886694272359
75.4221777121226 71.8530714511871 65.9617086251577 60.929149389267 61.2860421339671 63.6342167854309 63.5981460412343 76.3229429721832 87.5026782353719 82.5896908839544 72.4869271119436 72.1564988295237 83.1293414036433 78.4753561019897 74.9686807394028 74.263721704483 74.5379825433095 81.7002852757772 91.9736127058665 96.6085890928904 92.3649966716766 85.8674645423889 78.8994133472443 72.6576248804728 62.9020631313324 57.0837507645289 43.0795848369598 37.17323889335 43.3536271254222 39.0438586473465 20.224799712499 14.2219749589761 6.35579600930214 0.127449282445014 21.688590447108 93.9699411392212 100.587785243988 112.47780919075 94.1608448823293 42.2128935654958 7.13815167546272 0.270957088408371 7.22514962156614 40.0036424398422 60.0223789612452 81.4324716726939 104.097316662471 157.490253448486 199.671785036723 209.847589333852 193.92454624176
77.6979674895604 75.5235900481542 69.3207730849584 62.1573577324549 60.5336924393972 63.5134180386861 55.3825596968333 53.27408015728 53.7478228410085 51.4241655667623 44.2773550748825 41.7260080575943 47.2755134105682 64.3697877724965 71.8163003524144 67.1223700046539 56.5418650706609 51.0718077421188 62.3045712709427 84.8627289136251 86.1036280790965 80.1544735829035 73.4729468822479 67.6716566085815 62.8878772258759 56.8966766198476 45.8209365606308 29.3709288040797 35.4713474710782 48.5168099403381 34.3526949485143 19.1198562582334 9.67615718642871 0 0 73.9393532276154 114.069541295369 128.751933574677 115.511099497477 85.6584906578064 51.1406014362971 18.0110732714335 15.2657714982828 35.7938533027967 71.2409416834513 137.901941935221 180.25267124176 212.067087491353 220.876673857371 220.191200574239 210.472444693247
79.4710169235865 79.3406864007314 76.6151497761409 72.9004641373952 70.9143877029419 70.0978537400564 53.8429766893387 38.60042989254 39.2016520102819 41.5803045034409 38.5920529564222 35.6843322515488 37.0627120137215 60.4511201381683 75.0013887882233 65.3167366981506 43.3422029018402 31.1108206709226 35.1868470509847 54.0564060211182 63.5150671005249 66.7070547739665 67.5900628169378 62.0476901531219 52.2533903519313 48.2445458571116 37.2549816966057 12.9745615025361 27.3964429895083 52.0326942205429 61.25275293986 54.3174246946971 33.6055358250936 1.4576759810249 0 51.1291523774465 108.283589283625 116.034259398778 96.0403879483541 93.0763284365336 99.5170970757802 85.0390493869781 61.9431138038635 78.1820466121038 133.889645338058 180.270731449127 203.715920448303 214.989264806112 216.690162817637 214.381217956543 209.468464056651
