input/barkrak2/radiation/dir32124.grid
NCOLS 85 
NROWS 70 
XLLCORNER 665100 
YLLCORNER 4664600 
CELLSIZE 20 
NODATA_value -9999 
[rows 23 to 45 of 70, columns 0 to 50 of 85]
77.9757599035899 67.3286219437917 34.8431865374247 17.6148737470309 13.0188117424647 17.7144470314185 18.227302779754 6.96317727367083 5.20334299653769 3.93519519517819 14.2714555064837 15.9260431925456 18.361729880174 23.8792871435483 21.0186292727788 21.1396863063176 26.9411603609721 36.3887399435043 40.7602861523628 35.3780711690585 34.2788646618525 37.6986265182495 50.2576281627019 59.6690277258555 65.668707092603 66.8475131193797 61.0682566960653 51.4375915129979 32.7953174710274 15.0288877387842 10.6985519329707 3.82238533347845 0 0 0 0 0 0 0 0 0 0 0 1.68344052508473 1.92920646319787 2.19941511750221 3.74868636329969 6.36365326742331 10.806734363238 13.3168076475461 10.4203720887502
77.525407075882 73.4299918015798 51.4340897401174 22.3971307277679 7.10988665620486 17.0906124015649 15.5563044051329 15.6922514239947 8.60513374209404 5.50907229383786 4.9684007341663 14.4033941129843 15.7799397905668 21.6703116893768 20.9803233544032 20.0618170201778 25.4473313689232 34.1616670290629 41.1588822801908 34.0457161267598 31.9330394268036 29.1423251231511 37.4218747019768 44.9623962243398 49.1691380739212 50.9129265944163 47.430286804835 43.4960573911667 21.1371853947639 9.77742547790209 5.52470050752163 3.92534770071507 4.67137677794012e-15 0 0 0 0 0 0 0 0 0 0 5.47207519412041 0 0 0 0 2.75286038716634 4.2683348680536 2.81575849900643
64.4964675108592 68.9161469539007 61.9020213683446 31.8757618467013 7.18837169309457 17.5933974484603 24.2696652809779 32.0664495229721 30.7438224554062 24.6774281064669 21.4038540919622 22.2636635104815 23.0696896711985 28.0652269721031 27.5089169541995 22.5724130868912 24.6255149443944 33.3425477147102 39.9533361196518 42.4531598885854 42.8261508544286 39.4064038991928 36.4158550898234 36.227968831857 39.8020818829536 41.5271272261937 37.4602327744166 37.8126055002213 22.8209098180135 18.1355737149715 15.0751285254955 18.7511518597603 13.1695618232091 0 0 0 0 0 0 0 0 0 0 2.7626845985651 0 0 0 1.44708932687839 0 0 1.00247197163602
63.1932467222214 68.2883659998576 66.0873850186666 41.1064823468526 18.5804441571236 30.1792472600937 42.512168486913 52.1791676680247 59.5517158508301 52.972470720609 36.2099682291349 38.624015947183 35.8492881059647 38.7986426552137 38.2083604733149 29.5100063085556 27.1595567464828 35.2271075050036 43.376753727595 52.9636641343435 54.4051229953766 51.6118258237839 43.6688015858332 38.0829523007075 38.9482031265895 41.1575883626938 36.6221716006597 44.0423786640167 41.2011096874873 39.6433149774869 44.3880657354991 61.5293780962626 69.7105576594671 49.249122540156 0 0 0 0 0 0 0 0 3.87139773617188 0 0 0 0 0 0 0 0
64.6616319815318 63.5864585638046 63.7055585781733 47.0062444607417 43.6875174442927 50.3412435452143 62.9500647385915 68.1937237580617 71.2959269682566 63.4773671627045 46.6085175673167 41.9584562381109 40.7159179449081 38.7678494056066 42.0382519563039 38.9000301559766 32.8930964072545 39.9333362778028 50.680806239446 56.8945656220118 54.2038281758626 45.7889934380849 44.3038592735926 45.0734496116638 45.2810078859329 45.5671598513921 43.390025695165 53.4572005271912 69.6096916993459 74.0611801544825 78.3690611521403 85.3559573491414 95.6828792889913 102.787335713704 58.6363077163696 0 0 0 0 0 0 2.82172362009684 2.22582820182045 0 0 0 0 0 0 0 0
67.605455716451 57.0426086584727 57.623545328776 49.8609046141307 63.1403078635534 62.7484222253164 65.2073969443639 62.7979338169098 57.4667602777481 48.2177883386612 40.7557760675748 36.019171277682 36.165788769722 42.1280960241954 43.0704305569331 46.0753788550695 40.7796700795492 38.1419534484545 48.1093376874924 50.8127212524414 47.9513655106227 41.3754656910896 41.2071421742439 47.5997080405553 49.8427947362264 46.693096558253 47.7813333272934 53.5139640172323 76.3177871704102 89.504063129425 97.3721444606781 101.984033981959 109.307467937469 112.395197153091 103.206197420756 32.283179461956 0 0 0 0 0 0 0 0 0 0 0 0 0 0 0
68.6404854059219 52.0094782114029 52.2783845663071 54.983581105868 63.9516760905584 63.9690607786179 52.1051784356435 41.3907915353775 29.4889758030574 23.5700458288193 24.4945337375005 28.2922635475794 33.8883449633916 42.5443549950918 46.2237298488617 51.7688890298208 47.3257650931676 35.493791103363 38.7746940056483 42.1161353588104 41.8648819128672 41.9476727644602 41.8522010246913 47.4102993806203 52.8547366460164 50.1064558823903 52.2328317165375 53.9807875951131 70.1061089833577 92.552920182546 106.956432263056 112.062106529872 113.229662179947 114.957720041275 121.616929769516 104.660580555598 26.3317078351974 0 0 0 0 0 0 0 0 0 0 0 0 0 0
67.4663682778676 68.1729217370351 87.6416365305583 117.473512887955 95.2708919843038 69.5707947015762 44.4984535376231 19.027349849542 8.97834015389284 19.6091135342916 17.7849531173706 6.50288226703803 32.809520761172 44.0846234560013 51.77008608977 55.333157380422 52.5110264619192 41.2316446503003 40.4818256696065 43.3721840381622 40.6613225738207 44.8570201794306 46.5049842993418 48.6866235733032 54.5741021633148 59.0640405813853 57.2309543689092 59.5595190922419 72.0687061548233 95.822662115097 114.101161559423 117.947965860367 114.59610859553 121.849358081818 130.999853213628 134.025365114212 110.035598278046 51.4477094014486 3.66076113035282 0 0 0 0 0 0 0 0 0 0 0 0
79.3160746494929 111.205240090688 157.591203848521 178.374548753103 157.718529303869 107.358455657959 62.5334531068802 35.6715768575668 29.7952045996984 35.6261183818181 27.9628957311312 23.9180276791255 33.6993187665939 42.3879126707713 53.88543009758 58.1270505984624 55.446187655131 49.3145833412806 42.9654816786448 44.1594272851944 44.5594936609268 47.2559531529744 49.5836933453878 51.0057906309764 55.6021382411321 66.588098804156 66.521609822909 71.8980530897776 81.6478828589122 97.8775223096212 113.123198350271 120.547254880269 122.369786103566 127.998898426692 133.279919624329 133.820404609044 128.062506516775 111.188669999441 48.2738763093948 2.18129623681307 0 0 0 0 0 0 0 0 0 0 0
136.989990870158 172.378122806549 196.579575538635 199.018597602844 196.965356667837 169.839382171631 127.953718105952 93.9032336076101 72.1548100312551 61.9948357343674 56.6370238860448 46.6958036025365 36.0999430219332 41.0402764876684 53.7151197592417 59.9876294533412 53.5322725772858 54.1900197664897 43.9289013544718 42.3140674829483 46.1713820695877 47.4173724651337 48.1422791878382 48.9347676436106 53.9907912413279 66.8232987324397 72.3649164040883 80.4729362328847 89.0856782595317 96.161017815272 107.28594660759 120.398342609406 122.293164332708 119.205017884572 119.060059388479 113.721430301666 115.144948164622 101.645678281784 56.8966468175252 10.2509080121915 0.096780228583763 0.336547459786137 0 0 0 0 0 0 0 0 0
189.627448717753 207.429051399231 211.194634437561 208.729008833567 211.416403452555 207.826693852743 184.938629468282 143.785287936529 106.919785340627 85.1738254229228 85.5050583680471 77.0400116840998 54.3150901794434 44.950673977534 51.8245200316111 54.9486130475998 48.885057369868 49.966111779213 43.4460242589315 44.3240851163864 42.6660130421321 43.7798698743184 43.9725915590922 44.5937067270279 50.877720117569 60.807059208552 71.4641412099202 75.2972364425659 85.1627389589946 96.0032145182292 106.260985136032 109.412570794423 103.618770837784 92.8866763909658 94.2535996437073 80.3346236546834 81.5183222293854 67.0271863540014 33.7152232726415 2.06336223830779 6.98669068515301 5.04741383095582 0 0 0 0 0 0 0 0 0
204.347133636475 212.813138961792 210.801978905996 211.432576179504 212.619324525197 211.684226989746 202.036798000336 171.093205610911 126.549025376638 99.2562572161357 99.7121036052704 91.8180445830027 78.2068073749542 58.3778818448385 51.6908665498098 52.7108212312063 46.4648058017095 43.3583507935206 43.0841545263926 45.9280411402384 41.7649845282237 41.5955384572347 42.9462343454361 44.1899299621582 48.1582979361216 54.8964440822601 64.0643338362376 65.8350735902786 74.6360371510188 90.7182494799296 99.8043815294902 97.2213049729665 92.386653025945 87.3272617657979 79.950362443924 67.469596862793 71.3363736867905 68.6627328395844 49.5188037554423 17.1188972890377 16.4442571500937 6.26070114473502 0 0 0 0 0 0 0 0 0
197.651048501333 202.085375785828 197.784145673116 199.889600276947 198.746740818024 193.931758403778 187.57951259613 171.315232912699 132.901787757874 109.943250815074 104.747116565704 99.3058880170186 89.4457995891571 66.7748848597209 55.6093355019887 57.2453588247299 50.3038167953491 42.0312186082204 45.6164479255676 46.7771242062251 45.7543482383092 42.2475983699163 45.2372779448827 49.9221881230672 48.5784858465195 53.4086575110753 57.8914086023966 58.5737675428391 65.339595079422 82.8794340292613 92.6463007926941 91.4849241574605 94.2674279212952 97.4582930405935 79.5406401157379 73.5314190387726 77.4956693251928 84.4100515047709 79.1699190934499 41.4329419533412 11.7466102043788 0 0 0 0 0 0 0 0 0 0
172.755002975464 176.599522431691 179.241458574931 175.436536471049 173.852403958639 172.724068164825 177.459160486857 173.7419962883 144.238521655401 117.79996752739 107.761740684509 94.3454603354136 84.1453274091085 63.2518877585729 51.7149368921916 56.9889346758525 59.1953943173091 47.6198742787043 49.7438659270604 52.570715546608 52.2120445966721 47.8839228550593 48.8042136033376 51.9661804040273 50.1665025949478 50.3807564576467 56.3170860211054 62.3547484477361 66.11068546772 77.7495702107747 89.0573461850484 93.4894482294718 94.1548148790995 99.1132458051046 83.2550923029582 83.2321246465047 83.0086469650269 91.090867916743 91.0423298676809 51.5924394130707 0 0 0 0 0 0 0 0 0 0 0
149.053891499837 158.971975247065 170.870284239451 166.946887969971 165.817479292552 171.568512916565 181.492467721303 184.929271539052 166.518310705821 133.042772610982 109.533468882243 84.3061506748199 68.3104445536931 57.4641128381093 48.6745585997899 52.3587763309479 62.9071295261383 55.0522307554881 52.0417392253876 54.8975020647049 55.414338906606 51.4957408110301 49.6269712845484 51.3218889633814 53.4419367710749 52.0841479301453 55.0570040941238 63.5205010573069 67.0505265394847 72.581688563029 83.2475672165553 94.5723752180735 95.9250231583913 90.3086364269257 79.4372459252675 91.7352636655172 93.5299197832743 98.3937581380208 98.05562098821 72.6838012536367 0 0 0 0 0 0 0 0 0 0 0
112.081627051036 123.776485522588 132.938692967097 137.887855370839 145.795603593191 162.091672420502 176.073551177979 185.225069522858 180.016299088796 149.477740128835 115.501443545024 83.0807586510976 64.1142775615056 61.2408618132273 53.4874498844147 48.1633692979813 58.5547784964244 59.1582308212916 53.290252884229 53.099662065506 53.65984638532 50.8463531732559 47.8585362434387 49.8001575469971 53.1182537476222 56.8417459726334 56.4310004313787 60.7277502616247 65.4865851004918 66.6936884323756 76.163520415624 89.7576014200846 94.4178501764933 80.3903092940648 81.8191468715668 100.736091534297 104.310135046641 101.861824591955 101.915140946706 98.5050996144613 43.341780702273 0 0 0 0 0 0 0 0 0 0
76.7046709855397 83.5954546928406 82.9033305247625 93.4199392795563 109.724601109823 127.990891536077 142.847458521525 154.854436715444 157.223681608836 134.548475344976 98.5802511374156 73.182890812556 60.0559264421463 58.2238038380941 54.5596182346344 49.3066310882568 54.4364353020986 54.8636118570964 48.3367443084717 48.3374496301015 51.4169583717982 54.4412831465403 53.3886949221293 50.1534740130107 49.4536906480789 53.2207985719045 57.8942398230235 60.9255085388819 64.6045953035355 64.4087493419647 67.0147836208344 80.1895459493001 87.0626370112101 82.6323727766673 101.291100184123 109.726905822754 108.345905939738 102.158337831497 106.028368075689 120.680967966715 112.37754424413 51.2982656558355 1.12009746953845 0 0 0 0 0 0 0 0
65.8282488584518 67.7553961674372 67.665512363116 69.5955107609431 78.758050998052 85.2374732494354 89.564989010493 95.1651235421499 95.3359405199687 80.1039139429728 64.1181617975235 60.0698540608088 58.756689230601 55.8403184016546 54.226020971934 54.6290626128515 53.3203929662704 53.2048096259435 48.8681892553965 48.6718515555064 52.923654516538 58.1059753894806 59.2514127492905 55.0990700721741 52.2162020206451 50.7305016120275 60.4421297709147 62.5729163487752 65.788338581721 65.3355022271474 65.4353648424149 72.0840791861216 80.857848127683 89.8364086945852 108.374843994776 108.071267604828 100.744585196177 91.9620096683502 94.632754723231 110.580176115036 122.346500555674 115.402052799861 62.9991590976715 6.66755065321922 0 0 0 0 0 0 0
74.0288197994232 71.6525415579478 71.6954718033473 71.4334547519684 67.7858293056488 65.9639090299606 64.7388398647308 65.9071654081345 71.2917000055313 62.9322131474813 55.5491944154104 56.9034318129222 60.6568654378255 60.8084301153819 59.4608187675476 57.5070877869924 52.113006512324 58.6938659350077 59.8379969596863 55.6905567646027 58.7688386440277 58.3197325468063 56.7758331696192 58.7100684642792 60.8696689208349 55.5210361878077 60.3616535663605 64.7312303384145 65.8828467130661 67.5391654173533 67.9332117239634 71.5818951527278 78.133170803388 95.347930987676 102.377384901047 96.6859559218089 86.9199633598328 78.1361361344655 75.0366201003392 85.8071446418762 112.962434689204 118.484983841578 94.4047172864278 39.3387799461683 0.793508331601818 0 0 0 0 0 0
78.4269322951635 75.6720056136449 78.6241590976715 77.0693520704905 70.1129138469696 66.943238178889 64.5107477903366 61.9604885578156 62.462051709493 59.2549790938695 57.4754476547241 57.1990509827932 61.3206227620443 64.9359871943792 64.5516216754913 61.2479696671168 58.8203519582748 64.2130821943283 66.6491935650508 60.7090393702189 58.2110683123271 55.0506263971329 52.5399992863337 54.4206897417704 58.7493727604548 55.9390038251877 53.0319958925247 57.6211859782537 63.1702641646067 65.1689867178599 66.4148330688477 66.2003258864085 76.2708683808645 96.3461995124817 101.380993922551 87.0377818743388 75.6993840138118 73.860302567482 73.2971678177516 81.4451674620311 89.8206830024719 92.7346249421438 79.338679711024 46.9079713026683 1.72605986396472 0 0 0 0 0 0
62.8352115551631 65.5582348505656 74.159453312556 71.6914981603622 74.1153955459595 76.3767162958781 75.6654739379883 71.1577087640762 61.0539664824804 59.8221321900686 63.0508164564768 59.9651286999385 60.600017507871 64.1797532637914 64.6468997001648 62.5251432259878 63.9603485663732 65.8410241206487 66.2111590305964 62.2190088033676 55.9991598129272 53.1183580557505 50.9001811345418 50.8415003617605 53.4653663635254 57.7336251735687 52.3984332879384 54.8757165670395 58.8478048642476 61.8449201186498 60.2098455031713 57.8656494617462 69.0735081831614 82.4851443370183 88.9063477516174 78.7490606307983 74.2868036031723 78.8006484508514 81.5089692672094 82.2476794322332 76.478178302447 76.1891106764476 70.7786728938421 46.2587823470434 5.25396068890889 0 0 0 0 0 0
61.295156677564 67.2505696614583 70.207953453064 70.8545347054799 72.5514640410741 75.1637319723765 75.3378768761953 71.378896633784 67.0296053091685 62.8716945648193 64.803605278333 62.9427929719289 59.9968135356903 58.9123467604319 58.1455230712891 58.3949089050293 55.4968367020289 61.6255104541779 64.1397933165232 61.9448075691859 57.6733847459157 55.5305580298106 55.0112922986348 55.2697877089183 52.8485675652822 61.7455244064331 64.6522690852483 61.1269772052765 59.9618802467982 59.1005285580953 56.0933301846186 53.5772989193598 58.9649180571238 63.2795840501785 69.8788265387217 72.3264118035634 76.539804538091 83.0841958522797 86.8063867092133 79.0594716866811 76.3447135686874 72.4409321943919 68.8820779323578 50.5560338497162 20.2838641901811 0 0 0 0 0 0
67.5774415334066 72.3361174265544 69.5291211207708 72.8776752948761 71.3226248820623 71.3188946247101 73.041558265686 71.5457846721013 72.6678272088369 68.4455533822377 67.3948923746745 67.1560217936834 62.6390278339386 58.4325691064199 57.9583247502645 61.5939050912857 56.8245351314545 60.1356973250707 64.0446245670319 62.667320171992 59.7577790419261 58.9822431405385 58.3411355813344 59.6183985471725 61.0748877127965 60.9680364529292 67.5599823395411 64.7406876087189 61.9867990414302 60.2823297182719 56.0954262812932 53.9009173711141 56.4931134382884 55.4105887810389 56.3062926133474 59.3651036421458 65.9943322340647 75.8146693309148 75.7982730865479 66.3267771402995 68.7324752410253 63.4879966576894 63.2592389980952 60.393288731575 42.7301228046417 12.4536889294783 0 0 0 0 0
