input/barkrak2/radiation/dir34824.grid
NCOLS 85 
NROWS 70 
XLLCORNER 665100 
YLLCORNER 4664600 
CELLSIZE 20 
NODATA_value -9999 
[rows 0 to 22 of 70, columns 0 to 51 of 85]
43.516740202903698 54.9253473679225 65.226157506307 76.6208171844482 83.410898844401 87.8567695617676 91.1559065183004 92.2587712605794 98.2575019200643 115.34321308136 118.790715932846 115.052938461304 110.792150100072 112.985551357269 111.494878927867 99.1592407226562 87.7658426761627 77.7261505524317 76.1691331863403 76.9000699122747 84.8794182141622 101.394981145859 117.890467246373 118.89511346817 121.937433878581 129.769424597422 126.711209615072 121.000409126282 119.047264258067 123.72812628746 120.395402113597 140.843292077382 171.186884244283 164.196789264679 163.179854551951 157.616674900055 161.352018515269 166.300594806671 163.404881954193 162.768810987473 160.196483135223 169.838547706604 175.796786944071 166.165779034297 158.048888047536 167.612055937449 176.93833510081 134.052177270254 90.1283224423726 86.2598021825155 106.566568215688 145.852297544479
26.5667984882991 36.0979686180751 44.5663382609685 53.7495315074921 64.2631848653158 71.5214113394419 76.9803772370021 80.930694937706 89.4287625948588 87.5742236773173 95.16308705012 99.6749599774679 113.025108973185 113.07226618131 111.52325073878 101.376195748647 92.3754175504049 84.8282972971598 82.3940684398015 79.7951916853587 92.2539830207825 113.295654455821 128.024955590566 125.747819741567 130.071302254995 134.370307127635 129.754761854808 123.794883489609 120.322018861771 122.058590253194 127.378036578496 148.588438828786 168.457190195719 164.249002933502 161.72073284785 158.152610063553 163.411637147268 167.195757230123 162.326077620188 160.116225481033 159.282267093658 162.670771280924 160.692632198334 150.408238172531 146.834790706635 158.700048923492 161.878158648809 125.574847062429 97.4271893501282 106.515049934387 133.349468310674 165.134320656459
9.1413389891386 12.4392720560233 18.7807145218054 23.170217871666 27.9008770982424 34.8001172145208 42.919248342514 56.3442806402842 67.1343555053075 72.5202957789103 80.1427861054738 82.6290150483449 92.9268697897593 93.4273302555084 97.7241694927216 102.071166038513 105.217784643173 93.6954120794932 81.4438263575236 76.9738455613454 86.0790312290192 103.762050469716 118.35456887881 123.594870169957 126.553386449814 125.071932872136 127.595355113347 124.424974123637 123.006661732992 126.953562100728 135.719478130341 158.094068368276 168.314894040426 165.453960498174 161.096682151159 160.797456900279 167.709628740946 169.904629389445 161.51304046313 157.507161299388 154.291490713755 148.242215315501 139.891306559245 132.484207550685 134.324530760447 147.666027148565 145.502358675003 119.215746720632 112.358997265498 133.096277713776 156.05436762174 174.796938896179
3.45052344103654 3.78854634861151 5.24363790949186 7.39660921196143 4.77754510939121 11.1062961320082 17.0238291223844 24.6088529626528 37.2781107823054 48.585057258606 59.3432933092117 70.1737304528554 78.374852736791 82.7360451221466 83.0697615941366 89.6238287289937 90.8088386058807 86.4868561426799 75.4728068908056 72.681521375974 76.9021262725194 80.0423920154572 90.1121894518534 101.231733957926 106.276780366898 109.676549832026 115.879793961843 119.24159526825 123.099466164907 129.400511582692 134.951094786326 145.648131767909 150.044947862625 150.592356920242 159.03910001119 159.11986430486 161.273509263992 161.879062652588 155.39409716924 146.086086829503 142.186244328817 135.497748851776 135.564297437668 142.825822035472 147.355049848557 141.876081625621 131.395548582077 116.638322671254 120.766639709473 135.009070237478 154.802372058233 172.2651720047
10.1051839689414 4.02911721418301 1.07291030387084 0 0 2.1435523716112 8.96472111344337 14.7928223013878 19.8107933004697 22.4329953392347 31.8694189190865 47.9245533545812 56.3991864522298 59.2690358559291 64.8083438475927 71.2432165940603 73.7076451381048 74.797660112381 70.4304277896881 71.926603714625 72.4823375542959 73.6184616883596 83.954264720281 92.4058755238851 97.5953638553619 103.76297434171 107.231010993322 112.213373184204 115.76908826828 122.533609469732 129.831324021022 141.352146863937 138.898104429245 138.799458742142 140.264173348745 139.504373073578 138.866633176804 149.176756540934 141.184429327647 133.577058712641 133.275131384532 134.235839049021 140.394846598307 150.197903315226 150.046606858571 129.036178191503 108.573148647944 106.759528319041 115.66416422526 132.287263870239 158.95202755928 173.10490210851
31.9543282190959 16.767061005036 5.64409295717875 0.145169498864561 0 0.905256330346068 3.64154515167077 10.004997253418 13.7789572278659 14.7122442722321 18.0717036128044 23.1712609529495 28.1876002748807 33.9842314521472 41.753629843394 49.5423724253972 53.7314762671789 61.5601539611816 68.2392617066701 73.1167942285538 77.9377867778142 82.2013715902964 83.4046204884847 85.2469801902771 93.2260553042094 99.2416540781657 104.094167550405 109.278033177058 113.572309414546 117.583135763804 130.498190720876 137.931237618128 132.183045148849 130.843540032705 131.487290064494 132.628122965495 130.309532086054 126.7049908638 121.021290620168 133.794436852137 133.29483071963 132.981499036153 135.127196709315 137.704739967982 134.297549724579 110.126028458277 86.7668191591899 95.1567689577738 110.999623934428 143.81488164266 164.137413104375 170.705338319143
48.3553906281789 31.7349135875702 19.0624135235945 8.72569096585115 1.92376117532452 1.00597956528266 0.910241932918628 6.2715361515681 9.91488993167877 15.8385299146175 15.853983660539 14.7925441463788 15.0475191573302 15.146774550279 17.3732973635197 25.5472213029861 33.7261433402697 46.4278310537338 61.7995361487071 72.1772263447444 77.4649530649185 86.4619215329488 83.83975426356 85.0439270337423 89.3851518630981 92.5273696581523 97.4890093008677 103.508174419403 108.984688917796 116.177588701248 127.401600281398 127.756317456563 119.607816139857 117.447445789973 118.932803471883 121.549467245738 120.169093211492 117.142220338186 113.717615604401 109.177500009537 107.659677664439 118.649184703827 123.264908790588 129.8601826032 130.023966232936 126.131991545359 132.180790106455 136.926194032033 145.095924536387 154.646744330724 156.411985556285 156.79998199145
60.3830267985662 45.7273423671722 31.7112058401108 19.4099520643552 10.1026277989149 2.93171809365352 0.648484642927845 0 5.10901647309462 14.5560912787914 18.6979609231154 18.7890790402889 17.537746578455 15.4093056917191 12.1422683199247 14.5324046413104 21.3516404231389 30.8203051487605 45.0738022724787 55.6803643703461 67.9268687963486 77.4940898021062 82.0077160994212 84.7162405649821 87.3500307401021 87.6634319623311 88.6305371920268 91.2116567293803 94.1858291625977 106.792787710826 115.197777748108 117.746045192083 108.847091595332 104.662428299586 101.228137811025 105.169872442881 110.7570429643 108.697434266408 107.422351837158 95.1806505521138 91.0630921522776 97.4771281083425 118.592272202174 131.434559822083 135.54056485494 140.991787115733 147.015571594238 150.010208288829 154.005845387777 152.64622370402 148.889034986496 146.502435207367
55.3316821654638 45.4585055510203 35.1412370800972 23.4189381202062 17.8273841738701 10.5083746214708 2.59958549092213 0.27782644610852 3.94539597133795 7.6427503178517 12.4747181932131 18.5845655699571 21.4796786506971 22.2680841883024 20.3255116939545 18.5364012916883 17.9354573289553 20.9153493245443 27.2341817617416 37.3364438613256 47.7737238009771 59.0148369471232 68.754643201828 71.7524041732152 74.5988190174103 74.8391250769297 76.5015780925751 78.3407936493556 82.5157463550568 86.3689780235291 91.028501590093 92.9263333479563 95.259835322698 92.8559998671214 95.3573286533356 98.0181396007538 98.1323520342509 103.170017401377 105.611304442088 99.2256204287211 100.282450517019 105.614344278971 110.593885183334 110.677758852641 127.770920594533 129.586617151896 131.22496008873 138.738185167313 145.42219042778 143.361409505208 133.451084295909 137.339989344279
36.4708627263705 30.3201576073964 25.6183966994286 20.917184650898 17.3261997600396 8.25369544327259 5.79885020852089 6.87177230914434 4.14530684550603 1.44071551039815 3.74118828525146 11.3417282700539 19.7760723531246 29.7368864218394 31.6990340749423 30.1394884785016 25.1145909229914 22.1629291772842 22.6585914691289 25.0413293639819 29.6954959630966 35.6301118930181 43.3057248592377 50.3710508346558 58.2277476787567 62.1342112620672 63.34587931633 66.197673479716 67.0983791351318 70.7324246565501 69.0101136763891 67.1612123648326 70.749173561732 77.0739018917084 87.8639717896779 89.8663898309072 92.2318597634633 97.1692701180776 102.08460688591 108.260333538055 109.62509115537 111.267278591792 112.437099218369 109.90047454834 109.976579745611 121.802091598511 134.340306123098 138.690263032913 141.055156787237 139.963497718175 141.15172624588 136.300514141719
5.10217839231094 1.2871033201615 0 0 0 0 0.53675709447513 8.75991893311342 7.71977131565412 4.3334032719334 1.964729744941 0 12.4032100041707 23.0602572361628 32.9051464796066 30.0680324435234 28.4508988261223 25.8296628793081 22.8543455402056 20.3171397248904 21.004614730676 22.1216628948847 25.8618742227554 34.2755069335302 44.7087585926056 51.0795017083486 52.7220120032628 52.4362822373708 58.6470663547516 59.9747846523921 58.2951804002126 60.6662531693776 61.9451105594635 58.1810673077901 59.9038004875183 76.8362134695053 85.286021232605 87.5259935855865 96.466322739919 109.7372174263 110.213945309321 109.199335177739 105.412582556407 105.303317308426 104.339738686879 107.90275533994 114.925344785055 125.383754571279 133.320748806 137.18589146932 138.85235786438 134.465585152308
0 0 0 0 0 0 0 0 10.8217373490334 9.65961130956809 5.20346903552612 1.72039959579706 2.86806964625915 11.1449336012204 22.1128438909849 25.8988241354624 30.7390068968137 30.9341251850128 25.95138301452 21.1448520421982 18.5212815801303 18.154631058375 18.5561416049798 24.0521927674611 30.462421476841 35.8011995752653 38.1387819846471 42.3593024412791 44.7542121013006 48.3652154604594 49.570510784785 48.0870356162389 45.7672675450643 48.2295304536819 45.605460802714 44.8331584533056 49.3022302786509 77.6796638965607 88.5419150193532 99.7116764386495 101.448446512222 102.899173895518 97.625732421875 93.7304894129435 95.9358215332031 94.2506988843282 96.8745350837708 100.805381933848 102.945566177368 106.472005446752 129.021128018697 130.211929480235
0 0 0 0 0 0 0 0 2.61839044590791 11.1392711599668 12.795515358448 8.22247130175432 1.38986778135101 0 8.67519403497378 20.0385215381781 28.9749453465144 32.7033797899882 31.4296136299769 27.9145712653796 23.3330676952998 24.5655526717504 24.4905004898707 25.4444008072217 26.8213227391243 28.5805761814117 30.9733897447586 37.4446163574855 39.066843688488 37.8237838546435 41.2157053748767 40.628507733345 36.6792355974515 33.6370468139648 32.6537117362022 35.1121028264364 33.4439128637314 34.7093020876249 38.706362247467 52.5919198989868 71.8063612778981 77.8006017208099 82.2352866331736 85.4570269584656 84.9456290404002 86.7291490236918 82.5220892826716 81.1058282852173 84.3217571576436 85.6904685497284 89.8669362068176 95.1783458391825
0 0 0 0 0 0 0 0 0 4.61599634339412 15.1226334273815 18.0228091776371 14.683835208416 8.04413668811321 6.9954376667738 17.276452233394 26.3067632913589 34.8948438962301 40.143276254336 39.0316968162855 32.4409355719884 32.4616233507792 30.6488201022148 31.5861155589422 33.2655683159828 32.8611979881922 34.200926621755 40.107103685538 40.2596319715182 34.2556163668633 34.0445687373479 36.8246560295423 33.577727774779 30.1565329233805 29.2424162228902 27.4360626935959 23.661678036054 21.5835422277451 19.3820173541705 15.915859490633 26.8596758445104 37.6913944880168 38.3462657531103 47.8528141975403 53.4133414427439 66.6619191567103 67.812313636144 66.1195516586304 64.1666154066722 65.4823531707128 69.5836842060089 74.9988009532293
0.295701863554617 0 0 0 0 0 0 0 0 0 11.0030323266983 27.1420876185099 32.6762447754542 27.177723745505 17.6249283055464 16.1919097105662 18.9982888599237 27.5639519095421 38.7024407585462 45.0642208258311 45.8884785572688 43.0081983407338 42.1023815870285 39.981539050738 39.1247322161992 39.6955485145251 38.9656151334445 40.0005926688512 41.6438629229864 35.9438583254814 32.2243223587672 31.8117911616961 28.2684713602066 26.6035969058673 25.0485887130102 22.5122769673665 17.0723175009092 13.9459905525049 12.8735850254695 10.112381229798 8.63347575068474 11.4708667000135 18.7474153935909 25.5071421464284 31.6907639304797 39.3671145041784 48.9602635304133 56.3686341047287 55.0895035266876 51.7017940680186 55.6083768606186 60.7054730256399
0.896467982480923 0 0 0 0 0 0 0 0 0 2.97669880092144 20.9630206227303 33.4091732899348 40.5100584030151 32.0264870921771 19.1982922454675 14.815591275692 16.2086275716623 25.7049575448036 40.3807709614436 49.7282793124517 49.1829514503479 50.5370646715164 46.9180345535278 44.9987004200617 45.716255903244 46.0702280203501 43.2813962300619 41.6436195373535 41.9490734736125 35.4166900118192 32.1218421061834 26.5915940205256 20.6452546020349 17.0031512777011 13.8250589370728 10.9304164846738 7.8782079120477 6.08672698338826 4.46406813959281 2.73105502128601 1.22578054045637 1.57381625225147 5.06806777169307 17.2055127720038 27.4912615617116 35.7848157485326 41.4395853877068 47.3513652880987 48.6543476581573 50.2732694149017 55.8135012785594
0.464105939803024 0 0 0 0 0 0 0 0 0 0 14.3913688759009 30.6743929783503 41.4902567863464 41.7965054512024 35.9983717401822 29.6341230471929 24.3303005894025 19.4078224400679 25.2481053272883 42.0553187529246 52.8860191504161 56.5183113018672 53.5246978203456 49.6734281380971 50.6593734025955 52.599310874939 51.4056980609894 48.6330986022949 46.1819767951965 44.1658645868301 32.8577135999997 25.6895994146665 18.9031101763248 13.8545371592045 10.34516779085 7.56228466828664 4.69924944142501 3.57167267551025 1.75955099985003 0.444518441023926 0.0107754106769183 0 0 3.9670526360472 12.5186964869499 22.8633259733518 26.5197108189265 28.1769186258316 39.0100280443827 44.0964798132579 48.0510344107946
0.113544917743032 0 0 0 0 0 0 0 0.164177229938408 0.320880732033402 0.309361183705429 8.61961518724759 18.4961296617985 29.9554814894994 42.239248752594 48.4023590882619 48.5653181870778 39.9429202079773 29.4291824102402 21.4568128188451 27.6597614089648 44.1819826761881 50.9455104668935 55.4715494314829 56.7840536435445 58.9783042669296 61.6987595955531 61.6190234820048 58.1181397040685 53.6398390928904 43.3209091424942 33.3330680926641 26.1373768250148 18.879447132349 12.259562810262 10.0600508352121 6.24164752662182 2.36706311504046 0.562332066086431 0.0825034997736414 0.000739606624241181 0 0 0 0 0 8.05599614977837 9.86009960373243 16.8566182255745 21.7440078655879 27.6890645424525 37.1735418836276
0.13026874512434 0.143817761757722 0 0 0 0 0 0.394666994300981 1.08540679017703 5.2730372796456 9.80338454246521 11.5928178032239 15.4923424124718 23.0360279480616 32.4611589312553 41.56327744325 46.4607377847036 49.4977136452993 46.3679432868958 35.2111980319023 24.4559794664383 32.8521976868312 40.7571122050285 49.475500981013 59.1666301091512 63.9992356300354 66.5983557701111 66.1282887061437 57.6538840929667 56.2793811162313 45.3549871842066 34.4329277674357 23.4642773866653 16.9242558379968 10.2838774522146 5.64890292783578 2.24305192629496 0.506149061645071 0.0203735010776048 0 0 0 0 0 0 0 0 1.35776679962873 5.6748657176892 7.86605787773927 12.1792852878571 17.1990394592285
0.0920958409551531 0 0 0 0 0 0.00557418328147226 0.844464870169759 1.30765838548541 1.31685224672159 2.05087816963593 7.87448696792126 9.12887540956338 13.276486347119 20.6560517350833 33.0752457181613 40.6277378400167 44.3911850452423 47.5214223066966 48.1202354033788 41.0944893956184 32.6095620791117 35.3540703654289 42.2930270433426 50.6852716207504 59.0778787930807 65.0648126999537 65.7177865505219 57.978759209315 49.6015896399816 46.3742514451345 35.0809892018636 23.0177169044813 15.5441015958786 7.89659221967061 3.00552323460579 0.505798185865084 0 0 0 0 0 0 0 0 0 0 0 0 1.45477925737699 1.49928436925014 4.69492965688308
0.776359268153707 0 0 0 0 0.00242734313360415 0 0.77032926492393 1.24132966933151 1.11937848851085 1.23971615297099 0.540011562407017 2.80142109841108 4.93217414865891 10.0266449153423 19.1488626102606 27.4125983317693 33.3436081806819 40.4410163561503 51.4028122027715 56.0149401426315 47.6947526137034 45.6719646851222 48.6010710398356 50.8072624603907 51.841805378596 54.7935664653778 60.1139714320501 56.2028785546621 45.3178882598877 33.803716301918 26.3107071320216 15.884501238664 8.27381884058317 1.80046291400989 0 0 0 0 0 0 0 0 0 0 0 0 0 0 0 0 0
7.40597086648146 2.5706246184806 0 0 0 0 0.305381797564526 2.05351567516724 2.36094246308009 1.89098933090766 1.14392659937342 0.478954675296942 0.502033120331665 0 3.60628962516785 12.2201802829901 21.3530460993449 28.3663968245188 35.0501736005147 45.942430694898 51.6749918460846 62.6964618762334 66.7895873387655 64.6645873785019 58.9299649000168 51.635280251503 46.9217399756114 42.4028883377711 50.922175248464 39.5353908340136 24.3717506527901 13.531514753898 5.91570511460304 0.452437826121847 0 0 0 0 0 0 0 0 0 0 0 0 0 0 0 0 0 0
30.3327764074008 24.5925212899844 6.72173810501893 0.911732359478871 0 0.0498198545149838 2.60279544939597 2.96221890797218 2.32107813159625 2.27709331860145 1.17455135720472 3.1459288050731 6.16155937314034 4.86358907073736 5.7477168738842 9.76894112924735 17.8771714369456 24.995652337869 29.4384484489759 31.8875089287758 35.9584813316663 47.7538804213206 57.2754840056101 61.2369974454244 60.0004692872365 53.8130501906077 47.8090792894363 41.7294104894002 35.1953754822413 28.2907361785571 12.4272840718428 3.04136207948128 0 0 0 0 0 0 0 0 0 0 0 0 0 0 0 0 0 0 0 0
