input/barkrak2/radiation/dir30924.grid
NCOLS 85 
NROWS 70 
XLLCORNER 665100 
YLLCORNER 4664600 
CELLSIZE 20 
NODATA_value -9999 
[rows 22 to 43 of 70, columns 0 to 49 of 85]
60.4969064394633 54.0880660216014 31.8866024414698 25.6476923823357 22.1751158436139 10.2149310211341 17.552421738704 12.0781833926837 9.60590317845345 8.52181141575178 19.9741261700789 22.1450527509054 23.5949133833249 24.4977250695229 25.0092421968778 30.5643528699875 40.7734165589015 51.8910189469655 57.3800255854925 61.8129471937815 64.2861624558767 80.2873919407527 91.6776259740194 96.9782173633575 98.2117851575216 92.4398005008698 83.5699041684469 78.3711026112239 71.6851055622101 55.6047509113948 29.1998734076818 15.1984468102455 1.21047991948823 0.00534707639114155 0 0 0 0 0 0 0 0 0 4.98138057688872 13.9723159372807 24.059089521567 27.6786461472511 30.7147403558095 33.9844549695651 36.7072100440661
94.3928360939026 83.5220813751221 49.2058346668879 31.5230016907056 26.2501686811447 28.7170534332593 27.2947698831558 14.3185779452324 9.67003032565117 9.28771868348122 22.7372696002324 24.6389533082644 28.5157685478528 34.0874840815862 30.4152046640714 31.8635205427806 39.0130281448364 48.9779412746429 53.8436571756999 48.4152485926946 47.3766624927521 52.1537959575653 64.1653786102931 76.1582950750987 83.7754607200623 83.9553475379944 77.8180112441381 63.2901142040888 54.5754730701447 21.5536604324977 17.0954602460066 8.16989317536354 0.00651487728949481 0 0 0 0 0 0 0 0 0 0 7.35900178551674 13.6365381379922 19.675159205993 26.7085159818331 27.3056129614512 31.3809538880984 38.3577197790146
93.7504371007283 89.6060268084208 66.9092983007431 35.7517525553703 19.5141869286696 28.0510410666466 27.5393575429916 23.7705558538437 20.7558932403723 10.3127490729094 20.8879212538401 22.5884069999059 25.1732369263967 31.2950933972994 30.9491977095604 31.388096511364 36.1558198928833 47.4362671375275 53.7210603555044 47.0805863539378 45.2212194601695 42.7889674901962 50.9906013806661 60.2109332879384 65.4328465461731 66.6559835275014 63.5456144809723 55.7159582773844 36.752017835776 15.9782990813255 10.4272415240606 8.27437825500965 0.195915015259137 0 0 0 0 0 0 0 0 0 0 18.0233493447304 17.6331872741381 21.9936817884445 25.8496378858884 23.7352972229322 25.7164984941483 26.327058672905
79.9473772446315 84.740142027537 77.8775364160538 46.1365779240926 19.5396666725477 28.7638604640961 34.8815868298213 42.8384393453598 42.6382968823115 35.3299851218859 28.4534121553103 31.6897978385289 32.2285443544388 37.969966729482 37.9914790391922 33.729632695516 36.0158408681552 46.0067540407181 52.454466621081 56.2523305416107 56.4884146054586 53.0776480833689 49.8660753170649 50.7330050071081 54.0138979752859 56.2895586093267 52.2116074959437 51.3131072123845 30.6886757413546 25.8569195866585 22.4620848894119 27.8008927901586 21.409052113692 0 0 0 0 0 0 0 0 0 0.0437029278449093 20.4761065542698 19.0303946534793 14.3558060129484 15.4484969874223 17.0013941824436 17.9080031812191 17.0335372289022
78.6608556906382 84.0823551019033 82.1296523014704 56.0004015763601 33.1515520811081 42.7569150924683 55.0666252772013 64.5776937405268 72.0282097657522 65.1221076647441 44.8865195115407 48.2050230105718 45.8749830722809 49.7524042924245 49.6504803498586 41.095828016599 38.1557693084081 48.6412147680918 55.7810167471568 67.0989851156871 68.1125869353612 66.1454647779465 58.0500662326813 52.7594933907191 53.561141093572 55.9019347031911 51.0714054107666 57.5822293758392 52.8606474399567 51.4078289270401 57.3393255472183 76.4492849508921 85.1864318052928 64.1190658013026 0 0 0 0 0 0 0 0 10.415759558479 15.5903634925683 7.75844790041447 5.4310696820418 8.30272150536378 10.6757308046023 12.4836266040802 11.7264650762081
80.3778717915217 79.0911217530568 79.3554236491521 62.1812542279561 60.4497094949087 64.7967308759689 76.284314195315 80.8858623107274 83.8127732276917 78.1488170226415 56.6258480151494 51.7981400092443 50.9506464004517 51.188051700592 55.7917604843775 49.7227907180786 45.0303554534912 50.7407784461975 64.0409837166468 69.6745614210765 67.6908741394679 58.9436590671539 58.0074489116669 59.4228754440943 60.7079366842906 61.0270251830419 58.4265142679214 67.9186185201009 83.9818517367045 88.7436370054881 94.2734777927399 102.221747239431 112.90235320727 119.724035263062 74.2268313964208 2.52678276350101 0 0 0 0 0 13.8356238603592 13.7380386392275 3.02813046922286 0 0 1.28736696206033 1.21141721804937 7.0863055686156 8.84569808840752
83.3422839641571 71.9131330649058 72.6915995279948 65.5147284269333 80.7386736075083 78.1734635432561 80.6997219721476 75.2812524636586 71.1134821176529 62.8155022859573 50.6821324427923 45.6888874371847 49.3032683928808 50.7576366265615 56.9366812705994 60.2600971857707 52.6587466398875 50.6169547637304 61.4867359399796 63.0751848220825 61.7194374402364 54.8646003007889 55.7021349668503 62.6632173856099 65.0131106376648 62.3164574305216 63.3913576602936 69.099560379982 91.6797419389089 105.009456475576 114.326496918996 119.968165953954 127.544263998667 129.996180534363 120.452334483465 45.7691997289658 0 0 0 0 0.438226697345575 3.92271733532349 11.9628682732582 0 0 0 0 0.987872248515487 1.23931801257034 2.70903886606296
84.106574455897 66.2673811117808 66.8907264868418 71.4281102021535 81.1926424503326 78.8888037204742 66.7257606983185 50.599863131841 39.6498640378316 31.9096098343531 31.4238220453262 35.5247656504313 44.1796233256658 51.1495371659597 56.8733811378479 63.2727642854055 59.5290064811707 48.0271379152934 51.6528735558192 54.9026230971018 54.6557605266571 54.6790460745494 55.4609100023905 61.6307655970256 68.1198040644328 65.4501020908356 68.8734203577042 69.9604600667953 85.5649511019389 108.670830726624 124.555140733719 131.671279668808 132.672766844432 133.327513933182 140.644023815791 120.947281519572 39.8797790209452 0 0 0 0 0 0.857154838740826 0 0 0 0 0 0 0
82.379420598348 83.5569500923157 105.033983786901 137.69127925237 112.394173940023 84.8914583524068 56.8598210811615 33.1800431013107 24.6385013063749 27.4146174391111 25.0279059012731 25.0820567210515 42.5457408030828 52.9142568508784 62.2052599986394 67.8349335988363 65.9345885117849 53.394561012586 52.9071191946665 56.3263644774755 54.2484770218531 57.9745968182882 60.7715348402659 63.035120566686 70.4003274440765 74.4638194640477 73.2738723357518 76.5267709891001 88.4898702303569 113.774458567301 132.34814008077 136.885742346446 134.244362513224 141.921073198318 151.871651411057 155.227800210317 127.140939235687 66.2157932917277 9.04202274978161 0 0 0 0 0 0 0 0 0 0 0
95.5024262269338 129.377295573552 177.197794119517 198.17586739858 177.2221326828 125.492095947266 77.3297399282455 47.1791674693426 40.1145865519842 43.5657153526942 35.3662520647049 29.9756675958633 40.9830535451571 51.1463383833567 64.3023947874705 72.918509443601 68.6928977568944 61.9288335243861 56.6944430271784 58.340127269427 57.9427381356557 60.4452937841415 64.0079875787099 64.658393462499 70.8595414956411 82.5398464997609 84.1612219810486 89.7891720136007 99.9720593293508 117.066184679667 132.779389619827 139.584461847941 142.832438151042 150.469193855921 156.472076972326 156.322211027145 148.948778708776 129.389862219493 62.4402860800425 7.60085135698318 0 0 0 0 0 0 0 0 0 0
155.795445044835 191.223780314128 215.498685836792 217.630803585052 215.984404087067 187.846004962921 146.250824133555 107.45229323705 83.7813317775726 70.7016239563624 66.1143561204274 54.2424619197845 43.4181739886602 48.3805487553279 66.9908374547958 73.176845908165 66.6953474283218 68.7534113725026 58.2781980435053 56.5488537152608 60.5449626843135 61.6460194190343 62.4625086784363 64.5006398359935 69.1574911276499 82.7802966038386 89.6785855293274 97.1826116243998 108.612428108851 115.896195173264 128.434826930364 139.757106701533 141.583065191905 138.430694739024 142.641256252925 134.540985027949 135.980347792308 122.604995965958 76.160063346227 23.8529543081919 3.00470367074013 2.31531060611208 0.733224830279748 0 0 0 0 0 0 0
206.734518210093 222.919821739197 227.253794670105 224.553525447845 226.954321066538 223.250925540924 199.02777671814 155.518631140391 120.154599348704 95.7354207833608 98.3574191729228 87.9239837328593 62.9470447699229 56.1814904212952 64.9014512697856 69.0293709437052 62.3846352100372 63.477357228597 57.308038075765 58.0156395832698 56.7449579636256 57.6883008082708 57.4195931355158 58.2317660252253 65.8336331446965 76.3268868128459 88.7387196222941 92.7515228589376 103.758792082469 117.078026135763 127.74380048116 131.052076816559 121.853133042653 110.588530699412 113.690634568532 97.865084807078 98.5220770041148 83.0613672733307 47.2367058197657 14.4759205480417 14.163510253032 10.220500951012 3.37808361897866 0 0 0 0 0 0 0
220.183571179708 227.313001950582 226.781368255615 226.895332336426 227.766950925191 225.162843863169 217.664619286855 185.406267642975 139.15670911471 110.624929269155 110.07293065389 106.506675481796 89.1105035940806 70.0603574514389 66.1001404126485 67.5196548302968 61.1736128727595 56.7664206027985 56.9429298241933 60.5751772721609 55.8587412039439 54.5646200577418 56.3269356886546 58.638463417689 62.7779165903727 69.9381033579509 80.7814101378123 81.7211220661799 90.9745196501414 109.898994366328 120.840082565943 117.53922700882 111.215790112813 105.103880167007 97.2190101941427 83.0438534418742 87.182362874349 84.2988391717275 64.4081632296244 29.8745880524317 26.0822301109632 26.9349366426468 6.40456875165304 0 0 0 0 0 0 0
215.605576833089 218.120614687602 215.249200661977 215.566714604696 215.991377830505 210.177739461263 205.432236194611 186.444203058879 147.103567918142 121.515731016795 114.941199620565 110.944668451945 101.843198140462 78.4379889567693 69.6005920569102 72.3570684591929 64.7257467110952 56.4260979493459 60.2859109640121 61.4777306715647 59.3177626530329 55.3516646226247 59.438169002533 63.8425449530284 62.2910360495249 67.4696862697601 72.3374585310618 74.0374873081843 81.1520715554555 100.664546092351 111.932496229808 112.033744653066 113.378206888835 114.343553781509 96.2827503681183 89.6376570065816 94.3921705087026 101.366023222605 96.4459975560506 56.5728843212128 20.8298042416573 3.3967054138581 0 0 0 0 0 0 0 0
192.00458129247 195.727308591207 196.864902973175 194.228847821554 192.683060963949 191.548188527425 194.898227850596 191.585143407186 158.858915170034 129.137714703878 115.771283706029 104.142735401789 98.2725818951925 77.7128835519155 65.8710499604543 71.9423989454905 73.5400915145874 61.7974698543549 63.8409306605657 66.7427480220795 67.2319481770198 62.4302824338277 62.4658614397049 65.9375041723251 63.9217148224513 65.2509232362111 71.6253221035004 78.0132611592611 82.8854739665985 95.3029195467631 107.183078924815 111.548324426015 114.498217900594 118.432492017746 99.676638841629 100.204557180405 100.235988696416 109.30190483729 109.385997056961 69.3706671396891 10.1565935959419 0 0 0 0 0 0 0 0 0
169.491410255432 178.435186545054 190.018852551778 186.015009880066 184.048453966777 190.478682518005 199.986477692922 201.217452685038 179.829716682434 145.451128482819 121.68949842453 97.7291961510976 83.000436425209 71.5677440166473 63.0955845117569 67.0402546723684 78.3209502696991 69.7248528401057 66.1262571811676 68.9973682165146 70.618748664856 66.3294444481532 63.3643666903178 65.2569085359573 67.642609278361 66.9791797796885 70.1867590347926 79.1830867528915 82.8497409820557 88.7303451697032 101.090023914973 112.799187501272 115.827451149623 109.218776226044 95.7085490226746 108.918527762095 112.035065889359 118.200381596883 116.52417977651 90.4793540636698 4.73303285737832 0 0 0 0 0 0 0 0 0
131.876269976298 143.000473578771 152.302205562592 157.474408547084 165.302803119024 180.348436037699 194.725831349691 201.604465643565 196.212768554688 163.237969080607 129.603892564774 98.0760057767232 80.5188814798991 76.8013149499893 68.3068831761678 61.940203110377 73.7955669562022 74.286421140035 67.7206516265869 67.3097471396128 67.9006328185399 64.8734271526337 61.5931848684947 62.7948145071665 67.2414948542913 71.1059719324112 70.7723697026571 76.1754413445791 81.1623980601629 82.3332965373993 91.1966760953267 107.868432998657 112.100670735041 97.2850223382314 99.5250940322876 119.858602682749 123.838762442271 121.714075406392 121.218780676524 116.923391819 58.9733471473058 0 0 0 0 0 0 0 0 0
95.6155161062876 102.417012055715 101.582457621892 112.499197324117 128.634740908941 147.084921598434 161.644726991653 174.679537614187 174.601038297017 149.304648240407 113.853494326274 89.5973940690358 75.8979866902034 73.734591404597 69.6784754594167 64.7139350573222 69.2089647054672 69.8341528574626 63.5427633921305 63.2096976041794 66.5309429168701 68.687508503596 68.5061067342758 64.1240427891413 63.29179306825 66.5231297413508 73.2955386241277 75.4270553588867 80.1974634329478 81.0246566931407 83.7737520535787 96.6190298398336 104.177057743073 99.8238921165466 121.426641941071 131.647825241089 128.331253925959 121.490071217219 124.94158744812 139.905512332916 133.861203988393 69.0575937430064 6.9838377336661 0 0 0 0 0 0 0
83.9917858441671 86.2833658854167 85.8394602934519 88.1339609622955 97.2654720147451 103.391210238139 107.736617326736 113.212496042252 113.829006751378 96.915195385615 80.5195470650991 75.7508973280589 74.8870670795441 71.506142616272 69.5539067188899 69.5523569981257 68.1934903065364 68.5293525457382 63.5431508223216 62.745342652003 67.0854896306992 72.4984705448151 73.8342305024465 69.4916248321533 66.2075330813726 65.5968288580577 73.8011995951335 77.0545303821564 81.5642774105072 80.8654874563217 82.0735543966293 89.0867610772451 97.6711710294088 106.980284055074 131.716539462407 130.014677842458 120.174914598465 110.396335522334 113.309721151988 128.734519084295 142.639666795731 138.415147860845 83.7049583594004 16.4502486586571 0.00575602947113415 0 0 0 0 0
92.8727885087331 90.1068150997162 90.3641879558563 89.6725356578827 86.1732959747314 83.9094618956248 82.1540107329686 83.5942029953003 88.445653518041 80.1871468623479 72.0127920309703 73.0950285991033 76.3098796208699 76.1848290761312 75.1998126506805 72.8174696365992 67.2248701254527 74.1554001967112 74.9066273371379 70.0190713008245 73.2552458842595 73.8418747981389 72.3584493001302 73.2092211643855 74.2281824350357 70.5920954545339 75.7090151309967 79.4518391291301 80.495407183965 83.3033720652262 84.7753385702769 87.4253908793132 95.0109263261159 113.207191228867 122.631351153056 118.430991967519 105.311473210653 94.4314897060394 91.9897357622782 103.041231632233 134.845236937205 140.026648839315 112.672646840413 56.4056883255641 4.92279231548309 0 0 0 0 0
97.485880057017 94.5996344089508 97.3612070083618 95.6221123536428 88.6371433734894 85.3038430213928 82.6512078444163 79.4148941834768 79.8791001240412 76.1344184478124 74.0652581055959 73.958953221639 77.539935708046 81.1953792969386 80.5404037237167 76.9225607315699 73.5281854867935 79.7973225514094 82.1127891540527 75.4794130722682 72.6686467727025 70.4739391803741 67.1149790287018 68.8276588916779 73.2684930165609 70.1372524102529 68.1661268075307 72.9106813669205 77.8593768676122 79.5858949422836 82.0194333791733 82.769975066185 93.2514568169912 113.206307093302 119.972417751948 104.188700517019 93.556821346283 89.8919304211934 90.7899041970571 100.401937961578 107.809811830521 109.698583682378 95.7790315151215 62.1242622534434 10.4371458292007 0 0 0 0 0
81.0412069161733 83.9248498280843 93.0841167767843 90.1660521825155 92.9086009661357 95.2185889085134 94.4650371869405 89.6355509757996 78.5012642542521 77.2086530923843 80.438310901324 76.3645023107529 76.6563912232717 81.0766220092773 81.5186003843943 78.44544450442 79.6257505814234 81.4122209946315 81.7496677239736 76.3889402151108 70.6184307734172 67.8589244683584 66.3584371407827 65.0262534618378 67.6999986171722 71.3229278723399 67.4692243337631 70.0524350007375 74.1130361954371 76.2948890527089 74.4263182083766 72.8547722101212 84.7999056180318 100.03807147344 105.281124512355 94.1880345344543 91.5745993455251 96.3031053543091 99.4244813919067 99.6114313602448 94.5235292116801 93.0736859639486 87.6283844312032 60.3912721077601 18.5942389070988 0 0 0 0 0
