input/barkrak2/radiation/dir31224.grid
NCOLS 85 
NROWS 70 
XLLCORNER 665100 
YLLCORNER 4664600 
CELLSIZE 20 
NODATA_value -9999 
[rows 0 to 21 of 70, columns 0 to 49 of 85]
101.308991511662995 115.973452727 132.405688365301 151.185085376104 161.948253711065 164.580802122752 163.686066865921 161.2242658933 159.411082665126 162.796894709269 163.410156965256 159.767597913742 155.354499816895 156.104852755864 157.882322867711 145.997176567713 134.405215581258 123.754481474559 122.57061402003 119.599580764771 120.878557364146 142.637173334757 165.0403936704 169.685522715251 173.018236955007 184.801379839579 183.279633522034 172.608951727549 163.907587528229 165.118743975957 160.533080498377 183.532357215881 227.624754110972 225.263635317485 221.827149391174 209.48737859726 214.043100674947 225.839873154958 222.732484340668 222.551226615906 213.756759961446 221.54301404953 228.285670280457 219.996710618337 209.089358647664 215.486645698547 220.706323782603 180.440465609233 124.401698509852 119.825760523478
80.8464139699936 95.7838694254557 111.244022846222 127.529293298721 143.304407596588 151.621123154958 157.499810059865 163.465390602748 169.050594170888 168.751796086629 165.850033362707 162.7423564593 156.151662270228 156.26538793246 156.33562207222 143.417358398438 134.986639022827 129.351417223612 126.111090183258 123.891860246658 135.500013828278 160.495390494665 178.64978313446 180.467545986176 183.743516604106 189.457972844442 185.328463713328 175.464987754822 167.51492023468 166.55045747757 167.745490868886 194.575488567352 224.454780419668 223.581830660502 218.780179818471 211.691915988922 218.022664388021 227.678775787354 224.116384983063 222.075998783112 216.173390547434 218.189597129822 213.77170085907 203.681349754333 199.350436528524 211.77746852239 212.621331214905 165.460288524628 131.402482589086 142.405062913895
43.1078523397446 53.0125796794891 60.877392689387 70.851261417071 83.44433705012 98.890761534373 118.426740169525 138.12862833341 152.221739292145 155.480682849884 159.279723962148 162.487725416819 165.260394414266 166.961709658305 168.654878934224 169.084548950195 165.368209282557 154.604544242223 137.850264708201 134.45774714152 148.332754770915 167.304615179698 178.823033968608 181.584636370341 184.40709511439 183.843553066254 180.628041426341 175.814906756083 171.47954305013 174.567262331645 184.759120146434 207.715411980947 221.237162748973 218.813002109528 213.704069455465 211.92326148351 223.59844048818 232.230961322784 225.965619087219 219.206253687541 212.713539600372 202.86234219869 189.087351163228 182.313442230225 188.624242941538 205.69121837616 198.164979616801 161.397645870845 151.603440443675 170.801003774007
28.1607508659363 28.0752355853717 33.2749908169111 36.8851870298386 41.5763109922409 45.9343194961548 59.0472817420959 76.1435280243556 104.468335707982 122.498293717702 139.915227890015 156.320810317993 166.218260924021 167.633414268494 171.605507532756 177.882373332977 174.978295962016 165.171970923742 148.244589567184 141.083906094233 143.609474102656 146.351794401805 160.407523314158 170.278112093608 171.787778536479 171.969393889109 175.080478191376 174.865047136943 176.196058591207 181.560973326365 188.675781091054 207.521776358287 212.958494822184 212.910135587056 211.87553803126 212.326248486837 216.929455598195 217.702706654867 211.09006802241 199.827869733175 197.773436705271 186.347881952922 183.561285336812 195.553223292033 207.39891131719 201.014637947083 182.854374249776 159.622699022293 161.482254664103 174.705743789673
38.0535473426183 30.6615183750788 22.0519974827766 15.3371430933475 14.4290253520012 27.375506858031 43.4697071711222 53.6341071128845 62.1050695578257 73.7031002839406 94.9499805768331 116.441458463669 143.303285042445 150.799453258514 157.848914464315 162.698348363241 158.834437529246 153.997739156087 147.126356760661 141.535470883052 137.563467025757 135.674029588699 148.690193891525 159.526775280635 165.335396925608 171.363333861033 173.263847827911 174.423098564148 175.941348075867 177.557547887166 184.223234653473 206.136067708333 205.814679463704 208.012302716573 205.431997776031 206.281065940857 203.401327133179 200.79106092453 193.28765074412 185.563762982686 184.746543566386 186.046083768209 195.605158805847 206.9158355395 208.593110243479 183.60710144043 152.933021386464 144.983420769374 155.351718266805 173.917810122172
63.1869633992513 49.5274563630422 30.7344024380048 15.9939924875895 11.5858341256777 17.6166668534279 31.8171208103498 46.4401990175247 52.3277670145035 53.3383240302404 58.510626355807 67.9230839014053 74.185108145078 80.1797956228256 87.2781078020732 99.8791952927907 106.713324785233 119.051347176234 135.627239942551 145.365377267202 146.24360203743 148.091534773509 144.867102305094 147.965480883916 157.478431860606 166.357437769572 170.261343320211 174.208919207255 176.921765009562 180.683692296346 192.466855049133 203.5786708196 197.92119661967 198.854386806488 199.896931648254 199.396391709646 196.771343549093 189.978202184041 181.447366873423 184.816102186839 184.237043062846 184.428513050079 186.730285485586 193.065166473389 187.460064888 144.587695598602 125.795046488444 135.289569695791 155.197143554688 193.426648775736
74.2003818353017 67.4591859181722 54.1054308414459 35.416675110658 22.5147604942322 15.6794426341852 19.2164654533068 34.2108060916265 45.1977203289668 51.4334986607234 51.4374027649562 49.1677771011988 47.2628871599833 43.8051472107569 45.0337330500285 53.6104589700699 64.2133454481761 81.7734152078629 100.999414920807 115.831822156906 126.206795374552 134.577403465907 134.379843870799 133.001287778219 141.030679146449 142.614523569743 152.099082867304 161.915997664134 169.844210147858 179.822345574697 192.024747530619 196.696599324544 185.294051965078 181.150098641713 181.849459807078 182.741781075796 184.582670529683 179.718236128489 174.596647421519 169.061879316966 164.08642133077 165.432979663213 173.612018426259 182.580987612406 178.425848484039 171.85111840566 181.534012158712 190.004944801331 202.280978361766 216.878871122996
86.1781636873881 76.8516759077708 68.0675357580185 58.2749992609024 42.2481199105581 23.7739036480586 13.1767640511195 11.7622253795465 25.3149519364039 43.2013720273972 50.0995218753815 49.7441540161769 44.6064968903859 40.0151213010152 33.1530670324961 34.1988876461983 43.297936518987 53.8261383771896 72.9899704456329 91.7709171772003 104.443450768789 117.950022220612 126.246005296707 126.884788274765 129.611392815908 129.861017068227 132.9219241937 137.802183628082 151.99268857638 165.9002105395 177.144785722097 180.69456020991 172.783474127452 167.163908481598 163.889060417811 164.019078016281 170.72323958079 169.045547644297 165.358593066533 148.689478635788 144.734044869741 153.5604596138 169.410864512126 183.606704076131 187.608520189921 193.371752897898 205.544849236806 209.00547504425 216.349343458811 217.813928922017
82.8522741794586 72.7301289637883 63.9197727044423 64.6321674187978 57.634358604749 42.2106087207794 25.7001469532649 11.4948277672132 18.2748635609945 26.8677125374476 33.7567726771037 43.7938123941422 46.6472655534744 47.7401167154312 42.0025686422984 38.5784233609835 39.1884172956149 42.9247170686722 53.5969535509745 66.6557252407074 81.6376060247421 93.7419931093852 105.356216430664 108.684668938319 114.241550366084 114.705761273702 116.721600294113 120.860159397125 125.635325908661 137.107133865356 147.350291411082 152.981281280518 150.606443484624 149.288157622019 151.742855707804 154.873927434285 157.182991504669 160.068700710932 160.276432832082 155.046413342158 160.61610976855 170.700271924337 178.907732168833 181.992570559184 179.434955120087 180.637160936991 184.329589207967 194.175442059835 208.625713984172 205.999652544657
61.8319610754649 59.4164232412974 53.2752970854441 46.6507325569789 47.472228606542 54.648627837499 41.5935441851616 30.4477860530217 16.7725620170434 13.919490079085 17.9373944799105 29.5070161422094 41.7613436778386 54.498682419459 58.2152803738912 53.2365391651789 47.0842023690542 45.7776933908463 46.6240743796031 50.9190758069356 56.9637914498647 64.2743508021037 73.792298634847 84.2218101024628 93.6863521734874 94.3856537342072 97.7201263109843 103.936354319255 106.881578763326 113.719334204992 114.289631446203 118.031432231267 130.570809046427 134.970366954803 139.950642983119 144.105007251104 144.532094399134 150.565644105275 156.383544206619 166.036744912465 176.100929578145 181.179722150167 183.105250199636 181.923548380534 176.169693470001 177.206714948018 188.315232594808 195.113003253937 198.794404665629 196.126063664754
28.4946734706561 26.9653052091599 25.6993224223455 29.9172376592954 23.5129048426946 29.2720049619675 28.8543403148651 29.906764626503 22.8069523970286 17.6943006614844 15.2987018227577 18.1743465363979 31.6715016961098 46.5889622767766 57.8358918428421 53.6022633314133 52.0483950773875 49.7265656789144 46.0135589043299 44.613907734553 45.5888311068217 46.2982356548309 50.6479193766912 63.2751931746801 75.308029850324 82.35269288222 82.2214931249619 83.1744124492009 93.7327245871226 98.9893873532613 102.826098601023 106.528202692668 113.408009211222 119.184106588364 126.904855171839 130.586862564087 135.817110538483 141.825308402379 152.029722929001 171.359578768412 178.90202999115 179.48704957962 178.701678911845 174.83917872111 174.9174396197 180.783569812775 187.824408213298 188.489735126495 187.721828619639 195.718050003052
5.26541968186696 5.71556761860847 5.75433485209942 2.535423108687 0.0108108106360305 0.989003883053859 7.21166220804056 19.6899734437466 27.9585247238477 27.1655966838201 20.1638502379258 15.6410162647565 18.6910169819991 30.6123991807302 45.5422898133596 47.5172698497772 54.7888775666555 55.6507607301076 50.8999029795329 45.0128813584646 40.9637441237768 40.5242492755254 42.4365599950155 49.5976308981578 57.7450444300969 62.822346885999 66.8697108825048 69.2009528477987 72.899450858434 81.1367928981781 88.8053377469381 91.7884012063344 95.5147842566172 99.4923611481984 102.605839570363 109.892904758453 124.420384565989 135.862320661545 142.269829909007 160.979717969894 168.37743918101 166.034440199534 162.427802880605 159.915000200272 161.150584618251 161.766578753789 168.694833914439 175.535062948863 176.887313524882 181.030591328939
1.00971106439829 0.293066531109313 0 0 0 0 0 7.14617595076561 22.8538860877355 27.6929015914599 32.389427224795 26.4785041411718 16.2586197257042 15.8295258879662 26.5613297621409 41.654368241628 55.687814950943 60.6852024793625 59.1408908367157 52.5735119978587 47.9245334863663 48.7895309925079 50.3697494665782 51.8020192782084 54.0381918350855 55.4501662651698 57.2841117779414 62.7577354510625 65.5923038721085 65.081849694252 70.7135051488876 80.0621112187703 80.7013809680939 82.2697977224986 85.7765873273214 90.9124314785004 99.3570486704509 116.969416538874 125.497817993164 136.774162451426 142.623951037725 144.704719384511 144.271671772003 145.919352769852 146.755794684092 150.326251983643 150.471498568853 151.948263247808 156.803846359253 161.911825338999
1.59052045394977 0 0 0 0 0 0 0 1.8407185561955 20.4096498588721 30.7882105310758 35.8924468358358 33.4236969550451 25.2565344174703 24.8343174656232 38.492222627004 50.3455102443695 60.5198095242182 67.6945596933365 66.1013027032216 60.3446662425995 58.5373441378276 58.2967847585678 58.8711053133011 60.7613424460093 60.18994251887 61.6052399079005 67.0456339915593 66.767692565918 61.5007778008779 61.7211709419886 61.1579914887746 69.7972774505615 74.9670763810476 79.7617038091024 83.9168826738993 87.612768014272 91.5587544441223 97.2861448923747 109.062929948171 116.565654675166 123.008747895559 129.971951246262 138.064781824748 137.6051902771 144.741217295329 143.760075171789 138.752728700638 137.160191933314 139.15091753006
8.75326991081238 0.00134511947180727 0 0 0 0 0 0 0.0903497857507318 11.6878661016623 30.5631111065547 47.1580823262533 54.4090370337168 50.9957571824392 38.9718934893608 36.5121910969416 39.5460774501165 49.9850412209829 63.1028761466344 73.2519129912059 71.9274282455444 70.0962940851847 69.2723294099172 68.4263954559962 68.0721203486125 69.8709984620412 67.5443559885025 70.4166789849599 67.9675887028376 60.8937293291092 59.7430318593979 59.2573086420695 56.2450091044108 54.4779598712921 68.4479971726735 71.2624390920003 75.1663943131765 75.4838933547338 81.4462353785833 81.8868478139241 88.3386532465617 102.604448795319 108.417749404907 115.190724531809 118.657728036245 124.738941589991 133.275965849559 137.576391299566 133.129457632701 128.905395666758
9.17103389898936 0.339954975061119 0 0 0 0 0 0 0.572684453800321 1.96756950269143 22.2824141383171 45.8949903647105 65.9705102443695 70.5995808045069 57.3039054870605 39.4433339436849 34.8330611983935 37.4158670504888 49.2129027843475 66.7886584997177 79.2802969614665 78.8568258285522 80.6746780872345 76.6214430332184 74.5465060075124 76.5612622102102 75.8646875619888 70.875550309817 71.2670236825943 68.695917725563 60.6061965227127 56.2987228234609 55.1124314467112 48.6959467331568 45.5477833747864 44.9120551347733 48.6145814259847 50.9287665287654 53.6621113618215 59.5513234535853 65.2687599261602 71.4615335067113 77.2627741098404 86.3847136497498 99.6150374412537 104.272961616516 118.713806072871 127.120534578959 128.642817338308 123.98839990298
6.54087277750174 1.37609305481116 0 0 0 0 0 0.0778085377532989 1.7001253242294 2.17659057428439 12.183944384257 30.7211801409721 50.8236885070801 65.2362803618113 69.0630127986272 61.3310386737188 54.6045402685801 47.6264158884684 41.605365773042 48.9460825920105 67.9607391357422 81.9035867849986 88.0113641421 85.7711136341095 80.0729294617971 81.6290775934855 87.3388747374217 80.8321883281072 78.5059134165446 76.8014987309774 72.0337480306625 59.2196683088938 49.6316303809484 41.2379900614421 33.6235364278158 36.8535990516345 33.4114084641139 30.1378195484479 38.0573943257332 39.949432015419 42.7596668402354 44.7227557500203 48.1943587462107 52.4000724156698 72.1965382496516 85.8728488286336 94.055434068044 100.972930590312 110.493957996368 117.256144682566
4.4225746144851 1.86858527983228 0.00757225764876542 0 0 0 0 1.92499983434876 3.13513011982044 9.04222019016743 12.6531111697356 23.2094377279282 40.0820970535278 58.4919999043147 70.679560303688 74.0364789962769 74.2389063040415 66.0547018051147 53.989976644516 44.2392329374949 51.5500803788503 73.2811987400055 82.5899342695872 85.4153633117676 88.7433489163717 93.3814247449239 91.0307765007019 87.648202975591 91.0980105400085 85.221121708552 72.5685606400172 66.7754511038462 53.6134243011475 41.480486591657 32.6712404688199 26.3178323705991 23.4429463744164 20.5905971427759 22.9036957025528 26.1505767703056 29.8542305827141 30.879057943821 33.0953449010849 38.8496518135071 46.0018962621689 66.1306281884511 80.3556839625041 84.7988824049632 89.9637540181478 96.7482924461365
4.89742464075486 5.64023541907469 4.679626164337 0 0 0.137293303851038 1.73413769031564 3.95596461991469 10.8165157337983 20.3479987879594 24.5090698202451 27.213379740715 36.3489041725794 44.9486921230952 55.4529478152593 67.7630106608073 73.2082674900691 76.0638167460759 74.0988006194433 61.1989498138428 49.1653233766556 58.9859584967295 69.3508485953013 79.9516985813777 90.5802845954895 97.2457528114319 99.1598864396413 96.7063705126445 89.6731416384379 88.3512000242869 76.9736766815186 65.1251673698425 50.1471857229869 40.3150444229444 29.3563703695933 20.6763669848442 16.8061889708042 13.3520662784576 15.5863836407661 16.1335418621699 21.8450874090195 25.648554166158 28.1233265995979 31.8335791428884 33.9950596292814 44.8002914587657 49.3666380643845 55.7127942641576 68.1239863236745 78.9147714773814
5.25087925295035 4.11815413584312 5.86662255227566 0.731225979203979 0 2.41925287991762 3.35318564126889 5.12899706761042 6.28496458133062 21.4412709077199 25.6026461720467 25.1804441213608 27.1650577584902 32.843882838885 42.1059628327688 55.204764008522 63.766489426295 70.127675930659 75.233260790507 75.0112136205037 68.6431328455607 59.8879108826319 62.5685999790827 70.8049386739731 83.2530508438746 91.2894606590271 93.2920575141907 99.2211103439331 90.3269052505493 82.4586649735769 68.5457388559977 66.4555182059606 50.0903228918711 35.296785334746 28.9651950200399 18.3769501745701 10.7815327743689 5.01305361588796 3.52797967692216 8.35313213368257 16.1813162267208 19.7315315405528 23.7008407711983 28.0913263559341 29.9230764309565 36.7288266619047 40.2531971534093 44.2551225423813 50.7486760616302 64.1762713591258
8.64540413022041 3.28900540868441 1.21565659840902 2.65553841988246 1.3515849908193 3.44030776371559 2.91477702558041 4.88445317993561 6.0246338446935 15.1668327550093 19.5903616646926 19.9859204391638 19.5331250627836 22.7471068501472 28.9798056085904 39.6264518300692 50.2159694830577 57.2653710842133 67.54403313001 79.2653262615204 84.8634640375773 76.9140173991521 77.0396788914998 78.7607332070668 81.615020831426 83.8277737299601 87.41561571757 85.1358771324158 79.1062364975611 78.8443336884181 66.8485810359319 49.0309198697408 34.2693577210108 26.0156641403834 12.2973484297593 7.11127991477648 1.00722978822887 0.311524452020725 0.0102503339197331 4.73706486324469 1.29028572700918 12.7968701223532 17.8488418459892 20.5167594055335 23.8038053115209 29.6461135149002 33.5985894004504 36.8186682462692 42.6661173502604 43.4736907482147
24.6013030409813 14.7668905556202 5.17825037240982 9.15254466235638 8.93962507446607 2.60760014255842 4.87449113279581 7.61403329670429 8.36339717109998 14.3716658155123 17.3201362291972 17.1658595403035 18.0506470302741 16.1889642477036 21.2344775597254 31.2021176020304 42.0718292395274 50.8691569169362 60.1228376229604 71.9967037439346 81.2688569227854 94.4141447544098 99.8330016930898 98.7190306186676 91.2051796913147 82.9328298568726 78.8286526997884 74.1518040498098 76.0294894377391 60.5905801057816 49.3103961149851 32.701517144839 20.7398359974225 8.43245101471742 0 0 0.00817442317687286 0.00802108115749434 0 0 0 1.20534701272845 8.92020265261332 8.93046086033185 16.8413184583187 22.5101038813591 26.8440221746763 28.0672212441762 32.7332516511281 33.6456894874573
