input/barkrak2/radiation/dir34224.grid
NCOLS 85 
NROWS 70 
XLLCORNER 665100 
YLLCORNER 4664600 
CELLSIZE 20 
NODATA_value -9999 
[rows 23 to 45 of 70, columns 0 to 51 of 85]
60.104971130689 50.167923172315 21.0449149211248 5.62401550511519 0.425301880265276 8.41702210406462 4.85316570848227 3.72344565888246 2.54259227464596 2.2447882220149 2.97241937369108 3.70802450925112 10.4530391593774 13.6427556475004 10.9131634235382 11.7137990891933 17.1652560432752 24.4817237059275 28.9523527026176 22.9839061697324 21.7826316754023 25.1659800608953 36.4019523064295 45.060470700264 51.1368910471598 50.4408230384191 45.365313688914 38.8182948033015 20.3289526204268 8.57907036940257 5.04975952208042 0.974006640414397 0 0 0 0 0 0 0 0 0 0 0 0 0 0 0 0 0 0 0 0
59.9971363941828 56.1243941386541 35.6983616948128 9.61239263415337 0 2.86778683463732 4.19467128813267 4.96445782482624 4.14926093071699 3.44313401728868 2.98132374882698 2.01511631409327 6.60238042473793 11.4045677085718 11.1143862207731 10.7686929404736 14.9415905276934 22.7896918853124 28.2718564073245 21.5862939755122 20.3195673724016 17.647746950388 23.976668715477 31.3398589690526 35.4874531428019 35.9378457069397 33.2756116986275 29.7186796863874 13.5015671451887 4.4661546126008 1.90828756118814 1.06159372565647 0 0 0 0 0 0 0 0 0 0 0 0 0 0 0 0 0 0 0 0
48.198272784551 52.1054019530614 45.2215125163396 18.1902820865313 0 8.12188722193241 15.1948456962903 22.7794076005618 23.6093526085218 18.6875201761723 14.4100785255432 15.5045750240485 14.1809806227684 17.4436196684837 17.2712268928687 12.7928939958413 14.1552289326986 21.1668809254964 27.5786767403285 29.6291584769885 29.8909693956375 26.274099946022 23.5319659113884 23.1934959689776 25.7972106337547 27.6913642883301 24.141289293766 24.6859391530355 14.5790725946426 10.8880574504534 8.40051658451557 10.5829164385796 6.2860082834959 0 0 0 0 0 0 0 0 0 0 0 0 0 0 0 0 0 0 0
46.9359556833903 51.5280912319819 49.1970131794612 26.4114091793696 5.76316999892394 18.6114932099978 31.1787202954292 41.0676524043083 50.1921673615774 44.1347112258275 27.0943492650986 28.8298775752385 25.9419729312261 27.0164931813876 27.4278596043587 18.6087948580583 16.1339615782102 22.7311650911967 30.1210234562556 39.0212337176005 40.0098289052645 37.3794237772624 30.5499061942101 25.2088035146395 25.4731848835945 27.2094483176867 23.209144671758 30.3092623750369 28.9362321297328 27.7397111058235 31.2324141462644 45.8319087823232 53.1711578369141 34.1900040705999 0 0 0 0 0 0 0 0 0 0 0 0 0 0 0 0 0 0
48.1214970350266 47.2805500030518 47.2824027140935 31.7936142285665 27.0301972826322 37.767914434274 51.9896546999613 58.4537535905838 59.1408709685008 50.1577208439509 37.133847673734 31.150850156943 27.6725937922796 29.7295053799947 31.9050798813502 26.6929467519124 21.7266430457433 25.9754508733749 37.4987994631132 42.8705116113027 40.3830607732137 32.4340313673019 30.1521047949791 30.7009990016619 30.8635433514913 30.8522532383601 28.6923150221507 38.0554671088854 53.8454353809357 58.0473194519679 60.9880834817886 66.7344033718109 76.2049754460653 81.005980571111 40.0834679603577 0 0 0 0 0 0 0 0 0 0 0 0 0 0 0 0 0
50.9205212195714 41.6044195493062 41.9898579518 34.0720017751058 45.5111712217331 50.5232512950897 54.8132558663686 53.4797410170237 47.8677451610565 38.0921959877014 31.3616717855136 27.5806337594986 27.5584210952123 31.7019795378049 32.9260627428691 34.1421514749527 28.5104711850484 25.1576503117879 33.2518542806307 36.018172899882 34.4114825129509 27.9925838112831 27.7067596713702 32.9227323333422 34.9117467800776 31.7819267511368 32.4960475166639 37.9626701275508 59.6394588549932 71.6765572627385 77.5751521190007 80.6700090567271 88.8956387837728 90.4171764850616 79.7742307186127 17.4419942001502 0 0 0 0 0 0 0 0 0 0 0 0 0 0 0 0
52.1514018376668 37.3516827821732 37.2853924830755 38.2322718699773 47.4868615468343 50.1617888609568 42.4388398726781 32.964197297891 8.02517309784889 6.39859276513259 5.63152320683002 15.2202484508355 25.4664619763692 32.1332861979802 33.5928549369176 36.990391711394 34.5377177000046 23.5816761851311 25.3059764703115 28.3215964833895 27.4261037508647 28.0362119277318 28.0959233641624 33.0999170740445 37.7417479952176 34.6552605430285 36.6384734710058 38.2835417985916 53.6053280035655 73.8539199034373 84.9778354167938 89.0939235687256 91.4202332496643 93.3349629243215 98.9740788936615 80.4923673470815 12.7229851981004 0 0 0 0 0 0 0 0 0 0 0 0 0 0 0
51.5139500300089 51.7868300278982 68.6993350585302 95.4092542330424 76.2632588545481 56.259423494339 34.6379280090332 8.64729409416517 5.8922003954649 12.1958578626315 4.67277659724156 4.94491308927536 23.9841019113859 32.4182560046514 35.225768884023 42.0070538918177 38.5918468236923 27.5235076745351 27.0253618558248 29.3970157702764 26.8362984061241 30.2382037043571 32.4134627978007 34.2235167821248 39.1988207896551 42.6760663588842 41.1758373181025 43.3581173419952 54.9548069636027 77.5063584248225 91.5140807628632 94.2577421665192 91.4446810881297 97.8727738062541 107.268840074539 109.905391931534 84.3420724074046 33.2724203666051 0.091165245976299 0 0 0 0 0 0 0 0 0 0 0 0 0
61.770111322403 90.7234946886698 134.996920824051 155.902653932571 135.821580886841 90.5247728029887 51.169032851855 27.7965565522512 22.1334447463353 26.7603248357773 19.9564124147097 17.3016463716825 25.5503207445145 31.8209181229273 39.7568270564079 43.9788997173309 40.0289446115494 35.3570853670438 29.332106312116 30.1858435074488 30.1453645030657 33.1237564484278 35.229946176211 35.4609042406082 39.5297134915988 49.5735754569372 49.6543794870377 54.6477834383647 63.2275988658269 78.3007542292277 91.2775595982869 97.7375109990438 99.3189811706543 102.601597706477 108.862787485123 109.789311885834 103.119562069575 83.8929414749146 29.61665391922 0 0 0 0 0 0 0 0 0 0 0 0 0
115.119189023972 149.66211716334 174.942930539449 177.588085333506 174.482107162476 149.563103914261 112.894902626673 80.2079737186432 60.8825782934825 51.0380963484446 47.3638673623403 39.3368477622668 27.8013447920481 29.2704726258914 37.7653762698174 43.8459763924281 38.8214786847432 39.6425773700078 29.8951541384061 28.4189134836197 31.9840734203657 33.437117934227 33.8672722379367 34.1824889183044 38.2389376560847 50.5066116650899 55.8099448680878 61.6492281357447 69.8031733433406 77.3609628280004 86.527148882548 95.7943101723989 97.6633926232656 94.8761502901713 95.8078106244405 91.5605425834656 92.90944536527 80.0286829471588 41.2782753507296 0.235394788129876 0 0 0 0 0 0 0 0 0 0 0 0
166.768431663513 184.910933176676 189.427236715953 188.516318798065 191.505551338196 186.739643414815 165.636589129766 128.128945827484 95.5799619356791 72.4678287903468 72.8836307922999 64.5999759435654 43.9650118350983 35.7139781117439 36.0909303029378 39.8134191830953 34.1276203592618 34.7558657328288 28.6377792557081 29.7039300203323 29.3185959259669 30.7351822654406 30.0057604908943 29.5740018288294 35.5172877510389 45.1047519842784 55.0557672977448 58.6111098527908 66.8756465117137 77.104647954305 86.6518020629883 88.3666972319285 80.5233071247737 71.3386436303457 72.9528417189916 62.3776117960612 63.2467865943909 50.1158535480499 12.6112264891466 0 0.686645973473787 0 0 0 0 0 0 0 0 0 0 0
181.728641192118 190.837144851685 189.085284868876 191.601196924845 193.057576815287 190.526684125264 180.954933166504 153.969178597132 110.506117343903 85.1545135180155 83.4807058175405 81.2102059523265 64.687783519427 45.0303157170614 37.2475658853849 37.370244661967 32.2169413169225 29.0965959429741 28.6265984177589 31.3379839062691 28.3813948432604 27.8867036104202 28.7871087590853 29.8575311899185 33.7122877438863 39.2974416414897 48.2934763034185 49.0431139866511 57.1533888578415 72.1162458260854 79.4645845890045 78.3537874619166 73.3631600936254 67.3790474732717 60.9104732672373 50.7383892933528 54.4985880454381 51.9995242357254 34.4397823015849 5.26720409591993 6.31880698104699 0 0 0 0 0 0 0 0 0 0 0
173.488100369771 178.063114484151 173.795123895009 177.173018455505 177.325030167898 171.249230702718 165.967514117559 149.600346883138 115.138669808706 95.3712066014608 89.0233715375264 81.9684416055679 74.3644932905833 50.7554759581884 39.7100249926249 41.1561876535416 34.8431915044785 27.7666846911112 31.0436735550563 32.1849336226781 31.3079381982485 28.8266589244207 31.4779207110405 34.5610504349073 33.4473252296448 37.8901908795039 41.8228010336558 42.8489694992701 48.658420642217 64.8448715607325 72.9288806517919 73.0123221874237 75.0321298837662 75.8222242196401 61.0176473855972 55.9541086355845 59.5921576023102 65.9083873033524 60.4282716910044 25.0572885076205 0 0 0 0 0 0 0 0 0 0 0 0
147.628684838613 151.403446992238 153.862684965134 151.180505752563 149.82592066129 149.573703606923 154.253055651983 151.375899712245 127.436230580012 105.283558368683 91.3106103738149 74.5563010374705 67.850003639857 47.3645031452179 36.5034192800522 40.7823373874029 42.1464542547862 32.0672243833542 34.6406499544779 37.3345166444778 37.236121793588 34.0717559059461 34.2282727360725 37.0148966709773 35.4448904593786 35.150038699309 40.3493444124858 45.9117541710536 50.0360429286957 60.1637562115987 70.6439514954885 73.8814026117325 75.7334232330322 79.5787175496419 64.554696281751 64.2807881037394 64.3020967642466 72.2343822320302 71.723684668541 36.3651911417643 0 0 0 0 0 0 0 0 0 0 0 0
125.247259934743 134.152789910634 145.644644896189 142.798165480296 141.001621882121 147.605160872142 157.408873240153 160.878469546636 146.301239728928 117.00842777888 94.4096744060516 67.3624922831853 51.1826475461324 40.6511773665746 32.8548029065132 36.1379186312358 45.5715159575144 39.2425730824471 36.9067788124084 39.7082169850667 40.1685684919357 37.3670731981595 35.4982962210973 36.9305064280828 37.6801962653796 37.2123569250107 39.3430441617966 47.0233112573624 51.0185311237971 55.3645044565201 65.2871628602346 74.7865835825602 76.3017435868581 71.6731150945028 61.4430954058965 70.8367725213369 74.1189867258072 77.9398133357366 78.0910501877467 55.0506760676702 0 0 0 0 0 0 0 0 0 0 0 0
90.0026758511861 101.117750008901 109.256148338318 113.990485668182 121.634831031164 137.30655113856 150.898108879725 159.873565038045 157.265692949295 129.669527212779 96.7162350813548 65.0439957777659 47.3512361447016 43.9108957846959 37.5737945238749 32.2082291046778 41.6228224833806 42.204628388087 37.2305065393448 37.7847676475843 37.6864423354467 35.7751846313477 33.7066998084386 34.8471328616142 38.0059480667114 40.8716400464376 40.4578844706217 44.5262690385183 48.9436239004135 50.9087145328522 57.8503807385763 71.3821550210317 75.0598361094793 63.0094707012177 64.0330562988917 78.6542395750682 81.6320876280467 80.7587206363678 82.4631452560425 78.0926048755646 28.111107647419 0 0 0 0 0 0 0 0 0 0 0
57.0015460252762 63.2995466391246 62.9595468441645 72.5921243429184 87.470531463623 104.629963636398 118.773361047109 131.517688433329 132.949699958165 110.243737697601 76.7195870478948 54.1077156861623 42.1732167402903 41.0852382580439 38.3053943514824 33.7963898976644 38.5842199126879 38.7386282285055 33.0868413050969 33.5267186164856 36.3462641835213 39.0355909864108 38.8966252406438 35.7147306203842 34.705492357413 37.5208010276159 41.8089280525843 44.6117868026098 48.1697817643484 48.1104403734207 51.3298312822978 61.5976552168528 68.485826253891 65.5524382988612 81.3593566417694 87.1729254722595 84.8924020926158 79.7100762526194 85.9904587268829 97.3584850629171 88.7498259544373 34.1682235399882 0 0 0 0 0 0 0 0 0 0
46.6893215974172 48.5132237275442 48.4701643387477 50.4638155301412 58.929314215978 64.7026399771373 68.3274418115616 74.0240812301636 74.3741889794668 59.7834487756093 45.2562272548676 41.658195356528 40.4321600993474 38.3093605438868 37.019227941831 38.0976324280103 36.9148204723994 36.5258306264877 32.866674164931 33.1333130598068 37.0861838261286 41.8582806984584 43.4904992580414 40.133277575175 37.7240975697835 36.4689106742541 44.0940111875534 46.1634894212087 49.1321980953217 48.9473044872284 49.1278817256292 55.910716454188 62.8021409114202 71.1098363002141 87.435911099116 87.1451695760091 78.5024563471476 69.9793001015981 74.1960306962331 88.9527996381124 99.3784666061401 90.3340180714925 44.0276215473811 1.26456779738267 0 0 0 0 0 0 0 0
54.4018348058065 52.0996352036794 52.2896548112234 52.0544449488322 48.7724790970484 47.0383663972219 45.8364437023799 47.0192382733027 52.0083705584208 44.5132553577423 37.4429275592168 38.8295923670133 42.1357452869415 42.3251986503601 41.1993016799291 40.0554488102595 35.6244593858719 41.6999608278275 43.5146788756053 40.1909674207369 42.3655112584432 42.0696089665095 41.1130711436272 43.5692320267359 45.0744231541952 41.101964811484 45.6673453251521 48.019602894783 49.2201348145803 50.8499642213186 51.4349788427353 53.8654277722041 60.8766973018646 75.8046408494314 81.8629413843155 76.8942981958389 67.6650057236354 58.9138070742289 55.8605442444483 66.4680103460948 90.2063945929209 92.927356561025 70.1341132322947 24.8986532290777 0 0 0 0 0 0 0 0
58.4366023540497 55.8250447114309 58.5531443357468 57.3418935139974 50.8792599042257 47.8876183430354 45.9808309872945 43.6279078324636 43.9060280720393 40.7260109980901 39.4014591972033 39.3824502825737 42.8144633769989 45.9916045268377 45.7324882348379 43.3943569660187 40.6669427951177 46.1805562178294 48.4774808088938 43.9935475587845 41.9022738933563 39.6122535069784 36.5027189254761 39.006844162941 43.6532100041707 40.6080881754557 37.4516497055689 42.8060839573542 46.6090341409047 48.7064023812612 49.1117586692174 49.0720321734746 59.0861837069193 76.4617919921875 80.9811353683472 68.4324900309245 59.1772149006526 55.9713741143545 54.7342846790949 62.1159275372823 67.3074573278427 69.8840320110321 58.7641547123591 31.6370675961177 0 0 0 0 0 0 0 0
43.779045343399 46.2955633799235 54.5130521059036 52.0809690157572 54.4759531815847 56.7951202392578 56.069811185201 52.30679611365 42.7504926919937 41.4820710817973 44.5090134938558 41.7760560909907 42.5668011109034 45.9452221790949 45.7958827416102 43.940876921018 45.2615519364675 47.0589349667231 47.9139387607574 44.4956024487813 39.6991893649101 37.347137928009 35.3840117653211 35.6838504473368 38.7219662467639 41.9216205676397 37.3055065671603 39.6413604418437 43.5080577929815 45.5483794212341 44.2252258459727 42.2405401865641 50.9902487198512 64.8456811904907 68.7926510969798 61.3559087117513 57.4349910020828 59.0551992257436 59.6356093883514 59.9596152702967 57.8157405058543 56.8735053141912 52.521417538325 31.2784761190414 0.654522251958648 0 0 0 0 0 0 0
42.3102825880051 47.8455026944478 50.661305586497 51.3483782609304 53.1020263830821 55.5318494637807 55.8814952770869 52.3172169923782 48.3463853597641 44.821560382843 46.4325298865636 44.4752971331278 41.981781522433 40.5911604563395 39.9586036801338 40.3069133559863 37.7489601572355 43.5134917497635 45.3794101874034 43.5999532540639 40.4384856422742 38.4610841671626 38.5775367418925 39.9031639099121 38.2590964436531 46.4376707871755 48.5673099756241 45.4954157272975 45.1574275890986 43.7398751576742 39.8296987016996 37.7979204058647 42.7635063727697 47.3232915004094 52.3147433996201 56.0987095038096 59.3541512886683 63.8726154963175 64.7868414719899 57.2930524746577 57.4681162834167 53.8881818453471 51.3744999965032 35.5839803814888 8.12164942423503 0 0 0 0 0 0 0
48.1807539860407 52.5649785995483 49.9287545681 53.0961205561956 51.7795185248057 51.9355187813441 53.5405029853185 52.3162484169006 53.6294380823771 49.7834235429764 49.0876138210297 48.3141491810481 44.311727086703 40.4542634884516 39.6839454770088 43.0864642063777 38.8491402069728 41.4116779963175 45.352707306544 44.2220817009608 41.6902999083201 41.5834113955498 41.6946262121201 43.1390702724457 45.3031559785207 46.0009475549062 51.0977059602737 48.5444764296214 46.1423099040985 45.2464371919632 41.4420962333679 38.5072429974874 40.5767112970352 39.7996306419373 40.6308174133301 44.2802309989929 50.3381341695786 59.0716699759165 57.1575810511907 47.5121190150579 49.169530471166 47.2176571687063 47.0449527104696 44.3649639685949 28.539352118969 3.271892045935 0 0 0 0 0 0
