input/barkrak2/radiation/dir30324.grid
NCOLS 85 
NROWS 70 
XLLCORNER 665100 
YLLCORNER 4664600 
CELLSIZE 20 
NODATA_value -9999 
[rows 22 to 43 of 70, columns 0 to 48 of 85]
69.1704750061035 62.8015746672948 40.1112784941991 34.4991361101468 30.5020163456599 15.1069723069668 22.3412364721298 15.6259362896283 13.5146491229534 11.5829184651375 25.0677118698756 26.5258500973384 30.678778886795 30.1401043931643 32.2963347037633 37.9961207509041 49.2081940174103 60.0938300291697 65.8865422010422 68.7801192204158 73.1591681639353 89.8222227891286 101.612677176793 107.089668512344 105.587263902028 101.049482822418 93.4134821097056 86.5041414896647 78.2972325881322 61.1923138300578 43.3239241441091 19.3069279193878 3.20675938079754 0.0879020080901682 0 0 0.0168379022701023 0.0251020949993593 0 0 0 1.34740428378185 10.1099275052547 10.9703118602435 26.4991521835327 42.686919371287 51.3920287291209 57.0388833681742 60.7244273026784
103.960335254669 93.0458605289459 58.0549637476603 40.6323398152987 35.2300927042961 35.9303504228592 33.2128554582596 24.0479012330373 12.2245165208975 11.7782317101955 26.4480337500572 30.3893387317657 34.7938140233358 39.8298303286235 38.1393233935038 39.8390764991442 46.5077708164851 57.064359386762 63.1844351689021 56.7083557446798 55.6609630584717 60.6774042050044 73.1672843297323 84.7565333048503 92.2486086686452 92.8386549154917 86.7292582988739 70.637454589208 62.0201230049133 26.6610532999039 21.1441591382027 11.466854562362 0.109154013140748 0 0 0 0 0 0 0 0 0 0 15.5027906099955 20.3055317203204 28.710866967837 35.6160203615824 43.7706013520559 54.2494604984919
103.21307182312 99.0899403889974 76.1999189853668 45.4881091912588 27.7780319253604 35.0816200176875 33.7734371423721 30.534232656161 25.4969894886017 22.1081152558327 25.7285485665003 28.0249863862991 31.3595483700434 37.0786314209302 38.8780708114306 38.0350028475126 45.0494190057119 54.7849337259928 61.2449049949646 55.3764055172602 54.0351818005244 50.9678920110067 59.513399998347 68.5834884643555 72.896401087443 75.0801016887029 72.1208502848943 61.9318634271622 41.7653719584147 19.8681230346362 13.9823630452156 11.5421712398529 1.07937081096073 0 0 0 0 0 0 0 0 0 0 26.1489922801654 24.3494436144829 27.6473959287008 30.1161234577497 37.4487638473511 40.9314831097921
89.153399070104 94.1250820954641 87.3429079850515 54.8351556062698 28.1190723180771 36.0947251319885 41.6772911945979 49.5513677597046 49.0230023860931 41.0648733377457 33.8317553202311 37.7363413572311 40.1625682910283 45.1478709777196 45.7372119029363 41.317954659462 43.7307258447011 54.7045171260834 62.6967052618662 64.9723261594772 66.4450327555339 61.7073277632395 58.3725472291311 58.9701185623805 62.1445675690969 64.6377106507619 60.4943583408991 59.8702728748322 35.8176777760188 31.1396196484566 27.5159329175949 33.6926306287448 26.9570797681808 3.3379157216018e-06 0 0 0 0 0 0 0 0 1.40388030558825 29.576763510704 27.6922409733136 33.2079951961835 31.2488103906314 32.8724135955175 36.2143044670423
87.8993074099223 93.4569636980693 91.6184385617574 65.033291776975 42.7062213420868 51.0506828625997 62.6857380072276 71.9696680704753 79.1470855474472 69.5903400580088 51.3222714265188 57.0734639962514 54.2044142882029 55.7334721088409 56.6103756427765 49.3248403072357 47.2074250380198 56.3744654258092 65.5204306046168 76.2754529714584 78.7793695926666 75.322280327479 66.553125778834 61.087042093277 61.7558111747106 64.3068750699361 59.3318194150925 65.317581097285 59.5227132240931 58.5855841636658 65.2301212151845 85.349440574646 94.3360328674316 73.2142676909765 1.6751402678589 0 0 0 0 0 0 0.564666969391207 15.8711771170298 22.7237145105998 23.9752978086472 17.5784391661485 19.7984352707863 23.2802803317706 22.8628640373548
89.7577206293742 88.3482396602631 88.7053708235423 71.5203285217285 70.7792192697525 73.6253559589386 83.7983290354411 88.0041023095449 90.7220244407654 85.1092537244161 65.8266842365265 60.7217450936635 59.3667676051458 58.7583879629771 61.9319081306458 59.8127990961075 53.6638100941976 60.8095228672028 74.3792156378428 79.6593576669693 76.3618151346842 69.1170394420624 67.0272906621297 68.5464292764664 68.6502754688263 69.1291391849518 67.147508263588 76.272855202357 92.4476583798726 97.2940623760223 103.570640087128 111.798147360484 122.446576754252 129.452884197235 84.9002202351888 6.83430271844069 0 0 0 0 0.195035322879752 24.9544233083725 19.7501915196578 16.1444122592608 8.0147497355938 8.9749979476134 11.3819601635138 14.829408377409 17.1463564038277
92.6891465981801 80.8559109767278 81.756720940272 75.115442276001 91.3777947425842 87.0884855588277 85.7348342736562 82.4333926041921 78.2609879970551 69.9814061323802 59.6983234087626 54.4327298800151 55.8062493801117 58.3229760328929 63.0798041820526 67.3184941212336 62.8390411535899 58.785746494929 69.9343681335449 73.9786376555761 71.9935347636541 64.4156833489736 64.0079279740651 71.5599457422892 73.8974014918009 70.5763498942057 72.4156697591146 78.018123904864 100.390444199244 113.87175321579 123.729606469472 130.299121141434 137.187540531158 139.598508675893 131.989906231562 56.0317138830821 0 0 0 0 2.47015058994293 19.2458356420199 14.8420756061872 3.66347841918468 0.849536387249827 1.6812087657551 2.73569424947103 10.0467981149753 15.1475792129834
93.2600498199463 74.8914082845052 75.755367676417 81.446518500646 91.5991763273875 86.0114693641663 72.059045235316 57.3080678780874 46.0100968678792 39.6863942344983 39.1429538528124 43.6294277509054 50.7177809874217 58.8161150614421 67.2971506913503 70.3251510858536 69.3294505278269 56.4451466004054 60.5995953083038 63.9983862638474 63.228373726209 64.6423747142156 64.7304554780324 71.9240754842758 77.6434193054835 74.6148029963176 77.6580721139908 79.1682104269664 94.6037769317627 117.886751890182 134.006559848785 142.288575569789 142.311235268911 143.724411725998 152.38215525945 132.877230644226 49.0404814481735 0 0 0 0 0 9.4209797680378 0.908325503890713 0 0 1.54662830755115 4.93197732915481 7.72412742177645
91.1939044793447 92.6595429579417 115.185449520747 148.943056662877 123.239636421204 91.9200778007507 62.369426091512 39.1651118795077 30.0330370664597 33.2115143537521 30.4877211650213 30.4783085982005 47.4442491928736 57.4661542971929 70.950835943222 77.7520636717478 75.1152535279592 61.9790653387705 61.6534054279327 66.3964102665583 63.2333159446716 67.9535716772079 69.6577777465184 73.1874952713649 80.6248039007187 84.7513477007548 83.5896134376526 86.2976908683777 97.9938904444377 123.471071322759 142.664382855097 147.609372933706 143.899967273076 152.580469846725 162.74505853653 166.20331009229 139.472405115763 75.8426735798518 14.2097758750121 0.778170923391978 0 0 0 0.862861440206567 0 0 0 0 0
104.930231968562 139.760573705037 188.273171583811 209.503730138143 188.974738121033 135.972787936529 86.200088262558 54.3167640765508 46.5800215800603 52.273745338122 41.7390465736389 35.5711653828621 47.4674652020136 55.7543039321899 71.1619853973389 80.3206463654836 76.2798686822255 71.2875028451284 64.7400915622711 67.2792742649714 66.730206211408 70.8931038777034 73.4066267808278 75.1968373854955 80.3866386413574 93.3969219525655 94.3761467933655 100.817789634069 109.568387269974 127.268334229787 143.293142318726 151.52366956075 153.618385394414 160.039295752843 165.983438491821 165.705392758052 158.540308475494 139.103829860687 71.7991093794505 13.2855847477913 0.0250260976220792 0 0 0.952702791740497 0.590562936849892 0 0 0 0
166.299770275752 202.207922935486 226.240694522858 228.133718172709 227.001150449117 201.151927312215 156.610588232676 116.605490446091 91.9216275215149 80.2189906438192 74.0358829498291 61.0990424950918 49.9971856673559 54.8224051793416 75.7387777169545 81.4126034577688 76.1161744594574 76.4281054337819 66.2093957265218 65.7993952433268 68.8933928807576 69.6774820486705 71.9681183497111 72.9584445556005 78.8611421982447 94.0003097057343 101.151327292124 109.916468461355 119.090815385183 126.281986633937 140.221019585927 152.056882778803 152.467519044876 150.585760672887 152.360181013743 144.223352273305 145.636667807897 132.476598024368 86.1459573109945 31.7284390330315 6.7338819305102 4.32339403778315 1.86597385133306 1.05549317474167 0 0 0 0 0
216.249306996663 231.664697329203 235.526223977407 234.302381674449 236.713846524556 233.469287554423 209.336956342061 167.948305606842 126.262406508128 104.575137297312 104.514370361964 93.4738119443258 68.7403678894043 63.5371506214142 72.4957386652629 76.5504936377207 71.5589374303818 71.5749164422353 65.7839725414912 67.3431555430094 64.7905766963959 65.6364361445109 66.6669756174088 67.6979124546051 74.3537346522013 86.2609843413035 100.271860758464 105.397015810013 114.312867323558 126.775920391083 137.370407581329 141.927689313889 132.315764824549 121.491332848867 124.196072419484 107.436160246531 108.057200908661 92.5500988960266 55.7512591282527 21.9385673602422 19.6265118817488 12.8869128723939 6.19993979732196 0.776060856878757 0 0 0 0 0
229.082028071086 235.529681046804 233.015815416972 234.815319379171 235.475699106852 235.048572222392 225.849568843842 195.91615597407 146.247257788976 117.184042930603 115.98668495814 113.113621870677 95.5490072568258 77.0906706651052 74.1284986337026 76.4392614364624 69.6156521638234 64.8552278677623 65.2364393075307 69.0871973832448 63.991571466128 63.813512523969 65.6318167845408 67.0502881209056 72.2382962703705 79.6347757180532 90.8687810103099 92.7127301692963 103.671610355377 121.506810188293 131.652563810349 128.06377808253 121.806601683299 115.134874979655 107.462386290232 92.2658244768779 96.4858333269755 93.562771876653 73.5047409931819 38.1297990679741 31.1461761593819 31.8017279108365 15.4120375712713 0 0 0 0 0 0
223.631421724955 227.274954319 224.514842033386 224.663893381755 225.100636482239 219.49847539266 215.050975481669 197.925825913747 155.092110236486 128.117193778356 120.774169762929 117.215732733409 109.307358662287 86.2733125686646 77.9892305533091 81.2578896681468 73.4139184157054 64.7193640470505 69.0077443917592 70.0136423110962 67.6064888636271 64.4935071468353 67.9949820041656 72.3176648219426 71.7224180698395 77.0679960648219 82.0935169855754 83.8343699773153 92.7375157674154 113.274951775869 122.674326101939 121.617039044698 123.473346233368 125.113705794017 106.103986501694 99.0808010101318 103.901912768682 111.07396086057 106.114874283473 65.9052431583405 26.3551299770673 13.6562449236711 0 0 0 0 0 0 0
202.532887458801 204.920729001363 207.061231136322 202.990730603536 202.970643838247 200.724800427755 204.994897047679 201.354384422302 167.001763979594 135.551323493322 121.770441532135 111.003309488297 106.099992990494 86.3429109255473 74.3520657221476 81.8630357583364 83.6355090141296 70.4006999731064 72.4127689997355 75.5176295836767 75.8084307114283 70.8034187555313 70.9715435902278 74.4329194227854 73.4103421370188 73.7308363119761 80.3842693567276 87.9586239655813 91.9344822565715 106.834203004837 121.276249488195 124.098718166351 124.68566497167 128.506998221079 109.487841526667 110.128293434779 110.523869593938 119.252582391103 119.028945763906 79.0865321954091 14.770286778609 0 0 0 0 0 0 0 0
179.564913113912 189.223647117615 199.160854021708 196.516474088033 194.574197133382 199.632187684377 208.575745423635 210.84855000178 188.266098499298 149.463633696238 128.645886977514 105.609228213628 91.8152034282684 80.481544137001 71.7809597651164 75.8955081303914 87.699830532074 78.5427341858546 75.9807427724202 78.8290599981944 79.3471733729045 74.8675018548965 71.7938890059789 75.0349909067154 76.1878738800685 75.4803021748861 79.9088329076767 89.1789694627126 92.9271380106608 97.7480212847392 112.709124883016 125.617156426112 126.25926733017 118.454794088999 104.999125003815 119.26731467247 123.598992824554 127.869149049123 126.434902350108 100.142101446788 10.0204261640708 0 0 0 0 0 0 0 0
142.972658077876 153.953343629837 162.213037411372 167.568266391754 176.233251889547 190.939287344615 203.408340613047 211.260974407196 202.503224213918 168.013354142507 137.67409324646 106.902102629344 88.6613726615906 85.087517897288 77.2171815236409 70.6157386302948 83.0216805140177 83.3898882071177 76.481173435847 75.9408622980118 76.5938659509023 74.6357589960098 71.1858818928401 72.4476724863052 75.7276515165965 79.6667983134588 79.3919016917547 86.070438226064 91.1881029605865 92.3645695050557 102.771500746409 121.912697950999 124.146401882172 106.330335140228 108.720948298772 130.292365948359 134.230633576711 132.937004168828 131.039768457413 126.43113732338 68.3274120092392 1.25842518173158 0 0 0 0 0 0 0
105.999251206716 113.268961509069 112.330575784047 122.641861438751 139.518479506175 156.828105449677 172.217090924581 183.348834514618 184.243659178416 158.386369546254 123.452017704646 99.3497570355733 85.4606131712596 83.0987542867661 78.8138707478841 72.702278693517 78.3268461624781 78.9465655883153 71.3512748479843 71.7756201823552 75.2732902765274 78.6219835281372 77.0837565263112 72.5615670283635 71.6431140899658 75.259655714035 82.0607990026474 85.2949420611064 90.1930232842763 91.0487174987793 92.5912857055664 106.961856285731 114.707241455714 109.50646797816 131.719311078389 142.473171154658 140.185217062632 132.846623659134 137.41280635198 150.014022986094 143.68748664856 78.7678410609563 10.9911635518074 0.168374953015397 0 0 0 0 0
94.6783224741618 96.6549416383107 96.5010722478231 98.2558528582255 107.932349046071 114.016274611155 117.493609587351 123.707960049311 122.941186030706 105.756153662999 90.3883775075277 85.638960202535 84.6390922864278 81.109215815862 78.811635573705 78.5283744335175 77.1919637918472 76.9524077574412 71.411872903506 71.251059571902 75.6803204615911 81.2775592009227 82.5562725464503 78.1400452057521 74.6491849422455 74.0844955046972 83.6287339528402 86.9758526484172 90.4428462187449 90.8493300278981 92.0964280764262 99.2336670557658 107.524861892064 119.144598642985 141.092270612717 140.797346830368 130.570143461227 120.595018068949 123.495509227117 142.7055199941 153.225978215535 149.751633405685 90.8641219139099 20.5821990966797 0.580530730076134 0 0 0 0
103.316952784856 100.912590821584 100.740730762482 100.287636121114 96.2457855542501 94.4158434867859 92.4716790517171 93.3735072612762 98.7394054730733 89.6508196989695 81.2718073527018 82.0670276880264 86.0528449217478 85.8114361763 84.688534339269 82.0294916629791 76.3766268889109 83.7218562761943 83.926518758138 78.6775052547455 80.6913276513418 81.4614842335383 81.2023729085922 83.1277271111806 84.1181476910909 79.1162153085073 84.3352973461151 88.2483124732971 90.502917766571 92.1205480893453 93.5470163822174 98.7254778544108 104.954093694687 126.424262921015 136.270383993785 128.850728273392 115.110248327255 104.126483201981 101.241896549861 114.255944887797 147.093554337819 150.986651579539 127.02864408493 63.4408295154572 9.1196782886982 0 0 0 0
108.480850855509 105.201135079066 108.247478802999 106.387257575989 99.3806620438894 95.5717960993449 93.1071738402049 89.5896951357524 89.3373290697734 86.3382716973623 84.0159853299459 82.9596122105916 86.3846838474274 90.0090833504995 90.0983413060506 86.389164129893 82.7621469895045 89.2127851645152 91.3195013999939 84.3472679456075 81.4022123813629 79.5441865921021 75.9523212909698 77.6823610067368 82.0535918076833 78.6790053049723 75.605442126592 81.5952320893606 86.6427620251973 89.5264546076457 90.7436013221741 91.6211009025574 103.300501902898 123.744030793508 134.839882453283 116.688499848048 102.835247913996 99.6372004350026 100.046763817469 110.523561636607 120.025972525279 122.452040513357 107.837051153183 72.9433000087738 16.0941891372204 0 0 0 0
92.0748809973399 94.7480201721191 104.001263777415 100.990474224091 103.397051493327 106.016784906387 104.618489742279 100.123027960459 88.6951088905334 86.9085888067881 90.587188800176 86.2279136975606 86.2809717655182 90.0432666142782 90.2984340985616 87.0213011900584 87.9305998484294 90.7985071341197 90.991069873174 86.6055091222127 80.7667275269826 77.8165360291799 74.2553571859996 73.6383100350698 76.3388375441233 79.9688100814819 76.0969817638397 77.5676469008128 82.7588637669881 84.9498411019643 84.1387907663981 82.4303776025772 93.6667819817861 110.36225159963 115.488429864248 105.213443438212 100.453654925028 105.400502681732 109.612534443537 110.739340384801 105.982313553492 105.097989241282 97.3220070203145 70.561354358991 25.7995675007502 0 0 0 0
