input/barkrak2/radiation/dir31924.grid
NCOLS 85 
NROWS 70 
XLLCORNER 665100 
YLLCORNER 4664600 
CELLSIZE 20 
NODATA_value -9999 
[rows 46 to 68 of 70, columns 0 to 50 of 85]
70.1232602198919 71.5912282466888 74.4907557964325 76.630378762881 76.2892862161001 75.9371767441432 77.9859125614166 79.7017713387807 76.0747690995534 74.5337555805842 73.7852255503337 72.7974673112233 69.4987922906876 66.7807757854462 66.5565431118011 70.5749839544296 68.5907204945882 63.3071710666021 67.3238138357798 66.1561737457911 64.0205244223277 64.5413647095362 64.2429341872533 62.145009636879 68.6138868331909 62.3694161574046 64.0681435664495 65.641572078069 64.7310862938563 63.7710392475128 61.9588991006215 59.8355382680893 58.7980349858602 58.1819514433543 60.4212880134583 61.3278100887934 63.1072173515956 68.4634198745092 70.4914182424545 69.1585143407186 68.5081779956818 62.8461341063182 68.311000863711 74.4603176911672 65.7630910476049 35.9019239743551 5.61402179300785 0 0 0 0
64.0652179718018 66.4406915505727 72.1797943115234 73.8549331823985 77.5379190842311 79.0439446767171 76.8214960892995 76.4486094315847 76.603040099144 78.9934943119685 75.8404036362966 72.5432634353638 70.8409945170085 70.7776645819346 69.4959710041682 68.8152561585108 68.0231104294459 60.7700645923615 64.8282965024312 66.261221965154 63.0612671375275 63.4239166975021 66.7062749465307 61.0037644704183 63.8607541720072 63.3807679017385 58.6375693480174 62.7744297186534 64.654936393102 63.4414354960124 63.2806668678919 61.923955877622 58.5648318131765 61.2397789955139 72.3386357227961 75.3021637598674 70.7498639822006 65.4613475004832 68.4905151526133 78.0829042196274 72.0363706350327 64.5720859368642 71.792537967364 77.3479839166005 71.7845459779104 52.189365029335 21.1524615685145 0 0 0 0
56.9813350836436 60.1284404595693 65.6797190507253 69.3479478359222 75.7968425750732 79.4991503159205 76.2328058481216 74.2720067501068 78.0940304199855 80.5863042672475 78.4170776605606 74.2973734935125 72.7161020040512 73.9450603723526 71.3339000940323 66.0798102617264 65.4557794332504 60.8428319295247 64.4080191850662 68.6198472976685 67.7517950534821 67.8316205739975 69.0113852421443 67.1045929193497 63.8129909833272 66.1649207274119 62.5114291906357 66.658228635788 72.1635123093923 73.6577908198039 77.4380465348562 76.8657028675079 67.947914203008 70.0282404820124 77.2495667139689 85.6255988279978 84.0928852558136 72.8818575541178 69.7882721821467 75.2807756265004 70.5397923787435 63.4236037731171 60.3176852067312 60.5679452419281 59.2730492353439 58.0300788084666 48.8453557093938 7.13176342348258 0 0 0
55.8316955963771 53.6436984936396 57.9002499580383 66.1732107400894 71.9407300154368 75.2228001753489 78.1002342700958 80.6589772303899 81.7435284455617 78.2000372807185 80.0400674343109 80.3005546331406 76.8598864475886 74.0897357463837 71.5548346439997 67.7940746148427 66.2092020114263 63.6937220891317 67.6628847916921 72.5715160369873 74.1744140783946 74.2352902889252 71.5332676966985 73.0607658624649 67.4764066934586 71.4463790257772 71.5538362661998 75.0773350397746 81.1940977970759 86.2997968991597 94.2202309767405 93.7569340070089 83.6225052674611 80.6400279204051 77.527180314064 86.6765876611074 88.1727437178294 83.6807092030843 75.1600017150243 66.5661593278249 61.2317423025767 62.3934119939804 60.9164933363597 56.9736659526825 53.4525762001673 56.8358202775319 50.1872996489207 14.4274048507214 0 0 0
56.1621685822805 59.6950550874074 63.3574773867925 69.7718560695648 70.294514298439 70.6472297509511 78.6717335383097 83.7361216545105 83.7667981783549 83.2242319981257 82.8502029180527 82.5091302394867 78.7102232376734 74.8567581176758 74.8470922311147 77.4112145105998 70.0469315052032 70.4275916020076 70.9729343652725 75.7959932088852 77.7393281459808 76.4207343260447 73.9920934041341 74.1895288228989 69.1842337449392 75.2420524756114 78.3560971419017 81.08917872111 87.1705810228984 93.013068040212 98.689595858256 104.2507092158 94.5607622464498 80.3907414277395 72.5155522425969 67.2103712956111 83.5211376349131 88.8200600941976 78.0763377745946 61.9703928629557 56.70032898585 63.3936077356339 66.7103677988052 63.6979093154271 58.4103663762411 55.8893283208211 37.0114172498385 19.123587757349 0.129339828466376 0 0
56.9566537936529 68.076953291893 70.4958289861679 71.9470431407293 69.8698262373606 69.2619582017263 77.002356449763 82.7462176481883 82.4566185474396 87.4159435431163 84.9075615406036 83.9878618717194 81.4651648203532 76.7672608296077 76.5164146820704 82.5718740622203 75.9679774443309 73.3859439690908 70.3076422214508 72.3418394724528 72.8267729282379 71.6849813858668 72.2520897785823 70.1958835124969 67.4588183561961 71.0551242033641 75.7335027058919 77.2156864404678 81.0894866784414 87.2489809989929 94.2886173725128 101.324707269669 96.9490905602773 74.5723247528076 29.3595815698306 28.7919789552689 45.282115538915 66.4340257644653 80.5834432442983 82.7425569295883 76.0825723409653 71.1643199125926 59.2994193236033 57.7312608559926 64.1929606596629 56.4519912004471 32.1831032633781 25.1709322134654 3.42443988968929 0 0
60.6907606124878 58.8924090067546 58.0988029638926 60.1121336221695 67.0105864604314 72.5600868463516 73.2944806416829 79.1609386603038 79.1997412840525 83.9655896027883 84.2664539813995 86.0350827376048 85.5969488620758 80.74651658535 78.7313679854075 76.6436954339345 79.1290899117788 73.0447620153427 67.1774695316951 65.2548968791962 64.2024725675583 67.1423921982447 67.7474588155746 62.8407001495361 65.8680250247319 64.4919375578562 65.3261244297028 67.8276469310125 69.4972823063533 73.2314437627792 75.3059883912404 84.8088761170705 82.9806824525197 59.5852384964625 24.5563139518102 15.7638788223267 16.7060494422913 26.6474162538846 55.6413034598033 79.3745666742325 82.2383960088094 72.514404853185 56.4801196257273 46.9096054633458 51.6467541456223 45.9928661584854 31.4706216255824 45.3327000141144 28.0132343371709 4.03010783096155 0
63.2900297641754 53.6189079284668 51.4608820279439 56.5827737251917 67.7753388881683 76.6166696945826 76.1392911275228 77.2322118282318 79.9113909403483 80.4463078578313 82.6738278071086 85.3567123413086 86.9059761365255 85.3221615155538 80.9257278839747 78.2981812953949 80.1999072233836 73.381096124649 69.0619796514511 69.6677366892497 68.8817252715429 66.9518808523814 64.7037376960119 61.7616275946299 61.1370156208674 61.0110809405645 61.2066090106964 63.9477570851644 64.0958249568939 61.557392279307 52.8838286797206 56.3816428184509 58.8596016168594 32.8774402538935 26.4105920990308 16.7873340348403 7.07746855914593 5.36090446015199 15.1711590588093 43.7456121047338 63.0303422609965 63.6794914801916 48.0572134256363 43.2680000861486 35.2831135193507 32.5767025351524 30.0431549549103 52.8751462697983 61.8424266576767 41.184497376283 11.8689102431138
63.3903940518697 57.9924782117208 56.0281276702881 61.1453255017598 70.3701873620351 78.3136288324992 81.0670306285222 77.2974590460459 81.9099247455597 80.4274082183838 84.1149985790253 85.8549575010936 87.2452755769094 88.7947976589203 83.233763774236 83.4309955437978 83.726425965627 77.900305390358 73.3825117349625 74.5769242445628 74.5841562747955 69.974089662234 67.1728203694026 67.559336622556 63.8945003350576 63.5220855474472 61.02155148983 58.8075965642929 58.6642225583394 54.3212542931239 44.6649193763733 46.6556996107101 53.0677239100138 54.8807978630066 52.9428720474243 41.7679945627848 19.3652076025804 7.34566027919451 5.93962892889977 11.7798683544 29.3677424391111 34.1257378458977 29.6191150943438 22.8570525844892 22.5408400098483 28.6844149231911 38.5101238886515 45.560489098231 57.4712405602137 62.6329829295476 44.3819214900335
66.6987250248591 65.268745024999 61.8091921011607 60.610701640447 66.3158744573593 77.1312614281972 79.2386283477147 77.0435829957326 79.1332970062892 84.2679937680562 90.7281637191772 91.3747549057007 89.4762178262075 90.0704264640808 87.643563747406 86.7047210534414 87.0468417803446 84.4845473766327 79.909473657608 76.0576824347178 73.1677114963531 71.5680122375488 73.3898083368937 74.7767438491185 69.7722534338633 69.0293411413829 61.3032430410385 52.793100476265 47.7530360221863 47.2495357195536 47.3067065080007 51.7479081948598 57.6387047767639 69.5300201574961 73.9544232686361 72.3781188329061 60.8628839254379 41.0588632027308 30.6540826956431 11.2843364477158 17.4011948208014 28.7281920512517 37.2187172373136 27.0519082744916 26.8660535415014 41.4851854244868 62.5256548325221 56.7061106363932 51.649550596873 58.2010050614675 49.5524356762568
69.2920287450155 68.7444110711416 67.7165736754735 64.1507208347321 65.417359272639 74.5441416899363 77.2620936234792 76.9656250874202 77.1846125523249 86.1287315686544 94.3496028582255 93.1948324044545 88.8015429178874 90.9202694892883 92.7268067995707 86.6687099138896 88.3514185746511 85.6785972913106 81.0289482275645 78.858271241188 77.1590719620387 78.27294866244 74.3844906489054 72.1030483643214 69.9613392353058 64.6915336449941 46.2324867645899 27.3203949133555 22.8998859723409 30.1010211308797 44.4999486207962 48.5578874746958 55.7668308417002 63.3442898591359 74.0584631760915 85.7533017794291 88.4109934171041 71.3166892528534 67.909503976504 39.4499227404594 19.3347074091434 29.0674815575282 52.4309823910395 52.5431881348292 51.957979798317 65.9750699996948 91.9163723786672 80.6576162576675 58.1314663092295 44.6315308411916 35.316102206707
68.0798987547557 66.2736395994822 70.1062132914861 71.1667537689209 68.7019973993301 71.2363570928574 77.2047142187754 77.8338660796483 78.11472316583 86.1994624137878 93.1896766026815 91.2736753622691 86.8332386016846 90.1315410931905 93.8119888305664 84.0305288632711 85.6901903947194 84.3679308891296 82.1132560571035 82.3131700356801 82.7872852484385 84.184467792511 78.0242830514908 72.2500334183375 69.7692533334096 67.5506095091502 49.3521988391876 30.4535254836082 29.5937781532605 38.221334417661 51.3013551632563 53.9505779743195 65.6705449024836 75.4864762226741 86.1979226271311 82.2047938903173 74.48643942674 33.929872016112 34.4022711118062 35.0303774078687 41.8481727441152 54.1469852129618 62.0162536700567 33.1531316041946 26.7410576343536 31.6006715099017 70.8075364430745 65.9020642439524 52.5333682696025 42.8487211465836 36.5159983436267
56.7090958356857 64.4202679395676 68.0693089962006 71.0630963246028 71.0415293773015 67.7406390508016 77.1983067194621 80.8423658212026 81.8956394990285 86.9940022627513 89.3716812133789 88.8385574022929 88.0423486232758 86.2197677294413 87.7504646778107 84.0716958045959 80.8949073155721 84.4023525714874 86.5023136138916 87.7926846345266 88.9535248279572 84.7065349419912 81.3076198101044 75.7916768391927 73.1996695200602 74.1342008113861 69.2504743734996 60.6823762257894 62.381108601888 63.7416541576385 62.0340804258982 63.1187955538432 78.6331395308177 87.4809523423513 85.0313107172648 59.6151997645696 39.6478027105331 19.5424556732178 9.81018630166849 19.5161364972591 19.9657082557678 56.972270210584 66.1663363377253 52.9048393170039 40.4444858431816 42.3707018295924 57.0361266533534 61.5297257900238 58.9254399140676 52.083229025205 45.5088367064794
46.9723641872406 61.8395706017812 66.014235218366 69.1228061914444 72.1512883901596 68.2367732127507 72.5414752960205 80.5115948120753 91.5268758932749 92.8860902786255 88.1653626759847 85.800697406133 87.6191953818003 86.878110965093 86.8625044822693 84.1572483380636 80.8209031820297 83.3585659662883 82.3465486367543 78.8934330145518 80.7542701562246 80.4905494054158 78.646332025528 76.4664510885874 76.2894799311956 81.5072059631348 92.2279258569082 91.9197301069895 77.3979524771373 71.0575034221013 65.9825007120768 59.6690277258555 73.1724103291829 65.1971995830536 29.9685696760813 22.0918034513791 21.0215722521146 14.1780140499274 3.38465999811888 1.25697751839956 5.84408678857192e-08 20.7356549799442 60.9296361605326 79.7310421864192 86.1087441444397 80.2643845478694 78.6183973153432 79.5476039250692 79.1480243206024 67.8017288446426 56.7562431097031
48.904687166214 59.1356108585993 66.4896021286647 69.130485256513 70.6892162561417 70.856918891271 65.1910801728566 74.9366382757823 96.305121978124 95.1227049032847 86.4506860574086 82.873672246933 85.8120421568553 89.4051790237427 88.2359345753988 84.8733385403951 83.3695828914642 81.1193138360977 74.4493007659912 67.6022370656331 67.6574409008026 70.4492628574371 72.1655438343684 74.8675763607025 76.459527015686 81.5557638804118 100.148757298787 106.879740953445 88.6257588863373 75.88196794192 60.4001531998316 50.9199400742849 54.8171202341715 51.731139421463 27.9218430320422 17.3159018158913 18.4787151714166 25.8143519361814 17.8414111336072 5.7376753538847 0.393346262474855 6.89154428740342 30.3323343396187 62.1150930722555 66.0354246695836 62.4621113141378 71.3426421085993 73.5252400239309 69.411039352417 62.7522865931193 64.3830299377441
60.8555823564529 64.0649050474167 66.4564371109009 63.0855013926824 57.0109834273656 54.1581213474274 62.1156493822734 67.8140471378962 77.9394308725993 74.0753263235092 70.972537000974 76.5053431193034 83.8407278060913 86.2736105918884 81.9593121608098 83.825429280599 84.1848154862722 77.9352436463038 69.7776873906453 64.2616599798203 63.443531592687 65.2954230705897 68.1602656841278 71.83837890625 72.7320909500122 76.3378689686457 89.1632040341695 97.4531769752502 84.1319759686788 73.0344702800115 59.0367118517558 46.4071134726206 41.8504277865092 55.2447587251663 50.9194036324819 26.7565995454788 26.8297990163167 60.1709187030792 64.8335764805476 41.5539791186651 13.6733228961627 9.03947527209918 19.3916199107965 27.9121672113736 26.4525885383288 28.4919490416845 40.101058781147 43.6407178640366 49.8920033375422 55.2001198132833 79.796423514684
72.6185540358226 69.3209668000539 65.4378235340118 58.1406305233637 47.8456715742747 41.5222321947416 52.37777531147 51.9223362207413 41.9336805740992 41.908398270607 51.6659518082937 65.0695661703746 71.8806286652883 76.2491474548976 79.4997066259384 90.1654362678528 92.8653677304586 83.7913950284322 74.9510228633881 70.9745585918427 67.8807000319163 67.778080701828 69.7366247574488 68.8801308472951 68.0963198343913 72.4597225586573 78.3019363880157 84.8145286242167 75.7757425308228 54.9556861321131 58.5383077462514 53.1677554051081 47.2798049449921 64.3340001503627 70.3262388706207 57.8550895055135 48.103595773379 40.7749464114507 44.8740621407827 46.6737151145935 34.2841297388077 22.2444708148638 19.0127156674862 19.5534167190393 13.2267313698928 14.3938412268957 23.4943677981695 25.9577582279841 28.8191065192223 56.2459727128347 107.67196615537
75.6613264481227 68.7757829825083 63.7105156977971 59.6425930658976 52.3896912733714 46.15451892217 41.6013052066167 37.0752289891243 19.5230444272359 27.6487320661545 46.8378712733587 59.7148736317952 59.7960402568181 67.8566445906957 82.1464955806732 98.612775405248 103.891630967458 96.6430902481079 87.6289308071136 83.4405422210693 77.8777052958806 74.821949005127 74.7636059919993 70.1260070006053 69.634755452474 69.0042823553085 68.5065189997355 68.3303773403168 65.671960512797 47.3458518584569 51.4498154322306 45.6619113683701 41.7241354783376 67.4077024062475 87.2939427693685 90.5517637729645 64.51615691185 24.2972498138746 20.2947892248631 26.7061864336332 35.0439275304476 24.487574895223 33.1311871608098 27.4769787987073 18.9045493801435 12.6147692402204 20.020409176747 34.2163319389025 42.5147364536921 72.1206267674764 141.054332256317
78.2485405604045 72.7459490299225 71.3449418544769 72.4663585424423 69.0242946147919 62.4935080607732 57.1419348319372 57.6636493206024 56.2788148721059 61.970442533493 70.5826133489609 76.9006709257762 77.1422485510508 71.9863027334213 82.640474041303 99.4113286336263 109.939326842626 109.832028547923 102.139492829641 92.0314788818359 85.7721467812856 80.8348109324773 78.7550608317057 76.9565900166829 71.8305259943008 62.7224097649256 59.404323498408 60.050884882609 58.1950495640437 55.0421973069509 35.8178491393725 35.8336294690768 26.7724816997846 54.9931327501933 95.0818161169688 104.785700639089 71.4208136002223 37.3000055551529 13.9623632033666 14.0926030774911 17.741813013951 14.9954780936241 27.6045550902685 43.6820636192958 45.139878988266 31.8848912914594 31.7028313875198 48.9019652207692 77.8575440247854 126.544058322906 159.96707479159
79.0987412134806 76.3258288304011 76.5192210674286 77.8111467758815 77.2247165441513 73.4962224960327 73.1556415557861 81.2293986479441 98.8203485806783 94.3486094474792 84.9735538164775 85.9555006027222 92.2557910283407 79.4460078080495 81.0514539480209 90.0804400444031 99.2630918820699 106.102625528971 106.342524290085 99.3148287137349 93.4594372908274 86.5691800912221 80.8914353450139 80.5400907993317 71.7444121837616 56.901752948761 51.4382223288218 50.0776022672653 50.5145390828451 44.2987779776255 21.38651907444 19.1137169798215 13.7359251578649 13.7608759105206 92.0174519220988 106.124182542165 86.056927839915 74.095144867897 40.8621976772944 9.06872563064098 2.55457141126196 8.14869653235443e-08 16.1997464795907 48.5588212807973 56.0782154401143 45.852725704511 44.5006440083186 70.6150631109874 132.211645444234 179.016172885895 171.082695325216
78.2576948404312 74.632336695989 68.6405599117279 63.5098914305369 64.0047341585159 66.3799792528152 66.2891566753387 79.0964514017105 90.3632839520772 85.3697260220845 75.1337856054306 75.1072019338608 85.7794185479482 81.5717776616414 77.6697645584742 77.659398317337 77.8098007043203 84.5280289649963 94.9519375960032 99.6260941028595 95.2822168668111 88.9406800270081 81.9863726695379 74.5442559321721 66.6924864053726 59.3233108520508 44.9991424878438 39.3356929222743 45.461227496465 40.8988669514656 21.3021909197172 15.1924962798754 7.15490927298864 0.501244988602897 27.0961299538612 96.1910585562388 102.7505894502 114.816685517629 96.5510110060374 44.0772424141566 7.9842209815979 0.50723315992703 7.82507595916589 41.9423580169678 62.2881352901459 83.993266026179 106.940448284149 160.757005214691 203.084270159403 213.202476501465 197.158098220825
80.5696099996567 78.3982425928116 72.1026510000229 64.8701190948486 63.2284631331762 66.2878751754761 57.9344183206558 55.7928482691447 56.9142500559489 54.0128101905187 46.6948797305425 44.1505213578542 50.1744796832403 67.0003592967987 74.4572728872299 70.2612896760305 59.4391226768494 53.645650545756 64.8466447989146 87.7928535143534 88.9816085497538 82.9613705476125 76.1723766724269 70.6753432750702 65.3382440408071 59.1714829206467 47.8076040744781 31.3119937976201 37.3962968587875 50.5025883515676 37.9515960812569 20.1761250694593 10.6130664547284 0 0 76.1374533176422 116.330156723658 131.054023901621 117.845674355825 87.929904460907 53.1969616810481 19.5414920647939 16.7151714364688 37.7430443962415 73.8045672575633 140.993575255076 183.493157227834 215.426544348399 224.174539248149 223.492423693339 213.771065076192
82.386389374733 82.2877089182536 79.5117318630219 75.7135252157847 73.7459560235341 72.9578485091527 56.5320948759715 41.0280823707581 41.5982554356257 44.0086871385574 41.059248149395 38.0727450052897 39.499652882417 63.1442368030548 77.8510719537735 67.9173717896144 46.3835100332896 33.3876932660739 37.623718380928 56.6046635309855 66.1799112955729 69.4897472858429 70.281058549881 64.851850271225 54.4469555219015 50.4875381787618 39.318119486173 13.868410140276 28.9933755993843 54.0703386068344 63.3531163136164 56.4377456903458 35.6029719114304 2.52129416912794 0 53.0732373396556 110.681782166163 118.344297011693 98.2418755690257 95.3004459540049 101.982623338699 87.6865684986115 64.4403298695882 80.8915545543035 137.100458145142 183.64421526591 207.076410452525 218.333065509796 220.012565453847 217.732628186544 212.82958984375
