input/barkrak2/radiation/dir36224.grid
NCOLS 85 
NROWS 70 
XLLCORNER 665100 
YLLCORNER 4664600 
CELLSIZE 20 
NODATA_value -9999 
[rows 0 to 22 of 70, columns 0 to 51 of 85]
40.053084492683404 53.1603594621023 63.9640241861343 76.7170041799545 83.5249722003937 87.9533092180888 91.230720281601 89.8322065671285 96.8386034170787 107.336064179738 118.753731250763 115.007986625036 110.738635063171 111.410051584244 111.451903978984 99.0940531094869 86.1478050549825 77.6222795248032 76.0626941919327 76.7493496338526 84.731787443161 100.467691818873 115.144004424413 118.879934151967 121.934920549393 129.813005526861 126.767257849375 121.012588342031 119.02192234993 123.660941918691 120.314697424571 140.759199857712 169.214646021525 164.311756690343 163.220783074697 157.597492138545 161.353935798009 166.370997826258 160.952667395274 162.846624851227 160.22268931071 168.089032173157 173.943956693014 166.141351064046 156.962136427561 166.191389163335 176.764090855916 134.03973976771 89.9221003055573 86.0494077205658 106.323709090551 145.440051952998
26.5949616829554 37.53678749005 44.5391635100047 51.8313546975454 64.2537871996562 71.5522070725759 77.0537952582041 81.0018628835678 87.8606537977854 90.3420646985372 95.1525668303172 99.6191600958506 111.398229996363 111.413617928823 111.498524745305 101.300011078517 92.3100411891937 84.7392876942952 80.9743255376816 79.6599636475245 92.1403666337331 113.269001245499 126.328219970067 125.796814759572 130.11575738589 134.442945321401 129.825035730998 123.822102944056 120.32691637675 122.050076723099 127.284238735835 148.554931084315 168.568670749664 164.382755756378 159.619222084681 156.442612409592 163.459837436676 167.315741380056 159.818033377329 160.212864478429 159.341832002004 162.7476811409 158.9368780454 148.731072743734 145.256598790487 158.661743005117 159.463067849477 125.503907601039 97.251961628596 106.297880411148 133.07582338651 164.207518100739
9.11328693230947 12.3464837670326 18.136415630579 22.2382123271624 27.8021767735481 34.020038942496 41.8765942255656 54.6485483646393 65.7887558142344 72.5297381480535 80.1229774951935 81.0926059881846 91.1544660727183 93.3672785758972 95.4701602458954 102.012544870377 103.094398975372 93.5946106910706 78.579768538475 73.270837465922 88.8157486915588 101.958294709524 116.429497798284 122.902115186055 127.236882845561 125.096122423808 127.281804879506 124.45459763209 123.02565574646 126.994907855988 135.783195495605 158.141165971756 168.484409650167 163.009226322174 158.972481886546 158.852577209473 165.597975254059 167.467912038167 161.693761746089 157.610674699148 154.353618621826 148.260434468587 138.531068960826 132.397254308065 134.260276953379 145.704766114553 143.896758556366 119.11752820015 112.238655487696 132.858723402023 155.842334032059 174.615581830343
3.39426441739003 3.72093605498473 5.17412026723226 6.87717708448569 4.30145114660263 11.4873188237349 15.9867083032926 24.9539315700531 37.1624355514844 47.5217550992966 57.3643346627553 67.9946194092433 78.2835235198339 82.6205412546794 82.3280662298203 89.5120203495026 90.6627774238586 86.2797598044078 73.5969791809718 74.3984679381053 76.7198006312052 79.7415723403295 91.8359557787577 101.000507672628 106.073399384816 109.172701835632 115.764737129211 117.392559846242 122.26790189743 129.465152819951 135.067462921143 145.860453446706 147.257884343465 148.010909557343 154.366115729014 159.263769785563 161.445875962575 162.06286350886 155.520975589752 146.136522293091 142.203430334727 135.474969943364 134.273846944173 142.813503742218 147.394130627314 141.899297634761 131.331205368042 116.530001163483 120.636731386185 134.704083204269 154.575328032176 170.966188112895
10.0835313399633 3.9901922767361 0.817850775395831 0 0 2.0139228242139 8.79703958829244 15.369056413571 19.6179784834385 22.9633624354998 31.6994438568751 47.7345585823059 55.0440450509389 57.2790851195653 64.5436594883601 70.9321399529775 71.5154558420181 74.4681258996328 70.0931400060654 71.6070582469304 70.7903703053792 73.3074347178141 83.6891531944275 90.4304484526316 97.5099702676137 103.590031464895 107.067743937174 112.072269121806 118.906339009603 123.456507921219 127.328385909398 141.563673814138 136.024902264277 139.037479956945 140.472253163656 139.725337425868 136.458665132523 142.034103473028 139.217327038447 133.591512838999 131.554822127024 132.609943548838 140.426894028982 150.259415308634 150.113473335902 128.99519999822 108.435839414597 106.611430644989 114.9709324042 131.181885798772 157.597223917643 172.946413358053
32.0226003726323 16.793817281723 5.45536230007807 0.117035252818217 0 0.759611759955684 3.29338945448399 9.81685146689415 14.3784532944361 15.3282259901365 19.047071536382 23.2906465729078 27.8822208444277 33.6503187815348 41.4067357778549 51.0922720034917 53.3838669459025 61.2037380536397 67.8926954666774 72.7885166803996 77.6230345169703 82.3976298173269 83.1505358219147 85.0103696187337 93.0106143156687 97.0916152000427 101.947357257207 109.114229679108 113.457669814428 119.010031223297 130.49524029096 138.076802094777 129.314462343852 131.763865550359 131.628155708313 132.781724135081 130.477954943975 124.292850494385 118.832985560099 131.791094938914 133.324007193247 133.007069428762 135.1631184419 137.756238381068 134.297082821528 109.110494454702 86.5496794382731 94.9666996796926 110.867877801259 140.914152065913 162.297745545705 169.050812721252
48.4847376743952 30.5132990082105 18.1799071530501 7.95918082197507 1.84522476047277 0.723766240601738 0.433294102549553 6.67477274934451 9.68214186529318 15.5747681856155 15.8475525677204 15.4093888898691 15.2674838900566 15.6153204540412 17.862468957901 25.2113118767738 32.6523631811142 46.0795114437739 60.1089100042979 70.2460904916127 79.4445127248764 84.4063758850098 83.5870901743571 84.9517683188121 89.1627371311188 90.4355545838674 97.3345339298248 103.365113337835 106.8301598231 116.086026032766 127.416690190633 127.873400847117 116.898000240326 117.536932229996 117.277910312017 119.209825992584 120.270619789759 114.918420712153 111.6115351518 107.153505086899 103.925824165344 117.160707712173 123.268127441406 129.896720250448 128.553867340088 126.090784867605 130.81889351209 136.911948521932 145.131458838781 152.40266919136 156.57772620519 154.669582843781
58.5520068804423 45.9072887897491 31.8918923536936 19.5542673269908 10.1368625958761 2.82995806386073 0.485150880801181 0 5.42550223569075 12.3790800571442 17.8657695651054 18.4737220406532 16.8507794539134 15.0813149909178 11.819193760554 14.2215726276239 20.6280971566836 30.4971908529599 44.7487036387126 57.1333219607671 66.0632401704788 75.4918257395426 83.9399397373199 82.6643308003743 85.3536128997803 85.6784284114838 88.4493986765544 91.0538236300151 94.0880974133809 106.70667886734 112.751404444377 115.211794773738 108.894477287928 105.521937211355 101.256340742111 105.186988910039 108.606656392415 108.776678641637 107.500384251277 95.2137112617493 89.4213517506917 93.9601461092631 118.618985017141 129.451036453247 133.693953355153 139.160315195719 147.149721781413 150.132765372594 154.165317614873 152.815868457158 149.029682079951 146.610528230667
55.4893761873245 45.6762860218684 35.3767871856689 23.6192097266515 17.4733996391296 10.5229790012042 2.17470278342565 0.187124086854359 3.77721556772788 7.44063779711723 12.2233765820662 16.0840588311354 21.1294169227282 23.0554963151614 19.9757777154446 18.2262336214383 17.6261924207211 20.6190844376882 26.2776960929235 37.057027220726 47.4872986475627 58.7425927321116 68.4856077035268 69.9976036945979 72.819064060847 73.0564594268799 77.7603636185328 78.1750033299128 82.3600540558497 86.2906873226166 86.5472555160522 90.7047092914581 93.1712885697683 92.8434828917186 95.3561464945475 98.0382760365804 98.1879432996114 101.657211780548 104.118267695109 99.2974936962128 100.395758946737 105.780720710754 108.158508936564 110.918660958608 120.796700318654 127.82429655393 129.3971935908 138.857314984004 145.591229200363 141.206582387288 133.555511633555 135.326912005742
36.5596537788709 30.5118585626284 25.8213306466738 21.1124991377195 16.1077380180359 8.3805751055479 6.10979025562604 6.7060353855292 3.97132088740667 1.22962108192344 3.39156482368708 11.0711914797624 20.5989678700765 27.9926086465518 32.6786016424497 29.7916953762372 23.9414622386297 22.6010978221893 22.3712424437205 24.1795728603999 29.4144228100777 35.3487854202588 43.0126339197159 51.4234652121862 57.9674690961838 61.8983656167984 63.126857082049 65.9823169310888 66.9269661108653 68.4307118256887 69.9337224165599 68.0424521366755 71.5609540541967 75.081283847491 85.9150588512421 89.876135190328 90.4104113578796 95.1959788799286 102.158715327581 108.384599288305 109.834303458532 111.516843239466 109.839469194412 110.163350900014 107.645412286123 113.719205061595 134.464552005132 138.864040374756 138.763050238291 140.121509631475 138.943493366241 136.452883481979
5.1362132653594 1.29548351590832 0 0 0 0 0.520206172950566 7.65195240577062 7.51247877875964 4.12898448606332 1.74107076600194 0 11.8248189489047 22.7118084828059 32.5352475047112 29.7183021903038 28.1093368927638 25.5081355571747 22.5653499364853 20.0511949757735 20.7295057674249 22.0660343766212 25.5690564711889 33.9975108702978 44.4410343964895 49.8680969079336 52.4813830852509 53.2043029864629 58.4685504436493 59.8517060279846 58.2373986641566 60.631071527799 61.9826217492421 58.2864582538605 55.8863083521525 68.7149117390315 85.2923194567363 87.5841677188873 96.5605676174164 109.917491674423 110.525697469711 109.470268090566 105.696380138397 102.781146764755 104.606370131175 108.184278011322 112.303157647451 111.728320519129 127.967635790507 137.403587500254 139.080951611201 134.661595026652
0 0 0 0 0 0 0 0 9.65684341887633 9.4172495106856 4.96501910189788 1.51080141464869 2.56829584638278 10.6154220799605 21.7601458231608 25.5277007818222 30.3906028469404 30.5994699398677 25.6462842226028 20.4385394851367 18.23831970493 17.6304951310158 18.7515740593274 23.7899074951808 30.1965127388636 35.5326483647029 37.8905261556307 42.1279569466909 44.5875426133474 48.2149918874105 48.2334444920222 48.0572382609049 45.809268951416 48.289567232132 45.7117209831874 44.9807941913605 49.4835128386815 67.0763651529948 88.6251231034597 99.8851358890533 101.736118396123 100.478420654933 95.250278711319 93.9513842264811 96.151461203893 94.4802562395732 97.1291959285736 101.09531879425 100.319445133209 103.793998559316 123.276571432749 127.946436405182
0 0 0 0 0 0 0 0 2.54108461861809 11.8970510860284 12.5083302458127 7.94623916347822 1.17698746422927 0 8.27203380564849 19.692321618398 28.6345630884171 32.3607077201208 31.1107685168584 27.6110221942266 23.0458130439123 23.8869786262512 24.2121269305547 25.1707807183266 27.1391446391741 27.9106423258781 30.7260602712631 37.1774360537529 38.8817066947619 37.6936246951421 41.1027744412422 40.5821452538172 36.6904785235723 33.9910785357157 32.7531074484189 35.2344512939453 33.6374789476395 33.0190931757291 36.9703123966853 50.7219036420186 67.1271880467733 77.9473682244619 80.3632885217667 85.6269796689351 85.1227740446727 84.6690436204274 82.7306658029556 81.3521395126979 84.5872759819031 85.9838326772054 90.1667475700378 92.7822788556417
0 0 0 0 0 0 0 0 0 4.44221838066975 14.8189974327882 17.7005492150784 15.0721184909344 7.99896195530891 6.56056093672911 16.9679597020149 25.9708066781362 34.5573425292969 39.0170613924662 38.7197732925415 32.1507503588994 32.1710631251335 31.0737987359365 31.3229734698931 33.0116450786591 32.6175168156624 34.4958901405334 39.8593420783679 40.0771747032801 34.116434554259 33.9686075846354 36.7683693766594 33.8379542032878 30.2004814147949 28.0397658546766 26.3452231884003 22.3839332660039 20.2739511926969 19.5746943354607 16.1021364231904 23.645430803299 34.3556329607964 36.3783041636149 46.6462473074595 51.0593255360921 65.5218412478765 67.3108249902725 67.000890771548 64.2354289690654 65.5743728081385 67.394162217776 73.5884110132853
0.28297962853685 0 0 0 0 0 0 0 0 0 10.7667284707228 26.7872959375381 32.3034723599752 26.8300746877988 17.3211035629114 15.9066878259182 18.6941847205162 27.2580832242966 37.6137246688207 46.0215906302134 45.5798407395681 42.7229255437851 41.8449093898137 38.9546876152356 38.878507912159 39.4461750984192 39.3205434083939 39.8357982436816 40.672759215037 35.0285172462463 32.1552331248919 31.7997833093007 27.2157515088717 26.8235603968302 25.2803812424342 21.4041694998741 17.2092219193776 14.0750457843145 13.014821956555 10.2490596473217 7.83380431433519 6.99141435325146 16.9585309922695 25.4177674651146 33.184198041757 39.1149645050367 48.8512168327967 56.3384195168813 55.0961047410965 51.7135709524155 55.6287268797557 60.775284965833
0.880200881510973 0 0 0 0 0 0 0 0 0 2.55734131981929 21.8841036160787 33.0666278799375 39.1631995638212 32.8266695141792 18.8899872203668 14.2439777652423 15.592273324728 25.4106173912684 41.1428163448969 49.4416256745656 48.8977531592051 50.2859701712926 46.6695725917816 43.9699242512385 45.4845726490021 45.8848526080449 43.6371564865112 40.6176100174586 41.82301958402 35.3690509994825 31.0222233335177 26.6374895970027 20.7310182352861 17.1110990146796 14.0016476313273 11.0290373365084 7.21456545094649 6.17282216747602 4.54575164864461 2.79926663885514 1.27161255416771 1.68924623479446 2.46293501307567 15.6350259979566 29.0720214446386 35.6849233309428 41.3743009169896 45.1522568861643 48.6331880092621 50.2852400143941 53.6619921525319
0.453636283054948 0 0 0 0 0 0 0 0 0 0 14.1702195008596 30.3321306904157 41.0864079991976 41.4018034934998 34.9097599585851 30.22500872612 23.4784508744876 19.1485707958539 24.9843721588453 41.7605936527252 52.6102781295776 55.1711122194926 53.2754361629486 49.4427978992462 49.4776765505473 52.4287720521291 51.2289603551229 49.062634507815 46.1563766002655 40.5782386660576 32.8694408138593 25.7428934176763 18.9949199557304 13.9462438722452 10.4323377211889 7.63773297270139 4.76210129757722 3.12806727985541 1.80570067216953 0.463978465025624 0.013245224787776 0 0 2.64044602711995 12.4249582489332 22.7492277820905 24.5673308769862 28.1092450022697 37.087008357048 44.1012730201085 49.7632523377736
0.109834150255968 0 0 0 0 0 0 0 0.150842514509956 0.146286455371107 0 8.46150207022826 17.4261132876078 29.6129087607066 42.5712764263153 48.0196873346964 48.2201278209686 39.6252622207006 29.1391015052795 20.6952194372813 27.4093672633171 43.9240634441376 50.6933232148488 55.2215228478114 56.5675397713979 58.7895959615707 60.2656304836273 60.2082709471385 58.6348424355189 52.1359791358312 43.3706641197205 33.4136436382929 26.2276902794838 19.0573657552401 12.3483166098595 10.1447273045778 5.68705300490061 2.4128183722496 0.586128289190431 0.0908430083654821 0.00111401383643776 0 0 0 0 0 8.0002856751283 8.15816161533197 16.7759930094083 21.6838071743647 27.6611347993215 34.9049965540568
0.126052085155 0.130072323372588 0 0 0 0 0 0.378002955888708 1.06317588749031 4.64270357042551 9.69113782048225 11.4571390052636 14.7073765595754 22.7062106132507 32.0828929543495 42.766938606898 46.1021314064662 49.1503377755483 46.0586100816727 34.9493945638339 23.9718407392502 32.6100364327431 40.4888192812602 49.2306997378667 57.8292906284332 63.8392567634583 65.0609781344732 64.5211488008499 57.6343288024267 56.2660793463389 45.403391122818 34.5501850048701 23.5978091756503 17.0384409526984 9.51981358230114 4.94603750606378 2.29466582338015 0.527985820857187 0.0227136940035659 0 0 0 0 0 0 0 0 1.34623640527328 4.21480896572272 9.34285608430704 10.3851525733868 17.1856420735518
0.0876244933654865 0 0 0 0 0 0.00157960827588492 0.824659519518415 1.2879886974891 1.29948991040389 1.38814048841596 5.10444088528554 8.44998471438885 12.55252212286 21.0804293553034 33.1735809644063 41.540265083313 44.0397610267003 47.1924940745036 47.8315055370331 40.8486972252528 32.3852027455966 35.1066862543424 42.0656849940618 50.4902849594752 57.665670911471 63.5351041952769 65.6276643276215 57.964156071345 49.6678352355957 46.4501281579336 35.2242588996887 23.1690828998884 15.6735293567181 7.99871670703093 3.07052675634623 0.530825500997404 0 0 0 0 0 0 0 0 0 0 0 0 0 1.49607798084617 3.1060604378581
0.761371882011493 0 0 0 0 0 0 0.754276989027858 1.22539924147228 1.10522983595729 1.22228140632312 0.530660346460839 2.12976041560372 3.74204975863298 9.72474801043669 18.8101368645827 27.0580301682154 33.0003947019577 39.3614222606023 51.1157711346944 55.7649483283361 47.4560956160227 45.456737279892 48.4082748492559 51.1653373638789 51.6881197690964 54.6668072541555 59.9732200304667 54.7727793455124 45.3805228074392 33.9554821451505 25.1128847400347 16.0021421809991 8.35594038168589 1.81872537359595 0 0 0 0 0 0 0 0 0 0 0 0 0 0 0 0 0
7.40798376500607 2.54116176317135 0 0 0 0 0.287193397525698 2.02935126920541 2.33831458414594 1.87037543704112 1.12798041664064 0.470154065017899 0.298823385188977 0 3.21838228652875 11.9159258902073 21.0205068190893 28.0207817753156 34.7392559051514 45.6759283939997 51.4297684033712 61.1605197191238 66.6063874959946 64.5005404949188 58.7776700655619 51.4771193265915 46.7762003342311 42.3272848129272 51.2926280498505 39.5900209744771 23.2731203238169 13.6030366023382 5.94612583518028 0.450632457310955 0 0 0 0 0 0 0 0 0 0 0 0 0 0 0 0 0 0
30.1514342427254 24.4045630097389 6.58794119954109 0.709773351748784 0 0.0264032520741845 2.56235245615244 2.93465020755927 2.30041239410639 1.65497371926904 1.15900261638065 2.60317170371612 5.97667259474595 4.61461953818798 5.48836775124073 9.48526275654634 17.5614195565383 24.6697788437208 29.1473319133123 31.6328157981237 35.7169583439827 47.5378433863322 57.0756693681081 61.0538224379222 59.823880592982 54.2046278715134 47.6611355940501 41.6455591718356 35.2382063865662 28.3700997630755 12.4777505795161 3.024664397041 0 0 0 0 0 0 0 0 0 0 0 0 0 0 0 0 0 0 0 0
