input/barkrak2/radiation/dir35324.grid
NCOLS 85 
NROWS 70 
XLLCORNER 665100 
YLLCORNER 4664600 
CELLSIZE 20 
NODATA_value -9999 
[rows 46 to 68 of 70, columns 0 to 52 of 85]
44.4267243146896 45.9353725115458 48.358013232549 50.3318955500921 50.1292049884796 50.0219961007436 51.843782265981 53.5705933968226 50.5943298339844 49.5709478855133 48.8030562798182 48.1514434019725 44.8933094739914 42.1386808156967 42.1166370312373 45.2764978011449 43.5339758793513 39.1082093119621 43.2658443848292 42.1801110108693 39.3342822790146 39.8385797937711 40.1959096391996 38.5129302740097 45.0796186923981 42.1529114246368 43.2843665281932 44.013852874438 43.4549351533254 42.3291226228078 41.7576134204865 38.6592497428258 38.0617131789525 37.9071980714798 40.1660054922104 40.7825236519178 41.9390151898066 46.4709103107452 48.2530146837234 45.519898335139 43.1344558795293 40.9965788324674 46.3408927122752 50.6144364674886 42.9808596769969 19.3618560830752 0.123199521719168 0 0 0 0 0 0
38.8873567183812 41.0705755154292 46.1790213982264 47.6128359635671 51.1026283105214 52.6507993539174 50.8224765459696 50.6406078735987 50.7363379001617 53.4400939941406 50.8870929479599 47.6619899272919 46.3544527689616 46.5634018182755 45.1776534318924 44.1884299119314 43.0460373560588 36.9208455085754 40.4660627245903 41.6112616658211 39.0336066484451 39.4631077845891 42.3100739717484 37.5380764404933 39.4183918833733 40.2203053236008 38.1720066070557 41.1312058568001 43.0893699328105 41.8067475159963 42.5544877847036 42.1807467937469 37.8726373116175 40.4815077781677 49.7311304012934 52.6438057422638 48.6788898706436 43.9589073260625 46.4688787857691 51.6870816548665 46.4939028024673 41.1519209543864 48.9163796106974 52.8982679049174 47.9413370291392 33.479484419028 7.18458617726962 0 0 0 0 0 0
32.6286479830742 35.5943913261096 40.3949767351151 43.5251692930857 49.4437615076701 52.850678563118 49.9853690465291 48.4485526879629 52.3182849089305 54.5061578353246 52.8662155071894 49.4057883818944 48.3821829160055 48.9064554373423 47.1618920564651 42.6118572552999 41.8260345856349 37.4373346567154 40.109562377135 43.5661921898524 42.4536516269048 42.5201704104741 44.2889382441839 41.9127841790517 39.2754549781481 41.3630281885465 39.9907479683558 44.7904864947001 49.7270325819651 51.5333960453669 54.6042025089264 55.0819933414459 47.2442160050074 47.9494978984197 55.3667296965917 61.2701872984568 59.9625955025355 50.9213904539744 45.5879370371501 51.0064860184987 45.7910398642222 40.4135460654894 40.475125114123 40.4775068163872 39.6558046340942 36.6355379422506 28.2824287811915 0.863558612763882 0 0 0 0 0
31.6943178574244 29.8130561908086 33.7567801276843 40.852611263593 46.0528532663981 48.9890724420547 51.5489478905996 54.0592968463898 55.3480237722397 52.4835338195165 54.3290873368581 54.6483000119527 51.8936216831207 49.3375957012177 47.8463172912598 44.037863612175 42.875404159228 41.1543175578117 43.5556620359421 47.0659633477529 48.5566010077794 47.955721616745 45.6681251525879 46.9409227371216 43.1072413921356 45.0239280859629 47.1820086240768 50.9280016024907 57.531883319219 64.2637411753337 69.6802139282227 69.5573637882868 61.5580677986145 56.0678392648697 55.5815001328786 55.7570556799571 63.218742609024 57.9430709282557 49.8475382725398 43.4094965457916 39.9555290738742 40.6195670366287 40.1179144779841 37.4587972958883 33.4086964527766 35.2113371094068 21.4567159612974 5.93062614401182 0 0 0 0 0
31.8742543458939 34.9937205513318 38.3485704660416 43.9821779727936 44.2568014065425 44.7244793176651 52.0907739798228 56.9153626759847 56.9314310948054 56.7173461119334 56.7733744780223 56.6017975409826 53.4695088863373 50.0050932168961 49.9691019455592 53.1085580587387 46.7503319183985 46.5197861194611 48.0211675167084 52.0667185386022 52.4350504080454 49.8418609301249 47.7465043465296 47.0128953456879 43.7346597512563 48.067182302475 50.5384256442388 55.3024510542552 59.413547317187 70.6862459580104 76.5098631381989 79.0020922819773 70.5092748006185 60.2133174737295 43.0776824553808 46.1654116710027 54.1196962197622 62.2326135635376 54.426853855451 41.3121109207471 35.6692944963773 39.781724413236 44.8915064334869 39.9346103270849 36.000852783521 34.336710969607 19.4482132792473 9.42295168836912 0 0 0 0 0
32.611479361852 42.5773511330287 44.550026456515 45.7502106825511 43.7274177869161 43.3119436105092 50.6649017333984 55.6420932213465 55.5781126022339 60.1912289857864 58.1790755192439 57.6565166314443 55.5426180362701 51.702489455541 52.0454446474711 57.6975842316945 51.3879557450612 49.2364118496577 48.2353568077087 49.0989536046982 49.4419584671656 47.9843517144521 47.832061847051 44.5610284805298 42.2908961772919 43.5417592525482 48.3795553445816 49.3450264135996 52.8988341490428 58.3888789017995 69.611797730128 77.706108490626 71.5388556321462 53.5525282224019 17.1681270003319 16.7186992863814 22.8556593259176 48.173060019811 54.8133353392283 56.0480107863744 50.4648784796397 44.1942562659582 35.8271996180216 35.3563278913498 39.3918032447497 35.3218267361323 19.3451046943665 13.9730994900068 0.0421607110183686 0 0 0 0
35.924772421519 34.445842107137 33.7170635660489 35.6609101096789 41.3940797249476 46.2475717067719 47.1621801455816 52.452231446902 52.3868004480998 56.9625596205393 57.2311033805211 59.111292163531 58.8722129662832 55.0537059704463 53.5108844439189 52.5329659382502 53.9945711692174 49.2238750060399 44.3297326564789 41.9687479734421 41.6893810033798 43.841227889061 44.7005579868952 40.5079573392868 41.7475452025731 39.0699232618014 39.8039743304253 41.9049113988876 40.6120295325915 43.8486685355504 47.2753296295802 60.1853082577387 58.8928560415904 33.0633992950122 13.5538863639037 6.9952749957641 7.69104063510895 15.1167437434196 36.1157655715942 52.3279706637065 54.8915565013885 47.4354674418767 34.0710406502088 30.9344306588173 32.5708116094271 22.5408375263214 18.8526337345441 28.2416765888532 13.6535291870435 0 0 0 0
38.1274422009786 29.6454032262166 27.8136606017749 32.3671102523804 42.2605574131012 49.7801353534063 49.5430727799734 50.7608602444331 53.1657636165619 53.5045464833577 55.7510058085124 58.2249561945597 59.9110772212346 58.8172972202301 55.5067757765452 52.9146542151769 55.3609083096186 49.8193105061849 45.6676930189133 45.6295063098272 45.2201465765635 43.700431783994 42.5662149985631 40.1467929283778 40.0891701380412 38.4909162918727 37.2287084658941 37.1064593394597 35.6729825337728 34.1891795396805 28.9087543884913 34.0436572829882 35.3601649403572 19.8661014437675 14.9790222446124 7.75355411072572 1.15010949472586 0.305875670164824 6.65771712859472 20.4559241731962 41.5930797656377 37.9181976119677 32.474381228288 23.5441103577614 18.7327104310195 19.661241521438 17.7490090330442 33.9163268605868 40.469579398632 22.7889766295751 0.928507031251987 0 0
38.2789572079976 33.4247226516406 31.7368681232135 36.4544639984767 44.6578860282898 51.3604730367661 53.8858125607173 50.2887070178986 54.7873278458913 53.4224857886632 56.7998935778936 58.7252328793208 59.9550803502401 61.4848037560781 57.2479168574015 57.4067533016205 57.7296515305837 53.1286895275116 50.5649546782176 51.1311739683151 50.6474922100703 46.2918331225713 44.7077055772146 44.6813801924388 43.2744373877843 42.3185875018438 39.6618098020554 36.2082595626513 32.6149687170982 27.8714299201965 22.6033652822177 26.7026498913765 34.3218371272087 36.5210299690564 34.756009777387 25.0568961103757 7.80774342517058 1.04540609754622 0.522963896704217 4.31975318739812 17.1083236734072 20.7982882857323 17.3728987574577 12.254777053992 12.0267843206724 16.7383253574371 18.4415715436141 19.0983315308889 36.7026055852572 40.1597569386164 24.4030207395554 0 0
41.0955424110095 39.7836814324061 36.741241812706 35.8504305283229 40.9901887178421 50.6857931613922 51.8693874279658 50.1727213462194 52.1552463372548 57.0842375357946 62.7944966157277 63.480332493782 61.8222057819366 62.5075399875641 60.5631669362386 60.4099482297897 60.7442557811737 58.8434785604477 54.4850329558055 52.1282305320104 49.7327993313471 48.8525927066803 49.5363126198451 51.9447227319082 47.8076140085856 45.4256286223729 37.3868867754936 31.9583068291346 26.7103215058645 23.7578377127647 24.5447630683581 30.1070188482602 37.9542584220568 48.6915310223897 53.6945064862569 52.0999083916346 37.9092221458753 24.9615808327993 14.7639165321986 3.65684119363626 8.17624665796757 16.7237396041552 17.2209019462268 12.1877565979958 11.7768570780754 25.3476351499557 42.3795878887177 36.1001367370288 31.3460851709048 36.4519084493319 16.9039890170097 5.91280621786912 0
43.4350868066152 42.8892622391383 41.9002423683802 38.9252230525017 40.1556144158045 48.1483240922292 50.0486592451731 50.1610289017359 50.4612177610397 59.0378393729528 66.4119919141134 65.1843945185343 61.0861927270889 63.3970697720846 65.0311261415482 59.380849202474 61.794767777125 59.2593997716904 56.2982906897863 53.8916538159053 53.1100730101267 54.0563265482585 51.9567728042603 49.5144029458364 47.6433932781219 42.4459874629974 26.784951488177 4.17398009449244 3.19396673391263 10.6411501765251 21.9337940216064 28.0264467000961 36.2646927436193 43.4021651744843 53.705225388209 56.5757652123769 55.1710873842239 49.4092504183451 36.9214415550232 20.0825308760007 9.60931368172169 16.8378228942553 33.069538573424 34.0228875478109 28.5527805487315 44.6092287699381 64.6341840426127 57.0051819086075 37.1385763088862 24.4192952911059 12.3449191451073 6.92469067871571 1.98981879899899
42.4398680528005 40.6606594721476 44.0341283877691 45.0329631567001 42.9626355568568 45.2390958865484 50.1837531725566 50.8822699387868 51.2382338444392 58.732474843661 64.7491912047068 63.371886809667 59.1911772886912 62.6103729009628 65.5675033728282 57.4440211057663 58.8489125172297 57.8063130378723 56.1920603116353 57.5151940186818 58.4177821874619 58.5492352644602 54.7523597876231 49.09947514534 48.0357557535172 44.5229262113571 29.0385410189629 13.081652422746 12.687540302674 19.1773399710655 27.0506044228872 31.746452053388 44.4863736629486 53.9859533309937 64.469908674558 58.7273091077805 55.4181238015493 20.6249815722307 20.9722220897675 21.4952081441879 20.5039282639821 34.2772752046585 38.1729205449422 20.0072365502516 15.1284150779247 18.800612539053 26.7488708098729 44.6207424004873 30.1023572683334 19.9906925360362 14.309249818325 9.9916122853756 11.6368557016055
32.4231112996737 39.1759028037389 42.3346062501272 44.9125419060389 45.0124243895213 42.0496165752411 50.2457916736603 53.4951686859131 54.4632027546565 59.3164016803106 61.1568490664164 60.4982078075409 60.2849870920181 58.799942334493 60.4179004828135 57.0988655090332 54.5696467161179 57.43241806825 58.9646299680074 61.3108078638713 62.5560830036799 59.5913231372833 57.0733298858007 52.9009799162547 51.1012772719065 51.2862900892893 46.208788951238 40.5318935712179 40.1396031181018 41.5615836779277 38.223405679067 37.6424863934517 48.6598511536916 65.2616719404856 47.0221787691116 42.5527195135752 25.0267038742701 9.84760994712512 2.99446129550536 6.54840655624866 7.43337348103523 24.7669691840808 41.0088747739792 34.7825239102046 23.7128486235936 24.7071757912636 37.0120157798131 41.0031353433927 38.4467442830404 32.4665904045105 26.8508742252986 25.7745981216431 45.9401061137517
24.1231520970662 36.9313905636469 40.5055284500122 43.2398617267609 45.9924389918645 42.5516615311305 46.0242132345835 52.9260585705439 62.8554274638494 64.2966131369273 59.6724897623062 57.6376815636953 59.4310909509659 59.0580552816391 59.3328277269999 57.3089023431142 54.2075137297312 56.7718247572581 55.6650112072627 52.8260767459869 54.5820742845535 53.8716415564219 54.1430513064067 52.8231114149094 53.9273122946421 58.5942268371582 65.7390256722768 65.4177864392598 55.9383730093638 51.8628011147181 41.7148272196452 34.8627492785454 42.4692034721375 40.4032518466314 17.6290807624658 11.7828100919724 11.0869233806928 5.97438961267471 0.275325437542051 0 0 10.490311930577 35.338302453359 52.4778664112091 53.7254512310028 57.9473326603572 55.7789504528046 55.8234353860219 55.9256772200266 45.8754549423854 35.9565565983454 45.0506856044134 89.0791118144989
25.9643693765004 34.4113657871882 40.8682227134705 43.1638459364573 44.4911619027456 44.6921388308207 39.6155913670858 48.2127169768016 66.701794664065 66.0344262917836 58.0265025297801 54.9657344818115 57.446300983429 61.0060393810272 60.4454874992371 57.3202768961589 56.6178858280182 54.8519988854726 48.7902114788691 42.782336473465 42.5817370414734 45.9989011287689 46.6789454221725 51.0759701331457 52.3413270711899 59.1544359922409 74.4218726952871 79.9211114645004 61.2400621175766 49.22021428744 40.7345816493034 29.3367877602577 28.4303923447927 33.7104275822639 16.2154460946719 8.3276778459549 9.20494521657626 13.578400015831 7.18480969468753 0.344525751036902 0 1.14843909007808 17.8540945053101 37.8126502037048 43.66235435009 40.8044854799906 42.3066169023514 43.2491600513458 40.687195956707 41.8865978717804 42.2038187583288 73.3094364404678 109.110057353973
36.1466656128565 38.79481057326 40.7609542210897 37.9664823412895 32.8709110617638 29.1651015480359 35.9690388043722 41.880930463473 50.4291752974192 46.579251686732 42.0152395963669 49.3732243776321 56.4685960610708 58.2476208607356 54.3586015701294 56.4207931359609 56.9440275430679 51.7120659351349 44.6408639351527 39.7552847862244 39.6483689546585 40.2375931541125 43.257067600886 46.5287367502848 48.1235533952713 52.8399000565211 63.7417187293371 72.6193437973658 61.4472130934397 47.4149584770203 35.9988858302434 26.2503723303477 16.1332028607527 36.8198032180468 33.9183484514554 15.3869241476059 15.3177430232366 36.4066883921623 38.269579410553 24.9338696400325 4.75655558208625 2.04519322142005 9.62190143764019 16.0142332315445 14.9053571124872 16.441876689593 18.6689818898837 20.718681315581 20.1979676882426 35.3602692484856 54.4768075148265 104.808668295542 119.848509629567
46.511709690094 43.3990408976873 39.9837816754977 33.6846386392911 24.9912664294243 19.7787955403328 28.1080727775892 28.6908472577731 20.313282807668 17.0531968275706 29.5371785759926 39.3853535254796 45.4446226358414 49.2617537577947 52.1455705165863 62.0725254217784 64.6554529666901 56.669756770134 48.8148182630539 45.7561115423838 43.1891282399495 43.2515988747279 44.4879134496053 42.0644134283066 44.176975886027 46.5939392646154 56.3882489999135 58.192104101181 53.4819861253103 35.7996771732966 34.6144363284111 30.8933133880297 27.1682739257812 44.440969824791 50.833597779274 39.7127270698547 30.369703968366 18.8176855444908 20.9889014561971 28.6649415890376 16.0649990042051 7.80346368749936 9.33546697100004 9.74685450394948 5.02878986299038 6.00791970888774 12.6716221372286 14.5280609528224 15.4906623065472 35.4566127061844 78.2389392455419 120.264718929927 125.884264707565
49.0175932645798 42.9118871688843 38.5188733537992 35.090796649456 28.6687264839808 23.5307564338048 20.0652840236823 15.0632361570994 2.20556650310755 9.67329864700635 25.0468850135803 35.1323013504346 34.8873659968376 42.0138339201609 54.5390645662943 69.6420669555664 74.8969217141469 68.1307166814804 60.3382090727488 56.5992494424184 52.0749092102051 49.7564325730006 50.2251237630844 45.6292728583018 41.7829751968384 43.6620811621348 41.1160339911779 44.6906139453252 42.5233195225398 29.3888126810392 28.6258608102798 29.1999727487564 18.9251862466335 40.3169145186742 65.9716626008352 68.9695427815119 44.5950975020727 13.3155609170596 10.3075473258893 15.1098494728406 15.5188962817192 13.4429869552453 14.4074944158395 13.556477924188 7.42432537178199 4.57338554163774 10.0623437513908 14.2528439561526 24.6137554446856 47.3568340142568 108.329276243846 139.173318942388 140.863517920176
51.3095855712891 46.3201254606247 45.0491358836492 46.0875729719798 43.0224984884262 37.317248682181 32.7310214440028 33.0703134338061 31.9093987345695 37.4541531006495 44.6919749180476 49.6786236763 49.9538034200668 45.641615986824 55.2030106385549 70.0544913609823 79.1751543680827 80.0830920537313 73.2178787390391 64.1515702009201 58.5298637549082 54.5607209205627 52.8160631656647 54.2801121870677 47.4664221207301 37.755623459816 32.2453454136848 34.750426808993 35.8453914523125 35.4634647568067 15.7878746589025 16.086774567763 12.938824792703 20.4901856680711 72.4518597126007 82.5772831837336 51.565279563268 16.7720293005308 5.59644028544426 5.69118000566959 8.40008382995923 6.4637449880441 14.7857889533043 18.7489613890648 27.1986971298854 11.7619050045808 12.4352388083935 29.8765748739243 53.1875342130661 95.2237248420715 126.969039440155 140.242993831635 143.875728050868
52.0561536153158 49.4006375471751 49.5513876279195 50.9166121482849 50.44886469841 46.9999512036641 46.7810779809952 54.0027817090352 69.6254322926203 65.7469977935155 57.1453620990117 58.3016524712245 63.5862102111181 52.3502727349599 53.208202123642 61.4998837312063 69.3282137314479 76.3642539580663 77.220877011617 70.6905921300252 65.3331776460012 59.3303988377253 56.4175099134445 53.3452828725179 45.958936214447 37.6120085517565 26.433914899826 27.1891007820765 30.0422062476476 15.672912200292 11.17326070865 9.47996353109678 5.49587979912758 2.39186889181534 65.7972147067388 84.0631127357483 65.5040442943573 53.3297508955002 24.0115125974019 2.18234257772565 0.0157369358930737 0 7.33708714445432 29.8595875501633 36.0743477940559 27.3599574963252 26.1305371920268 46.9899624586105 101.194699605306 144.087453683217 138.188362121582 126.618365446726 130.304475625356
51.2605607509613 48.1116672356923 42.9370254278183 38.6196300387383 38.8314773639043 40.6935413678487 40.8439760406812 51.7879277467728 61.1754854520162 56.952769557635 48.0600645144781 47.5208957990011 57.7555894851685 53.9410213629405 50.6803790728251 49.2599308490753 49.8166580994924 57.0185631513596 66.792885462443 70.9073046843211 66.8682903051376 61.1242701609929 55.295800169309 50.093154112498 43.4581836064657 35.075897971789 25.7429530223211 15.9320210417112 26.4689375956853 20.5446009834607 11.1312655111154 6.57566760977109 1.03636256729563 0 0.0589242214725042 74.3291527032852 81.2394767999649 91.4188822110494 73.2750793298085 27.1678914626439 1.66077477236589 0 1.72070584570368 16.1782428622246 41.1761452754339 59.6540868282318 79.4358154137929 127.846896648407 167.475163936615 177.715400854746 163.113355636597 131.95530573527 116.176048914591
53.3192058404287 51.3626833756765 45.7846721013387 39.3948405981064 37.9536673426628 40.6252195437749 33.8024571537971 31.7688484986623 33.2581574718157 30.2191476027171 23.4463661909103 21.3757678866386 25.1007750630379 41.5272389849027 48.3330090840658 43.1618491808573 31.8045342961947 28.7525032957395 40.1436239480972 59.3471030394236 61.0688825448354 55.8436661958694 49.1283486286799 46.7081864674886 40.3857876857122 34.8856250445048 28.97097915411 7.9676794509093 12.5553260246913 32.1730102101962 16.6986746092637 10.2652460336685 3.18190765877565 0 0 53.3938258886337 93.5883124669393 107.751528422038 94.4206714630127 65.9192999204 34.2062438527743 6.79995678365231 4.47190552949905 20.4793450733026 49.6590882539749 110.30246814092 150.13712644577 179.909269014994 188.860515753428 188.166379928589 178.70686451594 151.054590940475 122.927208741506
54.9501876036326 54.883008201917 52.4367888768514 49.0407148996989 47.2402622302373 46.5503732363383 32.2528034448624 19.3747902909915 19.7079380353292 21.5562134981155 19.1046533485254 16.6588698824247 17.7427008748055 37.9410237073898 51.0774503151576 41.4349709947904 24.845873316129 13.3720611532529 16.4274200797081 29.6205878257751 40.5485431353251 43.9503093560537 44.5430378119151 37.8726671139399 33.747856815656 29.4080749154091 11.3093306620916 5.70106133818626 9.07126379509767 35.1637278993924 43.5536106427511 36.7592573165894 18.0477139850457 0 0 31.9856181740761 86.8560870488485 95.1306323210398 76.4991690715154 73.4834770361582 77.8511216243108 62.4360591173172 41.2702808777491 55.2924126386642 105.370312929153 149.033606052399 171.841740608215 182.803352673848 184.599200884501 182.16747045517 177.298267682393 155.867050091426 141.611079374949
