input/barkrak2/radiation/dir36524.grid
NCOLS 85 
NROWS 70 
XLLCORNER 665100 
YLLCORNER 4664600 
CELLSIZE 20 
NODATA_value -9999 
[rows 23 to 45 of 70, columns 0 to 51 of 85]
58.4809134403865 48.5982000827789 19.8157106836637 4.44373146941264 0.140018683547775 7.36660199860732 4.58725976447264 3.49905993789434 2.36058188602328 2.68992564330498 2.08711158484221 2.36095084498326 9.43856313824654 12.5215115646521 10.1879655073086 10.5536505579948 15.9701729814212 23.2752189040184 27.6939968268077 21.7108875513077 20.9737569093704 24.3137280146281 34.7040891647339 43.6558276414871 49.7028479973475 49.012636144956 43.6258216698964 37.2605994343758 18.5146766404311 8.11636199553808 4.66904044151306 0.82210754044354 0 0 0 0 0 0 0 0 0 0 0 0 0 0 0 0 0 0 0 0
58.4209859371185 54.5689711968104 34.2722212274869 8.47949708501498 0 2.60156548271577 4.5155327146252 4.6974861373504 3.92272757987181 3.25520584980647 2.82776821404696 1.90109262863795 4.92323034753402 10.7078502575556 9.99175136288007 9.59335143367449 13.7371756136417 21.5253829956055 27.4137333035469 20.3617277244727 18.979457517465 16.3430447379748 22.5010613600413 29.9846976995468 33.8198790947596 35.0763325889905 31.9259390234947 28.4376392761866 12.9300343493621 4.0991942708691 1.70121310899655 0.909892686953147 0 0 0 0 0 0 0 0 0 0 0 0 0 0 0 0 0 0 0 0
46.756237745285 50.6005932887395 43.6981618404388 16.9601812958717 0 7.06212843457858 14.0938560167948 21.6133594512939 22.4962780872981 18.9152496556441 13.5401437679927 15.4570241769155 13.8646041353544 16.2860540052255 16.0702094435692 11.9740093747775 12.9387602210045 19.6331180632114 26.2655739982923 28.2775312662125 28.4819503625234 24.8511632283529 22.1639101703962 22.2576533754667 24.7612148523331 26.3657073179881 22.7271815141042 23.352637887001 13.9774978160858 10.3504539777835 7.92151999970277 10.0068685909112 5.82111502687136 0 0 0 0 0 0 0 0 0 0 0 0 0 0 0 0 0 0 0
45.495018362999 50.0270326932271 47.6639966169993 25.0791956981023 4.56747319549322 17.2183141112328 29.7485068440437 41.2171433369319 48.7096508344015 42.7932639916738 27.3109823465347 27.7099534869194 24.6873050928116 25.8165076375008 26.1292631427447 17.3411704599857 14.8996561765671 21.490382651488 28.7289296587308 37.5765487551689 39.357269803683 36.7208272218704 29.1090433796247 23.7210839986801 24.1260429223378 25.8756801486015 21.8206147352854 29.1182746489843 27.937983473142 26.7782310644786 30.1406756043434 44.4633861382802 51.708921790123 32.857820391655 0 0 0 0 0 0 0 0 0 0 0 0 0 0 0 0 0 0
46.6445436080297 45.8304435014725 45.8131531874339 30.4205367962519 25.2382333079974 35.1045181353887 50.3490716218948 56.9027165571849 55.2476743857066 48.9368438720703 35.863829155763 30.0222635269165 27.7270103494326 29.3223361174266 30.5772175391515 25.3394320607185 20.3364913662275 24.704672396183 35.696101685365 40.5575980742772 38.6482526858648 30.9454053640366 28.7096972266833 29.1351675987244 29.4560169180234 29.4710745414098 27.3274605472883 36.7001816630363 52.4857143561045 56.6702236731847 59.4679067532221 64.7684882084529 74.9504019816716 79.2385339736938 38.5435173908869 0 0 0 0 0 0 0 0 0 0 0 0 0 0 0 0 0
49.4319498538971 40.2500381072362 40.6057586272558 32.6261222362518 44.0103163321813 48.7616161505381 53.2075464725494 51.978458960851 44.9532816807429 36.8729680776596 31.4058909813563 26.4218697945277 26.4335696895917 30.278687675794 31.5942267576853 32.9509700338046 27.7192741632462 23.8747745752335 32.1903477112452 35.1550132036209 32.744621237119 26.5305464466413 26.689812541008 31.7824855446815 33.8228394587835 30.5715575814247 31.2867164611816 36.5094070633252 58.1760356823603 70.4429298639297 75.3564536571503 78.920712073644 85.4529043038686 88.61509958903 77.9575357834498 16.1348854502042 0 0 0 0 0 0 0 0 0 0 0 0 0 0 0 0
50.6910582383474 36.0819548368454 35.9749247630437 36.6517057021459 45.5231567223867 49.6876736481984 42.4282103776932 27.3861462871234 8.8542935748895 6.12255310018857 5.39391736189524 13.1307716170947 24.2400045196215 30.7032192746798 31.5635974208514 35.5583777030309 32.9840357104937 22.1593976020813 23.6836448311806 26.7215992013613 25.8728017409643 26.1217479904493 26.1240924398104 31.60243978103 36.1165453990301 33.1081996361415 35.1550579071045 36.8310064077377 52.1276146173477 72.6780792077382 83.2578986883163 87.2768759727478 88.5432064533234 91.5157596270243 97.0831513404846 78.6496897538503 11.45022859176 0 0 0 0 0 0 0 0 0 0 0 0 0 0 0
50.125926733017 50.3449340661367 66.9531573851903 93.2801266511281 75.0681310892105 54.4007122516632 33.1767151753108 8.2884319126606 5.58595607678096 10.7692629098892 5.21725602447987 4.711396060884 22.7060516675313 31.9313704967499 34.609317779541 40.0778303543727 37.0132923126221 26.026281217734 25.4383037487666 28.2972902059555 25.7360686858495 29.1785101095835 30.2802150448163 32.2052985429764 37.5560199220975 41.1302720506986 39.6481032172839 41.8456941843033 53.4420609474182 75.3014087677002 89.7269149621328 92.4053887526194 89.6203617254893 97.2785751024882 105.3300400575 107.941965262095 82.4707746505737 31.0773601134618 0 0 0 0 0 0 0 0 0 0 0 0 0 0
60.198038816452 88.8145864009857 132.710635662079 152.722934881846 133.281201124191 89.7071560223897 49.3673135836919 26.435062289238 22.051547964414 25.4576255877813 18.7932128707568 16.3059743742148 24.3209029237429 30.3436070680618 37.7803196509679 42.3824985822042 39.1164273023605 33.725547293822 27.7570933103561 28.6427363753319 28.5689930121104 31.5760895609856 33.6998303731283 33.8066220283508 37.8869846463203 48.4760403633118 48.0478902657827 53.0196527640025 61.5952908992767 76.5887896219889 89.4655485947927 94.5076644420624 96.0162778695424 100.687185923258 106.894751389821 109.473158915838 101.202706495921 82.0141782363256 27.4418443441391 0 0 0 0 0 0 0 0 0 0 0 0 0
113.050520420074 147.312770287196 173.363069693247 175.169030825297 171.954909960429 148.682137330373 110.618849595388 78.2593339681625 59.193342924118 49.4039009014765 45.7269201676051 36.3970249891281 26.5424226721128 27.8223256270091 36.3511095444361 42.2278543313344 37.142758568128 37.9413515329361 28.3478498458862 26.8085077404976 30.8754195769628 32.4274773399035 32.3621754844983 32.5941517949104 36.5578457713127 48.8596111536026 54.0735671917597 60.7156107823054 68.8295265038808 75.63050587972 85.8782827854156 93.9143300056458 94.2641297976176 91.5543437004089 92.3905571301778 89.7304813067118 91.0764833291372 78.2199800014496 39.7916163007418 0.114890290812279 0 0 0 0 0 0 0 0 0 0 0 0
164.4287109375 182.461261749268 188.185433546702 186.178644498189 189.132809638977 184.265295664469 165.072570244471 128.017236789068 93.5827096303304 70.7155615091324 71.1757093667984 64.943124850591 42.4247880776723 34.1832588116328 34.6384247144063 37.9759718974431 32.9725593328476 33.7630237142245 27.3919925093651 28.1449407339096 27.7499333024025 29.1335508227348 28.4098014235497 28.513307372729 33.9400842785835 42.8518156210581 53.390180071195 56.9251676400503 65.1628524065018 75.3503739833832 84.8143398761749 86.5323444207509 78.7879526615143 69.6729123592377 71.2613562742869 59.9251290162404 61.2872342268626 48.4689225753148 11.9906850159168 0 0.498645706102252 0 0 0 0 0 0 0 0 0 0 0
178.368409474691 188.391784826914 187.883814175924 189.217905203501 190.718948841095 188.138206799825 180.092930793762 151.512116193771 108.325719833374 83.1746359666189 81.7844718694687 79.5566240946452 62.6972864071528 43.2296593983968 35.4809959729513 35.5972101291021 30.5388222138087 27.4584839741389 26.99842552344 29.7038555145264 26.8112793564796 26.8131544192632 27.2120758891106 28.2968829075495 32.145564754804 38.2832338412603 46.0033019383748 47.4392871061961 55.5077195167542 70.3767041365306 77.6802450418472 76.611652970314 71.7195669809977 65.7623708248138 59.343566497167 49.304058154424 52.87833015124 50.4421641429265 33.104528983434 4.25713695585728 0.879820436239243 0 0 0 0 0 0 0 0 0 0 0
170.982400576274 174.4158466657 171.265880266825 173.453350861867 173.857450485229 168.828547000885 163.463652133942 147.059708833694 114.477654298147 95.2022274335225 86.6321126619975 80.2953491608302 72.2926060358683 48.9382694164912 38.6279498537382 39.2932891845703 33.1270123521487 26.1620233456294 29.4444262981415 30.985156695048 29.7072653969129 27.2636065880458 29.9235135316849 33.4485769271851 31.8820079167684 36.3038629293442 40.2242143948873 40.8681705594063 47.0758179823558 63.144971927007 71.1925029754639 70.4387327035268 73.3705212672551 74.1541137297948 59.4814668099085 54.4714232285817 58.0558230479558 63.8965666294098 58.3967467149099 23.3329981565475 0 0 0 0 0 0 0 0 0 0 0 0
145.888984203339 148.904293775558 151.328911383947 147.644887367884 147.381802399953 147.171308596929 151.785135269165 148.835003376007 123.371611038844 103.187392155329 91.1742448806763 72.1388906240463 64.5395815372467 45.4992552598317 34.7301885485649 39.0711749593417 40.3239255150159 30.4136176904043 32.9738010962804 35.6680005788803 35.5837866663933 32.4420481920242 33.1288402279218 35.361592968305 33.8330989082654 34.0867837270101 38.8074119885763 44.3135499954224 48.4129587809245 58.4892084201177 68.9168274402618 72.1744298934937 74.0568737188975 77.8979361057281 62.4923557043076 62.1667404969533 62.1792574723562 69.9869096279144 69.4554348786672 34.9346399307251 0 0 0 0 0 0 0 0 0 0 0 0
122.773110866547 132.355610529582 143.113931020101 140.281061331431 138.556112845739 145.178367694219 154.9431681633 158.350169658661 143.810292085012 112.827718257904 90.4840429623922 65.403421719869 49.289882183075 38.8287430008252 31.1382263898849 34.8507712284724 44.1758384307226 37.4738524357478 35.210465391477 37.9699220259984 38.5066792368889 35.6608678897222 33.826303978761 35.3175401687622 36.0367347796758 35.6430560350418 38.3035987615585 45.4300940036774 48.7284809350967 53.7075996398926 63.5930647452672 73.0623255173365 74.6133873860041 70.0769821802775 59.9555869897207 69.2244619131088 70.8106209834417 75.360099474589 76.4266401529312 53.0962646007538 0 0 0 0 0 0 0 0 0 0 0 0
87.9887739817301 98.727285861969 107.391953468323 111.578116814295 119.228363037109 134.852389494578 148.423542579015 157.374223073324 152.996122837067 125.363190968831 92.8890109062195 61.9979053735733 44.8929319779078 41.5838037927945 35.3297640879949 30.1064103841782 39.8843362927437 40.3795639673869 35.5238964160283 35.5620061357816 35.9678541620572 34.0883607665698 32.0851554473241 33.6865782737732 36.3876943786939 39.8396973808606 38.8755997021993 43.5299128293991 47.3442276318868 48.5663513342539 57.0529103279114 69.6688741445541 73.3964443206787 61.5209986766179 62.5053346157074 76.9433975219727 78.6501069863637 79.0341397126516 79.9396683772405 76.4282693465551 26.9585177302361 0 0 0 0 0 0 0 0 0 0 0
54.888904094696 61.291848619779 60.8179171880086 70.3980674346288 85.6022636095683 102.257351080577 116.347452004751 129.041165113449 130.498141050339 107.923497756322 74.6188660462697 52.1146953105927 40.3357023994128 38.8490706682205 36.1337910095851 32.0531701048215 36.3882780075073 36.9322970509529 31.3837205370267 31.8929105997086 34.6200913190842 37.3876964052518 37.2153793772062 33.5870633522669 33.5883051156998 35.8638366063436 40.725514292717 43.015201886495 47.2437640031179 46.5363363424937 48.9674508571625 59.9580506483714 66.8867826461792 63.4849866231283 78.5144170125325 85.3829185167948 83.1324110428492 78.0010521411896 83.1086784601212 95.5858031908671 85.5868856112162 33.5654889543851 0 0 0 0 0 0 0 0 0 0
44.6560482184092 46.3902453581492 46.4634348948797 48.5440840323766 56.8422625462214 62.8360013167063 66.5711462497711 71.8423922856649 72.2119808197021 58.3195785681407 43.7566687663396 39.7674242655436 38.621611893177 36.4843010902405 35.2478275696437 35.8516027530034 35.1958274841309 34.74194308122 31.170462568601 31.4654459555944 35.4257871707281 40.1196479797363 41.739821434021 38.4198104341825 36.0758105913798 34.8451485236486 42.4345433712006 45.1770573854446 47.4993934233983 47.3671555519104 47.5648442904154 54.3009738127391 61.2416714429855 69.5136388142904 85.6507321198781 83.8281909624736 76.8169413010279 68.3626582225164 70.5592383941015 87.2170825799306 96.0071086883545 85.022250811259 42.5813297430674 0.846388206506769 0 0 0 0 0 0 0 0
52.2905041774114 49.9887665112813 50.2143651247025 49.9877731005351 46.7501233021418 45.0320094823837 43.845534324646 45.2762842178345 50.0197112560272 42.5558636585871 35.6004511316617 37.2338443994522 39.9393166104952 40.4529521862666 39.381464322408 37.7690543731054 33.0930004517237 39.4440144300461 41.1844849586487 37.8428374727567 40.6288057565689 40.9583648045858 39.4055570165316 41.8479889631271 43.3469911416372 39.4485394159953 43.9731230338415 46.3385532299678 48.2690383990606 49.2207606633504 49.8506178458532 53.1160831451416 59.3110769987106 75.1867194970449 80.120454231898 75.2146492401759 66.1056687434514 57.42480357488 54.3760806322098 64.0180806318919 88.3867939313253 89.2051259676615 68.4442420800527 23.6840546131134 0 0 0 0 0 0 0 0
56.3009877999624 53.7124921878179 56.4277122418086 55.2253425121307 48.8349745670954 45.8802779515584 43.9814478158951 41.6603287061056 41.9616301854452 38.8430828849475 37.3048260807991 37.5102609395981 40.9122655789057 44.1397577524185 43.8923537731171 41.5476237734159 38.8795211911201 43.7966485818227 46.653206149737 42.203351855278 39.4894604881605 37.8680229187012 34.8538880546888 37.288710474968 41.9524510701497 38.9588524897893 36.3729000091553 41.1548167467117 44.9954320987066 47.0974644025167 48.3317871888479 48.2596556345622 58.1996689240138 74.7578293085098 79.2483637730281 65.9047265847524 57.1420192718506 53.9742708206177 51.8782834211985 57.8290124734243 65.6739672025045 68.2327846686045 56.3365419705709 29.9304301540057 0 0 0 0 0 0 0 0
41.7693257331848 44.2857841650645 52.3828665415446 50.0088532765706 52.3891746997833 54.7008613745371 53.990493218104 50.050695737203 40.7913401722908 39.5375738541285 42.5858199596405 39.5543699463209 40.65885891517 44.065515200297 44.4491108258565 42.0788129170736 43.4576372305552 45.2706962823868 45.4988380273183 42.0980205138524 37.4223738908768 35.229836901029 33.7071493268013 34.038874010245 37.0565528670947 40.2384350697199 35.6920436024666 37.5095854202906 42.4776424964269 43.9491470654806 42.692576845487 40.7758553822835 49.4863192240397 63.2212658723195 68.2660241921743 59.2370579640071 56.0157944758733 58.347890774409 58.1159989039103 58.4274381399155 54.5218040545781 54.5668204625448 50.4510303338369 29.8245077331861 0.36799597243468 0 0 0 0 0 0 0
40.3126229842504 45.7695325215658 48.5836813847224 49.2673565944036 51.0183125734329 53.4301251173019 53.7899484237035 50.2704083919525 46.1910863717397 42.8447673718135 44.4506704807281 42.5395667552948 40.0984411438306 38.7551710009575 38.1579324603081 38.4746640920639 36.0022311409314 41.789765159289 42.9444213708242 41.8407171964645 37.5964293877284 36.3152821858724 36.4262312650681 38.1959602236748 36.5863790114721 44.6927845478058 46.8230346838633 43.8202271858851 42.9524580637614 42.1588321526845 38.3440976341565 36.3801519076029 41.3412849108378 45.8687444527944 51.4687399069468 54.1773537794749 57.90642897288 63.2846305767695 64.3192877372106 55.8060606320699 54.2338689168294 51.7526715993881 49.4773139556249 34.1937194267909 6.78471103310585 0 0 0 0 0 0 0
46.0750559965769 50.4607657591502 47.8175580501556 50.9990702072779 49.6950795253118 49.8615105946859 51.4541069666545 50.2531627813975 51.5674153963725 47.5610097249349 47.0689435799917 46.663095553716 42.7456398804983 38.2645279169083 37.8393456339836 41.2094121177991 37.0604991912842 40.2087693413099 42.999655008316 42.4482127030691 39.9646088480949 39.3400937318802 39.4236395756404 41.4264251788457 42.8871015707652 44.2582716544469 49.3086328109105 46.816498041153 44.5101906855901 43.1396514177322 39.9235561490059 37.0613286892573 39.6506115794182 38.4435107310613 39.5882005492846 42.7862256765366 48.9717225233714 55.9323529402415 55.6842982769012 46.1445053418477 47.7741012970606 44.3524916966756 45.3764498233795 42.4086054166158 27.3298670848211 2.8884628166755 0 0 0 0 0 0
