input/barkrak2/radiation/dir32324.grid
NCOLS 85 
NROWS 70 
XLLCORNER 665100 
YLLCORNER 4664600 
CELLSIZE 20 
NODATA_value -9999 
[rows 23 to 45 of 70, columns 0 to 50 of 85]
75.6368736426036 65.062294403712 32.9322169224421 15.8024802803993 11.3131006558736 16.4939574897289 17.377865811189 6.71495931843917 4.18649179240068 3.78821603953838 8.14455312987169 15.1147147019704 17.3101897041003 21.9877511262894 18.9619623124599 19.9410989880562 25.6695797046026 34.9789013465246 39.3098245064417 33.8694577415784 32.4891780813535 36.2027684847514 47.6189355055491 57.9966853062312 63.9569411675135 63.9565189679464 58.2796186208725 49.8453130324682 31.6138342022896 14.2334265013536 9.90699417889118 3.34189149240653 0 0 0 0 0 0 0 0 0 0 0 1.22238400702675 1.41389559333523 0 0 3.72785236686468 3.95110249519348 7.27897447844346 8.79920398195585
75.2239475647608 71.161299943924 49.3045498927434 20.5622290571531 5.37107015649478 15.8708232144515 13.3229891459147 14.9793451031049 6.54618938763936 5.3312952319781 4.80880681425333 13.6658238867919 14.8457487424215 19.1368286808332 19.7525061666965 18.8738331198692 22.8433857361476 32.7424903710683 38.286879658699 32.0701077580452 30.6581109762192 27.5988404949506 35.8731672167778 43.3258066574732 47.4851032098134 49.1549472014109 45.6940333048503 41.4002488056819 20.2634495993455 9.00094211101532 4.94154108067354 3.43854321787755 0 0 0 0 0 0 0 0 0 0 0 1.88014609739184 0 0 0 0 0 0 1.36134990801414
62.3325407505035 66.6978607575099 59.6796820561091 29.9595519900322 5.77542372047901 15.8077329397202 22.1843644976616 29.6556601921717 29.9080858627955 23.9709168672562 19.3813480436802 21.427924434344 22.0365549127261 26.5424971779188 26.2554089228312 21.3260278105736 23.3053540190061 31.9145396351814 38.4111528595289 41.3780212402344 40.924516816934 37.6982837915421 34.8488762974739 34.6121788024902 37.2563401858012 39.7854695717494 35.7398837804794 36.0225886106491 21.5749467412631 17.1947417159875 14.1586288809776 17.584465444088 12.1442365149657 0 0 0 0 0 0 0 0 0 0 0.893015569696824 0 0 0 0 0 0 0
61.031386256218 66.0728514194489 63.8516346613566 39.0912741422653 16.6845358908176 28.7499502301216 41.2819981575012 51.0841906070709 56.3361098368963 52.0093341668447 35.3073005874952 37.5962108373642 34.1759473085403 36.3077123959859 35.9585930903753 27.4164751172066 25.6674190362295 33.7827081481616 41.7572756608327 50.7518947124481 51.6129682461421 49.9474306901296 42.009229461352 36.4176755150159 37.5148206949234 39.3856118122737 35.0968291362127 42.2249386707942 39.5551373561223 38.0275895198186 42.6067014535268 59.4492405653 67.5322512785594 47.2148557504018 0 0 0 0 0 0 0 0 2.67460569739342 0 0 0 0 0 0 0 0
62.4636113643646 61.4206691582998 61.5300039450328 44.938584168752 41.4911781748136 48.7752656141917 61.6829246282578 67.1168863773346 70.2489912509918 59.3351423740387 45.5961724122365 40.8819963534673 38.6156986157099 37.5817889968554 40.672426422437 36.956712603569 31.6283454497655 37.2069403529167 49.0551988283793 55.1631649335225 52.4844477574031 44.1022465626399 41.8333361546199 42.6474362611771 43.4774607419968 43.7156856060028 41.2030170361201 51.2621502081553 67.5479819377263 71.9700902700424 76.1170536279678 83.0359856287638 93.3361947536469 99.267969528834 56.4569234848022 0 0 0 0 0 0 1.79538844774167 2.98653760304054 0 0 0 0 0 0 0 0
65.39453069369 54.9824337164561 55.5436958869298 47.7247337500254 60.933197538058 61.2768083810806 64.0259434779485 61.762680610021 55.4552376270294 45.2610601981481 39.6783550580343 34.936952094237 35.1511885722478 40.7921473185221 41.7013267676036 44.5617834726969 40.135994553566 36.5563184022903 46.4647710323334 48.184926311175 46.5081483125687 39.8264875014623 39.4831423958143 45.7850644985835 47.9860852162043 44.6041127045949 45.4520483811696 51.4903912941615 74.1547991832097 87.2930586338043 94.6739514668783 98.9546676476796 106.143017609914 109.979043404261 99.3939836819967 30.432383219401 0 0 0 0 0 0 0 0 0 0 0 0 0 0 0
66.461851199468 50.0506510337194 50.2601911624273 52.7243514855703 61.8530710538228 60.8228991429011 50.9885897239049 38.6904031038284 25.8636027574539 21.702932814757 22.3608886202176 27.3223668336868 32.8646848599116 41.2175456682841 44.7358340024948 49.5418657859166 45.7200308640798 33.9496657252312 36.9885216156642 40.3649335106214 39.2710641026497 39.4879654049873 40.0850425163905 45.5882400274277 50.926352540652 47.7228115002314 50.2040485541026 51.9321064154307 67.9485549529393 90.0565385818481 104.596535364787 109.683950742086 110.854556163152 112.562785545985 119.201789299647 100.441932678223 24.4738807280858 0 0 0 0 0 0 0 0 0 0 0 0 0 0
65.3605808814367 66.0184373458226 85.1809978485107 114.671428998311 91.7434692382812 67.9722328980764 43.3125297228495 15.3687869509061 8.67562492688497 18.7622743348281 15.2187831699848 6.29889219999313 31.7227592070897 42.7358498175939 49.5585352182388 53.651491800944 50.7991860310237 38.6204719543457 37.9906768600146 41.5947362780571 38.8897707064947 42.2977258761724 43.8821911811829 46.8501001596451 52.6145348946253 56.3814590374629 55.1987042029699 57.4834098418554 69.8857208093007 93.5663481553396 111.742158730825 115.564485390981 111.180166403453 119.466920693715 128.617256879807 131.644199291865 105.452448129654 49.5665520429611 3.12208601584037 0 0 0 0 0 0 0 0 0 0 0 0
77.0229995250702 108.578453461329 155.151178439458 175.576170285543 155.094146728516 105.351706345876 61.0054284334183 34.579853216807 28.8744792342186 33.103920519352 25.7022728522619 23.1139361858368 32.7246983846029 41.0765533645948 52.8215020895004 56.8849742412567 53.6272575457891 47.5471665461858 41.1424115300179 42.3368314901988 42.7126338084539 45.4586495955785 47.7762470642726 48.2818285624186 53.5371452569962 64.4880930582682 64.4210427999496 69.7596321503321 79.4159720341365 94.7686930497487 108.608851830165 118.192732334137 120.012710491816 125.641524791718 130.930066108704 131.477554639181 124.345004558563 104.367067416509 46.5003550052643 1.66727555915713 0 0 0 0 0 0 0 0 0 0 0
134.223679701487 169.556776682536 195.111274719238 196.386794249217 194.341540336609 167.495131492615 128.127147754033 92.3231740792592 70.8656559387843 60.721625884374 55.3737282752991 45.6630388895671 35.1108188430468 38.4202748537064 50.4245609045029 56.8059881528219 51.6737302144369 52.3530145486196 42.1435137589773 40.4765953620275 44.3599869807561 45.6412583589554 46.1874703566233 47.0796624819438 51.3204534848531 64.7493749856949 70.2543656031291 77.317476272583 86.8270893891652 93.8984751701355 104.995946089427 115.145156780879 118.535717328389 116.844197114309 116.727858781815 110.228548447291 112.788508335749 99.316934744517 54.9543301264445 3.752243394653 0.00671026706792569 0.0260953650771019 0 0 0 0 0 0 0 0 0
186.888933181763 203.551272551219 208.702226479848 206.27365509669 208.999613920848 203.469534715017 180.403590202332 142.047504583995 105.418940385183 83.635151386261 86.2812697887421 75.8056938648224 51.2422025203705 43.6811943848928 49.8997867107391 53.058514992396 46.9943135976791 47.2826957702637 40.9772644440333 42.3922389745712 40.8850659926732 42.8545624017715 42.1965469916662 42.6415850718816 48.9730636278788 58.7737858295441 69.3958699703217 73.1842915217082 82.9292933146159 93.742847442627 103.976786136627 107.120364904404 99.3983447551727 89.8932417233785 91.9658839702606 78.1041234731674 78.9466698964437 64.8311277230581 31.9189702471097 1.54647929593921 5.77803080280622 4.0120758737127 0 0 0 0 0 0 0 0 0
201.700588067373 210.293491681417 208.323001861572 209.026098251343 210.252543290456 209.282279014587 199.64075088501 168.934384981791 124.71271554629 97.6273119449615 98.0994005997976 90.5179878075918 76.6750325759252 56.7579368750254 49.8980780442556 50.761471192042 45.2638020118078 41.5356283386548 41.2261759241422 44.0584520498912 39.9721662203471 39.8425782720248 41.0203213493029 42.3454940319061 46.2508896986643 52.9771347840627 62.0622088511785 62.9796534776688 72.4695275227229 88.4862343470256 96.2994297345479 94.9810643990835 90.1667376359304 85.0678483645121 77.7197281519572 65.3082331021627 69.1553751627604 66.4677868286769 47.4876662095388 15.1076267162959 14.6561525762081 6.0757069538037 0 0 0 0 0 0 0 0 0
194.913705190023 199.396014213562 195.124348004659 195.782760779063 196.114659309387 191.250026226044 184.891283512115 166.996041933695 130.829175313314 108.276983102163 103.289137283961 97.4270602067312 87.6819690068563 64.9138540029526 53.67444952329 55.2143156528473 48.3013292153676 40.1920427878698 43.7519599994024 44.9047933022181 43.0999894936879 40.3922125697136 44.0207024415334 47.2671389579773 45.9167957305908 50.7020354270935 55.8891793092092 55.904765923818 63.2522056500117 80.7012816270192 90.4071927070618 89.2633100350698 91.1480287710826 93.7386949857076 77.3191849390666 71.3390360275904 75.2793848514557 82.1423828601837 76.6327480475108 38.595624268055 11.0286548733711 0 0 0 0 0 0 0 0 0 0
169.882257779439 173.737009366353 176.403959592183 172.630389531453 171.041965484619 169.91251707077 174.662431081136 171.084702014923 142.088671525319 116.158366203308 106.207281351089 92.4815734227498 82.187349597613 61.223824818929 49.7775723536809 55.3634365399679 57.0401847362518 45.6589559713999 47.7372606595357 50.628071029981 50.2933363119761 46.0349470376968 46.9384690125783 50.0566065311432 48.259769876798 48.4898189703623 54.3267826239268 60.3060225645701 64.0505055586497 75.6277938683828 86.8692696094513 91.2623504797618 91.9513603051503 96.878449122111 81.0284117857615 80.9956689675649 80.7643880446752 88.8194342454274 88.7426336606344 49.6515283981959 0 0 0 0 0 0 0 0 0 0 0
146.177430947622 156.094759702682 168.017665545146 164.115955432256 162.95584042867 168.749531110128 178.717891375224 180.773377418518 164.175480604172 131.224701801936 107.785830895106 82.411934932073 66.249892115593 54.6329915523529 46.6772665580114 50.3618518511454 60.7851495345434 53.0085066954295 50.106277068456 52.9696096976598 53.4833172957102 50.4560023546219 47.7526982625326 49.4260887304942 50.716112057368 50.1695076624552 53.1026820341746 61.4858667055766 65.0023321310679 69.5197681585948 81.1030864715576 91.1942621072133 93.7145551045736 88.1295402844747 77.0372798045476 88.8667702674866 91.2695527076721 95.2798922856649 95.7736074924469 70.4843600591024 0 0 0 0 0 0 0 0 0 0 0
109.325975179672 120.349864164988 129.423966010412 134.40548380216 142.934858798981 158.385217189789 173.288385073344 182.51113096873 177.58180697759 147.44108915329 113.469630479813 80.9655487537384 62.7376834551493 59.0767959753672 51.4280696709951 45.5636481444041 56.4773976802826 57.0632368326187 51.2932389974594 51.1505305767059 51.7090658346812 48.9222158988317 45.9216038386027 47.068864107132 51.182101170222 54.8749963442485 53.6816269159317 58.7267975012461 63.4593814611435 64.6817982196808 73.0203141768773 87.5865121682485 92.2142465909322 78.263466556867 79.6705484390259 98.456343015035 102.020233869553 98.566343386968 99.6603469053904 95.7712233066559 41.3968314727147 0 0 0 0 0 0 0 0 0 0
74.1467376550039 80.6807577610016 80.3301334381104 90.3490483760834 107.005894184113 124.473214149475 140.099147955577 153.409739335378 154.660046100616 130.535940329234 96.2137182553609 70.8396037419637 57.8543245792389 56.0110012690226 52.4742255608241 47.9138791561127 52.4168064196905 52.7410258849462 46.9877769549688 46.4538286129634 49.5016624530156 52.4902244408925 51.4588604370753 48.2136259476344 47.5217948357264 50.5579014619192 55.8936148881912 58.9076777299245 62.5929733117421 62.4228219191233 65.0184204181035 77.0345131556193 84.8857959111532 80.5198748906453 97.9052782058716 105.94035188357 106.076816717784 99.9005933602651 103.780806064606 118.391573429108 108.867754538854 49.4868457317352 0.726551671201984 0 0 0 0 0 0 0 0
63.3221417665482 65.2635445197423 64.9778048197428 67.1304315328598 75.8359183867772 82.2539081176122 86.4936908086141 92.5953884919484 93.61865123113 77.7454475561778 61.8342260519663 57.3630134264628 56.4632266759872 53.6170303821564 52.1015822887421 52.5171756744385 51.2814521789551 50.5659729242325 46.836053331693 46.7382768789927 50.898864865303 56.0541599988937 57.2418371836344 53.1102667252223 50.2811322609584 48.8259196281433 57.5688580671946 60.5572909116745 63.7451310952504 63.3418262004852 63.4570419788361 70.0271377960841 78.7043273448944 87.6791675885518 106.164594491323 104.26394144694 97.4954764048259 88.8492564360301 91.4461016654968 108.327239751816 120.051374038061 113.094329833984 61.160534620285 5.91983832418919 0 0 0 0 0 0 0
71.4737425247828 68.9232995112737 69.1655476888021 68.6423281828562 65.3241028388341 63.263863325119 62.038391828537 63.5286668936412 68.9016034205755 60.6285631656647 53.2638877630234 54.6686947345734 57.9326649506887 58.0438077449799 57.2707603375117 55.3806523482005 50.0311255455017 56.571771701177 57.734618584315 53.7031839291255 55.8189749717712 56.3417623440425 54.7742744286855 56.6860983769099 58.8495135307312 54.4575899839401 58.3954354127248 60.8650098244349 63.8451774915059 65.5093789100647 65.9495294094086 69.5359955231349 76.0189940532048 93.1653579076131 100.205729405085 94.5237080256144 83.9358369509379 75.4930277665456 72.8769451379776 82.8513602415721 110.684096813202 116.217066844304 90.7746156056722 36.8882690866788 0.510190613567829 0 0 0 0 0 0
76.0031938552856 73.0860481659571 75.7957448561986 74.5092332363129 67.6030864318212 64.2572343349457 62.0929499467214 59.2320263385773 59.6881012121836 56.5431217352549 55.167610446612 55.3905467192332 59.0759019056956 62.6104772090912 62.3220105965932 59.0715010960897 56.0265729824702 62.0521157979965 64.4787152608236 58.6536626021067 56.2213410933812 53.8449982802073 49.8560965061188 52.452286084493 56.6679537296295 53.9717723925908 51.1043022076289 55.6495289007823 59.4402303298314 63.160906235377 64.4115159908931 64.1894042491913 74.1749852895737 94.1615104675293 99.2108186086019 83.9236478010813 73.6550589402517 71.3985910018285 71.1726099252701 79.2844146490097 87.6021683216095 90.5017852783203 75.6181875864665 45.0497468312581 0.287432960855464 0 0 0 0 0 0
60.2601220210393 63.0341321229935 71.6117868820826 68.9696470896403 71.5563793977102 73.8362769285838 72.8086928526561 68.7153985102971 58.3488990863164 57.1659555037816 60.7135593891144 57.2238316138585 58.371310432752 62.520573536555 63.0193650722504 59.6910864114761 61.0120197137197 63.6886457602183 64.048041899999 59.3106945355733 53.9858440558116 51.0361244281133 48.8919913768768 48.8927414019903 51.4450172583262 55.7015538215637 50.4483580589294 52.9116888840993 56.8800866603851 58.091938495636 58.2335690657298 55.915762980779 66.197137037913 80.3920328617096 86.7696404457092 76.0147571563721 72.2544342279434 75.3151079018911 79.3458471695582 80.0838470458984 73.6312965552012 74.0509281555812 68.1240459283193 44.3200121323268 4.59517693767945 0 0 0 0 0 0
58.7755739688873 64.5743807156881 67.6387250423431 68.3053185542424 70.018395781517 72.6114213466644 72.8144248326619 68.902333577474 64.5974725484848 60.5255017677943 62.0212902625402 60.1543486118317 57.729904850324 56.1029265324275 55.9414227803548 56.2239736318588 53.3882727225622 59.5598816871643 61.2020045518875 59.8099529743195 54.8861622810364 53.3990065256755 52.9447495937347 53.304190436999 50.8733193079631 59.7208887338638 62.5962167978287 59.1270277897517 58.8252246379852 57.1253001689911 52.799587448438 51.6272286574046 57.0070346196493 61.2958818674088 67.830761273702 70.3000922997793 73.8065143426259 80.0082385540009 83.679328362147 76.934427022934 74.2614169915517 69.5860286553701 66.7780091365178 48.384428024292 18.7728703022003 0 0 0 0 0 0
65.1452094316483 69.7699089845022 66.8428738911947 70.2939828236898 68.7692711750666 68.7914292017619 70.5019235610962 69.0438201030095 70.2009052038193 65.6353086233139 65.0288760662079 64.3060952425003 60.3390683730443 55.710623661677 55.2441378434499 58.8129659493764 54.6713421742121 58.0455809831619 61.8749260902405 60.5140725771586 57.6038012901942 56.8608740965525 56.2650213638941 57.595506310463 59.0557257334391 58.9734762907028 65.4579897721608 62.6642107963562 59.9545588095983 58.2809150218964 54.143875837326 51.949014266332 54.5535037914912 52.9266645510991 54.3427368005117 57.4115614096324 64.0228688716888 73.7825781106949 73.7670163313548 64.2662743727366 66.6593313217163 60.9773397445679 61.2160017093023 58.068702618281 40.8715878923734 11.1447796225548 0 0 0 0 0
