input/barkrak2/radiation/dir36224.grid
NCOLS 85 
NROWS 70 
XLLCORNER 665100 
YLLCORNER 4664600 
CELLSIZE 20 
NODATA_value -9999 
[rows 23 to 45 of 70, columns 0 to 51 of 85]
57.6034237941106 47.7797289689382 19.2215008040269 3.87115186701218 0.0427090659892807 6.98468647897243 3.88910373051961 2.90147711833318 2.42831511422992 1.56714332600435 2.09576388200124 1.27655601439377 9.01764134565989 12.3508361478647 9.66297462582588 10.41213174661 15.5158899724483 22.819459438324 27.1804307897886 21.5440144141515 20.3800971309344 23.6822838584582 34.023384253184 42.9301957289378 48.4416683514913 49.1089423497518 42.8472807010015 37.2653951247533 17.1609881023566 7.7902115881443 4.43822455902894 0.742465335254868 0 0 0 0 0 0 0 0 0 0 0 0 0 0 0 0 0 0 0 0
57.5569768746694 53.719441095988 33.5504859685898 7.98571420212587 0 2.48953280970454 3.8948201884826 3.99409576008717 3.25506739318371 3.30860540270805 2.10696862389644 1.25246541574597 3.69849366446336 10.1867566506068 9.56898306806882 9.4434954226017 13.259186098973 21.4131648341815 26.4600217342377 19.8367511232694 18.3641749123732 15.7232098281384 21.7004095514615 29.6496003866196 33.6662481228511 34.1123615701993 31.2447597583135 27.9971708854039 12.4848795433839 3.88774120559295 1.57641029606263 0.823565293103456 0 0 0 0 0 0 0 0 0 0 0 0 0 0 0 0 0 0 0 0
45.9642211596171 49.7844517230988 42.912761370341 16.3844140867392 0 6.67844774822394 13.6056865255038 21.0097879171371 23.1071462233861 18.3590650558472 14.0549639860789 14.9449842671553 13.3689666787783 15.6039769450823 15.5922335882982 11.4631031950315 12.8087078531583 19.2846780021985 25.7341712713242 27.6983380317688 28.224674363931 24.7907489538193 22.0508923133214 21.6207628448804 23.9751835664113 25.7378146052361 22.1270968516668 22.8051990270615 13.5143026709557 9.976701810956 7.60932390888532 9.64963125685851 5.54103838900725 0 0 0 0 0 0 0 0 0 0 0 0 0 0 0 0 0 0 0
44.7090665499369 49.21588798364 46.8580027421316 24.4313925504684 4.14573432256778 16.663687924544 30.1814327637355 40.4029538234075 47.8208114703496 42.0130590597788 26.6397049029668 27.1348704894384 23.9163885513941 26.1738772193591 26.2185782194138 16.8204642832279 14.8300317426523 20.9877913196882 27.8129801154137 37.5611732403437 38.591114183267 35.8057270447413 28.3973092834155 23.0837787191073 23.3667815725009 25.0966201225917 21.2315917015076 28.3952156702677 27.3516972859701 26.2105911970139 29.5125916600227 43.697843949 50.8994112412135 32.1612060070038 0 0 0 0 0 0 0 0 0 0 0 0 0 0 0 0 0 0
45.8463976780574 45.0434982776642 45.0243651866913 29.7317480047544 24.5136121908824 35.2991099158923 49.4451969861984 55.9684534867605 54.4889171918233 48.3023822307587 36.6968760887782 30.8148811260859 27.2243370612462 28.7632768352826 30.0556495785713 24.7688740491867 20.2923243244489 24.8266980051994 35.3679383794467 40.5686100323995 37.6762400070826 30.2051280935605 28.0082697669665 28.4526571631432 28.9483517408371 29.0093769629796 26.7222598195076 35.9852463006973 51.69977247715 55.863231420517 58.5839996735255 63.7969573338827 73.9235083262126 78.7881314754486 38.1153027216593 0 0 0 0 0 0 0 0 0 0 0 0 0 0 0 0 0
48.6212720473607 39.5117724935214 39.8626774549484 31.9104741017024 43.1361148754756 47.8758861621221 53.9880096912384 52.9026339451472 44.2920078833898 37.7409781018893 30.7369455695152 25.8517662684123 25.9352773427963 29.6334574619929 31.0698722799619 31.9200257460276 27.030756076177 24.0187868475914 31.1794926722844 34.202848871549 32.022828857104 25.8301173647245 25.925301015377 31.0623024900754 32.9728772242864 29.7823995351791 30.5389265219371 35.7776433229446 57.3312044143677 69.5058405399323 74.2939313252767 77.7945419152578 85.136870543162 87.4268412590027 76.8103698889415 15.5253770450751 0 0 0 0 0 0 0 0 0 0 0 0 0 0 0 0
49.8865147431692 35.3863835334778 35.2673927942912 35.8926206827164 45.2077041069667 48.8013078769048 41.6186129053434 24.3430311481158 7.68283009529114 5.19253561894099 5.34684211015701 12.1354584892591 23.6643428603808 30.0436367591222 31.6900884111722 34.9565669894218 32.1369990706444 22.1194177865982 23.340863486131 26.0451311866442 25.1867771148682 25.4164884487788 25.4210854570071 30.7800695300102 35.3680600722631 32.3925316333771 34.3641489744186 36.0723460714022 51.3332337141037 71.6952234506607 82.9180975755056 86.0394537448883 88.3708993593852 90.3009374936422 94.5997734864553 77.478696902593 10.9044350683689 0 0 0 0 0 0 0 0 0 0 0 0 0 0 0
49.3366519610087 49.5377878348033 66.0142451524734 92.1567976474762 73.9813794692357 53.4767856200536 33.6352586746216 7.30783926943938 5.57378741602103 9.10533592104912 4.43016054729621 3.08961017678181 23.1318945686022 31.2411238749822 34.0581461787224 39.3791000048319 36.2505366404851 25.9505957365036 25.1599798599879 27.5847340623538 24.9880651632945 28.4438952803612 30.0906250874201 31.959446767966 37.0185300707817 40.5983005960782 38.833146293958 41.024054090182 52.7497082948685 74.2421448230743 88.4957015514374 91.1163290341695 88.3658329645793 95.9728558858236 105.40164510409 106.515824794769 81.2352746725082 30.2908072868983 0 0 0 0 0 0 0 0 0 0 0 0 0 0
59.3285063902537 87.7779026826223 131.432473659515 152.009467283885 131.860206524531 88.5329941908519 48.4756877024968 25.7866233587265 21.4607765277227 24.8088017106056 19.1808318098386 15.7845641175906 23.6828774213791 29.6253214279811 37.4247754613558 42.3694849014282 38.1720314423243 32.9231421152751 27.5715962052345 28.301273783048 27.8462221225103 30.7681113481522 32.8473001718521 33.0589587489764 37.1150622765223 47.5175678730011 47.6384262243907 52.6062548160553 61.1162781715393 76.2175023555756 88.2195631663005 93.1801199913025 94.669779141744 99.2819269498189 105.442295471827 108.048776785533 101.303438345591 82.2124580542247 26.6913548111916 0 0 0 0 0 0 0 0 0 0 0 0 0
111.912111441294 145.969023307165 171.870668729146 173.666179180145 171.618143717448 147.188762823741 109.322249889374 78.8731475671132 59.9388778209686 50.0385661919912 44.8575168848038 37.1230642000834 27.1352554361026 28.0960599581401 36.5783497691154 41.4917344848315 36.2738370895386 37.1114288767179 28.0921459197998 26.4509469270706 30.123308300972 31.6600302855174 32.1763878067335 31.8701739112536 35.6771498918533 47.2926696141561 53.1279395023982 59.6974442402522 67.7632987499237 74.5103607575099 84.6433540185293 94.019482533137 94.4326420625051 90.2196665604909 91.036319732666 88.4720087051392 89.8091892401377 77.0294417937597 38.9491046468417 0.0571236499429991 0 0 0 0 0 0 0 0 0 0 0 0
163.540889819463 180.940588315328 186.636805534363 184.658110141754 187.584618727366 184.212525685628 163.524597883224 126.658578713735 92.4020012219747 69.7953005631765 70.258950193723 64.006045460701 41.5843402345975 33.4087138374647 34.0187897284826 37.0333741108576 31.6792031129201 32.8986123204231 26.6944641868273 27.7983273069064 27.4546469251315 28.410367667675 27.708555261294 27.8185879190763 33.6431587735812 42.5844689210256 52.4407575527827 55.9353878100713 64.1189614931742 74.2137680451075 82.3571433623632 85.2601726849874 78.6424328883489 69.3929344415665 70.145179828008 58.9602589607239 60.3310167789459 47.7963586648305 11.5039137502511 0 0.389044793943564 0 0 0 0 0 0 0 0 0 0 0
176.854252815247 186.847190062205 186.322967211405 187.66454855601 189.176102479299 187.932550907135 178.494016329447 149.999221165975 107.040862242381 82.0294519265493 82.8479379415512 80.6736548741658 61.46173675855 42.2386825084686 34.5864941676458 34.8193968335787 29.769259194533 26.7476389805476 26.2902503212293 29.3800234794617 26.4978309472402 26.0607873400052 26.8909707665443 27.5821089744568 31.3835094372431 37.469652791818 45.7278539737066 47.0450570185979 54.5477370421092 69.270263115565 76.4854103326797 75.4559139410655 70.6360240777334 64.7267748912175 58.3727459112803 48.4725683927536 52.0233809947968 49.7113366921743 32.4064095815023 3.8423960407575 0.982452339182297 0 0 0 0 0 0 0 0 0 0 0
169.461945692698 174.018184343974 170.928955078125 171.892464160919 172.329564889272 168.245355288188 161.950608094533 146.905948718389 113.156020641327 93.9909915129344 84.9695305029551 81.3584228356679 72.6046661535899 49.0383803844452 37.7849936485291 38.5078638792038 32.3246965805689 25.8125414450963 29.0486564238866 30.2283614873886 29.3980886538823 26.9334365924199 29.1253353158633 32.6779261231422 31.5896620353063 35.5029379328092 39.3953671058019 40.037361284097 46.6381112734477 62.0926866928736 70.0615495443344 69.3300664424896 72.2661018371582 73.0415880680084 58.5325062274933 53.5831650098165 56.7462692658106 63.3523811896642 57.4412743250529 23.0789085229238 0 0 0 0 0 0 0 0 0 0 0 0
144.466857115428 147.454480330149 149.852563937505 147.177984317144 146.736601988475 145.771086215973 150.337775548299 148.5289533933 123.654226462046 101.941923300425 89.7376934687297 71.2851931651433 63.552791873614 44.601579507192 33.9432433247566 38.135938346386 39.5035197337468 30.0750359892845 32.1635653575261 34.8664646347364 35.3003144264221 32.1582009394964 32.3208669821421 35.0736925999324 33.0354422330856 33.3053221305211 37.991630534331 43.4426516294479 47.4964032570521 58.2708517710368 67.8003529707591 71.0410575071971 72.9384968678157 76.7569641272227 61.5111142396927 61.1769706010818 61.6577466328939 68.9387818177541 68.4056530396144 34.1596007347107 0 0 0 0 0 0 0 0 0 0 0 0
121.454298496246 130.986173947652 141.671528418859 138.856510321299 137.151052554448 143.755038579305 153.459866841634 156.818608442942 142.324229081472 113.504240910212 89.2780522505442 64.3495122591655 48.3569651842117 37.9864523808161 30.3649803002675 34.0901414553324 43.3466732501984 36.6194397211075 34.3884751200676 37.1551836530368 38.2161289453506 35.3731463352839 33.0441519618034 34.5317199826241 35.7208723823229 34.8163197437922 37.4635408322016 45.1245456933975 47.7949976921082 52.7319808801015 63.4266485770543 71.9110021988551 74.4637896617254 69.7435140609741 59.0175688266754 68.1544790665309 69.7001914183299 75.1109520594279 75.3280421098073 52.1813631057739 0 0 0 0 0 0 0 0 0 0 0 0
86.864173412323 97.5278814633687 105.590422948201 110.308905442556 117.916534344355 133.457720279694 146.938502788544 155.833979447683 153.216143449148 125.966529051463 93.3147172133128 61.9959731896718 44.0005958080292 41.1963611841202 34.5189695556959 29.7161738077799 39.0857731302579 40.0377636154493 35.1960733532906 35.2912098169327 35.7212473948797 33.7911322712898 31.7147721846898 32.8610266248385 35.5471620957057 38.9709422985713 38.0283519625664 42.6584035158157 46.4215874671936 47.6300815741221 56.0422986745834 68.5378710428874 73.1935799121857 61.0014845927556 61.5273912747701 75.7633695999781 77.4252414703369 75.716644525528 78.7984033425649 75.3301878770192 26.2734815478325 0 0 0 0 0 0 0 0 0 0 0
53.9648284514745 60.3275199731191 59.8529626925786 69.3669617176056 84.4774742921193 101.018865903219 115.009158849716 127.626210451126 129.049201806386 106.5940062205 73.467676838239 50.6301075220108 39.4722819328308 37.9893456896146 35.3292475144068 31.2718649705251 35.5327675739924 35.7243493199348 30.6141500671705 31.0718193650246 33.8521872957548 37.0972504218419 36.9051446517309 33.2465519507726 32.7822516361872 35.5551640192668 39.884423216184 42.1440253655116 46.3253458340963 45.6142326196035 48.0234771966934 59.7630391518275 65.8364742994308 63.0681763092677 77.3148785034816 84.0734442075094 81.858883301417 76.7931938171387 81.9000154733658 94.2827165126801 84.305614233017 32.7571878830592 0 0 0 0 0 0 0 0 0 0
43.79736383756 45.529842376709 45.5965101718903 47.6456781228383 55.8786292870839 61.8513325850169 65.5536204576492 70.7842906316121 71.1345573266347 57.3542217413584 42.8648789723714 38.9448453982671 37.8034065167109 35.6749842564265 34.4384064277013 35.0264037648837 34.411276380221 33.9628706375758 30.3959747155507 31.1517169078191 35.1241827011108 39.899043738842 41.4445648590724 38.0348488688469 35.260796546936 34.0431183576584 42.1598503986994 44.2669192949931 46.5608338514964 47.1593042214712 46.6333627700806 53.326075275739 60.2455635865529 69.2653109629949 85.8188370863597 82.5176537036896 75.6075779596965 67.2477185726166 69.4182068109512 85.9648088614146 94.6422417958577 85.4144593079885 42.750746011734 0.702897785231471 0 0 0 0 0 0 0 0
51.3833363850911 49.1231928269068 49.3208716313044 49.199253320694 45.8716501792272 44.1685567299525 43.117548028628 44.4254626830419 49.1281350453695 41.71422123909 34.9972993135452 36.4354848861694 39.4619777798653 39.6200865507126 38.5367994507154 37.4209930499395 32.3126266400019 38.6298820376396 40.3162588675817 37.0021412769953 39.7464285294215 40.1167273521423 39.0788465738297 41.4696534474691 43.035293618838 38.6018430193265 43.0914759635925 46.0699548323949 47.3272502422333 48.2849528392156 48.8864084084829 52.1393120288849 58.9556396007538 74.0350385506948 78.847736120224 74.0172366301219 65.0448848803838 56.4579466978709 53.4254411856333 62.18354900678 87.0672365029653 87.8029465675354 67.2508378823598 22.993192076683 0 0 0 0 0 0 0 0
55.3713987270991 52.8003474076589 55.5689781904221 54.2986144622167 47.9676425457001 45.0491011142731 43.1224157412847 40.9739812215169 41.3265948494275 38.1684452295303 36.6885190208753 36.6894006729126 40.0811160604159 43.2809541622798 42.98930366834 40.692592660586 38.0333786209424 42.9236888885498 45.7450101772944 40.6836743156115 39.2910515268644 37.0567242304484 34.482662876447 36.9518076380094 41.5530353784561 38.6404792467753 35.5674947301547 40.3130302826563 44.0870424111684 46.8789488077164 47.3913252353668 47.3362654447556 55.7656735181808 73.5671669244766 77.9878695805867 64.8171504338582 56.1890055735906 53.0433555444082 51.6495555639267 57.7694078286489 64.5538369814555 68.2211716969808 55.3177694479624 29.1987111171087 0 0 0 0 0 0 0 0
40.9290989240011 43.4434513250987 51.4916777610779 49.1343239943186 51.484356323878 53.8549919923147 53.2183547814687 49.3475347757339 40.0872677564621 38.8704463839531 41.972428560257 38.713072737058 39.8203780253728 43.1582033634186 43.5862640539805 41.2283216913541 42.5914327303568 44.3283865849177 44.5426205794016 40.5863597989082 36.574125289917 34.4027628501256 32.525472342968 33.6850409706434 36.6524656613668 39.8402412732442 35.3377982974052 37.2033069531123 41.596179207166 43.0686821540197 41.8173670768738 39.9338925878207 48.5484699408213 62.1402412652969 67.1485265096029 58.2584093014399 55.0851722558339 57.3598444461823 58.0306003491084 58.3837330341339 55.217037598292 53.578128417333 49.5254347721736 29.1285167137782 0.213423103559762 0 0 0 0 0 0 0
39.4825264811516 44.9021905660629 47.6896464824677 48.3818749586741 50.1585255066554 52.5155365467072 52.9650002717972 49.4675586620967 45.4508562882741 41.9864555199941 43.5870339473089 41.6776289542516 39.2510419090589 37.8973831733068 37.6949906349182 38.0618969599406 35.1874232292175 40.841355919838 42.6756292581558 40.9753198424975 37.3273814717929 35.9281773368518 36.0439543922742 36.8024309476217 36.2228030959765 44.3156013886134 46.5348462263743 42.9445952177048 42.0612245798111 41.8224930763245 37.9539256294568 35.9802395105362 41.0188833872477 44.408639272054 50.552894671758 53.2604356606801 56.9459050893784 62.2283716996511 63.2185687621435 54.7752430041631 53.2192587852478 50.808717807134 48.5871881246567 33.4793279568354 6.28810500105222 0 0 0 0 0 0 0
45.2200174331665 49.573689699173 46.9605773687363 50.1009126504262 48.8061060508092 48.9911983410517 50.5522092183431 49.4217822949092 50.6557772556941 46.6713458299637 46.1850961049398 45.7748174667358 41.8778608242671 37.7501770853996 37.0112856229146 40.367749830087 36.2321883440018 39.3816356857618 42.722761631012 40.9620677431424 39.0990898013115 38.5014067093531 38.5802338520686 40.5416761835416 42.6328281561534 43.9624190330505 48.3510792255402 45.9233423074087 43.6101953188578 42.7703708410263 39.1001751025518 36.266028881073 38.8299698630969 37.6449376344681 38.8164396087329 42.0070886611938 47.1532642841339 54.9272447824478 54.6672244866689 45.2525417009989 46.8517392873764 43.4870819250743 44.5496837298075 41.5975501139959 26.6706595818202 2.64391861855984 0 0 0 0 0 0
