input/barkrak2/radiation/dir35524.grid
NCOLS 85 
NROWS 70 
XLLCORNER 665100 
YLLCORNER 4664600 
CELLSIZE 20 
NODATA_value -9999 
[rows 23 to 45 of 70, columns 0 to 52 of 85]
56.8320999542872 47.0639665921529 18.7193155288696 3.39778202275435 0.0355157414257216 6.90696636835734 4.46242280304432 3.41604339579741 2.30401676769058 2.62641285856565 2.03874396781127 1.88607738042871 9.03272318343321 11.6078307231267 9.29425470530987 9.92340035736561 14.8994388679663 22.4320714672407 26.7895013093948 20.8193535606066 19.6584636966387 23.4465549389521 33.7357049187024 42.5853033860525 48.54549964269 47.8550295035044 41.7069991429647 36.2073108553886 17.0420085390409 7.6288233200709 4.22184417645137 0.67005322004358 0 0 0 0 0 0 0 0 0 0 0 0 0 0 0 0 0 0 0 0 0
56.7834675312042 52.9778897762299 32.9271703958511 7.5807503114144 0 2.4532505000631 3.80945516129335 4.58176589260499 3.83854191750288 3.18972735355298 2.76646297425032 1.84945669025183 3.85990552604198 9.69046540558338 9.40178148448467 8.97883685926596 13.0294884244601 20.6810695429643 25.6253480911255 19.4405776758989 18.1010688344638 15.518086651961 21.4445292949677 28.9854109287262 32.7402378122012 33.4769214193026 30.814195672671 27.2899170716604 12.3859172066053 3.6921010663112 1.46575427303712 0.75160339474678 0 0 0 0 0 0 0 0 0 0 0 0 0 0 0 0 0 0 0 0 0
45.2751914660136 49.0575681130091 42.2310580809911 15.9065450231234 0 6.3105933368206 13.6851916710536 21.2386498848597 22.1816599369049 17.5061486661434 13.3155373235544 14.2098938425382 13.4550345440706 15.4919860263666 15.5795825024446 10.9416668613752 12.2599465151628 18.5635909438133 24.9299754699071 27.2673740983009 27.5324533383052 23.981399834156 21.2932253877322 20.9147582451502 23.4364445010821 25.259330868721 21.6378470261892 21.5220724542936 13.4405456483364 9.77344500521819 7.37632997334003 9.32239616910616 5.29352699716886 0 0 0 0 0 0 0 0 0 0 0 0 0 0 0 0 0 0 0 0
44.0268119176229 48.4973688920339 46.1536298195521 23.882066210111 3.83547600358725 16.5990591049194 29.2261218031247 39.1923114657402 48.2348799705505 40.6517907977104 26.9674013058345 27.3063406348228 24.0067144234975 25.1954843600591 25.3420521815618 16.6153137882551 14.2234327892462 20.7380031545957 27.4405802289645 36.5373541911443 37.5246951977412 35.5819786588351 28.1031603614489 22.6898392041524 22.9040781656901 24.7466961542765 20.6982431312402 27.9083947340647 26.8141975005468 25.6923834482829 28.9540936549505 43.0270582437515 50.1768092314402 31.5526227156321 0 0 0 0 0 0 0 0 0 0 0 0 0 0 0 0 0 0 0
45.1530714829763 44.358879327774 44.3239112695058 29.1366229454676 23.9942073822021 34.3475863337517 49.7203270594279 56.3886016607285 54.7488629817963 48.4277506669362 35.4310994346937 29.5981119076411 26.0995551943779 27.7631506323814 29.7200381755829 24.4948367277781 19.571823378404 23.960292339325 34.3553746740023 39.5004898309708 36.8409231305122 29.3262749910355 27.6656399170558 28.0473828315735 28.3228581150373 28.2978514830271 26.1429299910863 35.3484277923902 50.9862303733826 55.1344255606333 57.8769395748774 63.1655305624008 72.8477785984675 77.5596698125203 37.2781604528427 0 0 0 0 0 0 0 0 0 0 0 0 0 0 0 0 0 0
47.9138046503067 38.8543953498205 39.2070164283117 31.2941918770472 42.7078356345495 47.9608873526255 52.6331563790639 51.506906747818 44.4766481717428 36.3893310228984 30.9311076998711 25.9818757573764 24.8559787869453 29.5169502496719 30.7315215468407 30.954842766126 26.9533470273018 23.1649056077003 30.8756455779076 33.8453377286593 31.6830029090246 25.4983057578405 25.2310906847318 30.2387947837512 32.2777281204859 29.1751349965731 30.0505856672923 35.1512158910433 56.5469861030579 68.8024461269379 73.7187614043554 76.495369275411 83.7708910306295 86.8943730990092 76.3248056173325 15.1564752062162 0 0 0 0 0 0 0 0 0 0 0 0 0 0 0 0 0
49.1693168878555 34.7678735852242 34.6387152870496 35.2513641119003 44.3106790383657 48.8777309656143 41.8824354807536 21.6031248370806 8.6786188185215 5.97898041208585 5.27167568604151 12.8774829208851 23.7486561139425 29.9542248249054 30.7062640786171 33.9371636509895 31.9457426667213 21.3639115293821 22.5484818220139 25.6877491871516 24.8321716984113 25.0312363107999 25.1010358333588 29.9517586827278 34.8849942286809 31.8574334184329 33.8927159706751 35.4722266395887 50.6031612555186 70.6630845864614 81.5965880950292 85.6271286805471 86.8810613950094 88.8571043809255 94.200869401296 76.0851701100667 10.4692280292511 0 0 0 0 0 0 0 0 0 0 0 0 0 0 0 0
48.6250072717667 48.8272408644358 65.2025242646535 91.1546349525452 73.6907968918483 53.543080886205 32.6456328233083 8.10817008217176 5.4474783440431 8.59916085998217 5.09036518633366 3.80782627811035 22.2562998533249 30.2558143933614 33.7216208378474 39.0419115622838 36.1477608482043 25.1437077919642 24.368442595005 27.2117033600807 24.6693318088849 27.5876546899478 29.2434518535932 31.0240040222804 36.3140155871709 39.8196503520012 38.3205289642016 40.4804597298304 51.9274522860845 73.6648937066396 88.0536536375682 90.7437006632487 87.9593392213186 93.0173993110657 103.622416655223 104.632943868637 80.891673763593 30.1033606131872 0 0 0 0 0 0 0 0 0 0 0 0 0 0 0
58.548832933108 86.8586401144664 130.459407965342 150.490542252858 131.365209817886 87.0826244354248 47.3305881023407 25.9389032920202 21.6578294833501 25.0040913621585 18.3973287542661 16.0130336880684 23.9320546388626 29.6430587768555 36.3401298721631 41.3073847691218 37.1874247988065 32.7104354898135 26.7726853489876 27.5449802478154 27.4905810753504 30.4691543181737 32.6268076896667 32.5919836759567 36.6586794455846 46.6188887755076 46.6566185156504 51.6027708848317 60.0660443305969 74.963832894961 86.6768062114716 92.8663611412048 94.37495470047 99.0511576334635 103.483368953069 107.758641242981 99.5298027992249 80.5472830931346 25.7547050714493 0 0 0 0 0 0 0 0 0 0 0 0 0 0
110.895613829295 145.008166631063 170.229434967041 172.910690307617 169.81581846873 146.889388561249 109.299023946126 77.3541629314423 58.5370361804962 48.7630814313889 43.6408172051112 35.9557916720708 26.1473034818967 27.1807486812274 35.4900310436885 40.749986966451 36.0266615947088 36.8698984384537 27.3087074359258 25.7248307267825 29.7829707463582 30.7944218317668 31.3015331824621 31.4860989650091 35.3665351867676 46.8637396891912 52.6994168758392 59.2688123385111 67.2591676314672 73.1990585724513 83.1148475408554 92.2943452994029 92.6610926787059 89.9586280186971 90.8054312070211 85.6659015019735 89.4088645776113 75.5670716365178 38.5641604661942 0.0344782456522807 0 0 0 0 0 0 0 0 0 0 0 0 0
162.113209565481 180.19966284434 185.975392659505 183.977882067362 185.736795266469 182.251751422882 161.505480607351 126.780976851781 92.647651831309 68.1474357843399 70.3546603520711 64.2637312412262 41.8442537387212 32.3842912912369 32.9853122433027 36.8445664644241 31.3631768027941 32.0147275924683 26.3017192482948 27.0504206418991 26.6929045319557 28.0996312697728 27.3510068655014 27.4088531732559 32.7951038877169 41.613665719827 51.3169119755427 55.5224666992823 63.6314551035563 73.7622876962026 82.0233325163523 84.9336882432302 77.2122293710709 68.1350330511729 68.8012341658274 57.9020480314891 59.740886092186 47.0072776079178 11.4608593285084 0 0.230023288168013 0 0 0 0 0 0 0 0 0 0 0 0
176.127056280772 185.043692588806 184.481978416443 187.060793240865 187.32347091039 186.042348543803 176.500658194224 149.850577116013 107.139388720195 82.2249154249827 80.944632490476 78.7527163823446 61.55759592851 42.1998550494512 34.3475465973218 34.4324186444283 29.413344959418 26.4143645763397 25.9018043677012 28.603250781695 25.7548665006955 25.7599105437597 26.1409829060237 27.201309800148 31.0237581531207 37.0938430229823 44.7528064250946 46.1032489935557 54.0569722652435 68.8374042510986 76.1298735936483 74.0574349959691 70.1530923446019 64.2320911089579 57.2982430458069 47.6555873950322 51.3697564601898 48.9480992158254 31.7925463120143 3.51493371029695 0.786457443609834 0 0 0 0 0 0 0 0 0 0 0 0
168.748100598653 172.242303689321 169.129888216654 170.043249924978 171.647806962331 166.596541802088 160.227040449778 145.135263601939 111.458579699198 94.1474437713623 85.0467284520467 79.4244309266408 71.0528294245402 47.910546263059 36.8723024924596 37.6265570521355 31.931792696317 25.0972534219424 28.2843460639318 29.4405420621236 28.6153157552083 26.2000511089961 28.8188109795252 32.3024342457453 30.7601566116015 35.1430028676987 38.9798680941264 39.1613592704137 45.71366806825 61.6772671540578 69.6753164132436 68.9097742239634 71.7993676662445 72.5788275400798 57.5060993432999 52.6668379704157 55.7510505119959 62.3326996962229 56.8868567546209 22.3500356078148 0 0 0 0 0 0 0 0 0 0 0 0 0
143.676410118739 146.715482076009 149.173080921173 145.539174477259 145.197788874308 144.292930761973 148.761113484701 146.808763345083 121.884117523829 102.121978998184 89.8617208003998 71.2277243534724 63.4020070234934 43.6122516791026 33.5996349652608 37.8299827377001 39.0672534704208 29.2995373408 31.3757682840029 34.5042794942856 34.446636835734 31.3298652569453 31.4870203534762 34.2080319921176 32.6905970772107 32.4596216281255 37.5743831197421 43.0109004179637 46.4972953001658 57.0898751417796 67.4259563287099 70.644736289978 71.6005712747574 75.3812144200007 60.9793563683828 60.6605609258016 60.0843280553818 67.7533547083537 67.8733438253403 33.6988493800163 0 0 0 0 0 0 0 0 0 0 0 0 0
120.670159657796 130.215376615524 140.989005565643 137.30001449585 136.402706305186 142.208317915599 151.785165071487 155.012687047323 140.438973903656 111.6790274779 89.4628167152405 63.0025168259939 48.0961402257284 37.1288135647774 30.0194546580315 33.2813560962677 42.8811113039652 36.2672408421834 34.0461482604345 36.8140464027723 37.3525420824687 34.4957709312439 32.6811149716377 34.140519797802 34.8683918515841 34.4712013999621 37.0595728357633 44.1448787848155 47.4092165629069 52.3481716712316 62.156617641449 71.5392678976059 73.0738341808319 68.5312996308009 58.4490050872167 67.6874568065007 69.2824025948842 72.8620837132136 74.8049666484197 51.632876197497 0 0 0 0 0 0 0 0 0 0 0 0 0
86.098035176595 96.8058208624522 104.891618092855 109.55677429835 117.163608471553 132.726420958837 146.317223707835 153.990566730499 151.226182778676 124.034504095713 91.6769802570343 60.7772717873255 43.0660049120585 40.324608484904 34.1521377364794 28.9718856414159 38.2075657447179 39.1495898365974 34.3626588582993 34.4246551394463 34.8344842592875 32.9487472772598 30.9145500262578 32.0925762255987 35.2076242367427 38.6218751470248 37.6354729135831 42.2524114449819 46.0476179917653 47.2838232914607 55.6693772474925 68.1843062241872 71.8533992767334 60.0059479475021 60.990646481514 74.2899278799693 75.8467018604279 75.3795951604843 77.4261256059011 74.8052348693212 25.7773399353027 0 0 0 0 0 0 0 0 0 0 0 0
53.1832774480184 59.6124827861786 59.1572523117065 68.681389093399 83.7690631548564 100.361237923304 114.433189233144 127.103388309479 128.716319799423 106.37167096138 73.1894870599111 50.2101381619771 39.0490641196569 37.6007035374641 34.5180158813794 30.5076315999031 35.1334537069003 35.3085647026698 30.2202974756559 30.6961884101232 33.4683458010356 36.2128093838692 36.032942434152 32.4331348141034 31.971663236618 34.6895108620326 39.4770180185636 41.7578319708506 45.2967931826909 45.2800840139389 46.9137231508891 58.5466325283051 65.3667549292247 61.9841466347376 76.9729365905126 83.8504731655121 81.5939257542292 75.2505362033844 80.4570664962133 93.9399500687917 82.6495091120402 31.7949578166008 0 0 0 0 0 0 0 0 0 0 0
43.0987377961477 44.7719792524974 44.8921173810959 46.9778627157211 55.2438547213872 61.1899594465891 64.9360666672389 70.2065378427505 70.6555843353271 56.3306907812754 42.0474807421366 38.449856142203 37.3346284031868 34.8873461286227 34.0265035629272 34.6750020980835 33.5941190520922 33.1877966721853 29.6349376440048 30.3554063042005 34.2943792541822 38.9539475242297 40.5140593647957 37.1820330619812 34.4071934620539 33.2013890147209 41.2039756774902 43.8711146513621 46.2076961994171 46.0956494013468 46.306515733401 51.4400750398636 59.7547193368276 67.9972420136134 84.1126243273417 82.3221206665039 75.3107070922852 65.8599684635798 69.0775612990061 84.3621889750163 92.8175151348114 83.5707386334737 41.5486643711726 0.682815598944823 0 0 0 0 0 0 0 0 0
50.6851375102997 48.4004318714142 48.6242473125458 48.4414001305898 45.2391505241394 43.4399594863256 42.3817286888758 43.8228398561478 48.5748499631882 41.1897425850232 34.2820013562838 35.6727838516235 38.6454810698827 38.7792984644572 38.1214742859205 36.571204662323 31.9181730349859 38.1902853647868 39.9366269508998 36.6964613397916 38.8273720939954 39.768581589063 38.1882935762405 40.5870998899142 42.1043386061986 38.2311816016833 42.1026647090912 45.0632671515147 46.318863828977 47.9338069756826 48.5890507698059 50.9899059931437 57.8502118587494 72.6163884003957 78.629399339358 73.7198094526927 64.6244982878367 55.9888978799184 51.6337255636851 61.7896765470505 86.8178407351176 87.7313117186228 67.0944303274155 22.1937398115794 0 0 0 0 0 0 0 0 0
54.5976459980011 52.0527462164561 54.790124297142 53.5131394863129 47.2536782423655 44.3429698546728 42.3960288365682 40.2410899599393 40.5730456113815 37.4729509154956 35.9673649072647 36.2114757299423 39.6149754524231 42.8300152222315 42.5738791624705 39.786418279012 37.1774906913439 42.5063520669937 44.7624276081721 40.3672009706497 38.349116841952 36.1666530370712 33.6632529894511 36.0885933041573 40.7014961043994 37.737230459849 34.6919695536296 39.399894575278 43.6786313851674 45.8319236834844 46.2962339321772 46.9511200984319 55.3664515415827 73.2586085796356 77.7574380238851 64.4556283950806 55.7181239128113 51.9811461369197 50.5410035451253 56.4804673194885 64.2542690038681 66.7926172415415 54.9787133932114 28.8296590248744 0 0 0 0 0 0 0 0 0
40.2311831712723 42.7510490020116 50.7339835166931 48.4150548775991 50.7388065258662 53.0821184317271 52.4164189894994 48.5468804836273 39.3692255020142 38.1461381912231 41.19506975015 38.2398441433907 38.9940539995829 42.6994909842809 43.141449491183 40.337676803271 41.653148829937 43.9537068208059 44.2628314097722 40.2424583832423 36.2362811962763 33.5735927025477 31.7260921001434 32.8674887617429 35.8458757400513 38.9568408330282 34.4987561305364 36.3183369239171 41.2081355849902 42.6887969175975 41.4346605539322 39.5245949427287 48.1732487678528 61.8011206388474 65.7532115777334 57.8039636214574 54.5943925778071 56.1937789122264 56.7560493946075 57.0776263872782 53.1969616810481 53.2075315713882 49.0991373856862 28.6498864491781 0.0937147027192016 0 0 0 0 0 0 0 0
38.8221070170403 44.2044536272685 47.0156073570251 47.6649304231008 49.4243999322255 51.7484049002329 52.1904279788335 48.7108131249746 44.7000016768773 41.4115314682325 43.0312852064768 41.1761477589607 38.8042206565539 37.4830489357313 36.8912542859713 37.2315595547358 34.8171939452489 40.5954197049141 41.7236785093943 40.0416254997253 36.4327083031336 35.0875109434128 35.2065314849218 36.4658385515213 35.3896617889404 43.3748811483383 45.5405861139297 42.5700396299362 41.7029360930125 40.8964802821477 37.1018201112747 35.1588477691015 40.0930047035217 43.4011121590932 49.5218435923258 52.7699490388234 56.4778347810109 60.9357059001923 60.6956481933594 54.4831901788712 52.924578388532 50.3966112931569 48.1083989143372 32.9360365867615 6.15336063007514 0 0 0 0 0 0 0 0
44.5283750693003 48.8778501749039 46.2528765201569 49.3927945693334 48.0852623780568 48.274834950765 49.8022586107254 48.6800074577332 50.015777349472 46.0797846317291 45.3804830710093 45.240506529808 41.3854718208313 36.9697933395704 36.2221722801526 39.9187728762627 35.3900541861852 39.0284384290377 41.7754898468653 40.6434585650762 38.2084722320239 37.6069222887357 37.674273053805 39.5935426155726 41.6543831427892 42.9961383342743 47.9908486207326 45.5052554607391 43.2126422723134 41.8500602245331 38.6297057072322 35.8133440216382 37.9455958803495 36.7871671915054 38.03700953722 41.4464672406515 46.7040340105693 54.5810709396998 54.3482154607773 44.8620716730754 46.4916080236435 43.5390472412109 44.0224210421244 41.1030327280362 26.0466486215591 2.49247656514247 0 0 0 0 0 0 0
