input/barkrak2/radiation/dir30124.grid
NCOLS 85 
NROWS 70 
XLLCORNER 665100 
YLLCORNER 4664600 
CELLSIZE 20 
NODATA_value -9999 
[rows 0 to 21 of 70, columns 0 to 48 of 85]
122.874826192856005 138.246109088262 155.290464560191 176.438868045807 189.227024714152 191.423634688059 190.575659275055 187.814116477966 186.530391375224 190.180122852325 190.331876277924 187.472740809123 183.620055516561 184.426307678223 185.283899307251 172.145187854767 158.793260653814 146.285672982534 144.885917504629 140.674322843552 142.684459686279 161.404669284821 186.465382575989 192.180116971334 196.117997169495 207.627177238464 206.747055053711 194.692095120748 182.483732700348 182.496964931488 177.893420060476 200.843890508016 245.304763317108 243.457138538361 240.268409252167 228.331764539083 232.706268628438 245.227555433909 242.476721604665 243.550499280294 233.665982882182 240.445971488953 248.396197954814 240.832130114237 229.64600721995 235.626339912415 237.763345241547 206.338504950205 141.358037789663
101.258893807729 116.027851899465 131.69926404953 151.392678419749 166.75078868866 175.264378388723 180.282553037008 188.072522481283 195.786456267039 195.69855928421 193.360527356466 189.014951388041 184.797445933024 185.217459996541 185.209810733795 172.345737616221 164.301047722499 154.940476020177 151.094724734624 145.34725745519 155.802567799886 180.82853158315 201.080600420634 202.277064323425 206.745386123657 213.961680730184 209.161063035329 197.551846504211 187.319715817769 184.580524762472 185.334146022797 215.166211128235 247.86917368571 244.356314341227 240.112682183584 230.599721272786 236.562132835388 246.560653050741 239.387969175975 240.30735095342 235.510389010111 237.567126750946 234.120607376099 225.185910860697 221.048434575399 233.618875344594 230.572243531545 191.390415032705 150.808175404867
66.9124126434326 75.6160567204158 87.0532294114431 100.120157003403 113.26922972997 127.187212308248 140.96145828565 160.602311293284 174.971799055735 180.643637975057 185.733834902445 189.439872900645 194.097499052684 196.702341238658 197.77649641037 199.192265669505 196.713268756866 185.329178969065 168.364346027374 159.98774766922 171.484808127085 189.234495162964 200.586140155792 203.409175078074 206.5616051356 207.381844520569 204.25550142924 197.083791097005 191.640973091125 193.974355856578 204.723119735718 231.35503133138 248.90927473704 245.46221892039 239.33086792628 236.080328623454 243.279357751211 248.402416706085 244.734307130178 237.506548563639 231.285234292348 221.548577149709 208.303372065226 202.78392235438 211.156010627747 228.553195794423 217.780152956645 182.083129882812 169.606705506643
50.8225709199905 50.73415239652 57.2992215553919 62.810887893041 67.7094707886378 76.9818474849065 87.4991019566854 105.193833510081 125.681181748708 144.500335057577 163.366417090098 182.985047499339 194.383343060811 198.49956035614 202.483852704366 209.449887275696 206.352293491364 195.073386033376 176.684816678365 169.004003206889 169.788241386414 170.754710833232 182.873924573263 192.625006039937 194.025774796804 194.412767887115 197.007695833842 196.870307127635 198.084612687429 202.99090941747 209.402898947398 236.327747503916 246.521711349487 245.135029157003 240.399420261383 241.421520709991 243.101219336192 244.031071662903 237.66299088796 225.361545880636 217.713932196299 205.62756061554 202.054858207703 215.000867843628 228.053430716197 223.424077033997 202.753265698751 178.443888823191 179.779907067617
69.713369011879 54.3798059225082 43.8714722792308 36.3943700989087 37.186324596405 51.1490156253179 74.0235795577367 86.1827234427134 96.1927175521851 103.492021560669 127.036690711975 151.60208940506 168.000876903534 179.349303245544 188.414891560872 193.466544151306 190.370281537374 183.424472808838 175.944844881694 170.682390530904 166.018307209015 163.82442911466 174.079497655233 183.461566766103 187.72413333257 193.975230058034 195.572197437286 196.098645528158 197.001775105794 198.760390281677 206.576526165009 231.743276119232 232.513785362244 234.034260114034 234.007676442464 237.167298793793 235.354383786519 232.79329140981 221.652448177338 211.349248886108 209.342777729034 207.941253980001 214.378217856089 226.226925849915 228.390494982402 203.817168871562 174.368818600973 167.155424753825 173.961619536082
112.148821353912 84.2644174893697 58.9021742343903 38.5012949506442 31.5319423874219 39.6831085284551 60.4577014843623 82.1974774201711 87.7822538216909 85.6871604919434 94.6207642555237 108.65772763888 118.729333082835 125.474731127421 134.391913811366 147.540112336477 155.180821816126 163.479834794998 171.376427014669 175.469994544983 176.068822542826 176.750560601552 174.608906110128 177.278856436412 183.305581410726 189.324577649434 192.935844262441 196.390390396118 199.568291505178 201.62836710612 215.389688809713 230.199555555979 225.421766440074 225.77820221583 225.598076979319 224.558651447296 222.465554873149 220.275282859802 211.950222651164 212.285697460175 211.741109689077 209.637065728505 211.888154347738 215.617060661316 207.244912783305 172.982931137085 145.484874645869 154.863138993581 174.755871295929
111.869921286901 102.585802475611 82.8352371851603 66.0823484261831 48.2321878274282 36.8186781803767 39.4155060251554 62.2101277112961 79.8830986022949 91.7709867159526 92.3049251238505 88.0537827809652 84.3229691187541 79.2094568411509 80.8170338471731 96.320648988088 108.498513698578 135.299583276113 159.153441588084 173.290848731995 181.427280108134 185.742974281311 181.079785029093 177.191495895386 180.622458457947 182.665149370829 187.315285205841 192.425469557444 196.100513140361 202.960888544718 214.816848436991 219.537874062856 211.204330126444 207.026441891988 208.98026227951 208.682119846344 209.963699181875 204.875985781352 199.533025423686 196.926534175873 192.576825618744 191.713690757751 199.200491110484 207.469622294108 199.971377849579 189.898669719696 200.428485870361 209.861079851786 222.370584805806
112.063119808833 109.258572260539 104.663530985514 90.8299386501312 74.5374610026677 47.7781146764755 31.5968592961629 26.6027649243673 53.0045926570892 78.610897064209 88.2799724737803 84.2764576276143 74.971745411555 66.8996820847193 55.6463698546092 58.4201514720917 68.3288723230362 85.7211550076803 106.454352537791 129.32676076889 146.947274605433 165.820101896922 176.378051439921 175.381680329641 174.857318401337 173.072377840678 175.875683625539 179.477334022522 183.895687262217 193.745116392771 203.904032707214 206.45135641098 197.846174240112 192.195614178975 188.146352767944 188.061753908793 195.239186286926 194.265961647034 189.247488975525 172.481377919515 169.721662998199 180.931985378265 199.4868516922 213.022212187449 213.086167971293 216.198881467183 224.53377644221 227.670987447103 235.2002064387
96.1620608965556 94.1998660564423 103.481700023015 98.8503893216451 88.3527795473735 69.7435388962428 43.6666955550512 24.594321846962 34.3435058991114 44.1334744294484 58.4013809760412 68.3847516775131 72.0607737700144 69.7496483723323 65.1318927605947 61.2239092588425 58.7405661741892 62.9541327555974 75.1274029413859 90.5385315418243 105.274498462677 125.174303849538 142.648617426554 142.84693201383 149.004379908244 150.809268156687 152.60174870491 155.144949754079 162.234117587407 174.071609973907 181.533316771189 181.620677312215 178.69492371877 177.96798547109 179.599006970723 180.130263169607 181.890745957692 185.117363929749 184.499462445577 177.902817726135 185.490091641744 197.135925292969 207.592944304148 215.316414833069 210.305551687876 206.230163574219 209.257324536641 220.438738663991 229.653775691986
74.3290334939957 73.3933846155802 71.8141247828801 80.2188863356908 81.4903477827708 80.1228433847427 64.9779339631398 54.1782925526301 32.7451899647713 24.8052378495534 29.7419180472692 45.0141429901123 60.366282860438 69.6525424718857 76.2681066989899 74.1905868053436 66.5671527385712 64.7292335828145 64.9660527706146 67.5943046808243 75.4009733597438 83.4563672542572 93.850056330363 110.776782035828 121.510018905004 125.526905059814 129.236509402593 133.913228909175 138.347595930099 146.194458007812 148.460547129313 150.551895300547 157.959957917531 162.227759758631 167.483270168304 170.619368553162 170.520822207133 176.46332581838 180.69718281428 189.635793368022 202.784160772959 208.834290504456 210.917989412944 209.159771601359 203.419029712677 206.107934315999 217.662851015727 226.194818814596 226.823250452677
39.9765446782112 37.9363422592481 41.1997561653455 44.3491240342458 52.5314261515935 62.9281202952067 63.8912171125412 56.8849295377731 42.9009944200516 29.5480663577716 25.9698927402496 31.0490181048711 46.1370448271433 61.8209193150202 73.117603858312 71.7107752958934 68.9684847990672 65.7714704672496 63.0411207675934 60.5677217245102 60.6738030910492 62.1482829252879 68.1121995051702 78.9370387792587 94.9294567108154 107.926001151403 110.767861207326 114.400833845139 122.009704510371 127.261996269226 131.593962510427 136.994411547979 145.622273286184 150.295128424962 151.656101147334 155.914604663849 161.41880551974 167.53097375234 177.306532859802 195.125142733256 202.622791131337 203.544080257416 204.732855161031 204.780141512553 203.377703825633 206.698060035706 217.466135819753 224.033693472544 223.155319690704
16.0384314755599 13.6194191873074 12.6797047754129 14.8817213873068 7.52396695315838 11.5896351635456 29.0863265593847 31.2147165338198 42.2003070513407 40.9433643023173 33.314382036527 27.90583918492 31.0812120636304 42.2160277764002 55.5452356735865 62.6102089881897 70.0571636358897 71.238249540329 67.1741565068563 59.9468698104223 56.2771856784821 55.6837767362595 57.9697291056315 65.2295450369517 73.4917471806208 82.1730146805445 89.7302528222402 95.0218339761098 102.771490812302 108.593076467514 114.353875319163 119.935264190038 126.115828752518 130.569914976756 132.433235645294 136.723518371582 148.734857638677 160.908381144206 166.892568270365 186.529239018758 192.231039206187 191.875576972961 188.547492027283 185.396114985148 188.05068731308 189.853429794312 195.485790570577 202.890872955322 206.87327782313
9.75658185780048 3.84074387451013 1.39977984751264 0 0.0106861698441207 0.0795335363363847 1.95710578312476 18.3972356220086 35.8929683764776 44.2546506722768 42.852704723676 39.5803699890772 26.8056790033976 26.6351054112117 38.3399923642476 56.3442607720693 69.4319655497869 74.9721676111221 74.6019979317983 69.4754223028819 64.0444109837214 64.9482260147731 64.9522890647252 67.7207559347153 68.5596962769826 70.2357391516368 74.2345800002416 85.5446060498555 92.3443833986918 94.6660240491231 100.556701421738 106.233855088552 107.650399208069 109.502534071604 113.408227761587 119.477430979411 130.29471039772 144.322097301483 149.592687686284 160.789201656977 169.409771760305 171.120862166087 169.304569562276 171.030859152476 171.149591604869 173.133154710134 175.624589125315 181.753516197205 186.910013357798
9.45449682573477 0.0201174140480968 0 0 0 0 0 1.61924508089821 20.0598115722338 33.3998252948125 48.2573012510935 54.2520185311635 48.4077831109365 37.2753416498502 37.0419671138128 52.0255913337072 63.9460980892181 76.5138566493988 85.4928096135457 84.4153761863708 76.6945978005727 75.7055381933848 74.6381928523382 75.3552665313085 76.4949868122737 75.8689741293589 77.3122211297353 84.8069190979004 87.8450473149617 88.9103809992472 94.285637140274 100.005100170771 100.678682327271 100.803832213084 106.047749519348 113.593478997548 117.191632588704 124.184509118398 129.540850718816 133.314092954 139.61790005366 146.641890207926 154.471715291341 162.548919518789 160.162905852 167.326112588247 168.400406837463 163.786391417185 162.326335906982
15.9406786163648 1.8273297076424 0 0 0 0 0 0.000372296578158663 2.67111199597518 22.6376901070277 47.4473088979721 67.8937335809072 75.0739077727 62.545175353686 51.7555524905523 51.1497457822164 54.7369718551636 66.189244389534 81.133301059405 92.2475457191467 92.0293529828389 88.3145928382874 87.8325601418813 85.628738005956 85.2410495281219 84.0083261330922 83.6765666802724 82.8389475742976 84.8649541536967 80.7598332564036 86.3898793856303 96.0120260715485 96.4775085449219 96.6257353623708 100.637416044871 104.807664950689 104.870080947876 104.47167356809 109.343041976293 111.313124497732 117.553542057673 125.232875347137 131.661752859751 138.554751873016 143.473287423452 149.673332770665 159.367879231771 164.667636156082 160.290062427521
16.4345689117908 3.53697097549836 0 0 0 0 0 0.988985877484083 3.23370813081662 15.025960902373 31.1006183425585 58.2033693790436 76.258197426796 80.3168763717016 71.1639076471329 54.3040881554286 49.4726846615473 51.3847867647807 65.5231475830078 86.4588419596354 98.3150800069173 94.8173801104228 98.5992948214213 94.3537851174672 89.73228931427 92.1400090058645 92.3809508482615 88.2678230603536 84.8084886868795 85.8537157376607 82.1012010176976 82.5428416331609 91.1367436250051 92.796931664149 94.2787528038025 92.7310883998871 90.5284285545349 86.8066350618998 90.3589924176534 92.9846068223317 97.1835255622864 101.74435377121 105.452080567678 109.034677346547 123.743236064911 130.013138055801 144.126127163569 155.02804517746 155.231257279714
12.9357824722926 5.82311054070791 0.122538340898852 0 0 0 0 2.41443592434128 7.5480230152607 12.666450192531 22.1146792173386 46.5112874905268 69.8793629805247 81.2210241953532 83.0198526382446 76.4974057674408 71.6899732748667 61.6659025351206 56.1748445034027 65.4131670792897 86.0779782136281 98.0212887128194 104.718814293544 101.127882798513 98.0455378691355 98.4899401664734 100.558221340179 96.3661173979441 95.2315131823222 93.5093363126119 84.7998062769572 78.1722764174144 74.5671093463898 72.1266667048136 73.0964988470078 77.6154448588689 79.4862409432729 78.3247550328573 79.3280601501465 83.0375601847966 84.9231481552124 86.8561267852783 90.2590950330098 93.2522813479106 110.626687606176 122.11216489474 130.5330991745 136.330505212148 143.156627813975
9.79636112848918 6.82218248645465 1.56142888590693 0 0 0 1.46485414976875 5.18675210575263 13.9611636598905 16.7122979958852 21.731436252594 34.0827256441116 52.3784508307775 72.1705208222071 84.9116543928782 88.5651707649231 89.2042020956675 83.9514831701915 68.5188223918279 59.2475434144338 67.2042618195216 90.7530685265859 99.0683635075887 101.947357257207 105.730424324671 107.968926429749 110.273311535517 108.521014451981 102.077583471934 104.575663805008 92.1462972958883 78.2690048217773 64.160813887914 61.7056886355082 59.1622740030289 62.0089322328568 65.6636655330658 65.3710812330246 67.2145783901215 71.1511373519897 74.8943239450455 77.352911233902 77.3259699344635 81.7533979813258 90.2302463849386 106.683353583018 113.309572140376 115.635832150777 119.347353776296
10.7121032973131 13.0108334124088 11.5106826027234 0 0 2.10358357677857 5.01511680583159 9.87170015772184 21.1035956939061 28.9371460676193 36.754568417867 37.9609713951747 48.6486852169037 59.2890679836273 69.9614286422729 84.1843883196513 92.3761526743571 93.3685700098674 91.4388597011566 78.9965391159058 63.1110469500224 75.4096657037735 84.0906302134196 96.5350369612376 107.804268598557 111.587425072988 111.48860057195 110.352079073588 111.08602086703 101.76016887029 87.4649782975515 85.0779016812642 70.537065466245 53.5490761200587 44.7952648003896 45.0817992289861 45.9964374701182 53.0338784058889 55.2631169557571 57.3559999465942 59.5424671967824 63.3907417456309 66.8942828973134 70.945809284846 72.964350382487 87.2461597124736 93.5026208559672 95.9131121635437 100.357204675674
11.6042184333007 10.8122676610947 12.8232563535372 5.99214062094688 0.796491978690028 6.76003160576026 7.34580866992474 9.76886972784996 14.7392315169175 30.6666319568952 38.0382339159648 35.8351518710454 39.2379636565844 44.9267129103343 53.3808221419652 68.769708275795 79.9603760242462 84.9740008513133 92.5369163354238 93.815157810847 86.0492885112762 74.6476650238037 77.2475649913152 87.1050556500753 99.1710325082143 105.963329474131 114.906698465347 111.261665821075 104.607542355855 94.0306584040324 92.4552977085114 79.4252554575602 62.4328702688217 53.2076805830002 38.2577180862427 28.0272513628006 30.4567664861679 30.3301389018695 30.1453843712807 38.3227268854777 46.837771932284 51.0266373554865 61.0152184963226 65.5620992183685 63.4068349997203 71.972777446111 76.8056710561116 81.0436507066091 89.7404948870341
15.8501081168652 9.33422769109408 6.01573971410592 11.4131545027097 8.53587997456392 7.60486597816149 7.490082954367 9.38900808493296 12.6435731848081 25.278369585673 30.0451666116714 30.5108949542046 31.664731601874 33.9677731196086 39.9153580268224 53.504337867101 64.7148638963699 73.0659464995066 82.8192482391993 96.9996651013692 103.14820210139 93.3943887551626 92.4104750156403 95.7429607709249 98.8723337650299 98.706732193629 98.6847678820292 95.5224931240082 101.829787095388 91.5641983350118 77.6452918847402 70.5947975317637 47.8047380844752 35.0447744131088 25.6340876221657 17.0150858660539 9.98002601166566 14.2328217625618 16.7538051803907 30.0148675839106 40.1041433215141 44.6435312430064 50.4863659540812 50.3484358390172 57.648092508316 62.6205503940582 68.5809701681137 73.2667843500773 80.5212507645289
36.1485357085864 24.9140411615372 14.1828879714012 21.9356243809064 20.6268889208635 7.11049015323321 9.48568806052208 13.0846425890923 20.7532780865828 25.4855180780093 26.7699932058652 28.3949648340543 29.0426487723986 26.6307791074117 33.274474243323 43.4052795171738 56.0385684172312 66.149910291036 75.1200666030248 87.9617631435394 97.9464054107666 111.911058425903 115.799357493718 115.351100762685 108.92919699351 100.421845912933 94.7324534257253 87.725838025411 86.9030753771464 87.6269241174062 65.2551750342051 43.0789291858673 29.0911247332891 14.8290768265724 0.934939598664641 0.500171406505009 0.629054576468964 3.4997072070837 9.47923772037029 11.6685529549917 17.6546648144722 35.1156244675318 34.7799807786942 29.618593553702 48.3107666174571 57.9879482587179 65.3344492117564 69.2913929621379 72.5930432478587
