input/barkrak2/radiation/dir32124.grid
NCOLS 85 
NROWS 70 
XLLCORNER 665100 
YLLCORNER 4664600 
CELLSIZE 20 
NODATA_value -9999 
[rows 0 to 22 of 70, columns 0 to 50 of 85]
76.667055487632794 93.0324296156565 114.668061335882 136.981199185053 145.68426211675 148.311634858449 147.652675708135 145.473003387451 143.570055564245 146.87838157018 147.574216127396 143.818030754725 139.38170671463 140.112221240997 138.551344474157 125.158886114756 112.587829430898 103.082766135534 101.332942644755 101.547122001648 108.362197875977 127.341916163762 149.978180726369 154.136230548223 157.490462064743 167.654832204183 166.190594434738 156.731625398 149.637967348099 151.588807503382 147.386600573858 168.831825256348 205.379525820414 201.765318711599 198.114593823751 191.061735153198 198.865552743276 211.633125940959 209.14892355601 208.32637945811 199.779133001963 208.23613802592 213.40666214625 204.30854956309 192.811826864878 199.300209681193 206.252137819926 167.377750078837 111.911018689473 107.679545879364 130.274405082067
54.5239398876826 67.8696086009343 79.3345272541046 93.2042002677917 107.734938462575 116.02583527565 133.017877737681 147.71377046903 153.011322021484 152.66826748848 149.944752454758 145.287384589513 140.143791834513 140.21709561348 140.294442574183 127.642124891281 119.451483090719 109.440763791402 106.836597124736 104.945262273153 117.87282427152 140.786439180374 158.780654271444 163.380990425746 166.48268699646 171.882132689158 168.122231960297 159.244954586029 153.337607781092 153.040031592051 153.664569060008 178.143242994944 201.383292675018 197.258432706197 194.688498973846 191.080768903097 198.267042636871 204.725523789724 200.173636277517 199.248751004537 198.925336201986 204.405347506205 199.769298235575 189.041018486023 183.682342370351 196.047425270081 196.911772092183 147.152264912923 119.085590044657 129.582315683365 158.811330795288
25.9997646013896 34.0138152241707 40.9620280067126 48.2943952083588 56.4603259166082 66.2156889835993 79.6929597854614 100.861102342606 116.564015547434 136.773745218913 143.624722957611 146.708945433299 149.122714996338 150.688886642456 152.450799942017 152.751495440801 146.826873222987 136.458337306976 122.216522693634 116.59699678421 127.864092588425 144.737164179484 155.296673377355 157.646705706914 163.412620623906 166.240801413854 164.967060089111 159.712582826614 156.279146671295 160.625169674555 170.708497365316 189.578930536906 201.227108637492 198.538104693095 191.923320293427 191.186090310415 200.080037117004 205.135583877563 199.779450893402 194.879412651062 190.295735994975 182.482838630676 174.910406271617 167.688727378845 173.525075117747 190.77996412913 182.552715142568 140.970448652903 138.497958580653 157.615631818771 183.882216612498
14.7055722773075 16.2985386947791 20.5210583905379 21.9303170839945 25.2901613712311 30.1893179615339 38.1560871998469 50.9680360555649 71.0390557845434 82.793394724528 103.76513004303 123.275329669317 144.185384114583 151.26770734787 155.210673809052 161.430011192958 158.53296717008 148.920426766078 132.421165704727 125.477254390717 125.230014324188 126.813719669978 137.186229228973 146.366536617279 147.914230823517 147.734105587006 155.062655607859 158.329377571742 160.056928793589 166.744788487752 172.963559627533 191.945612430573 197.509964307149 194.835682710012 191.99546178182 192.2314564387 194.48725382487 195.10543346405 188.68895371755 178.616642951965 175.297260284424 167.764604091644 166.51506225268 179.526209831238 192.555467287699 186.059455076853 166.781723499298 144.814352194468 148.0819384257 161.056439081828 182.246605555216
24.8162895441055 16.6511051356792 11.1842068533103 7.01695928970973 6.13065809011459 14.6533374985059 27.391605079174 35.2114190657934 43.8397377729416 51.1596202850342 67.3515896002452 88.5462959607442 97.8599985440572 104.902138312658 108.85892311732 112.056732177734 111.56631509463 117.390960454941 117.064187924067 115.293840567271 117.338279883067 114.917824665705 126.980245113373 135.009636481603 140.902568896612 144.927054643631 147.217273712158 152.770260969798 159.361809492111 161.416868368785 167.742431163788 190.186719099681 187.321980794271 189.653237660726 189.61489200592 188.28014532725 185.084740320841 182.415167490641 173.592329025269 165.160874525706 164.639234542847 165.100415547689 174.405137697856 185.383200645447 186.022718747457 166.33528470993 131.501972675323 128.657162189484 141.820003588994 160.069366296132 188.399334748586
45.5043564240138 33.0410252014796 18.6229509611924 7.47646950185299 4.66847978532314 7.92125115791957 17.9743493596713 28.199444214503 37.2397427757581 36.1421555280685 42.353610197703 48.6730833848317 55.9590309858322 58.7052206198374 65.0493005911509 69.9208428462346 75.4416932662328 82.8180462121964 93.1173761685689 103.000263373057 109.715720017751 114.510536193848 118.157853682836 120.264172554016 127.085487047831 133.403281370799 139.888892571131 143.157035112381 150.509148836136 160.501559575399 176.704903443654 187.509735425313 179.112911224365 180.025001366933 181.509633858999 181.403994560242 178.563316663106 173.710664113363 165.365507205327 165.586888790131 165.004074573517 164.306581020355 168.142358462016 171.150088310242 167.5759156545 131.940573453903 111.175209283829 121.445268392563 141.088038682938 178.93248796463 202.081878980001
63.4440928697586 47.2540309031804 36.039133866628 23.6593733231227 12.4769968291124 6.84836444755395 9.22645938893159 21.7315231760343 28.3530031641324 34.7746734817823 38.1097346544266 34.840834637483 31.4848174651464 30.4258813460668 32.0295840501785 40.0736605127653 49.8854766289393 63.8781040906906 81.5921326478322 91.830184062322 104.560514291128 111.781924962997 113.408118486404 112.648854653041 119.298170010249 122.870256503423 126.626819372177 133.011639118195 138.475865125656 147.779683272044 159.548868735631 170.948028564453 166.461517413457 163.673063119253 164.254188537598 165.011833111445 165.759702523549 161.521782477697 156.99643890063 151.495436827342 146.843612194061 148.560504118601 155.331879854202 162.700206041336 159.723550081253 155.745695034663 163.687199354172 172.747691472371 187.703172365824 202.524662017822 205.941061178843
75.0183562437693 60.4838182528814 51.929846405983 42.5588190555573 28.3876210451126 12.7595302959283 6.8012240032355 0.411257691060503 13.8898156583309 26.5430460373561 32.656100889047 31.955232222875 28.3653388420741 28.5685434937477 23.8105431199074 26.8893887599309 34.2796444892883 44.7732309500376 59.9614928166072 78.669086098671 91.3043220837911 101.980209350586 113.616208235423 108.394215504328 111.318578322728 111.756434043248 116.694609324137 121.446619431178 127.073347568512 136.91571354866 144.226690133413 147.160847981771 137.77224222819 135.620057582855 142.237951358159 145.257661739985 151.727120081584 150.956074396769 147.968590259552 133.342484633128 129.386862119039 136.62380973498 151.586721340815 163.649986187617 167.145768801371 172.242979208628 182.579239209493 187.339266141256 192.972898483276 196.263790130615 197.380105654399
71.8066990375519 62.4102602402369 52.265261610349 45.5865363279978 39.0386258562406 28.9276813467344 14.8722852269808 5.35702953735987 11.4268039663633 17.648013929526 24.2046465476354 30.9333478411039 34.0033446749051 35.724605123202 32.6384256283442 30.9556772311529 30.4360340038935 34.7451766331991 44.392521182696 55.6023667256037 67.9928958415985 80.6286633014679 93.7155783176422 95.4159398873647 98.6871520678202 97.4728465080261 97.6334909598033 103.335420290629 109.711766242981 118.902117013931 124.737521012624 126.824547847112 122.613946596781 121.257980664571 121.930708487829 127.173433701197 139.198839664459 142.388880252838 143.359134594599 138.446758190791 143.180588881175 152.518292268117 160.252114137014 163.357069094976 161.564826965332 160.624106725057 162.606666485469 173.057377338409 182.741542657216 182.241241137187 173.862338066101
52.0709057648977 49.9972105026245 44.4315373897552 36.4840974410375 32.4874172608058 31.3403358062108 24.8186265428861 18.8725329935551 12.2701848546664 9.15159781773885 13.7992116312186 23.3777686953545 34.8045428593953 44.9167887369792 49.073447783788 47.2033619880676 37.7446884910266 36.1055185397466 37.0811745524406 40.0234187642733 47.4358052015305 53.4220536549886 63.3581876754761 72.2084840138753 81.1230738957723 82.9842239618301 83.1835965315501 83.4151109059652 88.8884663581848 99.7725923856099 101.820141077042 102.27170586586 105.633546908696 108.016490936279 113.682458798091 116.060137748718 116.796642541885 125.348567962646 139.19864098231 149.325877428055 157.685438791911 162.292589743932 164.131909608841 163.296351830165 160.062849521637 159.873267014821 168.65470012029 174.361745516459 174.163083235423 172.533869743347 178.38857571284
15.3951967755953 15.8617769678434 15.8153722683589 15.1573506494363 11.5622679392497 10.4623511433601 13.994620492061 18.5915728410085 15.7879715164502 11.3248142103354 9.18588725229104 11.5412995219231 23.0082919200261 34.611331919829 47.084500392278 45.4979985952377 42.4102495114009 40.8202211062113 37.2345397869746 34.3350321054459 35.9687954187393 37.2601002454758 40.779821574688 52.4776180585225 63.750813404719 70.3108161687851 71.2669789791107 72.1812347571055 75.574979186058 78.2170544068019 84.5677852630615 91.6937788327535 99.1950631141663 101.100573937098 101.793020963669 105.729242165883 111.122181018194 115.445087353388 123.42295050621 153.800378243128 160.472452640533 160.722364981969 159.859716892242 156.244784593582 156.567017237345 162.655333677928 169.373909632365 169.791499773661 169.032613436381 172.877430915833 174.603660901388
0.952134219308694 1.42509459207455 0.708238842586676 0 2.00104475180935e-15 4.03217626831221e-15 1.75344043721755 9.44811291992664 18.4734500944614 18.0411239465078 13.2789711157481 9.54558079441389 11.806420981884 21.2463463346163 35.8727624018987 39.876493314902 44.9832876523336 45.6068515777588 40.7179196675619 35.5067650477091 32.307339211305 31.8071221311887 33.0371111631393 39.5963837703069 47.1884707609812 52.7320702870687 56.2869906425476 58.8210572799047 62.4228815237681 65.3886993726095 66.6279345750809 72.5141912698746 82.9281558593114 84.2991868654887 87.2954130172729 91.3057029247284 98.9937682946523 107.533186674118 114.929725726446 130.32591342926 135.79797744751 144.901990890503 144.159982601802 141.602675120036 143.220951159795 143.778502941132 148.264070351919 154.526362816493 160.409023364385 164.623181025187 167.10772116979
0 0 0 0 0 0 0 1.00103338869909 14.8281256357829 22.358367840449 22.4224751194318 17.6907256245613 9.62428438166777 9.45132598280907 20.1218662162622 35.1908132433891 44.3185269832611 48.8669077555339 46.995277206103 42.5611982742945 37.9374548792839 38.9725888768832 39.4985477129618 41.5652121106784 43.1045343478521 44.4751878579458 48.0162998040517 53.5513212283452 54.3815493583679 53.8795193036397 56.7184935013453 57.2865704695384 52.7110745509466 58.2512865463893 72.9456196228663 77.7235974868139 84.4773451487223 93.6185518900553 97.9310870170593 105.460574229558 112.371494372686 113.801687955856 113.8543287913 125.90883175532 129.181802272797 131.122579177221 130.555003881454 133.570323387782 138.20880651474 143.232484658559 149.499317010244
0 0 0 0 0 0 0 0 0.678943547730645 13.6691542963187 26.6582742333412 31.0986091693242 26.120699942112 18.4228345751762 18.1875663499037 30.6188315153122 39.4990170995394 50.1294434070587 57.7220420042674 56.1207135518392 49.6958692868551 48.7776547670364 46.7322419087092 48.1375803550084 49.2279479900996 49.4170784950256 50.6435136000315 56.5171986818314 57.5614472230275 50.5149960517883 50.1321454842885 53.5209278265635 49.5872596899668 46.4931478103002 47.9544599850973 64.7533039251963 67.2914882500966 78.5718063513438 83.8977297147115 85.0867927074432 90.5558665593465 93.7539041042328 99.3368029594421 103.906214237213 104.805767536163 125.595192114512 126.197516918182 121.168355147044 117.557962735494 119.578460852305 122.997283935547
4.73095228274663 0 0 0 0 0 0 0 0 3.46724316477776 20.8610445261002 33.7019314368566 46.5577344099681 41.3568615913391 30.9491381049156 27.2051344315211 30.6809743245443 41.0571098327637 54.8061827818553 62.9590451717377 63.1453593571981 61.0663195451101 59.1548581918081 58.0398589372635 56.921308239301 57.6040198405584 58.0191115538279 57.6961934566498 55.5556267499924 52.0353068908056 48.8296151161194 48.3860423167547 42.765681942304 42.4651304880778 40.5633598566055 40.985827644666 40.2876486380895 40.6409353017807 52.2697865962982 57.5843701759974 62.0317359765371 65.7227039337158 72.0342149337133 74.4887342055639 84.932267665863 92.1975274880727 107.762644688288 119.805951913198 115.512659152349 109.91425315539 109.412302573522
5.12152320394913 3.22622055882356e-15 0 0 0 0 0 0 0 0.678642808149258 14.4654487570127 33.7077627579371 49.1074124972026 53.7026474873225 45.6686913967133 30.6595911582311 25.637889901797 28.5134563843409 40.1731878519058 56.8321992953618 68.6354488134384 68.1013266245524 68.6386326948802 65.9400324026744 61.8657966454824 63.7275377909342 65.8319046099981 62.2439384460449 59.4937304655711 55.4743160804113 52.8532763322194 48.9643017450968 42.2121385733287 35.9797875086466 31.2464088201523 27.0614375670751 24.0318949023883 22.6190437873205 25.175467133522 29.7085692485174 36.157305041949 40.8857588966688 39.7697562972705 43.9050495624542 55.8923085530599 65.6629105408986 76.2648185094198 83.3770036697388 95.3067044417063 104.01639342308 104.386210441589
3.3918476353089 0.165811254798124 0 0 0 0 0 0 0.444535282440484 0.779391809677084 1.03621099454661 24.8674005270004 44.6289926767349 56.7792902390162 57.1825007597605 50.9167810281118 44.4954087336858 37.8689244389534 33.0485478043556 40.6779895226161 59.0630422035853 69.8612233002981 76.7463147640228 73.395848274231 69.1597461700439 70.4771826664607 70.9137817223867 67.0835971832275 68.8662777344386 66.9207672278086 56.9773763418198 45.4028844833374 42.4048602581024 33.7615609169006 26.9130145510038 23.1828068693479 16.5717701117198 13.8581519325574 13.8334631919861 16.671600441138 21.6570943593979 21.3258117437363 24.2606401443481 26.8920014301936 34.7498208284378 45.5433924992879 52.8975625832876 60.1052542527517 65.2862886587779 75.2510875463486 92.355340719223
1.97955934951703 0.472184813891848 1.38549567957274e-15 0 0 0 0 0.508203093583385 1.37348457550009 3.4678311397632 8.13534048696359 17.0947350561619 30.3147484858831 44.9556410312653 56.520938873291 62.7612769603729 62.8315558036168 56.1951647202174 43.7413106362025 35.3552301724752 42.9665247599284 63.8901243607203 70.4071621100108 75.6009270747503 77.321857213974 80.2123794953028 82.1026414632797 79.0383666753769 73.285569747289 76.5628963708878 64.0764733155568 52.0856082439423 38.7115677197774 31.2215685844421 24.759237964948 18.1451539198558 13.6339664459229 8.36425150434176 8.21591292818387 10.1754950980345 13.8033702969551 15.8104250828425 16.6796346505483 21.5681195259094 28.2129074136416 38.3676613370577 43.7133361895879 45.9978034098943 52.6875952879588 57.4531555175781 65.9520626068115
2.21922652175029 2.71549882988135 1.92128618558248 0 0 0 0.299155130051076 1.91793000946442 4.36678932358821 12.5537539521853 17.7858298023542 20.3154111901919 26.8519297242165 35.7637529571851 48.7264643112818 60.6563488642375 63.8164679209391 64.5038882891337 62.5291069348653 51.399235924085 39.8479625582695 49.9389668305715 57.9163531462351 68.9342717329661 78.9789458115896 85.1218501726786 85.1431687672933 88.8753930727641 81.1306337515513 70.6948737303416 61.652551094691 55.9750994046529 43.6698695023855 30.0674190123876 20.8323796590169 15.6526279946168 10.3246768315633 5.34198557337125 2.68593492607276 4.84581446895997 6.76541092495124 11.74138362209 16.8894628683726 21.6544518868128 22.2411379218102 29.712716738383 35.0340281923612 36.5414147575696 40.8098896344503 43.336421251297 49.9862531820933
2.31182668358088 1.62536868204673 2.8734573473533 0 0 0.893896523242195 1.37709050128857 2.75076366961002 3.54891084134579 8.2637978096803 19.1542878746986 18.3270573616028 19.4332773486773 24.6737326184909 35.9477922320366 48.0797191460927 54.7662774721781 60.5959196885427 65.2828862269719 63.3626679579417 57.1680764357249 48.8959550857544 52.1539002656937 61.0522528489431 70.7651873429616 79.7202885150909 84.4109654426575 83.1873963276545 82.356333732605 73.4808991352717 60.5830550193787 47.4176704883575 41.5882269541423 25.3141125043233 21.4448645710945 13.5546637078126 5.4010928918918 1.08686190408965 0.185488897841424 0 1.15798017941415 8.26513953506947 11.38519992431 15.5221124490102 16.3327120244503 21.6351002454758 23.3641962210337 24.0371401111285 30.7523310184479 34.552459915479 35.3842178980509
4.71903880437215 1.08978253168364 0.00980668786117652 0.275105140948047 0 1.64281685526172 1.31887709721923 2.57148376355569 3.36540552477042 3.37789642314116 13.672882070144 14.3029925723871 13.2509271303813 15.7771036028862 22.1441710988681 31.7853987216949 41.3572266697884 47.0233509937922 56.4028024673462 67.2259579102198 73.7413416306178 63.7107640504837 63.7506345907847 67.3351436853409 68.6073303222656 72.5394090016683 77.4475038051605 75.5413621664047 70.2478488286336 59.80084836483 56.9856216510137 42.250911394755 25.8920739094416 16.7228852709134 6.90765803058942 0.632297053622703 0.110131843636433 0 0 0 0 0 9.31340580185254 11.9626944263776 15.8219734827677 19.6539933482806 23.0667119224866 23.0380296707153 24.0428100029627 25.1655156413714 26.0416020949682
17.2729517022769 9.14500777920087 1.25878319765131 2.65927923222383 3.21168700853984 0.90299096579353 2.47990060597658 4.62819387515386 5.13957844426235 4.5680170878768 10.8386067052682 11.9344082971414 11.3435884316762 9.85218274096648 14.8594031731288 23.0606247981389 32.7784046530724 41.8120523293813 48.3577599128087 60.3594581286112 68.9862320820491 79.7269095977147 84.724485874176 83.6107234160105 78.1732946634293 69.6724007527034 68.2336390018463 65.3189967075984 67.0252492030462 52.9266397158305 41.2988215684891 22.9650214314461 15.2540865043799 3.21215949952602 0 0 0 0 0 0 0 0 0 3.32953874021769 8.16811993718147 12.2725640734037 15.8061447242896 16.661507387956 18.1877973179022 18.4573357303937 18.6258132259051
46.3431576887766 40.050541361173 19.3773383895556 12.7672751744588 9.77151716748873 3.78499552607536 7.66405587395032 5.98842029770215 5.04204879204432 4.15261400242647 12.3882318536441 12.8394601245721 14.763630926609 14.7038859625657 15.3484431405862 20.4175710678101 29.2037377754847 39.1280129551888 44.0169076124827 46.4167694250743 50.1766949892044 64.366469780604 74.0411976973216 79.0395239988963 80.1711479822795 73.3454078435898 66.3167933622996 55.5431445439657 59.6536149581273 39.8689260085424 21.165631711483 8.96137456099192 0 0 0 0 0 0 0 0 0 0 0 0 4.24224324524403 7.1349460631609 9.10636472205321 10.4377704362075 15.8807374536991 15.9092123309771 14.2841264605522
