input/barkrak2/radiation/dir36324.grid
NCOLS 85 
NROWS 70 
XLLCORNER 665100 
YLLCORNER 4664600 
CELLSIZE 20 
NODATA_value -9999 
[rows 23 to 45 of 70, columns 0 to 51 of 85]
57.8597088654836 48.0181475480398 19.393764436245 3.9842523013552 0.0544453214388341 7.09797566135724 4.51495094845692 3.4276240815719 2.8459345921874 2.62891966849566 2.77302352090677 1.90950154016415 9.1434915860494 12.0552852749825 9.7784319271644 10.2275100847085 15.6480073928833 22.9507833719254 27.3296783367793 21.7049941420555 20.5556290845076 23.8701924681664 34.2260723312696 43.1463221708933 48.6615796883901 48.4623412291209 43.0799126625061 37.4872411290805 17.3171224693457 7.88829537729422 4.50543314218521 0.765568266312281 0 0 0 0 0 0 0 0 0 0 0 0 0 0 0 0 0 0 0 0
57.8093032042185 53.9677242437998 33.7604805827141 8.12822890778383 0 2.83562391996384 3.86751381059488 4.61986505736907 3.84989970674117 3.19252349436283 2.77998857200146 1.86905404552817 4.291747075816 10.4076154530048 9.69325316449006 9.26188503702482 13.3995239933332 21.5642601251602 27.0285209019979 19.9892222881317 18.5463751355807 15.8899786571662 21.8643893798192 29.5138160387675 33.8600724935532 34.3069483836492 31.4458583792051 28.1784906983376 12.6210326949755 3.94958102454742 1.61255228643616 0.848208709309498 0 0 0 0 0 0 0 0 0 0 0 0 0 0 0 0 0 0 0 0
46.1957106987635 50.0226070483526 43.1413302818934 16.551036387682 0 6.79190456867218 13.7543057401975 21.1950441201528 23.2975681622823 18.5327157378197 13.2068631549676 15.1030048727989 13.5199601451556 15.9637083609899 15.7333202660084 11.2227586408456 12.5850662589073 18.9749300479889 25.8881077170372 27.8671284516652 27.8349022070567 25.0025242567062 22.2552120685577 21.8085696299871 24.1515537103017 25.921439131101 22.3019967476527 22.963672876358 13.6556526025136 10.088133936127 7.70125538110733 9.75371773044268 5.62264335652192 0 0 0 0 0 0 0 0 0 0 0 0 0 0 0 0 0 0 0
44.9387182792028 49.452468752861 47.0927556355794 24.6193235119184 4.26582153886557 16.8273771802584 29.2612165212631 40.6555682420731 48.0969796578089 42.2562062740326 26.8487830956777 27.3119484384855 24.2685625950495 25.4768778880437 26.3772209485372 16.9742566843828 14.5316049456596 21.1354965964953 27.9859304428101 37.762239575386 38.8201872507731 36.0361610849698 28.6089281241099 23.2710341612498 23.5456352432569 25.4291196664174 21.4024434487025 28.6803841590881 27.5231376290321 26.3764013846715 29.696228603522 43.9216991265615 51.1356890201569 32.3641126354535 0 0 0 0 0 0 0 0 0 0 0 0 0 0 0 0 0 0
46.0795064767202 45.2715903520584 45.2544738849004 29.9319724241893 24.7226854165395 35.5327874422073 49.7244050105413 56.2598605950673 54.7240972518921 48.4971503416697 35.3899399439494 30.9945394595464 27.3760731021563 28.9297873775164 30.2077606320381 24.9370088179906 19.8886754612128 24.3243426084518 34.865066409111 40.0305340687434 37.3178248604139 30.4257000486056 28.2159720857938 28.6538352568944 28.8357188304265 29.2071625590324 26.913620531559 36.1941854159037 51.9295930862427 56.098351875941 58.8439653317134 64.0849719444911 74.2281128962835 79.1186590989431 38.3578687906265 0 0 0 0 0 0 0 0 0 0 0 0 0 0 0 0 0
48.8557865222295 39.7272109985352 40.0792310635249 32.1184818943342 43.3916350205739 48.1459945440292 54.270476102829 53.1822244326274 44.4958806037903 37.9317005475362 30.9427827596664 26.0264674822489 26.0856499274572 29.8269043366114 31.222810347875 32.0889751116435 27.2370353341103 23.4761387109756 31.3525622089704 34.6535791953405 32.2367598613103 26.037409901619 26.1288732290268 31.2748725215594 33.183827996254 30.0794964035352 30.7485436399778 35.9914427002271 57.578777273496 69.7829723358154 75.1851101716359 78.1320730845134 85.4888657728831 87.7837240695953 77.1545817454656 15.704029550155 0 0 0 0 0 0 0 0 0 0 0 0 0 0 0 0
50.1213272412618 35.5891734361649 35.4737167557081 36.1129393180211 44.9007650216421 49.0699708461761 41.868656873703 25.6476849317551 8.76875097552935 6.05134107172489 5.33155227700869 12.2019151846568 23.8397022088369 30.2419240276019 31.1879416306814 35.1330960790316 32.3577970266342 21.6928149263064 22.9889526963234 26.2445757786433 25.3892069061597 25.6251047054927 25.6294061740239 30.9947083393733 35.5887288848559 32.6024442911148 34.5863451560338 36.2905338406563 51.5704452991486 71.9868888457616 83.2601686318715 87.48992284139 88.7412925561269 90.666393438975 94.9934124946594 77.8308610121409 11.062316596508 0 0 0 0 0 0 0 0 0 0 0 0 0 0 0
49.5674510796865 49.7738520304362 66.2884761889776 92.4850404262543 74.3049929539363 53.7582635879517 33.8620791832606 8.19220952689648 5.49947594602903 9.90608148276806 5.14243450015783 3.84065539886554 23.3264788985252 31.4492086569468 34.2192798852921 39.5857691764832 36.4782859881719 25.5228728055954 24.8251383503278 27.7948429187139 25.1907656590144 28.6614820361137 30.3120960791906 32.183197637399 37.0199531316757 40.4823621114095 39.0742818514506 41.2623335917791 53.002268075943 74.5586454868317 88.8675153255463 91.5069083372752 88.7452165285746 96.3682532310486 105.822106202443 106.950422128042 81.6089411576589 30.5270825823148 0 0 0 0 0 0 0 0 0 0 0 0 0 0
59.5825165510178 88.0806545416514 131.808886925379 152.434806029002 132.286449273427 88.8883670171102 48.7471123536428 25.9852732221286 21.6428761680921 25.0083953142166 19.3541472156843 15.9415478507678 23.8802830378215 29.8432682951291 37.3446693023046 42.591005563736 38.3999894062678 33.1614489356677 27.2494902213414 28.1434158484141 28.0598104000092 31.0380111138026 33.159539103508 33.2805390159289 37.3433505495389 47.7721194426219 47.9362060626348 52.8832127650579 61.4078243573507 76.5472402175267 88.5961651802063 93.5836434364319 95.0794617335002 99.7108022371928 105.886121590932 108.48280787468 101.720581452052 82.6013485590617 26.9173036019007 0 0 0 0 0 0 0 0 0 0 0 0 0
112.245043118795 146.366010109584 172.316292921702 174.116174379985 172.083814938863 147.640734910965 109.717349211375 77.4982124567032 60.2380732695262 50.3184497356415 45.1209048430125 35.8594184120496 27.3457964261373 27.3238768180211 36.755529542764 41.7092790206273 36.5104625622431 37.3596077164014 27.8358086943626 26.3153711954753 30.3460409243902 31.8882117668788 32.3988795280457 32.0843532681465 36.0128407677015 47.5542545318604 53.4107784430186 60.002734263738 68.0822382370631 74.8466004927953 85.0165486335754 94.4254398345947 94.8441525300344 90.6261106332143 91.4492309093475 88.8526539007823 90.1926358540853 77.3887932300568 39.728490014871 0.0726613458634044 0 0 0 0 0 0 0 0 0 0 0 0
163.953989744186 181.396245956421 187.102377414703 185.115357240041 188.051223754883 183.146993319194 163.995842138926 127.074261506399 92.7661458651225 70.0763612985611 70.5395837624868 64.2956594626109 41.8439606825511 33.6450884739558 34.2024813095729 37.4411145846049 31.9129377603531 33.116914331913 26.8995563189189 27.6352390646935 27.2278338670731 28.6248574654261 27.9157211383184 28.0230864882469 33.8704312841097 42.2600656747818 52.725151181221 56.2319457530975 64.4309520721436 74.5555063088735 82.7353944381078 85.6460233529409 78.9970060189565 68.9107726017634 70.4812705516815 59.2477023601532 60.6150726477305 48.0400125185649 11.6522970298926 0 0.418666478556891 0 0 0 0 0 0 0 0 0 0 0
177.308221658071 187.31153011322 186.79267168045 188.132961591085 189.641455809275 187.035580476125 178.978244463603 150.459975004196 107.434570789337 82.3816706736882 81.1393012603124 78.917716940244 62.0505958795547 42.6665643850962 34.8046869039536 35.0491255521774 29.9966434637705 26.9576261440913 26.4985958735148 29.1856129964193 26.2951925396919 26.2701784571012 27.0978212356567 27.793067197005 31.6094607114792 37.7116476496061 46.0531016190847 47.3409990469615 54.8336803913116 69.6027129888535 76.8466542164485 75.8041938145955 70.9613660971324 65.036877989769 58.6622307697932 48.7174193064372 52.2751212120056 49.9521146217982 32.6096937060356 3.9615835994482 1.02864888807138 0 0 0 0 0 0 0 0 0 0 0
169.917345046997 173.329432805379 170.174717903137 172.362287839254 172.788341840108 167.777538299561 162.404000759125 147.355258464813 113.556842009226 94.3624277909597 85.2545003096263 79.6727736790975 73.123166958491 49.3203699588776 38.033830622832 38.7391497691472 32.5548822681109 25.6502677996953 28.8739576935768 30.4517870148023 29.1664153337479 26.7470429340998 29.3395593762398 32.906100153923 31.8172822395961 35.7411379615466 39.641705652078 40.2836451927821 46.9061334927877 62.4084373315175 70.4024235407511 69.6638176838557 72.5981642802556 73.3762085437775 58.8147987922033 53.8460512955984 57.0229987303416 63.6393924554189 58.1656644741694 23.2818772395452 0 0 0 0 0 0 0 0 0 0 0 0
144.889781872431 147.887011369069 150.294015804927 147.616446018219 147.162059942881 146.187275648117 150.769342978795 148.976196845373 124.074121316274 102.324942747752 90.4234151045481 71.5440362691879 63.8507107893626 44.8694278796514 34.1761658589045 38.5256682833036 39.7456437349319 29.8702294627825 32.4225674072901 35.1039419571559 34.9916815757751 31.8846255540848 32.551646232605 34.8074088493983 33.2672446966171 33.5369830330213 38.2338563601176 43.7017977237701 47.7660049994787 58.5766136646271 68.1368112564087 71.3828007380168 73.2750395933787 77.10067431132 61.8041157722473 61.4727487166723 61.9498987992605 69.2521731058757 68.7196006377538 34.7013225158056 0 0 0 0 0 0 0 0 0 0 0 0
121.844708919525 131.392618020376 142.102241516113 139.281253019969 137.569526831309 144.179314374924 153.903861840566 157.279253005981 142.774919668833 113.90741666158 89.6475911140442 64.6698425213496 48.6350109179815 38.2338017225266 30.5916120608648 34.3136588732402 43.5911317666372 36.8581761916478 34.6268936991692 37.3971735437711 37.9273171226184 35.0718647241592 33.2757607102394 34.7642575701078 35.9758734703064 35.0769609212875 37.7062112092972 44.8053777217865 48.0710119009018 53.0241082111994 62.8422399361928 72.2586164871852 74.8089253902435 70.0591405232747 59.2967222134272 68.4759070475896 70.0347423553467 75.4488954941432 75.6575365861257 52.4528324604034 0 0 0 0 0 0 0 0 0 0 0 0
87.19402551651 97.8816946347554 105.961720148722 110.684335231781 118.305583794912 133.873045444489 147.383908430735 156.298031409582 151.909907658895 126.399099826813 93.6925212542216 62.3067120711009 44.2641228437424 41.4508109291395 34.7587019205093 29.9407442410787 39.3209730585416 40.2801434199015 35.4515314102173 34.9984963734945 35.4197149475416 33.5437307755152 31.538762152195 33.0871318777402 35.8168830474218 39.2184456189473 38.2735729217529 42.9178476333618 46.6946065425873 47.910620768865 56.3454876343409 68.8793261845907 73.5305696725845 61.2793763478597 61.8193397919337 76.1202871799469 77.7971843878428 76.0782410701116 79.1421085596085 75.6594985723495 26.4739866058032 0 0 0 0 0 0 0 0 0 0 0
54.2333126068115 60.6082926193873 60.1342966159185 69.6690728267034 84.8083794116974 101.38601064682 115.40874838829 128.050565719604 129.487007856369 106.996357440948 73.7926661968231 51.4644384384155 39.718692501386 38.2312263051669 35.5662629008293 31.5020680427551 35.7647736867269 36.3707890113195 30.8409631252289 31.2904665867488 34.0791419148445 36.8222792943319 36.6370479265849 33.4923540552457 33.0145607391993 35.3185733159383 40.1342312494914 42.4035936594009 46.596884727478 45.8877384662628 48.3067681392034 60.0738475720088 66.1517083644867 63.3590668439865 77.6785463094711 84.4728052616119 82.2464873393377 77.1595388650894 82.265983025233 94.6787794431051 84.6948424975077 32.9999104142189 0 0 0 0 0 0 0 0 0 0
44.0459698438644 45.7800924777985 45.8475003639857 47.8999267021815 56.1489959557851 62.139372030894 65.8525824546814 71.0967232783635 71.454311410586 57.6399465401967 43.115958571434 39.1861324508985 38.0438243349393 35.9127645691236 34.67691441377 35.2763285239538 34.6424654126167 34.1914370656013 30.6239972511927 31.3822006185849 35.401297112306 39.5328551530838 41.1406209071477 37.8387247522672 35.5021233359973 34.2806180318197 42.4178689718246 44.529269138972 46.8587577342987 47.4351594845454 46.9128390153249 53.6179443200429 60.5435768763224 69.5878664652507 86.2146814664205 82.9178392887115 75.9749263525009 67.5847778717677 69.7636206944783 86.3448580106099 95.0587689876556 85.8281751473745 43.0336147546768 0.745357867951194 0 0 0 0 0 0 0 0
51.646480957667 49.3808736403783 49.5799581209818 49.459844827652 46.1271554231644 44.4192985693614 43.3654487133026 44.6734726428986 49.3895659844081 41.9607112805049 35.2313667535782 36.6689215103785 39.7050778071086 39.8651684323947 38.7862771749496 37.1813302238782 32.542809844017 38.8699918985367 40.570929646492 37.2523019711177 40.0278891126315 40.3669203321139 38.8201673825582 41.2211418151855 43.294499317805 38.8536204894384 43.3543076117833 45.7115521033605 47.5969115893046 48.565536737442 49.1793553034464 52.4323980013529 59.2498828967412 74.3828217188517 79.235777258873 74.3808100620906 65.3643856445948 56.7474414904912 53.7099689245224 62.5017484029134 87.4692598978678 88.2332623004913 67.6147292057673 23.1998562812805 0 0 0 0 0 0 0 0
55.6411246458689 53.0646642049154 55.8394442001979 54.5679132143656 48.2228398323059 45.299619436264 43.3718810478846 41.2208512425423 41.5734400351842 38.4421472748121 36.9373907645543 36.9301363825798 40.3255273898443 43.5342639684677 43.2779937982559 40.9451574087143 38.2812296350797 43.1828449169795 46.0131218036016 40.9434239069621 39.5414183537165 37.2970700263977 34.2935000856717 36.7217510938644 41.2887657682101 38.9071429769198 35.8064298828443 40.5628954370817 44.3473507960637 47.1532493829727 47.676091392835 47.6126323143641 56.0654948155085 73.9282518625259 78.3719519774119 65.1458452145259 56.4744571844737 53.3218532800674 51.9340336322784 58.0843438704809 64.8930668830872 68.565900127093 55.6250313917796 29.4162109494209 0 0 0 0 0 0 0 0
41.1727180083593 43.6870952447255 51.7500887314479 49.3917365868886 51.7466515302658 54.1226367155711 53.4875492254893 49.6114393075307 40.1936247944832 38.9559517304103 41.9829885164897 38.9600917696953 40.0669251879056 43.4092829624812 43.840895096461 41.4795825878779 42.8482840458552 44.5843587319056 44.7975248098373 40.8456077178319 36.818154156208 34.6368079384168 32.7577243248622 33.4794272979101 36.4399204651515 39.6189217766126 35.5764428774516 37.4467819929123 41.8497572342555 43.3314243952433 42.081077893575 40.1846021413803 48.8297045230865 62.4666015307109 67.4864699443181 58.5520962874095 55.3634514411291 57.6565762360891 58.3437631527583 58.7015648682912 55.5183887481689 53.8756450017293 49.8026261727015 29.3334871530533 0.256514370751878 0 0 0 0 0 0 0
39.722370604674 45.1521774133046 47.9583889245987 48.6381848653158 50.4185259342194 52.7810504039129 53.2317658265432 49.6326982975006 45.5693701903025 42.2366956869761 43.8395837942759 41.9304470221202 39.5004078745842 38.1723841031392 37.5846152504285 38.3029133081436 35.4284519950549 41.0788729786873 42.3542509476344 41.2323077519735 37.0171119769414 35.7206587990125 35.8402654528618 37.0484118660291 35.9918226798375 44.0443158149719 46.1887816588084 43.2055741548538 42.3181553681692 42.0776704947154 38.1959478060404 36.2144038081169 40.7469471295675 44.6729759375254 50.8264303207397 53.5343984762828 57.2337508201599 62.5470032294591 63.551793495814 55.0872385501862 53.5261482000351 51.0917802651723 48.8527516523997 33.6892853180567 6.44953735172749 0 0 0 0 0 0 0
45.4707642396291 49.8308638731639 47.2133755683899 50.3605504830678 49.0628530581792 49.2555151383082 50.8138636747996 49.615482489268 50.9214798609416 46.9310383001963 46.443372964859 46.0351556539536 42.1344538529714 37.9940196871758 36.9075735410055 40.6157126029333 36.4772081375122 39.6269609530767 42.3990190029144 41.8383280436198 39.3494168917338 38.750005265077 38.8305112719536 40.7958825429281 42.2706454992294 43.6170399188995 48.661470413208 46.1891194184621 43.8681542873383 42.5343215465546 39.3437892198563 36.5014200409253 39.073757827282 37.8820945819219 39.044201374054 42.2371923923492 47.4150627851486 55.2306473255157 54.9746304750443 45.5200423796972 47.1290598313014 43.7460641066233 44.7949369748433 41.838417450587 26.8638183673223 2.71581237514814 0 0 0 0 0 0
