input/barkrak2/radiation/dir32524.grid
NCOLS 85 
NROWS 70 
XLLCORNER 665100 
YLLCORNER 4664600 
CELLSIZE 20 
NODATA_value -9999 
[rows 46 to 68 of 70, columns 0 to 51 of 85]
62.4624441067378 64.0945136547089 66.7450527350108 68.7133769194285 68.3990716934204 68.2590951522191 70.0770715872447 71.7751036087672 68.2718853155772 67.1936174233754 66.1029666662216 65.17094373703 61.4605297644933 58.8464985291163 58.5911571979523 61.8895043929418 60.5039397875468 56.1439394950867 60.8535061279933 60.2701057990392 56.8824360768 57.3797772328059 57.1394811073939 55.1851491133372 62.4914069970449 56.3320070505142 57.8588396310806 58.6159527301788 58.5077653328578 57.6230883598328 55.9099167585373 52.626445889473 52.8644770383835 51.8748064835866 54.4867465893428 55.198460817337 56.8222502867381 61.8401616811752 63.811535636584 61.4137003819148 61.2281064192454 56.4711888631185 61.8042151133219 67.6649262507757 59.6241354942322 30.8495586117109 3.53217404335737 0 0 0 0 0
56.4242154359818 58.7488859891891 64.3490850925446 66.0891433556875 69.5988486210505 71.0893074671427 69.1414773464203 68.9817368984222 68.7553485234578 71.1215237776438 68.5251951217651 64.8834904034932 63.264121611913 63.2464637358983 61.3973985115687 60.7640792926153 59.9984377622604 53.0082037051519 56.9240053494771 58.9882632096609 56.5236161152522 56.9724192221959 60.2984378735224 54.0916820367177 56.9933156172434 56.3895603020986 52.513579527537 55.8146188656489 57.6927959918976 57.1891069412231 57.1933388710022 56.0040374596914 51.5691538651784 55.34894267718 64.8433814446131 69.2676554123561 64.1291290521622 58.963085214297 61.8576953808467 70.1050758361816 65.2420967817307 58.1165254116058 64.4531399011612 71.0115333398183 62.7833902835846 46.6369738181432 15.2719592054685 0 0 0 0 0
49.5470116535823 52.790954709053 58.0142438411713 61.6454929113388 68.0083731810252 71.6417729854584 68.4174398581187 66.6113346815109 70.4962114493052 72.9860713084539 70.5572664737701 66.5837426980336 65.5924181143443 66.2924150625865 63.8126532236735 58.7785691022873 58.187872171402 53.07703713576 56.5044283866882 60.600350300471 60.4241987069448 59.8147064447403 62.5810573498408 59.9410633246104 57.6802988847097 59.076006213824 56.2894443670909 60.2789968252182 64.9082362651825 67.9777065912883 71.0386286179225 70.5820620059967 61.1275335152944 64.018040895462 70.1670149962107 78.4363647301992 76.9580900669098 66.9463376204173 63.9169861872991 67.2578165928523 62.6158316930135 56.5958966811498 54.0578812360764 54.7556380430857 53.1378785769145 52.3412128289541 43.2749688625336 4.92144965877136 0 0 0 0
48.4629819790522 46.3495304187139 50.4980186621348 58.4916124741236 64.2960319916407 67.4263089895248 70.192148288091 72.8286107381185 74.017326037089 70.63822944959 72.8161881367366 72.3945200443268 69.0879921118418 66.4288103580475 65.1784886916478 60.3825946648916 58.8901489973068 56.5444082021713 59.5928231875102 63.6026908953985 65.0759836037954 65.9099519252777 64.1767531633377 65.7126059134801 61.2523208061854 64.1496976216634 65.198744336764 68.6325331528981 74.6028920014699 79.7805289427439 87.5555475552877 87.2211654980977 77.3204018672307 70.9455907344818 70.381760597229 78.2213459412257 82.1159829696019 77.659398317337 67.1309381723404 59.2475781838099 54.1465083758036 56.5515408913294 54.6770493189494 51.2326508760452 47.5528339544932 50.7620622714361 43.4580196936925 11.7697330812613 0 0 0 0
48.711617787679 52.2080808877945 55.6946694850922 62.1208399534225 62.4497532844543 62.852735320727 70.7743565241496 76.0483990112941 75.8795986572901 75.4868338505427 75.2167701721191 74.9483505884806 71.3263501723607 67.1340723832448 67.160502076149 70.3538159529368 63.2537305355072 63.0470563968023 63.6484076579412 68.2946195205053 69.2541102568309 67.1240389347076 64.7254884243011 65.812940398852 61.9632105032603 67.8340891997019 71.9599723815918 74.6235301097234 80.4989437262217 86.4265461762746 92.1506782372793 96.0875550905863 88.0960921446482 74.3691821893056 65.5859460433324 59.0630074342092 67.8662608067195 82.7426115671794 72.2053448359172 56.379089752833 50.2607226371765 57.5336515903473 60.2052807807922 57.8273981809616 52.3096720377604 50.1622507969538 28.8578619559606 16.1976180970669 0 0 0 0
49.5320508877436 60.4496250549952 62.5743269920349 63.8685127099355 62.073806921641 61.4350885152817 69.1888978083928 74.5911101500193 74.5707253615061 79.5379777749379 77.10300385952 76.2915362914403 73.9124764998754 69.4345235824585 69.3930933872859 75.3329197565715 68.3020601669947 66.7773981889089 63.9283160368601 65.0323728720347 65.422977010409 64.3454045057297 63.9837384223938 61.086376508077 59.3888560930888 61.8045479059219 68.344975511233 70.8369662364324 74.5978107055028 80.766573548317 87.7970059712728 94.7145024935405 90.3424918651581 68.4902916351954 26.0653421282768 25.480163594087 33.2320978244146 61.2752139568329 74.9054451783498 74.3230183919271 67.94540087382 64.324676990509 53.1459550062815 50.2020567655563 58.3060582478841 48.1587400039037 28.6561747392019 21.9504882891973 1.81515359630187 0 0 0
53.0321250359217 51.5117943286896 50.7038434346517 52.8511703014374 58.8795443375905 64.67438240846 65.4175678888957 71.2871650854747 71.1442877848943 75.8996407190959 76.3631910085678 78.2207498947779 77.803095181783 72.8108485539754 71.4932431777318 70.0196574131648 71.3504701852798 65.5453304449717 59.9250594774882 58.0971588691076 57.7571739753087 59.9149167537689 60.5792750914892 54.9962570269903 56.9038689136505 54.7258853912354 56.3950538635254 61.6172154744466 63.2277478774389 66.8569008509318 69.0974692503611 78.3095757166545 76.4412234226863 53.7579705317815 21.404966711998 13.0437885721525 13.9720713098844 23.4675779938698 50.9466429551442 65.7476335763931 75.0286728143692 64.7976299126943 50.5752563476562 42.1937207380931 46.8073189258575 33.6361452937126 27.9740244150162 40.0481894612312 23.3662376801173 1.92096348231037 0 0
55.6651055812836 46.2166120608648 44.2044784625371 49.2334465185801 60.0712994734446 68.729375799497 68.1669414043427 69.3341245253881 71.9817727804184 72.3469952742259 74.5139668385188 77.4433066447576 79.0501137574514 77.6757647593816 73.0002721150716 70.4813500245412 73.5266854365667 66.541333993276 61.68532371521 62.2644821802775 61.5691443284353 59.7428878148397 57.6288203398387 54.826686779658 55.2327334880829 53.2553791999817 52.4718562761943 53.2039453585943 55.142934123675 55.3530653317769 46.8573123216629 50.2455184857051 52.7664522329966 29.3505067626635 23.1607407331467 14.0059366822243 4.8371438557903 3.58823065956434 12.5755692521731 33.3429500460625 57.9268584648768 58.1400990486145 43.5158361991247 38.8721500833829 28.0094568928083 29.0348529815674 26.6037334998449 47.059824069341 55.3288807471593 35.3968814015388 7.87517987191677 0
55.7664881149928 50.4982968171438 48.6309081315994 53.7098348140717 62.6423607269923 69.9049532413483 73.100487391154 69.2877620458603 73.703130086263 72.2682376702626 75.8638381958008 77.9319604237874 78.969806432724 80.9387067953746 76.1539936065674 75.4494369029999 75.7578512032827 70.8387792110443 66.6345854600271 67.8066263596217 67.0572221279144 62.6509288946787 60.8212600151698 60.4343116283417 56.9723645846049 57.6150814692179 55.3017656008402 51.1719286441803 48.5303103923798 44.9494868516922 38.4636521339417 40.6203394134839 47.3269422849019 49.2926786343257 47.4400222301483 36.5567083160082 15.487615019083 5.13500875482957 3.78964686145385 9.31427876154582 25.9794468681018 30.5312325557073 26.2099479635557 19.7509850064913 19.4428401688735 25.3064086039861 28.6047905683517 39.905642469724 51.1023700237274 55.9685577948888 36.9062423706055 6.21654465794563
58.9077274004618 57.5379729270935 54.1856835285823 53.0782639980316 58.7738951047262 69.2203144232432 71.2479501962662 69.123496611913 71.0626045862834 76.1090815067291 82.1502904097239 82.9214652379354 81.2219132979711 81.7186931769053 79.5007447401683 79.5945177475611 79.4486999511719 76.5522470076879 71.4077800512314 69.1155344247818 66.3599918286006 65.7121439774831 65.9869958957036 67.4260358015696 63.7087126572927 60.8632663885752 53.5308619340261 47.2201108932495 40.2348041534424 37.9913101593653 40.2382065852483 45.453205704689 51.638791958491 63.3709778388341 68.0581231911977 65.7882690429688 54.5837978521983 35.7543180386225 25.6969804565112 8.80971550941467 14.5786193509897 25.3571222225825 29.4274166226387 20.5886885523796 22.6634939511617 36.4707261323929 56.425670782725 50.3940433263779 45.3732659419378 51.6215860843658 43.1209057569504 11.7389050622781
61.4834775527318 60.9189520279566 59.9001894394557 56.5521021684011 57.7722291151683 66.6143596172333 69.0396726131439 68.9987043539683 69.1676040490468 78.2050987084707 86.3661368687948 84.8294198513031 80.5404285589854 82.9376081625621 84.4346880912781 78.5492261250814 80.6990563869476 78.242689371109 73.8662630319595 71.1118876934052 69.5154815912247 70.6450442473094 67.9405132929484 65.8090462287267 62.7780755360921 58.6396704117457 39.9988144636154 16.3900430003802 14.2752503355344 24.2544487118721 36.6613616545995 42.4396644035975 49.8059689998627 57.0111274719238 68.1407153606415 79.65320845445 71.9379484653473 64.3146435419718 50.0773588816325 29.7001947959264 16.4180534581343 25.5438660581907 46.9050755103429 46.9037046035131 46.1425085862478 59.6731007099152 84.9290490150452 73.5839207967122 51.7088274161021 38.8356174031893 30.0369610389074 13.5201786955198
60.323104262352 58.4975183010101 62.2144341468811 63.2946838935216 60.9432359536489 63.5572870572408 68.790078163147 69.7769075632095 70.2027976512909 78.0752797921499 84.8013361295064 82.92256295681 78.4691075483958 81.865260998408 85.4592820008596 76.223889986674 78.0003766218821 76.3161430756251 75.3627717494965 75.6991406281789 76.4892796675364 75.5073130130768 70.4368501901627 64.868817726771 63.4910613298416 61.0856562852859 43.2620843251546 24.8027766744296 24.489497145017 31.9378947218259 41.9566929340363 47.3846147457759 59.278999765714 68.1817233562469 78.9286543925603 74.7632731993993 69.2105839649836 30.444897711277 30.8108900984128 31.3994536797206 37.2703149914742 47.426109512647 55.9420933326085 29.5994852979978 23.4796702861786 28.1347781419754 63.6772811412811 59.5228771368662 46.5582956870397 37.2716436783473 31.2333554029465 23.9440649747849
49.2799778779348 56.7193577686946 60.3053420782089 63.1192823251088 63.2108350594838 59.9321623643239 68.8733110825221 72.6964871088664 73.7372736136119 78.7702401479085 80.9431324402491 80.5341800053914 79.5649389425914 78.2374292612076 79.5395374298096 75.8860905965169 72.9095389445623 76.3650834560394 78.4510870774587 79.7541538874308 82.279771566391 77.6434044043223 75.3562152385712 68.3126201232274 67.7311519781749 66.0439531008403 62.6248270273209 54.6477635701497 53.4151246150335 58.2656363646189 55.2640110254288 54.1017651557922 71.618581811587 81.1119625965754 65.0745630264282 54.7967503468196 35.8447507023811 16.5956641236941 7.38636280099551 16.5850035846233 16.2332157293955 48.3816663424174 57.9394896825155 47.3711689313253 35.2021132906278 36.8444000681241 50.8497258027395 55.3050339221954 52.6736577351888 46.0361440976461 39.6977712710698 39.3346746762594
39.9301598469416 54.2602986097336 58.2883358001709 61.3167583942413 64.3402338027954 60.5259289344152 64.4725660483042 72.0693171024323 82.9507658878962 84.6375226974487 79.8603196938833 77.1738986174266 79.4057051340739 78.6432673533757 78.7810186545054 76.281468073527 72.7396508057912 74.8237073421478 73.8165080547333 72.1505731344223 72.916587193807 71.9975382089615 72.3098417123159 70.5927858750025 70.7982530196508 74.7441947460175 81.7617326974869 85.4013363520304 71.7728137969971 65.6777322292328 54.7627160946528 51.0166386763255 66.241592168808 58.9404205481211 26.5666420261065 19.0304641922315 18.0141292512417 11.4915445446968 2.00079521164298 0.18905388424173 0 17.7806889017423 52.1150132020315 73.6584663391113 78.7693162759145 73.0346739292145 72.3117341597875 72.9486793279648 72.1999804178874 61.1665497223536 50.373782714208 62.2372776269913
41.6922916968664 51.6249338785807 58.7407300869624 61.3033274809519 62.858189145724 63.031663497289 57.5136890014013 66.9189939896266 87.3077511787415 86.4265163739522 77.3589462041855 74.2913236220678 77.3466825485229 80.822100241979 80.0984551509221 76.5472402175267 75.5625267823537 73.0889737606049 66.2387708822886 59.9950402975082 60.1573934157689 63.9949142932892 64.0549808740616 68.1356340646744 70.7914928595225 74.9262968699137 90.874582529068 95.3237613042196 82.5499047835668 70.1111306746801 53.9253105719884 44.3339347839355 47.7338979641596 46.218087275823 24.6005704005559 14.4851965208848 15.590305129687 21.8790049354235 14.2466264466445 3.48743020246426 0 5.22385972241561 26.9071285923322 57.0132484038671 60.872087876002 57.381346821785 57.0978273948034 67.0758585135142 62.8609110911687 56.4157068729401 57.6296150684357 93.8896139462789
53.3638894557953 56.4007262388865 58.759147922198 55.5250247319539 49.7154841820399 46.760156750679 54.5597970485687 60.1159632205963 69.6860154469808 66.0236875216166 63.2151613632838 67.6633765300115 75.6313502788544 77.8071333964666 73.8232682148616 75.7248401641846 75.9078413248062 70.2377806107203 62.280610203743 56.49533867836 56.4364443222682 57.0221443970998 61.316708723704 64.3943150838216 63.6138568321864 69.7247684001923 82.3732217152913 88.0014499028524 78.1244834264119 61.1298233270645 52.6918768882751 37.812665104866 35.1760188738505 49.6391952037811 45.7367350657781 23.4871606032054 23.5440358519554 54.3784846862157 51.4981945355733 36.229041715463 10.2567709982395 6.69301922122637 16.4752987523874 24.5923648277919 23.2063954075177 25.1660669843356 28.7881568074226 35.6400410334269 44.2053576310476 49.1140981515249 72.177916765213 127.868205308914
64.7613704204559 61.5479648113251 57.7666858832041 50.5707810322444 40.8014704783758 34.769669175148 44.1206445296605 44.738382101059 35.0072185198466 33.7939312060674 45.2581544717153 57.9420079787572 63.7806355953217 68.2452370723089 71.3873455921809 81.9119314352671 84.4646096229553 75.6484568119049 67.0541922251384 63.738817969958 60.3407671054204 59.8211487134298 62.2534255186717 61.4979962507884 61.6719474395116 64.2201205094655 71.8082437912623 74.0284522374471 69.6349640687307 48.7305670976639 52.9083063205083 43.0441002051036 38.6980101466179 58.3412200212479 64.524918794632 52.38010485967 42.6390469074249 32.0165306329727 40.4477268457413 41.9744898875554 28.9483740925789 15.0324006875356 16.1186804374059 16.601387411356 10.5853180090586 11.7703850070635 20.366204281648 22.7060293157895 23.956502477328 49.8649577299754 98.9817182223002 143.848846356074
67.6769316196442 60.9768331050873 56.0834358135859 52.2126803795497 45.128603776296 39.1623973846436 34.8644256591797 30.4634422063828 14.0423600872358 22.0934376120567 38.0057444175084 52.2768894831339 52.2410372893016 60.0360135237376 73.8221257925034 89.8040731747945 95.515231291453 88.0799194176992 79.6363204717636 75.3848652044932 70.3363915284475 68.2043880224228 66.507746775945 63.4423593680064 60.6592098871867 63.4673436482747 62.1396352847417 61.7595016956329 58.2386950651805 41.9722199440002 39.4977182149887 41.0399883985519 37.2136284907659 61.1591090758642 81.030860543251 84.2238565286001 58.5049986839294 21.1412956317266 17.3430604239305 23.4652707974116 28.0882343649864 21.3669712344805 24.1415922840436 21.4037423332532 15.2227928241094 10.0609051684539 17.0589114228884 29.3636744221052 36.9166334470113 64.6165659030278 131.609976291656 162.976185480754
70.1657831668854 64.7753129402796 63.4204198916753 64.5099530617396 61.1596653858821 54.8324733972549 49.6804515520732 50.0398923953374 48.8194674253464 54.4897615909576 62.6922796169917 68.7803824742635 69.0809239943822 63.9448563257853 74.4018852710724 90.5814369519552 101.252992947896 101.087659597397 93.6618645985921 83.7029318014781 77.6380151510239 72.4602540334066 72.058359781901 70.2542314926783 61.6064767042796 56.6099087397257 53.1378338734309 53.5742143789927 50.6030817826589 49.2779811223348 31.7380751172702 28.8120359182358 20.6885958711306 43.562392393748 88.4487628936768 98.361074924469 65.4973089694977 27.5127788384755 11.3108567893505 11.456993718942 14.9358697235584 11.9373872876167 24.2904648184776 38.4294465184212 39.5672768354416 26.9335731863976 26.879404981931 43.0098921060562 70.4355339209239 117.408672968547 150.619208812714 163.416683673859
70.9876616795858 68.2449887196223 68.4773375590642 69.7685877482096 69.1978633403778 65.5092597007751 65.2309010426203 73.0605622132619 89.8804863293966 85.944930712382 76.9766668478648 77.6976495981216 83.3444992701213 71.2391634782155 72.7699746688207 81.4672410488129 90.6684299310048 97.0712800820668 97.7127850055695 90.9067591031392 85.1001739501953 78.7839392820994 73.6816028753916 72.0573663711548 65.1473551988602 51.1122941970825 45.2482402324677 43.7412708997726 44.1770702600479 32.6721320549647 18.4002642830213 16.2266505261262 11.1527666449547 11.3885489602884 85.0749611854553 99.7595588366191 80.0236314535141 67.903995513916 35.5933184425036 6.67291196684043 1.39971465493242 0 13.5234966874123 42.9662019014359 49.9536494414012 40.1038005948067 38.7732833623886 63.4606182575226 123.1955687205 169.164597988129 161.860446135203 148.984849452972
70.1612234115601 66.6526754697164 60.8757038911184 56.0288727283478 56.2808563311895 58.5950364669164 58.6527039607366 71.1988856395086 81.9680392742157 77.3802995681763 67.2361056009928 67.0612951119741 78.0679682890574 73.2940286397934 69.7282403707504 68.2447652022044 69.2124515771866 76.282391945521 86.5148703257243 91.0938580830892 86.8695974349976 80.7049423456192 73.6045738061269 68.0299748977025 58.0676247676214 52.9695252577464 37.8209029634794 33.2744568586349 39.5341167847315 35.6675659616788 18.2938116292159 12.4860641856988 4.93509819110235 0 5.14461907247702 89.8207028706868 96.5344806512197 108.091831207275 89.730570713679 38.8370081782341 5.64520806074142 0.0330666322649146 5.76253483692805 32.6951493819555 55.8669219414393 76.7257610956828 98.842849334081 151.360799868902 193.200707435608 203.45930258433 187.780817349752 154.454757769903
72.400689125061 70.2591091394424 64.170370499293 57.1448057889938 55.5510024229685 58.4841469923655 50.6056944529215 48.138494292895 47.8977710008621 45.8921442429225 39.2460947235425 36.7390041550001 41.6833013296127 59.2497040828069 66.7066971460978 62.1583759784698 51.0166982809703 46.0239897171656 57.2907229264577 79.6023358901342 80.7498395442963 74.8691260814667 68.2983100414276 63.1658931573232 57.2367956240972 52.7148793141047 42.1838015317917 19.6595887343089 31.9871554772059 44.8696215947469 28.4444838762283 17.2284543514252 8.17417725920677 0 0 69.8886166016261 109.822710355123 124.422758817673 111.130833625793 81.4503729343414 47.3748495181402 15.3166390955448 12.7200757463773 32.2815825541814 66.5176759163539 132.132589817047 174.130797386169 205.668270587921 214.570045471191 213.879883289337 204.182048638662 174.879868825277
74.1731226444244 74.0861743688583 71.3887363672256 67.7005698283513 65.7337407271067 64.9325003226598 49.0369896094004 34.2494696378708 34.8155746857325 37.1053765217463 34.1805070638657 31.347468495369 32.6623519261678 55.4873446623484 69.7636206944783 60.3675544261932 38.0856071909269 26.998445391655 30.946671962738 48.9851733048757 58.5132737954458 61.7347955703735 62.5527401765188 56.6308746735255 48.2439945141474 44.1242655118307 33.5413863261541 11.3842363158862 24.0484649936358 48.2879976431529 57.3709805806478 50.425926844279 30.0125579039256 0.178648740984499 0 47.1052130063375 103.795081377029 111.697773138682 91.9241507848104 88.9414747556051 94.9300328890483 80.1576773325602 57.3758830626806 73.1999476750692 127.905507882436 173.906564712524 197.331249713898 208.611249923706 210.346817970276 207.991043726603 203.06917031606 180.419027805328
