input/barkrak2/radiation/dir30424.grid
NCOLS 85 
NROWS 70 
XLLCORNER 665100 
YLLCORNER 4664600 
CELLSIZE 20 
NODATA_value -9999 
[rows 44 to 65 of 70, columns 0 to 48 of 85]
88.423232237498 94.627171754837 97.6150631904602 98.5608597596486 100.210646788279 102.992117404938 103.016575177511 98.6718634764353 93.9785838127136 89.2450213432312 91.3454095522563 88.4793102741241 84.8332742849986 82.9304953416189 82.0729583501816 81.9694896539052 78.3116420110067 84.4271580378215 86.5455369154612 83.8284989198049 80.3634822368622 78.1789074341456 77.3097525040309 77.9191255569458 75.148805975914 83.7486783663432 86.6550703843435 83.8854213555654 83.628644545873 81.5252463022868 77.5853097438812 75.5029122034709 81.9743325312932 86.5094562371572 93.2687222957611 96.2187747160594 101.883351802826 110.927651325862 114.074190457662 105.43363293012 103.500247001648 96.8527495861053 93.1163926919301 72.3026096820831 38.4397705396016 1.98435767864188 0 0 0
94.9286023775737 100.008418162664 97.1095661322276 100.512047608693 99.0633765856425 98.911186059316 100.745230913162 98.9988843599955 99.9792218208313 95.4142312208811 94.0822164217631 92.9901599884033 88.6674324671427 83.5086405277252 82.2283178567886 85.7447683811188 79.929381608963 82.8618754943212 87.5656406084696 85.7845942179362 82.6246043046315 82.8051815430323 81.7493498325348 81.6506296396255 82.7258974313736 82.4398696422577 88.6757175127665 88.1235003471375 84.9554340044657 83.9730103810628 79.1154007116954 75.853019952774 79.248125354449 78.5073836644491 78.3459196488063 81.2659760316213 90.0915861129761 102.944056193034 103.601932525635 90.6190276145935 93.0258234341939 87.9462659358978 85.8908196290334 82.9981416463852 64.8873647054036 29.041200876236 0 0 0
94.5308307806651 96.4214205741882 99.4529823462168 101.744840542475 101.261387268702 101.083298524221 102.840423583984 104.936957359314 100.977132717768 99.1602937380473 98.3232756455739 97.1040924390157 92.8656160831451 89.221845070521 89.4157290458679 92.8378502527873 90.1657342910767 84.0565462907155 89.5938674608866 88.2216890652974 85.0649774074554 85.5261385440826 84.7508509953817 81.9660325845083 89.8490150769552 81.8674067656199 82.8322718540827 85.9363873799642 85.829754670461 84.6135516961416 83.3779672781626 79.3096125125885 78.8092911243439 78.491618235906 80.4573545853297 81.2521676222483 84.0874512990316 92.5217568874359 94.1567917664846 91.0911758740743 90.355376402537 84.0966204802195 88.9951189359029 97.2295006116231 87.1181686719259 55.2143702904383 13.7883064647516 0 0
88.4311695893606 90.6783044338226 96.9816545645396 98.526398340861 102.73422797521 104.102830092112 102.000832557678 101.521263519923 101.233104864756 103.994905948639 101.130843162537 97.0012942949931 95.082680384318 94.8205292224884 92.4143095811208 90.9295678138733 89.7624691327413 82.5896958510081 86.8703126907349 88.6197288831075 85.0606461366018 85.3444337844849 88.4368220965068 80.6451539198558 83.846241235733 83.3868781725566 78.4524182478587 82.1969757477442 83.9387774467468 84.4876964886983 84.8143796126048 84.0390026569366 78.5665363073349 81.9160143534342 92.8040146827698 97.7293848991394 92.8441782792409 88.9388620853424 91.5557742118835 103.215326865514 94.7723885377248 85.1417183876038 93.723197778066 99.6016462643941 92.2456085681915 73.345551888148 36.358376344045 5.38187846541405 0
81.1414023240407 84.0823451677958 89.6292130152384 94.031423330307 100.54091612498 104.433099428813 101.218163967133 99.3417004744212 103.200833002726 105.790366729101 103.404531876246 98.8895098368327 97.7226495742798 98.3077486356099 95.3328212102254 89.715987443924 88.8362526893616 82.746297121048 86.3168934981028 90.3848608334859 89.2701645692189 88.9615019162496 90.8302068710327 87.3849491278331 84.9058230717977 86.4475568135579 82.574596007665 86.0125323136647 91.9138789176941 94.179888566335 100.26349623998 99.4379917780558 89.5003279050191 91.6701753934224 100.311547517776 108.544598023097 106.876442829768 98.0180601278941 95.2601432800293 100.855777661006 93.1099951267242 83.8286777337392 81.4307928085327 81.3710987567902 80.2308619022369 78.9159784714381 67.7367448806763 16.2738760312398 1.97824245939652
80.003301302592 77.3996810118357 81.6305577754974 90.4113252957662 96.7597266038259 100.010444720586 103.017856677373 105.362176895142 106.639951467514 103.286723295848 105.671306451162 105.368594328562 101.534634828568 98.461389541626 97.0901350180308 92.3022627830505 90.4857516288757 87.5647664070129 90.686708688736 95.4001247882843 96.9131191571554 95.5717464288076 93.6645964781443 93.5691793759664 90.0358955065409 92.1969811121623 93.1572318077087 94.3250060081482 102.151264746984 108.49725206693 113.605807224909 119.030396143595 107.799867788951 101.960053046544 100.870788097382 107.567816972733 111.549685398738 109.388947486877 100.452323754628 90.0289714336395 82.7096154292424 83.4635198116302 81.8324387073517 77.105775475502 73.5365301370621 77.2284964720408 73.360006014506 24.665263791879 3.0330391600728
80.5197854836782 83.7123195330302 87.4605973561605 94.2591826121012 95.0450996557872 95.3275461991628 103.491167227427 108.984520037969 108.496487140656 108.172277609507 108.171363671621 107.705404361089 104.19159134229 99.4435846805573 99.2878874142965 102.594425280889 95.4318245251973 94.8674976825714 96.4330633481344 101.586212714513 101.535469293594 99.0687410036723 96.2250232696533 96.1186389128367 90.8477207024892 95.9770282109578 100.220580895742 101.681093374888 106.792271137238 115.498920281728 121.172438065211 125.319590171178 119.638204574585 105.742692947388 91.5995935599009 96.128523349762 106.518030166626 112.527430057526 102.020104726156 85.1278106371562 77.5599181652069 85.8395795027415 87.2550209363302 83.6998422940572 78.1413316726685 75.7935742537181 62.161386013031 30.3151085972786 4.62919473648071
81.3030898571014 92.767059803009 95.0337648391724 96.7474579811096 94.776173432668 94.0573314825694 101.849734783173 107.399920622508 106.80948694547 112.142483393351 109.3596915404 108.838607867559 105.982293685277 101.469566424688 101.743310689926 108.298520247142 101.04172428449 98.0025728543599 95.6613818804423 98.0279246966044 98.3267525831858 97.0516403516134 96.5640942255656 93.2323932647705 91.209203004837 92.6247537136078 97.542017698288 97.5482761859894 100.266108910243 109.436094760895 116.601238648097 123.878687620163 117.670595645905 97.3432262738546 66.0633593797684 41.826253135999 69.1647777954737 95.8938399950663 106.68358206749 110.419114430745 102.756927410762 94.0808256467183 79.0363301833471 77.0220061143239 84.3481620152791 78.0783792336782 59.1510236263275 47.161266207695 11.1061421533426
85.1894815762838 83.0679088830948 82.0028881231944 84.4367543856303 91.8877422809601 97.6474285125732 98.0713268121084 104.165494441986 104.076872269313 108.794679244359 108.970632155736 110.58846116066 109.914680322011 105.160713195801 102.542489767075 101.161728302638 103.718250989914 97.7744460105896 92.2114749749501 90.285470088323 89.7907217343648 91.202716032664 92.7274823188782 87.2758030891418 89.4959171613057 85.7102274894714 88.7561142444611 89.0624125798543 88.3031487464905 92.2844509283702 96.6575841108958 106.771131356557 102.604667345683 79.04119292895 47.673429052035 26.1859943469365 27.3358349998792 49.5187838872274 83.0935637156169 105.322420597076 112.781266371409 96.2870518366496 75.535903374354 71.371133128802 78.7396679321925 70.6522613763809 44.8084771633148 62.813734014829 44.3619887034098
88.3162220319112 77.7476926644643 75.2512762943904 80.4026027520498 92.6673014958699 101.975818475087 101.206928491592 102.352559566498 104.79333003362 104.742129643758 107.519725958506 110.064188639323 111.636728048325 109.590709209442 104.31315501531 101.574629545212 104.840884606044 98.1979668140411 92.6060080528259 94.1644310951233 94.0561393896739 91.9285317262014 90.3574327627818 86.0845744609833 86.5126649538676 85.1745704809825 85.3179891904195 84.9397778511047 84.0211113293966 80.4511855045954 73.3142544825872 77.3117293914159 78.3358712991079 63.1770441929499 42.6282187302907 27.4181365966797 15.6381179889043 13.2183544337749 25.5457510550817 59.7675989071528 95.4717596371969 86.5666667620341 76.012263695399 59.2247943083445 55.2741189797719 55.0684879223506 49.2730836073558 71.9342082738876 83.0281327168147
88.3945127328237 82.7145874500275 80.2490164836248 85.3610237439473 94.9926475683848 103.374689817429 106.351574261983 102.561255296071 107.116331656774 105.091879765193 108.722607294718 110.300401846568 112.135867277781 113.482455412547 107.620090246201 107.134064038595 107.299635807673 101.300726334254 97.1051653226217 97.3712901274363 98.3877678712209 95.2014625072479 93.0421153704325 93.5825804869334 90.7123188177745 89.1124208768209 87.501456340154 83.6951235930125 79.4673214356105 73.7127463022868 64.3195956945419 66.5065099795659 71.8295027812322 72.9781240224838 71.213627854983 59.196874499321 33.5727011164029 19.2985758185387 14.2388666669528 22.1827700734138 42.5807485977809 58.4920744101206 42.7426050106684 34.7306380669276 34.3345130483309 41.5130257606506 57.0189257462819 64.4591351350148 78.31838230292
92.0153756936391 90.5642708142598 86.5676005681356 84.6962730089823 90.7446444034576 102.750827868779 104.877561330795 102.735827366511 104.453007380168 109.523634115855 116.305440664291 116.761823495229 114.722967147827 114.440848429998 111.959000428518 111.306816339493 111.561397711436 107.475171486537 102.318118015925 98.1244544188182 96.9132284323374 94.9053168296814 96.6387987136841 100.410481293996 97.3573724428813 95.2392319838206 87.6892606417338 78.6089797814687 70.5987463394801 67.2685007254283 67.1890874703725 72.5071281194687 77.124685049057 88.5304709275564 95.983882745107 94.7932203610738 78.6717583735784 61.4895125230153 45.4596032698949 24.6229221423467 28.2001321514448 52.6468803485235 52.998145421346 41.5014674266179 41.5690193573634 58.1798603137334 82.1373711029689 77.429269750913 72.4867979685466
94.7177608807882 94.271977742513 92.9129719734192 88.8388951619466 89.6802643934886 99.7208555539449 102.667947610219 102.974871794383 102.854619423548 112.199286619822 119.946310917536 118.687331676483 114.242305358251 116.518596808116 117.461224397024 110.202103853226 112.386614084244 109.076778093974 104.684054851532 102.430601914724 100.347022215525 100.012232859929 97.6088146368663 96.2391495704651 92.6088690757751 87.9959563414256 66.649670402209 47.1371412277222 42.3202961683273 49.5464106400808 64.4694715738297 68.9704418182373 75.2051422993342 82.8011333942413 92.8060511747996 104.976634184519 108.107666174571 88.6645416418711 88.758111000061 56.1839689811071 31.4893623193105 54.3206781148911 70.4194158315659 71.1764097213745 71.0599571466446 86.1686368783315 114.749729633331 102.812866369883 79.195444782575
93.3867394924164 91.7211373647054 95.5089231332143 96.436619758606 93.3452248573303 95.9691802660624 102.93573141098 103.864093621572 103.639662265778 111.244718233744 119.414220253627 117.755542198817 112.605512142181 115.278859933217 119.051078955332 109.000225861867 110.60357093811 108.115325371424 105.127970377604 106.001536051432 107.206006844838 106.419811646144 100.540816783905 94.3151613076528 91.2331640720367 89.3057187398275 70.2057679494222 50.0682294368744 50.89137951533 61.1437658468882 73.5112677017848 74.8773316542308 86.2071712811788 97.402016321818 104.370733102163 115.539600451787 93.9017534255981 47.8967030843099 48.4495212634405 59.7575704256693 62.2195899486542 76.9644727309545 82.0400615533193 65.7606422901154 39.4445781906446 61.9131177663803 91.6584730148315 86.3812168439229 72.2022950649261
81.2241087357203 89.6954933802287 93.394676844279 96.2978800137838 96.1102644602458 92.275599638621 102.730284134547 107.088933388392 107.454746961594 112.569113572439 115.58336019516 115.413288275401 114.267726739248 111.977159976959 113.373180230459 109.336405992508 105.165392160416 108.407000700633 110.175391038259 112.109502156576 112.945705652237 107.023179531097 104.114462931951 99.3346869945526 96.1977044741313 96.4181125164032 91.8545126914978 84.9224627017975 88.9854033788045 93.6188499132792 90.9107029438019 84.9185188611348 100.553780794144 109.778662522634 104.589511950811 77.406644821167 67.3978825410207 30.6473871072133 18.9126568535964 30.7459607720375 52.7937610944112 87.5355402628581 85.2923591931661 70.9002166986465 58.0662190914154 60.9539151191711 76.9422550996145 81.6523730754852 79.2737950881322
70.6863701343536 86.8208607037862 91.3530389467875 94.4116711616516 97.4116027355194 93.2353933652242 97.9861219724019 106.774806976318 117.747167746226 118.666142225266 114.381452401479 112.081905206045 114.158093929291 112.744867801666 112.695286671321 109.995365142822 105.843881766001 107.34553138415 105.983942747116 102.733145157496 104.713380336761 103.361199299494 101.839741071065 100.102086861928 99.5038350423177 105.269501606623 113.463679949443 117.462893327077 103.334446748098 96.2937474250793 94.9637194474538 85.0670536359151 94.9962238470713 85.7911805311839 43.1756128867467 33.6593464016914 32.2053531805674 24.0207612514496 10.6507316231728 6.58713032801946 8.64292308688164 32.5002421935399 82.6454808314641 98.8155504067739 114.303360382716 108.713259299596 104.401826858521 102.341453234355 101.105441649755
72.7736254533132 83.7705731391907 91.6857520739238 94.3538745244344 95.855583747228 96.3952044645945 90.4921690622966 101.141621669133 122.994561990102 121.604512135188 113.129725058873 109.075764815013 111.987729867299 115.499397118886 114.230891068776 110.62369743983 109.039535125097 106.4280072848 99.3115305900574 91.4129614830017 91.1609828472137 93.5362776120504 94.5442020893097 97.5273251533508 98.636786142985 105.204612016678 120.804250240326 131.782323122025 110.004623730977 103.145629167557 86.4417751630147 75.0895986954371 74.7450838486354 69.6937342484792 48.9513675371806 27.7468909819921 29.1240140795708 39.5029659072558 31.0868720213572 16.0076195995013 6.36874449749788 15.5623592436314 56.8714539210002 92.8986370563507 84.7996572653453 97.9246894518534 92.2917624314626 95.0829883416494 90.3733968734741
85.9896739323934 89.0854001045227 91.7529165744781 88.3282522360484 81.3948015371958 78.3774703741074 86.500624815623 92.8999781608582 103.601674238841 100.152949492137 98.0770985285441 103.918035825094 110.647519429525 112.186968326569 107.88901646932 109.73780353864 109.784215688705 103.347152471542 94.4725771745046 88.4733895460765 87.9557033379873 88.7994468212128 91.2041366100311 93.3784941832225 92.712660630544 98.6368159453074 109.16722814242 121.846199035645 110.704123973846 92.4163162708282 81.9707016150157 67.1016673247019 59.9159101645152 73.3860433101654 67.6724016666412 39.0604411562284 48.1234391530355 79.631581902504 83.7247471014659 61.8699491024017 30.4442122578621 18.0956621964773 34.9357848366102 49.8040020465851 39.1104022661845 51.4638026555379 65.1074002186457 70.0827042261759 68.6401426792145
98.671555519104 94.8285063107808 90.8580323060354 82.8622579574585 71.6582139333089 64.752588669459 77.3971080780029 75.5616277456284 64.5673970381419 65.7067100207011 76.8543481826782 90.7676815986633 97.0170199871063 102.134972810745 105.708022912343 116.440067688624 119.042257467906 109.470546245575 100.080092748006 96.1834291617076 92.6776627699534 91.850886742274 93.6250388622284 92.4049019813538 92.1577910582225 94.3440894285838 97.6033409436544 104.916751384735 98.3689626057943 78.5399128993352 77.6684582233429 71.3846137126287 66.1903570095698 83.4750433762868 88.5015428066254 75.395330786705 66.0908718903859 67.0854399601618 72.8404372930527 71.123535434405 49.2169360319773 36.0264703631401 37.7276142438253 30.8244104186694 23.2145140568415 24.8383829991023 35.5882048606873 39.3878569205602 55.2412569522858
101.778715848923 94.4018959999084 88.9586408933004 84.4228466351827 76.6204694906871 69.8677202065786 64.3820861975352 58.5172772407532 39.3964176376661 49.6233900388082 72.1251020828883 83.8847657044729 84.752102692922 93.1809544563293 108.175605535507 125.411142905553 131.01464509964 123.013575871785 113.397339979808 108.698070049286 102.945109208425 100.62896211942 99.7797846794128 94.5404668649038 92.907985051473 91.8073753515879 90.0985896587372 88.367094596227 88.4287854035695 67.7590469519297 69.4699039061864 70.5862045288086 66.8070167303085 87.351272503535 106.470823287964 109.831134478251 83.6770534515381 36.4899486303329 31.7191580931346 47.2718775272369 52.9826780160268 48.1468339761098 50.6728490193685 45.352632800738 32.3574195305506 27.9708951711655 39.9195949236552 50.8101284503937 61.3972296317418
104.521036148071 98.5555251439412 97.0170299212138 98.3534852663676 94.6825941403707 87.6154800256093 81.7780395348867 82.4958731730779 80.9553613265355 86.3732198874156 95.9915618101756 103.050122658412 103.327969710032 97.7122187614441 109.050462643305 126.628329356511 137.369265158971 136.918306350708 128.779053688049 117.961804072062 110.485484202703 104.730129241943 103.330592314402 103.849232196808 98.2753137747447 86.9967937469482 80.5703103542328 80.087090531985 79.1775087515513 75.1027266184489 61.2069219350815 50.8079330126444 44.5399632056554 74.7176657120387 115.288376808167 123.954315980275 89.9276038010915 53.4269213676453 24.0854198733966 24.2503633101781 28.6583105723063 33.2906767725945 54.4518778721491 61.147744456927 63.7576431035995 49.0753998359044 48.3909845352173 68.4534211953481 101.632624864578
105.411807696025 102.337608734767 102.580885092417 104.245603084564 103.436867396037 99.3504524230957 98.589430252711 107.624560594559 125.859290361404 121.095408995946 111.65984471639 113.72450987498 119.458725055059 105.765720208486 107.30058948199 116.496821244558 126.812775929769 133.260647455851 133.222649494807 125.962028900782 119.444260994593 112.217356761297 106.38302564621 102.098385492961 96.0790018240611 82.226499915123 72.9068368673325 70.0167268514633 71.2584654490153 63.3463064829508 32.9643239577611 30.2285999059677 23.738572994868 39.2171790202459 113.464405139287 125.070075194041 104.423105716705 93.5106873512268 58.5856089989344 18.1616879999638 9.86804688970248 7.28895949820677 27.9593765735626 66.9997533162435 76.1109590530396 65.0956680377324 63.7398610512416 93.7248667081197 159.733901421229
