input/barkrak2/radiation/dir33824.grid
NCOLS 85 
NROWS 70 
XLLCORNER 665100 
YLLCORNER 4664600 
CELLSIZE 20 
NODATA_value -9999 
[rows 46 to 68 of 70, columns 0 to 51 of 85]
50.341675678889 51.898330450058 54.4899751742681 56.4062943061193 56.193416317304 56.0403217871984 57.9613546530406 59.7123950719833 56.5134932597478 55.3591648737589 54.7727843125661 54.0716896454493 50.2945482730865 47.4067628383636 47.7431267499924 50.996924440066 49.1519272327423 43.8637832800547 48.1903006633123 47.7387358744939 44.659545024236 45.7689116398493 46.1828609307607 44.4821417331696 52.2163907686869 46.9678392012914 48.2200483481089 48.9418754975001 48.2713729143143 47.5460191567739 46.4917321999868 43.1125064690908 42.4202233552933 42.1844025452932 44.5348173379898 45.9341456492742 47.0646222432454 52.1694173415502 52.6506354411443 49.8471359411875 48.8781630992889 46.596551934878 51.6466349363327 55.1428745190303 47.9049334923426 22.9495912790298 0.812383601441979 0 0 0 0 0
44.6153730154037 46.8681752681732 52.1533787250519 53.7362396717072 57.2030693292618 58.8305642207464 56.9050858418147 56.7089517911275 56.8017611900965 59.3829154968262 56.6785385211309 53.3047964175542 51.8772453069687 52.0022511482239 50.451785326004 49.3894120057424 48.651044567426 42.2205279270808 45.914943019549 46.5362270673116 44.3784892559052 44.797216852506 47.7311114470164 43.4665332237879 46.9807088375092 46.9101667404175 43.000986178716 46.0646102825801 47.5027908881505 46.5542723735174 47.7091620365779 46.812579035759 42.2364125649134 44.8184907436371 54.277037580808 59.2432717482249 53.770899772644 48.2405771811803 50.8182048797607 58.137188355128 52.4700731039047 47.017107407252 53.4634987513224 57.4810157219569 53.0431469281515 37.8028104702632 8.84478911757469 0 0 0 0 0
38.1119524439176 41.1935498317083 46.1497157812119 49.2663681507111 55.689866344134 58.9331785837809 56.1031252145767 54.4259548187256 58.4381322065989 60.7221374909083 58.8059375683467 54.8953761657079 54.0193617343903 54.8211733500163 52.5921632846197 47.4218875169754 46.9221174716949 42.8095012903214 45.5376207828522 48.623392979304 47.9379793008169 47.9769210020701 49.7911870479584 46.4334537585576 45.2680091063182 49.4447350502014 46.5940783421199 50.3050585587819 54.2784382899602 56.5779209136963 59.5608899990718 60.0256820519765 51.9183278083801 52.4468123912811 60.0356807311376 68.008949359258 65.6461616357168 55.3823212782542 52.5307456652323 55.3464988867442 50.0072985887527 46.1331258217494 44.8088298241297 44.7496175765991 43.9733316500982 43.2176689306895 32.2813739379247 1.87303607041637 0 0 0 0
37.1156483888626 35.1910789807638 39.1670415798823 46.6414739688238 52.0945290724436 55.0478547811508 57.6653778553009 60.319056113561 61.589722832044 58.4621826807658 60.5211953322093 60.6189121802648 57.3491156101227 55.3060372670492 53.7392795085907 49.3629922469457 48.0765948692958 46.1307068665822 49.1449385881424 52.2080560525258 53.6065995693207 53.6320904890696 51.2260397275289 51.5786459048589 48.5071241855621 51.2957870960236 55.3167412678401 58.5514505704244 64.2809172471364 69.5901960134506 74.9816199143728 75.9080747763316 66.5631045897802 60.7408781846364 60.2377851804098 60.0524743398031 71.5851386388143 66.1494036515554 55.2185525496801 48.3442395925522 44.0157552560171 44.7000513474147 45.4135288794835 41.6502753893534 38.6978313326836 39.0147318442663 24.8372256755829 7.54763061801593 0 0 0 0
37.3261372248332 40.6031161546707 44.0428306659063 49.8990515867869 50.2460350592931 50.6473879019419 58.2566161950429 63.2326056559881 63.2893045743307 63.0051245292028 62.8533661365509 62.9172176122665 59.3352566162745 55.4552972316742 55.6103487809499 58.7392350037893 52.1125843127569 52.2669404745102 53.0734360218048 56.5890918175379 58.3333969116211 55.594727396965 53.3888538678487 53.5202821095785 48.303892215093 53.6071757475535 58.1155121326447 63.4513745705287 70.0375884771347 76.134314139684 81.9539874792099 84.4261050224304 78.0064364274343 65.0702615578969 48.1860786676407 50.0973612070084 59.783528248469 66.7852560679118 58.8044027487437 45.3478147586187 40.5855849385262 45.2462782462438 50.625870625178 45.1511840025584 43.120597799619 38.0560283859571 21.8681916594505 11.2736858427525 0 0 0 0
38.1450206041336 48.3852922916412 50.4957834879557 51.6419510046641 49.6170123418172 49.4072784980138 56.7302107810974 61.82794769605 61.8338982264201 66.7893091837565 64.565102259318 63.789168993632 61.8584007024765 57.5427313645681 57.7245503664017 62.9477351903915 57.3575794696808 55.0779352585475 53.2828370730082 54.2314201593399 54.6338458855947 53.6898871262868 52.6907444000244 50.0468711058299 48.4903256098429 49.8571892579397 52.8999368349711 55.8283676703771 60.0354572137197 70.6484814484914 77.6855846246084 83.1065426270167 76.7139345407486 58.3017766475677 19.3948186933994 18.9476447800795 25.4189843932788 52.1745532751083 64.8886064688365 63.0485266447067 58.195968468984 50.2389619747798 43.2497411966324 39.7279461224874 44.0795222918193 38.9556686083476 21.7636302113533 16.0947181284428 0.308355355324845 0 0 0
41.521410147349 40.0811160604159 39.2903611063957 41.3870538274447 47.2040077050527 52.3399809996287 53.2549470663071 58.7076842784882 58.6238304773966 63.3274565140406 63.6234084765116 65.572664141655 65.2242700258891 61.0288679599762 59.6430699030558 58.2438011964162 59.6633454163869 54.5258820056915 49.9991476535797 47.4684536457062 47.2015539805094 48.754354317983 49.5017915964127 45.1364566882451 46.2473928928375 45.0610170761744 45.8445300658544 46.2254037459691 46.9320317109426 51.8559316794078 57.3201179504395 67.2981192668279 65.1044348875682 36.4288166165352 15.6227896610896 8.66980043550332 9.38686355948448 17.2323708732923 42.6659633715947 56.3974231481552 62.1588230133057 51.5312254428864 37.6581673820814 34.4161738952001 38.6802107095718 25.1238072911898 21.2446724375089 31.991941233476 16.6189509133498 0.0669006161236515 0 0
43.8269525766373 35.0259294112523 33.1229418516159 37.8668159246445 48.1378336747487 55.9241076310476 55.7116270065308 56.8771610657374 59.4776769479116 59.8459392786026 61.9312723477682 64.4551366567612 66.3095017274221 65.0843332211177 61.427781979243 59.0311040480932 61.1291428407033 55.2689631779989 50.8549114068349 51.3453284899394 50.8672297000885 49.2596030235291 47.4092314640681 44.8496341705322 44.6255256732305 42.8785135348638 41.3831820090612 42.9764886697133 41.4512405792872 39.3958563605944 34.5796619852384 40.6283289194107 43.3334608872732 22.2939699888229 17.1386537452539 9.48111340403557 2.07268167287111 1.11116096377373 8.27008672058582 22.8981847564379 45.260414481163 44.6095963319143 35.8407571911812 31.5468683838844 21.1033299565315 22.0958416660627 20.0833914180597 38.1234412391981 45.2621479829152 26.7575904726982 2.25244990239541 0
43.9929862817129 38.972278436025 37.2248167792956 42.107492685318 50.519605477651 57.3864231506983 60.3446265061696 56.6171407699585 60.8558903137843 59.776097536087 63.2771948973338 64.7908449172974 66.3581043481827 67.9244597752889 63.8457139333089 63.3459389209747 64.0088319778442 59.2062473297119 55.4755181074142 55.9595227241516 55.3542574246724 51.9570906956991 50.2850711345673 50.2014805873235 47.9597846666972 46.0163454214732 43.9490973949432 40.2401238679886 38.0946472287178 34.0620602170626 26.4212439457575 31.3095351060232 38.4900843103727 40.6281153361003 38.8258968790372 28.6920766035716 10.0714483608802 2.08088522776961 1.26010715030134 5.59653341770172 19.4054370125135 23.286039630572 19.6783505380154 14.2722005645434 14.0356061359247 19.015546888113 20.8143169681231 27.6754076282183 41.3297613461812 45.4482684532801 28.3907900253932 0.767368047187726
46.9204982121786 45.5842365821203 42.4257616202037 41.4826422929764 46.9245860973994 56.6890786091487 58.2844565312068 56.4973751703898 58.3402315775553 63.3593698342641 69.1829770803452 70.0346231460571 68.1209961573283 68.9935684204102 67.0411040385564 66.7958358923594 67.1236664056778 65.1398698488871 61.1310799916585 57.6630334059397 55.1333824793498 53.4447232882182 56.0366660356522 56.899239619573 54.2930861314138 50.8802632490794 45.0094938278198 35.9618316094081 30.5084933837255 28.8068975011508 28.4791911641757 35.0772812962532 42.3583090305328 53.2757391532262 58.2908640305201 56.6899031400681 42.8867042064667 28.313326338927 17.2470783193906 5.11623608569304 9.9380233635505 18.9938383797805 19.5210004846255 14.2061983545621 13.8193853199482 28.8652231295904 46.9196736812592 40.685847401619 35.8203997214635 41.3415357470512 32.8541571895281 7.43885400394599
49.3254760901133 48.7802972396215 47.7946897347768 44.6827014287313 45.9418594837189 54.2272726694743 56.1937242746353 56.3078721364339 56.6307455301285 65.36532441775 72.7409770091375 71.8512286742528 67.5568431615829 69.8876778284709 71.3612337907155 65.8014863729477 68.2250012954076 65.571258465449 61.5320752064387 59.9816938241323 58.6690406004588 59.4003895918528 57.1086605389913 54.4185439745585 52.4819840987523 47.7728148301442 31.3848604758581 5.41220232844353 4.2693018913269 16.0900428891182 26.7062932252884 31.8425049384435 40.6125585238139 47.8814244270325 58.3179046710332 62.2885723908742 60.9776874383291 53.396999835968 40.1896958549817 22.6641446352005 11.456790069739 19.1129048665365 37.8358686963717 38.1482988595963 31.7763239145279 49.0553329388301 72.4044342835744 62.4246795972188 41.8187181154887 30.0927832722664 14.3093205988407 8.55266551176707
48.2951502005259 46.4835713307063 50.0054707129796 51.0454028844833 48.8499104976654 51.3337254524231 56.3449561595917 57.0640663305918 57.6048642396927 65.2787337700526 71.602796514829 69.6884294350942 65.7195101181666 68.964034318924 72.2954819599787 63.2690439621607 65.2650098005931 63.7014806270599 62.8386040528615 63.2743736108144 64.6469046672185 65.3957774241765 60.1077824831009 53.4548262755076 52.9768417278926 49.4037320216497 33.749982714653 16.7110885183016 16.2494468192259 22.5729842980703 32.5844436883926 35.6743261218071 49.3133316437403 58.7383806705475 69.4033205509186 62.9912614822388 59.5942934354146 23.0379824837049 23.4597250819206 24.0196486314138 27.9771238565445 37.8725081682205 43.1399941444397 22.4519272645315 17.295648654302 21.1656540632248 44.6305324633916 49.4017203648885 37.4054436882337 27.9979680975278 20.6186932822069 15.1679590344429
37.8836542367935 44.8678980271022 48.2383072376251 50.8996347586314 51.0363032420476 47.9710300763448 56.4188907543818 59.7775479157766 60.780276854833 65.6717320283254 67.6855792601903 67.2799746195475 66.4693464835485 65.3510938088099 66.7236646016439 63.2956425348918 60.2671454350154 63.7074857950211 65.7554070154826 67.6749547322591 68.9285447200139 65.2006765206655 64.4420683383942 58.1492781639099 56.1600625514984 55.9577544530233 51.1930733919144 45.2702740828196 44.3038245042165 45.5638269583384 42.0999278624853 41.7348345120748 58.1113298734029 70.3296512365341 50.8337716261546 46.2445666392644 27.7284507950147 11.7216209570567 4.21578530222178 9.33281891047955 9.44468006491661 35.9806070725123 45.6852416197459 38.8200134038925 27.3342728614807 28.5327980915705 41.4657791455587 45.6096827983856 43.0222451686859 36.799522737662 30.9234609206518 30.0628046194712
29.2452424764633 42.6125427087148 46.3651716709137 49.1942564646403 52.0535906155904 48.4452346960704 52.2080361843109 59.1930697361628 69.4598654905955 70.928543806076 66.1610464255015 64.0274534622828 66.1830355723699 65.6927724679311 65.7583624124527 63.5590404272079 60.3346029917399 62.7200901508331 61.4340603351593 59.3492289384206 60.6023420890172 60.9356512626012 59.6219102541606 58.7384949127833 60.568576057752 64.0681882699331 71.2024519840876 74.1017510493596 61.7929399013519 56.1481366554896 45.7669844230016 41.7240113019943 47.6735681295395 49.0462879339854 19.9337601661682 13.7656716008981 13.0274308224519 7.599796478947 0.722678999106089 0 0 12.4451046188672 40.9022023280462 64.0705277522405 69.1964626312256 62.7052585283915 61.2470805644989 61.194787422816 61.2402011950811 50.8319139480591 40.5820061763128 50.6312350432078
31.0702572266261 40.0831550359726 46.8307783206304 49.0839680035909 50.6743937730789 50.8579462766647 45.5388327439626 54.5912782351176 73.8081783056259 72.1821288267771 64.4512822230657 61.2643857796987 63.8394157091777 67.7741765975952 66.6912396748861 63.8566911220551 62.9368275403976 60.8462939659754 54.72798148791 48.0228761831919 48.2075661420822 51.8171638250351 53.3624092737834 56.3531617323558 57.3772589365641 64.536859591802 80.0899018843969 85.3310525417328 65.7852689425151 54.7290792067846 45.6886887550354 33.5179294149081 36.2805450956027 37.7193440993627 18.4479231635729 10.1056316246589 11.0365375876427 16.1219698687394 9.24473504225413 1.01638259366155 0 2.3997537791729 20.1763088504473 44.5084571838379 47.3854790131251 48.4925011793772 46.1584329605103 47.1340864896774 52.6127368211746 46.5761919816335 47.1870799859365 80.1354149977366
41.7409092187881 44.5719659328461 46.6739336649577 43.6240384976069 38.3296137054761 34.7966874639193 42.0653522014618 47.4750896294912 56.8375438451767 52.9919366041819 49.0854283173879 54.3355345726013 62.8567735354106 64.6724849939346 60.8781725168228 62.7496937910716 63.285564382871 57.8682074944178 50.339678923289 45.5404569705327 44.9992815653483 45.3340311845144 49.3270456790924 52.8440475463867 53.8155734539032 58.0051441987356 71.6978013515472 77.9716422160466 66.1947429180145 51.6829242308935 44.2538758118947 30.1535973946253 21.8795438607534 40.9440075357755 37.7157678206762 17.5733404854933 17.508411159118 40.0690759221713 41.9754435618718 28.7236198782921 6.25714225073655 3.33258012930552 11.4694113532702 18.2350936035315 17.0587400595347 18.674058218797 21.0331628719966 23.1989299257596 22.6512501637141 39.7709955771764 60.2605889240901 112.603763739268
52.5331149498622 49.3551393349965 45.7553962866465 39.200946688652 30.1085263490677 24.5518411199252 33.0144787828128 33.9026103417079 24.8676910996437 23.5669513543447 35.5158920089404 45.1169808705648 51.6132215658824 55.6191305319468 58.5962235927582 68.3519343535105 71.2526390949885 62.9906356334686 54.8098385334015 51.518311103185 49.3966291348139 48.6605117718379 49.6308505535126 49.4838456312815 48.9789595206579 54.541602730751 61.6567581892014 64.1772300004959 58.2439800103505 39.8713151613871 39.0912021199862 35.0777506828308 31.0488616426786 48.9485959211985 55.300161242485 43.8092847665151 34.2775831619898 21.1724142233531 27.3458162943522 31.8778107563655 22.1897785862287 9.50572018822034 11.1636444926262 11.6202918191751 6.62034129103025 7.6224555571874 14.7094689309597 16.678724437952 17.6860466599464 40.0742342074712 85.1274132728577 128.323634465535
55.1401823759079 48.8215784231822 44.3105598290761 40.6875163316727 33.9848672350248 28.5660748680433 24.6159558494886 19.8404726882776 6.09908377130826 13.710747162501 29.5877059300741 40.6535665194193 40.4514223337173 48.0170349280039 60.8414113521576 76.3315359751384 81.8078766266505 74.8031238714854 66.6903754075368 63.0055069923401 57.7032715082169 56.4788281917572 55.7414591312408 50.6518979867299 47.9545990626017 49.057478706042 49.5678136746089 51.4524380366007 47.1489578485489 33.3903382221858 31.9581429163615 33.3675394455592 25.8396516243617 46.4514245589574 70.9301133950551 74.0087529023488 49.1033891836802 15.3829207022985 12.1897583206495 17.263541618983 17.6817153890928 15.489749610424 16.5423129995664 15.6578409175078 9.15643448630969 6.10121215383212 11.9469749430815 18.61222833395 28.4934267401695 52.967295050621 116.205841302872 147.402971982956
57.5291812419891 52.3913751045863 51.1111120382945 52.0960589249929 48.957347869873 43.0367489655813 38.2520208756129 38.5623251398404 37.4087567130725 43.0380801359812 50.6275494893392 55.8243195215861 56.1100095510483 51.5683194001516 61.5969449281693 77.1177460749944 87.0198905467987 87.184876203537 80.0567169984182 70.6648975610733 65.0692582130432 60.4426364103953 58.3143134911855 59.7296953201294 52.3163576920827 41.9741918643316 39.7576540708542 43.4184471766154 40.343647201856 39.7367949287097 21.5925847490629 18.2772154609362 14.9371648828189 22.921197116375 77.744260430336 87.8383417924245 56.1209221680959 19.0462532142798 7.20344049235185 7.28976167738438 10.1554890473684 7.73179531097412 17.5600685179234 24.760181705157 31.1124697327614 16.3481955726941 14.4445076584816 34.0569491187731 58.8111976782481 102.659563223521 135.089029868444 148.250897725423
58.3012998104095 55.6418647368749 55.7691355546316 57.0108393828074 56.508406996727 53.0850390593211 52.9209524393082 60.3313247362773 76.2910147507985 72.5644131501516 63.7397716442744 64.3145143985748 70.6626872221629 58.5890163977941 59.6451411644618 67.809318502744 76.064666112264 83.1216176350911 83.9352111021678 77.378104130427 71.8908856312434 65.6715383132299 62.2665733098984 58.6262593666712 53.6205023527145 42.1718855698903 30.1037505269051 32.3128129045169 34.5501030484835 17.8092022736867 13.0926966667175 11.3056885699431 7.05644612510999 5.59561451276143 72.2726434469223 89.2994205156962 70.2906449635824 58.0849796533585 27.6582514246305 3.38567420840263 0.217008016382655 0 9.02903949220975 34.4359427690506 40.5236879984538 31.3975835839907 30.1278332869212 52.3335188627243 108.568529287974 152.690122524897 146.372616291046 134.355912605921
57.4718415737152 54.2177855968475 48.835168282191 44.3311880032221 44.5554306109746 46.5527325868607 46.7120309670766 58.4429303805033 68.230539560318 63.4363293647766 53.7845094998678 53.9170106252035 64.7984743118286 60.2367222309113 56.7800452311834 55.7322154442469 56.7051470279694 63.4730209906896 73.3719567457835 77.5792350371679 73.4573851029078 67.7336553732554 60.7872505982717 56.0209552447001 48.4026422103246 42.725995182991 29.5526335636775 19.1071927547455 30.6041116515795 27.7743885914485 13.065293431282 8.23454931378365 2.00090805689494 0 0.207352801226079 79.4641673564911 86.339275042216 96.9853202501933 78.7198791901271 30.8664912978808 2.69666034728289 0 2.85095286866029 18.3913533886274 45.9153453509013 65.2422606945038 85.8639081319173 135.824700196584 176.378111044566 186.692833900452 171.722094217936 139.757027228673
59.6139033635457 57.5734823942184 51.8328994512558 45.1829433441162 43.699989716212 46.459952990214 39.261889954408 36.7100387811661 38.1476481755575 35.1720973849297 28.3041323224703 26.0087475180626 29.6358913183212 47.5933998823166 54.4676731030146 48.8984485467275 38.4154667456945 34.3153824408849 45.8427617947261 65.8489763736725 67.6000614960988 62.1793965498606 55.6147247552872 52.2356728712718 45.3232477108637 39.7237464785576 33.1956247488658 12.0346856613954 18.0559021731218 36.2318754196167 18.95538965861 12.1441259980202 4.55330653736989 0 0 59.2026909192403 99.0270574887594 113.43115568161 100.029249986013 71.0424880186717 38.4233146905899 9.45830966035525 5.94187900424004 24.1723135113716 55.1455716292063 117.633918921153 158.357411623001 188.871264457703 197.867512702942 197.173118591309 187.61815627416 159.350981314977
61.2845321496328 61.2086753050486 58.6584856112798 55.1646848519643 53.3148149649302 52.5966982046763 37.7253765861193 24.1552417476972 24.4055489699046 26.5944302082062 23.9365597565969 21.3260302941004 22.4899227420489 43.6827093362808 57.2682718435923 47.9502330223719 29.2612264553706 17.6026324431101 21.0349882642428 36.5114733576775 46.3853528102239 49.7568945089976 50.4568964242935 43.6029533545176 38.5778496662776 34.1624617576599 18.6996087431908 7.20500821868579 11.5647924443086 39.3757273753484 48.0282107988993 41.1506767074267 21.7737505833308 0 0 38.087730606397 92.5018688042959 100.69677233696 81.6238472859065 78.604593873024 83.5042297840118 68.2474076747894 46.478937069575 61.14495297273 112.947424252828 157.558441162109 180.668512980143 191.814025243123 193.604429562887 191.175897916158 186.280786991119 164.407630761464
