input/barkrak2/radiation/dir36124.grid
NCOLS 85 
NROWS 70 
XLLCORNER 665100 
YLLCORNER 4664600 
CELLSIZE 20 
NODATA_value -9999 
[rows 23 to 45 of 70, columns 0 to 51 of 85]
57.3832343022029 47.5755880276362 19.074751685063 3.61236681540807 0.0358366669388488 6.88541245957216 3.86666941146056 3.51750385016203 2.40374403074384 1.55229804416498 2.08290480077267 1.26915409540137 8.90501526494821 12.0648443698883 9.56322066485882 10.291609292229 15.4030707975229 22.708718975385 27.5407383839289 21.4056770006816 20.0900013248126 23.3675216635068 33.844955265522 42.2971298297246 49.1286218166351 48.9018758138021 42.6416297753652 37.0690375566483 17.0194668074449 7.5986348092556 4.38058686753114 0.722648187850912 0 0 0 0 0 0 0 0 0 0 0 0 0 0 0 0 0 0 0 0
57.3402394851049 53.5059372584025 33.3707978328069 7.86470249295235 0 2.47266842052341 3.8716575751702 3.96921299397945 3.23133077472448 3.2843416556716 2.09316828598579 1.88510771840811 4.13977665205797 10.0821952025096 9.46135322252909 9.32445252935092 13.1378198663394 20.9783961375554 26.3313253720601 19.7067695359389 18.1582396229108 15.5768319964409 22.0958516001701 29.4806038339933 33.4982598821322 33.9437127113342 31.0696437954903 27.8419603904088 12.2128849228223 3.83439597984155 1.54546151558558 0.802824506536126 0 0 0 0 0 0 0 0 0 0 0 0 0 0 0 0 0 0 0 0
45.765479405721 49.5800673961639 42.7172283331553 16.2427760660648 0 6.58298966785272 13.4711973369122 20.8442434668541 22.9326883951823 18.1972359617551 13.9171592891216 14.7996755937735 13.2322336236636 15.4902040958405 15.4693896571795 11.3300358255704 12.6774286230405 19.1668545206388 25.6034284830093 27.5538216034571 28.0523126324018 24.6030613780022 21.8703399101893 21.3697378834089 23.8237654169401 25.4082853595416 21.9772482911746 21.9486330946287 13.3860943218072 9.8781722287337 7.5292456895113 9.56024353702863 5.47170018156369 0 0 0 0 0 0 0 0 0 0 0 0 0 0 0 0 0 0 0
44.5121278365453 49.0129788716634 46.6569860776265 24.2711653312047 4.04422637075186 16.5189082423846 29.9827878673871 40.1692514618238 47.5695133209229 41.7869786421458 26.4453912774722 26.9724726676941 23.7561985850334 26.0468324025472 26.0812391837438 16.6864519317945 14.6918507913748 20.8599219719569 27.6638319094976 37.3862708608309 38.3884037534396 35.601203640302 28.2112658023834 22.9216267665227 23.2131779193878 24.9441862106323 21.0861191153526 28.2502646247546 27.2041410207748 26.0679870843887 29.3544779221217 43.5051470994949 50.6965269645055 31.9873640934626 0 0 0 0 0 0 0 0 0 0 0 0 0 0 0 0 0 0
45.6460813681285 44.8487102985382 44.8269546031952 29.5606503883998 24.399588505427 35.0895275672277 49.193928639094 55.6972076495489 54.2716135581334 48.1244325637817 36.4983230829239 30.6508988142014 27.0884608229001 28.6166469256083 29.9253215392431 24.6228178342183 20.1152041554451 24.6854970852534 35.1992646853129 40.3713534275691 37.4778459469477 30.0107051928838 28.2911385099093 28.6608984073003 28.7785530090332 28.8390939434369 26.5581657489141 35.7681040962537 51.5020539363225 55.6609779596329 58.3586444457372 63.544750213623 73.656623562177 78.4963468710582 37.9037211338679 0 0 0 0 0 0 0 0 0 0 0 0 0 0 0 0 0
48.4203100204468 39.3268143137296 39.6771083275477 31.7327504356702 42.9140329360962 47.6310302813848 53.7275373935699 52.6429712772369 45.8371788263321 37.5674515962601 30.5483440558116 25.6924654046694 25.8006826043129 29.4616967439651 30.9388140837351 31.7744289835294 26.8477201461792 23.8674928744634 31.0291598240534 34.0241317947706 31.8355510632197 25.5877425273259 25.328869620959 30.754047135512 32.789890964826 29.6128590901693 30.3577234347661 35.5939914782842 57.1176211039225 69.2639748255412 74.5959530274073 77.4949391682943 84.8239560921987 87.1093074480693 76.5043993790944 15.3710295756658 0 0 0 0 0 0 0 0 0 0 0 0 0 0 0 0
49.6849715709686 35.2124571800232 35.0903819004695 35.7047766447067 44.9790755907694 48.5580066839854 41.3885240753492 23.2885678609212 7.65686109662056 5.17128470043341 5.32574020326138 12.0762983957926 23.5055610537529 29.8669611414274 31.5565144022306 34.8041380445162 31.941312054793 21.9423820575078 23.2068200906118 26.1569544672966 25.3940174976985 25.234247247378 25.2386952439944 30.5927445491155 35.1762299736341 32.2112540404002 34.1710522770882 35.8843058347702 51.1294156312943 71.4395840962728 82.6142330964406 85.7043365637461 88.0397756894429 89.9751484394073 95.4431891441345 77.1647791067759 10.7702389359474 0 0 0 0 0 0 0 0 0 0 0 0 0 0 0
49.1380244493484 49.334595600764 65.782368183136 91.874897480011 73.6945321162542 54.487278064092 33.4333529074987 7.27746076881886 5.54303204019864 9.00265574455261 4.40682470798492 3.87074612081051 22.9543000459671 31.0551077127457 33.9196374018987 39.198711514473 36.0493063926697 25.7584204276403 24.9983891844749 27.4019713203112 24.8119508226713 28.2535006602605 29.8961251974106 31.7634691794713 36.9633982578913 40.3957366943359 38.6224637428919 41.0529052217801 52.5310883919398 74.5377540588379 88.1626705328624 90.7650987307231 88.0254705746969 94.3348904450734 105.022420485814 106.122314929962 82.0716718832652 30.8267623186111 0 0 0 0 0 0 0 0 0 0 0 0 0 0
59.1103037198385 87.5179568926493 131.33230805397 151.635944843292 131.48166735967 88.2140000661214 48.2301662365595 25.6055345137914 21.2935606638591 24.6259520451228 19.0226932366689 15.6394888957342 23.500827451547 29.4289315740267 37.2724880774816 42.175884048144 37.9718194405238 32.7119901776314 27.3397912581762 28.1202743450801 28.0744855602582 30.5707330505053 32.6494475205739 32.8649630149206 36.7921640475591 47.2944478193919 47.4084715048472 52.3626655340195 60.8601917823156 75.9254048268 87.8818432490031 92.8157567977905 94.2994356155396 98.8928874333699 105.039149522781 107.655882835388 100.926965475082 81.8611880143483 26.4885673920314 0 0 0 0 0 0 0 0 0 0 0 0 0
111.625969409943 145.6232269605 171.477456887563 174.159248669942 171.204129854838 146.78289492925 108.966847260793 78.5650163888931 59.6636881430944 49.7818539539973 44.6164111296336 36.8957445025444 26.9411827127139 27.9025385777156 36.4244108398755 41.3020501534144 36.0658963521322 36.8916740020116 27.9028589526812 26.2723589936892 29.9284731348356 31.4594159523646 31.8802644809087 32.0080444216728 35.4817310969035 47.0618903636932 52.8775950272878 59.4264666239421 67.4809515476227 74.211319287618 84.3087136745453 93.6532318592072 94.060480594635 89.851846297582 90.6621217727661 86.9231621424357 89.4649227460225 76.7076164484024 39.2574866612752 0.0448997113077591 0 0 0 0 0 0 0 0 0 0 0 0
163.179695606232 180.53670724233 186.222573121389 184.251070022583 187.168081601461 183.781127134959 163.098682959874 126.278976599375 92.0675098896027 69.5400635401408 70.0034846862157 63.7393295764923 41.3453777631124 33.194233973821 33.8579962650935 36.8427510062853 31.4742277065913 32.7075372139613 26.5167330702146 27.61260420084 27.2618109981219 28.2224069039027 27.527928352356 27.6411026716232 33.4444766243299 42.2750115394592 52.1885852018992 55.6723276774089 63.8427784045537 73.9092032114665 82.0168554782867 84.912637869517 78.325351079305 69.1046863794327 69.8450654745102 58.7069739898046 60.0815912087758 47.5856314102809 11.3691687583923 0 0.363087126364311 0 0 0 0 0 0 0 0 0 0 0
176.451543966929 186.434030532837 185.904383659363 187.246282895406 188.760340213776 187.510093053182 178.059220314026 149.582435687383 106.681982676188 83.486000696818 82.5887421766917 80.4152240355809 61.2087001403173 42.024960120519 34.3943238258362 34.6191649635633 29.5709197719892 26.5645583470662 26.1095265547435 29.1905080278714 26.3078063726425 25.8781264225642 26.7113745212555 27.776467303435 31.1855301260948 37.2568170229594 45.4970995585124 46.8152612447739 54.2913178602854 68.9741522073746 76.1613845825195 75.1447379589081 70.3465839227041 64.4517640272776 58.1173400084178 48.2599238554637 51.8047908941905 49.5036691427231 32.2323242823283 3.74116065601508 0.940054732685288 0 0 0 0 0 0 0 0 0 0 0
169.058402379354 173.607567946116 170.515576998393 171.473522981008 171.921908855438 167.852858702342 161.548584699631 146.505415439606 112.794657548269 93.6560034751892 84.7099820772807 81.1106463273366 72.3228851954142 48.7860639890035 37.5661204258601 38.3070856332779 32.1243504683177 25.2507701516151 28.861644367377 30.0336902340253 29.2013213038445 26.7463475465775 28.9386287331581 32.4783946077029 31.3904037078222 35.2934549252192 39.1789476076762 39.8217389980952 46.4094877243042 61.8120133876801 70.7174241542816 69.0321624279022 71.9702392816544 72.7432568868001 58.2842131455739 53.3533990383148 56.5032511949539 63.1007750829061 57.6383173465729 22.9009663065275 0 0 0 0 0 0 0 0 0 0 0 0
144.095291694005 147.882431745529 149.462044239044 146.790345509847 146.362175544103 145.405908425649 149.957497914632 148.131797711054 123.275905847549 101.591348648071 89.4407331943512 71.0522631804148 63.2859816153844 44.3651179472605 33.6956332127253 38.3315955599149 39.7240643699964 29.8772305250168 31.9643268982569 34.6586232384046 35.0899621844292 31.9532305002213 32.1189810832342 34.8689556121826 32.8322152296702 33.1024006009102 38.2380361358325 43.1926697492599 47.2588290770849 57.999442021052 67.4996227025986 71.6911057631175 72.6382484038671 76.4499257008235 61.2521568934123 60.9153161446253 60.9273612499237 68.6614215373993 68.1276718775431 33.9598606030146 0 0 0 0 0 0 0 0 0 0 0 0
121.113359928131 130.630065997442 141.291350126266 138.482064008713 136.782675981522 143.381307522456 153.066734472911 156.408250331879 141.918549935023 113.136182228724 88.9426171779633 64.0603204568227 48.1125811735789 37.7704824010531 30.1672667264938 33.896600206693 43.1341727574666 36.4111140370369 34.1796005765597 36.9427601496379 38.0037426948547 35.1667155822118 32.797376314799 34.2669536670049 35.5138430992762 34.6088806788127 37.2506305575371 44.8705603679021 47.5505342086156 52.4728844563166 63.1399403015772 71.5995877981186 74.1552511850993 69.4634666045507 58.7719082832336 67.8682724634806 69.4012492895126 74.8100131750107 75.0353584686915 51.9433269898097 0 0 0 0 0 0 0 0 0 0 0 0
86.5794618924459 97.2201724847158 105.823814868927 109.981199105581 117.576003074646 133.092145125071 147.59095509847 155.419687430064 152.79084444046 125.572810570399 92.9725468158722 61.71914935112 43.7696774800619 40.9746840596199 34.3096926808357 29.5212417840958 38.8815551996231 39.826770623525 34.9871044357618 35.0825314720472 35.518837471803 33.5908681154251 31.5167754888535 32.6641127467155 35.3385532895724 38.7535095214844 38.3103018005689 42.4123952786128 46.8363612890244 47.3781575759252 55.7726124922434 68.2320346434911 72.8929440180461 60.7575575510661 61.2694919109344 74.2983917395274 77.0898113648097 75.3912677367528 78.4914791584015 75.0376880168915 26.1005759239197 0 0 0 0 0 0 0 0 0 0 0
53.735762834549 60.0873231887817 59.6118370691935 69.1063652435939 84.1905474662781 100.697418053945 114.656209945679 127.249459425608 128.656844298045 106.232653061549 73.1793741385142 50.3905216852824 39.2582217852275 37.7789214253426 35.1232811808586 31.0718094309171 35.3307997186979 35.520593325297 30.4169530669848 30.881442129612 33.6541930834452 36.8887235720952 36.6914470990499 33.0419118205706 32.5792506337166 35.3547930717468 39.6651377280553 42.4617975950241 46.0852682590485 45.3713039557139 47.7715233961741 59.4865878423055 65.5561039845149 62.8113001585007 76.9876142342885 83.711455265681 81.508348385493 76.4632076025009 81.5711816151937 93.9251681168874 83.9543739954631 32.5410192211469 0 0 0 0 0 0 0 0 0 0
43.5862193504969 45.3160504500071 45.3833639621735 47.4287619193395 55.6466380755107 61.6033722956975 65.2947922547658 70.5121258894603 70.8541323741277 57.1045329173406 42.6474859317144 38.7363980213801 37.5537946820259 35.4690949122111 34.2260077595711 34.8175962766012 34.1509903470675 33.7653408447901 30.1978339751561 30.950499077638 34.9178041021029 39.6801754832268 41.222557425499 37.8220801552137 35.0408007701238 33.8353166977564 41.9328759113948 44.0355688333511 46.3229467471441 46.9147364298503 46.384851137797 52.3233662048976 59.9815795818965 68.9780712127686 85.4608317216237 82.1543236573537 75.2761214971542 66.9453293085098 69.1077957550685 85.6223702430725 94.2644079526265 85.0380857785543 42.4957970778147 0.665724743157625 0 0 0 0 0 0 0 0
51.1592775583267 48.9043444395065 49.1004089514414 48.9769925673803 45.6532686948776 43.9547250668208 42.9059018691381 44.1567947467168 48.8471686840057 41.5017008781433 34.7828914721807 36.234624683857 39.205643037955 39.4074370463689 38.3192896842957 37.2015361984571 32.5023879607519 38.8351952036222 40.6054978569349 36.7820064226786 39.5249178012212 39.8968656857808 38.8202865918477 41.248361269633 42.8077280521393 38.3803894122442 42.8319672743479 45.7886854807536 47.0889657735825 48.0357507864634 48.6303667227427 51.8785466750463 58.6955646673838 72.6607938607534 78.4960438807805 73.6893663803736 64.7595326105754 56.2011698881785 52.4992297093074 61.8992199500402 86.7032806078593 89.2755289872487 66.9209311405818 22.8099375963211 0 0 0 0 0 0 0 0
55.1416426897049 52.5756031274796 55.3385118643443 54.068793853124 47.7510193983714 44.8362231254578 42.9096072912216 40.7628168662389 41.1146804690361 37.9676669836044 36.485326786836 36.4814847707748 39.8693010210991 43.433537085851 42.7665064732234 40.4723932345708 37.8170659144719 42.6963816086451 45.4831421375275 40.4546608527501 39.070817331473 36.8464340766271 34.2485507329305 36.7437129219373 41.337788105011 38.4230737884839 35.3580191731453 40.0556003053983 44.4234510262807 46.6361343860626 47.1432308355967 47.0912903547287 55.4987341165543 73.2419739166896 79.0520360072454 64.5223657290141 55.9357305367788 52.7966270844142 51.3966729243596 57.4872195720673 65.3421928485235 67.9115851720174 55.9288760026296 29.4207533200582 0 0 0 0 0 0 0 0
40.7217144966125 43.2048390309016 51.2718607982 48.9158133665721 51.2612164020538 53.6268651485443 52.9880026976267 49.1212507088979 39.8786142468452 38.6665264765422 41.7586316665014 38.499375184377 39.6067053079605 42.9400751988093 43.310691912969 41.0092150171598 42.323703567187 44.1037515799204 44.9418872594833 40.3578231732051 36.3598714272181 34.1988280415535 32.323179145654 33.479834596316 36.4460994799932 39.6241868535678 35.1109107335409 36.9897931814194 41.3732255498568 42.8366512060165 41.5890539685885 39.7130499283473 48.2984830935796 61.8478606144587 66.8452084064484 57.9972763856252 54.8387815554937 57.095671693484 57.7502548694611 58.0987632274628 54.1522353887558 53.3125748236974 49.8954206705093 29.144324362278 0.177129598644873 0 0 0 0 0 0 0
39.2793168624242 44.6900725364685 47.4741806586583 48.1642534335454 49.9375065167745 52.2891928752263 52.7374694744746 49.2453128099442 45.2333043018977 41.7718440294266 43.3697104454041 41.459230085214 39.0321289499601 37.6897702614466 37.4886145194372 37.8527964154879 35.4196950793266 40.6337330738703 42.4578140179316 40.730873743693 37.1122757593791 35.2735767761866 35.8337288101514 36.5861803293228 36.0124955574671 44.0885176261266 46.2675193945567 43.3097581068675 41.834553082784 41.5983721613884 37.7396618326505 35.775529841582 40.7973080873489 44.1745718320211 50.3110388914744 53.0181179443995 56.6903452078501 61.9432379802068 60.6384078661601 54.4948478539785 52.9436369736989 50.5571067333221 48.8380591074626 33.4221571683884 6.19662739336491 0 0 0 0 0 0 0
45.0074672698975 49.3549803892771 46.7460602521896 49.8801420132319 48.5880176226298 48.7735370794932 50.3294070561727 49.2010364929835 50.5746901035309 46.4483747879664 45.9630539019903 45.5501625935237 41.6598568360011 37.5395690401395 36.7957030733426 40.1523237427076 36.0181878010432 39.1666566332181 42.4312899510066 40.7383292913437 38.8796652356784 38.2594590385755 38.3607099453608 40.3182034691175 42.401726047198 43.7313417593638 48.7259924411774 45.689528187116 43.3833301067352 42.5460437933604 38.8872822125753 36.0601991415024 38.6157880226771 37.4366790056229 38.618008295695 41.8064693609873 47.4397440751394 54.6554823716482 54.3914139270782 45.0147787729899 46.604444583257 43.2574947675069 44.3346401055654 41.386013229688 26.503823697567 2.58133032669624 0 0 0 0 0 0
