input/barkrak2/radiation/dir36524.grid
NCOLS 85 
NROWS 70 
XLLCORNER 665100 
YLLCORNER 4664600 
CELLSIZE 20 
NODATA_value -9999 
[rows 0 to 22 of 70, columns 0 to 51 of 85]
43.140903115272501 55.6969940662384 64.8393929004669 77.9838661352793 83.05491010348 84.9005977312724 92.5697187582652 96.1263378461202 98.1772939364115 119.431356588999 120.210289955139 116.454551617304 112.167129913966 112.843592961629 112.894872824351 98.843773206075 87.4318381150564 78.8311660289764 77.2575785716375 77.8995901346207 85.8681599299113 101.719309886297 116.573919852575 120.345483223597 123.418311278025 131.370355685552 128.32248210907 122.481177250544 120.388209819794 124.092807372411 120.811591545741 142.131139834722 170.876840750376 165.977736314138 162.748038768768 159.157534440358 162.936270236969 168.044924736023 162.622342507044 164.521674315135 161.818613608678 169.704874356588 175.589919090271 167.765816052755 159.489105145137 168.991684913635 178.327639897664 133.835186560949 90.7708803812663 87.0431462923686 107.423971096675 146.804998318354
28.2406012217204 38.3090451359749 45.6301222244898 55.2282681067785 64.2620623111725 71.0868338743846 75.7029851277669 79.584742585818 86.4362120628357 94.3891902764638 97.6178844769796 104.639261960983 112.845232089361 112.865189711253 112.949430942535 102.670987447103 93.6368107795715 86.0044558842977 82.2107891241709 80.8448890844981 93.3750669161479 114.661951859792 127.858022848765 129.135390122732 129.79382276535 133.998314539591 131.397197643916 125.31515955925 121.73988421758 123.422453800837 128.586312135061 150.0397225221 170.255025227865 163.480311632156 161.290427049001 158.04460644722 165.079067150752 169.00638739268 161.497622728348 161.893546581268 160.983433326085 164.381881554921 160.552054643631 150.313347578049 148.306131362915 160.258422295252 162.266751130422 125.734329223633 98.0761249860128 107.377568880717 134.284595648448 165.667037169139
9.57080535590649 12.6494405170282 18.5637002189954 23.7900440891584 30.3086737791697 34.9862972895304 43.240025639534 59.6997290849686 69.2441612482071 73.6685693264008 83.8813185691833 84.7374101479848 92.720756928126 97.2929298877716 97.5325802961985 110.550542672475 108.72608423233 98.8581975301107 82.255760828654 77.5469640890757 89.4550780455271 104.666779438655 122.340460618337 124.430567026138 129.242688417435 130.019197861354 129.194835821788 124.309599399567 123.01101287206 126.966814200083 135.671108961105 159.741878509521 170.18586397171 164.714306592941 160.650312900543 160.503049691518 167.279442151388 169.178287188212 163.396060466766 159.289628267288 155.990759531657 149.833331505458 140.018671751022 132.598161697388 135.778566201528 149.289031823476 146.997720003128 119.51670050621 112.84405986468 134.033898512522 157.203008731206 176.146705945333
3.68453903744618 3.66216587523619 5.4096058011055 6.59976527094841 5.51579209665457 11.3377297918002 16.817635546128 25.393416484197 37.1417552232742 46.766405304273 58.2263966401418 68.9867436885834 79.2881101369858 81.5896441539129 86.1040651798248 89.1153613726298 94.1099325815837 86.9846940040588 78.5069863001506 74.7241079807281 77.6026745637258 80.2992433309555 92.411736647288 101.808389027913 110.392034053802 112.883726755778 116.15397532781 120.227177937826 124.951849381129 131.062219540278 136.627535025279 147.561848163605 148.986101150513 149.745414654414 158.507535854975 160.956670840581 163.153191407522 163.774202267329 154.799511035283 145.742992560069 142.018367846807 136.96093360583 135.73079307874 144.344250361125 149.021754662196 141.444951295853 131.416549285253 116.984188556671 121.916472911835 136.544644832611 155.953009923299 173.603971799215
10.5594322085381 4.29472513496876 1.00324070081115 0 0 2.67697591334581 8.82291421294212 16.0805471241474 20.1616883277893 23.416077097257 33.7977061669032 47.2112596035004 55.6692481040955 62.8163913885752 65.013200044632 69.7449992100398 74.5724588632584 74.7539202372233 72.7058351039886 71.9779332478841 73.1938779354095 75.6419499715169 84.2582980791728 91.0262366135915 98.1740057468414 104.336470365524 109.594941139221 112.906555334727 119.44388349851 121.75327539444 129.283100366592 143.414000670115 137.642413377762 140.98072052002 139.582018057505 141.584843397141 143.40877532959 150.998592376709 142.825156450272 135.139882564545 133.10311237971 135.759274164836 141.981899738312 151.869714260101 151.74388885498 130.498786767324 108.798007170359 107.170919577281 116.729269425074 132.510244846344 159.068902333577 174.509048461914
32.863475382328 17.4033008515835 6.03056388596694 0.196166763392588 0 0.87090558372438 4.00015090902646 10.5054949720701 14.9934962391853 14.8296765983105 19.4141529500484 24.115410943826 28.0611937244733 34.4030608733495 43.3908601601919 51.3588090737661 55.6542128324509 60.1226389408112 66.7106062173843 71.5433110793432 78.6403914292653 82.8752766052882 83.7296446164449 85.5978926022847 93.6598380406698 99.7778375943502 102.692127227783 109.727571407954 114.291608333588 119.961301485697 132.841438055038 140.30267794927 131.425619125366 133.166750272115 133.782943089803 132.129549980164 129.28452094396 125.835627317429 122.872680425644 133.577853441238 134.868274132411 134.552160898844 136.720657348633 139.336158831914 135.812729597092 110.423614581426 87.2350434462229 95.6015487511953 112.171212832133 143.894861141841 163.935124874115 172.27965593338
47.7961053450902 31.3503742218018 18.8162699341774 8.64976334075133 2.03888071700931 0.970240294312437 1.14434600497286 6.49308351178964 10.5880796909332 15.7181148727735 16.1188741525014 15.1534676551819 15.4175783197085 15.8008299767971 18.0843596657117 25.9220028916995 34.2189942797025 48.0442494153976 60.4238063097 70.6128378709157 79.8621575037638 84.8430395126343 86.1782431602478 85.5471889177958 91.6433533032735 92.891385157903 98.1046160062154 104.1565934817 107.643246650696 116.463303565979 125.997801621755 129.130363464355 121.890525023143 116.180270910263 118.60054731369 121.278484662374 122.238655885061 116.323272387187 113.055298725764 108.625670274099 107.261955738068 117.109934488932 124.761174122492 131.438235441844 130.037774642309 126.344382762909 132.285356521606 136.880030234655 144.852101802826 154.091536998749 158.283730347951 156.349688768387
59.7708821296692 45.1587438583374 32.792828977108 20.2421682576338 10.5861450235049 3.51515474418799 0.782422100504239 0 5.50861284136772 13.9201668401559 17.9726307590802 18.5904068251451 16.9871586064498 15.2554052571456 11.8532342215379 14.4824845095476 20.9086860219638 30.8093850811323 44.1158066193263 57.5248648722967 68.0435399214427 78.1057675679525 84.4491521517436 85.1975778738658 85.9769185384115 88.0320370197296 90.7871425151825 93.4260884920756 94.9069162209829 107.612391312917 116.216957569122 116.350442171097 110.08220911026 106.740117073059 103.220204512278 104.968239863714 112.111379702886 110.126028458277 108.879268169403 94.8659976323446 92.4481451511383 97.2666541735331 120.132068792979 131.044248739878 135.278751452764 140.752812226613 148.77971013387 151.76781018575 155.847370624542 154.518107573191 148.305068413417 148.25717608134
54.7800709803899 46.7868745326996 34.5437998572985 26.0498747229576 18.7180538972219 11.4763230085373 2.81081286569436 0.26122973455737 3.72319202870131 8.1401951611042 12.3288383086522 18.3680454889933 21.9880789518356 23.2046221693357 20.1931620637576 18.5185174147288 18.2124003767967 20.9761286775271 28.163455426693 37.4542425076167 48.1370389461517 59.1800411542257 70.8198696374893 71.9763040542603 73.3521928389867 75.2565612395604 78.4416844447454 78.8851181666056 82.8010241190592 86.4583849906921 90.994526942571 95.054308573405 97.238560517629 94.7701831658681 94.4164395332336 97.1420307954152 99.4432965914408 102.97233859698 105.472962061564 100.669433673223 101.861337820689 104.940871397654 109.761426846186 115.229646364848 131.412247816722 129.375120004018 132.855157057444 140.484680732091 147.269278764725 142.868916193644 135.176787773768 136.947890122732
36.1471648017565 31.4066832264264 26.6743724544843 21.897370616595 16.7987706760565 9.4735740373532 5.82292551795642 7.47749333580335 3.91393403212229 1.5898149770995 3.69715131819248 11.1940763890743 20.7272966702779 29.5299341281255 31.5342967708906 30.549481511116 24.2380077640216 22.9471052686373 22.2061028083165 25.2599120140076 30.6543732682864 35.7495794693629 42.5432175397873 50.8921047051748 59.8889340957006 62.4734461307526 64.9674087762833 67.8376058737437 67.3814912637075 70.8958705266317 70.7906087239583 67.1059787273407 70.5715666214625 76.828862229983 88.9413456122081 91.0237530867259 91.6078289349874 96.5357025464376 101.554622252782 107.738097508748 111.419985691706 110.357652107875 111.479053894679 111.800144116084 109.258055686951 119.636605183283 133.902768294017 138.032168149948 140.447646379471 139.468173185984 142.958531777064 138.111273447673
5.46264337996642 1.74665482093891 0 0 0 0 1.08665088191628 8.61037150025368 7.59384594857693 4.47834345201651 1.93600294490655 0 12.2851803898811 23.4971940517426 32.729501525561 29.9458255370458 29.4260581334432 25.299904247125 22.9403475920359 20.4458100100358 21.1235135793686 22.4532634019852 25.5436599254608 35.3182231386503 44.9220289786657 50.3988166650136 53.0923853317897 53.8383821646372 59.1574211915334 59.2141697804133 59.0313176314036 61.4868601163228 61.022604505221 59.2679878075918 61.5837872028351 76.7070750395457 84.6207042535146 88.8386368751526 97.8598992029826 111.442307631175 112.144688765208 111.091484626134 107.319851716359 104.394535223643 106.223185857137 109.826723734538 113.98849884669 127.427160739899 135.198851426442 139.095415671666 140.780667463938 136.334339777629
0 0 0 0 0 0 0 0.403077458031476 10.6378085911274 9.19114053249359 5.09404484182596 1.68840183566014 3.01559238384167 10.8493777612845 21.962858736515 26.409591237704 31.8123127023379 30.327096581459 25.9988705317179 21.3950673739115 18.6237928767999 18.5029109319051 19.146508226792 24.2263997594515 31.3396776715914 36.1999024947484 39.1902476549149 41.9562558333079 45.2169080575307 48.8974899053574 48.9605019489924 47.397514184316 46.6363330682119 49.1719941298167 46.6098288695017 44.0802226463954 52.5182982285817 76.9521494706472 87.8965159257253 101.366698741913 103.300074736277 102.059761683146 96.7919727166494 92.9433306058248 95.209668080012 93.5118893782298 96.051812171936 99.874625603358 101.951479911804 105.455925067266 130.478898684184 132.060517867406
0 0 0 0 0 0 0 0 2.54796476413806 11.9461305439472 12.2886523604393 8.10640553633372 1.37765752151608 0 8.50965393086275 20.7809110482534 30.0124535957972 32.0043886701266 31.448557972908 27.4691333373388 24.0608478585879 24.2917214830716 25.2226715286573 25.751456618309 27.6044905185699 28.7764370441437 31.2334671616554 37.7695560455322 38.724792500337 37.4333709478378 40.8055310448011 41.331484913826 37.453718483448 34.7620099782944 33.825471997261 36.3129576047262 34.5074782768885 33.9449495077133 40.1128927866618 51.4938483635584 73.247899611791 81.6652625799179 81.5967818101247 84.801455338796 84.3272010485331 86.1170887947083 81.7906707525253 82.8065772851308 86.0788921515147 87.5102480252584 91.731329758962 97.0423916975657
0 0 0 0 0 0 0 0 0 5.04778480778138 14.5196740825971 18.9016784230868 14.9712873001893 8.30844168861707 6.85717537999153 17.2746951381365 25.7552216450373 34.8822871843974 39.3607417742411 39.1162236531576 33.4354961911837 32.014953593413 31.54539813598 31.2416156133016 33.5288246472677 33.1367179751396 35.0883255402247 41.0980060696602 41.2858873605728 35.1997092366219 35.0422412157059 37.8570631146431 34.595196445783 29.9392690261205 28.7714228034019 27.0962764819463 23.2231145103772 20.9801470239957 20.3101895749569 18.4492034216722 29.715692003568 36.6539359092712 40.8028314510981 49.0180750687917 54.0610154469808 69.5054282744725 69.9407905340195 68.0714150269826 66.2292937437693 65.461407105128 71.5819994608561 77.0428826411565
0.375685204441349 0 0 0 0 0 0 0 0 0 12.5389583408833 26.236762603124 32.4723348021507 27.0962665478388 17.1986483037472 16.2660752733548 19.0589092671871 27.645006775856 37.9986688494682 45.5329020818075 46.3224152723948 43.2046900192897 42.3769553502401 40.2931024630864 39.4237885872523 40.0361890594165 39.9584174156189 40.5004223187765 42.0931428670883 36.0984926422437 33.1457878152529 31.6886529326439 29.0135120352109 26.401994129022 25.998001297315 22.1877346436183 17.8317452470462 14.6979428827763 13.5859524210294 10.7775355378787 8.20376351475716 11.4630398650964 19.0556819240252 24.0872378150622 33.7446182966232 39.4301662842433 53.1946420669556 60.4708890120188 57.3758184909821 57.161291440328 58.826227982839 61.7043326298396
0.993532361462712 0 0 0 0 0 0 0 0 0 3.34326239923636 21.2834229071935 34.9161277214686 41.0288448135058 33.135399222374 19.2333993812402 14.8863469560941 16.3787715137005 25.2806395292282 41.5946319699287 51.1829654375712 49.3875692288081 50.8429606755575 47.2198923428853 44.558639327685 46.014795700709 46.5853661298752 44.3399449189504 41.296049952507 42.5514926513036 36.1091420054436 31.7488461732864 26.2395590543747 21.4913636445999 17.7021361887455 14.550036440293 11.5543641149998 7.60699870685736 6.5626526872317 4.87128055344025 3.05695893863837 1.73936939487855 1.79115124046803 5.20340353250504 17.3827335238457 29.2976076404254 35.9900991121928 43.7265187501907 47.4599301815033 47.0761706431707 48.753410577774 54.3284714221954
0.523260367723803 0 0 0 0 0 0 0 0 0.00349904136479987 0.228288428237041 13.7979599336783 29.6762337287267 41.2676408886909 41.6055843234062 36.4734008908272 29.9124841888746 23.9128470420837 19.9650886158148 25.4546900590261 41.4357855916023 53.1382809082667 56.8895240624746 54.9076199531555 50.0515401363373 51.8896728754044 53.1695832808812 50.9659151236216 49.8382498820623 46.9767848650614 44.0356433391571 33.8544299205144 26.4298170804977 19.6140309174856 14.4867189228535 10.9392702579498 8.03771677116553 5.07056806236506 3.37254069745541 1.99171388521791 0.494569540023804 0.0236721146696558 0 0 3.95057257264853 12.6233473420143 21.2284425894419 24.7857272624969 30.2906259894371 41.2358641624451 46.3165144125621 50.3554542859395
0.138398124060283 0 0 0 0 0 0 0 0.239773323604216 0.304873508866876 0.302745494991541 8.7915143618981 17.7800258000692 29.8146829009056 44.4887528816859 48.9688068628311 48.5865622758865 40.0174061457316 29.5893748601278 21.197609603405 27.9369602600733 45.3869601090749 51.2485802173615 55.8155874411265 57.2283963362376 59.1654429833094 61.8029087781906 62.9890660444895 58.1685403982798 53.0161460240682 44.2205965518951 34.1928874452909 26.9467408458392 18.6687136689822 12.9002531369527 10.6099111338456 6.03242528935273 3.02504375576973 1.03733028906087 0.123344536405057 0.00321620670244253 0 0 0 0 0 6.44412574668725 11.5254993240039 18.6282036205133 25.437186161677 27.8210987647374 37.2087880969048
0.159243179950863 0.207115682618072 0 0 0 0 0 0.514098326675594 1.05507407958309 5.71767799556255 9.98587409655253 12.0467568437258 14.8793856302897 22.3745430509249 31.5693368514379 43.0274655421575 46.406144897143 48.5311249891917 47.7079053719838 36.1894716819127 25.1118888457616 33.7221572796504 41.0573730866114 49.8284896214803 58.523565530777 64.6466662486394 65.9237454334895 65.4041667779287 57.5480361779531 56.1426381270091 45.1386868953705 35.6446628769239 24.4634101788203 17.6420547068119 9.97828257580598 6.05042154590289 2.08100024610758 0.618296791799366 0.0317357456272778 0 0 0 0 0 0 0 0 1.35841158529123 8.54309275746346 11.0117730995019 15.623049189647 17.2502820690473
0.118450824326525 0 0.0120980039355345 0 0 0 0.0170151627874778 0.775321386754513 1.73390517011285 1.9729391982158 3.46348062157631 7.89048088093599 9.24903154373169 13.3457444608212 21.3770419359207 33.4843993186951 41.1126539111137 44.400950272878 48.9118546247482 48.3330140511195 41.219341258208 32.9829504092534 35.700261592865 42.6968882481257 51.1817534764608 58.4599922100703 64.3997937440872 67.2058115402858 58.8656961917877 48.9085117975871 45.7803855339686 36.3001376390457 24.0149274468422 16.3213623066743 8.43708217144012 3.33632373561462 0.626443962876995 0 0 0 0 0 0 0 0 0 0 0 0 1.45456986501813 1.51587246606747 4.74495875338713
0.864414032548666 0 0 0 0 0.0107713725204424 0 0.942120406155785 1.6424775434037 1.67361957331498 1.22589260960619 1.07971765100956 3.25255002826452 4.98923224707444 9.79149341583252 19.3874662121137 28.2910366853078 33.358467121919 40.8335576454798 50.615057349205 56.3802222410838 48.0788399775823 46.101967493693 49.1267591714859 50.8547921975454 51.8205463886261 56.0144285360972 59.6545785665512 55.6382238864899 45.0943807760874 36.3587290048599 25.8602599302928 16.6075676679611 8.78451950848103 1.92065956071019 0 0 0 0 0 0 0 0 0 0 0 0 0 0 0 0 0
7.75342062115669 2.75284269203742 0 0 0 0 0.362485259150465 1.96190209438403 2.93524811665217 1.85214619462689 1.71210896223783 0.956821488216519 0.543797466283043 0.0804005879520749 3.72920868297418 12.2666880488396 21.3691418369611 27.9246841867765 35.2090348800023 46.2623486916224 52.0479381084442 61.8555645147959 65.9356713294983 63.8583997885386 59.5884521802266 52.7583609024684 47.9507446289062 43.4983819723129 52.1588375171026 39.0550295511881 23.9426369468371 14.2092766861121 6.71124023695787 0.632971214751403 0 0 0 0 0 0 0 0 0 0 0 0 0 0 0 0 0 0
30.8147917191188 25.0279481212298 7.26361324389776 1.08530946696798 0.00228582484851358 0.0355095447351535 3.01501620560884 3.53310691813628 2.88401792446772 2.22052338843544 1.75768680249651 2.98227556049824 6.33294011155764 4.96856185297171 5.63956176241239 9.63028271993001 17.6627611120542 25.6954605380694 29.6390627821287 32.2064931193988 35.5491191148758 47.7932790915171 57.8121542930603 62.602440516154 61.3420903682709 55.0202578306198 48.4723448753357 42.7426199118296 34.7766950726509 29.0851493676503 12.9340973993142 3.23264487087727 0 0 0 0 0 0 0 0 0 0 0 0 0 0 0 0 0 0 0 0
