input/barkrak2/radiation/dir32424.grid
NCOLS 85 
NROWS 70 
XLLCORNER 665100 
YLLCORNER 4664600 
CELLSIZE 20 
NODATA_value -9999 
[rows 0 to 22 of 70, columns 0 to 51 of 85]
68.579554557800293 83.8550130526225 100.602547327677 120.814392964045 142.11767911911 144.669721523921 143.906772136688 141.684661308924 138.340095678965 141.593486070633 142.325083414714 138.533969720205 134.095698595047 134.813964366913 134.91545120875 121.669044097265 107.54535595576 98.2501407464345 97.9434847831726 97.0426599184672 104.704280694326 122.276842594147 143.178919951121 149.093916018804 152.432461579641 162.369380394618 160.928785800934 152.790437142054 144.58022514979 147.416750590007 143.319100141525 163.79377245903 198.164463043213 193.809668223063 192.535062630971 186.002254486084 190.151611963908 200.923502445221 203.25493812561 202.997624874115 194.92495059967 204.393724600474 209.541181723277 199.05145963033 187.747100989024 194.23121213913 200.938622156779 161.950220664342 108.247379461924 104.106704394023 126.344958941142 168.440739313761
46.4677065610886 61.4949564139048 69.2026366790136 82.7436546484629 96.2800284226735 105.740855137507 116.735359032949 142.498522996902 147.626668214798 147.264699141184 146.221796671549 141.562084356944 136.458456516266 136.547942956289 134.941945473353 122.431765000025 114.32143052419 106.069068113963 103.40561469396 100.320597489675 113.279342651367 135.836700598399 151.935120423635 151.689112186432 159.599443276723 168.08021068573 164.27739461263 155.357122421265 148.801217476527 148.75536163648 149.853964646657 173.243741194407 195.772369702657 191.560248533885 186.966220537821 184.3554576238 191.502074400584 199.14569457372 194.544633229574 191.982309023539 191.39568010966 199.024418989817 195.768197377523 184.867898623149 179.455876350403 191.930015881856 191.701789697011 143.468807140986 115.455647309621 125.770419836044 154.670576254527 190.575480461121
22.5433185696602 30.4015651345253 36.3212426503499 41.3422311345736 51.9755929708481 59.3035022417704 73.7643341223399 89.149683713913 107.696642478307 113.219996293386 136.943419774373 141.460160414378 143.683671951294 145.160814126333 146.956861019135 147.17494448026 143.379350503286 132.999281088511 117.047250270844 111.65389418602 122.785617907842 139.44015900294 149.858375390371 152.158319950104 154.026091098785 153.371632099152 156.795422236125 154.745658238729 151.576379934947 156.095455090205 166.076848904292 184.288144111633 195.582171281179 192.842125892639 188.398440678914 187.586983044942 194.603125254313 197.093904018402 188.948432604472 184.998710950216 184.859653313955 177.279869715373 167.406678199768 163.433233896891 168.455322583516 185.490608215332 178.373038768768 137.277315060298 134.588191906611 153.640906016032 179.510553677877 202.325622240702
12.0690117279689 11.7407118280729 15.6425746778647 18.1014960010846 21.2620670596759 26.4154821634293 34.0838680664698 46.6748376687368 62.672624985377 76.5343109766642 96.697191397349 115.627328554789 130.186210076014 130.855123202006 140.525052944819 155.657400687536 152.798314889272 143.387794494629 127.183477083842 120.363354682922 121.61777416865 123.170932133993 133.553882439931 142.742604017258 144.288490215937 142.258614301682 144.536991914113 150.486042102178 156.239906946818 161.82667016983 169.268727302551 186.473151048025 191.807707150777 191.586216290792 188.547849655151 188.81364663442 188.76854578654 189.376691977183 182.945132255554 173.031727472941 168.389678001404 161.686579386393 161.757628122965 172.940532366435 184.082726637522 181.952575842539 160.997281471888 139.853298664093 144.062936306 156.970550616582 177.593350410461 197.36635684967
20.363579193751 13.6912701030572 8.39964176217715 4.23443131148815 3.40318866074085 11.1206099390984 22.4946613113085 29.44166213274 41.4197395245234 44.8661694924037 60.2341294288635 74.4596024354299 95.4590340455373 98.1185038884481 104.8490802447 107.516676187515 104.367951552073 101.485252380371 104.71111536026 105.304191509883 102.13761528333 106.618503729502 116.390764713287 125.632007916768 131.85183207194 137.295484542847 142.359226942062 144.45835351944 147.913595040639 156.418859958649 162.617524464925 184.505343437195 181.498308976491 183.870414892832 183.952351411184 182.615200678507 179.349859555562 176.679809888204 168.010870615641 159.730861584345 159.257332483927 159.838457902273 167.781631151835 180.064380168915 180.575052897135 158.784359693527 126.534342765808 124.945451815923 137.785573800405 155.820002158483 183.500329653422 197.052359580994
42.5167381763458 29.0331915020943 15.7528817653656 5.92862007518609 2.86158670981725 6.37267902493477 15.4162881275018 25.9395986795425 31.6547205050786 32.2895497083664 36.3723163803419 45.318936308225 52.5015294551849 53.3989270528158 59.9291324615479 67.0270125071208 71.1944103240967 76.8043696880341 86.5334570407867 93.2448903719584 98.3368058999379 107.43389527003 108.327716588974 113.99433016777 118.960162003835 127.390066782633 134.084592262904 140.823314587275 143.259028593699 148.090600967407 169.191400210063 181.661864121755 173.066556453705 174.071888128916 175.664524237315 175.676226615906 172.875622908274 168.067197004954 159.909884134928 160.123328367869 161.248445510864 160.532921552658 162.802199522654 165.745655695597 159.761955340703 128.223955631256 105.991085370382 117.179383834203 136.902431646983 174.766421318054 196.890314420064 199.889242649078
61.2192849318186 44.1727588574092 31.9428642590841 19.767589867115 9.6271118770043 5.48491502801577 7.50098004937172 19.8221566776435 26.7033576965332 31.0352941354116 29.6874493360519 27.9158428311348 27.844009300073 26.8205379446348 29.3422689040502 39.5693778991699 47.9548474152883 60.8093192179998 78.1169434388479 89.7493660449982 99.8903413613637 105.242232481639 105.112691720327 108.365992705027 112.945169210434 116.492331027985 120.163430770238 128.361125787099 133.979986111323 143.428216377894 153.037865956624 156.15177154541 146.564990282059 149.460335572561 155.982593695323 159.734775622686 160.43347120285 155.807991822561 151.335815588633 146.162539720535 141.587684551875 143.419216076533 150.099515914917 157.366971174876 154.694428046544 149.490217367808 158.8281194369 165.114770332972 178.386688232422 197.178721427917 202.148894468943 197.784821192423
72.5970019896825 58.3204726378123 45.931284626325 37.5111376245817 24.9347910284996 10.2723489205043 5.5303405970335 0.314587688383957 12.8127398590247 23.1570973992348 28.6109422643979 28.4237811962763 26.5476455291112 24.3064860502879 20.9536602099737 24.3032599488894 32.4071322878202 42.8068439165751 59.6398760875066 75.1051108042399 87.4666770299276 99.7523665428162 107.009390989939 106.039226055145 104.977071285248 107.37289985021 112.148036559423 116.948952277501 120.749950408936 130.425284306208 140.01319805781 140.525052944819 133.947263161341 130.35915295283 126.563211282094 129.554430643717 145.847847064336 145.25979757309 142.534832159678 127.213418483734 124.424676100413 131.504515806834 146.154145399729 158.049325148265 161.717464526494 168.63093773524 175.405542055766 178.501685460409 187.495072682699 187.192420164744 186.286707719167 186.501224835714
69.3765183289846 60.2263112862905 48.1753349304199 39.9586707353592 33.6968253056208 25.1365875204404 12.5438546140989 4.6005230396986 10.3767377634843 14.2103110750516 23.4692469239235 28.8546035687129 31.829796731472 33.472828567028 30.359980960687 29.1491995255152 28.586911658446 31.3195909063021 40.4796476165454 53.5092602173487 64.546008904775 76.9835462172826 88.3191227912903 91.0264551639557 92.7295486132304 95.0172543525696 95.1764980951945 99.1383890310923 107.069691022237 116.176545619965 121.974537769953 121.915340423584 117.658823728561 116.303582986196 119.064390659332 119.942833979925 122.463375329971 133.96218419075 137.887984514236 133.664498726527 137.797564268112 146.923969189326 154.54829732577 157.644987106323 156.057198842367 156.931906938553 158.92947713534 167.516271273295 174.95467265447 172.688245773315 166.481494903564 169.733822345734
49.8608748118083 46.1362252632777 38.7387623389562 34.8942081133525 30.2467892567317 26.964416106542 22.27899680535 15.9088745713234 9.60174389183521 6.95607687036196 10.3781390935183 19.8659896850586 30.323122938474 42.3530439535777 46.3207264741262 44.4029817978541 35.8548760414124 34.1798389951388 34.2493106921514 37.9998162388802 43.4461931387583 50.0304003556569 60.1389010747274 67.2451009353002 75.8560498555501 78.964243332545 79.3012877305349 81.0040384531021 81.8208952744802 87.4845385551453 96.2481101353963 98.3441074689229 103.631754716237 105.232278505961 108.796695868174 113.156388203303 113.051940997442 118.61585577329 125.84513425827 143.851101398468 152.200043201447 156.550546487172 158.35295120875 155.213912328084 154.569804668427 154.511233170827 161.051293214162 168.574810028076 168.402711550395 169.053753217061 168.397665023804 165.876835584641
11.974527190129 12.14815924565 14.0986815094948 11.8723573784033 6.42790272831917 6.2422597159942 12.7743321160475 18.0007020632426 14.2421945929527 9.91674947241942 7.78081392248472 10.2875251322985 20.1029106974602 33.7597926457723 44.4206943114599 42.1471893787384 40.5010506510735 37.7529015143712 34.5683048168818 32.3428337772687 32.5519219040871 33.7936555345853 37.1505543589592 48.3707735935847 59.2001130183538 67.8733040889104 68.8282499710719 67.3123598098755 73.1740891933441 75.8129507303238 79.0327241023382 89.9316271146138 94.705601533254 96.4642564455668 98.9906489849091 100.990613301595 105.521788199743 110.447019338608 118.266900380452 132.930298646291 152.50301361084 157.457590103149 154.082536697388 152.775983015696 150.920391082764 154.873371124268 163.630803426107 163.974473873774 163.223346074422 167.102257410685 168.829838434855 166.448384523392
0.408188517515858 0.424865866079926 0 0 0 0 1.60162430256605 8.28470227619012 16.8661413093408 16.9394239783287 11.78144911925 7.69423817594846 10.4160973181327 19.2499682307243 33.4974676370621 38.0327304204305 42.3231571912766 42.3293610413869 38.6753678321838 32.6869810620944 30.2279566725095 29.3296227852503 30.1812887191772 36.8232478698095 44.2439566055934 50.3597855567932 54.8151930173238 56.4290384451548 60.0699732700984 63.0279332399368 64.3176088730494 62.5519901514053 66.1413172880809 81.6105355819066 84.518293539683 86.8879357973735 95.4989691575368 102.598587671916 109.815061092377 122.374594211578 127.103279034297 126.109441121419 125.918885072072 136.124243338903 139.724711577098 140.2468085289 142.62909690539 148.752421140671 154.592961072922 158.79832704862 161.339044570923 159.568101167679
0 0 0 0 0 0 0 0.853920510659615 13.996579994758 21.2404578924179 20.6209296981494 15.9506276249886 8.19999972979228 7.7851718912522 18.1008502840996 33.3129639426867 41.6315918167432 46.8365053335826 45.4047073920568 40.4679502050082 35.823201139768 35.9769190351168 37.2881765166918 37.9720528920492 40.0061458349228 41.3012976447741 44.3784892559052 51.1416395505269 52.0713378985723 51.6285051902135 54.4603615999222 55.0936410824458 50.6726900736491 50.3344039122264 57.96018242836 73.6010074615479 80.0579388936361 90.8179581165314 93.1211511294047 100.387632846832 107.088963190715 108.487546443939 106.137335300446 109.769950310389 113.612373669942 125.803083181381 125.121653079987 128.009915351868 132.563948631287 137.538015842438 141.636272271474 145.179718732834
0 0 0 0 0 0 0 0 0 11.6970712939898 23.922527829806 27.5881439447403 24.0193083882332 16.379298021396 14.9481035768986 27.1970604856809 35.7431719700495 45.8662261565526 53.1694541374842 53.0333270629247 46.4113454023997 45.806626478831 44.48468486468 45.0895577669144 46.8786507844925 47.8366166353226 48.2499947150548 52.3584981759389 55.1405449708303 48.2401897509893 47.9782521724701 46.7711885770162 47.0749835173289 43.0973470211029 43.2226806879044 49.0667422612508 48.7829744815826 70.0382888317108 75.3513971964518 80.2471935749054 85.8434041341146 88.8688365618388 94.2905843257904 98.6694196859996 99.6163487434387 105.74663678805 118.600050608317 115.898470083872 112.281719843547 114.288578430812 117.722402016322 123.007665077845
3.73856537044048 0 0 0 0 0 0 0 0 2.46678168574969 19.6875172356764 32.3813830812772 39.5195533831914 36.0874806841215 26.1828949054082 24.8387232422829 28.2222926616669 37.2871110836665 51.3124565283457 58.7136844793955 58.4472715854645 57.4821531772614 55.6843380133311 53.7656843662262 53.5432646671931 55.1199068625768 55.5045654376348 55.2896757920583 53.2343437274297 49.6956408023834 46.6473499933879 46.318327387174 40.8984472354253 36.3831470410029 38.4854550162951 35.5324546496073 35.6367478768031 34.486378232638 40.1984453201294 48.7556159496307 53.0364563067754 59.8168273766836 62.6902878284454 66.4816995461782 75.0671078761419 85.5540037155151 93.7890907128652 96.4783728122711 105.164666970571 102.248430252075 104.017158349355 109.826584657033
4.14430101712545 0 0 0 0 0 0 0 0 0.355544034391642 13.3495579163233 31.3037758072217 47.5343763828278 50.7635126511256 42.8666720787684 28.8597643375397 23.3375951647758 26.0620017846425 37.3707537849744 53.6450743675232 65.2070591847102 63.5898560285568 66.2607202927272 63.4754846493403 59.4132194916407 62.1724377075831 60.0442637999853 59.7145160039266 57.0529798666636 53.2217721144358 50.6154398123423 46.8589961528778 40.3085152308146 34.5384404063225 29.7348002592723 25.6872375806173 19.2061265309652 15.9174079696337 21.3128576676051 23.1268430749575 26.7042169968287 29.0688648819923 31.1749453345935 37.3801315824191 47.2900420427322 55.7881494363149 64.0339801708857 73.2916047175725 78.5217682520549 78.8294623295466 95.3041513760885 104.729523261388
2.67934675017993 0.0579080660827458 0 0 0 0 0 0 0.177789130248129 0.642450332331161 0.936806434765458 23.5116506616275 43.0026551087697 49.7709810733795 51.4681587616603 48.975815375646 41.6372170050939 34.3184818824132 29.5925512909889 36.2695182363192 54.6027024586995 67.5289233525594 70.4651673634847 69.773664077123 65.5358284711838 67.8992966810862 68.4032837549845 63.5085801283518 67.1395311752955 64.5197679599126 55.3934772809347 43.9055760701497 40.7890006899834 30.804509917895 25.4519209265709 20.7033554712931 15.5694186687469 11.1633787552516 10.2309832970301 13.4265944361687 14.8078377048175 16.5326098601023 21.4105596144994 24.2533907294273 33.292626341184 40.6523595253626 46.0174431403478 50.8211751778921 59.6728324890137 65.7096107800802 71.8400329351425 81.3944190740585
1.46188928435246 0.180547940544784 0 0 0 0 0 0.300051741457234 1.1922181583941 1.63934860999386 6.58245012164116 15.574898570776 27.8566628694534 43.2777653137843 54.7268688678741 60.8532925446828 57.8290025393168 51.665594180425 39.9089579780897 31.8003023664157 39.0444323420525 59.2783987522125 66.8495247761409 71.9509025414785 73.6085027456284 77.5623222192128 79.4632434844971 76.4978031317393 70.9026555220286 73.3432918787003 61.8408918380737 50.0524044036865 36.9905556241671 27.0535349845886 19.8836363852024 17.0069063703219 10.7618644833565 6.90985595186551 5.11097970108191 5.63002501924833 8.68489469091097 13.7622530261676 16.9151201844215 18.2626185317834 24.4753584265709 30.6921377778053 38.935291270415 41.1580204963684 44.1554039716721 50.1933395862579 58.1644574801127 65.5827571948369
1.64780424286922 1.94748941188057 1.2877902481705 0 0 0 0.149930051217477 1.70016754418612 2.33950714270274 10.8706057071686 17.0753461619218 18.8095134993394 24.4423598051071 34.0778504808744 43.8049485286077 56.8933387597402 60.5779141187668 64.0988449255625 60.5710844198863 48.195074001948 35.5256150166194 45.7946260770162 54.5932600895564 65.3211275736491 76.3795524835587 81.031655271848 80.9401422739029 85.2838555971781 78.6114285389582 68.4170722961426 56.0566087563833 53.8875708977381 40.257640182972 27.191624045372 19.5264754196008 14.6487938861052 8.67429499824842 4.85004670917988 1.90352772672971 0.594193115830421 4.22445591539145 5.56526395181815 11.25651349624 17.03958461682 18.8560510675112 25.7672518491745 27.6835237940152 30.7016049822172 34.906600912412 40.5646115541458 43.6533490816752 49.2779612541199
1.69072564070423 1.00426143035293 1.99426850304008 0 0 0.453390064649284 0.849513104185462 2.00618927677472 2.60541712244352 3.64730196694533 18.072801331679 16.7430266737938 18.0199183523655 23.0210150281588 31.4513271053632 46.1475700139999 50.199160973231 56.9414794445038 60.4266226291656 61.1495127280553 54.918830593427 45.6318904956182 47.3073224226634 55.7219088077545 67.010576526324 74.2835998535156 81.7940930525462 80.6920528411865 69.5069481929143 69.3390369415283 58.5121015707652 46.0779815912247 36.8453512589137 24.188295006752 17.8213479618231 10.8660322924455 4.12488356232643 0.744064726556341 0 0 0 3.31243313848972 8.59317804376284 12.4094498654207 15.5954820414384 19.4185152649879 21.0964133342107 21.7358594139417 25.217334429423 30.2412410577138 32.4469109376272 35.4401469230652
3.7984245767196 0.700126867741346 0 0 0 1.03756001529594 0.772642903029919 2.32821656391025 3.14655217031638 3.18708239744107 12.6918392876784 13.0697364608447 11.8730589747429 13.9393098652363 19.8765521248182 28.2493631045024 38.2634848356247 45.0013528267542 54.2077521483103 64.9649600187937 68.7028268973033 61.3723148902257 60.1537525653839 63.5781784852346 64.7809952497482 67.220871647199 73.3776191870372 73.00932208697 67.9505268732707 57.7409813801448 53.1613876422246 38.870207965374 24.5486746231715 14.5929033557574 6.18527395029863 0.558573636226356 0 0 0 0 0 0 4.39658264319102 7.16934291025003 10.4722691078981 12.6214995980263 15.7696257034938 16.7683263619741 21.7933232585589 22.9511459668477 19.8981935779254 22.6985216140747
14.5533556739489 7.51341817279657 0.555055215954781 1.28895315962533 1.8743167941769 0.559737828249733 2.15077353641391 3.61534083882968 3.98363017787536 4.3317461386323 6.72396210332712 10.8168919881185 9.99704375863075 7.92862226565679 12.5802867114544 21.3239143292109 30.9169217944145 39.0589386224747 47.2537130117416 58.1339746713638 66.640704870224 76.097513238589 80.5893093347549 79.4426848491033 74.1468568642934 67.1196132898331 61.9378288586934 62.7420743306478 63.1383260091146 49.3013660113017 33.1905782222748 21.626186867555 14.0311568975449 2.37312881896893 0 0 0 0 0 0 0 0 0 2.02696056415637 4.82167210429907 7.01175754268964 7.59094829360644 12.0244026184082 14.8356258869171 14.0089392662048 14.4391705592473 16.0416985551516
43.4871812661489 37.2596134742101 17.0246201256911 10.4109278569619 7.51027961572011 2.65950926889976 5.27714130779107 5.68073242902756 4.78179939091206 3.92442972709735 11.4042622347673 11.7183451851209 12.6150585711002 12.8153537710508 13.4561335047086 18.10697093606 27.2904361287753 36.2228875358899 41.1091993252436 43.2678361733754 47.9355603456497 61.2180779377619 70.6341117620468 76.5169560909271 76.1714279651642 69.4313844045003 63.0437831083933 53.2881816228231 57.2626640399297 38.1165196498235 19.8834339777629 7.84175222118696 0 0 0 0 0 0 0 0 0 0 0 0 1.35441403836012 2.27106067662438 3.73254716396332 7.4761143575112 8.93048445383708 10.2506497253974 11.2398775915305 7.89414905011654
