input/barkrak2/radiation/dir32224.grid
NCOLS 85 
NROWS 70 
XLLCORNER 665100 
YLLCORNER 4664600 
CELLSIZE 20 
NODATA_value -9999 
[rows 23 to 45 of 70, columns 0 to 50 of 85]
76.791246732076 66.1802589893341 33.8720828294754 16.6930419703325 12.1403249601523 17.094528923432 17.7941347161929 6.83722582956155 5.10087454070648 3.860536031425 11.0030397772789 15.5137119193872 17.8262156744798 23.2562745610873 20.1493638257186 20.5319846669833 26.2969558437665 35.6749768058459 40.7226557532946 34.6137757102648 33.5184261202812 36.9402046004931 48.3979384104411 58.8222791751226 64.8024330536525 64.8177564144135 59.1415961583455 50.6308327118556 32.1961343288422 14.6249284346898 10.2964950104555 3.57527689387401 0 0 0 0 0 0 0 0 0 0 0 1.85237716262539 1.8794055407246 0 2.46567977592349 3.78481888522704 6.65899241964022 8.82345562179883 8.90856360395749
76.3599077860514 72.2799052794774 50.3544062376022 21.4624231060346 6.2029721836249 16.4716293414434 15.2796482046445 15.3297757109006 7.53847944239775 5.41882527371248 4.88745731612047 14.0284399191538 15.3003521263599 20.1759872337182 20.357757806778 19.4593692819277 23.8092889388402 33.4428027272224 40.3770928581556 32.8148330251376 31.403770049413 28.3215939998627 36.6365561882655 44.133057196935 48.3162651459376 50.0225971142451 46.5506811936696 42.6145096619924 20.6937193870544 9.38306127985319 5.22072799503803 3.67651600390673 0 0 0 0 0 0 0 0 0 0 0 3.76005036135515 0 0 0 1.32195216914018 0 1.41632044687867 1.37954050054153
63.3986542622248 67.792351047198 60.7690910498301 30.9025148550669 6.46072688202063 16.9551049669584 23.7277497847875 31.5650130311648 31.8965166807175 24.3174508213997 19.7173481186231 21.8388413389524 22.5450371702512 27.1361197034518 26.873583594958 21.9402561585108 23.9560504754384 32.6188753048579 39.1724829872449 41.6412403186162 41.704386472702 38.4665777285894 35.6208806236585 35.4087203741074 38.077267507712 40.6446779767672 36.5884179870288 36.9051744540532 22.3281706372897 17.6681218047937 14.608475069205 18.1558007995288 12.6468340555827 0 0 0 0 0 0 0 0 0 0 0.906649821748336 0 0 0 0 0 0 0.984236830845475
62.0977828900019 67.1659708023071 64.954549074173 40.0768468777339 17.6111025114854 29.4542262951533 41.8879985809326 51.623413960139 59.0188801288605 52.4835387865702 35.7400501767794 38.1019438306491 35.1360365748405 37.5529527664185 37.5289271275202 28.8259759545326 26.4529138803482 34.4949240485827 42.5563504298528 51.5644699335098 52.4171888828278 50.7680475711823 42.8274025519689 37.2387766838074 38.075419763724 40.259746213754 35.7330366969109 43.1225051482519 40.3671339154243 38.8237188259761 43.4830486774445 60.4699850082397 68.6026116212209 48.2105116049449 0 0 0 0 0 0 0 0 3.77357782175144 0 0 0 0 0 0 0 0
63.5479241609573 62.4890377124151 62.6001308361689 45.9577143192291 42.5719221433004 49.5472053686778 62.3075266679128 67.6474968592326 70.7650035619736 61.5444928407669 46.0945864518484 41.4110347628593 39.8579364021619 38.1671513120333 41.3470144073168 38.1504893302917 32.3338508605957 38.167749842008 49.8573134342829 56.0175279776255 53.3323884010315 44.9337760607402 42.6716506481171 44.169416030248 44.3670252958933 44.6289281050364 42.4365848302841 52.2493273019791 68.5391823450724 73.0023682117462 77.224388718605 84.181159734726 94.4948792457581 100.445320208867 57.5311730305354 0 0 0 0 0 0 1.83124793693423 3.0239832897981 0 0 0 0 0 0 0 0
66.4853602647781 55.9918383757273 56.5693577130636 48.7777541081111 62.0216230551402 62.0028525590897 64.6081864833832 62.272568543752 55.9354623158773 47.7015823125839 40.2072717746099 35.4824215173721 35.6514776746432 41.4512231945992 42.3775762319565 45.3089376290639 41.0540451606115 37.3783657948176 47.2757518291473 49.9304433663686 47.0769008000692 40.6785756349564 40.3328016400337 46.679879228274 48.9019453525543 45.5243190129598 46.3873396317164 52.4889528751373 75.222502152125 88.3851647377014 95.8136121431987 100.779076417287 108.096639315287 111.172437667847 100.586533546448 31.343566874663 0 0 0 0 0 0 0 0 0 0 0 0 0 0 0
67.535529534022 51.0163952906926 51.2552360693614 53.8352727890015 62.8881206115087 63.2130801677704 51.538626352946 39.1519516706467 29.0334274371465 23.2104087869326 24.0280975898107 27.799516916275 33.3692083756129 41.8720295031865 45.4704165458679 50.3411094347636 46.5118189652761 34.7091307242711 37.7703035871188 41.2283142407735 40.2892877658208 41.0429115096728 40.9558415412903 46.4864522218704 51.8774042526881 49.1076856851578 51.2222349643707 52.9419432083766 69.0131684144338 91.4127429326375 105.76210419337 110.858182112376 112.02738682429 113.74564965566 120.394627253215 103.408495585124 25.3885338703791 0 0 0 0 0 0 0 0 0 0 0 0 0 0
66.399688522021 67.0814762512843 86.3958398501078 116.055647532145 92.814306418101 68.7607129414876 43.8961287339528 17.0610013107459 8.8249376664559 19.1734631856283 16.4591744542122 6.39952470858892 32.2576140364011 43.4011022249858 50.3414620955785 54.4815758864085 51.6434162855148 40.3796583414078 39.6358569463094 42.4709916114807 39.7627949714661 43.1695679823558 45.5939471721649 47.7552761634191 53.5808006922404 57.3735535144806 56.2001764774323 58.5067272186279 70.96266746521 94.6802695592244 112.907240788142 116.741488377253 113.391856352488 120.643556118011 129.794081052144 132.82036781311 108.794748783112 50.4929572343826 3.38440078000228 0 0 0 0 0 0 0 0 0 0 0 0
78.1497855981191 109.876414140066 156.162321567535 176.961580912272 156.392176946004 106.342653433482 61.7578526337942 35.1140623291334 30.7436287403107 35.0817988316218 26.1689871549606 23.5092490911484 33.2042028506597 41.7230228583018 53.628534078598 58.2781831423442 54.5244018236796 48.4181741873423 41.9906675815582 43.2351926962535 43.6226427555084 46.3443001111348 48.6669192711512 49.198716878891 54.5152425765991 65.5235747496287 65.4603590567907 70.8138694365819 80.5169840653737 95.8846211433411 110.923091570536 119.355410337448 121.176660060883 126.805643240611 132.090508937836 132.634778817495 126.853416363398 108.486165603002 47.3736375570297 1.91477096329133 0 0 0 0 0 0 0 0 0 0 0
135.591874519984 170.953591664632 195.23549079895 197.691400845846 195.641716321309 168.655455112457 126.968075831731 93.1029816468557 71.5011904637019 61.3492627938588 55.9962838888168 46.1713224649429 35.5974485476812 39.0473927060763 51.7633159955343 59.0366423130035 52.5901963313421 53.2584289709727 43.0234918991725 41.3819228609403 45.2527304490407 46.5165476004283 47.2349971532822 48.7431585788727 52.2701442241669 65.7718678315481 71.2985893090566 78.3789257208506 87.9412988821665 95.0149198373159 106.12611969312 116.280257701874 119.686136643092 118.009825547536 117.879102627436 111.377606789271 113.952020804087 100.466003020604 55.9111485878626 8.33374572296937 0.0391805418378984 0.202830648049712 0 0 0 0 0 0 0 0 0
188.246170679728 204.83386516571 209.938923517863 207.491914431254 210.198839505514 204.631169637044 183.848102887472 142.907043298086 106.15998506546 84.4174722830455 87.0212316513062 76.4148781696955 51.8159319957097 44.3068444728851 50.7124314705531 53.990826010704 47.9261428117752 48.1630216042201 42.5118307272593 43.3106869459152 41.7625606060028 43.72405509154 43.0720746517181 43.5452411572138 49.9117275079091 59.7567707300186 70.4155912001928 74.2259124914805 84.0308864911397 94.8580801486969 105.10390996933 108.251571655273 101.438740889231 91.01802110672 93.0947462717692 79.2046636343002 80.048069357872 65.9138262271881 32.8036745389303 1.79653847590089 6.57238624989986 4.19097207486629 0 0 0 0 0 0 0 0 0
203.013221422831 211.544016997019 209.552983442942 210.220297177633 211.427330970764 210.474173227946 200.828591982524 170.003155867259 125.620146592458 98.4312196572622 98.8146166006724 91.1606351534526 77.430138985316 57.556226849556 50.7818559805552 51.7226854960124 46.2186237176259 42.4340864022573 42.1420534451803 44.979860385259 40.8553679784139 40.7065351804098 41.9053286314011 43.2542115449905 47.2161074479421 53.9229462544123 63.0490332841873 64.7795796394348 73.5377470652262 89.5871917406718 97.4007447560628 96.0863331953685 91.26216173172 86.1827433109283 78.8202434778214 66.3745651642482 70.231502254804 67.5508032242457 48.4871864318848 16.2629435459773 15.9759484231472 6.16674249370893 0 0 0 0 0 0 0 0 0
196.270525455475 200.729429721832 196.442663669586 198.551694552104 197.419305642446 192.578951517741 186.222592989604 168.24080546697 131.853471199671 109.099686145782 104.008793830872 98.5453029473623 88.5520279407501 65.8284425735474 54.6282629172007 56.2160263458888 49.2880046367645 41.0984953244527 44.6710884571075 45.827587445577 43.9941585063934 41.3412327567736 44.1953986883163 48.1862127780914 47.5968569517136 52.4370322624842 56.8759590387344 56.8905373414358 64.2810414234797 81.7753324906031 91.5116568406423 90.3592705726624 92.2330816586812 94.8531031608582 78.4153640270233 72.4207560221354 76.3729512691498 83.2616239786148 77.7466843525569 39.4854793945948 11.3764281074206 0 0 0 0 0 0 0 0 0 0
171.304285526276 175.154189268748 177.808940410614 174.019416173299 172.433098157247 171.304265658061 176.046947638194 172.399719556173 143.151630957921 116.96919798851 106.97478055954 93.311607837677 83.1534564495087 62.2125615676244 50.7328013579051 55.9623489777247 58.0824712912242 46.6244121392568 48.7627883752187 51.5856097141902 51.238680879275 46.9458301862081 47.8579252958298 50.9976843992869 49.1933921972911 49.4216332832972 55.3076316912969 61.3156855106354 65.0658011436462 76.6737361749013 87.9483123620351 92.3609932263692 93.0385092894236 97.9814231395721 82.1273972590764 82.0993681748708 81.8718026081721 89.9404883384705 89.8776849110921 50.607701142629 0 0 0 0 0 0 0 0 0 0 0
147.599905729294 157.518168290456 169.429580370585 165.516823530197 164.371937513351 170.14483610789 180.091738700867 183.563590049744 165.334989627202 132.123440504074 108.648717403412 83.3444893360138 67.2659377257029 56.3980638980865 47.6574897766113 51.3467043638229 61.8316431840261 54.0201167265574 51.0602494080861 53.9200206597646 54.4350147247314 50.5419075489044 48.6764212449392 50.360510746638 51.6631106535594 51.1126816272736 54.0656348069509 62.4885112047195 66.0116771856944 70.5349196990331 82.1603834629059 92.2772288322449 94.8051313559214 89.2048080762227 78.335036834081 89.9733503659566 92.3849542935689 96.4007079601288 96.9001849492391 71.5691397587458 0 0 0 0 0 0 0 0 0 0 0
110.686918099721 121.709644794464 130.800873041153 135.803937911987 144.34935649236 159.785191218058 174.667000770569 183.855096499125 178.787310918172 148.448526859283 114.472985267639 82.008957862854 63.02743156751 60.1437787214915 52.4430672327677 47.1427937348684 57.5020909309387 58.0959965785344 52.2773961226145 52.1113524834315 52.67067750295 49.8704463243484 46.9045639038086 48.7377295891444 52.1362125873566 55.8442324399948 55.4156601428986 59.7127179304759 64.458300669988 65.6731426715851 74.0416596333186 88.6571606000264 93.3015048503876 79.312930504481 80.7306468486786 99.5814601580302 103.150377670924 99.6788342793783 100.773553053538 96.8984961509705 42.3549711704254 0 0 0 0 0 0 0 0 0 0
75.408473610878 82.2773377100627 81.5996726353963 92.0863648255666 108.348439137141 126.588970422745 141.457796096802 154.760738213857 155.928035577138 133.317579825719 97.3820487658183 71.9673931598663 58.9399039745331 57.0641458034515 53.5024255514145 48.2920904954275 53.4127950668335 54.3958346048991 47.3398119211197 47.3825832207998 50.4459937413534 53.4519155820211 53.2417247692744 49.1611907879511 48.490434885025 51.4949858188629 56.8811496098836 59.9019328753153 63.5841886202494 63.4012768665949 66.0020808378855 78.0739138523738 85.9597524007161 81.5621912479401 98.9875197410583 108.591496944427 107.196648915609 101.014753182729 104.890276988347 119.522392749786 111.18092139562 50.3787348667781 0.912499769280354 0 0 0 0 0 0 0 0
64.5577708880107 66.4927611748378 66.2000874678294 68.3464457591375 77.0653734604518 83.9323004086812 87.75328596433 93.8638647397359 94.8637922604879 78.9092481136322 62.960629661878 58.921163280805 57.5617651144663 54.6896507342656 53.1489153703054 53.5817593336105 52.2868633270264 52.1346280972163 47.8373616933823 47.6913253466288 51.9377986590068 57.0239424705505 58.2323173681895 54.0902813275655 51.2343347072601 49.7641861438751 59.4193637371063 61.5504831075668 64.751997590065 64.3241107463837 64.4317219654719 71.0409333308538 79.7665814558665 88.7434979279836 107.255091269811 105.339229106903 98.5792279243469 90.8327599366506 92.5363103548686 109.439492225647 121.18465701739 114.233086506526 62.0659540096919 6.28637274106344 0 0 0 0 0 0 0
72.7339188257853 70.3581174214681 70.4131921132406 69.8634137709935 66.5379563967387 64.4637147585551 63.2220506668091 64.7020240624746 70.0808217128118 61.7648462454478 54.3907135725021 55.77086408933 59.0344568093618 59.6705228090286 58.3505481481552 56.428998708725 51.0575572649638 57.6183448235194 58.767040570577 54.6825428803762 56.7813615004222 57.3167552550634 55.7607561349869 57.6756993929545 59.8449657360713 54.5427600542704 59.3615521987279 62.7877116203308 64.8491481939952 66.5095994869868 66.9268767038981 70.5442726612091 77.06152399381 94.2420860131582 101.276904344559 95.5902934074402 84.9825839201609 77.0376821358999 73.9421745141347 83.9267671108246 111.808478832245 117.336203654607 93.2971835136414 38.5011037190755 0.643527135252953 0 0 0 0 0 0
77.2967586914698 74.3615080912908 77.3091067870458 75.7720470428467 68.8407818476359 65.6833251317342 63.2850031057994 60.7613573471705 61.271478732427 57.7521920204163 56.3054978847504 56.5080791711807 60.1831128199895 63.79001835982 63.4213934342066 60.1446727911631 57.0795933405558 63.1177524725596 65.5417790015538 59.6667031447093 57.2023093700409 54.0536791086197 51.524410645167 53.4226397673289 57.6398521661758 54.9409687519073 52.0543158054352 56.6210945447286 60.4130327701569 64.1503284374873 65.3985937436422 65.1803364356359 75.2082963784536 95.2391127745311 100.281258424123 84.9588414033254 74.6633460124334 72.7868874867757 72.2203552722931 80.3499768177668 88.6964201927185 91.6032393773397 78.2348612944285 45.9649513165156 0.430454732850194 0 0 0 0 0 0
61.554824312528 64.2790446678797 72.868824005127 70.2191293239594 72.8185325860977 75.0893652439117 74.0354160467784 69.9198345343272 59.5028003056844 58.3067884047826 61.8662089109421 58.8060120741526 59.4704697529475 63.0533397197723 63.519224524498 60.7651770114899 62.8008991479874 64.7502293189367 65.1145329078038 61.1445307731628 54.9783408641815 52.0313034454981 49.8816023270289 49.8530566692352 52.3995161056519 56.7028919855754 51.4089167118073 53.8792113463084 57.849516471227 59.046616156896 59.2072308063507 56.8763961394628 67.1956390142441 81.4239432414373 87.8234704335531 77.0276884237925 73.2568651437759 76.3324350118637 80.4126660029093 81.1509589354197 75.4098892211914 75.1052846511205 69.7067975997925 45.2753404776255 4.91769673923651 0 0 0 0 0 0
60.0175261497498 65.8162484566371 68.9179599285126 69.5624649524689 71.2676693995794 73.8703161478043 74.0591138601303 70.123702287674 65.7967031002045 61.6822391748428 63.6157443126043 61.7694854736328 58.8655819495519 57.784765958786 57.028462489446 57.294617096583 54.4278721014659 60.5790019035339 62.9778156677882 60.8624915281932 55.8948417504629 54.4264018535614 53.9631446202596 54.272934794426 51.8637597560883 60.7190032800039 63.6109213034312 60.1123968760173 59.8159730434418 58.0984155337016 53.7488162517548 52.5879462560018 57.9716910918554 62.2734427452087 68.8405334949493 71.2994237740835 74.8028258482615 82.0247183243434 85.7123732566833 77.9822965463002 75.2885043621063 71.3652869065603 67.8157160679499 49.53433573246 19.5115469396114 0 0 0 0 0 0
66.4100746313731 71.0357973972956 68.0969059467316 71.566566824913 70.0284540653229 70.0378666321437 71.7544058958689 70.2777008215586 71.4175303777059 67.2179957230886 66.1957462628682 65.4489894707998 61.4838500817617 57.2890142599742 56.3387970129649 60.4621022939682 55.7324935992559 59.0764582157135 62.9449288050334 61.575581630071 58.6462914943695 57.9064935445786 57.2880605856578 58.5927168528239 60.0537459055583 59.9562476078669 66.4910823106766 63.6835942665736 60.9559764464696 59.2670540014903 55.1053037246068 52.9106358687083 55.5091053247452 54.4303754965464 55.3105970223745 58.3747575680415 64.994881550471 74.7844378153483 74.7683296600978 65.2822107076645 67.6814466714859 62.4643713235855 62.223623196284 59.0552538633347 41.7871822913488 11.7814391851425 0 0 0 0 0
