input/barkrak2/radiation/dir30424.grid
NCOLS 85 
NROWS 70 
XLLCORNER 665100 
YLLCORNER 4664600 
CELLSIZE 20 
NODATA_value -9999 
[rows 22 to 43 of 70, columns 0 to 48 of 85]
67.6532437403997 61.2701127926509 38.6520822842916 32.8222860892614 29.0539016326269 14.3084662655989 21.6722264885902 14.6421541770299 11.9033977389336 10.7067115604877 24.3738542000453 25.7435888051987 28.85702252388 29.6428874135017 30.503161251545 37.011777361234 48.168957233429 57.8881353139877 63.723494609197 67.6404138406118 71.997195482254 88.6156757672628 99.1515020529429 105.839361747106 105.87086280187 99.7363527615865 92.0757253964742 85.2278570334117 77.165166536967 60.2350334326426 38.7358789642652 18.2467934985956 2.89240013808012 0.0917309371288866 0 0 0.00629283022135496 0.0134072227713962 0 0 0 0 9.30066406726837 9.04357805848122 23.3418519298236 32.1390281120936 40.7283380627632 49.242044488589 58.3722392717997
102.310508489609 91.3991133371989 56.5124601125717 39.0100727478663 33.4660957256953 34.7963646054268 32.3937982320786 23.4336033463478 11.9800729056199 11.5522816777229 25.7936691244443 28.2229632139206 34.0377415219943 39.5412097374598 36.2201606233915 38.3478750785192 45.4698652029037 55.9751093387604 62.0463490486145 55.5300116539001 53.9499719937642 58.9547902345657 71.9381173451741 83.4959546724955 90.9596979618073 91.5238559246063 86.1492852369944 69.4765945275625 60.8419378598531 25.1548141241074 20.1654608050982 10.8846103151639 0.0843842281028628 0 0 0 0 0 0 0 0 0 0 13.8604479531447 17.9206989705563 26.7054984966914 32.0402731498083 35.7162281870842 43.3812489112218
101.582398017248 97.4536935488383 74.5872358481089 43.6108658711115 26.329959432284 34.078061580658 32.866582274437 29.8042620221774 23.4441285332044 21.5766057372093 25.1105924447378 27.2803977131844 30.4662436246872 36.6905977328618 37.3730411132177 37.0317623019218 43.017437060674 52.8660813967387 60.107966264089 54.1774382193883 52.2609998782476 49.7484554847082 58.2799017429352 67.3093249400457 71.6151893138885 73.7503071626027 70.7705269257228 60.7386430104574 40.9049739440282 18.987072010835 13.3622189362844 10.9367519617081 0.9120663938423 0 0 0 0 0 0 0 0 0 0 23.7591713666916 21.9395160675049 27.1926174561183 31.1824008822441 35.2625176310539 38.618599375089
87.5533322493235 92.4994250138601 85.7042372226715 53.3172190189362 26.6013393799464 34.9255055189133 40.7035226623217 48.6804991960526 48.2356250286102 38.4564523895582 33.1692074735959 36.9449257850647 37.8757044672966 43.6018506685893 44.7463095188141 40.2704228957494 42.6557312409083 53.551658987999 59.6978316704432 63.7434224287669 64.0021165211995 60.4598621527354 57.1276446183523 57.6869348684947 60.8309259017309 63.298041621844 59.139609336853 58.4884782632192 34.0975771347682 29.7739480932554 26.2553046147029 32.6451435685158 25.9639049569766 0 0 0 0 0 0 0 0 0 1.10258115455508 25.0842397411664 27.3364757498105 34.2737883329391 32.4961443742116 28.939850628376 34.1129948695501
86.2959523995717 91.8315847714742 89.9778803189595 63.4610901276271 40.8868466814359 49.8074243466059 61.7297490437826 71.1260090271632 78.5301675399144 71.4372247457504 50.5540867646535 54.2449454466502 51.8942773342133 57.2420408328374 55.6114216645559 47.161728143692 46.0712959369024 55.2242745955785 63.2262925306956 75.0200847784678 76.056033372879 74.0393400192261 65.2669767538707 59.777374068896 60.4211439689 62.9451970259349 57.9579224189123 63.9814386765162 58.3876570065816 57.3308070500692 63.85205189387 83.8084022204081 92.7564402421315 71.6249148050944 1.0123277703921 0 0 0 0 0 0 0.213362703410288 15.0129087269306 22.4451422691345 15.7600020368894 15.4126584529877 17.7313387393951 19.6300769845645 19.5278252164523
88.1308019161224 86.7427587509155 87.0790282885234 69.8862075805664 69.0460602442424 72.3520914713542 83.1986963748932 87.4937375386556 90.3847813606262 84.7760836283366 62.8345559040705 57.9294959704081 57.0958852767944 57.1877062320709 60.9080294768016 56.7493091026942 52.5245914856593 59.6241851647695 71.8132257461548 78.3844292163849 75.0941038131714 67.8106546401978 65.2478088935216 67.1842346588771 67.2826617956161 67.7358706792196 65.2480175097783 74.8444696267446 91.0447537899017 95.8169500033061 101.965129375458 110.14993985494 120.808074871699 127.782841523488 83.2439363002777 5.44650728503863 0 0 0 0 0.142910692375153 16.6391705473264 19.478070239226 10.6211019059022 7.88967063029607 4.41522089143594 11.1810887853305 10.5659241477648 15.5330200990041
91.0659631093343 79.2994101842244 80.1771183808645 73.4388927618663 89.6747410297394 85.8698387940725 85.1107637087504 81.7752530177434 77.6316473881404 69.3473964929581 56.8639189004898 51.7154236634572 55.4104050000509 56.7478487888972 62.0557914177577 66.1792506774267 60.2347850799561 57.5954814751943 68.6937868595123 72.0841785271962 69.5191224416097 63.0882332722346 62.6809597015381 70.1737304528554 72.4985897541046 69.6310301621755 70.9410806496938 76.3119608163834 98.9149411519368 112.352808316549 122.117151816686 127.99401084582 135.535607735316 137.954811255137 129.512478907903 53.9098034302394 0 0 0 0 2.42094276472926 17.8935453295708 14.5912766456604 3.0736265083154 0 0 2.66150043656429 7.57666056354841 14.8680980006854
91.6799902915955 73.3857800563176 74.2083539565404 79.6922693649928 89.9789830048879 84.8248104254405 71.1400409539541 56.4966648817062 45.201430718104 38.8384610414505 36.6784259676933 41.0253678758939 50.154576698939 57.1684191624324 65.2114550272624 69.1851278146108 68.0953661600749 55.1999807357788 59.0040932099024 62.6895676056544 61.9024187326431 63.2775773604711 63.1086726983388 70.1767305533091 76.1906703313192 73.1364091237386 76.1469354232152 77.3396492004395 93.05805961291 116.324603557587 132.388561964035 140.615701675415 140.661617120107 142.076432704926 149.723986784617 131.148904561996 47.5458900133769 0 0 0 0 0 5.25474175810814 0.801093177869916 0 0 0.7582219162335 3.62334214150906 7.59618667264779
89.6723071734111 91.0833875338237 113.436053196589 147.01434969902 121.634930372238 90.7073716322581 61.4161491394043 38.3861338098844 29.3075715502103 32.428170243899 29.7609070936839 29.7774821519852 46.7232465744019 57.3943356672923 68.4145440657934 76.5020549297333 72.4206119775772 60.7015987237295 60.3643457094828 65.0288760662079 61.8725220362345 65.4853731393814 68.2771503925323 70.7127650578817 78.2944510380427 83.2275648911794 82.2052458922068 84.6816698710124 96.248726050059 121.864487727483 141.040374835332 145.958006381989 142.247647047043 149.866243203481 159.763356049856 164.573431015015 136.568129062653 74.3603458007177 13.5082217554251 0.0910735204039762 0 0 0 0.772845465689898 0 0 0 0 0
103.30668091774 137.982159852982 186.469992001851 207.762360572815 187.255183855693 132.394691308339 84.9914848804474 53.3657024304072 43.9140101273855 49.4943956534068 40.8972899119059 34.8746528228124 44.6978410085042 55.5562674999237 70.0705299774806 79.0488620599111 74.9728828668594 69.7357803583145 63.2032255331675 64.8748874664307 65.3493503729502 68.2837863763173 71.9929834206899 72.6654231548309 78.8880983988444 92.0041501522064 92.7605628967285 98.3850061893463 107.913851737976 124.981075525284 140.682140986125 148.697823286057 151.980032523473 158.406337102254 164.362172285716 164.107799530029 156.903207302094 137.434293826421 70.3825801610947 11.3358957072099 0 0 0 0.884971426179012 0 0 0 0 0
164.512713750203 200.466990470886 224.65980052948 226.591348648071 225.430190563202 197.401821613312 155.244986216227 115.458309650421 90.9337202707926 77.3841043313344 73.0310827493668 60.3544811407725 49.1784115632375 52.7180880308151 74.5041867097219 80.0776382287343 74.7458239396413 75.0719209512075 65.0209238131841 63.3779615163803 67.3284530639648 68.3103899161021 69.1809405883153 71.6138829787572 77.3429324229558 91.3422405719757 99.5226701100667 108.252108097076 116.628954807917 124.626666307449 137.507806221644 149.073660373688 150.834639867147 148.929278055827 150.698055823644 142.566253741582 143.984735012054 130.780150492986 83.7455292542775 30.3921177983284 6.13540535171827 3.45670338720083 1.70146068558097 0 0 0 0 0 0
214.653233687083 230.208138624827 234.1534892718 232.942442099253 235.384106636047 232.127567132314 208.00769329071 163.88260324796 125.214000542959 103.485564390818 103.449364503225 92.534879843394 67.8063382705053 62.4564439058304 71.2173134088516 75.1944382985433 70.1561768849691 70.2150166034698 64.1679465770721 65.8979366223017 63.4113450845083 64.2751703659693 64.1789486010869 66.2397642930349 72.8732198476791 84.7132503986359 97.4821845690409 103.747268517812 112.645705540975 125.108927488327 135.71842511495 139.009873072306 130.664239327113 119.82066432635 122.517089049021 105.787446101507 106.415390968323 90.9104545911153 54.2514671881994 20.5787345767021 18.7694554527601 12.3990438878536 5.92882124086221 0 0 0 0 0 0
227.597991625468 234.167079130809 233.651181062063 233.503977457682 234.202106793722 233.736673990885 224.484443664551 194.597105185191 145.038634538651 116.059690713882 114.973326524099 112.126598755519 94.4370230038961 75.8680403232574 72.7621465921402 74.6844758590062 68.1675126155217 63.4817878405253 64.7980074087779 67.5991475582123 62.5867992639542 61.1212998628616 64.2056862513224 65.595140059789 69.6731905142466 78.1271308660507 88.1282687187195 91.1091466744741 101.259162028631 119.834363460541 129.979312419891 126.415650049845 119.612912336985 113.488654295603 105.804085731506 90.6632741292318 94.8793590068817 91.9561088085175 71.9114790360133 36.3348176081975 28.9732987682025 31.5073505043983 8.98020155727863 0 0 0 0 0 0
222.049752871195 225.743929545085 222.962240378062 223.140438397725 223.576664924622 217.934747536977 213.431636492411 194.163660208384 153.730283180873 126.987934112549 119.773844877879 116.143802801768 107.94872045517 84.8881502946218 76.5478312969208 79.5350174109141 71.9141960144043 63.2999837398529 67.3499355713526 68.5491313536962 66.1740005016327 63.0947152773539 66.361536582311 70.8535661300023 70.253849029541 75.5774825811386 80.5651048819224 82.2706868251165 91.1157727241516 111.610273520152 121.016333500544 119.968354701996 121.851593255997 122.840066750844 104.289352893829 97.4567532539368 102.263162533442 109.434733788172 104.447543621063 64.3924375375112 25.5840569734573 11.7675190170606 0 0 0 0 0 0 0
200.751503308614 203.173915545146 205.338458220164 201.270818710327 201.230863730113 200.084944566091 203.288575013479 197.754462560018 165.617167949677 134.456813335419 120.741794506709 109.825571378072 104.72513238589 84.8531623681386 72.9108403126399 79.3388386567434 82.0530503988266 68.9046531915665 70.9411551554998 75.061559677124 74.3208229541779 69.3540026744207 69.4101899862289 72.9663918415705 70.7887262105942 72.2542057434718 78.861544529597 85.3786468505859 90.3653105099996 105.206062396367 118.538637955983 122.446556886037 123.057842254639 126.898696025213 107.637484868368 108.492374420166 108.869810899099 117.603828509649 117.37139026324 77.474445104599 14.0534117817879 0 0 0 0 0 0 0 0
177.701771259308 187.390645345052 197.398980458577 194.735884666443 192.789077758789 199.076592922211 206.897477308909 209.224363168081 186.839083830516 151.203652222951 127.451241016388 102.133731047312 90.2395645777384 78.9361546436946 70.2794790267944 74.3993371725082 86.1022571722666 77.0089477300644 73.2025553782781 77.3428777853648 77.8481016556422 73.397770524025 70.3521321217219 72.3982900381088 74.7005641460419 74.0004529555639 77.3182958364487 87.6193245251973 91.3650989532471 96.1857239405314 110.004454851151 123.961438735326 125.512371460597 117.377241452535 103.421787420909 117.237230141958 121.334741512934 126.209785540899 124.805639187495 98.4730919202169 8.83831890920798 0 0 0 0 0 0 0 0
141.067584355672 152.077009280523 161.387662092845 165.699193874995 174.370189507802 189.140915870667 203.186511993408 209.632654984792 201.050480206807 169.543981552124 136.28954688708 105.374217033386 87.0706836382548 84.5664044221242 75.6729294856389 69.1274305184682 80.4141461849213 81.8159878253937 74.9648908774058 74.4635760784149 75.1071522633235 71.996197104454 69.7093258301417 70.9709972143173 74.250395099322 78.1777153412501 77.8927405675252 83.4094087282817 89.6363655726115 90.8243656158447 101.187805334727 116.84708793958 123.30287694931 104.94597752889 107.447932163874 128.652234872182 133.649408817291 130.535304546356 128.947705030441 124.800781408946 66.745733221372 0.80859389466544 0 0 0 0 0 0 0
104.138831297557 111.395210027695 110.474407672882 121.487120787303 137.648582458496 154.989103476206 170.413076877594 181.61396185557 182.605226834615 156.827559073766 121.764481067657 97.6685881614685 83.8144222895304 81.4910084009171 77.2477686405182 72.0753967761993 76.6043166319529 77.3800363143285 69.8563903570175 69.2458947499593 73.7934360901515 77.1040270725886 75.5910873413086 71.0918406645457 70.1880355676015 73.7837851047516 80.5372099081675 83.762933810552 88.6493623256683 89.4995431105296 91.0618603229523 105.369687080383 112.545887629191 107.949584722519 130.112002293269 140.84800084432 137.376010417938 131.210009256999 135.797182718913 147.460828224818 142.00355609258 77.2616962591807 10.2508434404929 0.0991269868488113 0 0 0 0 0
92.8266247113546 94.8080122470856 94.6544508139292 96.4323778947194 106.088697910309 112.181882063548 115.683784087499 121.89914782842 121.190468470256 104.067097107569 88.6930624643962 83.83975426356 82.963099082311 79.4667402903239 77.2156318028768 76.9817133744558 75.6590366363525 75.3721247116725 70.8825091520945 69.7885453701019 74.206734697024 79.7724723815918 81.0401539007823 76.6354550917943 73.1793344020844 72.606548666954 82.1183820565542 85.4470729827881 88.9021853605906 89.3181761105855 89.3163979053497 97.6598064104716 105.193883180618 117.550561825434 139.485577742259 139.188508192698 129.985322554906 118.970155715942 122.748990853628 140.328119198481 150.306642055511 148.067931334178 89.378297328949 19.7097261746724 0.2972866447332 0 0 0 0
101.451396942139 99.0424156188965 98.88756275177 98.4502832094828 94.9314534664154 92.5953984260559 90.6832118829091 91.610054175059 96.9816744327545 87.8172715504964 79.5786877473195 80.4215669631958 84.3868454297384 85.0465595722198 83.0513785282771 80.4393142461777 74.808344244957 81.957682967186 82.3594232400258 77.1752347548803 79.2083491881688 79.9581706523895 79.6648959318797 81.5922518571218 81.3116133213043 77.6332914829254 82.8361809253693 86.7210030555725 88.9656742413839 90.5908942222595 92.0255780220032 95.9703127543132 103.379587332408 120.738297700882 135.959148406982 127.240945895513 113.527228434881 102.541754643122 100.112567345301 112.617830435435 144.169787565867 149.361958106359 125.369161367416 62.0502928892771 8.49949630598227 0 0 0 0
106.580555438995 103.680491447449 106.365958849589 104.526102542877 97.5208679835002 93.73872478803 91.2949840227763 87.8249903519948 88.2921814918518 84.589163462321 82.2950303554535 81.2930117050807 84.7427646319071 89.3092751502991 88.446170091629 84.7612818082174 82.1678241093953 87.5983238220215 89.7223154703776 82.8094234069188 79.9065430959066 77.8740147749583 74.4260648886363 76.1727392673492 80.5425345897675 77.1929522355397 74.1314589977264 80.0854365030925 85.1173996925354 88.0071719487508 89.2295837402344 90.0861322879791 100.712160269419 122.168242931366 129.086514314016 115.096042553584 101.281543572744 98.0672240257263 98.4479983647664 108.887553215027 116.442710161209 120.804458856583 105.246593554815 71.3978111743927 15.0755904614925 0 0 0 0
89.9709264437358 92.872550090154 102.112819751104 99.1171300411224 101.530343294144 104.149798552195 102.783113718033 98.3076989650726 86.9268377621969 85.7580403486888 88.8355771700541 84.526002407074 84.6307873725891 88.2460276285807 88.642954826355 86.3947669665019 87.4397655328115 89.197168747584 89.3877943356832 85.0233137607574 79.1085561116536 76.2483427921931 73.7133671840032 72.1477518479029 74.8480806748072 78.4651686747869 74.5954612890879 76.0838190714518 81.2560965617498 83.4461251894633 82.6347370942434 80.9228320916494 92.1302437782288 108.791331450144 113.935897747676 103.114763895671 98.923663298289 103.832423686981 107.996026674906 109.117229779561 104.349623123805 101.305027802785 95.7094430923462 68.648507197698 24.5280389984449 0 0 0 0
