input/barkrak2/radiation/dir33224.grid
NCOLS 85 
NROWS 70 
XLLCORNER 665100 
YLLCORNER 4664600 
CELLSIZE 20 
NODATA_value -9999 
[rows 46 to 68 of 70, columns 0 to 51 of 85]
55.1274220148722 56.7032049099604 59.3574990828832 61.3131076097488 61.0369394222895 60.928816596667 62.7769380807877 64.5141353209813 61.3889445861181 60.1927985747655 59.2658221721649 58.4765424331029 54.9518416325251 51.9547363122304 51.7755697170893 55.0005336602529 53.0257523059845 48.1734772523244 52.6056389013926 52.2590378920237 50.2361406882604 50.7586896419525 51.2248526016871 49.5225489139557 55.9046417474747 50.6530851125717 52.0070691903432 52.7575860420863 52.027295033137 51.8193294604619 50.2020965019862 47.1431811650594 45.8345909913381 46.4572807153066 48.0155199766159 49.4612654050191 50.9494592746099 55.6691388289134 57.5763334830602 54.6294699112574 54.2685488859812 50.1153071721395 55.3143868843714 61.7607533931732 51.955983042717 26.0218059023221 1.72411759073536 0 0 0 0 0
49.2643465598424 51.5212764342626 56.9165498018265 58.6847911278407 62.1105929215749 63.696563243866 61.8104835351308 61.5244805812836 61.5513424078623 64.3269618352254 61.5459581216176 57.7121426661809 56.2041054169337 56.7053357760111 55.0736337900162 53.9435495932897 52.5553623835246 45.874148607254 50.2769201993942 51.5487492084503 48.7195402383804 49.7367084026337 52.8816282749176 48.4902213017146 51.3107428948084 50.6452868382136 46.7404276132584 49.91415143013 51.8164336681366 50.7910549640656 51.4461994171143 50.4275858402252 46.1655706167221 49.3181049823761 58.5269331932068 62.9065185785294 58.5589160521825 52.9166708389918 54.9530734618505 62.5827958186468 56.6895703474681 51.6354044278463 57.6548526684443 61.8317971626917 57.2218199570974 41.1442468563716 10.5917329589526 0 0 0 0 0
42.5760845343272 45.7114030917486 50.8107592662176 54.1594425837199 60.6217632691065 64.020777742068 60.9722137451172 59.302752216657 63.2469107707342 65.4562016328176 63.4771684805552 59.704601764679 58.4105253219604 59.1540038585663 56.7837009827296 51.9392391045888 51.4130095640818 46.5839356184006 49.8914271593094 53.1140168507894 52.3988803227743 52.4130662282308 55.0482620795568 53.3149143060048 50.390362739563 53.2276531060537 50.4006693760554 54.244597752889 58.8178783655167 60.4625791311264 64.9775962034861 64.639151096344 55.5354108413061 55.8723111947378 64.5563304424286 71.6701994339625 69.2241489887238 59.6971660852432 56.770587960879 61.8276198705037 55.7270497083664 50.660048921903 48.6682951450348 48.5718746980031 47.743300596873 46.6610640287399 35.6891229748726 2.96573775509993 0 0 0 0
41.5329858660698 39.585808912913 43.7077780564626 51.3879259427389 56.8909297386805 59.9139481782913 62.6370310783386 65.2002940575282 66.6258583466212 63.4109328190486 65.2901331583659 65.3006931145986 62.2153828541438 59.720848997434 58.0496291319529 53.4791946411133 52.6312092940013 50.5785991748174 52.8980145851771 56.7845702171326 58.2029322783152 58.2088132699331 55.7365516821543 57.0386201143265 52.8998871644338 57.3728382587433 59.1981063286463 62.5296036402384 68.3466990788778 73.6008981863658 78.9210100968679 81.0212840636571 71.3586707909902 64.2241140206655 63.7365331252416 72.5333293279012 75.2019782861074 70.8471685647964 61.7079039414724 51.5295068422953 47.1782237291336 49.7429718573888 49.2631296316783 45.3317413727442 42.2761936982473 45.4178601503372 33.1011911233266 9.15614453454812 0 0 0 0
41.7809536059697 45.1558977365494 48.7039039532344 54.7214945157369 55.1729947328568 55.4846326510111 63.1669610738754 68.3360000451406 68.1985070308049 68.0744101603826 67.9061810175578 67.7096943060557 63.9224896828334 60.2814108133316 60.4091783364614 63.6248588562012 56.26513560613 56.1909228563309 57.6597303152084 61.3104005654653 62.2550795475642 60.2262367804845 57.9386552174886 57.0764591296514 52.672952413559 59.1212014357249 65.9023920694987 68.4970915317535 74.1581916809082 80.1753103733063 85.9519839286804 88.4059965610504 81.9658587376277 68.7033981084824 52.1711707115173 52.9586176077525 62.8988295793533 71.6040929158529 63.3005748192469 49.2217938105265 43.7054733435313 48.4022994836171 54.6877980232239 51.5236407518387 46.9292998313904 41.6263689597448 24.6861626704534 13.1851608554522 0 0 0 0
42.619044582049 53.1647900740306 55.3391774495443 56.5486252307892 54.2826553185781 54.2166928450266 61.5517993768056 66.8255388736725 66.8478111426036 71.7069605986277 69.4216887156169 68.8836872577667 66.6567832231522 62.0728184779485 62.1217538913091 68.4842665990194 61.7009947697322 59.7792019446691 57.1629752715429 58.0725570519765 59.2777530352275 57.5270354747772 57.2212437788645 54.5022487640381 51.9721607367198 53.2395491997401 57.3495030403137 61.6393585999807 68.4448381265004 74.6219307184219 81.6558698813121 88.4371101856232 82.9573720693588 62.7404004335403 22.0801383256912 21.5688943862915 28.6047806342443 55.0858428080877 68.1913793087006 67.6658302545547 61.5012546380361 54.4781635204951 47.7585991223653 42.6514049371084 47.0496267080307 43.320968747139 24.5395551125209 18.4132779637973 0.750218983739614 0 0 0
46.0586249828339 44.5823520421982 43.7040428320567 45.8482305208842 51.8292884031932 57.2771181662877 58.0905973911285 63.5693967342377 63.5708272457123 68.3800677458445 68.6651070912679 70.4392194747925 70.4444646835327 65.9919033447901 64.10813331604 62.7498825391134 64.5770877599716 59.2438479264577 53.8973162571589 51.9904096921285 51.1094530423482 53.2456537087758 53.9432267347972 49.4443674882253 51.41614874204 48.4599719444911 49.147034684817 51.2461910645167 52.3976236581802 60.826763510704 63.2368077834447 72.1437384684881 69.0589249134064 48.2179721196493 17.9130658507347 10.3456309686104 11.1571177840233 19.7256108125051 46.6476380825043 60.9612117211024 66.8357908725739 55.7235678037008 45.2330708503723 37.1165002385775 41.437658170859 28.2145515084267 23.9497646689415 35.138264298439 19.2021901408831 0.553435723607739 0 0
48.4476486841838 39.4139140844345 37.4655922253927 42.3073867956797 52.8139372666677 60.7330848773321 60.6413731972376 61.7835819721222 64.358244339625 64.6547178427378 66.9188499450684 69.6207384268443 71.1825291315715 69.9502726395925 66.4045562346776 63.598503669103 65.6079997618993 59.4522406657537 55.4856558640798 55.4005602995555 55.4305811723073 53.0615349610647 51.1045257250468 48.4328518311183 48.0249424775442 47.056128581365 47.254353761673 46.1364438136419 45.9273556868235 45.3910827636719 39.9589389562607 44.4350043932597 47.0416595538457 25.144745906194 19.5338390767574 11.2218633294106 3.03310683617989 2.02847272157669 9.77356731891632 25.8612881104151 51.9618690013885 47.4731773138046 39.3334900339445 34.8312978943189 23.8849322001139 24.892787138621 22.6956754922867 41.6264583667119 49.2207954327265 30.1015923420588 4.44116691748301 0
48.6286679903666 43.5039500395457 41.6903346776962 46.7095971107483 55.391992131869 62.4642471472422 65.4726574818293 61.5937213102976 66.1396682262421 64.6363298098246 68.1503067413966 69.9594666560491 71.4413623015086 73.1416940689087 68.552295366923 68.7191238005956 68.6918993790944 63.5614295800527 59.5824470122655 60.7159237066905 60.6925338506699 56.5309127171834 54.1184097528458 53.8477996985118 51.495020588239 50.2959837516149 47.1408665180206 46.0943977038066 42.0132031043371 37.6079678535461 30.979593594869 35.04645327727 41.9569661219915 44.0337657928467 42.2066996494929 31.7558919390043 12.1067215998967 3.17921116948128 2.10512895137072 7.16746288041274 22.0076814293861 26.2181734045347 22.2953880826632 16.4266402522723 16.1584268013636 21.5274964769681 23.5136300325394 34.6686045328776 45.1648583014806 49.6949255466461 31.8635950485865 2.48985411599278
51.6426463921865 50.2923826376597 47.0599581797918 46.0405697425207 51.674356063207 61.8147055308024 63.1832679112752 61.3687336444855 63.2563432057699 68.5293823480606 74.494610230128 75.0082582235336 73.3801772197088 74.1328497727712 72.154775261879 71.4876105388006 72.2713321447372 70.2091554800669 65.5010143915812 61.9355738162994 59.3130141496658 58.7273985147476 59.9707116683324 61.5774095058441 57.9949071009954 55.3368330001831 48.3319262663523 39.8019626736641 35.31697144111 32.6656053463618 32.1577464540799 39.4986023505529 46.0065603256226 56.9461186726888 61.8819544712702 60.2725247542063 49.1953790187836 31.4919774731 21.7913736899694 6.49736387034257 11.7279229064782 21.5373660127322 22.0962266127268 16.3409362236659 17.0986217757066 31.8294440706571 50.6661931673686 44.4923539956411 39.547602335612 45.466552178065 37.5068386395772 9.09438915550709
54.1443129380544 53.5634458065033 52.5636573632558 49.3363191684087 50.6081382433573 59.2873891194661 61.2463702758153 61.3570561011632 61.5319708983103 70.5883204936981 78.1665245691935 77.0572821299235 72.5256899992625 75.0455061594645 76.567937930425 70.8745221296946 72.9780495166779 70.1422542333603 67.0250902573268 64.4055803616842 62.9763801892598 63.5217825571696 60.9822223583857 58.9991708596547 57.0234556992849 52.9388189315796 34.7626929481824 6.82626912991206 5.65922632813454 19.8231513301531 29.7271311283112 36.2400362888972 44.2208647727966 51.500548919042 62.5184774398804 66.9110715389252 65.6822919845581 56.2297602494558 44.2747672398885 25.4752337932587 13.3864469826221 21.685595313708 41.2237718701363 41.5823782483737 35.0885838270187 53.3408323923747 76.7461160818736 66.846360762914 45.6987271706263 33.4888969858487 21.1105098327001 10.298370073239
53.0385126670202 51.218181848526 54.803267121315 55.8852404356003 53.5920312007268 56.0904939969381 61.1955424149831 62.1416916449865 62.4836881955465 70.2941318353017 76.8101314703624 75.077344973882 70.7874298095703 74.1031318902969 77.1989127000173 68.3522522449493 69.9767023324966 69.2298909028371 67.331204811732 68.2290395100911 69.6800301472346 69.7506169478099 64.1984889904658 57.2443803151449 56.7588905493418 53.794652223587 37.5087509552638 19.8299884796143 19.1092056532701 27.3504977424939 36.7368410031001 39.7626881798108 53.2442182302475 62.4666661024094 73.1414308150609 65.9694621960322 62.5308255354563 26.0477140545845 26.4388471841812 27.0115087429682 32.528189321359 40.6335343917211 48.7522929906845 25.3395363688469 19.7597543398539 23.9753797650337 56.1582744121552 53.3370872338613 40.9838358561198 32.1462725599607 26.4202406009038 19.4809374709924
42.3430701096853 49.5902200539907 52.9702504475911 55.6857039531072 55.8399111032486 52.6712636152903 61.2685084342957 64.9090160926183 65.9107466538747 70.9670682748159 73.226402203242 72.335625688235 71.9946622848511 70.2521552642186 71.813424428304 68.2217528422673 64.9919758240382 68.782036503156 70.8590894937515 72.7466444174449 73.3257432778676 70.8957215150197 68.7807152668635 62.1417065461477 59.976985057195 59.9552889664968 56.3314855098724 48.961212237676 48.4345108270645 48.4835207462311 49.5983113845189 45.8516279856364 64.9489959081014 75.0473737716675 55.266539255778 50.3715376059214 31.047448515892 13.613261282444 5.37228149672349 12.8966669241587 11.385894070069 44.0929432710012 48.5788881778717 42.1765347321828 30.3939407070478 31.7665090163549 45.2131430308024 49.4155635436376 46.81163529555 40.4097586870193 34.3389362096786 33.6695909500122
33.4230462710063 47.26775487264 51.116352279981 53.9500365654627 56.8767587343852 53.1817773977915 56.970477104187 64.0797565380732 74.6199836333593 76.1108150084813 71.5156098206838 69.3349440892537 71.22008005778 70.940559109052 71.0018873214722 68.5721933841705 65.1745498180389 67.3039754231771 66.3689623276393 64.279317855835 66.056415438652 65.2942309776942 63.8012836376826 64.1863644123077 64.5932058493296 68.2844817638397 75.3692934910456 79.2233794927597 66.5129075447718 60.6733659903208 49.8751699924469 45.7401523987452 56.9624106089274 52.9588013887405 22.5969900687536 15.8291682600975 14.9716064333916 9.06483332316081 1.16519094444811 0 0 14.3038841585318 46.5989907582601 67.863792181015 72.9508648316066 67.3352976640065 66.3121988375982 65.5712783336639 65.5803879102071 54.9091001351674 44.4176644086838 55.1979939142863
35.2381070454915 44.6447531382243 51.5282452106476 53.8851916790009 55.4917802413305 55.759052435557 50.2753555774689 59.6121201912562 79.3392658233643 78.1322568655014 69.9411481618881 66.1121656497319 69.0928002198537 72.8776305913925 72.0016459623973 68.8775380452474 67.8847134113312 65.8878982067108 59.3149910370509 52.3227055867513 53.1949599583944 56.4584583044052 57.5984666744868 60.3927771250407 62.9163930813471 68.6372816562653 84.3439996242523 89.2386237780253 68.999504049619 63.3929669857025 48.8984286785126 36.2892498572667 39.8070092002551 41.0551478465398 20.9022611379623 11.7846814294656 12.7917192876339 18.3286940058072 11.1234759291013 1.82789967705806 0 3.34260333329439 22.8806162873904 48.5313286383947 51.6275366147359 51.3487408558528 49.0211347738902 60.2655907471975 56.6626687844594 50.4487305879593 51.2937506039937 85.6044193108876
46.2708175182343 49.213374654452 51.5382637580236 48.1981287399928 42.7620659271876 39.4753615061442 47.2526053587596 52.4660249551137 61.9046638409297 58.0108016729355 55.2493929862976 59.5210293928782 67.8015798330307 69.9504315853119 65.799206495285 67.9431607325872 68.3123966058095 62.6149525245031 55.1922172307968 49.9867796897888 49.2527385552724 50.6454010804494 53.3873339494069 58.0961356560389 57.6883802811305 61.9338105122248 75.9119590123494 81.9028466939926 69.626991947492 54.8356672128042 47.5566883881887 33.4302335977554 28.6301523447037 44.362798333168 40.86850831906 19.9237527946631 19.9086839954058 47.9261875152588 46.8524247407913 31.4021781086922 7.77504220604897 4.56990456829468 13.4182845552762 20.774873594443 19.5069077114264 21.2741171320279 23.826057712237 26.1686096588771 30.9889862934748 43.4363037347794 64.9710645278295 118.732184171677
57.3711345593135 54.208646217982 50.411065419515 43.6749955018361 34.2920546730359 28.5117328166962 36.4070336023966 37.9334141810735 28.4936105211576 27.8560767571131 39.5884787042936 50.3874719142914 56.5921564896901 60.437669356664 63.4851356347402 73.7189849217733 76.4448742071788 68.0188635985057 59.6026877562205 56.2725712855657 53.8813720146815 52.8745899597804 54.7618567943573 54.0217459201813 54.9007852872213 58.3454171816508 65.6561851501465 68.046639362971 62.8524323304494 43.6998605728149 44.3445642789205 37.8496050834656 33.7842380007108 52.6574154694875 58.9606563250224 47.1927424271901 37.547655403614 23.9891757567724 36.3870734969775 36.87734156847 24.6180221438408 11.3125145435333 13.0905707677205 13.5563736160596 8.11354257166386 9.06432854632537 16.9411078095436 19.0719837943713 20.1867123444875 43.9045131206512 90.6444191932678 134.590357542038
60.0593239068985 53.6498924096425 48.9678283532461 45.2195505301158 38.3200521270434 32.6826324065526 28.4553319215775 23.9714607596397 9.2707984149456 17.0241519808769 32.9431394735972 45.3125486771266 45.1839665571849 52.7123908201853 66.0740286111832 81.8738241990407 87.2007409731547 80.2252938350042 71.8724727630615 67.9269383351008 62.5982582569122 61.329444249471 59.9994311730067 54.4759035110474 54.7782182693481 52.5487760702769 56.1197698116302 55.5275678634644 51.3368546962738 36.5799789627393 34.5102871457736 35.9870667258898 32.3971932133039 54.7163089116414 74.9713033437729 78.0965387821198 52.8133859237035 17.6605917513371 14.2037595311801 19.7369456291199 20.2075801789761 17.8222917020321 18.9271345734596 17.9280862212181 11.0082092384497 7.59654367963473 13.940571496884 24.220198392868 31.7601884404818 57.5598875681559 122.395237286886 153.730978568395
62.5302890936534 57.2754293680191 55.9543321530024 57.013084491094 53.767924507459 47.672837972641 42.7315334479014 43.0928121010462 41.8783376614253 47.5432376066844 55.3985387086868 60.9471698602041 61.1908535162608 56.5141340096792 66.6228036085765 82.6280415058136 92.4888650576274 92.8791165351868 85.4442318280538 75.8008261521657 70.1754987239838 65.0255382061005 64.2059991757075 63.8882021109263 55.9605260690053 46.0582127173742 45.0840046008428 47.4376678466797 44.263814886411 43.130228916804 28.0068715413411 20.8429470658302 17.2176385919253 36.3429635763168 82.0291439692179 92.0712252457937 59.8453481992086 21.6040487090747 8.7608564645052 8.87491429845492 12.0084161559741 9.38619486987591 20.0102763871352 31.6490729649862 34.4075957934062 21.7886865139008 19.5365349451701 37.5514750679334 63.4032189846039 108.561327060064 141.373852888743 154.47406967481
63.3216400941213 60.6504728396734 60.8422756195068 62.1460427840551 61.5257869164149 57.9844415187836 57.7529072761536 65.4978851477305 81.8263938029607 77.824130654335 69.1743592421214 69.8034216960271 75.7531722386678 63.6691004037857 65.1657978693644 73.0573236942291 81.251859664917 88.8145466645559 89.4951224327087 82.7348530292511 77.1515667438507 71.0660765568415 66.7973905801773 62.6284331083298 58.8948279619217 45.6795146067937 34.2978561917941 37.5706553459167 38.3063356081645 20.3575553993384 15.1762726406256 13.2197178900242 8.61416384577751 9.24535219868024 76.5424271424611 93.5003956158956 74.1909742355347 61.9796613852183 30.7371641198794 4.56992195298274 0.530905905179679 0 11.252927283446 37.7740263938904 44.220765431722 34.7837482889493 33.4851543108622 56.7137102286021 114.429483811061 159.370680650075 152.666389942169 140.29453198115
62.511811653773 59.1295709212621 53.6021788914998 48.926850159963 49.140860637029 51.2916495402654 51.4212101697922 63.5321090618769 73.9554713169734 69.0732300281525 59.0198735396067 58.6995979150136 70.1965987682343 65.1686688264211 61.9096060593923 61.0969811677933 62.0293070872625 68.4001743793488 78.5780847072601 82.9301575819651 78.7439197301865 72.8976229826609 65.2800500392914 61.2305502096812 52.2074451049169 46.962042649587 33.0700452129046 27.7527719736099 34.0832794706027 30.8435981472333 15.1128446062406 9.85603841642539 3.02408387263616 0 0.233209633734077 83.6166342099508 90.4395878314972 101.465115944544 83.1107546885808 33.9747195442518 3.73940107723077 0 4.11767543603977 20.9732229510943 49.8298058907191 69.7935173908869 91.0392105579376 142.096817493439 183.242917060852 193.5622493426 178.292314211527 145.732929309209
64.6711885929108 62.6082221666972 56.702067454656 49.9026079972585 48.3645697434743 51.2176056702932 43.6766097942988 40.7398740450541 41.9326722621918 38.6095916231473 32.1897566318512 29.7565187017123 33.3521614472071 52.2119303544362 59.3012571334839 54.6136150757472 43.5591638088226 38.9629875620206 50.4290163516998 71.2862312793732 72.9276835918427 67.2103812297185 60.6869906187057 56.5715084473292 49.1648813088735 45.9995865821838 36.9035253922145 16.5836438536644 24.7154186169306 39.6167784929276 21.5161293745041 14.1286874810855 5.91104539732138 0 0 63.070222735405 103.389243284861 117.862830559413 104.508837064107 75.1878718535105 41.933352748553 11.6517941157023 7.92895071208477 27.3036907116572 59.6329669157664 123.462935288747 164.769192536672 195.752382278442 204.735318819682 204.041302204132 194.41423813502 165.688514709473
66.3752754529317 66.2811895211538 63.6860926946004 60.1004312435786 58.2218070824941 57.4722985426585 42.1709915002187 28.0795941750209 28.5293931762377 30.689962208271 27.9207626978556 25.2010375261307 26.4278973142306 48.3320752779643 62.2506539026896 52.9241065184275 32.7243059873581 21.2264234821002 24.860476454099 41.5493051211039 51.3875186443329 54.4579376777013 55.2622377872467 48.7950245539347 42.3907438913981 38.0999917785327 25.8835231264432 8.80853459239006 16.9705152511597 42.8756028413773 51.7135461171468 44.7934766610463 24.9470621347427 0 0 41.904404759407 97.0332721869151 105.137089888255 85.7553680737813 82.7387571334839 88.0735516548157 72.9693869749705 50.7594843705495 65.9058441718419 118.949701388677 164.195666710536 187.477966149648 198.705275853475 200.47930876414 198.071837425232 193.157871564229 170.943895975749
