input/barkrak2/radiation/dir34924.grid
NCOLS 85 
NROWS 70 
XLLCORNER 665100 
YLLCORNER 4664600 
CELLSIZE 20 
NODATA_value -9999 
[rows 46 to 68 of 70, columns 0 to 51 of 85]
45.1859633127848 46.7002242803574 49.1160998741786 51.1042972405752 50.8916775385539 50.7683058579763 52.6424745718638 54.3967386086782 51.4076997836431 50.2395133177439 49.4359185298284 49.0539570649465 45.786182085673 43.0315136909485 42.6333397626877 45.7794517278671 44.5484220981598 39.5320504903793 43.7181095282237 42.6272650559743 40.2971183260282 40.8216466506322 40.5814175804456 39.5568758249283 46.9424426555634 43.1442260742188 44.2078610261281 44.4801648457845 43.8845008611679 43.231467405955 42.2209004561106 39.4831225275993 38.4592364231745 38.3043140172958 40.6083812316259 41.7952338854472 42.735626300176 46.7767914136251 48.5568940639496 45.8329021930695 43.3750649293264 41.3421069582303 46.740859746933 50.9458780288696 43.8688993453979 19.7813175618649 0.176767799227188 0 0 0 0 0
39.6017630894979 41.8013880650202 46.9336708386739 48.3543425798416 51.8776675065359 53.4016788005829 51.5847653150558 51.4220347007116 51.5404045581818 54.1258702675501 51.5442192554474 48.2948223749797 46.9510356585185 47.1313496430715 45.705517133077 44.7095682223638 44.0304825703303 37.8703425327937 41.4644628763199 42.6005522410075 39.4505187869072 40.4261673490206 42.6875402530034 37.8626137971878 40.5108580986659 42.3863480488459 39.0383799870809 41.6292274991671 43.5503472884496 42.2609150409698 42.9928650458654 42.608583966891 38.648267587026 40.8547247449557 50.6926526625951 53.6729445060094 49.6375560760498 44.2793269952138 46.773687005043 51.8806477387746 46.7246174812317 41.4298300941785 49.2841353019079 53.213506937027 48.8722870747248 34.0942690769831 7.28134003778299 0 0 0 0 0
33.3227962255478 36.3099500536919 41.1521792411804 44.1554288069407 50.3094295660655 53.6531309286753 50.7486015558243 49.1955329974492 53.1275421380997 55.1989376544952 53.5456438859304 50.069123506546 49.0053246418635 49.8546659946442 47.7252701918284 43.1645015875498 42.7646736303965 37.8926793734233 41.1151846249898 44.0465211868286 42.8855617841085 43.5521950324376 45.3701764345169 42.2360201676687 40.3302063544591 42.4187282721202 41.9856160879135 45.2653765678406 50.2094427744548 51.9775301218033 54.9823542435964 56.1603903770447 47.6345966259638 48.2535809278488 55.6521415710449 62.5196744998296 61.1802041530609 51.9909660021464 46.7173556486766 51.2030373016993 46.0449953873952 40.7016724348068 40.8890768885612 40.8778140942256 40.0977010528247 39.3635382254918 29.0147364139557 0.96285700177153 0 0 0 0
32.3949406544367 30.4903040329615 34.4622582197189 41.600080827872 46.8900551398595 49.759974082311 52.245686451594 54.8185060421626 56.2090178330739 53.3268203337987 55.0295809904734 55.3231885035833 52.5434464216232 50.2623667319616 48.4110017617544 44.9486176172892 43.7983026107152 41.6215384999911 44.6057220300039 47.5248197714488 48.9920725425084 49.073134859403 46.7772036790848 48.117866118749 43.430358171463 45.3108449776967 47.4484811226527 51.9239703814189 58.6621711651484 64.656804005305 69.9996650218964 69.8358764251073 62.7661397059759 56.3108424345652 55.8433532714844 57.218740383784 63.3635818958282 59.3331654866536 51.0791788498561 44.4345474243164 40.2665932973226 40.9203171730042 40.4838273922602 37.882074713707 33.8453724980354 35.4829033215841 21.3982040683428 6.06368544201056 0 0 0 0
32.5541620453199 35.698227584362 39.0339891115824 44.7161694367727 45.0014720360438 45.4799334208171 52.8911501169205 57.6949963967005 57.6860855023066 57.5937529404958 57.619497179985 57.3440690835317 54.3706317742666 50.6410946448644 50.5790859460831 53.6976456642151 47.2914228836695 47.5732485453288 49.1206347942352 52.5304724772771 52.8161277373632 50.9833147128423 48.8914300998052 48.212006688118 44.8474238316218 49.2251565059026 51.812877257665 55.4851591587067 59.8654349644979 71.0481703281403 76.7971028884252 79.265683889389 70.7606722911199 60.4856908321381 44.3550993998845 46.2316771348317 55.5735429128011 63.7204349040985 55.7129085063934 42.2204037507375 36.9540726145109 40.0082518657049 44.6632752815882 40.8977816502253 36.8682866295179 35.1470833023389 19.439863661925 9.53463092446327 0 0 0 0
33.3238591750463 43.302724758784 45.3610519568125 46.4231570561727 44.4886684417725 44.0751214822133 51.3554563124975 56.4814507961273 56.3467393318812 61.0329856475194 58.908075094223 58.3107868830363 56.3220133384069 52.3650298515956 53.0018359422684 58.2503179709117 51.9260813792547 50.3360430399577 48.6355721950531 49.5613515377045 49.9077041943868 48.4041025241216 48.9517748355865 45.6787298123042 42.588546872139 45.6183354059855 48.6377974351247 49.5445628960927 53.9257228374481 60.846080382665 69.9646721283595 79.1933685541153 71.8113432327906 54.5722941557566 17.1324983239174 16.709158817927 22.7626437942187 48.2410391171773 54.8290063937505 57.4625531832377 51.7713228861491 45.3659991423289 36.7483620842298 36.2188667058945 40.3991987307866 35.5260372161865 19.3513793249925 14.0374824404716 0.0590224080951884 0 0 0
36.5890736381213 35.1975311835607 34.460519750913 36.3782296578089 42.1480039755503 47.025591135025 47.8593607743581 53.280974427859 53.2150169213613 57.7287624279658 58.1202059984207 59.8533352216085 59.7912718852361 55.7469228903453 54.486686984698 53.1242787837982 54.9790362517039 49.7245142857234 44.7977781295776 42.8983271121979 42.6441530386607 44.2843983570735 45.7668801148733 40.8838738997777 42.0697629451752 39.3643130858739 40.0434881448746 42.1723127365112 42.4907058477402 44.0681278705597 50.5164215962092 63.2859816153844 59.9100440740585 33.1664780775706 13.6068562666575 7.12465370694796 7.79286772012711 15.110544860363 36.1042966445287 52.3240019877752 54.9064775307973 47.5992858409882 34.2827091614405 31.1571458975474 32.6745534936587 22.4921355644862 18.8746477166812 28.6771208047867 13.9941548307737 0 0 0
38.8773232698441 30.3180093566577 28.4836242596308 33.0669954419136 43.0238644282023 50.5748490492503 50.3252347310384 51.4397919178009 53.8263022899628 54.3641944726308 56.3861131668091 58.8469902674357 60.6620361407598 59.7389092048009 56.1709900697072 53.5508543252945 56.3375900189082 50.3655721743902 46.1524377266566 46.6134150822957 46.2071845928828 44.7012682755788 42.9911067088445 41.1410083373388 40.4424518346786 38.8149743278821 38.2937540610631 37.3401964704196 37.6097957293193 35.6682613492012 29.0927489598592 35.2310587962468 35.8332842588425 19.8469124734402 15.0275950630506 7.87956143418948 1.24471572538217 0.280229937440405 6.80485678215822 20.400715370973 41.6225741306941 37.9990686972936 32.6071828603745 23.597593108813 18.7190944949786 19.6655032535394 17.7840789159139 34.4076082110405 41.0387242833773 23.261917134126 1.04247429408133 0
38.9848748842875 34.1223602493604 32.4296404918035 37.1874496340752 45.3153351942698 51.9844790299734 54.6920746564865 51.4022956291834 55.5822551250458 54.2641679445902 57.571068406105 59.4980816046397 60.5727136135101 62.433863679568 58.2123845815659 58.3635866641998 58.3819548288981 54.1432748238246 51.112174987793 51.6639103492101 51.1213888724645 47.287846604983 45.7317034403483 45.7702974478404 43.6401615540187 42.6541765530904 39.9234443902969 37.271685898304 32.8457454840342 29.3558339277903 22.9691341519356 27.093879878521 34.8067010442416 36.9966675837835 35.233994325002 25.4775534073512 8.05920983354251 1.14925228990614 0.592085222403208 4.29955932001273 17.1308852732182 20.7723552982012 17.3954491813978 12.3397881786029 12.1203089753787 16.7886813481649 18.4594392776489 19.7934843599796 37.2532159090042 40.8791154623032 24.9790847301483 0.017677553842077
41.8264418840408 40.5112852652868 37.4670972426732 36.5519324938456 41.7277763287226 51.4612744251887 52.716409166654 50.9899904330572 52.9548873504003 57.8742275635401 63.7154479821523 64.0990833441416 62.7407977978388 63.2534275452296 61.2516850233078 61.0060393810272 61.7380738258362 59.4385663668315 55.0148189067841 52.6925524075826 50.2790759007136 49.3093927701314 50.6497770547867 53.1247357527415 48.1412261724472 46.555702884992 38.481426735719 32.8961163759232 27.5253901878993 24.3374134103457 25.2460390329361 30.4549783468246 38.4698758522669 49.1792062918345 54.0859202543894 52.4874130884806 38.1462896863619 25.6287107865016 14.9357654154301 3.81212774664164 8.29787366092205 16.7598923047384 17.2565380732218 12.2804952164491 11.8674126764139 25.7522240281105 42.911430199941 36.6519242525101 31.876377761364 37.2328410545985 17.7049313982328 5.98836814363797
44.1909333070119 43.6254441738129 42.643611629804 39.6668389439583 40.8661638696988 48.9877462387085 50.8805314699809 50.9782334168752 51.2421180804571 59.8248193661372 67.2213484843572 66.0013804833094 61.8807673454285 64.3133620421092 65.7481402158737 60.0452125072479 62.3929003874461 60.2937440077464 56.8981617689133 54.4722328583399 53.6815623442332 55.0939589738846 52.3905456066132 50.656591852506 48.019419113795 42.7641222874324 27.200515071551 4.21264860779047 3.24813059220711 10.9817708532015 23.3579700191816 28.3902883529663 36.7774243156115 43.9100364844004 54.5903344949087 58.0026606718699 56.7097316185633 49.4072586297989 36.7680465181669 20.1516685386499 9.71214349071185 16.8653888007005 33.3546350399653 34.500186642011 28.7007316946983 45.3133881092072 66.4609620968501 57.6526323954264 37.7023269732793 24.8678972323736 12.3720839619637 7.00866555174192
43.1633144617081 41.3897112011909 44.7929551204046 45.8039144674937 43.6828186114629 46.0505584875743 50.9790281454722 51.6900718212128 52.0703792572021 59.5083435376485 65.5631323655446 64.0365978082021 60.0078503290812 63.2301072279612 66.6838238636653 58.1656495730082 59.5326125621796 58.453361193339 57.1683198213577 58.5345129172007 58.9721401532491 59.0478976567586 55.8568239212036 49.5432416598002 49.0781366825104 44.9688285589218 29.563253124555 13.5137910644213 13.091920564572 19.8830304046472 27.2804871201515 32.090075314045 45.024315516154 54.4181813796361 64.7850930690765 58.6780806382497 55.3882618745168 20.5393073459466 20.9286784132322 21.4607367912928 21.2327887614568 34.4810162981351 38.364772995313 19.9823702375094 15.1556457082431 18.7743579347928 29.6167631944021 45.1107720534007 30.5590480566025 20.9606637557348 14.8599830766519 10.4353514810403
33.1044445435206 39.8441751797994 43.0874923865 45.6705093383789 45.7415878772736 42.7858928839366 51.0478715101878 54.3281684319178 55.2566101153692 59.9807351827621 62.0935261249542 61.0509713490804 61.1209124326706 59.700146317482 61.0414793093999 57.7236711978912 55.2007059256236 58.4209859371185 60.0366592407227 61.8259012699127 63.6852184931437 60.1226290067037 58.2110385100047 53.9493312438329 52.1997958421707 51.7922341823578 46.707883477211 40.9856190284093 41.2576347589493 41.7218953371048 38.3982782562574 37.9390840729078 52.6430755853653 66.3609653711319 46.9629069169362 42.5662298997243 24.936484793822 9.9741934488217 3.12731042504311 6.5436406681935 7.39469503362974 25.8173123002052 41.1619668205579 35.2504303057989 24.1363445917765 25.157372156779 37.4968573451042 41.5107359488805 38.993775844574 32.9731528957685 27.3375536004702 26.2849951783816
24.7778842846553 37.6631940404574 41.1799078186353 44.0132667620977 46.7858761548996 43.2784855365753 46.7954178651174 53.7703235944112 63.6854072411855 65.0845517714818 60.6177846590678 58.4814349810282 60.289611419042 60.1372470458349 60.2276126543681 57.9345673322678 54.8395365476608 57.7273468176524 56.2190264463425 53.3877710501353 55.5374721686045 54.924542705218 54.6782314777374 53.2781432072322 55.057813723882 59.6073567867279 66.8731530507406 66.8574074904124 57.4022283156713 53.27141781648 41.9072061777115 35.0563724835714 43.4833914041519 40.9099782506625 17.6334840555986 11.8867866694927 11.2175817290942 6.15171591440837 0.33516661884884 0 0 10.6333469351133 35.3898480534554 53.706482052803 55.2048981189728 59.1355214516322 56.1455984910329 56.2432954708735 56.5539946158727 46.4711487293243 36.5036328633626 45.7293490568797
26.5606964627902 35.1316456993421 41.6620696584384 43.9504683017731 45.2016443014145 45.5846885840098 40.3660287459691 49.0031788746516 67.1708981196086 66.4865225553513 58.5435231526693 55.8163026968638 58.3180089791616 62.0812326669693 61.0444645086924 58.1273337205251 57.3667635520299 55.5559992790222 49.4496375322342 43.3987081050873 43.4462229410807 46.5522209803263 47.1911778052648 51.5578637520472 53.4804165363312 60.2622578541438 74.8399347066879 80.1512797673543 61.3332192103068 50.6329884131749 41.752353310585 30.172477165858 28.627909719944 34.1801891724269 16.2686730424563 8.4942647566398 9.3638114631176 13.8666604955991 7.41753478844961 0.404305174015462 0 1.28678333324691 17.850935459137 37.8174831469854 43.6450143655141 40.8085832993189 42.4311856428782 43.3736145496368 43.6796446641286 42.4407819906871 42.7953104178111 74.1574068864187
36.9042207797368 39.5045007268588 41.5629222989082 38.6256029208501 33.6397488911947 29.9364775419235 37.0653023322423 42.7106271187464 51.1626948912938 47.3281145095825 42.904406785965 49.7131049633026 57.3378652334213 59.2915117740631 55.461456378301 57.2436600923538 57.6616624991099 52.4503688017527 45.3875809907913 40.5215223630269 40.2365376551946 41.0721848408381 44.2051688830058 47.578290104866 49.1784065961838 53.9152224858602 64.9928549925486 74.0611801544825 61.6228878498077 47.602246205012 36.99558476607 26.9648904601733 16.1288380622864 37.296103934447 34.3574161330859 15.4606848955154 15.3765330712001 36.5968619783719 38.407730559508 25.6103177865346 4.87589246282975 2.18007139240702 9.71791458626588 16.0339064896107 14.9332570532958 16.4430812001228 18.6490416526794 20.6771132846673 20.1633237302303 35.8762666583061 55.1773409048716 105.797191460927
47.2311278184255 44.1156427065531 40.667029718558 34.3449314435323 25.6194720665614 20.3669145703316 28.9481530586878 29.4521500666936 20.9958255290985 17.6849725345771 30.2521536747615 40.2160212397575 46.2306837240855 50.073762734731 53.2027035951614 62.6753171284994 65.4746840397517 57.5060645739237 49.5246400435766 46.4397917191188 44.0353800853093 43.8443223635356 44.985701640447 43.1063721577326 45.2366967995962 47.7283596992493 57.4972182512283 59.4061861435572 54.6728024880091 36.6529176632563 35.5930402874947 31.7332545916239 27.8647368152936 44.9701646963755 51.3531466325124 40.1996299624443 30.8351417382558 18.7840921183427 20.9247420231501 28.7964567542076 16.5328308939934 7.89453089237213 9.43213577071826 9.8582257827123 5.19593991339207 6.18261533478896 12.736402451992 14.5761718352636 15.5156974991163 36.0022659103076 79.0926764408747 121.297975381215
49.832155307134 43.6887393395106 39.2749433716138 35.7716406385104 29.3544183174769 24.1611078381538 20.7447782158852 15.7325118780136 2.54598880807559 10.1823123792807 25.7511809468269 35.8856668074926 35.609411696593 42.7813480297724 55.3334057331085 70.3871349493663 75.8676926294963 68.9755827188492 61.1608227094015 57.4540992577871 52.7570346991221 50.7171750068665 50.7956941922506 46.0765858491262 42.8831875324249 44.7651247183482 42.2139962514242 45.1353887716929 43.392688035965 29.795249303182 28.8038675983747 30.1531205574671 18.939586977164 42.4789686997732 66.5489335854848 69.5631504058838 45.1207707325617 13.3737102150917 10.3923827409744 15.1278326908747 15.5202423532804 13.4719697137674 14.4521072506905 13.6310880382856 7.55643472075462 4.71375323832035 10.156761854887 14.2985582351685 25.0687350829442 48.0416168769201 109.326620896657 140.234738588333
52.0791709423065 47.0950454473495 45.8414852619171 46.8191653490067 43.7704821427663 38.0420237779617 33.431775867939 33.7379425764084 32.6059907674789 38.1648540496826 45.4106877247492 50.5203902721405 50.7852931817373 46.3738143444061 56.0989280541738 70.8853304386139 80.6013196706772 80.9475829203923 74.1122563680013 64.9207135041555 59.4340513149897 55.4748525222143 53.3573528130849 54.7912965218226 48.5761115948359 38.8022338350614 33.9042022824287 35.8707855145136 36.5378260612488 35.8911752700806 15.7746238013109 16.0830902556578 12.9672040541967 20.4243535796801 73.0794568856557 83.2049449284871 52.1076023578644 16.8048106133938 5.74488006532192 5.82556488613288 8.49541338781516 6.42184230188529 14.8653835058212 18.7468950947126 27.661107480526 11.8088573217392 12.4884508550167 30.3691551089287 53.8747409979502 96.1528619130452 128.012776374817 141.205767790476
52.8300106525421 50.2159148454666 50.3690540790558 51.7079482475917 51.2118538220723 47.7684140205383 47.5682020187378 54.8394719759623 70.5233514308929 66.6050811608632 58.0084621906281 59.1493745644887 64.4788692394892 53.0412197113037 54.1554987430573 62.5510960817337 70.0825949509939 77.0631531874339 77.9903084039688 71.4992930491765 66.2242124478022 59.9954972664515 57.3766579230626 54.4374237457911 47.0410734415054 38.0138903856277 26.7059132456779 27.9222627480825 30.5838733911514 15.6534115473429 11.2454481422901 9.57931950688362 5.62418873111407 2.44308682158589 66.5867229302724 84.6838653087616 66.0599966843923 53.8834681113561 24.4341144959132 2.31013866141438 0.0299138628179207 0 7.50047713518143 30.9098114569982 36.6083383560181 27.8316810727119 26.5986770391464 47.6325501998266 102.106541395187 145.176619291306 139.24706975619 127.624402443568
52.0618756612142 48.8636195659637 43.6452527840932 39.3081257740657 39.5474160710971 41.4329717556636 41.5172899762789 52.5781810283661 62.1034453312556 57.6732456684113 48.9953209956487 48.2692221800486 58.7235490481059 54.7544856866201 51.3279438018799 49.7968395551046 50.8310695489248 57.755321264267 67.6191101471583 71.7043876647949 67.6382631063461 61.8282407522202 55.9422870477041 50.6586333115896 44.4060067335765 36.4610080917676 26.4794826507568 16.090406725804 26.9562552372615 20.8743587136269 11.2228083113829 6.71945450206598 1.13293753626446 0 0.0273134355666116 74.9370008707047 81.847071647644 92.0723577340444 73.926975329717 27.6049946745237 1.76864831397931 0 1.87482281277577 16.178789238135 41.7391260464986 60.3217085202535 80.2150865395864 128.837803999583 168.599764506022 178.857624530792 164.221495389938 132.970104614894
54.1031857331594 52.1301925182343 46.5559462706248 40.1292194922765 38.6755789319674 41.3430208961169 34.5411424835523 32.4064269661903 34.1077595949173 31.0539131363233 24.2233450214068 22.1043974161148 25.6883973876635 42.3058072725932 49.2029885450999 43.6362971862157 32.7345157663027 29.5503015319506 40.8288190762202 59.9860996007919 61.7625763018926 56.678851445516 50.027534365654 47.3164518674215 41.2470052639643 35.7399334510167 29.6341826518377 7.99610900382201 12.5649894277255 32.6487421989441 16.7228343586127 10.3591668109099 3.30869015306234 0 0 54.0610750516256 94.2354996999105 108.605176210403 95.0838327407837 66.5340721607208 34.6969763437907 7.05631263554096 4.58298375209173 20.9162086248398 50.3288110097249 111.20069026947 151.156395673752 181.039273738861 190.003593762716 189.30995464325 179.845591386159 152.126759290695
55.7548006375631 55.6973318258921 53.2379547754923 49.8167971769969 48.0012694994609 47.2894211610158 32.9241702953974 19.9811483422915 20.3282038370768 22.1967771649361 19.7149316469828 17.2470311323802 18.3403889338175 38.6681705713272 51.8357356389364 42.4022376537323 25.5628004670143 13.8948323825995 17.0004529257615 30.5327922105789 41.3955772916476 44.6785887082418 45.2260822057724 38.7635628382365 34.4775517781576 29.9878865480423 11.30627344052 5.78673928976059 9.16565830508868 35.6622810165087 44.0761794646581 37.2715344031652 18.4890851378441 0 0 33.2404101888339 87.5285863876343 95.7841575145721 77.1110206842422 74.0899244944255 78.5189320643743 63.141072789828 41.90560678641 56.0048470894496 106.314212083817 150.100926558177 172.949552536011 183.946331342061 185.743411382039 183.308521906535 178.440153598785 156.966348489126
