input/barkrak2/radiation/dir30524.grid
NCOLS 85 
NROWS 70 
XLLCORNER 665100 
YLLCORNER 4664600 
CELLSIZE 20 
NODATA_value -9999 
[rows 22 to 43 of 70, columns 0 to 49 of 85]
66.1600778500239 59.776226679484 37.2204532225927 31.3298776745796 27.6450539628665 12.9566714167595 19.8716185986996 13.0172967910767 11.6831225653489 10.5011637012164 23.6938546101252 24.9851395686467 27.9620215296745 28.7265529235204 29.5865684747696 36.040465037028 47.1419245004654 56.8356215953827 62.6425544420878 66.5131409962972 70.8479632933934 87.4208112557729 97.95809785525 102.949440479279 103.086183468501 97.4192519982656 89.9452567100525 83.1844508647919 76.044241587321 59.2873841524124 37.9123762249947 17.6146849989891 2.59166133279602 0.0718609808245674 0 0 0.000338561752262952 0.00599492705077864 0 0 0 0 7.89820899566015 7.95015133917332 20.1269052922726 28.7521556019783 35.6714775164922 41.6629165410995 52.0180016756058 58.0814133087794
100.682109594345 89.7754828135173 54.9966245889664 37.4343519409498 31.9888566931089 33.6880932251612 31.5874914328257 22.8430479764938 11.7392651736736 10.0539873043696 25.1502245664597 27.4632846315702 31.9317529598872 38.6133591334025 35.2956056594849 36.876472334067 43.7265336513519 54.8980583747228 60.9209189812342 54.3660968542099 52.7928670247396 56.6154172023137 70.7232554753621 80.918937921524 89.6827081839244 90.2212063471476 84.0662916501363 67.6411141951879 59.6770197153091 24.5196968317032 19.5321676631769 10.1839366058509 0.0628212534744913 0 0 0 0 0 0 0 0 0 0 13.325090209643 16.2898364166419 23.8649547100067 30.0131117304166 33.6627836028735 38.0936712026596 45.9947884082794
99.9724666277568 95.8390235900879 72.9997704426448 41.9228424628576 24.9151935180028 32.9889853795369 30.7614356279373 27.6796941955884 22.8793273369471 21.0544268290202 24.5030894875526 26.5486811598142 29.5868441462517 35.7674434781075 35.8891809980075 36.0423475503922 41.9756968816121 51.7903864383698 58.9837779601415 52.9933075110118 50.6543219089508 48.5465377569199 57.0630033810933 64.9906645218531 71.1073180039724 72.434941927592 69.4355467955271 59.5589727163315 40.0538047154744 18.3664398888747 12.5992161532243 10.3643673161666 0.641860455895464 0 0 0 0 0 0 0 0 0 0 20.929142832756 20.5159746110439 25.1387804746628 29.1013568639755 31.6538761059443 35.1451387008031 38.8432592153549
85.9760741392771 90.8956527709961 84.0894182523092 51.826223731041 25.1174767812093 32.935564716657 39.7567600011826 47.822172443072 45.4937964677811 37.8070622682571 32.5174878040949 36.1659874518712 36.983681221803 42.6761507987976 43.767899274826 38.8728578885396 40.6103084484736 52.4134784936905 57.6677372058233 62.5286549329758 62.2456322113673 59.2295030752818 55.9001962343852 55.5269817511241 58.9455962181091 61.9744161764781 57.8015695015589 56.4597050348918 33.4008261561394 28.9907604455948 25.4574666420619 31.6221366326014 24.9926199515661 0 0 0 0 0 0 0 0 0 0.698932058488329 21.7001140117645 26.9850169618924 27.3297677437464 28.5299097498258 25.0877092281977 28.7602295478185 23.9074801405271
84.7151180108388 90.2282198270162 88.3603493372599 61.9151592254639 39.2979383468628 48.5673546791077 60.7137183348338 70.23057838281 75.1458555459976 68.1357234716415 49.7973461945852 53.4026473760605 50.9976843992869 54.7845711310705 54.6235839525859 46.645055214564 43.572003642718 54.0888955195745 62.0349943637848 73.7787485122681 74.2279291152954 71.3612536589305 63.9974574247996 57.6616028944651 59.1033200422923 61.5998953580856 56.6008239984512 61.9261165459951 57.2590579589208 56.1018288135529 62.495897213618 82.291434208552 91.1977489789327 70.0602928797404 0.47210658279558 0 0 0 0 0 0 0.00374008080446705 12.8304163614909 22.1707820892334 13.8456945617994 15.211063126723 15.7793797552586 17.7803859114647 17.7851294477781 19.3890891969204
86.526612440745 85.1597885290782 85.4779581228892 68.2779848575592 66.8888787428538 71.1016158262889 82.2381973266602 86.6661767164866 86.810290813446 81.3011974096298 62.0059619347254 57.0819526910782 56.1948517958323 56.2572727600733 58.64450832208 55.6722531716029 51.4007806777954 58.4545185168584 70.6005742152532 75.7693996032079 73.8416363795598 66.5211975574493 63.9530618985494 64.95001912117 65.9317274888356 66.3588394721349 64.2879903316498 73.427548011144 89.3000960350037 94.3576991558075 100.379327932994 108.521858851115 119.187891483307 126.131355762482 80.9983313083649 4.55260866632064 0 0 0 0 0 16.3137130439281 14.5248547196388 11.7107667028904 3.13439313322306 2.8911583746473 8.32557305693626 10.3677995502949 12.7297764023145 14.96621966362
89.4658764203389 77.7657330036163 78.6224355300267 71.7885742584864 88.0026618639628 84.6659143765767 84.2070778210958 80.9570401906967 74.2709139982859 66.19992852211 55.9926728407542 50.8503317832947 54.506649573644 55.8175345261892 59.7674697637558 65.8894578615824 59.0722560882568 56.4218461513519 67.951758702596 69.610873858134 68.2224581638972 60.7740829388301 61.3717337449392 68.8049495220184 71.1163381735484 68.2024558385213 69.4838613271713 75.0205367803574 97.4462231000264 110.849757989248 120.521942774455 126.349647839864 133.900612592697 136.327455441157 127.808799346288 52.450900276502 0 0 0 0 1.24038111728926 6.87393732368946 14.3445941309134 3.45243699848652 0 0 0.877773001169165 5.36781425277392 11.9608528912067 16.0080467661222
90.1210904121399 71.9074259201686 72.6956526438395 77.980359395345 88.3802771568298 83.6527546246846 70.2325105667114 55.6986182928085 44.4048146406809 38.0146652460098 35.8944485584895 40.2236506342888 49.264336625735 56.2415619691213 60.8050574858983 68.95678738753 65.4755781094233 53.8724015156428 57.7689011891683 60.3966216246287 60.5941861867905 60.950830578804 61.7676923672358 67.8145339091619 74.3389129638672 71.6753005981445 74.6534417072932 76.284646987915 91.5256539980571 114.778886238734 130.786756674449 138.064940770467 139.028340578079 140.444040298462 148.078680038452 129.440496365229 46.0788110891978 0 0 0 0 0 0.943318707868457 0 0 0 0 1.18575330513219 4.45573435475429 4.60635187725226
88.1708860397339 89.5282824834188 111.707667509715 145.10585864385 120.048115650813 89.5138382911682 60.4755580425262 37.6190890868505 28.6109298467636 31.6571965813637 27.5912036498388 27.5884668032328 45.8603252967199 56.4745167891184 67.312479019165 74.5356231927872 71.1764494578044 57.9607139031092 59.0932766596476 62.6662572224935 60.5307072401047 64.1441146532695 66.9158200422923 69.5756922165553 76.8323242664337 81.7207495371501 80.6522071361542 83.085705836614 94.7524706522624 120.27504046758 139.431685209274 144.322494665782 140.611539284388 148.244281609853 158.154596885045 161.500751972198 133.632898330688 71.6989984114965 12.8258280456066 0 0 0 0 0 0 0 0 0 0 0
101.703306039174 136.22126976649 184.677938620249 206.02814356486 185.547073682149 130.979011456172 83.8041106859843 52.4279773235321 43.1247800588608 48.6329346895218 40.0684078534444 34.1893111666044 43.9249128103256 54.6497702598572 69.9494977792104 77.7914921442668 73.6821194489797 68.4264500935872 61.8942429622014 63.5282099246979 63.9877766370773 66.9191281000773 69.3872918685277 71.2497731049856 77.4083435535431 90.2875363826752 91.1654233932495 97.5261131922404 106.782337029775 123.982350031535 140.023171901703 148.262391487757 150.356421868006 156.78745508194 162.754237651825 162.522554397583 155.280530452728 135.784020026525 68.9903398354848 11.1856944859028 0 0 0 0 0 0 0 0 0 0
162.73898879687 198.733687400818 221.732954184214 225.048998991648 223.860879739126 195.92273235321 151.444097359975 114.322334527969 87.4194900194804 76.4775822559993 72.0510979493459 59.5449109872182 46.361098686854 51.8252899249395 73.284442226092 78.7585079669952 72.1389849980672 73.7336973349253 63.6535485585531 61.8307491143545 65.9566769997279 66.9629077116648 67.8258339564006 70.1736609141032 74.8648395140966 89.7905230522156 97.916434208552 106.610476970673 114.981750647227 122.990290323893 135.868658622106 147.445917129517 149.216989676158 147.288580735525 149.051855007807 140.925536553065 142.348796129227 129.103243350983 82.1770826975505 29.0834705034892 5.56858256459236 3.19713385154804 1.16162475508948 0 0 0 0 0 0 0
213.059882322947 228.749672571818 232.776999473572 231.577893098195 234.049201011658 228.577355543772 206.746280193329 162.769208351771 124.178797006607 102.408240238825 102.405101060867 91.6071832180023 66.8852428595225 61.3605876763662 69.9558804432551 75.0397592782974 68.9780463774999 68.8734352588654 62.7885113159815 63.3487502733866 62.0526572068532 62.95578678449 62.8261218468348 64.6352519591649 71.4160203933716 83.1891546646754 94.6994920571645 101.00648800532 111.000061035156 123.461325963338 135.301609834035 138.623764117559 129.030674695969 117.56631731987 120.857745409012 104.159375031789 104.793866475423 89.2934799194336 52.779013911883 19.2613763113817 17.1472306052844 11.9373264412085 4.88260140021642 0 0 0 0 0 0 0
226.112842559814 232.800304889679 230.304479598999 232.187628746033 232.922573884328 232.420146465302 223.118225733439 190.576334794362 143.83997519811 114.947030941645 113.970319430033 111.149698495865 93.3388670285543 74.6678362290065 71.4143266280492 73.2654432455699 66.7404333750407 61.9188596804937 63.3817613124847 66.1771198113759 61.2047364314397 59.7998400529226 61.5942925214767 64.1651103893916 69.3075110514959 76.6450812419256 86.6093536218007 87.6279473304749 97.9649921258291 118.182510137558 127.188702424367 124.786446491877 118.012547492981 111.862440903982 103.760649760564 89.0918870766958 93.2940045992533 90.371032555898 70.3554153442383 34.9880655606588 29.3743709723155 30.8986653884252 6.83303363621235 0 0 0 0 0 0 0
220.470428466797 224.213560422262 221.41154607137 221.618413925171 222.053567568461 216.37358268102 211.817383766174 192.598879337311 152.379622062047 125.86972117424 118.783265352249 115.033646424611 106.719533602397 83.5640629132589 75.1265982786814 78.0571699142456 71.4501291513443 61.9028359651566 65.9289807081223 67.1153465906779 64.6729667981466 61.5704556306203 64.9739007155101 69.414680202802 68.8102742036184 74.1116901238759 79.061230023702 80.7316799958547 87.9652202129364 108.907908201218 119.378765424093 118.339379628499 120.248198509216 121.235609054565 102.433164914449 95.853716135025 100.645234187444 107.81525572141 102.801809708277 62.9057437181473 24.8303239544233 11.4433914422989 0 0 0 0 0 0 0 0
198.979338010152 202.633857727051 203.623652458191 199.559907118479 199.499785900116 198.356588681539 201.590279738108 196.128487586975 164.242406686147 133.371780316035 119.725614786148 111.155351003011 103.365788857142 83.3326975504557 71.4893192052841 77.544704079628 80.4943094650904 67.4332529306412 69.3550209204356 73.580726981163 72.8580057621002 67.9291983445485 67.9983546336492 71.5246101220449 69.3646520376205 70.8024601141612 78.3386478821437 84.8460793495178 88.8199508190155 101.334015528361 114.574958880742 120.814005533854 121.448467175166 125.307579835256 106.058895587921 106.577257315318 107.236196597417 115.571975708008 115.733176469803 75.88791847229 13.3632371822993 0 0 0 0 0 0 0 0 0
175.853550434113 185.570398966471 195.647319157918 192.966123421987 191.014985243479 197.33464717865 205.226401487986 207.606315612793 185.419281323751 150.033185879389 123.563081026077 102.909455696742 88.7600680192312 77.3904075225194 67.6878442366918 71.9106445709864 84.5294296741486 75.5002895991008 71.7587570349375 75.8800506591797 76.3736665248871 71.9527254501979 68.9344704151154 70.9565232197444 73.2380002737045 72.545329729716 75.8412977059682 86.0837697982788 89.826762676239 94.6465333302816 107.141335805257 121.198852856954 123.031914234161 115.299552679062 101.863712072372 115.637759367625 119.699656963348 124.568700790405 122.742782036463 96.8268712361654 7.97237890462081 0 0 0 0 0 0 0 0 0
139.183759689331 150.219976902008 159.531752268473 163.847128550212 171.557704607646 187.354544798533 201.473454634349 208.010574181875 199.603041013082 168.264190355937 134.918908278147 103.872140248617 85.5038464069366 82.9746723175049 74.1521219412486 67.6633218924205 78.9041668176651 79.1633278131485 73.4744071960449 73.0096648136775 73.6446380615234 70.5429166555405 67.0495927333832 68.2680755853653 72.797824939092 76.7130752404531 76.4181216557821 81.9126864274343 88.1084601084391 89.3076658248901 98.3660121758779 115.259657303492 120.937168598175 103.236685196559 105.574796597163 127.030263344447 132.011324167252 128.083646297455 127.366820971171 123.187839984894 65.1903102795283 0.542212976142764 0 0 0 0 0 0 0 0
102.304448684057 109.546641508738 108.643352985382 119.639406601588 135.800023873647 153.168678283691 168.624639511108 179.892102877299 180.978139241536 155.280778805415 121.656487385432 96.0119565327962 82.1941842635473 79.7897974650065 75.7062584161758 70.5694605906804 75.1153379678726 75.7344414790471 68.3860133091609 67.8432633479436 72.3367929458618 75.6110499302546 74.1231292486191 69.6471035480499 68.7578022480011 72.3326355218887 77.9234419266383 82.2552293539047 87.1295730272929 86.7947439352671 90.772291024526 102.594782908758 110.164324442546 106.411010026932 128.521899382273 139.239609241486 135.769794384638 129.591157039007 133.44677289327 145.92041571935 140.337198972702 75.7803122202555 9.54242236912251 0.0491216827261572 0 0 0 0 0 0
91.0024146238963 92.9881930351257 92.8349594275157 95.1155126094818 104.270577430725 110.372126102448 114.707291126251 120.11331319809 119.462072849274 102.402071158091 87.0235562324524 82.1977059046427 81.2118053436279 77.7675310770671 75.6450891494751 75.3536522388458 74.1495837767919 74.7002760569255 69.3646520376205 68.3483829100927 72.6128170887629 78.1737019618352 79.5484532912572 75.1555860042572 71.7341800530751 71.1534718672435 80.6322495142619 83.9423537254333 87.3853067557017 87.8106753031413 87.8191987673442 96.1087147394816 103.646337985992 115.248660246531 137.895584106445 137.596448262533 127.378473679225 116.559902826945 119.484682877858 138.744254906972 148.742039998372 146.401743094126 87.9157185554504 18.8642082115014 0.204744438330332 0 0 0 0 0
100.01869002978 97.1991916497548 97.0610578854879 96.6394543647766 92.6404098669688 90.8019642035166 88.9216264088949 90.5032555262248 95.249613126119 86.1350496610006 77.912504474322 79.5537332693736 82.7462921539942 82.529013355573 81.439862648646 78.8744141658147 73.2645591100057 80.3845177094142 80.8172921339671 75.6984700759252 77.6444574197133 78.4792502721151 78.1522194544474 80.0813933213552 81.1147540807724 76.1747757593791 81.361065308253 85.2176348368327 87.4521434307098 89.0847146511078 90.5273854732513 94.4437781969706 101.826220750809 120.37405371666 133.05538892746 124.549388885498 111.963033676147 100.977450609207 98.0687439441681 110.320578018824 142.545322577159 145.87809642156 125.089099009832 60.6845815976461 7.90331015984217 0 0 0 0 0
104.70657547315 101.808528105418 104.510486125946 102.690905332565 95.6879854202271 91.9327636559804 89.5098646481832 86.0871374607086 86.560736099879 82.7473104000092 80.6011209885279 79.6526918808619 83.9821298917135 87.6550078392029 86.8192911148071 83.1588258345922 79.5881748199463 86.0087672869364 88.1496369838715 81.2958627939224 78.434815009435 76.3776202996572 72.9250907897949 74.6880620718002 79.0558904409409 75.7313470045726 72.6821571588516 78.6001185576121 83.6160778999329 86.5115523338318 87.7390106519063 88.5745187600454 99.1745094458262 120.611548423767 127.531617879868 113.522628943125 99.4420846303304 96.5178112188975 96.3230530420939 106.413930654526 114.832997322083 118.135134379069 103.634307781855 69.8777288198471 14.0874609351158 0 0 0 0 0
88.3264044920603 91.0249451796214 100.251177946726 97.2707172234853 100.058257579803 102.308928966522 100.973546504974 96.518615881602 85.1856172084808 84.0163826942444 87.1104796727498 82.8505059083303 83.0047130584717 86.6263111432393 87.9647235075633 84.7699840863546 85.7521891593933 87.6198709011078 87.809145450592 82.3032706975937 76.4745622873306 74.7102648019791 72.1895297368367 70.682297150294 73.3821292718251 76.9860595464706 73.1188952922821 75.7256597280502 79.7774940729141 81.9663753112157 81.1546891927719 79.4393519560496 90.6166036923726 105.944951375326 112.402935822805 101.603031158447 97.4130829175313 102.284381786982 106.400589148204 106.629192829132 101.927479108175 99.7299154599508 93.2454168796539 67.1189377705256 23.282989859581 0 0 0 0 0
