input/barkrak2/radiation/dir33824.grid
NCOLS 85 
NROWS 70 
XLLCORNER 665100 
YLLCORNER 4664600 
CELLSIZE 20 
NODATA_value -9999 
[rows 23 to 45 of 70, columns 0 to 51 of 85]
62.3293568690618 52.2755285104116 22.65615016222 6.9037110855182 2.4950768177708 9.31789974371592 6.87829901774724 3.87650541961193 2.65031245847543 2.99349799752235 3.09122540056705 8.87936043242613 11.231854557991 14.4211662312349 11.8838163713614 12.7894667287668 18.397764613231 25.8264367779096 30.3550039728483 24.3616799513499 23.0813423792521 27.1329507231712 37.837453186512 46.5832203626633 52.1720399459203 52.9942015806834 46.6263443231583 40.2685652176539 22.089883685112 9.19143545130889 5.66883757710457 1.21838312285642 0 0 0 0 0 0 0 0 0 0 0 0 0 0 0 0 0 0 0 0
62.1760686238607 58.2767874002457 37.5999559958776 11.042233556509 0 3.14256362617016 5.07622864097357 5.17330411821604 4.30270129193862 3.56296139458815 3.09190091987451 2.10849692424138 8.84231552481651 12.4953761696815 12.1502503752708 11.846902469794 16.1197781562805 23.7558931112289 29.7193278868993 23.0758637189865 21.5764120221138 18.9205346008142 25.2553398410479 32.7996437748273 37.0517844955126 38.0715926488241 34.8551198840141 31.3447266817093 14.1570046544075 5.01573986063401 2.25576758384705 1.31091816971699 0 0 0 0 0 0 0 0 0 0 0 0 0 0 0 0 0 0 0 0
50.2110670010249 54.1760077079137 47.2581734259923 19.7727804382642 0.14530283321316 9.05834324657917 15.9602301816146 23.4535733858744 24.1737018028895 19.1207863390446 15.9135287006696 16.0724942882856 15.7356572647889 18.4474190076192 18.3874232073625 13.8854843874772 15.290545920531 23.2604071497917 29.0704220533371 31.1632752418518 31.5045937895775 27.5640264153481 24.852047363917 25.0736922025681 27.457520365715 29.2917490005493 25.7811322808266 26.1172304550807 15.3014287352562 11.6145722568035 9.10081590215365 11.4894285798073 7.0165004581213 0 0 0 0 0 0 0 0 0 0 0 0 0 0 0 0 0 0 0
48.9401916662852 53.5961488882701 51.2748708327611 28.1525452931722 7.12907376388709 19.7558862467607 33.3417331178983 43.4921632210414 50.9390036265055 44.8191265265147 29.1241630911827 29.5277486244837 26.8166288733482 28.0785411596298 29.4094185034434 19.8125342528025 17.3641915122668 23.9592144886653 31.6204031308492 40.9722924232483 41.4736544092496 39.7111525138219 32.0382763942083 26.6131112972895 27.0626296599706 28.8397545615832 24.9302039543788 31.9894999265671 30.4034054279327 29.1664401690165 32.820038497448 47.7664719025294 55.2226603031158 36.006823182106 0 0 0 0 0 0 0 0 0 0 0 0 0 0 0 0 0 0
50.1613318920135 49.2890030145645 49.2973128954569 33.6178491512934 29.0068313479424 39.093017578125 52.9945492744446 59.2306951681773 59.9094082911809 50.972526272138 37.8671959042549 31.8766583998998 30.0762802362442 31.8209951122602 33.2855135202408 27.6876017451286 22.9658856987953 27.1827752391497 39.7787541151047 44.1203614075979 41.9278641541799 33.9394857486089 31.8174213171005 32.3009043931961 32.4990774194399 32.5283805529277 30.5604835351308 39.9313842256864 55.8111369609833 60.0583652655284 63.2041196028391 69.4120625654856 78.8276692231496 83.8605761528015 42.7299837271372 0 0 0 0 0 0 0 0 0 0 0 0 0 0 0 0 0
52.985409895579 43.4873402118683 43.8941766818364 35.9735613067945 48.0099221070608 51.8139402071635 55.7138323783875 54.213081796964 50.4951278368632 38.9041975140572 32.1371704339981 28.3479740222295 29.8922657966614 32.9408397277196 34.3124667803446 36.7391382654508 30.7022680838903 26.593416929245 35.4164317250252 38.5110452771187 35.8241920669874 29.5339276393255 29.241256415844 34.5389395952225 37.029301126798 33.7516789635023 34.4795932372411 39.9088710546494 61.7039352655411 74.0288347005844 79.6825389067332 83.5472941398621 91.0909275213877 93.4342344601949 82.7461580435435 19.1782489418983 0 0 0 0 0 0 0 0 0 0 0 0 0 0 0 0
54.1928062836329 39.1259714961052 39.1024947166443 40.2591377496719 49.3913441896439 51.4066914717356 44.8716729879379 33.6778089404106 9.48198822637399 6.64994679391384 7.24546735485395 21.1251427729925 26.3322840134303 34.3234936396281 35.0157295664152 39.0102118253708 35.980944832166 24.8556137084961 26.9524430235227 29.9021328488986 29.4615477323532 29.633196691672 29.6641240517298 34.73844875892 39.5066340764364 36.4396770795186 38.4090269605319 40.1449725031853 55.6502789258957 76.3384650150935 87.8974795341492 92.2718644142151 94.5572157700856 95.4874753952026 101.111173629761 83.5440158843994 14.2310683925947 0 0 0 0 0 0 0 0 0 0 0 0 0 0 0
53.4811168909073 53.8171877463659 71.0810522238414 98.1877247492472 78.2586087783178 57.6273550589879 35.5628728866577 8.96093746026357 6.14066297809283 13.5059443612893 4.862357241412 5.13812496016423 25.9375323851903 34.6300279100736 37.4166692296664 43.6062117417653 40.1191189885139 28.903973599275 28.6040355761846 31.4848522345225 28.8597345352173 32.3607176542282 33.9890246589979 35.8535721898079 40.9733901421229 44.5694178342819 42.9940521717072 45.2298025290171 57.1712702512741 79.6110928058624 94.6485896905263 97.5691676139832 94.6607887744904 102.492233117421 109.330505132675 113.573352495829 88.7437065442403 35.5019221703211 0.287846759116898 0 0 0 0 0 0 0 0 0 0 0 0 0
63.9597276846568 93.3393537998199 137.9447778066 158.833901087443 138.411025206248 92.3477609952291 52.5108377138774 28.682733575503 23.9579776922862 27.5727758804957 20.6812657415867 17.8401470184326 26.2477695941925 32.9687123497327 41.7276620864868 46.4175244172414 42.4043039480845 36.8981957435608 30.8486049373945 31.9523960351944 31.8471814195315 34.6985508998235 37.4741827448209 37.7307136853536 41.7639215787252 52.0052015781403 51.4954080184301 56.5497577190399 65.7823036114375 81.1403890450795 93.3303435643514 99.7760097185771 101.352194945018 107.824623584747 114.317278067271 113.470415274302 106.675793727239 87.2903565565745 32.6488167047501 0 0 0 0 0 0 0 0 0 0 0 0 0
117.954105138779 152.644574642181 177.783767382304 180.408815542857 178.493956724803 153.582155704498 114.739716053009 81.5467139085134 61.8976453940074 52.0581801732381 48.4269211689631 40.1251787940661 28.5039196411769 30.3357020020485 40.0525877873103 45.5275674661001 40.502334634463 41.2546445926031 32.0222601294518 30.0728678703308 33.5928400357564 34.9993631243706 35.4310125112534 36.4094028870265 40.4777179161708 52.362193663915 57.6854894558589 64.3862734238307 72.5896656513214 80.2382379770279 89.736133813858 97.7641642093658 99.6415515740712 96.8574086825053 99.2992122968038 94.78959441185 94.9630538622538 82.0184300343196 43.5540328423182 0.42527347492675 0 0 0 0 0 0 0 0 0 0 0 0
170.250535011292 187.726775805155 192.086100578308 191.194991270701 194.141149520874 189.218540986379 167.769869168599 129.694670438766 96.9021916389465 73.7688293059667 74.6071090300878 67.5983180602392 44.9020167191823 36.8309368689855 37.4652072787285 41.5432055791219 35.8025779326757 36.4646961291631 30.7113180557887 31.4221084117889 30.9387172261874 32.3046619693438 31.601257622242 31.7448923985163 37.713368733724 46.8861112991969 56.9586753845215 60.523400704066 68.8758591810862 79.1230301062266 88.665763537089 91.6620890299479 83.5722883542379 73.2848246892293 75.8390128612518 64.4076367219289 65.286248922348 52.2422591845194 13.2471372683843 0 1.32411376883586 0 0 0 0 0 0 0 0 0 0 0
184.57289536794 193.563421567281 193.086345990499 194.225867589315 195.652941862742 193.067451318105 185.120542844137 156.123658021291 112.152248620987 86.5326424439748 84.7178598244985 82.3907057444255 66.1481916904449 46.4873860279719 39.5769750078519 39.6688307325045 33.9447408914566 30.7190418243408 30.3075760602951 33.0045272906621 29.9930746356646 29.4460778435071 30.4004500309626 31.5181364615758 35.3501910964648 42.1966363986333 50.8231371641159 50.8956958850225 59.086670478185 74.0940173467 82.5756291548411 80.3422033786774 76.1307229598363 69.3287303050359 63.4081115325292 52.9761811097463 56.5160860617956 54.0786733229955 36.2581411997477 6.53792979816596 7.42526476581891 0 0 0 0 0 0 0 0 0 0 0
176.320731639862 180.853068828583 177.803754806519 179.95156844457 180.141965548197 175.026774406433 168.773611386617 152.129272619883 117.048799991608 96.7971384525299 93.0420557657878 85.3327711423238 77.6556332906087 53.4412761529287 42.1202331781387 43.0163790782293 36.6343582669894 29.4127191106478 32.7272986372312 34.3654404083888 32.9519088069598 30.4396227002144 33.1292599439621 36.7720673481623 35.0698108474414 39.5546033978462 44.1260089476903 44.6885824203491 50.5075355370839 66.7594373226166 74.8614619175593 74.9920109907786 77.8561184803645 78.6668161551158 62.9659394423167 58.213214079539 61.9400342305501 67.9594924052556 62.4391982952754 27.8225392103195 0 0 0 0 0 0 0 0 0 0 0 0
151.314795017242 155.124376217524 157.674471537272 153.989205757777 154.26645676295 153.112312157949 157.124012708664 155.304749806722 129.528105258942 106.771479050318 94.9666897455851 78.4239222606023 69.7326411803563 49.1591294606527 38.2545391718547 43.1092381477356 44.5633033911387 34.2719306548437 36.3713378707568 39.0709986289342 38.9246592919032 35.7337395350138 35.8860691388448 38.7556552886963 37.1164629856745 36.7893700798353 42.1302119890849 48.2791811227798 51.8845667441686 62.0076904694239 72.5522438685099 75.8094241221746 77.6995668808619 81.5577358007431 66.5196130673091 66.2414332230886 66.8120235204697 74.295570453008 73.7816989421844 38.4491483370463 0 0 0 0 0 0 0 0 0 0 0 0
128.105958302816 137.741595506668 148.451785246531 145.619630813599 144.61275935173 151.233534018199 161.197443803151 164.842714866002 148.582319418589 118.646204471588 95.9253907203674 70.37020723025 53.833062450091 42.5087710221609 34.5939273635546 38.5104070107142 48.0191657940547 41.0674760739009 39.2187908291817 42.0737912257512 42.5404806931814 39.0656664967537 37.2101391355197 38.662942747275 39.3801927566528 38.8999382654826 41.6167502601941 48.8122701644897 52.8413951396942 57.1880886952082 67.1463161706924 76.7035981019338 79.2715052763621 74.3801891803741 63.8140936692556 73.5718011856079 76.1257310708364 80.8164030313492 80.1228533188502 57.0238480965296 0 0 0 0 0 0 0 0 0 0 0 0
93.0295884609222 103.824277718862 111.964851617813 116.765449444453 125.049561262131 140.116373697917 154.729922612508 163.85884086291 161.379516124725 133.539964755376 100.183506806691 67.9683685302734 49.299011627833 46.3728109995524 39.4244069854418 34.0032304326693 43.4968968232473 44.6235686540604 39.5526240269343 39.5297805468241 39.9900873502096 37.4812632799149 35.4153712590536 36.555456618468 39.7262697418531 43.2181755701701 42.188435792923 46.9244420528412 51.424910624822 52.6832093795141 60.5457921822866 74.3394593397776 77.9569049676259 65.3981814781825 65.9561256567637 80.5712143580119 83.5447212060293 83.8537017504374 84.4970643520355 80.8765192826589 30.3067415952682 0 0 0 0 0 0 0 0 0 0 0
59.442862868309 65.9499367078145 65.4229273398717 75.0937213500341 90.0385578473409 107.265402873357 122.323453426361 134.109675884247 136.82359457016 113.878419001897 79.8051655292511 56.7407011985779 44.5726662874222 43.4610942999522 40.2522037426631 36.0390221079191 40.436752140522 40.6084929903348 34.8636905352275 35.2352733413378 38.0809903144836 41.3598542412122 40.6736135482788 37.4655922253927 36.9314153989156 39.2333989342054 44.1480179627736 46.3806092739105 50.643985470136 51.3331939776739 53.0823618173599 63.4238471587499 71.1756696303685 68.0107573668162 83.2893848419189 90.5697643756866 86.7557525634766 82.8258097171783 87.9763960838318 100.667794545492 90.7328724861145 37.9876817266146 0 0 0 0 0 0 0 0 0 0
49.0837891896566 50.9316970904668 50.8183737595876 52.9313087463379 61.311274766922 67.0937200387319 71.1261183023453 76.3978858788808 76.6315211852392 62.5288188457489 47.7099269628525 44.0271447102229 42.7793165047963 40.627325574557 39.7275636593501 40.4339681069056 39.1966948906581 38.4230092167854 34.6539740761121 34.82702622811 39.3964300553004 44.2725121974945 45.2853043874105 41.9519146283468 39.4771049420039 38.1963302691778 45.8415448665619 48.6206710338593 50.904244184494 50.654207666715 51.6391595204671 57.735949754715 64.6999478340149 73.8777170578639 89.2880260944366 88.9972547690074 81.622709830602 72.8580554326375 76.1177639166514 92.1477973461151 101.3343334198 92.1821196873983 46.5732514858246 2.0850181269149 0 0 0 0 0 0 0 0
56.835616628329 54.5305758714676 54.6953976154327 54.3973942597707 51.2209484974543 49.3337164322535 48.0658262968063 49.4543562332789 54.1883657375971 46.6010669867198 39.464903374513 41.1427939931552 44.1345274448395 44.2858686049779 43.5971766710281 42.4336194992065 37.4954665700595 44.0660218397776 45.408770442009 41.9573088486989 44.1102534532547 44.4911122322083 42.9503172636032 45.4044888416926 47.5333631038666 42.8522080183029 47.4365800619125 49.8023082812627 51.739623149236 52.5971154371897 53.1199226776759 57.2957446177801 62.7510448296865 78.7912358840307 86.6087079048157 78.7195513645808 69.5071071386337 60.7344061136246 57.6550314823786 68.378542860349 92.1034812927246 96.5865254402161 74.7384776671727 26.1744831999143 0 0 0 0 0 0 0 0
60.9929213921229 58.2965711752574 61.1247370640437 59.7857783238093 53.2639672358831 50.2916524807612 48.2556223869324 45.8043913046519 46.0293094317118 43.0557529131571 41.4959192276001 41.379988193512 44.7935163974762 48.4584619601568 48.2126623392105 45.8285262187322 43.0515060822169 48.7145235141118 51.0603189468384 46.4743673801422 43.6479498942693 41.3854718208313 38.3005936940511 40.7823796073596 45.476367076238 42.3651287953059 40.2797609567642 44.6011523405711 48.3926236629486 50.4326522350311 50.7837980985641 51.5360434850057 61.6761942704519 78.3109416564306 82.7853282292684 70.2681541442871 61.0109617312749 57.7906320492427 56.5189818541209 63.9409323533376 71.3273187478383 72.867085536321 61.4141722520192 33.1657454371452 0 0 0 0 0 0 0 0
46.1160888274511 48.6658116181692 56.9541205962499 54.5454521973928 56.9178462028503 59.2172344525655 58.6327066024145 54.6099990606308 44.9316600958506 43.6187485853831 46.9460338354111 43.8285917043686 44.5598214864731 47.9354163010915 48.2696145772934 46.3836292425791 47.7415025234222 49.5755970478058 50.4716485738754 46.3420003652573 42.0660972595215 39.1819526751836 37.1966014305751 37.4473085006078 40.5053744713465 43.7625596920649 39.0362069010735 41.3843542337418 45.8746900161107 47.2911894321442 45.9313541650772 43.9301480849584 54.1788538297017 66.6416585445404 71.7029968897502 63.1928642590841 59.7965468962987 62.3642603556315 62.3514552911123 62.7187341451645 60.4324986537298 59.4353129466375 54.298147559166 32.9042325417201 1.09425947691003 0 0 0 0 0 0 0
44.635812441508 50.2313673496246 53.1200766563416 53.7736316521963 55.5909176667531 57.9656610886256 58.2825640837351 54.8064957062403 50.6380101044973 47.0123986403147 48.5940674940745 46.9118505716324 43.9623097578684 42.5344854593277 41.884923974673 42.6714718341827 40.0767847895622 45.9449787934621 47.2389360268911 46.0720260938009 42.8100725015004 40.7641977071762 40.4123117526372 41.6583741704623 40.0248318910599 48.3009517192841 50.3946046034495 47.2649037837982 46.9441960255305 45.4913874467214 41.5428876876831 39.4636193911235 45.0137108564377 49.0523427724838 54.7008365392685 57.9227755467097 61.1467907826106 66.6144887606303 67.6650603612264 60.9694321950277 60.15511850516 55.6653738021851 53.1739741563797 37.413331369559 9.62580057481925 0 0 0 0 0 0 0
50.5874405304591 55.0827632347743 52.346075574557 55.5792798598607 54.2092422644297 54.4047852357229 55.9581418832143 54.6909719705582 56.158035993576 52.0628939072291 51.3075590133667 50.8158951997757 46.7525819937388 42.4812138080597 41.6548450787862 45.0425197680791 40.6807909409205 43.8276926676432 47.2073256969452 46.0801770289739 44.0874695777893 43.9570397138596 43.5201028982798 45.5700804789861 47.0871428648631 47.807181874911 52.976797024409 50.3980219364166 47.9544798533122 47.0751523971558 43.2294905185699 40.2177522579829 42.7634119987488 42.2986646493276 42.6436960697174 46.061635017395 52.1021038293839 60.8434478441874 60.7198278109233 49.1444865862528 52.2940109173457 48.9842792352041 48.8389035065969 46.1417039235433 30.1206534107526 3.79019106427828 0 0 0 0 0 0
