input/barkrak2/radiation/dir32024.grid
NCOLS 85 
NROWS 70 
XLLCORNER 665100 
YLLCORNER 4664600 
CELLSIZE 20 
NODATA_value -9999 
[rows 46 to 68 of 70, columns 0 to 50 of 85]
68.758025765419 70.3973770141602 73.1164515018463 75.2404828866323 74.9064932266871 74.5710531870524 76.3563166062037 78.3365070819855 74.7379610935847 73.2273012399673 72.4933246771495 71.527694662412 67.7004009485245 64.989964167277 65.3378963470459 68.7098503112793 67.3879484335582 62.0864828427633 66.9227689504623 64.9968882401784 62.860776980718 63.380906979243 62.2871220111847 61.0542992750804 67.536527911822 61.2912277380625 62.961091597875 64.5149648189545 63.6199216047923 62.6727392276128 60.8780135711034 58.1107238928477 57.7376633882523 57.1380803982417 59.3628883361816 60.2828711271286 62.0530247688293 67.4042006333669 69.4253544012706 68.0550883213679 66.8121327956517 61.7750038703283 67.2103464603424 73.3404705921809 64.6683573722839 34.995270272096 5.23122027516365 0 0 0 0
62.7092917760213 65.0977989037832 70.8215932051341 72.4777479966481 76.141764720281 77.659194668134 75.4566093285878 75.0908354918162 75.2464632193248 77.6598999897639 74.5385487874349 70.756991704305 69.5770978927612 69.5345501104991 67.5986707210541 66.9623365004857 66.8179492155711 59.6257398525874 63.5288109381994 65.0295118490855 61.8974318106969 62.2742076714834 65.5502080917358 59.9189897378286 61.8333717187246 62.2723797957102 57.5454086065292 60.9466334184011 63.5264118512472 62.3250106970469 62.1932049592336 60.8656108379364 57.5027714172999 60.1873646179835 71.2427546580632 74.2272833983103 69.6850915749868 64.4116302331289 66.6594207286835 76.9818872213364 70.9377378225327 63.4952485561371 70.6799576679866 76.2205123901367 70.6571439901988 51.1965850989024 20.3852777679761 0 0 0 0
55.6595623493195 58.8222245375315 64.3469293912252 67.9882764816284 74.4213759899139 77.9310216506322 74.8491833607356 72.9037423928579 76.7438511053721 78.8157234589259 77.0824352900187 72.9954938093821 71.4481671651204 72.0796187718709 70.0968007246653 64.2437040805817 64.2672479152679 59.6901575724284 63.2620006799698 66.740353902181 66.540186603864 66.6561126708984 67.8651581207911 65.0324026743571 62.7244263887405 65.0417457024256 61.3923668861389 65.5200431744258 70.191890001297 73.3415931463242 76.2968212366104 75.744683543841 66.0023838281631 68.9547459284465 76.1694411436717 84.5259229342143 82.9953998327255 71.8226035435994 68.7396377325058 74.2144882678986 69.4454411665599 62.3502930005391 59.2820098002752 59.5307797193527 58.2399119933446 57.0143262545268 47.8497048219045 6.72604826589425 0 0 0
54.5272926489512 52.3581554492315 56.6183527310689 64.8383994897207 70.582444469134 73.8465289274852 76.5047371387482 79.269140958786 80.3715139627457 76.8564790487289 78.6962409814199 78.9642830689748 75.5600035190582 72.8180557489395 70.9543476502101 66.5735354026159 65.0130212306976 62.5491638978322 65.5568242073059 70.6077665090561 72.9642411073049 73.0284055074056 70.3665912151337 71.9183534383774 66.3512051105499 69.3885236978531 70.4135497411092 73.9283859729767 80.0204972426097 85.138072570165 93.0339892705282 92.5931433836619 82.4988186359406 78.3492724100749 76.4506012201309 85.5725208918254 87.0938897132874 82.6070060332616 74.0946680307388 63.8795544703801 60.1945519447327 61.3511055707932 59.8784337441126 55.9490670760473 52.43980884552 55.8100044727325 49.269363284111 13.941661765178 0 0 0
54.8256933689117 58.3030879497528 62.0267440875371 68.4173107147217 68.9279784758886 69.2774305740992 77.3870845635732 82.2947919368744 82.3507805665334 81.8331142266591 81.4952353636424 81.1670621236165 77.3948431015015 73.5604465007782 73.5705147186915 76.1587123076121 68.8360929489136 68.380077679952 69.8374609152476 74.5853434006373 75.5931387344996 74.3303795655568 72.8206733862559 73.0416079362233 68.0500268936157 74.0875899791718 77.21941669782 79.9262126286824 85.9834253787994 91.8398300806681 97.5253184636434 103.054384390513 93.4097170829773 79.3153047561646 71.4528063933055 66.2603477636973 82.4502607186635 87.7371629079183 77.0283788442612 60.971329609553 55.2556663751602 62.3476902643839 65.653125445048 62.6511027415593 57.3797275622686 54.8672477404277 35.2775404850642 18.5900703072548 0.0711709047512462 0 0
55.6409358978271 66.7378803094228 68.8629001379013 70.3979233900706 68.5068368911743 67.8961525360743 75.6251811981201 81.2137772639592 81.0171067714691 86.0230227311452 83.5075875123342 82.6014379660289 80.1243633031845 75.4609753688176 75.2498606840769 81.3010235627492 74.7158825397491 72.2091893355052 69.1854953765869 71.1913903554281 71.6559390227 70.5297241608302 70.1256742080053 68.1108733018239 66.3501620292664 69.9111372232437 74.5972146590551 76.071764032046 79.9328784147898 86.0947171847026 93.1329528490702 100.148608287175 95.7743525505066 73.4871725241343 28.7589331467946 28.1885589162509 43.0317024389903 65.507968266805 79.568808277448 81.6855331261953 75.03841817379 70.0944662094116 58.2668085892995 56.7055443922679 63.1431639194489 53.2340159018834 31.5423682332039 24.584765235583 3.10250123341878 0 0
59.3688438336054 57.6009899377823 56.8169504404068 58.8339765866598 65.437580148379 71.181466182073 71.9270606835683 77.7758111556371 77.7689615885417 82.5758129358292 82.877978682518 84.6539735794067 84.2303037643433 79.4134785731633 77.445109685262 75.3862460454305 77.1909952163696 71.8415677547455 65.9632583459218 64.0988846619924 63.0589326222738 65.1674071947734 66.625381509463 61.7456336816152 63.7548665205638 62.4476571877797 64.2378479242325 66.7138596375783 68.3782349030177 72.0944503943125 74.1984297831853 83.6509664853414 81.8181286255519 58.5464586814245 23.9822268486023 15.2671622733275 16.2064072986444 26.0673364003499 54.7951410214106 78.3619085947673 81.2062670787175 71.4687258005142 55.4605076710383 46.0616846879323 50.7768342892329 43.8313782215118 30.8356632788976 44.3826715151469 27.1660884221395 3.60876477013032 0
61.9432081778844 52.226667602857 50.1713007688522 55.2349984645844 66.2828187147776 75.1265684763591 74.6620744466782 75.8502334356308 78.4621934096019 79.0047496557236 81.2850246826808 83.9202205340068 85.5255921681722 83.9663644631704 79.6111176411311 76.9995699326197 78.9211988449097 72.1627374490102 67.099134127299 68.4692313273748 67.7094211181005 65.8047298590342 63.58669201533 60.6581618388494 60.0352038939794 59.9483450253805 59.1368029514949 62.8478874762853 62.991867462794 60.4490836461385 51.8063902854919 55.2860101064046 57.7687670787176 32.2363078594208 25.8192246158918 16.2797346711159 6.66553899645805 5.09894794474045 14.1780339181423 42.9544001817703 62.1143877506256 62.6902927954992 47.2393929958344 42.4755116303762 34.5804542303085 31.9333995381991 29.4183691342672 51.8342206875483 60.6765002012253 40.1369382937749 11.117048561573
62.0413323243459 56.660254796346 54.7075470288595 59.8336011171341 69.0224468708038 76.5953858693441 79.6744426091512 75.9049504995346 80.5083264907201 78.9438386758168 82.4634085098902 84.4657023747762 85.8535468578339 87.4139865239461 81.8784634272258 81.5548002719879 82.4024031559626 76.6453643639882 72.1826553344727 73.3723491430283 72.5681632757187 68.8068072001139 66.0404413938522 66.4509286483129 62.8320227066676 62.4671578407288 59.9995056788127 58.811033765475 55.9077163537343 53.2048990329107 43.5560842355092 45.5724745988846 52.0404527584712 53.8817296425501 51.9615709781647 40.8264001210531 18.6486542224884 6.93992152810097 5.54371438920498 11.3888879617055 28.638556599617 33.472552895546 28.9992143710454 22.2914392749468 21.976833542188 28.0707428852717 36.7361754179001 44.5447017749151 56.3254555066427 61.4435076713562 42.9760913054148
65.2716457843781 63.8931145270666 60.4487558205922 59.2730840047201 65.1216010252635 75.7649590571721 77.8398762146632 75.6594886382421 77.5795678297679 82.8706820805867 89.039812485377 89.9599393208822 87.774246931076 88.6715551217397 86.2780213356018 85.371861855189 85.6649378935496 83.1915289163589 78.6519745985667 74.824998776118 71.9597488641739 70.3979581594467 72.2165902455648 73.6528635025024 68.690687417984 67.9400066534678 60.2700213591258 51.7946382363637 46.049177646637 45.721560716629 46.1828708648682 50.6152361631393 56.5662930409114 68.4361706177394 72.9046364625295 71.3253170251846 59.8273575305939 40.2121990919113 29.8575460910797 10.8314640820026 16.8861784040928 28.1153122584025 36.3695149620374 26.2933820486069 26.1029700438182 40.5830020705859 61.433086792628 55.5774370829264 50.5166997512182 57.0174604654312 48.4267969926198
67.9079592227936 67.3560053110123 66.3248350222905 62.7941836913427 63.9501909414927 73.183074593544 75.7217705249786 75.5807310342789 75.6697505712509 84.7418109575907 92.9383834203084 91.7829573154449 87.0137015978495 89.8286600907644 91.334213813146 85.3051741917928 87.0054463545481 84.3272507190704 79.7301381826401 77.5932967662811 75.9231398502986 77.0602871974309 74.2197732130686 70.9681808948517 67.7936573823293 63.6123915513357 45.2063232660294 25.7254913449287 21.4858079950015 29.2471349239349 43.2521998882294 47.4505176146825 54.6989937623342 62.2859944899877 73.0044841766357 84.6674342950185 87.2999628384908 70.360725124677 66.981315612793 38.6422673861186 18.8027359545231 28.3071547746658 51.4361759026845 51.5375037988027 50.9156535069148 64.8560076951981 90.6796157360077 79.3976535399755 56.9837192694346 43.5876548290253 34.3628923098246
66.7069454987844 64.8869276046753 68.6940451463064 69.7721391916275 67.2322362661362 69.8830038309097 75.4311482111613 76.4379352331161 76.7221053441366 84.7981770833333 91.7695264021556 89.8632208506266 85.281511147817 88.7318849563599 92.0333067576091 82.5960387786229 84.3358735243479 82.9947143793106 81.4121315876643 81.7377070585887 81.5448760986328 82.9397042592366 76.8153121074041 71.0708151261012 68.6509062846502 66.4021869500478 48.2643942038218 29.4466366370519 28.6762739221255 35.9896346926689 49.5456705490748 52.8087069590886 64.5305265982946 74.3870188792547 85.0940346717834 81.2119642893473 73.5392173131307 33.2949111859004 33.7492227554321 34.3707129359245 41.0250475009282 53.2144010066986 60.9805136919022 32.5069154302279 26.1469607551893 30.9697364767392 69.6586469809214 64.7642811139425 51.4605740706126 41.8427487214406 35.5543568730354
55.3827285766602 63.0655785401662 66.6247953971227 69.599653283755 69.6592082579931 66.3057019313176 75.5219161510468 79.4400920470556 80.4723799228668 85.5806469917297 87.8143012523651 87.4208807945251 86.6266787052155 84.5505793889364 86.2265328566233 82.6073735952377 79.5384645462036 83.0581585566203 84.5619738101959 86.4865978558858 87.6130859057109 83.4573010603587 80.1071176926295 74.6192634105682 72.0666150252024 72.9525635639827 68.0711418390274 59.6035420894623 61.3619188467662 62.760204076767 59.8604381084442 61.9212587674459 77.3887783288956 86.3480667273204 83.9291214942932 58.747852842013 38.9571736256282 19.0058822433154 9.36025070647399 18.9816728234291 19.4997588793437 56.0787171125412 65.1315848032634 51.9098192453384 39.4955823818843 41.3690408070882 55.7212829589844 60.4170113801956 57.8025877475739 50.9966711203257 44.4630930821101
45.724555850029 60.5170031388601 64.6568536758423 67.6726897557576 70.7104355096817 66.8719708919525 71.167732278506 78.8574715455373 89.9490813414256 91.4583603541056 86.5856508413951 83.946684996287 85.9341522057851 85.4688088099162 85.4646265506744 82.7789554993312 79.38618461291 82.0113817850749 80.4293056329091 77.6120573282242 79.4708182414373 79.1602035363515 77.4120986461639 75.2864181995392 75.1136243343353 80.3054670492808 90.9607807795207 90.7585124174754 76.3913492361705 70.0930108626684 63.8615091641744 56.9361746311188 71.9391753276189 64.0841027100881 29.3496176600456 21.5347458918889 20.4748846590519 13.6889765659968 3.16818089534839 1.10961388175686 3.67688301680658e-10 19.4184705615044 58.0948938926061 78.6513239145279 84.9966605504354 79.1680663824081 77.4955451488495 78.373243411382 77.9065440098445 66.6161328554153 55.6108256181081
47.4653442700704 57.7818999687831 65.1089002688726 67.6956872145335 69.3075954914093 69.4932639598846 63.8500054677327 73.5115756591161 94.6513712406158 93.7089025974274 84.6803188323975 81.0651381810506 84.3927264213562 87.9790584246318 86.6310993830363 83.4656655788422 81.9994608561198 79.7235816717148 73.1302599112193 66.3125216960907 66.4009004831314 69.2204882701238 70.9196974833806 73.6695031325022 75.2957363923391 80.3754031658173 98.8932251930237 104.046275218328 87.5412126382192 74.8494317134221 59.4150473674138 49.3222971757253 53.1024734179179 50.742914279302 27.3183931907018 16.8010257184505 17.9535870750745 25.0978817542394 17.1744922796885 5.30043430626392 0.252721986422936 6.59351423382759 29.7089715798696 61.1993471781413 65.1080211003621 61.549037694931 70.2404677867889 72.3791817824046 68.247397740682 61.6184820731481 63.171848654747
59.5335066318512 62.6794099807739 65.0985290606817 61.7566307385763 55.7421495517095 52.8962761163712 60.803880294164 66.4761414130529 76.5919784704844 72.557474176089 69.702610373497 74.7732718785604 82.4513187011083 84.6503376960754 80.5588960647583 82.4184666077296 82.7842801809311 76.5800376733144 68.460355202357 62.9763652880987 62.2063378492991 64.0490551789602 66.9431438048681 69.8528289794922 70.6816663344701 75.1593013604482 87.954709927241 96.2664882342021 83.0588042736053 71.957141160965 58.0369532108307 45.0693021217982 40.8703411618868 54.2387614647547 49.9959538380305 26.1628056565921 26.2323915958405 59.1381639242172 63.7813160816828 40.6988337635994 12.6816059152285 8.61000393827756 18.8595255215963 27.3076742887497 25.8611589670181 27.8860554099083 38.1183698773384 42.8423980871836 48.8734245300293 54.1068961222967 78.4346759319305
71.2396154801051 67.9445366064707 64.0931924184163 56.8119784196218 46.5985437234243 40.3133754928907 50.7300198078156 50.64424375693 40.7005399465561 40.4359847307205 49.9387085437775 63.824271162351 70.5279658238093 74.8655001322428 77.8515338897705 88.7336234251658 91.4287567138672 82.2086036205292 73.4904060761134 69.6532626946767 66.1643048127492 66.51604672273 68.5013035933177 67.6803688208262 66.9586956501007 70.3443934520086 77.1440118551254 83.609402179718 74.6790816386541 53.972472747167 57.5314958890279 47.8580296039581 44.0989633401235 63.2677177588145 69.2912638187408 56.879848241806 47.1180081367493 39.9991472562154 44.0757274627686 45.8283573389053 33.4800208608309 21.0285236438115 18.4845551848412 19.0153121948242 12.7444503208001 14.0144228935242 22.9243263602257 25.365690390269 26.6516258319219 55.1029394070307 106.127162774404
74.2535293102264 67.3965762058894 62.3729129632314 58.3371222019196 51.1061747868856 44.9008991320928 40.4809266328812 35.700723528862 18.5210431615512 26.6551623741786 45.2221184968948 58.4373374780019 58.3132555087407 66.490779320399 80.5763006210327 96.9147483507792 102.440158526103 95.0871407985687 86.3537987073262 82.0493549108505 76.5374501546224 74.1351991891861 72.8347798188527 68.934162457784 67.6189015309016 67.8735474745433 67.369947830836 67.1584109465281 64.5278692245483 46.382948756218 48.3133097489675 44.8298553625743 40.9118086099625 66.2939300139745 86.1880977948507 89.4340475400289 63.4477188189824 23.7223133444786 19.7562749187152 26.1155664920807 34.3034788966179 23.9183455705643 32.3517148693403 26.7510438958804 18.2249570886294 12.1475184957186 19.4802507758141 33.3379358053207 41.5056397517522 70.7750866810481 139.388620853424
76.818307240804 71.3171710570653 69.934422771136 71.0520247618357 67.6199346780777 61.118612686793 55.7999561230342 56.2366892894109 54.9369553724925 60.5941911538442 69.2071417967478 75.2429316441218 75.527086853981 70.3494697809219 81.1409056186676 97.9740122954051 108.278195063273 108.34127664566 100.651582082113 90.5813872814178 84.0409298737844 79.0369759003321 77.4692942698797 75.7622867822647 69.7090228398641 61.6297423839569 58.2846204439799 58.8948577642441 57.0050974686941 54.0117621421814 35.0805918375651 35.091129442056 25.3421912590663 53.9095501104991 93.9112305641174 103.656391302745 70.3710168600082 35.4855383435885 13.47799350818 13.6107988655567 17.2292316953341 14.5826761921247 27.0012070735296 42.7362620830536 44.1396087408066 30.9831450382868 30.8234666784604 47.8414793809255 76.534296075503 124.928245941798 158.327549695969
77.6620010534922 74.8711278041204 75.1008888085683 76.4154593149821 75.8244097232819 72.0666398604711 71.75545891126 79.8131873210271 97.1752802530925 92.8709407647451 83.5730632146199 84.5893124739329 90.8562441666921 78.0361195405324 79.4258018334707 88.3456667264303 97.8479981422424 104.643066724141 104.845364888509 97.8258748849233 92.0065442721049 85.1864616076152 79.6088675657908 79.9437115589778 70.5681790908178 55.8652480443319 50.3314435482025 48.9455660184224 49.3778586387634 42.1267946561178 20.8418120940526 18.5869870086511 13.263418028752 13.4475938975811 90.7902320226033 105.006039142609 84.9923491477966 72.9930301507314 39.9132296442986 8.6302887648344 2.32909340411425 5.46175590287098e-10 15.8620389799277 47.5527594486872 54.9793690443039 44.8203931252162 43.4684256712596 69.3367719650269 130.62177101771 177.292148272196 169.470409552256
76.8214960892995 73.2251107692719 67.2842413187027 62.2034023205439 62.5729064146678 64.9885386228561 64.9259835481644 77.692523598671 88.9060099919637 83.9638312657674 73.7948964039485 73.7603505452474 84.4399233659108 80.1559786001841 76.3011624415715 75.9001721938451 76.2609938780467 83.0359707276026 93.4975246588389 98.1214642524719 93.8060581684113 87.2453252474467 80.6276500225067 73.2915252447128 64.7870103518168 58.1884682178497 44.0256347258886 38.2350559035937 44.3931917349497 39.9585614601771 20.7540020346642 14.6984693904718 6.74767978489399 0.29785946632425 23.6019243796666 95.0687428315481 101.658344268799 113.635679086049 95.342884461085 43.1324690580368 7.55328002075354 0.378433614969254 7.52105129261812 40.9556552767754 61.1408750216166 82.6965322097142 105.502943197886 159.107655286789 201.364477475484 211.512962977091 195.529023806254
79.1151523590088 76.92485054334 70.6936021645864 63.4958247343699 61.8633131186167 64.8552626371384 56.6404312849045 54.4343243042628 55.3256223599116 52.5136739015579 45.3456540902456 42.789285381635 48.3286182085673 65.6687368949254 73.1210559606552 68.2980865240097 57.8403274218241 52.2646307945251 63.5605404774348 86.2325032552083 87.503582239151 81.5360397100449 74.8055775960286 68.8759982585907 64.0971461931864 58.0189029375712 46.8003004789352 30.3275386492411 36.4203701416651 49.4965712229411 37.0710964004199 19.6385979652405 10.0904914240042 0 0 75.0229756037394 115.189015865326 129.89221016566 116.666952768962 86.7815017700195 52.1553307771683 18.7638240555922 15.9734251598517 36.7508083581924 72.5067208210627 139.431903759638 181.858976682027 213.734785715739 222.515026728312 221.8310435613 212.110300858816
80.9251219034195 80.8031857013702 78.0753443638484 74.288934469223 72.2947667042414 71.4598794778188 55.115595459938 39.7700021664302 40.3794447580973 42.778084675471 39.7773832082748 36.8620231747627 38.2591212789218 61.7793798446655 76.3656149307887 66.660871108373 44.8497434457143 32.2273249427477 36.3396207491557 55.4291903972626 64.8784339427948 68.0350611607234 68.9185857772827 63.5276486476262 53.3385773499807 49.3509074052175 38.2715339461962 13.4130430718263 28.1855389475822 53.0382444461187 62.2898439566294 55.3638835748037 34.5847855011622 1.9818851724267 0 52.0912955204646 109.470397233963 117.178052663803 97.1296528975169 94.1747526327769 100.733409325282 86.34286125501 63.1758471330007 79.5202801624934 135.477781295776 181.942621866862 205.38341999054 216.649651527405 218.340198198954 216.045220692952 211.136917273204
