input/barkrak2/radiation/dir35024.grid
NCOLS 85 
NROWS 70 
XLLCORNER 665100 
YLLCORNER 4664600 
CELLSIZE 20 
NODATA_value -9999 
[rows 46 to 68 of 70, columns 0 to 51 of 85]
44.9461042881012 46.4321374893188 48.8703946272532 50.8572260538737 50.635372598966 50.5245079596837 52.3974845806758 54.1555931170781 51.0690361261368 50.0170091787974 49.2234627405802 48.8431950410207 45.5905695756276 42.8357323010763 42.4548784891764 45.6044773260752 44.3807691335678 39.380523065726 43.5583492120107 42.4690147240957 39.5743176341057 40.669063727061 40.4398093620936 38.72017065684 46.0438330968221 42.4256473779678 43.5544302066167 44.3157454331716 43.7239507834117 42.5967474778493 42.0584380626678 39.3305892745654 38.3165155847867 38.1623953580856 40.4543156425158 41.6419903437297 42.1653091907501 46.6557592153549 48.4357426563899 45.7103947798411 43.2723263899485 41.2131076057752 46.5956131617228 50.8166054884593 43.7326530615489 19.6418625613054 0.157976736469815 0 0 0 0 0
39.369190732638 41.5651276707649 46.6902206341426 48.236628373464 51.6272336244583 53.1563262144725 51.3412008682887 51.1765380700429 51.3000935316086 53.8962086041768 51.3245761394501 48.0826596419016 46.7451711495717 46.9342172145844 45.5228586991628 44.5297261079152 43.8588112592697 37.1868088841438 41.2992835044861 41.9076532125473 39.3138080835342 39.7334222992261 42.5474147001902 37.738303343455 40.3836766878764 40.566141406695 38.4845981995265 41.4571116367976 43.3813830216726 42.1008517344793 42.8368598222733 42.455663283666 38.4962434569995 40.7179072499275 49.9422997236252 53.5435378551483 48.8706678152084 44.1555579503377 46.6529180606206 51.7864773670832 46.6230461994807 41.3184563318888 49.1459469000498 53.087517619133 48.7333834171295 33.941738307476 7.24052141110102 0 0 0 0 0
33.0982704957326 36.069393157959 40.9157127141953 43.9107567071915 50.0614941120148 53.4014999866486 50.5010634660721 48.9711215098699 52.8853634993235 54.9689382314682 53.3144821723302 49.8481889565786 48.7956056992213 49.283891916275 47.5323051214218 42.9761310418447 42.5833364327749 37.7325862646103 40.9539416432381 43.8789476950963 42.7305003007253 42.7706291278203 45.2253272136052 42.1106666326523 39.4369090596835 42.2838032245636 41.399506231149 45.0982252756755 50.0384916861852 51.8165727456411 54.8377980788549 56.0088058312734 47.4900156259537 48.1316397587458 55.5325001478195 62.4035646518072 60.0964923699697 51.0835448900859 46.6184318065643 51.1083702246348 45.9378858407338 40.5880212783813 40.7422458132108 40.7348747054736 39.944238960743 38.4702334801356 28.9102594057719 0.929797378679117 0 0 0 0
32.137264808019 30.2708620826403 34.2352390289307 41.3533498843511 46.6264337301254 49.5108316342036 51.9919594128927 54.5710623264313 55.9661736090978 53.0868818362554 54.7975848118464 55.0928562879562 52.3255070050557 50.0520269076029 48.2139090696971 44.7513163089752 43.2190845410029 41.4568185806274 44.4422662258148 47.3615378141403 48.7988839546839 48.1931914885839 46.6342469056447 47.9877193768819 43.3048456907272 45.1850742101669 46.0923910140991 51.1657843987147 58.5250904162725 64.5050307114919 69.865345954895 69.71242527167 62.6260936260223 56.2016218900681 55.7296127080917 57.1475972731908 63.2779498895009 59.2451194922129 50.9850084781647 44.3268020947774 40.1474634806315 40.8034722010295 40.3500248988469 37.7345209320386 33.6315979560216 35.3761985898018 21.3852723439534 6.01462212701639 0 0 0 0
32.3310717940331 35.4676768183708 38.8288373748461 44.4783965746562 44.7613894939423 45.3064938386281 52.6372790336609 57.4417859315872 57.4391533931096 57.1980575720469 57.2506487369537 57.1124106645584 54.1424949963888 50.4217247168223 50.373042623202 53.496594230334 47.1018652121226 47.4047164122264 48.9556094010671 52.364394068718 52.6600430409114 50.0781834125519 48.7499684095383 48.0878800153732 44.7143713633219 49.0984867016474 51.7002393802007 54.598609606425 59.7375631332397 70.9026008844376 76.6670952240626 79.1431119044622 70.6441154082616 60.3672613700231 44.2883521318436 46.1728076140086 55.5065323909124 62.2593959172567 54.5018663009008 41.4747719963392 36.8304774165154 39.9109919865926 45.0975547234217 40.7946780323982 36.7610926429431 35.0363006194433 19.4158628582954 9.48811570803324 0 0 0 0
33.1028948227564 43.0050690968831 45.1245605945587 46.1806952953339 44.2450443903605 43.8302059968313 51.1071185270945 56.2268147865931 56.0966481765111 60.7865949471792 58.6678187052409 58.0683648586273 56.0192714134852 52.1442095438639 52.7891268332799 58.0401619275411 51.7317155996958 50.1703520615896 48.5239823659261 49.3967533111572 49.7415959835052 48.2506453990936 48.0672915776571 44.766753911972 42.4702366193136 44.6096460024516 48.5278914372126 49.4819184144338 53.0627022186915 60.7265383005142 69.846178094546 79.0612995624542 71.6891388098399 53.7715355555216 17.1172146995862 16.6875782112281 22.7574010690053 48.1809079647064 54.7793656587601 57.3856383562088 51.6900618871053 45.279860496521 36.6510401169459 36.1156612634659 40.3049538532893 35.4372983177503 19.323875506719 13.9993255337079 0.0530440738657489 0 0 0
36.3717724879583 34.9800263841947 34.1745018959045 36.1487592260043 41.9060736894608 46.7743277549744 47.6124783356984 53.0294875303904 52.9635647932688 57.4794709682465 57.7254394690196 59.609979391098 59.5474342505137 55.5170079072317 53.9091378450394 52.9092450936635 54.7691434621811 49.5481888453166 44.6324398120244 42.7659650643667 42.4710710843404 44.1009849309921 44.9460546175639 40.7446945707003 41.9448912143707 39.2481212814649 39.9563983082771 42.0623521010081 41.6755974292755 43.9659655094147 49.2878357569377 63.1299018859863 59.7542623678843 33.1050405899684 13.5720297694206 7.0758368819952 7.75043604274591 15.0894323984782 36.0703393816948 52.2803366184235 54.8569858074188 47.5150595108668 34.1927086313566 31.0657173395157 32.613031566143 22.4760100245476 18.8436470925808 28.5316978891691 13.8808165987333 0 0 0
38.6488686005274 30.099684993426 28.2667751113574 32.8400184710821 42.7779803673426 50.3202130397161 50.0732908646266 51.1871924002965 53.5748898983002 54.0144095818202 56.1348299185435 58.604508638382 60.4162315527598 59.2113435268402 55.9486200412114 53.3369382222494 56.1212400595347 50.1766502857208 45.975128809611 46.4320629835129 46.0365315278371 44.5389399925868 42.8378482659658 40.4033785065015 40.3099010388056 38.6908575892448 37.3858163754145 37.2412850459417 37.5069826841354 35.1452827453613 29.3776070078214 35.073533654213 35.6737251083056 19.8254287242889 14.9928120275338 7.83096564312776 1.21217655638854 0.261145430461814 6.75692036747932 20.3877364595731 41.5753995378812 37.940834959348 32.538558046023 23.5546280940374 18.6969203253587 19.6383024255435 17.7505848308404 34.2437972625097 40.8498893181483 23.10411632061 1.00297147097687 0
38.7549325823784 33.8942209879557 32.2049980362256 36.9347011049589 45.0708121061325 51.7302453517914 54.433599114418 51.1472622553507 55.3258607784907 53.9454817771912 57.3210567235947 59.2467139164607 60.4538172483444 62.1898323297501 57.9356054464976 58.1356833378474 58.1626842419306 53.9428343375524 50.922820965449 51.4787137508392 50.9418795506159 47.153244415919 45.5695390701294 44.9094325304031 43.5028523206711 42.5255596637726 39.8104588190714 37.164901693662 32.7467396855354 29.2467152078946 22.8395735224088 26.958371202151 34.6427684028943 36.8374064564705 35.0745270649592 25.3372043371201 7.97162267069022 1.11279202004274 0.566885806620121 4.43375669419765 17.1021098891894 20.7518264651299 17.3652991652489 12.2978302339713 12.0763977368673 16.7521461844444 18.4296568234762 19.7025164961815 37.0707387725512 40.7125428318977 24.8252600431442 0.00745156406386134
41.5886888901393 40.2733211716016 37.2342864672343 36.3238702217738 41.4910639325778 51.2115806341171 52.4584054946899 50.7327069838842 52.6979863643646 57.6185286045074 63.4531378746033 63.8435184955597 62.4842246373494 63.0083431800207 61.0222220420837 60.7828994592031 61.5105777978897 59.2343558867772 54.8293342192968 52.4985094865163 50.0908742348353 49.1351336240768 50.4929671684901 52.1725465854009 48.011248310407 46.4277466138204 38.3771980802218 32.7775726715724 27.4060666561127 24.2179731527964 25.1158947745959 30.3295205036799 38.294680416584 49.0113943815231 53.9411554733912 52.3437708616257 38.0472143491109 25.5217055479685 14.8677093287309 3.75946269681056 8.24995152652264 16.7268638809522 17.2232923408349 12.2366659343243 11.8243992328644 25.6168420116107 42.7288264036179 36.4684263865153 31.7008768518766 36.9382575154305 16.8809071183205 5.95411037405332
43.9519385496775 43.382594982783 42.4017061789831 39.4320835669835 40.6348556280136 48.7398207187653 50.6247679392497 50.7209400335948 50.9902487198512 59.567521015803 66.9587602217992 65.7376050949097 61.6233646869659 64.0618105729421 65.5099898576736 59.8226090272268 62.1638198693593 60.0799967845281 56.6932708024979 54.2734762032827 53.4856418768565 54.3371687332789 52.2318780422211 49.7481773296992 47.8780368963877 42.6575839519501 27.0541608333588 4.19075693935156 3.22564132511616 10.8732146521409 22.8961060444514 28.2616267601649 36.6068159540494 43.7386433283488 53.9456109205882 57.9266250133514 56.6507428884506 49.3642389774323 36.7692783474922 20.1071326931318 9.66779266794523 16.8343707919121 33.2466761271159 34.3400985002518 28.6301225423813 44.892614086469 65.6098773082097 57.4327955643336 37.5147586067518 24.7185230255127 12.3446186383565 6.97126984596252
42.9273347059886 41.1517222722371 44.5470710595449 45.5597539742788 43.448398510615 45.8054741223653 50.7245908180873 51.4319489399592 51.8160263697306 59.2562854290009 65.3008371591568 64.0034178892771 59.7454607486725 62.9743138949076 66.4357244968414 57.927926381429 59.3050916989644 58.2358986139297 57.0137898127238 58.322807153066 58.7794383366903 58.8703155517578 55.6765993436178 49.3828554948171 48.2986917098363 44.8098182678223 29.3878316879272 13.3721133073171 12.9570936163267 19.3543210625648 27.1874864896138 31.9650148351987 44.839213291804 54.261972506841 64.6550357341766 58.6431622505188 55.349737405777 20.5339752137661 20.9123939275742 21.4418495694796 21.1743513743083 34.3928461273511 38.2779687643051 19.9620760977268 15.1259203751882 18.7552869319916 26.6163398822149 44.9426273504893 30.4025560617447 20.8404014507929 14.7774045666059 10.3597907970349
32.8806415200233 39.6065041422844 42.8441911935806 45.4255243142446 45.5040534337362 42.4888183673223 50.7917801539103 54.0633300940196 55.0006528695424 59.7317119439443 61.7026736338933 60.7307106256485 60.8530392249425 59.4440201918284 60.7861826817195 57.4813534816106 55.0540635983149 58.1982880830765 59.8305016756058 61.6217404603958 63.4861042102178 59.9359571933746 57.3696345090866 53.1772375106812 51.3649036486944 51.6143838564555 46.5340316295624 40.8256774147352 41.1504035194715 41.640671590964 38.3146132032076 37.8236621618271 52.4764955043793 66.2073343992233 46.9354788462321 42.5226191679637 24.929016828537 9.9238237986962 3.08307632803917 6.53097157677015 7.39305838942528 24.6908913056056 41.084165374438 35.0938240687052 23.9954590797424 25.0042130549749 37.3329197367032 41.3393502434095 38.8101786375046 32.8046704332034 27.176633477211 26.1165946722031
24.5721712708473 37.4280412991842 40.9401506185532 43.7723894913991 46.5420881907145 43.0425455172857 46.5487738450368 53.4931123256683 63.4189446767171 64.8292601108551 60.2302054564158 58.2144608100255 60.3069166342417 59.874564409256 59.9682281414668 57.6780488093694 54.6020865440369 57.215541601181 56.009978055954 53.194652001063 55.3358048200607 54.7342052062353 54.4916490713755 53.1133562326431 54.1846255461375 58.9221070210139 66.6981389125188 66.740224758784 57.3170433441798 53.1900227069855 41.8172925710678 34.9696278572083 43.3734903732936 40.7393301526705 17.6077087720235 11.8406390150388 11.1654711266359 6.08796005447706 0.316911784466356 0 0 10.5856992304325 35.3406021992365 53.6145071188609 55.1406492789586 58.1076045831045 56.0049414634705 56.0890634854635 56.3446780045827 46.271875500679 36.3221888740857 45.5063283443451
26.3652851184209 34.901407857736 41.4249151945114 43.6424215634664 44.9678848187129 45.2012419700623 40.1265968879064 48.75182112058 66.8971538543701 66.2273863951365 58.2762310902278 55.5488715569178 58.031290769577 61.8162055810293 60.7808132966359 57.8681925932566 57.1152667204539 55.3238342205683 49.2306451002757 43.1855668624242 43.2496418555578 46.3635077079137 47.0130145549774 51.3841013113658 52.5855670372645 59.4462603330612 74.6780236562093 80.0373703241348 61.2620015939077 50.5639811356862 41.6399488846461 30.075341463089 28.5443514585495 34.0192367633184 16.2319454054038 8.43532010912895 9.30612410108248 13.7662266691526 7.33981157342593 0.382961627716819 0 1.24354326787094 17.8267918527126 37.7784967422485 43.6085015535355 40.7680397232374 42.3591832319895 43.3012346426646 40.6487534443537 42.2563850879669 42.5992161035538 73.8795101642609
36.5969886382421 39.2741287748019 41.2130802869797 38.4094466765722 33.2988624771436 29.730128745238 36.45126024882 42.477160692215 50.9281158447266 47.0925470193227 42.6528602838516 49.4466225306193 57.0438901583354 59.0296039978663 55.2011827627818 56.9803416728973 57.4037730693817 52.2096902132034 45.1535880565643 40.1790887117386 40.0301938255628 40.5497029423714 43.5857872168223 47.4146554867427 48.3695367972056 53.1183381875356 64.8382008075714 73.9242881536484 61.5295072396596 47.5111653407415 36.9035750627518 26.8615956107775 16.1064192652702 37.1359388033549 34.2043687899907 15.4195216794809 15.3389399250348 36.5111778179804 38.334163526694 25.5070254206657 4.83140939225753 2.13505824406942 9.67520164946715 16.0053968429565 14.9035242696603 16.4188879231612 18.6284619073073 20.660437643528 20.1452846328417 35.7044612367948 54.9462785323461 105.474432309469
46.9957590103149 43.8820819060008 40.4431497057279 34.1294854879379 25.4153534770012 20.1766913135846 28.4786149859428 29.2562295993169 20.816250393788 17.4988247454166 30.030387143294 39.9760877092679 45.9810644388199 49.8159428437551 52.9410839080811 62.4038875102997 65.2098556359609 57.2478373845418 49.2795209089915 46.2112029393514 43.8239375750224 43.6444977919261 44.8116759459178 42.959322532018 44.4292475779851 47.5953022638957 56.6670596599579 59.2610190312068 54.5422434806824 35.9973162412643 35.5065986514091 31.6375941038132 27.7596041560173 44.788122177124 51.1742432912191 40.0372743606567 30.6805024544398 18.7668936947982 20.9136034051577 28.7299379706383 16.4721260468165 7.85461440682411 9.38948368032773 9.8115336149931 5.13896252959967 6.12755492329597 12.6990887025992 14.5416098336379 15.4861869911353 35.8194038271904 78.8098176320394 120.961805184682
49.5872547229131 43.4499084949493 39.0449439485868 35.549541314443 29.1075532635053 23.957001666228 20.5659704903762 15.3249974052111 2.55023284504811 10.0180488079786 25.5399296681086 35.6592213114103 35.3784114122391 42.5368050734202 55.0781587759654 70.1155165831248 75.4708846410116 68.7029113372167 60.872957110405 57.2087566057841 52.5300850470861 50.1223703225454 50.5999624729156 45.9158072868983 42.7559316158295 43.8548425833384 42.0998334884644 44.9761946996053 43.2355602582296 29.6543190876643 28.7249907851219 30.0697609782219 18.9100069304307 41.22410962979 66.3546125094096 69.3638473749161 44.9448376893997 13.3376580973466 10.3519726544619 15.1004778842131 15.496784200271 13.4431595603625 14.4185597697894 13.5906947155794 7.50632646183173 4.66392034043868 10.1140253245831 14.2647946874301 24.9177291989326 47.8128492832184 109.000702699025 139.889856179555
51.8283993005753 46.8476166327794 45.5483744541804 46.5732365846634 43.5270170370738 37.8070026636124 33.2050646344821 33.5092544555664 32.3799674709638 37.9343951741854 45.1765606800715 50.2628237009048 50.5265096823374 46.1294899384181 55.8507641156515 70.3487247228622 80.3280572096507 80.667903025945 73.8377670447032 64.6631369988124 58.9910646279653 55.2481512228648 53.1687388817469 54.6104510625203 47.6987560590108 37.9238178332647 33.1053038438161 35.605418185393 36.3688468933105 35.741999745369 15.7547617952029 16.0605311393738 12.9390706618627 20.4140606025855 72.8692462046941 82.9933981100718 51.9265135129293 16.7725508411725 5.69222991665204 5.77638732890288 8.4538875768582 6.41880060235659 14.825601130724 18.7217916051547 27.5045981009801 11.7768074075381 12.4542340636253 30.2056322495143 53.6474734544754 95.8477258682251 127.67348686854 140.858918428421
52.5777439276377 49.9707162380219 50.1273026069005 51.4643688996633 50.9644001722336 47.518382469813 47.3156074682871 54.5726368824641 70.2355702718099 66.3301249345144 57.7465792496999 58.8823606570562 64.1987671454747 52.7936319510142 53.9307445287704 61.9459897279739 69.4788048664729 76.790044705073 77.7092079321543 71.2333371241887 65.8378601074219 59.7713043292364 57.1563591559728 54.2630304892858 46.1853593587875 37.8687034050624 26.601475973924 27.7899081508319 30.4022207856178 15.6352532406648 11.2076662480831 9.53604280948639 5.57688934107621 2.42644222453237 66.3426170746485 84.4752689202626 65.8725549777349 53.6977003018061 24.2889275153478 2.26539916669329 0.0249082028555373 0 7.44968031843503 30.1445126533508 36.4305302500725 27.6749109228452 26.4432479937871 47.415296236674 101.806024710337 144.819686810176 138.903458913167 127.299149831136
51.8096337715785 48.6184457937876 43.4137086073558 39.0837118029594 39.3160730600357 41.1929935216904 41.2471244732539 52.3175249497096 61.7236097653707 57.4276844660441 48.7622867027918 48.0323483546575 58.4549357493718 54.4946740070979 51.1118670304616 49.612691005071 50.6243507067362 57.5162122646968 67.29822854201 71.4414268732071 67.3835575580597 61.5936567385991 55.7240545749664 50.4640142122904 43.7539021174113 35.8273660143216 26.3519063591957 16.0239065686862 26.793564359347 20.7583742837111 11.1802083750566 6.66734452048938 1.09863157073657 0 0.0200218928512186 74.729730685552 81.6431442896525 91.8498933315277 73.7077941497167 27.4595792094866 1.73025112599134 0 1.82810580978791 16.1549647649129 41.5521711111069 60.0999494393667 79.9528211355209 128.510395685832 168.23015610377 178.483068943024 163.860181967417 132.641851902008
53.8475960493088 51.8791576226552 46.31041487058 39.892223974069 38.4397183855375 41.1090925335884 34.3239183227221 32.203604777654 33.8996847470601 30.8563187718391 24.0506852666537 21.9289461771647 25.5065088470777 42.0589496692022 48.9663481712341 43.4712668259939 32.5898279746374 29.0607313315074 40.6083315610886 59.5368494590124 61.4003638426463 56.3281079133352 49.8175223668416 47.1094598372777 40.7088647286097 35.5985909700394 29.4762005408605 7.97252170741558 12.542021771272 32.4854031205177 16.6928345958392 10.3166072318951 3.26383827875058 0 0 53.8520663976669 94.0161347389221 108.127474784851 94.8607822259267 66.3289427757263 34.533217549324 6.97048256794612 4.54081936428944 20.7699909806252 50.1081347465515 110.903292894363 150.818844636281 180.667201677958 189.628024895986 188.934187094371 179.472804069519 151.778280735016
55.4816126823425 55.411234498024 52.9539485772451 49.5658566554387 47.752966483434 47.0480571190516 32.7057590087255 19.7858835260073 20.1313657065233 21.9943597912788 19.5181804398696 17.0566166440646 18.1474648416042 38.4321138262749 51.5809754530589 42.2199616829554 25.1591602961222 13.7110278010368 16.8146627644698 30.3702155749003 40.9425348043442 44.4420178731283 45.0012336174647 38.1711920102437 34.1027503212293 29.7964364290237 11.2877773741881 5.75029663741589 9.12771125634511 35.4934334754944 43.9014037450155 37.1002902587255 18.3406211435795 0 0 31.9937393069267 87.3032609621684 95.5638190110524 76.9054094950358 73.8864640394847 78.2914459705353 62.907800078392 41.6966527700424 55.765837430954 106.003443400065 149.749199549357 172.584255536397 183.570861816406 185.367743174235 182.933529218038 178.065637747447 156.608154376348
