input/barkrak2/radiation/dir34824.grid
NCOLS 85 
NROWS 70 
XLLCORNER 665100 
YLLCORNER 4664600 
CELLSIZE 20 
NODATA_value -9999 
[rows 23 to 45 of 70, columns 0 to 51 of 85]
57.8330457210541 48.0216592550278 19.4368337591489 4.07414355625709 0.0921793786498408 7.22123558322589 4.62618128707012 3.58345173299313 2.45269294828176 2.16533585141102 2.11887061595917 1.29463251990577 9.20135093231996 12.6268255213896 9.93207283318043 10.6821283698082 15.8105678856373 22.6514860987663 27.9737735788027 21.82537317276 20.6240179638068 23.9001090327899 34.2313001553218 42.6837106545766 49.5290358861287 49.2913424968719 43.0155545473099 37.4064520001411 17.1294634540876 7.6830747226874 4.47172826776902 0.755253635967771 0 0 0 0 0 0 0 0 0 0 0 0 0 0 0 0 0 0 0 0
57.7725470066071 53.9395908514659 33.7809274593989 8.21030388275782 0 2.57594557479024 3.96190149088701 4.041513428092 3.28535617639621 3.33718303591013 2.12737498804927 1.92262465134263 4.74046356976032 10.5469052990278 9.83883626759052 9.70674057801565 13.8786993920803 21.4064965645472 26.76772326231 20.1298135022322 18.5556250313918 15.944575270017 22.4770431717237 29.8800418774287 33.9023272196452 34.3398575981458 31.2492574254672 28.2393991947174 12.2934778531392 3.91822898139556 1.59030656019847 0.837304396554828 0 0 0 0 0 0 0 0 0 0 0 0 0 0 0 0 0 0 0 0
46.1686799923579 49.9947567780813 43.1529531876246 16.6128240525723 0 6.92850475509961 13.7790652612845 21.1278771360715 23.1959943970044 18.4121156732241 14.1189073522886 15.053853392601 13.5369089742502 16.0857339700063 16.3368893166383 11.7187338570754 13.0783480902513 19.5774175226688 26.0431592663129 27.9895986119906 28.4726743896802 24.9975994229317 22.2569381197294 21.7671444018682 24.2285281419754 25.8067349592845 22.3663051923116 23.0243553717931 13.4761296212673 9.97624608377616 7.62880469361941 9.69378650188446 5.58144288758437 0 0 0 0 0 0 0 0 0 0 0 0 0 0 0 0 0 0 0
44.9171264966329 49.4281748930613 47.0900237560272 24.6638755003611 4.44195761034886 16.9520142177741 30.3771148125331 40.5010730028152 47.8721956411997 42.0712182919184 26.711143553257 27.257447441419 24.260605374972 26.4529163638751 26.5168274442355 17.0931778848171 15.0904580950737 21.2651963035266 28.0995989839236 37.454808751742 38.8096049427986 36.0064754883448 28.5158430536588 23.3294690648715 23.619810740153 25.3465324640274 21.521121263504 28.595211605231 27.4575700362523 26.3095224897067 29.637577633063 43.8799907763799 51.093598206838 32.3603600263596 0 0 0 0 0 0 0 0 0 0 0 0 0 0 0 0 0 0
46.0616896549861 45.2539871136347 45.2336917320887 29.9574409921964 25.0014737248421 35.5707754691442 49.5793521404266 56.0068786144257 56.9001734256744 48.4378188848495 36.8190482258797 30.9596732258797 27.4258082111677 28.6086350679398 30.3728630145391 24.7645303606987 20.5257001022498 25.1002162694931 35.6451943516731 40.8160885175069 37.9019106427828 30.4260825117429 28.7204335133235 29.0887256463369 29.2023743192355 29.2592744032542 26.9695048530896 36.1554349462191 51.8581916888555 56.0208360354106 58.7483594814936 64.3021365006765 74.0627845128377 78.9053440093994 38.327490290006 0 0 0 0 0 0 0 0 0 0 0 0 0 0 0 0 0
48.835501074791 39.6956205368042 40.0597924987475 32.1552728613218 43.5243199268977 48.0976551771164 54.1041940450668 52.9654125372569 46.1653470993042 37.9073098301888 30.8846409122149 26.0023226340612 26.1376574635506 29.8833325505257 32.04678495725 32.2322671612104 27.2678732872009 24.2706313729286 31.4588248729706 34.4692667325338 32.2714472810427 26.0105555256208 26.1759335796038 31.1817203958829 33.2167049249013 30.0354187687238 30.7689805825551 36.0026682416598 57.4997514486313 69.6234703063965 74.9693463246028 77.8751224279404 85.2076808611552 87.4884724617004 76.9053945938746 15.755906701088 0 0 0 0 0 0 0 0 0 0 0 0 0 0 0 0
50.0828673442205 35.5565349260966 35.4489559928576 36.1786832412084 45.5896804730097 49.0356038014094 41.7576829592387 27.2621686259906 7.75762026508649 5.25425622860591 5.4094810038805 13.2610065241655 23.8502472639084 30.2833492557208 32.0188676317533 35.2673456072807 33.1359083453814 22.3596667249997 23.6393511295319 26.6160989801089 25.8454506595929 25.6599957744281 25.650347272555 31.0182347893715 35.60637931029 32.6355546712875 34.5822920401891 36.2920562426249 51.5239238739014 71.8052138884862 82.9793314139048 87.1567130088806 88.4045163790385 91.2571946779887 95.8133041858673 77.5645325581233 11.1514876286189 0 0 0 0 0 0 0 0 0 0 0 0 0 0 0
49.5051046212514 49.7260242700577 66.280131538709 92.5489068031311 74.3163973093033 54.9995998541514 33.8306079308192 7.38639198243618 5.64421899616718 9.79186967015266 4.48344709972541 3.9344597607851 23.2984001437823 31.4779231945674 34.3816677729289 39.6704326073329 36.5003695090612 26.1932065089544 25.4430770874023 27.8659537434578 25.2626563111941 28.6923870444298 30.3209076325099 32.1874022483826 37.4084363381068 40.8343325058619 39.3978953361511 41.4760162432989 52.9313186804454 74.9098310867945 88.507741689682 91.1109745502472 88.3755584557851 95.9696968396505 105.373919010162 108.042101065318 82.4642479419708 31.182736158371 0 0 0 0 0 0 0 0 0 0 0 0 0 0
59.5389107863108 88.0529880523682 131.964107354482 152.268648147583 133.263210455577 88.8006289800008 48.7159689267476 25.9669721126556 21.5923488140106 24.961585799853 19.3374852339427 16.885694116354 23.7950533628464 29.8338110248248 37.7498989303907 42.6676869392395 38.4481276075045 33.1626981496811 27.8394098083178 28.6011919379234 28.5406708717346 31.0035894314448 33.072883884112 33.2056954503059 37.2195914387703 47.7311015129089 47.8329161802928 52.7811348438263 61.2586637338003 76.3053198655446 89.3357197443644 93.140701452891 94.6219364802043 99.2062985897064 107.093125581741 107.982486486435 101.271212100983 82.2261869907379 26.7879118522008 0 0 0 0 0 0 0 0 0 0 0 0 0
112.204303344091 146.247754494349 172.087768713633 174.752712249756 171.814441680908 147.384832302729 109.511107206345 79.0446599324544 60.0661685069402 50.1857946316401 45.0143168369929 37.2182404001554 27.255450685819 28.3045719067256 36.8922079602877 41.7959441741308 36.5471715728442 38.077342013518 28.3714185158412 26.751642425855 30.3906599680583 31.9050475955009 32.3184008399645 32.4457585811615 35.9038114547729 48.0947395165761 53.2963772614797 59.8335564136505 67.874401807785 74.5814392964045 84.6660534540812 93.9949750900269 94.3839550018311 90.1668568452199 92.5304293632507 88.4811679522196 89.8130138715108 77.0764847596486 39.6399547656377 0.0606412795605138 0 0 0 0 0 0 0 0 0 0 0 0
163.78312309583 182.074785232544 186.792016029358 184.773445129395 187.691430250804 184.339741865794 163.645923137665 126.760731140773 92.5026834011078 69.9893136819204 70.4300552606583 64.1050587097804 41.7003035545349 33.5947920878728 34.3152532974879 37.3402386903763 32.4736485878626 33.1832319498062 26.9931306441625 28.0923992395401 27.733455101649 28.6648621161779 27.9667327801387 28.0784318844477 33.8756889104843 42.701448003451 53.3304313818614 56.0784240563711 64.2388015985489 74.2808828751246 83.5949778556824 85.2531890074412 78.6750167608261 69.4667349259059 70.1917012532552 59.5615655183792 60.8621835708618 47.9798962672551 11.443980038166 0 0.449402257800102 0 0 0 0 0 0 0 0 0 0 0
177.988549073537 186.999281247457 186.482508977254 187.771737575531 189.268747965495 188.041567802429 178.611318270365 150.127629439036 107.174257437388 82.1555157502492 83.0293347438176 80.8348258336385 61.6246362527212 42.4647827943166 34.8714590072632 35.5911801258723 30.0700068473816 27.0411670207977 26.931419968605 29.6703825394313 26.7801880836487 26.3349960247676 27.1677722533544 28.2256926099459 31.6096817453702 37.6756663123767 45.9094742933909 47.2387075424194 54.6919306119283 70.2144702275594 76.5140553315481 75.4994004964828 70.6892311573029 64.8035009702047 58.4758619467417 48.6239790916443 52.3441980282466 49.8932301998138 32.606636484464 4.0477920944492 1.00497730697195 0 0 0 0 0 0 0 0 0 0 0
169.664959112803 174.202700455983 171.12785577774 172.05411195755 173.54416847229 168.444494406382 162.153979142507 147.138307491938 113.361815611521 94.1326419512431 87.2113903363546 81.5588931242625 72.805513938268 49.2835094531377 38.077379266421 38.8322000702222 32.6311563452085 26.1207967996597 29.3528487284978 30.5142651001612 29.6773811181386 27.2191415230433 29.3933277328809 32.9274858037631 31.8267916639646 35.709207256635 39.5936419566472 40.2314811944962 46.824370821317 62.1922016143799 71.0922330617905 70.2762355407079 72.3111629486084 73.0834305286407 58.6405446132024 53.713654478391 57.6002548138301 63.4798258543015 58.0272227525711 23.2403328021367 0 0 0 0 0 0 0 0 0 0 0 0
144.753714402517 148.534933725993 150.097668170929 147.43102590243 146.989524364471 146.02142572403 150.579869747162 148.770540952682 123.849421739578 102.054129044215 89.8784101009369 73.2346226771673 65.0044033924739 44.8949187994003 34.258504708608 38.8734589020411 40.2561078468959 30.3778424859047 32.4547812342644 35.1404696702957 35.5699782570203 32.4306463201841 32.5872252384822 35.3324562311172 33.2685435811679 33.5314745704333 38.6673361063004 43.5999780893326 47.6682285467784 58.3929121494293 67.8607771794001 72.050263484319 73.847437898318 76.7830361922582 62.1363421281179 61.255027850469 61.2831016381582 69.021925330162 68.4901724259059 34.6648643414179 0 0 0 0 0 0 0 0 0 0 0 0
121.796707312266 131.307899951935 141.940414905548 139.133850733439 138.159066438675 143.992523352305 153.665939966838 158.227602640788 142.498284578323 113.618989785512 91.2627478440603 64.5533700784047 49.4282096624374 38.3117521802584 30.6843742728233 34.4287802775701 43.6673859755198 36.9203040997187 34.6689149737358 37.9982541004817 38.4851818283399 35.6477449337641 33.7501640121142 34.7303549448649 35.9677945574125 35.0375895698865 37.6746704181035 45.2887664238612 47.9413519303004 52.8644422690074 63.5181367397308 72.9765196641286 74.494943022728 69.8041220506032 59.537539879481 68.2000021139781 69.7332074244817 75.1643031835556 75.3849744796753 52.322839697202 0 0 0 0 0 0 0 0 0 0 0 0
87.2795283794403 97.9104936122894 106.514463822047 110.652754704158 118.225077788035 133.726884921392 148.206283648809 155.997782945633 153.343707323074 126.065184672674 93.4810042381287 62.2588892777761 44.3156907955805 41.5268739064535 35.2944085995356 30.0473844011625 39.7223830223083 40.3546243906021 35.4921370744705 35.5745355288188 36.000594496727 34.0747088193893 32.0015326142311 33.1397900978724 35.7898424069087 39.1969010233879 38.7480407953262 42.8280681371689 47.2406893968582 47.752837340037 56.1508238315582 69.6068853139877 73.2331971327464 61.1037264267604 62.1410558621089 75.7662753264109 77.3948530356089 76.8596629301707 78.818678855896 75.3875871499379 26.4779975016912 0 0 0 0 0 0 0 0 0 0 0
54.4096132119497 60.7679138580958 60.2810184160868 70.0336396694183 84.8625004291534 101.355612277985 115.290135145187 127.870877583822 129.237135251363 106.790403525035 73.7438201904297 51.5249172846476 39.8116186261177 38.3160511652629 35.6586302320162 31.6001996397972 35.8494793375333 36.4595254262288 30.9231926997503 31.3698500394821 34.1363151868184 37.3761728405952 37.1791844566663 33.5163722435633 33.0413629611333 35.8118067185084 40.102223555247 42.8897688786189 46.4879423379898 45.7444489002228 48.1328268845876 59.8540951808294 66.6325986385345 63.1420612335205 78.455775976181 84.004282951355 81.8056364854177 76.7692625522614 81.9573948780696 94.222883383433 84.2815140883128 32.869428396225 0 0 0 0 0 0 0 0 0 0
44.2479948202769 45.9491610527039 46.0472156604131 48.085480928421 56.3006599744161 62.2622668743134 65.9421682357788 71.1467911799749 72.1213420232137 57.706077893575 43.2313183943431 39.3066604932149 38.1085276603699 36.0214039683342 34.7602168718974 35.8156313498815 34.6715574463209 34.2958892385165 31.071737408638 31.4505944649378 35.4080920418104 40.1630600293477 41.7145142952601 38.3186191320419 35.5057045817375 34.28815305233 42.3798511425654 44.4610714912415 46.7245131731033 47.3032693068186 46.7451711495717 53.4370938936869 60.9504729509354 69.3064381678899 85.7672393321991 82.4329157670339 75.5675534407298 67.2497749328613 69.4094200929006 85.9244465827942 94.5514341195424 85.3383640448252 42.8002774715424 0.783970036233465 0 0 0 0 0 0 0 0
51.8402804931005 49.5815376440684 49.8073051373164 49.6459205945333 46.416699886322 44.5973227421443 43.5465723276138 44.7856883207957 49.4651148716609 42.0996149381002 35.3767350316048 36.815345287323 39.7751778364182 39.9627933899562 38.8562356432279 37.7340316772461 33.0242291092873 39.3674646814664 41.1326686541239 37.8745198249817 40.0136162837346 40.3791988889376 39.3125762542089 41.7454987764359 43.2891547679901 38.8314202427864 43.2750384012858 46.2279419104258 47.5046286980311 48.4223961830139 48.9877114693324 52.2320568561554 59.0531975030899 74.0481515725454 78.7810881932576 73.9832470814387 65.0650759538015 56.5179437398911 53.4937034050624 62.2106293837229 87.0084563891093 89.5543098449707 67.2110319137573 23.0996708075205 0 0 0 0 0 0 0 0
55.8266043663025 53.2570133606593 56.0241341590881 54.7433445851008 48.4175284703573 45.4903443654378 43.5507992903391 41.3994068900744 41.7382468779882 38.5781973600388 37.0816936095556 37.0597392320633 40.8106123407682 44.0042515595754 43.3065742254257 41.0124783714612 38.3411596218745 43.2079484065374 45.9953844547272 41.6021272540092 39.5599255959193 37.3319933811824 34.7397724787394 37.2356424729029 41.8341855208079 38.8903866211573 35.7998609542847 40.4948741197586 44.8540548483531 47.0374127229055 47.5167085727056 47.4470357100169 57.3084056377411 73.5521217187246 79.3530941009521 64.8137380679448 56.2359193960826 53.1021058559418 51.7039199670156 57.7866186698278 65.6628956397374 68.2299435138702 56.2452375888824 29.741182923317 0 0 0 0 0 0 0 0
41.3507074117661 43.8659985860189 51.9528239965439 49.5928923288981 51.9319822390874 54.3007204929988 53.651029864947 49.768070379893 40.5148590604464 39.2899041374524 42.3724601666133 39.0793234109879 40.1845375696818 43.508102496465 43.8661823670069 41.5489797790845 42.8465257088343 45.2294598023097 45.4552620649338 41.490430633227 37.4048153559367 34.6882417798042 33.1992929180463 33.9684287707011 36.9392906626066 40.1106923818588 35.5694244305293 37.4243905146917 41.8002903461456 43.2375768820445 41.966845591863 40.070744852225 49.3447184562683 62.1703714132309 67.1490033467611 58.2946886618932 55.1391492287318 57.3967198530833 58.0501755078634 58.3972881237666 55.2653123935064 53.6170502503713 50.2195358276367 29.4767245650291 0.238705077208579 0 0 0 0 0 0 0
39.9356807271639 45.3716417153676 48.188716173172 48.8407909870148 50.6165971358617 52.9618362585704 53.4108181794484 49.9046146869659 45.8770891030629 42.3981348673503 43.984591960907 42.0562972625097 39.6084065238635 38.624107837677 38.0553354819616 38.4049862623215 35.9512319167455 41.1393294731776 42.9716606934865 41.2286370992661 37.5965560475985 36.2123052279154 36.3265822331111 37.6224840680758 36.5031162897746 44.5880194505056 46.7414955298106 43.758824467659 42.2463069359461 42.0170029004415 38.1367554267248 36.1491963267326 41.1454488833745 45.6325511137644 50.6329536437988 53.3212025960286 56.9895108540853 62.2387528419495 63.2128268480301 54.7670672337214 53.217093149821 50.865372021993 49.1633713245392 33.7577710549037 6.47059703866641 0 0 0 0 0 0 0
45.6975201765696 50.0862101713816 47.4299440781275 50.5812068780263 49.2652108271917 49.4511425495148 50.9999046723048 49.8703420162201 51.2353082497915 47.0803479353587 46.5933084487915 46.1653421322505 42.256236076355 38.1203417976697 37.3618950446447 40.7070765892665 36.5478644768397 39.6812160809835 42.9444362719854 41.829526424408 39.3674423297246 38.7380470832189 38.8368517160416 40.7924974958102 43.5516834259033 44.2233830690384 49.2148995399475 46.1419771114985 43.8127418359121 42.967826128006 39.2868195970853 36.433736483256 38.964589436849 37.7623910705248 38.9480739831924 42.1199301878611 48.1981386741002 55.8099448680878 54.6651929616928 45.2984571456909 46.8857089678446 43.5434480508169 44.6493277947108 41.689525047938 26.824489235878 2.65880798300107 0 0 0 0 0 0
