input/barkrak2/radiation/dir33924.grid
NCOLS 85 
NROWS 70 
XLLCORNER 665100 
YLLCORNER 4664600 
CELLSIZE 20 
NODATA_value -9999 
[rows 46 to 68 of 70, columns 0 to 51 of 85]
49.687534570694 51.2389441331228 53.7234842777252 55.7329605023066 55.5185973644257 55.373877286911 57.2904100020727 59.0443561474482 55.8634301026662 54.7274301449458 54.14846042792 53.4614821275075 49.7137804826101 46.841949224472 47.1853663523992 49.9003827571869 48.6173331737518 43.3705002069473 47.6810683806737 46.5678075949351 44.1595762968063 45.2586313088735 45.6780294577281 44.0043260653814 51.721046368281 46.4649746815364 47.6986169815063 48.4194904565811 47.2010870774587 47.0383316278458 45.5375512440999 42.6355302333832 41.9516712427139 41.7215873797735 44.0547118584315 45.4461624224981 46.5875864028931 50.3631780544917 52.1909346183141 49.3924121061961 48.4298467636108 46.1117923259735 50.3391027450562 54.6667178471883 47.4350949128469 22.5455363591512 0.708338882153233 0 0 0 0 0
43.9514617125193 46.2276488542557 51.4480819304784 52.9900888601939 56.5267751614253 58.0847412347794 56.2394311030706 56.0394376516342 56.1401943365733 58.7340195973714 56.049570441246 52.6929249366124 51.2799719969432 51.4183193445206 49.8917500178019 48.8400459289551 48.1043408314387 41.7171368996302 45.4025616248449 45.9860364596049 43.8662171363831 44.2907313505808 47.2359210252762 42.9935455322266 46.494334936142 46.4004874229431 42.4854209025701 45.536145567894 46.9701538483302 46.0454920927683 47.1942673126856 46.315719683965 41.7658189932505 44.3546026945114 53.7980000178019 58.7404270966848 53.2964368661245 47.7887491385142 50.3629247347514 57.6750834782918 52.0139336585999 46.554168065389 52.9798318942388 57.0027728875478 52.5593707958857 37.1095488468806 8.66859778761864 0 0 0 0 0
37.501389781634 40.5729686220487 45.5193022886912 48.6178000768026 54.9159447352091 58.2574903964996 55.428683757782 53.7630716959635 57.7725470066071 60.0472539663315 58.15689265728 54.2767892281214 53.4099886814753 54.2231500148773 52.0120163758596 46.8706091245015 46.3815728823344 42.291005452474 45.0303753217061 48.0537116527557 47.4186688661575 47.4727253119151 49.2948244015376 45.9738820791245 44.8032965262731 48.924262324969 46.0692097743352 49.7643401225408 53.7444055080414 56.0448318719864 59.0443164110184 59.5097790161769 51.4226704835892 51.9809027512868 59.5559974511464 66.5340920289357 65.1602347691854 54.921547571818 52.0773579676946 54.910217722257 49.5720356702805 45.6701815128326 44.3365921576818 44.2847311496735 43.4972941875458 42.742262283961 31.893531481425 1.74174085259438 0 0 0 0
36.5171084801356 34.5902368426323 38.5590046644211 46.0028499364853 51.4346758524577 54.3573300043742 56.9029450416565 59.6378942330678 60.9187434116999 57.8080366055171 59.86021955808 59.9684119224548 56.731715798378 54.3283571799596 53.1415641307831 48.7931072711945 47.5221822659175 45.6077655156453 47.9615579048792 51.6049067179362 53.0823717514674 53.1207372744878 50.7296770811081 51.1118372281392 47.1893101930618 49.9560882647832 54.7827333211899 58.0072303613027 63.7216518322627 69.0420319636663 74.4451930125554 75.3737936417262 66.0493473211924 60.2699021498362 59.7637444734573 59.6410135428111 71.0954666137695 65.676361322403 53.6723633607229 47.9125529527664 43.5845603545507 44.2689061164856 44.9377199014028 41.1886622508367 38.2305830717087 38.6132995287577 23.7375174959501 7.36895762383938 0 0 0 0
36.7120057344437 39.9736215670904 43.4108475844065 49.2520481348038 49.5974471171697 49.9907433986664 57.5278699398041 62.466229001681 62.6040697097778 62.3320390780767 62.1909697850545 62.2529536485672 58.6999952793121 54.8402418692907 55.0063997507095 58.1399152676264 51.5404095252355 51.7263859510422 52.5540461142858 56.0072461764018 57.7938954035441 55.0791621208191 52.8906434774399 53.0378818511963 47.8399892648061 52.1751443545024 57.6291183630625 62.9200537999471 69.4514364004135 75.5819628636042 81.4105967680613 83.8863849639893 77.4673869212468 64.5775745312373 46.5447505315145 49.7184942166011 57.9258700211843 66.3452396790187 58.3698252836863 44.9251731236776 40.1590416828791 44.8173979918162 50.1438031593959 44.202521443367 41.1426822344462 37.6636932293574 21.6388950745265 11.0766813158989 0 0 0 0
37.487268447876 47.7462808291117 49.7568398714066 50.9173472722371 48.9720006783803 48.7510810295741 56.0568571090698 61.1510078112284 61.0847026109695 65.9193744262059 63.8418843348821 63.1216367085775 61.1965556939443 56.9128096103668 57.1167767047882 62.3425195614497 56.7601372798284 54.5371870199839 52.7577996253967 53.7016739447912 54.0597041447957 52.4506767590841 52.1932194630305 48.7214823563894 48.0177849531174 49.4009405374527 52.4501105149587 55.3573071956635 58.3565135796865 70.1049665609996 77.1460930506388 82.5679699579875 76.1922597885132 57.8033030033112 19.1888014475505 18.736656755209 25.1914287606875 51.7887969811757 64.4465933243434 62.6070747772853 57.7505876620611 48.8570183515549 42.7871445814768 38.660022119681 42.8163707256317 38.5798290371895 21.5318178137143 15.8805636068185 0.264481214495997 0 0 0
40.9116297960281 39.3721908330917 38.6927276849747 40.7739629348119 46.5615491072337 51.6756574312846 52.5937924782435 57.9689145088196 57.8983724117279 62.5864416360855 62.8720869620641 64.8079216480255 64.5548949639003 60.3812684615453 59.0227544307709 57.6257159312566 59.0598036845525 53.3372859160105 49.4608879089355 46.9345251719157 46.6664036115011 48.2387443383535 49.0066160758336 44.6582138538361 45.7898328701655 43.7905589739482 45.3951805830002 44.8389997084936 46.4910616477331 51.3809372981389 56.8277984857559 66.7619208494822 64.5597477753957 36.0940173268318 15.4156424105167 8.48624793191751 9.20630308489005 17.0315876603127 42.3276325066884 56.0173789660136 61.7407957712809 51.1209666728973 37.2853428125381 34.0513239304225 38.3096064130465 24.8863597710927 21.0125272472699 31.5582007169724 16.2752382457256 0.0314826732695413 0 0
43.2008306185404 34.425862133503 32.5254648923874 37.2529774904251 47.4901994069417 55.220623811086 55.0412883361181 56.2039911746979 58.599129319191 59.1740111509959 61.1075510581334 63.7832581996918 65.4478172461192 64.4181072711945 60.433233777682 58.4006706873576 60.5131735404333 54.6913494666417 50.3065437078476 50.7887452840805 50.3283639748891 48.7364878257116 46.9040671984355 44.3601508935293 44.1607634226481 41.622723142306 40.9638012448947 42.547548810641 41.0398791233699 39.6260693669319 34.1277867555618 40.0998344024022 42.8203443686167 22.0658481121063 16.9236920773983 9.2931358764569 1.95249278719227 1.02465118591984 8.12892553706964 22.6752584179242 44.9104557434718 43.1318382422129 35.5005537470182 30.1198909680049 20.8796684940656 21.8628694613775 19.8543568452199 37.6404970884323 44.7155386209488 26.3000950217247 2.07943872859081 0
43.3580329020818 38.3524571855863 36.6112440824509 41.4832358558973 49.8665819565455 56.7143261432648 59.658686319987 55.9437076250712 60.1777335007985 58.8955382506053 62.5954965750376 64.1207297643026 65.6785468260447 67.2512451807658 63.1379733482997 62.7079755067825 63.0098581314087 58.6055119832357 54.9080421527227 55.3999145825704 54.8052986462911 51.4211853345235 49.7607241074244 49.7047454118729 47.4787255128225 45.5642839272817 43.5158262650172 39.8350159327189 37.6793394486109 33.6315780878067 25.995135307312 30.7356640696526 38.0130857229233 40.1558404167493 38.3555640776952 28.2726610700289 9.80125553905964 1.9470164552331 1.16017352168759 5.44514817496141 19.1905535757542 23.0534871419271 19.4543041288853 14.0641778707504 13.8268594940503 18.7891585131486 20.5847558875879 26.4399945735931 40.8010284105937 44.9185719092687 27.9502744476 0.641653935114543
46.2688108285268 44.9327379465103 41.7931576569875 40.857824186484 46.2896525859833 56.023508310318 57.6112419366837 55.8241506417592 57.663361231486 62.6758337020874 68.4931923945745 69.3376859029134 67.4409170945485 68.0896937847137 66.3138379653295 66.1419580380122 66.472515463829 64.0240510304769 60.5285664399465 57.0762405792872 54.5616050561269 52.9074966907501 55.4987291495005 56.3953866561254 53.7898341814677 50.4089295864105 43.7221229076385 35.5500454703967 30.1107168197632 28.2875075936317 27.9185026884079 34.6215615669886 41.8556928634644 52.7670780817668 57.797426978747 56.1980207761129 41.733851035436 27.9546355207761 16.9814949234327 4.94846391181151 9.74762439727783 18.770677347978 19.295093913873 13.9966843028863 13.5627848406633 28.4577955802282 46.401634812355 40.1626552144686 35.3111873070399 40.8239290118217 31.4126561085383 7.27933645248413
48.6738781134287 48.1237173080444 47.1371412277222 44.0453092257182 45.2406356732051 53.5737673441569 55.5282831192017 55.6375483671824 55.9552162885666 64.677486817042 72.0402946074804 70.9687968095144 66.7424996693929 69.2007144292196 70.2555080254873 65.0879591703415 67.2241449356079 64.9420171976089 60.9329144159953 59.3743572632472 58.0798387527466 58.8384370009104 56.5762718518575 53.9174973964691 51.9864161809286 47.2933600346247 30.9196164210637 5.29005626837413 4.17175081868966 15.7540577153365 26.3110051552455 31.4272567629814 40.1133224368095 47.3789970080058 57.8245570262273 61.8592302004496 59.000829855601 53.0253350734711 39.9071524540583 22.4064489205678 11.2616630891959 18.8908316195011 37.4151716629664 37.6753062009811 31.4468840758006 48.5679805278778 71.8426704406738 61.8117501338323 41.2851696213086 29.6283215284348 14.1168969372908 8.38191931446393
47.6440886656443 45.8329220612844 49.3408540884654 50.3822316726049 48.2044170300166 50.566961367925 55.6747217973073 56.3872208197912 56.8759044011434 64.5885070164998 70.8982447783152 68.9860284328461 64.8507575194041 68.1114196777344 71.4809397856394 62.6190553108851 64.2188290754954 63.0728701750437 62.1607999006907 62.5926007827123 63.4730805953344 64.8013800382614 59.5517555872599 52.938237786293 52.4622897307078 48.8889316717784 33.2276771465937 16.2902300556501 15.8557370305061 22.2148473064105 32.1853409210841 35.2523997426033 48.7712870041529 58.2247873147329 68.8938548167547 62.6020381848017 59.2098832130432 22.823378443718 23.2303763429324 23.7851540247599 27.6400397221247 37.5003963708878 42.7246491114298 22.2232788801193 17.0838969449202 20.9448312719663 44.1869994004567 48.8821764787038 36.9175796707471 26.7095789313316 20.2498299380143 14.3558494746685
37.2690707445145 44.2278335491816 47.5721955299377 50.2390017112096 50.3277331590652 47.3264902830124 55.747722585996 59.0927352507909 60.0937753915787 64.9880021810532 66.9959882895152 66.5816466013591 65.7731791337331 64.5263840754827 66.0397907098134 62.6254926125209 59.6235593159994 62.6812030871709 65.1293446620305 66.4447695016861 68.2284931341807 64.6155824263891 63.223198056221 57.5989385445913 55.6361426909765 55.4109911123912 50.6537506977717 44.7622885306676 43.8864131768545 45.1725969711939 41.714072227478 41.2972494959831 57.5560132662455 69.7989463806152 50.486221909523 45.8951642115911 27.487243215243 11.5196493764718 4.06751409173012 9.17488460739454 9.03008754054705 35.2152536312739 45.2959487835566 38.3548413713773 26.9151255488396 28.0939787626266 40.9700820843379 45.09503642718 42.5038437048594 36.3051742315292 30.4543400804202 29.575136800607
28.6370068788528 41.9843345880508 45.6914802392324 48.5391269127528 51.3436396916707 47.797625263532 51.5535970528921 58.5130949815114 68.7534262736638 70.2348152796427 65.4802918434143 63.3429487546285 65.481369694074 64.9992823600769 65.0710016489029 62.8781020641327 59.673731525739 62.0816498994827 60.820534825325 58.2839250564575 60.004194577535 60.3303412596385 59.0437551339467 58.1820259491603 60.0143720706304 63.4858757257462 70.6296612819036 72.4045137564341 61.3569319248199 55.738111337026 45.3615188598633 38.2023925582568 47.9515095551809 48.5037465890249 19.7130565841993 13.5574527084827 12.8184122343858 7.40748333434264 0.669493262345592 0 0 12.2987367212772 40.5507559577624 63.0500614643097 68.6850796143214 62.2184326251348 60.7300996780396 60.6634765863419 60.6361577908198 50.2717643976212 40.0550911823908 50.0034242868423
30.5177420377731 39.4703422983487 46.1825877428055 48.4370142221451 50.0173668066661 50.2073566118876 44.9058810869853 53.9278735717138 72.7544774611791 71.4931190013885 63.7819916009903 60.5887323617935 63.1500581900279 67.0727491378784 65.9959763288498 63.1658683220545 62.2617900371552 60.1996133724848 54.0995299816132 47.4310467640559 47.6337373256683 51.187331477801 52.3543804883957 55.7976563771566 56.8588475386302 63.9734069506327 79.5063674449921 84.8025182882945 65.3570691744487 54.3283422787984 44.4355408350627 32.4733580152194 35.8908449610074 37.2610812385877 18.2252166171869 9.9055307606856 10.8327579994996 15.8266685903072 8.99978478749593 0.920975347980857 0 2.27759204184016 19.9553444981575 44.1578924655914 47.0387190580368 48.1136441230774 45.7765807708104 46.7491547266642 52.0577182372411 46.0393925507863 46.6213325659434 79.3741146723429
41.1335155367851 43.9338435729345 46.0435450077057 43.0156091849009 37.752740085125 34.0248470505079 41.4790983001391 46.864777803421 56.2092264493307 52.1559119224548 48.486386736234 53.6951124668121 62.1466934680939 63.9812499284744 60.2010637521744 62.0573262373606 62.6006225744883 57.2050462166468 49.7105121612549 44.9218600988388 44.4153249263763 44.7851866483688 48.7648844718933 52.3009995619456 53.2866219679515 57.4654787778854 71.1182504892349 77.4372716744741 65.7335221767426 51.2592097123464 43.8027083873749 29.2702689766884 21.5905085206032 40.4706274469694 37.27920850118 17.3513020078341 17.2886786361535 39.6930724382401 41.6048839688301 27.887557943662 6.09202869236469 3.17317682007949 11.2755472461383 18.0196228126685 16.8481891353925 18.4608735144138 20.8112758894761 22.9699561993281 22.4235778053602 39.2669712503751 59.6081217130025 111.743638912837
51.878035068512 48.7031837304433 45.1284845670064 38.5985573132833 29.4815947612127 24.0234012405078 32.5291082262993 33.3616410692533 24.2387925585111 22.6860369245211 34.9541654189428 44.4450527429581 50.7639050483704 54.9484640359879 57.9135169585546 67.5971657037735 70.5411334832509 62.2241993745168 54.141029715538 50.8839140335719 48.578550418218 48.0764210224152 49.0869879722595 48.951451977094 48.4841018915176 54.0197292963664 61.1073325077693 63.6481990416845 57.7593992153803 39.4416525959969 38.7138277292252 34.0264240900675 30.1917940378189 48.4343866507212 54.7889570395152 43.3434943358103 33.8336229324341 20.9538812438647 27.074433863163 31.552329659462 21.8592708309491 9.32657408217589 10.9715051949024 11.4211899538835 6.43791258335114 7.47207552194595 14.5032132665316 16.4647834996382 17.4720510840416 39.5496139923731 84.3594372272491 127.440094947815
54.472009340922 48.1717735528946 43.6150282621384 40.0713011622429 33.3970114588737 28.0059948563576 23.9877973993619 19.4165880481402 5.5682888875405 13.2514958580335 29.0717606743177 40.0571078062057 39.835587143898 47.3542263110479 60.1620177427928 75.4684706528981 81.0724596182505 74.0197201569875 65.9897327423096 62.2006456057231 57.0672253767649 55.5025637149811 55.1518698533376 50.1262644926707 46.6488500436147 48.5825488964717 49.0764677524567 50.8887122074763 46.6549595197042 32.9515834649404 31.615453461806 33.0150599280993 25.5504325032234 46.0356076558431 70.3695317109426 73.4404226144155 48.586368560791 15.1750271519025 11.9946176807086 17.0547502736251 17.4750859538714 15.2891352772713 16.3304880261421 15.4437596599261 8.96701340874036 5.92972214023272 11.7499108115832 17.8553760051727 28.0480136473974 52.3354162772497 115.336676438649 146.506021420161
56.8425506353378 51.700363556544 50.4410415887833 51.3970106840134 48.2940624157588 42.3975686232249 37.6341665784518 37.9447415471077 36.7927998304367 42.4192001422246 49.9807596206665 55.1618138949076 55.4426709810893 50.9151369333267 60.9240233898163 76.4126926660538 85.8522752920787 86.4287118117015 79.2585114638011 69.9500342210134 64.3894573052724 59.8057607809703 57.7310423056285 59.1558565696081 51.8180231253306 41.5450533231099 39.3060967326164 42.4789686997732 39.8508633176486 39.2695516347885 20.549966643254 18.068827688694 14.7412108878295 22.7012609442075 77.1480649709702 87.2434278329213 55.604433019956 18.8233194251855 7.02290919919809 7.11259245872498 9.97050913671652 7.6167235771815 17.0200988650322 23.7921302517255 30.6667809685071 15.5927414695422 14.2430799702803 33.5776209831238 58.177724480629 101.833671331406 134.201109409332 147.375663121541
57.5670301914215 54.9618800481161 54.9909969170888 56.350847085317 55.837944149971 52.4061818917592 52.248626947403 59.637576341629 75.5438109238942 71.7179477214813 63.050776720047 63.6401375134786 69.9565907319387 57.9123596350352 58.9976559082667 67.16521581014 75.3865540027618 82.4013402064641 83.1907093524933 76.6408046086629 71.1825291315715 64.6936198075612 61.6375754276911 58.0755869547526 53.0811746915182 41.6910449663798 29.7217667102814 31.1033179362615 34.0320467948914 17.6088437438011 12.8962571422259 11.1132202049096 6.88393041491508 5.50628205140432 71.1180518070857 88.7090563774109 69.7509547074636 57.5408538182577 27.2401620944341 3.23825143277645 0.184481905307621 0 8.89428332448006 33.9793438712756 40.0200436512629 30.9354960918427 29.6701739231745 51.7306625843048 107.745736837387 151.745478312174 145.480374495188 133.514245351156
56.7861100037893 53.5440842310588 48.1915920972824 43.7098542849223 43.9277638991674 45.8971659342448 46.0116416215897 57.5742373863856 67.5195058186849 62.4395956595739 53.1747738520304 53.2977779706319 64.0096962451935 59.5556596914927 56.1510225137075 55.15189965566 55.7647446791331 62.6305441061656 72.6608137289683 76.8454323212306 72.7405697107315 67.0443624258041 60.1638605197271 55.4219285647074 47.879214088122 41.8491711219152 29.1466489434242 18.5147561132908 30.1336174209913 26.5022392074267 12.8639563918114 8.04986742635568 1.87606426576773 0 0.177113455720246 78.8815120855967 85.7630769411723 96.3610212008158 78.1045605738958 30.4405341545741 2.56817508488894 0 2.73388686279456 18.1801058351994 45.3731914361318 64.607967933019 85.1421852906545 134.941081206004 175.403038660685 185.71392695109 170.786301294963 138.909151156743
58.9041411876678 56.8857391675313 51.1384854714076 44.539416829745 43.0518488089244 45.8152244488398 38.6686573425929 36.1764232317607 37.6227299372355 34.4265500704447 27.8334667285283 25.3606736660004 28.9811491966248 46.7243939638138 53.8241614898046 48.3712802330653 37.9185204704603 33.491795261701 45.2377299467723 64.8887554804484 66.7695899804433 61.4950557549795 54.9830496311188 51.6354143619537 44.7934120893478 38.7201582392057 32.7339023351669 11.3149074216684 16.7187849680583 35.7683251301448 18.7356447180112 11.9476057589054 4.39907858769099 0 0 58.112363020579 98.4125832716624 112.810075283051 99.39906001091 70.4631557067235 37.9398589332898 9.16858514149984 5.78121778865655 23.7445334593455 54.5216302076975 116.81659022967 157.449901103973 187.891046206156 196.886400381724 196.192105611165 186.648567517598 158.449709415436
60.5813463528951 60.510128736496 57.9701364040375 54.4841488202413 52.6373982429504 51.9303580125173 37.1221303939819 23.620051642259 23.8883917530378 26.0522117217382 23.3909636735916 20.7965907951196 21.9513823588689 43.0416166782379 56.5916250149409 47.3832041025162 28.7833660840988 17.0851312577724 20.5114682515462 35.6594522794088 45.802449186643 49.1085797548294 49.8138566811879 42.6285068194071 38.0502740542094 33.6217085520426 17.7500980595748 7.04563284913699 10.6048732995987 38.8962551951408 47.5148459275564 40.6490315993627 21.3437527418137 0 0 37.6188705364863 91.8669700622559 100.072046120962 81.0439338286718 78.0266026655833 82.8631967306137 67.5902863343557 45.8871424198151 60.487816731135 112.106442451477 156.619568665822 179.700434207916 190.831184387207 192.623178164164 190.192580223083 185.300946235657 163.478165864944
