input/barkrak2/radiation/dir34524.grid
NCOLS 85 
NROWS 70 
XLLCORNER 665100 
YLLCORNER 4664600 
CELLSIZE 20 
NODATA_value -9999 
[rows 0 to 22 of 70, columns 0 to 51 of 85]
45.038630565007502 56.9182535012563 65.7013754049937 78.6943435668945 86.5235428015391 90.9503897031148 90.7532175381978 95.4567790031433 101.56504313151 120.367000500361 121.124823888143 117.39989121755 113.134225209554 113.814373811086 112.265974283218 99.8762647310893 88.4458025296529 78.3982972304026 78.1509180863698 78.6134302616119 86.8760446707408 102.337529261907 118.778874476751 121.257106463114 122.749408086141 130.520522594452 129.34410572052 123.352070649465 122.042208909988 124.699324369431 121.38032913208 142.739196618398 171.980082988739 167.285760243734 163.926869630814 158.537417650223 163.859734932582 169.242739677429 163.95025451978 165.713528792063 162.766247987747 170.662879943848 176.631728808085 168.824990590413 161.442627509435 171.682854493459 178.03833882014 134.870717922846 91.1944111188253 87.3374740282695 107.761889696121 147.226790587107
28.88456483682 37.9075358311335 45.0116991996765 53.7221481402715 62.5674774249395 72.0247328281403 78.9226790269216 86.6797566413879 92.7440524101257 96.353550752004 95.8299040794373 105.754772822062 113.82661263148 113.862335681915 115.529010693232 102.148125569026 94.6380694707235 85.5212509632111 83.1272751092911 80.6181679169337 93.1481818358103 115.446120500565 128.817111253738 128.262648979823 130.82351287206 135.082225004832 132.42452343305 124.587754408518 122.498234113057 125.087479750315 129.1344165802 150.814294815063 171.436031659444 167.359213034312 162.45581706365 159.017145633698 166.066726048787 170.237859090169 162.835091352463 163.098712762197 162.04160451889 165.395071109136 161.539057890574 151.301721731822 149.251699447632 161.267777283986 163.253247737885 126.52188539505 98.4844962755839 107.673952976863 134.679764509201 166.412721077601
9.992898752292 12.1038258075714 20.3914244969686 25.2612680196762 28.2695839802424 36.1125518878301 45.2097952365875 61.1211210489273 70.0211425622304 75.5061556895574 80.7652622461319 93.6877131462097 93.5927629470825 94.057708978653 100.218067566554 111.804654200872 107.923209667206 96.4160859584808 83.2071403662364 80.9397995471954 91.4115210374196 108.189801375071 120.602577924728 127.835601568222 129.645923773448 130.522876977921 128.341575463613 125.219454367956 123.832027117411 127.765665451686 140.987426042557 160.701374212901 171.431163946788 165.999621152878 161.80827220281 161.569148302078 168.397605419159 170.439203580221 164.702236652374 158.171574274699 157.055904467901 150.779008865356 140.845537185669 133.44939549764 135.21021604538 150.395502646764 147.942543029785 120.20069360733 113.378038009008 134.352157513301 157.759090264638 176.997264226278
3.98440348605315 3.90198578437169 6.09657168388367 7.20686092972755 6.52816891670227 12.0092158516248 17.733725408713 26.2521207332611 39.4084999958674 49.1849184036255 59.9216322104136 74.8616556326548 80.9737841288249 80.5196762084961 86.8134001890818 93.9751466115316 93.6521093050639 84.4641228516897 78.8131952285767 75.6974766651789 77.9851526021957 82.2893629471461 94.5643186569214 103.9965848128 110.557854175568 111.994663874308 115.350445111593 121.789902448654 125.603119532267 130.150238672892 135.657836993535 151.245941718419 150.365402301153 156.777302424113 162.0145936807 162.135183811188 164.37773903211 162.41600116094 156.019558509191 146.841843922933 143.012781937917 137.795666853587 136.511911948522 143.714060386022 148.101071516673 142.609934012095 132.316410541534 117.634475231171 122.465411822001 136.970947186152 156.04626139005 173.415203889211
10.2981645613909 4.60073413948218 1.62794720381498 0 0 2.08581037198504 10.5800318221251 15.4942075411479 19.2799245317777 23.7496246894201 35.5705345670382 48.494428396225 54.6041280031204 61.5445127089818 68.0941840012868 72.1344153086344 74.7192402680715 74.7823317845662 72.7090040842692 74.1838067770004 73.2862651348114 74.4107315937678 82.868903875351 93.1973258654277 98.4006524085999 106.472283601761 107.995649178823 114.870975414912 118.40025583903 125.076274077098 130.582491556803 144.773294528325 138.936301072439 142.188568909963 143.889268239339 142.934451500575 149.920205275218 149.83065923055 141.931136449178 134.390612443288 134.095430374146 135.080844163895 142.915745576223 150.979101657867 150.800387064616 129.895637432734 109.546442826589 107.778668403625 117.240011692047 133.435408274333 162.201434373856 174.188077449799
32.198225458463 16.9953082998594 6.30625958244006 0.322015296357373 0 1.11974030733109 4.07414231449366 11.8347629904747 14.9028797944387 15.1472029586633 18.5093705852826 23.9053393403689 29.9223909775416 37.7457737922668 43.5434182484945 50.2041677633921 55.7113736867905 63.6084775129954 66.6888654232025 75.4281977812449 78.7168194850286 83.0032577117284 84.1417610645294 87.7418220043182 92.0992394288381 98.1394946575165 104.848136504491 110.05038022995 116.317202647527 122.270226478577 133.470217386882 141.30237698555 132.541408141454 132.046202818553 134.744028250376 135.829230149587 130.807419617971 126.907736063004 123.759160439173 134.574512640635 134.070535500844 133.77857208252 137.693643569946 140.338798364004 135.150144497553 111.118535200755 87.7964397271474 96.1855053901672 112.83795038859 146.112312873205 166.298945744832 171.302676200867
48.6349513133367 31.9891969362895 19.2772249380747 8.93716638286909 2.76416260749102 1.22790597379208 1.41277226308982 6.56849145889282 10.6347873806953 15.2482762932777 15.7790320614974 15.2596657474836 15.5475089947383 15.6469320257505 18.2971383134524 26.1195600032806 34.3675538897514 47.1165080865224 60.4987740516663 72.91379570961 78.1863629817963 84.9276085694631 86.3834818204244 87.6886248588562 90.1232361793518 93.2527184486389 98.4717508157094 102.491130431493 111.729224522909 116.897523403168 128.016213575999 129.975159962972 122.857371966044 120.577136675517 121.994515260061 122.14935819308 123.166412115097 117.727855841319 114.318509896596 109.778116146723 113.63544066747 119.510650634766 125.689705212911 132.407108942668 130.883832772573 127.060929934184 133.102238178253 137.800872325897 145.892083644867 155.29457728068 159.502635399501 161.824176708857
60.6994728247325 45.9669729073842 31.8784167369207 20.7495788733164 10.7996885975202 3.69016143182913 1.0124584659934 0 5.39892725646496 13.996625940005 18.0371006329854 19.2987024784088 18.0729851126671 15.9318211177985 12.6559361815453 15.0534672041734 21.9337021311124 31.4437225461006 44.2997713883718 56.3431084156036 68.6306854089101 78.2285233338674 86.7943167686462 85.445632537206 88.0917509396871 88.3934597174327 89.3351932366689 91.9091105461121 97.2711145877838 107.478102048238 115.809430678686 118.303626775742 111.857742071152 105.210324128469 106.220066547394 105.793287356695 111.368556817373 109.299212694168 108.056724071503 95.6956048806508 91.666301091512 103.131830692291 122.935126225154 132.14177886645 136.291950941086 143.623809019725 151.820441087087 152.798036734263 156.972269217173 155.727068583171 151.89383427302 147.193590799967
55.6500752766927 47.6194570461909 35.2741157015165 26.678944627444 19.2317540446917 11.8925323088964 4.18715830892324 0.434531325784822 4.19907116641601 7.95608386397362 12.4148614704609 19.5495920876662 22.0490669210752 23.2983430226644 20.0150981545448 18.792108943065 18.4976781407992 21.9514320294062 28.6636501550674 38.8716707626979 48.4055032332738 59.3841274579366 69.4569746653239 70.6612368424733 75.334628423055 75.5579173564911 78.6840667327245 80.7029654582341 83.2056452830632 86.9696338971456 91.5972093741099 95.6883231798808 95.8820978800456 95.5187280972799 98.0131129423777 98.6117422580719 102.328131596247 103.801002105077 106.28205537796 101.50338212649 102.862745523453 108.487794796626 111.001123984655 118.867655595144 130.488077799479 130.345990260442 131.967047850291 139.411320288976 148.410777250926 144.012928009033 136.299868424733 138.042112191518
36.7899934450785 32.048170765241 25.7160191734632 22.5223302841187 17.3691685001055 9.93983820080757 6.56646117568016 8.27808305621147 4.40863830347856 1.83324965958794 4.01756074279547 12.0690055191517 21.4612632989883 31.0263559222221 30.9335241715113 29.6284258365631 24.8694717884064 22.5095823407173 23.2034400105476 25.5984142422676 30.2720740437508 35.9969014922778 44.8449502388636 51.0794768730799 60.1077973842621 64.0785495440165 64.0400052070618 66.9107834498088 67.7669147650401 72.4413494269053 69.5719619592031 67.667896548907 71.2247838576635 85.3383739789327 88.4547730286916 92.4170911312103 92.8532183170319 97.3678827285767 102.383156617482 108.855694532394 112.620701392492 111.625820398331 112.7723356088 113.053361574809 112.972637017568 131.334096193314 134.996175765991 139.246414105097 141.629834969838 142.870058616002 141.771455605825 139.27494486173
5.66926226019859 1.79719707618157 0 0 0 0 0.562600907869637 8.60171330471834 8.04254909356435 4.64365817606449 2.29612458497286 0 13.1552865107854 23.6281032363574 32.0891762773196 31.3406611482302 28.0047506093979 26.4248053232829 22.7521111567815 20.7899237672488 21.5588783224424 22.7244819204013 26.4948705832164 35.5503012736638 44.3355292081833 51.779717206955 53.4173349539439 53.0911882718404 58.3384583393733 60.5755100647608 58.8120917479197 61.169887582461 62.358945608139 60.5612546205521 62.310054898262 83.0108821392059 85.8771105607351 90.0590221087138 98.8079210122426 110.064784685771 113.349368174871 112.392683823903 108.597576618195 108.430961767832 107.425431410472 111.034790674845 115.260203679403 131.529659032822 136.399795611699 140.286097923915 141.976227362951 137.499590714773
0 0 0 0 0 0 0 0.399478788798054 11.1843893925349 10.0398150583108 5.56831186016401 1.92395566652219 3.40295769274235 11.6194809476535 23.1381207704544 26.5384962161382 31.9806585709254 31.5741201241811 25.7364859183629 21.7147891720136 19.4202996790409 18.7639370560646 19.6442802747091 25.078314046065 31.6272030274073 36.4736467599869 40.2411346634229 43.0322786172231 45.3533629576365 48.9640335241954 50.1154214143753 48.535297314326 50.9652892748515 48.5731661319733 47.666922211647 45.0906455516815 55.5128753185272 84.6709807713826 89.0617072582245 102.518608172735 107.065081596375 103.275368611018 97.9850192864736 96.6328183809916 96.3457226753235 97.1431732177734 99.8745063940684 103.946179151535 103.224376837413 114.965975284576 132.120549678802 130.760053793589
0 0 0 0 0 0 0 0 3.1672107676665 12.5300213694572 13.2498989502589 8.64994339644909 1.64772259692351 0 8.77894274890423 20.6148624420166 30.2057738105456 33.3489229281743 32.6881383856138 27.7496899167697 23.9245568712552 25.194950401783 25.1051137844721 26.0641947388649 27.885913848877 29.2457342147827 32.1253885825475 38.1204684575399 39.1004830598831 38.3649617433548 41.754737496376 41.080042719841 37.0408023397128 33.9340716600418 35.8066484332085 36.9101166725159 35.338652630647 34.6408486366272 42.8687532742818 52.6815801858902 78.8590212663015 82.604318857193 87.043970823288 85.8747760454814 85.3748619556427 87.1663292249044 82.8809092442195 83.9462379614512 84.592213233312 88.7008011341095 92.9196278254191 102.628479401271
0 0 0 0 0 0 0 0 0 4.88449229548375 15.608012676239 18.5415546099345 15.1869282126427 8.68863984942436 7.43792081872622 17.7974179387093 26.9129648804665 35.5488310257594 39.5591308673223 38.5773653785388 33.7233146031698 33.1066300471624 31.8516343832016 32.2183643778165 33.2676445444425 34.0661555528641 35.4594935973485 41.5120994051298 40.8735722303391 34.7956617673238 34.5017984509468 37.2726072867711 33.9431290825208 30.4549410939217 29.4874285658201 27.6131282250086 23.7675284345945 21.6478630900383 19.343522687753 17.5341727832953 30.4010460774104 35.9031036496162 42.9044018189112 51.8736590941747 60.1405551036199 67.9634114106496 69.9868698914846 67.7965084711711 64.5143787066142 64.8388018210729 68.989023566246 76.1840442816416
0.39739355755349 0 0 0 0 0 0 0 0 0.00361045082778825 13.927485793829 26.301217575868 33.2982117931048 27.3433352510134 17.5613425672054 16.6521494587262 19.0021333595117 27.3760656515757 38.2480348149935 45.7539707422256 46.5867122014364 43.6872988939285 42.7042245864868 40.6271889805794 40.5021707216899 40.372001628081 40.3747508923213 40.0426983833313 42.3028320074081 36.5181167920431 32.6692561308543 32.1855892737707 31.9972410798073 26.8829117218653 25.2685447533925 22.6705422004064 18.3672110239665 15.1466342310111 14.0974124272664 11.222538848718 8.63014285763105 13.1436139345169 23.0383624633153 28.4591441353162 33.9943418900172 37.6896113157272 51.3944526513418 56.7353864510854 55.4254949092865 55.4820348819097 57.1748465299606 61.0720912615458
1.01704375507931 0 0 0 0 0 0 0 0 0 3.46141991515954 21.4195897181829 33.9858854810397 41.1764333645503 32.6312432686488 19.5655822753906 14.9656509359678 16.7515476544698 25.6315593918165 41.0216897726059 51.4530738194784 49.8804599046707 51.1663456757863 47.5877970457077 44.9034124612808 46.3963846365611 46.1057424545288 43.8978026310603 41.6951576868693 42.5211687882741 36.6224497556686 32.2513480981191 26.7069737116496 20.8513562877973 18.2110406458378 13.9342434704304 11.9254713257154 7.93827759722869 6.87294453382492 4.47326308737199 2.72415764629841 1.47876050323248 3.11368890106678 10.5714686214924 20.7874216139317 27.8211409846942 36.1083224415779 43.7076290448507 47.702486316363 49.0042467912038 50.6088236967723 54.691344499588
0.535743699098627 0 0 0 0 0 0 0 0 0.0079084087095301 0.244657683651894 14.1092861692111 31.2421694397926 42.1771655480067 40.8079947034518 36.6700639327367 31.8298960725466 24.3201603492101 19.914789746205 26.3961131374041 41.7406857013702 53.424725929896 57.2289476792018 55.2375912666321 50.3534575303396 51.3347287972768 53.6494255065918 52.0561436812083 49.2168416579564 48.710972070694 44.623076915741 34.3825419743856 25.9686435262362 19.1006287932396 13.9435778061549 11.2835764884949 7.641959314545 5.32938043276469 3.59832867980003 2.20578008641799 0.570994801819324 0.0386816439762091 3.59567856970481e-07 1.01695077804228 6.82256743311882 17.4611881375313 23.1137524048487 26.7752955357234 34.1600825389226 43.2462145884832 46.6038187344869 52.3429165283839
0.145772675750777 0 0 0 0 0 0 0 0.182619124340514 0.342724883618454 0.321527690781901 8.85845596591632 20.5297333498796 29.1472052534421 44.6183184782664 50.8122096459071 47.7729340394338 40.2883961796761 30.6613743305206 21.9964111844699 27.7347589532534 44.817124803861 52.642951409022 56.186964114507 57.5936834017436 59.645821650823 62.3487581809362 62.2676312923431 58.7091147899628 53.6060829957326 43.2901829481125 33.625324567159 27.5755599141121 19.0712648133437 13.2604812582334 10.9682232141495 6.29959627985954 3.21703404188156 1.14638443725804 0.160324823809788 0.000587480144531582 0 0 0 0 7.13650385538737 9.76638495922089 13.2475060721238 15.4225354393323 21.979550520579 31.8396389484406 37.4158099293709
0.166672902802626 0.193486591645827 0.00253142297879094 0 0 0 0 0.603158725425601 1.11752515658736 6.00564666092396 9.97439709802469 11.8011112014453 16.9291496276855 22.6561104257901 31.7520077029864 42.2358413537343 48.1721659501394 48.7442463636398 47.0394889513652 36.6173461079597 24.993305404981 34.1755350430807 41.4235865076383 50.1605172952016 58.9388062556585 63.843364516894 67.2336717446645 66.7141973972321 58.1410924593608 56.7645927270254 45.7325677076975 36.1936738093694 24.9537130196889 17.0643292367458 10.3631156186263 6.33888070782026 2.83776689320803 0.505355186760426 0.061187941658621 0 0 0 0 0 0 0 1.38062952707211 2.72916071116924 7.17374806602796 11.1391892035802 15.6403196354707 17.3273508747419
0.125005365892624 0 0.0073315010619505 0 0 0 0.0503270518189917 0.87108447526892 1.33601591611902 2.03244869286815 3.473618067801 9.46029710272948 10.3891274581353 14.1649370392164 21.1939339836438 33.7278495232264 41.3278291622798 43.7585016091665 48.2290337483088 48.6425409714381 42.6384409268697 33.4758162498474 35.4491074879964 42.9326941569646 52.3869295914968 58.9991857608159 65.6865537166595 67.810798684756 57.8902314106623 49.9745806058248 46.738142768542 35.328671336174 23.1643294294675 16.7823533217112 7.93584249913692 3.57020211716493 0.545213619867961 0 0 0 0 0 0 0 0 0 0 0 0 1.4720995289584 4.58146476497253 6.33262594540914
0.885087220619122 0 0 0 0 0.0091251210202851 0 0.79099484719336 1.73890450969338 1.73997847984234 1.26590851383905 0.554033865531286 3.59759262452523 6.26802258193493 10.4921932021777 20.366046577692 28.0492628614108 33.6019545793533 41.1314318577449 50.9780098994573 56.6790699958801 48.3434100945791 47.2821146249771 49.6483693520228 51.4230926831563 52.4265120426814 56.6463569800059 60.2058221896489 56.7418585220973 45.6815361976624 35.3409300247828 26.3451660672824 17.0918703079224 8.34497126440207 1.82409910485148 0 0 0 0 0 0 0 0 0 0 0 0 0 0 0 0 0
7.89288555582364 2.79906888802846 0 0 0 0 0.482841588867207 2.0869712655743 2.39381566643715 1.92155145729582 1.16765576725205 0.492029978583256 1.15561275742948 0 4.32859547436237 12.3924190799395 22.3316351572673 28.210903207461 34.8960608243942 45.7313160101573 52.3173262675603 63.3645455042521 67.4302677313487 65.284917751948 60.1524809996287 52.2406051556269 48.5535363356272 42.8999861081441 51.462118824323 39.9020637075106 24.5932787656784 14.5286632080873 6.90792438884576 0.479737451920907 0 0 0 0 0 0 0 0 0 0 0 0 0 0 0 0 0 0
31.0691098372142 25.2931068340937 7.74831945697467 1.37036247178912 0.134017211773122 0.0938089312209437 2.6608540986975 3.00208013504744 3.00798906634251 2.31457796568672 1.82098352039854 4.33934386819601 6.43561656276385 5.23802451789379 6.14161603152752 10.2380812168121 18.0723890662193 25.6226509809494 30.0420348842939 32.6975484689077 36.5500847498576 48.3551919460297 57.9123198986053 61.8942528963089 60.6644600629807 55.56886891524 49.0450163682302 42.2408630450567 35.2652221918106 28.5951991875966 13.3093620340029 3.27120783428351 0 0 0 0 0 0 0 0 0 0 0 0 0 0 0 0 0 0 0 0
