input/barkrak2/radiation/dir34624.grid
NCOLS 85 
NROWS 70 
XLLCORNER 665100 
YLLCORNER 4664600 
CELLSIZE 20 
NODATA_value -9999 
[rows 46 to 68 of 70, columns 0 to 51 of 85]
46.1287846167882 47.6553539435069 50.107886393865 52.0760416984558 51.8689056237539 51.7513602972031 53.6131461461385 55.4364373286565 52.3495078086853 51.3251771529516 50.2889106671015 49.9006609121958 46.6032127539317 43.8218812147776 43.8061058521271 47.014907002449 45.2460696299871 40.1681338747342 44.9818025032679 43.2869692643484 40.941908955574 42.0015156269073 41.1863476037979 40.133277575175 49.1206496953964 43.8124587138494 44.9126064777374 45.1640039682388 44.5536424716314 43.8902825117111 42.89377729098 40.1189600427945 39.0597631533941 38.8997470339139 41.2435680627823 42.6666190226873 43.3293829361598 48.0012943347295 49.8084475596746 47.0298677682877 46.1074709892273 42.7818149328232 47.356645266215 52.188903093338 44.454500079155 20.37629733483 0.262608538226535 0 0 0 0 0
40.5148590604464 42.7515308062235 47.8828450043996 49.2314646641413 52.8593361377716 54.3870578209559 52.6021122932434 52.3876398801804 52.4884760379791 55.2328924338023 52.4232884248098 49.1457680861155 48.0726559956869 48.2917924722036 46.908234556516 45.4463362693787 44.7405129671097 38.5306477546692 42.1448250611623 43.290118376414 40.0995810826619 41.0608301560084 43.9801861842473 38.407305876414 41.8316572904587 43.7050610780716 39.7239377101262 42.7219619353612 44.2468076944351 43.3489183584849 44.0783202648163 43.2500342528025 39.2792696754138 41.4383262395859 51.3002773125966 54.2481243610382 50.2165655295054 45.4364667336146 48.0019450187683 55.3081929683685 48.0807920296987 42.6007608572642 49.8825311660767 54.5231550931931 49.4725207487742 34.714882572492 7.4703178058068 0 0 0 0 0
34.2022826274236 37.2115895152092 42.0734385649363 45.1073348522186 51.3059894243876 54.5612275600433 51.7370849847794 50.1548747221629 54.082731405894 56.3229074080785 54.4640074173609 50.9511530399323 49.8489439487457 50.6633321444193 48.5114355882009 43.929323554039 43.5063987970352 38.5572065909704 41.7829255263011 44.7384417057037 44.098158677419 44.1952447096507 45.9917237361272 42.7892655134201 40.8792818586032 43.5528854529063 43.2819028695424 46.4458912611008 50.9040007988612 52.6591390371323 56.3469628492991 56.8166275819143 48.2551803191503 49.5697408914566 56.203027566274 63.066378235817 61.7317110300064 52.5476882855097 48.0966220299403 52.6993920405706 47.3355799913406 41.837806502978 41.5020138025284 41.8259799480438 40.729117890199 39.9970759948095 29.4702500104904 1.10716411533455 0 0 0 0
33.2542732357979 31.356247762839 35.2653786540031 42.5375203291575 47.6294606924057 50.7326026757558 53.234671552976 55.8627347151438 57.1689655383428 54.2749613523483 56.1401794354121 56.240384777387 53.4178068240484 51.1087973912557 49.5898773272832 45.7457304000854 44.5659359296163 42.3063586155574 45.2849169572194 48.2079337040583 49.6286451816559 49.7149129708608 48.1302440166473 48.6940642197927 43.9850439627965 46.6897586981455 48.9011655251185 54.2809615532557 60.0975652535756 65.3248379627864 70.6188132365545 70.4201310873032 63.3933246135712 56.8313151597977 56.3766260941823 57.6198399066925 67.5083249807358 59.7895483175913 51.5427241722743 44.9290225903193 40.7886629303296 42.0276274283727 42.1083768208822 38.7337083617846 34.9504798650742 35.9576692183812 21.5473150213559 6.27409728864829 0 0 0 0
33.4310655792554 36.602092285951 39.9769817789396 45.7081099351247 45.985887447993 46.307514111201 53.8825591405233 58.6869170268377 58.7714910507202 58.5551808277766 58.5789978504181 58.2292725642522 55.2798459927241 51.5169699986776 51.4102876186371 54.5145918925603 48.4848519166311 48.277422785759 49.8115519682566 53.2282143831253 53.4818867842356 52.3362358411153 49.5058596134186 49.667626619339 45.4288423061371 49.7898360093435 53.1071523825328 56.0659070809682 61.6102566321691 72.7155754963557 77.4094760417938 79.858476916949 71.3237772385279 61.0410273075104 44.7218716144562 46.5770711501439 55.9590061505636 64.165582259496 56.1851114034653 42.7402953306834 37.4843999743462 40.461873014768 45.1947897672653 41.3702378670375 37.3466884096464 35.6333802143733 19.6163132786751 9.74863395094872 0 0 0 0
34.1917549570402 44.2328155040741 46.2134679158529 47.3651736974716 45.4577505588531 45.0287014245987 52.3778746525447 57.4781149625778 57.3278317848841 62.0778451363246 60.0398083527883 59.4335744778315 57.247132062912 53.4996390342712 53.8582801818848 59.0996444225311 53.1618992487589 51.6792237758636 49.3163267771403 50.8962025245031 50.6036579608917 49.7013429800669 49.5905826489131 46.2713887294134 43.9642916123072 47.0408697923025 50.1127342383067 50.8049627145131 54.7168403863907 61.2142980098724 74.3667781352997 79.8160880804062 72.3928759495417 55.20398914814 17.2751607994239 16.8698069949945 22.8924155235291 48.5934317111969 55.1601101954778 59.1053018967311 52.195151646932 45.7947701215744 37.8801102439562 36.6824939846992 40.8432235320409 35.9425619244576 19.5377903680007 14.2403095960617 0.0880087318364531 0 0 0
37.5523418188095 36.0536302129428 35.3264212608337 37.3002042373021 43.0938005447388 48.0016469955444 48.8582154115041 54.2634973923365 54.1973660389582 58.7985912958781 59.090922276179 60.9919279813766 60.9266459941864 56.6618690888087 55.3428083658218 53.9861569801966 55.8264553546906 50.4565785328547 45.4861968755722 44.0907975037893 43.3563341697057 45.5127656459808 46.4098006486893 42.1519974867503 43.4119403362274 39.8824959993362 41.403499742349 42.6738957564036 43.5990790526072 45.2755490938822 51.055058836937 63.9647195736567 60.5799108743668 33.493181069692 13.7977736691634 7.33708093563716 7.98810149232547 15.2645831306775 37.8736977775892 54.188201824824 55.2374670902888 49.0539769331614 34.7006395459175 31.5739959478378 33.001184463501 22.6537982622782 19.0698231259982 29.2717168728511 14.4597813487053 0 0 0
39.7753367821376 31.1897943417231 29.336338241895 33.9531575640043 43.9784030119578 51.5864789485931 51.3063669204712 52.4239142735799 54.807186126709 55.3411493698756 57.4995080629985 59.9882205327352 61.7985228697459 60.6165180603663 57.0621341466904 54.410845041275 57.2076936562856 51.1404822270075 47.3877390225728 47.3578870296478 47.4494049946467 45.3800161679586 44.2409416039785 41.7852103710175 41.0161291559537 39.3588617444038 38.7884452939034 37.7981613079707 38.0809158086777 36.221370100975 30.5163611968358 36.4393840233485 37.6677984992663 20.0166180729866 15.2226487795512 8.09381840129693 1.37677105764548 0.476559701686104 6.99348685642083 20.5468262235324 41.9230262438456 38.3256028095881 32.9544916749001 24.7743974129359 18.888033926487 19.851823647817 17.9836352666219 35.0796456138293 41.8045421441396 23.8866358995438 1.20578791635732 0
39.8881485064824 35.0165367126465 33.3129813273748 38.0944535136223 46.3036845127741 53.0232787132263 55.7425518830617 52.2680282592773 56.4833581447601 55.2559991677602 58.6755375067393 60.48384308815 61.5370819965998 63.3983016014099 59.0678552786509 59.2743257681529 59.2631946007411 55.3915152947108 51.8891712029775 52.4264524380366 51.863357424736 47.9880670706431 46.4112857977549 47.1001962820689 44.9633598327637 43.2180066903432 41.2793233990669 37.7557203173637 33.2964286208153 30.4328973094622 23.7997149427732 28.1622235973676 35.4764138658841 37.6559769113859 35.8775580922763 26.0556886593501 8.40816212197145 1.29749889795979 0.693248507256309 4.50873685379823 17.3108416299025 20.9421267112096 17.5840879480044 12.5485993921757 12.3342946171761 16.9942378997803 18.6501716574033 21.3667973875999 37.9893307884534 41.5596961975098 25.5970855553945 0.0749978935346007
42.7638391653697 41.4467975497246 38.3797163764636 37.4450360735257 42.7027940750122 52.3484895626704 53.7137339512507 52.1505922079086 53.9531807104746 58.9596976836522 64.739207426707 65.4219438632329 63.7450565894445 64.2218093077342 62.4742954969406 62.2526556253433 62.962864836057 60.7401430606842 56.3370486100515 53.9412746826808 51.0489543279012 50.0318557024002 51.2822618087133 53.7653217713038 48.7163762251536 47.959620753924 38.9588226874669 33.4123571713765 28.0353973309199 24.8310640454292 25.6563325723012 31.3641577959061 39.1775493820508 49.8650968074799 54.7068466742833 53.1043807665507 38.6021807789803 26.0866681734721 15.2401564021905 4.02552417169015 8.51176989575227 16.9551037251949 17.4537760516008 12.4946931997935 12.0780616998672 26.3114248712858 43.6410903930664 37.3798410097758 32.5925772388776 38.040983180205 22.3354647556941 6.15253113210201
45.1300044854482 44.5771316687266 43.5954183340073 40.5877083539963 41.7748192946116 49.9504655599594 51.8696357806524 51.9738594690959 52.2662848234177 60.8301262060801 68.070928255717 67.1547005573909 62.7118051052094 65.4727121194204 66.6966140270233 61.2816462914149 63.3078515529633 61.564510067304 57.7311366796494 55.2817086378733 54.9289335807165 55.8557311693827 53.0366599559784 51.2980918089549 48.6320952574412 43.3364609877268 28.1390572587649 4.32724847147862 3.35144903510809 11.870543162028 23.8811820745468 29.2327006657918 37.4686370293299 44.6008145809174 55.2332351605097 58.4189494450887 57.0732454458872 49.7099608182907 38.6376107732455 21.1350172758102 9.9198588480552 17.0550706485907 34.2673609654109 35.1637875040372 29.046763976415 45.9787646929423 68.8712994257609 58.5245539744695 38.4460240602493 26.3095746437709 12.5371664762497 7.18642026185989
44.1204607486725 42.3297981421153 45.7581927378972 46.7601120471954 44.6722209453583 47.0025638739268 51.9643127918243 52.4935921033223 53.1662702560425 60.733288526535 66.9399996598562 65.0855203469594 61.0892772674561 64.2301986614863 67.5426075855891 59.0118815501531 60.4404161373774 59.6898943185806 58.0072502295176 59.3241800864538 59.7652892271678 60.4531069596609 56.6054880619049 50.2209663391113 49.7544755538305 46.167403459549 30.3519417842229 14.0858478844166 13.6308992902438 20.3451253473759 28.3473258217176 33.0358097950617 45.8706667025884 55.0781985123952 65.3789490461349 58.9712411165237 55.6873728831609 20.6623400251071 21.0863426327705 21.6275602579117 22.2202688455582 34.8940243323644 39.5687098304431 20.149439573288 15.3365818162759 18.9341939985752 33.2941462596258 46.0926989714305 32.2003811597824 22.148792942365 15.629343688488 11.0815614461899
33.9813157916069 40.7779862483343 44.0381467342377 46.6274122397105 46.7453350623449 43.7624752521515 52.0738214254379 55.3590555985769 56.2542279561361 61.1343880494436 63.1164262692134 62.3873174190521 61.9329611460368 60.7002625862757 62.0382974545161 58.8511774937312 56.1395386854808 59.3126267194748 60.8748147885005 62.658150990804 64.9754454692205 61.5026851495107 58.8923891385396 54.686963558197 52.8835753599803 52.530104915301 47.7838118871053 42.0702695846558 41.7499343554179 42.1292285124461 39.7632246216138 39.0761246283849 54.2031625906626 67.0311748981476 47.2139070431391 42.8576618432999 25.0791311264038 10.200334712863 3.31048170725505 7.18322520454725 8.3914448817571 27.1693045894305 42.4695760011673 35.8962217966715 24.7057725985845 25.7648527622223 38.2628838221232 42.320782939593 39.7227356831233 33.669576048851 27.9765675465266 26.9695123036702
25.5826860666275 38.5779216885567 42.2026216983795 44.9566791454951 47.7406432231267 44.2611823479334 47.8060146172841 54.7930200894674 64.8243178923925 66.289077202479 61.6405308246613 59.5601201057434 61.3584021727244 61.1592978239059 61.2379809220632 59.092770020167 55.7754635810852 58.5793753465017 57.0628146330516 54.6576132376989 56.7976733048757 56.2119583288829 55.9652199347814 53.9754927158356 56.4337770144145 60.3957623243332 67.6191399494807 67.4174229303996 59.170534213384 53.6971092224121 43.3054318030675 36.2785706917445 43.9940790335337 41.61520053943 17.8096232314905 12.1059889594714 11.4518900712331 6.40648603439331 0.399967733149727 0 0 10.8241190512975 35.6828098495801 56.6050559282303 65.1437739531199 59.7164332866669 57.4243515729904 57.8518559535344 57.4111839135488 47.2622662782669 37.2447123130163 46.6288626194
27.4491757154465 36.0403607288996 42.6252881685893 44.8779414097468 46.2268888950348 46.5392768383026 41.2919049461683 50.0348657369614 68.7662214040756 67.7405496438344 59.5613270998001 56.8679670492808 59.3643387158712 63.1918559471766 62.1471653381983 59.1969738403956 58.4824482599894 56.4760466416677 50.5049626032511 44.246385494868 44.2376335461934 47.732467452685 48.4072665373484 52.2833565870921 54.1461656490962 61.0032478968302 76.457271973292 80.7166248559952 63.2399966319402 51.0159333546956 42.2603239615758 30.6090414524078 30.0564020872116 34.8203703761101 16.4727494120598 8.74047478040059 9.60895046591759 14.2669677734375 7.73008602360884 0.493996349784235 0 1.44641955072681 18.0232351024946 39.6325538555781 43.9175367355347 42.3554281393687 42.8101718425751 43.7552481889725 48.0861614147822 43.1889394919078 43.5969183842341 75.2629538377126
37.7775033315023 40.4582768678665 42.451873421669 39.6210352579753 34.466490149498 30.7290777564049 37.9357486963272 43.4332887331645 52.3074716329575 48.2273797194163 43.8400159279505 50.7211337486903 58.3742409944534 59.8965187867483 56.4682831366857 58.2838902870814 58.6654891570409 53.5187621911367 46.3066597779592 41.3897087176641 41.0574351747831 41.8451527754466 44.9462036291758 48.2652088006338 50.495038429896 54.6247065067291 65.6715631484985 74.6930837631226 63.4118715922038 48.0517347653707 37.4285305539767 27.4135718743006 16.2902002533277 37.9605094591777 34.9666029214859 15.6752802431583 15.5810477832953 37.0060255130132 38.7841736276945 26.0558550556501 5.06792155404886 2.37270398065448 9.92093607783318 16.2138690551122 15.1135648290316 16.6112904747327 18.8131295144558 20.8355138699214 20.324345678091 36.5842034419378 56.108092268308 107.065538565318
48.2634007930756 45.1188584168752 41.6619181632996 35.2860018610954 26.4205684264501 21.1587895949682 29.650924106439 30.221218864123 21.6922909021378 18.8382503887018 31.506285071373 40.6685993075371 47.1915702025096 51.0662148396174 54.2134791612625 63.723161816597 66.6027466456095 58.5149526596069 50.5136797825495 47.3437408606211 44.8802163203557 44.9444850285848 45.7051793734233 44.3899134794871 45.8838939666748 49.8766551415126 58.2169741392136 60.0472788016001 55.2601416905721 37.2010519107183 36.0047941406568 32.1661581595739 28.3192843198776 45.6940333048503 52.0741393168767 40.8483023444811 31.4514487981796 18.9381142457326 21.0669537385305 29.1302725672722 17.8183416525523 8.0828828116258 9.63410114248594 10.0737940520048 5.42769208550453 6.39358845849832 12.9329077899456 14.7700967888037 15.6973203023275 36.7442319790522 80.2074819803238 122.614542643229
50.7954259713491 44.6254909038544 40.1776557167371 36.7069691419601 30.1995128393173 24.9819035331408 21.4388767878215 16.2761534253756 3.23292581985394 10.8247399330139 26.5506853659948 36.7632955312729 36.5125586589177 43.7301794687907 56.4066419998805 71.4418093363444 76.9552936156591 70.0381894906362 62.1900459130605 58.4244827429454 53.6599010229111 51.5291740496953 52.0017892122269 46.7534164587657 43.4435357650121 46.1089760065079 42.7304357290268 46.3095456361771 44.0494418144226 30.3745567798615 29.1776383916537 30.5433397491773 19.9176693956057 42.9277867078781 67.3530201117198 70.3644653161367 45.8450814088186 13.5680126647154 10.5904713273048 15.3013939658801 15.6831418474515 13.6447002490362 14.6424050132434 13.8393417000771 7.77514651417732 4.922221104304 10.3615690022707 14.4945656259855 25.6842250625292 48.9433159430822 110.608319441477 141.583075126012
53.1076043844223 48.0660398801168 46.8216240406036 47.7825154860814 44.7291334470113 38.9644851287206 34.320925672849 34.6302588780721 33.4906031688054 39.0764797727267 46.4214334885279 51.5123705069224 51.7830699682236 47.3273098468781 57.0719142754873 71.8944768110911 81.6670507192612 82.1637163559596 75.1901070276896 66.0245517889659 60.3816558917364 56.3816875219345 54.1347861289978 56.1109334230423 49.2138117551804 39.328396320343 35.737340648969 36.5091090401014 37.2225046157837 36.5067844589551 15.9269558886687 16.2447355687618 13.1357759237289 20.5623333652814 73.9212830861409 84.0514600276947 52.8315852085749 16.9980165859063 5.9650441010793 6.0354545712471 8.69079617162546 7.09579574565093 15.0640731056531 18.9247863988082 28.2825504740079 12.2118778526783 12.6747948427995 31.0333048303922 54.7739714384079 97.3585148652395 129.34065858523 142.547369003296
53.8214345773061 51.2443284193675 51.3195842504501 52.6634206374486 52.1547893683116 48.7508475780487 48.5509634017944 55.8717946211497 71.4707920948664 67.7293787399928 59.2383295297623 60.2759172519048 65.6105826298396 54.1868358850479 55.0513168176015 63.3165637652079 71.0619588692983 78.1216224034627 79.0873517592748 72.6147890090942 67.2370890776316 60.898020863533 58.2638283570608 55.168812473615 48.3696858088175 38.6273538072904 27.1643946568171 28.4746612111727 31.3014288743337 15.8000426987807 11.437834550937 9.78298671543598 5.82701774934928 4.0336549282074 67.5034523010254 85.5208834012349 66.8338636557261 54.6513696511587 25.0161091486613 2.48809376110633 0.0527414764898519 0 7.69278717537721 31.5481672684352 37.3147130012512 28.4770478804906 27.2360766927401 48.4923670689265 103.29935948054 146.58131202062 140.589416027069 128.891448179881
53.0534088611603 49.8274763425191 44.6496307849884 40.2835011482239 40.4996797442436 42.3799554506938 42.5371130307515 53.8636346658071 63.1820658842723 58.5442334413528 49.6287147204081 49.3765026330948 59.7425848245621 55.8108290036519 52.4971584479014 51.0895550251007 51.8294672171275 58.6913327376048 68.6331689357758 72.8267182906469 68.774551153183 62.9963328440984 56.8210979302724 51.8565873305003 45.1098481814067 37.5501389304797 27.0141586661339 16.3972203930219 27.618999282519 22.0397661129634 11.4296053846677 6.94053495923678 1.27024250105023 0 0.0512343928373108 75.7650236288707 82.6645940542221 92.9763317108154 74.801246325175 28.1851763526599 1.92100772013267 0 2.04772409051657 16.3450588782628 42.4934575955073 61.2197816371918 81.2534391880035 130.134135484695 170.056184132894 180.330336093903 165.635933478673 134.248753388723
55.1281074682871 53.1523525714874 47.519971927007 41.0589923461278 39.6005511283875 42.3095325628916 35.3936751683553 33.3675692478816 34.9037523070971 31.8113888303439 25.1364856958389 22.7794175346692 26.6021663943927 43.2553788026174 50.1305361588796 44.9125468730927 33.8687499364217 30.2155340711276 41.8062855799993 60.9504481156667 62.767893075943 57.6457132895788 51.1509080727895 48.4120498100917 41.9749319553375 36.3354807098707 30.2743042508761 8.13271477818489 12.7160573999087 33.2973847786585 16.9087611138821 10.5632543563843 3.49584097663561 0 0 54.8653801282247 95.1136946678162 109.471867481867 95.9791739781698 67.3532783985138 35.3731115659078 7.41614649693171 4.7670075049003 21.4959358175596 51.202247540156 112.386832634608 152.494698762894 182.50697851181 191.482484340668 190.788706143697 181.309322516123 153.490384419759
56.7740003267924 56.7110478878021 54.2245358228683 50.802156329155 48.9846915006638 48.2979367176692 33.835065861543 20.7510168353717 21.0888162255287 22.9796767234802 20.488079637289 17.9916893442472 19.0993907550971 39.594200750192 52.8866052627563 43.5807307561239 26.231586933136 14.5569282273451 17.7347597976526 31.5910304586093 42.0410136381785 45.6150124470393 46.2243258953094 39.4531339406967 35.2234517534574 30.7421659429868 11.438741038243 5.95612140993277 9.01116244494915 36.3335137565931 44.7939534982046 37.9783113797506 19.075658172369 0 0 33.9331105351448 88.4307424227397 96.6819822788239 77.933852871259 74.9056438604991 79.4343153635661 64.0670309464137 42.7316973606745 56.9478919108709 107.542226711909 151.49066845576 174.392700195312 185.424347718557 187.221507231394 184.785664081573 179.913401603699 158.368527889252
