input/barkrak2/radiation/dir30524.grid
NCOLS 85 
NROWS 70 
XLLCORNER 665100 
YLLCORNER 4664600 
CELLSIZE 20 
NODATA_value -9999 
[rows 44 to 65 of 70, columns 0 to 49 of 85]
86.5767995516459 92.7769541740417 95.7695444424947 96.7022478580475 98.3662605285645 101.140667994817 101.183960835139 96.8620777130127 92.1887258688609 87.5014265378316 88.9343917369843 86.772749821345 83.181490500768 81.1694761117299 80.4556210835775 80.375204483668 77.7138968308767 83.990474541982 86.0409339269002 83.3928386370341 78.8137267033259 76.6275574763616 75.7793188095093 76.4245341221492 73.6715793609619 82.2466611862183 85.1505001386007 82.388053337733 82.1249584356944 80.0435145696004 76.1099755764008 74.036051829656 80.4910361766815 85.0203732649485 91.7652348677317 94.2324995994568 100.361446539561 109.3656818072 112.488150596619 103.854715824127 101.075530052185 95.6181387106578 91.0026828447978 70.8150068918864 37.0952934026718 1.26369522574047 0 0 0 0
93.0809378623962 98.148783047994 95.2475070953369 98.6516674359639 97.2031156222026 97.0680514971415 98.8976856072744 97.1728364626567 98.7018446127574 93.6325987180074 92.3301180203756 91.2691950798035 86.186021566391 81.8289270003637 80.5708169937134 84.1086208820343 78.3450057109197 81.3378741343816 85.969070593516 84.2056373755137 81.0613930225372 80.2352329095205 80.1970859368642 81.3246468702952 81.2418560187022 80.9674809376399 87.1681571006775 86.5849852561951 83.4399263064067 82.4554512898127 77.6274700959523 74.3852456410726 77.7734369039536 76.3359218835831 76.8797000249227 79.8141459623973 88.4523987770081 101.39940182368 102.046052614848 89.0710552533468 91.4833048979441 85.8894089857737 84.3701958656311 81.4892450968425 63.3849501609802 27.7910778919856 0 0 0 0
92.6907161871592 94.5712924003601 97.2327689329783 99.5429853598277 99.3965168793996 99.2221236228943 100.991974274317 103.083908557892 99.1523762543996 97.933957974116 96.5450406074524 95.3518946965535 91.1433498064677 87.5269373257955 86.8696570396423 91.1750694115957 88.5352492332458 82.4988683064779 87.987889846166 86.611807346344 83.4729373455048 83.9373469352722 83.1950008869171 80.4610351721446 88.33247423172 80.3842842578888 81.3379387060801 83.289494117101 84.2888355255127 84.0522050857544 81.8546861410141 77.8292119503021 77.3326555887858 77.0223687092463 78.9879411458969 79.7969897588094 82.117239634196 90.9749368826548 92.0768578847249 89.5453095436096 88.8183613618215 82.580288251241 87.4778727690379 94.7977304458618 85.5564971764882 53.7851204474767 13.125700255235 0 0 0
86.5873297055562 88.6993110179901 95.1287945111593 96.6725548108419 100.546360015869 102.238267660141 100.142429272334 99.6716221173604 99.8294850190481 102.178116639455 98.7051328023275 95.2253937721252 93.3303833007812 93.0944581826528 90.7331506411235 89.2739196618398 88.1209969520569 79.9138247966766 84.2952132225037 86.9829853375753 83.4449628988902 83.7402145067851 86.8550539016724 79.1508207718531 82.3550721009572 80.6816816329956 76.9444853067398 80.6676546732585 82.4190527200699 82.941547036171 83.2850535710653 82.5235148270925 77.0885050296783 80.4373423258464 91.3148125012716 95.5546796321869 91.3516283035278 86.3411426544189 90.0377730528514 101.645648479462 93.2294130325317 83.6514433224996 92.1606024106344 97.6688861846924 90.4966195424398 71.8217939138412 35.1226478815079 4.80999735494455 0 0
79.3097317218781 82.2927802801132 87.8371695677439 92.1781460444133 98.6869931221008 102.565795183182 99.0080336729686 97.4811911582947 101.362417141596 103.954861561457 101.585557063421 97.1035857995351 95.9526300430298 96.558799346288 93.616376320521 88.0243182182312 87.1665179729462 81.1421573162079 84.7349067529043 88.7415607770284 87.6430968443553 87.3629848162333 90.37184715271 85.847795009613 83.3794275919596 84.9102934201558 81.0504058996836 84.4825704892476 90.3587241967519 92.6307439804077 98.685363928477 97.885270913442 87.9919032255809 90.1705026626587 98.8041559855143 107.04908768336 105.380674203237 94.5467352867126 93.7152107556661 98.4494388103485 91.5635228157043 82.343116402626 79.950342575709 79.8822492361069 78.7317256132762 77.4197727441788 66.3257489601771 15.0341851015886 1.5652848718067 0
78.1779835621516 75.4877974589666 79.609806338946 88.907519976298 94.9056645234426 98.1533328692118 101.148376862208 103.511561950048 104.799052079519 101.45495335261 103.830516338348 103.550622860591 99.7549792130788 96.7087546984355 95.3414340813955 90.5789037545522 88.7905557950338 85.8797828356425 89.0874862670898 93.7261581420898 95.2585339546204 93.9628481864929 92.059721549352 92.0197665691376 87.250808874766 90.6291604042053 91.5975173314412 92.7926401297251 100.574642419815 106.922268867493 112.054655949275 117.431769768397 106.23824596405 100.44252872467 98.097950220108 104.778299729029 110.081573327382 105.520745118459 97.4028706550598 87.9340469837189 81.208532055219 81.9840729236603 80.3552369276683 75.6444136301676 72.0242659250895 75.7599572340647 71.9120403130849 23.8709226250648 2.4197135741512 0.189966172911227
78.6660263935725 82.1473995844523 85.6483379999797 92.3309127489726 93.1874414285024 93.4729377428691 101.631313562393 107.116768757502 106.646855672201 106.330891450246 105.743328730265 105.24715979894 101.744472980499 97.6641774177551 97.5300669670105 100.848058859507 92.8887625535329 92.1715994675954 94.6842928727468 99.9088088671366 100.956668456395 97.4311033884684 94.6176946163177 94.5408443609874 89.2792741457621 94.4131712118785 98.6591378847758 100.130657354991 105.228950579961 113.919615745544 119.61230635643 123.754153649012 116.593072811762 104.214549064636 90.157558520635 94.6791370709737 105.049391587575 111.049393812815 100.547899802526 83.2927127679189 75.8598645528158 84.3192040920258 85.7916275660197 82.2527557611465 76.6763538122177 74.335311849912 60.8166307210922 29.4630279143651 3.97838714222113 0.0201225763400241
79.4628461201986 90.7644033432007 93.0538376172384 94.9055751164754 92.9112732410431 92.1953817208608 99.9919176101685 105.96909125646 105.458090702693 110.298236211141 107.531388600667 107.008129358292 104.177981615067 98.9903608957926 99.1838872432709 106.523891290029 99.2967883745829 96.3436265786489 94.0415461858114 96.3582992553711 96.6489513715108 95.3869918982188 94.9355661869049 90.4678304990133 89.62215979894 91.0707314809163 95.9787170092265 96.0143903891246 98.7323721249898 107.869078715642 115.044107039769 122.313946485519 116.128534078598 95.825990041097 64.6673838297526 40.8842166264852 67.9237296183904 94.4777925809224 105.245331923167 107.353955507278 101.23876730601 92.5673047701518 77.5970717271169 75.5974054336548 82.8830947478612 76.6259928544362 57.8733732302984 45.932004849116 10.4506090283394 0.0299344974337146
83.3491683006287 81.2794367472331 79.9731512864431 82.6613505681356 90.0076429049174 95.7692166169484 96.2103406588237 102.286279201508 101.785649855932 106.94365700086 107.125073671341 108.758151531219 108.09929172198 103.365103403727 100.801448027293 99.4172692298889 101.964920759201 96.083809932073 89.5860989888509 88.6029104391734 88.1078044573466 89.5567238330841 91.0992423693339 85.6780409812927 87.9166026910146 84.1694076855977 86.0149363676707 87.5276525815328 86.8011812369029 90.7646318276723 95.1317350069682 105.204830567042 101.083815097809 77.6050587495168 46.4326689640681 25.3805021444956 26.5236546595891 48.4249840180079 81.758181254069 102.497071027756 111.271997292837 94.7930216789246 74.12022848924 69.9580609798431 77.300637960434 69.271594285965 43.8410490751266 61.4622682332993 43.0598060290019 13.6203281581402
86.4358941713969 75.9280920028687 73.3406146367391 78.6318778991699 90.832531452179 100.085198879242 99.3152757485708 100.452820460002 102.932900190353 102.90805498759 105.666548013687 108.221272627513 109.792311986287 107.782284418742 102.56028175354 99.8304188251495 103.087306022644 94.5674379666646 90.8590157826741 92.469314734141 92.3742651939392 90.2712047100067 88.7144307295481 85.4833026727041 84.9403738975525 82.497184475263 83.7665299574534 83.4159056345622 81.2970548868179 78.951969742775 71.7996060848236 75.2374331156413 76.8676300843557 61.8442048629125 38.8515641291936 26.5997275710106 14.940720051527 12.0701765020688 24.8641942938169 58.6089690526327 92.0681158701579 85.1099789142609 74.5765666166941 58.0662389596303 54.1372100512187 51.3878564039866 45.611967643102 70.473775267601 81.4094394445419 59.291606148084
86.5129828453064 80.840602517128 78.422799706459 83.3990375200907 93.1784510612488 101.829906304677 104.836831490199 100.625187158585 105.241547028224 103.666027386983 107.367366552353 108.462671438853 110.286186138789 111.624876658122 105.836927890778 105.364988247554 105.520377556483 98.6072818438212 95.438281695048 95.7187414169312 95.7059661547343 92.5828516483307 91.3874308268229 91.9543107350667 89.1120930512746 88.6722008387248 85.9461426734924 82.1712513764699 77.9495934645335 72.1949984629949 62.8020564715068 65.1754438877106 70.3917841116587 71.5985943873723 69.8254803816478 57.8394184509913 32.4149156610171 18.3145465950171 13.5607607662678 21.4410275220871 41.6272232929865 53.8669476906459 41.787380973498 33.8408350944519 33.4480280677477 40.5714114507039 55.7459493478139 62.9898011684418 76.7204215129216 82.6209386189779
90.0033911069234 88.6456569035848 84.6954782803853 82.8866461912791 88.7268582979838 100.651393334071 102.818508942922 100.784083207448 102.570037047068 107.623159885406 114.423235257467 114.888807137807 112.861116727193 113.125512997309 109.402070442835 109.519084294637 109.779804944992 105.755706628164 100.629945596059 96.4656869570414 94.267338514328 93.272199233373 95.0265526771545 97.5351333618164 94.545324643453 92.4488604068756 86.1211121082306 77.0547638336817 69.0806160370509 65.7524019479752 65.6565129756927 70.9247986475627 75.63649614652 87.0976050694783 94.5238669713338 93.3147470156352 77.2771537303925 60.1581235726674 44.3071623643239 23.597148557504 27.3715754350026 51.4107247193654 51.7660478750865 40.3574655453364 40.4017219940821 56.8847556908925 80.6532005469004 75.8350789546967 70.883979399999 78.0169417460759
92.8042928377787 92.3420091470083 91.008981068929 86.9834025700887 87.8633856773376 97.6145466168721 100.795408089956 100.925713777542 100.934306780497 110.209663709005 118.601659933726 116.830786069234 112.266331911087 114.662796258926 115.629961093267 109.155118465424 110.604345798492 107.315560181936 102.964957555135 100.713789463043 98.6602703730265 98.3784695466359 94.7402914365133 94.6462353070577 91.0505255063375 85.2592289447784 65.1753296454747 45.7071562608083 40.5380527178446 48.2037862141927 62.9453063011169 67.3981259266535 73.7168490886688 81.3575088977814 91.4001663525899 103.542188803355 106.636206309001 87.3459378878276 87.433268626531 54.9860447645187 29.6860213081042 53.0534684658051 69.0465370814006 69.7496632734935 69.5995887120565 84.6401254336039 113.132586081823 101.163774728775 77.5771935780843 62.610000371933
91.4793213208516 89.7812644640605 93.5985048611959 94.2751069863637 91.4945403734843 94.1587785879771 100.847909847895 101.699610551198 102.037062247594 109.397749106089 117.457042137782 115.743150313695 110.720068216324 113.898168007533 116.56508843104 107.17045267423 108.762800693512 106.341292460759 104.31781411171 104.28316394488 104.446709156036 105.892797311147 98.9141265551249 91.5174086888631 90.9145971139272 88.6659920215607 68.6588287353516 48.6126095056534 49.3977963924408 59.664194782575 71.9739745060603 73.287179072698 84.6473375956217 95.8879192670186 102.924654881159 114.069114128749 92.581570148468 46.9140311082204 47.4506864945094 58.6071312427521 60.9061618645986 75.5106856425603 80.5655817190806 64.3774420022964 38.5143831372261 56.5119733413061 90.0975366433461 84.8286251227061 70.6928968429565 60.1324737071991
79.3604850769043 87.5957310199738 91.5075838565826 94.4153666496277 94.1607753435771 90.4526511828105 100.863635540009 105.187346537908 105.535646279653 110.135525465012 113.692005475362 113.49364121755 112.35378185908 110.054423411687 111.499488353729 107.47566819191 103.351950645447 106.616755326589 108.398566643397 110.333025455475 111.216555039088 106.47917787234 102.478355169296 96.539318561554 94.6125984191895 93.7885244687398 90.2219712734222 82.5152148803075 84.961344798406 90.7526612281799 89.3209675947825 83.3025773366292 98.9198287328084 108.254532019297 103.126813968023 76.171080271403 66.2114967902501 29.7985523939133 18.1742670635382 29.8931350310644 51.6745448112488 85.4043563206991 83.8907063007355 69.5266475280126 56.695689757665 59.5128039518992 75.4268666108449 80.1179905732473 77.7153422435125 70.507417122523
68.8742299874624 84.7238898277283 89.4643863042196 92.5183097521464 95.536728700002 91.2879506746928 95.8951512972514 104.861706495285 115.826378266017 116.785109043121 112.454225619634 109.996159871419 112.239042917887 110.861092805862 110.814829667409 108.118534088135 103.960524002711 106.26032948494 104.218165079753 100.996315479279 102.077027161916 102.522720893224 100.158760945002 98.4535713990529 97.9140996932983 102.553258339564 111.815462509791 115.853269894918 101.866543292999 94.8694348335266 93.3462878068288 83.4508339564006 93.3631559213002 84.2462182044983 42.2192414601644 32.7861855427424 31.3525994618734 23.2399180531502 10.0715377678474 6.15531330307325 8.26742872595787 31.7884907126427 81.2413146098455 97.3918636639913 112.707376480103 107.104698816935 102.760175863902 100.716640551885 99.4674662748973 87.5257551670074
70.6527084112167 81.7097425460815 89.7702177365621 92.4603343009949 93.9826766649882 94.3923791249593 88.6212885379791 99.2494622866313 121.091922124227 119.745184977849 111.264407634735 107.336829106013 109.729588031769 113.46776286761 112.342456976573 108.73665412267 107.181280851364 104.595283667247 97.5015262762706 89.6475315093994 89.4172588984172 92.6413337389628 91.9663508733114 95.8860417207082 97.0360040664673 103.577673435211 119.176963965098 130.166620016098 108.5251669089 101.624349753062 84.201842546463 73.4981695810954 73.2127179702123 68.3257877826691 47.7849543094635 26.9346907734871 28.2999674479167 38.4172722697258 30.0000583132108 15.0908119976521 5.78117246429125 14.9744773904483 53.1130085388819 91.4339025815328 83.4935009479523 96.3992575804393 90.7858411471049 93.4981405735016 88.789165019989 81.6672792037328
84.0852657953898 87.1882140636444 89.8571809132894 86.436669031779 79.595406850179 76.3296137253443 84.7011605898539 91.0905301570892 101.775228977203 98.0681777000427 96.2726473808289 101.893921693166 108.615159988403 110.295087099075 105.771332979202 107.849498589834 107.905765374502 101.49073600769 93.0152436097463 86.6890450318654 86.0752463340759 87.0665907859802 89.51336145401 91.7554398377736 91.1338229974111 97.0258514086405 107.581943273544 116.895377635956 110.841751098633 90.9493068854014 80.4919550816218 65.5841330687205 58.5134277741114 72.0041990280151 66.4013624191284 38.1487533450127 46.9437589248021 77.7837683757146 82.2961827119191 60.5312486489614 28.4910723567009 17.3721313476562 32.0670604705811 48.6963937679927 38.1829539934794 50.3455847501755 63.677246371905 68.6413198709488 67.200963695844 73.6005157232285
96.7170198758443 92.909316221873 88.956207036972 81.0079475243886 69.8561022679011 62.953179081281 75.3552913665771 73.772336045901 62.8611942132314 63.7072424093882 75.1864512761434 89.0101492404938 95.1835612456004 100.248505671819 103.32715511322 114.532560110092 116.772691408793 107.586334149043 98.2119143009186 94.3281054496765 90.8820529778798 90.101420879364 91.9109185536702 90.7318393389384 90.5320147673289 92.7570760250092 96.065233151118 103.328953186671 96.8376000722249 77.0479689041774 76.2642472982407 69.9860354264577 64.7320250670115 82.0373942454656 87.1491630872091 74.0744769573212 64.7132645050685 65.682922800382 70.3131755193074 69.7353035211563 48.056090871493 34.9449987212817 34.9744955698649 29.9672335386276 22.4281623959541 24.1325298945109 34.6883734067281 37.5921055674553 53.8928459088008 75.6202787160873
99.8099148273468 92.4073855082194 86.9510571161906 82.5752665599187 74.7901598612467 68.0282364288966 62.5833372275035 56.9212188323339 37.8066251675288 47.8042711814245 70.402592420578 82.1035007635752 82.8309605518977 91.2504394849141 106.268763542175 123.580356438955 129.096289475759 121.314118305842 111.503442128499 106.831381718318 100.542426109314 98.8361537456512 98.0310042699178 92.8618013858795 90.2135372161865 91.3352469603221 88.5290702184041 86.798757314682 85.4367613792419 66.3302292426427 68.0945167938868 69.2060391108195 65.3272817532222 85.8444571495056 105.065077543259 108.419636885325 82.2356243928273 35.5856070915858 30.8584421873093 43.7831183274587 51.8146256605784 47.0054497321447 49.3864715099335 44.1519021987915 31.26094241937 26.8751333157221 38.7133633097013 49.4996507962545 59.9310050408045 94.5585469404856
102.536876996358 96.5966085592906 95.0715641180674 96.3850319385529 92.7249491214752 85.6895744800568 79.8436651627223 80.5835326512655 79.0556520223618 84.5127403736115 93.9806501070658 100.907305876414 101.368735233943 95.61421473821 106.91112279892 124.706675608953 135.226438442866 134.70047712326 126.637170712153 116.051206986109 108.640313148499 102.940221627553 101.574718952179 101.157228151957 96.6024100780487 86.3939921061198 77.1183470884959 78.5287370284398 77.5815099477768 73.644424478213 59.8296026388804 49.7032999992371 43.4764524300893 73.2034295797348 113.809913396835 122.56998817126 88.5529319445292 52.1666506926219 23.2947816451391 23.4610413511594 27.8286238511403 31.6885933279991 53.1331201394399 59.7952157258987 62.3096923033396 47.7134237686793 47.0685958862305 66.9487565755844 99.8388429482778 152.57387359937
103.425522645315 100.368181864421 100.523809591929 101.982961098353 101.369827985764 97.3816911379496 96.6871281464895 105.67847887675 123.860051234563 119.11736925443 109.734078248342 111.824075380961 117.567300796509 103.830715020498 105.158030986786 114.390204350154 124.903380870819 131.23694062233 131.271491448085 123.996724685033 117.524296045303 110.353738069534 104.610055685043 100.422432025274 93.4135019779205 81.5461377302806 71.9415992498398 68.4769650300344 69.6830600500107 61.8600596984228 32.0969447493553 29.3848812580109 22.9613383611043 38.0600243806839 111.886362234751 123.706082503001 103.078464667002 92.0663475990295 57.2065909703573 17.4298646549384 9.25493550797304 6.91656395792961 26.1756926774979 65.5865172545115 74.5765517155329 63.602219025294 62.248835961024 91.9740895430247 157.71476427714 205.758154392242
