input/barkrak2/radiation/dir35924.grid
NCOLS 85 
NROWS 70 
XLLCORNER 665100 
YLLCORNER 4664600 
CELLSIZE 20 
NODATA_value -9999 
[rows 23 to 45 of 70, columns 0 to 52 of 85]
57.0509682099024 47.2696224848429 18.8569861153762 3.47892381250858 0.0294341346792256 6.73054282863935 3.83133968959252 3.47196279714505 2.36140719304482 2.09133746102452 2.06190068274736 1.25755594732861 8.71950760483742 11.9095680614312 9.41079544524352 10.1048729072014 15.2352725466092 22.4844763676325 27.3531600832939 21.1968719959259 19.8587998747826 23.113156358401 33.2530190547307 42.8489396969477 48.8245735565821 48.1537232796351 42.3114597797394 36.7529739936193 15.9654232362906 7.46707618236542 4.29354514926672 0.692881488551696 0 0 0 0 0 0 0 0 0 0 0 0 0 0 0 0 0 0 0 0 0
57.0133179426193 53.188145160675 33.1018418073654 7.6863889892896 0 2.45062230775754 3.83630984773239 3.92877869307995 3.19121529658635 2.54220593099793 2.07016974066695 1.86688856532176 4.0123254681627 9.8162442445755 9.29599193235238 9.13927083214124 12.9519626498222 20.7942202687263 26.142343878746 19.5141534010569 17.915057639281 15.7788470387459 21.6266761223475 29.2167862256368 32.9288666447004 33.6842586596807 30.6057607134183 27.6097655296326 12.018971145153 3.75442982961734 1.49845362951358 0.772333548714717 0 0 0 0 0 0 0 0 0 0 0 0 0 0 0 0 0 0 0 0 0
45.4727659622828 49.2722143729528 42.4248278141022 16.0336258510749 0 6.43625979622205 13.2447071373463 21.6391533613205 22.6258685191472 17.9154016077518 13.6735824247201 14.5473467806975 13.0016381541888 15.0758388141791 15.7385108371576 11.127141614755 12.4727288881938 18.9903154969215 25.4114617904027 27.3860891660055 27.7811214327812 24.2998997370402 21.5815752744675 21.1226344108582 23.5955665508906 25.1792371273041 21.7524021863937 21.7557152112325 13.1693432728449 9.71917311350504 7.40392319858074 9.42477708061536 5.36771987875303 0 0 0 0 0 0 0 0 0 0 0 0 0 0 0 0 0 0 0 0
44.2218631505966 48.7078378597895 46.355813741684 24.0331714351972 3.90123886366685 16.8293640017509 29.649352033933 39.7588138779004 47.124058008194 41.3863187034925 26.1013681689898 26.6919632752736 24.3278245131175 25.8477131525675 25.8705491820971 16.4777288834254 14.4738977154096 20.6636885801951 27.4369517962138 36.7488910754522 38.062147796154 35.269928475221 27.8229316075643 22.6723576585452 22.9814797639847 24.8876238862673 20.9003016352654 28.0356233318647 26.9802808761597 25.85186312596 29.1142414013545 43.2199488083522 50.3908097743988 31.7262435952822 0 0 0 0 0 0 0 0 0 0 0 0 0 0 0 0 0 0 0
45.3489820162455 44.556587934494 44.5297062397003 29.3051674962044 24.1404597957929 34.7427452603976 48.7606873114904 57.0903917153676 54.2003164688746 49.675241112709 36.1529837052027 30.3701460361481 26.8644789854685 27.9738580187162 29.7300343712171 24.661178390185 19.8472738265991 24.4650145371755 34.9369570612907 40.0586078564326 37.1601233879725 29.6245714028676 27.9066587487857 28.2538756728172 28.5195559263229 28.4687851866086 26.3115217288335 35.5082477132479 51.2026747067769 55.3548038005829 58.011660973231 63.1476789712906 73.2361376285553 78.0290365219116 37.573071817557 0 0 0 0 0 0 0 0 0 0 0 0 0 0 0 0 0 0
48.1187055508296 39.047842224439 39.3983523050944 31.4675519863764 42.5700694322586 48.4620034694672 53.2729029655457 52.1836876869202 45.5118914445241 37.2721875707308 30.2230467398961 25.420255959034 25.578960776329 29.1833480199178 30.7423919439316 31.101331114769 26.5514229734739 23.6261337995529 30.3746809562047 33.7452366948128 31.5408557653427 25.3096098701159 24.9753842751185 30.474528670311 32.3669413725535 29.3566957116127 30.0803631544113 35.2942943572998 56.7922542492549 68.8861856857936 74.1551717122396 77.0097176233927 84.315816561381 86.592564980189 76.0072966416677 15.135998527209 0 0 0 0 0 0 0 0 0 0 0 0 0 0 0 0 0
49.3813405434291 34.9506884813309 34.8237603902817 35.4259163141251 44.6263998746872 48.1477032105128 40.9883583585421 21.7469682296117 7.61758784453074 6.00195800264676 5.29392684499423 11.9798804322879 23.2379039128621 30.45987089475 31.3566774129868 34.5716923475266 31.6253726681073 21.6564958294233 22.68402526776 25.8965442577998 25.1206457614899 25.2650231122971 25.3932798902194 30.1994979381561 34.7640067338943 31.8485150734584 33.8720728953679 35.5985040465991 50.821656982104 71.0365871588389 82.1215013662974 85.1506392161051 87.495615084966 89.4428690274556 94.8660373687744 75.6528625885646 10.5721776684125 0 0 0 0 0 0 0 0 0 0 0 0 0 0 0 0
48.8370557626088 49.0300059318542 65.4347985982895 91.4498766263326 73.2312500476837 54.0612588326136 33.0922454595566 8.14620032906532 5.49425619343917 8.82641163965066 4.36986827601989 3.83892158667246 22.6502468188604 30.7493731379509 33.7105939785639 38.9168709516525 36.4666904012362 25.4549657305082 24.7467681765556 27.0509546001752 24.539257089297 27.9109502832095 29.5878400405248 31.2887455026309 36.5422318379084 40.0819232066472 38.6313398679098 40.736789504687 52.1953304608663 74.0986814101537 87.6133342583974 90.1810129483541 87.4621172746022 93.7355856100718 104.388614495595 105.459312597911 80.3441454966863 30.4821307460467 0 0 0 0 0 0 0 0 0 0 0 0 0 0 0
58.7809830904007 87.1267815430959 130.839089552561 151.044984658559 130.868176619212 87.6924196879069 47.8232850631078 25.2961243192355 21.003911892573 25.4073441028595 18.7520546217759 15.3852154811223 23.1830030679703 30.0676077604294 37.0396102468173 41.5617426236471 37.4737903475761 32.3710242907206 27.0468319455783 27.7583375573158 27.7309368054072 30.8123677968979 32.3346257209778 32.4842482805252 36.4920621116956 46.8275050322215 47.04416791598 51.9756923119227 60.454323887825 75.454185406367 87.3234967390696 93.5891568660736 93.6775704224904 98.2350409030914 104.355672995249 106.994112332662 100.296705961227 79.7869861125946 26.1522084474564 0 0 0 0 0 0 0 0 0 0 0 0 0 0
111.194491386414 145.086268583934 170.849124590556 173.531730969747 170.53210735321 146.110504865646 110.016663869222 78.0379225810369 59.1855694850286 49.3467499812444 44.2013243834178 36.5075593193372 26.6031672557195 27.5781601667404 36.1863970756531 41.0063738624255 36.3341768582662 37.2481395800908 27.5666067997615 25.9980037808418 29.5795698960622 31.0937464237213 31.5796136856079 31.725471218427 35.6298809250196 46.5898861487707 52.4747868378957 58.9876820643743 67.0257310072581 73.7249453862508 83.7556024392446 93.040148417155 93.43488017718 90.7072325547536 91.5785034497579 86.348553498586 88.894377152125 76.1768817901611 38.9070386687915 0.0284194999646085 0 0 0 0 0 0 0 0 0 0 0 0 0
162.614027659098 179.885824521383 185.549000898997 184.652249018351 186.486721038818 183.068752288818 162.383735179901 125.628501176834 93.4194525082906 69.1075474023819 69.5683062076569 63.2751186688741 40.9297496080399 32.8311373790105 33.6052030324936 37.0889181892077 31.652753551801 32.2767545779546 26.2431353330612 27.2813439369202 26.9590591390928 28.4252067406972 27.2460853060087 27.265302836895 33.0668613314629 41.9351309537888 51.725501815478 55.9433996677399 63.3954852819443 73.4117726484935 81.4505567153295 84.333082040151 77.8038601080577 68.6368296543757 69.3530340989431 58.3027054866155 59.6865862607956 47.2625692685445 11.1399677892526 0 0.321742962114513 0 0 0 0 0 0 0 0 0 0 0 0
176.768243312836 185.762465000153 185.222168763479 187.781135241191 188.079059123993 186.816771825155 177.33891805013 148.881812890371 107.905099789302 82.9362372557322 82.1492920319239 79.975038766861 60.7777982950211 41.6702926158905 34.7891102234522 34.7615952293078 29.2633200685183 26.2280230720838 25.8307332793872 28.896319369475 26.0118146737417 25.5927294492722 26.4337559541066 27.4915893872579 30.8732142051061 36.8675788243612 45.1269845167796 46.4508682489395 54.4354617595673 69.347470998764 75.6248335043589 74.6337076028188 69.8755284150441 64.0070935090383 57.708665728569 47.9309211174647 51.4667828877767 49.1873274246852 31.9711317618688 3.59593890607357 0.872989262764653 0 0 0 0 0 0 0 0 0 0 0 0
169.383823871613 172.942777474721 169.844567775726 170.789937178294 172.313809394836 167.224228382111 160.899877548218 145.851661761602 112.19056447347 93.0823683738708 86.333841085434 80.6943476200104 71.8501011530558 48.3709176381429 37.2169762849808 37.9970073699951 31.8128814299901 24.9608084559441 28.5726388295492 29.6974778175354 28.89301131169 26.4547119537989 29.0645286440849 32.1649884184202 31.0766821106275 35.447267194589 38.7985457976659 39.4671484827995 46.048899491628 62.1537913878759 70.2235052982966 68.5440003871918 71.4871337016423 72.2556511561076 57.8894913196564 52.9929995536804 56.1183045307795 62.70365913709 57.2497546672821 22.6195131738981 0 0 0 0 0 0 0 0 0 0 0 0 0
144.202103217443 147.285123666128 149.779776732127 146.168251832326 145.767668883006 144.829114278158 149.351626634598 147.488574186961 122.644503911336 100.988109906514 88.9318982760112 72.3712941010793 63.8746321201324 43.986255923907 33.3836004137993 38.0420486132304 39.3277953068415 29.5687218507131 31.6527634859085 34.2977717518806 34.7579245766004 31.6303993264834 31.8016484379768 34.5475003123283 32.5112193822861 32.7497671047846 37.8693739573161 42.8365767002106 46.2932089964549 57.5595647096634 67.9675489664078 71.1959699789683 72.1468279759089 75.9462912877401 60.8364343643188 60.4943583408991 60.5086435874303 68.214734395345 68.3143635590871 33.6474453409513 0 0 0 0 0 0 0 0 0 0 0 0 0
120.580047369003 130.069216092428 141.566455364227 137.885063886642 136.94045941035 142.786294221878 152.433852354685 155.739406744639 141.24321937561 112.506369749705 88.3658230304718 63.5827283064524 47.7189471324285 37.4321863055229 29.8584848642349 33.5063685973485 42.8049017985662 36.0855733354886 33.850260078907 36.6064061721166 37.6681536436081 34.8419075210889 32.484511534373 33.9546476801236 35.1881136496862 34.7730467716853 36.913904050986 44.5042153199514 47.1562047799428 52.0521899064382 62.6719395319621 72.1118946870168 73.6480951309204 69.0102726221085 58.3810011545817 67.4018065134684 68.9104398091634 74.3192285299301 75.2877394358317 51.5672465165456 0 0 0 0 0 0 0 0 0 0 0 0 0
86.1452321211497 96.7431465784709 105.323692162832 109.469503164291 117.627253135045 132.511148850123 146.962215503057 154.741575320562 152.080774307251 124.902705351512 92.3955539862315 61.2673064072927 43.4055229028066 40.6204735239347 33.9823166529338 29.2200595140457 38.4563157955805 39.4988606373469 34.6593260765076 34.7186277310053 35.2014179031054 33.2780207196871 31.208502749602 32.3576753338178 35.5062236388524 38.4086022774378 37.9711439212163 42.0537988344828 46.4495718479156 46.9759007294973 55.3337136904399 68.7479575475057 72.4007834990819 60.3715529044469 61.3872210184733 73.7593322992325 76.5286982059479 74.8495409886042 77.9883762200673 74.5632251103719 25.8368079861005 0 0 0 0 0 0 0 0 0 0 0 0
53.3954749504725 59.7279369831085 59.249887863795 68.7095075845718 83.748718102773 100.800931453705 114.977240562439 126.63921713829 129.434436559677 107.053508361181 73.6633241176605 50.5787531534831 38.9270111918449 37.8685593605042 34.77809826533 30.7618677616119 35.0168496370316 35.6187174717585 30.4776579141617 30.585415661335 33.3449517687162 36.4976848165194 36.335289478302 32.7214449644089 32.2608004013697 35.0417892138163 39.3179208040237 42.1040654182434 45.6844121217728 45.689860979716 47.3613639672597 59.0365380048752 65.8377955357234 62.3996655146281 77.602078517278 83.0999712149302 80.918883283933 75.9127040704091 79.9128214518229 93.3263003826141 83.3663642406464 32.1878393491109 0 0 0 0 0 0 0 0 0 0 0
43.2757437229156 44.9976225694021 45.0701812903086 47.1068272988001 55.2976777156194 61.2274507681529 64.8969411849976 70.0886100530624 70.4112201929092 56.6730250914892 42.3135658105214 38.4177764256795 37.2393280267715 35.1526935895284 33.9084391792615 34.490242600441 33.8462044795354 33.4631328781446 29.8908104499181 30.629833539327 34.5930581291517 39.2764086524645 40.8312007784843 37.4657313028971 34.710889061292 33.4999958674113 41.546901067098 43.6279078324636 46.5896228949229 46.5194483598073 45.9791868925095 51.8997808297475 60.1781706015269 68.5096830129623 84.8587850729624 83.0870320399602 74.721227089564 66.4446850617727 68.5922453800837 85.050642490387 93.6254064242045 84.398090839386 42.0693854490916 0.612754801598688 0 0 0 0 0 0 0 0 0
50.8279899756114 48.5826830069224 48.7748185793559 48.6469169457754 45.3274349371592 43.6374048391978 42.575200398763 43.8443919022878 48.5089172919591 41.1784127354622 34.4847167531649 35.9304696321487 38.8892938693364 39.0793234109879 37.9771242539088 36.8673950433731 32.1685671806335 38.513441880544 40.2567783991496 37.0257968703906 39.1723165909449 39.5479649305344 38.487101594607 40.9012362360954 42.4473981062571 38.0173847079277 42.4665908018748 45.4220374425252 46.7065920432409 47.6316064596176 49.0452647209167 51.4538884162903 58.2777659098307 72.1380859613419 79.3577929337819 74.3654270966848 64.2913281917572 55.7858298222224 52.0840485890706 61.4321182171504 86.0899190107981 88.607649008433 67.7864054838816 22.5130319595337 0 0 0 0 0 0 0 0 0
54.8017720381419 52.2444794575373 54.9971659978231 53.727184732755 47.4328299363454 44.5229560136795 42.5935635964076 40.4472748438517 40.795457859834 37.6677910486857 36.1794680356979 36.1636951565742 39.9062111973763 43.1004911661148 42.908122142156 40.1288395126661 37.4788244565328 42.3052261273066 45.1131810744603 40.0886734326681 38.7206027905146 36.5158120791117 33.9338034391403 36.4188601573308 41.0010367631912 38.0798305074374 35.027173658212 39.716271062692 44.0600961446762 46.2301075458527 46.7399607102076 46.6935733954112 55.8258444070816 72.6995368798574 78.4726043542226 64.0345315138499 55.525670448939 52.3983687162399 50.9856790304184 57.0210268100103 64.8408631483714 67.3979024092356 55.4816176493963 29.1189675529798 0 0 0 0 0 0 0 0 0
40.4151678085327 42.9073373476664 50.9478549162547 48.5949466625849 50.9320050477982 53.2887329657873 52.6435275872548 48.7810422976812 39.5678157607714 38.3625154693921 41.419193148613 38.4848788380623 39.2519434293111 42.6026036341985 42.9719984531403 40.6295309464137 41.9745494922002 43.7485824028651 44.5895542701085 39.9858603874842 36.0204900304476 33.8809639215469 31.9976657629013 33.1446081399918 36.1247410376867 39.2861614624659 34.7881441315015 36.6293340921402 41.0190771023432 42.4517293771108 41.2225052714348 39.8623421788216 48.5979368289312 62.3415211836497 66.3425425688426 57.5725932916005 54.4416308403015 56.6650529702504 57.2879413763682 57.6273103555044 53.7059605121613 52.8773665428162 49.5040714740753 28.872678677241 0.12623198563233 0 0 0 0 0 0 0 0
38.9822845657667 44.3790207306544 47.1568057934443 47.8444397449493 49.6120403210322 51.9536932309469 52.3997247219086 48.9151924848557 44.9089705944061 41.4502024650574 43.2714968919754 41.4220094680786 38.7020756800969 37.3701999584834 37.1293177207311 37.4876509110133 35.0966801246007 40.3081501523654 42.1159962813059 40.3772865732511 36.7726956804593 34.9468340476354 35.4909300804138 36.2425247828166 35.683477918307 43.7314659357071 45.897180835406 42.9160644610723 42.0541614294052 41.2431309620539 37.4081805348396 35.4540099700292 40.4438897967339 43.7969267368317 49.9221781889598 52.6282588640849 56.276132663091 61.4734788735708 61.3050361474355 54.0287842353185 52.4861663579941 50.1482586065928 48.4699457883835 33.1485271453857 6.01884536445141 0 0 0 0 0 0 0 0
44.6965247392654 49.0490744511286 46.4315662781397 49.5716830094655 48.267588019371 48.4536588191986 49.9999225139618 48.874686161677 50.2337763706843 46.3051150242488 45.6273208061854 45.2074855566025 41.3260931770007 37.214274207751 36.4757304390272 39.8188432057699 35.6851269801458 38.8277048865954 42.0880168676376 40.382981300354 38.5333051284154 37.9203806320826 37.9978567361832 39.9632453918457 42.0329968134562 43.3650215466817 48.3496884504954 45.842578013738 43.0227965116501 42.1914954980214 38.5519340634346 35.7366055250168 38.2756938536962 37.1063500642776 38.3086676398913 41.4932643373807 47.07403977712 55.0801207621892 54.8651963472366 44.6281532446543 46.199768781662 42.8861578305562 43.9948737621307 41.050578157107 26.2484500805537 2.48320943986376 0 0 0 0 0 0 0
