input/barkrak2/radiation/dir36324.grid
NCOLS 85 
NROWS 70 
XLLCORNER 665100 
YLLCORNER 4664600 
CELLSIZE 20 
NODATA_value -9999 
[rows 46 to 68 of 70, columns 0 to 51 of 85]
45.2044606208801 46.7271308104197 49.170841773351 51.1829356352488 50.9630441665649 50.8500387271245 52.7299245198568 54.4998149077098 51.4015009005864 50.344039996465 49.5461126168569 49.1672853628794 45.8993415037791 43.1355784336726 42.7563041448593 45.917679866155 44.6922679742177 39.6694863835971 43.8706825176875 42.8515672683716 39.9204740921656 41.0040368636449 40.7764787475268 39.0476832787196 46.4660425980886 42.7690843741099 43.9393868048986 44.6923077106476 44.1353917121887 43.0019050836563 42.4674848715464 39.3253813187281 38.7322952349981 38.5898351669312 40.8964405457179 42.095348238945 42.6360766092936 47.1596121788025 48.9514569441477 46.2078551451365 43.7686940034231 41.6792035102844 47.0839689175288 51.3408134380976 44.2042052745819 19.9520426491896 0.212593896624943 0 0 0 0 0
39.6408389012019 41.829451918602 46.9698707262675 48.5370308160782 51.9523322582245 53.4866005182266 51.7074565092723 51.4677166938782 51.6315996646881 54.2389800151189 51.6520986954371 48.4009385108948 47.073965271314 47.2624798615774 45.8335131406784 44.8349962631861 44.1693216562271 37.4681279063225 41.593611240387 42.2239005565643 39.6366839607557 40.0635053714116 42.8936580816905 38.0624408523242 40.7142365972201 40.9158517916997 38.8183991114298 41.8153007825216 43.7871019045512 42.4992293119431 43.2557066281637 42.8788165251414 38.9086206754049 41.1619941393534 50.4535585641861 54.0834913651148 49.3880063295364 44.6421007315318 47.1569200356801 52.3440738519033 47.1433699131012 41.7994310458501 49.6521045764287 53.6269644896189 49.237052599589 34.3474075198174 7.45153799653053 0 0 0 0 0
33.3297724525134 36.3118971387545 41.1720524231593 44.3124026060104 50.3665755192439 53.7256101767222 50.8194069067637 49.2921421925227 53.1312028566996 55.3061167399089 53.6472698052724 50.1718024412791 49.1143614053726 49.6101826429367 47.8500872850418 43.2766775290171 42.8889294465383 38.0169476071993 41.2475143869718 44.1988309224447 43.0691540241241 43.1127647558848 45.5787926912308 42.4566368261973 39.8028368751208 41.9691950082779 41.1438619097074 45.4724033673604 50.4529923200607 52.2618989149729 55.3240577379862 56.5045376618703 47.9574898878733 48.6232539017995 56.0808628797531 63.0021641651789 60.6894791126251 51.6179352998734 47.1390436093012 51.6612033049266 46.4520702759425 41.063313682874 41.1929537852605 41.1905770500501 40.3886884450912 39.4099106391271 29.3157001336416 1.02388377611836 0 0 0 0
32.3767860730489 30.4950426022212 34.4611058632533 41.6110207637151 46.9184468189875 49.8153120279312 52.3974001407623 54.9007554848989 56.3017080227534 53.2873670260111 55.1358660062154 55.450052022934 52.6549319426219 50.0601629416148 48.5487828652064 45.0588315725327 43.5318599144618 41.7539924383163 44.1430509090424 47.7005541324615 49.1942564646403 48.5597252845764 46.9936033089956 48.3563045660655 43.6640282471975 45.5684115489324 46.4924722909927 51.5772600968679 58.9779665072759 65.0062908728917 70.4249838987986 70.3013638655345 62.3015016317368 56.7444960276286 56.2792519728343 56.378111243248 63.9125108718872 59.8539213339488 51.5370269616445 44.8295623064041 40.6177441279093 41.2792960802714 40.8103217681249 38.1693715850512 34.055657684803 35.8258560299873 21.7866376042366 6.20719107488791 0 0 0 0
32.5790097316106 35.710963110129 39.0736535191536 44.7410543759664 45.0790226459503 45.5957700808843 52.9484351476034 57.7695270379384 57.7764610449473 57.5403471787771 57.5919498999914 57.4578990538915 54.4753968715668 50.7631053527196 50.6979475418727 53.868442773819 47.4331130584081 47.7217535177867 49.2747028668722 52.7177701393763 53.0766546726227 50.4536678393682 48.3325074116389 48.4625846147537 45.0758139292399 49.5320856571198 52.1281560262044 55.0366044044495 60.2341294288635 71.4242359002431 77.257052063942 79.7757605711619 71.2590316931407 60.9287917613983 44.819841782252 46.7376013596853 56.1199237902959 62.8998378912608 55.0868858893712 41.9618487358093 37.2761612137159 40.3965959946314 45.5911060174306 40.551483631134 36.6063714027405 34.942090511322 19.7870632012685 9.72636044025421 0 0 0 0
33.3298370242119 43.3116108179092 45.3790078560511 46.5850631395976 44.5030778646469 44.1499948501587 51.4031946659088 56.5469712018967 56.4187268416087 61.2084964911143 59.010848402977 58.4901024897893 56.3502510388692 52.4688512086868 52.7716974417369 58.4562222162882 52.0992229382197 50.4966725905736 48.8415112098058 49.7325907150904 50.0965813795725 48.6139605442683 48.432931303978 45.1271633307139 42.8300897280375 45.0095385313034 48.9371468623479 50.6761322418849 53.4998178482056 60.2853198846181 70.3957478205363 79.6844710906347 72.3109742005666 54.2931705713272 17.4638753135999 17.0265634854635 23.1785674889882 48.7599968910217 55.4107427597046 56.6850105921427 51.0836740334829 44.791171948115 37.1174166599909 36.5753124157588 40.7998611529668 35.9064588944117 19.6908339858055 14.2977001766364 0.0715339847374707 0 0 0
36.5958089629809 35.2007349332174 34.3813821673393 36.5057587623596 42.1581417322159 47.0405618349711 47.9522744814555 53.3319612344106 53.2658845186234 57.899221777916 58.0588181813558 59.9498997131983 59.8874092102051 55.8507790168126 54.2387068271637 53.2870640357335 55.1477869351705 49.8696615298589 44.9367860953013 43.0781096220016 42.3208177089691 44.4650948047638 45.2980647484461 41.0820196072261 42.2971149285634 39.5977819959323 40.3248021999995 42.443906267484 41.118120153745 44.3892627954483 49.7346222400665 62.7261499563853 60.2977971235911 33.5819770892461 13.8652349511782 7.27970339357853 7.96612352132797 15.4082750280698 38.0941753586133 52.9049883286158 55.4892321427663 48.0655332406362 34.6511254707972 31.4996739228566 33.0878322323163 22.887443502744 19.2017331719398 28.9112081130346 14.1656411190828 0 0 0
38.9000102877617 30.3142716487249 28.4645855426788 33.0525015791257 43.0181920528412 50.5870381991068 50.3466874361038 51.5808562437693 53.9903591076533 54.3133070071538 56.5851777791977 59.0538332859675 60.7597132523855 59.6369008223216 56.2789589166641 53.6689658959707 56.4639866352081 50.5001246929169 46.2852517763774 46.2839305400848 46.3980535666148 44.8931405941645 43.1763629118601 40.7349467277527 40.6462202469508 39.033368229866 37.7397189537684 37.6064454515775 37.8751705090205 35.514752070109 29.4539282719294 35.6849307815234 37.229763964812 20.2015874286493 15.302948653698 8.04473087191582 1.30347845455011 0.391059283477565 6.88461897273858 20.7766989866893 42.130986849467 38.4595667322477 33.0068692564964 24.8591154813766 19.0610451002916 20.0087502598763 18.0947308739026 34.6499631802241 41.2734200557073 23.4306727846464 1.12728821113706 0
39.0193512042364 34.1296916206678 32.4149504303932 37.1479193369548 45.4133798678716 52.1638443072637 54.7097126642863 51.4322519302368 55.623804529508 54.241677125295 57.6297740141551 59.5694482326508 60.796320438385 62.5376204649607 58.325524131457 58.1888407468796 58.5138698418935 54.2776584625244 51.2491961320241 51.8197913964589 51.332950592041 47.5024183591207 45.9168304999669 45.2662060658137 43.8527365525564 42.8819805383682 40.1902869343758 37.5249187151591 33.1106533606847 29.5904601613681 23.1500615676244 27.3141960302989 35.0484723846118 37.2576390703519 35.4846765597661 25.6942212581635 8.20859087010225 1.21371649826566 0.636381329968572 4.56938457985719 17.4288153648376 21.1401358246803 17.7078321576118 12.5725145141284 12.3471406598886 17.0820926626523 18.7851625184218 20.0250123937925 37.4759361147881 41.1435489853223 25.1531253258387 0.0405819688846047
41.8662130832672 40.5363167325656 37.4593536059062 36.5330254038175 41.6982223590215 51.4710942904154 52.7215202649434 51.0010619958242 52.978773911794 57.9210370779037 63.6511693398158 64.3413215875626 62.9559506972631 63.3590420087179 61.3663891951243 61.2010260423025 61.8697206179301 59.5894952615102 55.1758408546448 52.8398752212524 50.4751056432724 49.5237708091736 50.8601317803065 52.5569667418798 48.3877162138621 46.8033651510874 38.743312160174 33.1163356701533 27.2239198287328 24.7058595220248 25.4779805739721 30.7129994034767 38.7163360913595 49.4972169399261 54.4718901316325 52.8667817513148 38.5181109110514 25.502140323321 15.1823361714681 3.91938382138809 8.47052161892255 17.0594789087772 17.5613462924957 12.5093137224515 12.0930994550387 25.9803682565689 43.1786874930064 36.870022614797 32.0722510417302 37.3411054412524 18.0100599924723 6.14964589476585
44.2373901605606 43.6654885609945 42.655145128568 39.629856745402 40.8529316385587 48.9759892225266 50.8838395277659 50.9892751773198 51.265428463618 59.9787880976995 67.2847578922908 66.0668710867564 61.9550247987111 64.4123951594035 65.8644636472066 60.1670096317927 62.6084953546524 60.4348331689835 57.0398618777593 54.623340566953 53.838387131691 54.7445565462112 52.5995641946793 50.1217792431513 48.25026790301 43.0267204840978 27.3520971337954 4.34772918621699 3.33480536937714 11.473315457503 23.1941640377045 28.6307086547216 37.0181252559026 44.1927860180537 54.4778307278951 57.2131325801214 57.2759062051773 49.9588300784429 37.3306224743525 20.4779369135698 9.9083644648393 17.170167217652 33.6830367644628 34.7489168246587 29.0662373105685 45.3685869773229 66.2025262912114 57.926485935847 37.9185155034065 25.8774285515149 12.6275892059008 7.18073112269243
43.2133426268895 41.4228315154711 44.7997748851776 45.7770923773448 43.671578168869 46.0263391335805 50.9837418794632 51.7019480466843 52.1982610225677 59.540053208669 65.6041403611501 64.3266538778941 60.0600490967433 63.4707013765971 66.7908440033595 58.2601130008698 59.6498052279154 58.5799316565196 56.9229026635488 58.268000682195 59.1510981321335 59.3071679274241 55.4896642764409 49.746518333753 48.6739079157511 45.19422352314 29.7179420789083 13.618178665638 13.1892624000708 19.6358896791935 27.5406787792842 32.3601911465327 45.2883789936701 54.7839899857839 65.250888466835 59.309313694636 55.9910585482915 20.9274416168531 21.3056827584902 21.8390772740046 21.5251197417577 34.8542655507723 38.76893222332 20.3422904014587 15.4430046677589 19.122136135896 28.3343195915222 45.4088399807612 31.7693774898847 21.1484705408414 15.0539589424928 10.5907656252384
33.1348180770874 39.9213482936223 43.0803547302882 45.6585089365641 45.7374105850855 42.7629997332891 51.0405600070953 54.328665137291 55.2735775709152 60.1104398568471 61.9883636633555 61.3728066285451 61.1686160167058 59.7555239995321 61.2729241450628 57.9249759515127 55.3775131702423 58.537612358729 60.1826657851537 62.0676825443904 63.8701816399892 60.3173226118088 57.7637950579325 53.5833835601807 51.7558008432388 52.0319392283758 46.9580590724945 41.2113318840663 41.5379082163175 42.0565257469813 38.7463023265203 38.2592876752218 52.9779593149821 66.7883008718491 47.5453088680903 43.0877606074015 25.3735482692719 10.1623895267646 3.21203315009673 6.72558260460695 7.55735176304976 25.0919063886007 41.6028425097466 35.5083793401718 24.3456661701202 25.3533671299617 37.7563387155533 41.7830695708593 39.2302945256233 33.1958358486493 27.5349095463753 26.4520992835363
24.7645204265912 37.642332414786 41.2519052624702 44.0014948447545 46.775738398234 43.2763397693634 46.9391544659932 53.7476142247518 63.7015104293823 65.1083489259084 60.4934940735499 58.4946125745773 60.6113771597544 60.1854572693507 60.1816872755686 58.1629226605097 55.011918147405 57.5452248255412 56.403324007988 53.5329878330231 55.7619829972585 54.5780013004939 54.8653652270635 53.5004685322444 54.5925150314967 59.3704283237457 67.2149906555812 67.2743618488312 57.7913373708725 53.6711066961288 42.2761489947637 35.4109654823939 43.8692271709442 41.158989071846 17.9555080831051 12.1045832832654 11.4151053130627 6.26764756937822 0.340110234295328 0 0 10.7293253143628 35.8537882566452 53.1331201394399 55.7540208101273 58.6735606193542 56.5486003955205 56.6250383853912 56.8413635094961 46.7229386170705 36.7232238252958 45.8907435337702
26.5477746725082 35.0803186496099 41.6452810168266 43.8748747110367 45.2015648285548 45.5073565244675 40.32152146101 48.9707887172699 67.5388723611832 66.4845009644826 58.5131595532099 55.811882019043 58.3089292049408 62.1224145094554 61.3148311773936 58.180958032608 57.5690666834513 55.6392123301824 49.540102481842 43.5069849093755 43.2600677013397 46.6873149077098 47.3573406537374 51.7584383487701 52.9821962118149 59.8911295334498 75.2194821834564 80.6335508823395 61.7901682853699 51.0677446921666 42.0941015084585 30.4788599411647 29.9630562464396 34.4216699401538 16.5538353224595 8.64683774610361 9.52907713750998 14.0471681952477 7.5629148632288 0.443211058154702 0 1.48322122792403 18.1794700523218 39.8393347859383 44.1878736019135 41.3223430514336 42.8907722234726 43.8397328058879 41.1555767059326 42.6971713701884 43.0239041646322 74.2983321348826
36.7993389566739 39.4839520255725 41.4429381489754 38.6243065198263 33.477875093619 29.8580552140872 36.8981560071309 42.6632314920425 51.1246373256048 47.270730137825 42.7149534225464 49.6527900298437 57.3193828264872 59.3287994464239 55.4944078127543 57.2886864344279 57.8663945198059 52.5143146514893 45.4091380039851 40.4666215181351 40.347213546435 40.8994903167089 43.9116756121318 47.1557676792145 48.7557003895442 53.5265058279037 65.3241078058879 73.3360598484675 62.0571623245875 48.0008820692698 37.3599678277969 26.7881502707799 16.4377192656199 37.5583519538244 34.6124097704887 15.727827946345 15.65146073699 36.9898329178492 38.8334145148595 25.8857061465581 5.00906507174174 2.26371890554825 9.91760194301605 16.3338830073675 15.2180170019468 16.7547985911369 18.9932112892469 21.0515807072322 20.5296774705251 36.113885541757 55.3882569074631 105.892995993296
47.240803639094 44.1162486871084 40.6799763441086 34.3452766537666 25.5913535753886 20.3020411233107 28.593306740125 29.4153168797493 20.9136828780174 17.5030070046584 30.5435433983803 40.1535158356031 46.4603652556737 50.0751733779907 53.226778904597 62.9645884037018 65.5488868554433 57.526429494222 49.6382812658946 46.5309172868729 44.126162926356 43.9518491427104 45.1391736666361 43.3025062084198 44.7754363218943 47.98623919487 57.094285885493 59.7332169612249 55.0213207801183 36.4137565096219 35.9663317600886 32.0649296045303 28.1538317600886 45.244167248408 51.6616404056549 40.4722740252813 31.0674185554187 19.1343290110429 21.3100587328275 29.1689808170001 16.7926388482253 8.07430657247702 9.62840331097444 10.0537178417047 5.31695472697417 6.25297240912914 12.9828378558159 14.8495162526766 15.8085351188978 36.2172176440557 79.2643874883652 121.350655953089
49.8469819625219 43.6888188123703 39.2830322186152 35.7828189929326 29.3164898951848 24.1074562072754 20.6634563704332 15.4526556531588 2.56639098127683 10.0839647154013 25.6276105841001 35.8211075266202 35.7226654887199 42.777881026268 55.3580323855082 70.681502421697 75.8395344018936 69.0672894318898 61.2318217754364 57.555228471756 52.8608610232671 50.4627972841263 50.9417653083801 46.2597409884135 43.1156406799952 44.2300041516622 42.4964775641759 45.3766087690989 43.6573475599289 30.024287601312 29.1428839166959 30.4977173606555 20.0252297023932 42.8911695877711 66.9010728597641 69.9202120304108 45.4045782486598 13.6287100613117 10.6036638220151 15.4181222120921 15.8210434019566 13.7394107878208 14.7249462703864 13.8826432327429 7.71831907331944 4.83925578494867 10.3629343211651 14.5699419081211 25.2674346168836 48.211803038915 109.438121318817 140.276004870733
52.1064897378286 47.1084217230479 45.8103915055593 46.8678524096807 43.796385327975 38.0255132913589 33.3989734450976 33.7698931495349 32.5798889001211 38.1012509266535 45.3961789608002 50.5018085241318 50.7513781388601 46.4480022589366 55.9823165337245 70.8965212106705 80.7012071212133 81.0736815134684 74.2422839005788 65.0532593329747 59.35071905454 55.3391675154368 53.5266548395157 54.9791753292084 48.0672816435496 38.2854888836543 33.4667166074117 35.973514119784 36.7535005013148 36.1484239498774 16.0824383298556 16.3912288844585 13.2277086377144 20.8043828606606 73.4368016322454 83.5909644762675 52.4151672919591 17.1067118644714 5.8785875638326 5.96553832292557 8.6810669551293 6.61515941222509 15.0912441313267 19.0847292542458 27.870737016201 12.0510819057624 12.7365899582704 30.5837839841843 54.0962169567744 96.3199933369954 128.053406874339 141.302853822708
52.8629322846731 50.2460350592931 50.4222611586253 51.8095046281815 51.2484510739644 47.7780153354009 47.5342720746994 54.8130621512731 70.5153793096542 66.5772706270218 57.9177737236023 59.1197510560354 64.4653141498566 53.1507134437561 54.1116197903951 62.2442166010539 70.1609353224436 77.511524160703 78.2739818096161 71.645180384318 66.2209788958232 60.1353694995244 57.5066755215327 54.0149162213008 46.564241250356 38.2223849495252 26.9336303075155 28.1273871660233 30.7497357328733 15.961812188228 11.4698087175687 9.77426456908385 5.76201826334 3.46583717813094 66.7568147182465 85.0781301657359 66.4163480202357 54.1968892018 24.6412505706151 2.3900824598968 0.0336620408537177 0 7.55941681563854 30.5369098981222 36.8400091926257 28.0396764477094 26.7998973528544 47.845795750618 102.348874012629 145.357181628545 139.279653628667 127.595404783885
52.0978669325511 48.8919615745544 43.6695863803228 39.3284435073535 39.5616888999939 41.432057817777 41.5472586949666 52.7853071689606 61.9875291983287 57.6981206734975 48.9638149738312 48.2312788565954 59.196005264918 54.7622740268707 51.3799140850703 49.8836040496826 50.9105821450551 57.8441321849823 67.710280418396 71.8621661265691 67.7784532308578 61.9660715262095 56.0782750447591 50.8160342772802 44.1157321135203 36.1893723408381 26.6781970858574 16.3288886348406 27.137890458107 21.7430740594864 11.4391557872295 6.86430310209592 1.19349275094767 0 0.0161618542430612 75.3005842367808 82.2356641292572 92.4804409344991 74.2771724859874 27.8314451376597 1.83677005891999 0 1.90785309920708 16.4878343542417 41.9844637314479 60.6005638837814 80.4974387089411 129.114896059036 168.844600518545 179.070870081584 164.326697587967 132.949888706207
54.1475911935171 52.1755913893382 46.5862303972244 40.1482234398524 38.6920968691508 41.3488075137138 34.4983537991842 32.3145762085915 34.009575843811 30.9644142786662 24.1557508707047 22.0268170038859 25.600920120875 42.2837833563487 49.2059290409088 43.7296330928802 32.3247089982033 29.3279091517131 40.8831387758255 60.1883828639984 61.9476536909739 56.6862225532532 50.160417954127 47.453115383784 41.0604402422905 35.968117415905 29.8153211673101 8.19332028428713 12.8264240920544 32.8781232237816 17.0267062882582 10.5653579036395 3.41829316069682 0 0 54.2566279570262 94.645748535792 108.819256226222 95.4982539017995 66.8744494517644 34.9411691228549 7.19622398416201 4.7158757224679 21.0900753736496 50.5430201689402 111.512074867884 151.496907075246 181.324462095896 190.260211626689 189.561784267426 180.030862490336 152.177760998408
55.7879656553268 55.7168225447337 53.2592435677846 49.8606016238531 48.0402906735738 47.3223825295766 32.9064801335335 19.9003120263418 20.2162601053715 22.1088901162148 19.6615817646186 17.18936363856 18.2963932553927 38.6511236429214 51.8345137437185 42.4890319506327 25.422324736913 13.9153177539508 17.0020920534929 30.9443796674411 41.2483761707942 44.7566012541453 45.3193038702011 38.5011757413546 34.4247420628866 30.1163444916407 11.5552246570587 5.93958795070648 9.31099740167459 35.9005729357402 44.3545679251353 37.5155260165532 18.6310981710752 0 0 33.7569365898768 87.9171093304952 96.202959616979 77.4848858515422 74.4591156641642 78.8794110218684 63.4052654107412 42.0894126097361 56.2027543783188 106.53218626976 150.372445583344 173.25222492218 184.193591276805 185.982227325439 183.564881483714 178.659399350484 157.057811816533
