input/barkrak2/radiation/dir31424.grid
NCOLS 85 
NROWS 70 
XLLCORNER 665100 
YLLCORNER 4664600 
CELLSIZE 20 
NODATA_value -9999 
[rows 0 to 22 of 70, columns 0 to 49 of 85]
98.487635453542097 111.664434274038 127.892037232717 148.241887489955 159.016480048498 161.600728829702 160.635501146317 158.146808544795 156.330724557241 158.227741718292 158.89244278272 155.175685882568 150.720755259196 151.460826396942 151.618242263794 137.978772322337 125.006457169851 118.056088685989 118.376841147741 115.861306587855 117.912083864212 139.333297808965 161.868760983149 166.502684354782 169.856210549672 180.427273114522 178.927779197693 168.677548567454 160.492231448491 161.900579929352 157.544662555059 180.047591527303 223.554313182831 222.542643547058 218.809862931569 206.372002760569 210.976123809814 222.88848956426 220.042089621226 219.611565272013 210.721135139465 218.706409136454 224.246958891551 215.743243694305 204.31254307429 211.52663230896 217.673858006795 177.383621533712 121.447324752808 116.957207520803
73.3663241068522 91.8373068173726 106.892953316371 124.831239382426 138.064354658127 146.677623192469 152.945707241694 158.99246931076 164.39429918925 164.067983627319 162.8311475118 158.183912436167 153.123060862223 153.247386217117 153.314054012299 140.422155459722 132.066478331884 121.736298004786 118.95814538002 118.453562259674 131.880074739456 157.369474569956 175.570646921794 176.103154818217 179.314335187276 184.907078742981 180.917084217072 172.352433204651 164.474189281464 163.20663690567 164.539714654287 191.560844580332 218.37850411733 215.023855368296 211.181203524272 206.270317236582 215.042074521383 224.867423375448 221.437732378642 217.662473519643 213.145852088928 215.256969134013 210.758646329244 200.482726097107 195.275604724884 207.562228043874 209.460059801737 159.739335378011 128.497689962387 139.399101336797
38.7772073348363 46.016921599706 54.2900909980138 61.885396639506 73.6456463734309 85.7113202412923 107.576916615168 134.957502285639 149.16385213534 152.422746022542 156.227538983027 159.449438254038 162.256985902786 162.094533443451 163.849959770838 164.165784915288 160.333474477132 149.696588516235 134.906311829885 128.862271706263 141.605138778687 161.791215340296 174.444476763407 177.156448364258 179.857194423676 179.275631904602 177.554408709208 171.789348125458 167.747855186462 171.629865964254 181.082785129547 202.070613702138 216.506361961365 214.006642500559 209.06674861908 207.50500758489 216.413219769796 224.038322766622 216.914037863413 216.217716534932 209.632515907288 199.721773465474 185.888330141703 178.999940554301 185.280541578929 202.491005261739 194.079399108887 156.901329755783 148.532887299856 167.734424273173
23.8100215792656 26.1272192001343 30.6109463175138 31.968946258227 36.3712583978971 42.3722167809804 53.4017781416575 73.3609050512314 91.0062193870544 119.459837675095 135.588586330414 151.733050743739 161.370615164439 164.739608764648 168.728192647298 172.753870487213 169.883747895559 160.288472970327 143.617471059163 136.557181676229 137.804557879766 139.334231615067 154.653916756312 165.80672065417 168.681720892588 168.863952159882 170.709609985352 170.68084081014 172.140796979268 178.592662016551 184.738675753276 204.757869243622 207.985460758209 208.016792933146 205.129186312358 207.576235135396 212.189972400665 212.937851746877 206.319471200307 195.256173610687 190.349082152049 183.160265286764 180.115580558777 192.36163298289 203.015446662903 197.831829388936 178.927838802338 156.432996193568 158.350010712941 171.540339787801
35.1035470763842 26.0946154594421 17.7451409399509 13.2372428973516 12.5200425585111 23.4583392739296 36.8085106213888 50.0755260388056 58.1609358390172 63.6921972036362 88.0696177482605 111.303011576335 127.07378466924 134.484350681305 147.606670856476 157.731632391612 155.901749928792 151.00418527921 144.114782412847 138.535737991333 134.553849697113 132.661074399948 139.397829771042 150.322169065475 159.520169099172 166.805783907572 168.771624565125 170.080463091532 172.900398572286 173.499127229055 180.040240287781 203.431884447734 200.698971748352 203.026533126831 202.775756518046 201.480905214945 198.497970898946 195.880174636841 186.877508958181 181.122183799744 180.367151896159 181.358516216278 190.684775511424 203.846096992493 205.498417218526 180.278460184733 148.40891957283 139.336347579956 152.18045314153 170.677781105042
61.1691772937775 46.2450881799062 28.8266812761625 13.8595042129358 9.34139390786489 15.7026213904222 29.654527703921 40.2353877822558 47.4285980065664 47.9641407728195 54.9055089553197 65.6729638576508 73.8688160975774 78.6436895529429 83.5733910401662 89.792142311732 95.4571863015493 110.310097535451 124.193022648493 131.105760733287 136.326680580775 140.316168467204 133.855263392131 139.788786570231 149.353951215744 155.301173528035 165.65857330958 169.696708520254 173.909028371175 176.429867744446 187.902569770813 198.504368464152 192.713797092438 193.772693475087 195.027013619741 194.622536500295 191.930194695791 187.083105246226 178.442974885305 178.68036031723 179.684678713481 180.057485898336 183.655083179474 186.956365903219 182.255744934082 141.601542631785 122.52488732338 132.012903690338 151.887128750483 190.210501352946
70.7366466522217 60.3033701578776 49.5845625797907 33.5361088315646 20.8255288501581 13.7420669198036 16.7119204998016 32.6361084977786 41.889821489652 47.4287470181783 46.4377452929815 44.2943076292674 41.5612732370695 40.0864879290263 42.5257583459218 50.3055552641551 58.7786932786306 75.3497282663981 94.155083100001 108.74209801356 118.94553899765 127.590318520864 130.266139904658 125.24355451266 133.609424034754 138.337026039759 142.51497387886 152.682493130366 164.557109276454 173.794825871785 186.807036399841 191.365659236908 182.381709416707 178.16158135732 178.701678911845 179.618318875631 179.833094278971 175.07270971934 170.022467772166 164.497007926305 159.627020359039 159.868905941645 169.297953446706 178.256034851074 173.940221468608 167.700568834941 178.334017594655 186.777770519257 199.109355608622 213.887413342794
84.0524931748708 72.1073398987452 64.519668618838 54.7936608393987 40.3465504447619 20.7305252552032 11.5545292695363 8.11342274149259 22.6075698932012 38.0849440892537 48.0193545420965 45.8644131819407 40.1252905527751 36.3188659151395 31.0551027456919 32.6774915059408 39.825513958931 52.1859526634216 71.2551027536392 86.345245440801 100.943346818288 114.394803841909 121.999243895213 122.771710157394 125.583569208781 125.935326019923 127.212514479955 133.869697650274 139.626691738764 156.861146291097 171.517173449198 175.076444943746 166.489869356155 161.799162626266 158.750951290131 159.566670656204 165.374487638474 164.274960756302 162.252535422643 145.558625459671 141.595711310705 149.195144573847 164.734303951263 177.029987176259 183.188776175181 189.19297059377 197.873055934906 206.05464776357 213.45599492391 214.906315008799
78.3694585164388 70.7790603240331 62.0688100655874 56.644394993782 49.6916820605596 39.0102118253708 22.8471333781878 9.83995075027148 15.6802497804165 21.4638411998749 28.3526430527369 41.3980210820834 43.820450703303 45.5736468235652 40.4685686031977 37.0429505904516 36.5618119637171 40.5748213330905 50.6620357433955 63.6863360802333 78.419620792071 89.8851454257965 103.518118460973 106.761385997136 108.604778846105 110.965897639592 112.895429134369 117.013563712438 121.790140867233 131.458401679993 137.602518002192 143.743534882863 145.187964042028 144.966701666514 147.431641817093 149.622569481532 152.805060148239 155.095607042313 155.633240938187 150.814135869344 156.083603700002 165.879666805267 173.891882101695 176.992277304331 174.734771251678 174.900571505229 179.988960425059 189.638674259186 199.266890684764 201.234916845957
59.8546663920085 57.5790405273438 51.6004661719004 43.0058340231578 43.8563724358877 52.7231047550837 38.4917110204697 26.3557905952136 15.7397364576658 12.9056995113691 16.8695313235124 28.288796544075 39.6682346860568 48.4362542629242 54.8706352710724 51.6873846451441 44.6996490160624 43.0102547009786 43.896143635114 47.2418516874313 55.1539113124212 61.0605577627818 71.8987236420314 80.560843149821 91.6723112265269 92.3951665560405 92.6182568073273 97.3924497763316 103.234002987544 109.875798225403 112.011909484863 114.17630314827 118.626455465953 127.960622310638 135.697742303212 141.4575278759 140.294760465622 145.482957363129 151.543746391932 161.835809548696 171.323279539744 178.255399068197 177.985529104869 176.921645800273 173.255165417989 172.684967517853 181.836267312368 190.164804458618 194.026211897532 191.533207893372
26.0547747214635 24.6873448292414 23.3588417371114 28.7335862716039 22.3985935250918 23.5969722270966 27.616448700428 27.2320558627446 21.8074843287468 16.6658870875835 13.8008818030357 16.9823703666528 30.3186103701591 44.3636377652486 56.3481400410334 52.0704388618469 49.632931749026 48.0519930521647 45.2920645475388 42.0680741469065 43.0572628974915 44.4759627183278 48.1688628594081 60.0577096144358 73.2853164275487 79.2106489340464 80.2161296208699 79.8411269982656 86.1524740854899 95.4954922199249 99.3485152721405 101.54848297437 109.305093685786 113.195518652598 115.829885005951 125.555445750554 133.185734351476 139.14696375529 149.3179500103 166.865924994151 173.56010278066 174.445271492004 173.349976539612 172.101616859436 171.930412451426 175.913333892822 182.850261529287 183.416068553925 182.655692100525 186.359286308289
3.35055310279131 3.74158658087254 3.65419251223405 1.83639830599229 0.00501936392538482 0.00762013041821774 6.03400108714898 18.2847914596399 26.2808874249458 26.0813857118289 18.6237518986066 14.4187062978745 17.3770015438398 27.7204364538193 42.6009794076284 46.0023830334345 52.347739537557 53.1033674875895 49.142986536026 41.60209496816 39.1925250490507 38.7200911839803 40.0662745038668 47.6514250040054 55.7411958773931 61.6247951984406 62.8241797288259 66.11401339372 69.8385089635849 75.4230171442032 84.289828936259 88.5816017786662 93.2368437449137 95.538318157196 98.6392597357432 100.412428379059 110.306054353714 131.515125433604 139.574527740479 156.384329001109 163.559456666311 163.355906804403 157.463312149048 155.00596165657 156.365156173706 158.870995044708 163.790096839269 170.485575993856 174.125095208486 178.301970163981
0.48229587264359 0 0 0 0 0 0 4.11719921976328 21.2973703940709 26.7540986339251 26.9518196582794 24.6912017464638 14.4698346654574 13.767383992672 25.1032585899035 40.1265869537989 51.6610443592072 56.5377424160639 55.9876610835393 49.9748736619949 45.1419154802958 45.9433098634084 47.5185662508011 48.2865869998932 51.0870466629664 52.439679702123 55.2770644426346 60.7727567354838 63.5980268319448 63.1262014309565 63.4857614835103 73.4000702699025 76.4736582835515 78.6723295847575 82.1082989374797 87.097704410553 95.2794452508291 105.049133300781 111.939251422882 131.781667470932 139.916439851125 141.562670469284 141.499777634939 141.167422135671 141.950070858002 145.724634329478 145.653982957204 149.118473132451 153.983781735102 159.083147843679
0.88795538370808 0 0 0 0 0 0 0 1.36545781667034 19.4813733299573 29.7362456719081 35.6494262814522 32.06700583299 23.8775660594304 23.3428577582041 35.9572221835454 46.5676685174306 57.8762094179789 65.9272919098536 64.2872552076976 57.5733582178752 56.6475689411163 56.3276509443919 56.0517410437266 58.709646264712 57.4192156394323 59.5481197039286 65.0133987267812 63.8721038897832 58.7535798549652 59.8183969656626 59.3396524588267 62.3261133829753 69.550633430481 75.6406933069229 81.6092888514201 83.6594601472219 89.251180489858 94.8964854081472 96.1564679940542 103.778213262558 118.626664082209 127.199411392212 133.417705694834 132.935295502345 140.138864517212 139.062027136485 134.006927410762 132.378836472829 132.442722717921
7.76469148695469 3.26438348944672e-05 0 0 0 0 0 0 0 10.8745358884335 29.4216672579447 44.9114342530568 55.0299336512884 49.439325928688 36.5883062283198 34.1358507672946 37.1883983413378 48.3060379823049 62.877764304479 70.3266362349192 71.6742972532908 68.1928147872289 68.5892999172211 65.3930207093557 65.1285896698634 67.7201350529989 65.4741525650024 67.1976804733276 65.9236411253611 58.9469124873479 55.2230179309845 56.8120976289113 53.9452334245046 50.2589891354243 52.3235897223155 67.3604806264241 66.0918156305949 70.0020690759023 77.6660690704982 78.057661652565 82.6435635487239 88.8303319613139 97.3444978396098 110.886752605438 115.824957688649 121.823906898499 130.403161048889 134.749313195546 130.332330862681 124.269515275955
8.13836418092251 0.181482949604591 0 0 0 0 0 0 0.385170647253593 1.41325468818347 18.8509660462538 38.4177962938944 53.5604159037272 64.9079432090123 54.6278953552246 37.8646006186803 32.577450076739 34.9922527869542 46.4560488859812 65.0085657835007 75.7456372181575 75.3718713919322 78.6784489949544 73.4693755706151 70.2930043141047 74.3980159362157 73.7386246522268 68.8340365886688 65.8489565054576 66.6877975066503 58.7585270404816 54.5460283756256 47.2948650519053 45.5242544412613 42.7776426076889 44.451504945755 38.2082387804985 43.6140100161235 49.0958690643311 53.1444648901621 55.9413780768712 59.042955438296 63.8163288434347 67.3880577087402 89.4303023815155 98.7289547920227 111.323773860931 121.662259101868 120.870540539424 118.511954943339
5.69410249590874 0.881735933944583 0 0 0 0 0 0.00814693339634687 1.18782161734998 1.97890354320407 8.59075474242369 28.5076200962067 49.5221267143885 63.8040999571482 66.3782705863317 56.2954048315684 51.6226341327031 44.0564850966136 39.8765007654826 46.3052888711294 64.7107064723969 78.365499774615 83.1468502680461 81.0598532358805 77.9875268538793 78.3503204584122 84.0337673823039 77.7026017506917 76.433926820755 73.1945137182872 70.0695663690567 57.4082583189011 47.9789674282074 40.0802741448084 32.301959892114 27.8539632757505 26.1536911129951 26.4835904041926 26.8969858686129 36.1985216538111 39.245679974556 39.5411526163419 43.0658708016078 45.8130141099294 58.4111859401067 71.256344517072 88.6758863925934 97.2757339477539 103.537221749624 110.532144705455
3.74727758268515 1.50422969212135 0.00321831733648044 0 0 0 0 1.66446296498179 2.89857884248098 8.13475685815016 11.6030871868134 21.0836132367452 38.7429048617681 55.7989180088043 67.8889751434326 70.3180332978566 69.32732462883 62.767893075943 51.1468946933746 41.5509790182114 49.7189462184906 71.3278353214264 79.3421367804209 83.3744704723358 85.3722194830577 89.8473064104716 88.9303584893544 85.6211185455322 87.9247585932414 83.1757634878159 69.9426879485448 57.4626276890437 51.4488915602366 39.9851649999619 31.3511764009794 24.9683906634649 19.4562536974748 19.5407842596372 18.304854631424 22.6251880327861 22.9245374600093 24.9168028434118 27.8831869363785 31.1309198538462 37.3739202817281 50.3353377183278 58.3097289005915 67.9788837830226 80.2952200174332 88.8070960839589
4.15869367619355 4.91057429462671 3.94640893985828 0 0 0.0560586728776495 1.44843974461158 3.68715232859055 9.38582234084606 18.284068753322 21.7969020207723 24.8486449321111 34.2271476984024 41.1736716826757 53.9848109086355 64.9536003669103 72.2683916489283 74.3368864059448 72.273721297582 59.3442916870117 46.6433564821879 57.0577482382456 66.2977943817775 76.6242245833079 87.0888928572337 93.5397744178772 98.0780919392904 95.7671105861664 87.662547826767 76.6475697358449 75.0383138656616 63.3595883846283 48.594723145167 34.1377804676692 26.9875079393387 19.8596082627773 12.5328600406647 8.665906265378 9.95413648585478 14.5705242951711 16.4371604720751 22.0946768919627 27.2347877422969 30.8372179667155 31.6215455532074 40.4632637898127 46.4406808217367 49.679234623909 54.2914172013601 69.9948767820994
4.44127464046081 3.48522855589787 5.19947210947673 0.276328957018753 0 2.10127731164296 3.03080212324858 4.12608652065198 5.0792737553517 16.4947658777237 23.322564860185 22.8611702720324 25.0423004229863 29.8301676909129 39.7034933169683 52.5906284650167 62.7468327681224 68.4005419413249 73.4185924132665 73.1432735919952 66.7022466659546 57.8917463620504 59.5445732275645 68.7325249115626 80.039789279302 89.1115268071492 91.1995867888133 87.6814822355906 87.255338827769 79.6208083629608 66.8016026417414 64.6569132804871 46.6999709606171 34.0041567881902 27.7801305055618 17.3707604408264 10.1312218854825 4.114988570412 2.7919045339028 3.48199748744567 11.5028247237206 19.0947788457076 24.4701753060023 27.2953733801842 27.6605685551961 34.2879543701808 36.2233966588974 38.6946052312851 46.3634630044301 52.652969956398
7.61402274171511 2.68281437456608 0.854633903751771 2.05060125639041 0.94306911341846 3.0724573880434 2.59640968094269 4.59283248831828 5.75624530514081 13.6566472550233 18.6180174350739 18.7802774210771 17.9581344127655 20.699550708135 27.4729753533999 37.3029584685961 48.5806316137314 56.9016983111699 64.5882437626521 75.905442237854 82.9072892665863 74.8752852280935 74.9216477076213 76.645627617836 78.0658721923828 80.1409234603246 84.4246049722036 82.1212530136108 77.2088120381037 76.8974075714747 64.3803675969442 46.9635625680288 31.4326410492261 24.83153094848 9.67591504255931 3.55213942627112 0.575462239794433 0 0.00512680344399996 1.13025594813128 1.24533334746957 3.56326562662919 14.4800233344237 19.7973251342773 24.31720495224 27.3522386948268 28.4173215428988 32.861406604449 38.5537544886271 38.1263966361682
22.8807056943576 13.3202138046424 4.04336210340261 7.43501695493857 7.46388547122478 2.54716134319703 4.50532883405685 6.34389494856199 6.94417643050353 12.6583042244116 16.3404022653898 16.054288794597 15.9264951944351 14.2643575867017 19.7649238010248 28.3267796039581 40.4484023650487 49.4500646988551 57.2337706883748 70.0887441635132 79.2727768421173 91.0008152325948 95.9919293721517 95.4021414120992 90.5595024426778 80.7309150695801 75.2786149581273 72.0586131016413 74.0530739227931 58.903843164444 47.7503885825475 28.9975379904111 19.3811828891436 6.3463697830836 0 0 0.00408656887884717 0.00359377706142065 0 0 0 0 7.66874973972638 8.53066829343637 17.3340104520321 23.0701516071955 26.0316729545593 27.2537469863892 30.3107152382533 29.9587994813919
54.0672292311986 47.6786096890767 26.0490551590919 19.6413534382979 16.4178535342216 6.95968295137088 14.0671531359355 9.04342345893383 7.92498265703519 5.80577986935775 16.2354757388433 17.0104801654816 18.956849972407 19.9240768949191 20.4919204115868 24.710513651371 35.7177729407946 44.6397016445796 50.6924688816071 54.1155437628428 58.8045616944631 74.086124698321 86.6930882136027 91.4282500743866 89.9542768796285 83.8811198870341 75.1613527536392 73.931947350502 65.9283647934596 46.0942983627319 26.1569867531459 12.4547059337298 0.381944507050018 0 0 0 0 0 0 0 0 0 0 1.51432600493232 9.97898665567239 18.3796212077141 22.8725026051203 24.3515248099963 27.4354989329974 27.1844665209452
