input/barkrak2/radiation/dir32624.grid
NCOLS 85 
NROWS 70 
XLLCORNER 665100 
YLLCORNER 4664600 
CELLSIZE 20 
NODATA_value -9999 
[rows 23 to 45 of 70, columns 0 to 51 of 85]
72.358250617981 61.8927131096522 30.3092723091443 13.0973731478055 9.04988745848338 14.3045956889788 15.2909656365712 5.48703720172246 3.9514113838474 3.58548170576493 4.83704544603825 14.0280053019524 15.1194023589293 19.7998123864333 17.3830017447472 17.9046466946602 23.8905573884646 32.356691857179 37.273275355498 30.7413414120674 30.4313227534294 34.1186175743739 44.976070523262 55.6507607301076 61.549777785937 61.5072548389435 55.8327039082845 47.6197103659312 30.3158611059189 12.6507158080737 8.75545231004556 2.71955039352179 0 0 0 0 0 0 0 0 0 0 0 0.18975033890456 0 0 0 0 0 4.19075352450212 4.22011750439803 0
72.0255076885223 67.9863045612971 46.3753441969554 18.0751880009969 2.88739738365014 12.6159302890301 9.1005035986503 14.0186809003353 5.98712141315142 5.08526557435592 4.58687295516332 11.086688687404 13.5790035128593 17.6063912610213 18.1986292203267 17.3579653104146 21.1406325300535 30.7554031411807 36.2129285931587 29.9575204650561 28.5516828298569 25.5620454748472 32.94737637043 41.0395190119743 45.1253900925318 46.0419158140818 43.2651390631994 39.0048424402873 18.243179967006 7.93896988034248 4.18663832048575 2.81782417247693 0 0 0 0 0 0 0 0 0 0 0 0 0 0 0 0 0 0 0 0
59.3383411566416 63.6048714319865 56.5938552220662 27.3477211594582 3.96906025707722 14.1429416835308 20.7883392771085 28.358223537604 28.7594596544902 23.0248595277468 18.4630254904429 20.2887977162997 19.6249547104041 24.8647059003512 24.1676469643911 19.4558364649614 20.2718079090118 29.5602157711983 36.7971782883008 39.0925804773966 38.412960867087 34.7583219408989 31.8754762411118 32.3610280950864 34.9301372965177 36.9301189978917 33.3367139101028 33.5501556595167 19.581250846386 15.544094145298 12.711264193058 15.9908172984918 10.7639829317729 0 0 0 0 0 0 0 0 0 0 0 0 0 0 0 0 0 0 0
58.0399632453918 62.9927963018417 60.7334872086843 36.3190223773321 14.13694024086 26.0082234938939 39.5754228035609 47.7081040541331 57.0490707953771 48.454354206721 34.0825368960698 34.5678379138311 32.0723031957944 34.6525559822718 34.7404206792514 26.2777656316757 23.6629123489062 31.4766714970271 37.8685668110847 48.4447032213211 49.6605585018794 47.6275831460953 39.6966685851415 34.0950563549995 34.6683412790298 36.9084080060323 32.6129595438639 39.6844695011775 37.2149820129077 35.8083720008532 40.1597693562508 56.5569251775742 64.5028700431188 44.400413831075 0 0 0 0 0 0 0 0 0 0 0 0 0 0 0 0 0 0
59.4214101632436 58.4177772204081 58.4973096847534 42.0922140280406 38.2233262062073 46.6098686059316 59.9198242028554 65.6227270762126 68.3696170647939 56.0007393360138 43.757826089859 38.6458585659663 37.0630274216334 35.9203144907951 39.519930879275 33.9615419507027 29.638131459554 34.6565172076225 46.7802882194519 51.74953242143 48.7750271956126 41.7524129152298 39.6536986033122 40.2094076077143 40.4487575093905 40.9167756636937 38.6225779851278 48.4548111756643 64.6576285362244 69.0522988637288 72.9707231124242 79.5593510071437 89.6721084912618 95.9212382634481 52.0879328250885 0 0 0 0 0 0 0.84208130526046 0 0 0 0 0 0 0 0 0 0
62.3349746068319 52.124818166097 52.6396731535594 44.775535662969 57.2103212277094 59.4147791465124 62.3840093612671 60.3286723295848 54.0967484315236 43.9266661802928 37.8793130318324 33.0905591448148 35.0931237141291 39.3779029448827 40.5681729316711 43.0077761411667 36.8550543983777 34.4008132815361 43.8921004533768 45.8045701185862 43.2774921258291 36.6075485944748 36.9541595379511 43.2536453008652 45.3917185465495 42.1630839506785 42.8058306376139 48.6915707588196 71.1221396923065 83.9315752188365 91.4319952329 95.6521232922872 102.819939454397 105.234185854594 95.1883991559346 27.2532949844996 0 0 0 0 0 0 0 0 0 0 0 0 0 0 0 0
63.4422451257706 47.318771481514 47.4778513113658 49.6048281590144 58.9350114266078 58.9445134003957 49.4399964809418 37.3966246843338 16.0882969697316 15.6246560315291 22.3174889882406 26.0060752431552 31.4408789078395 39.7928605477015 42.6475604375203 47.2709437211355 43.4804111719131 31.8292876084646 34.3723545471827 37.9240239659945 36.8454257647196 37.0568359891574 36.968524257342 42.3779239257177 48.0813235044479 45.0192193190257 47.0083951950073 49.0785539150238 64.8831029733022 86.6184830665588 100.046734015147 106.345484654109 106.576820214589 107.45761791865 114.737461010615 95.4083104928335 21.9003260135651 0 0 0 0 0 0 0 0 0 0 0 0 0 0 0
62.4406089385351 63.0026360352834 81.7268590132395 110.432147979736 88.7026290098826 64.1162097454071 41.6879206895828 11.5379219253858 8.25274859865507 17.6123641431332 10.6213813026746 6.01372122764587 30.2372028430303 40.0298163294792 45.1194991668065 51.2938151756922 48.150767882665 36.3553886612256 36.4912996689479 39.1180068254471 36.4257420102755 39.7536034385363 41.4389371871948 43.5731112957001 49.1809497276942 53.5745024681091 51.8355270226796 54.59197362264 66.6146874427795 89.8207227389018 106.566071510315 111.111630996068 107.879181702932 114.964495102564 123.838772376378 128.123889366786 99.7764766216278 46.0869073867798 2.16049530232946 0 0 0 0 0 0 0 0 0 0 0 0 0
73.8233625888824 104.878892501195 150.751034418742 171.596109867096 149.939934412638 102.533449729284 58.8928759098053 33.0778857072194 27.6067728797595 31.6802710294724 25.6130297978719 22.0202133059502 29.9106016755104 39.502648015817 50.5306174357732 52.939717968305 50.1642972230911 44.1389928261439 38.7475242217382 39.7993177175522 40.0979568560918 42.8900221983592 45.0695057710012 45.6939389308294 50.1641531785329 60.8330021301905 61.5125248829524 66.7792707681656 75.7178962230682 91.6016399860382 105.397403240204 113.543093204498 115.382492542267 120.812992254893 125.921944777171 126.593033472697 119.571914275487 99.645326534907 40.1294579108556 0.644818879663944 0 0 0 0 0 0 0 0 0 0 0 0
130.323668320974 165.542999903361 191.255251566569 192.622462908427 190.594494342804 164.16538755099 125.304718812307 90.111235777537 69.0711041291555 59.0369900067647 53.6927282810211 44.2374547322591 33.7478791673978 36.7727279663086 47.068511446317 54.2646795511246 48.9207257827123 49.7965713342031 39.5652651786804 37.8204310933749 41.8396145105362 43.0819789568583 43.6142186323802 44.4997251033783 48.6023326714834 61.0394378503164 67.3313637574514 74.3164320786794 82.8464676936467 90.7317598660787 100.554406642914 110.400786002477 115.266720453898 112.234125534693 113.458494345347 106.964339812597 108.372886975606 94.9852466583252 52.2572050491969 1.98311358690262 0 0 0 0 0 0 0 0 0 0 0 0
182.974020640055 199.84245300293 205.120285352071 204.050739606222 205.525239308675 200.112084547679 179.689526557922 139.587799708048 103.313982486725 81.4598004023234 84.1815968354543 72.2942054271698 49.6824085712433 43.5177981853485 47.0101187626521 50.4175871610641 44.3270852168401 44.7937548160553 38.3191655079524 39.7354240218798 38.3690148591995 40.3985902667046 39.7223631540934 40.0889764229457 46.2663918733597 55.2143752574921 65.5522098143895 70.2384461959203 78.986128171285 90.5813574790955 99.4812250137329 102.569818496704 95.1850215593974 86.7021183172862 88.7636045614878 74.982151389122 75.8213996887207 61.6813898086548 26.9839242100716 0.811494576434294 4.04743663966656 2.12867402782043 0 0 0 0 0 0 0 0 0 0
197.90385166804 206.667204697927 204.760670661926 207.062800725301 206.845641136169 204.146981239319 196.211795012156 168.056170145671 119.891782601674 93.1903223196665 95.5479343732198 89.5595252513885 74.4789590438207 54.5189927021662 47.4010109901428 48.0423818031947 42.5690809885661 38.9140124122302 38.6382093032201 41.387418905894 37.4639903505643 37.4031066894531 38.5204081734022 39.7397726774216 43.6841994524002 50.2734233935674 59.2575420935949 60.1306706666946 69.4480339686076 85.3681763013204 93.1800305843353 90.7644828160604 86.2653454144796 81.2650620937347 74.1679767767588 62.2843652963638 66.000113884608 63.4102722009023 44.6670949459076 12.8182383875052 11.8284684916337 0 0 0 0 0 0 0 0 0 0 0
190.998375415802 195.543984572093 191.322366396586 193.441828091939 192.350268363953 187.419613202413 181.062718232473 165.122091770172 127.906988064448 105.939209461212 101.030071576436 94.3791270256042 87.0622197786967 62.3284926017125 50.9594331185023 52.2720664739609 45.5153832832972 37.6325845718384 41.1543647448222 42.2275066375732 41.2806073824565 37.9275629917781 41.4648180206617 44.6220686038335 43.3578044176102 48.088401556015 52.4039268493652 53.1215220689774 59.7090721130371 77.6630739370982 86.2240791320801 85.2029124895732 88.0714058876038 88.9170964558919 73.8947788874308 68.2701816161474 71.8980630238851 78.6564747492472 73.1126368045807 36.0921944181124 2.72443890571594 0 0 0 0 0 0 0 0 0 0 0
165.798952182134 169.664899508158 171.355446179708 168.641785780589 167.892595132192 165.91610511144 170.685489972432 167.312721411387 139.050563176473 116.167813539505 104.026814301809 87.6043140888214 77.9909789562225 58.4280987580617 47.076294819514 52.5076488653819 54.0933509667714 42.9415951172511 45.0615833202998 47.9234158992767 47.6122597853343 43.4523721536001 44.3434069554011 47.4004050095876 45.6285874048869 45.8604196707408 51.5425205230713 56.7592779795329 60.4097346464793 71.6775506734848 83.8159819444021 87.1165096759796 88.8691246509552 92.828889687856 77.1821588277817 77.49109963576 77.1836737791697 85.0711663564046 85.1747592290242 46.9554762045542 0 0 0 0 0 0 0 0 0 0 0 0
141.432205835978 151.23583873113 163.010895252228 160.098810990651 158.894906441371 164.74504272143 174.769242604574 176.979859670003 158.867647250493 128.659039735794 105.333715677261 79.7700981299082 63.3687525987625 51.7596403757731 43.2802389065425 46.827033162117 57.8230967124303 50.1851588487625 47.4119087060293 50.283744931221 50.7475684086482 46.9623108704885 45.1449503501256 46.7013716697693 48.0457246303558 47.5042512019475 50.3864884376526 58.6562703053157 62.1533741553624 65.686692794164 77.0221253236135 88.1280303001404 90.6232794125875 85.0790639718374 73.6700296401978 85.7259035110474 88.1054202715556 92.0988818009694 91.9205546379089 67.0110533634822 0 0 0 0 0 0 0 0 0 0 0 0
104.996472597122 116.474131743113 125.494768222173 129.758814970652 138.890345891317 155.173242092133 169.330259164174 178.646842638652 174.11740620931 144.557575384776 110.616346200307 78.0098189910253 59.6968233585358 56.031400958697 48.5682686169942 42.808453241984 52.8039981921514 53.4621179103851 48.5019286473592 48.3656823635101 48.8169689973195 46.245793501536 43.3217585086823 44.477050503095 47.7098325888316 52.111009756724 50.9695957104365 55.9457540512085 60.6406976779302 61.8850042422613 69.0970321496328 84.5575531323751 88.1512562433879 74.8419463634491 76.1150221029917 94.2055284976959 97.722997268041 95.4101880391439 95.7034826278687 91.9199089209239 38.4744455416997 0 0 0 0 0 0 0 0 0 0 0
70.5717404683431 77.079231540362 76.7300625642141 86.702177921931 102.683921655019 120.617419481277 136.21794184049 149.543235699336 151.031305392583 127.170741558075 91.7901496092478 66.9747839371363 54.7504921754201 53.0304809411367 49.5057851076126 45.0769066810608 49.5980630318324 49.876590569814 43.633704384168 43.8272456328074 46.8312899271647 49.7737576564153 48.7773915131887 45.5417881409327 44.8946356773376 47.1967359383901 52.3817787567774 56.1011681954066 59.7968945900599 59.6634298563004 62.2438788414001 74.097141623497 81.0663849115372 77.5636533896128 94.8370397090912 102.850407361984 101.528356472651 95.642884572347 99.5826522509257 112.800747156143 102.998236815135 46.0774997870127 0.295099608289699 0 0 0 0 0 0 0 0 0
59.7014576196671 61.7805222670237 61.5178445974986 63.6843045552572 72.3468462626139 78.6912739276886 82.4215014775594 88.4107649326324 89.3668135007222 73.7518618504206 58.6033960183462 54.2434354623159 52.9204408327738 50.1155058542887 49.1132835547129 49.6544688940048 48.341378569603 47.6724257071813 43.4586703777313 43.3277736107508 47.4530359109243 53.3128629128138 54.4103185335795 50.3451029459635 47.5915769735972 46.1648255586624 53.9793074131012 56.9216758012772 60.9037776788076 60.5713327725728 60.7084681590398 67.1644459168116 75.025886297226 84.6620102723439 101.519236962001 101.21876001358 93.1991934776306 85.7729911804199 88.3558988571167 104.00602221489 113.896578550339 104.820350805918 57.3663413524628 4.93206890920798 0 0 0 0 0 0 0 0
67.9046461979548 65.3928716977437 65.6327456235886 65.1852786540985 61.8890871604284 59.8686238129934 58.6873143911362 59.8073303699493 65.0603423515956 57.008296251297 49.7525483369827 51.5478452046712 54.7425746917725 54.9588451782862 53.6636610825857 52.3934463659922 47.0680395762126 53.6090532938639 54.818719625473 50.9363561868668 53.0993243058523 53.5874019066493 51.989088455836 53.8927018642426 56.0346593459447 51.730086406072 55.6706488132477 58.1146776676178 60.1429094870885 62.6870592435201 63.1933510303497 65.7361596822739 73.069175084432 90.1142954826355 97.1732834974925 90.2146995067596 80.0969998041789 71.3973840077718 68.8584546248118 79.0243397156398 104.489902655284 111.199975013733 86.3249997297923 34.6631656090418 0 0 0 0 0 0 0 0
72.1979141235352 69.4726606210073 72.2047636906306 70.6964333852132 64.098984003067 60.9896530707677 58.7212443351746 55.9782534837723 56.4649800459544 53.0305107434591 51.6478965679804 51.8487691879272 55.4774105548859 59.467226266861 59.1894189516703 56.0356179873149 53.0386318763097 59.0365727742513 60.6957177321116 55.7887852191925 53.4481902917226 50.344243645668 47.1197366714478 48.9959120750427 53.9192855358124 51.2337982654572 48.4227389097214 52.894448240598 56.6970904668172 59.4646036624908 61.6271595160166 61.3931169112523 70.3990558783213 89.8436903953552 94.6812033653259 80.9935828049978 70.8000113566716 67.4768139918645 67.6689396301905 75.4428207874298 81.3140173753103 84.0980211893717 72.670117020607 42.4714932839076 0 0 0 0 0 0 0 0
56.7704339822133 59.4119926293691 68.046823143959 65.4317637284597 67.8175538778305 70.2858368555705 69.6319341659546 65.3059482574463 55.0915698210398 53.9363920688629 57.0520758628845 54.0802975495656 54.7062655289968 58.8500499725342 59.2683951059977 57.2233200073242 58.7049225966136 60.5983982483546 60.2620740731557 56.4103275537491 51.1807998021444 48.2236742973328 46.0990170637766 46.1486876010895 48.748125632604 52.8685251871745 47.7409958839417 50.183579325676 54.1455199321111 55.4013699293137 54.7092507282893 53.2068759202957 62.5518659750621 77.4759203195572 82.6956530412038 72.4512189626694 68.8536862532298 72.4360297123591 73.7710495789846 75.2889811992645 70.7394033670425 69.6182002623876 65.2169585227966 41.2763903538386 3.51665293176969 0 0 0 0 0 0 0
55.2659332752228 61.0594799121221 63.952515522639 64.7457887729009 66.4805869261424 68.83438428243 69.2883233229319 65.6752288341522 61.2042844295502 57.2500328222911 58.7941507498423 56.9715549548467 54.1254331668218 52.5557547807693 52.3276031017303 52.5958935419718 50.4088153441747 56.6706260045369 58.2201232512792 56.1439990997314 52.0353068908056 49.9219646056493 49.4472086429596 50.5692213773727 48.1850852568944 56.8999151388804 59.743270277977 56.3469628492991 56.0290118058523 54.3813804785411 50.1240094502767 48.9178349574407 54.2858044306437 57.8391303618749 64.3666883309682 66.9226348400116 70.9867179393768 77.1343211332957 78.5021781921387 73.148712515831 71.357935667038 65.50565858682 63.1032139062881 45.6926822662354 16.7291524509589 0 0 0 0 0 0 0
61.4870389302572 66.1500046650569 63.2917781670888 66.5722837050756 65.2042478322983 65.2623474597931 66.9547468423843 65.5502180258433 67.0446157455444 62.6437664031982 61.3072713216146 61.0717932383219 56.684543689092 52.1255036195119 51.6696671644847 55.7430585225423 51.0962506135305 54.4386257727941 58.84650349617 57.5136144955953 54.6564608812332 53.2728334267934 53.3751398324966 53.9845327536265 56.2607745329539 56.1972757180532 61.6644322872162 59.7695906956991 57.1272522211075 55.4993152618408 51.4329224824905 48.1013357639313 51.8584748109182 50.2882897853851 51.6076982021332 54.4474422931671 61.2736443678538 70.9502398967743 69.9866712093353 59.8310778538386 62.5853588183721 58.2077999909719 58.1384201844533 55.2783707777659 38.1357197960218 8.81790928542614 0 0 0 0 0 0
