input/barkrak2/radiation/dir31024.grid
NCOLS 85 
NROWS 70 
XLLCORNER 665100 
YLLCORNER 4664600 
CELLSIZE 20 
NODATA_value -9999 
[rows 22 to 43 of 70, columns 0 to 49 of 85]
59.1528912385305 52.7419745922089 30.6480576594671 24.3685841560364 20.9522396326065 9.5962801327308 17.0117144783338 11.8531423310439 9.4246348987023 8.35413051148256 19.4101259112358 20.3813053667545 22.7975696325302 22.9791526993116 24.2056995630264 28.9590805768967 39.8785546422005 49.0311135848363 56.3870618740718 59.9518070618312 63.2517884174983 77.6715377966563 90.5659794807434 95.84046403567 97.02401359876 89.8384253184001 81.0221036275228 78.5055706898371 69.8964893817902 53.0735750993093 28.5686254501343 14.6241386731466 1.03883841075003 0.00244387168398437 0 0 0 0 0 0 0 0 0 3.67324147373438 13.6262128750483 23.6568202575048 27.2515763839086 27.3570368687312 32.0733338594437 33.3254014452299
92.8796430428823 82.0216238498688 47.82768090566 30.1455582181613 24.9616156021754 27.7577489614487 26.6123662392298 12.1817377706369 9.47048949698607 9.10440956552823 20.8694686492284 22.7604607741038 26.6215552886327 33.2496240735054 29.601829747359 31.0072228312492 38.1019115447998 46.2381492058436 52.8533409039179 46.5296457211177 46.3259369134903 51.0815133651098 63.0723585685094 75.0061124563217 82.5911611318588 82.7451000610987 77.672466635704 62.2401138146718 53.5105963548025 20.993247628212 16.5124523142974 7.71467760205269 0.00183252086571883 0 0 0 0 0 0 0 0 0 0 7.0416188488404 12.1038456757863 20.4583530624708 26.2819454073906 26.8791367610296 30.9074421723684 32.9932322104772
92.2524531682332 88.1071190039317 65.4535939296087 34.4821214675903 18.2954544822375 27.0910908778508 25.6655837098757 24.4643166661263 18.9748543004195 10.131257896622 20.3744533161322 20.7678340375423 23.3552878101667 30.4636905590693 29.2977566520373 29.3402696649234 35.2521389722824 45.5342084169388 52.6903470357259 44.6512997150421 43.7942693630854 40.779987970988 49.9038199583689 58.5124393304189 64.24547235171 65.4447178045909 61.756173769633 54.5924405256907 35.3339836001396 15.067458152771 9.92061818639437 7.80231133103371 0.0968216627370566 0 0 0 0 0 0 0 0 0 0 17.6579294105371 15.8743634819984 19.0190933644772 20.9726641575495 21.8570157885551 23.8505949576696 24.4951273004214
78.5003900527954 83.2661092281342 76.3889004786809 44.7840541601181 18.2554498314857 27.0362968246142 34.0585311253866 42.0882403850555 41.963333884875 34.7501114010811 27.8971816102664 31.0251538952192 31.4510713020961 37.1345082918803 37.1279368797938 32.8363155325254 34.7693438331286 44.0523525079091 52.2009829680125 54.2927136023839 55.3892155488332 50.8254667123159 48.7717638413111 49.5818356672923 52.8262903292974 55.0758987665176 50.9864191214244 50.0822712977727 30.0320734580358 25.1624037822088 21.7613875865936 26.9154856602351 20.5823555588722 0 0 0 0 0 0 0 0 0 0.00466412499614914 18.4570650259654 18.4794304271539 14.1661092638969 15.23349309961 15.1196594039599 17.6453317205111 16.7495533823967
77.2129595279694 82.609161734581 80.6344995896022 54.5906176169713 31.7480911811193 41.7404224475225 54.1664610306422 63.7836853663127 71.2776035070419 64.3987158934275 44.2286829153697 47.4546849727631 45.0708270072937 48.9074687163035 47.5972791512807 39.1598815719287 37.2032324473063 46.5413282314936 54.7112226486206 64.8109118143717 66.9879217942556 64.0770792961121 56.8948338429133 51.5814026196798 52.3556073506673 54.6638518571854 49.8271882534027 55.7800829410553 51.7922937870026 50.2898047367732 56.1111370722453 75.0534683465958 83.7517380714417 62.7106080452601 0 0 0 0 0 0 0 0 10.1257842034101 11.1997214456399 7.66841135919094 1.77345518022776 3.25398022929827 10.5092103282611 10.9276945392291 11.5133039653301
78.9078623056412 77.6411195596059 77.8865267833074 60.7408136129379 58.9146465063095 63.6850347121557 75.4115829865138 80.1349480946859 83.0874294042587 74.8584965864817 55.8853497107824 51.0408828655879 50.1395364602407 50.3422121206919 53.670475880305 48.7607022126516 44.020747145017 50.9656369686127 63.5590354601542 68.5408264398575 65.2284721533457 57.8091045220693 55.4763078689575 57.3904712994893 58.7673783302307 59.7415616114934 57.1209440628688 66.5880888700485 82.6768726110458 87.3903532822927 92.8053657213847 100.703060626984 111.383418242137 118.175595998764 72.7693637212117 2.17690117036303 0 0 0 0 0 13.5559551417828 11.931799352169 0 0 0 1.2638036472102 1.18797994218767 5.8084266881148 6.24589622020721
81.8714946508408 70.5134173234304 71.2707688411077 64.031591018041 79.2208015918732 77.09073026975 77.5015205144882 74.542706211408 67.9460068543752 59.8706503709157 49.9040087064107 44.9178069829941 48.490231235822 49.9121646086375 54.7896722952525 59.2085818449656 51.6396065553029 49.5578348636627 60.3705396254857 61.944971481959 59.476912021637 53.6959270636241 54.2322397232056 60.1797153552373 63.7446939945221 60.4800085226695 62.4859432379405 67.7103052536647 90.1381274064382 103.59584291776 112.827678521474 118.4255083402 126.00506345431 128.461976846059 118.051956097285 44.4909731547038 0 0 0 0 0.394461172011991 2.54520354792476 11.7585981885592 0 0 0 0 0 1.21567297416429 2.66188724587361
82.6661984125773 64.9179369211197 65.5156125624975 69.8712418476741 79.7424465417862 75.4193961620331 63.7585421403249 49.8942385117213 38.9574443300565 31.2246630589167 30.7470709085464 34.8298003276189 43.3826744556427 51.7861346403758 55.9225181738536 62.2182091077169 58.4439883629481 46.8673507372538 50.549641251564 53.7324448426565 53.4670303265254 53.4943044185638 54.2599360148112 60.3906214237213 66.0421997308731 63.6094361543655 66.9651826222738 68.5438066720963 84.1336051623027 107.225398222605 123.045106728872 130.122691392899 131.132443745931 131.796151399612 139.099627733231 119.380364815394 38.5943651199341 0 0 0 0 0 0.836630429451664 0 0 0 0 0 0 0
80.9973627328873 82.1265776952108 103.43141357104 135.896623134613 110.939641793569 83.7859610716502 54.1493594646454 32.5183173020681 24.0434755881627 25.4342357317607 24.4316930572192 23.1227725744247 41.7532622814178 52.0560840765635 61.1926068862279 68.0021345615387 64.7940337657928 52.2574136654536 51.7715513706207 56.0743858416875 53.0464549859365 56.7592233419418 59.3940764665604 61.7812126874924 68.0121084054311 73.094367980957 71.8863805135091 75.0751743714015 87.0085755983988 112.290521462758 130.838811397552 135.353753964106 132.701029380163 140.385846296946 150.343557198842 153.701494137446 125.573496023814 64.9097909530004 8.51062561074893 0 0 0 0 0 0 0 0 0 0 0
94.0085053443909 127.72403160731 175.484597682953 196.506798267365 175.606846809387 122.131725152334 76.2622505426407 46.3545819123586 37.7240305145582 42.8127547105153 34.6491287151972 29.3884351849556 40.2890245119731 50.3032207489014 63.291922211647 72.297344605128 67.4920330444972 60.7554614543915 54.4192045927048 57.0956766605377 56.6967676083247 59.2233290274938 62.7579738696416 64.4937554995219 69.5063571135203 81.1339219411214 81.0427963733673 87.5133077303569 98.4541177749634 115.545531113942 130.265673001607 139.281928539276 141.307403643926 148.933519919713 154.94367480278 153.375566005707 147.410213947296 127.846757570903 61.1974497636159 7.03511821726958 0 0 0 0 0 0 0 0 0 0
154.102355241776 189.554472764333 213.955422242483 216.117819150289 214.456935723623 186.434149742126 144.985864559809 106.409639120102 80.4579158624013 69.8807239532471 65.2340700229009 53.5314778486888 42.7159170309703 47.5530177354813 65.2911166350047 71.9633350769679 65.4772917429606 67.5012121597926 57.0313036441803 55.1489690939585 58.2643846670787 60.4166438182195 61.2258315086365 62.2441520293554 67.8098847468694 81.3741286595662 87.140421072642 95.7192679246267 105.46479622523 114.377895991007 126.907686392466 136.808097362518 140.066464742025 136.907309293747 141.086469093959 132.993638515472 133.468707402547 121.036430199941 74.7221211592356 22.7073083321253 2.88832932710648 1.709319340686 0.643207769220074 0 0 0 0 0 0 0
206.052283445994 221.469481786092 225.874781608582 223.19503625234 225.623329480489 221.922794977824 197.806000709534 154.471377531687 116.412768761317 94.7623054186503 97.3804990450541 84.2959185441335 61.8708729743958 54.9080669879913 63.7478033701579 67.7674760421117 62.162106235822 62.2502019008001 56.0493071873983 56.640421350797 55.5075705051422 56.4917077620824 56.1983535687129 56.8149785200755 64.5024925470352 74.9517530202866 87.3116751511892 91.3069049517314 100.509583950043 114.681353171666 126.211225986481 129.521131515503 119.421819845835 108.366072177887 112.153430779775 96.3491797447205 96.8621373176575 81.567923227946 45.931746562322 13.3829216162364 13.4759756426016 8.90986248850822 2.85835284739733 0 0 0 0 0 0 0
220.042983690898 225.942293802897 225.408752759298 225.571513175964 226.474742094676 223.853806654612 216.309587160746 184.147795041402 138.017068306605 107.006500164668 109.135210514069 105.209688345591 88.0985657374064 68.9632246891658 63.6014093955358 65.2481019496918 59.8708589871724 55.3535521030426 55.6725710630417 59.2854718367259 54.6109974384308 53.3723731835683 54.9164315064748 57.3476652304331 61.4015062650045 68.605899810791 78.2900154590607 80.3085168202718 89.5236134529114 107.344249884288 119.308074315389 116.028904914856 109.730124473572 103.063484032949 95.3037043412526 81.5909455219905 85.7223669687907 82.8413814306259 63.000480333964 28.6652147769928 23.0577886104584 26.402602593104 3.63619749744733 0 0 0 0 0 0 0
214.039067427317 216.610391934713 213.724414507548 214.068551858266 214.489301045736 208.646734555562 203.859488169352 184.93648370107 145.819902420044 120.459953943888 114.013016223907 109.955330689748 100.703885157903 77.2230078776677 68.2993829250336 70.9881087144216 63.3768488963445 54.2609294255575 59.0012272198995 60.1824373006821 57.9728782176971 54.0095468362172 57.21581975619 62.5414748986562 60.9994182984034 66.1545296510061 70.9832608699799 71.821317076683 79.7384083271027 98.0820258458455 109.250545501709 110.513269901276 111.888865629832 112.852652867635 94.5268571376801 88.1713430086772 92.8866565227509 99.8659729957581 94.916840394338 55.2423298358917 20.200169334809 3.22750893731912 0 0 0 0 0 0 0 0
190.294702847799 194.03213262558 195.205728212992 192.56067276001 191.011091073354 189.877907435099 193.2559410731 188.165545463562 157.545725504557 128.10883919398 114.813148975372 105.467796325684 96.9898800055186 76.3253470261892 64.5696421464284 70.2961832284927 73.0183124542236 60.4655692974726 62.4138017495473 65.4269556204478 64.8211439450582 61.1459116141001 61.1949414014816 64.6329919497172 62.6258701086044 62.9536012808482 70.2562183141708 76.6172160704931 80.5040299892426 93.8567121823629 105.712950229645 110.069304704666 113.003671169281 116.949468851089 98.2153912385305 98.3949104944865 98.739226659139 108.1323325634 107.479969660441 67.9363707701365 9.59376618266106 0 0 0 0 0 0 0 0 0
167.714814345042 176.692922910055 188.315371672312 184.314370155334 182.344496250153 188.798069953918 198.351601759593 199.646393458048 178.459207216899 144.333948691686 120.580732822418 96.4879890282949 81.6391458113988 70.1611836751302 61.7042928934097 65.7025823990504 76.8976360559464 68.323145310084 64.8195793231328 68.7909225622813 69.2870120207469 65.026452143987 62.0883802572886 63.9634480079015 66.309114297231 65.6528770923615 68.8382933537165 77.7953217426936 81.4570685227712 86.1548880736033 99.6370514233907 110.109428564707 114.339570204417 107.750395933787 94.0632124741872 107.434630393982 111.053735017776 116.103758414586 115.020195643107 88.9546771844228 4.07611392438412 0 0 0 0 0 0 0 0 0
130.110204219818 141.251901785533 150.547742843628 155.703832705816 163.545479377111 178.636829058329 193.070511023204 200.028896331787 192.477683226267 162.008553743362 128.317624330521 96.6873367627462 78.0388365189234 75.3547648588816 66.920613249143 60.6070856253306 72.4060783783595 72.8757878144582 66.3708845774333 65.994660059611 66.5803253650665 63.5646084944407 60.2169334888458 61.3874197006226 65.9175415833791 69.7688808043798 69.4259405136108 74.8055080572764 79.7807772954305 80.9616645177205 89.7965431213379 106.410175561905 110.647320747375 95.8498517672221 98.0668862660726 117.398162682851 121.257881323497 120.196173588435 119.729548692703 114.52704668045 57.5729707876841 0 0 0 0 0 0 0 0 0
93.9038197199504 100.703855355581 100.337694088618 110.78017950058 126.904348532359 145.350644985835 161.1501177152 173.016270001729 173.044105370839 147.824625174204 113.742858171463 88.0101422468821 74.4256675243378 72.1948444843292 68.279504776001 62.4816765387853 67.8562074899673 69.2279239495595 62.191367149353 61.9176377852758 65.2146389087041 68.4024592240651 66.0893817742666 62.8088563680649 61.9356781244278 65.2249902486801 70.9198713302612 74.0679999192556 78.824241956075 78.5192499558131 82.3910484711329 94.0053264300029 102.734903494517 97.9692836602529 119.945466518402 130.148708820343 128.018766641617 118.924230337143 124.266634384791 138.443013032277 132.2936018308 67.7275558312734 6.4152292907238 0 0 0 0 0 0 0
82.3133538166682 84.5916668574015 84.1639141241709 86.4610572655996 95.5839554468791 101.713567972183 106.060097614924 111.551155646642 112.200707197189 95.3685839970907 78.9997726678848 74.2592414220174 73.302020629247 70.0484216213226 68.1280841430028 68.0798043807348 66.8252160151799 66.3302441438039 62.1652503808339 61.4391217629115 65.6484017769496 71.0565745830536 72.4706252415975 68.1411425272624 64.8910154898961 64.2731885115306 72.4640587965647 75.6977945566177 80.1728169123332 79.5035064220428 79.5352707306544 87.6763164997101 95.4897900422414 105.555633703868 127.367903788884 128.531793753306 118.699908256531 108.910123507182 110.934793949127 127.280245224635 141.157527764638 136.86466217041 80.9660454591115 15.7008940974871 0 0 0 0 0 0
91.1590953667959 88.4067515532176 88.3483489354451 88.0026519298553 84.5084985097249 82.2592178980509 80.534299214681 81.9954077402751 86.8658721446991 78.0049165089925 70.4817076524099 71.6031491756439 74.819008509318 75.468252102534 73.7352867921193 71.3945478200912 65.825879573822 72.7316389481227 73.4953383604686 68.6787515878677 70.6607401371002 72.4832316239675 70.9759493668874 72.9105720917384 72.8879521290461 69.2610442638397 74.3599633375804 78.0743608872096 79.128290216128 80.7313621044159 83.3997925122579 86.0397716363271 93.5871402422587 111.763775348663 121.176103750865 115.835279226303 103.192587693532 92.9912527402242 90.0665819644928 101.574261983236 131.873786449432 138.526171445847 108.446836471558 55.1458299160004 3.73307739694913 0 0 0 0 0
95.7526564598083 92.8702155749003 95.6450402736664 94.2918062210083 86.9473814964294 83.6249192555745 81.0094972451528 77.8189798196157 78.2421429951986 74.4661192099253 72.5192228953044 72.4463959534963 76.0469684998194 79.6901235977809 79.0528307358424 76.3253370920817 72.9668537775676 78.3534596363703 80.6691944599152 74.0980605284373 71.3324944178263 69.1222896178563 65.7552480697632 67.4919138352076 71.7918376127879 68.8035239775975 66.8232689301173 71.5531756480535 76.4843771855036 78.2360881567001 79.4482777516047 81.3815842072169 90.8486545085907 111.770063638687 118.533203999201 102.773308753967 91.8050110340118 88.4790619214376 88.8567964235942 97.2813169161479 105.223099390666 109.192709128062 94.3303406238556 59.6060454845428 9.05259139835835 0 0 0 0 0
79.3460855881373 82.0121119419734 91.0646816094716 88.4630084037781 91.193825006485 93.5172339280446 92.7762488524119 87.9858533541362 76.9027223189672 75.6257623434067 78.8603077332179 74.839582045873 75.174942612648 78.77050836881 80.0148795048396 76.9682327906291 78.0944327513377 79.9779246250788 80.3007582823436 74.9896615743637 69.2620575428009 66.4012928803762 64.1163686911265 63.6985599994659 66.2693977355957 69.9722369511922 66.1226809024811 68.6995883782705 72.7612276871999 74.9408900737762 73.0930268764496 71.5172986189524 83.4076007207235 98.6196498076121 103.870183229446 92.8179621696472 89.9154047171275 94.371497631073 96.3593622048696 98.157415787379 93.0784742037455 91.631273428599 86.1847599347432 58.9006245136261 17.4517470101515 0 0 0 0 0
