input/barkrak2/radiation/dir33524.grid
NCOLS 85 
NROWS 70 
XLLCORNER 665100 
YLLCORNER 4664600 
CELLSIZE 20 
NODATA_value -9999 
[rows 46 to 68 of 70, columns 0 to 51 of 85]
52.5858104228973 54.0992567936579 56.7262967427572 58.7031493584315 58.4451854228973 58.3411008119583 60.2007806301117 61.9493325551351 58.6853176355362 57.7253500620524 56.8599998950958 56.1128109693527 52.2514532009761 49.7276584307353 49.6130138635635 52.8539170821508 50.9453813234965 46.2041795253754 50.5810429652532 49.4864036639531 47.5906232992808 48.6620962619781 48.5356698433558 47.5597282250722 53.8855493068695 48.6810306708018 49.9730904897054 50.6972918907801 50.0196715195974 49.7887829939524 48.2094834248225 44.7188516457876 43.9983208974202 44.5658067862193 46.1468646923701 47.5696871678034 49.0504701932271 53.785835703214 54.2070418596268 51.3857156038284 50.3967901070913 48.225536942482 53.3462216456731 58.5828572511673 49.4899203379949 24.3046258886655 1.1999043636024 0 0 0 0 0
46.7532525459925 49.0418126185735 54.3383856614431 56.0783296823502 59.4952205816905 61.0939959685008 59.2276453971863 58.9429537455241 59.0101778507233 61.5505476792653 59.0826968352 55.6727449099223 53.8753469785055 53.9575616518656 52.858496705691 51.2316077947617 50.4593203465144 43.9122517903646 47.6342389980952 48.8842477401098 46.1008946100871 46.500896414121 50.8348842461904 45.8201766014099 48.6178894837697 48.6496090888977 44.7326848904292 47.8380372126897 49.7675091028214 48.2688148816427 49.4393209616343 48.4846085309982 44.2827194929123 46.3828295469284 56.5985590219498 60.9373251597087 56.6135843594869 50.4416724046071 52.3595213890076 59.7072740395864 54.0161331494649 49.7365643580755 55.0952057043711 59.9004278580348 54.6748836835225 39.3507555127144 9.83103302617868 0 0 0 0 0
40.1949534813563 43.3028390010198 48.3144621054331 51.4775812625885 57.9357842604319 61.3378038009008 58.3526442448298 56.7180762688319 60.6797685225805 62.9235158363978 60.9736144542694 57.2783450285594 56.0581783453623 56.8402806917826 54.5363972584407 49.2704759041468 49.2702027161916 44.5585151513418 47.8764921426773 50.4123022158941 50.3108998139699 50.3793855508169 51.4649053414663 49.7241765260696 48.440158367157 51.1953930060069 48.3570744593938 52.1200547615687 56.6920389731725 58.3767493565877 62.1100018421809 62.5668863455454 53.5895774761836 54.025078813235 62.609593073527 69.6968535582225 67.2943045695623 57.8251282374064 54.068590203921 58.9724779129028 51.4854788780212 47.6934512456258 46.3969210783641 46.7159152030945 45.5712924400965 44.8129872481028 34.115565319856 2.35343771055341 0 0 0 0
39.1916086276372 37.1993780136108 41.3148552179337 48.9071210225423 54.2958676815033 57.2875241438548 59.9562376737595 62.5906040271123 63.8281255960464 60.8628491560618 62.7489636341731 62.7916355927785 59.791773557663 57.3516885439555 55.7401180267334 51.2724816799164 49.9430298805237 47.8882888952891 50.884023308754 54.679811000824 56.110680103302 55.3554346164068 52.9004236062368 54.1398624579112 50.1248687505722 54.5272330443064 57.1131606896718 60.3818247715632 66.1628196636836 71.4397033055623 76.7982502778371 78.8612216711044 68.3024575312932 62.3424301544825 61.8477165699005 70.5595711867015 73.2494741678238 68.913737932841 58.8505864143372 49.8096942901611 45.4739133516947 47.3964214324951 47.0126320918401 43.4952229261398 40.263739724954 43.2860652605693 28.8582493861516 8.39585872987906 0 0 0 0
39.3848220507304 42.7109996477763 46.2423463662465 52.1361827850342 52.5279392798742 52.9206494490306 60.5166802803675 65.6282603740692 65.5741989612579 65.2505656083425 65.3261343638102 65.1563902695974 61.4741891622543 57.512179017067 58.0386320749919 61.2317770719528 54.0442615747452 54.0836254755656 54.8201402028402 59.9468648433685 60.1485619942347 58.161790172259 55.0702114899953 55.15123407046 49.8729447523753 56.2202880779902 61.8661344051361 66.3424581289291 71.9441672166189 78.0007690191269 83.7965607643127 86.2588385740916 79.8322856426239 66.7427629232407 49.5015035072962 51.402360200882 61.206857363383 69.7725514570872 61.504731575648 47.5022892157237 42.0254766941071 46.6996530691783 52.249605456988 49.6430198351542 45.0446705023448 40.0249883532524 23.6751586198807 12.3424703876177 0 0 0 0
40.186271071434 50.6021728118261 52.7410358190536 53.7972648938497 51.7645378907522 51.606019337972 58.9746286471685 64.2098685105642 64.0954524278641 69.0792798995972 66.8252954880397 66.069374481837 64.1130606333415 59.6479624509811 59.7582360108693 65.5060162146886 59.3879520893097 57.6246529817581 55.0468315680822 56.7388037840525 56.4407805601756 55.465708176295 54.3696085611979 52.53533522288 50.0871688127518 51.4262616634369 55.5130342642466 57.424932718277 65.1768396298091 72.4839915831884 79.5124471187592 86.2518548965454 80.8000415563583 59.9854687849681 21.1567506194115 20.6325588126977 27.576041718324 53.502822915713 66.4016058047612 64.5580391089122 59.7137113412221 52.7438720067342 44.3690121173859 41.0731285810471 45.4434951146444 41.7322466770808 23.5232561826706 17.4858272075653 0.488502671942115 0 0 0
43.6810255050659 42.1127676963806 41.3823574781418 43.4310684601466 49.3503163258235 54.6811272700628 55.5314421653748 60.9715481599172 60.9784970680873 65.5877192815145 66.0520642995834 67.8387184937795 67.550669113795 63.4714315334956 61.7174804210663 60.3089580933253 61.7209772268931 57.0345322291056 51.8058290084203 49.86838499705 49.0235686302185 50.5193024873734 51.9560823837916 46.7500388622284 48.6754675706228 46.6360300779343 47.3662714163462 48.4442015488942 50.5401988824209 54.5964042345683 61.2017462650935 69.9904263019562 66.9357130924861 44.3085084358851 17.011387894551 9.56451271971067 10.3799713154634 18.8325184086959 43.8372741142909 59.3411177396774 65.0846461455027 52.9331266880035 38.9268721143405 35.6565788388252 39.9444823463758 27.1586626768112 22.9373673597972 33.4422339995702 17.8037956357002 0.245895062107593 0 0
46.009694536527 37.0669687787692 35.1285189390182 39.9256497621536 50.2975285053253 58.163970708847 58.0627222855886 59.1842482487361 61.7493788401286 62.0850473642349 64.1735891501109 67.0129060745239 68.5800313949585 67.3920412858327 63.9134893814723 61.1373533805211 63.1889700889587 57.2102516889572 52.6945739984512 53.2121558984121 53.2901187737783 51.0190973679225 49.1101046403249 46.4991529782613 46.1948812007904 44.41071053346 45.454333225886 44.4311797618866 42.8485671679179 41.7803227901459 36.7869858940442 42.3956513404846 45.0465728839239 24.1360018650691 18.5991190373898 10.4214126865069 2.49627139419317 1.42189860343933 9.19068480531375 24.8623366157214 46.4703838030497 45.9219217300415 37.0061149199804 32.6735849181811 22.8950877984365 23.8713597257932 21.6995974381765 39.7369116544724 47.0864325761795 28.2966047525406 3.22351263215144 0
46.1150656143824 41.0694082578023 39.29336865743 44.2757060130437 52.6969333489736 59.680312871933 62.7705107132594 59.0080519517263 63.2850825786591 62.0391368865967 65.5474364757538 67.3566510279973 68.6216106017431 70.4250981410344 66.0352408885956 65.4770135879517 66.208948691686 61.2358599901199 57.3794543743134 57.864452401797 58.4713121255239 54.4005334377289 52.0484546820323 51.8933435281118 49.5838125546773 48.4587947527568 45.4184810320536 42.5528883934021 40.3175204992294 35.5153406659762 29.1533594330152 33.0755536754926 40.0845656792323 42.2054628531138 40.3967176874479 30.0975913802783 10.9975934028625 2.56544770672917 1.62751305227478 6.52224632600943 21.0706666111946 25.1890768607457 21.3153411944707 15.5308321118355 15.2623429894447 20.54704601566 22.5097239017487 30.9728384017944 43.0954843759537 47.3878184954325 30.1073143879573 1.48413594191273
49.0990430116653 47.7625032265981 44.573833545049 43.5723761717478 49.2051740487417 59.1687560081482 60.5938732624054 58.777595559756 60.6510490179062 65.6349956989288 71.8243767817815 72.3534921805064 70.7425127426783 71.2746282418569 69.2560374736786 69.3437159061432 69.2973385254542 67.7533696095149 63.1484587987264 59.659868478775 57.0921003818512 55.9217582146327 57.8459799289703 59.5224648714066 55.9907853603363 53.4256845712662 46.5411245822906 38.1127471725146 32.4731643001238 30.1735997200012 30.4136276245117 36.8276114265124 44.0383702516556 54.9791554609934 59.9522441625595 58.3466937144597 46.1199581623077 30.0260409712791 19.2075607677301 5.78952270249526 10.9158493578434 20.5653011798859 21.1130206783613 15.4415008922418 15.6914194424947 30.2284434437752 48.6488540967306 42.4488484859467 37.5445832808812 43.2246426741282 35.535288353761 8.39756118754546
51.5609929958979 50.997406244278 50.0030020872752 46.8535870313644 48.0707983175913 56.6610097885132 58.4680140018463 58.7658286094666 58.8819881280263 67.777673403422 75.4602352778117 74.1866727670034 69.8735813299815 72.1749713023504 73.9561716715495 67.9774781068166 70.4371680816015 67.6747312148412 64.0893131494522 62.0133429765701 60.6918533643087 61.3318135341009 58.9008629322052 56.9857954978943 54.1541030009588 50.9616285562515 32.9480816920598 6.28303736448288 5.20928266147773 18.3852339784304 28.1045859058698 34.2233628034592 42.2796905040741 49.561952551206 59.9799503882726 63.7602905432383 63.9546165863673 54.6847283840179 43.00557076931 24.3691330154737 12.5490501523018 20.7150354981422 39.5294154683749 39.7287458181381 32.9033384720484 51.0718822479248 74.2911646763484 64.4685874382655 43.6158279577891 31.6580335299174 17.7205105622609 9.55659026900927
50.4703025023142 48.6712803443273 52.2276262442271 53.260326385498 51.0779172182083 53.5792609055837 58.5757195949554 59.5103402932485 59.8757366339366 67.5767759482066 73.9444494247437 72.1132904291153 68.023959795634 71.4520613352458 74.5803018411001 65.5110329389572 67.4574623505275 66.3012315829595 64.926415681839 65.3185695409775 67.2407547632853 67.4433161815007 62.0285967985789 55.1946262518565 54.7095239162445 51.1350135008494 35.495546956857 18.1398627658685 17.5719621280829 24.3188192447027 33.9358200629552 37.0982761184374 51.1291523774465 60.4648192723592 71.1276531219482 64.3435716629028 60.9283794959386 25.0743875900904 25.4172782103221 25.972122947375 31.1031738917033 39.139727751414 46.6955105463664 24.3260487914085 18.8307464122772 22.993211944898 51.1312236388524 51.2952109177907 39.0654529134432 30.3825289011002 24.0436643362045 17.433928946654
39.9473855892817 47.012135386467 50.4275510708491 53.1327376763026 53.2404184341431 50.1226435105006 58.6912135283152 62.0553642511368 63.1867249806722 68.30861667792 70.3634917736053 69.6636984745661 69.0982739130656 67.6348060369492 68.999965985616 65.6514465808868 62.5171661376953 66.221406062444 67.8476343552272 70.2951202789942 70.9708034992218 67.1622256437937 66.4876798788707 59.998631477356 57.9251398642858 57.8210353851318 53.4282475709915 46.9782501459122 46.7206537723541 46.9013005495071 43.4177815914154 43.318102757136 62.1601194143295 72.9241768519084 52.0451168219248 47.4543074766795 29.9646084507306 12.7557913462321 4.73717755327622 11.4963178833326 10.8725701769193 41.4751917123795 47.0128158728282 40.3739263614019 28.7367055813471 30.0257752339045 43.2272056738536 47.3971664905548 44.780507683754 38.4677052497864 32.4915324648221 31.7270681262016
31.1490843693415 44.7101294994354 48.5293120145798 51.4137993256251 54.2684992154439 50.6698687871297 54.448202252388 61.4773730436961 71.9120353460312 73.443000515302 68.8929855823517 66.7027781407038 68.5140043497086 67.9996261994044 68.3435996373494 65.8254623413086 62.6369118690491 64.8519347111384 63.4858459234238 61.8382046620051 63.1156067053477 62.9605054855347 61.5605413913727 61.2950176000595 62.4321599801381 66.0227835178375 73.1307119131088 77.0714183648427 64.7053768237432 58.9616249005 47.1501648426056 43.2260682185491 49.9827861785889 50.8565008640289 21.6251437862714 14.9394161999226 14.0879936516285 8.26933110753695 0.91766860956947 0 0 13.7003933389982 45.0460414091746 65.8283183972041 70.9278881549835 65.3579334417979 64.2085572083791 63.4647309780121 63.2532437642415 52.7235865592957 42.3538585503896 52.748903632164
33.0619762341181 42.2572592894236 48.9972333113352 51.3416181008021 52.90853480498 53.1803667545319 47.7871199448903 57.0077399412791 76.3118118047714 75.0936518112818 67.2333637873332 63.5374585787455 66.445251305898 70.1052248477936 69.2381759484609 66.2213563919067 65.1848713556926 63.3656829595566 56.8942675987879 50.0016212463379 50.5138883988063 53.748145699501 55.3280313809713 58.2194825013479 59.9814156691233 66.4323568344116 82.0572872956594 87.1288379033407 67.255179087321 61.5774244070053 47.1659749746323 34.7917129596074 37.6016348600388 39.2544915278753 19.9384118119876 10.94884177049 11.938518534104 17.1382005016009 10.0999176502228 1.36408504719536 0 2.84520350396633 21.9048758347829 45.7194199164708 48.589751124382 49.7959951559703 47.4675198396047 58.1843306620916 54.4973264137904 48.3675102392832 49.0856419006983 82.6772451400757
43.8941021760305 46.7056979735692 48.8997598489126 45.6614394982656 40.4702300826708 37.0755915840467 44.5344497760137 49.6498743693034 59.1717461744944 55.007333556811 51.7904659112295 57.0726344982783 65.1500870784124 67.285825808843 63.1997336943944 65.2509083350499 65.5659486850103 60.0782930850983 52.5970955689748 47.6067165533702 46.9511995712916 47.9903519153595 51.2106716632843 55.8975388606389 55.5950899918874 59.8222762346268 73.6483335494995 79.7834247350693 67.7694181601207 53.1289577484131 45.7778225342433 31.4061890045802 25.6057480971018 42.5251622994741 39.1746237874031 18.9694228271643 18.9577676355839 41.3509681820869 43.2445704936981 29.9569989244143 7.06744194030762 3.90027277171612 12.5837810337543 19.8283332089583 18.5829798380534 20.3313951690992 22.8413467605909 25.148518383503 27.0944833755493 41.4598733186722 62.4413589636485 115.463445583979
54.7192792097727 51.6242931286494 47.9720085859299 41.2146573265394 32.0076445738475 26.3208200534185 34.5498770475388 35.8371088902156 26.2356773018837 25.9953687588374 37.3806630571683 47.5625495115916 53.781196475029 57.8507284323374 60.8675579229991 70.6977993249893 73.7137496471405 65.2887572844823 57.0401251316071 53.63696316878 51.4799157778422 50.6161650021871 51.4571617046992 51.8936465183894 51.4154732227325 56.3001284996668 63.5068118572235 65.9639338652293 60.8851313591003 41.3244838515917 41.2408113479614 36.3516161839167 32.3087126016617 50.6646533807119 57.0043325424194 45.3695257504781 35.7962399721146 23.0144560337067 31.7449818054835 32.9931229352951 23.3078251282374 10.5377311507861 12.2633650898933 12.7049659689267 7.34808916846911 8.4507055580616 16.0458460450172 18.1401198108991 19.2475753525893 41.8484310309092 87.6938700675964 131.254096825918
57.4687620004018 51.0642329851786 46.4227894941966 42.7470505237579 36.016417046388 30.4812590281169 25.9898776809375 21.899310251077 7.72683694958687 15.2283646166325 30.9296697378159 42.7333166201909 42.6248709360758 50.1886953910192 63.1872912247976 78.7217865387599 84.3870441118876 77.375387152036 69.1033204396566 65.2953833341599 59.8205427328746 58.9066048463186 57.7168812354406 52.420844634374 51.216334104538 50.6714979807536 54.0164411067963 53.3421188592911 49.3613183498383 34.8655854662259 33.1275860468547 34.5688909292221 28.8915957013766 52.7555098136266 72.8145837783813 75.9050945440928 50.8282681306203 16.7569617430369 13.3606654902299 18.8174222906431 19.2920689781507 16.9397766391436 18.0030663808187 17.0041397213936 10.0850847860177 6.86826681097349 13.0921142796675 20.9205100933711 30.000646909078 55.097371339798 119.094729423523 150.369226932526
59.8241090774536 54.645965496699 53.3604125181834 54.3382465839386 51.1782815059026 45.1848606268565 40.3236870964368 40.6301145752271 39.4749641418457 45.1050450404485 52.7850637833277 58.0854564905167 58.5659643014272 53.9078960816065 64.0181799729665 79.7210385402044 89.4808073838552 89.6940728028615 82.5394093990326 73.0475336313248 67.3379500706991 62.5718235969543 61.3520443439484 61.6565197706223 53.9988279342651 43.4296230475108 41.2827854355176 45.2839235464732 42.3077493906021 41.3071637352308 24.2827087640762 19.9190303683281 16.354613006115 27.9617855946223 79.732209444046 89.8151596387227 57.843620578448 20.6316374242306 7.99764630695184 8.12133153279622 11.2105583151182 8.83972458541393 19.0980161229769 28.3976818124453 32.6382194956144 19.1319957375526 16.6975980003675 35.6660534938176 60.9454909960429 105.408946673075 138.030588626862 151.139597098033
60.6072892745336 57.9333752393723 58.0390989780426 59.3634595473607 58.8540385166804 55.3576797246933 55.1641384760539 62.8275672594706 78.9651473363241 75.0356912612915 66.3257886966069 67.0116047064463 73.0025122563044 60.8423699935277 62.383438150088 70.5463985602061 78.3137182394664 85.5082472165426 86.6299370924632 79.8947016398112 74.4094600280126 68.1909223397573 64.3708407878876 60.4786773522695 56.7036469777425 43.7924911578496 32.6949010292689 34.1979712247849 36.2801949183146 19.4623370965322 14.3244192004204 12.3925271133582 7.87852394084136 8.20945265392462 74.2608557144801 91.2613968054454 72.1069872379303 59.8984162012736 29.0811955928802 3.9146983375152 0.34374138340354 0 10.0059689333042 35.9754959742228 42.2407388687134 32.9618354638418 31.6790690024694 54.366538921992 111.303806304932 155.818432569504 149.322956800461 137.139062086741
59.8133554061254 56.467483441035 50.9843627611796 46.4055389165878 46.7098553975423 48.749049504598 48.8752027352651 60.7309639453888 70.9349562724431 65.8991038799286 56.3805103302002 56.2200546264648 67.5035317738851 62.5562320152918 58.8792860507965 58.2954039176305 59.3206187089284 65.8496270577113 75.8395691712697 80.0243318080902 75.9725819031398 70.0347125530243 62.8737509250641 58.8354170322418 50.1631597677867 44.8582669099172 31.4278254906336 25.7225607832273 32.2111894687017 29.1937092940013 14.2468934257825 9.07474135359128 2.44865271573265 0 0.145024959541236 81.4018895228704 88.2541835308075 99.0771253903707 80.7675123214722 32.3066065708796 3.16023516158263 0 3.34387334684531 20.0382669766744 47.7244555950165 67.3552751541138 88.2651607195536 138.756781816483 179.599742094676 189.921458562215 174.809058507284 142.559240261714
61.9553029537201 59.9263459444046 54.0780425071716 47.3694304625193 45.8543648322423 48.6146261294683 41.3536032040914 38.1418267885844 39.6923571825027 36.4273935556412 29.7513877352079 27.3903260628382 30.7524527112643 49.739216764768 56.6130081812541 51.3024628162384 41.0710449020068 36.3433311382929 47.9527811209361 68.2216236988703 69.9254522720973 64.4626021385193 57.9777757326762 54.2438874642054 47.1024016539256 42.8070326646169 35.0633536775907 14.4804716110229 21.7868909239769 37.7933854858081 20.5543761452039 13.2830664515495 5.25164852539698 0 0 61.0074947277705 101.066559553146 115.499536196391 102.122406164805 72.9716370503108 40.0385012229284 10.4545764625072 6.75680860877037 25.6107101837794 57.2253117958705 120.357443888982 161.361436049143 192.104856173197 201.099296410879 200.40492216746 190.814038117727 162.326365709305
63.6574327945709 63.5824501514435 61.0196689764659 57.4652105569839 55.5906544129054 54.8874090115229 39.7466023763021 25.9536678592364 26.2858817974726 28.5066167513529 25.7739002505938 23.1079260508219 24.3008037408193 45.8344916502635 59.5227579275767 50.2751171588898 30.8650384346644 19.2533197502295 22.7981060743332 38.8829633593559 48.9038129647573 51.9372671842575 52.6877442995707 46.2456246217092 40.3457606832186 35.9828993678093 22.7544953425725 8.11556292076906 14.3500479559104 40.9931341807048 49.7411439816157 42.8279091914495 23.2317845026652 0 0 39.6665384372075 94.6125288804372 102.771699428558 83.5521519184113 80.5280456940333 85.6360793113708 70.4462279876073 48.4537084897359 63.3578399817149 115.74641863505 160.667359828949 183.865547180176 195.054252942403 196.838021278381 194.417913754781 189.51278924942 167.476236820221
