input/barkrak2/radiation/dir32624.grid
NCOLS 85 
NROWS 70 
XLLCORNER 665100 
YLLCORNER 4664600 
CELLSIZE 20 
NODATA_value -9999 
[rows 46 to 68 of 70, columns 0 to 51 of 85]
61.3113145033518 62.8479967514674 65.5833631753922 67.5400793552399 67.2396669785182 67.1027501424154 69.1057741641998 70.8663215239843 67.4300491809845 66.0889794429143 65.0147497653961 64.1140192747116 60.4323993126551 57.8259925047557 57.597075899442 60.8250598112742 59.5250874757767 54.4969936211904 59.8790248235067 58.6497684319814 55.8959444363912 56.4217319091161 56.2027047077815 54.2897631724676 61.5883817275365 55.4320911566416 56.9338450829188 57.6728334029516 57.5772176186244 56.7027429739634 55.0046364466349 51.7556617657344 50.8980055650075 51.015372077624 53.5958657662074 54.3305923541387 55.5178970098495 60.9650810559591 62.9295309384664 59.883713722229 60.3303611278534 55.5835862954458 60.8871082464854 66.7316615581512 58.2548379898071 29.9119800329208 3.17853627105554 0 0 0 0 0
55.2937686443329 57.6265801986059 63.2113416989644 64.9254421393077 68.4960186481476 70.078914364179 67.9873774449031 67.6659991343816 67.829300959905 70.0059483448664 67.0046160618464 63.8081133365631 62.2124572594961 62.213530143102 60.3976498047511 59.7725560267766 59.013769030571 51.3856709003448 55.9877256552378 58.0119291941325 54.9324800570806 55.9702217578888 59.3248804410299 53.2021423180898 55.985281864802 55.4801871379217 51.6003568967183 54.8663437366486 56.7625065644582 56.2523901462555 56.2820186217626 55.1188190778097 50.7111350695292 54.4670671224594 63.9492571353912 68.3606714010239 63.2464836041133 58.0965826908747 60.9822273254395 69.2077328761419 63.5771652062734 56.7529896895091 63.5418196519216 68.8575406869252 61.9014650583267 45.4667955636978 14.2602051297824 0 0 0 0 0
48.3891268571218 51.635151108106 56.7546586195628 60.338040192922 66.8446322282155 70.4305668671926 67.2518114248912 65.4585013786952 69.3531731764476 71.8404054641724 69.4408516089122 65.4978454113007 64.5203044017156 65.2387291193008 62.773068745931 57.7784279982249 57.2014401356379 52.1427442630132 55.5740346511205 58.9550087849299 58.800329764684 59.5636069774628 61.6028855244319 59.0139925479889 56.7689587672551 58.1514139970144 55.3487340609233 59.3238373597463 63.9451245466868 66.2710765997569 70.0784673293432 69.639856616656 60.2396428585052 63.1183683872223 69.2756722370784 77.5211155414581 76.0450661182404 66.0568873087565 61.2490673859914 66.3940260807673 60.224637389183 55.7205627361933 53.2033046086629 53.883895277977 52.2834261258443 51.488717397054 40.1134938001633 4.52667412658532 0 0 0 0
47.3830203215281 45.2823340892792 49.4299083948135 57.375505566597 63.0594740311305 66.262220342954 69.0115590890249 71.6502964496613 72.8546281655629 69.5001780986786 71.6682920853297 71.2714741627375 68.0033465226491 65.3699139753978 64.1239782174428 59.3704183896383 57.900200287501 55.6006928284963 58.6620519558589 62.634418408076 64.1093154748281 64.9434824784597 62.3615235090256 63.8053566217422 60.3219519058863 63.1976872682571 64.2518252134323 67.6667292912801 73.6141353845596 78.8015425205231 84.0571920077006 86.2388908863068 76.3749529918035 70.0595875581106 69.4950670003891 77.3183902104696 79.9433688322703 76.7564624547958 66.2682106097539 58.4045151869456 53.3167670170466 55.6752681732178 53.8191298643748 50.3716369469961 46.7169632514318 49.915224313736 42.7520722150803 11.0586558779081 0 0 0 0
47.604630390803 51.05393131574 54.591049750646 60.8902474244436 61.3102068503698 61.7020229498545 69.6018139521281 74.8564302921295 74.6991087992986 74.3212203184764 74.0480323632558 73.8097329934438 70.2157417933146 66.0530726114909 66.0970310370127 69.2950586477915 62.2297575076421 62.0747109254201 62.7107222874959 67.3184643189112 68.2810147603353 66.1681294441223 63.7749532858531 64.8833960294724 60.1453681786855 65.9354776144028 71.0045496622721 73.6392885446548 79.497108856837 85.4385296503703 91.1680956681569 95.0906972090403 87.1245463689168 73.4682480494181 64.7115111351013 58.3081940809886 67.0709858338038 76.0917911926905 71.3261663913727 55.542454123497 49.4436472654343 56.069607535998 59.3306968609492 56.9460541009903 51.4574845631917 49.0717788537343 27.2465919454892 15.2961288889249 0 0 0 0
48.4434713919958 59.3207180500031 61.4476203918457 62.634289264679 60.7864757378896 60.2966795365016 68.0229365825653 73.4105110168457 73.1634596983592 78.3531914154689 75.9339580933253 75.1083046197891 72.7753639221191 68.3317482471466 68.3221966028214 74.2552280426025 67.2625700632731 64.960981408755 62.9842927058538 63.9990071455638 64.4547839959462 63.39131295681 63.0352199077606 59.2189729213715 57.5249493122101 60.9141886234283 67.4079159895579 69.8860188325246 73.6243079106013 79.7944962978363 86.8241786956787 93.7201082706451 89.3475413322449 67.5784995158513 24.437074859937 23.9488879839579 31.2366833289464 60.5096171299616 74.0570624669393 73.4631766875585 67.1007732550303 63.441127538681 52.2924462954203 46.5060869852702 57.4223846197128 47.1990207831065 27.1068488558133 20.7465117176374 1.61364783222477 0 0 0
51.9446432590485 50.4025320212046 49.5208303133647 51.7760465542475 57.767907778422 63.5192741950353 64.2721951007843 70.1132863759995 69.9762254953384 74.687734246254 75.1883586247762 77.0467271407445 76.6465812921524 71.6978311538696 70.4042414824168 68.9400931199392 70.28562327226 64.5482440789541 58.9780956506729 57.0798019568125 56.797261039416 58.2041839758555 59.6554974714915 54.1035582621892 56.0351461172104 53.8688600063324 54.5354137818019 58.798223733902 62.2893671194712 65.9020642439524 68.168838818868 77.3332267999649 75.4554371039073 52.8825372457504 20.187221467495 12.2997102638086 13.1111070513725 21.9996497035027 50.2541760603587 64.9792303641637 74.1789440313975 63.9476577440898 49.7301071882248 41.4946551124255 46.0899174213409 30.8967853585879 26.5012979507446 39.2633403340975 22.6863523324331 1.66050127396981 0 0
54.4377267360687 45.1391041278839 43.1358615557353 48.1474101543427 58.9499523242315 67.4187988042831 67.0042435328166 68.0849303801854 70.8078394333522 71.1851219336192 73.3522723118464 76.0169178247452 77.8757731119792 76.4687160650889 71.9040483236313 69.3967590729396 72.4281966686249 65.513680378596 60.7057213783264 61.2715532382329 60.6002112229665 58.7968329588572 56.7098557949066 53.9187987645467 54.3568929036458 52.4028191963832 51.6427059968313 52.3778895537058 53.2905062039693 54.4252494970957 45.9573566913605 49.3258486191432 51.8559465805689 27.702455719312 21.8891377250354 13.2242453595002 4.52664587646723 3.28739453107119 11.7397122085094 30.4162402947744 57.1690301100413 53.9145916700363 42.8445488214493 38.2232815027237 26.3964558641116 27.4728288253148 25.2036452293396 46.1951543887456 54.360826810201 34.548873702685 7.32305025060972 0
54.6423594156901 49.3906984726588 47.5103904803594 52.608718474706 61.4302605390549 68.6331341663996 71.9189743200938 68.002462387085 72.5303788979848 70.9758599599202 74.6953785419464 76.405922571818 77.804630001386 79.7631740570068 75.0172237555186 74.3388732274373 74.6038456757863 69.1415766874949 66.3100183010101 66.7874962091446 66.055362423261 61.6862773895264 59.059351682663 59.5231205224991 56.1026036739349 56.734303633372 54.4504423936208 50.355538725853 46.7989444732666 44.0987894932429 37.535900870959 39.7251173853874 46.473095814387 48.4526207049688 46.6136038303375 35.7915088534355 14.9298881491025 4.741370677948 3.49298429985841 8.73153594632944 24.4849001367887 28.8277715444565 24.7698972622554 18.6756079395612 18.4048973023891 23.9920020103455 26.1030892531077 39.0671491622925 50.1604477564494 54.9750526746114 36.1044928431511 5.63848080734412
57.7591955661774 56.3904196023941 53.0557682116826 51.9654601812363 57.6630334059397 67.977100610733 69.9207931756973 67.7956740061442 69.7910885016124 74.8082896073659 80.9686332941055 81.7342052857081 80.0398886203766 80.5464585622152 78.353429834048 78.0120939016342 78.3203840255737 75.4720071951548 71.0787773132324 67.4132208029429 65.3416713078817 64.7107909123103 65.034677584966 66.5002365907033 62.8034373124441 59.9869837363561 52.7051786581675 46.3821142911911 39.4514923294385 37.1932735045751 39.0192270278931 44.5259114106496 50.7445434729258 62.366063396136 67.1713054180145 64.914345741272 53.7293503681819 35.0726097822189 25.0724504391352 8.2634799182415 13.7605021397273 23.9874223868052 27.2748122612635 19.1746192673842 22.0511754353841 35.7280919949214 55.5105308691661 49.4547138611476 44.4443275531133 50.645167628924 42.2320961952209 10.8594422539075
60.3267848491669 59.7585390011469 58.72543156147 55.3702016671499 56.6488405068715 65.4712816079458 67.7358011404673 67.8271154562632 67.998598019282 77.0242760578791 85.1527949174245 83.6358964443207 79.1461964448293 81.7499160766602 83.2613160212835 77.4039924144745 79.553892215093 77.0875761906306 72.760487596194 70.0579484303792 68.487952152888 69.6384261051814 66.9597884019216 65.8071587483088 61.8668595949809 57.7373007933299 39.1683578491211 13.5927287240823 11.8806573251883 23.6034045616786 35.8257492383321 41.5361647804578 48.9167074362437 56.1404476563136 67.2511756420135 78.7360171477 71.1110184590022 63.5411292314529 49.4324713945389 29.149038096269 15.4873716334502 24.1355523467064 46.0769881804784 46.0566778977712 43.389692902565 58.6637109518051 83.3905537923177 72.5193917751312 50.7528483867645 37.9783461491267 28.4174432357152 12.1717241903146
59.1762214899063 57.3376715183258 61.0485921303431 62.1279577414195 59.7185492515564 62.4150733153025 67.6339616378148 68.3987935384115 68.9270347356796 76.8131564060847 83.6004614830017 81.7279318968455 77.2879521052043 80.6851635376612 83.931028842926 75.0713596741358 76.8490731716156 75.2011388540268 73.6975967884064 74.6109237273534 75.4212240378062 74.4880537192027 69.4557329018911 63.9130373795827 61.6288433472315 60.1210594177246 42.3519810040792 24.0103552738825 23.731750746568 31.2049662073453 41.1573524276415 46.326090892156 58.3234429359436 67.2776152690252 78.0110905567805 73.9540805419286 68.428302804629 28.542622923851 29.0368298689524 29.6486963828405 36.5914901097616 45.2002336581548 55.0808509190877 27.9119834303856 22.1100648244222 26.4729211727778 62.6864681641261 58.5690836111704 45.6674744685491 36.4472617705663 30.4598808288574 23.2180779178937
48.1509764989217 55.5834174156189 59.0611646572749 61.9305024544398 62.0539983113607 58.8014970223109 67.7168220281601 71.5146611134211 72.449803352356 77.5787929693858 79.7555347283681 79.0681689977646 78.3779621124268 77.0517339309057 78.3638854821523 74.7301032145818 71.7721631129583 75.2379347880681 77.3384571075439 78.6605576674144 80.5178632338842 76.5854666630427 74.3254025777181 67.3425594965617 65.8807456493378 65.0815020004908 61.6309642791748 53.7453095118205 52.6201029618581 56.2293926874797 54.4294665257136 51.7650842666626 70.5686012903849 80.1530430714289 64.3007705609004 54.0847331285477 33.808005352815 15.7533598442872 7.04822192589442 15.658217171828 15.2318502465884 47.6920853058497 57.1262985467911 46.5409010648727 34.4340850909551 35.994383196036 49.9592274427414 54.3748736381531 51.7366826534271 45.1342612504959 38.8342390457789 38.4217848380407
38.9007851481438 53.1572302182515 57.1551024913788 60.1616352796555 63.13123802344 59.3788971503576 63.2637143135071 70.891539255778 81.6221783558528 83.4222833315531 78.6724785963694 76.0014603535334 77.9349406560262 77.4547010660172 77.4694035450618 74.9729474385579 71.305846174558 73.7137248118718 72.7253655592601 70.5643643935521 71.8448807795842 70.951372385025 71.1881220340729 69.5814440647761 69.8198179403941 73.724905649821 80.7508081197739 84.4222903251648 70.933868487676 64.8776392141978 53.9814482132594 50.1683702071508 65.2047296365102 57.9976191123327 25.0580211480459 18.0551943679651 17.1713369588057 11.0281233986219 1.85743315766255 0.140356423798949 0 16.6168287396431 51.3756920893987 72.7433760960897 77.8463929891586 72.1293439467748 71.3631560405095 71.9610601663589 71.1510429779689 60.1771622896194 49.420028924942 61.1213793357213
40.6856412688891 50.5378097295761 57.5803418954213 60.1469973723094 61.6600960493088 61.8892808755239 56.3598076502482 65.7746940851212 85.9391093254089 84.847629070282 76.2137075265249 73.1356690327327 76.1212607224782 79.5007546742757 78.7045260270437 75.3686974445979 74.3983487288157 71.9649394353231 65.1555260022481 58.9247941970825 59.1121862332026 62.9430363575617 63.0352795124054 67.1227226654689 69.7946449120839 73.931485414505 89.842289686203 94.3581759929657 81.6403726736705 69.250096877416 53.123394648234 43.5509532690048 44.8067933320999 45.3966011603673 23.3246758580208 13.8555044929186 14.9071974058946 21.3012248277664 13.7310648957888 3.19335206101338 0 4.84745452801387 25.3545045852661 56.2557280063629 60.1064562797546 56.6284507513046 56.3042958577474 66.1025643348694 61.8832012017568 55.467277765274 56.6202302773794 92.5823350747426
52.1433254082998 55.2320430676142 57.6256215572357 54.2885611454646 48.4726776679357 45.721302429835 53.4336070219676 58.9218487342199 68.5600737730662 64.7070954243342 62.0280603567759 66.5650963783264 74.4566917419434 76.6169130802155 72.6428280274073 74.3256012598674 74.7356315453847 68.9972241719564 61.17282807827 55.7110259930293 55.0456196069717 56.0158441464106 60.2858414252599 63.4016096591949 62.6755158106486 67.9008960723877 81.3516229391098 87.0341757933299 77.2261222203573 60.3155791759491 51.8744289875031 37.1122807264328 34.4756568471591 48.7971504529317 44.9632505575816 22.31498559316 22.2991953293482 53.5085548957189 50.7546315590541 35.5394358436267 9.55270230770111 6.23715793093046 15.5148381988207 23.1702923774719 21.8447173635165 23.6667195955912 26.3277466098468 32.6976403594017 43.3613906304042 48.2134421666463 71.0362195968628 126.439154148102
63.6111497879028 60.3709568579992 56.6444297631582 49.4934717814128 39.7749990224838 33.7809200088183 43.2253479957581 43.7563161055247 34.1151704390844 32.4792911609014 44.3093031644821 56.8860769271851 62.6541475454966 67.0818636814753 70.2063540617625 80.4820607105891 83.2473983367284 74.4662384192149 65.7831132411957 62.4242126941681 59.2780907948812 58.3021442095439 61.2280170122782 59.8358958959579 61.4555875460307 63.2887482643127 70.8337773879369 73.079655567805 68.7157561381658 47.9291528463364 52.0667682091395 42.3280249039332 37.3885085185369 57.4370076258977 63.6484324932098 51.5550971031189 41.8223142623901 28.2764583826065 39.794921875 41.2784740328789 28.3190334836642 13.6616515616576 15.169149885575 15.688622991244 10.0167306760947 11.0512201984723 19.1966171065966 21.4221552014351 22.5626900792122 48.9138166109721 97.6686179637909 142.406811316808
66.4973159631093 59.824417034785 54.9680689970652 51.0798593362172 43.9793765544891 38.0905742446581 33.8206638892492 29.3072735269864 13.2508041958014 21.4195251464844 37.7003153165182 51.2116005023321 51.0067294041316 58.899387717247 72.6358195145925 88.5823667049408 94.2692160606384 86.8494709332784 78.4214834372203 74.2125908533732 69.2013204097748 67.1194791793823 65.4801627000173 61.7554138104121 59.72720682621 61.7085297902425 61.1855685710907 60.7734074195226 56.1026434103648 41.1711086829503 38.8280401627223 40.3562188148499 36.5465606252352 60.2162530024846 80.0770819187164 83.2652002573013 57.6084802548091 19.9382528662682 16.3250230252743 22.0672736565272 25.6715963284175 20.05876476566 22.2384482622147 20.2490712205569 14.6961882710457 9.41825720171134 16.0719677805901 28.6467919747035 36.0900089144707 63.4992669026057 130.169630050659 161.544223626455
68.9653307199478 63.5739664236704 62.2411717971166 63.3265276749929 59.9867800871531 53.6935279766719 48.5729475816091 48.9148795604706 47.7123707532883 53.3903787533442 61.5520576635996 67.346399029096 67.6974306503932 62.7895295619965 73.2247680425644 89.3753568331401 99.7083882490794 99.8151302337646 92.3897922039032 82.4784686168035 76.4630238215129 70.88603079319 70.9573676188787 69.2472855250041 60.7095211744308 55.6957771380742 52.1998554468155 52.6030858357747 48.9705602327983 48.4156707922618 31.1378116408984 26.3571615020434 19.4062950710456 42.0163571834564 87.4446034431458 97.3765552043915 64.6080921093623 25.1245349645615 10.66505163908 10.7605022688707 14.0157056351503 11.6351246833801 22.9021261135737 37.6493682463964 38.7419809897741 26.2079561750094 25.4239986340205 42.1324968338013 69.3212201197942 116.021364927292 149.182349443436 162.034134070079
69.7812785704931 67.0476059118907 67.2402878602346 68.5962339242299 67.9034888744354 64.3153637647629 64.0596052010854 71.8681315581004 88.6150896549225 84.6763849258423 75.7854779561361 76.5399833520253 82.1665376424789 70.0615743796031 71.598952015241 80.3141047557195 88.9232754707336 95.8386858304342 96.414456764857 89.5616014798482 83.872397740682 77.6083469390869 72.5954671700795 70.2864478031794 64.1578137874603 50.2484192450841 43.8002894322077 42.7922258774439 43.234795331955 29.179406662782 17.3227588335673 15.296662847201 10.4574784636497 10.4801629980405 84.0193132559458 98.7835228443146 79.109400510788 66.9714361429214 34.8131582140923 6.28325591484706 1.13166449591517 0 12.6322458187739 42.1417554219564 49.0387578805288 39.2514616250992 37.92704641819 62.3880078395208 121.823499600093 167.645633220673 160.436371962229 147.63734738032
68.9563651879628 65.4734671115875 59.7425699234009 54.8479457696279 55.1793177922567 57.433212796847 57.5082947810491 70.0097978115082 80.7508081197739 75.9740670522054 65.8314029375712 65.5653079350789 76.4243751764297 71.9638367493947 68.5838609933853 67.1937962373098 68.1277811527252 75.1296033461889 85.1950844128927 89.8245473702749 85.6203238169352 79.5034865538279 72.4801768859227 66.9565349817276 57.1380158265432 52.0178377628326 37.0630547404289 32.3821033040682 38.662776350975 34.8947197198868 17.2865465283394 11.8053779006004 4.58073616027832 0 4.99236180136601 88.8476371765137 95.581442117691 107.060074806213 88.6950095494588 38.0571881930033 5.31847029924393 0.0118933506504012 5.32590597867966 30.0938511888186 54.908166329066 75.6284495194753 97.6148744424184 149.919668833415 191.664814949036 201.938033103943 186.320106188456 153.104166189829
71.1788882811864 69.0524975458781 62.9913459221522 55.9988071521123 54.4133086999257 57.3351780573527 49.5333621899287 47.1712698539098 46.9951927661896 44.5325275262197 38.3632034063339 35.8609482645988 40.6427582105001 58.1387678782145 65.4847323894501 61.1487179994583 50.0421822071075 45.0342943271001 56.2124351660411 78.0606418848038 79.535315434138 73.6762036879857 67.1535183986028 62.1242870887121 55.7786325613658 51.7469147841136 41.3448611895243 19.1625220080217 31.1908175547918 44.0356334050496 26.3184135158857 16.2524692714214 7.567315051953 0 0 68.943922718366 108.822415272395 123.402456442515 110.100090503693 80.469474196434 46.5094149112701 14.7095347444216 11.7926659683386 31.4818869034449 65.4276212056478 130.779614051183 172.682583332062 204.144159952799 213.063279787699 212.372223536173 202.682415644328 173.461417357127
72.9189614454905 72.8207131226857 70.1306561628978 66.5038426717122 64.5473351081212 63.7629280487696 47.9580362637838 33.2639838258425 33.8317354520162 36.0857397317886 33.1819355487823 30.3604851166407 31.6574821869532 54.3519258499146 68.5891062021255 59.3207776546478 37.236417333285 26.0690326491992 29.9730151891708 48.0313797791799 57.4349363644918 60.5894774198532 61.3884230454763 55.5855333805084 47.3167449235916 43.1709090868632 32.6949705680211 10.5606578290462 23.3982155720393 47.4297553300858 56.4792454242706 49.5316982269287 29.1920602321625 0.0358154890515531 0 46.2848643461863 102.74084409078 110.676934321721 90.9580687681834 87.9722734292348 93.855490287145 79.0192286173503 56.3184867302577 72.0439652601878 126.50461991628 172.402362028758 195.813596248627 207.090497016907 208.83317788442 206.467827161153 201.545397440592 178.957502047221
