input/barkrak2/radiation/dir35824.grid
NCOLS 85 
NROWS 70 
XLLCORNER 665100 
YLLCORNER 4664600 
CELLSIZE 20 
NODATA_value -9999 
[rows 46 to 68 of 70, columns 0 to 52 of 85]
44.3608413139979 45.8534707625707 48.3259707689285 50.2366870641708 50.0682195027669 49.9267478783925 51.805982987086 53.5443077484767 50.5716502666473 49.5723336935043 48.8307972749074 48.2031603654226 44.9521690607071 42.21011698246 42.2237465778987 44.9012716611226 43.703297773997 39.2947072784106 42.9204702377319 41.8397833903631 39.5145565271378 40.0201479593913 39.7786224881808 38.0628978212674 45.3626612822215 42.3247764507929 43.4309542179108 44.1517680883408 43.1476483742396 42.5132016340891 41.5332640210787 38.819874326388 38.219874103864 37.7000893155734 40.0322998563449 40.9444645047188 42.1368281046549 46.7609465122223 48.5548873742421 45.796533425649 43.4763928254445 41.568120320638 46.1113254229228 50.9005834658941 43.2196656862895 19.3614984552066 0.126696356649821 0 0 0 0 0 0
38.80475461483 41.0333946347237 46.1449176073074 47.4920521179835 51.0191818078359 52.5796314080556 50.7440765698751 50.5794187386831 50.6941924492518 53.4266432126363 50.9014030297597 47.4495689074198 46.1173454920451 46.6293146212896 45.283188422521 43.8441336154938 43.1967079639435 37.0717992385228 40.6823803981145 41.2894760568937 39.1859089334806 39.6274452408155 41.8659845987956 37.7843057115873 39.6590183178584 40.4569978515307 38.2763867576917 41.2261486053467 42.8207069635391 41.9535984595617 42.7076121171316 41.9240991274516 38.0204791824023 40.2162000536919 49.3784099817276 52.9709905385971 48.9661246538162 44.2173679669698 46.7606087525686 52.1349608898163 46.867440144221 41.4367839694023 48.6106475194295 53.2161643107732 48.2026139895121 33.5677017768224 7.02956380943457 0 0 0 0 0 0
32.5519641240438 35.4949111739794 40.2851104736328 43.3991601069768 49.4359731674194 52.7632534503937 49.9500582615534 48.3830124139786 52.2824823856354 54.5231501261393 52.8526206811269 49.2148995399475 48.1494516134262 48.9859481652578 46.8675990899404 42.3246075709661 41.9359703858693 37.571556866169 40.3243253628413 43.2574152946472 42.6243096590042 42.7244752645493 44.5262541373571 41.4241154988607 39.5468821128209 41.6470567385356 40.6645213564237 44.4938441117605 49.4107156991959 51.7461001873016 54.8864901065826 55.3684383630753 46.9231903553009 48.2627352078756 54.8775941133499 61.7212504148483 60.3953003883362 51.2699882189433 45.9984391927719 51.4469891786575 46.1315711339315 40.6814490755399 39.3644645810127 40.6245912114779 39.5382965604464 36.8897517522176 28.4999857346217 0.870750596125921 0 0 0 0 0
31.5867314736048 29.7314176956813 33.6341733733813 40.7272304097811 45.8297878503799 48.9597568909327 51.4473915100098 53.97762854894 55.3469955921173 52.4501701196035 54.3110271294912 54.4579327106476 51.6696125268936 49.3932863076528 47.5626190503438 44.1197107235591 42.9705580075582 41.2930101156235 43.7858651081721 46.699270606041 48.122098048528 48.1997281312943 45.9206402301788 47.2657481829325 42.6228741804759 44.5157786210378 46.8094746271769 51.0929177204768 57.8074157238007 64.5951131979624 70.1023042201996 68.9148257176081 61.9319876035055 55.4862469434738 55.0484011570613 56.3712120056152 62.5032583872477 58.4986209869385 50.3145555655162 43.7606622775396 39.662445584933 40.8724596103032 40.013795097669 37.5605573256811 33.5606088240941 34.9044849475225 20.8361620704333 5.85237021247546 0 0 0 0 0
31.7947243650754 34.9037572741508 38.2346759239833 43.8308417797089 44.2190567652384 44.4866319497426 51.9850899775823 56.858167052269 56.7676872014999 56.6928038994471 56.7539880673091 56.6410968701045 53.4825623035431 49.7919221719106 50.0438511371613 52.829921245575 46.4460253715515 46.700323621432 48.2578575611115 51.6005605459213 52.6632219552994 50.0949124495188 48.0167120695114 47.3369757334391 44.0320521593094 48.3947445948919 50.9262730677923 54.6127607425054 58.9734017848969 70.077841480573 76.9932518402735 78.2794455687205 69.8428849379222 59.6460948387782 42.3611700534821 45.4628964265188 54.7379503647486 62.8440280755361 54.9234499533971 41.5977165102959 35.3716860214869 39.3648942311605 44.0093527237574 40.2679294347763 36.2815111875534 34.5855951309204 18.9398527145386 9.25651503105958 0 0 0 0 0
32.5413048267365 42.4900352954865 44.4709559281667 45.6416060527166 43.7337358792623 43.3048556248347 50.4487752914429 55.5521746476491 55.50616979599 60.1669549942017 58.1415990988413 57.4634621540705 55.4639299710592 51.5100061893463 52.1049549182256 57.3738167683283 51.4853845040003 49.4418243567149 47.7765103181203 49.3400941292445 49.6600717306137 48.1914679209391 48.0787456035614 44.8295225699743 42.6032245159149 43.9086308081945 48.7397660811742 48.9448358615239 52.1456102530162 57.8862875699997 70.0845569372177 78.2186289628347 70.9072599808375 53.838183482488 16.6487072904905 16.2475841740767 22.1593553821246 47.4605560302734 53.9678484201431 55.1882435878118 50.9906411170959 44.6458707253138 36.1473610003789 35.6428350011508 39.7586946686109 34.9393412470818 18.8642914096514 13.6623394985994 0.0433138290342564 0 0 0 0
35.776749253273 34.3959803382556 33.7031682332357 35.6460859378179 41.245274245739 46.1092342933019 47.0541367928187 52.4580180644989 52.3922542730967 56.7672401666641 57.175487279892 59.0546429157257 58.9401672283808 54.8350711663564 53.5795390605927 52.2711475690206 54.1111628214518 48.8411237796148 44.5067932208379 42.0963863531748 41.8451726436615 44.0100530783335 44.920618335406 40.7349715630213 42.0324603716532 38.5913128654162 39.2754351099332 41.3686161239942 40.9963255127271 45.033981402715 47.4277635415395 61.3968869050344 59.1682940721512 32.5600976745288 13.2326222956181 6.89825291434924 7.53815844655037 14.6752571066221 33.9171762267748 53.0038972695669 54.0435711542765 47.8823731342951 33.7119822700818 30.6166460116704 32.0695986350377 21.9233135382334 18.4066357711951 28.2541662454605 13.6639935274919 0 0 0 0
38.067082564036 29.5567686359088 27.7237544457118 32.2600677609444 42.2427356243134 49.7787694136302 49.5095501343409 50.5075554052989 53.0631691217422 53.5344779491425 55.6858529647191 58.1749379634857 59.6956759691238 58.5862547159195 55.2550852298737 52.6488721370697 55.4638604323069 49.9342779318492 45.7896292209625 45.7816968361537 45.3830113013585 43.8821862141291 42.1684682369232 40.3332114219666 40.3456414739291 38.046916325887 37.5215684374174 36.5796635548274 36.0235447684924 34.4692145784696 28.1992107629776 33.6411346991857 34.1897731026014 19.3356834352016 14.6307324369748 7.63927834729354 1.15750962868333 0.268129534864177 6.6938338180383 19.8553825418154 40.8912897109985 37.3360365629196 32.0266510049502 22.1939211090406 18.2247596482436 19.1733079651992 17.3393649359544 33.9222227533658 40.46597580115 22.7874716122945 0.908918989201387 0 0
38.1846030553182 33.3394209543864 31.6439718008041 36.3489637772242 44.5091178019842 51.1811127265294 53.880974650383 50.321285923322 54.6179165442785 53.3118347326914 56.8498621384303 58.6502850055695 59.9009692668915 61.5685433149338 57.2831481695175 57.4336498975754 57.4470112721125 53.2573064168294 50.2221882343292 50.7993449767431 50.2754300832748 46.4666436115901 44.8895990848541 44.9225654204687 43.5282289981842 41.8566713730494 39.9560804168383 36.5135396520297 32.1573913097382 28.1216030319532 22.7013056476911 26.4124522606532 34.3331843614578 36.5363905827204 34.7712561488152 25.0645379225413 7.82377583285173 1.05170222620169 0.526320616093775 4.19350309918324 16.694982846578 20.2429592609406 16.9459022581577 12.0040488739808 11.7937289178371 16.3690224289894 17.99193272988 18.4086660544078 36.7008919517199 40.2681231498718 24.4454095760981 0 0
41.0167053341866 39.6972969174385 36.6526295741399 35.7395087679227 40.8524125814438 50.5551298459371 51.9274920225143 50.0148634115855 52.1428883075714 56.8981419006983 62.8572950760523 63.2491608460744 61.8936469157537 62.4578495820363 60.3639384110769 60.4478816191355 60.7834657033285 58.9363326629003 54.6232958634694 51.7898301283518 49.8789846897125 48.4758118788401 49.7658401727676 52.2178659836451 47.2694287697474 45.7322945197423 37.7099961042404 32.2049632668495 26.8952349821726 23.8269964853923 24.5864217480024 29.8978586991628 37.9645427068075 48.6080845197042 53.4345209598541 51.8301874399185 37.5247250000636 25.1392150918643 14.5803069074949 3.6526145413518 8.04674004515012 16.3294263184071 16.8193951249123 11.9512304663658 11.5416372815768 25.3596802552541 42.3963169256846 36.1074457565943 31.3346534967422 36.3382374246915 16.4322381218274 5.74570273359617 0
43.3686127265294 42.8048272927602 41.8093502521515 38.8365586598714 40.0271068016688 48.0185647805532 49.8906522989273 50.0031461318334 50.3356804450353 58.9578847090403 66.1767224470774 65.1547014713287 60.8826180299123 63.4771486123403 65.1189188162486 59.4827880462011 61.5149090687434 59.3444208304087 55.969441930453 53.5569737354914 52.8304030497869 54.2231698830922 51.4924873908361 49.7698684533437 47.187070051829 42.6969826221466 26.8748377760251 4.00275209297736 2.95757471273343 10.2279794712861 22.14515209198 27.8588980436325 36.2711946169535 43.3751841386159 53.9372662703196 57.1699837843577 55.8378646771113 48.5664904117584 37.6705378293991 20.4073029259841 9.42700728774071 16.4264837900798 33.2667455077171 33.3311483263969 28.1620224316915 44.736514488856 64.193735520045 57.0128212372462 37.1433223287264 24.3983715772629 11.997114866972 6.75238544742266 1.97253981605172
42.3486729462942 40.576808154583 43.9575016498566 44.9491043885549 42.8787718216578 45.1084623734156 49.9938130378723 50.7086366415024 51.2415170669556 58.6254894733429 64.8485173781713 62.9618465900421 59.1950515906016 62.5235388676325 65.6812340021133 57.219276825587 58.5699776808421 57.578851779302 56.2889873981476 57.5951685508092 58.5405776898066 58.1562717755636 54.9872815608978 48.6699640750885 48.2503523429235 44.7148034969966 29.0355135997136 13.0624435842037 12.599803507328 19.3299452463786 27.3004869620005 31.5179154276848 44.5498774449031 53.7577619155248 63.9865895112356 57.7423771222432 54.4863790273666 19.9735338489215 20.3840906421343 20.9163253506025 20.1155381898085 33.9013586441676 37.750318646431 19.4629468023777 14.738862713178 18.2702504098415 25.9299625953039 44.5316731929779 29.1013717651367 19.8765359818935 13.8112058242162 9.63200318316619 11.6205463806788
32.3463827371597 39.064201215903 42.2144631544749 44.77725426356 44.930562376976 41.9611831506093 50.2529640992483 53.5488923390706 54.4065733750661 59.2458347479502 61.0176026821136 60.3017310301463 60.1003517707189 58.8606496651967 60.2087477842967 56.8877259890238 54.3648352225622 57.4680417776108 59.0660671393077 60.8359624942144 62.7017766237259 59.8119994004567 57.2784791390101 53.0890921751658 51.349014043808 50.9853611389796 46.3273922602336 40.6681249539057 40.4807801047961 40.9384767214457 38.6079276601473 37.8954360882441 48.5528508822123 65.5840784311295 46.1251189311345 41.8160210053126 24.3068933486938 9.70407016575336 3.00446866701047 5.9052233894666 7.15869603057702 24.1468772292137 41.4125844836235 34.7967396179835 23.7252513567607 24.7151106595993 36.9659264882406 40.9639353553454 38.4593158960342 32.4665779868762 26.8590499957403 25.7596895098686 45.8764284849167
24.0504418810209 36.7962568998337 40.3867488106092 43.1464264790217 45.9020982186 42.4303561449051 46.0014392932256 52.7273714542389 62.6151363054911 64.1912271579107 59.4936609268188 57.7742705742518 59.5252265532812 58.9139759540558 59.3989590803782 57.2720269362132 54.0026923020681 56.7876398563385 55.7265530029933 52.9189109802246 54.6841770410538 54.068312048912 54.3136149644852 53.043673435847 54.1790624459585 58.7696929772695 66.0100479920705 65.909077723821 55.1462769508362 52.3883899052938 42.1057045459747 34.4164445996284 42.8026914596558 39.1013895471891 17.1683107813199 11.5745017925898 10.9370524684588 5.98822285731633 0.244224482836823 0 0 9.82037000358105 34.7502032915751 52.9595911502838 54.3573747078578 58.3423674106598 55.4178555806478 55.5490056673686 55.930624405543 45.8876738945643 35.9489520390828 45.0095633665721 88.9746050039927
25.9136334061623 34.2505574226379 40.8387233813604 43.0919378995895 44.3570713202159 44.7680751482646 39.5972008506457 47.9792207479477 66.3566341002782 65.6574269135793 57.8135997056961 54.7253837188085 57.2243829568227 61.2560957670212 60.3079348802567 57.3804477850596 56.6610097885132 54.6974490086238 48.5636542240779 42.592316865921 42.6424940427144 45.7438925902049 46.8194037675858 51.2448698282242 52.6033242543538 59.3864619731903 74.7670580943425 79.1092862685521 61.8466039498647 49.778014421463 41.0557513435682 28.9880459507306 26.2733747561773 33.7317064404488 15.8606308201949 8.27849345902602 9.13023948669434 13.6019997298717 7.20596872270107 0.347537687048316 0 1.24839592414598 17.3757101098696 35.6049612164497 42.8616255521774 40.0633414586385 41.7299171288808 42.6658789316813 40.0860110918681 41.8911774953206 42.1942969163259 73.2440054416656 108.985364437103
36.0801964998245 38.7113615870476 40.7183915376663 37.7899159987768 32.7948232491811 29.0138423442841 36.0881164669991 41.9187446435293 50.0675936539968 46.1781173944473 41.6803260644277 49.0820904572805 56.5779407819112 58.0208450555801 54.6792099873225 56.2572677930196 56.8434049685796 51.621546347936 44.5868273576101 39.6030098199844 39.6419813235601 40.2927349011103 42.9223080476125 46.7401395241419 47.686701019605 53.0622005462646 64.0800893306732 73.0807532866796 61.97389960289 46.8121021986008 35.5407123764356 26.4552483956019 15.6792464355628 36.8374461929003 33.9443931976954 15.0799316664537 14.9820993343989 35.9920337796211 37.7471297979355 25.1236831148465 4.67662575344245 2.05380950743953 9.42687317728996 15.5994693438212 14.5199249188105 15.99029575785 18.150620162487 20.135909318924 19.6337339778741 35.3630234797796 54.4486989577611 104.714234670003 119.712720314662
46.3570753733317 43.3307786782583 39.9270008007685 33.5469966133436 24.8759339253108 19.654585669438 28.00502628088 28.6315580209096 20.3459536035856 17.2314345836639 29.6587745348612 39.5818948745728 45.4924205938975 49.3219643831253 51.9582728544871 61.8791381518046 64.4527077674866 56.6740582386653 48.715536793073 45.717865228653 43.2120809952418 43.2963023583094 44.6244378884633 42.2891130050023 44.4226562976837 46.8972623348236 56.6260268290838 57.6635499795278 53.8403193155924 36.020465195179 34.9717016021411 31.1729684472084 27.3679370681445 44.4403191407522 50.8652875820796 39.7468283772469 30.3929373621941 18.2756918172042 20.3658205767473 28.2455335060755 16.0355617602666 7.6291449368 9.14566218852997 9.57514842351278 5.019453043739 6.08564106126626 12.3789707819621 14.1809607545535 15.0912416477998 35.4512184858322 78.1860748926799 120.149821043015 125.753631194433
48.9525099595388 42.8392936786016 38.4534125526746 34.9701717495918 28.5933390259743 23.4368468324343 20.0930212934812 14.7977098822594 2.04635892684261 9.57937849064668 25.1492609580358 35.0049336751302 34.8774641752243 41.8737232685089 54.5177459716797 69.3745066722234 74.6477047602336 68.1316057840983 60.2528552214305 56.5710365772247 51.891436179479 49.8548448085785 50.3209580977758 45.8103319009145 42.0694897572199 43.1670049826304 41.4408693710963 44.8605765899022 42.6982740561167 29.2525663971901 28.252899646759 28.8174425562223 17.7152591447035 39.5496139923731 66.0057912270228 68.9992805322011 44.6110318104426 13.0043625831604 10.0844663878282 14.7058094541232 15.0818787515163 13.0815853675207 14.0571047862371 13.2689910630385 7.32055120170116 4.52715965608756 9.85669282575448 13.9054295917352 24.615911146005 47.3260631163915 108.238697052002 139.050086339315 140.733540058136
51.1959989865621 46.2344785531362 44.9903309345245 45.979509751002 42.9275532563527 37.2203712662061 32.6352591315905 32.9713299870491 31.8164005875587 37.3378147681554 44.6130086978277 49.4978129863739 50.0090271234512 45.5470929543177 55.2226851383845 70.001299182574 79.7317127386729 79.9585282802582 73.1407503286998 64.0331705411275 58.3325227101644 54.5939405759176 52.4803052345912 53.9029141267141 47.7230052153269 38.0412265658379 31.8102786938349 34.908339381218 35.922368367513 35.3085721532504 15.3251464168231 15.6345727543036 12.5862297912439 19.8720966776212 72.4810212850571 82.6321840286255 51.602174838384 16.37061064442 5.54897760351499 5.61919870475928 8.2227848470211 6.13178995748361 14.0873317917188 18.2598593334357 27.2113059957822 11.4542171359062 12.1268803874652 29.8785840471586 53.1789660453796 95.159242550532 126.848330100377 140.07043838501 143.755892912547
51.9456168015798 49.3389070034027 49.5000978310903 50.8561631043752 50.2916276454926 46.9051599502563 46.7302997907003 53.8209180037181 69.4519778092702 65.5858168999354 57.1623941262563 58.3878010511398 63.7315412362417 52.0731111367544 53.225835164388 61.5052183469137 68.8991298278173 75.88196794192 77.1385977665583 70.6511239210765 65.3189122676849 59.0947220722834 56.4824640750885 53.5506109396617 45.5012023448944 37.7858479817708 26.0975162188212 27.3297553261121 30.0288374225299 15.2023074527582 10.9188221395016 9.29563368360201 5.4203849285841 2.40601723392804 66.2079453468323 84.1102699438731 65.5413766702016 53.3531010150909 24.0217372775078 2.19162134453654 0.00917068973649293 0 6.84189237654209 29.2830417553584 36.0890676577886 27.3583456873894 26.1288831631343 46.9752500454585 101.154009501139 144.00726556778 138.06481162707 126.475205024083 130.434105793635
51.1857271194458 47.9967643817266 42.800118525823 38.4659320116043 38.8060063123703 40.5988171696663 40.7091230154037 51.7737219731013 61.2981617450714 56.8411598602931 48.1983125209808 47.7240979671478 58.0219278732936 53.997407356898 50.4296720027924 48.8258500893911 49.8257577419281 56.9744557142258 66.6357825199763 70.8055595556895 66.8456852436066 60.9318961699804 55.0632129112879 49.8080750306447 43.6148991187414 35.2701942125956 25.8893345793088 15.6572237610817 26.4597659309705 19.8259490231673 10.9099286297957 6.50877753893534 1.0420938488096 0 0.0327352778792071 74.3754953145981 81.2953958908717 91.4648373921712 73.3142445484797 27.1900842587153 1.66811514645815 0 1.63366366177797 15.7293813923995 41.178897023201 59.6494823694229 79.4294675191243 127.810329198837 167.410969734192 177.63876914978 163.006444772085 131.813704967499 116.029262542725
53.2226661841075 51.2852072715759 45.708621541659 39.3113767107328 37.8673324982325 40.5086030562719 33.7309787670771 31.7009910941124 33.4355160593987 30.4057647784551 23.6097847421964 21.5132137139638 25.1932193835576 41.344312330087 48.3478804429372 43.267697095871 32.0044631759326 28.8027574618657 40.0270769993464 59.0359071890513 60.8142813046773 55.7100474834442 49.1879284381866 46.7428863048553 40.4925470550855 35.0646103421847 29.0407339731852 7.70046624044577 12.1803805232048 32.1875537435214 16.284704208374 10.0597807516654 3.14250619461139 0 0 53.7017236153285 93.6467846234639 107.918749252955 94.4601098696391 65.9629652897517 34.2140843470891 6.57584331929684 4.38280465702216 20.4841072360675 49.6494621038437 110.28254032135 150.117079416911 179.85721429189 188.79767258962 188.101828098297 178.621649742126 150.934060414632 122.790147860845
54.8691054185232 54.8175026973089 52.361120780309 48.9587585131327 47.1526384353638 46.4327732721964 32.1292926867803 19.2703281839689 19.6575547258059 21.4172303676605 19.0119706094265 16.564520696799 17.6542202631632 37.8410543004672 50.9670376777649 41.5845438838005 24.8940760890643 13.3223086595535 16.3599066436291 29.9647301435471 40.2795548240344 43.9052085081736 44.4139192501704 38.007378578186 33.7842653195063 29.3797850608826 10.9370313584805 5.55749175449212 8.64895495275656 35.1819942394892 43.567751844724 36.7660671472549 18.0386044085026 0 0 31.8240324656169 86.8929227193197 95.175176858902 76.5531708796819 73.5229154427846 77.8804322083791 62.4326219161352 41.2542149424553 55.2657494942347 105.322480201721 148.985326290131 171.798169612885 182.737529277802 184.530516465505 182.104786237081 177.223563194275 155.756870905558 141.484608252843
