input/barkrak2/radiation/dir30524.grid
NCOLS 85 
NROWS 70 
XLLCORNER 665100 
YLLCORNER 4664600 
CELLSIZE 20 
NODATA_value -9999 
[rows 0 to 21 of 70, columns 0 to 49 of 85]
114.724000295002995 129.883259534836 145.175834496816 165.987600882848 176.879445711772 179.41951751709 178.165594736735 175.359606742859 174.908836682638 180.939078330994 182.260711987813 179.212947686513 175.224979718526 176.030615965525 176.810880502065 163.55029741923 148.783951997757 137.833068768183 136.495093504588 132.710655530294 131.97723031044 154.409468173981 178.215165932973 183.392226696014 187.535246213277 199.72171386083 198.152204354604 186.192274093628 175.835867722829 176.049987475077 171.439826488495 194.467643896739 239.275256792704 236.048857371012 233.966668446859 221.287488937378 225.722312927246 237.781226634979 235.429068406423 234.664420286814 226.152658462524 234.038710594177 241.625348726908 234.290103117625 222.174306710561 228.348135948181 230.015734831492 199.384113152822 134.700884421666 130.095879236857
93.4822062651316 107.627014319102 123.420198758443 142.565488815308 158.096849918365 164.979378382365 170.436143875122 176.221231619517 183.456301689148 183.222095171611 182.907978693644 180.822332700094 176.405807336171 176.785747210185 176.787654558818 163.817852735519 155.727763970693 146.425197521845 142.653942108154 137.259989976883 148.193885882696 173.329552014669 193.309764067332 194.308777650197 197.663267453512 203.515231609344 200.310786565145 190.06621837616 180.296679337819 178.141156832377 178.883453210195 208.50529273351 240.757584571838 238.731145858765 232.584853967031 223.490496476491 229.580124219259 239.270329475403 234.849572181702 232.692917188009 228.150268395742 229.689280192057 226.370771725973 217.6700035731 212.773124376933 226.059953371684 222.804526487986 184.39245223999 141.458700100581 153.490285078684
59.9735726912816 68.5534377892812 79.1993290185928 91.6256407896678 104.803115129471 118.194023768107 132.651180028915 152.2363225619 166.569044192632 169.77330048879 173.332035541534 176.653027534485 183.027486006419 188.311219215393 189.496914545695 190.78654050827 188.144485155741 176.709274450938 158.507108688354 150.696943203608 162.302414576213 181.163271268209 192.640423774719 195.455888907115 198.500553766886 197.995960712433 194.374759991964 188.060800234477 184.291501839956 187.14314699173 197.596967220306 224.429229895274 241.944511731466 239.955067634583 233.162840207418 229.906400044759 237.601717313131 243.1760430336 237.428347269694 231.319049994151 224.85355536143 214.929858843486 201.114137967428 194.871485233307 202.474474906921 219.627718130747 210.811376571655 175.091465314229 162.881503502528 181.961456934611
44.4333851337433 45.2706714471181 50.796036918958 56.132564942042 60.8211805423101 68.034236629804 79.4989665349324 97.505251566569 117.648939291636 135.112782319387 152.715126673381 169.216016928355 179.136236508687 182.581206162771 190.497914950053 199.190179506938 197.970549265544 186.6827805837 168.280839920044 160.611490408579 161.461720863978 162.517329057058 174.57902431488 184.425234794617 187.062879403432 187.438090642293 188.977619012197 188.290596008301 189.229488372803 195.147037506104 202.583869298299 224.203864733378 231.322785218557 230.865995089213 228.692134221395 234.155774116516 237.417022387187 238.450805346171 230.061491330465 217.59307384491 210.148731867472 198.394993940989 195.045471191406 207.692205905914 220.117688179016 213.967462380727 195.559322834015 171.427369117737 172.962228457133 186.232248942057
62.7049406369527 48.725833495458 37.7489452560743 29.1043644150098 30.3292249639829 44.1570281982422 66.5130118529002 78.2346874475479 88.6040329933167 95.7786540190379 118.952651818593 143.191943566004 157.889703909556 165.59624671936 170.760850111643 175.595084826152 175.488193829854 172.772506872813 167.709608872732 162.343482176463 157.731354236603 155.56009610494 165.654877821604 175.12055238088 179.482420285543 185.682813326518 187.402307987213 188.173254330953 189.319511254629 190.559069315592 197.373032569885 222.18386332194 222.440044085185 224.288364251455 223.284165064494 223.824063936869 221.438507239024 218.567510445913 213.851650555929 203.510125478109 202.28777329127 200.996875762939 207.682251930237 218.907177448273 220.83854675293 196.553885936737 166.576147079468 159.86360112826 167.006274064382 185.607612133026
88.9322459697723 70.1226145029068 46.5468267599742 28.5645226637522 23.2318093379339 30.2874172727267 47.6882507403692 66.7992432912191 76.8803904453913 76.7827729384104 85.4007701079051 100.800802310308 110.688298940659 116.001576185226 126.105606555939 136.392861604691 142.154554526011 150.989184776942 159.685502449671 167.166292667389 167.767107486725 168.357074260712 166.05872909228 168.797353903453 174.899895985921 180.888215700785 184.626758098602 189.577142397563 191.790382067362 194.01870171229 206.235110759735 217.865069707235 212.410529454549 211.078544457754 214.087267716726 215.185165405273 212.857047716777 209.632694721222 199.955145517985 201.253851254781 203.927516937256 202.667872111003 204.999009768168 208.798865477244 200.328389803569 163.399239381154 138.022691011429 147.46501048406 167.419811089834 206.93298180898
97.8764394919078 86.8235528469086 69.5138871669769 51.6194999217987 36.0579739014308 27.1903028090795 31.4607297380765 50.2440631389618 64.4672165314357 75.5725006262461 73.5244254271189 71.6483891010284 65.1607612768809 62.0155433813731 62.6964668432871 77.3914257685343 90.2326305707296 110.454003016154 136.653631925583 149.413714806239 168.132265408834 176.058848698934 172.610382239024 168.692330519358 172.150333722432 172.622978687286 177.335143089294 182.661732037862 188.026865323385 194.997906684875 206.822196642558 211.417933305105 202.796121438344 198.53671391805 196.839312712351 198.932985464732 198.886930942535 195.449749628703 191.436012585958 185.939808686574 180.558323860168 180.951575438182 191.478510697683 199.826141198476 192.875504493713 183.213392893473 193.537831306458 202.363212903341 214.720408121745 229.088445504506
94.3072239557902 98.5975464185079 88.8422429561615 76.2033462524414 58.5926175117493 36.6023058692614 22.4211315313975 21.1738298336665 37.9818802078565 59.0910414854685 67.1801716089249 69.0811177094777 61.4045957724253 53.7771284580231 45.5386886994044 46.4804470539093 55.4358810186386 70.0235118468602 91.4975206057231 111.063013474147 127.258201440175 139.431049426397 157.33062227567 156.137883663177 158.237824837367 158.252368370692 161.966403325399 166.768391927083 171.800355116526 184.876640637716 195.274353027344 197.93305794398 189.058065414429 183.564066886902 179.507434368134 179.608702659607 185.449719429016 183.555066585541 179.200033346812 163.918395837148 161.162197589874 169.768134752909 187.780419985453 203.503469626109 206.341365973155 209.836840629578 218.418518702189 220.597863197327 227.992057800293 229.779779911041
91.0357733567556 82.8578968842824 82.0450087388356 85.3703618049622 76.0152488946915 58.7606777747472 35.9772245089213 18.8005988796552 25.4869634906451 35.1055413484573 45.9369917710622 56.0870468616486 61.8837674458822 60.9536667664846 55.1849454641342 50.2685159444809 49.700583020846 53.8543810447057 66.5084272623062 79.6257108449936 93.7008460362752 107.947746912638 122.386415799459 125.554660956065 132.069955269496 139.036844174067 141.012370586395 145.03147204717 151.185890038808 162.038991848628 168.788949648539 170.47788699468 167.624274889628 166.904171307882 168.925682703654 171.181837717692 173.313975334167 175.376196702321 174.631317456563 168.563981850942 176.109274228414 188.701987266541 197.694897651672 200.667281945546 196.759204069773 196.664373079936 201.738675435384 212.903141975403 222.223202387492 218.311170736949
69.4786210854848 68.7654117743174 62.1586342652639 65.2577181657155 67.2701448202133 67.5817877054214 57.424341638883 43.092206120491 26.1052002509435 20.9637110431989 26.0885208845139 40.0583992401759 54.4212609529495 65.6632532676061 66.6585216919581 65.0628308455149 57.2557250658671 56.4057528972626 57.2761098543803 59.8311573266983 67.2220687071482 74.8389462629954 85.3663384914398 94.5166150728862 106.189886728923 111.043492952983 115.683893362681 121.277868747711 127.326438824336 135.21334528923 137.687027454376 139.9827003479 145.395676294963 150.764922300975 155.914624532064 159.062912066778 160.780221223831 167.380630970001 172.246177991231 180.525382359823 191.009799639384 196.209073066711 200.377662976583 198.877056439718 195.36817073822 193.729639053345 206.2801917394 218.352556228638 220.531384150187 216.442445913951
34.7673644622167 34.3732908368111 36.8902832269669 35.4183067878087 40.13874878486 46.7425286769867 51.2407620747884 49.0367859601974 35.6096078952154 26.811013619105 22.3388597369194 27.124914030234 41.5506362915039 58.2111577192942 67.5582637389501 64.897745847702 60.6312255064646 59.2765758434931 56.603749593099 53.2255470752716 54.3127904335658 55.7554165522257 60.8176489671071 72.876363992691 85.8967502911886 94.2880610624949 97.9070862134298 101.264764865239 111.716488997142 117.829521497091 123.395621776581 127.672006686529 136.132101217906 140.857438246409 143.130511045456 145.739108324051 152.089228232702 158.295204242071 168.287595113118 186.091681321462 193.935831387838 194.704016049703 193.855384985606 192.14145342509 191.578090190887 196.965952714284 206.237594286601 207.36700296402 206.573188304901 214.691519737244
12.5291695197423 10.8427020410697 8.76005863149961 5.60612914462884 3.45711472133795 6.03713405628999 13.9569068948428 26.9924650589625 32.8362608949343 32.9377502202988 29.3876081705093 22.6113647222519 25.496818125248 36.8426293134689 52.8604686260223 58.1421554088593 64.3634746472041 64.5633886257807 60.6067627668381 53.6322295665741 50.1005152861277 49.5455215374629 51.1202613512675 58.6922665437063 67.5581196943919 73.6853380997976 76.7121066649755 81.2793721755346 91.4802849292755 99.0006526311239 106.458157300949 111.887961626053 117.911686499914 120.112250248591 122.940639654795 127.236386140188 138.913691043854 149.96878306071 158.274630705516 176.153083642324 183.041632175446 183.203975359599 179.869592189789 176.757176717122 177.856643994649 178.251067797343 183.443288008372 192.513048648834 198.500076929728 202.506860097249
5.63009828329086 2.16423440724611 0.675058458000422 0 0 0 0.298531473769496 13.5729101796945 32.1937277913094 38.2458046078682 37.5853901108106 32.0648600657781 22.8781898816427 23.1019631028175 34.1176465153694 51.7730762561162 62.8428111473719 68.1731551885605 67.7929868300756 62.8064523140589 57.5621078411738 58.4419320027033 59.5005253950755 61.074177424113 62.7084672451019 63.5541180769602 67.6075617472331 73.5078950723012 77.5570770104726 83.8888585567474 90.3490086396535 97.5364943345388 98.7909535566966 100.578447182973 105.475942293803 111.425817012787 122.008482615153 135.830501715342 138.810048500697 150.47699213028 158.981720606486 160.671095053355 160.666644573212 162.405014038086 162.648091713587 164.691398541133 165.229032437007 169.086098670959 174.085716406504 181.264976660411
5.82380220293999 0 0 0 0 0 0 0.844534020870924 9.89608652889729 30.1916574438413 42.7538653214773 48.4052797158559 44.0686643123627 33.6505422989527 31.8513736128807 47.252764304479 58.9871009190877 71.3484585285187 78.3158292373021 78.3403813838959 69.7691043217977 70.103923479716 67.7702178557714 68.4455633163452 70.4489648342133 68.9861377080282 71.3615715503693 79.160859187444 77.8787036736806 71.1057335138321 78.6320219437281 88.4461800257365 90.9436345100403 93.7539537747701 98.2480843861898 105.625043312709 109.646459420522 115.987539291382 121.847132841746 125.013589859009 130.298326412837 136.598239342372 144.224375486374 152.19725171725 151.674727598826 159.107148647308 158.199727535248 153.385986884435 151.823143164317 153.81908416748
12.7720745901267 0.573009989845256 0 0 0 0 0 0 1.13049879049261 15.84076633056 35.6898059447606 52.8681178887685 63.9431575934092 56.1914493640264 46.9274073839188 45.2430446942647 49.7044722239176 60.9662880500158 74.0596204996109 84.8466654618581 84.6253136793772 82.5587511062622 80.5363158384959 78.3826659123103 78.0422935883204 78.0719270308812 78.7040889263153 78.0339936415354 75.3938655058543 72.5656847159068 69.2032873630524 78.1416992346446 82.0831209421158 84.7490926583608 92.4866795539856 95.9168473879496 97.0483124256134 96.6664751370748 101.939102013906 103.818247715632 109.525233507156 117.389072974523 121.83556954066 129.000504811605 133.772611618042 140.155474344889 149.271865685781 154.251197973887 149.762312571208 143.322388331095
13.3521171907584 2.03243254994353 0 0 0 0 0 0.195939287853738 1.81175737331311 11.5028905371825 27.4268041054408 53.8406769434611 71.6927349567413 77.7669996023178 66.1784112453461 50.517275929451 43.6091224352519 46.3356673717499 58.9777777592341 79.1822820901871 90.7110273838043 89.0236496925354 90.9836987654368 86.859534184138 84.8124424616496 84.7271382808685 84.9187771479289 83.5197965304057 78.9207617441813 75.7338354984919 73.1565256913503 68.6844835678736 66.3209805885951 68.1324551502864 76.4333705107371 81.3935746749242 82.070658604304 78.8279275099436 82.9125245412191 85.8114361763 88.5387559731801 94.287892182668 97.6640582084656 101.426045099894 115.693549315135 122.040828069051 135.686457157135 144.661476214727 144.934544960658 140.763471523921
10.2485902607441 3.59664857387543 0.0093448355376798 0 0 0 0 1.29694243272146 3.43160672734181 9.06320909659068 19.30171251297 39.7847816348076 60.4149252176285 71.7637439568837 75.9579241275787 71.4984635512034 64.9220248063405 56.326558192571 49.9927302201589 58.845579624176 77.6448498169581 92.1777685483297 96.9355603059133 96.3492492834727 91.661274433136 90.8790032068888 94.313790400823 88.784913221995 91.7081435521444 88.7398322423299 80.2210072676341 66.0430788993835 62.6559108495712 56.0365517934163 51.4940122763316 54.3237874905268 58.1817924976349 60.8528157075246 66.2493109703064 73.4682778517405 76.7272313435872 79.4929961363475 81.7639430363973 82.419420282046 98.5320210456848 109.836131334305 119.08303697904 123.864005009333 133.027195930481 136.902312437693
7.49723985791206 4.37718629837036 0.527130362267295 0 0 0 0.504212842012445 3.75690994163354 10.4542064170043 14.2453399797281 18.8911780714989 29.8398012916247 47.7384428183238 65.3790136178335 77.7277549107869 85.8398775259654 85.9735409418742 78.4396827220917 64.1389191150665 52.9092848300934 60.5641702810923 83.3196143309275 91.4434194564819 97.1952478090922 97.9564388593038 100.078026453654 105.242311954498 103.557139635086 97.3461270332336 90.7922188440959 87.5370105107625 73.9173889160156 60.1408183574677 47.1858431895574 40.421466032664 43.7809924284617 39.3535892168681 47.1931348244349 50.2889851729075 59.7703705231349 59.6775909264882 63.5196616252263 62.9858672618866 67.826787630717 75.6184806426366 88.7956221898397 97.9668498039246 100.614388783773 105.785955985387 117.694348096848
8.23109907408555 9.6345841884613 8.80429272850355 0 0 1.01023400202394 4.03338546554248 7.21362605690956 17.1412999431292 25.5633021394412 32.290389140447 33.5349962115288 43.8094288110733 55.8504362901052 67.1614160140355 79.1697800159454 84.919810295105 87.2519910335541 83.9820305506388 71.9297726949056 58.5409502188365 68.4644480546315 79.3420374393463 88.9775852362315 99.9346971511841 106.678267319997 106.657723585765 103.648314873377 106.766164302826 95.9706604480743 84.1739376386007 71.7273155848185 64.4430816173553 49.380878607432 39.3007472157478 32.5016304850578 27.2720480958621 28.5894920428594 29.6811858812968 41.9343908627828 50.9443382422129 52.6233116785685 55.1381409168243 60.4265779256821 63.2387101650238 76.4863242705663 83.7962726751963 84.6816301345825 89.8041923840841 97.6809064547221
8.9127936710914 7.70394193629424 9.47283829251925 3.46774669984976 0.0711190999330332 5.01696206629276 5.59716547528903 7.8298058360815 9.42044953505198 26.6745314002037 32.1425944566727 31.4025680224101 34.7056711713473 41.1620413263639 51.1046995719274 63.9064113299052 72.9353825251261 79.6825488408407 85.0967268149058 86.3149464130402 79.9246629079183 68.6480750640233 72.3831355571747 80.9290409088135 92.7501618862152 101.024488608042 109.788447618484 108.443399270376 97.9623794555664 89.6849234898885 87.971031665802 73.1716950734456 58.0005198717117 42.1009957790375 33.5494826237361 23.2143153746923 16.8346663316091 14.2270773649216 14.9888706703981 23.7417047222455 29.4258991877238 35.5707953373591 46.67795697848 51.5418152014414 54.1695952415466 64.9788975715637 67.1304066975911 70.0287669897079 79.7842840353648 86.9531432787577
12.8213874995708 6.86667424937089 3.66180328031381 7.40779377520084 5.41158517201742 5.80292319258054 5.0470024968187 7.48058470586936 9.03610015908877 21.3957602779071 25.260403752327 27.2244835893313 27.1392613649368 30.0441483656565 36.2784514824549 47.5330750147502 58.2775374253591 64.7206952174505 75.6674855947495 89.3658399581909 96.9164868195852 87.2044463952382 86.3019824028015 88.1463785966237 92.2371546427409 93.6533510684967 95.610648393631 90.9668703873952 97.0328152179718 87.0840350786845 73.5731025536855 56.8088442087173 44.4423755009969 30.5999616781871 22.8463212649028 11.3933496177197 5.6258166829745 4.46698907762766 7.37983547151089 15.5985777576764 21.8475610017776 26.3551895817121 30.5451278885206 34.9264939626058 47.5330054759979 54.797833164533 59.2903743187586 66.2443041801453 70.7035859425863 73.4310249487559
31.5434187650681 20.7798245052497 10.3490899006526 16.6866903503736 15.8206708729267 5.32505971690019 7.51782953739166 10.834164917469 18.0608108639717 21.5905358393987 23.7790693839391 23.9459822575251 24.4868223865827 23.2815419634183 28.2667875289917 38.7103483080864 52.2987047831217 61.897337436676 69.5183426141739 83.4009746710459 91.6631420453389 103.859076897303 109.082639217377 108.575960000356 100.977857907613 92.7036106586456 89.4675453503927 82.8757584095001 81.4792563517888 68.9167678356171 60.4774653911591 39.7606939077377 25.2202103535334 11.8424085279306 0.167201777609686 0.226730965853979 0.248621411932011 0.252935220487416 0.230478995945305 6.45139130453269 5.31342128912608 8.76766939957937 21.3381697734197 21.6908107201258 30.7795430223147 41.1539350946744 50.5028416713079 59.7609877586365 61.7819875478745 63.194806377093
