input/barkrak2/radiation/dir35624.grid
NCOLS 85 
NROWS 70 
XLLCORNER 665100 
YLLCORNER 4664600 
CELLSIZE 20 
NODATA_value -9999 
[rows 23 to 45 of 70, columns 0 to 52 of 85]
56.8313846985499 47.0648904641469 18.7169114748637 3.54827505846818 0.0306228685076348 6.91873083511988 4.46542259305716 3.42562701553106 2.31494630376498 2.63581021378438 2.04217713326216 1.88723082343737 9.06251060465972 11.6118925313155 9.29984947045644 9.9332183599472 14.8946469028791 22.4143962065379 26.7795274655024 20.8198465406895 19.6758471429348 23.4720557928085 33.7623208761215 42.6120857397715 48.5740303993225 47.8884081045787 41.7448778947194 36.245067914327 16.3441474239031 7.64781609177589 4.22300243129333 0.669420852015416 0 0 0 0 0 0 0 0 0 0 0 0 0 0 0 0 0 0 0 0 0
56.7881713310877 52.9785255591075 32.9232811927795 7.57635322709878 0 2.44674738496542 3.81069319943587 3.89142706990242 3.84844435999791 3.19942800949017 2.77202762663364 1.85143932079275 3.88534180819988 9.69907517234484 9.17262211441994 8.99270797769229 13.0331988135974 20.6774907807509 25.6147136290868 19.4313004612923 18.1200640896956 15.5386030673981 21.458921333154 29.0062775214513 32.7493771910667 33.489815890789 30.4060826698939 27.4567753076553 12.4280924598376 3.6919970686237 1.46587161968152 0.752034053827325 0 0 0 0 0 0 0 0 0 0 0 0 0 0 0 0 0 0 0 0 0
45.2763785918554 49.0613679091136 42.2309239705404 15.9023304780324 0 6.32099620997906 13.729610790809 21.3159968455633 22.2714568177859 17.5909077127775 13.3888311684132 14.2739936709404 12.7712488174438 15.5043452978134 15.5911644299825 10.9607999523481 12.273296713829 18.5609521965186 25.2971177299817 27.260718246301 27.5579541921616 24.02513474226 21.3304782907168 20.9310601154963 23.4391863147418 25.2578904231389 21.6324081023534 21.5043798089027 13.4859383106232 9.79353860020638 7.38464978833993 9.32729057967663 5.29574354489644 0 0 0 0 0 0 0 0 0 0 0 0 0 0 0 0 0 0 0 0
44.0276811520259 48.5002895196279 46.154444416364 23.8796174526215 3.82499520977338 16.6256415347258 29.3031583229701 39.3056025107702 48.3682850996653 40.7679428656896 27.0658085743586 27.373989423116 24.0615680813789 25.2092629671097 25.3485242525737 16.1789320409298 14.2423423628012 20.7420562704404 27.4413774410884 36.5516468882561 37.7707754572233 35.6254527966181 28.1316116452217 22.6976623137792 23.040493329366 24.7432217001915 20.7740366458893 27.9023771484693 26.8208136161168 25.6984482208888 28.9560705423355 43.0289010206858 50.1808822154999 31.5502434968948 0 0 0 0 0 0 0 0 0 0 0 0 0 0 0 0 0 0 0
45.1532453298569 44.3602701028188 44.32612657547 29.1363274057706 23.9844222863515 34.4079385201136 49.8330493768056 56.5280417601267 54.8485269149145 48.4952429930369 35.7650791605314 29.6625445286433 26.1360332369804 27.7865876754125 29.7137573361397 24.5032285650571 19.6081474423409 23.974671959877 34.3706160783768 39.5306746164958 36.8812034527461 29.3623805046082 27.6868765552839 28.0597060918808 28.3319751421611 28.3002704381943 26.144636174043 35.344290236632 50.9927670160929 55.1407088836034 57.8893572092056 63.1974885861079 72.8883991638819 77.6189664999644 37.3063956697782 0 0 0 0 0 0 0 0 0 0 0 0 0 0 0 0 0 0
47.9155033826828 38.8549640774727 39.2093906799952 31.2930295864741 42.7262187004089 48.044095436732 52.7573923269908 51.6458104054133 44.5543030897776 36.4539623260498 31.1495338877042 26.0422453284264 24.8918433984121 28.7081797917684 30.7252332568169 30.9571648637454 26.2814462184906 23.1905629237493 30.8834463357925 34.1099227468173 31.705250342687 25.0844657421112 24.8275349537532 30.257411301136 32.293493549029 29.1792651017507 29.875988761584 35.1130813360214 56.5578043460846 68.5841391483943 73.7722863753637 76.5670289595922 83.8482081890106 86.9680841763814 75.5486736694972 14.9617170294126 0 0 0 0 0 0 0 0 0 0 0 0 0 0 0 0 0
49.1731812556585 34.7712983687719 34.6403047442436 35.247469941775 44.340968132019 47.7233727773031 41.98224345843 21.6241826613744 8.67795074979464 5.97872957587242 5.27208546797435 12.892059981823 23.9777291814486 29.9947435657183 30.7022084792455 34.4041436910629 31.2382653355598 21.4019964138667 22.5508386890093 25.7010335723559 24.8479495445887 25.0507121284803 25.1251210769018 29.9735565980275 34.8967189590136 31.8598002195358 33.90800456206 35.473736623923 50.6084064642588 70.7024832566579 81.6702544689178 84.6123099327087 86.9754751523336 88.9436701933543 94.3059424559275 76.1694759130478 10.4626653095086 0 0 0 0 0 0 0 0 0 0 0 0 0 0 0 0
48.6258566379547 48.8289246956507 65.2029514312744 91.1592741807302 73.7508684396744 53.62868309021 32.7278226613998 8.10999857882659 5.45284276207288 8.63950823744138 5.09392376989126 3.81153852989276 22.3270306984584 30.3051695227623 33.7178309758504 39.0575577815374 36.1868614951769 25.1849442720413 24.3843843539556 27.226651708285 24.3281349539757 27.6125594973564 29.2753477891286 31.049869954586 36.3275011380514 39.7531241178513 38.3407001694044 40.4977078239123 51.9442011912664 73.71786236763 88.1458123524984 89.6020829677582 86.9114299615224 93.1367675463359 103.751162687937 104.776908953985 79.7985792160034 30.1595032215118 0 0 0 0 0 0 0 0 0 0 0 0 0 0 0
58.5537850856781 86.8615508079529 130.478471517563 150.550663471222 131.447652975718 87.1809522310893 47.4152068297068 24.9729429682096 21.7284883062045 25.0790963570277 18.4606437881788 16.0856122771899 24.0153421958288 29.7035252054532 36.3455091913541 41.3296818733215 37.217969695727 32.0625156164169 26.8023361762365 27.5572786728541 27.5099029143651 30.5004293719927 32.6604718963305 32.6128552357356 36.2560873230298 46.556015809377 46.6910153627396 51.6459345817566 60.1103405157725 75.0299791495005 86.7796838283539 92.986931403478 94.5003430048625 99.1921325524648 103.639403978984 106.313824653625 99.6597011884054 79.175482193629 25.8196716507276 0 0 0 0 0 0 0 0 0 0 0 0 0 0
110.899835824966 145.037204027176 170.304616292318 172.986606756846 169.916351636251 147.00581630071 109.420855840047 77.4785131216049 58.6613714694977 48.8743235667547 43.7471568584442 36.0662614305814 26.2367452184359 27.2486309210459 35.5006381869316 40.7722269495328 36.0599483052889 36.9146913290024 27.3329888780912 25.7365976770719 29.3351337313652 30.8286796013514 31.3307469089826 31.5053040782611 35.3894159197807 46.8999445438385 52.745059132576 58.573991060257 66.616286834081 73.274756471316 83.216850956281 92.4206773440043 92.7947660287221 90.0864998499552 90.9392237663269 85.7781767845154 89.5099838574727 75.6631195545197 38.6054192980131 0.0365039692648376 0 0 0 0 0 0 0 0 0 0 0 0 0
162.159492572149 180.278420448303 186.06690565745 184.06879901886 185.847540696462 182.379921277364 161.655962467194 126.932551463445 92.7915970484416 68.2402849197388 70.4467197259267 64.3810828526815 41.9501960277557 32.4623932441076 33.0048725008965 36.8625844518344 31.392494837443 32.0400893688202 25.9667287270228 27.0668342709541 26.7185022433599 28.1244392196337 27.3683816194534 27.0640502373377 32.8210468093554 41.6492472092311 51.3711919387182 55.5772880713145 63.6875132719676 73.8375584284465 80.8873722950618 83.7532877922058 77.3037175337474 68.2063351074855 68.8852220773697 57.9513907432556 59.3528747558594 47.0225115617116 11.5159365038077 0 0.11015884228982 0 0 0 0 0 0 0 0 0 0 0 0
176.208237806956 185.145258903503 184.588889280955 187.163313229879 187.43630250295 186.159193515778 176.634748776754 149.990419546763 107.27662841479 82.3566913604736 81.0387233893077 78.8506368796031 61.6501967112223 42.2603289286296 34.3772619962692 34.4509929418564 29.0201380848885 26.43188337485 25.9133328994115 28.6220485965411 25.778333346049 25.3637060523033 26.1562764644623 27.2185752789179 31.0506969690323 36.5869651238124 44.8005944490433 46.1425135533015 54.1006277004878 68.9098536968231 76.2248188257217 74.1458237171173 70.2205797036489 64.2907818158468 57.3501537243525 47.6768265167872 51.2065639098485 48.9589720964432 31.7945629358292 3.5094420115153 0.803033355623484 0 0 0 0 0 0 0 0 0 0 0 0
168.827215830485 172.338664531708 169.230103492737 170.152246952057 171.735544999441 166.674713293711 160.317083199819 145.24041612943 111.582070589066 92.4637218316396 85.1395924886068 79.5066605011622 71.3688830534617 47.9814608891805 36.9143684705098 37.6421411832174 31.5497542421023 25.115504860878 28.3508275945981 29.4625461101532 28.6425699790319 26.2227952480316 28.838649392128 31.8637539943059 30.78942745924 35.1760586102804 39.0111754337947 39.1928280393283 45.7371522982915 61.7435276508331 69.7575261195501 68.9867089192073 71.8715985616048 72.6526727279027 57.5513591368993 52.6992579301198 55.7927240928014 62.3726894458135 56.9259921709696 22.3810796936353 0 0 0 0 0 0 0 0 0 0 0 0 0
143.729319175084 146.779795487722 149.246722459793 145.619581143061 145.262827475866 144.349733988444 148.8309999307 146.902859210968 122.011462847392 100.336402654648 87.9993339379628 71.2930212418238 63.4726931651433 43.6591257651647 33.1324934959412 37.8371874491374 39.0854875246684 29.3227657675743 31.4019024372101 34.5308904846509 34.4805369774501 31.360499560833 31.5406173467636 34.2355767885844 32.7055975794792 32.4899802605311 37.6037309567134 43.0472195148468 46.5410600105921 57.1559617916743 67.5071974595388 70.7277456919352 71.6826220353444 75.4672388235728 61.0280930995941 60.1183126370112 60.1389308770498 67.8148170312246 67.9291784763336 33.394401272138 0 0 0 0 0 0 0 0 0 0 0 0 0
120.706995328267 130.261033773422 141.05627934138 137.37016916275 136.460681756337 142.27623740832 151.87015136083 155.117938915888 140.571703513463 111.831138531367 89.6030763785044 63.1010284026464 48.1467346350352 37.1581564346949 30.0401027003924 33.2934310038885 42.8959826628367 36.2908119956652 34.0886116027832 36.8448967734973 37.3871078093847 34.5248132944107 32.7061389883359 34.1637084881465 34.8773077130318 34.4747056563695 36.6306627790133 44.1880871852239 47.458936770757 52.405724922816 62.2330009937286 71.6273883978526 73.1624265511831 68.5976843039195 58.4879517555237 66.9667224089305 68.4418380260468 72.9470501343409 74.8698612054189 51.2518833080928 0 0 0 0 0 0 0 0 0 0 0 0 0
85.8311851819356 96.8314905961355 104.928741852442 109.591106573741 117.205997308095 132.7838798364 146.401882171631 154.102583726247 151.369035243988 124.192496140798 91.8021996815999 60.84905564785 43.1024531523387 40.3503055373828 33.7232798337936 28.9886668324471 38.2240414619446 39.1707544525464 34.3921333551407 34.454345703125 34.8602260152499 32.9723507165909 30.9365764260292 32.1155339479446 35.2379282315572 38.0816583832105 37.6883670687675 41.7447338501612 46.0973531007767 46.6053634881973 54.9256950616837 68.2711998621623 71.9356834888458 60.0466926892598 61.0384792089462 74.390451113383 75.9621610244115 75.4805902640025 77.5111814339956 74.1282304128011 25.6439050038656 0 0 0 0 0 0 0 0 0 0 0 0
53.1780372063319 59.4919820626577 59.1553499301275 68.6900069316228 83.7876200675964 100.401918093363 114.498168230057 127.185453971227 128.826061884562 106.477955977122 73.251818617185 50.2403577168783 39.0667393803596 37.6202315092087 34.5372955004374 30.52685658137 35.2142776052157 35.3257531921069 30.2369644244512 30.7858511805534 33.4880501031876 36.2396687269211 36.0635320345561 32.4613600969315 32.0006931821505 34.7123220562935 39.5087525248528 41.7694946130117 45.3472981850306 45.3361123800278 46.9790647427241 58.6179842551549 65.4317339261373 62.0371699333191 77.074741323789 83.9808185895284 81.714520851771 75.3611971934636 80.5621246496836 94.0569043159485 82.7712714672089 31.8542594710986 0 0 0 0 0 0 0 0 0 0 0
43.0877904097239 44.7667340437571 44.8800226052602 46.9889690478643 55.242583155632 60.9620312849681 64.9511367082596 70.2322075764338 70.6961055596669 56.3628127177556 42.0639266570409 38.4574284156164 37.3456875483195 34.902182718118 34.0441217025121 34.2240482568741 33.6125691731771 33.1987986962001 29.6547363201777 30.3809990485509 34.3253289659818 38.9898344874382 40.5470455686251 37.2067963083585 34.4248165686925 33.2324951887131 41.243943075339 43.9104735851288 46.256015698115 46.1513747771581 46.3667412598928 51.5064795811971 59.8092675209045 68.072368701299 84.2418471972148 82.4567874272664 75.4196544488271 65.9541289011637 68.0822531382243 84.4773550828298 92.9605762163798 83.7209224700928 41.6375348965327 0.68886283164223 0 0 0 0 0 0 0 0 0
50.6740560134252 48.3886301517487 48.6125747362773 48.4362244606018 45.2339549859365 43.4343963861465 42.3766275246938 43.6389942963918 48.266331354777 40.9116273125013 34.2836628357569 35.6775571902593 38.6579583088557 38.7967626253764 38.143165409565 36.5989009539286 31.9361438353856 38.2072975238164 39.9734973907471 36.7338135838509 38.868710398674 39.8020595312119 38.2171794772148 40.5939817428589 42.1430617570877 37.7178639173508 42.1077658732732 45.106162627538 46.3687032461166 47.9893237352371 48.6560960610708 51.0576417048772 57.9062501589457 72.710116704305 78.7558009227117 73.8267401854197 64.6986911694209 55.4075787464778 51.698977748553 60.9851876894633 85.4576826095581 87.8928204377492 67.2155072291692 22.2395658493042 0 0 0 0 0 0 0 0 0
54.5894553263982 52.0421067873637 54.7826786835988 53.5082519054413 47.2415834665298 44.332429766655 42.3913896083832 40.2397861083349 40.5768503745397 37.4712099631627 35.9706481297811 36.2198228637377 39.6269112825394 42.8482989470164 42.5978849331538 39.8110200961431 37.2061332066854 41.9622808694839 44.7985976934433 39.7554238637288 38.3876090248426 36.195807158947 33.6862007776896 36.1128648122152 40.7297685742378 37.7709195017815 34.7245335578918 39.4337897499402 43.7497595945994 45.8850165208181 46.3670045137405 46.3344951470693 55.4316689570745 73.361873626709 77.8807401657104 64.5409176747004 55.7726323604584 52.0381977160772 50.6051729122798 56.5667400757472 64.3489907185237 66.8912430604299 55.0556431214015 28.8630177577337 0 0 0 0 0 0 0 0 0
40.2238443493843 42.7354276180267 50.7212827603022 48.4025180339813 50.7292101780574 53.0753284692764 52.415723601977 48.5499203205109 39.3662502368291 38.1420453389486 41.1995202302933 38.2513279716174 39.0100330114365 42.3425833384196 43.1609700123469 40.3631801406542 41.6865050792694 44.0606027841568 44.2973424990972 40.282316505909 36.2917855381966 33.5968857010206 31.7500780026118 32.8924432396889 35.8702689409256 38.9837548136711 34.5267727971077 36.3520979881287 41.2442634503047 42.7323778470357 41.4870331684748 39.5641798774401 48.2323666413625 61.8847111860911 65.8486088116964 57.8639904658 54.6437402566274 56.2629749377569 56.8400472402573 57.1660151084264 53.2764097054799 53.2767573992411 49.1533577442169 28.6658704280853 0.0946604025860627 0 0 0 0 0 0 0 0
38.808211684227 44.1939532756805 46.9838281472524 47.6526518662771 49.4136313597361 51.7417391141256 52.1846959988276 48.7053046623866 44.697567820549 41.4108683665593 43.034220735232 41.1860272288322 38.8194844126701 37.1292283137639 36.9031478961309 37.2485592961311 34.8413934310277 40.6205182274183 41.7517970005671 40.0792633493741 36.4659875631332 35.1362079381943 35.2322186032931 36.5009258190791 35.417802631855 43.4064666430155 45.5818126598994 42.6102181275686 41.7448083559672 40.9342000881831 37.1340314547221 35.1892759402593 40.1364962259928 43.4553523858388 49.5749413967133 52.8171310822169 56.5337836742401 61.0200067361196 60.7981930176417 54.5694132645925 53.0081192652384 50.454984108607 48.152153690656 32.9476321736972 6.17762530843417 0 0 0 0 0 0 0 0
44.5139358441035 48.8633463780085 46.2201784054438 49.3795375029246 48.0748116970062 48.2631077369054 49.7942368189494 48.6716876427333 50.0137160221736 46.0812499125799 45.3862547874451 44.9567536513011 41.3964663942655 36.9820247093836 36.2374583880107 39.9350846807162 35.4181528091431 38.4907126426697 41.8069610993067 40.6802371144295 38.2438848416011 37.6398637890816 37.7099066972733 39.6598627169927 41.6982720295588 43.0350005626678 48.0314195156097 45.5416192611059 43.2494978109996 41.8855051199595 38.6564458409945 35.8405361572901 37.9846493403117 36.8245566884677 38.0618299047152 41.4662013451258 46.7515389124552 54.6579758326213 54.4296205043793 44.9177324771881 46.5548584858576 43.5832540194193 44.0520942211151 41.1348789930344 26.0588377714157 2.50243612875541 0 0 0 0 0 0 0
