input/barkrak2/radiation/dir31824.grid
NCOLS 85 
NROWS 70 
XLLCORNER 665100 
YLLCORNER 4664600 
CELLSIZE 20 
NODATA_value -9999 
[rows 22 to 43 of 70, columns 0 to 50 of 85]
49.4678417841593 43.1250035762787 22.0263004302979 15.4803022742271 12.386042624712 4.84773082037767 10.9217936793963 7.35214228431384 6.33088623483976 4.40173006306092 13.4938731789589 14.1024192174276 16.4574471612771 16.688438753287 17.9041959345341 22.3471373319626 30.56683888038 40.5038471023242 46.3360746701558 48.4686692555745 52.5888055562973 67.4900909264882 78.2149334748586 82.8190545241038 82.9939295848211 80.1240056753159 70.9939002990723 68.5336738824844 62.2295786937078 41.769802570343 22.9601934552193 10.196540504694 0.109717637921373 0 0 0 0 0 0 0 0 0 0 0 8.29060065249602 11.2090470890204 14.9232919017474 14.9988432725271 16.6069865226746 19.2543628315131 18.7483231226603
81.7288309335709 70.9921518961589 37.970706820488 20.5761094888051 15.8285610377789 20.3790999948978 20.7041303316752 8.39707255363464 5.53000407914321 5.10820994774501 15.9785250822703 17.2551510234674 20.0707241892815 26.639257868131 23.2300360997518 23.0616976817449 30.202994743983 38.6332670847575 43.9190020163854 37.787934144338 36.6828963160515 40.0969833135605 52.3027280966441 63.5113815466563 70.4064915577571 69.6794589360555 65.9790138403575 54.4698635737101 35.1622775197029 16.3142705957095 11.9791651765505 4.65945558001598 0 0 0 0 0 0 0 0 0 0 0 3.37560040255388 5.77632710337639 7.90553291638692 7.86037370562553 10.7157814006011 14.0675231814384 15.4219679534435 16.9149562716484
81.1952104171117 77.0853906869888 54.8665920893351 25.4028290510178 9.86012940605482 19.7295943895976 19.5745589832465 17.9613108436267 13.7354445954164 5.79581347604593 5.22469046215216 15.6219278772672 18.2189866900444 23.8498697678248 22.9499364892642 22.655280927817 27.5495077172915 36.4267826080322 43.6183611551921 36.9776238997777 34.5982188979785 32.2387740015984 40.1647960146268 47.5798497597376 52.6727934678396 53.7160734335581 51.5958468119303 45.8397020896276 22.5444436073303 11.0331426064173 6.52166580160459 4.77000915755828 3.08743401215376e-07 0 0 0 0 0 0 0 0 0 0 7.93867682417234 4.42932484050592 2.53190969427427 4.06322566171487 6.9781852265199 8.60460971792539 8.91856849193573 10.2852595349153
67.9608682791392 72.4714696407318 65.4803117116292 35.0042705734571 9.65022419889768 19.668052593867 26.0054990649223 33.6622521281242 33.7844366828601 27.4051576852798 21.1808358629545 24.9703625837962 24.774506688118 30.3624322017034 29.5156588157018 25.3358483314514 26.7443507909775 36.0593646764755 42.4098918835322 45.0091610352198 46.0010170936584 41.9436395168304 38.9362697800001 38.819486896197 42.5599714120229 44.3106194337209 40.9492130080859 41.1201839645704 23.9977091550827 19.7338586052259 16.5782819191615 20.6870337327321 14.890036235253 0 0 0 0 0 0 0 0 0 0 5.56567187110583 0 0 0 1.50828047965964 1.4366670511663 2.47038730109731 2.16419296339154
66.6513741016388 71.8313157558441 69.6875800689061 44.3833967049917 21.7238614956538 32.5015510121981 46.0752348105113 55.9628705183665 61.2476170063019 54.670125246048 37.6741016904513 40.299321214358 37.8306309382121 41.9958134492238 40.345939497153 31.6711068153381 29.3990621964137 38.4621272484461 45.9627856810888 55.6327005227407 57.0741842190425 53.9465546607971 46.329528093338 41.7040288448334 42.0559098323186 43.9901798963547 40.0229369600614 46.9708492358526 43.8420573870341 42.2422836224238 47.2550044457118 64.8792336384455 73.2028235991796 52.5372872749964 0 0 0 0 0 0 0 0 5.82752066353957 0 0 0 0 0 0 1.10439048148692 1.08311177852253
68.1767861048381 67.0539538065592 67.2163814306259 50.3551959991455 47.5279440482458 54.2283803224564 67.0426040887833 72.3150471846263 72.975014646848 66.2669390439987 48.2409646113714 43.7012016773224 42.862077554067 41.9415980577469 44.2086656888326 41.2637243668238 36.1370444297791 42.6204452912013 53.2759577035904 59.6578220526377 56.9554517666499 48.4937379757563 46.2583502133687 47.6017644008001 48.1659422318141 48.2139736413956 46.3996132214864 56.4805368582408 72.8999922672908 77.393040060997 81.9780727227529 89.3741250038147 100.002944469452 107.142011324565 62.1351798375448 0.325927278026938 0 0 0 0 0 4.00201262285312 5.89047061900298 0 0 0 0 0 0 0 0
71.138471364975 60.3630791107813 60.9930157661438 53.3231993516286 67.4318075180054 66.8348968029022 69.3121353785197 64.4640574852626 60.0769718488057 49.848884344101 42.5183176994324 37.7349779009819 39.3089974919955 44.2627122004827 46.1631218592326 49.5049953460693 44.3583329518636 40.5624980727831 51.0668655236562 53.5958061615626 51.0537127653758 44.9105451504389 44.7565863529841 50.5061050256093 53.0924995740255 50.1883129278819 50.8712033430735 57.0880224307378 79.8407097657522 93.0801232655843 101.076990365982 105.772733688354 114.435901244481 117.004096508026 107.143978277842 35.2727249264717 0 0 0 0 0 2.2100480273366 0 0 0 0 0 0 0 0 0
72.1243321895599 55.1889191071192 55.5227895577749 58.6273570855459 68.2648668686549 66.3514931996663 55.8822800715764 41.1446169018745 32.4819187323252 25.0529050827026 25.9978920221329 29.8623889684677 35.5313867330551 44.6654856204987 47.8116571903229 54.9991180499395 49.8972733815511 37.9939948519071 42.2597378492355 44.6644524733225 43.8051223754883 44.812207420667 44.6922977765401 50.3325363000234 55.6944857041041 53.2595713933309 55.3522755702337 57.5613876183828 73.6122131347656 96.3378250598907 110.706100861231 116.839597622554 118.841290473938 121.0049589475 127.54346927007 108.599692583084 29.1470984617869 0 0 0 0 0 0 0 0 0 0 0 0 0 0
70.8291629950206 71.6396967569987 91.5942788124084 121.922791004181 98.8070666790009 72.1268355846405 46.4084893465042 25.3396530946096 9.46252420544624 20.9987709919612 19.0476154287656 9.28735733032227 34.5665613810221 44.8802361885707 54.3412218491236 57.3621292908986 55.5512656768163 42.9028918345769 43.3262139558792 46.4176634947459 44.2421734333038 47.7584898471832 49.4840244452159 51.7594913641612 58.4080268939336 62.3680303494136 60.4962209860484 63.3616248766581 75.8056243260701 100.915332635244 118.746936321259 121.737996737162 119.397739569346 126.808027426402 137.50613729159 140.84604382515 113.939752181371 54.4810344775518 4.59762414296468 0 0 0 0 0 0 0 0 0 0 0 0
82.9868018627167 115.370015303294 162.483582894007 182.767450809479 161.857654651006 110.549171765645 64.9846891562144 37.4520023663839 32.8142692645391 37.3763516545296 29.578631122907 25.223749379317 35.2988243103027 44.4901039203008 56.4498752355576 61.4341994126638 58.3555946747462 52.1531800429026 45.7580784956614 47.0846792062124 47.528530160586 50.1441657543182 52.487646540006 54.0736416975657 58.8087687889735 69.9819574753443 69.8834160963694 76.1122008164724 85.2162341276805 101.525813341141 118.006547292074 125.574658314387 127.463231484095 133.294453223546 138.756533463796 140.583495299021 133.343249559402 114.968528350194 51.1400997638702 3.11332195997238 0 0 0 0 0 0 0 0 0 0 0
141.355494658152 176.806549231211 202.016274134318 203.123927116394 201.065500577291 173.522492249807 133.294920126597 96.4219768842061 74.2207467556 64.0359421571096 58.6652507384618 48.364112774531 37.7007052302361 41.7382915814718 56.85922006766 62.5946819782257 56.5088738997777 57.1387509504954 47.725111246109 45.9929307301839 49.195537964503 50.3865778446198 52.0789126555125 52.8282076120377 57.189683119456 70.1469679673513 76.7339070638021 83.979477485021 92.6957627137502 100.729723771413 112.212826808294 125.549813111623 127.429862817128 122.961749633153 124.280860026677 118.592282136281 120.982199907303 108.427842458089 60.0237846374512 14.4439625243346 0.417457078583539 0.708118546754122 0 0 0 0 0 0 0 0 0
193.903207778931 210.158864657084 215.062220891317 212.539970874786 215.164721012115 209.455788135529 188.31479549408 146.524081627528 109.313954909643 87.5612795352936 87.829331556956 76.58584912618 56.2580873568853 48.5599587361018 54.9788723389308 57.9709460337957 51.8296211957932 53.0826797087987 46.54394586881 47.3399559656779 45.5296883980433 47.6085841655731 47.0112810532252 47.5628674030304 53.9366900920868 64.0262911717097 74.8070478439331 79.7325273354848 88.7359976768494 100.671281417211 111.254155635834 114.455054203669 107.339253028234 96.5676705042521 98.7591544787089 84.3044817447662 85.1207574208577 70.5768416325251 36.6573681433996 4.3106023222208 8.32014344632626 6.41964686413606 0 0 0 0 0 0 0 0 0
208.463132381439 215.184171994527 214.649339516958 216.800431410472 216.284990310669 213.583389918009 205.77069123586 174.480736255646 127.015540997187 101.853261391322 102.161894241969 93.8743849595388 80.6624641021093 60.9795103470484 54.6667277812958 56.795080502828 50.3497223059336 46.2831358114878 46.2044179439545 49.0258932113647 44.6499635775884 44.5488542318344 45.8557705084483 47.1569200356801 51.1456628640493 58.909664551417 68.2856887578964 69.1792666912079 78.1084994475047 94.2881504694621 103.422741095225 101.926783720652 98.1385906537374 91.5257732073466 83.9801132678986 70.9900707006454 74.9440044164658 72.1692939599355 52.8188645839691 19.8540613055229 18.0121697485447 18.7486869593461 0 0 0 0 0 0 0 0 0
201.922317345937 206.275224685669 201.936304569244 204.027930895487 202.853282292684 196.839570999146 191.792011260986 175.341804822286 136.183549960454 112.593432267507 107.090950012207 102.277994155884 92.3073589801788 68.3160225550334 57.6745917399724 60.7088307539622 53.5236597061157 45.8022356033325 49.4928111632665 50.667534271876 48.7504104773204 45.1199958721797 48.9568710327148 52.9781132936478 51.6163607438405 56.5581470727921 61.1277172962824 61.8470857540766 68.6912635962168 87.4045590559642 96.2268809477488 95.035841067632 98.7005829811096 101.138810316722 83.4246675173442 77.2184431552887 81.3392649094264 88.1865620613098 82.8188161055247 45.6061313549678 15.783133606116 0 0 0 0 0 0 0 0 0 0
178.134878476461 181.092818578084 182.539820671082 179.844776789347 179.232895374298 177.140712738037 180.728753407796 177.921017011007 147.634426752726 120.406140883764 107.675969600677 97.1789757410685 87.4093274275462 66.4847642183304 54.9374669790268 60.2274189392726 61.8275751670202 49.9929189682007 52.849347392718 55.773064494133 55.2978614966075 50.8594214916229 51.8853565057119 55.1041762034098 53.2261033852895 53.4826417764028 59.5343410968781 65.6485458215078 69.4206158320109 81.1533629894257 93.7538345654805 98.1301367282867 98.6875394980113 104.382375876109 86.8067642052968 86.8009924888611 87.0595773061116 95.3004658222198 95.3197379906972 54.7172079483668 2.86439744134744 0 0 0 0 0 0 0 0 0 0
154.315253098806 163.50656747818 175.354639689128 171.402553717295 170.321126778921 175.999701023102 185.845037301381 187.624096870422 170.201420783997 135.917643706004 112.313330173492 87.3446861902873 71.6108481089274 60.8480175336202 51.8872638543447 55.5547376473745 66.407119234403 58.3229412635167 55.2227000395457 58.1023693084717 58.5150420665741 55.4547806580861 52.7299890915553 55.2083303531011 56.6172202428182 56.0132712125778 58.2156578699748 66.7923192183177 71.2870508432388 75.9461571772893 86.6851607958476 98.133385181427 100.561420122782 94.5706367492676 83.2768132289251 95.3516562779744 97.9721446832021 102.057894070943 102.75587439537 76.6535351673762 0 0 0 0 0 0 0 0 0 0 0
116.972019275029 128.846069176992 137.404342492421 141.712854305903 150.316059589386 166.598826646805 180.449287096659 187.969386577606 183.834095795949 152.688135703405 120.746622482936 87.8122051556905 68.4294998645782 64.7090723117193 56.7941466967265 50.7950981458028 61.8768433729808 62.5610699256261 56.4983735481898 56.2263627847036 56.7895968755086 54.0001144011815 50.881693760554 52.8704176346461 56.2293231487274 60.0008467833201 59.6346358458201 64.8250132799149 68.745548526446 70.9515313307444 79.5460840066274 94.4820046424866 97.9369084040324 83.7858815987905 87.0336492856344 105.383296807607 107.962091763814 105.501463015874 107.018599907557 102.837234735489 46.8834588925044 0 0 0 0 0 0 0 0 0 0
80.7966689268748 87.7528886000315 87.3941481113434 98.0758368968964 114.048798878988 132.384926080704 148.244649171829 160.451541344325 161.267946163813 136.712551116943 102.348536252975 76.8542538086573 63.5834286610285 62.332754333814 58.5765490929286 53.2796631256739 57.8199326992035 58.1783006588618 51.5661140282949 51.5307933092117 54.64701851209 57.6567699511846 56.5197964509328 53.2581259806951 53.3386220534643 55.653636654218 61.1065129439036 64.1716370979945 68.8082228104274 67.6033794879913 71.2853521108627 83.624134461085 90.5409057935079 86.6122444470723 104.835738738378 117.690771818161 114.536931117376 105.760455131531 110.671142737071 125.177164872487 116.142610708872 55.1255643367767 2.30177243550619 0 0 0 0 0 0 0 0
69.8458850383759 71.7967996994654 71.6849019130071 73.9010274410248 83.1741193930308 89.7821485996246 93.6896602312724 99.2725392182668 100.164830684662 83.9346746603648 67.7736103534698 63.2656514644623 62.3430510361989 59.3446890513102 57.6329479614894 58.6825311183929 57.2791397571564 56.6632548967997 52.1355470021566 51.7755399147669 56.0431579748789 61.2818499406179 62.4771614869436 58.3193401495616 56.1913003524145 54.6614726384481 63.6843840281169 65.8153593540192 69.0724054972331 69.5701936880748 68.6178356409073 76.3979206482569 84.3021969000499 93.2823618253072 111.904084682465 111.601521571477 106.734444697698 96.3973204294841 98.2071260611216 114.166925350825 125.996351242065 119.084676106771 65.9635712703069 7.93264620006084 0 0 0 0 0 0 0
78.1184583902359 75.7421801487605 75.7464071114858 75.4445493221283 72.04569876194 70.1779772837957 68.6638653278351 70.1037396987279 75.1094669103622 66.7068461577098 59.2614561319351 60.5884989102682 63.7419124444326 63.8538102308909 63.0066941181819 60.9164337317149 55.4501513640086 62.8818372885386 64.0318443377813 59.8051647345225 60.9926382700602 61.5639587243398 60.0317219893138 61.9464466969172 64.1248524188995 58.626264333725 64.5385185877482 68.0307149887085 69.1582262516022 70.8019584417343 72.2646067539851 74.8681326707204 82.3531250158946 99.9964475631714 107.439309358597 101.475119590759 91.8286840120951 81.6010882457097 78.4920156002045 89.3377164999644 116.595834493637 122.10335334142 97.9040861129761 42.00812180837 1.35834561660886 0 0 0 0 0 0
82.8194916248322 79.8097153504689 82.7745844920476 81.1646233002345 74.3686854839325 70.9262440601985 68.7156120936076 66.1551058292389 66.6539520025253 63.0036592483521 61.2088739871979 61.3395472367605 65.0160561005275 68.5544411341349 68.1233952442805 64.7878150145213 61.5905374288559 67.7407731612523 70.1153427362442 64.0090505282084 61.4916781584422 59.1680159171422 55.8148721853892 56.8187832832336 61.933288971583 59.103935956955 55.3104331096013 61.6736263036728 66.4618412653605 68.3982521295547 69.6363598108292 70.3636954228083 79.631303747495 99.839707215627 106.40095671018 91.4196670055389 80.2050431569417 77.7381410201391 77.2819270690282 84.9048594633738 93.3694839477539 96.3045159975688 83.6779077847799 49.9032735824585 3.54610569775105 0 0 0 0 0 0
66.8865342934926 69.5970853169759 78.289270401001 75.560266772906 78.2108803590139 80.7534456253052 79.6926667292913 75.5033791065216 65.2222434679667 63.6433213949203 67.2376851240794 63.661923011144 64.166913429896 68.499634663264 68.8951909542084 66.1231378714244 67.4500862757365 69.3867703278859 70.5288648605347 64.7641072670619 59.3044459819794 56.3765267531077 54.1607787211736 53.9730389912923 56.5944612026215 60.9994729359945 55.5399755636851 58.0386420090993 62.9230737686157 65.0796343882879 63.3897930383682 61.0036104917526 72.3809401194255 85.8416259288788 92.3254390557607 82.0754220088323 78.1232217947642 83.8444828987122 84.9711795647939 85.7122143109639 81.707701086998 80.3573777278264 74.1662879784902 49.3771284818649 6.34842179715633 0 0 0 0 0 0
