input/barkrak2/radiation/dir30224.grid
NCOLS 85 
NROWS 70 
XLLCORNER 665100 
YLLCORNER 4664600 
CELLSIZE 20 
NODATA_value -9999 
[rows 0 to 21 of 70, columns 0 to 48 of 85]
121.123572190602999 135.006924470266 151.942670345306 172.909220059713 183.827122052511 186.290204524994 187.557677427928 185.100972652435 183.732509613037 187.346398830414 188.52965037028 185.646235942841 181.778013706207 182.58676926295 183.452208836873 170.310874780019 155.538747708003 144.463777542114 143.026034037272 138.766497373581 140.228460232417 159.635782241821 184.672772884369 190.374672412872 194.325725237528 205.882867177327 204.309225082397 192.916353543599 180.81130584081 180.876731872559 176.26957098643 199.246525764465 243.806719779968 242.138902346293 238.728940486908 226.146201292674 231.121381123861 243.712862332662 241.164783636729 240.632792313894 231.529335180918 239.011387030284 246.06329202652 239.201029141744 227.353970209757 233.956634998322 236.209571361542 204.588274161021 139.670004447301
98.3096857865651 114.180455605189 130.013604958852 147.473037242889 163.216372330983 171.832263469696 177.10135380427 182.715038458506 192.796945571899 193.934639294942 191.594501336416 187.217513720194 182.977815469106 183.400770028432 183.39200814565 170.501907666524 162.472565968831 153.10592452685 149.233480294546 143.44197511673 153.944462537766 179.070293903351 198.398073514303 199.442247549693 205.016771952311 211.105604966482 206.462264060974 195.811410744985 185.633818308512 182.962656021118 183.713475863139 213.340799013774 245.101412137349 243.006845315297 238.54394753774 229.003012180328 235.033710797628 245.134294033051 238.689740498861 238.777160644531 233.934680620829 236.056764920553 231.858690579732 223.458270231883 218.710879484812 231.917341550191 228.924115498861 189.627667268117 148.289223512014
64.3446346124013 74.1917788982391 85.5061809221904 96.5919196605682 110.867907603582 125.04905462265 139.191816250483 158.788015445073 173.192322254181 176.350235939026 183.036148548126 187.658091386159 192.321181297302 194.941222667694 196.020086606344 197.446386019389 194.983263810476 183.550079663595 165.225366751353 157.170802354813 169.619421164195 187.443097432454 198.866367340088 201.70533657074 204.867740472158 204.397400220235 200.557669003805 195.364415645599 189.657926559448 192.142307758331 203.149596850077 229.801853497823 247.573335965474 244.097034136454 237.7942999204 234.541972478231 241.870681444804 247.110585371653 241.481363773346 235.963523387909 229.678372542063 219.891766707102 206.583042939504 200.649817784627 208.669940630595 225.844482580821 216.802696386973 180.320938428243 167.910953362783
49.3833174308141 49.373467763265 55.6627611319224 60.4603240887324 66.1935905615489 75.1662651697795 85.43727795283 102.699557940165 122.932811578115 141.565402348836 159.247954686483 178.723772366842 192.632079124451 196.778853734334 200.786650180817 207.815210024516 204.688568909963 193.3221022288 174.853384494781 167.152007420858 167.935053507487 168.903748194377 181.061307589213 190.860470136007 192.271053791046 192.654887835185 194.146374861399 194.311658541361 195.761541525523 201.366027196248 207.221309343974 232.445498307546 243.415991465251 242.197732130686 238.907774289449 239.934166272481 241.689562797546 242.646237214406 236.127773920695 223.676939805349 216.002802054087 203.906416893005 200.357298056285 212.778170903524 226.348916689555 220.437109470367 200.943052768707 176.675160725911 178.062836329142
68.180188536644 52.9262522856394 42.4703856309255 34.4849700729052 35.8992293477058 49.6235440174739 72.1518049637477 83.4848880767822 93.6694939931234 101.732244094213 125.234504540761 149.805655082067 164.708405733109 172.506292661031 183.354735374451 190.077086289724 187.167445818583 180.505235989889 173.088431358337 167.759259541829 163.178076346715 161.957363287608 172.240078449249 181.650598843892 185.933391253153 192.21309820811 193.824092547099 194.375693798065 195.315460364024 196.345647176107 204.127669334412 230.279246966044 231.197873751322 230.584104855855 229.402780532837 231.08031352361 233.790755271912 231.188476085663 218.943516413371 208.79602432251 207.56987730662 206.196963787079 212.699631849925 223.73366355896 225.719114144643 201.988776524862 172.485788663228 165.34811258316 172.207454840342
102.611005306244 82.5994561115901 57.3091407616933 37.0326588551203 29.7045658032099 38.3331105113029 58.9147557814916 79.1749705870946 85.4154129823049 83.9558144410451 92.9035941759745 105.836123228073 115.766664346059 122.404495875041 132.635643084844 143.012940883636 151.187499364217 161.631643772125 169.547935326894 173.650900522868 174.251178900401 174.935281276703 172.802567481995 175.469597180684 181.513031323751 187.559882799784 191.188931465149 194.674611091614 197.884460290273 199.981311957041 212.414761384328 226.627628008525 221.602876981099 222.213268280029 222.339649995168 221.424261728923 219.248652458191 214.479605356852 208.962738513947 210.534632205963 209.983348846436 207.886675993601 210.158924261729 213.906864325205 205.507814884186 171.160082022349 143.592576185862 152.989069620768 172.903537750244
108.339677254359 100.931902726491 81.2301784753799 61.7667039235433 42.9979960123698 33.2265247901281 38.2053007682165 58.5813422997793 75.523853302002 84.6255819002787 82.1717480818431 79.2604138453801 80.485612154007 77.535480260849 79.1455209255219 91.7853713035583 105.918437242508 127.430429061254 156.24671181043 171.468675136566 179.629504680634 183.962722619375 179.283102353414 175.384104251862 178.823272387187 180.877089500427 185.541828473409 190.675934155782 194.385727246602 201.301137606303 213.256140549978 218.062400817871 209.67028538386 203.276654084524 203.636785348256 205.465694268545 206.884324550629 201.868951320648 197.785397370656 193.248867988586 189.194699128469 189.387579758962 197.390456994375 205.710252126058 198.266724745433 188.218494256337 198.696871598562 208.113014698029 220.671951770782
110.629876454671 107.743193705877 103.089114030202 87.2406363487244 69.7948435942332 45.6979622443517 28.7599513928096 24.5107958714167 44.5956687132517 70.1383650302887 85.0553413232168 81.1516692241033 71.8029588460922 64.3251885970434 54.2688816785812 56.2037626902262 64.6161139011383 80.9476921955744 102.710862954458 121.325890223185 142.392635345459 156.50952855746 169.628361860911 167.426506678263 167.515496412913 168.614983558655 170.710802078247 175.846656163534 182.124098141988 192.024250825246 202.257335186005 204.838633537292 196.180462837219 190.490146478017 186.399439970652 186.306039492289 192.063212394714 191.323558489482 187.48672803243 170.016765594482 167.114694913228 177.231669425964 197.649836540222 211.270372072856 211.394190788269 214.606940746307 223.859270413717 226.13529364268 232.468485832214
94.8521892229716 91.3751820723216 98.2324580351512 97.3489284515381 84.9718451499939 65.8723910649617 42.3886428276698 23.0017999807994 31.4474006493886 43.0817753076553 56.9833169380824 66.3323948780696 70.7473655541738 67.4312363068263 60.8730812867483 55.2999476591746 55.4115027189255 60.3642165660858 72.3262776931127 86.1110587914785 102.404644091924 117.006083329519 137.535651524862 138.306458791097 145.802865425746 147.668858369191 149.522403875987 153.647442658742 158.215979735057 169.119934240977 175.926784674327 177.558302879333 175.283412138621 174.358189105988 175.836185614268 178.412119547526 180.061956246694 182.063718636831 181.850473086039 175.427953402201 183.683812618256 195.384462674459 204.472661018372 208.885371685028 207.679629325867 204.515059789022 207.546949386597 218.795776367188 228.101789951324
73.0852286020915 72.2064425547918 69.7507162888845 74.9643544356028 77.4199565251668 73.4874953826268 61.9002928336461 47.1994429826736 30.7250966628393 24.0071366230647 28.8925791780154 43.8380887111028 58.3636512358983 67.419687906901 72.6833989222844 69.89652911822 62.789519627889 61.8879695733388 62.6517236232758 65.286452571551 72.9232927163442 80.7571709156036 91.5765364964803 103.752285242081 118.358731269836 124.158789714177 126.30092104276 129.572778940201 135.509332021077 144.664237896601 145.796477794647 148.956696192423 154.784391323725 159.888794024785 165.239572525024 168.963750203451 168.325483798981 174.511313438416 178.865810235341 186.801592508952 199.475069840749 207.210183143616 209.320267041524 207.525551319122 201.745867729187 200.655897458394 215.039730072021 224.592725435893 225.250045458476
38.9006286859512 36.7806752522786 39.3150796492895 39.7111425797145 50.828273097674 61.7296646038691 62.6977533102036 55.7907124360402 41.1486774682999 28.7190129359563 25.1721441745758 30.1712776223818 44.9980845053991 60.4420602321625 70.5552001794179 67.8513596455256 66.1124835411708 64.7002955277761 61.9117915630341 57.3634405930837 59.5198671023051 60.2252433697383 64.941351612409 77.7497788270314 91.3295050462087 105.75258731842 109.369357426961 111.55973871549 119.628498951594 125.781615575155 130.086531241735 134.423593680064 144.066095352173 147.857139507929 149.154444535573 153.536587953568 159.795383612315 165.249188741048 175.093213717143 193.264762560527 201.054950555166 201.98514064153 200.858314832052 201.198180516561 200.054864088694 205.078403155009 212.685604890188 217.024048169454 221.554040908813
15.1279990871747 12.9071995615959 10.6463991105556 14.2140164971352 6.14700031777223 9.68690092364947 22.5365807612737 29.4167747100194 41.0746385653814 39.872353275617 32.3543796936671 27.010569969813 30.1547398169835 41.2886738777161 53.8338373104731 59.0886026620865 69.0628985563914 70.1793680588404 63.7726585070292 57.699312766393 55.1285743713379 53.9113879203796 56.1553339163462 63.227504491806 71.9785044590632 79.1764010985692 85.0570996602376 93.6031738917033 101.326366265615 107.121119896571 112.855285406113 118.405958016713 124.559889237086 126.833289861679 129.637589057287 133.935829003652 145.765175422033 157.002101341883 165.307094653447 183.201233545939 190.689980983734 190.340181191762 186.950067679087 183.769782384237 184.685746828715 186.608533064524 193.778614203135 201.253116130829 205.274820327759
8.91399073104064 3.46789384881655 1.24406566222509 0 0 0.0225019636369931 0.739437372734149 17.6726641754309 34.8993465304375 42.3272599776586 42.1092013518016 36.2562090158463 25.4290749629339 25.7151251037916 36.3607332110405 54.6080321073532 68.4278309345245 73.9213228225708 70.9316184123357 67.0122702916463 61.7177238066991 62.9943509896596 63.7559443712234 65.4269804557164 68.1385199228923 68.99127860864 72.9623635609945 81.8209896485011 90.89195728302 93.1860407193502 99.0488330523173 104.696263869603 104.288240273794 106.895993153254 111.836383740107 116.739372412364 127.298126618067 141.129205624262 145.755738019943 157.512883345286 166.042407353719 167.743583520254 167.669415473938 169.036448001862 169.474720954895 171.427488327026 172.131657600403 178.122480710348 185.205221176147
8.68165865540504 0 0 0 0 0 0 1.4376527008911 18.9553995927175 32.7324643731117 47.5133756796519 51.5110443035761 47.4885205427806 36.3416721423467 35.302127401034 51.0194500287374 62.9248519738515 75.4608313242594 83.2697401444117 83.2797288894653 75.5238632361094 73.5604614019394 72.1918592850367 74.1045574347178 75.2468258142471 74.6206194162369 76.0552336772283 82.6077361901601 83.4064483642578 84.3326350053151 92.0094052950541 97.603311141332 98.3999967575073 99.2582241694133 104.475110769272 110.201179981232 115.621387958527 122.020582358042 127.940803766251 131.683756907781 137.992252906164 143.438130617142 150.721808274587 159.171213706334 158.133089542389 165.658473968506 165.042926867803 160.216599702835 158.751279115677
15.2118541300297 1.4063681786259 0 0 0 0 0 0 1.825585650901 19.0842213730017 38.5806759198507 64.8616900046666 73.0139712492625 61.6256843010584 50.766795873642 50.1122325658798 53.677757581075 65.1108920574188 78.3332337935766 89.2600119113922 90.8786058425903 85.9963794549306 86.6135458151499 84.378590186437 82.9562892516454 82.7594747145971 82.4165244897207 81.6211551427841 82.7126105626424 76.9554376602173 81.9191386302312 94.4929520289103 94.9329535166423 95.0572292009989 98.0535050233205 102.120806773504 102.849056323369 101.677715778351 107.75817433993 109.697918097178 115.507632493973 123.592336972555 129.674047231674 135.397483905156 140.089968840281 146.587530771891 156.057059764862 161.112974087397 156.690468390783
15.6829282641411 2.96555645763874 0 0 0 0 0 0.785018550232053 2.65436433255672 13.3007491628329 30.3882832328479 57.4097086985906 74.067344268163 79.4425259033839 70.1973537604014 54.4507006804148 48.3916997909546 50.3019591172536 63.3673469225566 83.7013721466064 97.1719821294149 93.6673084894816 97.3923603693644 93.1127270062764 88.4881317615509 89.5566741625468 91.0962422688802 87.0014727115631 83.5852026939392 84.6011737982432 78.6413749059041 75.5527168512344 87.7887109915415 85.2202574412028 91.2556250890096 91.1619861920675 87.9550973574321 84.3067169189453 88.7640118598938 90.4486378033956 94.5172905921936 100.136359532674 103.814919789632 107.382824023565 122.042814890544 128.464082876841 140.746702750524 151.481807231903 151.759465535482
12.2194414337476 4.70232032239437 0.0691779277985916 0 0 0 0 1.89526037623485 5.72030246257782 12.0387052496274 21.3961551586787 45.6658055384954 69.0155029296875 80.3661346435547 82.1174085140228 77.4196634689967 70.6099271774292 61.6590877374013 55.0624628861745 64.2520984013875 83.7160547574361 96.8752304712931 103.522479534149 99.9220510323842 96.7807173728943 97.2168644269307 99.2779433727264 92.0006930828094 93.9866503079732 92.3025508721669 83.6389660835266 76.9860098759333 70.1358964045842 66.1849727233251 66.297839085261 76.1324415604274 75.5434036254883 75.9618431329727 77.4872004985809 80.6237061818441 82.2310298681259 85.2492352326711 87.6459876696269 90.5842284361521 108.96701614062 119.102438290914 127.252082029978 134.589195251465 139.733215173086
9.18418355286121 6.02686032652855 1.17923233968516 0 0 0 1.22975511476398 4.95163754870494 13.3102970818679 16.081165522337 22.0470577478409 33.3061739802361 51.5328745047251 71.2619125843048 83.9988191922506 87.6523753007253 88.2185300191243 81.1084906260173 67.4085368712743 58.0873688062032 66.0418768723806 88.1096323331197 97.8630085786184 100.748866796494 104.476819435755 106.703360875448 109.002977609634 107.267796993256 100.882639487584 98.2761979103088 90.9799635410309 77.1658321221669 63.1388326485952 56.7491898934046 56.1195661624273 58.4291517734528 55.9444526831309 63.2245391607285 62.9077007373174 65.9759143988291 71.3483492533366 73.1296390295029 73.5323677460353 76.8761783838272 85.8154892921448 100.377112627029 109.574089447657 112.494756778081 114.664614200592
10.0545026361942 11.9579322636127 10.8067070444425 0 0 1.86785651991765 4.76310650507609 7.90821574628353 20.4187495013078 28.2736246784528 35.9795739253362 37.1982778112094 47.7569947640101 58.3523710568746 67.8514391183853 83.2559019327164 89.1720751921336 90.2607142925262 88.5553558667501 76.5819400548935 61.9496256113052 74.1996665795644 82.8887472550074 95.2926675478617 106.545905272166 110.348661740621 110.269159078598 107.071737448374 108.530064423879 99.3910431861877 85.3048364321391 75.6620864073436 69.4696257511775 52.0736227432887 42.8424427906672 39.7927239537239 37.9560043414434 37.7486025293668 51.9915719827016 54.1240721940994 58.3681960900625 61.2356464068095 61.394805709521 66.419263680776 70.299357175827 84.1560065746307 90.3245707352956 92.7632848421733 97.6973573366801
10.8983479440212 9.87246260046959 11.8698154886564 5.25969204803308 0.567544756146769 5.80598910649617 7.07160495221615 9.51053698857625 11.2824961543083 29.9960076808929 36.7998878161112 35.0523715217908 38.3103216687838 43.9851731061935 52.4705052375793 69.6404278278351 78.9623409509659 83.9532216389974 89.5281036694845 89.604119459788 82.1553319692612 73.4371344248454 74.9267439047496 85.8494341373444 96.4490671952565 104.715446631114 113.614141941071 110.054751237233 101.381848255793 90.6793872515361 91.3221140702565 78.3719470103582 60.7463171084722 52.2947957118352 37.4937852223714 25.241531431675 27.2374128301938 24.8409137129784 25.9177709619204 35.1893156766891 40.9304822484652 48.1560130914052 54.7256718079249 60.0664416948954 60.9975705544154 70.7344462474187 74.2412904898326 79.8869828383128 87.1400932470957
15.0993751982848 8.67283220092455 5.30688092112541 10.3677399456501 7.76699868341287 7.30195020635923 6.47206604480743 9.13690216839314 10.8701400458813 24.6123149991035 29.1165436307589 29.6707103649775 29.681034386158 33.0340961615245 38.1441662708918 52.5199621915817 63.6953860521317 71.9985067844391 81.7011594772339 94.3384766578674 101.961394151052 92.1702186266581 91.1555786927541 94.4640437761943 96.0116386413574 97.4270006020864 97.4513789017995 94.3706929683685 99.3967056274414 90.4316703478495 76.6149262587229 65.4580295085907 46.9495952129364 34.2801262935003 24.9774605035782 16.3006509343783 8.94741900265217 9.27233509719372 15.0836991767089 21.9024171431859 31.0052583614985 42.4925734599431 48.5858470201492 48.0369875828425 56.7086189985275 61.6557101408641 66.3008491198222 72.2066859404246 75.218786795934
34.953939417998 23.8310818870862 13.1615164379279 20.5038649340471 19.0624756117662 6.78223371505737 9.18334412078063 12.8074251115322 19.2409716546535 24.8274231950442 25.9987562894821 26.3048857450485 27.0986184477806 25.7067109147708 31.5298835436503 42.4180924892426 54.100180665652 65.0727053483327 73.9888846874237 86.8078271547953 96.7506070931752 108.901043732961 114.574084679286 115.448812643687 107.632825771968 97.5082715352376 93.3978259563446 86.4968498547872 84.7307443618774 72.8209912776947 64.2444988091787 42.2351708014806 28.3454010883967 13.999334226052 0.240869703702629 0.260929014378538 0.359418801963329 0.378118051836888 6.6787376999855 11.1536048352718 14.0692008038362 30.5192371209462 32.6971660057704 28.8188904523849 47.5166936715444 55.8003534873327 62.9050036271413 66.8144325415293 68.8477605581284
