input/barkrak2/radiation/dir33024.grid
NCOLS 85 
NROWS 70 
XLLCORNER 665100 
YLLCORNER 4664600 
CELLSIZE 20 
NODATA_value -9999 
[rows 0 to 22 of 70, columns 0 to 51 of 85]
58.183227976163202 71.7285871505737 82.5260480244954 97.6400872071584 114.169339338938 117.44483311971 125.688433647156 132.250020901362 130.309085051219 133.508890867233 134.257475535075 130.472083886464 126.081188519796 126.786241928736 126.875181992849 112.200160821279 100.157340367635 91.0882353782654 90.7549659411113 90.7994906107585 98.2552270094554 115.003814299901 131.655116875966 134.359896183014 137.51009106636 151.062776645025 152.678191661835 143.934865792592 133.504887421926 138.524532318115 136.215716600418 156.237890323003 187.925239404043 180.699209372203 180.046121279399 173.820654551188 180.624345938365 189.496239026388 184.889753659566 186.008930206299 181.145350138346 195.134361584981 201.343337694804 191.755394140879 179.346601168315 185.865700244904 192.436377207438 148.481051127116 101.771652698517 97.7755089600881 119.359562794367 160.604208707809
41.6561414798101 49.7708668311437 58.9542190233866 70.2971319357554 84.9556525548299 93.0317640304565 98.7268487612406 108.77588391304 130.511939525604 139.082888762156 138.112177451452 133.481919765472 128.409157196681 126.825580994288 126.908262570699 114.63604370753 106.729626655579 98.6842513084412 94.6710407733917 94.0901637077332 106.785078843435 129.319896300634 143.807828426361 141.674250364304 144.232382376989 148.60455195109 151.3392329216 146.262754996618 141.24592145284 140.851438045502 142.039885123571 165.307074785233 187.504827976227 183.411022027334 178.55970064799 174.49810107549 181.621511777242 183.964848518372 178.820967674255 179.263790448507 179.694831371307 184.475262959798 182.859778404236 175.272305806478 171.075681845347 183.470606803894 184.349338213603 136.94816827774 109.021882216136 118.978828191757 147.222836812337 182.238439718882
16.5088661015034 22.5575193762779 27.8472428520521 34.70545510451 42.4441546201706 50.3892004489899 60.9173774719238 76.4932880798976 88.7149373690287 99.1712212562561 105.111310879389 119.17836467425 135.528723398844 136.963983376821 138.754606246948 138.947725296021 135.220527648926 125.010758638382 109.375854333242 104.117572307587 116.395652294159 132.994065682093 143.478254477183 145.811557769775 145.77113588651 145.113597313563 141.630917787552 139.915734529495 141.824225584666 147.702346245448 157.455096642176 176.101287206014 187.475085258484 182.124416033427 177.892049153646 177.38155523936 184.291481971741 186.478058497111 180.818994839986 176.603496074677 172.878821690877 166.094273328781 157.776912053426 151.329944531123 156.594117482503 173.787752787272 170.03470659256 130.735397338867 127.508878707886 146.477540334066 171.080946922302 192.289690176646
7.71029169360797 8.16230103373528 11.7181489864985 13.2122077047825 15.7063044607639 18.7616025408109 25.6078938643138 36.271870136261 52.7701775232951 66.4559702078501 80.4816236098607 97.9596078395844 105.679571628571 109.490096569061 116.609632968903 125.79932808876 120.233992735545 117.565462986628 106.273770332336 104.558666547139 106.218198935191 109.760095675786 124.721517165502 133.384436368942 135.390420754751 135.976572831472 136.41349474589 137.63827085495 139.838089545568 149.929463863373 160.198589166005 178.223192691803 181.058386961619 180.909017721812 178.055942058563 178.241650263468 180.530885855357 181.174536546071 174.571891625722 164.621531963348 160.095473130544 152.426193157832 150.84570646286 161.601016918818 169.819672902425 164.287755886714 150.824973980586 129.193335771561 136.669079462687 149.538218975067 169.592440128326 187.775393327077
14.8163909713427 9.61256648103396 5.94079494476318 0 0 7.25538656115532 17.2809362411499 24.1713672876358 31.0885806878408 35.144197444121 48.2000013192495 68.9885218938192 77.40884522597 81.6543102264404 86.8340929349263 90.55428703626 89.6719098091125 87.9455208778381 88.9281034469604 86.9520306587219 87.8504812717438 90.9194350242615 102.325449387232 111.497382322947 118.802706400553 125.191479921341 131.28204147021 134.27613178889 137.44381070137 140.907526016235 149.730364481608 173.870384693146 173.393130302429 175.604919592539 175.675988197327 172.007441520691 168.643911679586 165.995726982752 157.673309246699 151.426792144775 150.984476010005 151.658674081167 158.06449453036 166.597495476405 168.581585089366 147.905925909678 119.99636888504 118.383089701335 130.565752585729 148.27831586202 176.063179969788 188.544412453969
37.8102113803228 24.5352586110433 10.9412049253782 3.19865097602208 1.08481113178035 3.83526024719079 9.89358313381672 21.6788897911708 23.6246064305305 24.3197605013847 28.0240625143051 35.0679804881414 40.6496127446493 45.0632075468699 52.7888387441635 59.8295430342356 65.5773679415385 70.1652367909749 79.759493470192 85.1465463638306 90.3030236562093 95.5025056997935 98.4343190987905 103.877047697703 106.867363055547 117.153823375702 122.162918249766 125.531146923701 131.796469291051 138.616184393565 149.260073900223 156.166791915894 146.222541729609 148.418962955475 159.642120202382 164.830923080444 162.175705035528 157.457729180654 151.475638151169 151.831100384394 151.250233252843 150.697946548462 152.931749820709 157.465855280558 151.61528189977 121.66025241216 98.2535580794017 109.708974758784 128.282775481542 166.634221871694 189.786156018575 192.884643872579
55.502325296402 37.6864795883497 25.5975127220154 14.9319544434547 6.32806246479352 3.24957414219777 4.92330578466256 10.9839973350366 16.6625666121642 24.1436014572779 24.6660858392715 23.2414131363233 21.4868734280268 21.7479119698207 24.8385394612948 33.1503103176753 41.433739165465 57.2621872027715 70.8280404408773 84.3087136745453 91.7920172214508 97.6510147253672 99.0888079007467 98.3976324399312 102.847894032796 106.259047985077 109.742750724157 121.768027544022 125.421792268753 134.812782208125 143.014242251714 146.551787853241 139.031151930491 133.091578880946 132.894823948542 134.820729494095 145.22918065389 145.557562510173 141.31686091423 136.224607626597 131.97989265124 134.013682603836 140.489548444748 149.164835611979 146.761228640874 140.842487414678 147.561758756638 155.66349029541 166.652739048004 179.725766181946 189.641276995341 189.456383387248
68.4807598590851 54.668923219045 39.0643154581388 28.7218242883682 18.8958123326302 6.91441198190053 3.30712832510471 0 9.15157981216908 16.7706906795502 21.1443205674489 25.9161442518234 24.0602319439252 22.1207266052564 18.468680481116 21.2248017390569 28.101310133934 37.9523187875748 53.3051242431005 69.8947608470917 79.833596944809 90.0100668271383 99.2588698863983 97.8649159272512 100.67144036293 99.2328921953837 100.249568621318 106.61448041598 112.209091583888 123.558441797892 132.87420074145 135.820150375366 125.520199537277 119.650969902674 118.350009123484 120.16964952151 126.108189423879 126.171042521795 134.372740983963 119.384199380875 115.486890077591 122.201263904572 136.197437842687 147.71490295728 153.492242097855 158.820569515228 165.322760740916 166.371613740921 172.930618127187 174.314200878143 172.475616137187 170.970380306244
63.1840924421946 56.542252500852 45.002872745196 33.3313668767611 25.8669555187225 17.9533002277215 7.88249199589093 2.50765463958184 7.30550972123941 11.8850891788801 18.3578357100487 23.0651050806046 26.3073196013769 31.3350185751915 26.8183400233587 24.9587049086889 25.1467128594716 28.0149107178052 35.4879771669706 47.5615660349528 59.2208256324132 71.6591676076253 82.2804470856984 83.8620662689209 86.952934662501 87.3197217782338 89.1536076863607 89.6316766738892 95.6700046857198 106.102585792542 111.572265625 113.663057486216 109.563052654266 109.259068965912 111.904720465342 111.867318550746 114.376684029897 118.071407079697 120.466957489649 124.552359183629 129.918247461319 138.750364383062 143.988162279129 147.071788708369 145.885050296783 147.16582496961 149.025917053223 157.21982717514 164.386490980784 159.968078136444 154.151539007823 155.78884879748
44.6318089962006 41.0924752553304 35.9099979201953 26.9828587770462 21.2356100479762 20.8422218759855 16.7673726876577 10.9866273899873 7.5925054649512 5.23196719586849 8.71376382807891 17.1001975735029 26.4093801379204 33.7578405936559 39.1462246576945 36.8162939945857 31.8750565250715 29.6342273553212 30.2374338110288 32.2479357322057 38.0780696868896 45.4287528991699 53.8754761219025 62.1343354384104 70.4756726821264 73.4146684408188 73.6292749643326 75.2567152182261 77.5926013787587 79.6844959259033 81.4440945784251 91.8144782384237 96.932331720988 98.4026988347371 101.830383141836 105.265080928802 103.986958662669 109.28996404012 116.519262393316 123.308767875036 130.319098631541 145.883659521739 150.080859661102 146.914223829905 144.39191420873 144.587894280752 152.780741453171 157.809396584829 160.083552201589 158.640484015147 160.046716531118 155.224829912186
8.27991031110287 8.25245057543119 7.72163706521193 6.09534854690234 3.33585155506929 0 5.95278665423393 13.8201775650183 12.0183825492859 8.64582632978757 5.63944814105829 7.26142525672913 18.4968585769335 30.2401681741079 40.448193748792 38.8024921218554 36.9966675837835 33.0488309264183 30.3032547235489 27.7075792352359 28.4995883703232 29.7085642814636 33.458078900973 43.7694092591604 54.2479505141576 61.3167484601339 64.4686023394267 63.1531476974487 66.2598758935928 70.5075512329737 68.8829918702443 71.6203351815542 79.1180233160655 87.9896382490794 91.5122230847677 95.2513714631398 98.5788305600484 103.291352589925 110.880136489868 125.173350175222 128.919253746668 127.911955118179 124.099552631378 129.202465216319 140.462577342987 146.634995937347 152.942419052124 153.152247269948 152.42205063502 158.815940221151 160.562088092168 155.834039052327
0 0 0 0 0 0 0 6.38218596577644 13.990256935358 15.5152653654416 9.70154317716757 5.69499656558037 7.79663336773713 16.2046663463116 27.5272652506828 33.6107661326726 39.5664622386297 37.4642660220464 32.3025758067767 28.1121358275414 25.1669734716415 24.3893091877302 26.1303757627805 32.2579691807429 39.6296232938766 45.5395231644313 47.4686721960704 51.3167281945546 55.0287365913391 56.4331312974294 60.2455784877141 58.733324209849 57.428037126859 54.7671814759572 64.3657346566518 80.3801914056142 89.3101394176483 95.61887383461 100.420266389847 114.753613869349 116.929868857066 115.678727626801 112.888644138972 111.424694458644 113.690406084061 123.533984025319 134.463965892792 140.5069231987 141.288171211878 145.406037569046 148.076107104619 148.985753456751
0 0 0 0 0 0 0 0 12.4874040484428 16.1433629691601 19.5141596098741 13.2714547216892 5.62857215603193 4.99842471132676 13.8621305425962 26.0085314512253 36.3091081380844 40.4684866468112 39.1552050908407 35.2001066009204 31.0911908745766 31.772735218207 32.4495732784271 33.5712110002836 35.5285654465357 36.7637823025386 39.5492315292358 43.8714325428009 47.9954530795415 47.6688792308172 48.206423719724 47.2634832064311 47.1349209547043 44.2374050617218 43.3121969302495 46.6819405555725 67.9309765497843 83.7603509426117 86.3272945086161 93.3015545209249 99.7341374556224 101.181874672572 98.7306535243988 99.90394115448 99.402775367101 101.313412189484 99.3601580460866 112.717320521673 124.553014834722 127.081910769145 131.207913160324 132.882177829742
0 0 0 0 0 0 0 0 0 8.10712203383446 18.5775818924109 21.9076524178187 20.8161001404126 12.8526613116264 11.9124352931976 23.5958322882652 32.910334567229 41.6080802679062 47.6748794317245 46.2191104888916 41.137158870697 40.9468089540799 39.2455408970515 39.6378835042318 42.1184649070104 42.2279238700867 44.0195103486379 48.9852627118429 48.0913420518239 44.2494054635366 44.2188481489817 43.7868634859721 39.5898967981339 35.7156197230021 38.998877008756 37.4166568120321 37.6714418331782 37.3774319887161 46.3933895031611 62.3795837163925 65.473069747289 75.9948591391246 83.15409719944 89.3699626127879 90.1721715927124 96.0068205992381 94.3588018417358 89.2430643240611 87.388942639033 100.248237450918 108.138541380564 113.387048244476
2.12161196395755 0 0 0 0 0 0 0 0 0.277721788734198 17.0256321628888 29.9707005421321 37.5456611315409 33.1230809291204 23.9779005448023 22.4781905611356 24.5105475187302 33.2300414641698 44.9648598829905 53.9202988147736 53.9010713497798 50.7528483867645 50.904780626297 49.6409336725871 48.657884200414 50.0216633081436 50.2820859352748 51.0485172271729 49.1393506526947 42.9299920797348 42.8423583507538 41.5219316879908 37.6814206441244 33.4447696805 30.1854560772578 26.9851187864939 22.1662273009618 18.6305766304334 21.4403395851453 24.3960892160734 33.2038924098015 35.7720131675402 42.2076483567556 49.2004851500193 58.8185091813405 66.115881005923 76.6850709915161 78.3465951681137 76.7837067445119 74.179674188296 76.7577787240346 95.5962638060252
2.68862303346395 0 0 0 0 0 0 0 0 0.193443906027824 10.9168787797292 30.2944531043371 43.5082564751307 47.687773903211 38.3539274334908 24.399312833945 20.2351535360018 22.3152612646421 31.661681830883 48.9208996295929 58.67733558019 57.1792125701904 59.9104712406794 55.1418165365855 53.3458342154821 55.9291342894236 55.7615508635839 52.2315700848897 52.74465183417 49.2738833030065 41.9375499089559 38.2015779614449 37.0344122250875 30.3478340307872 27.327336370945 22.1388613184293 17.2985270619392 12.3113269607226 12.0526775717735 13.202308366696 18.2621081670125 18.0993713438511 26.6112461686134 26.9836162527402 34.1906994581223 39.9652868509293 51.4470438162486 60.0618372360865 63.4616613388062 64.5116865634918 68.1370496749878 74.0025043487549
1.64378341287374 0 0 0 0 0 0 0 0.00486312728753546 0.259365537203848 0.764684285968542 18.0896719296773 32.7884058157603 44.8673417170843 48.306867480278 43.2004233201345 38.2417837778727 30.2444969614347 26.2749443451564 32.6757083336512 49.9371389547984 61.1755500237147 66.3926700750987 63.2033944129944 60.1939658323924 61.3278299570084 63.9596631129583 59.2797050873438 57.1126888195674 60.3060076634089 51.6301393508911 40.5480265617371 32.4567556381226 24.4923283656438 19.7032826642195 16.4897988239924 11.0243161519368 7.3934905230999 5.88192790746689 6.38970235983531 6.98194839060307 10.73374102513 14.514397829771 18.3383462329706 25.0179320573807 31.6659733653069 40.1043842236201 44.6196446816126 51.2830714384715 56.6539267698924 58.4619293610255 65.3365304072698
0.765114867438873 0.0168624840929018 0 0 0 0 0 0.0144168552651536 0.636887038126588 0.898816467573245 5.07402761528889 11.9873185952504 25.3868823250135 40.7752444346746 51.45363509655 56.2048554420471 56.0322056214015 48.4115680058797 37.2194995482763 27.6410132646561 35.4006439447403 53.1390458345413 60.4040126005808 65.3247038523356 65.7046933968862 69.1494792699814 74.7829377651215 72.0028628905614 66.7034238576889 61.016246676445 57.9394151767095 45.0774927934011 34.0467020869255 23.3892053365707 16.7863741517067 14.1506865620613 9.38711191217105 5.23480338354905 3.71814488122861 1.97006932770212 2.54064177473386 5.97876496613026 7.06169009208679 11.1445883909861 14.7552577157815 24.1117626428604 30.1946053902308 33.9847455422084 36.7743695775668 42.5453980763753 50.0971078872681 57.0501933495204
0.867489414910475 1.11693058473368 0.444235047325492 0 0 0 0 1.01752594734232 2.01402449359496 9.48235765099525 14.3048291405042 14.940915008386 22.0259676376979 29.2597909768422 40.6820525725683 54.0467947721481 57.0203810930252 57.5563013553619 55.4041216770808 42.6181008418401 32.3860570788383 41.0420894622803 48.6978590488434 58.9528381824493 68.3256934086482 73.6030638217926 76.4712641636531 73.3104397853215 72.5746254126231 64.4311358531316 52.5260667006175 43.8001652558645 35.7277939716975 24.7664203246435 16.4708110193412 12.034876892964 6.74805169304212 2.75224850823482 0.368937539557616 0.1799962677372 0 1.95811549201608 5.12571943302949 10.0921889146169 11.638851215442 15.7180801033974 18.571849912405 22.9920297861099 25.3825907905896 30.7625258962313 35.0256115198135 38.4986475110054
0.846969584623973 0.427914822163681 0.730446074157953 0 0 0.0870841807530572 0.471296293350558 1.65146123617887 2.29091274862488 2.4487633878986 16.2206267317136 14.0860353906949 14.9022315939267 18.4960340460141 26.5178804596265 38.8103326161702 46.7847436666489 50.7576018571854 56.6206822792689 56.1226109663645 49.8767097791036 40.2500281731288 43.3080891768138 51.3377686341604 60.2632413307826 67.0598894357681 74.8747438192368 74.6205747127533 65.567950407664 65.3100709120433 54.9108932415644 42.5730844338735 29.12338078022 20.5806617935499 11.449267466863 5.16242099304994 1.7492404828469 0.10394275886938 0 0 0 0 1.07003670806686 3.34873360892137 3.29467530051867 9.042094151179 10.5130386849244 14.9345981578032 17.8314372897148 21.0199654102325 21.6795653104782 24.066557486852
2.42938846349716 0.200276728719473 0 0 0 0.386768020689487 0.263626008139302 1.51913659647107 2.7748125915726 2.85813553879658 6.88246202965577 10.3124765058359 8.96558041373889 10.8182157079379 15.2486028770606 26.0101606448491 35.2776721119881 40.2425651748975 48.2401450475057 59.7026397784551 65.8571322758992 56.1274389425913 54.0422697861989 57.3623379071554 59.2215061187744 61.5341116984685 64.6585524082184 68.542093038559 63.9105389515559 51.8650809923808 42.4202978610992 35.9367256363233 21.0447286566099 11.9695427517096 4.32892205814521 0 0 0 0 0 0 0 0 0 1.05365761555731 2.31477074945966 4.87562672545512 7.80465826392174 11.0077274342378 12.3111978173256 13.4573119382064 12.4749764800072
11.188879609108 5.42931507031123 0 0 0.129299063701183 0.0928372222309311 1.30580272525549 3.19011074801286 3.60816903412342 3.09257643918196 2.16863009457787 4.95892514785131 7.80456326901913 4.3844028065602 9.4834150125583 18.2779071231683 28.3895085255305 35.5112999677658 41.6804403066635 53.1761944293976 61.2327754497528 71.5539753437042 76.3182391722997 74.1460571686427 68.3267613252004 60.8078191677729 56.3525160153707 58.2161496082942 59.0654810269674 45.9491312503815 29.181070625782 18.3992261687915 11.4542817076047 1.58565708746513 0 0 0 0 0 0 0 0 0 0 0 0 1.16920246121784 3.70852276682854 3.77240777015686 7.11656796435515 7.85932503640652 6.87680269281069
38.6060749491056 32.511331140995 13.1773923834165 6.6246036440134 4.0155736108621 1.04691026111444 3.99100097517172 4.33112836132447 3.53687318662802 3.53314913809299 3.5063208391269 9.89404693245888 10.2195801834265 9.80145111680031 10.6911783417066 15.2739857633909 22.9103515545527 31.9888889789581 37.3809536298116 40.0910526514053 43.0393069982529 55.8651586373647 67.3069258530935 70.6797937552134 70.2855090300242 64.9391611417135 56.9301744302114 48.9488293727239 53.0831068754196 35.0925127665202 16.890121002992 5.91267583270868 0 0 0 0 0 0 0 0 0 0 0 0 0 0 0 0 0 2.36624386161566 4.61705929289262 0
