input/barkrak2/radiation/dir33124.grid
NCOLS 85 
NROWS 70 
XLLCORNER 665100 
YLLCORNER 4664600 
CELLSIZE 20 
NODATA_value -9999 
[rows 46 to 68 of 70, columns 0 to 51 of 85]
56.0489396254222 57.6287160317103 60.2971812089284 62.2583627700806 62.0357692241669 61.8657618761063 63.709686199824 65.4428253571192 62.3058180014292 61.0868632793427 60.1378579934438 59.3311687310537 55.7822684446971 52.7629653612773 52.5608013073603 55.7796359062195 53.7823935349782 49.5895544687907 53.3409118652344 53.0147055784861 50.9924640258153 51.5147944291433 51.9748677810033 50.2572506666183 56.6147565841675 51.3712863127391 52.7469366788864 53.5002450148265 52.7578145265579 52.5565445423126 50.9270131587982 47.8387077649434 47.0478534698486 47.14535176754 48.695166905721 50.4102806250254 51.6398300727208 56.3557147979736 58.2690884669622 55.3144117196401 54.9607326587041 50.802876551946 56.0296028852463 62.5133911768595 53.2142221927643 26.6078387697538 1.93379043291012 0 0 0 0 0
50.167128443718 52.5057564179103 57.9235255718231 59.6256951491038 63.0570153395335 64.740260442098 62.7455661694209 62.455952167511 62.4715785185496 65.2430603901545 62.4374200900396 58.5681895414988 57.0417791604996 57.5401534636815 55.8811525503794 54.731493194898 53.3174276351929 47.2773164510727 51.0141601165136 52.3899247248968 50.0556131203969 51.0683556397756 53.6210437615713 49.2004801829656 52.017738421758 51.3717085123062 47.470619281133 50.6627261638641 52.5613874197006 52.0289490620295 52.1764655907949 51.1351625124613 46.85111840566 50.4940301179886 59.2296967903773 64.2653206984202 59.2669000228246 53.5965462525686 55.6258906920751 63.2715026537577 57.3657105366389 52.3264656464259 58.3613216876984 63.3211930592855 57.9281349976858 41.7966097593307 10.8736865222454 0 0 0 0 0
43.4870719909668 46.5843578179677 51.7020523548126 55.1664431889852 61.5669588247935 64.9711539347966 61.9660417238871 60.2360665798187 64.1741702953974 66.373070081075 64.6579364935557 60.9004447857539 59.2636366685232 59.9932124217351 57.5994700193405 52.7299493551254 52.1914561589559 47.3205546538035 50.6231337785721 53.9691150188446 53.1527747710546 53.1486223141352 55.7904342810313 54.0413210789363 51.091065009435 53.9670288562775 51.1436859766642 55.010586977005 59.5905284086863 61.2217138210932 65.7480855782827 65.3939296801885 56.2445968389511 57.4441949526469 65.2670164903005 72.3903675874074 69.9290931224823 60.3808512290319 57.4441850185394 62.5144044558207 56.4044763644536 51.3496895631154 49.353152513504 49.6327877044678 48.4297126531601 47.3330318927765 36.2638756632805 3.19630342225234 0 0 0 0
42.4625724554062 40.4380435744921 44.5656130711238 52.2861878077189 57.8153232733409 60.890922943751 63.5857482751211 66.1442925532659 67.5696035226186 64.3334885438283 66.2100116411845 66.2072747945786 63.0930364131927 60.5773429075877 58.8873525460561 54.2801817258199 53.4285604953766 51.3422588507334 54.3633550405502 57.5497845808665 58.9899271726608 58.9799185593923 56.464339296023 58.710848291715 54.4792016347249 58.1206679344177 59.9563717842102 63.3040914932887 69.1406726837158 74.3860900402069 79.6953986088435 81.8088153998057 72.1153120199839 66.0811762015025 64.4274105628331 73.2541730006536 75.9157091379166 71.554034948349 62.3936951160431 53.8599491119385 48.4610100587209 50.4080404837926 49.9515483776728 46.2764302889506 42.9476747910182 46.097586552302 36.2906903028488 9.43700658778349 0 0 0 0
42.6574945449829 46.0432271162669 49.5964338382085 55.6320697069168 56.0892373323441 56.4068953196208 64.185231924057 69.2950338125229 69.1475172837575 69.0211157004039 68.8398679097493 68.6337798833847 64.8094515005748 61.155507961909 61.2824509541194 64.5001282294591 57.0714970429738 56.9582680861155 58.4732790788015 62.0791564385096 63.0210836728414 60.9773099422455 58.693324526151 58.7846587101618 53.3595780531565 59.8387519518534 66.6675319274267 69.2743708690007 74.9632517496745 80.9776236613591 86.7384970188141 89.1900360584259 82.7441513538361 69.4201091925303 59.8343362410863 54.9462785323461 63.5217974583308 72.2765028476715 63.958927989006 49.8500913381577 44.3187455336253 51.5989561875661 55.3889572620392 52.622785170873 47.6139386494954 42.212039232254 25.062603255113 13.4968136747678 0 0 0 0
43.4845189253489 54.1216631730398 56.2465985616048 57.4563841025035 55.4585804541906 55.1393330097198 62.5816484292348 67.8946028153102 67.7968511978785 72.6565519968669 70.5903520186742 69.8228925466537 67.607045173645 62.9512270291646 63.4731849034627 69.3615029255549 62.5398357709249 60.5630725622177 57.909349600474 59.6953382094701 60.0548883279165 58.2768122355143 57.9739113648733 55.2133917808533 52.6539633671443 54.9374471108119 59.1297547022502 64.5145525534948 69.2255645990372 76.4795939127604 82.4356774489085 89.2341732978821 83.7436517079671 63.4704679250717 22.4252194166183 21.918053428332 28.9899259805679 57.0969730615616 70.2536354462306 68.3345099290212 62.1564239263535 55.1135689020157 48.4438836574554 43.2292570670446 47.6386447747548 43.9025014638901 24.9174907803535 18.7572340170542 0.858387754609187 0 0 0
46.9210644563039 45.4412798086802 44.5450494686762 46.7066665490468 52.7272870143255 58.2846105098724 59.079185128212 64.6220048268636 64.629852771759 69.3293114503225 69.6096271276474 71.3790655136108 71.3884830474854 66.9532219568888 64.9946282307307 63.613956173261 65.438042084376 60.046245654424 54.6569973230362 52.7609835068385 51.8677085638046 53.9951274792353 54.6668022871017 50.1466741164525 52.107443412145 49.125924706459 49.7977385918299 51.9110560417175 55.1742166280746 61.5918040275574 63.9783442020416 72.9275792837143 69.8305914799372 48.924853404363 18.2478651404381 10.6341987848282 11.4449684818586 20.0587535897891 47.1831758817037 61.5594089031219 67.4797296524048 56.3462475935618 45.9138651688894 38.372981051604 42.8885072469711 28.6084314187368 24.325800438722 35.7585673530897 19.7174623608589 0.689083865533272 0 0
49.4247178236643 40.2660047014554 38.3177076776822 43.1804358959198 53.7184526522954 61.8074983358383 61.6649190584818 62.7237508694331 65.3719504674276 65.6802157560984 68.0719862381617 70.5628643433253 72.1223205327988 71.166714032491 67.3061360915502 64.4789586464564 66.4705137411753 60.2662662665049 56.2761922677358 56.7829410235087 56.2083224455516 53.8046608368556 51.8260051806768 49.1337676843007 48.6924052238464 48.5701411962509 47.9116936524709 46.7740098635356 46.5598205725352 46.0580786069234 41.2970061103503 45.1750258604685 47.7683444817861 25.5205904444059 19.8808213075002 11.5176091591517 3.24080263574918 2.1748769407471 9.98506632943948 26.2345696489016 53.787296017011 49.0592022736867 39.8571814099948 35.3371575474739 24.2538054784139 25.2726301550865 23.0654229720434 42.3134466012319 49.9938627084096 30.7668869694074 4.99236024916172 0
49.5257079601288 44.3884680668513 42.5612976153692 47.5925207138062 56.3092231750488 63.4034325679143 66.4312392473221 62.7216349045436 67.0921007792155 65.5751526355743 69.2104995250702 71.1137851079305 72.3898808161418 74.0873515605927 69.4628655910492 69.2502160867055 69.5906380812327 64.4048651059469 60.3941629330317 62.1628512938817 61.498815814654 57.304988304774 54.8647542794546 54.5601745446523 52.1870702505112 50.9667694568634 48.7524668375651 46.7345664898554 43.2026286919912 38.2412075996399 31.6555326183637 35.7429261008898 42.6356146732966 44.7037667036057 42.8629865248998 32.3580553134282 12.5206758578618 3.40996279070775 2.29618030910691 7.40264231959979 22.3545680443446 26.6016572713852 22.6596718033155 16.7584419250488 16.4900893966357 21.8910922606786 23.8867451747258 35.3315348426501 45.9144761164983 50.5064924558004 32.5027952591578 2.94755678623915
52.5609900554021 51.2109100818634 47.9581654071808 46.9262301921844 52.5685846805573 62.7526740233103 64.1853710015615 62.3418738444646 64.3630971511205 69.4858133792877 75.4583577315013 76.1138697465261 74.3325452009837 75.208197037379 73.0878760417302 72.395180662473 73.1917321681976 71.0984071095784 66.3470129172007 62.7612670262655 60.1191222667694 59.5453629891078 60.7361594835917 62.3173664013545 58.7171961863836 56.0340185960134 48.9860276381175 40.4160146911939 35.9372645616531 33.6064423123995 33.7939138213793 40.220911304156 46.7194964488347 57.6596905787786 62.5840524832408 60.9735647837321 49.8800029357274 32.0284267266591 22.2834497690201 6.75834901630878 12.0280683040619 21.8983342250188 22.4612628420194 16.6738430658976 17.9071985185146 32.4142997463544 51.3986001412074 45.2406108379364 40.2854134639104 46.258399883906 38.2219702005386 9.35336326559385
55.0702015558879 54.5123716195424 53.4915775060654 50.2767662207286 51.509161790212 60.2116882801056 62.2348139683406 62.3301416635513 62.6016706228256 71.5499222278595 79.1424115498861 78.031912446022 73.6489792664846 76.1264165242513 77.511598666509 71.7928409576416 73.8966564337413 71.5499420960744 67.895919084549 65.2570873498917 63.8049592574437 64.317191640536 62.5885426998138 59.7602427005768 57.750920454661 53.6588927110036 35.4234054684639 7.02832887570063 5.82510232925415 20.65293242534 30.7892759641012 36.9032422701518 44.9291318655014 52.203635374705 63.234214981397 67.5661265850067 67.4147109190623 58.4728717803955 44.749195377032 25.8846655488014 13.6963861684004 22.0462804039319 42.3806657393773 42.2554810841878 35.595233241717 54.4693867365519 77.5698274374008 67.7054872115453 46.460876862208 34.1600130001704 22.2671901186307 10.573693861564
53.9559721946716 52.1410306294759 55.7362238566081 56.8191806475321 54.5029987891515 57.0756693681081 62.1262490749359 63.0868176619212 63.6018713315328 71.2489783763885 77.9787848393122 76.2789249420166 71.9094822804133 75.2086490392685 78.2549132903417 69.5742070674896 71.2465196847916 70.1377888520559 68.202073375384 69.0969328085582 70.5441733201345 70.5873866875966 64.9867902199427 57.9825838406881 57.4942827224731 55.1596730947495 38.2391413052877 20.4498569170634 19.6699624260267 27.9290452599525 37.5731860597928 41.2236799796422 54.0096412102381 63.1943841775258 73.8759289185206 68.4866358836492 64.9483253558477 26.4123901724815 26.8200809756915 27.3989712198575 33.5567742586136 42.0054495334625 49.7328589359919 25.7173379262288 20.1052986085415 24.3417968352636 58.496152361234 54.0771385033925 41.6918744643529 32.7878271540006 27.0231018463771 20.0376970072587
43.2251592477163 50.4949142535528 53.889125585556 56.6107283035914 56.7660580078761 53.6316732565562 62.4260008335114 66.1351829767227 66.9707308212916 71.9270706176758 74.1916994253794 73.2988019784292 72.9683389266332 71.3857263326645 72.9118684927623 69.2492624123891 66.2053426106771 69.6842024723689 71.7484454313914 73.6338049173355 74.2517461379369 71.7510928710302 69.6123292048772 62.9203816254934 60.7238411903381 61.3735814889272 57.4493457873662 49.6830493211746 49.062117934227 49.065093199412 50.1948992411296 46.5234965085983 65.7978604237239 75.8196910222371 55.8247268199921 50.9233872095744 31.4522261420886 13.9298364520073 5.61445454756419 13.856274386247 12.0646941165129 44.6285208066305 50.3720889488856 42.8375154733658 30.9961711366971 32.4056521058083 45.9326952695847 50.146813193957 47.5541849931081 41.1166350046794 35.0092202425003 34.379668533802
34.232663611571 48.1540411710739 52.0355850458145 54.8980881770452 57.806541522344 54.151048262914 58.0485115448634 65.0409360726674 75.5961736043294 77.2760460774104 72.6046711206436 70.2837556600571 72.1874535083771 71.9081163406372 72.1040467421214 69.6729719638824 66.0920838514964 68.1912899017334 67.2907928625743 64.6319737037023 66.9238269329071 66.139633456866 65.2613788843155 65.0039166212082 65.3786758581797 69.105530778567 76.1833439270655 80.0079256296158 67.1757558981578 61.302254597346 50.4899720350901 46.3985800743103 57.7275256315867 53.7242492039998 22.9587604602178 16.1581498881181 15.2974960704645 9.35673589507739 1.25927105545998 0 0 14.5223016540209 47.1687515576681 68.6029692490896 73.6889690160751 68.0572340885798 67.0766135056814 66.3361003001531 66.4269477128983 55.6999742984772 45.1654295126597 56.0932656129201
36.0278437534968 45.6044475237528 52.4387905995051 54.8015683889389 56.4168343941371 56.6801875829697 51.317090789477 60.539186000824 80.3166478872299 79.0897061427434 70.8774477243423 67.0395294825236 70.047527551651 74.081689119339 73.1753259897232 70.0037876764933 68.8203722238541 66.800132393837 60.1913531621297 53.5034437974294 54.0284564097722 57.7304065227509 58.4222972393036 61.1801246802012 63.6893014113108 69.4379309813182 85.1758321126302 90.0097489356995 69.641058643659 64.0586465597153 49.5324085156123 36.83835764726 40.7000308235486 41.7078683773677 21.259660522143 12.0920936266581 13.1056842704614 18.7707083920638 11.5030035376549 2.01273538793127 0 3.52240540087223 23.2440556089083 49.0818917751312 52.1800071001053 53.2750387986501 50.7810165484746 61.0205233097076 57.4501107136408 51.2072741985321 52.0930687586466 86.6623719533284
47.1323827902476 50.1128931840261 52.4433751900991 49.0613530079524 43.5881912708282 40.5320400993029 48.1154322624207 53.5406867663066 63.0451788504918 58.8581760724386 56.6152433554331 60.9982758760452 68.7523931264877 70.9120184183121 67.0462052027384 68.9075688521067 69.4023370742798 63.6355578899384 56.0880204041799 50.849328438441 49.7072736422221 51.4598588148753 54.6891838312149 58.8944504658381 58.4418922662735 62.702402472496 76.7349700133006 82.67642557621 70.3081836303075 56.6727618376414 48.2061157623927 33.9822322130203 30.0575072566668 45.0344334046046 41.4892708261808 20.2770593265692 20.2612839639187 49.577405055364 47.4359293778737 31.9313257932663 8.03688292702039 4.81652158002059 13.727364440759 21.1270302534103 19.8505818843842 21.6253822048505 24.1932471593221 26.5493045250575 32.5174232323964 44.1524585088094 65.8855736255646 119.910299777985
58.2939485708872 55.1335463921229 51.3840268055598 44.5309082667033 35.1003060738246 29.2756880323092 37.3985171318054 38.9193817973137 29.1702648003896 28.5993665456772 40.3665428360303 51.2275000413259 57.5039486090342 61.3677402337392 64.6613885958989 74.6990938981374 77.4300346771876 68.97967060407 60.5298181374868 57.3340157667796 54.7520120938619 53.6941190560659 55.5613140265147 54.792732000351 56.3556253910065 59.0935597817103 66.4383918046951 68.8058286905289 63.5707279046377 44.3356136480967 48.2807258764903 38.3988966544469 34.3242734670639 53.383007645607 59.6679349740346 47.8528489669164 38.1931339701017 24.3530447284381 36.8946070472399 38.1727491815885 25.512491663297 11.5998002390067 13.3969609936078 13.8712314267953 8.39537754654884 9.74438091119131 17.2733031213284 19.4180284937223 20.5360489586989 44.6601510047913 91.7097826798757 135.789583126704
61.0925257205963 54.5711865027746 49.8618384202321 46.0892220338186 39.1561910510063 33.4843670328458 29.1402091582616 24.8902464906375 9.84928136070569 17.6816023886204 33.6553131540616 46.1628139019012 46.0604677597682 53.6226332187653 67.0302410920461 82.8722566366196 88.213841120402 81.2364021937052 72.8577226400375 68.8789834578832 63.4952485561371 62.2076441844304 60.8277569214503 55.224488178889 55.5255711078644 53.2341053088506 56.8849295377731 56.3212980826696 52.0559946695964 37.2047225634257 35.8465438087781 37.3083228866259 33.5723285873731 55.8621784051259 75.7491985956828 78.8864990075429 53.5422066847483 17.9960007468859 14.5162815848986 20.0792613128821 20.5488502979279 18.1507542729378 19.2704076568286 18.2704751690229 11.3321666916211 7.86545810600122 14.2548282941182 24.7546285390854 32.4096431334813 58.4570417801539 123.58433008194 154.935548702876
63.4944885969162 58.2241714000702 56.9034814834595 57.9840640227 54.7058880329132 48.5778748989105 43.6103244622548 43.9715484778086 42.7557031313578 48.4190881252289 56.3105593125025 61.8778566519419 62.3909036318461 57.4399332205454 67.7397549152374 83.6102565129598 93.5071110725403 93.9243833223979 86.4767829577128 76.7910728851954 71.1311499277751 65.914715329806 65.5444413423538 64.6990686655045 56.6759804884593 47.6025442282359 46.3891873757044 48.2193678617477 44.9748237927755 43.7940061092377 28.473195930322 21.1874172091484 17.5389386713505 38.9178469777107 82.8569978475571 92.8831299146016 60.5705628792445 21.9652603069941 9.0423704435428 9.15327295660973 12.3040688534578 9.5928031951189 20.8603193362554 33.1864406665166 35.0596457719803 22.3283320665359 20.0147032737732 38.2352868715922 64.300740758578 109.699149926503 142.57417122523 155.641555786133
64.2910500367482 61.6112848122915 61.8367741505305 63.083603978157 62.5273833672206 58.9386274417241 58.6918443441391 66.4648463328679 82.8601767619451 78.8292189439138 70.1368401447932 71.1835622787476 76.7198652029037 64.6161735057831 66.1060561736425 73.9634732405345 82.5849870840708 89.8102720578512 90.5901789665222 83.7608873844147 78.1431049108505 72.0107555389404 67.6769266525904 63.4118815263112 59.6907585859299 46.3675558567047 35.2904523412387 38.4314507246017 39.0424778064092 20.6918939948082 15.4923150936762 13.5259901483854 8.88606905937195 9.43180918693542 78.2148689031601 94.3061113357544 74.9423901240031 62.731996178627 31.3492740194003 4.82283035914103 0.606358167715371 0 11.46316776673 38.4264389673869 44.9496557315191 35.4545389612516 34.1536750396093 57.5720717509588 115.560521682103 160.644769668579 153.864254554113 141.425559918086
63.4801785151164 60.0856294234594 54.5110404491425 49.8013496398926 50.1263489325841 52.2166043519974 52.3340702056885 64.4893795251846 74.9431699514389 70.2997744083405 60.1619829734166 59.9932273228963 71.1265653371811 66.1117782195409 62.8093083699544 61.9397908449173 62.9063795010249 69.490060210228 79.6588361263275 83.952675263087 79.7457993030548 73.8653192917506 66.612645983696 62.0987017949422 52.9515494902929 47.7263728777568 33.6697772145271 28.4446825583776 34.7693612178167 31.4519479870796 15.4335126280785 10.1442734400431 3.24486258129279 0 0.270750684042772 84.4146112600962 91.226061185201 102.323641379674 83.9643975098928 34.5906962951024 3.96395288407803 0 4.30078152567148 21.3216692209244 50.596093138059 70.6806033849716 92.0404593149821 143.298039833705 184.545556704203 194.86145178477 179.536203543345 146.869599819183
65.6537413597107 63.5789732138316 57.6465080181758 50.8175889650981 49.2747773726781 52.1348416805267 44.6284015973409 41.8178637822469 42.6641205946604 39.3104354540507 33.22867055734 30.792310833931 34.6402252713839 53.1106690565745 60.2039148410161 55.4000288248062 44.7563578685125 39.9810522794724 51.293025414149 72.470689813296 73.9070425430934 68.1700060764949 61.8020991484324 57.4129720528921 49.9150156974792 47.088086605072 37.573238213857 16.9663727283478 26.0642071564992 40.2780026197433 21.8736603856087 14.4418701529503 6.1549333234628 0 0 64.6611501773198 104.223847389221 118.713090817134 105.366895596186 75.9943872690201 42.6210463047028 12.0956040918827 8.46188763777415 27.92572726806 60.50905585289 124.580045541128 165.990054607391 197.054107983907 206.030567487081 205.33686876297 195.698082447052 166.890581448873
67.3602521419525 67.2583331664403 64.6519561608632 61.0817720492681 59.1744929552078 58.4091593821843 43.027808268865 28.8474907477697 29.3054729700089 31.5093273917834 28.7018766005834 25.9676252802213 27.2052387396495 49.2406090100606 63.1993065277735 54.1366537412008 33.4008013208707 21.9479948282242 25.6128410498301 42.5999065240224 52.2358765204748 55.3757846355438 56.1771343151728 49.965555469195 43.1337704261144 38.867712020874 26.4964376886686 9.0658167997996 17.9858903090159 43.5578922430674 52.4376978476842 45.5055584510167 25.578960776329 0 0 42.5743460655212 97.9081590970357 105.98748922348 86.5489443143209 83.5395057996114 88.9520843823751 73.891003926595 51.5941679477692 66.8373654286067 120.103806257248 165.460407733917 188.768744468689 200.007220109304 201.777378718058 199.37527179718 194.458762804667 172.183553377787
