input/barkrak2/radiation/dir30624.grid
NCOLS 85 
NROWS 70 
XLLCORNER 665100 
YLLCORNER 4664600 
CELLSIZE 20 
NODATA_value -9999 
[rows 44 to 65 of 70, columns 0 to 49 of 85]
84.7594638665517 90.9550388654073 93.9518411954244 94.8714911937714 96.5491831302643 99.3162393569946 99.3781089782715 95.5187678337097 90.4262363910675 85.7851604620616 87.2350136439006 85.0929617881775 81.4824799696604 79.5799195766449 78.7120560805003 79.6599785486857 76.0600070158641 82.4826409419378 84.4694972038269 81.8482885758082 77.2910366455714 75.1006503899892 74.2746591567993 74.9551604191462 72.2195853789647 80.7693153619766 83.6703181266785 80.9153070052465 80.6459188461304 78.5863101482391 74.6594021717707 72.5939025481542 79.0318250656128 83.5547248522441 90.2838408946991 92.7738547325134 98.8593697547913 107.088516155879 110.922863086065 102.29754447937 100.36559899648 94.0618316332499 89.7789299488068 69.1780249277751 35.7928201556206 0.666033864642183 0 0 0 0
91.2614862124125 95.9444046020508 93.1040942668915 96.8188842137655 95.3705906867981 95.2524145444234 97.0774789651235 95.3740576903025 96.9084997971853 91.8780565261841 90.6048019727071 89.5747343699137 84.5296283562978 79.4382095336914 78.8712749878566 82.4982871611913 76.7883211374283 79.8361400763194 84.3925178050995 82.6539198557536 79.5237720012665 78.6998122930527 77.6212861140569 79.8220336437225 79.7823667526245 79.5196195443471 85.6848259766897 85.07106701533 83.0095112323761 80.9625635544459 76.1642356713613 72.9421277840932 76.3230423132579 74.8954216639201 75.4366964101791 78.3840964237849 86.9740744431814 99.8757680257161 100.511680046717 87.5457723935445 89.3054405848185 83.9151541392009 82.7679336071014 79.7382493813833 61.8734955787659 26.5670170386632 0 0 0 0
90.8787250518799 92.7491585413615 95.4129199186961 97.7101723353068 97.5591937700907 97.3885258038839 99.1705854733785 101.257622241974 97.3545511563619 96.15092476209 94.7935084501902 93.6261117458344 89.4475976626078 85.8586728572845 85.2354864279429 88.6133213837941 86.9299471378326 80.9664080540339 86.4067673683167 85.0275158882141 81.9066117207209 82.3741604884465 81.6644330819448 78.9808928966522 86.8401726086934 80.1389763752619 79.8683265844981 81.7975749572118 82.7727715174357 82.5315415859222 80.3560167551041 76.3733138640722 75.0651607910792 75.5768915017446 77.541376153628 78.3637364705404 80.6674659252167 88.995228211085 90.5810296535492 88.0220135052999 87.3043537139893 80.282598733902 85.9827001889547 93.2807624340057 83.3122432231903 52.3815602064133 12.482263147831 0 0 0
84.7726166248322 86.9184633096059 93.1674937407176 94.8464572429657 98.7068514029185 100.013047456741 97.9241530100505 97.8492101033529 98.0089505513509 100.387732187907 96.9480077425639 93.4762557347616 91.6048189004262 91.3947423299154 89.0784064928691 87.6434445381165 86.5053137143453 78.3834209044774 82.7504297097524 84.4350258509318 81.8552573521932 82.1618884801865 85.2985183397929 78.8728296756744 80.8878739674886 80.3726017475128 74.4070609410604 79.1634420553843 80.9240341186523 81.4202725887299 82.6138556003571 81.0324350992839 75.6347676118215 78.982338309288 89.8476938406626 94.0966109434764 89.2651975154877 84.4601194063822 88.5421335697174 100.09757677714 91.7087992032369 82.1839720010757 89.4566973050435 96.1469213167826 88.3103211720784 70.3221559524536 33.9164013663928 4.2563434690237 0 0
77.2704283396403 80.5308272441228 86.0717395941416 90.3533200422923 96.8605279922485 100.725571314494 97.1856315930684 95.3194896380107 99.5508333047231 102.145830790202 99.7931063175201 95.3442752361298 93.5328702131907 94.8361257712046 91.9260879357656 86.3592922687531 85.523267587026 79.4991254806519 83.1766923268636 87.1273577213287 86.0417485237122 85.7897400856018 87.688942750295 84.3353271484375 81.877922018369 83.3978752295176 79.5512994130452 82.977424065272 88.8280073801676 91.1055207252502 97.1307158470154 96.3557263215383 86.5070223808289 88.6939962704976 97.3185201485952 105.573107798894 103.904634714127 93.0717289447784 91.5083289146423 96.9483653704325 90.3729697068532 80.8802594741185 78.4928252299627 78.4270068009694 76.8376489480336 75.2652486165365 64.9384756882985 14.3612883985043 1.18609874819716 0
76.3831287622452 73.7449328104655 77.8955767552058 86.9132578372955 93.0796563625336 96.3236788908641 99.3062456448873 101.687520742416 102.984527746836 99.1264979044596 101.499011119207 101.758887370427 98.0015794436137 94.9824055035909 92.8786297639211 88.8821880022685 87.1218641599019 84.2755536238353 87.5119169553121 92.0936763286591 93.6290522416433 93.4903422991435 90.4797613620758 90.4945731163025 85.7346753279368 89.0859663486481 90.0622109572093 91.2841955820719 99.0216036637624 105.370034774144 110.525260368983 111.327787240346 104.698657989502 97.5717306137085 93.9241051673889 103.337228298187 108.632375796636 104.062030712763 95.9184567133586 86.4582657814026 79.7298848628998 80.5271466573079 78.9006849129995 74.2058207591375 70.5628246068954 73.5765993595123 70.4868733882904 23.0969463785489 2.03487059722344 0.10005912433068
76.8429189920425 80.347865819931 83.7726593017578 90.5272364616394 91.0263061523438 91.6354358196259 99.7985303401947 105.275511741638 104.823331038157 103.961487611135 103.950122992198 103.469083706538 99.9786754449209 95.9112842877706 95.798393090566 99.8969475428263 91.2114183108012 90.5564626057943 92.0006036758423 98.2550581296285 99.3025799592336 95.8180526892344 93.0350720882416 94.2242244879405 87.7357621987661 92.8732752799988 97.12153673172 97.1333682537079 103.688498338064 112.362325191498 118.073205153147 122.208813826243 111.924876769384 102.708280086517 88.7378652890523 93.2509402434031 103.600382804871 109.590550263723 99.0962584813436 81.8398495515188 74.1334905227025 82.8215976556142 84.3504468599955 80.8277229468028 75.241893529892 72.3646730184555 59.5068484544754 28.6315729220708 3.50440976520379 0.00427423037763219
77.6530752579371 88.6718233426412 91.2659764289856 93.088169892629 91.0739004611969 90.3620421886444 98.1614689032237 103.706737359365 103.625178337097 108.477572600047 105.729132890701 105.203648408254 102.39980618159 97.2514649232229 97.4681278069814 103.959878285726 97.5777208805084 94.7090188662211 92.3263927300771 94.7134693463643 94.9945648511251 92.7445292472839 93.3302243550618 90.0505979855855 86.9064927101135 89.5388623078664 94.4357514381409 94.5038894812266 97.2221791744232 106.324642896652 113.508601983388 122.447510560354 114.606748024623 93.3238963286082 63.2952948411306 39.9632702271144 66.7045911153158 93.0823683738708 102.42881377538 105.88151216507 98.8782346248627 91.0760561625163 76.1804083983103 74.1950919230779 81.440140803655 74.7638245423635 56.6189289093018 44.7382032871246 9.81424376368523 0.0130034980732792
81.5373112758001 79.4015030066172 78.5110940535863 80.9116065502167 88.0089203516642 93.9194162686666 94.3847298622131 100.452522436778 99.9664763609568 105.106691519419 105.303357044856 106.952637434006 106.309354305267 100.906948248545 99.0859866142273 97.698579231898 99.4187196095784 93.4492150942485 87.9865984121958 86.1083467801412 86.4544014135997 88.8518393039703 89.5001391569773 84.108978509903 86.3608916600545 82.6517889897029 84.4972729682922 86.0172609488169 85.3231946627299 89.2687837282817 93.6293701330821 104.903608560562 99.5842218399048 76.1909484863281 44.1720436016719 24.5952705542247 25.7318913936615 47.353540857633 80.4444948832194 101.091573635737 109.781712293625 92.7133460839589 72.7266867955526 68.5678422451019 75.8841832478841 67.9124494393667 42.894055445989 60.1394275824229 41.7823493480682 12.7014331519604
84.3938291072845 74.1359641154607 71.589931845665 76.8861224253972 88.8399283091227 97.9342559973399 97.4744260311127 98.6171166102092 101.098954677582 101.099401712418 103.340754906336 106.403509775798 107.980300982793 105.997174978256 100.832839806875 98.1118480364482 100.521643956502 92.9280320803324 88.2657170295715 89.9417797724406 90.7083253065745 87.6930554707845 87.0965917905172 83.8912824789683 83.3922425905863 80.9809515873591 81.1193883419037 81.9167693456014 79.8313766717911 77.4777233600616 70.3107764323552 73.7415005763372 75.4219541947047 60.5331361293793 37.0736395319303 25.801623860995 14.2627892394861 11.5781612694263 24.2001761992772 57.4723333120346 89.082141717275 83.3840866883596 73.162704706192 56.9296280543009 53.0221809943517 49.1548776626587 42.2897239526113 69.036324818929 79.8262258370717 57.7872842550278
84.6613645553589 78.9967079957326 76.5483230352402 81.6434721151988 91.4437075455983 99.9806523323059 102.957169214884 98.783016204834 103.392392396927 101.795534292857 105.514824390411 107.1717441082 107.900490363439 109.817961851756 104.07030582428 103.620658318202 103.788157304128 96.9500641028086 92.7659471829732 94.0833588441213 94.0643747647603 90.9541149934133 89.7575418154399 89.2884035905202 87.5356396039327 87.1055523554484 84.4156642754873 80.6721349557241 76.4573961496353 70.7030395666758 61.3111058870951 63.6716584364573 68.9764718214671 70.2462196350098 68.4587806463242 56.5179983774821 31.2810440858205 17.3602439463139 12.9019878804684 20.2553098400434 40.6947483619054 46.0914671421051 40.8529564738274 32.9717025160789 32.582126557827 39.6501943469048 54.4947385787964 61.5559369325638 75.1471916834513 81.0132573048274
88.1252984205882 86.7584745089213 82.8514099121094 81.1025450627009 86.9779884815216 98.5523263613383 100.971569617589 98.9265342553457 100.690652926763 105.783373117447 112.068017323812 113.039632638295 110.88764667511 111.311366160711 107.639064391454 106.932093699773 108.021477858226 104.996899763743 98.9748040835063 94.822625319163 92.6364660263062 91.6634698708852 92.2619104385376 94.6737130482991 91.7481382687887 90.8891956011454 84.5779180526733 75.5266497532527 67.5886323054632 64.2626583576202 64.1503433386485 69.368193546931 74.1725514332453 85.6849551200867 93.0834213892619 89.216689268748 76.6955117384593 59.399555126826 43.1779573361079 22.6119607686996 26.563453177611 50.1964390277863 50.5690624316533 39.2357061306636 39.2571290334066 55.6150178114573 79.1906913121541 74.2806295553843 69.3070193131765 76.4197260141373
90.9207363923391 90.4428362846375 89.0782078107198 85.1543645064036 85.9926144282023 95.5481330553691 98.9469289779663 99.0578830242157 98.7829665342967 108.357697725296 116.744110981623 115.452816088994 109.992772340775 112.829466660817 113.786041736603 107.341816027959 108.845174312592 105.595727761587 100.301176309586 99.0215837955475 96.9964365164439 96.7674056688945 93.1879878044128 91.8371081352234 89.5142555236816 83.7510923544566 63.7268324693044 44.3044354518255 39.2661094665527 46.8844026327133 61.4477545022964 65.8517181873322 72.2526460886002 79.9350837866465 90.89461962382 103.38419675827 105.184823274612 86.0486527283986 86.1295660336812 53.8107256094615 28.8561607400576 51.8085459868113 67.6949322223663 68.3565934499105 68.1175639232 83.1334094206492 111.534754435221 99.536915620168 75.9944270054499 61.1258546511332
89.6049936612447 87.8068606058757 91.707448164622 92.6223297913869 89.6275440851847 92.3715035120646 98.8250474135081 99.839448928833 100.084553162257 108.032017946243 115.004966656367 113.873223463694 108.858197927475 112.056185801824 114.706039428711 104.771594206492 106.970051924388 104.591856400172 102.587819099426 102.588961521784 102.786481380463 103.117257356644 98.474661509196 89.9690886338552 89.3649856249491 85.1702988147736 67.1381553014119 46.9442903995514 47.9320138692856 58.2112620274226 70.4626540342967 71.7225174109141 83.1206887960434 93.4149821599324 102.858483791351 112.617631753286 91.2817120552063 45.9525684515635 46.4728822310766 57.4778417746226 59.6153785785039 73.6006100972493 78.6593109369278 61.5541885296504 37.6052980621656 49.5496888955434 88.5583062966665 83.3081106344859 69.2074795564016 58.7054491043091
77.4087359507879 85.6609443823497 89.6481871604919 92.5584336121877 92.3267205556234 88.6539916197459 98.9237527052561 103.158483902613 103.665848573049 108.31493139267 111.436247825623 111.597647269567 110.41459441185 108.20405681928 109.650115172068 105.599343776703 101.56786441803 104.84117269516 106.66165749232 108.602146307627 109.510590632757 104.812840620677 102.0228266716 93.7557419141134 93.0482745170593 93.2000378767649 87.9440009593964 80.9711913267771 83.4835469722748 89.2534852027893 87.7560377120972 81.7115704218547 97.3081886768341 106.750498215357 101.684411366781 74.9564270178477 65.0459825992584 28.969869017601 17.4553121129672 29.060885310173 50.5777100721995 78.33398381869 82.5089067220688 68.17427277565 55.3488334019979 58.0962946017583 73.9350418249766 78.6168177922567 76.1912117401759 69.0003385146459
67.0790026585261 82.8445454438527 87.5661770502726 90.5547738075256 93.6868290106456 89.6168351173401 94.0614938735962 102.895905574163 113.808810710907 114.926854769389 110.59961716334 108.147084712982 110.343794027964 109.000662962596 108.958184719086 106.133133172989 102.148701747258 104.475349187851 102.476964394252 99.2837945620219 100.383450587591 100.819965203603 98.5016524791718 96.8371828397115 96.3471134503682 100.940277179082 110.189944505692 114.265819390615 100.420832633972 93.4674143791199 91.7533338069916 81.8595389525096 91.7533238728841 82.7236076196035 41.2837738792102 31.9331958889961 30.5194382866224 22.4783296386401 9.05180784563223 5.73659315705299 7.90394035478433 31.0947448015213 79.8575083414714 95.987468957901 111.131687959035 105.517983436584 98.5856453577677 99.1130371888479 97.8514353434245 85.9355330467224
68.8106715679169 79.9122154712677 87.7842307090759 90.5934075514476 92.134952545166 92.6521917184194 86.7769718170166 97.2081621487935 119.212130705516 117.905914783478 109.21436548233 105.083843072255 107.618590195974 111.602932214737 110.476871331533 106.873333454132 105.347106854121 102.787772814433 95.6953962643941 87.9083971182505 87.7129038174947 90.9596383571625 90.3147061665853 95.2930053075155 95.4666137695312 100.748827060064 117.572118838628 128.571291764577 107.067147890727 98.5439419746399 81.6459556420644 71.932261188825 71.7143217722575 66.9792741537094 46.6467986504237 26.1418322722117 27.4952600399653 37.3529344797134 28.9504329363505 14.2139072219531 5.21202074984709 14.4026937584082 46.0495799779892 89.9901588757833 82.2086830933889 94.8957105477651 89.3017947673798 91.9349094231923 87.2272749741872 80.1413208246231
81.8576912085215 85.3201548258464 87.9893600940704 84.1532746950785 77.3869653542836 74.4773050149282 82.9265614350637 89.1403456528981 99.6985634167989 95.9887603918711 94.4904188315074 100.054800510406 106.757760047913 108.426719903946 104.145924250285 105.984538793564 106.051534414291 99.6311108271281 91.2152330080668 84.9316517512004 84.3552052974701 85.2383772532145 87.8525376319885 91.1784470081329 89.5848373572032 94.2631264527639 106.019010146459 115.34771323204 109.304755926132 89.5054539044698 79.0369262297948 61.7124140262604 57.1349461873372 70.6451336542765 65.149779121081 37.2569362322489 45.7857151826223 75.9057601292928 80.8900346358617 59.7165673971176 27.4612878759702 16.6683991750081 28.9632901549339 47.6109037796656 37.2766529520353 49.2496987183889 62.2706611951192 67.2229528427124 65.7849212487539 72.10573554039
94.6227709452311 91.0183986028035 86.8515074253082 79.092209537824 67.9594576358795 61.0800335804621 73.5238095124563 71.9472865263621 61.0569417476654 62.064250310262 73.5706090927124 86.6367320219676 93.3735569318136 98.3865062395732 101.472675800323 112.700551748276 115.151027838389 105.400820573171 96.0774421691895 92.5182600816091 89.1242225964864 88.3786380290985 90.2228057384491 89.0839695930481 88.9309446016947 91.2024180094401 94.5504705111186 101.764559745789 93.949814637502 75.5805174509684 74.8831282059352 68.6108519633611 63.2977237304052 80.6200802326202 85.8138998349508 72.772686680158 63.3580287297567 64.3038203318914 62.4862909317017 62.1031820774078 46.9183574120204 33.8866983850797 33.8670089840889 29.1306873162587 21.6619918743769 23.4448437889417 33.8095302383105 36.6870686411858 52.5682121515274 74.0415900945663
97.8716015815735 90.5137360095978 85.0096046924591 80.6960761547089 72.6810544729233 66.1218613386154 60.8359277248383 55.1766256491343 36.2438509861628 45.9479093551636 68.6919142802556 80.3674310445786 81.0007105271022 89.4056955973307 104.386250178019 121.679325898488 127.19801068306 119.059383869171 109.569668769836 104.973653952281 98.7640718619029 97.0836579799652 96.3075955708822 91.2083884080251 87.5370303789775 89.7506475448608 86.9844059149424 85.2553447087606 82.2986513376236 64.9260630210241 66.7427529891332 67.8491443395615 63.8718704382579 84.3682885169983 103.674511114756 107.022782166799 80.8145503203074 34.7021569808324 30.0184885660807 41.6319171587626 50.669401884079 45.8869834740957 48.1234788894653 42.9892440636953 30.1971485217412 25.8032555381457 37.5340382258097 48.2296744982402 58.489794532458 92.7437742551168
100.586424271266 94.6202874183655 93.1583841641744 94.3924685319265 90.7999376455943 83.7954084078471 77.9988616704941 78.7252982457479 77.1877219279607 82.6791226863861 92.1145478884379 98.9918609460195 99.4760394096375 93.7358438968658 105.023086071014 122.629274924596 133.334080378215 132.806330919266 124.730885028839 114.164133866628 106.820235649745 101.175685723623 99.0385115146637 99.4870066642761 94.954788684845 84.8070879777272 75.6281713644664 76.9959539175034 76.011061668396 72.2102423508962 58.4763139486313 48.6208299795787 42.4352387587229 71.7171927293142 112.346768379211 121.199240287145 87.1958235899607 50.9377717971802 22.5243965784709 22.6920495430628 27.0195677876472 30.8424532413483 51.24731361866 58.4653367598852 60.9006782372793 46.3764766852061 45.7732578118642 65.4686937729518 98.0701347192128 150.528013706207
101.471245288849 98.4309315681458 98.6044605573018 99.9799370765686 99.3947585423787 95.4479575157166 94.812403122584 103.776256243388 121.89323703448 117.089529832204 107.832014560699 109.644671281179 115.616023540497 101.868242025375 103.245884180069 112.567206223806 122.471859057744 129.344483216604 129.450082778931 122.055321931839 115.253468354543 108.516176541646 102.862596511841 98.7713436285655 89.6696448326111 79.9783319234848 69.7873582442601 66.9634888569514 68.1336571772893 60.4149997234344 31.2502508362134 28.5616666078568 22.2042749325434 36.9371647636096 110.326627890269 122.352908054988 101.747790972392 90.6406044960022 55.8589349190394 16.7178548872471 8.65944847464561 6.55644883712133 25.5379776159922 64.1962786515554 73.0659315983454 62.1336499849955 60.7828845580419 90.2488032976786 155.721634626389 203.723669052124
