input/barkrak2/radiation/dir34024.grid
NCOLS 85 
NROWS 70 
XLLCORNER 665100 
YLLCORNER 4664600 
CELLSIZE 20 
NODATA_value -9999 
[rows 23 to 45 of 70, columns 0 to 51 of 85]
61.1404875914256 51.1564960082372 21.7971801757812 6.21515450378259 0.613074128826459 8.83623274664084 5.75969492395719 3.79399365435044 2.59163649752736 2.28690526758631 3.02765083809694 5.45414040486018 10.8128959933917 13.897180557251 11.3668317596118 12.2160303095977 17.7435042957465 25.1144195596377 29.6113838752111 23.6294195055962 22.3887513081233 26.4207795262337 37.0712429285049 45.7716087500254 51.325927178065 52.119771639506 45.7869867483775 39.4928654034932 21.6085438927015 8.86283442378044 5.3334670762221 1.08524373111626 0 0 0 0 0 0 0 0 0 0 0 0 0 0 0 0 0 0 0 0
61.0193659861883 57.129497329394 36.5875562032064 10.2760015676419 0 2.99709942191839 4.93542104959488 5.06167269001404 4.2200122649471 3.49813203016917 3.03251016885042 2.05864307160179 7.93837135036786 11.9746091465155 11.5987149377664 11.2685884038607 15.4928167661031 23.4184265136719 28.9514934023221 22.3154673973719 20.9518323342005 18.2222165167332 24.5732789238294 32.0213660597801 36.2192342678706 36.6751948992411 34.0144087870916 30.4814850290616 13.8027854263783 4.71252202987671 2.06943058098356 1.17544434033334 0 0 0 0 0 0 0 0 0 0 0 0 0 0 0 0 0 0 0 0
49.1411586602529 53.0765354633331 46.1766968170802 18.9287637670835 7.97629506147738e-05 8.55706818401814 15.5471228063107 23.0857928593953 23.8627741734187 18.8791913290819 15.6622951229413 15.7617467145125 15.3222158551216 17.9119544724623 17.7928966780504 13.3015016714732 14.6850297848384 22.561435898145 28.2797366380692 30.3491701682409 30.734417339166 26.8575797478358 24.1450195511182 23.8580629229546 26.627538104852 28.4413794676463 24.7460653384527 25.450939933459 14.9119471510251 11.224636187156 8.72627024849256 11.0022686421871 6.62450802822908 0 0 0 0 0 0 0 0 0 0 0 0 0 0 0 0 0 0 0
47.8756825129191 52.4981170892715 50.1716633637746 27.2209048271179 6.39169787367185 19.1432659824689 31.6024894515673 41.4104014635086 50.5272050698598 44.442613919576 28.7897189458211 29.1490207115809 26.3445923725764 27.5128980477651 28.7078867355982 19.1712118685246 16.6589183111986 23.306205868721 30.8234045902888 39.7447943687439 40.6910454233487 38.9231989781062 31.2435900171598 25.9288052717845 26.2176369627317 27.9736618200938 23.974006374677 31.0917173822721 29.6235233545303 28.4078617890676 31.9705953200658 46.7358330885569 54.1334648927053 35.0376019875209 0 0 0 0 0 0 0 0 0 0 0 0 0 0 0 0 0 0
49.0765670935313 48.2226063807805 48.2218613227208 32.6432039340337 27.956301967303 38.38200122118 52.4485011895498 58.8021576404572 59.4889571269353 50.533597668012 37.4673480788867 31.4836824933688 28.0589759349823 31.1943466464678 32.5534244378408 27.3250093062719 22.3019843300184 26.5396187702815 38.9541784922282 43.6182121435801 41.1021833618482 33.1351185838381 30.8715626597404 31.4486175775528 31.6286658247312 31.6373084982236 29.480442404747 38.934513926506 54.7674496968587 58.9903146028519 62.0810985565186 67.7270789941152 77.6615043481191 82.6941082874934 41.3466890652974 0 0 0 0 0 0 0 0 0 0 0 0 0 0 0 0 0
51.8891712029775 42.4798925717672 42.882705728213 34.960483511289 46.9335814317067 51.1194715897242 55.2216569582621 53.808202346166 50.040860970815 38.4660288691521 31.7156811555227 27.933157980442 27.964989344279 32.2784433762232 33.5772708058357 34.8226502537727 29.9804583191872 25.6959994633993 33.8994140426318 37.6562202970187 35.1535479227702 28.711773455143 28.4226983785629 33.6772153774897 35.6968392928441 32.5819825132688 33.5489362478256 38.8427848617236 60.6074432531993 72.9227215051651 78.5585890213649 82.4030488729477 89.9186034997304 91.4197166760762 80.7495514551799 18.3772767583529 0 0 0 0 0 0 0 0 0 0 0 0 0 0 0 0
53.1089305877686 38.1832917531331 38.1278644005458 39.1754632194837 48.3757356802622 50.7356226444244 44.3778683741887 33.2875177264214 8.14533233642578 6.51675462722778 5.73185955484708 18.4845887124538 25.8656938870748 32.6991230249405 34.2612738410632 38.2037237286568 35.2087765932083 24.1711760560672 25.9349470337232 29.0599713722865 28.1623303890228 28.7817269563675 28.827336927255 33.8648408651352 38.5668600598971 35.4905476172765 37.4660442272822 39.1552125414213 54.5644362767537 75.2234359582265 85.9392583370209 91.1501248677572 93.408207098643 94.336062669754 99.9658207098643 81.4536909262339 13.4293499092261 0 0 0 0 0 0 0 0 0 0 0 0 0 0 0
52.4362822373708 52.7323136727015 69.8161522547404 96.7131356398265 77.1925747394562 56.8915704886119 35.0621740023295 8.79464236398538 6.00816681981087 13.1837862233321 4.76127521445354 5.0352035711209 25.4768207669258 33.9743768175443 36.6612200935682 42.7547693252563 39.3033425013224 28.1645208597183 27.6938229799271 30.1445499062538 27.5695050756137 31.5039505561193 33.1475387016932 34.9839876095454 40.0283137957255 43.5921450455984 42.0349687337875 44.2312906185786 56.0877770185471 78.4886280695597 93.5216943422953 95.2032605806987 92.3955341180166 100.122441848119 108.221709728241 110.850026210149 85.2688749631246 34.7157046198845 0.212508913440009 0 0 0 0 0 0 0 0 0 0 0 0 0
62.7974470456441 91.9521848360697 136.381407578786 157.277186711629 137.031187613805 91.3707713286082 51.7898251612981 28.2033359011014 23.570641875267 27.1314010024071 20.2876689533393 17.544778684775 25.8662104606628 32.3513994614283 40.935292840004 44.7389086087545 41.5269533793131 36.0726987322172 30.0383840998014 30.9611881772677 30.9049263596535 33.8572412729263 35.9637265404065 36.2257485588392 40.349451204141 50.4370878140132 50.5127211411794 55.5321723222733 64.6957258383433 79.2562564214071 92.2296245892843 98.6809035142263 100.259363651276 105.149437983831 111.524869998296 112.36697435379 105.563501516978 84.7425858179728 31.9279034932454 0 0 0 0 0 0 0 0 0 0 0 0 0
116.451640923818 151.062985261281 176.274259885152 178.910215695699 175.746222337087 152.317762374878 113.749851783117 80.8224181334178 61.3453388214111 51.5039463837942 47.8506088256836 39.6938199798266 28.1189456582069 29.7611802816391 38.4109069903692 44.6328620115916 39.6049891908964 40.3920883933703 30.6314527988434 29.1917721430461 32.7339793244998 34.1643442710241 34.5962842305501 34.941462179025 39.54017162323 51.3721257448196 56.6832919915517 63.3546461661657 71.5023428201675 79.1240433851878 88.6444846789042 96.7037578423818 98.5767245292664 95.7915186882019 96.7154204845428 92.5111671288808 93.8613216082255 80.9512386719386 42.6351477702459 0.318416491306076 0 0 0 0 0 0 0 0 0 0 0 0
168.141086896261 186.23149394989 190.671801567078 189.771294593811 192.739566167196 187.896370887756 166.627029577891 128.849496444066 96.1848398049672 73.0701436599096 73.9383945862452 67.0419683059057 44.3912247816722 36.2283041079839 36.7335826158524 40.6216457486153 34.908505777518 35.4945982495944 29.4007832805316 30.4763913154602 30.0657649834951 31.4669534564018 30.7506397366524 30.318225423495 36.2883011500041 45.9353029727936 55.9084862470627 59.5152378082275 67.8068498770396 78.042467435201 87.5848829746246 89.27983045578 82.4980735778809 72.2428460915883 74.7760385274887 63.32595149676 64.1997506221135 51.1678159236908 12.900784611702 0 1.13616216306885 0 0 0 0 0 0 0 0 0 0 0
183.06306997935 192.115167776744 190.317908922831 192.82998641332 194.272756576538 191.713909308116 183.776160081228 154.969910780589 111.265848080317 85.7876241207123 84.0530792872111 81.7551861206691 65.4781709114711 45.7719018061956 37.967915336291 38.7017801403999 33.0232332150141 29.8540269335111 29.4121205806732 32.11593379577 29.1328777869542 28.6140193541845 29.5405214031537 30.6180790066719 34.4757884740829 40.0667786598206 49.1161495447159 49.8944222927094 58.0543031295141 73.0351110299428 80.367644627889 79.2767107486725 75.0541538000107 68.2863543430964 62.3550713062286 51.9131372372309 55.4435551166534 52.9909431934357 35.2836723128955 5.85098875065645 7.13047261039416 0 0 0 0 0 0 0 0 0 0 0
174.815098444621 179.369727770487 176.328778266907 178.473869959513 178.645034631093 172.561426957448 167.280932267507 150.779773791631 116.023768981298 96.0260530312856 91.7427440484365 84.6066872278849 75.0569651524226 51.4797667662303 41.2018621961276 42.0261720816294 35.6794322530429 28.5349090894063 31.8300177653631 32.9666286706924 32.0743372042974 29.5791178941727 32.2489192088445 35.3293816248576 34.2030798395475 38.6654660105705 42.6382273435593 43.7078028917313 49.5204925537109 65.7345006863276 73.8252947727839 73.9323695500692 75.9474436442057 76.7384668191274 61.9265635808309 57.1592152118683 60.8592530091604 66.8664773305257 61.3672236601512 26.175431907177 0 0 0 0 0 0 0 0 0 0 0 0
149.767855803172 153.578231732051 155.178844928741 152.494957049688 151.974121729533 150.932053724925 155.598024527232 153.857549031576 128.408203522364 105.968366066615 91.8900668621063 76.9817531108856 68.6622361342112 48.2001354297002 37.3207132021586 41.6584809621175 43.5041636228561 33.3419516682625 35.4484468698502 38.1447225809097 38.0228434999784 34.8460997144381 35.0009649991989 37.8055249651273 36.2238039573034 35.9138051668803 41.2020410100619 47.2963253657023 50.8958250284195 61.020036538442 71.5290059645971 74.7756808996201 76.6466756661733 80.4977814356486 65.4712071021398 65.1949147383372 65.7256344954173 73.195551832517 72.6832300424576 37.1597881118456 0 0 0 0 0 0 0 0 0 0 0 0
126.587311426799 135.474344094594 146.958529949188 144.119103749593 142.324984073639 148.934503396352 159.680823485057 163.374056418737 147.362440824509 117.763936519623 95.1074262460073 69.4797982772191 52.8463820616404 41.5170937776566 33.6645195881526 36.97386632363 46.9886362552643 40.0910899043083 37.7144366502762 41.1286950111389 40.9627755482992 38.1586874524752 36.2967923283577 37.7392719189326 38.472389181455 37.9988625645638 40.6895677248637 47.8462676207225 51.8670330444972 56.2121073404948 66.1495228608449 75.6750752528508 78.2210181156794 72.5718488295873 62.3389432827632 71.7331965764364 75.0523904959361 78.8781096537908 79.0366729100545 55.9723079204559 0 0 0 0 0 0 0 0 0 0 0 0
91.2512838840485 102.386077245076 110.524704058965 115.290691455205 122.939477364222 138.621985912323 153.25007836024 161.106556653976 160.090953111649 132.51797358195 97.5304245948792 66.9476439555486 48.2604801654816 44.8163002729416 38.4380146861076 33.0469186107318 42.4995919068654 43.0665065844854 38.5998239119848 38.5990291833878 39.0631208817164 36.5712170799573 34.5040162404378 35.6444865465164 38.8080353538195 41.6648065050443 41.2643228967985 45.9569791952769 49.7587422529856 51.7336328824361 59.5661054054896 72.2543895244598 75.9510745604833 63.9064610004425 64.9292121330897 79.5421103636424 82.5169086456299 82.7726026376088 83.4092001120249 79.0391365687052 29.2086104551951 0 0 0 0 0 0 0 0 0 0 0
58.1463674704234 64.4546498854955 64.1144663095474 73.7644284963608 88.6731843153636 105.863402287165 120.907535155614 132.727682590485 134.051829576492 111.231585343679 78.6779721577962 55.0624529520671 43.5142417748769 42.411595582962 39.2342756191889 35.0512141982714 39.4502232472102 39.6127104759216 33.9167043566704 34.3248248100281 37.1562639872233 39.8456652959188 39.7112493713697 36.5314284960429 36.0126892725627 38.3200446764628 43.1993802388509 45.4276253779729 48.975924650828 48.900360862414 52.1440009276072 62.4450544516246 69.3769156932831 66.4511819680532 82.2534263134003 88.0236426989238 85.7520500818888 80.5772145589193 86.9115094343821 98.2674558957418 89.6671712398529 35.5681578318278 0 0 0 0 0 0 0 0 0 0
47.824631134669 49.5989372332891 49.5712757110596 51.6867736975352 60.0460668404897 65.8226112524668 69.4297651449839 75.1346349716187 75.4284759362539 60.7544829448064 46.6212381919225 42.5973236560822 41.3450797398885 39.2128030459086 38.3089656631152 38.952166835467 38.2057378689448 37.4133065342903 33.7013676762581 33.9231491088867 37.8758311271667 43.3295468489329 44.3271646896998 40.9819558262825 38.5416001081467 37.2743010520935 44.9076195557912 47.6491053899129 49.9564458926519 49.740066130956 49.9107937018077 56.7592084407806 63.6854420105616 71.9854533672333 88.2893304030101 87.9985789457957 80.6124061346054 70.82466284434 75.0875870386759 91.0840233167012 100.281139214834 91.1842286586761 44.65518395106 1.43989020337661 0 0 0 0 0 0 0 0
55.5431644121806 53.2397578159968 53.4178117911021 53.1526456276576 49.9856819709142 48.1143693129222 46.8811790148417 48.0384180943171 53.0294825633367 45.490692059199 38.3896579345067 39.7553890943527 43.0711756149928 43.241893251737 42.5671140352885 40.9209877252579 36.4991426467896 42.5979445377986 44.3985462188721 41.0140305757523 43.1783596674601 43.549582362175 41.9473350048065 44.4252441326777 45.9113121032715 41.9243921836217 46.4909970760345 48.8494882980982 50.0391225020091 51.6616900761922 52.2173742453257 56.3271145025889 61.7486784855525 76.6725291808446 84.1741760571798 77.7374605337779 68.519910176595 59.7606847683589 56.6951235135396 67.3562536636988 91.0811920960744 95.59166431427 72.3701020081838 25.4900405804316 0 0 0 0 0 0 0 0
59.6031496922175 56.9843202829361 59.8055024941762 58.4878871838252 51.9976317882538 49.0412016709646 47.0470537741979 44.6473509073257 44.9001888434092 41.923721631368 40.3760398427645 40.3168722987175 43.7400837739309 47.3878681659698 47.1658309300741 44.2899763584137 42.0367320378621 47.6399560769399 50.0091711680094 44.8301136493683 42.7156488100688 40.4395932952563 37.3255809148153 39.8354182640711 44.5041358470917 41.4189820488294 38.8035376866659 43.6431467533112 47.439843416214 49.5085517565409 49.8861422141393 50.6062706311544 60.6686671574911 77.3165772358577 81.8124910195668 69.2837635676066 60.0312302509944 56.818813085556 55.5643339951833 62.962993979454 68.126584092776 70.7101027170817 59.581845998764 32.3490351438522 0 0 0 0 0 0 0 0
44.8857098817825 47.4051733811696 55.6582709153493 53.2515545686086 55.621271332105 57.9308221737544 57.3616276184718 53.3859332402547 43.7721113363902 42.4831509590149 45.5212891101837 42.7363415559133 43.4988439083099 46.875794728597 47.2231606642405 44.835090637207 46.1296637852987 48.5697686672211 49.419696132342 45.3619708617528 40.5271723866463 38.2043123245239 36.2305293480555 36.4953627189 39.5544519027074 42.7700181802114 38.1124466657639 40.4538710912069 44.9231763680776 46.359380086263 45.0190007686615 43.027068177859 52.5269409020742 65.6774888436 70.7265784343084 62.2108081976573 58.2682937383652 60.6593638658524 60.4204833507538 60.7373217741648 58.6327215035756 57.6959550380707 53.3481935660044 32.0383161306381 0.856942186752955 0 0 0 0 0 0 0
43.3973968029022 48.9642769098282 51.8355270226796 52.4856100479762 54.2965233325958 56.6731890042623 57.0071637630463 53.4168183803558 49.4204163551331 45.8477586507797 47.4446813265483 45.4486608505249 42.907769481341 41.4999773104986 40.8596793810527 41.1898146073023 39.0955060720444 44.9684907992681 46.2476710478465 45.0584342082342 41.283721725146 39.3109520276388 39.4299427668254 40.7212724288305 39.082666238149 47.306701540947 49.4183401266734 46.3193356990814 45.9900051355362 44.5556193590164 40.629136065642 38.5742237170537 44.1034237543742 48.127939303716 53.7498195966085 56.9489747285843 60.1878861586253 65.6551718711853 65.5758629242579 59.075320760409 59.2039227485657 54.7146797180176 52.2133360306422 36.3865370551745 8.55006650090218 0 0 0 0 0 0 0
49.3092189232508 53.7270655234655 51.0624398787816 54.2728205521901 52.9191046953201 53.1145880619685 54.6742578347524 53.4294048945109 54.7228256861369 50.8514493703842 50.1273373762766 49.6669113636017 45.2619343996048 41.4071008563042 40.6056592861811 44.0007547537486 39.7039006153742 42.8718676169713 46.2185442447662 45.0746218363444 43.1038935979207 42.9513355096181 42.5460735956828 44.5987284183502 46.1338758468628 46.8423366546631 51.973228653272 49.4083911180496 46.9870070616404 46.0992356141408 42.2772069772085 39.3049965302149 41.8609033028285 41.3695126771927 41.7225162188212 45.1134741306305 51.1606335639954 59.8942935466766 57.9263518253962 48.2700864473979 49.9235590298971 48.0414529641469 47.8828648726145 45.1950977245967 29.2787402868271 3.51202456901471 0 0 0 0 0 0
