input/barkrak2/radiation/dir32024.grid
NCOLS 85 
NROWS 70 
XLLCORNER 665100 
YLLCORNER 4664600 
CELLSIZE 20 
NODATA_value -9999 
[rows 23 to 45 of 70, columns 0 to 50 of 85]
79.1900803645452 68.5199797153473 35.8556856711706 18.5681122044722 13.9242236812909 18.3656079073747 18.6830386519432 7.09277515610059 5.30904158949852 4.91339713335037 15.2190402150154 16.3515930374463 18.9134279886882 24.5194584131241 21.9023128350576 21.76400522391 28.098704914252 36.3870014746984 41.5124371647835 36.1620585123698 35.0599363446236 38.4777237971624 51.0983367760976 60.5365286270777 67.3347612222036 67.7707443634669 61.9939118623734 52.2652318080266 33.4111129244169 15.4451889296373 11.1130898197492 4.08977549523115 0 0 0 0 0 0 0 0 0 0 0 2.69018672406673 4.18701705833276 2.23786849528551 5.06425804148118 10.3888163963954 10.9652703007062 13.4940532346567 16.4830014109612
78.7200381358465 74.6194918950399 52.5434911251068 23.3702287077904 8.09709851940473 18.3275602757931 18.5213486353556 17.128928254048 11.0099414984385 5.60200649003188 5.05160788695018 14.7905871272087 16.2743230660756 22.49842385451 21.6200202703476 20.6809975206852 26.1305347084999 34.8988100886345 41.9599066178004 34.8444978396098 32.7088584502538 30.6912039717038 38.2288421193759 45.8135306835175 50.0433892011642 51.8255482117335 49.0124722321828 43.998971581459 21.593617896239 10.1839620620012 5.84362385173639 4.18679850796858 4.96629556778529e-11 0 0 0 0 0 0 0 0 0 0 4.78543651600679 2.29835510253906 0 0 2.71804568668207 5.56594567994277 7.20387883484364 5.70391801496347
65.622940659523 70.0689256191254 63.065047065417 32.8813095887502 7.96493949989478 18.2633164028327 24.8278429110845 32.5832615296046 32.8067863980929 26.5850052237511 20.4254128038883 22.7022642890612 23.6196368932724 28.9995521306992 28.1612028678258 23.9448969562848 25.3135388096174 34.4879378875097 40.7534092664719 43.2853500048319 43.6615844567617 40.229802330335 37.233571211497 37.0696857571602 40.6988337635994 42.4324969450633 38.3550773064295 39.1355827450752 23.3279590805372 18.6357423663139 15.5588227013747 19.3763549129168 13.7241706252098 0 0 0 0 0 0 0 0 0 0 2.79672723263502 0 0 0 1.4670779928565 1.3957970465223 0 1.02118806292613
64.3174896637599 69.4397787253062 67.2498792409897 42.1658158302307 19.5873901247978 30.9247747063637 43.1542992591858 52.7511537075043 60.1001530885696 53.4758468468984 36.683514714241 39.1622533400853 36.5438709656397 40.0443275769552 37.9389797647794 29.837874074777 27.8862814108531 35.9790250658989 44.2181875308355 54.8281123240789 55.2731951077779 52.4784624576569 44.5331633090973 38.9499391118685 40.1695370674133 42.0788526535034 37.5346814592679 44.9941456317902 42.0565754175186 40.4862885673841 45.3184396028519 62.6184493303299 70.8467662334442 50.3166218598684 0 0 0 0 0 0 0 0 5.54935758312543 0 0 0 0 0 0 0 0
65.8045411109924 64.7127081950506 64.847007393837 48.0840901533763 44.8344846566518 52.4842937787374 63.6102209488551 68.7552591164907 71.8414634466171 64.6125227212906 47.137717405955 42.5227781136831 41.5538822611173 40.6237915158272 42.7458186944326 39.6689573923747 33.6274181803068 40.9490590294202 51.5253245830536 57.7938954035441 55.0983846187592 46.6675957043966 44.4189409414927 46.0016230742137 46.2190459171931 46.9903846581777 44.3685948848724 54.5122822125753 70.679451028506 75.1461088657379 79.5442362626394 86.7761572202047 97.2542464733124 104.049930969874 59.7721487283707 0.0414312089560553 0 0 0 0 0 3.844838278989 2.25357618182898 0 0 0 0 0 0 0 0
68.7545239925385 58.1215570370356 58.7162872155507 50.9769022464752 64.2889589071274 63.5131398836772 65.8232718706131 63.3384982744853 58.7137639522552 48.747921983401 41.3266023000081 38.1609201431274 36.6939057906469 42.8225100040436 43.7795619169871 46.8607842922211 42.6625808080037 38.9981543024381 48.9651908477147 51.7179369926453 48.8489617904027 42.2663986682892 42.1059081951777 48.5442529122035 50.8082608381907 47.6763745148977 48.785795768102 54.5649180809657 77.4935086568197 90.6493167082469 98.5795855522156 103.218336900075 110.547324021657 113.646705945333 104.488879442215 33.2512433330218 0 0 0 0 0 0 0 0 0 0 0 0 0 0 0
69.7738081216812 53.0397643645604 53.3295075098673 56.1632265647252 65.0433997313182 63.0175371964773 54.6105951070786 40.1193822423617 29.9589509765307 25.2979372938474 24.9756003419558 28.800442814827 34.4219083587329 43.2342439889908 46.9954212506612 52.6233861843745 48.1615414222082 36.301260193189 39.6123876174291 42.7929311990738 42.800635099411 42.877659201622 42.773907383283 48.3594636122386 53.8579722245534 51.1316408713659 53.2714525858561 55.0483564535777 71.2635219097137 93.7201877435048 108.178953329722 113.295137882233 114.46076631546 116.198350985845 122.868031263351 105.943500995636 27.3034696777662 0 0 0 0 0 0 0 0 0 0 0 0 0 0
68.560391664505 69.2932059367498 88.9288783073425 118.92447868983 96.4200794696808 70.4021056493123 45.1181332270304 21.2681839863459 9.13577775160472 20.0586480398973 18.1930934389432 6.6089245180289 33.3782956004143 44.7861403226852 52.6073823372523 55.5850068728129 53.6782294511795 42.1080489953359 41.3512140512466 44.4721082846324 42.2814687093099 45.7988083362579 47.4418252706528 49.7510731220245 55.59408167998 60.0750843683879 58.2907497882843 61.0767950614293 73.2035785913467 97.5573658943176 115.32332499822 119.183331727982 115.829249223073 123.083611329397 133.479466040929 136.70684893926 111.307094494502 52.4307191371918 3.95656997958819 0 0 0 0 0 0 0 0 0 0 0 0
80.5113017559052 112.564196189245 159.048606952031 179.813881715139 159.07210111618 108.398507038752 63.3300443490346 37.7161179979642 30.2864039937655 36.1867100000381 28.4799511233966 24.3401303887367 34.2118094364802 43.0708974599838 54.7204911708832 59.5347930987676 56.0871164004008 50.2978563308716 43.871929248174 45.1093018054962 45.522928237915 48.1933255990346 51.448866724968 52.0014514525731 56.6437443097432 67.6812032858531 67.6122109095256 73.0119645595551 82.8083207209905 99.0653534730275 115.464647610982 123.023788134257 123.591442902883 129.22058502833 134.497503439585 136.439512173335 129.300177097321 112.418999274572 49.2022136847178 2.47113251437744 0 0 0 0 0 0 0 0 0 0 0
138.417194286982 173.829138278961 199.190139770508 200.367252031962 198.311368624369 171.045819918315 128.961493571599 94.7234729925791 72.8261868158976 62.6580268144608 57.2956303755442 47.2362736860911 36.6181209683418 41.725034515063 55.1058898369471 60.9630843003591 54.4996460278829 55.0428281227748 44.8594788710276 43.9583410819372 47.1157083908717 48.3434547980626 49.0748981634776 49.902136127154 55.0141135851542 67.9032951593399 73.4606583913167 81.6121995449066 90.2598102887471 97.3363320032756 108.474930127462 122.989197572072 123.516023159027 120.429178078969 121.745934089025 114.942967891693 117.297172546387 102.85539428393 57.9106708367666 11.7118991911411 0.178110824587444 0.546587243055304 0 0 0 0 0 0 0 0 0
191.031555334727 208.768347899119 212.467968463898 209.983646869659 212.650795777639 209.046204884847 186.047414938609 144.681324561437 107.69913593928 85.9499176343282 86.2606962521871 77.6807318131129 54.9456377824148 47.1399625142415 52.9342194398244 55.9314688046773 50.6964375575384 50.9152114391327 44.4056689739227 45.3027387460073 43.5951848824819 45.5377946297328 44.8978344599406 45.5575287342072 51.8707434336344 61.8523259957631 72.5585073232651 76.3990084330241 86.3244334856669 98.2044140497843 107.447495063146 110.602865616481 104.83048359553 94.0847992897034 95.4420367876689 81.8740030129751 82.6907157897949 68.1814253330231 34.666895866394 2.34691084673007 7.41350278258324 5.91976443926493 0 0 0 0 0 0 0 0 0
205.700953801473 214.099367459615 212.068577607473 212.661544481913 213.827212651571 212.911089261373 203.264037768046 172.203481197357 125.109275182088 100.101957718531 100.561042626699 92.4898087978363 79.0047148863475 59.222549200058 52.6248017946879 53.7255654732386 47.4794258673986 44.3081557750702 44.052188595136 46.9027161598206 42.7007625500361 42.6287750403086 43.8907394806544 45.1524456342061 49.1274545590083 55.9290597836177 66.0541554292043 66.9198582569758 75.7641394933065 91.8790698051453 100.981503725052 98.3855128288269 94.3327844142914 89.0650848547618 81.1097075541814 68.5931444168091 72.4697411060333 69.80333228906 50.5902270476023 18.0030936996142 16.945481300354 7.73707156380018 0 0 0 0 0 0 0 0 0
199.054022630056 203.462521235148 199.147740999858 201.249082883199 200.095812479655 195.307374000549 188.960750897725 172.633488972982 133.97337992986 110.807061195374 105.519553025564 100.401590267817 90.3628667195638 66.3383702437083 56.6173940896988 58.3019951979319 51.3485372066498 42.9899394512177 46.7140674591064 48.5011736551921 46.7264105876287 43.1796809037526 46.9503303368886 50.9140441815058 49.5636363824209 54.4073532025019 58.9351803064346 59.6351722876231 66.427618265152 85.0141942501068 93.8106576601664 92.6398535569509 95.4240461190542 98.6569921175639 81.0059060653051 74.6706028779348 78.6472409963608 85.5873227119446 80.3569406270981 42.9676473140717 13.0565911531448 0 0 0 0 0 0 0 0 0 0
174.233277638753 178.071777025859 180.700480937958 176.880439122518 176.233331362406 174.170732498169 177.80727148056 175.110280513763 145.348489284515 118.650128444036 106.061398983002 95.2243109544118 85.1624210675557 64.3020818630854 52.7236709992091 58.0422381560008 59.5658719539642 48.6438572406769 50.7522026697795 53.653672337532 53.2132337490718 48.8490660985311 49.8468776543935 52.9618660608927 51.1584530274073 51.3669153054555 57.3548128207525 63.4238223234812 67.1848952770233 78.8550078868866 91.3548469543457 94.647228717804 95.2998101711273 100.273370742798 84.4111541906993 84.3935906887054 84.1746131579081 92.2701160113017 92.8196609020233 52.6056885719299 0 0 0 0 0 0 0 0 0 0 0
151.226013898849 160.455336173375 172.338783740997 168.405175209045 167.291502157847 173.019607861837 182.919045289358 184.811373551687 167.72449016571 133.982052405675 110.439529021581 85.2944552898407 69.3830251693726 57.7772557735443 49.7174511353175 53.3977150917053 64.0112708012263 56.1135709285736 53.1108677387238 55.9017459551493 56.4209967851639 52.476574977239 50.6040900945663 53.1148413817088 54.4637938340505 53.083747625351 56.0863713423411 64.5823429028193 68.1186517079671 73.6739933490753 84.3643248081207 95.7305232683818 98.1497168540955 91.440478960673 80.9100617965062 92.9126342137655 95.5097079277039 99.5867848396301 99.8793641726176 74.2468982934952 0 0 0 0 0 0 0 0 0 0 0
113.509476184845 125.218023856481 134.396523237228 139.365861813227 147.272715965907 163.566380739212 177.506864070892 185.147086779277 181.267857551575 150.527973969777 116.554458936055 84.180494149526 65.2307420969009 62.3676776885986 54.5609593391418 49.2118497689565 59.6350530783335 60.2496564388275 54.3315609296163 54.1151463985443 54.676279425621 51.8496483564377 48.8395541906357 50.7969359556834 54.1279862324397 57.8672389189402 57.4702024459839 62.6121610403061 66.5440261363983 67.7432616551717 77.2619148095449 90.8875068028768 95.5628554026286 81.4951558907827 83.481103181839 101.919859647751 105.499049027761 103.046784798304 103.084584077199 100.337247053782 44.6274727582932 0 0 0 0 0 0 0 0 0 0
78.0350118875504 84.947536389033 84.5894416173299 95.2118337154388 111.133774121602 129.424651463827 144.267429908117 157.550682624181 158.54615966479 135.806620121002 99.8078286647797 74.3767668803533 61.2020939588547 59.3420664469401 55.6454608837763 51.059752702713 55.6188176075617 55.9401313463847 49.3613133827845 49.3181596199671 52.4142235517502 55.457999308904 54.3956359227498 51.160270969073 51.2361625830332 54.2294085025787 58.9363326629003 61.9787673155467 66.584974527359 65.4450754324595 68.0563598871231 81.3053448994954 88.194062312444 84.3112667401632 102.444887161255 112.241824467977 110.822568337123 103.330850601196 107.194443543752 121.866554021835 113.60373099645 52.2453437248866 1.34967236469189 0 0 0 0 0 0 0 0
66.9338405132294 69.0510918696721 68.9736853043238 70.917010307312 80.0731678803762 86.5761240323385 90.9073154131571 96.4986383914948 96.6268181800842 81.3289980093638 65.3064548969269 61.2489134073257 59.9220891793569 56.9786528746287 55.3326259056727 55.7050357262293 54.3817778428396 54.3651630481084 49.9283224344254 49.6796121199926 53.9367298285166 59.1374089320501 60.2987905343374 56.1530540386836 53.2265802224477 52.5294740994771 61.4940623442332 63.6249929666519 66.8540149927139 67.3656761646271 66.4677222569783 73.1563717126846 81.9777796665827 90.9574528535207 109.523336092631 109.220008055369 104.281435410182 93.9669112364451 95.7958499590556 111.748725175858 124.682674805323 116.600732008616 63.959926366806 7.07130258282026 0 0 0 0 0 0 0
75.3581027189891 72.981595993042 73.0119695266088 72.7369487285614 69.0673738718033 67.2451506058375 66.0025974114736 67.5065517425537 72.5337366263072 64.1302665074666 56.3583175341288 58.0660353104273 61.3289177417755 62.0223383108775 60.6012394030889 58.614581823349 53.1971553961436 59.7979674736659 60.9320998191833 57.6090663671494 59.8117013772329 59.3503614266713 57.819257179896 59.760257601738 61.9233200947444 56.5278281768163 61.3865007956823 65.8014565706253 66.9456571340561 68.5979276895523 68.9683109521866 72.6485898097356 79.2336165904999 96.4824159940084 103.506674369176 97.8102882703145 88.8309677441915 79.2630811532338 76.1599540710449 86.955467859904 114.145378271739 119.662870963415 95.5419838428497 40.2025034030279 0.962854440634449 0 0 0 0 0 0
79.7776530186335 77.0170936981837 79.973707596461 78.4008006254832 71.4191297690074 68.2372401158015 66.067377726237 63.5593930880229 63.6846075455348 60.4734520117442 58.7027321259181 58.3619872728984 61.927060286204 66.1123096942902 65.7122482856115 63.08447321256 59.9515934785207 65.3929611047109 67.77490178744 61.7804179588954 59.2473049958547 56.8910340468089 53.5838305950165 55.4460783799489 59.7836871941884 56.9656789302826 54.0370643138885 58.6494704087575 64.2385184764862 66.2166774272919 67.4600303173065 67.2491788864136 77.362447977066 97.4823335806529 104.02770837148 88.1444017092387 77.9433498779933 75.4246066013972 74.9552100896835 82.5695991516113 90.9745097160339 93.8956439495087 80.4719676574071 47.878752152125 2.5458390203615 0 0 0 0 0 0
64.1508003075918 66.7500346899033 75.5319048961004 73.0229616165161 75.4466305176417 77.6979674895604 76.9746005535126 72.4288125832876 62.2882147630056 61.0414644082387 64.6789918343226 61.1554731925329 61.7595364650091 65.4333084821701 65.8046205838521 63.6771420637766 65.0944213072459 66.960612932841 68.1497404972712 63.3448163668315 57.1108559767405 54.1762461264928 51.9725730021795 51.8578390280406 54.4813026984533 58.793509999911 53.4167240063349 55.9010207653046 59.875359137853 62.894269824028 61.2412790457408 58.8833789030711 70.1472610235214 83.575427532196 90.0179346402486 79.8307806253433 75.3439515829086 79.9027383327484 82.6343595981598 83.3737254142761 79.3603807687759 77.3020734389623 71.8793869018555 47.2702880700429 5.60429071386655 0 0 0 0 0 0
62.608207265536 68.4132178624471 71.5320656696955 72.1811751524607 74.1008371114731 76.4912764231364 76.650728782018 72.9824801286062 68.2958761850993 64.5075142383575 66.4627949396769 64.147671063741 61.7180665334066 60.0699881712596 59.2922319968541 59.5244814952215 56.594838698705 63.673476378123 65.2762552102407 63.0566130081813 58.7577869494756 56.6214819749196 56.0889542102814 56.3380420207977 54.6873112519582 62.8534505764643 65.7230118910472 62.1705253918966 60.9927376111348 60.1314753293991 57.1355720361074 54.5951426029205 59.9865714708964 64.3141369024913 70.9454069534938 73.9291508992513 77.6048501332601 84.1719408830007 89.0192886193593 80.1656742890676 78.1837602456411 73.5455056031545 69.9767917394638 51.6081551710765 21.0876340667407 0 0 0 0 0 0
68.9016878604889 73.6703326304754 70.8786795536677 74.2211043834686 72.6513961950938 72.8512903054555 74.3629137674967 72.8477338949839 73.9514728387197 69.7081337372462 68.6462571223577 68.3794319629669 64.3630524476369 59.6070239941279 59.1315478086472 62.8244032462438 57.9467962185542 61.2229208151499 65.237099925677 63.7889603773753 60.863787929217 60.768594344457 59.423973162969 60.7258180777232 62.1250967184703 62.0086640119553 68.6541398366292 65.8211509386698 63.0474537611008 61.3266477982203 57.1140746275584 54.9197097619375 57.5053791205088 56.4187864462535 57.3296745618184 60.3823661804199 67.5242592891057 76.8729746341705 77.8306573629379 67.3997898896535 69.8121637105942 65.25685886542 64.3226703008016 61.4633411169052 43.7004069487254 13.1514618794123 0 0 0 0 0
