input/barkrak2/radiation/dir34124.grid
NCOLS 85 
NROWS 70 
XLLCORNER 665100 
YLLCORNER 4664600 
CELLSIZE 20 
NODATA_value -9999 
[rows 23 to 45 of 70, columns 0 to 51 of 85]
60.6055756409963 50.6458481152852 21.4056521654129 5.908344561855 0.520101593186458 8.61883473893007 5.28013271590074 3.75722472866376 2.56591383367777 2.26486520841718 2.99899000674486 4.47328699131807 10.6255871554216 13.65918541948 10.9659992158413 11.956013739109 17.4448589483897 24.7881188988686 29.2712499698003 23.2957899570465 22.0748657981555 25.4553506771723 36.7244283358256 45.4034159580866 50.9413878122965 50.799439350764 45.7213421662649 39.1429016987483 21.3941087325414 8.71539115905762 5.18671671549479 1.0276062724491 0 0 0 0 0 0 0 0 0 0 0 0 0 0 0 0 0 0 0 0
60.4913731416067 56.6056221723557 36.1257046461105 9.93311529358228 0 2.93042790144682 4.87127589682738 5.01126050949097 4.18314337730408 3.46940321226915 3.00588955481847 2.03608752538761 7.25116766989231 11.6189233958721 11.3481469452381 11.0095366835594 15.2077252666155 23.0936283866564 28.60060830911 21.9063510497411 20.6243296464284 17.9243609309196 24.2642685770988 31.6684891780217 35.8407100041707 36.2937996784846 33.6322337388992 30.0875057776769 13.64558065931 4.59526975949605 1.9852789118886 1.1164378374815 0 0 0 0 0 0 0 0 0 0 0 0 0 0 0 0 0 0 0 0
48.6528873443604 52.5748680035273 45.683279633522 18.5440679391225 0 8.33054756124814 15.3633815546831 22.924912472566 23.7288648883502 18.7771146496137 15.5544603864352 15.6264677643776 15.1390818258127 17.6693772276243 17.5229385495186 13.0377759536107 14.4106596708298 21.9430377086004 27.9179587960243 29.977356394132 30.3860083222389 26.5396187702815 23.826743165652 23.5139727592468 25.9393552939097 28.0538151661555 24.3642578522364 25.0561634699504 14.7384653488795 11.0497499505679 8.55737303694089 10.7852791746457 6.44933059811592 0 0 0 0 0 0 0 0 0 0 0 0 0 0 0 0 0 0 0
47.3898947238922 51.9970407088598 49.6682226657867 26.7994950215022 6.06331539650758 18.8672716418902 31.3808793822924 41.2297770380974 50.3500153621038 44.2800273497899 27.2121330102285 28.9819662769636 26.1345853408178 27.25600451231 27.716596921285 18.8801263769468 16.3868839542071 23.0089128017426 30.4603526989619 39.3705368041992 40.337714056174 37.6980851093928 30.8840970198313 25.5562712748845 25.8328343431155 27.5788058837255 23.5789269208908 30.6877916057905 29.2683094739914 28.0624975760778 31.5847893555959 46.2655524412791 53.6363969246546 34.5955366889636 0 0 0 0 0 0 0 0 0 0 0 0 0 0 0 0 0 0
48.5814611117045 47.735999027888 47.7364957332611 32.2000533342361 27.4776965379715 38.0628034472466 52.2080858548482 58.6178402105967 59.3057622512182 50.337682167689 37.2922495007515 31.3097064693769 27.8582225243251 29.9835801124573 32.2187319397926 26.9981175661087 22.003228465716 26.2476280331612 38.5796750585238 43.2310551404953 40.7292445500692 32.7716420094172 30.4989914099375 31.0617138942083 31.232920785745 31.2315076589584 29.0730148553848 38.4791642427444 54.2911887168884 58.5026840368907 61.5690449873606 67.213495572408 77.1317631006241 82.1657578150431 40.4803827404976 0 0 0 0 0 0 0 0 0 0 0 0 0 0 0 0 0
51.3888547817866 42.0275181531906 42.42143034935 34.4983090957006 46.4449276526769 50.8090108633041 55.0068914890289 53.6343455314636 48.0368783076604 38.2710049549739 31.5302088856697 27.7490764856339 27.7538845936457 31.9794267416 33.2411155104637 34.4708090027173 29.5835087696711 25.4169479012489 33.5642943779627 37.0224863290787 34.7692047556241 28.3392916123072 28.0518978834152 33.2865516344706 35.2905914187431 32.1683635314306 32.8811158736547 38.3879741032918 60.1073106129964 72.4193801482518 78.0491729577382 81.8854322036107 89.3882910410563 90.899646282196 80.2434980869293 17.7712837855021 0 0 0 0 0 0 0 0 0 0 0 0 0 0 0 0
52.6143213113149 37.7536018689473 37.6925071080526 38.688230017821 47.9154090086619 50.4364818334579 44.1608329614004 33.1174482901891 8.08335654437542 6.45578466355801 5.68006684382757 17.5999800364176 25.6576289733251 32.4054285883904 33.9162548383077 37.3302027583122 34.8605712254842 23.8650590181351 25.6096596519152 28.6777863899867 27.7811537186305 28.3957148591677 28.4484550356865 33.4687779347102 38.1399442752202 35.0586573282878 37.0378245910009 38.7045939763387 54.0689726670583 74.7168362140656 85.4403773943583 89.549978574117 91.8894509474436 93.8165783882141 99.4505484898885 80.9546063343684 13.0642962952455 0 0 0 0 0 0 0 0 0 0 0 0 0 0 0
51.9597629706065 52.2410869598389 69.2382256189982 96.0396726926168 76.710710922877 56.5624485413233 34.8404496908188 8.7185837328434 5.94811203579108 12.3185726503531 4.71544824540615 4.98847415049871 25.2733851472537 32.6804568370183 36.3159452875455 42.3678706089656 38.934513926506 27.8316885232925 27.3476143678029 29.7575667500496 27.1898756424586 30.5890689293544 32.7670549352964 34.5900927980741 39.5990858475367 43.1487758954366 41.6002348065376 43.7794874111811 55.5944542090098 77.9798527558645 91.9734040896098 94.7115222613017 91.901312271754 99.6186931927999 107.725590467453 110.357910394669 84.7869316736857 33.588911096255 0.179175927769393 0 0 0 0 0 0 0 0 0 0 0 0 0
62.2668266296387 91.3178821404775 135.666479667028 156.566808621089 136.404782533646 90.9312168757121 51.4668126900991 27.9908378918966 22.2770621379217 26.9370526075363 20.1142393052578 17.4166783690453 25.7000451286634 32.075268526872 40.5749554435412 44.3455725908279 41.1295344432195 35.7012872894605 29.6722277998924 30.5600240826607 30.5115928252538 33.4769959251086 35.5833619832993 35.8295713861783 39.9251232544581 49.989844361941 50.0679512818654 55.0737927357356 64.2032623291016 78.7605941295624 91.7348364988963 98.1900691986084 99.7699399789174 104.666252930959 109.298874934514 111.873785654704 105.065435171127 84.299623966217 30.7592103878657 0 0 0 0 0 0 0 0 0 0 0 0 0
115.763912598292 150.339583555857 175.585846106211 178.226590156555 175.091723601023 151.745607455572 113.305270671844 80.5007467667262 61.1026585102081 51.259900132815 47.5959777832031 39.5059858759244 27.9517049590747 29.5053198933601 38.0771631995837 44.2258814970652 39.1989673177401 40.003165602684 30.2500451604525 28.7917951742808 32.3453918099403 33.7872430682182 34.2185298601786 34.548486272494 39.1152426600456 50.923744837443 56.230440735817 62.8891736268997 71.0110813379288 78.6206821600596 88.1539781888326 96.230020125707 98.1009503205617 95.3148404757182 96.2425669034322 92.0170247554779 93.3664937814077 80.4717640082041 42.2198971112569 0.273497367743403 0 0 0 0 0 0 0 0 0 0 0 0
167.432089646657 185.548861821493 190.02773364385 189.122259616852 192.101081212362 187.296787897746 166.112204392751 128.473331530889 95.8684782187144 72.7567821741104 73.158676425616 66.7966902256012 44.1674888134003 35.9600633382797 36.4010781049728 40.2033204833666 34.5038895805677 35.1118842760722 29.0058851242065 30.0765484571457 29.6786601344744 31.0878033439318 30.3649653991063 29.9330775936445 35.8888432383537 45.5049425363541 55.4663191239039 59.0323855479558 67.3239330450694 77.5556067625682 87.0997409025828 88.8046324253082 82.0148239533107 71.773424744606 73.3853727579117 62.835027774175 63.7064874172211 50.5637228488922 12.7489690979322 0 0.895096765210231 0 0 0 0 0 0 0 0 0 0 0
182.373384634654 191.454350948334 189.679861068726 192.194183667501 193.643987178802 191.098988056183 183.166444301605 154.450019200643 110.869894425074 85.456907749176 83.7551752726237 81.4712295929591 65.1807934045792 45.3240672747294 37.5944897532463 38.262685139974 32.6056728760401 29.4618432720502 29.0056020021439 31.7131107052167 28.7435402472814 28.2372534275055 29.1504810253779 30.224288503329 34.0801551938057 39.6678646405538 48.6896187067032 49.4532485802968 57.5873603423437 72.5580702225367 79.8980792363485 78.7973006566366 74.5678643385569 67.8157309691111 61.3435506820679 51.335483789444 54.9550652503967 52.4542778730392 34.8460028568904 5.54831077655156 6.43100216984749 0 0 0 0 0 0 0 0 0 0 0
174.128750960032 178.69379123052 175.657093524933 177.800873915354 177.96246210734 171.882669130961 166.601339975993 150.168438752492 115.563482046127 95.6839025020599 91.4263526598613 84.2792789141337 74.6961931387583 51.103154818217 40.0838727752368 41.5761123100917 35.2464641133944 28.137095272541 31.422957777977 32.5617616375287 31.6772386431694 29.189370572567 31.8497320016225 34.9312548836072 33.8113233447075 38.263571759065 42.2156751155853 43.2631075382233 49.0737905104955 65.272718667984 73.3595540126165 73.4548022349675 75.4723151524862 76.2627770503362 61.4557365576426 56.3909163077672 60.3681206703186 66.3704872131348 60.8810484409332 25.8203496535619 0 0 0 0 0 0 0 0 0 0 0 0
149.062285820643 152.873088916143 154.497881730398 151.814858118693 151.276350021362 150.2299507459 154.90248799324 151.972264051437 127.903431653976 105.610917011897 91.5872355302175 76.6314168771108 68.2405779759089 47.7668543656667 36.8974730372429 41.2055204312007 42.5701389710108 32.4485649665197 35.0301389892896 37.7250785628955 37.6150732239087 34.4447543223699 34.600555896759 37.395899494489 35.8201116323471 35.5179359515508 40.7819698254267 46.3150839010874 50.4501610994339 60.5754256248474 71.0690965255101 74.3110080560048 76.1724710464478 80.0204972426097 64.9963915348053 64.7212266921997 65.2329623699188 72.6974904537201 72.1859931945801 36.748265226682 0 0 0 0 0 0 0 0 0 0 0 0
125.894675652186 134.7909172376 146.27875884374 143.43582590421 141.640504201253 148.246953884761 158.98988644282 162.706136703491 146.811644236247 117.370078961054 94.7433213392894 67.7170654137929 52.4004052082698 41.0687004526456 33.2451934615771 36.5414420763652 45.9981461366018 39.6516993641853 37.2959822416306 40.0962233543396 40.5511607726415 37.7484361330668 35.8831683794657 37.3204996188482 38.0618299047152 37.5912636518478 39.7228399912516 47.4195828040441 51.4269967873891 55.7722002267838 65.7014648119609 75.2132187287013 76.7276038726171 72.1054375171661 61.8748813867569 71.2679078181585 74.5680977900823 78.3911297718684 78.5461763540904 55.4952025413513 0 0 0 0 0 0 0 0 0 0 0 0
90.6060139338176 101.730505625407 109.868754943212 114.618519941966 122.264881928762 137.941549221675 152.576943238576 160.467624664307 157.787481943766 130.072951316833 97.1064766248067 65.4583026965459 47.7896382411321 44.3476339181264 37.9906048377355 32.6128403345744 42.0460899670919 42.6203360160192 37.6219699780146 38.1773039698601 38.0675445000331 36.158911883831 34.0910876790682 35.2315952380498 38.3924568692843 41.2535940607389 40.8463676770528 44.9143747488658 49.3358075618744 51.3055523236593 58.2475264867147 71.8009471893311 75.4880408445994 63.4417782227198 64.4647131363551 79.0804326534271 82.0564975341161 81.1979273955027 82.9182962576548 78.5481780767441 28.6789909005165 0 0 0 0 0 0 0 0 0 0 0
57.5549453496933 63.8578087091446 63.5177294413249 73.158527414004 88.0513787269592 105.225404103597 119.359850883484 132.100919882456 133.47993294398 110.718468825022 78.1677265961965 54.5682311058044 43.0332620938619 41.5206501881282 38.7353971600533 34.2050318916639 39.0021204948425 39.1604254643122 33.4871138135592 33.9117000500361 36.736898124218 39.4261156519254 39.2891516288122 36.1083820462227 35.0826233625412 37.9061376055082 42.7701373895009 45.0046559174856 48.5575944185257 48.490251104037 51.7213493585587 62.0048642158508 68.9144531885783 65.9854213396708 81.7885547876358 87.5800053278605 85.3040814399719 80.1258782545726 86.4328742027283 97.7943142255147 89.1897877057393 34.4748248656591 0 0 0 0 0 0 0 0 0 0
47.2502658764521 49.0380773941676 49.0024338165919 51.1190990606944 59.4690640767415 65.2436514695485 68.8600142796834 74.560155471166 74.8826165994008 60.2517277002335 45.7083930571874 42.1116252740224 40.8728917439779 38.7453784545263 37.8490140040716 38.5097389419874 37.325382232666 36.9542688131332 33.2692712545395 33.5139557719231 37.4666700760523 42.9028570652008 43.8935955365499 40.5424286921819 38.1180892388026 36.857008934021 44.4857428471247 46.5536912282308 49.5288421710332 49.328476190567 49.5041658480962 56.3188890616099 63.2273157437642 71.5306848287582 87.844322125117 87.5535905361176 80.1599671443303 70.3850438197454 74.6243794759115 89.3824199835459 99.810798962911 90.7405118147532 44.3278054396311 1.34788732975721 0 0 0 0 0 0 0 0
54.9535502990087 52.6508291562398 52.8350174427032 52.5851845741272 49.4224776824315 47.5584268569946 46.3412900765737 47.5117514530818 52.5016287962596 44.9853241443634 37.9002168774605 39.2766470710436 42.5874342521032 42.7675992250443 41.6248962283134 40.4728253682454 36.0465720295906 42.1333312988281 43.9407924811045 40.5874451001485 42.7570293347041 43.1236227353414 41.5151466925939 43.9818104108175 45.4774498939514 41.491058965524 46.0638751586278 48.4191278616587 49.614280462265 51.2403349081675 51.8096437056859 55.0951560338338 61.2963239351908 76.2211382389069 82.259734471639 77.2983779509862 68.0758406718572 59.321328997612 56.2621106704076 66.8952862421672 90.6252264976501 93.3191974957784 71.9572057326635 25.1827389001846 0 0 0 0 0 0 0 0
59.0005566676458 56.3854873180389 59.2035502195358 57.8958441813787 51.4199137687683 48.4707554181417 46.4961230754852 44.1203862428665 44.3862080574036 41.2000368038813 39.8722365498543 39.8335456848145 43.2612548271815 46.4357882738113 46.6906229654948 43.8263118267059 41.0857871174812 46.6062823931376 49.5468229055405 44.3964451551437 42.294055223465 40.0110632181168 36.8995020786921 39.4062921404839 44.063463807106 40.9986848632495 38.388359049956 43.2094732920329 47.0091650883357 49.0922033786774 49.4838804006577 50.187274813652 60.2138588825862 76.8716186285019 81.3790013392766 68.8413927952449 59.5884472131729 56.3794920841853 55.1336904366811 62.5230272610982 67.7002519369125 70.2800850073497 59.1569691896439 31.9799681504567 0 0 0 0 0 0 0 0
44.2977448304494 46.8295911947886 55.0667742888133 52.6611854632696 55.0296604633331 57.3440839846929 56.6037396589915 52.8282026449839 43.2439943154653 41.9657627741496 45.0089871883392 42.2396908203761 43.0166721343994 46.3943233092626 46.2289055188497 44.372171163559 45.6800858179728 47.4729637304942 48.3334710200628 44.9072966972987 40.0982225934664 37.7606426676114 35.7923035820325 36.075048148632 39.1233886281649 42.3305779695511 37.6943672696749 40.0328487157822 44.4927563269933 45.9387550751368 44.6072618166606 42.6192184289296 51.3723095258077 65.2449677387873 69.1852668921153 61.7673993110657 57.8361451625824 60.2290729681651 60.012141863505 60.3325416644414 58.208296696345 57.2688778241475 52.9193580150604 31.6451465090116 0.751081698884567 0 0 0 0 0 0 0
42.8332835435867 48.3863403399785 51.2040257453918 51.8981764713923 53.7059754133224 56.0835699240367 56.4255615075429 52.8486520051956 48.8654126723607 45.3173170487086 46.9214220841726 44.9452102184296 42.4286673466365 41.0298183560371 40.3935958941778 40.7328729828199 38.6503140131632 44.5250968138377 45.7981129487356 44.0069933732351 40.8459181586901 38.8709356387456 38.9885455369949 40.2973170081774 38.6560435096423 46.856497724851 48.977126677831 45.8921442429225 45.5584824085236 44.1327045361201 40.2138084173203 38.1719345847766 43.134739001592 47.7106173833211 52.7025361855825 56.508332490921 59.7553104162216 65.2243047952652 65.164973338445 58.6680620908737 57.8527400890986 54.285854101181 51.778644323349 35.9715297818184 8.32389170924822 0 0 0 0 0 0 0
48.7262606620789 53.1397213538488 50.4768391450246 53.6767194668452 52.3304641246796 52.480141321818 54.0885776281357 52.8543094793955 54.1577984889348 50.2994706233343 49.589862426122 49.1441786289215 44.7703351577123 40.9092182914416 40.1288519303004 43.5276379187902 39.2612293362617 41.8042143185933 45.7702130079269 44.632891813914 42.0947372913361 41.9980982939402 42.1050091584524 43.5375720262527 45.7031677166621 46.4061697324117 51.5194038550059 48.9606857299805 46.5492804845174 45.6574161847432 41.8435384829839 38.8917326927185 40.9452642003695 40.5866354703903 41.009987394015 44.6824679772059 50.7344802220662 59.4671120246251 57.5263947248459 47.876516977946 49.5317776997884 47.6146390040716 47.4491069714228 44.765442609787 28.8962473471959 3.38728446513414 0 0 0 0 0 0
