input/barkrak2/radiation/dir33124.grid
NCOLS 85 
NROWS 70 
XLLCORNER 665100 
YLLCORNER 4664600 
CELLSIZE 20 
NODATA_value -9999 
[rows 23 to 45 of 70, columns 0 to 51 of 85]
67.580391963323 57.2934448719025 26.5826011697451 10.1023850341638 6.02758427460988 11.5763482948144 13.7441580494245 5.05827460438013 3.61720814059178 3.29587173958619 3.37873958051205 11.6924171646436 13.8558633625507 17.3378325998783 15.2375722924868 15.1886555055777 20.8992063999176 29.5141811172167 34.1932500402133 27.7748877803485 26.8157596389453 30.8668191234271 41.7955617109934 51.2155989805857 56.978315114975 57.8980545202891 51.3293991486231 44.3653712670008 25.8094867070516 11.1447299520175 7.24905853470166 1.91631851096948 0 0 0 0 0 0 0 0 0 0 0 0 0 0 0 0 0 0 0 0
67.3292875289917 63.3538415034612 42.1451926231384 14.6055308481057 0 7.84818393488725 5.69963827729225 9.18122008442879 4.68560960143805 3.86696929732958 3.36378191908201 6.16087516148885 11.8208614488443 15.3785869479179 14.7955144445101 14.9017013609409 18.6509688695272 26.8370161453883 33.1543584664663 26.7697821060816 24.7789621353149 22.5905900200208 29.5230795939763 37.0011279980342 41.022464632988 42.1055058638255 39.1664579510689 35.4853024085363 16.5798577169577 6.48105144500732 3.1917846451203 2.02218675985932 0 0 0 0 0 0 0 0 0 0 0 0 0 0 0 0 0 0 0 0
54.9702942371368 59.0971608956655 52.1193792422613 23.6501544713974 1.76083963985244 11.3885911802451 18.8104473054409 26.5313362081846 27.133213977019 21.6970667243004 17.1845493217309 18.6999216675758 17.7061135570208 21.682471036911 21.352231502533 16.9897638261318 17.8299670418104 27.0021061102549 33.0257763465246 34.7417940696081 34.7386077046394 30.8432231346766 28.7511398394903 29.0810391306877 31.7783057689667 33.4348877271016 29.5704876383146 30.2231063445409 17.9466543098291 13.7426170210044 11.0035339991252 13.7729073564212 8.88930136958758 0 0 0 0 0 0 0 0 0 0 0 0 0 0 0 0 0 0 0
53.6815673112869 58.4982732931773 56.2026451031367 32.3623468478521 10.6302325924238 23.2801164189974 35.8078281084696 45.631930232048 52.9663066069285 46.4152246713638 30.7875821987788 32.6613734165827 29.9668287237485 30.9739783406258 31.9908907016118 23.124893506368 21.0034549236298 27.6473114887873 34.7250178456306 44.6673731009165 46.0107028484344 43.0653095245361 35.6083313624064 30.2346348762512 31.1765919129054 32.9925194382668 28.6878521243731 35.9959950049718 33.9622696240743 32.6023623347282 36.6231252749761 52.3490011692047 60.0714137156804 40.3507227698962 0 0 0 0 0 0 0 0 0 0 0 0 0 0 0 0 0 0
54.987758398056 54.0452053149541 54.0943841139475 37.9975189765294 33.86623164018 42.33085612456 55.5716355641683 61.3429248332977 63.693642616272 51.9875784715017 41.136160492897 36.2115850051244 33.0604289968809 34.069021542867 35.8195627729098 31.5360575914383 26.7870898048083 31.2085797389348 43.8212702671687 47.8830387194951 45.3954041004181 37.5605225563049 35.3720262646675 35.903903345267 36.8386184175809 36.8453140060107 34.6193984150887 44.3724691867828 60.4442457358042 64.771314462026 68.3508813381195 74.5823134978612 84.8663647969564 90.4278953870137 47.6077447334925 0 0 0 0 0 0 0 0 0 0 0 0 0 0 0 0 0
57.8639556964239 47.9821761449178 48.4454184770584 40.5294224619865 52.8116971254349 54.8948347568512 60.0139200687408 58.2729578018188 52.1216293176015 41.9797400633494 35.3676353891691 30.9190526604652 31.6781103610992 35.5654507875443 36.8346720933914 39.829209446907 33.8577553629875 30.1658262809118 39.9919301271439 42.3226555188497 39.7968019048373 33.2179764906565 33.5970520973206 38.9933635791143 41.1052902539571 38.1759603818258 38.9423295855522 44.408659140269 66.6334182024002 79.2103856801987 85.8347614606221 90.1611646016439 97.1681078275045 99.5494524637858 89.4538362820943 23.1066991885503 0 0 0 0 0 0 0 0 0 0 0 0 0 0 0 0
59.0228984753291 43.3834294478099 43.4506634871165 45.1054076353709 53.9264182249705 55.9738377730052 47.2110559542974 35.5605805913607 10.1668257266283 7.23160430788994 20.5536149442196 22.9400495688121 28.1640936930974 37.0349809527397 38.9625777800878 43.0977543195089 39.4690285126368 28.790387014548 30.7796349128087 34.2256550987562 33.3120748400688 33.5236787796021 33.4202895561854 38.7598996361097 43.6889976263046 40.7328481475512 43.0581271648407 44.7585682074229 60.4973534742991 81.7008515199025 93.8027103741964 99.5431443055471 101.725141207377 101.675480604172 109.794835249583 89.6483063697815 18.045740822951 0 0 0 0 0 0 0 0 0 0 0 0 0 0 0
58.160329858462 58.6177557706833 76.6638368368149 104.885677496592 84.2382212479909 60.9936614831289 39.3430516123772 9.68804955482483 7.63410578171412 15.9990005195141 6.24889259537061 5.59614164133867 28.1256089607875 37.3212148745855 40.0128761927287 48.2737322648366 44.7031160195669 33.101017276446 32.2179992993673 35.5091219147046 32.8452413280805 36.2074424823125 37.7750545740128 39.9362966418266 45.1805690924327 48.9308287700017 47.7930059035619 50.0498414039612 62.1950527032216 85.2156778176626 100.801567236582 103.923708200455 102.007945378621 108.921110630035 117.524445056915 121.89394235611 93.8279827435811 39.9683440725009 0.941382100184759 0 0 0 0 0 0 0 0 0 0 0 0 0
69.1256125768026 99.4235475858053 144.74360148112 165.616085131963 144.499858220418 98.3929534753164 55.8191438515981 30.9243276715279 25.8038217822711 29.6645214160283 23.7022638320923 19.3056662877401 28.0950963497162 36.8061736226082 47.5808630386988 49.9325295289358 46.5343544880549 40.6292751431465 35.267340640227 35.9173069397608 36.3907863696416 39.286270737648 41.4706940452258 41.8826440970103 46.1410383383433 56.611567735672 56.6305418809255 62.4331335226695 71.2141096591949 86.1584941546122 99.5380183060964 106.195747852325 109.24443602562 116.01326862971 119.425038496653 120.201508204142 114.762326081594 93.5757259527842 36.9189903140068 0.150818125500033 0 0 0 0 0 0 0 0 0 0 0 0
124.502956867218 159.50749317805 184.35142437617 186.923027038574 184.935510158539 159.17910138766 119.203229745229 86.8797103563945 66.4064685503642 56.449294090271 51.1317700147629 42.2076632579168 31.8358689546585 34.177377820015 42.7317321300507 50.2347896496455 44.4010297457377 46.0435599088669 35.9814489881198 34.0676705042521 38.1158466140429 39.520854751269 40.0544727842013 40.7028744618098 44.6731994549433 56.8840205669403 62.2365822394689 69.0468152364095 78.2944907744725 86.0889554023743 95.9250827630361 104.223966598511 106.121758619944 104.738056659698 108.660837014516 101.058105627696 102.447897195816 89.2132918039958 48.3459383249283 1.19667601150771 0 0 0 0 0 0 0 0 0 0 0 0
177.046378453573 195.323745409648 199.660877386729 197.372714678446 200.22976398468 196.818629900614 175.034006436666 135.929723580678 100.229382514954 77.7645756800969 78.7077446778615 69.8551634947459 49.0477134784063 40.8344219128291 42.6432192325592 46.5537011623383 40.5258685350418 41.0428096850713 34.6833070119222 35.9896620114644 34.8022704323133 36.7336198687553 35.998726884524 36.1619045337041 42.4353778362274 51.2199898560842 61.4288498957952 65.0800863901774 73.6810465653737 85.0123763084412 94.8751469453176 96.5983768304189 89.5403325557709 79.8258930444717 82.4995934963226 70.0814624627431 70.935845375061 57.1497678756714 20.9919859965642 0.136639922857285 2.84346162031094 0 0 0 0 0 0 0 0 0 0 0
192.12806224823 201.127330462138 199.332594871521 200.291117032369 201.644162336985 200.567801793416 191.022117932638 161.267856756846 116.191983222961 92.0280714829763 91.2728706995646 86.8156055609385 71.4235802491506 49.9435663223267 43.6534682909648 43.9772109190623 38.6575857798258 35.2508972088496 34.7939332326253 37.5573287407557 33.8752120733261 33.7848390142123 34.7872525453568 36.0389997561773 39.9579281608264 46.4143355687459 55.1867485046387 55.9846063454946 63.7202113866806 79.8781464497248 87.4337951342265 86.2501462300618 81.7717413107554 75.5400011936824 68.7020619710286 57.8587204217911 61.5721195936203 58.9475085337957 40.6143913666407 9.77088697254658 9.54971214135488 0 0 0 0 0 0 0 0 0 0 0
185.066560904185 189.69718615214 185.569643974304 186.394035816193 186.65204445521 180.548628171285 175.302306811015 159.685005744298 123.580237229665 102.509081363678 97.5609322388967 89.3899897734324 81.5896987915039 57.3791116476059 46.2591846783956 47.4156985680262 41.4811621109645 33.882737159729 37.2885192433993 38.4624128540357 36.9186550378799 34.3472212553024 37.0656897624334 40.8765077590942 39.6314412355423 44.2528824011485 48.413077990214 49.0826815366745 55.5521299441656 72.3426441351573 81.7260096470515 80.730343858401 82.6999992132187 83.5190614064534 68.1686798731486 63.4773969650269 67.4017667770386 73.3068933089574 68.5408761103948 31.5559084216754 0.354810967110097 0 0 0 0 0 0 0 0 0 0 0
158.913056055705 162.753840287526 165.368258953094 162.653625011444 161.054879426956 159.915844599406 163.792749245962 161.664803822835 134.536425272624 110.457688570023 98.5567271709442 83.5587680339813 75.3278881311417 54.3534507354101 43.0801709493001 47.8121737639109 49.2139557997386 38.442425429821 41.1649023493131 43.9443786938985 43.755700190862 39.7453854481379 40.531595547994 42.8347984949748 41.1538605888685 42.0092592636744 47.5294937690099 52.6947975158691 56.3194950421651 67.4540102481842 78.312357266744 82.6355715592702 83.4441979726156 87.3609681924184 71.7854648828506 72.5570370753606 72.6333310206731 79.8723051945368 79.9707671006521 43.0410454670588 0 0 0 0 0 0 0 0 0 0 0 0
135.434836149216 144.42785580953 156.055867671967 153.186033169428 152.100503444672 158.737788597743 167.826612790426 171.282470226288 155.87172905604 124.858558177948 101.733853419622 75.9106228748957 59.1932435830434 47.5862075885137 39.3461982409159 42.8599218527476 53.300013144811 46.0801223913829 43.4604932864507 46.3067293167114 46.8599498271942 43.1851694981257 41.3051371773084 42.8856313228607 44.1623826821645 42.9854243993759 46.4399109284083 54.5446574687958 57.2393983602524 61.602051059405 72.7469821770986 82.5500786304474 85.101455450058 79.9049685398738 68.4726337591807 79.8721412817637 82.7299356460571 86.6397221883138 86.5940451622009 62.5810623168945 0 0 0 0 0 0 0 0 0 0 0 0
99.3351936340332 110.730916261673 119.016428788503 123.239636421204 131.648123264313 147.570828596751 162.356793880463 171.56837383906 167.090038458506 140.263537565867 106.417020161947 73.694904645284 54.6285261710485 51.0856062173843 44.4160252809525 38.7676805257797 48.6628661553065 49.2701431115468 43.8391516606013 43.7696675459544 44.1336830457052 42.3279205958048 39.5437280337016 40.7066866755486 43.8935707012812 47.4497179190318 46.3656634092331 51.901251077652 56.5464496612549 56.9785286982854 64.9852653344472 79.0345917145411 83.7047298749288 70.5289343992869 71.2027947107951 86.4717562993367 93.0876036485036 90.7830198605855 90.2886192003886 86.5940054257711 34.4260608156522 0 0 0 0 0 0 0 0 0 0 0
65.3310418128967 71.7932283878326 71.1916387081146 81.3366423050563 96.6158509254456 114.210546016693 128.567516803741 141.497105360031 144.160827000936 120.699206988017 87.0087842146556 62.9155685504278 50.2816587686539 48.6750106016795 45.2844500541687 40.4441803693771 44.8281069596609 45.0428773959478 39.6210476756096 39.8888786633809 42.8357472022374 45.7744002342224 44.8777874310811 41.6575322548548 41.0810261964798 43.3206707239151 48.4304080406825 50.6056050459544 55.7373017072678 55.6604564189911 57.3346167802811 68.8743044932683 75.8886486291885 72.6977189381917 89.2128149668376 95.261553923289 94.3455497423808 91.0779933134715 95.0156648953756 106.91366593043 98.3500182628632 41.6864057381948 0 0 0 0 0 0 0 0 0 0
54.644172390302 56.6467692454656 56.4541965723038 58.4203004837036 67.1806583801905 73.1110473473867 76.7612357934316 82.6136022806168 82.7967623869578 68.2821770509084 53.5437166690826 49.2625385522842 48.4441171089808 45.7294483979543 44.3574537833532 45.4785128434499 43.7001734972 43.4166938066483 39.4380763173103 39.5125945409139 43.61425836881 48.5033094882965 49.6281882127126 46.2950319051743 43.6950971682866 42.3394044240316 50.0693023204803 52.9291679461797 55.1914721727371 56.5516700347265 56.7224423090617 62.1511240800222 70.013552904129 79.4307092825572 97.0772703488668 95.2250560124715 87.544858455658 79.4941832621892 82.9180479049683 98.2440213362376 109.291632970174 100.337644418081 52.5801678498586 3.60741311063369 0 0 0 0 0 0 0 0
62.6768171787262 60.2244337399801 60.4605178038279 60.1255546013514 56.6786626974742 54.9031098683675 53.5566409428914 54.7209878762563 59.8419457674026 51.9395371278127 44.6112354596456 46.2789436181386 49.8178203900655 49.9854385852814 49.2739975452423 47.5488404432933 42.4133241176605 48.705334464709 50.5719582239787 46.9316740830739 48.3473092317581 49.5419800281525 47.9200383027395 49.8222410678864 51.959623893102 47.7730184793472 51.7150262991587 54.1232724984487 56.1071534951528 56.8416714668274 59.1971178849538 61.6786777973175 68.050558368365 83.4698975086212 91.2884970506032 85.8772993087769 75.826699535052 66.5448208649953 64.5737946033478 74.6350834767024 99.9645888805389 104.945719242096 80.6190172831217 31.465175251166 0 0 0 0 0 0 0 0
66.8723086516062 64.177264769872 66.938449939092 65.6849245230357 58.9699496825536 55.8110525210698 53.794468442599 51.2293577194214 51.4251788457235 48.1181641419729 46.7270314693451 46.5373893578847 50.4662195841471 54.4050435225169 54.1335046291351 51.5801062186559 48.7132370471954 53.9863407611847 56.3849409421285 50.8928596973419 48.6163149277369 46.287477016449 43.1115080912908 45.0209279855092 49.9109973510106 47.2740034262339 44.4947828849157 48.9235669374466 52.7180830637614 55.4941892623901 55.8133274316788 57.3313981294632 66.2156293789546 84.1976205507914 90.3362135092417 75.7654110590617 66.0578707853953 62.7786815166473 62.7918938795725 70.2885786692301 77.0108600457509 78.5987128814061 67.5837447245916 37.8821740547816 0 0 0 0 0 0 0 0
51.666518052419 54.3125619490941 62.7814481655757 60.2521101633708 62.7433806657791 65.0813480218251 64.2433067162832 60.0232829650243 50.3370861212412 48.9308287700017 52.0212550957998 49.1031259298325 49.783984820048 53.2183696826299 54.2266070842743 52.1920472383499 53.6480943361918 56.1316311359406 56.6235433022181 51.4795631170273 46.4083154996236 43.5455391804377 41.5163586537043 41.6191866000493 44.7582006454468 48.7678945064545 43.8152998685837 46.2255229552587 50.1768290996552 51.5025903781255 50.059383114179 48.6646542946498 58.5305442412694 72.1679379542669 77.3213009039561 68.3209796746572 64.7628009319305 67.5419469674428 68.6561663945516 71.0251231988271 66.5282756090164 63.8321836789449 59.9122444788615 37.30541964372 2.3476459706823 0 0 0 0 0 0 0
50.163080294927 55.914709965388 58.8941127061844 59.5374008019765 61.2999399503072 63.8190309206645 64.1212264696757 60.3818694750468 56.0210843880971 52.4759689966838 54.0533463160197 51.9182433684667 49.1943061351776 47.7076272169749 47.0292419195175 47.7754424015681 45.6317067146301 51.6484181086222 53.0971537033717 51.8653690814972 47.8469729423523 45.7311222950617 44.7777956724167 46.5671469767888 44.2793468634287 52.7551472187042 55.5720726648966 52.3105810085932 51.9665032625198 50.3999640544256 46.2438017129898 44.0192719300588 50.3339171409607 53.9035399754842 59.6618900696437 62.8497401873271 66.868598262469 72.9456096887589 74.3220150470734 68.0088599522908 65.4662400484085 60.7074548800786 58.0378770828247 41.6936626036962 13.8953824838003 0 0 0 0 0 0 0
56.3031832377116 60.9057645003001 58.0863902966181 61.4092846711477 59.9859704573949 60.0960403680801 61.6214126348495 60.4354739189148 61.7123047510783 57.4217240015666 56.8812986214956 55.9136966864268 51.6691307226817 47.2570558389028 46.8123902877172 50.2330859502157 45.6861158212026 49.5214511950811 53.7954370180766 52.5280932585398 49.7856239477793 49.0562170743942 48.5590100288391 49.9264150857925 51.397239168485 52.1694521109263 57.4839611848195 54.8664033412933 53.0167917410533 51.4598389466604 47.4982360998789 44.3161030610402 47.4121570587158 46.4580953121185 46.7588305473328 50.5275775988897 56.8289707104365 65.1459395885468 64.9972210327784 54.6087870995204 57.8892330328623 54.1718949874242 53.4854680299759 50.9930104017258 34.4516908129056 5.88225200772285 0 0 0 0 0 0
