input/barkrak2/radiation/dir36424.grid
NCOLS 85 
NROWS 70 
XLLCORNER 665100 
YLLCORNER 4664600 
CELLSIZE 20 
NODATA_value -9999 
[rows 46 to 68 of 70, columns 0 to 51 of 85]
45.4937964677811 47.0149417718252 49.5395561059316 51.4828264713287 51.2607991695404 51.1498302221298 52.9733598232269 54.8080851634343 51.7127017180125 50.6472090880076 49.8489737510681 49.4698733091354 46.1949507395426 43.0970390637716 43.0526534716288 46.2107161680857 44.4373488426208 39.95031863451 44.1547681887945 43.1388517220815 40.2057096362114 41.2899528940519 41.0642301042875 40.0489841898282 46.7687249183655 43.0813282728195 44.2318171262741 44.9831783771515 44.4270670413971 43.2895123958588 42.7495588858922 39.6004840731621 39.0028208494186 38.8550808032354 41.1582936843236 42.3557658990224 42.9119070370992 47.4620213111242 49.2595136165619 46.5061366558075 44.0700103839239 41.9566929340363 47.3705033461253 51.6527046759923 44.4915890693665 20.1457316676776 0.242790905758739 0 0 0 0 0
39.9182240168254 42.166476448377 47.2452938556671 48.8197505474091 52.2482295831045 53.7874400615692 52.0081619421641 51.7673492431641 51.9319921731949 54.54982817173 51.9621074199677 48.7012465794881 47.3711788654327 47.5620478391647 46.1324652036031 45.1260904471079 43.9569155375163 37.7605631947517 41.3306603829066 42.5043702125549 39.9199649691582 40.347509086132 43.1876877943675 38.3471523722013 40.2221356829007 41.8196817239126 39.0954688191414 42.0965602000554 44.0757175286611 42.7824755509694 43.5418138901393 43.1636820236842 38.8173932830493 41.4399579167366 50.7624298334122 54.4006526470184 49.6935844421387 44.9337512254715 47.4597613016764 52.6823401451111 47.4576453367869 42.086457212766 49.9540865421295 53.9489487806956 49.5374699433645 34.5877533157667 7.57156436642011 0 0 0 0 0
33.5936471819878 36.5744158625603 41.4370968937874 44.5814281702042 50.6536662578583 54.0213286876678 51.1396576960882 49.5867778857549 53.4366716941198 55.6157976388931 53.9748867352804 50.4742761452993 49.4171281655629 49.9154031276703 48.1524417797724 43.5652683178584 42.7529712518056 38.2985596855481 40.9641712903976 44.5630848407745 43.361375729243 43.4071123600006 45.1735556125641 42.7531599998474 40.0913680593173 42.262057463328 42.0382370551427 45.7660257816315 50.7610142230988 52.5757173697154 55.6540389855703 56.8344543377558 48.2598890860875 48.9369581143061 56.4185132582982 63.3579194545746 61.0422690709432 51.9397656122843 47.4553406238556 51.9967625538508 46.7588653167089 41.3456832369169 41.460374991099 41.4572631319364 40.6468237439791 39.9037649234136 29.0787642200788 1.07599375769496 0 0 0 0
32.6380208134651 30.7517573237419 34.7124263644218 41.8758491675059 47.2025573253632 50.1001477241516 52.6894778013229 55.2000105381012 56.6104104121526 53.5918921232224 55.4442207018534 55.7624300320943 52.9641509056091 50.3648569186529 48.8514105478923 45.3514903783798 43.8251346349716 42.0440932114919 44.4295505682627 47.9986369609833 49.5026310284932 48.8692720731099 47.2990075747172 48.6684143543243 43.9624090989431 45.9100306034088 47.4308381477992 51.8941779931386 59.3147377173106 65.3616984685262 70.8053261041641 70.6862856944402 62.6566310723623 57.0933669805527 56.6223164399465 56.7506204048792 64.2921179533005 58.971494436264 50.8176485697428 44.3468441565832 40.8928071459134 41.5592193603516 41.0806263486544 38.4215712547302 34.3019912640254 36.0891371965408 22.0320373773575 6.3123864432176 0 0 0 0
32.8409125407537 35.9778006871541 39.3456220626831 45.0167705615362 45.4661548137665 45.8760956923167 53.2390624284744 58.1631710131963 58.082511027654 57.8529685735703 57.9052915175756 57.7715933322906 54.7842184702555 51.066314180692 51.0010421276093 54.181824127833 47.7345635493596 48.0275054772695 48.9728649457296 53.0281315247218 53.3957878748576 50.7680078347524 48.6430625120799 48.7758219242096 44.5963889360428 49.8489191134771 52.4556388457616 56.2631686528524 60.5847934881846 71.7999786138535 77.6586532592773 80.187996228536 71.6493129730225 61.2862209479014 43.9507414897283 47.0765481392542 55.0982554753621 63.2861206928889 55.4377287626266 42.2469278176626 37.5352824727694 40.6850228706996 45.8832631508509 40.8391430974007 36.8755981326103 35.2016488711039 20.0092333058516 9.859682371219 0 0 0 0
33.5920254389445 43.5883750518163 45.6576844056447 46.857292453448 44.9285755554835 44.4204360246658 51.77374680837 56.8454513947169 56.7180414994558 61.5233033895493 59.3216717243195 58.7993015845617 56.7340304454168 52.7724723021189 53.0813386042913 58.7746202945709 52.4097581704458 50.8097112178802 49.1452167431513 50.0334997971853 50.4023979107539 48.9211479822795 48.7425029277802 45.4296370347341 43.1456963221232 45.3162292639414 49.2558727661769 50.9986281394958 53.828905026118 60.2991084257762 70.7797358433406 80.0909449656804 72.6995368798574 54.6156863371531 17.6760628819466 17.2311862309774 23.4392757217089 49.1053660710653 55.7891229788462 57.0527911186218 51.4295697212219 45.1099226872126 36.685844262441 36.219430466493 40.2802377939224 36.1761326591174 19.9085933466752 14.4703586896261 0.0822150129048775 0 0 0
36.8637591600418 35.467341542244 34.7166657447815 36.7558648188909 42.4166868130366 47.3135064045588 48.3390837907791 53.6219229300817 53.5557518402735 58.2035134236018 58.3627919356028 60.2563718954722 60.1934194564819 56.1588307221731 54.5518100261688 53.5938590764999 55.0837516784668 50.1805245876312 45.2304780483246 43.3662931124369 42.633463939031 44.7613100210826 45.5985764662425 41.3716236750285 42.5919890403748 39.9025355776151 40.6169618169467 42.7419096231461 41.4147327343623 44.6967333555222 50.4158486922582 63.0766451358795 60.01249452432 33.8580682873726 14.0363797545433 7.39139939347903 8.08797217905521 15.6014437476794 38.4092852473259 53.2791862885157 55.8682878812154 48.3901848395666 34.9141210317612 31.7490746577581 33.3631287018458 23.1368914246559 19.4124057888985 29.1183392206828 14.3255107104778 0 0 0
39.1196931401889 30.5687139431636 28.713104625543 33.3064670364062 43.2817687590917 51.0214219490687 50.6274998188019 51.8696010112762 54.2831321557363 54.6040137608846 56.8808664878209 59.3601614236832 61.0660463571548 59.9506994088491 56.5921068191528 53.9767096439997 56.8174372116725 50.8134365081787 46.6104845205943 46.6048022111257 46.6981033484141 45.1909253994624 43.4696624676386 41.0226508975029 40.9330278635025 39.3340587615967 38.0235364039739 37.8903597593307 38.1587942441305 35.5337709188461 29.9596314628919 35.9394823511442 37.4681875109673 20.4277609785398 15.4839145640532 8.16236933072408 1.351205787311 0.405004946514964 6.94521454473337 21.0148245096207 42.4578388532003 38.7601504723231 33.2743103305499 25.0975042581558 19.2801157633464 20.2286367615064 18.2961051662763 34.8802333076795 41.5307804942131 23.6385936538378 1.1959921879073 0
39.2962694168091 34.3954612811406 32.6730658610662 37.4096582333247 45.6874867280324 52.4441599845886 54.9897650877635 51.533579826355 55.9133638938268 54.5310278733571 58.0669095118841 59.8704318205516 61.104416847229 62.8490547339121 58.6412052313487 58.504452308019 58.8291784127553 54.6105901400248 51.5593787034353 52.1570096413294 51.6431828339895 47.8046089410782 45.6302712361018 46.2833841641744 44.1655665636063 43.1979248921076 40.4814233382543 37.8072261810303 33.3790307243665 29.8414677381516 23.3713338772456 27.5398641824722 35.2775578697523 37.4863098065058 35.709706445535 25.8932759364446 8.33193212747574 1.26681119824449 0.673024837548534 4.63486307611068 17.6197451849778 21.3739027579625 17.9101365307967 12.7293393015862 12.5006511807442 17.2736073533694 18.9951720337073 20.2250778675079 37.7234667539597 41.1615893244743 25.2435232202212 0.0644621225850036
42.1482622623444 40.8150429526965 37.7282947301865 36.7996493975321 41.9554760058721 51.7500092585882 52.9925972223282 51.2726406256358 53.4031490484873 58.2169592380524 63.9547010262807 64.6503269672394 63.1273488203684 63.6714299519857 61.7563923199972 61.522717277209 62.1897727251053 59.9127312501272 55.4944227139155 53.1494120756785 50.7813990116119 49.8301734526952 50.4723836978277 52.8775950272878 48.6988375584284 47.1378068129222 39.0303532282511 33.3920071522395 27.4662872155507 24.9175081650416 25.7010559240977 30.9551656246185 38.9577100674311 49.7685770193736 54.7741303841273 53.168664375941 38.7974331776301 25.7244656483332 15.3551523884137 4.00335186471542 8.59262545903524 17.2544742623965 17.7593256036441 12.663962940375 12.2459505995115 26.1755933364232 43.4300502141317 37.1147046486537 32.3086753487587 37.7085457245509 19.0457962453365 6.26358079413573
44.5248385270437 43.9502894878387 42.9369111855825 39.9028609196345 41.1278133591016 49.2469519376755 51.1530538400014 51.2608587741852 51.6563355922699 60.283030072848 67.5949901342392 66.3689126571019 62.2557004292806 64.7250513235728 66.186914841334 60.4823877414068 62.9300077756246 60.7571552197138 57.3573609193166 54.9344768126806 54.1993925968806 55.0639082988103 52.9176294803619 50.4357218742371 48.558235168457 43.3229555686315 27.5932475924492 4.47430647909641 3.3975758900245 11.8372837702433 23.7330595652262 28.8628563284874 37.2549742460251 44.4472978512446 54.7835926214854 57.5830787420273 56.1468700567881 50.3232230742772 37.6758252580961 20.6920206546783 10.0440233945847 17.3681353529294 33.9259629448255 34.9765469630559 29.315340022246 45.6411937872569 67.2405858834585 58.2219709952672 38.1675412257512 26.0891367991765 12.7966130773226 7.30156960586707
43.4986849625905 41.7040785153707 45.0808107852936 46.0638056198756 43.950820962588 46.2384223937988 51.255131761233 51.9743909438451 52.4859527746836 59.8401774962743 65.9016966819763 64.6220644315084 60.3499909241994 63.7776950995127 67.1111345291138 58.567225933075 59.9609911441803 58.8925232489904 57.2409778833389 58.5861454407374 59.472993016243 59.6370995044708 55.8110723892848 50.0555286804835 48.9831417798996 45.512467622757 29.9575949708621 13.7999939421813 13.3777782320976 19.8493724068006 27.7852068344752 32.6090504725774 45.5523679653803 55.0867815812429 65.6063159306844 59.7149729728699 56.3822040955226 21.1719224850337 21.5446054935455 22.0788245399793 22.4131693442663 35.1202736298243 39.0508820613225 20.5716527998447 15.6309182445208 19.3444167574247 31.0974518458049 45.6776469945908 31.9947203000387 22.0212539037069 15.6108227868875 11.0186723371347
33.3976894617081 40.1897703607877 43.3540046215057 45.9358046452204 46.0219879945119 43.0935174226761 51.5052576859792 54.8401077588399 55.5628637472788 60.4164848725001 62.2772624095281 61.6479466358821 61.4584535360336 60.051570336024 61.5755865971247 58.2291136185328 55.6790182987849 58.5131446520487 60.5025440454483 62.3948574066162 64.2009824514389 60.6426695982615 58.0906967322032 53.9029141267141 52.0728826522827 52.3428122202555 47.2520391146342 41.4943024516106 41.8362369139989 42.3630177974701 39.0399768948555 38.5364964604378 53.2809098561605 66.4231528838475 47.9122896989187 43.4217105309168 25.6464804212252 10.2935762455066 3.27823963016272 6.84566671649615 7.66143140693506 26.9414236148198 41.8993930021922 35.7330987850825 24.5426669716835 25.5584393938382 38.0023593703906 42.0382370551427 39.4769037763278 33.429299791654 27.7516742547353 26.6754031181335
25.0049779812495 37.8980512420336 41.5165573358536 44.2438721656799 47.0590889453888 43.5567796230316 47.2074250380198 54.0128946304321 63.9955749114354 65.4096106688182 60.7668161392212 58.7597986062368 60.5828166007996 60.4791641235352 60.4764521121979 58.4576477607091 55.3132444620132 57.8577717145284 56.717058022817 53.8412481546402 56.0747732718786 55.4675161838531 55.1807234684626 53.8203219572703 54.9199283123016 59.7080588340759 66.8950875600179 67.6525284846624 58.1487615903219 52.7349313100179 42.5814886887868 35.6876204411189 43.22616259257 42.7063951889674 18.1631048520406 12.2526660561562 11.5514596303304 6.35723583400249 0.347790851568182 0 0 10.7968213657538 36.1469139655431 53.473229209582 54.6982487042745 59.021458029747 56.8736145893733 56.939904888471 57.1318616469701 46.9899773597717 36.9703248143196 46.1766024430593
26.7900551358859 35.3213946024577 41.959469517072 44.1568394502004 45.4812546571096 45.8906392256419 40.7276302576065 49.2282609144847 67.8180307149887 66.7635053396225 59.1010848681132 56.064561009407 58.5735539595286 62.4133944511414 61.6082002719243 58.4664891163508 57.9781532287598 56.0202101866404 49.8356819152832 43.7932163476944 43.5480574766795 47.0383067925771 47.7024416128794 52.0743181308111 53.3066093921661 60.2297286192576 75.60133934021 81.0505251089732 62.168483932813 51.4138638973236 42.3888216416041 30.1192253828049 30.2071770032247 34.6434637904167 16.7403581241767 8.757375801603 9.64692359169324 14.1904180248578 7.67644805212816 0.47560428113987 0 1.51475798338652 18.3909013867378 40.1580482721329 44.5337692896525 41.6525130470594 43.2046751181285 44.156938791275 44.4881419340769 42.9526716470718 43.2897458473841 74.6433039506276
37.063534061114 39.757343629996 41.7231470346451 38.8946061333021 33.7239305178324 29.933474957943 37.1225476264954 42.8047031164169 51.3792087634405 47.4966913461685 43.5589998960495 49.8692989349365 57.5863619645437 59.3785295883814 55.7712515195211 57.5711230436961 58.0836931864421 52.8938720623652 45.6953744093577 40.7596677541733 40.6254182259242 41.1791404088338 44.2013740539551 47.4596917629242 49.0659177303314 53.8499057292938 64.8155560096105 73.7264653046926 62.4291946490606 48.3276297648748 36.8381589651108 27.0179063081741 16.637430836757 37.7882272005081 34.8271131515503 15.9040267268817 15.8323422074318 37.2663885354996 39.1291454434395 25.6928155819575 5.10755243400733 2.33112694695592 10.0552625954151 16.5290559331576 15.4044305284818 16.9565007090569 19.2135274410248 21.2891896565755 20.7627055545648 36.3532702128092 55.6907653808594 106.281171242396
47.5311080614726 44.4012780984243 40.958046913147 34.6101199587186 25.8304973443349 20.5180669824282 28.7894954284032 29.6483337879181 21.105964978536 18.0831489463647 30.7363619407018 40.3632198770841 46.7200378576914 50.3358244895935 53.2508889834086 63.2568101088206 65.8539036909739 57.8252126773198 49.9315659205119 46.8238244454066 44.4170782963435 44.2428837219874 45.4439421494802 43.5998936494192 45.1073298851649 48.3018904924393 57.4271827936172 60.078556338946 55.3569495677948 36.6828714807828 35.4397346576055 31.6976656516393 27.9512082537015 45.4958180586497 51.9161969423294 40.7006268699964 31.281515955925 19.3578402201335 21.5534965197245 29.4218858083089 16.9786376257737 8.19992894927661 9.76406534512838 10.1892532159885 5.40966664751371 6.67916672925154 13.1475105881691 15.0296787420909 15.9997108081977 36.4637846748034 79.6172867218653 121.747513612111
50.1429239908854 43.97285481294 39.5585969090462 36.0506425301234 29.5689478516579 24.3392884731293 20.8562115828196 15.7151358822982 2.67729442566633 10.259123519063 25.8059700330098 36.0646595557531 35.9740455945333 43.0403699477514 55.6400716304779 70.9918737411499 76.1572668949763 69.5360898971558 61.5441302458445 57.8684558471044 53.1696031490962 50.7722596327464 51.2508551279704 46.5638140837351 42.6184038321177 44.5333868265152 42.7963087956111 45.6740160783132 43.9444681008657 30.259795486927 29.3909485141436 30.7486330469449 20.2426748971144 42.3634648323059 67.1848853429158 70.2073872089386 45.6558614969254 13.7981399893761 10.7478871941566 15.6075184543928 16.0162386794885 13.9155611395836 14.9046778678894 14.0503905713558 7.83450342714787 4.93397563695908 10.5045114954313 14.7489284475644 25.4753281672796 48.501193523407 109.832415978114 140.681485335032
52.4080097675323 47.3981499671936 46.0980286200841 47.1568554639816 44.0821945667267 38.2942110300064 33.6582660675049 34.0293794870377 32.8388089934985 38.3608664075534 45.6777115662893 50.7629811763763 51.2422869602839 46.6768344243368 56.3649882872899 71.2136824925741 81.019272406896 81.3988993565242 74.5736459891001 65.3812438249588 59.6733788649241 55.655171473821 53.8444270690282 55.3024709224701 48.3797341585159 38.5718867182732 34.4234183430672 35.6385856866837 37.0117351412773 36.4031940698624 16.2812521060308 16.5905194977919 13.3995600044727 21.0446218649546 73.7359424432119 83.8906764984131 52.6705036560694 17.3030657072862 5.97829682131608 6.06863076488177 8.81035253405571 6.74049183726311 15.240969757239 19.3016330401103 28.0819187561671 12.2127942740917 12.9020238916079 30.808520813783 54.3919801712036 96.699059009552 128.452519575755 141.68593287468
53.1652470429738 50.5439986785253 50.7191866636276 52.1046469608943 51.5376031398773 48.0694522460302 47.8932013114293 55.0888280073802 70.8231379588445 66.8777078390121 58.193897207578 59.3770742416382 65.1754885911942 53.4355143706004 54.4171879688899 62.5535895427068 70.462887485822 77.8238524993261 78.5520623127619 71.9835857550303 66.5543178717295 60.4616105556488 57.8277409076691 54.3394138415655 46.8725959459941 38.5022908449173 27.1756947040558 27.9922609527906 30.9837808211644 16.1607762177785 11.6212926805019 9.90895430246989 5.86342252790928 3.4956835831205 66.9634441534678 85.3792627652486 66.6924566030502 54.4646978378296 24.840402106444 2.4544990931948 0.0378212935174815 0 7.60595376292865 31.3586990038554 37.0799948771795 28.2566671570142 27.0139053463936 48.1281876564026 102.734595537186 145.797590414683 139.681339263916 127.967973550161
52.3997048536936 49.1874615351359 43.9565231402715 39.5987381537755 39.9043212334315 41.7117824157079 41.8093601862589 53.052231669426 62.6230835914612 57.965561747551 48.9989072084427 48.4691361586253 59.4464689493179 55.2541762590408 51.6794621944427 50.1746634642283 51.1894126733144 58.358500401179 68.0397202571233 72.2030699253082 68.1137541929881 62.293733159701 56.3964148362478 51.1259436607361 44.4117784500122 36.4615569512049 26.5205428004265 16.5191193421682 27.356319129467 21.9326590498288 11.5862861275673 6.97027581433455 1.24321280357738 0 0.0140056060142039 75.5937347809474 82.5284868478775 92.8024848302205 74.5807389418284 28.0346646904945 1.89181991542379 0 1.94174454857906 16.6879457732042 42.2406941652298 60.9030375878016 80.8433294296265 129.535983006159 169.309178988139 179.53622341156 164.760172367096 133.326957623164
54.4531891743342 52.4783531824748 46.8782881895701 40.4260158538818 38.9672641952833 41.6283334294955 34.6755459904671 32.5245236357053 34.2109873890877 31.1591327190399 24.3405749400457 22.2042948007584 25.7533515493075 42.5297121206919 49.5671033859253 44.0058708190918 33.172478278478 29.5696010192235 41.1313896377881 60.4715595642726 62.2539172569911 56.9999913374583 50.465722878774 47.7515409390132 41.3450946410497 36.237175265948 30.0565014282862 8.32680364449819 12.9981674253941 33.1013699372609 17.223984003067 10.7066109776497 3.50262100497882 0 0 54.454912741979 94.9576199054718 109.17599995931 95.8211421966553 67.1611229578654 35.172276198864 7.5733345001936 4.81398589909077 21.2853451569875 50.8310347795486 111.905296643575 151.939253012339 181.798020998637 190.733393033346 190.03427028656 180.489818255107 152.588923772176
56.0971399148305 56.0233344634374 53.5633563995361 50.1578400532405 48.3349611361822 47.6163725058238 33.1644465525945 20.1177497704824 20.4118813077609 22.3051408926646 19.8835966487726 17.3996165394783 18.5128971934319 38.9213040471077 52.122766772906 42.7677134672801 25.6618335843086 14.1172707080841 17.2184705734253 31.1457986632983 41.5113692482313 45.0374136368434 45.6082175175349 38.7796635429064 34.6864660580953 30.3572391470273 11.7188865939776 6.04848687847455 9.41079668700695 36.1296782890956 44.6034222841263 37.7552434802055 18.8238297899564 0 0 33.9397341012955 88.2374346256256 96.525381008784 77.7762482563655 74.751153588295 79.1984150807063 63.7163023153941 42.3596849044164 56.5083126227061 106.924722592036 150.820622841517 173.720717430115 184.665143489838 186.452666918437 184.037347634633 179.125626881917 157.485802968343
