input/barkrak2/radiation/dir30024.grid
NCOLS 85 
NROWS 70 
XLLCORNER 665100 
YLLCORNER 4664600 
CELLSIZE 20 
NODATA_value -9999 
[rows 44 to 65 of 70, columns 0 to 48 of 85]
96.3579614957174 102.567772070567 105.532258749008 106.110612551371 108.120620250702 110.414395729701 110.873758792877 106.440464655558 101.041942834854 96.7491865158081 98.0912049611409 94.9613749980927 91.0924474398295 90.0613764921824 89.3880526224772 89.1812841097514 85.2643152077993 92.6223198572795 94.5502916971842 91.7566319306691 87.0745480060577 84.9053263664246 83.9502314726512 84.4100415706635 80.3084472815196 90.2671217918396 93.1820869445801 90.3863509496053 88.886837164561 89.160015185674 83.9995344479879 82.8079928954442 88.4088973204295 93.9270357290904 100.530485312144 103.364298741023 108.384629090627 117.602318525314 121.954460938772 112.977425257365 111.893266439438 105.030198891958 100.247293710709 79.1022678216298 44.4005827109019 5.69826612869899 0 0 0
102.857738733292 107.980231444041 105.096727609634 108.487864335378 107.041219870249 106.817752122879 108.170549074809 106.834262609482 107.712169488271 103.068639834722 101.615399122238 100.395083427429 95.1217313607534 89.8872514565786 89.3831352392832 92.9589370886485 86.7817600568136 89.7639890511831 94.4683949152629 92.6066040992737 89.3934865792592 89.6583994229635 88.4747505187988 88.1799558798472 89.1685088475545 88.8353784879049 95.2127575874329 94.7898626327515 91.5303925673167 89.4050399462382 86.5729749202728 82.2350482145945 86.5760942300161 84.9372843901316 85.1699610551198 87.8102878729502 96.7492858568827 110.265076160431 111.014823118846 97.2793499628703 100.346277157466 94.6970184644063 93.0651624997457 90.0967319806417 71.4738667011261 34.7316513458888 0.602276142065724 0 0
102.858563264211 104.768981536229 107.445398966471 109.786023696264 109.255135059357 109.061559041341 110.763351122538 112.334221601486 108.804285526276 106.848955154419 105.958729982376 104.633241891861 100.276301304499 96.5238014856974 95.6884622573853 99.106768767039 97.1998870372772 91.0340150197347 96.7092712720235 95.1762696107229 90.810239315033 92.398742834727 91.48770570755 88.4941319624583 96.4175661404928 89.661717414856 89.3207987149556 92.6058093706767 92.5080378850301 91.2237564722697 88.9707207679749 86.7248773574829 86.0912998517354 85.5627059936523 87.2697532176971 87.8147085507711 91.1561151345571 99.1702675819397 100.741763909658 98.2585350672404 96.9777305920919 90.6302233537038 96.1697498957316 104.929188887278 96.332440773646 61.4422510067622 22.688830892245 0 0
96.6849029064178 99.0807910760244 105.336020390193 106.873859961828 110.800961653392 112.090796232224 109.965831041336 109.45138335228 109.599222739538 111.783593893051 108.143717050552 103.871723016103 102.615048487981 102.244466543198 99.6527373790741 98.2125997543335 96.8416134516398 88.4391864140828 93.0601954460144 94.6146249771118 90.983251730601 91.1868909994761 95.2762365341187 88.4620944658915 90.5406673749288 89.9781584739685 83.8094552357991 88.8315737247467 92.7442113558451 91.1867519219716 91.4403100808461 89.5869533220927 85.8174562454224 89.1424715518951 100.108087062836 104.255656401316 101.041495800018 95.5658952395121 99.2845594882965 109.947343667348 101.407796144485 92.6632285118103 100.431183973948 108.57762893041 101.506282885869 79.9221297105153 41.8613652388255 8.22875772913297 0
89.0234609444936 92.1059548854828 98.1760919094086 102.339128653208 108.922610680262 112.854152917862 109.218160311381 107.320050398509 111.080676317215 113.653679688772 111.203362544378 106.557170550028 104.525854190191 104.936063289642 102.715065081914 97.0034003257751 96.0340698560079 89.7635022799174 93.5194591681163 97.462276617686 96.2955454985301 95.869650443395 97.6723233858744 94.0397878487905 90.1683171590169 94.3611661593119 89.1868869463603 92.6456948121389 97.375492254893 103.274554014206 107.073843479156 106.14158709844 96.0275034109751 99.3052124977112 106.802801291148 114.942133426666 114.712645610174 106.217890977859 101.90690557162 108.331004778544 99.75199898084 90.7698372999827 88.7232025464376 87.9409114519755 86.9651734828949 85.915744304657 74.5633741219838 23.6797680457433 4.33953789373239
87.8604451815287 85.3113830089569 89.5946224530538 98.9936391512553 104.713181654612 108.379582564036 111.41300201416 114.239265521367 115.106155474981 111.138343811035 113.557269175847 113.160153230031 109.17142033577 105.99031051 103.739311297735 98.846822977066 96.846878528595 93.5311118761698 96.7672963937124 102.546294530233 104.043106238047 103.760937849681 100.592652956645 101.689537366231 95.4618354638418 98.9778141180674 98.5338489214579 100.958615541458 108.958472808202 113.700886567434 125.241299470266 125.892738501231 113.138248523076 108.510166406631 107.373217741648 116.414447625478 120.335847139359 118.004858493805 108.26246937116 96.5454479058584 89.5327925682068 90.2899305025737 88.9801383018494 83.4110379219055 80.0131410360336 84.5151940981547 79.8301845788956 28.9980893333753 5.32928854227066
88.4968638420105 91.7546550432841 95.4496264457703 102.161228656769 103.021671374639 103.294084469477 111.912488937378 117.475907007853 116.979449987411 116.66069428126 116.041243076324 115.514576435089 111.956457297007 107.082585493724 107.641001542409 110.98638176918 102.847933769226 100.878725449244 102.405399084091 107.660869757334 108.669559160868 106.126705805461 103.160033623377 102.931360403697 97.6296762625376 104.124029477437 106.965402762095 106.773535410563 113.538444042206 120.539287726084 127.882162729899 130.148152510325 126.390318075816 112.326910098394 97.841481367747 102.370758851369 112.809419631958 118.850936492284 113.087644179662 91.5345052878062 84.0150912602742 92.3865139484406 94.9708024660746 91.6809240976969 85.3487849235535 82.561065753301 67.9835180441539 37.4679317077001 7.2738341987133
89.2233649889628 100.243677695592 102.944314479828 105.01088698705 102.775077025096 101.6539533933 109.810928503672 115.362972021103 115.278383096059 120.682388544083 118.46007903417 117.325951655706 115.081330140432 109.863102436066 109.305709600449 115.905821323395 108.536422252655 106.296102205912 104.071060816447 105.219880739848 105.550865332286 104.209174712499 103.586932023366 98.880410194397 96.7615246772766 99.3466079235077 102.820893128713 104.185074567795 106.897413730621 116.194099187851 123.307516177495 130.592584609985 124.282946189245 103.8811703523 71.5996672709783 47.5038091341654 74.5819310347239 103.28600804011 115.546713272731 117.167770862579 110.91074347496 102.771510680517 85.7846935590108 82.7109167973201 89.9859468142192 84.6004088719686 64.728856086731 52.5348683198293 14.3458421031634
93.1070446968079 90.8917387326558 89.5266433556875 92.2118524710337 100.268522898356 105.69965839386 106.029291947683 112.158576647441 111.570070187251 116.725981235504 116.872648398081 119.105199972788 119.065801302592 113.603899876277 111.814767122269 110.349277655284 112.126340468725 105.041354894638 99.5582938194275 96.5735216935476 97.0365405082703 99.3366837501526 99.7426211833954 94.173401594162 96.3242252667745 93.6498641967773 94.2252079645793 94.3299829959869 94.8192079861959 98.8684594631195 103.262702624003 113.5200659434 109.138151009878 85.8631233374278 53.1367609898249 30.5521637201309 31.8914751211802 54.3646315733592 96.8528588612874 114.148139953613 119.22295888265 102.693537871043 81.9535156091054 77.0897070566813 84.3741198380788 76.6397813955943 61.4314575990041 68.6568568150202 50.1224597295125
96.6248214244843 85.7295493284861 82.6703011989594 88.3192718029022 100.888391335805 109.835187594096 108.769198258718 110.377172629038 112.767537434896 112.635840972265 114.85422650973 117.96905597051 119.511326154073 118.089308341344 112.743536631266 110.777586698532 113.266477982203 106.524368127187 101.799994707108 102.401365836461 101.311296224594 99.0640024344126 97.458948691686 94.0848787625631 94.5050517717997 91.9387439886729 92.0382936795553 91.5484130382538 90.5868510405223 86.962878704071 79.896554350853 83.3509266376495 84.6649805704753 68.9370383818944 54.5268009106318 31.8536808093389 19.1995526353518 16.6435440381368 31.2586526075999 72.1529324849447 101.843426624934 92.8168992201487 82.1914374828339 73.4570274750392 60.267835855484 59.9683423837026 58.9196085929871 78.2541334629059 90.0073250134786
96.691886583964 90.85879723231 87.9324674606323 93.0417080720266 103.101700544357 111.729164918264 114.998896916707 110.645125309626 115.164697170258 113.065093755722 117.232471704483 118.822117646535 120.062311490377 121.33526802063 115.271786848704 114.731172720591 114.864806334178 109.666804472605 105.386793613434 106.717338164647 107.666919628779 103.422582149506 101.214448610942 100.608289241791 97.6253946622213 97.1436202526093 94.2354202270508 90.3052985668182 87.1862769126892 80.3075482447942 70.9189077218374 73.3354886372884 78.0312319596608 78.9092878500621 77.1915217240651 65.0855700174967 38.7515698870023 23.8297233978907 17.7497702340285 26.797279715538 48.2334494590759 71.2417264779409 48.2715318600337 39.6845191717148 39.2232264081637 46.8043883641561 62.5614027182261 70.836732784907 85.2359235286713
100.328812996546 98.8005300362905 94.4250623385112 92.5621092319489 98.3887612819672 110.433876514435 112.845073143641 110.885183016459 112.533330917358 117.559234301249 123.765081167221 124.186754226685 122.723291317622 122.971395651499 119.738161563873 118.078261613846 119.25615866979 115.934113661448 110.68653066953 106.401940186818 105.165521303813 105.201721191406 107.194801171621 109.953959782918 105.583608150482 102.165232102076 94.4770773251851 85.3481888771057 78.0523320039113 73.8607247670491 73.8474229971568 79.3488969405492 83.5301379362742 94.6735839049021 102.22852230072 101.557970046997 84.7154160340627 67.3029671112696 53.9495845635732 29.2487541834513 32.7151467402776 58.0500264962514 58.344711860021 46.5632329384486 46.7311690251032 63.7886822223663 88.5250369707743 84.3077003955841 79.4112831354141
103.241602579753 102.663358052572 101.156363884608 96.8469778696696 97.5508789221446 107.618510723114 111.212958892186 111.185967922211 110.613286495209 119.749406973521 128.673354784648 127.309809128443 122.326542933782 123.972952365875 124.494065841039 118.720432122548 120.92254559199 116.561571756999 112.072438001633 108.77584417661 108.65260163943 108.299533526103 105.839391549428 104.43169871966 103.246440490087 98.3072320620219 73.0728954076767 53.3892462650935 48.3586142460505 56.8429529666901 71.0951785246531 75.7730801900228 81.6213289896647 89.0028874079386 98.8450646400452 111.122439304988 114.424566427867 94.3966507911682 94.5043464501699 66.5108213822047 42.789747317632 59.8810960849126 76.3355245192846 77.3254483938217 77.4206320444743 92.723160982132 121.629665295283 109.868874152501 86.1666401227315
101.839820543925 100.054025650024 103.8998067379 104.613840579987 101.311951875687 103.996773560842 111.497471729914 112.296243508657 111.79307103157 119.396438201269 126.937886079152 125.417172908783 120.750427246094 123.806744813919 127.025107542674 116.156687339147 117.618133624395 115.729431311289 113.549460967382 114.433427651723 114.547898372014 113.588670889537 107.530176639557 102.469235658646 99.2808043956757 98.2370277245839 79.1576604048411 57.0134222507477 57.4037730693817 67.5914585590363 80.1858007907867 81.7480236291885 92.902402083079 103.886097669601 110.580643018087 121.832072734833 103.490014870962 54.140696922938 54.509182771047 64.7810846567154 68.8457638025284 83.2300186157227 88.36696545283 71.7962433894475 44.8998063802719 72.6234664519628 98.3938276767731 93.0559635162354 78.7606785694758
89.4203682740529 98.2298254966736 101.710816224416 104.517151912053 104.184011618296 100.268016258876 111.437052488327 115.807712078094 115.686804056168 120.06002664566 123.897721370061 123.704115549723 122.489005327225 120.053033034007 120.837171872457 117.285956939061 113.634030024211 116.089830795924 117.744266986847 118.610163529714 119.206657012304 116.613030433655 113.70180050532 105.107168356578 103.046149015427 104.470759630203 99.6175408363342 94.2204495271047 98.1895327568054 101.690391699473 97.7836052576701 91.8886562188466 107.552836338679 116.305261850357 110.871235529582 82.7808131774267 72.5618998209635 35.1743698120117 22.5067387024562 35.4498103260994 57.7391932408015 94.0165718396505 90.9225344657898 76.8117209275564 64.058855175972 67.2741731007894 83.5294822851817 88.2463852564494 85.9820942083995
78.8986931244532 94.8647260665894 99.6555685997009 102.621843417486 105.566889047623 101.300130287806 105.821818113327 115.477621555328 126.119414965312 127.391089995702 123.236258824666 120.639950037003 122.449894746145 121.460368235906 120.830575625102 118.064939975739 113.177388906479 115.031431118647 113.569835821788 111.147423585256 112.209886312485 110.731810331345 109.096308549245 105.936318635941 107.745001713435 112.405230601629 121.732254823049 124.385297298431 113.496949275335 113.27995856603 101.94272796313 92.038889726003 102.007369200389 92.46759613355 48.8098561763763 38.3919676144918 36.660706003507 27.8481816252073 14.4037455320358 9.77913724879424 12.236762791872 47.1335699160894 88.320920864741 105.801790952682 122.464766105016 118.337591489156 111.418177684148 109.280556440353 108.109851678212
80.7994852463404 91.65025750796 99.9561051527659 102.582782506943 104.033718506495 104.425609111786 98.6769795417786 109.522094329198 131.412585576375 130.244314670563 121.388177076976 117.878526449203 120.542804400126 124.044686555862 122.432122627894 118.785341580709 117.61000752449 114.296197891235 106.432368357976 98.3429451783498 98.6279845237732 101.743469635646 102.751215298971 104.613572359085 105.524639288584 112.21769452095 129.342019557953 138.706584771474 124.234209458033 111.380338668823 95.2578783035278 81.965501109759 81.3587208588918 75.6311118602753 54.0201961994171 31.8399543563525 33.302220205466 44.2931652069092 35.9459767738978 20.2513163288434 9.70105143884818 20.0238426526388 66.7615334192912 98.4030465284983 109.292109807332 108.20663968722 101.101487874985 101.907600959142 97.1634984016418
94.2079424858093 97.3134636878967 100.037594636281 96.5177118778229 89.9055202802022 86.0690077145894 94.5824881394704 101.435740788778 111.676504214605 108.710368474325 106.441338857015 112.629989782969 119.325309991837 120.805263519287 116.13126595815 118.366479873657 117.947071790695 111.32550239563 102.780183156331 96.6957708199819 94.8691964149475 95.505545536677 98.4756549199422 101.548761129379 102.069745461146 104.287226994832 117.540617783864 128.767341375351 117.339332898458 98.7809101740519 89.9830460548401 73.7371941407522 66.052054365476 79.3263266483943 73.1454392274221 44.0572102864583 53.3132652441661 85.2958261966705 89.901735385259 68.3259963989258 35.6564645965894 26.0753110051155 44.2126890023549 54.6865810950597 52.6881963014603 66.251814365387 71.3198433319728 76.3611495494843 74.8940706253052
107.063750425975 103.159934282303 99.166731039683 91.4155046145121 79.9703498681386 72.5594609975815 85.4968825976054 84.0841929117839 72.4680672089259 73.1546779473623 85.4929586251577 99.3244051933289 105.383147795995 110.580593347549 113.863289356232 124.858280022939 127.348959445953 117.615987857183 108.12837878863 104.091823101044 100.363483031591 100.095252195994 101.007223129272 98.5749463240306 98.0158448219299 99.8351573944092 107.1963707606 111.766596635183 104.993601640066 85.0130220254262 84.687352180481 79.9041986465454 72.5388824939728 89.6775225798289 94.2556957403819 81.0644527276357 72.0959802468618 72.7933943271637 78.8734356562297 77.1439323822657 58.9883327484131 43.5067415237427 43.9162154992421 35.5228781700134 27.3203353087107 30.4687519868215 49.8361339171728 56.1147679885228 61.1702005068461
110.226184129715 102.697422107061 97.3163147767385 93.0181741714478 84.7783486048381 77.8275479873021 72.2983380158742 66.2528177102407 46.679750084877 57.3120613892873 80.1934947570165 92.1523869037628 93.1371649106344 101.589779059092 116.639147202174 134.100039800008 139.871329069138 131.430377562841 121.92036708196 117.195079723994 111.380477746328 108.281542857488 107.30454325676 102.772444486618 101.08146071434 99.895974000295 96.8901912371318 95.155676205953 95.3890879948934 73.9772866169612 76.223611831665 78.7758926550547 73.2422024011612 93.8058892885844 112.416168053945 115.792036056519 89.8729463418325 44.6842114130656 36.5817795197169 54.3051461378733 58.126558860143 53.5932928323746 56.3370933135351 50.6040851275126 37.2647121548653 32.946802675724 45.2578365802765 56.5331280231476 67.8216218948364
113.023817539215 107.036262750626 105.573723713557 106.807768344879 103.100230296453 95.9161718686422 89.878261089325 90.8613502979279 89.1599853833516 94.3559110164642 104.178428649902 111.675639947255 111.943741639455 106.063385804494 117.505441109339 135.482847690582 145.913809537888 145.606180032094 137.306312719981 125.742822885513 119.010398785273 113.177041212718 112.540990114212 112.246851126353 105.47814766566 93.8771466414134 88.3114635944366 86.8420402208964 86.077203353246 81.4303408066432 66.7910575866699 65.8730417490005 58.0832163492839 81.2536080678304 121.538490056992 129.760811726252 95.809280872345 58.9001377423604 28.3090596397718 28.5522863268852 33.345453441143 44.2857046922048 60.2359424034754 67.0158962408702 70.0360437234243 55.0688803195953 54.2031725247701 75.0275353590647 109.361261129379
113.928198814392 110.866844654083 111.056675513585 112.784653902054 112.211873133977 107.798675696055 106.945017973582 116.240640481313 134.580244620641 129.61467107137 120.149632294973 122.696995735168 129.105716943741 114.450355370839 115.5772904555 125.162303447723 135.509073734283 141.777863105138 141.785174608231 134.311199188232 128.043313821157 119.540085395177 113.986601432165 110.447704792023 104.287415742874 93.5089886188507 79.7294626633326 76.7027139663696 78.0789156754812 69.803923368454 37.8994196653366 34.9171410004298 28.00153195858 46.009639898936 120.169738928477 130.78361749649 110.095411539078 99.6933182080587 64.6060258150101 21.9257399439812 13.5971494019032 10.6698585053285 32.9045703013738 73.1679201126099 82.7477375666301 71.5963542461395 70.2627996603648 101.29980246226 168.274641036987
