input/barkrak2/radiation/dir30024.grid
NCOLS 85 
NROWS 70 
XLLCORNER 665100 
YLLCORNER 4664600 
CELLSIZE 20 
NODATA_value -9999 
[rows 22 to 43 of 70, columns 0 to 48 of 85]
74.1188625494639 67.8183237711589 44.9871271848679 39.7555579741796 35.6080879767736 18.3582939207554 25.721475481987 24.8504330714544 14.2758525907993 24.270753065745 28.6756977438927 30.3253655632337 33.5413565238317 33.878115316232 35.8265514175097 42.1312550703684 53.5990794499715 64.7032707929611 71.896880865097 74.8852739731471 79.4026553630829 93.7737425168355 106.057624022166 112.86199092865 111.300935347875 106.876879930496 97.7734128634135 90.6794965267181 82.0287962754567 64.3862386544545 46.3400185108185 21.5380042791367 5.06260183950265 0.242250350614389 0 0 0.13244547881186 0.150718357569228 3.08078185965618 2.43663617099325 0 4.07091621309519 17.0720977087816 15.7732690374056 35.5043485760689 55.0964872042338 62.9276235898336 64.3414705991745 68.071573972702
109.281003475189 98.3765721321106 63.5078996419907 45.9888676802317 40.2506738901138 40.6179303924243 37.2711221377055 27.440478404363 14.3516659736633 16.2661398450534 30.0766651829084 32.8945368528366 37.6412471135457 43.8381483157476 41.8367584546407 43.6539550622304 51.766112446785 60.6646190087001 68.0674811204274 61.5891565879186 60.7209901014964 64.6739055713018 78.5847653945287 91.2755131721497 97.8378554185231 98.453422387441 91.9543306032817 77.459638317426 64.8628969987233 29.6011517445246 23.3410969376564 13.1852303942045 0.267606383810441 0 0 0 0 0 0 0 0 0 0 25.1099566618601 37.0442196726799 45.7218339045843 53.7180403868357 57.4732373158137 65.7723248004913
108.464787403742 104.367971420288 81.4478695392609 51.0857005914052 32.8292300303777 39.4335240125656 36.6036420067151 32.8351358572642 27.3886620998383 25.3287355105082 29.256338874499 30.3642178575198 34.1626356045405 41.0485987861951 42.1235660711924 43.3226029078166 48.6196378866831 59.3142906824748 67.0674095551173 60.2249403794607 58.5432052612305 56.1087081829707 64.7838562726974 74.5985358953476 78.9924065272013 81.1811685562134 77.2582789262136 66.6386087735494 52.8711378574371 22.0190534989039 16.0672093431155 13.5590955615044 1.87580768639843 0 0 0 0 0 0 0 0 0 0 43.3413684368134 40.1490653554598 37.6737068096797 44.6855475505193 56.426594654719 62.7001225948334
94.3249066670736 99.3727048238118 92.6558176676432 60.7533703247706 33.2796623309453 40.8259282509486 46.2019046147664 54.213692744573 51.4811178048452 43.2218859593074 37.7527425686518 41.9898927211761 43.0193940798442 50.1792132854462 49.6712227662404 45.8786835273107 47.7821926275889 58.9351505041122 66.6563312212626 70.0138807296753 70.5966701110204 67.1411752700806 63.7220044930776 63.1813804308573 67.2371288140615 69.7237352530162 65.5407855908076 64.359391729037 39.0668238202731 33.7756598989169 30.5763234694799 37.1813327074051 30.3218811750412 0.0386061001336202 0 0 0 0 0 0 0 0 5.10996766388416 38.923275967439 35.4782069722811 36.7056851585706 36.39005869627 39.8160095016162 44.9519703785578
93.0927594502767 98.7046360969543 96.926470597585 70.5579519271851 48.0761229991913 56.3339541355769 67.8021510442098 77.1678934494654 84.3814015388489 74.6385256449382 55.9718112150828 59.7721139589945 57.0631474256516 60.2273941040039 62.940647204717 52.8763930002848 50.9507954120636 62.0144903659821 69.553350408872 81.7011346419652 82.9966763655345 81.0195604960124 72.5105454524358 65.9456203381221 66.8834696213404 70.0291097164154 64.4221007823944 69.6415106455485 63.8832896947861 62.6421471436818 69.7158972422282 90.3647641340892 99.4459092617035 78.3972442150116 4.34332682440678 0.424812043396135 0 0 0 0 0 2.19187885522842 26.4135673642159 26.875339448452 24.3913009762764 26.0070512692134 28.0931418140729 29.4776211182276 31.8672334154447
95.018724600474 93.5535828272502 93.9650436242421 76.8611331780751 76.4107555150986 79.4725666443507 89.1986191272736 93.3271845181783 93.1720038255056 87.6915554205577 68.4778143962224 63.4324004252752 62.2334976991018 61.6990973552068 68.9542045195897 64.3596152464549 58.7459256251653 66.1213000615438 79.2366514603297 86.0325197378794 82.632765173912 73.395902911822 71.9723949829737 72.9992638031642 73.9700694878896 74.9589502811432 71.8269993861516 80.9140503406525 96.8966682751973 102.032045523326 108.731011549632 117.099503676097 127.699633439382 134.811848402023 93.6412910620372 11.7432773113251 0.321295151176552 0 0 0 1.89649158467849 36.6221865018209 29.3412581086159 16.8383891383807 17.5431072711945 16.9793292880058 16.51414980491 18.4677864114443 23.6915250619253
97.9303916295369 85.9013199806213 86.8756274382273 80.5938094854355 96.8859195709229 93.1020577748616 91.1108454068502 84.9593381086985 80.8670222759247 72.7781057357788 62.4853571256002 57.2026471296946 60.5376064777374 61.2638096014659 71.3302989800771 72.4210093418757 68.2589759429296 64.4597411155701 75.4319578409195 77.6191006104151 76.3634343942006 69.2174186309179 69.8704620202382 76.0872662067413 79.9274841944377 76.4052172501882 77.2064526875814 82.8747202952703 105.063368876775 118.732204039892 128.890335559845 136.252750953039 142.474512259165 144.853721062342 139.266749223073 64.3478482961655 0 0 0 0 4.77698134879271 21.9624390204748 17.3039138317108 7.30203340450923 6.49858886996905 7.25627938906352 7.93383891383807 12.9381828010082 20.2889144420624
98.3900725841522 79.7789345184962 80.7919899622599 87.1394375960032 98.0633695920308 91.9648110866547 77.2808293501536 62.0929300785065 48.5234657923381 42.3171718915304 41.7192876338959 46.2902585665385 55.3596665461858 61.747670173645 73.360135157903 77.448179324468 74.8638560374578 61.9182686010996 66.0252024730047 68.8023716211319 68.6375796794891 69.1086302200953 70.0255781412125 76.5662441651026 83.2613458236059 80.0611476103465 82.9155147075653 84.5070779323578 99.7304320335388 122.87899851799 139.749705791473 147.640645503998 147.586057583491 149.742543697357 158.649682998657 140.863021214803 55.9744387865067 0.72505185380578 0.0407105399062857 0 0 0 10.3066495309273 2.31671798974276 0 2.1877793284754 5.07248751819134 13.0624249577522 19.2958675324917
96.107025941213 97.7440079053243 120.809386173884 155.536909898122 130.081623792648 98.0193018913269 67.4789249897003 43.3703313271205 33.8392903407415 37.2476254900297 34.3491037686666 32.7022423346837 52.0430455605189 62.0767970879873 76.1485993862152 83.3005209763845 81.3334633906682 67.559947570165 67.1512931585312 71.5289811293284 69.0801292657852 72.7886060873667 75.6727556387583 78.1598736842473 85.500846306483 90.8613900343577 88.8756314913432 91.5205478668213 103.213389714559 128.611991802851 148.661802212397 153.969287872314 150.149871905645 157.835771640142 167.945822079976 172.805488109589 146.179338296254 87.7350469430288 20.8315315345923 2.68577970564365 0 0 0 1.97105140735706 0.658071289459864 0.98181546976169 4.50002960860729 8.2909632474184 9.04311860601107
110.15310883522 145.43883005778 194.405992825826 216.007431348165 194.433232148488 140.631705522537 90.1153087615967 57.2617451349894 49.1659740606944 55.116871992747 46.1720526218414 39.6194209655126 50.0453362862269 60.3866974512736 79.3610960245132 85.9589378039042 82.0016860961914 76.8609344959259 70.4262405633926 73.2428381840388 72.6738621791204 76.7587671677272 79.3222586313884 79.9566109975179 86.2369438012441 98.7300276756287 99.6069014072418 106.176714102427 115.483532349269 132.566640774409 148.544629414876 156.753063201904 158.847471078237 166.662077109019 171.15052541097 172.231157620748 165.109237035116 147.802968819936 77.8705130020777 16.6250827411811 2.2450954032441 0 0 1.9967343347768 1.99253500128786 1.01357054275771 0 0 0
171.970963478088 208.353737990061 231.183369954427 232.946534951528 231.91887140274 205.918808778127 160.97683707873 120.30366063118 95.0806538263957 83.0969164768855 79.6603908141454 66.0291363795598 52.5582134723663 57.6634307702382 80.3628464539846 87.2058669726054 81.0062736272812 81.1777810255686 71.9044357538223 70.2442328135173 74.7182766596476 75.8273204167684 78.1689882278442 78.9940655231476 84.854652484258 99.1715292135874 106.435189644496 115.311165650686 124.516834815343 132.381588220596 145.571440458298 157.35270579656 159.03318921725 155.881643295288 157.67635901769 149.523466825485 150.916675726573 137.935856978099 91.4069215456645 36.6060882806778 9.73125112553438 5.98760632177194 2.40262427056829 2.10209439198176 0.725556708251437 0 0 0 0
222.211321194967 237.772425015767 241.589446862539 240.031003952026 242.537200450897 237.6362880071 216.008385022481 171.572943528493 132.590274016062 110.792944828669 110.731989145279 99.3693172931671 71.7962086200714 67.1204576889674 76.9583781560262 82.7957888444265 76.1369069417318 76.3421605030696 71.4852809906006 72.0669974883397 70.7751512527466 71.6679741938909 72.8883991638819 73.5793908437093 81.4528614282608 92.4720962842305 105.532964070638 110.753645499547 120.580573876699 132.139513889949 145.167956749598 148.475488026937 138.472745815913 126.862307389577 129.594643910726 112.744828065236 113.339245319366 97.8491803010305 60.6944759686788 26.4055182536443 24.4149218002955 15.6073371569316 7.18096767862638 2.10758593554298 0 0 0 0 0
233.705639839172 239.75267012914 239.260733127594 238.873541355133 239.407201608022 239.11041021347 232.468565305074 200.13568798701 152.975976467133 123.599042495092 119.241992632548 116.377453009288 99.1674959659576 81.1024655898412 78.7916084130605 81.1764001846313 74.497530857722 69.3466017643611 71.2744891643524 74.0997890631358 68.833996852239 68.4512207905452 70.5052465200424 72.9182163874308 77.0902385314306 85.7598086198171 97.1870223681132 98.9920397599538 109.076738357544 127.872029940287 137.037436167399 134.333242972692 127.555986245473 120.926300684611 112.806687752406 97.4379579226176 101.679156223933 98.7464785575867 78.6848366260529 42.7418053150177 35.5839977661769 35.5755140384038 18.452459325393 3.4258288020889 0 0 0 0 0
228.585839271545 232.060710589091 229.378759860992 229.434450467428 229.864796002706 224.40109650294 220.147629578908 202.973743279775 159.458051125209 131.762444972992 123.983482519786 120.668937762578 113.217979669571 90.6806488831838 82.6832354068756 86.1777365207672 78.1756391127904 69.6379741032918 73.9078025023143 75.133999188741 73.6455221970876 69.3686008453369 72.8545586268107 77.1239101886749 76.5436887741089 83.1497212251027 89.2585615317027 90.7279054323832 98.8884170850118 118.662257989248 129.123469193776 126.926332712173 129.925181468328 130.948533614477 111.368417739868 104.312211275101 109.17866230011 116.341938575109 111.492703358332 70.8679060141246 30.3790246446927 16.1879857381185 0 0 0 0 0 0 0
206.930498282115 210.439105828603 212.501804033915 208.431204160055 208.467940489451 206.176280975342 210.384507973989 206.58814907074 171.419501304626 139.068365097046 125.087469816208 117.474218209585 110.551377137502 91.1851922671 79.2756179968516 86.963027715683 88.7861847877502 75.3044784069061 77.5186866521835 80.410823225975 80.6818107763926 75.5617072184881 75.7272094488144 79.246108730634 78.2421181599299 79.73812520504 86.456040541331 94.118336836497 100.194454193115 114.444981018702 125.54739912351 129.418730735779 129.912088314692 134.966482718786 114.852209885915 115.386674801509 115.846663713455 124.544461568197 124.352226654689 84.342896938324 17.153578499953 0 0 0 0 0 0 0 0
185.492098331451 193.830132484436 204.73970969518 200.73272784551 200.231492519379 206.363201141357 213.870068391164 215.972602367401 192.79275337855 156.1452349027 129.647572835286 110.032012065252 96.7159072558085 85.5103135108948 75.5210816860199 81.2040418386459 92.9073691368103 83.5561354955037 81.0113896926244 84.0425988038381 84.2541654904683 79.6870489915212 76.7036527395248 78.6785135666529 81.0652027527491 81.5351406733195 84.8991473515828 94.2728519439697 100.367943445841 106.510072946548 120.507101217906 130.950301885605 132.401754458745 124.462833007177 110.239595174789 125.034401814143 128.951648871104 133.189797401428 131.649156411489 105.537792046865 13.2572675744692 0 0 0 0 0 0 0 0
148.261805375417 159.957110881805 168.143252531687 173.532883326213 181.123773256938 196.645895640055 208.80538225174 216.39621257782 207.092086474101 174.897571404775 142.123649517695 111.8483543396 93.8422083854675 91.4461811383565 82.3294818401337 75.7375011841456 87.4292651812236 88.5246296723684 81.4403047164281 81.0887664556503 81.6343625386556 79.5544485251109 76.0295689105988 77.2925764322281 80.5737972259521 85.8288407325745 85.4957501093547 91.1150574684143 97.4734326203664 99.7932255268097 111.480583747228 127.42551167806 130.149255196253 111.540546019872 114.427983760834 137.27347056071 141.636023918788 138.254324595133 136.16868853569 131.648987531662 73.4953780968984 2.30962627877792 0 0 0 0 0 0 0
112.001756827037 118.668496608734 118.315070867538 128.607928752899 145.520528157552 162.714103857676 177.972753842672 188.871125380198 187.321305274963 163.529445727666 128.739923238754 103.605528672536 89.761217435201 88.4728630383809 84.2133859793345 78.8345485925674 83.4301908810933 84.0614835421244 76.5278587738673 76.9331455230713 80.553929011027 83.5891763369242 81.9742431243261 77.3845414320628 76.4222691456477 81.3158104817073 85.8198801676432 90.3069873650869 95.2375133832296 94.821294148763 100.055913130442 114.43700393041 121.341407299042 114.770174026489 138.548771540324 149.054288864136 146.555950244268 139.117141564687 142.569402853648 155.89984258016 149.084538221359 84.9183201789856 14.2049478987853 0.500245912310978 0 0 0 0 0
100.662221511205 102.623343467712 101.96645061175 104.149838288625 113.187531630198 119.93204553922 123.330036799113 129.535178343455 128.586570421855 111.223826805751 95.8901544411977 91.0976529121399 89.1521871089935 85.4765772819519 83.0756723880768 83.6636026700338 82.552582025528 83.1072827180227 77.4734814961751 76.2865046660105 80.7975629965464 86.2022737661998 88.8279279073079 84.2902064323425 80.7242294152578 78.9338648319244 88.5745088259379 91.9770995775859 96.7456698417664 97.1545477708181 97.1346298853556 104.357093572617 113.898028930028 124.261637528737 147.671123345693 148.626118898392 137.577344973882 127.2940436999 129.65535124143 147.830853859584 160.7346534729 155.157119035721 95.7312385241191 23.5893800854683 1.11356424167752 0 0 0 0
109.33663447698 106.949329376221 106.72519604365 105.595807234446 102.118233839671 99.7268358866374 98.2615351676941 99.084993203481 104.427834351857 95.2287415663401 86.7741008599599 88.6308153470357 91.6334986686707 91.1905268828074 88.9392495155334 86.1639777819316 80.7568927605947 88.9743665854136 89.0394151210785 83.5908651351929 87.0583554108938 87.7359608809153 86.2294236818949 88.1486733754476 89.0718897183736 83.9779078960419 89.2455776532491 93.2442049185435 95.5279469490051 97.1210400263468 99.9342997868856 103.836894035339 110.050022602081 132.686962683996 141.461471716563 134.021788835526 120.809773604075 109.68691110611 107.371727625529 120.76390782992 153.613905111949 161.528637011846 132.391591866811 68.0301686127981 11.987409243981 0 0 0 0
114.604532718658 111.271421114604 114.313135544459 112.391779820124 105.387349923452 101.498583952586 98.3718434969584 95.3066945075989 94.9702560901642 91.2904540697734 89.6022915840149 88.4972910086314 93.0190285046895 96.4434643586477 95.4675873120626 91.6865170001984 87.9753828048706 93.2441055774689 95.1998631159465 87.9898170630137 86.5822633107503 84.5589935779572 80.9476673603058 82.6258112986882 87.0001713434855 83.5509300231934 81.6771040360133 86.5410466988881 91.6336576143901 94.4969654083252 95.696767171224 97.8004038333893 108.414749304454 130.263209342957 141.523708899816 121.809164683024 107.923100392024 105.006635189056 105.759123961131 115.891675154368 127.519428730011 130.607465902964 114.949653546015 77.3336489995321 20.5548865099748 0 0 0 0
97.8967150052388 100.806176662445 109.623402357101 107.037295897802 109.422028064728 112.040152152379 110.544711351395 105.27703166008 94.4242676099141 92.5793846448262 95.4711139202118 90.8480286598206 91.9110178947449 95.5718954404195 96.741129954656 93.4101939201355 94.3441490332286 96.1822966734568 96.2108274300893 90.4829502105713 84.6201876799266 81.8273474772771 79.2532116174698 79.7140051921209 81.2255541483561 84.8949750264486 81.0188849767049 83.6515426635742 88.9286498228709 89.8754298686981 90.2627507845561 87.3644550641378 99.790096282959 115.45537908872 121.749381224314 110.689699649811 105.653673410416 111.34468515714 114.834606647491 116.868118445079 111.916681130727 111.45947376887 104.080855846405 75.6898572047551 30.0269449750582 0 0 0 0
