input/barkrak2/radiation/dir33924.grid
NCOLS 85 
NROWS 70 
XLLCORNER 665100 
YLLCORNER 4664600 
CELLSIZE 20 
NODATA_value -9999 
[rows 0 to 22 of 70, columns 0 to 51 of 85]
46.556860208511402 58.2471291224162 71.5442349513372 85.5972568194071 93.8403109709422 95.8643058935801 95.6838031609853 102.120021979014 121.626118818919 124.773383140564 125.51952401797 121.780971686045 117.477625608444 118.16926797231 116.635859012604 104.053437709808 90.8043483893077 82.1548799673716 81.890473763148 82.256739338239 89.9947981039683 106.941441694895 123.056590557098 125.65404176712 127.18865275383 135.123074054718 133.92652074496 129.168222347895 126.19615594546 127.779473861059 126.65985027949 146.884183088938 176.825026671092 172.099173069 168.80202293396 163.191576798757 168.536067008972 174.125512440999 168.757160504659 170.595606168111 167.458434899648 180.281460285187 183.260937531789 176.264544328054 168.466707070669 176.340421040853 182.852387428284 137.691517670949 94.403753678004 90.5300180117289 111.314237117767 151.374081770579
30.046376089255 42.936384677887 49.7788637876511 59.9771440029144 68.0647790431976 76.4675637086232 81.1557869116465 90.2928213278453 100.518604119619 103.094230095545 113.679031531016 123.226821422577 119.758546352386 118.242839972178 118.321319421132 106.346587340037 97.1274773279826 89.4262095292409 86.971382300059 84.3414962291718 96.9885090986888 119.634280602137 133.330365022024 134.666840235392 135.425279537837 139.765202999115 135.089824597041 129.020859797796 126.69845422109 131.847083568573 133.091598749161 155.2428205808 176.3041416804 169.629454612732 167.324086030324 163.721899191538 170.801381270091 175.113876660665 167.642553647359 167.979935805003 166.841089725494 170.144498348236 166.264832019806 159.124871095022 155.28130531311 168.452044328054 174.756209055583 129.596253236135 101.680894692739 111.142774422963 138.548990090688 172.109246253967
11.3501238326232 14.9783131976922 22.4874665339788 28.8073221842448 32.6191534598668 39.0032877524694 50.3795395294825 64.1611814498901 75.7929583390554 81.5607607364655 86.9225263595581 94.8125819365184 102.863768736521 103.235463301341 119.672278563182 130.186806122462 122.558196385701 112.868219614029 95.1301256815592 89.0793402989705 100.921253363291 117.919941743215 131.11537694931 135.16902923584 134.949107964834 136.296401421229 132.897913455963 129.645675420761 128.124763568242 133.462319771449 147.77609705925 165.385961532593 176.279981931051 170.858184496562 166.668613751729 166.360934575399 175.401548544566 177.866498629252 169.553339481354 165.339817603429 161.845525105794 155.426164468129 145.300686359406 139.11118110021 142.824570337931 158.799141645432 154.009679953257 123.332411050797 118.263065814972 138.103862603505 161.555498838425 181.709210077922
4.5903641730547 5.26020303368568 7.78039234379927 9.05339419841766 8.36124333242575 14.3718793988228 18.753744661808 27.0841866731644 42.6356494426727 54.5689562956492 64.8865600426992 74.2900371551514 84.2598080635071 88.4003043174744 95.7174201806386 104.528506596883 101.886282364527 96.2630112965902 81.5353244543076 80.239271124204 83.8308433691661 86.7391029993693 102.412194013596 110.148787498474 118.104050556819 122.032582759857 124.085346857707 126.154631376266 130.939960479736 136.466155449549 142.064015070597 165.18900791804 169.81166601181 169.632335503896 166.861275831858 166.997631390889 169.249812761943 167.287488778432 160.891552766164 151.611675818761 147.668461004893 142.236361900965 140.86972673734 148.288031419118 154.947439829508 149.422903855642 139.438420534134 120.780646800995 127.397904793421 140.734910964966 160.380999247233 178.164780139923
11.7908517519633 6.03727996349335 2.87108030170202 0 0 3.51020507514477 12.0678705473741 18.8003058234851 24.0479484200478 29.5639683802923 40.1811450719833 52.3453652858734 62.0153894027074 67.5188153982162 75.112317999204 80.5185536543528 78.663577636083 78.6139965057373 76.3091792662938 77.8169085582097 76.8681118885676 78.0201852321625 88.606983423233 97.2295006116231 102.505962053935 110.742270946503 115.944474935532 119.182626406352 127.249528964361 128.700395425161 135.099649429321 149.622182051341 147.083093722661 147.309303283691 154.236823320389 160.704265038172 159.710248311361 154.723624388377 146.665871143341 139.006853103638 138.688007990519 141.206791003545 147.501677274704 155.701686938604 155.577639738719 134.433170159658 112.643818060557 110.953003168106 121.097981929779 138.913810253143 165.939380725225 178.987483183543
34.6778382857641 18.8347995281219 7.10826801757018 0.759282304594914 0.0880136503838003 1.89715375502904 6.0692864159743 12.9157317181428 16.4455684522788 17.1780027449131 22.6874599854151 28.5458564758301 33.5119093457858 38.8479183117549 45.2333390712738 53.3012946446737 55.5241455634435 63.387006521225 72.5094775358836 79.0865123271942 84.0209623177846 85.199107726415 88.0542794863383 91.6987160841624 96.1491465568542 104.186872641246 109.113206466039 114.357014497121 122.571051120758 128.152271111806 138.08485865593 143.152922391891 134.13346807162 136.800209681193 140.206873416901 140.594820181529 138.248205184937 141.803105672201 139.015694459279 141.096035639445 138.697336117427 140.09952545166 142.292340596517 144.985516866048 139.67353105545 114.254633585612 90.9424821535746 99.3539690971375 118.28217903773 150.648375352224 175.503114859263 182.059069474538
51.7331063747406 33.0795273184776 20.6050351262093 10.440219193697 3.34799320747455 1.54286343604326 2.40736920386553 7.35056214034557 13.3937870462735 18.0557767550151 17.4858768781026 16.9312432408333 16.8672204017639 18.2324213286241 20.6074143449465 29.4409841299057 38.2251814007759 51.7732948064804 63.8322780529658 74.340949455897 83.780566851298 91.180423895518 90.3341968854268 87.9445870717366 94.1486756006877 97.3491271336873 100.655605395635 108.508408069611 114.051163196564 123.39116136233 133.754521608353 137.532790501912 127.502332131068 125.19297003746 124.096016089122 126.764237880707 127.792716026306 122.298022111257 118.830104668935 127.374976873398 123.253166675568 123.873591423035 130.147169033686 136.963546276093 136.695762475332 131.24825557073 137.486557165782 142.347077528636 150.610735019048 162.497252225876 169.155319531759 168.671449025472
62.1407926082611 49.0438044071198 34.4159329930941 22.1380492051442 13.2779168585936 4.43896154562632 1.9535911269486 0 7.60382413864136 15.5994507173697 19.2634984850883 19.9955999851227 18.4419974684715 16.8195689717929 13.4495198726654 16.1955977479617 22.6989462971687 32.7480137348175 47.1485157807668 60.9825005133947 70.1678196589152 82.0172528425853 92.6444431145986 89.3932779630025 90.1922285556793 88.8109902540843 93.3573345343272 95.9843496481578 101.422140995661 112.390736738841 122.768779595693 124.152630567551 117.812653382619 111.979742844899 108.386019865672 110.157539447149 115.181197722753 113.232831160227 112.082620461782 99.8037060101827 104.749629894892 113.701581954956 125.666360060374 136.81106766065 140.919506549835 148.218552271525 156.494935353597 157.513121763865 161.787430445353 160.599102576574 156.743844350179 154.124687115351
59.0182642141978 48.783799012502 39.9345631400744 29.0604010224342 19.9326053261757 13.8509944081306 5.23349021871885 1.00429635494947 5.26290635267894 10.480227569739 15.3737006088098 19.7625917692979 22.757147749265 24.8648077249527 21.9580804308256 20.3098791340987 20.4410875837008 23.5771313309669 31.0011853774389 40.5888358751933 51.4130592346191 62.697912255923 74.5940456787745 76.0970811049144 80.5382579565048 79.2542000611623 80.9515217940013 84.517776966095 85.2995117505391 91.0096367200216 97.9098776976268 102.049261331558 100.066612164179 99.6986627578735 102.174868186315 104.249387979507 106.620281934738 108.121375242869 110.578278700511 105.702102184296 107.187777757645 117.498060067495 133.022278547287 136.027117570241 135.10865966479 134.885360797246 136.550982793172 146.267384290695 153.215010960897 148.804525534312 141.024460395177 144.829481840134
38.0744089682897 36.2340460220973 28.0755162239075 23.1397797664007 17.8652927279472 10.921041170756 9.7546906520923 9.13447638352712 5.52860088646412 2.7855293204387 5.73276914656162 14.9044195810954 24.6630286176999 31.2350789705912 36.16979966561 33.6214974522591 27.9601390163104 25.6223181883494 25.3449281056722 27.1933178106944 32.6676815748215 38.8326893250147 46.789159377416 54.08975481987 63.3674462636312 66.0831530888875 67.4625088771184 69.0190146366755 69.7851280371348 74.9874114990234 73.1971909602483 74.96477663517 82.7187697092692 87.3960256576538 92.4966633319855 96.5320865313212 96.4833001295726 99.5617111523946 106.652488311132 113.072911898295 117.141336202621 116.228481133779 117.387712001801 117.680648962657 131.122231483459 134.009073177973 139.692882696788 144.056260585785 146.434515714645 147.611250480016 146.563003460566 144.053906202316
6.20664780338605 3.65659749756257 1.24023901298642 0 0 0 1.97743034611146 9.30096581578255 8.51771545906862 5.49430958926678 3.08426531652609 0 13.7194320559502 24.4861667354902 34.5161433021227 33.0233623584112 32.4452444911003 27.1684005856514 24.8741085330645 22.3406205574671 23.0641985932986 24.852658311526 27.9877011974653 37.1364280581474 47.9819923639297 54.632564385732 55.4231504599253 58.3494404951731 61.5829428037008 61.5153610706329 64.4178440173467 63.783273100853 63.1752957900365 65.5230532089869 77.6268392801285 85.1452747980754 89.8664196332296 94.1541890303294 103.064159552256 117.01026558876 117.973864078522 117.008070151011 113.17033569018 113.003035386403 111.99211080869 115.655442078908 141.700138648351 141.901204983393 141.188462575277 145.088374614716 146.787295738856 144.68918244044
0 0 0 0 0 0 0 1.59842629606525 11.570164312919 10.1820975542068 6.22478500008583 2.90764806171258 4.54236380755901 12.3908457656701 24.74544942379 28.723103304704 32.5555205345154 32.9210286339124 27.9541661341985 22.7118780215581 20.5823841194312 20.2089920639992 21.1669281125069 26.7248302698135 33.5208773612976 39.6674945950508 42.802224556605 45.0129806995392 50.2223422129949 51.9587248563766 51.8598953882853 50.0682691733042 52.4584452311198 51.1683424313863 48.4921087821325 51.1588851610819 78.3523221810659 86.6862734158834 92.8751826286316 106.826563676198 108.960211277008 105.031798283259 102.372626463572 98.4305739402771 100.711484750112 101.519803206126 104.323168595632 108.487129211426 127.234786748886 134.1965397199 136.882493893305 135.483642419179
0 0 0 0 0 0 0 0 5.00953197479248 14.0309718747934 13.4735678633054 9.4415694475174 2.68037089457115 1.4617705407242 10.5754360556602 23.4996179739634 33.0710609753927 36.9947105646133 34.4925920168559 30.051218966643 26.1039187510808 26.3179590304693 27.3340915640195 28.337632616361 30.2115480105082 31.6109855969747 35.0832864642143 40.1052584250768 40.9399519364039 42.3338959614436 42.9489562908808 43.4001237154007 39.3407866358757 37.8802021344503 39.9550348520279 38.0116949478785 36.0086758931478 42.8318878014882 54.0030598640442 79.1424512863159 87.5714222590129 91.2839968999227 88.8957778612773 87.6687169075012 89.4963145256042 89.0183051427205 86.9837005933126 88.0811512470245 88.7764791647593 92.9941236972809 107.111036777496 122.206230958303
0 0 0 0 0 0 0 0 0 5.81326832373937 15.6998833020528 20.3581315775712 16.9160291552544 9.98317574461301 8.7124357620875 19.0741916497548 27.6438867052396 36.9054873784383 42.6973005135854 42.3875053723653 35.5480189124743 35.5971654256185 34.4388335943222 34.024919072787 35.7671976089478 35.936879614989 37.4601955215136 44.2886054515839 43.619637688001 37.3484740654627 40.0539189577103 39.9263848861059 36.4872415860494 31.3314298788706 30.2686889966329 28.4568816423416 25.9883354107539 25.2682367960612 27.8861845533053 33.0846210320791 40.0744676589966 45.8148022492727 52.8906881809235 64.8864557345708 70.4928636550903 81.6373974084854 80.562432607015 74.5255400737127 72.8187263011932 70.9073543548584 76.1591742436091 85.5179230372111
0.784047103176514 0 0 0 0 0 0 0 0 0.0477889455699672 15.5427443484465 27.7573391795158 34.209040304025 28.9383555452029 19.4705165922642 18.0943608283997 20.994707942009 29.6728238463402 40.0721753636996 48.6296067635218 48.2625812292099 45.4594294230143 44.6543097496033 42.5974875688553 43.2313730319341 43.0908799171448 43.7041223049164 43.5867011547089 44.4936454296112 38.2981350024541 34.8131408294042 35.4552989204725 33.3069215218226 29.1481713453929 27.4705737829208 23.4413618842761 18.9003323515256 15.6579551597436 14.487790564696 14.1022180517515 18.6693829794725 23.9711031317711 28.4705559412638 31.9717079401016 39.8443788290024 49.5102355877558 60.981939236323 66.4030959208806 64.4241074721019 60.3295465310415 64.1278723875682 70.3678131103516
1.43061764538288 0 0 0 0 0 0 0 0 0.0174197023928476 4.28552832454443 23.9141235748927 41.8883512417475 43.9483920733134 35.1117725173632 21.1313515901566 16.8236953516801 18.3122791349888 28.5699168841044 43.7764078378677 53.4346053997676 52.8783996899923 53.168460726738 49.5912780364354 46.9188292821248 48.5131392876307 49.9847879012426 46.7481662829717 43.5107151667277 44.8679576317469 38.1493444244067 33.5557510455449 28.9631212751071 23.9698042472204 21.2187816699346 17.6976049939791 12.4360645810763 9.1057401150465 7.17771550019582 5.39233162999153 3.44078056514263 5.58284545938174 11.7525731523832 17.128096272548 24.8929262161255 32.1771080295245 42.9536004861196 49.1901487112045 51.0260959466298 54.4337530930837 56.126410762469 59.6671899159749
0.800196236620347 0 0 0 0 0 0 0 0 0.0950512282239894 0.284886511508375 15.751663595438 31.3121899962425 42.15969145298 45.2690670887629 40.5752609173457 34.5106249054273 26.5033692121506 21.9970395167669 28.0850728352865 44.5084472497304 55.4873396952947 59.2891871929169 57.3432097832362 53.3688614765803 55.1713208357493 57.4799825747808 54.0689329306285 52.2241493066152 49.149364233017 46.199103196462 35.7332825660706 28.1938562790553 20.9982842206955 15.544705092907 11.8232977886995 8.80610259870688 5.64352671305339 4.37598861753941 2.66412583490213 1.11644699548682 0.0430059735663235 3.01322775582472 7.62209296226501 14.2664760351181 22.9499513904254 30.8695311347644 36.7321521043777 40.889469285806 44.2767242590586 49.3493278821309 55.8131635189056
0.272246291084836 0 0 0 0 0 0 0 0.394646970865627 0.41270419023931 1.37521900857488 10.246022293965 22.5831915934881 37.1551588177681 48.2061058282852 51.0232746601105 52.2701442241669 44.2246695359548 31.7118391394615 23.2589890559514 30.60349325339 47.6984928051631 54.6813507874807 58.2536309957504 59.7104628880819 62.9347612460454 64.382682243983 65.6336645285289 60.6114168961843 55.2361756563187 46.1944739023844 40.049081047376 29.7122448682785 20.9673792123795 13.8938426971436 11.5236391623815 7.34871253371239 3.82761936634779 1.85126609479388 0.596608539732794 0.00840832823693442 0 0 4.94078205277522 3.56738114108642 13.311542570591 20.1104618608952 22.0991373062134 24.5278502504031 31.6591660181681 36.5212435523669 40.5625055233637
0.309968929893027 0.375798592964808 0.0488969526486471 0 0 0 0 0.715931101391713 1.22234706456463 7.46972300112247 12.5917767484983 13.3355880777041 18.0090330541134 24.08200999101 33.3796665072441 45.0337628523509 50.0971525907516 53.2341748476028 49.9825477600098 38.4154518445333 27.2796526551247 35.9859466552734 44.9837297201157 53.1751215457916 61.0113590955734 67.2547916571299 68.5203373432159 67.8858508666356 67.7222907543182 58.4512054920197 47.1357603867849 37.3343974351883 31.283530096213 18.8711124161879 10.7822741071383 8.21867461005847 3.47147354235252 0.7632482641687 0.0682622485328466 0 0 0 0 0 0 3.91155946999788 5.72867567340533 8.56319380303224 13.3650129040082 16.298762212197 19.5857162276904 23.7273971239726
0.265187700279057 0.0335456231065715 0.108378182630986 0 0 0 0.0944717418557654 0.974770402535796 1.95558633034428 2.15637652824322 8.65952981015046 11.5812147657077 11.9206843276819 15.0238561133544 23.2369750738144 35.5005909999212 41.8793012698491 45.6641614437103 49.8197277386983 51.6167978445689 44.5017913977305 35.2324495712916 37.319486339887 45.7646052042643 54.3899635473887 62.2883935769399 66.9812262058258 69.0572261810303 61.2080345551173 50.8963068326314 49.394890666008 37.7416933576266 25.1970638831456 17.3505482574304 9.16037335991859 3.75117671986421 0.77408265012006 0.0194664620115266 0 0 0 0 0 0 0 0 0 2.47693217049042 5.53947066267331 9.13963094353676 12.594352165858 11.4423309763273
1.26366402643422 0.00186606969994803 0 0 0 0.0446893876263251 0.0698799897994225 1.18310772813857 1.85440356532733 1.84661475941539 1.34690012782812 4.51570159445206 6.22823710242907 7.54588594039281 11.4351871112982 22.6359665393829 32.2368716200193 35.47702729702 41.9739832480749 52.9303352038066 58.8078896204631 50.4882435003916 50.2452751000722 51.5965869029363 53.9009422063828 55.5494676033656 58.5692276557287 62.2702439626058 57.9618563254674 47.0507840315501 38.0325838923454 27.2492915391922 17.7280170222123 9.58185580869516 2.61851896842321 0 0 0 0 0 0 0 0 0 0 0 0 0 0 1.25771202147007 2.47632681081692 4.27795853465796
8.72067486246427 3.53073111424843 0 0 0 0 0.625687340895335 2.2177022571365 2.51279274622599 2.74385263522466 1.88978125030796 1.07572064734995 3.15433399130901 0 6.11519316832225 14.4897575179736 23.3811090389888 30.8591698606809 36.7373550931613 48.6529072125753 55.4278741280238 64.3302649259567 69.9674040079117 68.7471628189087 62.1539205312729 54.8327962557475 50.4887501398722 51.2144913276037 54.5560419559479 41.2608037392298 25.5209927757581 15.2997734646002 8.00137842694918 0.768357810253898 0 0 0 0 0 0 0 0 0 0 0 0 0 0 0 0 0 0
33.3018998305003 27.4174759785334 9.28288387755553 2.69853634138902 1.02533889003098 0.296226023541143 3.40220363189777 3.86042520403862 3.15349735319614 2.44370521977544 1.93495272348324 7.4948084851106 7.33721318344275 6.64139601091544 7.35893783469995 11.4923951526483 19.7198589642843 26.7543991406759 33.0808311700821 34.4918097058932 37.8694608807564 50.2149015665054 59.0591331322988 64.4300182660421 65.1983718077342 58.758482336998 51.0297367970149 44.7069754203161 36.1782908439636 30.6819925705592 13.9703353246053 3.99894081056118 0 0 0 0 0 0 0 0 0 0 0 0 0 0 0 0 0 0 0 0
