input/barkrak2/radiation/dir34724.grid
NCOLS 85 
NROWS 70 
XLLCORNER 665100 
YLLCORNER 4664600 
CELLSIZE 20 
NODATA_value -9999 
[rows 23 to 45 of 70, columns 0 to 51 of 85]
58.1215421358744 48.2935458421707 19.6384650965532 4.21864725649357 0.125052649915839 7.32319926222165 4.65477754672368 3.5993338872989 2.46175673479835 2.1737163575987 2.12887721136212 1.74378510564566 9.27960872650146 12.7547743419806 10.0560504943132 10.8191880087058 15.9711427986622 22.830439110597 28.1652733683586 22.0073113838832 20.7867696881294 24.0549892187119 34.399206439654 42.8652067979177 49.7292329867681 49.4866321484248 43.1990573803584 37.577748298645 17.2018433610598 7.74858519434929 4.54528070986271 0.782402697950602 0 0 0 0 0 0 0 0 0 0 0 0 0 0 0 0 0 0 0 0
58.0531309048335 54.2194843292236 34.0245887637138 8.3871353417635 0 2.61464932312568 3.991541142265 4.06193919479847 3.29769961535931 3.34869014720122 2.13600819309553 1.93406750137607 5.23341943820318 10.6681014100711 9.96809576948484 9.83723315099875 14.0325290461381 21.5844189127286 26.9623771309853 20.3172092636426 18.717431773742 16.086866458257 22.6346477866173 30.0621911883354 34.1026311119398 34.5419173439344 31.4443285266558 28.4559329350789 12.3537754019101 3.98755663384994 1.63008691743016 0.864887920518716 0 0 0 0 0 0 0 0 0 0 0 0 0 0 0 0 0 0 0 0
46.4285016059875 50.2608418464661 43.4156209230423 16.8114937841892 0 7.03649843732516 14.5799554884434 22.2832312186559 23.2286502917608 18.4268256028493 14.1392933825652 15.0956412156423 13.6073268949986 16.2060099343459 16.4802173773448 11.8507867058118 13.2214625676473 19.7394428153833 26.2407809495926 28.5989368955294 28.6482920249303 25.1505027214686 22.4106535315514 21.9457099835078 24.4287475943565 26.0108510653178 22.5686877965927 23.239977657795 13.5439944763978 10.0540618101756 7.70898722112179 9.80339261392752 5.66962237159411 0 0 0 0 0 0 0 0 0 0 0 0 0 0 0 0 0 0 0
45.1756119728088 49.6942947308222 47.3580807447433 24.8838166395823 4.606652384003 17.6445841789246 30.4615274071693 40.5469586451848 47.9022214810053 42.0992424090703 26.736410955588 27.3110494017601 25.402824083964 26.5884349743525 26.6833851734797 17.2406795124213 15.2297181387742 21.4197188615799 28.2883693774541 37.6524726549784 38.9830792943637 36.1708849668503 28.6906535426776 23.5196749369303 23.8213861982028 25.7457867264748 21.7393214503924 28.8132379452388 27.6422475775083 26.4889846245448 29.8415074745814 44.1297690073649 51.3573785622915 32.5916111469269 0 0 0 0 0 0 0 0 0 0 0 0 0 0 0 0 0 0
46.3255643844604 45.5126911401749 45.4905182123184 30.1873534917831 25.2621620893478 35.7089787721634 49.6523181597392 57.942807674408 56.9529136021932 48.5072980324427 36.8735070029894 31.0254146655401 27.5199438134829 28.7471214930216 30.5527200301488 25.4948983589808 20.668671776851 25.2535318334897 35.832867026329 40.7190769910812 38.0789438883464 31.1353678504626 28.9126460750898 29.2915900548299 29.4130146503448 29.4779688119888 27.1897837519646 36.4003926515579 52.11008588473 56.2794705231984 59.1408411661784 64.5621518294017 74.3282785018285 79.1611770788829 38.545457025369 0 0 0 0 0 0 0 0 0 0 0 0 0 0 0 0 0
49.101784825325 39.9338851372401 40.303905804952 32.395804921786 43.7734723091125 48.2192238171895 54.1677176952362 53.0012547969818 46.2330679098765 37.9853695631027 30.9488872687022 26.0684564709663 27.3254985610644 30.0231551130613 32.2347929080327 32.4192593495051 27.4167656898499 24.4112238287926 31.6329101721446 34.6626987059911 32.4614271521568 26.1954218149185 26.3666982452075 31.3839937249819 33.4302385648092 30.2582929531733 30.9873123963674 36.2423410018285 57.7627072731654 69.8800881703695 75.2178331216176 78.113188346227 85.4505797227224 87.7305269241333 77.1404008070628 15.9353117148081 0 0 0 0 0 0 0 0 0 0 0 0 0 0 0 0
50.3452867269516 35.7828984657923 35.6779744227727 36.4390015602112 45.8257297674815 49.1605401039124 41.8212016423543 28.2144223650297 7.79234617948532 5.28241818149885 5.43816822270552 13.3134536445141 23.9326705535253 31.3230901956558 32.2046428918839 35.4586566487948 33.3055605491002 22.5063363711039 23.8112087051074 26.8154094616572 26.0433703660965 26.2770528594653 26.2936130166054 31.2160477042198 35.8238741755486 32.8599487741788 34.8001768191656 36.5272884567579 51.7863084872564 72.0591296752294 83.2188775142034 87.3833398024241 88.6327226956685 91.5055771668752 96.0413912932078 77.7919193108876 11.3391193250815 0 0 0 0 0 0 0 0 0 0 0 0 0 0 0
49.7563083966573 49.9898542960485 66.5901750326157 92.9144124190013 74.5519002278646 55.1423132419586 33.9162424206734 7.4219387024641 5.67509606480598 9.83341534932454 4.50702601422866 3.95386790235837 23.3689198891322 31.6096991300583 34.5659926533699 39.8651907841365 37.439671655496 26.3530537486076 25.620236992836 28.0674050251643 25.4596322774887 28.8833181063334 30.505562822024 32.3063383499781 37.633848687013 41.0659238696098 39.6016165614128 41.7132079601288 53.1868090232213 75.158288081487 88.728408018748 91.3218359152476 88.5917147000631 96.1879392464956 105.587581793467 108.249723911285 82.6820135116577 31.3357735673587 0.00762545399387212 0 0 0 0 0 0 0 0 0 0 0 0 0
59.8210344711939 88.3944431940715 132.349799076716 152.629752953847 133.574932813644 89.0013873577118 48.8458126783371 26.0426724950473 21.6442967454592 26.1423041423162 19.4015676776568 16.9223919510841 23.8393371303876 30.9403116504351 37.9384706417719 42.872299750646 38.642851014932 33.3355019489924 28.0228207508723 28.8129399220149 28.7438159187635 31.1871021986008 33.2565009593964 33.4015140930812 37.9885037740072 47.9597946008046 48.0575760205587 53.0104686816533 61.5007778008779 76.5460232893626 89.562714099884 94.7368045647939 94.8167045911153 99.3904769420624 107.285767793655 108.181536197662 101.478507121404 82.4109315872192 27.7560700972875 0 0 0 0 0 0 0 0 0 0 0 0 0
112.576464811961 146.627505620321 172.440489133199 175.102829933167 172.137419382731 147.63871828715 109.69133178393 79.1666011015574 60.1429889599482 50.2682079871496 45.0991888840993 37.2637386123339 27.3039092620214 28.4126475453377 37.0708828171094 42.0034974813461 36.7448180913925 38.2667308052381 28.5194193323453 26.9615575671196 30.5876980225245 32.0925240715345 32.5098286072413 32.6492140690486 36.2097422281901 48.3144124348958 53.5122255484263 60.0513517856598 68.1068499883016 74.8093823591868 84.8812063535054 94.1966374715169 94.576766093572 91.843436161677 92.7213132381439 88.6967976888021 90.0283455848694 77.2876590490341 39.8398513595263 0.0720550063609456 0 0 0 0 0 0 0 0 0 0 0 0
164.158393939336 182.425181070964 187.111636002858 186.169366041819 187.994400660197 184.623241424561 163.871208826701 126.903096834819 92.601756254832 70.1114982366562 70.5424000819524 64.1760975122452 41.7648255825043 33.6978559692701 34.4823946555456 37.5505561629931 32.6727057496707 33.3780124783516 27.1999736626943 28.3012563983599 27.9309873779615 28.8507764538129 28.159628311793 28.2805909713109 34.0791592995326 42.9126520951589 53.5475313663483 56.2914808591207 64.4673407077789 74.5031187931697 83.8054021199544 85.4532519976298 78.8908898830414 69.6902275085449 70.4018572966258 59.7976495822271 61.1088772614797 48.2281148433685 11.4938442905744 0 0.476860984538992 0 0 0 0 0 0 0 0 0 0 0
178.332070509593 187.318742275238 186.797002951304 188.072264194489 189.565857251485 188.338379065196 178.885718186696 150.342653195063 107.318937778473 84.0827822685242 83.1531534592311 80.9487005074819 63.7077788511912 42.6005522410075 35.0505361954371 35.813940068086 30.2782903114955 27.2374401489894 27.1449387073517 29.8787678281466 26.9789199034373 26.5278518199921 27.3707757393519 28.429868320624 31.8034539620082 37.8742416699727 46.1137344439824 47.4609533945719 55.4780612389247 70.4414347807566 76.717679699262 75.7143348455429 71.6870874166489 65.0243312120438 58.6998760700226 48.8613744576772 52.5979499022166 50.1476923624674 32.8356673320135 4.20060350249211 1.01777872381111 0 0 0 0 0 0 0 0 0 0 0
170.001606146495 174.530486265818 171.450972557068 173.608978589376 173.879822095235 168.789744377136 162.484914064407 147.4329829216 113.56387535731 94.2615568637848 87.3374342918396 81.6948115825653 72.9601681232452 49.4552304347356 38.276528318723 39.0624602635702 33.2619572679202 26.326393087705 29.5648848017057 30.722310145696 29.8793564240138 27.4192517002424 29.5933236678441 33.1296225388845 32.0241178075472 36.4047363400459 39.7997970382373 40.4457648595174 47.0506499210993 63.2203718026479 71.3085730870565 70.4952776432037 73.3624200026194 73.3003516991933 58.8705688714981 53.9483825365702 57.8488608201345 63.7264549732208 58.2682192325592 23.4061256051064 0 0 0 0 0 0 0 0 0 0 0 0
145.110845565796 148.890525102615 151.397287845612 147.764950990677 147.340665260951 146.37886484464 151.720464229584 149.085859457652 124.064107735952 102.174937725067 89.9944504102071 73.3900368213654 65.1947160561879 45.1016674439112 34.9730004866918 39.1162360707919 40.4932573437691 30.5879960457484 32.6634918649991 35.308726131916 35.7751200596491 32.6329519351323 32.7900300423304 35.5408191680908 33.4655294815699 33.7310110529264 38.880651195844 43.8110629717509 47.8833516438802 58.6042801539103 69.0448929866155 72.2658137480418 74.0717897812525 76.9984026749929 62.3672654231389 61.4750534296036 61.5087946256002 69.888765613238 68.7210808197657 34.8768954475721 0 0 0 0 0 0 0 0 0 0 0 0
122.70646293958 131.662348906199 142.275969187419 139.473468065262 138.512214024862 144.336303075155 153.996725877126 158.548573652903 142.736991246541 113.760004440943 91.3934608300527 66.04998310407 49.6413012345632 38.5353714227676 31.3368514180183 34.6577763557434 43.9063211282094 37.1395871043205 34.8744913935661 38.2093985875448 38.6925662557284 35.8550225694974 33.9618598421415 34.9394828081131 36.1754645903905 35.749152302742 37.8798892100652 45.500988761584 48.1425027052561 53.068533539772 63.7270112832387 73.1881310542424 74.706107378006 70.0285186370214 59.7729285558065 68.4136648972829 69.9398368597031 75.3882080316544 75.614387790362 52.5524814923604 0 0 0 0 0 0 0 0 0 0 0 0
87.6252154509227 98.2494056224823 106.858332951864 110.997557640076 118.567983309428 134.066919485728 148.53443702062 157.600820064545 153.585384289424 126.229892174403 93.6494469642639 62.4625831842422 44.5423324902852 41.7631367842356 35.5195278922717 30.268020927906 39.9626965324084 40.5859425663948 35.7058172424634 35.7417985796928 36.2097894152006 34.2862606048584 32.2140182058016 33.3528121312459 36.5110114216805 39.4023383657138 38.9588475227356 43.0357803901037 47.4467724561691 47.9445060094198 56.3522279262543 69.8142300049464 73.4483897686005 61.3387773434321 62.3726447423299 75.9659061829249 77.5802781184514 77.0602772633235 79.9238383769989 75.6174027919769 26.684249440829 0 0 0 0 0 0 0 0 0 0 0
54.7274251778921 61.0918303330739 60.5988601843516 70.3591406345367 85.1915280024211 101.6779144605 116.504410902659 128.169178962708 129.49260075887 108.460873365402 74.9517132838567 51.772877573967 40.4578323165576 38.982888062795 35.8882024884224 31.8221549193064 36.070649822553 36.6901208957036 31.1401213208834 31.5781136353811 34.3463495373726 37.5201851129532 37.3688886562983 33.7261234720548 33.2473044594129 36.0246499379476 40.3119524319967 43.1008785963058 46.6911296049754 45.9332168102264 49.1034835577011 60.0608388582865 66.8551673491796 63.3663187424342 78.6568870147069 84.1775635878245 81.9857766230901 76.9585122664769 83.2837174336116 94.4195091724396 85.8310262362162 33.0214103062948 0 0 0 0 0 0 0 0 0 0
44.5550034443537 46.2451676527659 46.3590323925018 48.3907014131546 56.7940920591354 62.5723600387573 66.2431567907333 71.439598997434 72.400838136673 57.9644540945689 43.4865405162176 39.5583560069402 38.7027611335119 36.2612927953402 34.9883784850438 36.037599047025 35.3088180224101 34.5329642295837 31.2968815366427 31.6593224803607 35.6155385573705 40.3711944818497 41.933685541153 38.5445902744929 35.7145269711812 34.493347009023 42.5895154476166 44.6684608856837 47.596221168836 47.5003918011983 46.9298263390859 53.6416570345561 61.1751874287923 69.5203294356664 85.951288541158 82.5983534256617 75.7489502429962 67.4398591121038 69.5972194274267 86.1205955346425 94.7307248910268 85.4980051517487 42.9362754027049 0.819005615388354 0 0 0 0 0 0 0 0
52.2142847379049 49.900695681572 50.1266618569692 49.9546031157176 46.7186073462168 44.8953360319138 43.8399612903595 45.071671406428 49.7414916753769 42.3634598652522 35.6402546167374 37.0712826649348 40.0261158744494 40.2053644259771 39.5437553524971 37.9582171638807 33.2490429282188 39.6049295862516 41.3603261113167 38.0818694829941 40.2171611785889 40.5864963928858 39.5332823197047 41.971559325854 43.5234854618708 39.0335321426392 43.4797704219818 46.441912651062 47.7128773927689 48.6169060071309 50.0237842400869 52.4253100156784 59.2739035685857 74.2516418298085 78.9499282836914 74.1645743449529 65.2642399072647 56.7231625318527 53.6957879861196 62.4055961767832 87.1897637844086 89.7079110145569 68.8081681728363 23.2382913430532 0 0 0 0 0 0 0 0
56.1519314845403 53.6008973916372 56.3487708568573 55.1468878984451 48.7343966960907 45.7986493905385 43.8456435998281 41.6841109593709 42.0143405596415 38.8530443112055 37.3472720384598 37.6118967930476 41.0636936624845 44.2544122536977 43.5391863187154 41.2452494104703 38.5656903187434 43.4273382027944 46.2152461210887 41.8115258216858 39.7640541195869 38.0656172831853 34.95987256368 37.4561275045077 42.0605440934499 39.1019036372503 36.0031525293986 40.7084872325261 45.069361726443 47.2383350133896 47.7063109477361 47.6414312918981 57.5222770373027 73.7382719914118 79.5331646998723 65.0004645188649 56.4374675353368 53.3031225204468 51.8962641557058 57.9672505458196 65.8515741427739 68.4189548095067 56.4346015453339 29.9194380640984 0 0 0 0 0 0 0 0
41.6988531748454 44.1765934228897 52.2735466559728 49.9131431182226 52.2789458433787 54.6208222707113 53.9602388938268 50.0634213288625 40.8009017507235 39.5705029368401 42.6469544569651 39.6611566344897 40.4320110877355 43.7538921833038 44.1078295310338 41.7816787958145 43.637881676356 45.4560369253159 45.6784615914027 41.699156165123 37.615862985452 34.905677040418 33.4206074476242 34.1842050353686 37.1616830428441 40.3357222676277 35.7826078931491 37.6303642988205 42.0096615950266 43.437252442042 42.1616733074188 40.2654856443405 49.5415975650152 62.3585234085719 67.3375030358632 58.4940413633982 55.3432504336039 57.5932164986928 58.233713110288 58.5768073797226 55.4556647936503 54.6196351448695 50.4216551780701 29.6764845649401 0.284394132904708 0 0 0 0 0 0 0
40.238822499911 45.6850777069728 48.5072483619054 49.1592635711034 50.9361823399862 53.2792309919993 53.7276417016983 50.2139180898666 46.1732496817907 42.6784753799438 44.5062518119812 42.316734790802 39.8536076148351 38.8725126783053 38.2525324821472 38.643849392732 36.1754844586054 41.3554261128108 43.1959082682927 41.4427121480306 37.806066373984 36.4329069852829 36.5293671687444 37.8294736146927 36.7210830251376 44.8169906934102 46.9619780778885 43.9713150262833 43.049951394399 42.2283709049225 38.3458882570267 36.3529572884242 41.34235282739 45.8386341730754 50.8360763390859 53.5249710083008 57.1907460689545 62.4285688002904 63.3918593327204 54.9336274464925 53.3834596474965 51.7446349064509 49.3738104899724 33.9719106753667 6.55299487213294 0 0 0 0 0 0 0
46.0141599178314 50.4086514314016 47.7479845285416 50.9049942096074 49.584373831749 49.7755308945974 51.3156652450562 50.1844833294551 51.5415171782176 47.5748280684153 46.8759934107463 46.4370896418889 42.5156106551488 38.3728990952174 37.6073271036148 40.9478892882665 36.7681657274564 39.8949384689331 43.1676010290782 42.0459906260173 39.5808418591817 38.9522984623909 39.0471145510674 41.0004531343778 43.7660316626231 44.4414665301641 49.4427035252253 46.3596433401108 44.0258532762527 43.1846231222153 39.4978324572245 36.6372143228849 39.1617541511854 37.9557659228643 39.1578276952108 42.3311789830526 48.405185341835 55.9946596622467 54.8363675673803 45.4779714345932 47.0607380072276 44.1842625538508 45.1979239781698 41.8880681196849 27.0201688011487 2.71576332549254 0 0 0 0 0 0
