input/barkrak2/radiation/dir32824.grid
NCOLS 85 
NROWS 70 
XLLCORNER 665100 
YLLCORNER 4664600 
CELLSIZE 20 
NODATA_value -9999 
[rows 0 to 22 of 70, columns 0 to 51 of 85]
60.977051655451497 73.2020686070124 90.1100039482117 107.133020957311 115.868876377742 126.846810181936 137.812475363413 135.724733273188 133.809824784597 137.070417404175 136.29471262296 132.489611705144 128.071894248327 128.777245680491 128.842214743296 115.778704484304 101.910442113876 92.8325057029724 92.5615429878235 92.7452345689138 100.27144352595 117.038170496623 133.691410223643 136.378228664398 143.98048321406 156.234165032705 154.8157731692 146.098345518112 137.562940518061 141.272495190303 138.347089290619 158.395230770111 189.913014570872 184.982140858968 184.117992719014 177.394171555837 184.129138787587 191.507935523987 189.060171445211 189.983208974202 187.524716059367 198.71453444163 203.565041224162 194.068153699239 182.597120602926 189.163327217102 196.010589599609 152.317891518275 103.798647721608 99.7598071893056 121.551841497421 163.074572881063
42.8169270356496 55.8458566665649 64.0367517868678 76.6187359889348 88.8482928276062 96.4765747388204 107.104430596034 117.83355474472 141.469637552897 141.093711058299 140.146523714066 135.511875152588 130.408346652985 130.4778556029 130.553662776947 116.540561119715 108.557224273682 100.481768449148 97.9019105434418 96.0316061973572 108.814199765523 131.35947783788 145.809749762217 145.484685897827 148.115744193395 152.622272570928 156.654645999273 149.539947509766 143.379787604014 143.575012683868 144.708653291066 167.445480823517 189.389785130819 185.164670149485 182.637254397074 178.202291329702 183.664043744405 188.203871250153 183.154205481211 185.552517573039 183.511773745219 188.142418861389 187.208533287048 178.896983464559 173.457662264506 185.801307360331 186.675588289897 138.988653818766 111.037969589233 121.115148067474 149.571081002553 185.135801633199
17.3082910478115 24.733655154705 30.770314236482 36.1656496922175 45.2138433853785 51.4712433020274 64.8479610681534 81.6369752089183 94.4254299004873 105.053504308065 116.836855808894 136.969248453776 139.271259307861 138.907939195633 140.720874071121 140.879094600677 137.0796362559 126.870016256968 112.875421841939 106.02734486262 118.389546871185 135.008623202642 145.473847786585 147.796809673309 147.703806559245 147.045115629832 145.471463600794 146.382093429565 146.003107229869 150.683462619781 160.556375980377 178.146262963613 189.224640528361 186.43856048584 181.986172993978 181.304236253103 188.332041104635 190.764387448629 182.520886262258 178.526004155477 174.899280071259 169.735193252563 160.991251468658 154.14704879125 160.779525836309 180.417060852051 173.214475313822 132.783532142639 129.777818918228 148.73946706454 173.809329668681 195.552825927734
8.30136798322201 9.80388248960177 12.6396541794141 14.5433296759923 16.9037108620008 21.053026119868 26.5406519174576 37.9199311137199 55.0101051727931 71.031520764033 83.2934627930323 102.174699306488 110.262155532837 114.04874920845 121.144433816274 132.664978504181 128.825217485428 127.644429604212 112.207273642222 109.706948200862 114.316523075104 117.281367381414 129.153003295263 135.315438111623 138.134747743607 137.93804248174 140.194207429886 141.313711802165 143.460055192312 156.045337518056 163.529952367147 180.19046386083 185.424784819285 185.177127520243 182.169298330943 182.403763135274 184.779663880666 182.93954928716 176.454981168111 166.645348072052 162.17448314031 154.542366663615 154.096384843191 166.225542624791 173.680524031321 169.568181037903 153.04226676623 133.056173721949 139.051626125971 151.850521564484 171.94398244222 191.217005252838
16.2142800788085 10.2600771933794 6.52110762894154 0.196675634166847 0 8.87374393641949 19.3317954738935 25.0961805383364 34.4792082905769 38.6538381377856 56.209534406662 70.4070180654526 78.813299536705 83.0315848191579 88.1923735141754 94.6820179621379 93.7214493751526 91.3796822230021 90.3432567914327 93.0467446645101 91.9485290845235 93.2690302530925 105.683187643687 119.952549537023 122.106492519379 130.191544691722 132.955094178518 135.986506938934 140.120764573415 142.981708049774 156.651079654694 178.064386049906 175.039728482564 177.384436130524 177.538772424062 176.193416118622 172.867298126221 170.192758242289 161.638786395391 153.492311636607 153.059581915538 153.744409481684 160.123139619827 170.454780260722 172.487060228984 151.423474152883 122.039089600245 120.436469713847 132.836918036143 150.765289862951 178.414881229401 192.130068937937
38.744792342186 26.0760908325513 12.649230659008 3.88903388132652 1.62836691985528 4.40045290937026 11.5419824918111 22.5523263216019 25.5558143059413 25.3172988692919 30.6049187978109 37.0086953043938 43.6138461033503 48.5362360874812 56.2130361795425 62.7145171165466 67.0183598995209 72.5727627674739 82.3492308457692 88.7721876303355 95.4828560352325 98.3934998512268 99.8015900452932 105.310459931691 113.83115251859 120.527605215708 125.453591346741 130.760361750921 136.859387159348 141.41716559728 151.658594608307 163.889358441035 157.249102989833 164.426326751709 169.032414754232 169.178903102875 166.266143321991 161.47592663765 153.655707836151 153.862059116364 153.284331162771 154.379189014435 156.636526187261 159.521847963333 153.70378891627 123.712758223216 100.276927153269 112.139284610748 130.925834178925 168.984035650889 192.035555839539 195.103069146474
56.623250246048 38.644090294838 27.6495764652888 17.1510775883993 6.9564717511336 4.1484987984101 5.32730482518673 14.485073586305 21.3211923837662 25.3946930170059 25.5536536375682 24.1476073861122 23.1401175260544 23.1382176280022 25.7460822661718 35.3652959068616 43.2848632335663 58.3906620740891 71.9621827205022 85.4998230934143 95.4435467720032 100.72253147761 102.252413829168 101.488302151362 104.21034693718 109.509567419688 116.9819633166 123.269389073054 128.713796536128 136.343936125437 148.403743902842 149.061332146327 140.484352906545 134.570042292277 137.053281068802 141.978601614634 153.840810060501 149.762501319249 145.27956644694 139.87010717392 135.531683762868 136.068562666575 144.053995609283 151.222089926402 148.828725020091 143.940508365631 150.892386833827 159.111102422078 170.324901739756 185.345490773519 191.720545291901 191.663384437561
69.7427193323771 55.7846029599508 41.772315899531 30.4372608661652 20.2140944699446 8.05043987929821 3.97516414523125 0.107740740835046 9.66797396540642 17.9867371916771 25.8898759881655 26.7243534326553 25.4006236791611 23.4107424815496 19.3725364903609 22.9335874319077 29.6246459086736 39.7208680709203 55.4720163345337 69.1594531138738 82.6435585816701 91.2231306234996 100.524554649989 103.104362885157 102.037747701009 102.476517359416 103.566229343414 108.253379662832 115.725517272949 125.055104494095 134.356607993444 137.304941813151 126.987814903259 123.572488625844 119.908809661865 121.786693731944 127.760022878647 133.699923753738 136.286397775014 121.640473604202 118.786265452703 125.600198904673 139.959792296092 151.689340670904 155.495911836624 162.54582007726 169.214983781179 170.331517855326 177.03382174174 178.516129652659 176.552573839823 174.395362536112
66.5110945701599 57.66728023688 45.9668735663096 34.1325079401334 26.6562476754189 19.567184150219 8.89972721536954 2.92189915974935 7.79697733620803 12.4365960558256 17.9203785955906 23.8074089090029 29.954120516777 30.8984567721685 29.3101867039998 26.4441594481468 26.6405443350474 29.0525207916896 38.0991548299789 48.6801465352376 61.9362642367681 72.8803972403208 83.5356811682383 86.6712232430776 88.2676045099894 90.3805096944173 92.1453436215719 92.5887624422709 97.0727105935415 111.344208319982 115.193545818329 115.168382724126 113.168040911357 110.786626736323 113.480359315872 116.410622994105 115.968426068624 119.721541802088 124.073644479116 127.751449743907 131.896297136943 140.693048636119 148.097813129425 151.208738485972 149.779935677846 149.166921774546 152.77377764384 161.195625861486 168.541550636292 164.107978343964 156.109571456909 161.636292934418
47.2627778848012 43.8352773586909 36.7667724688848 27.6836703221003 23.4806438287099 24.4606882333755 18.0612131953239 13.4949162602425 8.08926982184251 5.77050199111303 9.33207757771015 17.8185105323792 27.8743430972099 34.6164579192797 40.1035621762276 38.6320998271306 33.5416148106257 30.649279554685 31.2722598512967 34.7135066986084 39.9645492434502 46.5984096129735 55.0998399655024 64.4351691007614 71.783239642779 76.2448459863663 76.349288225174 78.043927748998 78.9230565230052 82.7744156122208 86.3204598426819 94.9605902036031 98.470797141393 99.9197761217753 105.369081099828 107.62678583463 107.548733552297 110.897521177928 118.202378352483 127.125362555186 145.967851082484 149.988760550817 151.885002851486 151.1017481486 148.310234149297 148.372838894526 156.770328680674 162.069847186406 164.290110270182 162.706156571706 161.937236785889 159.406960010529
8.76204793651899 9.9589116871357 9.51811795433362 7.57532132168611 4.02430879573027 1.00769521668553 6.17468232909838 15.5651395519574 12.5494425495466 8.69290220240752 6.23244047164917 8.34689413507779 19.298642873764 31.8026567498843 41.4088318745295 40.58987647295 38.7357672055562 34.0798969070117 31.3692490259806 29.3525010347366 30.1322862505913 32.0485358436902 35.4903613527616 44.9873705705007 56.7401349544525 63.909520705541 65.8407459656398 64.4602427879969 67.5390561421712 71.8168417612712 70.1210995515188 72.8837798039118 91.3749734560649 93.1582947572072 93.7739014625549 96.7996517817179 102.04075773557 104.876170555751 114.631513754527 129.268109798431 133.282085259755 129.439532756805 134.205867846807 143.998146057129 144.558529059092 148.503830035528 154.751986265182 154.933790365855 159.146924813588 160.624931255976 162.356168031693 160.015136003494
0.00227876519905597 0 0 0 0 0 0.516675955926379 6.66302194197973 15.6947299838066 16.1459073424339 10.3548231224219 6.36902016897996 8.5282176733017 17.6774188876152 29.6204711000125 36.4995449781418 41.3530940810839 40.3880625963211 34.960483511289 29.7248338659604 26.232788960139 26.8063594897588 27.2797296444575 33.4524561961492 40.8750499288241 46.835203965505 48.738087217013 52.6210566361745 56.307315826416 56.7966004212697 60.6783032417297 59.1692825158437 58.5334499677022 61.4651739597321 81.1467419068019 83.4815601507823 90.8660689989726 97.1373319625854 104.144215583801 116.335113843282 120.943278074265 119.88173921903 114.425122737885 113.008360068003 120.136926571528 132.0621073246 136.312991380692 142.313847939173 145.604292551676 149.75693821907 152.390817801158 153.163353602091
0 0 0 0 0 0 0 0 12.9665111502012 16.6933375100295 19.1139318048954 13.9957368373871 6.37826944390933 6.0127197454373 14.1451507806778 27.4548580249151 37.3068650563558 41.5303235252698 40.9935464461645 36.9812399148941 32.2058374683062 32.9200178384781 34.6019342541695 35.293181737264 36.7590735356013 38.7712518374125 41.5476908286413 45.8532273769379 49.2701927820841 48.9052633444468 49.377034107844 52.4523009856542 48.231452703476 45.2585120995839 45.9242165088654 55.9950570265452 74.8170713583628 85.581103960673 87.8150761127472 96.9711939493815 103.360404570897 102.646380662918 102.620174487432 101.465245087941 103.301088015238 105.234404404958 116.644163926442 124.044974644979 126.305709282557 131.21043642362 135.304401318232 136.869132518768
0 0 0 0 0 0 0 0 0 8.87480502327283 19.2188893755277 25.8544832468033 22.563045223554 13.6588998138905 12.7369960149129 24.5350748300552 34.6170018116633 42.6720082759857 49.736221631368 48.6155251661936 42.2897140185038 42.1546300252279 41.1118865013123 41.5313641230265 43.1979795296987 43.532058596611 45.344203710556 49.5632539192835 49.3296931187312 45.4939951499303 45.3879684209824 44.8825508356094 40.5735025803248 40.8595154682795 39.9445096651713 38.2894426584244 40.033313135306 43.3436284462611 60.5981051921844 67.7650521198909 74.5106240113576 83.3952824274699 88.7608329455058 92.9525395234426 93.8971241315206 99.8677213986715 98.2245902220408 90.7091796398163 101.977894703547 108.404239018758 109.902958075205 115.198244651159
2.59334594011307 0 0 0 0 0 0 0 0 0.826878938823938 17.6613790293535 30.7378942767779 36.6949364542961 34.0588167309761 24.9110783139865 23.4214911858241 26.1618519822756 35.2164556582769 46.9964047273 55.0888925790787 56.1391015847524 52.9043177763621 52.1548688411713 50.9347965319951 51.5307287375132 51.3743261496226 51.6413301229477 52.3741841316223 50.4198769728343 44.1168993711472 44.0251976251602 42.6019132137299 38.6750102043152 34.3488454818726 32.4165523052216 29.3889318903287 24.2460817098618 20.5792685349782 26.449387272199 35.2608213822047 36.9370381037394 46.7359671990077 49.6284961700439 52.2070328394572 63.894381125768 69.216991464297 77.914501229922 81.9563716650009 80.5007765690486 77.5605589151382 90.933233499527 104.034006595612
3.10873333364725 0 0 0 0 0 0 0 0 0.24349195882678 12.0012934009234 31.0867677132289 44.3919599056244 48.6657271782557 42.0147478580475 26.1104876796405 21.2055966258049 23.3097945650419 33.4915394584338 50.0666548808416 61.33766969045 59.4761222600937 61.1850718657176 57.4495693047841 55.5599977572759 57.2978307803472 56.327352921168 55.6486944357554 54.0922234455744 50.5040536324183 44.2819098631541 44.341449936231 38.0448053280512 31.2217523654302 27.9573524991671 22.8124012549718 17.8762910266717 13.7890825668971 14.5194157958031 18.0765266219775 20.2282294631004 25.085337460041 27.3279597361883 28.260534008344 35.2598503232002 46.5995768706004 57.6688100894292 64.4456148147583 70.1184570789337 69.2981580893199 71.4171230792999 82.7496300141017
1.93741172552109 0 0 0 0 0 0 0 0.0362696203713616 0.481067147726814 0.818044102440278 19.5169573028882 34.654105703036 47.7475772301356 49.3136793375015 44.2460775375366 39.309357603391 31.2611882885297 27.3091048002243 33.7677871187528 50.9778708219528 62.4302824338277 67.7067190408707 65.6743297974269 62.5686248143514 62.7012997865677 65.3511782487233 60.6018503506978 60.4098389546076 61.6194109121958 52.7970890204112 41.5851523478826 33.3644946416219 29.0590400497119 22.6027220487595 17.0764451225599 12.4082490801811 9.35980056722959 6.9744052986304 7.34811214109262 8.81915787855784 13.8302470246951 16.0401252408822 18.9929902553558 25.5471443136533 35.7427994410197 42.6811128854752 47.3831444978714 52.0560642083486 55.7125906149546 63.3672227462133 70.363054672877
0.955967154974739 0.0502184411743656 0 0 0 0 0 0.0486370069362844 0.70748501457274 0.973486962417761 5.52683571974436 12.8557893137137 26.1615018049876 40.1957953969638 52.4946252504985 59.1519127289454 57.1563988924026 50.5461990833282 38.3429601788521 29.1500687599182 35.93477110068 54.3550749619802 62.8315756718318 65.4472261667252 68.2412683963776 71.8453625837962 76.2494703133901 73.4095424413681 68.0146863063176 62.2090399265289 59.1515799363454 47.6205398639043 34.952238202095 25.3422285119692 17.381730178992 14.6924282113711 9.79989456633727 6.19326159358025 3.93619760870934 2.11167878781756 4.73630117873351 5.12584795554479 9.49619213740031 14.8676397899787 19.1966133813063 29.3978104988734 34.0833514928818 36.2295111020406 39.0834286808968 45.2433923880259 50.853634874026 57.8381717205048
1.08157641564806 1.35151048501333 0.60552378029873 0 0 0 0.00516349731090789 1.44516459355752 2.11443084602555 9.91020910441875 14.8473953207334 16.8000894288222 22.7789133787155 32.2327862183253 41.6708340247472 54.5293788115183 58.148130774498 58.7061941623688 56.5939595301946 44.6216464042664 33.0572451154391 42.225589354833 50.8271306753159 60.2689286073049 69.6871181329091 76.4491260051727 77.8700510660807 77.2319535414378 75.5541870991389 65.6708329916 53.6191960175832 44.7847346464793 36.6341198484103 25.5061040321986 17.1122029423714 13.4955036143462 7.8570581972599 3.29393024245898 0.797766105582317 0.204857264179736 0 4.16543148458004 7.47840479016304 10.3807747364044 11.9587071239948 17.4816076954206 20.5007667342822 23.4773779908816 27.4368847409884 31.3302129507065 35.6112470229467 41.2877276539803
1.07640004716814 0.582453057480355 1.27181247808039 0 0 0.247987472297003 0.579069174515704 1.75965049614509 2.38773754487435 3.40305486073097 16.7911027868589 14.924343675375 15.6311057507992 21.0243513186773 28.3857136964798 42.3854490121206 47.8648444016775 54.4030765692393 57.8228533267975 58.6079359054565 51.0874738295873 41.4169877767563 44.5581326882044 52.6348253091176 62.7990414698919 69.8292354742686 78.6161174376806 75.9634027878443 66.7953242858251 66.5642023086548 56.0271243254344 43.5174455245336 29.8709546526273 21.201620499293 11.8768451114496 7.15132802724838 1.88474946965774 0.140811161448558 0 0 0 0 2.22693663090467 5.80446297923724 7.94344954192638 13.2414462665717 16.1579176783562 20.6495895981789 24.1064230600993 27.5869419177373 28.0285949508349 29.0028204520543
2.821436462303 0.3077548268872 0 0 0 0.50574797205627 0.503446984415253 2.04543909057975 2.8888446589311 2.95983689526717 10.6862137715022 10.8692360421022 9.6613485366106 11.8249580264091 16.09056442976 26.9875427087148 36.3459115227064 41.3544128338496 49.4150221347809 60.9461416800817 65.9418006738027 58.3424270153046 57.2829097509384 58.6568564176559 60.5318695306778 62.8659327824911 67.4390395482381 69.9381530284882 65.1704917351405 54.6868691841761 43.8308666149775 36.8390033642451 21.7049320538839 12.4564692378044 4.90558333694935 0 0 0 0 0 0 0 0 0.927872024476528 3.28095071017742 4.78122693796953 7.45275306204955 11.9824136296908 12.6513615250587 15.3572931885719 16.4863504469395 18.9691310127576
11.8338378767172 5.97940323253473 0.0288066439679824 0.114441674668342 0.565704462739329 0.17122415980945 1.45078171044588 3.3201506982247 3.72366762409608 3.19222888598839 2.2475387280186 6.41786617537339 8.46576504409313 5.59801359971364 10.3839555134376 19.2284062504768 29.4528131683667 37.5672653317451 43.7735418478648 54.3902218341827 61.4257554213206 72.8656450907389 78.7346909443537 76.4690538247426 71.1157967646917 62.1517250935237 58.9007387558619 59.6279352903366 60.3335996468862 46.986997127533 29.9573441346486 19.0634851654371 12.054193764925 1.7144752976795 0 0 0 0 0 0 0 0 0 0 0 2.2037314871947 2.39629127706091 5.08102122694254 9.00006294250488 9.71951087315877 9.16758303840955 11.0658121605714
40.1072104771932 33.9740713437398 14.3392831087112 7.7479841808478 5.02972149600585 1.40293004612128 4.83775076766809 4.46787072966496 3.64886038005352 3.65377652148406 6.44613181551297 10.4429100950559 10.9436412652334 10.2553218603134 11.5482434630394 16.2288695573807 24.4328230619431 33.1039031346639 38.5472650329272 40.6771848599116 44.2339579264323 58.3952913681666 68.6532358328501 72.049006819725 71.6882447401683 66.3428604602814 59.4501793384552 50.1457055409749 53.9081494013468 36.0266367594401 17.5338548918565 6.46929567058881 0 0 0 0 0 0 0 0 0 0 0 0 0 0 0 0 3.6298759902517 3.64806813498338 4.73523885011673 2.52094445750117
