input/barkrak2/radiation/dir30824.grid
NCOLS 85 
NROWS 70 
XLLCORNER 665100 
YLLCORNER 4664600 
CELLSIZE 20 
NODATA_value -9999 
[rows 0 to 21 of 70, columns 0 to 49 of 85]
108.597228924432997 123.5364874204 140.222450097402 159.238258997599 170.074800650279 172.67910639445 171.629071235657 169.005910555522 167.261977990468 170.672913392385 171.230097611745 170.472164948781 168.806672096252 169.607281684875 170.307060082754 156.970679759979 143.712093432744 131.437202294668 130.195746819178 126.859863599141 126.264015833537 149.264047543208 172.381440798442 177.290558815002 180.591424306234 192.481378714244 190.954089164734 180.519580841064 170.88121175766 171.294927597046 166.692316532135 189.730823040009 233.641743659973 232.331494490306 228.029509385427 215.831855932871 220.975120862325 231.809635957082 229.880332946777 230.041086673737 220.725476741791 228.169838587443 235.234419504801 228.46394777298 216.43857161204 222.713490327199 225.394785404205 190.058906873067 129.890531301498 125.431249539057
87.6877109209696 103.066275517146 117.079615592957 135.516464710236 151.327351729075 160.005837678909 165.396531422933 169.831514358521 176.960706710815 175.036231676737 175.185104211171 170.609652996063 165.726105372111 168.929278850555 170.313974221547 157.305737336477 149.180332819621 139.961371819178 136.293778816859 131.281207005183 142.581701278687 167.657732963562 187.303105990092 188.134471575419 191.446463267008 197.221457958221 192.99042224884 182.810107866923 175.122261047363 173.339009284973 174.122452735901 203.425208727519 236.372927824656 232.705930868785 227.897544701894 218.722343444824 224.984625975291 234.961330890656 229.308644930522 228.122313817342 223.445951938629 225.168426831563 220.835129419963 211.885492006938 206.862966219584 220.195611317952 217.932105064392 177.163143952688 136.754194895426 148.638933897018
54.9068550268809 64.6677811940511 73.5735247532527 85.1654012997945 99.834014972051 112.223565578461 125.797788302104 145.863989988963 160.089552402496 163.326839605967 167.01465845108 170.277635256449 173.259238402049 175.039172172546 176.673193772634 182.603359222412 181.422571341197 170.017103354136 153.326143821081 145.410676797231 157.03151623408 174.976209799449 186.470786730448 189.25674756368 192.18498468399 191.650688648224 189.411362012227 183.099985122681 178.392251332601 181.71481291453 192.568182945251 216.090202331543 230.266690254211 232.069452603658 225.62317053477 224.281946818034 232.111692428589 237.53813902537 233.27765862147 226.675192515055 218.992133935293 209.282755851746 195.65494855245 189.580043156942 196.347157160441 213.437517484029 204.847455024719 169.725934664408 157.958139975866 177.109618981679
38.843313852946 39.7862792015076 43.7807341416677 47.865038116773 51.359290877978 61.0977659622828 74.1740862528483 91.6649798552195 111.688713232676 130.031059185664 147.617975870768 164.217521746953 174.283425013224 175.770401954651 179.73268032074 186.013340950012 183.120508988698 175.017178058624 161.856124798457 154.237399498622 155.147155125936 156.279822190603 168.220162391663 178.08190981547 180.808583895365 181.114355723063 182.769974072774 182.321429252625 183.453857898712 188.672204812368 195.593853791555 218.289454778035 225.230693817139 224.773486455282 221.205870310465 221.7817902565 227.759798367818 232.62627919515 225.481390953064 212.627251942952 205.114583174388 193.343897660573 190.058211485545 202.095548311869 213.907599449158 208.906710147858 189.67475493749 166.29484295845 167.957961559296 181.219895680745
48.2667535543442 38.623737792174 29.0812204281489 21.1250434319178 21.6368014613787 32.9830249150594 55.3191204865774 65.3276741504669 83.0712616443634 90.9291307131449 112.920184930166 136.785636345545 151.252239942551 158.851941426595 165.959546963374 168.749252955119 166.905681292216 161.901235580444 156.438589096069 153.615454832713 150.412480036418 149.331520001094 159.225990374883 168.716410795848 173.138777414958 179.248789946238 181.063234806061 182.032922903697 183.364828427633 184.798022111257 191.532572110494 213.828424612681 213.452637195587 215.68218866984 217.130919297536 215.852200984955 215.13162056605 212.517539660136 202.662964661916 196.308811505636 196.347932020823 195.867816607157 202.714880307515 214.106241861979 215.986927350362 191.215554873149 161.179353793462 153.804749250412 161.917239427567 180.52081267039
75.9948492050171 62.1169755856196 39.5158926645915 22.5953881939252 17.3102443416913 24.3479460477829 39.1736874977748 57.2954515616099 63.924844066302 64.7817353407542 72.867621978124 82.4699550867081 93.1808352470398 99.4769632816315 107.448081175486 118.966817855835 127.049148082733 142.382731040319 152.063876390457 155.32241264979 155.905405680339 160.578389962514 159.478962421417 162.275969982147 168.415745099386 174.333194891612 178.161720434825 181.970993677775 185.738682746887 188.080926736196 200.063427289327 211.359798908234 205.768009026845 206.784029801687 207.675576210022 207.092384497325 204.601585865021 201.581617196401 193.70448589325 193.980077902476 193.40968132019 194.645245869954 199.217995007833 202.977418899536 194.676578044891 154.560059309006 132.632791996002 142.122318347295 162.066330512365 200.709203879038
90.9716784954071 76.2152373790741 60.8779887358348 44.1792507966359 29.341588417689 21.5836316347122 25.4737635453542 42.537917693456 56.4098258813222 63.1059606870015 61.0316296418508 56.6941152016322 54.4701516628265 52.0670016606649 52.7997811635335 65.1573042074839 76.5411307414373 96.9659487406413 115.833501021067 132.008214791616 138.165106376012 152.299374341965 155.687044064204 152.185728152593 162.636339664459 164.805918931961 171.083152294159 176.990826924642 181.738197803497 188.739836215973 200.409193833669 204.796453317006 195.989112059275 191.736956437429 192.114412784576 192.453900973002 192.449788252513 187.571267286936 182.435592015584 178.322950998942 174.297451972961 175.136506557465 183.104236920675 193.978408972422 187.878350416819 178.247412045797 188.454111417135 197.241226832072 209.71675713857 222.969233989716
90.6974772612254 88.0447427431742 83.009069164594 70.5788632233938 51.3405253489812 29.695101082325 17.906757692496 15.919787188371 31.8348656098048 50.5916625261307 61.5565528472265 60.4151089986165 54.401308298111 47.8604634602865 39.1159603993098 40.5269513527552 50.4393478234609 63.2814466953278 82.2429905335108 101.627677679062 117.246637741725 131.091505289078 141.138364871343 139.478981494904 143.397351106008 145.217229922613 152.970870335897 157.559374968211 163.042356570562 176.32669210434 187.248667081197 189.75551923116 181.628783543905 175.981561342875 172.47861623764 173.026283582052 178.876101970673 177.101830641429 173.0069120725 156.212856372197 154.271254936854 162.474970022837 180.329938729604 193.204343318939 195.199191570282 204.393486181895 213.840941588084 216.010868549347 223.512232303619 225.2596616745
87.3993436495463 79.4430077075958 75.4171907901764 76.1610567569733 65.6072050333023 52.8551191091537 29.8745383818944 14.6602106591066 22.135317325592 32.0869535207748 39.9398654699326 47.8901267051697 55.2932967742284 53.8263867298762 47.0355004072189 44.9847976366679 44.4612999757131 48.768142859141 59.6309254566828 73.2185840606689 86.9101484616597 101.2102663517 113.120178381602 116.44317706426 122.10014462471 122.593939304352 127.931465705236 136.561493078868 141.342510779699 155.062913894653 161.749025185903 162.428994973501 159.828533728917 158.481895923615 160.805761814117 164.396742979685 165.912439425786 168.539762496948 169.416944185893 162.57177790006 168.450971444448 178.769588470459 189.072748025258 194.023331006368 190.427521864573 188.165664672852 193.714598814646 208.05553595225 217.605650424957 213.516294956207
66.0661707321803 63.3583863576253 59.1661036014557 56.3528637091319 58.6649676163991 61.4063640435537 49.3232309818268 36.4020317792892 22.9437301556269 18.6767155925433 24.4029139479001 36.9086936116219 52.5815933942795 62.6430809497833 62.6506954431534 59.1832002003988 52.7678976456324 50.1361986001333 51.1234651009242 55.6547343730927 61.8041306734085 70.6358104944229 80.48182229201 89.4515812397003 98.3506739139557 101.768970489502 106.663107872009 110.078404347102 118.472089370092 128.502011299133 130.96167643865 133.26499859492 140.014618635178 143.023093541463 149.005969365438 152.182499567668 152.559041976929 159.237166245778 165.365040302277 174.120386441549 184.341470400492 189.387440681458 191.267192363739 190.089245637258 187.483171621958 187.652846177419 197.66241312027 205.050071080526 209.628462791443 210.64555644989
31.945804754893 30.1273018121719 33.8992128769557 32.9191635052363 33.6161131660144 37.2432519992193 41.2909934918086 37.3478482166926 31.5122778216998 24.0968788663546 18.8368794818719 21.9609662890434 35.2185517549515 50.421416759491 63.9781206846237 59.5110555489858 57.875985900561 55.0083269675573 51.5951812267303 49.2070565621058 50.2063731352488 51.8902192513148 56.4130942026774 68.2013978560766 79.9835671981176 86.9086881478627 89.2063279946645 93.9790705839793 99.6185640494029 109.061936537425 114.482512076696 119.961222012838 130.408475796382 134.035845597585 136.352141698202 139.935235182444 145.300885041555 151.472707589467 161.570966243744 179.375608762105 187.065243721008 187.723676363627 186.917463938395 185.269474983215 184.933960437775 188.666621843974 197.806755701701 200.828472773234 202.041407426198 203.469077746073
9.82451066374779 8.35223992665609 7.28482628862063 3.50094897051652 0.919163459911942 1.90384903301795 12.2070275247097 22.9512602090836 30.1283051570257 30.194270114104 24.069552620252 18.6420306563377 21.9765678048134 34.3465134501457 49.5169808467229 53.0836035807927 60.7355038324992 59.2154165108999 55.4477473100026 50.5588203668594 46.976367632548 45.8485583464305 46.9551235437393 53.6742707093557 62.2450560331345 69.0743376811345 71.1007217566172 73.3711620171865 82.0220559835434 89.6984835465749 94.8259234428406 100.734611352285 110.206663608551 115.823288758596 116.453975439072 120.736469825109 132.241119941076 143.879115581512 151.37654542923 169.186234474182 176.626622676849 176.148374875387 172.887921333313 169.846375783285 171.119848887126 171.612004439036 176.708002885183 183.651765187581 187.377075354258 193.717817465464
2.41584361841281 1.31974493463834 0.18982853119572 0 0 0 0.0180982230328179 12.2803089519342 29.5059283574422 35.6449956695239 35.5765695373217 29.2715231577555 19.4949271778266 20.0779872636 31.0280695557594 46.9606916109721 60.0816508134206 64.3345415592194 63.8443032900492 58.4514637788137 52.552451690038 54.4969141483307 55.1693936189016 55.9736788272858 58.2938492298126 59.120386838913 62.4841849009196 69.0166801214218 71.9591776529948 74.7533639272054 83.4015905857086 86.9066615899404 86.8516167004903 91.6679998238881 100.093692541122 105.210582415263 116.210639476776 128.166059652964 132.761508226395 144.258002440135 152.060925960541 154.299636681875 154.22111749649 155.586342016856 156.25336766243 158.075749874115 158.474365870158 162.244349718094 164.98327255249 170.091430346171
3.28294870754083 0 0 0 0 0 0 0.402316761513551 3.46235123773416 22.8971267739932 35.4336549838384 45.4122126102448 39.5697876811028 31.01730098327 28.6158546805382 42.6114499568939 54.744765162468 65.7477229833603 74.2137730121613 72.5519806146622 64.2903049786886 64.6612991889318 63.2877002159754 63.0744596322378 66.1467711130778 65.5577431122462 66.904217004776 71.1038013299306 73.4289983908335 66.8664773305257 69.2986398935318 78.3236275116603 81.6356887420018 82.2226752837499 87.1899425983429 96.4779059092204 103.414436181386 110.144505898158 115.438083807627 117.660542329152 124.216218789419 130.424241224925 137.858291467031 145.780781904856 145.31347155571 152.481585741043 151.653667291005 146.673142910004 145.119488239288 147.114117940267
10.9403654932976 0.13763452686059 0 0 0 0 0 0 0.58509948818634 13.7204664448897 33.7736457586288 49.7591197490692 58.3697309096654 53.6802411079407 43.1819160779317 41.5929233034452 45.7955698172251 55.7585060596466 69.4570541381836 79.9760520458221 78.6136140426 76.6820112864176 75.8214394251506 73.8587627808253 73.5952307780584 73.4156866868337 74.1300086180369 73.6124515533447 72.2372531890869 68.535382548968 65.1738345623016 65.8742388089498 69.8436796665192 74.0645825862885 80.8536609013875 82.9027344783147 86.1565669377645 87.4377489089966 96.3309208552043 97.8130002816518 103.743354479472 109.690417846044 115.71458975474 122.562328974406 127.597024043401 133.717676003774 142.798533042272 147.540460030238 143.0617471536 136.726011832555
11.4494326213996 1.05489930137992 0 0 0 0 0 0 1.35741615667939 8.38656102617582 25.482768813769 50.406868259112 68.0322796106339 75.1923322677612 61.7803583542506 44.6787973244985 39.851779739062 41.7503615220388 53.863321741422 74.5143244663874 84.4793717066447 84.1296414534251 86.0866506894429 82.2401990493139 78.95627617836 81.2028000752131 81.3779135545095 78.7065426508586 76.6813357671102 72.4333673715591 65.2124931414922 65.4841164747874 58.8776667912801 55.9380749861399 59.2936227718989 68.5712744792302 66.3779079914093 67.3334300518036 73.6339638630549 79.5645614465078 83.107978105545 88.680366675059 92.0019149780273 94.5419271787008 108.661512533824 114.630331595739 127.610067526499 138.017038504283 138.345768054326 134.22828912735
8.51131292680899 2.26511961470048 9.49468725863767e-07 0 0 0 0 0.582923064939678 2.49129114672542 4.01139073073864 16.515555481116 35.3587468465169 54.8589477936427 67.0875559250514 72.2654759883881 65.8260534207026 60.6070160865784 52.2825370232264 46.9855964183807 53.7450810273488 73.0125655730565 87.2379839420319 92.2348300615946 90.0915662447612 86.9609316190084 87.3519380887349 90.7074014345805 85.2976044019063 81.3269366820653 84.3208829561869 76.1502981185913 63.0330344041189 53.125927845637 49.6235986550649 43.6976154645284 42.4555689096451 45.6963032484055 46.124870578448 49.8251914978027 53.1278947989146 59.0737114350001 65.1371975739797 69.0233608086904 72.0297247171402 88.8770520687103 100.129952033361 107.119083404541 115.491489569346 121.466865142186 127.138495445251
6.0339259604613 3.2121700545152 0.116428728991499 0 0 0 0.105284988724937 3.1757994244496 7.6082336405913 11.7679350078106 15.9873900314172 26.1235684156418 44.1486736138662 61.6329809029897 73.9119450251261 78.6693493525187 79.0813366572062 70.9105879068375 58.8284780581792 48.788845539093 57.4028690656026 77.3471693197886 86.8222216765086 90.9308095773061 94.4628715515137 96.5586404005686 95.3971246878306 99.9354918797811 93.8969353834788 87.531308333079 76.4845510323842 70.7739889621735 57.2565644979477 44.6557700634003 35.491315027078 30.8653265237808 31.7968353629112 30.3077722589175 38.013664384683 42.9854293664296 44.0827757120132 45.6161697705587 53.6656677722931 57.6700468858083 66.6676461696625 81.0428857803345 91.0454591115316 93.8609639803569 97.3486304283142 107.493966817856
6.65401791532834 7.80404545366764 6.7331592241923 0 0 0.428882117072741 2.91383825242519 5.79988583922386 13.5937668383121 22.5621610879898 27.204396824042 30.9935659170151 39.6870225667953 52.0627448956172 63.3963843186696 74.4040509064992 80.0380557775497 81.014742453893 79.234704375267 66.332866748174 53.4740686416626 64.01460369428 74.7997760772705 85.5349898338318 96.4306592941284 103.091806173325 103.131622076035 100.30264655749 91.8264786402384 93.642125527064 81.8909555673599 69.586768746376 53.4215867519379 45.0934867064158 37.0024492343267 27.2872423132261 23.2835163672765 20.5499231815338 23.2510243852933 24.8044679562251 26.3814801971118 30.8609157800674 35.7510174314181 42.2287831703822 52.3653527100881 65.9165680408478 70.1907227436702 74.2753098408381 79.4076820214589 87.3829623063405
7.17634459336599 6.0874509314696 7.93023593723774 2.10640657072266 0 3.76248297592004 4.31498326361179 6.33833246926467 7.74216776092847 23.5929091771444 29.725839694341 28.9496183395386 31.1686048905055 37.6039072871208 47.4860767523448 61.2569600343704 69.0101285775502 76.7801602681478 82.0541381835938 81.8276256322861 75.2019236485163 63.2164080937703 66.8701181809108 76.3363738854726 87.7790053685506 97.427229086558 97.6463655630748 103.700339794159 93.4562683105469 86.5191419919332 74.3628442287445 70.2209770679474 55.3494195143382 39.8321350415548 31.505989531676 20.1636428634326 12.2100462516149 9.7072571516037 12.0208735267321 15.4046316941579 18.9277293781439 30.1351423064868 34.5310817162196 37.3786886533101 40.2035638689995 49.6065765619278 58.8818142811457 64.4197513659795 72.4794069925944 79.7588676214218
10.9209443132083 5.04005358864864 2.49758952607711 4.59163542836905 3.69187910109758 5.03614203383525 4.36631000290314 6.85113854706287 8.44871190687021 19.6290078262488 23.1837506095568 23.7066000699997 23.6289824048678 27.4294838309288 32.9070339600245 44.8670238256454 54.579292734464 63.3575220902761 71.4183400074641 84.7192406654358 92.0297503471375 82.4152876933416 81.4599345127742 83.1779887278875 87.1001978715261 89.9925529956818 92.0123755931854 87.6545508702596 83.0588092406591 82.9043140014013 70.6192255020142 52.2576173146566 42.0338561137517 28.5557011763255 17.6629287501176 10.0058875977993 4.47124398003022 0.837785890325904 2.257465540121 7.99048816164335 12.2864867250125 22.3959634701411 26.5480528275172 28.6323303977648 33.7840070327123 37.4119157592456 41.6503623127937 50.9586880604426 65.0509496529897 66.5144324302673
28.3956378698349 18.0188889304797 7.89573974907398 13.1553349395593 12.5925267736117 4.05229597042004 6.04478145639102 9.05302539467812 13.1231161455313 17.4922508498033 20.6964785854022 20.6864153345426 21.0531478126844 20.0561707218488 25.0104318062464 35.2445642153422 47.4488586187363 57.9288999239604 65.1145825783412 77.4097740650177 86.9606832663218 98.7318356831868 104.227771361669 103.216846783956 97.3841945330302 89.9131099383036 85.6624643007914 79.3674141168594 80.1568329334259 66.0725782314936 57.68949786822 37.3825083176295 23.2227991024653 10.1296783735355 0.0417727424064651 0.0466144071348632 0.0769370623553793 0.0780163779078672 0.0475780107080936 0.0501138517089809 2.44046794250607 5.9975553303957 10.706253349781 14.3081620335579 24.3222763140996 31.0200899839401 35.9542965888977 40.4262468218803 45.2392647663752 51.3215015331904
