input/barkrak2/radiation/dir35624.grid
NCOLS 85 
NROWS 70 
XLLCORNER 665100 
YLLCORNER 4664600 
CELLSIZE 20 
NODATA_value -9999 
[rows 0 to 22 of 70, columns 0 to 52 of 85]
41.269664963086399 53.62568795681 63.8168255488078 74.4798183441162 81.9772630929947 83.7488174438477 91.2298560142517 88.2281263669332 94.1399435202281 99.2895762125651 118.512550989787 113.296886285146 109.044482310613 109.70750451088 111.327320337296 97.4481701850891 86.1372848351796 76.1920511722565 75.9193499883016 75.4990329345067 83.5497577985128 99.9564528465271 114.879220724106 117.138614257177 120.163549979528 127.896964550018 126.724541187286 120.785395304362 117.465565601985 122.228552897771 118.939101696014 139.271756013234 169.192512830098 162.117878595988 161.150485277176 155.768742163976 159.47550535202 164.246539274851 161.326269308726 160.718301932017 158.302913109461 167.949994405111 171.917100747426 164.192140102386 155.170102914174 165.984948476156 173.276960849762 132.176091273626 88.8989667097728 85.162232319514 105.340441068014 144.373099009196 174.6546626091
26.7886742949486 37.5742192069689 43.3553059895833 51.6188542048136 61.0929727554321 64.8233542839686 72.0333158969879 78.3644616603851 87.8917972246806 87.702085574468 93.6173101266225 95.441997051239 106.478303670883 109.662652015686 111.382097005844 99.6792217095693 92.2510325908661 83.235502243042 79.7116259733836 76.730673511823 90.788592894872 111.653963724772 124.457667271296 123.895188172658 128.199915091197 130.369305610657 127.868453661601 122.024605671565 118.675380945206 120.477467775345 126.62661075592 148.116697867711 168.700893719991 162.163525819778 159.696767727534 156.263162692388 161.484638849894 165.122856696447 160.239636898041 158.059706290563 157.310644785563 160.725732644399 156.964600086212 148.522982994715 143.433709939321 156.770169734955 157.564242680868 123.90986084938 96.1854656537374 105.322420597076 131.980876127879 163.4108821551 179.124395052592
9.17639955878258 10.8182951807976 18.2254935304324 23.2238695025444 26.6018360853195 34.2432111501694 43.0150628089905 54.707000652949 68.1238025426865 74.9273548523585 78.7430753310521 81.2455813090007 89.7082388401031 89.2419616381327 96.2381660938263 99.9819537003835 96.6789523760478 88.9220635096232 77.3958911498388 72.4824368953705 84.2626293500264 100.590328375498 114.717930555344 120.081682999929 124.062349398931 125.006516774495 124.329596757889 122.659385204315 121.319015820821 125.275721152623 132.324715455373 156.195878982544 166.236191987991 163.368384043376 159.074415763219 158.835063378016 165.707399447759 167.828440666199 159.414559602737 155.463556448619 152.322987715403 146.371781826019 138.155033191045 130.750914414724 132.478048404058 145.696341991425 142.054955164591 117.657363414764 110.954493284225 131.791849931081 154.947976271311 173.986872037252 178.05544535319
3.40651410321395 3.39353332916896 5.53258446355661 5.34741332133611 3.7412429228425 10.2410186082125 15.1082115868727 24.2159366607666 34.3803763389587 47.6112415393194 54.054190715154 67.8948958714803 78.9457013209661 77.1816968917847 83.3775798479716 90.9275313218435 87.0636999607086 82.3082278172175 72.6675887902578 72.0901985963186 74.3765731652578 77.5288740793864 89.4560813903809 98.4839002291362 105.428129434586 107.084135214488 112.044771512349 118.664622306824 123.325924078623 127.217948436737 133.118450641632 146.154185136159 144.829461971919 145.621250073115 152.132670084635 157.071083784103 159.198999404907 159.795920054118 153.340051571528 144.127657016118 140.310794115067 133.745640516281 133.876820405324 141.011367241542 145.370225111643 139.899432659149 129.627009232839 115.117251873016 119.29914355278 133.287320534388 153.199732303619 170.41277885437 171.722988287608
9.49175034960111 4.01644346614679 0.656855603059133 0 0 1.72585962961117 8.87421394387881 14.3905853231748 18.0476978421211 22.4043900767962 31.0815498232841 45.0433641672134 54.7393063704173 59.506411353747 65.5310750007629 70.7981586456299 70.7916518052419 73.6425419648488 67.7685836950938 72.9257812102636 70.6226577361425 72.5270261367162 81.4306835333506 89.764545361201 96.85085217158 101.080218950907 106.476406256358 109.623511632284 114.746073881785 120.214978853861 127.730419238408 142.145107189814 136.358151833216 136.480142672857 138.374964396159 137.534807125727 136.861324310303 137.141287326813 139.222006003062 131.717423597972 131.426453590393 132.423450549444 140.234073003133 148.278574148814 148.088008165359 127.220412095388 107.003837823868 105.309277772903 113.046099742254 130.534092585246 156.762252251307 172.442475954692 164.736270904541
30.9134970108668 16.0246801873048 5.60479983687401 0.0838017731439322 0 0.498569066015383 3.31542640924454 10.1642658313115 14.0994315346082 14.0851152439912 17.6313146948814 23.0641514062881 28.707318007946 33.6732318003972 39.0792017181714 49.1776416699092 54.6536942323049 61.2571140130361 65.6365404526393 72.7106481790543 75.2805769443512 80.0532748301824 80.8400561412175 86.2451692422231 90.5994772911072 96.5728064378103 101.4044880867 106.379528840383 112.894376118978 118.522187074025 127.929200728734 135.381996631622 126.665304104487 129.174699385961 132.543762524923 130.879481633504 128.043204545975 121.960987647374 119.201203187307 126.03301803271 131.396651268005 131.13193710645 135.023852189382 137.66007622083 132.498373587926 108.591864506404 85.438330968221 93.7727292378743 109.467059373856 139.117449522018 162.186960379283 165.547400712967 157.120068868001
47.0480372508367 30.7089537382126 18.2912548383077 8.21126252412796 1.65775325149298 0.729081220924854 0.425028731115162 5.55250172813733 9.78304632008076 14.2461434006691 15.1023839910825 14.572836458683 14.7960036993027 14.8454320927461 17.4097456037998 25.1719579100609 33.3563933769862 46.0609445969264 59.3926707903544 69.5452392101288 76.979731520017 81.8785925706228 83.1965357065201 82.5989892085393 86.7732167243958 91.670165459315 96.8465606371562 100.864817698797 108.013977607091 115.120559930801 124.735474586487 128.001987934113 118.018786112467 112.395177284877 114.838421344757 119.964530070623 118.496636549632 115.414003531138 111.945490042369 105.12904326121 102.071851491928 115.458240111669 121.477444966634 128.018120924632 126.788387695948 124.525596698125 129.11382317543 135.120729605357 143.179337183634 152.602295080821 156.829535961151 154.789547125498 148.18000793457
58.8986774285634 44.4329331318537 30.6513210137685 19.7953246533871 9.57446607450644 2.84927369405826 0.341360379631321 0 5.1314045364658 11.5365025897821 17.3825323581696 17.950260390838 17.2894671559334 15.1036431392034 11.7579624056816 14.3624444802602 20.9155802925428 30.3649480144183 43.1805998086929 56.5192600091298 65.436785419782 76.9808789094289 83.3114385604858 80.2411784728368 82.9919079939524 85.1606329282125 86.1355264981588 92.1705365180969 93.6776399612427 103.529751300812 113.92417550087 116.335759560267 106.455941994985 103.21369767189 101.980417966843 101.528247197469 108.595778544744 108.76139998436 105.479061603546 93.4551060199738 89.4030630588531 94.0557420253754 114.403585592906 127.439498901367 133.662015199661 139.124343792597 145.08444070816 148.069143295288 151.99139714241 150.583853324254 146.850645542145 144.525984923045 140.519221623739
53.921843568484 46.0555801788966 33.9762891332308 24.00158594052 17.794751872619 9.98157449066639 2.48928042128682 0.116118792599688 3.70469347884258 7.42235158880552 11.8312848110994 16.2179792920748 21.2761213382085 22.44999508063 18.2368035117785 17.1349868178368 16.8657501538595 19.5315020779769 26.72362079223 36.6050079464912 47.2079614798228 58.1539819637934 68.1820859511693 69.3624416987101 73.936253786087 74.0919361511866 75.6930410861969 77.7043104171753 80.1968425512314 85.3328506151835 85.4148666063945 87.2516930103302 93.9834515253703 93.5586988925934 93.9538180828094 95.9085027376811 100.218266248703 101.639489332835 104.055672883987 99.231610695521 98.4790623188019 103.732734918594 105.970591306686 108.700603246689 116.663644711177 127.75582075119 129.366586605708 136.79180542628 145.77512939771 141.368250052134 133.661011854808 135.398258765539 135.660618543625
35.3832716743151 30.8023542165756 24.6169293920199 21.4982529481252 15.2329516907533 7.42349276940028 5.96953680117925 7.1340532352527 3.61196448405584 1.18013114357988 3.02901770919561 11.3921761512756 19.563052803278 27.3792967200279 30.0210764010747 28.6312674482663 23.8313227891922 21.4702486991882 22.1213549375534 23.799108962218 29.1370277603467 34.8333641886711 42.7711208661397 48.8349298636119 56.1973551909129 60.1164201895396 61.3568325837453 64.1937454541524 66.2411550680796 68.1568086147308 68.0029690265656 66.1074817180634 69.5863664150238 75.7934103409449 86.493581533432 90.3758406639099 88.9032085736593 93.2643016179403 100.185066461563 106.36779665947 107.668876647949 109.281788269679 107.557237148285 107.913076877594 108.040948708852 109.380145867666 132.400512695312 136.658449967702 136.539826790492 137.990842262904 136.769711971283 136.65509223938 136.795341968536
5.14560254911582 1.68010282019774 0 0 0 0 0.537785313402613 7.33042632540067 6.9115391621987 4.09991045792898 1.53340771794319 0 11.1525046328704 22.7819085121155 31.911460061868 30.3382674853007 27.0028313000997 25.3466020027796 21.6759592294693 19.6902217964331 20.4391777515411 21.5960542360942 25.335947672526 34.321924050649 43.06427637736 50.4005203644435 51.9849012295405 52.7327557404836 58.0170651276906 59.0387632449468 58.030441403389 58.8743637005488 60.1335863272349 58.4490050872167 54.5808772246043 65.4570559660594 83.8361283143361 85.6604178746541 94.5734977722168 110.147207975388 110.994507869085 107.209771871567 106.292734543482 103.339572747548 105.080475409826 108.667254447937 109.951982895533 109.359363714854 131.294339895248 135.152657826742 136.811524629593 132.45635231336 133.319079875946
0 0 0 0 0 0 0 0.374490550408761 9.78415707747141 9.50721713403861 5.03182566414277 1.31707669546207 2.43429296339552 10.7411220669746 21.2193851669629 24.4859705368678 30.9182032942772 30.4616292317708 25.1636430621147 20.5945707857609 17.5070588787397 17.6396270593007 18.0308595299721 23.8572582602501 29.1865468025208 35.1745213071505 38.1300449371338 40.8996790647507 44.1940277814865 48.5529849926631 48.6571739117304 47.1164633830388 44.7464883327484 47.1404989560445 46.2378760178884 43.3696856101354 42.3125127951304 65.3144866228104 86.9040886561076 97.7939267953237 102.177838484446 100.982407728831 95.7409938176473 91.882328192393 94.0850774447123 92.4034317334493 94.9816902478536 98.8534192244212 98.0206827322642 101.446012655894 115.306337674459 125.746866067251 122.908532619476
0 0 0 0 0 0 0 0 2.40369839593768 11.0446140170097 12.61942461133 7.937994475166 0.998976097131769 0 7.81187477211158 19.6666543682416 29.1639889280001 32.267468671004 30.5598601698875 26.6111691792806 23.1865867972374 23.4008431434631 23.7255816658338 24.8334382971128 26.2279535333316 27.9645770788193 30.3128510713577 36.70900563399 38.2690305511157 37.0055362582207 40.3304149707158 39.286012450854 35.4238202174505 32.7340289950371 33.1613620122274 35.6373737255732 34.1108292341232 33.4509561459223 33.7682887911797 50.9815563758214 60.4306757450104 73.9423284928004 76.3742129007975 83.7191740671794 83.2164386908213 82.7336211999257 80.7780921459198 79.3399562438329 79.8649787902832 82.8147977590561 87.2328480084737 90.5698339144389 105.083376169205
0 0 0 0 0 0 0 0 0 4.5377230271697 14.9988060196241 18.2276467482249 14.343686401844 7.55762495100498 6.49591224888961 16.7898610234261 25.8306786417961 34.4221840302149 38.4240075945854 37.4011074503263 32.5024574995041 31.8639104564985 30.0390670696894 30.9165591994921 32.5173536936442 32.7163984378179 34.0590626001358 37.7177074551582 40.2377520998319 34.247986972332 33.218041062355 35.9283536672592 32.6763788859049 29.2721092700958 28.1579121947289 26.5602022409439 22.7977732817332 20.6193054715792 18.4498392045498 15.0871897737185 23.9468986789385 29.3504173556964 37.4017283320427 44.6293950080872 48.9656527837118 62.3580316702525 66.7828718821208 62.7570748329163 62.0034436384837 62.3713533083598 65.1923219362895 71.3797261317571 76.2540648380915
0.209445871102313 0 0 0 0 0 0 0 0 0 10.0200859208902 25.5267967780431 32.3868741591771 26.3390764594078 16.5619539717833 15.2061892052492 17.9304083188375 26.8021176258723 37.0697726806005 44.5327709118525 45.2907383441925 41.3866887489955 41.3502057393392 38.5249058405558 38.3859996994336 38.9772330721219 38.92982006073 40.0110830863317 38.47969075044 35.1221685608228 32.2966004411379 30.9397478898366 27.2457351287206 25.7728944222132 23.038220902284 21.7015246550242 17.4489095807076 14.3751464784145 13.3031010627747 10.5497514208158 7.07602128386497 3.9079279328386 12.7928555011749 23.1310874223709 31.2264437476794 36.9404802719752 44.3459947903951 52.1569748719533 51.3006299734116 49.5229264100393 53.4473955631256 57.4153065681458 63.8951907555262
0.784166933347782 0 0 0 0 0 0 0 0 0 2.52516412486633 20.70676907897 34.1431821386019 38.5386993487676 31.5690586964289 18.493078649044 13.8903707265854 14.9216180046399 24.4753981630007 40.6289348999659 50.1349568367004 48.5357195138931 49.7743934392929 46.1694200833639 42.6920553048452 44.9249943097432 45.5178966124853 42.4192051092784 40.2905295292536 40.6277428070704 35.2604712049166 31.0049404700597 25.5975797772408 19.8999916513761 17.2531269490719 13.19886247317 11.2388742466768 7.37809079388777 5.6524220854044 4.08097232381503 2.4321583720545 1.2716349059095 0.29426005979379 2.46328829477231 10.7640102505684 27.2167647878329 33.5420767466227 40.9847299257914 42.817289630572 46.4116334915161 48.0743596951167 51.401287317276 55.988480647405
0.396744697354734 0 0 0 0 0 0 0 0 0 0.211937411222607 13.3694944282373 28.9726133147875 41.1858434478442 40.6828845540682 34.3120694160461 29.1048884391785 23.149386048317 18.7354721128941 25.1419097185135 40.4494404792786 51.0563353697459 54.6474456787109 52.7759492397308 49.7999588648478 49.8266716798147 52.0801544189453 50.4581431547801 47.7081934611003 46.0485219955444 37.9898622632027 33.0797533194224 25.7739226023356 18.1797407567501 13.1848280628522 10.608250896136 7.08474963903427 4.88267590602239 3.24683263897896 1.21869829793771 0.472365606886645 0.00382522587945762 4.89377961603902e-14 0 0 7.64348978797595 19.1545461614927 24.4056433439255 29.8387457927068 36.9150588909785 42.1078205108643 49.7002800305684 52.7216245730718
0.0864243290076653 0 0 0 0 0 0 0 0.119264528620988 0.278092493924002 0.287664239294827 8.09526133040587 17.2806084156036 29.0786996483803 40.2419889966647 47.9940325021744 47.5932558377584 39.0896399815877 28.7856285770734 19.9189310272535 26.4685228466988 44.3817327419917 51.2114812930425 54.709921280543 56.0717483361562 58.0430974562963 59.4051529963811 58.0122371514638 57.0962230364482 52.0795832077662 42.2800083955129 33.4741398692131 26.3076797127724 18.1644720335801 12.511504193147 10.2892269690832 5.81592197219531 2.51427448044221 0.649074790999293 0.115422153612599 6.92002023091239e-05 0 0 0 0 1.37514962504307 3.15802978972594 6.48463952044646 11.7424701650937 18.0455222725868 25.5344857772191 32.5517108043035 40.2467002471288
0.0997901855347057 0.125802946665014 0 0 0 0 0 0.47540928547581 1.01476496395965 4.99800002823273 9.02926549315453 11.7465183138847 14.455758035183 21.7154075702031 30.7869588335355 42.0993467171987 47.0105608304342 47.5385040044785 45.7470466693242 34.5727279782295 23.7123568852743 31.5517584482829 40.0369837880135 48.6993789672852 58.2755555709203 62.208483616511 64.8096054792404 64.3283774455388 55.956244468689 55.1667263110479 44.3049371242523 34.9385018150012 22.6435859998067 16.2145296732585 9.72005849083265 5.1017285635074 1.99902973448237 0.409744020241002 0 0 0 0 0 0 0 0 0 0 1.39795212695996 7.75022183855375 11.8868971864382 11.4231109619141 17.4317459265391
0.0646272043619926 0 0 0 0 0 0.0103675714247705 0.741311659415563 1.68382128079732 1.26912926013271 2.12095010404785 4.93603013455868 7.91149213910103 11.9249547521273 19.9085709949334 32.6169158021609 40.1483650008837 42.5741374492645 47.8524913390478 47.2918003797531 39.5832781990369 31.3504412770271 34.0526252985001 41.6609992583593 50.8274137973785 57.3865075906118 62.5502020120621 66.0808285077413 57.8442066907883 48.0703463157018 44.9488262335459 33.8526616493861 22.1545572082202 15.8895142376423 7.37369060516357 2.70161715646585 0.249643286224455 0 0 0 0 0 0 0 0 0 0 0 0 0 0 3.05640697479248 0
0.674832845106721 0 0 0 0 0 0 0.906340855484208 1.60146846125523 1.63189476976792 1.19265890680254 0.518132544433077 1.71232564995686 3.03423994531234 9.53533376256625 18.0188318093618 26.5060265858968 32.4194952845573 39.8422156771024 49.5972037315369 54.1640420754751 47.0372339089712 45.0913856426875 47.070120771726 49.8236417770386 50.8133272329966 53.722952802976 58.5098167260488 55.1271090904872 44.2717174688975 32.593900958697 25.287186106046 16.2129153807958 7.76916431883971 1.41352570305268 0 0 0 0 0 0 0 0 0 0 0 0 0 0 0 0 0 0
7.2631152967612 2.35488669325908 0 0 0 0 0.324580973635117 1.91780691966414 2.2516114016374 1.81239703670144 1.09520554542542 0.923425424844027 0.290417578071356 0 2.91043302665154 11.6081858674685 21.173228820165 27.0369499921799 33.6138059695562 45.2601462602615 51.0237316290537 61.7799709240595 64.8661603530248 62.8055284420649 57.2459052006404 50.6002306938171 46.9116568565369 42.5480405489604 51.107515891393 38.2486333449682 23.3670125404994 13.736763348182 5.92702627182007 0.283201690763235 0 0 0 0 0 0 0 0 0 0 0 0 0 0 0 0 0 0 0
29.5761277278264 23.8692661126455 6.25445259114106 0.555583819126089 0 0.00659986471873708 2.45351918662588 3.4659318625927 2.83115605513255 2.17177936186393 1.71196864296993 2.11475261797508 5.6046253691117 4.49162907898426 5.1503786817193 9.1170109808445 16.8835843602816 23.7956196069717 28.7538046638171 31.3135882218679 34.6470475196838 46.8276192744573 56.31056924661 60.6953004995982 59.4445963700612 53.912748893102 46.7679599920909 41.7729069789251 34.0087612469991 27.2539779543877 12.5518130759398 2.83363461494446 0 0 0 0 0 0 0 0 0 0 0 0 0 0 0 0 0 0 0 0 0
