input/barkrak2/radiation/dir31024.grid
NCOLS 85 
NROWS 70 
XLLCORNER 665100 
YLLCORNER 4664600 
CELLSIZE 20 
NODATA_value -9999 
[rows 44 to 65 of 70, columns 0 to 49 of 85]
77.6188125212987 83.6965441703796 86.6588950157166 87.5811775525411 89.5660718282064 92.3011302947998 92.4341479937236 88.2296760876973 83.6604734261831 79.2030890782674 81.241895755132 78.6293745040894 75.2777407566706 73.3559677998225 72.6302613814672 72.6651499668757 70.1601505279541 76.4195024967194 78.316738208135 75.8941074212392 71.3591476281484 69.2072461048762 68.5211916764577 69.2877272764842 66.6717042525609 73.9785581827164 78.0020703872045 76.3484140237172 74.9844213326772 73.9891429742177 69.1120525201162 66.3052449623744 73.4441677729289 77.08474000295 83.8813583056132 86.6382817427317 91.1543567975362 101.187745730082 104.027847448985 94.6730077266693 92.7663842837016 86.8316392103831 82.8975339730581 63.6349817117055 30.8729857206345 0 0 0 0 0
84.2772523562113 88.9701545238495 86.1237247784932 89.4929269949595 88.0722602208455 88.2765154043833 90.0815029939016 88.4623924891154 89.580903450648 85.1411124070485 83.9821696281433 83.7031702200572 78.7932326396306 73.7892687320709 72.6422369480133 76.2144575516383 70.8290239175161 73.9361743132273 78.2614151636759 77.650507291158 74.4997759660085 73.7014065186183 72.8275279204051 72.9456742604574 74.1980075836182 73.9802618821462 80.0024519364039 78.2063504060109 77.2158205509186 75.2459863821665 71.3523129622142 67.4240986506144 70.7720766464869 69.3811823924382 69.5091784000397 72.365790605545 80.4158449172974 93.3598081270854 93.8499967257182 80.808679262797 83.5292339324951 78.2018999258677 77.0895381768544 74.0890105565389 54.9435317516327 22.0204268892606 0 0 0 0
83.9235782623291 85.6989820798238 88.4209672609965 90.3662244478862 90.2259647846222 90.0510350863139 91.8100674947103 93.864917755127 90.4441475868225 89.2990330855052 88.0645215511322 86.9978864987691 82.9402854045232 80.0831566254298 79.6710103750229 83.1264754136403 80.7747840881348 74.991782506307 80.1942745844523 78.9553423722585 75.9073346853256 76.3864268859227 75.8035480976105 73.2779105504354 81.050713857015 73.346217473348 74.2446482181549 76.0851303736369 76.0175635417302 75.8452167113622 74.6157268683116 70.8024750153224 70.3214506308238 70.0409909089406 71.6051508982976 72.2972303628922 74.2947955926259 82.1655591328939 84.8269462585449 81.427663564682 80.3323189417521 75.0508159399033 80.2561740080516 87.8433187802633 76.1371751626333 47.029306491216 10.09634633859 0 0 0
77.8164366881053 79.9013376235962 86.1473282178243 87.8313879172007 91.3547078768412 93.0118362108866 90.5755857626597 90.5150175094604 90.6677047411601 93.502144018809 90.1948511600494 86.7581566174825 84.979921579361 84.8697622617086 82.7108770608902 82.0628156264623 81.1288853486379 73.2964823643367 77.497457464536 79.1413883368174 74.9240467945735 76.1158068974813 78.3166885375977 72.0607439676921 75.0690052906672 74.6516287326813 68.8251107931137 73.4060704708099 75.2000560363134 73.9072561264038 76.7695357402166 75.3201792637507 70.0702369213104 74.0446547667186 84.2098991076152 87.7846678098043 83.0263296763102 77.6075522104899 82.7928930521011 92.0608639717102 84.6524238586426 76.9768307606379 84.1817359129588 88.6988540490468 82.5355847676595 62.9861901203791 29.4284373521805 2.24119331687689 0 0
70.6136723359426 73.6339588960012 79.0718694527944 83.2893749078115 89.8413459459941 93.6482151349386 90.1810824871063 88.0239109198252 92.1671191851298 94.1822330156962 92.4083193143209 88.5848800341288 86.9135657946269 88.2181922594706 85.4368805885315 79.893892010053 79.195832212766 73.4840879837672 77.884371081988 80.9326072533925 79.9025992552439 79.7594885031382 81.7150970300039 78.5417407751083 75.0067482391993 77.6051431894302 73.8137165705363 77.2127211093903 82.9578936100006 85.2536559104919 88.9779130617778 91.5185113747915 80.8118879795074 82.0067077875137 91.6045308113098 97.8323419888814 96.2436894575755 85.6548448403676 83.4026336669922 91.1718606948853 82.8614383935928 75.1890341440837 73.2316424449285 72.5259284178416 71.4748154083888 68.9081251621246 59.6329967180888 11.8613081673781 0.125079396336029 0
69.5150295893351 66.955288251241 71.2980528672536 80.0164838631948 85.9159032503764 89.2927447954814 92.219332853953 94.6703851222992 95.5421626567841 92.2566950321198 94.0863887468974 93.750407298406 90.6408826510112 88.3503158887227 86.343248685201 82.3342800140381 80.721656481425 78.0864804983139 81.3001642624537 84.9058926105499 87.372620900472 87.3240133126577 84.4187339146932 85.8391225337982 79.9253781636556 83.1684370835622 83.026260137558 85.4988992214203 93.055119117101 99.3995666503906 106.153647104899 105.469107627869 98.7724264462789 91.9021467367808 88.4278515974681 97.784290711085 103.03728779157 98.4397927920024 88.226447502772 78.8162797689438 73.3260959386826 74.555108944575 73.5938648382823 68.8241720199585 63.7585868438085 67.2521591186523 65.0272518396378 20.2029123902321 0.707187224179506 0.00425608353301262
69.8690166076024 73.3733177185059 76.9651879866918 83.7799112002055 84.2890938123067 84.6272309621175 92.7505592505137 98.187784353892 97.8040099143982 97.0466732978821 96.4912573496501 96.6270168622335 92.5887624422709 87.9437724749247 88.4848237037659 92.5120711326599 84.7730040550232 85.2796733379364 86.7933332920074 90.9318427244822 91.9728676478068 89.6228849887848 86.9583984216054 87.0257218678792 80.7060251633326 88.1226658821106 91.2170807520549 91.3566648960114 97.76637951533 106.365412473679 113.814969857534 116.242776314418 106.138974428177 91.283510128657 83.2920322815577 87.760329246521 95.6305861473083 99.7234384218852 92.4176871776581 74.9550263086955 68.5684929291407 75.8759677410126 78.8165330886841 75.3562450408936 68.8637594381968 66.2607550621033 54.4956624507904 25.511438647906 1.80517726888259 0
70.7278251647949 81.9580803314845 84.254244963328 85.9566330909729 83.8862061500549 83.2775036493937 91.0673638184865 96.6514150301615 96.1652795473735 101.473947366079 98.7872083981832 97.7326631546021 94.9750145276387 90.5681848526001 90.1202162106832 96.4429179827372 90.242067972819 87.4411861101786 86.2224896748861 87.3294870058696 88.646411895752 87.4702036380768 86.140106121699 82.9421132802963 81.0149510701497 83.6717983086904 87.2718691825867 88.7068311373393 91.4235512415568 98.9049871762594 105.930189291636 116.413414478302 108.734995126724 86.635559797287 51.2965818246206 36.4920025070508 58.1856866677602 87.7174337704976 97.0158278942108 96.0345466931661 93.1682785352071 84.6201380093892 70.7481801509857 68.8162346680959 74.8193363348643 69.3852504094442 42.7230447530746 36.080114543438 7.45619709293048 0
74.5979398488998 72.6646979649862 71.651483575503 73.9342073599498 80.9501012166341 86.6952439149221 87.3276889324188 93.3110614617666 93.3051705360413 98.0857908725739 98.2977052529653 99.9916891256968 99.4174182415009 94.1780308882395 91.7092859745026 90.3026660283407 92.8554534912109 85.2089027563731 79.8590034246445 78.9170910914739 79.3738613526026 81.7339917023977 83.3605031172435 78.0922671159108 79.350600639979 76.8456210692724 77.5761355956395 79.0738761425018 79.6614984671275 83.5344592730204 86.5415334701538 97.7214674154917 94.6603814760844 70.4706758260727 31.6389501094818 21.6557333866755 22.76794364055 39.599597454071 71.0372626781464 95.6773360570272 97.2042779127757 87.0944261550903 67.3818588256836 63.243160645167 70.452426870664 58.25441579024 39.3131424983343 55.1080654064814 36.9934638341268 9.39644065996011
77.356959382693 67.1083033084869 64.7714386383692 70.0203080972036 82.1073750654856 90.9372866153717 90.3369188308716 91.4638539155324 94.04057264328 94.5310195287069 96.8003372351329 99.3971129258474 100.991894801458 99.1314848264058 94.182550907135 91.4945006370544 93.9417878786723 85.6978297233582 81.0788571834564 82.776481906573 81.7727148532867 80.610195795695 80.0296862920125 76.9087970256805 77.4079660574595 76.1862844228745 75.3619124492009 75.0784377257029 74.2225100596746 71.8385279178619 63.0880494912465 67.5136397282283 69.8733329772949 55.5661867062251 33.6843654513359 22.8113358219465 11.7423397799333 9.06120923658212 20.713809877634 53.1503905852636 82.5740396976471 77.9108206431071 67.7034755547841 52.6071886221568 48.7853984038035 40.5994777878126 37.7246017257373 63.5671466588974 73.7499892711639 52.0847141742706
77.4445633093516 71.8482732772827 69.5541054010391 74.7388104597728 84.5525662104289 92.678964138031 95.6416527430217 91.7565723260244 96.4849988619487 94.309280316035 98.0106393496196 100.112905104955 101.404408613841 102.840145428975 97.2984731197357 96.1577693621318 97.0959663391113 91.4595425128937 86.522916952769 87.8279805183411 86.8611037731171 82.8617562850316 80.7580401500066 81.1226665973663 79.4249524672826 79.0093243122101 77.4827400843302 74.9336232741674 69.7947343190511 65.0006085634232 55.6194682916005 57.6769858598709 63.6005302270254 65.0758643945058 63.2568051417669 51.4776209990183 27.0803421735764 13.8883379598459 10.4565098881721 17.4394411345323 37.1774360537529 42.4049198627472 37.3253772656123 29.7022710243861 29.324730237325 36.1712177594503 49.7460265954336 56.0969412326813 69.1624085108439 74.8392889897029
80.8537552754084 79.469492038091 75.6548096736272 74.1926928361257 80.2287658055623 91.3692613442739 93.6399698257446 91.6272600491842 93.4849778811137 98.9501575628916 105.312327543894 105.800728003184 103.400051593781 104.244907697042 101.446568965912 100.939194361369 100.500156482061 97.5240270296733 92.6024218400319 89.4623796145121 86.3693356513977 84.5099190870921 85.1183036963145 88.7348055839539 83.3883086840312 80.1173945267995 76.5794217586517 67.9924190044403 61.2047761678696 58.5738966862361 58.3968907594681 63.2384022076925 68.5980618000031 80.2464733521144 84.5296084880829 83.8195284207662 71.3722805182139 49.7890462478002 38.8959323366483 18.5534618794918 23.5344593723615 40.8683220545451 46.0037489732107 35.0147436062495 34.9600662787755 50.803929567337 73.5881725947062 68.3244367440542 63.2966061433156 70.2934364477793
83.6050609747569 83.0911298592885 81.9945335388184 78.1105607748032 79.1346927483876 88.441401720047 91.5071566899617 91.6539132595062 91.6565756003062 101.074814796448 109.389801820119 108.051002025604 103.231966495514 105.585585037867 106.195390224457 100.489258766174 102.706442276637 98.9668667316437 94.7497586409251 91.6807055473328 89.7132654984792 90.5849039554596 87.2256656487783 85.9171251455943 82.454393307368 76.8680572509766 58.1991821527481 38.7732932964961 33.9176133275032 41.2414744496346 55.5616517861684 59.9523137013117 66.6841914256414 74.5647052923838 84.6838057041168 97.8729128837585 99.5928347110748 81.0813506444295 79.3009052673976 49.3399202823639 25.7422178983688 47.0737119515737 62.5439782937368 63.023641705513 62.6679658889771 77.3500700791677 105.349570512772 93.2625432809194 69.943110148112 55.487260222435
82.3189268509547 80.5370658636093 84.4445824623108 85.4227741559346 82.6357354720434 85.2884252866109 91.5557046731313 92.302809158961 92.5802191098531 100.444465875626 108.087460199992 106.383502483368 101.520746946335 104.853759209315 108.250051736832 98.3910858631134 99.4730095068614 97.8401700655619 95.978448788325 96.050371726354 97.3424216111501 95.7166949907939 90.0508364041646 85.11088291804 82.3118537664413 79.2565892140071 61.3252222537994 41.1352465550105 41.7503466208776 52.0854890346527 64.6847287813822 65.727303425471 77.2570272286733 88.2432758808136 97.3048706849416 92.2856132189433 86.2962206204732 42.3215876022975 42.7754869063695 47.8357722361883 53.0681858460108 67.5467004378637 72.4817911783854 48.0797787507375 34.181276957194 39.6828850110372 82.6287666956584 77.4584313233693 63.5509341955185 53.2795339822769
70.4470326503118 78.4085045258204 82.4041912953059 85.3172640005748 85.1941406726837 81.5957287947337 91.6867653528849 95.8227217197418 96.3753859202067 101.195017496745 103.97877295812 103.544771671295 102.900326251984 100.95489025116 102.41287946701 98.5069771607717 95.1652427514394 98.0393687884013 99.1539756457011 100.168267885844 102.91263461113 98.3732144037883 95.7267880439758 88.851273059845 85.9099725882212 87.0678623517354 81.8471014499664 75.0566323598226 74.1031169891357 80.941766500473 81.7536413669586 75.6060530742009 91.0960137844086 101.865589618683 96.1293776830037 70.314755042394 60.5991284052531 25.8565793434779 14.7713298598925 25.9372169772784 46.417494614919 68.7576830387115 76.5841652949651 62.9847894112269 50.2500186363856 52.7157485485077 68.2186434666316 72.8605737288793 70.3553259372711 63.2536709308624
60.187503695488 75.639471411705 80.3390741348267 83.4157268206279 86.4714682102203 82.350159684817 86.8086218833923 95.2158669630686 106.491963068644 107.692331075668 103.038549423218 100.521018107732 102.307160695394 101.609150568644 101.662794748942 99.0546345710754 95.1271255811055 97.5707173347473 95.7670013109843 92.6279127597809 93.8436985015869 92.5943752129873 92.1000242233276 90.6175673007965 90.3172492980957 94.7259863217672 103.927542765935 106.700936953227 94.8686003684998 89.7866984208425 77.5302549203237 75.7530828317006 85.557480653127 76.801006992658 37.7530579765638 28.7236149112384 27.3832529783249 19.6233615279198 6.9678109139204 3.6631270001332 4.73276587824027 27.0625998576482 73.9942491054535 90.5742148558299 103.616565465927 100.054969390233 92.9012993971507 92.9250319798787 91.6176239649455 79.8389514287313
61.8876467148463 72.8187809387843 80.6833356618881 83.3115975062052 84.9089821179708 85.3316485881805 79.3913304805756 90.0698602199554 111.547728379567 110.296706358592 101.825773715973 97.6466238498688 100.402414798737 103.821208079656 102.758357922236 99.5216369628906 98.2309877872467 95.7935750484467 88.3730848630269 81.2019209067027 81.0299466053645 84.4142138957977 84.8154028256734 87.0587229728699 89.4308586915334 94.6732759475708 111.382822195689 118.941058715185 99.5931426684062 84.6391320228577 74.9924033880234 65.7314360141754 65.9871151049932 61.8174175421397 37.6016621788343 23.1634527444839 24.4697978099187 33.357044061025 25.0219901402791 11.0316139956315 3.13266025235256 11.5792925159136 38.2184733947118 78.2113621632258 77.2913595040639 89.7861023743947 84.0384364128113 85.9089891115824 81.2584012746811 74.2819805939992
74.8187303543091 78.1264404455821 80.6561013062795 77.143390973409 70.5721477667491 67.6770706971486 75.7907877365748 81.828236579895 92.7739441394806 88.2536967595418 86.0900580883026 91.8243924776713 98.9735225836436 100.887318452199 96.8241492907206 98.4870791435242 98.4579126040141 92.1507179737091 83.9479168256124 78.1779537598292 77.1376391251882 78.1183391809464 82.0964475472768 84.943026304245 84.7143332163493 87.1138870716095 100.006361802419 109.384775161743 100.196222464244 82.6021730899811 69.2319323619207 56.4672003189723 51.9089003403982 65.4652814070384 60.3480239709218 33.8901877403259 39.5869861046473 70.6255286931992 75.4984219868978 54.6265592177709 23.5756486654282 14.0484298268954 25.8428926269213 36.3167772690455 33.8638772567113 45.0929701328278 56.9408883651098 61.7991735537847 60.3927870591482 66.376472512881
87.1522625287374 83.7207436561584 79.6408404906591 71.9280242919922 61.0882689555486 54.3302396933238 66.5656675895055 65.0626718997955 54.5074840386709 55.7834655046463 66.6976124048233 79.0598690509796 86.0286156336467 90.8556779225667 94.1252609093984 105.095754067103 107.798516750336 98.1352925300598 88.9824430147807 85.2305193742116 81.9101830323537 81.7595968643824 83.0231408278147 81.9401741027832 81.7661136388779 86.3024592399597 88.7369116147359 95.7513550917308 86.895098288854 65.0053471326828 68.7893480062485 63.3859882752101 57.8537881374359 75.1639058192571 80.6594441334407 67.7649080753326 58.1770042578379 59.0279698371887 54.4109841187795 57.4590017398198 42.6015158494314 29.8862084746361 25.4203031460444 25.9902576605479 18.7970834473769 19.9053312341372 30.5044104655584 33.2783957322439 47.5436945756276 68.0044492085775
90.3488993644714 83.1203212340673 77.7328163385391 73.5167115926743 65.9162948528926 59.3258539835612 54.3057719866435 48.8918622334798 30.3576464454333 38.70523472627 61.9252224763234 73.2701619466146 73.8366842269897 82.1594695250193 96.83491786321 113.807777563731 119.501332441966 111.616541941961 102.603435516357 97.4438587824504 91.9064184029897 89.7411008675893 88.9920393625895 85.6432914733887 81.5316041310628 80.503319700559 78.9578209320704 79.3395688136419 77.2634049256643 57.2020312150319 61.578243970871 62.1104141076406 58.3549688259761 78.6917308966319 98.276952902476 101.597756147385 75.3438770771027 31.3778966665268 26.8659045298894 34.1531684001287 46.3202893733978 41.6448960701625 43.347030878067 38.5739679137866 26.2142171462377 21.8434284130732 28.6134009559949 43.4038788080215 53.0224492152532 85.7903858025869
93.0353502432505 87.2739851474762 85.7782562573751 87.0106220245361 83.4121902783712 76.5739977359772 70.9125896294912 71.5691645940145 70.077841480573 75.6558974583944 84.837665160497 91.7890866597493 91.829260190328 86.4564379056295 97.6761976877848 114.865869283676 125.486046075821 125.032504399618 117.237031459808 106.844226519267 100.241035223007 93.7580863634745 90.8420582612356 93.0664837360382 85.703045129776 78.7249505519867 69.9286709229151 71.1287011702855 69.9930886427561 65.5341893434525 51.1685411135356 44.51618095239 38.4956846634547 66.0563011964162 106.661727031072 115.849196910858 81.9539129734039 46.2701767683029 19.6436010301113 19.8174193501472 23.9887138207753 27.666337788105 42.7695860465368 53.434078892072 55.5230528116226 41.3636813561122 40.9086296955744 59.8279883464177 91.2853479385376 142.606914043427
93.9131379127502 90.979258219401 91.1605954170227 92.4092729886373 91.8146272500356 88.0462129910787 87.4694188435872 96.273402372996 114.198058843613 109.551886717478 100.372244914373 101.976335048676 107.945650815964 94.2174990971883 95.7643389701843 105.170577764511 115.2570048968 121.612201134364 121.832340955734 114.543398221334 108.009119828542 100.97274184227 96.1394608020782 93.3501621087392 82.5982093811035 73.974554737409 62.06876039505 61.179389556249 62.2039288282394 54.8575421174367 28.0704100926717 25.4735151926676 19.3757936358452 26.4290968577067 104.284167289734 117.063740889231 96.5807636578878 85.1345658302307 50.7276256879171 14.0650309622288 6.11050551136335 3.56929283589125 21.8118528525035 58.8829219341278 67.3188368479411 56.577205657959 55.2186518907547 83.6347142855326 147.985955079397 195.740580558777
