input/barkrak2/radiation/dir32324.grid
NCOLS 85 
NROWS 70 
XLLCORNER 665100 
YLLCORNER 4664600 
CELLSIZE 20 
NODATA_value -9999 
[rows 46 to 68 of 70, columns 0 to 50 of 85]
64.873402317365 66.5114174286525 69.1749552885691 71.1550613244375 70.9671427806218 70.678765575091 72.4846373001734 74.1693278153737 70.9295123815536 69.5062726736069 68.3607757091522 67.3829217751821 64.1742646694183 60.9835982322693 61.2834344307582 64.6418929100037 63.2846703131994 58.1285456816355 63.588485121727 62.3783220847448 58.895876010259 59.3872268994649 59.8703970511754 57.0631772279739 64.382940530777 58.230052391688 59.8146220048269 61.3091836373011 60.4641487201055 59.5538169145584 57.8092634677887 54.4546147187551 54.7274599472682 53.6783486604691 56.3533653815587 57.0168197154999 58.6543132861455 64.3933514753978 65.6611919403076 63.7501825888952 63.1104310353597 58.3315392335256 64.0758772691091 69.6190347274144 61.5551422039668 32.4305146932602 4.17014770209789 0 0 0 0
58.7934950987498 61.0966384410858 66.9471174478531 68.5232778390249 72.0531692107518 73.7105111281077 71.5658664703369 71.2198515733083 71.1321334044139 73.8589366277059 70.829560359319 67.1344747145971 65.4647201299667 65.4328763484955 64.1578584909439 62.9200289646784 62.0613197485606 55.6572029987971 59.5984558264414 61.6835256417592 58.5708916187286 59.0024987856547 62.3085200786591 55.9629301230113 59.7496777772903 58.3095053831736 54.4434785842896 57.7741762002309 60.3190461794535 59.1534326473872 59.1050982475281 57.8620433807373 53.3705155054728 57.1989417076111 66.7182306448619 71.1674044529597 66.6558841864268 60.7808629671733 63.6941293875376 71.9872067372004 67.151665687561 59.987078110377 66.8641477823257 73.0082492033641 65.7564948002497 48.3795901139577 17.2812081873417 0 0 0 0
51.8483916918437 55.1018963257472 60.3440503279368 64.1131699085236 70.4412211974462 73.984295129776 70.9050248066584 69.0236737330755 72.895735502243 75.0118891398112 72.8927453358968 69.2871659994125 67.8365727265676 68.5237795114517 65.9683992465337 60.8726541201274 60.2544446786245 55.0620009501775 59.1938942670822 63.3651564518611 62.5018179416656 62.5838985045751 64.5984510580699 61.8856201569239 59.5906227827072 61.8485907713572 58.2413375377655 62.2811218102773 66.9321119785309 70.0311958789825 73.0512787898382 72.5575586160024 62.9909882942835 65.9057150284449 73.099081714948 81.3931475083033 79.869419336319 68.8118239243825 65.7610297203064 71.183905005455 65.0115807851156 58.4312031666438 56.3396712144216 56.58291776975 55.303414662679 54.1287660598755 45.0239032506943 5.59980856875579 0 0 0
50.7317334413528 48.6518989006678 52.9657006263733 61.0327869653702 66.7077153921127 69.9407358964284 72.6741552352905 75.2917776505152 76.4476855595907 73.0181833108266 74.879914522171 74.7335900863012 71.3580201069514 69.1948483387629 67.385603984197 62.5019371509552 60.9794755776723 59.2792928218842 61.5410705407461 65.6726211309433 67.9694265127182 68.8266605138779 66.1969582239787 68.6631103356679 63.2032801707586 66.1624819040298 67.2038396199544 70.6564088662465 76.6794184843699 81.8319320678711 89.6547834078471 89.2790059248606 79.3024798234304 72.8060901165009 73.3915468056997 81.3092390696208 84.022323290507 79.5529186725616 68.94251704216 61.0175728797913 55.8879474798838 58.3882480859756 56.928222378095 53.0373553435008 49.563060204188 52.8956900040309 46.6691156228383 12.5882352391879 0 0 0
51.0396112998327 54.5416275660197 58.2377562920252 64.5112991333008 64.9296939373016 65.2596900860469 73.2246239980062 78.538512190183 78.381155927976 77.9230197270711 77.6202976703644 77.3283243179321 73.6563503742218 69.3964014450709 69.3856875101725 72.5887219111125 65.391331911087 65.089613199234 65.6115263700485 71.2375342845917 72.2442070643107 69.1562741994858 67.660187681516 68.7879870335261 63.9226933320363 70.7837492227554 73.9836394786835 76.6547421614329 82.596093416214 88.5027647018433 94.2094127337138 99.6430218219757 90.1315708955129 76.2602090835571 67.4217393000921 60.6537908315659 71.1541026830673 84.6548775831858 74.0500539541245 58.1346849600474 51.9755830367406 59.3754549821218 62.647208571434 59.6740494171778 54.4505168994268 51.9626686970393 30.6941121816635 17.1005005637805 0 0 0
51.8209189176559 62.8108431895574 65.0572180747986 66.2298599878947 64.621423681577 63.9745493729909 71.6258188088735 77.0572423934937 77.0459274450938 82.0120275020599 79.5781761407852 78.7141174077988 76.289564371109 71.7414518197377 71.6409832239151 76.9190937280655 71.1248020331065 68.8587178786596 65.9878750642141 67.9119726022085 67.4507866303126 67.2412465016047 66.9018427530925 63.0124757687251 62.2489353020986 65.7486418883006 70.3266561031342 72.8503863016764 76.6372283299764 82.8026036421458 89.8429850737254 96.7970391114553 92.4251278241475 70.4022397597631 27.0813455184301 26.5023137132327 35.5795746048292 62.8879815340042 76.6875445842743 78.6785533030828 72.0716565847397 66.1781479914983 55.3320944309235 53.7891536951065 60.1577311754227 50.5877832571665 29.7475581367811 22.9455828666687 2.26808137570818 0 0
55.4836144049962 53.7736117839813 52.9364546140035 55.1888446013133 61.4421715339025 67.0899699131648 67.9579178492228 73.8213161627452 73.585440715154 78.6064068476359 78.8807074228923 80.6725124518077 80.2896022796631 75.5788187185923 73.7784008185069 72.2757478555043 73.5775927702586 67.633643746376 62.7149244149526 60.8063091834386 59.8054627577464 61.9474252065023 62.5383704900742 57.7584058046341 59.7306539614995 56.5256774425507 60.2069646120071 63.5734846194585 65.1955008506775 68.8583155473073 71.0502465565999 80.355112751325 78.5033951203028 55.5916130542755 22.3779305815697 13.8821279009183 14.8140241702398 24.4478757182757 52.4091472228368 72.4351555109024 78.2735596100489 66.5814677874247 52.5612632433573 43.6664621035258 48.3188231786092 37.9858613014221 29.0564646323522 41.6938811540604 24.7965827584267 2.51782778650522 0
58.0159326394399 48.5491901636124 46.4770247538885 51.5087346235911 62.4894003073374 71.1847245693207 70.5973207950592 71.9053993622462 74.5088905096054 74.8415887355804 77.173059185346 79.9004137516022 81.5011163552602 80.0922214984894 75.3236363331477 73.2944558064143 75.2500295639038 68.6929772297541 63.7359321117401 64.3433481454849 64.3736819426219 61.7415408293406 60.4112396637599 56.709498167038 57.0698827505112 55.0681302944819 56.2022427717845 55.9873481591543 59.8544925451279 57.2992563247681 48.7493226925532 52.1735697984695 54.6720276276271 30.4412022233009 24.165078997612 14.8636053005854 5.52070451279481 4.35497673849265 13.1892797847589 35.7093165318171 59.5227231582006 59.8802367846171 44.9319829543432 40.2416860063871 29.0833761294683 30.1310271024704 27.6682029167811 48.8733152548472 57.3739359776179 37.1973365545273 9.07466312249502
58.1222772598267 52.8370887041092 50.955668091774 56.0152033964793 64.9190445741018 72.441687186559 75.6958226362864 71.7314779758453 76.4297743638356 74.8118658860524 78.6448071400325 80.1344712575277 81.8031877279282 83.3919942378998 78.5709321498871 77.8177082538605 78.0740032593409 73.0588585138321 68.7521596749624 69.9399411678314 69.1814323266347 64.6979709466298 62.8126164277395 62.3457332452138 59.8097145557404 59.4636897246043 57.1002811193466 52.8732438882192 51.184539993604 48.1769740581512 40.4100144902865 42.4973318974177 49.1181214650472 51.0510057210922 49.1711497306824 38.1860459844271 16.6710689663887 5.81352474788825 4.44473326206207 10.2827996015549 26.991235713164 31.6431522369385 27.2641132275263 20.7104161381721 20.4000100493431 26.3518542051315 32.06434349219 41.6638975342115 53.1013955672582 58.055525024732 39.5711784561475
61.3608658313751 59.9572906891505 56.559498111407 55.4099629322688 61.2390091021856 71.6382662455241 73.7229436635971 71.5713749329249 73.3965883652369 78.5645345846812 84.89990234375 85.5492949485779 83.9470823605855 84.286630153656 82.3242564996084 81.9916824499766 81.8716585636139 78.8106421629588 74.3362506230672 71.293498078982 68.5188919305801 67.0670370260874 68.0098682641983 69.3670610586802 65.6076520681381 62.7023279666901 58.3116213480631 48.9638994137446 41.8822367986043 40.8582935730616 42.9927458365758 47.4229156970978 53.5129557053248 65.3151671091716 69.9150959650676 68.3291852474213 56.8853765726089 37.1909886598587 27.3366868495941 9.57107854386171 15.4491153856119 26.3996794819832 31.4850956201553 22.5602736075719 23.9601557453473 38.028950492541 58.3397050698598 52.3655513922373 47.3317205905914 53.6803950866063 45.1307594776154
63.9071116844813 63.3493810892105 62.3352527618408 58.9352150758108 60.1462324460348 69.1952457030614 71.4858223994573 71.6262956460317 71.6104904810588 81.0115734736125 88.6093278725942 87.3172879219055 83.0302139123281 85.5405231316884 86.883008480072 80.9407333532969 83.157867193222 80.5791517098745 76.1161893606186 73.3163257439931 72.3677376906077 72.7801074584325 70.903276403745 67.7972237269084 64.6891593933105 60.5323960383733 41.7562921841939 21.0457717378934 17.2788004080455 25.9343112508456 38.4112919370333 44.3470329046249 51.6678790251414 58.8344434897105 70.003867149353 81.5743903319041 72.4633832772573 67.6555335521698 54.908220966657 33.7086568276087 17.3178041974703 26.5880698959033 48.639103770256 48.67784678936 47.9667733112971 61.6347640752792 87.140570084254 75.8067667484283 53.7169724702835 40.6367306907972 31.6728229324023
62.802587946256 60.9232385953267 64.7269686063131 65.7370388507843 63.3477717638016 65.9452180067698 71.5050001939138 72.2697824239731 72.7694183588028 80.5507997671763 87.4559581279755 85.8116149902344 81.0995101928711 84.6212605635325 87.9365801811218 78.7205050388972 80.4042120774587 79.1939993699392 77.6849091053009 78.0313014984131 78.7219355503718 77.6393016179403 74.3062198162079 66.9013758500417 65.4569715261459 63.1055285533269 45.1702773571014 26.549443602562 26.0843286911647 33.480649193128 45.9141035874685 49.568643172582 61.2802803516388 70.0753778219223 81.9501578807831 78.3971647421519 70.8594222863515 31.5202623605728 31.9211483001709 32.5228075186412 38.7000689903895 50.5715658267339 58.0327759186427 30.6980982422829 24.4865864515305 29.2052601774534 65.640131632487 61.5201493104299 48.4242588281631 39.0102614959081 32.8719069560369
51.5919029712677 59.0877731641134 62.7113083998362 65.6296064456304 65.6531353791555 62.3782227436701 71.5953757365545 75.1940409342448 76.2395362059275 81.2564045190811 83.610991636912 83.0341031153997 82.401767373085 80.841730038325 81.9927056630452 78.2992343107859 75.6142636140188 79.1701078414917 80.775111913681 82.7546268701553 83.9516719182332 79.8547665278117 77.5116930405299 70.3822125991185 69.7605510552724 68.8295215368271 64.71353272597 56.5417905648549 56.2511384487152 59.9802831808726 57.0182601610819 56.3815931479136 73.8349854946136 83.1192185481389 66.7051374912262 56.2994529803594 37.0216419299444 17.5060853362083 8.11867415904999 17.4894357721011 16.9698198636373 52.3723661899567 59.9204301834106 49.1095433632533 36.8396689494451 38.5674784580866 52.714948852857 57.2510858376821 54.6346108118693 47.9254325230916 41.5083294113477
42.0884390672048 56.6088606913885 60.662180185318 63.7616167465846 66.7829662561417 62.9269083340963 66.8639441331228 74.8436351617177 85.822065671285 87.1703922748566 82.3365350564321 79.7014931837718 81.9173157215118 81.2958478927612 81.4658403396606 78.726847966512 75.211356083552 77.6943216721217 76.7040650049845 74.4507958491643 75.1563211282094 75.5258699258168 73.8503038883209 72.7517356475194 72.8470881779989 76.8771022558212 86.5794519583384 87.4529480934143 73.5362470149994 67.3615435759227 60.9650810559591 52.8110166390737 68.4204399585724 60.9126289685567 27.6179512341817 19.9767276644707 18.9446645478408 12.3219986756643 2.57566167662541 0.43512504392614 0 18.4103548526764 55.4822285970052 75.5731761455536 81.830620765686 76.050932208697 74.2980092763901 75.0220318635305 74.3902424971263 63.2572571436564 52.3705581823985
44.0065761407216 54.065153002739 61.2134834130605 63.7550204992294 65.2779241402944 65.5480921268463 59.8581830660502 69.6238825718562 90.0585850079854 88.9084835847219 80.7676961024602 77.1507670482 79.7924846410751 83.3210696776708 82.4565241734187 79.3180962403615 77.993114789327 75.50082107385 68.9737151066462 61.9071622689565 62.7649277448654 66.1952197551727 66.1891599496206 70.9965924421946 71.9828208287557 77.0093500614166 93.0350720882416 99.0381936232249 84.4587484995524 71.9205935796102 56.6243330637614 45.9802895784378 49.8613019784292 47.9387938976288 25.628333290418 15.3607291479905 16.4840035140514 23.0958238244057 15.3420542677244 4.14016594489415 0.0115858783829026 5.74750391145547 27.9653618733088 58.6085220177968 62.4854962031047 58.968260884285 67.1021540959676 69.1106567780177 64.9281591176987 58.3997468153636 59.7495486338933
55.6671172380447 58.8140338659286 61.2164090077082 57.8498740990957 51.9209305445353 49.1057733694712 57.0410192012787 62.4565134445826 72.3401059707006 68.6607360839844 65.9557779630025 70.4026520252228 78.4411728382111 80.6184113025665 76.4889866113663 78.2189617554347 78.4970670938492 72.6375977198283 64.6657447020213 59.0192526578903 58.6168666680654 59.6848130226135 63.4738852580388 66.4730966091156 67.3569987217585 71.8055566151937 84.5121840635936 92.8855737050374 80.0106674432755 64.1480634609858 55.202305316925 42.3642794291178 36.6763199369113 51.4016151428223 47.3682979742686 24.4993070761363 24.5602379242579 56.2008569637934 54.1748205820719 37.6818974812826 11.027085284392 7.41465451816718 17.3746484021346 25.6176466743151 24.2084711790085 26.192732155323 32.7617277701696 39.3274674812953 45.9779699643453 51.024263103803 74.5760897795359
67.3238684733709 64.0239069859187 60.1699948310852 53.1079471111298 42.9539283116659 36.9049708048503 46.6706454753876 46.9073901573817 37.0580603679021 36.4877929290136 47.3402887582779 60.145378112793 66.3899530967077 70.6754525502523 73.8752832015355 84.4551026821136 87.0022674401601 78.116312623024 69.4698343674342 65.8866117397944 62.5753402709961 62.4727507432302 63.7823641300201 64.2527590195338 63.6730988820394 66.1734292904536 73.8506615161896 77.1378378073374 71.5637356042862 51.1869688828786 54.6748737494151 44.5523609717687 40.1757607857386 60.2314621210098 66.3547416528066 54.1056344906489 44.3506340185801 34.3106438716253 41.8261736631393 43.4413651625315 31.2112246950467 16.9847880800565 17.0109743873278 17.512542506059 11.3996490836143 12.4085880815983 21.3317995270093 23.7104271848996 24.9740307529767 51.856517791748 101.727803548177
70.1498488585154 63.3893460035324 58.418129881223 54.6200970808665 47.3727683226267 41.3219481706619 36.8926723798116 32.6076845328013 15.732208887736 23.8374099135399 40.4184112946192 54.5044988393784 54.5638600985209 62.5865459442139 76.2990315755208 92.7896996339162 98.2728600502014 90.7515982786814 82.2689235210419 78.0771424372991 72.7169215679169 70.4793284336726 67.9513762394587 65.5442029237747 62.6130650440852 65.5040641625722 64.1403694947561 63.8260145982107 61.2749059995015 43.655589222908 42.6837255557378 42.4817899862925 38.6202782392502 63.1296982367833 83.0174783865611 86.2271189689636 60.4005555311839 22.1156924962997 18.2533524930477 24.4654615720113 31.2017872929573 22.3292882243792 26.6005173325539 22.597000002861 16.349500666062 10.8467750251293 17.9724531869094 30.8703978856405 38.6557579040527 66.973199446996 134.608427683512
72.7462371190389 67.2893822193146 65.8918966849645 67.018856604894 63.6188040177027 57.2318434715271 52.0113259553909 52.3611058791478 51.1490007241567 56.8494300047557 65.2070393164953 71.268767118454 71.541835864385 66.4391269286474 76.9692013661067 93.6037202676137 103.870968023936 103.73467206955 96.3133176167806 86.4186783631643 80.0939251979192 75.2444962660472 73.8169600566228 72.3635752995809 63.4894172350566 58.5284431775411 55.1055769125621 55.6099315484365 53.3263583978017 51.0873645544052 33.006618420283 31.9635098179181 21.6316059231758 50.266573826472 90.5524293581645 100.406547387441 67.3704544703166 30.7164614399274 12.1278700729211 12.2685755292575 15.8002761503061 12.5861105819543 25.3141646583875 40.0655393799146 41.2993679443995 28.4608950217565 28.3739765485128 44.8503792285919 72.763870159785 120.300779740016 153.600613276164
73.5736986001333 70.7876930634181 70.9670682748159 72.3323424657186 71.7620601256688 68.0163552363714 67.6861902077993 75.7758220036824 92.7319228649139 88.6225004990896 79.4606457153956 80.6738833586375 86.8427852789561 73.808416724205 75.4451602697372 84.0664108594259 93.5146113236745 100.029071172078 100.542565186818 93.5665965080261 87.664783000946 81.2411407629649 75.9540895620982 74.9688297510147 67.2207524379094 52.9270867506663 47.1909393866857 45.7314252853394 46.1517423391342 36.1876140038172 19.3213100234667 17.1170271933079 11.9477510452271 11.9096773366133 87.2750778992971 101.786782344182 81.9384555021922 69.8509514331818 37.230484187603 7.41017299393813 1.72882511590918 0 14.0920641521613 44.7208285331726 51.8691341082255 41.89100364844 40.5547296007474 65.703292687734 126.058359940847 172.312458356222 164.809703826904
72.6860215266546 69.200540582339 63.3898079395294 58.4790805975596 58.6893657843272 61.0278298457464 61.0522131125132 73.686013619105 84.5308502515157 79.9396435419718 69.8461433251699 69.6627597014109 80.4556210835775 75.848529736201 72.1189578374227 71.5617189804713 71.7641413211823 78.6854525407155 89.250107606252 93.798299630483 89.4789795080821 83.2156091928482 76.3809184233348 70.278192559878 60.0180923938751 54.9654165903727 40.0714799761772 35.1520925760269 41.3841481010119 37.2913132111231 19.2225451270739 13.3205304543177 5.61673815051715 0 8.06135994692644 91.8450653553009 98.5141297181447 110.234399636587 91.8871462345123 40.4723932345708 6.35403022170067 0.117904778259496 6.26987777650356 35.1887866854668 57.8729410966237 79.0163924296697 101.401706536611 154.355237881343 196.373522281647 206.595818201701 190.795222918193
74.9597003062566 72.8202263514201 66.6400293509165 59.5492422580719 57.9521209001541 60.944656531016 52.8549402952194 50.8752167224884 50.3543267647425 48.2322027285894 41.6869620482127 38.9017313718796 44.1364049911499 61.8790785471598 69.0605243047078 64.8585110902786 53.5090118646622 48.4568178653717 59.8527838786443 82.088644305865 83.4061801433563 77.4960915247599 70.9116359551748 64.8135791222254 59.7923398017883 54.7440598408381 43.9461867014567 25.5378186702728 33.6672117312749 46.6365317503611 31.1974535385768 18.1378784279029 8.89469062288602 0 0 71.860283613205 111.898521582286 126.539379358292 113.270958264669 83.494633436203 49.1923391819 16.6057472427686 13.9355833331744 33.9766666293144 68.8058535257975 134.944548209508 177.128573258718 208.810210227966 217.670798301697 216.98272228241 207.272072633108
76.7459472020467 76.6400794188182 73.9380021890004 70.2066818873088 68.2509988546371 67.4781401952108 51.4131685098012 36.3669594128927 36.920078098774 39.2346978187561 36.3309135039647 33.4455495079358 34.7816546758016 57.8702241182327 72.3066627979279 62.9730820655823 40.3855293989182 28.9721141258876 32.9954251646996 51.2549678484599 61.092476050059 64.1529858112335 65.0364408890406 59.4113369782766 50.1889934142431 46.1231917142868 35.3352675835292 12.1472142636776 25.8911897738775 50.101766983668 59.258093436559 52.3074418306351 31.7409783601761 0.662359253813823 0 48.8097021977107 105.9863169988 113.816867272059 93.9330160617828 90.9583270549774 97.1668660640717 82.5336078802745 59.5882385969162 75.615182518959 130.821098883947 177.021622657776 200.463573137919 211.744507153829 213.463962078094 211.12992366155 206.210891405741
