input/barkrak2/radiation/dir35124.grid
NCOLS 85 
NROWS 70 
XLLCORNER 665100 
YLLCORNER 4664600 
CELLSIZE 20 
NODATA_value -9999 
[rows 0 to 23 of 70, columns 0 to 51 of 85]
40.955993036429099 52.9701809088389 63.7468794981639 76.4747361342112 83.264301220576 83.3037048578262 90.8986628055573 91.9450620810191 96.4838961760203 104.333301385244 118.350128332774 114.62672551473 110.379666090012 111.050566037496 111.107170581818 98.8036294778188 85.9034856160482 77.3804436127345 75.7980346679688 76.4012336730957 84.3005975087484 100.748002529144 114.723036686579 118.473072846731 121.522724628448 129.418432712555 126.380622386932 120.58562040329 117.378572622935 122.262537479401 119.010100762049 140.224476655324 168.810983498891 164.033571879069 160.717169443766 155.578990777334 160.884728034337 166.015416383743 160.687287648519 162.488083044688 159.763365983963 167.633692423503 173.513094584147 165.719012419383 156.498988469442 165.695856014887 175.022959709167 131.892114877701 89.1962250073751 85.5328440666199 105.773905913035 144.850383202235
26.5246083339055 37.3975162704786 44.3814694881439 51.6566336154938 64.0291074911753 69.7956184546153 74.2356876532237 80.6911538044612 87.5613192717234 90.0450944900513 94.8337515195211 99.2980897426605 111.040681600571 111.062894264857 111.145665248235 100.975314776103 92.0323034127553 84.4750006993612 79.4502347707748 79.3195068836212 91.7273859182994 112.832566102346 125.919759273529 125.404934088389 127.841770648956 132.020324468613 129.433880249659 123.397906621297 119.869182507197 120.374540487925 126.757015784581 148.054520289103 168.203473091125 164.089014132818 159.248451391856 155.995706717173 163.013279438019 166.978458563487 159.556925296783 159.861991802851 158.92360607783 162.311653296153 158.492743968964 148.297597964605 144.82182264328 158.225168784459 159.026324748993 123.848666747411 96.4559316635132 105.742146571477 132.484416166941 163.666705290476
9.05782356858253 12.2957602143288 17.6554049054782 23.2272843519847 28.9511432250341 32.0611049731572 41.6796108086904 54.4153402249018 67.8814500570297 72.2618649403254 82.411860426267 80.8183600505193 90.8904771010081 93.1116143862406 95.1939423878988 101.729849974314 98.1675485769908 92.0887490113576 77.475239833196 72.0831155776978 84.878941377004 100.783973932266 116.060435771942 121.07331554095 123.443106810252 124.216655890147 126.879165569941 122.389227151871 121.11359834671 125.054766734441 135.319660107295 157.689730326335 168.157855669657 162.704974412918 158.597737550735 158.439000447591 165.205428997676 167.150616645813 161.403546730677 154.932469129562 153.94256512324 147.81254529953 138.058483600616 130.678991476695 132.282634576162 145.333230495453 143.462995688121 117.68768231074 111.093699932098 132.256845633189 155.260195334752 174.102147420247
3.37056070566177 3.66123827795188 5.13425469398499 6.34113078316053 3.69638918588559 10.5981106559436 15.8575897415479 24.791290362676 36.9711841146151 45.7674165566762 55.1484723885854 65.794254342715 78.0695378780365 80.4131329059601 84.9427084128062 88.0700647830963 88.3117814858754 85.1211150487264 73.3568519353867 74.0072180827459 74.8833666245143 79.4481039047241 89.5387927691142 100.670794645945 105.727096398671 107.284506162008 115.389327208201 115.886211395264 121.846854686737 129.034558931986 134.637693564097 145.507792631785 147.016098101934 147.728065649668 156.447092692057 158.898562192917 161.103616158168 161.73130273819 152.764062086741 143.728941679001 140.019466479619 135.010063648224 133.795291185379 142.354279756546 147.018859783808 139.48866724968 129.494468371073 115.178366502126 120.116978883743 134.128113587697 153.468896945318 170.475780963898
10.0289396941662 3.95147502422333 1.00557676826914 0 0 2.19040038064122 8.54280404746532 15.2512962619464 19.49542760849 22.8387266397476 31.5556923548381 46.3836441437403 54.8838873704275 59.5940003792445 64.3816292285919 70.7464615503947 71.3077088197072 74.2175281047821 69.847971200943 71.3572800159454 70.532018939654 73.0330248673757 83.4068258603414 90.1320079962413 97.1868832906087 103.266855080922 106.727172931035 111.701955397924 118.502547343572 122.035712003708 126.111149787903 141.256411870321 135.540962219238 138.76935839653 140.160779158274 139.410763978958 136.158883571625 144.178420305252 138.836334149043 131.420473257701 131.149560213089 132.18292593956 139.985928932826 147.912154595057 147.680203119914 128.584702809652 107.038428386052 105.439494053523 113.86102437973 130.361646413803 157.072206338247 172.470271587372
31.9015334049861 16.6857900718848 5.57287906606992 0.0966308774271359 0 0.749658637990554 3.26806399971247 9.73941509922346 14.2740247150262 14.6761909127235 18.545621385177 22.4807138244311 27.7856762210528 33.544917901357 39.5409117142359 49.6531923611959 53.1954417626063 60.971995194753 67.6444222529729 70.97394267718 77.3515552282333 80.4853687683741 82.8894227743149 84.7360094388326 92.7087167898814 96.7951615651449 101.630349953969 108.764499425888 113.089780012767 118.62591902415 127.819369236628 137.802580992381 129.098951816559 131.492803494136 131.319423516591 129.755069812139 127.480338017146 123.981018861135 118.69274576505 131.397108236949 132.921506961187 132.589757442474 134.743561347326 137.342770894368 132.270356019338 108.65596930186 85.6663584709167 93.9610997835795 110.400398572286 140.461365381877 161.8705590566 168.614983558655
48.3142932256063 30.364083747069 18.0502459406853 8.11434288819631 1.79531456281741 0.752368398631612 0.657525146380067 6.37278581658999 10.4500452677409 15.4938884079456 15.7709307968616 15.3321499625842 15.1918282111486 15.5422116319338 17.7869324882825 26.1633147795995 32.518282532692 45.8973546822866 59.8944971958796 70.0161208709081 79.1861861944199 84.1312309106191 83.3223164081573 82.791805267334 88.87779712677 90.1581645011902 97.0357060432434 103.042125701904 106.491357088089 113.580693801244 127.082149187724 127.598504225413 116.659164428711 117.269118626912 116.983085870743 118.883669376373 119.937519232432 114.5880818367 111.276924610138 106.826335191727 105.64778248469 115.2416964372 122.856030861537 129.484881957372 128.104815880458 125.602106253306 130.356331666311 134.912858406703 142.837335666021 152.052382628123 156.231433153152 154.287020365397
58.3439568678538 45.7216997941335 31.7334582408269 19.434567540884 10.0440345704556 2.78279030074676 0.356655955935518 0 5.38414344191551 12.3139731585979 17.7834170560042 18.3849868675073 16.7671417196592 15.0055314103762 11.7555446922779 14.1454748809338 20.5238039294879 30.3557241956393 44.5725272099177 55.1900664965312 65.8441732327143 75.2426932255427 83.6774309476217 82.4029346307119 83.2306444644928 85.406372944514 88.1680548191071 90.7591382662455 93.782385190328 106.38020435969 112.44942744573 114.926765362422 108.622282743454 105.244865020116 100.964923699697 104.866186777751 108.283420403798 108.437061309814 107.140252987544 94.8564807573954 89.0925625960032 93.6524271965027 118.25704574585 129.089037577311 133.289714654287 138.737916946411 146.732787291209 147.603531678518 153.778632481893 152.466714382172 146.268447240194 146.21639251709
55.2762101093928 45.4868823289871 35.2098668615023 23.5038499037425 17.9472627739112 10.4349789520105 2.1373334651192 0.181131433540334 3.57484227667252 7.96618560949961 12.161078552405 15.997846921285 22.2049380342166 22.9500507315 19.009077300628 17.4770380059878 17.5352158645789 19.8595548669497 27.027502655983 36.9214365879695 47.318642338117 58.5337181886037 68.2459970315297 69.742610057195 72.5571612517039 74.3620644013087 77.4896840254466 77.9024759928385 82.071249683698 86.0163470109304 86.2919390201569 90.4344220956167 92.8897658983866 92.5658643245697 95.0626134872437 97.7361102898916 97.8823602199554 101.32775704066 103.755434354146 98.9335278669993 100.070923566818 105.498294035594 107.897818088531 110.649784406026 120.788395404816 127.415329217911 128.995150327682 138.464589913686 145.218034585317 140.839954217275 133.19476445516 134.950131177902
36.3679528236389 30.3435102105141 25.690662364165 21.0084468126297 16.027856618166 8.33812231818835 6.06379782160123 6.66983736058076 3.77069382617871 1.3738536896805 3.37123312056065 11.0090387364229 20.5052693684896 27.8806760907173 31.217947602272 30.1462238033613 23.8309229413668 22.4923267960548 22.2695743044217 24.0732878446579 29.2846510807673 35.1847484707832 41.9507523377736 50.2218703428904 57.7249228954315 60.3146453698476 62.8775407870611 65.7178064187368 65.2477492888768 67.0871982971827 69.6811974048615 67.7980730930964 71.3225354750951 74.847012758255 85.6446921825409 89.583416779836 88.1810386975606 94.8834419250488 101.801693439484 108.025292555491 109.536190827688 111.257841189702 109.595686197281 109.896043936412 107.340017954508 113.373418649038 134.080191453298 138.523628314336 138.413767019908 139.737129211426 140.928794940313 136.101295550664
5.05220703780651 1.28160254098475 0 0 0 0 1.08019487621884 7.60440217951934 7.46604179342588 3.9837093402942 1.7262400748829 0 11.7686204612255 23.7479507923126 32.4154670039813 29.5945679148038 27.9799352089564 24.8673309882482 22.4560250838598 19.948985427618 20.6135076781114 21.9238350788752 25.4027917981148 34.6846133470535 44.219434261322 49.6382017930349 52.2477477788925 52.9631823301315 58.2156081994375 59.6072475115458 58.0058147509893 60.3992094596227 59.8811010519663 58.0909748872121 55.6886990865072 66.7289247115453 85.0017269452413 87.2991383075714 96.242368221283 109.593709309896 110.247472922007 109.221408764521 105.45692841212 102.528671423594 104.322771231333 107.89089401563 112.026890118917 111.46738131841 127.651542425156 137.058754762014 136.100550492605 134.310007095337
0 0 0 0 0 0 0 0.399136062090596 9.59529106815656 9.05839974681536 4.92398999631405 1.49323511868715 2.55735047782461 10.5705795188745 21.6658860445023 25.4008074601491 30.2524715662003 30.4575835665067 25.5199546615283 20.884762207667 18.1151057283084 17.4919491012891 18.6004017790159 23.6306215325991 30.0125802556674 35.3259394566218 38.4374583760897 41.9011265039444 44.3667471408844 47.9875653982162 48.0157832304637 47.8532612323761 45.6263025601705 48.1016039848328 45.521487792333 44.7878787914912 49.2409020662308 64.5970503489176 88.3452296257019 99.5968580245972 101.468404134115 100.227137406667 95.0049857298533 91.1719302336375 93.402365843455 94.1971838474274 94.2220985889435 98.0140467484792 100.076973438263 103.545099496841 125.516176223755 127.598951260249
0 0 0 0 0 0 0 0 2.51968251541257 11.8261550863584 12.1277458965778 7.89623086651166 1.16285914555192 0 8.22074090441068 20.437562217315 28.5124331712723 32.2168817122777 30.9646526972453 27.4694164594014 22.9103739062945 23.7342516581217 24.0541050831477 24.5865484078725 26.9562428196271 27.7166664600372 30.5262034138044 36.9629388054212 37.8910973668098 37.4889820814133 40.8924942215284 40.3862992922465 36.5147838989894 33.8230257232984 32.8603237867355 35.2794056137403 33.4780017534892 32.88251409928 36.8270948529243 48.2783913612366 62.4093612035116 73.5883464415868 75.8306036392848 83.3534797032674 84.8445097605387 84.3899150689443 82.4809968471527 81.1296949783961 84.363728761673 85.7540170351664 89.2047882080078 92.5041238466899
0 0 0 0 0 0 0 0 0 4.3990770354867 14.3760641415914 17.6077149808407 14.7007356087367 7.97051563858986 6.53465216358503 16.8977143863837 25.3360296289126 34.406748910745 38.8534118731817 38.55066994826 31.9954132040342 32.0017163952192 30.900813639164 31.1481828490893 32.8168794512749 32.4154247840246 33.7750787536303 38.927860558033 39.8611674706141 33.9171215891838 33.7821443875631 36.9189580281576 33.6643581589063 30.0381431976954 27.8788258632024 26.1952380339305 22.3795076211294 20.1790990928809 19.487164914608 16.0334234436353 23.5637749234835 34.2660422126452 36.2915843725204 44.3837891022364 50.893301765124 66.3484384616216 67.0893341302872 65.2281890312831 64.0351275602977 64.3663108348846 66.0513937473297 73.3309984207153
0.236723960066835 0 0 0 0 0 0 0 0 0 10.3034439186255 26.0033309459686 32.1865330139796 26.742068429788 16.8214005728563 15.8476332823435 18.6071321368217 27.1368076403936 37.4558418989182 45.8268572886785 45.6580171982447 42.5272136926651 41.6489318013191 38.0228211482366 38.674441476663 38.5566825668017 39.1189853350321 39.6360283096631 40.4445181290309 35.2126310269038 31.9752991199493 31.6270142793655 27.0567834377289 26.6671925783157 25.1276269555092 21.2714821100235 17.1075786153475 13.9919320742289 12.9436726371447 10.1948399096727 6.75467836360137 5.38452963034312 14.2893182734648 25.3565435608228 33.0746447046598 38.9760086933772 48.6849894126256 56.1602016290029 54.9204250176748 51.5336245298386 55.4244021574656 59.4274401664734
0.818841314564149 0 0 0 0 0 0 0 0 0 2.85926181823015 21.0522090395292 32.9509824514389 39.0419761339823 32.7160060405731 18.8056528568268 14.1622920831045 15.5099555850029 25.2946391701698 40.9755855798721 50.494705637296 48.6875673135122 50.073837240537 46.4610954125722 43.7525014082591 45.2586611111959 45.6707278887431 42.8877770900726 40.3953318794568 41.6024401783943 35.1873164375623 30.8529064059258 26.4768153429031 20.5867551267147 16.9885829091072 13.9017676313718 10.9777289132277 7.1573331952095 6.1279870569706 4.51459052662055 2.78157958139976 1.26474389495949 1.68398628011346 3.71173862367868 15.5914202332497 28.9655004938443 35.5681429306666 41.2429720163345 44.9961672226588 46.3848660389582 47.9869246482849 53.4597883621852
0.417770623850326 0 0 0 0 0 0 0 0 0 0.216665541908393 13.5223157703876 29.3788438042005 40.9477278590202 41.2510633468628 33.5029015938441 30.1104138294856 23.3864883581797 19.0682609875997 24.8715033133825 40.7787412405014 52.3907045523326 54.9492239952087 54.065927863121 49.2144674062729 50.0184198220571 52.2062530120214 50.9960353374481 48.8263120253881 45.9458331267039 37.7774958809217 32.6921418309212 25.5802695949872 18.8494486113389 13.83109887441 10.3457656999429 7.5673001507918 4.71563326815764 3.09867846469084 1.79023295640945 0.196692805426816 0.0132076371907412 0 0 2.63207436849674 10.7926987111568 20.9603756666183 24.4932025671005 28.0142078797023 35.1729343334834 42.0785446961721 47.9122499624888
0.0963876470147322 0 0 0 0 0 0 0 0.202940544113517 0.280434149317443 0.289919902570546 8.48092262943586 16.6787430644035 29.5165032148361 40.7806187868118 47.8524267673492 48.0488191048304 39.4740228851636 28.3871640761693 20.598662396272 27.2901604572932 43.7476585308711 50.4792332649231 53.9705057938894 56.3213477532069 58.5518181324005 60.0361128648122 60.641293724378 58.3899815877279 51.9216159979502 43.1734969218572 33.2295894622803 26.0599553585052 18.9100367327531 12.2447696824869 10.0557344655196 5.63285810252031 2.38794181495905 0.579819393654664 0.0900013837963343 0.00111602942827934 0 0 0 0 0 7.98455874125163 9.77157428860664 15.0454168518384 19.9064612388611 25.7210433483124 32.7381292978923
0.108795657676334 0.111202874298518 0 0 0 0 0 0.461289891973138 1.01407857922216 4.65385181208452 9.71409864723682 11.4857628941536 14.0022970736027 22.0453540484111 31.976488729318 42.6188508669535 45.9398577610652 47.9773332675298 45.886625846227 34.8125820358594 23.8627245028814 32.4650059143702 39.5423223574956 49.0103761355082 57.5938522815704 63.6011064052582 64.8294985294342 64.2842551072439 57.4034204085668 56.035707394282 45.1946755250295 34.3608905871709 23.4473074475924 16.916211694479 9.44733992218971 4.90482337772846 1.8717289591829 0.521933465885619 0.0224587395981265 0 0 0 0 0 0 0 0 1.34314658741156 5.61864549914996 9.31668654084206 10.3529778619607 15.3355412185192
0.0732379800562436 0 0 0 0 0 0.00438844593494044 0.968126114457846 1.67611862222354 1.9293325021863 2.15572863817215 5.10851945728064 8.95109089712302 12.150747080644 21.0122093558311 33.0507010221481 41.3738886515299 43.8632120688756 48.2821265856425 47.6391911506653 40.6985233227412 32.2486013174057 34.9324221412341 41.8722927570343 50.2813160419464 57.4487249056498 63.3119195699692 65.3840402762095 57.7248930931091 49.4532287120819 44.6700354417165 35.0277374188105 23.0270499984423 15.5688412487507 7.94244992236296 3.04688823719819 0.526146031916142 0 0 0 0 0 0 0 0 0 0 0 0 0 1.48934777826071 1.53557180116574
0.706454661364357 0 0 0 0 0 0 0.870965421199799 1.5827363046507 1.62886036559939 1.19697752719124 1.05286156758666 2.18511869510015 3.73806556065877 9.47287678718567 18.7373335162799 26.9368911782901 32.8496669729551 40.2152488629023 50.9277482827504 55.5696686108907 47.2645262877146 45.2715257803599 48.2190002997716 49.8840312163035 51.4955222606659 54.4672608375549 59.7222944100698 54.5320113499959 43.992355465889 33.7650179862976 24.9512692292531 15.8826932311058 8.27904666463534 1.79904575149218 0 0 0 0 0 0 0 0 0 0 0 0 0 0 0 0 0
7.26943214734395 2.4275304749608 0 0 0 0 0.297558862560739 1.88643578439951 2.85733180741469 1.80572007472316 1.66865593443314 0.929910068710645 0.297050360434999 0.0713360350346193 3.18815155575673 11.8675294021765 20.9174181024234 27.4221077561378 34.5899115006129 45.5087771018346 51.2487391630808 60.9578440586726 64.9540821711222 64.2881294091543 58.5632075866063 51.7228941122691 46.5795497099558 42.1243558327357 51.0523170232773 39.3776819109917 23.1089020768801 13.4724838038286 5.85307988027732 0.435597263276577 0 0 0 0 0 0 0 0 0 0 0 0 0 0 0 0 0 0
29.8382565379143 24.125965933005 6.42084951202075 0.657623633742332 0 0.0286656189321851 2.91594304144382 3.43958257387082 2.80537797758977 2.15927169968685 1.71361304819584 3.12680875261625 5.99893306692441 4.61779534816742 5.27024765809377 9.19257414837678 17.4713730812073 24.5478625098864 29.0234436591466 31.5048818786939 34.7866962353388 47.3751823107402 56.8751692771912 60.8265598615011 59.5841805140177 53.9790044228236 47.4511682987213 41.7266190052032 35.0397676229477 28.1654645999273 12.422622491916 2.91167851537466 0 0 0 0 0 0 0 0 0 0 0 0 0 0 0 0 0 0 0 0
57.1917593479156 47.4048356215159 18.9775303006172 3.5853311419487 0.0409227068303153 7.00123670200507 4.48746047914028 3.40705271810293 2.82756052911282 2.03445771088203 2.75734346359968 1.89750998591383 9.04802978038788 11.74645870924 9.65482369065285 10.0604854524136 15.4439049462477 22.7074647943179 27.0482550064723 21.4141011238098 20.2689369519552 23.5704705119133 33.8729868332545 42.7389989296595 48.2177038987478 47.9975491762161 42.6281144221624 37.0467255512873 17.002393802007 7.65685675044854 4.3046980475386 0.700215809047222 0 0 0 0 0 0 0 0 0 0 0 0 0 0 0 0 0 0 0 0
