input/barkrak2/radiation/dir30724.grid
NCOLS 85 
NROWS 70 
XLLCORNER 665100 
YLLCORNER 4664600 
CELLSIZE 20 
NODATA_value -9999 
[rows 44 to 65 of 70, columns 0 to 49 of 85]
82.7536731958389 88.8494153817495 92.1624302864075 93.0690864721934 94.7600801785787 97.5194871425629 97.5996553897858 93.7460958957672 88.6916120847066 84.0966900189718 85.5630437533061 83.4404726823171 79.8769394556681 78.7617117166519 77.8806110223134 77.9222945372264 74.5329558849335 80.9581528107325 82.8569084405899 80.3293883800507 75.734868645668 73.602224389712 72.796160976092 73.5114018122355 70.7932710647583 79.3171177307765 82.2149763504664 79.4675449530284 79.1919231414795 77.1540701389313 73.2339471578598 70.3411102294922 77.5971114635468 82.1129182974498 88.8249377409617 91.3361410299937 97.377598285675 105.580667654673 109.378894170125 100.762685139974 97.1269011497498 91.8477574984233 88.265468676885 67.5254116455714 34.5165655016899 0.264084859130283 0 0 0 0
89.4708236058553 94.1573977470398 91.3148919741313 95.0142939885457 93.5664971669515 93.4648811817169 95.2851672967275 93.6030646165212 95.1426823933919 90.1511013507843 88.9068941275279 87.907334168752 82.8635692596436 78.4550408522288 77.2436459859212 80.8689693609874 76.1654078960419 79.3689489364624 82.785298426946 81.1278273661931 78.9890686670939 77.1904488404592 76.1428674062093 78.34492623806 78.3478667338689 78.0965387821198 84.2261910438538 83.5822323958079 81.5221865971883 79.4947395722071 74.7260649998983 71.5240637461344 74.0523586670558 73.4792699416478 74.0172614653905 76.9761949777603 84.972341855367 98.3736515045166 98.999281724294 86.0437552134196 87.825338045756 82.4507176876068 81.2970151503881 78.2900899648666 59.083749850591 25.3710821270943 0 0 0 0
89.0954534212748 90.9556349118551 93.6212340990702 95.9054132302602 95.4317847887675 95.2453811963399 97.3768532276154 99.4588037331899 95.5842236677806 93.8679178555806 93.0691460768382 91.9273098309835 87.7789556980133 84.9302113056183 84.4145615895589 87.7526899178823 85.3504737218221 79.4515212376912 84.7895344098409 83.4692815939585 80.3665320078532 80.83709081014 80.1596144835154 77.5261421998342 83.9429199695587 78.6828349033992 78.4238030513128 80.3307294845581 80.2711347738902 81.0360660155614 78.8823366165161 74.9422709147135 73.6572047074636 74.1556088129679 75.6835043430328 76.9527604182561 79.2402724424998 87.5086784362793 89.1075332959493 86.5216354529063 85.8136812845866 78.8441747426987 84.4957232475281 91.7859474817912 81.0543696085612 51.0038981835047 11.8577952186267 0 0 0
82.9876512289047 85.1066708564758 91.3006365299225 93.0487116177877 96.8953669071198 98.2200105985006 96.1377819379171 96.0546930631002 96.2161223093669 98.6243883768717 95.2178835868835 91.754416624705 89.906503756841 89.7219081719716 88.2760485013326 86.7322683334351 85.8195126056671 76.8715143203735 81.1813026666641 82.8721672296524 80.292080839475 80.609863003095 83.7676326433818 77.4058798948924 79.1825453440348 78.9033273855845 72.9724019765854 77.6847749948502 79.4542133808136 78.1164864699046 81.1140686273575 79.5660962661107 74.2056518793106 77.551394701004 88.4030858675639 92.6596323649089 87.8306925296783 83.0125113328298 87.0692829291026 98.5715687274933 90.2109642823537 80.7396670182546 87.8803233305613 94.6469108263652 86.8380169073741 68.1680937608083 32.7498440941175 3.72065448512634 0 0
75.5150616168976 78.6127001047134 84.5565398534139 88.4697337945302 95.0621664524078 98.9131132761637 95.3911344210307 93.5313204924266 97.296933333079 99.8371640841166 98.0277856190999 93.6122636000315 91.8363332748413 93.1401451428731 90.2625819047292 84.6749842166901 83.9067896207174 77.948123216629 81.6064377625783 85.538923740387 84.4665964444478 84.242324034373 86.1562192440033 82.8481217225393 80.4017384847005 83.0053190390269 78.0776739120483 81.4974059661229 87.3220860958099 89.6047155062358 93.3019916216532 94.8497653007507 85.0460827350616 87.2410635153453 95.8551466464996 104.117254416148 102.448950211207 90.7371838887533 90.0249381860097 95.4694946606954 88.8568758964539 79.4406036535899 77.0586729049683 76.9975831111272 75.4138628641764 72.8852599859238 63.5751833518346 13.7077147761981 0.764354132115841 0
74.6182749668757 72.0263173182805 76.1832147836685 84.8207771778107 91.197947661082 94.5211549599965 97.1531768639882 99.8907387256622 101.197083791097 97.3669489224752 99.1718570391337 99.4099179903666 96.2749620278676 93.9527451992035 91.9236242771149 87.2126122315725 84.6902032693227 82.6861212650935 85.9290957450867 90.4859205087026 92.0252005259196 91.9094880421956 88.9252722263336 90.2548531691233 84.2436552047729 87.5678261121114 88.5517696539561 89.8001889387767 97.4926253159841 103.841066360474 109.018117189407 109.82871055603 103.181699911753 96.1187481880188 92.5150712331136 101.916631062826 107.202619314194 102.623909711838 92.3736492792765 85.0052833557129 78.2741159200668 79.0930191675822 77.4691800276438 72.7903693914413 69.1250711679459 71.1777905623118 69.0848330656687 22.3432083924611 1.62855070084333 0.0265922305212977
75.0510394573212 78.461617231369 82.0216884215673 88.7126127878825 89.243620634079 89.8399551709493 98.3258287111918 103.461345036825 103.026588757833 102.191338936488 102.1835009257 101.717501878738 98.239670197169 93.5399532318115 94.0936009089152 97.4328716595968 90.3378327687581 88.9506737391154 90.4140671094259 95.6137677033742 97.6738035678864 94.2301452159882 91.4775729179382 92.6725069681803 86.2164497375488 92.5865868727366 95.6057906150818 95.652441183726 102.1715203921 110.827664534251 116.555660963058 120.684325695038 110.444843769073 101.224382718404 87.3409410317739 91.8443500995636 100.977957248688 106.777489185333 96.5304374694824 79.3699324131012 72.7215061585108 81.3472171624501 82.9318066438039 79.4250319401423 72.8555768728256 70.167064666748 58.2195023695628 27.8206666310628 2.9837383578221 0
75.8727888266246 86.9277914365133 89.4972483317057 91.0941263039907 89.2965396245321 88.557908932368 96.2748924891154 101.900587479273 101.809541384379 106.686145067215 103.953222433726 102.84552971522 100.648065408071 95.5392519632975 94.9640572071075 102.158784866333 95.8850681781769 93.086451292038 90.7479524612427 92.9099718729655 93.3686196804047 91.1567111810048 91.7526682217916 88.4968241055806 85.3956341743469 88.0350172519684 92.9222702980042 93.0173297723134 95.735639333725 104.80343302091 111.995200316111 120.905766884486 113.105763991674 91.8690264225006 61.94735566775 39.0634387731552 65.5076603094737 91.7080442110697 101.044108470281 102.219035228093 97.4171161651611 89.607427517573 74.7867325941722 72.815328836441 78.8077215353648 73.3844339847565 51.0963747898738 42.5860981146495 9.19682160019875 6.99425584116398e-05
79.7536124785741 77.9146899779638 76.8021444479624 78.8768529891968 86.1615141232808 92.0307437578837 92.5305187702179 98.5495050748189 98.149836063385 103.310992320379 103.51159175237 105.17277320226 104.544262091319 99.1841554641724 97.3967214425405 95.9220627943675 97.7375706036886 90.8280511697133 86.3927106062571 84.3424697717031 84.8210553328196 87.2394939263662 87.9263083140055 82.5655162334442 83.7150315443675 82.2671403487523 83.0085029204686 83.3099583784739 83.8698049386342 87.7974728743235 92.1511252721151 103.363732496897 98.1064140796661 74.7992744048436 40.492907166481 23.8302101691564 24.9604731798172 46.3045636812846 74.6066023906072 99.7062226136525 107.174634933472 91.2751952807109 71.3556210199992 67.200834552447 74.4906812906265 61.6451750199 41.9675409793854 58.8469952344894 40.539729098479 11.8198121587435
82.5872421264648 72.3722279071808 69.8661655187607 75.1660019159317 87.0414773623149 96.3404277960459 95.6034461657206 96.7270533243815 99.6630688508352 99.7738738854726 102.038284142812 104.611734549205 106.193880240122 104.24131155014 99.1312265396118 96.4130858580271 98.840594291687 91.3147330284119 86.6492390632629 87.4234835306803 88.2096886634827 86.1115058263143 85.5046013991038 82.3272069295247 81.8715244531631 80.563098192215 79.639861981074 80.4427862167358 78.3906082312266 76.0289430618286 68.8481628894806 72.270855307579 73.9991962909698 59.256578485171 36.1950397491455 25.0237459937731 13.6041380465031 10.8899797002474 23.2148418823878 56.3578456640244 87.696095307668 81.9824685653051 71.7710256576538 55.8151106039683 51.9292304913203 47.0246771971385 40.3451199332873 67.6224728425344 78.2676537831624 56.3095559676488
82.8404327233632 77.0260989665985 74.7885306676229 79.9130201339722 89.4179344177246 98.1080234050751 101.059933503469 96.8892375628154 101.569722096125 99.9828378359477 103.703041871389 105.370740095774 106.662293275197 108.039806286494 102.340390284856 101.894785960515 102.080365022024 95.3155656655629 91.1725660165151 92.4830436706543 92.4641788005829 87.3881777127584 86.2514177958171 87.7336064974467 84.9095582962036 84.4788650671641 82.9105873902639 79.1984796524048 73.9711225032806 69.2372620105743 59.8470369974772 62.1939202149709 67.5960630178452 68.9207216103872 67.1181827783585 55.2222083012263 30.1889007290204 16.4453064401944 12.2623493274053 19.2966895798842 39.7833784421285 45.1378325621287 39.9393687645594 32.1232030789057 31.736766298612 38.7493843833605 53.2654970884323 60.1520240306854 73.6053138971329 79.4307142496109
86.278090874354 84.8711530367533 80.884446700414 79.3447643518448 85.2529009183248 97.0216393470764 99.0831255912781 97.0176259676615 99.0770558516185 103.890875975291 110.226611296336 111.068218946457 109.093149503072 109.520653883616 106.611539920171 105.2186191082 105.508714914322 102.384438117345 97.3443190256755 93.2162602742513 91.0308261712392 90.0798837343852 91.8754835923513 93.1522349516551 90.2267595132192 88.1650944550832 81.9760064284007 73.1397320826848 66.1232272783915 62.7996226151784 62.6709659894307 67.8376257419586 72.7434406677882 84.2929383118947 91.6631023089091 87.8344277540843 75.3290355205536 58.0969552199046 42.0720626910528 21.652027964592 25.7756908734639 49.004187186559 49.3944585323334 38.1362562378248 38.137232263883 54.3782512346903 77.7501513560613 72.7511743704478 67.7562703688939 74.8482545216878
88.9406502246857 88.4547034899394 87.2388084729512 83.3526849746704 84.2384000619252 93.7965909639994 97.1234440803528 97.1390207608541 96.9012081623077 106.481949488322 114.820102850596 113.498866558075 108.618001143138 111.019611358643 112.008730570475 105.590502421061 107.11004336675 103.900134563446 98.6554423967997 96.4610377947489 95.3615307807922 95.1840281486511 92.8807457288106 90.3199017047882 88.0062381426493 81.0853540897369 62.3046110073725 42.8163409233093 37.8997971614202 45.427347222964 59.9770992994308 64.3315613269806 70.8245684703191 78.5341411828995 89.5155668258667 101.974914471308 103.754182656606 84.7730040550232 84.8473608493805 52.6581903298696 28.0468290050824 50.5860646565755 66.3649042447408 66.9884284337362 66.7189210653305 81.6609958807627 109.956791003545 97.9326764742533 74.4420538345973 59.6673985322317
87.7636472384135 85.9059592088064 89.7781749566396 90.7928844292959 87.839146455129 90.3844833374023 97.0148344834646 97.9255537192027 97.9514320691427 106.088320414225 113.549133141836 111.890882253647 106.891522804896 110.238174597422 113.511701424917 103.010187546412 104.563901821772 103.594730297724 100.896557172139 100.919634103775 101.139754056931 100.350717703501 96.8802372614543 88.4451965490977 86.6590738296509 83.6527148882548 65.6440754731496 45.4925149679184 45.7704663276672 56.1351130406062 68.9776986837387 70.183793703715 81.6191832224528 91.9689436753591 101.437658071518 111.185640096664 90.0026758511861 45.012374718984 45.516237616539 56.3698957363764 58.3474983771642 72.2214877605438 77.2554626067479 57.501345872879 36.7173155148824 42.3538337151209 87.0412190755208 81.8102608124415 67.7463710308075 57.3077499866486
75.6204674641291 83.8154355684916 87.869534889857 90.7281438509623 90.518335501353 86.8803560733795 97.0699985822042 101.376275221507 101.792593797048 106.517692406972 109.549423058828 109.300384918849 108.424206574758 106.279641389847 107.82594482104 103.787322839101 99.8093883196513 103.104402621587 104.949156443278 105.994015932083 107.816984256109 103.158543507258 100.41203101476 92.2162234783173 91.5138125419617 91.6280746459961 86.3806704680125 79.452912012736 82.0306390523911 87.7788364887238 86.2163702646891 80.1459153493245 95.7193672657013 105.267177025477 100.262850522995 73.7629582484563 63.9015734195709 28.1612823406855 16.7556280891101 28.2491445541382 49.503356218338 76.3546129067739 81.1473230520884 66.8486257394155 54.0258338054021 56.7046453555425 72.4668800830841 77.1418958902359 74.6950805187225 67.5180455048879
65.3438816467921 81.0670703649521 85.7708553473155 88.7273649374644 91.7444129784902 87.8006021181742 92.2572314739227 100.84135333697 111.907561620076 113.09407154719 108.710457881292 106.071968873342 108.044634262721 107.055366039276 107.012460629145 104.325493176778 100.362042586009 102.700412273407 100.747565428416 97.5964268048604 98.714143037796 98.287175099055 96.8548655509949 94.1363374392192 94.8037505149841 99.3473827838898 108.587791522344 112.701068321864 98.9976425965627 92.0881628990173 90.1854236920675 80.2936305602392 90.1673038800557 81.2238057454427 40.3692324956258 31.1003675063451 29.7058473030726 21.7358941833178 8.29886582990487 5.13956944147746 7.33694558342298 29.9574881792068 78.4944295883179 94.6028828620911 109.576870997747 103.953609863917 97.0471501350403 97.5311597188314 96.257746219635 84.3689342339834
67.0958360036214 78.1428714593251 85.9488844871521 88.7541671593984 90.3134047985077 90.8201038837433 84.9601030349731 95.3786075115204 117.402136325836 115.868449211121 107.061505317688 102.957546710968 105.808983246485 109.287242094676 108.510434627533 105.034798383713 103.537937005361 100.434949000676 93.4135516484578 86.1963033676147 85.9624942143758 89.3033941586812 88.7075165907542 92.6764706770579 93.9210752646128 99.1937319437663 115.989536046982 123.408645391464 105.631172657013 90.3342266877492 80.2061855792999 70.3922112782796 70.2450921138128 65.6544615825017 44.541984796524 25.3682484229406 26.7098446687063 36.3100419441859 27.9237205783526 13.3642715712388 4.66103261957566 13.0326574047407 40.8571287989616 88.567852973938 80.9455414613088 93.4145251909892 87.8399709860484 90.3937617937724 85.6950084368388 78.6401430765788
80.046683549881 83.4137896696727 86.1503382523855 82.3594480752945 75.670138001442 72.7320263783137 81.1777363220851 87.3495936393738 97.9319115479787 93.8002069791158 92.3559466997782 97.4188844362895 104.51207558314 106.484194596608 102.136462926865 103.775491317113 104.222397009532 97.7818071842194 89.4417862097422 83.2018752892812 82.0757647355397 83.4936499595642 86.9538486003876 89.5835061868032 88.0603492259979 91.5214022000631 104.475438594818 113.822241624196 106.158077716827 88.0851646264394 75.9924799203873 60.3554944197337 55.7807187239329 69.3172713120778 63.9179448286692 36.385012169679 44.6494221687317 74.5511949062347 79.5067002375921 58.4069490432739 26.4548237125079 15.9842943151792 28.1521826982498 44.1516141096751 36.3914892077446 48.1762886047363 60.8962525924047 65.8278663953145 64.3923381964366 70.635050535202
92.7465756734212 89.0825092792511 84.8809281984965 77.3071448008219 66.2383337815603 59.3504458665848 71.873813867569 70.2945242325465 59.1268638769786 60.2999528249105 71.2454865376155 84.3176047007243 91.5877819061279 96.4462955792745 99.6425747871399 110.646943251292 113.161146640778 103.581209977468 94.2778388659159 90.3692841529846 87.3935719331106 86.6832137107849 87.7859095732371 87.4591072400411 87.3552759488424 89.6719296773275 93.0596689383189 100.224028031031 91.0729666550954 74.1379112005234 73.5254436731339 67.2593414783478 61.8877311547597 79.2235136032104 84.4962398211161 71.490337451299 62.0254377524058 62.9484007755915 61.3033324480057 60.9072546164195 45.8038399616877 32.8515892227491 30.8262879649798 28.3146922787031 20.9158559640249 22.4167853593826 32.9516306519508 35.8030473192533 51.2675642967224 72.4909553925196
95.9647198518117 88.6504451433818 83.2003851731618 78.8054714600245 70.9450890620549 64.3689731756846 58.8770806789398 53.6575168371201 34.737229347229 44.195681810379 67.0821766058604 78.4566253423691 79.198623696963 87.4062577883403 102.528939644496 119.682023922602 125.147501627604 117.009669542313 107.73503780365 103.163560231527 97.0116754372915 95.3570703665415 94.6104029814402 89.5808637142181 85.9962105751038 88.1915986537933 86.5054627259572 83.7372442086538 80.8146248261134 63.5468463102976 65.4148757457733 66.5157387653987 62.448928753535 82.9155544439952 102.299670378367 105.64112663269 79.4142385323842 33.8395684957504 29.199222723643 37.5978474815687 49.5471109946569 44.7914948066076 46.8840102354685 41.8490966161092 29.1562899947166 24.7655212879181 34.7710102796555 46.9834158817927 57.0738315582275 90.9564693768819
98.6681878566742 92.7343269189199 91.2729402383168 92.4756526947021 88.9102021853129 81.9363991419474 76.1849631865819 76.8214613199234 75.3533293803533 80.8313687642415 90.2752379576365 97.150186697642 97.6101855436961 91.8850501378377 103.153536717097 120.544811089834 131.2215924263 130.930840969086 122.704724470774 112.249732017517 105.503817399343 99.4372963905334 97.354789574941 97.842276096344 93.3329264322917 83.2462807496389 74.1637448469798 75.4891484975815 74.4665215412776 70.8005179961522 57.1473141511281 47.5606918334961 41.4164066314697 70.2650845050812 110.899607340495 119.841108719508 85.8567456404368 49.7367779413859 21.7741404970487 21.9432438413302 26.2310653924942 30.0171201427778 47.1516003211339 57.1701427300771 59.5172544320424 45.0816005468369 44.5176561673482 64.0134910742442 96.3270366191864 148.508230845133
99.5488365491231 96.5209603309631 96.7152913411458 98.0838735898336 97.4639256795247 93.5461223125458 92.9660598436991 101.901223262151 119.829028844833 115.153719981511 105.810572703679 107.707808415095 113.781243562698 99.6539990107218 101.147770881653 110.765635967255 120.6347544988 127.471268177032 127.373347679774 120.114187399546 113.399604956309 106.1871945858 101.141234238942 97.1456070741018 87.0046814282735 78.4368813037872 66.9880459705989 65.4766360918681 66.6106442610423 58.6973925431569 30.4242099324862 27.7589162190755 21.4672510822614 34.5471153656642 108.78578821818 121.011197566986 100.431601206462 89.2339150110881 54.5351753632228 16.0254885752996 7.58662447333336 5.40042606492837 24.4885310530663 62.8292808930079 71.5843985478083 60.7039282719294 59.342289964358 88.5493954022725 153.752356767654 201.703429222107
