input/barkrak2/radiation/dir31524.grid
NCOLS 85 
NROWS 70 
XLLCORNER 665100 
YLLCORNER 4664600 
CELLSIZE 20 
NODATA_value -9999 
[rows 22 to 43 of 70, columns 0 to 50 of 85]
52.8769890467326 46.4921693007151 24.9897291262945 18.4969368080298 15.2806714177132 6.48270547389984 13.6302349468072 8.87695762018363 6.69431872665882 5.69210387766361 15.7684286435445 16.487413396438 18.3091126382351 19.198993841807 19.7843313217163 24.0074718991915 34.9160085121791 42.8582181533178 49.8162358999252 52.1079003810883 57.8557948271433 70.2161540587743 82.6259553432465 90.3632839520772 88.8847211996714 82.7954908212026 74.089710911115 72.8352169195811 64.9769951899846 45.3644245862961 25.1234223445257 11.7693270246188 0.295958054872851 0 0 0 0 0 0 0 0 0 0 0 9.7258718063434 18.0728361010551 21.1683437228203 22.6137613256772 25.6874909003576 26.7702316244443 25.7006833950679
85.753341515859 74.9289691448212 41.4076199134191 23.855559527874 19.0279819071293 22.6718684037526 23.4526147445043 8.88633107145627 6.86146691441536 6.43709984918435 17.2212086617947 18.7315419316292 21.9587286313375 28.4488946199417 25.0037312507629 25.1273835698764 32.4898362159729 41.813870271047 48.0307390292486 39.7816896438599 40.1400203506152 44.0488457679749 56.7570626735687 66.4111276467641 74.9250501394272 76.198473572731 69.1301723321279 57.2447329759598 36.7294078071912 18.3507241308689 13.5433798034986 5.6871771812439 0 0 0 0 0 0 0 0 0 0 0 5.17357637484868 9.1576911509037 15.2050778269768 17.5876344243685 15.4063267012437 17.5976877411207 20.7059209545453 22.1098934610685
85.1340691248576 80.9954156478246 58.5933476686478 28.6682819326719 12.7201043069363 22.6883838574092 22.3071525494258 20.494669675827 15.6428081293901 7.24314836164316 9.61368593076865 16.9772431254387 19.0328893562158 25.7332424322764 24.7186223665873 24.3168671925863 30.5945873260498 38.8483007748922 46.2416211764018 39.1291926304499 38.0382214983304 34.994808336099 43.833131591479 51.3352453708649 57.0460508267085 57.5169722239176 55.3674052158991 49.2463807264964 26.4681552847226 12.4936612943808 7.66957364976406 5.76710514724255 0.00303103691597547 0 0 0 0 0 0 0 0 0 0 10.2921339372794 9.07940541704496 9.22916332880656 9.91467759013176 11.698500563701 14.9240071574847 15.419103205204 16.7490802705288
71.6998179753621 76.3057867685954 69.3518469731013 38.4500573078791 12.5213265419006 22.6262186964353 29.0848016738892 37.0132575432459 37.0819245775541 30.3762430946032 23.8763391971588 26.547593375047 26.6363645593325 32.1623583634694 31.1642438173294 28.027114768823 29.3045938014984 38.556086520354 46.4297533035278 48.3908702929815 48.7801432609558 44.6774959564209 42.6415900389353 42.3800051212311 45.0673053661982 47.866349418958 44.071485598882 44.2916701237361 26.9042328000069 21.8966354926427 18.5421581069628 22.8391190369924 16.8315370877584 0 0 0 0 0 0 0 0 0 0 12.2657641768456 7.05388560891151 0 0 7.85333849489689 8.99219823380311 7.77466284732024 8.00976529717445
70.398156841596 75.6618678569794 73.5625177621841 47.9679008324941 25.2290368080139 35.9912986556689 48.3138412237167 57.9521656036377 65.4011070728302 58.7227096160253 39.2656177282333 42.1319355567296 39.7393753131231 44.889638821284 43.4087018171946 34.4073375066121 31.812772154808 41.0079807043076 48.140416542689 59.5807035764058 60.3907903035482 57.1420192718506 49.1881718238195 44.6702539920807 45.620987812678 47.9191839694977 43.4421996275584 50.1096298297246 46.6852833827337 45.0796286265055 50.3767232100169 68.4819469849269 76.946218808492 56.121235092481 0 0 0 0 0 0 0 0 6.7059521873792 1.63766617576281 0 0 0 1.39146624132991 1.26169645227492 3.51119041442871 3.47809617718061
71.9845145940781 70.8096822102865 70.9946850935618 54.0015002091726 51.4078835646311 57.0331513881683 71.2567468484243 74.1176853577296 77.0784616470337 68.9346939325333 49.7258504231771 45.5896059672038 46.3016281525294 44.0268665552139 45.5319384733836 44.1857129335403 38.8830453157425 45.2823589245478 56.6224803527196 62.6104722420375 59.4865183035533 52.4353981018066 50.3861308097839 50.9924093882243 51.257461309433 51.8891364336014 50.0231683254242 59.9184880654017 76.4237145582835 80.9507071971893 85.8309368292491 93.3948755264282 104.375640551249 111.304958661397 65.9047067165375 0.96563381763796 0 0 0 0 0 11.1480529109637 11.1454849441846 0 0 0 0 0 0 1.11179876451691 0
74.9504864215851 63.9521777629852 64.6227647860845 57.0883055528005 71.3045199712117 69.9530591567357 71.3443905115128 68.6585654815038 64.468041062355 52.1907160679499 46.2479690710704 39.6192943056424 43.5155133406321 45.8904604117076 50.3577043612798 51.3636519511541 47.060027718544 43.3016667763392 53.5668432712555 57.0091853539149 54.0546874205271 47.0680892467499 47.558605670929 53.625096877416 57.0412576198578 53.4848173459371 54.8599660396576 60.849408308665 83.5764706134796 96.8407392501831 105.38790623347 110.479017098745 118.5562312603 121.747722228368 111.341933409373 38.9727304379145 0 0 0 0 0 2.3294019823273 2.62226412693659 0 0 0 0 0 0 0 0
75.8691728115082 58.6189826329549 59.0496013561885 62.5823189814885 71.9554324944814 68.588783343633 57.9161743323008 44.707069794337 34.1480722030004 28.0448322494825 27.6506021618843 31.5999339024226 39.0113939841588 46.3059544563293 50.2837498982747 57.8476438919703 52.6559700568517 41.7919605970383 45.0965662797292 47.9394594828288 47.6084599892298 47.8957047065099 47.8943487008413 53.682083884875 59.9744518597921 56.6382954518 59.4486743211746 61.1457924048106 77.3519376913707 100.176344315211 114.692111810048 120.909372965495 122.026105721792 125.154038270315 132.647236188253 112.80099550883 32.7977339426676 0 0 0 0 0 0 0 0 0 0 0 0 0 0
74.4419793287913 75.3628561894099 95.8102643489838 127.018610636393 102.585126956304 76.7279764016469 50.2195656299591 28.0556753277779 14.8992302517096 22.5392033656438 20.4510254164537 16.3350229461988 36.5043406685193 47.9771246512731 57.0840984582901 60.8717650175095 58.528075615565 46.8954791625341 46.2430864572525 49.5167275269826 47.5191622972488 51.0231206814448 52.6214738686879 55.8551003535589 61.8320008118947 66.5898372729619 64.6893878777822 67.004586259524 79.7959963480632 104.847222566605 122.767478227615 126.938720544179 124.432663122813 130.869686603546 143.00216237704 147.698849439621 118.103524049123 58.7824434041977 6.17784385879834 0 0 0 0 0 0 0 0 0 0 0 0
86.9058469931285 119.806289672852 166.727523008982 187.367717425028 166.217833757401 115.911374489466 67.6146845022837 40.964404741923 34.5281288027763 39.2819295326869 31.3473691542943 26.6777724027634 37.0433777570724 46.3038980960846 59.1859718163808 64.9675180514653 61.4726841449738 55.2088717619578 48.7656792004903 51.0427306095759 50.7292449474335 53.376500805219 56.7686855792999 57.3791166146596 62.3411238193512 73.6159235239029 74.3544499079386 79.8548956712087 89.7065003712972 107.701768477758 123.03493420283 129.596809546153 132.787595192591 138.822664817174 145.80887556076 146.168529987335 141.193817059199 119.006007909775 54.2485862970352 4.2425583427151 0 0 0 0 0 0 0 0 0 0 0
145.958721637726 181.443810462952 206.390082836151 207.387646039327 205.332815647125 179.558277130127 136.643677949905 99.1076032320658 76.4366090297699 65.9810254971186 61.0098640124003 50.1873890558879 39.4687329729398 43.636366724968 58.3482980728149 65.7590975364049 59.9321176608404 60.3109647830327 50.1621166865031 49.240176876386 52.3561189572016 54.5061528682709 55.2626351515452 56.1252335707347 60.606042544047 73.7779786189397 80.4302593072255 88.796337445577 97.4826316038768 105.553925037384 119.615654150645 130.945275227229 131.462752819061 128.332247336706 129.751910765966 123.613119125366 126.13633275032 113.563011089961 67.3220405975978 17.2253027558327 0.957649744426211 1.01464078761637 0 0 0 0 0 0 0 0 0
198.350389798482 214.320162932078 219.051897525787 216.471711794535 219.027797381083 215.361436208089 191.819111506144 149.403969446818 111.862738927205 90.1326537132263 92.746098836263 77.9951165119807 56.0899128516515 50.4388908545176 58.1283370653788 61.5188926458359 55.0703555345535 56.2536815802256 49.9654312928518 50.5909969409307 48.7119307120641 50.686831275622 50.2929985523224 50.7627675930659 57.3316862185796 68.4790213902791 79.5151541630427 83.4391117095947 93.4989253679911 105.606178442637 116.512378056844 121.02531393369 112.236152092616 100.500553846359 103.526006142298 88.731328646342 89.7336502869924 74.5381613572439 39.8901825149854 7.77585928638776 9.83473161856333 7.26032629609108 0 0 0 0 0 0 0 0 0
212.722440560659 220.739702383677 218.61873070399 219.009300072988 220.055719216665 217.373490333557 209.642052650452 178.020556767782 132.539431254069 104.622354110082 104.660371939341 97.895214955012 83.2981963952382 63.8045420249303 58.941771586736 60.2391759554545 53.7258336941401 49.5821436246236 49.5778123537699 52.2856712341309 48.6999799807866 47.6110925277074 48.9889830350876 51.2321293354034 55.3242713212967 62.3196562131246 71.8315939108531 72.7824916442235 81.8403313557307 99.2280046145121 108.589857816696 107.823103666306 102.046032746633 95.4245626926422 88.2690449555715 74.7313102086385 78.7947575251261 75.9671827157338 56.403249502182 22.8385453422864 19.7538634141286 23.7797151009242 0 0 0 0 0 0 0 0 0
206.360956033071 210.620741049449 206.253310044607 206.725239753723 207.11882909139 202.482442061106 196.192622184753 177.631715933482 139.655570189158 115.411132574081 109.573910633723 105.181336402893 95.343013604482 72.9854106903076 62.1176958084106 64.3891096115112 57.0221344629923 49.0715702374776 52.7998258670171 53.9916108051936 51.9817968209585 48.3212719360987 52.1545310815175 56.3629964987437 54.899791876475 59.9001348018646 64.6165857712428 65.3785516818364 73.0724334716797 91.2047922611237 101.225405931473 99.8850266138713 104.790319999059 105.064074198405 87.2587362925212 81.0065418481827 85.4303439458211 92.727522055308 87.1648987134298 49.0069935719172 17.3009174565474 0 0 0 0 0 0 0 0 0 0
182.000815868378 185.798625151316 188.353061676025 184.465924898783 182.898700237274 181.770165761312 186.450123786926 182.30664730072 151.216765244802 123.17297856013 112.869143486023 97.890575726827 89.0737970670064 69.9585378170013 58.302899201711 63.9717926581701 66.2634422381719 54.1995167732239 56.2942326068878 59.1520965099335 58.6672673622767 54.1182061036428 55.138443907102 58.4329118331273 56.5490623315175 56.7844361066818 63.0040466785431 69.2005306482315 72.988231976827 85.947185754776 97.5646078586578 101.988613605499 103.468298912048 109.154522418976 90.9753541151683 91.0473267237345 90.9347931543986 99.6651351451874 99.8433530330658 61.184898018837 7.09312843779723 0 0 0 0 0 0 0 0 0 0
159.156302611033 168.279786904653 180.059989293416 176.084399223328 175.053119659424 180.647989114126 190.398732821147 192.001938819885 171.812872091929 136.346211036046 115.27685324351 90.5968944231669 75.1526604096095 63.6161863803864 54.5137723286947 59.2005252838135 70.0786213080088 61.8688563505808 59.5152278741201 62.4401867389679 62.9578878482183 58.8493645191193 55.9965074062347 58.6784233649572 60.0313991308212 58.519701162974 61.6254458824793 71.2596823771795 74.893186489741 78.452929854393 91.6008253892263 103.151202201843 104.382793108622 99.6266404787699 87.2581700483958 99.8328725496928 102.666715780894 106.809894243876 107.837527990341 81.2505980332692 0.881636360039314 0 0 0 0 0 0 0 0 0 0
121.681749820709 132.885664701462 142.134726047516 147.20211426417 155.090471108754 170.367916425069 185.036321481069 193.927089373271 187.825202941895 156.06548388799 122.166057427724 91.5155112743378 72.197899222374 68.4940715630849 60.3796690702438 54.2345196008682 64.8400038480759 65.3054714202881 59.9979112545649 59.7074528535207 60.2737665176392 57.3513805866241 54.2216747999191 56.1766723791758 59.6518019835154 63.4632855653763 63.0989124377569 67.4227625131607 73.2720543940862 74.4995673497518 83.185742298762 98.263402779897 102.756917476654 87.9118243853251 90.8589561780294 110.279033581416 114.112844069799 110.428631305695 111.477394898732 107.395142316818 51.1505305767059 0 0 0 0 0 0 0 0 0 0
85.5200886726379 92.5826032956441 92.2162036101023 102.612872918447 119.262884060542 137.04581061999 151.792307694753 164.994815985362 165.528744459152 140.724579493205 106.437236070633 80.7876984278361 67.4386918544769 65.4511948426564 62.3332013686498 56.8170299132665 61.3205681244532 61.7427478233973 54.9868245919546 54.8061231772105 57.975580294927 61.0504349072774 60.8527958393097 56.612491607666 56.7458172639211 58.9645107587179 64.5794123411179 67.6750093698502 72.3572075366974 72.1256881952286 74.8076289892197 87.3148143291473 95.1136747996012 90.8153752485911 109.814723332723 121.647904316584 118.48658323288 111.869424581528 114.524741967519 132.30906923612 121.507088343302 61.4818632602692 3.91254511972268 0 0 0 0 0 0 0 0
74.1661936044693 76.3392597436905 76.2509405612946 78.5031169652939 87.5480870405833 93.7595069408417 98.1038113435109 103.658040364583 104.463497797648 87.9795451958974 71.7707177003225 67.1257823705673 66.1935408910116 63.1115088860194 61.3626490036647 61.5762968858083 60.9969695409139 60.3249470392863 55.6828578313192 55.2109926939011 59.5088799794515 64.6972258885701 66.0132765769958 61.7973903814952 59.6272001663844 58.0472747484843 67.1875178813934 69.3143506844838 72.6138353347778 73.089654246966 73.1667776902517 80.010915795962 88.7449284394582 98.7785359223684 117.320636908213 118.578086296717 110.615322987239 100.248465935389 103.011687596639 119.200835625331 134.048382441203 123.017340898514 73.2649813095729 11.7326577504476 0 0 0 0 0 0 0
82.5077444314957 80.1337460676829 80.3845077753067 80.1097800334295 76.6459306081136 74.4689305623372 72.8534211715062 74.3450472752253 79.3063789606094 71.2172836065292 63.2160355647405 64.4516050815582 67.6920513312022 67.6771303017934 66.7963574330012 64.6402935187022 59.1463694969813 65.8882955710093 66.840797662735 62.3531341552734 64.4639134407043 64.9994909763336 63.5124395291011 65.4563009738922 67.6365941762924 63.9914025863012 68.0154810349147 71.5889135996501 72.6906210184097 74.3204901615779 75.7670253515244 79.5018424590429 86.0365827878316 103.77245148023 112.764130036036 106.519550085068 96.3633259137471 85.8160853385925 82.1977953116099 93.9027369022369 122.023046016693 131.355981032054 101.658672094345 44.9113299449285 2.095109783113 0 0 0 0 0 0
87.3161355654399 84.248681863149 87.2242450714111 85.8969887097677 78.9619187513987 75.4760752121608 73.2619116703669 70.290595293045 70.7901467879613 67.1196679274241 65.631757179896 65.2585923671722 68.891058365504 72.5205590327581 72.0066626866658 68.5521761576335 66.0863916079203 71.4757591485977 73.8433996836344 67.5861835479736 64.9440387884776 62.6447300116221 59.2967420816422 61.1019780238469 65.35737713178 62.5388324260712 60.4503850142161 65.170814593633 70.0119584798813 71.8825260798136 73.1119314829509 73.905810713768 84.2102567354838 103.580663601557 110.163470109304 95.1090852419535 84.686537583669 81.7787150541941 80.9805542230606 90.3979539871216 97.172756989797 100.127617518107 87.4703129132589 53.1457463900248 5.17211016267538 0 0 0 0 0 0
71.2467034657796 74.0044216314952 82.6682796080907 80.1890939474106 82.6059331496557 85.4650835196177 84.4258964061737 80.1883141199748 69.3664799133937 67.6906357208888 71.3689029216766 68.160280585289 68.736602862676 72.3913510640462 72.855681180954 69.9478387832642 71.1958954731623 73.1036265691121 73.4458516041438 69.3171521027883 63.6941095193227 60.6572031974792 57.6565663019816 57.4150731166204 59.9643439054489 64.5443598429362 58.9374601840973 62.3429616292318 66.4047847191493 68.5708373785019 66.8235768874486 65.2272452910741 74.9849875768026 90.7108783721924 97.1734821796417 86.3166749477386 82.1896642446518 87.6004894574483 90.3608699639638 89.4296864668528 85.4401687781016 84.0842425823212 78.8357108831406 52.7449399232864 9.69755773742994 0 0 0 0 0 0
