input/barkrak2/radiation/dir31724.grid
NCOLS 85 
NROWS 70 
XLLCORNER 665100 
YLLCORNER 4664600 
CELLSIZE 20 
NODATA_value -9999 
[rows 22 to 43 of 70, columns 0 to 50 of 85]
50.5771189928055 44.2197869221369 22.9795003930728 16.4510856072108 13.3174595733484 5.24227134883404 12.8026157617569 7.48866051435471 6.4490269869566 5.47245579461257 14.8926724990209 15.4852283497651 17.0591995120049 17.3612299064795 17.9804041981697 23.0223461985588 31.2664558490117 41.2735814849536 47.1431265274684 51.0987192392349 53.4291317065557 68.3814138174057 79.1390637556712 85.327684879303 86.7960453033447 81.978718439738 72.0054060220718 70.7020262877146 63.1270408630371 43.9480841159821 23.4739805261294 10.6337778270245 0.161872963265826 0 0 0 0 0 0 0 0 0 0 0 8.54568307598432 13.8582326471806 16.524704794089 16.6052120427291 18.2197565833728 20.8375528454781 20.1903209090233
83.0422739187876 72.2723255554835 39.0855794151624 21.6299866636594 16.8319878478845 21.119624376297 21.2214837471644 8.55631629625956 5.64520123104254 5.20964525640011 16.3812227547169 17.7336211005847 20.6841789186001 26.5407289067904 23.9187454183896 23.7346142530441 30.2279094854991 40.1661644379298 43.8727339108785 38.6292015512784 37.5241960088412 41.9106384118398 53.7441472212474 64.4589165846507 70.5559551715851 71.8422631422679 67.5645569960276 54.8692345619202 35.845215121905 16.7667294541995 12.4304207662741 5.00558254619439 0 0 0 0 0 0 0 0 0 0 0 3.5698755333821 6.6131167113781 8.04812895754973 9.30946382383505 12.2076161205769 17.0663855969906 20.1234941681226 17.1382687985897
82.4749221404393 78.3610343933105 56.0793876647949 26.4624307552973 10.7734762132168 20.4704441130161 20.126074552536 18.4038157264392 14.9105563759804 6.99663038055102 5.3145003815492 16.0590807596842 18.7916432817777 24.5513468980789 23.6397137244542 23.6062159140905 28.2847707470258 37.2170060873032 44.4750835498174 37.8507450222969 35.4485039909681 33.0878024299939 41.0480300585429 48.4943141539892 53.628330429395 54.6930978695552 52.6019583145777 46.7913498481115 23.0383078257243 11.4755133787791 6.88468416531881 5.08034819116195 3.43701067606617e-06 0 0 0 0 0 0 0 0 0 0 9.88635731240114 6.78936019539833 5.1878954594334 5.4936446249485 7.08377361297607 10.1661911855141 12.0369916160901 10.4289216299852
69.1716919342677 73.7219750881195 66.7338222265244 36.1191481351852 10.5585716664791 20.4094077150027 27.7538845936457 35.7769404848417 34.2942476272583 27.8337448835373 22.9904452959696 25.4821528991063 25.3759597738584 31.0693631569544 31.0744146505992 26.0576630632083 27.7356803417206 37.7082576354345 43.9495941003164 45.9000617265701 46.9070374965668 42.8334722916285 39.8207455873489 39.7269676129023 43.1074500083923 45.8199183146159 41.9447024663289 42.149951060613 24.5198607444763 20.2928806344668 17.1144505341848 21.3750128944715 15.5160538852215 0 0 0 0 0 0 0 0 0 0 8.18763549129168 0 0 0 1.52947272484501 2.916787751019 3.75346249590317 2.20473079631726
67.8709348042806 73.0805397033691 70.9508011738459 45.5464571714401 22.8415355086327 34.2499415079753 46.8039264281591 56.6060294707616 61.8472198645274 55.292417605718 38.1907348831495 40.8945928017298 38.4998520215352 42.7183558543523 41.0905281702677 32.8112244606018 30.184638996919 39.2919505635897 46.3102012872696 56.5632383028666 58.4362099568049 55.2120208740234 48.2014318307241 42.6704436540604 43.0330733458201 45.4527239004771 41.037047902743 47.990009188652 44.5637106895447 43.1594848632812 48.2630630334218 66.0503804683685 74.4219074646632 53.7009040514628 0 0 0 0 0 0 0 0 5.97314909100533 0 0 0 0 0 0 1.12497744460901 1.10329578941067
69.4167912006378 68.2782083749771 68.4437106053035 51.5359938144684 48.470675945282 55.1422735055288 67.7789549032847 72.9452768961589 73.5623935858409 67.6738321781158 48.8145103057226 44.3148215611776 43.5415705045064 42.6225264867147 44.9632654587428 42.0889109373093 36.9504168629646 43.4874246517817 54.7220557928085 60.6215943892797 57.9171776771545 49.4406322638194 47.2117960453033 48.9276101191839 49.174040555954 49.2326468229294 47.4512328704198 57.5981835524241 74.0526517232259 78.5541534423828 83.2359145085017 90.6870464483897 101.325402657191 108.502586682638 63.3619626363119 0.466247166817387 0 0 0 0 0 4.08326834440231 7.40535619358222 0 0 0 0 0 0 0 0
72.3740508159002 61.5251660346985 62.1732622385025 54.5411010583242 68.693866332372 67.6800807317098 70.0014332930247 65.0484710931778 60.9220812718074 49.7775127490362 43.1387225786845 39.9999941388766 39.1888618469238 45.007864634196 47.8340188662211 49.3272244930267 45.2381670475006 41.4116829633713 52.000751097997 54.9722562233607 52.0319888989131 45.8911557992299 45.7468430201213 51.5226622422536 54.8287133375804 51.2634118398031 52.1044184764226 58.2467764616013 81.0538033644358 94.3097472190857 102.712213993073 107.73499806722 115.783234437307 118.350227673848 108.515193065008 36.3261351982752 0 0 0 0 0 2.24894564598799 0 0 0 0 0 0 0 0 0
73.3408133188884 56.3038488229116 56.6711127758026 59.9147429068883 69.4680710633596 67.1825508276622 56.5445770819982 43.5329924027125 33.0157577991486 26.8875037630399 26.5344555179278 30.4240932067235 35.5634416143099 45.4062024752299 49.6770838896433 55.9291442235311 50.7965435584386 38.8791014750799 43.1837638219198 45.6344187259674 44.7831650575002 45.8161582549413 45.6883956988653 51.3557493686676 56.7580958207448 54.3613980213801 56.460772951444 58.7292462587357 74.8274326324463 97.5926915804545 112.00941602389 118.169943491618 120.180785655975 122.362524271011 128.90288233757 109.971861044566 30.1867077747981 0 0 0 0 0 0 0 0 0 0 0 0 0 0
72.0032155513763 72.8540420532227 92.9711063702901 123.468776543935 100.040972232819 73.0194350083669 47.0786641041438 27.0024364193281 10.5176319678624 21.4912394682566 19.4945633411407 12.1546412507693 35.196120540301 45.6119825442632 55.2369753519694 58.27996134758 56.5216292937597 44.8810358842214 44.2759493986766 47.4269489447276 45.2598581711451 48.775722583135 50.4044940074285 53.6540448665619 59.5243672529856 63.5241369406382 62.2802376747131 64.5475139220556 77.0384619633357 102.200448513031 120.061933994293 124.198327461878 120.727012554804 128.136664628983 138.846417268117 142.186194658279 115.299681822459 55.5480768283208 4.94181923568249 0 0 0 0 0 0 0 0 0 0 0 0
84.2661956946055 116.816182931264 164.030522108078 184.279382228851 163.287669420242 111.658573150635 67.6006724437078 38.0778834223747 33.3711380759875 36.4173377553622 30.1531702280045 25.6932203968366 35.8653664588928 45.2256997426351 57.3433836301168 62.9115055004756 59.3721171220144 53.1481007734934 46.7371741930644 48.1095512708028 48.4619637330373 51.2593537569046 53.505818049113 55.1495403051376 59.9313179651896 71.165790160497 71.0619688034058 77.33121017615 86.4629546801249 103.616217772166 119.31785941124 126.889993747075 128.779957691828 134.611209233602 140.068719784419 141.900906960169 135.818620522817 116.286545991898 52.1489928166072 3.46527403841416 0 0 0 0 0 0 0 0 0 0 0
142.864733934402 178.330659866333 203.457534313202 204.529364903768 202.471017837524 174.790779749552 134.391913811366 97.2992877165477 74.9432146549225 64.7499710321426 59.3756139278412 48.951451977094 38.2745340466499 42.4552857875824 57.765523592631 63.6274814605713 57.7554653088252 58.1718186537425 47.9025989770889 47.049621740977 50.2242843310038 52.3726493120193 53.1154076258341 53.9012501637141 58.3015779654185 71.3441222906113 77.9399325450261 85.2067768573761 93.9566791057587 102.004379034042 116.872519254684 126.870850721995 128.748665253321 124.268680810928 125.58921178182 119.910697142283 122.313062349955 109.77241396904 62.7657920122147 15.3421324988206 0.572972116060555 0.803903676569462 0 0 0 0 0 0 0 0 0
195.36825021108 211.532314618429 216.380377610525 213.839014371236 216.441432634989 210.699876149495 189.471383889516 147.469282150269 110.147217909495 88.4001056353251 88.6414448420207 77.2466013828913 56.9393833478292 49.2962002754211 55.9381643931071 59.0267131725947 52.8849909702937 54.1158616542816 47.7794210116068 48.3979433774948 46.5344289938609 48.6108213663101 48.1821695963542 48.6037880182266 55.0089031457901 65.1807387669881 77.0487934350967 80.9396207332611 89.9850130081177 101.947118838628 112.541476885478 116.983751455943 108.635167280833 97.8513658046722 100.048234065374 85.5617920557658 86.6878430048625 71.9453990459442 37.7031167348226 5.55768795311451 8.80166081090768 6.68297397593657 0 0 0 0 0 0 0 0 0
209.868788719177 216.496527194977 215.960701306661 218.087593714396 217.532118161519 214.835524559021 207.047502199809 175.645709037781 127.997120221456 100.366940100988 102.978010972341 94.5862829685211 81.521471341451 61.8973175684611 56.793212890625 57.9173465569814 51.448255777359 47.3076651493708 47.3740994930267 50.0868360201518 46.4934358994166 45.5456475416819 46.8756904204687 48.2641756534576 53.0373404423396 60.0174119075139 69.4367736577988 70.3519036372503 79.3241361776988 96.6165562470754 104.685753583908 103.19110751152 99.4146267573039 92.7981634934743 85.239181915919 72.210023800532 76.2295971314112 73.4113355477651 53.9757013320923 20.8209877212842 18.5690882305304 20.3336079915365 0 0 0 0 0 0 0 0 0
203.38495572408 207.708239555359 203.358670075734 205.444713433584 204.259157180786 199.558059374491 193.239609400431 176.729698975881 137.320677439372 113.514800866445 107.902348041534 103.306382894516 93.2977000872294 69.3415949741999 58.7910612424215 61.9962463776271 55.4271936416626 46.866516272227 50.5698174238205 51.7496118942897 49.8018066088359 46.12764219443 49.9980350335439 54.0496855974197 52.6834179957708 57.6442827781041 62.2599770625432 62.9958212375641 69.8663791020711 88.6431038379669 97.4777440230052 97.2919960816701 100.762804349264 102.420816818873 84.675669670105 78.4541219472885 82.8248908122381 89.7970994313558 84.5041076342265 46.7110673586527 16.2756827970346 0 0 0 0 0 0 0 0 0 0
179.705262184143 182.639320691427 184.053719043732 181.362946828206 180.768926938375 178.66172393163 182.224889596303 179.361383120219 148.808827002843 121.310780445735 108.509431282679 95.8991944789886 88.5076423486074 67.616472641627 56.0338298479716 61.3583922386169 63.0010416110357 51.8916596968969 53.9374897877375 56.8731228510539 56.3807686169942 51.9391844669978 52.9439946015676 56.1867405970891 54.3013463417689 54.5555800199509 60.6603523095449 66.8041457732518 70.5815802017848 83.4408005078634 94.9962735176086 99.3890265623728 100.875367720922 106.516112883886 88.3945027987162 88.4511172771454 88.3240501085917 96.5766310691833 97.1520940462748 56.9834758838018 5.30298488835494 0 0 0 0 0 0 0 0 0 0
155.902276436488 165.072460969289 176.900029182434 172.939380009969 171.874483426412 178.43504746755 187.342127164205 189.063390096029 169.267992178599 136.912633975347 113.27987909317 88.405708471934 72.7652162313461 61.1923485994339 53.0135283867518 56.672011812528 67.6030963659286 59.4703753789266 56.318869193395 59.1935912768046 60.5793545643489 56.5963884194692 53.7930975357691 56.4089516798655 57.7266861995061 56.2487145264943 59.322327375412 67.9403692483902 72.4607010682424 77.125405271848 89.0740056832631 99.3771155675252 101.808617512385 95.7970817883809 84.5004121462504 96.612274646759 99.2452204227448 103.334893782934 104.045102993647 78.6119202772776 0 0 0 0 0 0 0 0 0 0 0
118.511378765106 130.397280057271 138.952791690826 143.981754779816 151.880522569021 168.154617150625 181.956311066945 190.942366917928 185.146649678548 153.796434402466 119.854519764582 89.0201727549235 69.6569780508677 65.9694969654083 57.9668333133062 51.9150445858637 62.2612436612447 63.7434621651967 57.6232175032298 57.3213497797648 57.9865674177806 55.0906310478846 51.9421994686127 53.9464503526688 57.374229033788 61.1082663138708 60.7592562834422 65.9746825695038 69.8891480763753 72.1060733000437 80.7312180598577 95.7149068514506 99.1649429003398 85.4405164718628 88.2824659347534 106.665392716726 109.235028425852 107.78413216273 108.291725317637 104.127665360769 48.6871103445689 0 0 0 0 0 0 0 0 0 0
82.531268397967 89.5516475041707 89.1854961713155 99.5565851529439 115.553428729375 133.909940719604 149.769465128581 161.941349506378 162.66534725825 138.02582025528 102.48405734698 78.1369358301163 64.8177564144135 63.5557373364766 59.856449564298 54.4314831495285 58.9606861273448 59.3392103910446 52.6796529690425 52.5978008906047 55.7313213745753 58.7612887223562 57.6132883628209 54.3486724297206 54.4307728608449 56.7306727170944 62.2369845708211 65.3111239274343 69.9629535277684 68.7249402205149 72.4314550558726 84.8264495531718 91.7553802331289 87.8022313117981 107.237040996552 118.983636299769 115.827292203903 108.160763978958 111.930420001348 126.449644565582 118.77312262853 57.2124471267064 3.08757523695628 0 0 0 0 0 0 0 0
71.2527980407079 73.4151303768158 73.3095655838649 75.2992232640584 84.6000214417775 90.790331363678 95.1305131117503 100.702553987503 101.567804813385 85.2544208367666 69.0516233444214 64.5236571629842 63.5977784792582 60.571680466334 58.8259647289912 59.8618586858114 58.4408889214198 57.855432232221 53.2965411742528 52.9407908519109 57.1358104546865 62.3941520849864 63.6073847611745 59.4448745250702 57.3076407114665 55.7616551717122 64.8247053225835 66.9534703095754 70.2246675888697 70.7152585188548 69.7351147731145 77.5742530822754 85.5058828989665 95.4049229621887 113.135109345118 114.444434642792 108.001848061879 97.6541936397552 100.408087174098 116.604129473368 127.265324195226 120.368679364522 67.0060068368912 8.94446795185407 0 0 0 0 0 0 0
79.5487811168035 77.17298467954 77.1636664867401 76.8479804197947 73.4421660502752 71.5747574965159 70.0285037358602 71.448008219401 76.4421323935191 68.5031910737356 60.5494976043701 61.8475178877513 64.9918019771576 65.0993535916011 63.5285824537277 62.1100217103958 56.7110329866409 64.0972356001536 65.2335385481517 60.9450240929921 62.0967348416646 62.6824746529261 61.1638526121775 63.0818357070287 65.2661770582199 61.6411666075389 65.6679371992747 69.1883663336436 70.3075081110001 71.946789820989 73.4041929244995 76.0204493999481 83.5536917050679 101.228713989258 110.196073849996 102.6977399985 93.0547416210175 82.8113307555517 79.6999633312225 90.5706882476807 117.862045764923 126.97234749794 99.1279482841492 42.9499298334122 1.58353925993045 0 0 0 0 0 0
84.2853585879008 81.2564293543498 84.2251280943553 82.5962126255035 75.7897297541301 72.559267282486 70.3856647014618 67.501703898112 67.9869155089061 64.3144945303599 62.5088065862656 62.6162787278493 66.2792325019836 69.8193460702896 69.4100558757782 66.0141011079152 62.7913375695546 68.9577807982763 71.3293552398682 65.1816527048747 62.6161694526672 60.3002707163493 56.9481799999873 57.9128017028173 63.0477865537008 60.225044687589 56.3830981651942 62.8089755773544 67.6167905330658 69.5316940546036 70.7670350869497 71.516419450442 81.7406674226125 101.059963305791 107.6287428538 92.6231741905212 81.3758124907811 78.9357572793961 78.4873714049657 87.8305236498515 94.6096181869507 97.5514451662699 84.9141180515289 50.956795612971 4.05921476582686 0 0 0 0 0 0
68.3060387770335 71.0088709990184 79.7163893779119 77.2226949532827 79.6431849400202 82.1894407272339 81.1008363962173 76.8888394037883 66.5701727072398 65.3233230113983 68.6141649881999 64.9492343266805 65.4992957909902 69.7685778141022 70.2274392048518 67.3692474762599 68.6708043018977 70.5983539422353 70.892055829366 65.939078728358 60.4424973328908 58.2529654105504 55.2975634733836 55.1247249046961 57.6910426219304 62.1581027905146 56.6442310810089 58.2626710335414 64.0553732713064 66.2151873111725 64.5064810911814 62.9019687573115 73.5403050978978 88.2435043652852 93.5204227765401 83.2375288009644 79.7868470350901 85.0699047247569 87.0261987050374 86.9238376617432 82.9240381717682 81.5719664096832 75.9108314911525 50.4722148180008 6.74285056690375 0 0 0 0 0 0
