input/barkrak2/radiation/dir36024.grid
NCOLS 85 
NROWS 70 
XLLCORNER 665100 
YLLCORNER 4664600 
CELLSIZE 20 
NODATA_value -9999 
[rows 0 to 23 of 70, columns 0 to 51 of 85]
41.972046097119701 54.3792446454366 64.6517475446065 73.8503833611806 82.8191290299098 87.2436265150706 90.5241866906484 89.1460875670115 97.5667039553324 103.970994551977 118.003169695536 114.261448383331 110.000749429067 110.669116179148 110.703001419703 98.3832478523254 85.4787925879161 76.9990682601929 76.6884386539459 76.176976164182 84.175984064738 99.8426576455434 115.723391373952 118.122061093648 121.166119972865 127.097338438034 125.948230425517 120.251735051473 118.327677249908 123.005370299021 119.679470856984 140.075782934825 168.335914611816 163.409451643626 162.343869606654 156.794706980387 160.535236199697 165.479312340418 162.61492172877 161.953955888748 159.392247597376 167.239944140116 171.084562937419 165.297091007233 156.167060136795 165.414621432622 174.150168895721 133.234600226084 89.4132653872172 85.5916937192281 105.81315557162 144.839396079381
26.1927594741185 35.6942266225815 42.6490058501562 51.4511863390605 63.8075321912766 68.787693977356 76.4122307300568 80.3390592336655 88.7979467709859 86.9489510854085 94.4886604944865 98.9504158496857 108.249008655548 110.658288002014 110.743900140127 100.592980782191 93.1435426076253 84.0856035550435 79.1723877191544 76.5770971775055 91.5237764517466 112.556159496307 125.527073939641 124.985903501511 129.297912120819 131.542752186457 128.995259602865 123.04546435674 119.601100683212 120.135426521301 126.639982064565 147.798617680868 167.666018009186 163.470725218455 158.72977177302 155.606289704641 162.61217991511 166.406214237213 158.90039006869 159.313976764679 158.477147420247 161.886751651764 158.09095899264 147.909512122472 144.457578659058 157.836496829987 158.635427554448 124.788622061412 96.7275400956472 105.795959631602 132.513821125031 163.496414820353
8.87836143374443 12.1182911098003 18.4861260155837 22.0115234454473 27.6046047608058 34.4668899973234 41.591669122378 53.8493444522222 66.5701528390249 71.9355990489324 79.5231411854426 81.9960435231527 90.5279914538066 92.7502115567525 94.871054093043 101.384709278742 99.8724500338237 89.5792742570241 77.7975817521413 72.883794705073 82.773432135582 101.497898499171 113.241314888 123.633186022441 123.836100101471 122.911860545476 126.838068167369 123.678684234619 122.28054801623 126.246511936188 133.374075094859 157.304505507151 167.561332384745 164.689719676971 158.076653877894 157.978673775991 164.697269598643 166.534602642059 160.76472401619 156.713376442591 153.490493694941 147.442797819773 137.770444154739 131.659746170044 133.479019006093 144.850313663483 143.093138933182 118.449618419011 111.634771029154 132.311820983887 155.186951160431 173.853278160095
3.25089879333973 3.5900870958964 5.05755189806223 6.76915732522806 3.70952486991882 10.8601438502471 15.8520092566808 24.2579554518064 36.8232677380244 47.1252351999283 54.921676715215 67.0248965422312 77.7703672647476 82.1268012126287 80.4277906815211 89.0648563702901 87.4946514765422 83.1446250279744 72.7532953023911 72.1845726172129 76.4090071121852 79.5512894789378 89.611937602361 100.720395644506 105.743368466695 109.107911586761 113.960981369019 116.83988571167 121.692389249802 128.498136997223 134.242594242096 147.465686003367 146.293262640635 147.051781415939 153.445820013682 158.353646596273 160.521427790324 161.133448282878 154.614925384521 145.282506942749 141.386429468791 134.712934494019 133.530159791311 142.024626334508 146.535287300746 141.050865252813 130.576272805532 115.879088640213 120.008846124013 133.578221003215 153.910984595617 171.308199564616
9.83501660327117 3.83745040744543 0.744165619835258 0 0 1.97484685728947 8.71834779779116 14.4937026003997 19.4590265552203 22.5787113110224 31.4467350641886 47.4178145329157 55.8845897515615 58.7892731030782 64.3434822559357 70.810263355573 71.4299579461416 74.3771940469742 70.004607240359 71.4679012695948 70.6446717182795 73.1309552987417 83.4365785121918 91.8898681799571 97.0781048138936 103.230575720469 106.694559256236 111.663579940796 115.219404300054 121.924221515656 126.663615306218 140.371849139531 138.022581736247 138.169159491857 139.626393715541 138.842165470123 135.544995466868 141.144593556722 138.366838296254 130.996565024058 132.477223873138 133.448203404744 139.616827170054 149.413526058197 149.253348509471 128.219743569692 107.779800891876 106.000483036041 113.746265570323 130.223830540975 156.866361697515 172.159473101298
31.5684055288633 16.4713934063911 5.42918468515078 0.0723270447148631 0 0.619888810130457 3.28024259457986 9.76350034276644 13.4768138329188 13.9033806820711 17.7263543009758 22.6975704232852 27.8323218226433 33.5987284779549 39.597416917483 49.1142918666204 54.5595983664195 61.1449082692464 67.8185472885768 72.6786305507024 77.4802267551422 80.5513312419256 82.8888416290283 84.7430427869161 90.8421774705251 98.7124443054199 103.564004103343 106.777499119441 113.045156002045 117.050528526306 129.912217458089 137.335439523061 128.547410170237 130.243351062139 130.883038043976 132.004916667938 129.657248655955 123.137325048447 118.027359247208 127.162635326385 132.51139720281 132.200350364049 134.348889191945 136.9269490242 131.910572449366 108.455280462901 86.0107143719991 94.3961143493652 110.221564769745 140.126923720042 163.309276103973 168.206532796224
47.9010790586472 30.0604825218519 18.7830689052741 8.30514046053092 1.7618037139376 0.725499742353956 0.426431380522748 6.06753056248029 9.68153588473797 15.5373948315779 15.0182768702507 14.4778229296207 14.3817067146301 14.7841647267342 17.3674461742242 25.1353085041046 32.5751801331838 45.9993630647659 61.3557696342468 67.9193486769994 77.0258357127507 84.2270155747731 83.3615163962046 82.8054447968801 88.8725419839223 90.1039640108744 95.261553923289 102.976600329081 108.456333478292 115.643878777822 124.309827884038 126.078754663467 121.787955363592 114.18495575587 115.797648827235 120.923221111298 119.536230961482 116.485555966695 110.829184452693 106.358269850413 103.153387705485 116.418500741323 122.492760419846 129.09056742986 127.785752216975 124.230802059174 130.067239205043 136.128743489583 144.294877847036 151.494393746058 155.655572811762 153.77022822698
57.8845342000326 45.3134626150131 31.3953856627146 19.1758337120215 9.90050534407298 2.74855177849531 0.347047268102566 0 4.90710325539112 11.4421869317691 17.8516743083795 18.4580720961094 17.1796207626661 15.0340211888154 11.7409775654475 14.1241823633512 20.9211980303129 30.3802018364271 44.6166545152664 55.2348593870799 67.470242579778 77.0437618096669 83.714226881663 82.4128141005834 83.2312355438868 87.1322254339854 88.103175163269 90.6937817732493 93.6768253644307 104.105671246847 112.204591433207 117.168893416723 108.256191015244 104.067663351695 102.827519178391 102.418462435404 107.905815045039 108.050813277562 106.761405865351 92.8214192390442 88.7050728003184 93.2075579961141 117.823958396912 130.657643079758 132.856726646423 140.251268943151 146.282146374385 149.263968070348 153.261949618657 151.895811160405 148.125439882278 145.734578371048
54.8514823118846 45.0626264015834 34.8223298788071 23.1618831555049 17.1047151088715 10.292824357748 2.20971057812373 0.124596631697689 3.72240816553434 7.40017183125019 12.2030787169933 16.0845095912615 21.1247553428014 21.893747150898 19.0394098560015 17.4389543632666 17.5052757064501 20.4795698324839 26.795948545138 36.8867516517639 47.3133226235708 58.5566212733587 68.2955086231232 71.2778170903524 72.5805511077245 74.3340005477269 74.4046370188395 77.8306225935618 81.9967687129974 85.8624974886576 86.0619942347209 87.9453122615814 92.6346778869629 94.3125685056051 94.7592953840892 97.403625647227 99.6010303497314 102.541883786519 104.974498351415 98.5665222009023 99.6085107326508 104.943205912908 107.276608546575 110.024750232697 117.881774902344 127.007524172465 128.567715485891 137.99066344897 144.687672456106 140.314231316249 132.690628369649 134.463836749395
36.0717723766963 30.018871029218 25.3457700212797 20.6725895404816 15.7193019986153 7.2879580159982 5.655687302351 6.69107896586259 3.92297624299924 1.1948497655491 3.35376430302858 11.0436317821344 19.4438435137272 27.2362952431043 31.2793726722399 29.69874193271 24.6698608001073 21.7325612902641 22.2173780202866 24.0122253696124 29.2467425266902 35.180223484834 42.8488651911418 48.926055431366 57.7552616596222 60.3161851565043 62.8335326910019 65.676545103391 66.5947596232096 66.9504801432292 68.5200939575831 66.6878620783488 70.2597200870514 74.536790450414 85.3356222311656 89.2677406469981 89.7737741470337 94.5094327131907 101.437668005625 107.597460349401 108.965009450912 110.620637734731 108.929028113683 109.259863694509 109.324663877487 110.64209540685 133.600364128749 137.956162293752 137.850046157837 139.235476652781 138.044595718384 135.560224453608
4.9664918333292 1.26403158841034 0 0 0 0 0.524165729681651 7.23228603601456 6.84534447888533 4.08474014451106 1.68099300935864 0 11.7702471713225 22.6779828468959 32.4863841136297 30.2671641111374 28.015727798144 25.3828391432762 22.4061260620753 19.8776461184025 20.5590588351091 21.6734061638514 25.4123037060102 33.8239719470342 44.2326168219248 50.5886276563009 52.2179504235586 52.9038161039352 58.136577407519 59.4779004653295 57.8294098377228 60.1858993371328 61.4791164795558 57.1638246377309 55.357371767362 68.1525617837906 84.6747159957886 86.9106153647105 95.8285133043925 108.917613824209 109.580487012863 108.568221330643 104.794065157572 104.675352573395 103.715499242147 107.278287410736 111.366281906764 110.787550608317 127.049664656321 136.483162641525 138.154764970144 133.755475282669
0 0 0 0 0 0 0 0.362991006113589 9.66925111909707 9.4110518693924 4.92774012188117 1.43998380129536 2.48883788784345 10.5269104242325 21.7018450299899 24.3810142079989 30.3042903542519 30.4785345991453 25.5032603939374 20.6929643948873 18.0745919545492 17.4825514356295 18.1142054498196 23.5995997985204 29.9964199463526 35.3241016467412 37.6646444201469 41.8622742096583 44.2844331264496 47.8809426228205 49.1015315055847 47.6503223180771 45.366292198499 47.8140513102214 45.2216962973277 44.4631477197011 48.6157089471817 64.3232564131419 87.9124601682027 99.0735789140065 100.827097892761 102.261632680893 97.0008869965871 93.1153893470764 95.3126649061839 93.63920489947 96.2649285793304 100.200017293294 102.344413598378 102.864692608515 122.359136740367 127.045263846715
0 0 0 0 0 0 0 0 2.54928693175316 10.9217589100202 12.5022865831852 7.8973937779665 1.09346110063295 0 8.18452487389247 19.6210816502571 28.5454740126928 32.2563002506892 31.5700421730677 27.4493272105853 22.8802015384038 23.4857425093651 24.0308394034704 24.9753693739573 26.3605241974195 27.7068788806597 30.499130487442 37.5151708722115 38.5820989807447 37.3729020357132 40.7501260439555 40.1954005161921 36.2871338923772 33.2920029759407 32.3398460944494 34.7825437784195 33.150593439738 34.25649056832 36.4427318175634 47.8586256504059 64.061830441157 75.198362270991 79.6687205632528 82.8498850266139 84.3432545661926 83.880494038264 81.940824786822 80.5473973353704 81.115444501241 85.134079058965 89.2976721127828 91.9085144996643
0 0 0 0 0 0 0 0 0 4.45008526245753 14.8359313607216 17.6970884203911 14.3034756183624 7.63765039543311 6.4329964419206 16.8441757559776 25.8525336782138 34.4359949231148 38.8849253455798 38.5578349232674 31.9776957233747 31.9847241044044 30.1800295710564 31.0998807350794 32.7794353167216 32.9047093788783 33.710889518261 38.0348761876424 39.7729401787122 33.8110849261284 33.6326907078425 36.3992253939311 33.1926917036374 29.8129816850026 28.9314712087313 27.1692698200544 23.4210416674614 21.35219424963 19.0871680776278 15.7108133037885 22.8960365056992 33.9550177256266 37.9541367292404 47.4420189857483 50.6632427374522 65.0696257750193 66.6762987772624 63.4579360485077 63.7589146693548 64.0935599803925 65.9060577551524 72.2046196460724
0.2441334266526 0 0 0 0 0 0 0 0 0 10.7457948227723 26.7726505796115 32.268966237704 26.7351642251015 17.1815653642019 15.7497376203537 18.539937833945 27.0955537756284 38.2212152083715 45.8538432916005 45.3950216372808 42.5135542949041 40.7419328888257 38.7390106916428 38.6304731170336 39.1948272784551 38.4663095076879 39.5114024480184 40.3633465369542 35.4753484328588 31.808724006017 31.430554886659 26.848445336024 26.4446958899498 24.7652977705002 22.2664698958397 16.8627339104811 13.7604549527168 12.6927867531776 8.92445569237073 7.56700957814852 8.23992490768433 16.7473231752714 21.6324925422668 31.3835094372431 38.976954917113 46.570951739947 56.054413318634 53.3374051253001 51.3844589392344 55.2673687537511 60.3373299042384
0.830040778964758 0 0 0 0 0 0 0 0 0 2.53191683441401 20.6427946686745 33.0456147591273 38.4322727719943 31.5705686807632 18.7476277351379 13.9820675055186 15.429999679327 25.2292032043139 40.9478346506755 49.2453177769979 48.6852129300435 51.0084082682927 46.4070339997609 43.6978489160538 45.1983014742533 45.5444554487864 42.77436931928 40.6372944513957 41.4605339368184 34.9870249629021 31.7330211400986 26.2639696399371 20.389948040247 16.7875687281291 13.6995526651541 10.7623574634393 7.73721809188525 5.96814975142479 4.36378767093023 2.65584358324607 1.18043289209406 1.54098216444254 2.45736818760633 15.6069484849771 28.975968559583 35.5406403541565 41.1926781137784 44.9320425589879 48.3614305655162 49.9730010827382 53.3076077699661
0.423492747358978 0 0 0 0 0 0 0 0 0 0 14.0532876054446 30.2691658337911 41.0511568188667 41.3541148106257 34.2623715599378 30.071809887886 23.2825229565303 18.9360243578752 24.7699419657389 41.5520817041397 52.3763646682103 54.9112906058629 53.0108908812205 49.1598099470139 50.134281317393 52.0646671454112 50.8651336034139 48.1431086858114 45.2881157398224 39.8112411300341 32.4791446328163 25.3764217098554 18.6605229973793 13.6527953048547 10.1784088959297 7.41962778071562 4.59324227025111 3.48398524026076 1.70370982959867 0.423977655979494 0.00884463346058813 0 0 0 9.21183203657468 20.937758187453 26.3182669878006 27.9913743336995 35.1326117912928 43.8464134931564 47.7950672308604
0.0978580113345136 0 0 0 0 0 0 0 0.13684462949944 0.1397620071657 0.294623159182568 8.2958173006773 17.3285727699598 29.554138580958 41.7850067218145 47.9338665803274 48.0787009000778 39.4642675916354 28.940183420976 20.4592011868954 27.1624773740768 43.6782787243525 51.4201571544011 54.9501578013102 57.2819511095683 58.433473110199 59.8706354697545 59.8048120737076 57.6004385948181 53.1601111094157 42.9157565037409 32.99347559611 25.8393287658691 18.6442658305168 12.0731331408024 9.89133802553018 6.11398865779241 2.29979554812113 0.534975784830749 0.0747158483136445 0.000493962033942807 0 0 0 0 0 7.97188964982827 6.49756627778212 13.3753195405006 18.1176091233889 23.886447151502 34.7129752238592
0.112128589535132 0.123763573355973 0 0 0 0 0 0.353936804458499 1.0413002067556 5.10345554600159 9.21149862309297 11.2668946385384 14.5759110649427 21.7220559716225 32.0160314440727 41.1115090052287 46.9777286052704 49.0048229694366 45.8679248889287 33.9859798550606 24.3049015601476 32.3496734102567 40.2448823054632 48.9547153313955 57.4954996506373 63.4379535913467 64.6234651406606 65.586527188619 57.1791778008143 55.7951182126999 44.9440429608027 34.1126173734665 23.2142905394236 16.7068603138129 9.26617905497551 4.76499802122513 2.17699259519577 0.480674401236077 0.0181520469292688 0 0 0 0 0 0 0 0 1.34124141186476 1.40065094456077 7.7845628062884 10.3284853200118 13.353880494833
0.0750099134165794 0 0 0 0 0 0.0220619331230409 0.790058014293512 1.26343880159159 1.28511758521199 1.37200222040216 5.0292257219553 8.30681870381037 11.9890520970027 20.2152306834857 32.6001197099686 40.1423821846644 43.9028094212214 47.0287303129832 47.4253644545873 40.5734578768412 32.0984025796254 34.8292862375577 41.7667229970296 50.1551379760106 58.5200885931651 63.0954255660375 66.6382213433584 56.9151590267817 49.1814663012822 45.9611515204112 34.7578997413317 22.7649236718814 15.3358727693558 7.75472198923429 2.92578836282094 0.308556947857141 0 0 0 0 0 0 0 0 0 0 0 0 0 0 1.53313452998797
0.715991016477346 0 0 0 0 0 0 0.717265453810493 1.64983452608188 1.08888644414643 1.20818987488747 0.524387268039087 1.50024238973856 3.25771824767192 9.60242872436841 18.0400411287944 26.944470902284 32.8616052865982 39.9335150917371 50.8718589941661 54.4192095597585 46.3566432396571 45.1473544041316 48.0561206738154 50.2516726652781 51.2908796469371 54.2449603478114 59.5422287782033 55.7061980168025 44.9189841747284 31.9595436255137 26.0346978902817 15.668660402298 8.12201077739398 1.76285315925876 0 0 0 0 0 0 0 0 0 0 0 0 0 0 0 0 0
7.23739092548688 2.44533224031329 0 0 0 0 0.253547720300655 1.98326678946614 2.30174340928594 1.8450013982753 1.11294910311699 0.463582032049696 0.294043333269656 0 3.06145846843719 11.7648964126905 21.2250923117002 27.8727238376935 34.5347275336583 44.5607999960581 50.2008895079295 62.1356070041656 66.2222405274709 64.1043285528819 58.371514081955 51.0769337415695 46.3765164216359 41.9395864009857 50.4343410332998 38.8200730085373 24.1121798753738 13.3331877489885 5.77879386643569 0.434278044849634 0 0 0 0 0 0 0 0 0 0 0 0 0 0 0 0 0 0
29.8501973350843 24.1206487019857 6.40577077865601 0.560137676075101 0 0.0154312862529575 2.51470475147168 2.8886233145992 2.26267504816254 1.62853098784884 1.14356524621447 2.18303051466743 5.80098479986191 4.45618418355783 5.31489650408427 9.294044226408 17.3758094509443 24.4939873615901 28.925562898318 31.3619325558345 35.4128008087476 47.2016483545303 56.7151109377543 60.6724917888641 59.4443281491598 54.358904560407 47.2548256317774 41.2458181381226 34.5469166835149 27.9874354600906 12.2350479165713 2.91730153063933 0 0 0 0 0 0 0 0 0 0 0 0 0 0 0 0 0 0 0 0
57.1991155544917 47.4055806795756 18.9533109466235 3.53738479316235 0.0309893730445765 6.80015857021014 3.84741586943467 3.49326835324367 2.3814410281678 2.10693757981062 2.0716170159479 1.26282086906334 8.80563259124756 11.9792247811953 9.47916321456432 10.1891942322254 15.3095362087091 22.1499005953471 27.4357149998347 21.2899719675382 19.9634631474813 23.2292637228966 33.3777666091919 42.1396295229594 48.9629407723745 48.2970674832662 42.4629896879196 36.898210644722 16.0755577186743 7.52785181005796 4.3323989957571 0.706003901238243 0 0 0 0 0 0 0 0 0 0 0 0 0 0 0 0 0 0 0 0
