input/barkrak2/radiation/dir32824.grid
NCOLS 85 
NROWS 70 
XLLCORNER 665100 
YLLCORNER 4664600 
CELLSIZE 20 
NODATA_value -9999 
[rows 23 to 45 of 70, columns 0 to 51 of 85]
70.3491369883219 59.9557260672251 28.7226686875025 11.8263140320778 7.73216659824053 13.3376928667227 14.6304108202457 5.30533120036125 3.80903575569391 3.46233633657297 3.53237676123778 12.5119512279828 15.0359906256199 18.6054309209188 16.5985537072023 16.7181665698687 22.7923666437467 31.1561947067579 36.0115046302477 29.4934834043185 28.507187962532 32.8380316495895 43.6366697152456 54.1995068391164 60.0569893916448 59.9906692902247 53.3625582853953 46.248326698939 28.9633398254712 12.0112511018912 8.11636820435524 2.35368932286898 0 0 0 0 0 0 0 0 0 0 0 0 0 0 0 0 0 0 0 0
70.0494199991226 66.0291761159897 44.5831418037415 16.5879093110561 1.12057391864558 10.7043075064818 6.8068690598011 11.7841064929962 5.80572399000327 4.93527296930552 4.45083435624838 9.12449757258097 12.8285512328148 16.6662496825059 16.9918537139893 16.3206495344639 20.0918217500051 28.9150426785151 34.327653547128 29.0309712290764 27.2579863667488 24.3151187896729 31.4666504661242 38.8898402452469 43.6667899290721 44.1284080346425 41.1833847562472 37.5248789787292 17.204288393259 7.31102501352628 3.74932152529558 2.46684718877077 0 0 0 0 0 0 0 0 0 0 0 0 0 0 0 0 0 0 0 0
57.4903090794881 61.7096076409022 54.7037025292714 25.772122045358 2.97042230765025 13.1473814447721 19.9418601890405 27.5808200240135 28.0651996533076 22.4560126662254 17.9154699047407 19.6111363669236 18.8084567586581 23.8338261842728 22.766982515653 18.4144116938114 19.2417365809282 28.353529671828 34.8634844024976 37.2124239802361 37.3603378732999 33.4479461113612 30.5759385228157 30.9774950146675 33.4954783320427 35.4588702321053 31.8554292122523 32.3176234960556 18.8205776115259 14.7743547956149 11.9831214348475 15.0449747840563 9.9568764368693 0 0 0 0 0 0 0 0 0 0 0 0 0 0 0 0 0 0 0
56.1979711055756 61.1002147197723 58.8273058334986 34.6382384498914 12.6276537775993 24.8443782329559 37.1521164973577 46.8250066041946 54.1034688552221 47.4344740311305 31.7307660977046 33.760574956735 31.181275844574 32.9920177658399 33.5846344629923 25.1191904147466 22.5160295764605 29.6089376012484 36.9947503010432 46.1325347423553 48.2408205668131 44.9475646018982 38.2755200068156 32.8574528296789 33.1974178552628 35.0518772999446 31.0829530159632 38.127675652504 35.8383506536484 34.4514499107997 38.6560236414274 54.7724068164825 62.6308272282282 42.6906943321228 0 0 0 0 0 0 0 0 0 0 0 0 0 0 0 0 0 0
57.5474252303441 56.5723230441411 56.6372374693553 40.3539588054021 36.3845278819402 44.0661609172821 58.8396141926448 62.5196943680445 62.5572005907694 53.0414432287216 42.224923769633 37.3221089442571 35.7301831245422 35.5142205953598 38.3018652598063 32.754456003507 28.418409327666 33.148559431235 45.7798540592194 50.288125872612 47.3500539859136 39.4904265801112 37.3249376813571 38.7090841929118 38.927952448527 38.969246049722 36.880798637867 46.7392106850942 62.8818521896998 67.2542403141658 71.0231363773346 77.5695145130157 87.653378645579 93.2494401931763 49.9971210956573 0 0 0 0 0 0 0 0 0 0 0 0 0 0 0 0 0
60.4464213053385 50.3695607185364 50.8732149998347 42.9710745811462 55.3546647230784 58.1336816151937 61.3796263933182 59.4549824794134 53.2621045907338 43.105274438858 36.4971359570821 32.0169627666473 34.1877217094103 38.205253581206 39.3464515606562 41.6715542475382 35.5890641609828 33.0388993024826 42.1969542900721 44.3377743164698 41.8098072210948 35.176952679952 35.6120790044467 41.0850097735723 43.7927047411601 40.5370071530342 41.1773572365443 46.9097991784414 69.1940685113271 82.0373545090358 89.0253484249115 92.9421186447144 99.9696652094523 103.174308935801 93.1223630905151 25.0739678740501 0 0 0 0 0 0 0 0 0 0 0 0 0 0 0 0
61.5767935911814 45.6600735584895 45.7694778839747 47.7038274208705 57.1408768494924 57.6907793680827 48.4945277372996 36.6115247209867 12.4641917645931 11.9945170978705 21.5669373671214 25.2111877004306 30.5682669083277 38.6300931374232 41.3545444607735 45.8658039569855 42.3038403193156 30.5395772059758 32.8129380941391 36.2630436817805 35.3548576434453 35.5650782585144 35.4213987787565 40.8509820699692 45.8992123603821 43.3548291524251 45.3422218561172 47.3231126864751 63.0390346050262 84.6938490867615 97.3140001296997 104.27921017011 104.537099599838 105.419705311457 112.660050392151 93.3783153692881 20.06001273791 0 0 0 0 0 0 0 0 0 0 0 0 0 0 0
60.639351606369 61.1544897158941 79.5910209417343 108.278006315231 86.8232945601145 62.7981722354889 40.6945794820786 11.2295957903067 7.99216950933139 16.9159770011902 8.12719824413458 5.83788380026817 29.3398996194204 38.886750737826 42.4505025148392 50.3116647402445 46.6976314783096 34.9740386009216 34.2215647300084 37.5957141319911 34.9139496684074 38.2562627394994 39.8818130294482 42.0372535785039 47.5458105405172 51.8475075562795 50.1330196857452 52.8146177530289 64.7549579540889 87.8846844037374 103.527824083964 107.904702425003 105.836888154348 112.916767597198 121.790955464045 126.051048437754 97.7746446927388 42.7593290805817 1.31575654571255 0 0 0 0 0 0 0 0 0 0 0 0 0
71.8428045511246 102.593183517456 148.241539796193 169.100721677144 147.663007179896 100.793232520421 57.5948655605316 32.1621720989545 26.8372495969137 30.8165997266769 24.8009537657102 21.3678653041522 29.1311368346214 38.3631239334742 49.1151710351308 51.9815335671107 48.6341218153636 42.6659733057022 37.2779170672099 38.1448417901993 38.5327016313871 41.3681666056315 43.5504168272018 44.1063344478607 48.4142551819483 59.0720723072688 59.7241620222727 64.9466713269552 73.8212118546168 89.6456142266591 102.228939533234 110.292027393977 111.985743045807 118.793000777562 123.909443616867 124.580293893814 117.548008759816 97.7343817551931 38.7684231003126 0.402842260276278 0 0 0 0 0 0 0 0 0 0 0 0
127.890169620514 163.025359312693 188.825448354085 190.250158309937 186.737994352976 162.08153963089 121.556828419367 86.6870184739431 67.9713189601898 57.9414268334707 52.6075462500254 43.3718015750249 32.9330960909526 35.6738219658534 44.445738196373 53.5808801651001 47.3403930664062 48.1758316357931 38.0529090762138 36.2741748491923 40.292943517367 41.5783450007439 42.1121815840403 42.8561170895894 46.9006150960922 59.3032439549764 64.643790324529 72.4716434876124 80.9287230173747 88.7773136297862 98.6041029294332 108.441134293874 110.345741113027 108.863602081935 111.438830693563 103.795905907949 106.353064378103 93.0046240488688 50.6046712398529 1.63518901293476 0 0 0 0 0 0 0 0 0 0 0 0
180.507222811381 197.499056657155 202.85298426946 200.51379998525 203.325768311818 197.993258635203 177.748223145803 138.054629166921 102.014124393463 80.0246894359589 80.7203153769175 71.263646086057 48.6879845460256 42.3827866713206 45.2859699726105 48.7900674343109 42.7226175864538 43.2636837164561 36.7862060666084 38.1546765565872 36.8624925613403 38.7808531522751 38.0636205275853 38.5211656490962 44.6496059497197 53.4993211428324 63.7987752755483 67.508190870285 77.0942767461141 88.6316100756327 97.539891799291 100.619494915009 93.2420293490092 83.2647085189819 86.0000153382619 72.7004905541738 73.5606253147125 59.8123321930567 24.1042698423068 0.489938305690885 3.52008764942487 1.61264464259148 0 0 0 0 0 0 0 0 0 0
195.504069328308 203.01882425944 202.506264050802 204.83539501826 204.686462879181 201.999227205912 194.050749142965 163.943658272425 118.336309989293 91.8362140655518 93.9353009064992 88.4076654911041 73.0689615011215 53.1512449185053 45.8107491334279 46.2559709946314 40.9158791104952 37.3687073588371 36.9567821423213 39.7148778041204 35.9476804733276 35.9057535727819 36.873737970988 38.1769190231959 42.1102742354075 48.644150296847 57.5538476308187 58.385024468104 66.91641608874 83.4473967552185 91.2586847941081 88.8618628184001 84.3732555707296 78.1136850516001 71.789359052976 60.398409763972 64.1378810008367 61.4984681208928 42.9551651080449 11.5247828265031 11.1480429768562 0 0 0 0 0 0 0 0 0 0 0
188.530226548513 191.920757293701 188.927392164866 191.049853960673 189.978321393331 185.008764266968 178.659796714783 162.849555412928 126.091380914052 104.494641224543 99.5627045631409 92.5176640351613 83.6559732755025 59.4926178455353 48.4641939401627 50.3712097803752 43.8122848669688 36.0614409049352 39.5580132802327 40.6387373805046 39.7017647822698 36.41560425361 39.8944765329361 43.7084933121999 41.7905946572622 46.4345018068949 50.7321755091349 51.4167696237564 57.9548080762227 74.8603045940399 84.3275984128316 83.3178261915843 86.1734747886658 87.0156486829122 71.6313670078913 66.3743317127228 70.0065940618515 76.3521989186605 71.1887776851654 34.5615396896998 0.83885636801521 0 0 0 0 0 0 0 0 0 0 0
162.439664204915 166.275133689245 168.857177098592 166.142334540685 164.546281099319 163.411776224772 167.22708940506 164.952655633291 137.158662080765 114.688773949941 100.374986728032 85.8639180660248 76.2195984522502 56.7092448472977 45.3417251507441 50.194596250852 52.2812902927399 41.2782107790311 43.417568008105 46.2625076373418 45.9833045800527 41.8859670559565 42.7514066298803 45.0080434481303 44.0062880516052 44.2054023345312 49.8490581909815 55.0434937079748 58.6825708548228 69.8943833510081 81.9374571243922 85.2275888125102 86.968203385671 90.9206668535868 75.3006041049957 75.1535644133886 75.2689987421036 83.1289937098821 82.6463798681895 45.3025897343953 0 0 0 0 0 0 0 0 0 0 0 0
138.923068841298 148.718863725662 160.507649183273 157.585402329763 156.353712081909 162.236978610357 172.292232513428 174.601634343465 156.83525800705 127.064168453217 103.818148374557 78.1428416570028 61.6083443164825 49.9988496303558 41.6177039345106 45.1559325059255 55.1219334204992 48.4523326158524 45.757512251536 48.5542019208272 49.1066028674444 45.3671564658483 43.4830536444982 45.0914353132248 46.3941891988119 45.878991484642 48.7127403418223 56.9195697704951 59.5851788918177 63.9611730972926 75.2173115809758 86.2403412659963 88.7173215548197 82.4587643146515 71.8313852945964 83.1675678491592 86.1520171165466 89.3050928910573 89.9641911188761 65.1452591021856 0 0 0 0 0 0 0 0 0 0 0 0
102.620999018351 114.066332578659 122.360289096832 127.302219470342 135.757942994436 151.868979136149 166.850507259369 174.900511900584 171.945611635844 142.759164174398 108.850419521332 76.1894236008326 57.8243931134542 54.1815261046092 46.8142181634903 41.074534257253 51.0603288809458 51.676074663798 46.1193025112152 45.9954390923182 47.0444907744726 44.5655683676402 41.7265444993973 42.8856511910756 46.0982372363408 49.6917863686879 49.298827846845 54.2399038871129 58.9117507139842 59.2761188745499 67.3600137233734 81.542561451594 86.2776041030884 73.0269054571788 74.2850552002589 90.2035137017568 95.7708160082499 93.4620996316274 93.7700271606445 89.9622241655986 36.847102145354 0 0 0 0 0 0 0 0 0 0 0
68.3665176232656 74.8562961816788 74.507142106692 84.4471653302511 100.344091653824 117.483029762904 132.850875457128 145.979980627696 148.767024278641 125.079929828644 89.7801915804545 65.0357306003571 52.8676609198252 51.195298631986 47.7267901102702 42.8067743778229 47.8626787662506 48.0283747116725 41.9122477372487 42.211651802063 45.0715323289235 48.0478505293528 47.1339424451192 43.9044932524363 43.2838002840678 45.4900612433751 50.7144232590993 54.3818324804306 58.0815027157466 57.9721281925837 59.6118718385696 71.2996423244476 79.2159636815389 75.7389614979426 92.9452379544576 99.4018912315369 99.596510330836 93.7198599179586 97.6602435112 110.853344202042 101.039389769236 44.5783982674281 0.112322935213645 0 0 0 0 0 0 0 0 0
57.5712571541468 59.5936129490534 59.3863477309545 61.5586439768473 70.1910555362701 76.1021673679352 80.2431752284368 85.603545109431 86.4703456560771 71.6979751984278 56.1928649743398 52.3214737574259 51.0345846414566 48.2786248127619 46.8012144168218 47.8937327861786 46.6027905543645 45.8934853474299 41.7611549297969 41.7176882425944 45.8331207434336 50.8286704619726 51.9247949123383 48.6491074164708 45.9479540586472 44.5487797260284 52.3285965124766 55.2377104759216 59.1597557067871 58.8730573654175 59.0240806341171 64.5098785559336 73.1986214717229 81.9493035475413 99.6450583140055 99.344531695048 91.3342833518982 82.9088985919952 86.4505072434743 100.857714811961 111.957023541133 102.9279033343 54.6006858348846 4.35533871253331 0 0 0 0 0 0 0 0
65.7042016585668 63.2170438766479 63.4553879499435 63.0550136168798 59.7734798987707 57.7749460935593 56.3520888487498 57.7926139036814 62.5900675853093 55.0527473290761 47.5223511457443 49.210195740064 52.8301894664764 53.0598809321721 51.8165131409963 49.9948859214783 44.8070367177327 51.7843315998713 53.028017282486 49.2457201083501 51.4283726612727 51.8958071867625 50.253356496493 52.1786560614904 54.3141067028046 50.0556031862895 53.9941986401876 56.4310053984324 58.4373126427333 60.9560310840607 61.5044285853704 64.0220145384471 71.2538162867228 88.2340768973033 93.8000679016113 88.384489218394 78.2967954874039 68.9662049214045 67.0529454946518 77.1746138731639 102.581292390823 107.536097367605 84.518959124883 33.3076193928719 0 0 0 0 0 0 0 0
69.9572463830312 67.2441969315211 69.9890851974487 68.7235444784164 61.9396468003591 58.8536560535431 56.6457708676656 53.9765904347102 54.1134178638458 51.0780165592829 49.379974603653 49.5119392871857 53.5020728905996 57.0261031389236 57.2803318500519 54.1674246390661 51.2147098779678 56.5242071946462 58.8809301455816 53.2456338405609 50.8929044008255 48.5826581716537 45.402134458224 47.2714205582937 52.2288580735525 49.5611727237701 46.7774917682012 51.2180179357529 55.0152907768885 57.7860027551651 59.9201569954554 59.6778243780136 68.6335265636444 86.6862932840983 92.8468108177185 79.1901648044586 69.0412273009618 65.7275021076202 65.870260198911 73.6159235239029 79.4977098703384 82.2665989398956 70.8573162555695 40.8925414085388 0 0 0 0 0 0 0 0
54.6232511599859 57.2656542062759 65.8459365367889 63.2510830958684 65.7768249511719 68.0958181619644 67.1913772821426 63.2052520910899 53.0878156423569 51.6171008348465 55.076668659846 51.7242252826691 52.3205896218618 56.405320763588 57.362953821818 54.7504325707754 56.8409860134125 58.7564607461294 58.4451456864675 53.8835227489471 49.4569689035416 46.4952240387599 44.3852295478185 44.492761294047 47.0914194981257 51.1376361052195 46.0788110891978 48.5131591558456 52.4715582529704 53.7528395652771 52.2674222787221 51.546369989713 60.8533571163813 74.5743215084076 79.7537316878637 70.7101176182429 67.1296914418538 69.933811823527 71.9996988773346 73.489914337794 68.9624647299449 67.04381108284 63.4280741214752 39.6787251035372 3.01520836850007 0 0 0 0 0 0 0
53.1082451343536 58.8945597410202 61.7862989505132 62.5530232985814 64.2996529738108 66.8455461661021 67.1137819687525 63.3128186066945 59.1146995623906 55.2387088537216 56.7779292662938 54.5609146356583 52.2467543681463 50.1956393321355 50.0032603740692 50.7704218228658 48.0569750070572 54.8879553874334 56.3846528530121 54.3221135934194 50.2390215794245 48.1683313846588 47.7180530627569 48.8907247781754 46.5358098347982 55.1665077606837 57.9851269721985 54.6356936295827 54.3161630630493 52.6988506317139 48.4847327073415 46.2029725313187 52.6170233885447 56.1769008636475 61.9889448086421 65.2059068282445 69.2508717377981 75.3671328226725 76.7369667689006 70.4247305790583 68.7321523825328 63.7691120306651 60.8944147825241 44.0379430850347 15.5138994256655 0 0 0 0 0 0 0
59.3032985925674 63.9434109131495 61.103363831838 64.3709699312846 63.0073050657908 63.087393840154 64.767986536026 63.3970002333323 64.6326641241709 60.5619500080744 59.6898049116135 58.6030781269073 54.7629396120707 50.2549707889557 49.334059158961 53.3403853575389 49.2898474136988 52.5801380475362 56.3527494668961 55.6555340687434 52.844117085139 51.4940122763316 50.942654410998 53.0463804801305 53.700586160024 54.4995119174322 59.9090109268824 58.0061276753744 55.3948928912481 53.7927150726318 49.7711499532064 46.5017358462016 50.2060304085414 48.6707637707392 49.3372430404027 52.7954796950022 59.5821539560954 68.3639844258626 67.2893524169922 56.8271776040395 60.8655959367752 56.5056701501211 56.133821606636 53.5609821478526 36.5807165702184 7.3856891443332 0 0 0 0 0 0
