input/barkrak2/radiation/dir35324.grid
NCOLS 85 
NROWS 70 
XLLCORNER 665100 
YLLCORNER 4664600 
CELLSIZE 20 
NODATA_value -9999 
[rows 0 to 22 of 70, columns 0 to 52 of 85]
42.087187369664498 54.4811685880025 63.5218322277069 74.1175512472789 81.5785080194473 83.3756029605865 88.2733662923177 87.938129901886 93.8801765441895 101.654857397079 118.279824654261 114.563246568044 110.321581363678 109.44269100825 111.064573129018 97.1730450789134 85.8828922112783 75.9705851475398 75.7350673278173 76.2620468934377 84.1153860092163 99.8636384805043 114.652583996455 118.414203325907 121.470034122467 127.546499172846 126.383284727732 120.531181494395 117.281556129456 122.115314006805 118.849227825801 139.16344443957 168.820341428121 161.602894465129 160.749653975169 155.509521563848 160.814026991526 166.056136290232 160.813440879186 162.531644105911 157.989869515101 167.617738246918 171.54860496521 163.877248764038 156.382819016775 164.600114027659 174.871345361074 131.867418686549 88.9526009559631 85.2642158667247 105.466544628143 144.503384828568 174.716869990031
26.5705237785975 37.4020859599113 44.7001904249191 53.4989535808563 64.0006164709727 67.6039159297943 74.2578208446503 78.0708243449529 84.9072635173798 90.0514821211497 95.9841907024384 97.7222919464111 108.595987161001 111.028581857681 111.109713713328 99.4320909182231 92.0005937417348 84.4303071498871 79.3881267309189 77.9610772927602 91.5829141934713 111.437022686005 124.124924341838 125.399301449458 127.849946419398 132.05561041832 129.443943500519 123.356312513351 119.786977767944 120.284100373586 126.568267742793 147.935579220454 168.263296286265 161.640425523122 159.287293752035 155.958831310272 161.140153805415 164.634088675181 159.702012936274 159.921109676361 158.920347690582 162.307242552439 158.467163642248 148.243486881256 143.170694510142 156.484444936117 158.95547469457 123.735189437866 96.2218741575877 105.443159739176 132.15043147405 163.405070702235 179.956833521525
9.06681393583616 12.2524313628674 17.6150426268578 23.1812049945196 28.8600226243337 33.3795597155889 42.3435519138972 54.3820858001709 67.8811371326447 72.2554673751195 80.9903393189112 80.7880014181137 88.5101358095805 93.0790404478709 96.02024157842 101.685841878255 98.1533726056417 90.1440978050232 77.350507179896 71.9011624654134 83.3100726207097 100.607752799988 115.959783395131 119.776507218679 124.095221360524 125.768075386683 124.996572732925 122.11067477862 121.063113212585 125.010907649994 133.684188127518 155.862381060918 168.273309866587 162.83850868543 158.648858467738 158.455928166707 165.267646312714 167.290230592092 158.85184208552 155.007521311442 151.940484841665 147.761960824331 137.954970200857 130.566298961639 132.220447063446 145.338187615077 141.776988903681 117.539902528127 110.906541347504 131.932963927587 154.982149600983 173.897941907247 179.138580958048
3.35959314058224 3.36524161199729 5.10190334171057 5.34044578671455 4.17791896810134 9.78271476924419 15.1961656908194 24.6678640445073 36.1996243397395 47.5277503331502 55.0805429617564 65.7451202472051 76.0726432005564 78.6117166280746 84.8763684431712 87.977667649587 85.9492123126984 82.4079811573029 73.1321026881536 73.7429211537043 74.61712261041 79.1728347539902 89.2831087112427 100.431740283966 103.681484858195 108.669678370158 113.396654526393 115.739077329636 122.53350019455 127.21770008405 134.650439023972 145.633717377981 144.146064917246 147.931595643361 151.615083217621 158.977766831716 161.21310989062 159.254759550095 152.858763933182 143.749316533407 139.995813369751 133.509745200475 133.687992890676 142.275522152583 147.026558717092 139.516035715739 129.407336314519 115.019222100576 119.245568911235 133.339772621791 153.207669655482 170.293927192688 171.594818433126
10.0428325434526 3.94378850857417 0.634633198690911 0 0 1.80353053535024 8.43574417134126 14.3649987876415 19.3635299801826 22.7261210481326 32.9891617099444 45.0396190087001 54.7548830509186 60.1947903633118 66.7643149693807 68.5306092103322 71.0464417934418 73.9281078179677 69.557045896848 71.0843503475189 72.2369650999705 72.7596829334895 81.5740525722504 89.9069209893544 96.9695647557576 103.079279263814 106.538305679957 109.647125005722 116.48349960645 118.948270877202 126.858552296956 141.394515832265 135.760486125946 138.938248157501 137.838234504064 139.549414316813 136.316915353139 141.804615656535 138.854642709096 131.401717662811 131.122231483459 132.140626509984 139.94492093722 147.918562094371 147.703597942988 126.955370108287 106.89115524292 105.255385239919 113.656421502431 130.156258742015 156.870603561401 172.302961349487 164.608736832937
31.9729621211688 16.7134280006091 5.55101844171683 0.0841709746358295 0 0.70105508590738 3.61257481078307 9.61110616723696 13.8604218761126 14.0985424319903 18.2624955972036 23.5929538806279 28.9259602626165 32.314121723175 39.3102293213209 47.5178509950638 54.920569062233 60.6720149517059 67.3439204692841 72.9555934667587 77.0702262719472 80.2419036626816 82.6713542143504 84.5212837060293 92.4978057543437 96.6237684090932 101.455370585124 106.626451015472 112.92024453481 118.486791849136 127.761056025823 135.800898075104 129.245767990748 128.735055526098 131.388207276662 129.84362244606 127.591023842494 124.093075593313 118.773271640142 127.33405828476 132.89882739385 132.557213306427 134.716967741648 137.330820163091 132.223029931386 108.496606349945 85.4500035444895 93.7573611736298 110.223839680354 138.857205708822 161.852618058523 165.204127629598 156.58230582873
46.6830084721247 30.4384877284368 18.0973137418429 8.11631605029106 1.74615439027548 0.821499774853388 0.434733228757977 6.25432655215263 10.2873456974824 14.4196140269438 15.1872833569845 15.1366914312045 14.9962740639846 15.3445576628049 17.5930224359035 25.9467214345932 33.5805167754491 45.6332017978032 59.6353461345037 69.7661638259888 78.9358715216319 82.0686916510264 83.0950985352198 82.7053139607112 88.6698067188263 89.9847050507863 96.8748529752095 100.874851147334 106.336375077566 113.452593485514 124.538868665695 127.660195032756 116.744707028071 114.698777596156 117.032716671626 119.627316792806 118.106623490651 114.638417959213 111.329029003779 104.725102583567 103.710333506266 115.202059348424 122.807820638021 129.461010297139 128.04459532102 125.473996003469 130.26358683904 134.856045246124 142.833948135376 152.135690053304 156.335055828094 154.349585374196 147.915283838908
58.4760357936223 44.0412014722824 31.853844722112 20.040982713302 9.35321549574534 2.87982200582822 0.231972119460503 0 5.26037439703941 11.6990096867085 17.5899031261603 18.1750357151031 16.5608103076617 14.802873134613 11.3913056751092 13.9624215662479 20.326786985 30.1351696252823 43.3748016754786 54.9606531858444 65.6188825766246 77.1672079960505 83.4614833196004 82.1973780790965 83.0277105172475 85.2284332116445 86.1703356107076 90.5952155590057 93.6553180217743 104.145934184392 112.405151128769 114.929755528768 108.638803164164 105.260024468104 101.703345775604 100.587626298269 108.299066623052 108.453611532847 107.148408889771 93.1757092475891 89.1010562578837 93.6954418818156 112.20250527064 129.124303658803 133.302350838979 138.756225506465 146.770844856898 147.652645905813 151.512920856476 150.067428747813 146.36641740799 146.254559357961 142.04063018163
53.5278071959813 45.6360429525375 33.5714742541313 23.6493895451228 17.5262590249379 10.9424566229184 2.36729253083467 0.143750822947671 3.4961694230636 7.84419911603133 12.0000615715981 15.7963211337725 21.5291157364845 22.7071344852448 18.7905455629031 17.2939238448938 17.0101585487525 19.6782710651557 26.8535440166791 36.7383286356926 47.3415106534958 58.3181480566661 68.0163403352102 69.5217698812485 72.3444223403931 74.1775135199229 75.7515331109365 77.7431627114614 80.2106459935506 83.8915010293325 83.9853485425313 89.3039703369141 93.7962134679158 92.5336281458537 92.986782391866 95.6540902455648 97.8933771451314 101.341863473256 103.760490814845 98.9354451497396 98.0757772922516 103.238075971603 108.073979616165 110.829502344131 122.891704241435 127.416829268138 129.008869330088 136.364489793777 145.305633544922 140.916009744008 133.246610562007 134.993741909663 135.280023018519
35.1165408889453 30.4639215270678 25.8333782354991 21.1535866061846 14.928326010704 8.0072811494271 5.33107916514079 7.24801793694496 3.6858165015777 1.2169536203146 3.09094227850437 10.8396920065085 20.2865737179915 27.6374667882919 30.9748078385989 29.9312894543012 23.6251826087634 22.3089580734571 21.5862343708674 23.9104554057121 29.9242809414864 34.9853287140528 41.7382717132568 49.9990979830424 57.5036307175954 61.4454597234726 62.6919766267141 65.5287206172943 65.1006400585175 68.09101998806 69.6083704630534 65.9470856189728 69.3669865528743 74.8525311549505 85.6236716111501 89.5632008711497 88.1826678911845 92.9620365301768 101.805587609609 108.06941986084 109.677096207937 108.682781457901 109.813034534454 110.090345144272 107.49958952268 108.860075473785 131.967355807622 136.143386363983 138.530234495799 137.523760398229 136.276066303253 136.18936141332 136.343061923981
5.06281790633996 1.28549508129557 0 0 0 0 0.552926096133888 7.45946479340394 7.33552252252897 4.20173102368911 1.63999665528536 0 11.6036757826805 23.009014626344 32.1666772166888 29.3588961164157 27.7510533730189 25.5064517259598 22.2800448536873 19.7921395301819 20.0176400442918 21.7362989981969 25.193989276886 34.4763845205307 44.0050413211187 49.4416505098343 52.0686407883962 52.7963588635127 58.0580333868662 58.1256846586863 57.9397430022558 60.3529711564382 59.9051962296168 58.1583281358083 56.3222865263621 66.7647371689479 83.1670214732488 87.3230894406637 94.2209164301554 109.696686267853 110.428303480148 109.428475300471 105.676800012589 102.738112211227 104.507754246394 108.081797758738 112.254569927851 111.708581447601 127.805918455124 134.606818358103 136.255522569021 131.936172644297 132.820039987564
0 0 0 0 0 0 0 0.387917466772099 10.3701738019784 8.91050385932128 4.78517667700847 1.39335993056496 2.48449885596832 10.4131021847328 21.4422792196274 23.6383105317752 30.0136655569077 30.2316223581632 25.3228197495143 20.713746547699 17.936147749424 17.2997390230497 18.4061167140802 23.4489962458611 29.3082594871521 34.542607764403 38.2451266050339 40.9839029113452 44.2266364892324 47.8592415650686 47.9340404272079 46.9645808140437 46.1234052975973 48.5527416070302 45.5822298924128 43.0592397848765 47.6700315872828 64.93246058623 86.3670706748962 99.7106830279032 101.637502511342 100.40803750356 95.1876143614451 91.3450717926025 93.5616592566172 91.8706953525543 94.4130122661591 98.2368389765422 100.318630536397 100.772678852081 120.029201110204 127.722432216008 124.865919351578
0 0 0 0 0 0 0 0 2.46596755459905 11.6575273374716 11.9486674666405 7.73517849544684 1.06676830910146 0 8.04962341984113 20.217922826608 29.3745920062065 31.3487003246943 30.7469591498375 26.7548312743505 22.7228825290998 23.5424612959226 23.8627220193545 24.4081194202105 26.7628530661265 27.5219256679217 30.4071754217148 36.7892781893412 37.7548411488533 36.4888235926628 39.8140748341878 40.3412381807963 36.5146125356356 33.8554332653681 32.9201022783915 35.3586226701736 33.6011772354444 33.0505023399989 31.376173098882 48.4063724676768 62.4877313772837 73.6948102712631 74.0962276856105 83.2502295573552 82.7518999576569 82.2525123755137 80.2733997503916 81.3179165124893 81.93505803744 85.973064104716 89.9182160695394 92.7041172981262 107.298890749613
0 0 0 0 0 0 0 0 0 4.83745522797108 15.2327567338943 18.4725647171338 14.5171818633874 7.83447983364264 6.40505614380042 16.7246336738269 25.1342505216599 34.174586335818 38.6240482330322 38.3309076229731 32.6450392603874 31.2231456240018 30.7115167379379 30.4021487633387 32.6296637455622 32.230036954085 34.1284920771917 37.9957283536593 39.7157073020935 34.2374990383784 34.1017246246338 36.8755608797073 32.5101986527443 28.8688167929649 27.9345562060674 26.2879158059756 22.4983394145966 20.3101659814517 18.1226506829262 16.1811361710231 21.8155905604362 30.4885928829511 35.0436841448148 44.4193184375763 48.8232970237732 64.3303891023 67.1092371145884 64.3455187479655 64.0687296787898 64.4019395112991 66.0898387432098 73.4048585096995 78.3407837152481
0.216994182361911 0 0 0 0 0 0 0 0 0 10.1642080893119 25.7732371489207 31.9348747531573 26.5321483214696 16.6709795594215 15.7000198960304 18.0483957131704 26.9461621840795 37.2421418627103 45.592466990153 45.4449057579041 42.3176189263662 41.4606978495916 38.6031741897265 38.4896049896876 38.3757948875427 38.9703164498011 39.5129794875781 40.0170013308525 35.1054221391678 32.2067563732465 30.5345579981804 27.0755713184675 25.584469238917 25.1840278506279 21.3522613048553 17.2017986575762 14.1337191065152 13.0511385699113 10.3041442732016 6.85720021526019 6.17686907450358 14.4334187110265 23.1041659911474 29.273842771848 38.8682236274083 46.490952372551 54.3900479873021 51.2016316254934 51.514595746994 53.3166577418645 57.2488307952881 65.8196260531743
0.793232427289089 0 0 0 0 0 0 0 0 0 3.19337596495946 20.8788936336835 34.4016402959824 37.1590306361516 32.4975773692131 18.6292206247648 13.624019920826 15.3513277570407 24.5866899689039 40.773332118988 50.2833674351374 48.4707802534103 49.8829483985901 45.3789979219437 43.5708860556285 44.9829498926798 45.5325444539388 43.2887226343155 40.2814423044523 41.4968853195508 35.1483076810837 30.851182838281 25.4185100396474 20.7433340450128 17.0511528849602 12.9995979368687 11.047936975956 7.21921399235725 6.2110461294651 3.93397826701403 2.84051336348057 1.30632566288114 1.58497489367922 3.68424908568462 13.8838936885198 27.111346522967 33.5686877369881 41.1771188179652 44.9389517307281 46.346644560496 47.9698876539866 51.2604216734568 55.7715694109599
0.402578812402983 0 0 0 0 0 0 0 0 0 0.213324557989836 13.4272947907448 29.1731804609299 40.6679560740789 40.9721881151199 34.5369825760523 29.2477930585543 23.2356165846189 18.4458655615648 24.7189576427142 40.581817428271 52.1784921487172 54.7561893860499 53.8753817478816 49.0322013696035 49.8647789160411 52.0763943592707 50.4354983568192 48.7258235613505 45.9126234054565 37.7956901987394 32.6885928710302 25.601456562678 18.8933884104093 13.8825513422489 10.4013693829377 7.61766483386358 4.76134972025951 3.14207592358192 1.55369456236561 0.209982312905292 0.0158321648389877 9.79595964418238e-34 0 0 9.26056193808714 19.1977396607399 24.4321872790654 27.9527927438418 35.1154208183289 42.0476347208023 47.9006816943487 52.5271693865458
0.0898161088116467 0 0 0 0 0 0 0 0.199894944671541 0.27671984086434 0.287548852308343 8.44386902948221 17.3730589449406 29.2969693740209 40.5147473017375 48.2413421074549 47.8054036696752 39.260412255923 28.2203430930773 20.4695661862691 27.1483237544696 44.4680353005727 51.3112644354502 54.7959258159002 56.1431248982747 57.2427958250046 59.9203805128733 59.2537025610606 57.0028026898702 51.9077777862549 43.1931167840958 33.2651163140933 26.1026918888092 17.9671049118042 12.2967672844728 10.108716165026 5.68219584723314 2.42404810463389 0.60068559832871 0.0980211480055004 0 0 0 0 0 0 6.35306350886822 9.7352626423041 13.3705126742522 18.061313778162 23.6699233452479 30.4520229498545 40.1439716418584
0.101564384143179 0.14110990256692 0 0 0 0 0 0.461685238406062 1.00999705803891 4.97834881146749 9.69984009861946 11.6782821714878 14.4905919830004 21.8684623638789 31.7346205314 42.3566202322642 47.243391474088 47.7405289808909 45.672670006752 34.6527894337972 23.7409025430679 32.3165754477183 40.1263907551765 49.6837546428045 57.434822122256 63.4762446085612 64.7361824909846 64.2182528972626 55.8008601268133 54.4952799876531 43.7119156122208 34.4166209300359 23.6684108773867 17.0430516203245 9.53385916848977 4.96216056247552 1.91052009661992 0.374533042001228 0.0246755880652927 0 0 0 0 0 0 0 0 0 4.20647207647562 9.31632518768311 8.58710892498493 11.4076224466165 17.4022875726223
0.0672688862929742 0 0 0 0 0 0.0056071336681877 0.722825061529875 1.67339077840249 1.92147012179097 2.11972588052352 4.91642268995444 8.89180911084016 12.0196950932344 20.0710358719031 32.8224251667658 40.3623183568319 43.6130066712697 48.0440109968185 47.4318067232768 39.625716706117 32.1198329329491 34.1081495086352 41.7141417662303 50.1395215590795 57.3427379131317 63.8545950253805 65.9667253494263 57.6914995908737 47.8376497824987 44.7095880905787 35.0995659828186 23.1192260980606 15.6553064783414 7.19240121543407 3.10382371147474 0.405606580898166 0 0 0 0 0 0 0 0 0 0 0 0 0 0 0 1.66505544135968
0.68331075211366 0 0 0 0 0 0 0.87876757606864 1.58463263263305 1.6255237472554 1.19208358228207 1.04613897080223 2.19715231408676 3.6735317359368 9.33153927326202 18.5453966259956 26.7100085814794 32.6183686653773 40.001280605793 49.7047106424967 55.3956131140391 47.0999578634898 45.1262344916662 47.0546533664068 49.7803638378779 50.2374668916067 54.8761834700902 58.4490398565928 54.48384086291 44.0326432387034 32.3149462540944 25.0315715869268 15.9538127481937 8.33278646071752 1.38447200879455 0 0 0 0 0 0 0 0 0 0 0 0 0 0 0 0 0 0
7.2335172444582 2.37180711701512 0 0 0 0 0.30183931812644 1.89221277832985 2.8582892070214 1.8038402001063 1.66274700313807 0.924229777107636 0.292902812361717 0.0662263773847371 2.93216295540333 11.714498202006 21.3324377934138 27.2100095947584 34.3907028436661 45.3379899263382 51.0857005914052 60.8121653397878 64.8384243249893 64.1736586888631 58.456281820933 51.624263326327 46.8405187129974 42.0603056748708 50.9931047757467 38.0518312255541 23.1615925828616 13.5854904850324 5.85581796864669 0.282427722898622 0 0 0 0 0 0 0 0 0 0 0 0 0 0 0 0 0 0 0
29.6535640954971 23.94799888134 6.30218473573526 0.592097213181357 0 0.0211265311615231 2.43757261584202 3.441473779579 2.80853578199943 2.15837949266036 1.70830854525169 2.43752667059501 5.95203538735708 4.52569375435511 5.17952938874563 9.07531753182411 16.9896657268206 24.3494585156441 28.8521274924278 31.3612669706345 34.6613476673762 46.184370915095 57.4907114108404 60.6910139322281 59.4451278448105 53.8690586884817 46.3608453671137 41.6683107614517 33.8267683982849 28.1808574994405 12.435136983792 2.85699342687925 0 0 0 0 0 0 0 0 0 0 0 0 0 0 0 0 0 0 0 0 0
