input/barkrak2/radiation/dir32024.grid
NCOLS 85 
NROWS 70 
XLLCORNER 665100 
YLLCORNER 4664600 
CELLSIZE 20 
NODATA_value -9999 
[rows 0 to 22 of 70, columns 0 to 50 of 85]
78.896378477414402 99.6330678462982 118.246217568715 138.242214918137 148.891508579254 149.58268404007 148.95952741305 146.794299284617 144.888510306676 148.193538188934 148.892939090729 145.130852858225 140.683631102244 141.414026419322 141.554594039917 128.140638271968 113.765001296997 104.256769021352 103.917022546132 102.814356486003 109.641929467519 129.687507947286 151.358475287755 155.518035093943 158.867259820302 169.010678927104 168.864528338114 158.996482690175 151.481250921885 152.914822101593 148.710409800212 170.174121856689 206.653277079264 202.911376953125 201.241691907247 193.294962247213 201.427976290385 212.991793950399 210.396667321523 209.686537583669 201.169987519582 209.554413954417 214.732726414998 205.708185831706 194.26308075587 200.72329044342 207.636137803396 168.73300075531 113.191246986389 108.926872412364 131.64147734642
56.4820716778437 70.5215533574422 82.2965949773788 98.2706348101298 110.513289769491 117.425958315531 140.066464742025 149.033119281133 154.316157102585 153.971254825592 152.82533566157 148.154973983765 143.068015575409 141.499141852061 141.578326622645 128.901859124502 120.670169591904 112.244715293248 108.041028181712 106.210470199585 119.176884492238 143.276482820511 161.693274974823 164.728591839472 167.822162310282 173.202574253082 170.894006888072 161.663393179576 154.677450656891 154.359559218089 155.420780181885 179.47385708491 202.563941478729 198.367337385813 197.910606861115 193.757116794586 199.567914009094 207.656641801198 205.402672290802 203.833281993866 203.336119651794 205.754001935323 201.147039731344 190.48269589742 185.144384702047 197.468201319377 198.328991731008 148.437162240346 120.352258284887 130.910734335581 160.246392091115
26.6746083895365 35.8394632736842 42.1031614144643 50.1765410105387 57.2165946165721 67.0484602451324 84.8670105139415 101.969877878825 122.022489706675 140.996595223745 144.934286673864 148.013959328334 150.408486525218 151.958495378494 153.730521599452 154.013047615687 150.22940436999 139.695425828298 123.448501030604 117.861618598302 129.153142372767 146.028230587641 156.569381554921 158.912241458893 168.17311445872 169.167061646779 166.310578584671 161.059409379959 158.431718746821 161.930541197459 172.004957993825 190.856476624807 202.325661977132 199.649075667063 195.251862208048 194.300969441732 203.25913031896 206.23908440272 200.899879137675 196.134686470032 191.604375839233 186.964750289917 176.348249117533 169.163763523102 175.009568532308 192.217250665029 184.844374656677 142.258703708649 139.856119950612 158.991992473602 185.32407283783
15.9420892596245 17.5945361455282 21.313488483429 24.935394525528 25.8759533365568 30.8507010340691 40.1906693975131 53.9927979310354 72.1221764882406 86.0629876454671 110.180536905924 127.398689587911 151.243428389231 154.586791992188 156.443148851395 162.633548180262 159.748286008835 150.179247061412 133.696446816126 126.749575138092 126.494775215785 128.088583548864 138.456126054128 147.631943225861 149.179855982463 154.27698691686 159.347911675771 160.869568586349 162.512282530467 168.057084083557 175.42705933253 193.18026304245 198.581635951996 198.402643203735 195.352077484131 195.650855700175 195.624967416128 196.223358313243 189.888119697571 179.907182852427 178.077061971029 170.109411080678 167.882959047953 182.676653067271 193.986932436625 187.480509281158 168.226102987925 146.599660317103 149.47638909022 162.4715924263 183.690448602041
25.4345138867696 18.5944673915704 11.6903930902481 7.87138938903809 6.76786030332247 15.8073380589485 28.5286381840706 36.7041155695915 44.9092934528987 52.0542562007904 70.315957069397 90.9338692824046 101.178665955861 108.179648717244 114.921559890111 120.127747456233 119.288921356201 120.461354653041 124.216288328171 120.230913162231 121.733138958613 120.252738396327 129.540373881658 138.615290323893 143.105367819468 148.129810889562 150.385330120722 155.782540639242 161.970357100169 162.738621234894 170.364578564962 191.386202971141 191.137353579203 190.787454446157 190.795063972473 191.658099492391 188.518861929576 183.639546235402 174.881915251414 166.485726833344 165.968467791875 167.830109596252 177.036960919698 186.694284280141 191.5056904157 169.006804625193 134.004354476929 129.953424135844 143.22159687678 161.498337984085 189.832210540771
46.1949507395426 35.473903020223 19.9293891588847 7.97752911845843 5.25550668438276 9.22950419286887 18.4947488208612 31.5044745802879 38.2489562034607 36.9346390167872 43.1580543518066 51.7950107653936 56.7797819773356 60.6396893660227 67.1939849853516 72.9472637176514 76.2551079193751 84.3385060628255 96.5402324994405 104.611535867055 111.181835333506 118.02464723587 119.134783744812 121.21785680453 128.052979707718 136.361996332804 140.914579232534 146.174699068069 153.349260489146 164.753089348475 177.974263827006 188.681582609812 180.185774962107 181.28776550293 182.835340499878 182.6265056928 179.800768693288 174.973368644714 166.671017805735 168.575386206309 167.989015579224 167.189419269562 169.463256994883 175.558467706045 170.100073019663 133.239010969798 112.860321998596 122.868061065674 142.543653647105 180.374165376027 203.446408112844
64.2347286144892 49.8713403940201 38.3596693476041 24.3270397186279 13.0379485587279 7.5274258852005 9.79059810439746 23.6257364352544 30.0105561812719 38.2493063807487 38.8571421305339 35.568967461586 33.9054018259048 31.5483659505844 33.7781781951586 40.6999935706457 50.5539526542028 64.5656685034434 82.3123157024384 96.7305203278859 105.320811271667 112.568517525991 114.252080519994 115.557501713435 120.204855998357 125.616073608398 129.357397556305 135.778059562047 139.418065547943 150.215844313304 168.811738491058 177.129507064819 168.308059374491 164.801736672719 165.40738940239 166.842679182688 167.442858219147 163.066387176514 159.901032845179 154.39635515213 149.591972430547 149.904598792394 156.666407982508 164.018332958221 161.037653684616 157.739182313283 166.148314873377 175.856610139211 189.130465189616 203.884045283 207.247018814087
75.8773783842723 61.2537711858749 52.6862591505051 43.2993620634079 29.0494884053866 13.6981705824534 7.16441435118516 0.638892020409306 14.2649362484614 27.0328049858411 33.8987062374751 33.0088312427203 34.1629857818286 30.3257405757904 25.2499828735987 27.512326836586 34.9319229523341 45.4561163981756 63.5495036840439 81.4512322346369 92.0678575833638 102.744529644648 114.432652791341 113.281448682149 114.042580127716 114.523857831955 117.609123388926 122.376561164856 128.021130959193 137.868146101634 145.157078901927 148.099958896637 141.320834557215 144.535412391027 145.233690738678 146.421174208323 152.90821592013 152.171075344086 149.218579133352 134.650439023972 130.748649438222 137.951294581095 152.891129255295 164.928515752157 168.429136276245 173.496921857198 185.520152250926 188.607970873515 197.213133176168 200.969417889913 200.17949740092
72.6689000924428 63.1875594456991 52.9639621575673 46.2735195954641 39.726547896862 30.1413983106613 15.4340527951717 6.04581460356712 12.2753108541171 18.06698863705 24.6682986617088 31.4535399278005 34.5437054832776 36.3039920727412 33.253920574983 31.585988899072 31.0816541314125 35.4306052128474 45.1086759567261 57.6719144980113 70.3786313533783 83.3456615606944 94.5181349913279 94.157467285792 101.093947887421 98.3217457930247 100.258181492488 107.674320538839 112.347970406214 119.844337304433 125.693162282308 127.803146839142 123.60006570816 122.24292755127 125.073105096817 134.257505337397 140.352616707484 143.570264180501 145.901868740718 139.705797036489 144.462009270986 153.784334659576 161.512235800425 164.61968421936 162.841846545537 163.515349229177 165.578424930573 174.315611521403 186.013301213582 183.52202574412 175.176898638407
54.5015235741933 50.7209648688634 45.0829913218816 37.055050333341 34.8718365033468 32.7159687876701 27.3200745383898 19.3388623495897 12.6583365102609 9.54946006337802 14.2607030769189 24.3945568799973 35.3512167930603 45.5249051253001 49.7245291868846 46.997328599294 38.4025846918424 36.7771709958712 38.5171820720037 40.7304018735886 48.1876482566198 55.0942867994308 63.1889005502065 72.4183619022369 83.1629186868668 83.8366250197093 84.0372244517009 85.7059955596924 89.7679527600606 100.728323062261 102.796564499537 103.251248598099 108.484715223312 108.985185623169 114.677925904592 119.128435850143 119.848211606344 134.711047013601 141.790499289831 150.014539559682 158.885538578033 163.469771544139 165.294249852498 164.505610863368 161.358644564947 162.828147411346 169.908563296 175.564010938009 177.667339642843 175.866266091665 179.638187090556
17.3838101327419 18.1930400431156 16.0996541380882 15.6930113832156 13.1565692524115 11.1118232210477 14.750295629104 20.3782021999359 16.1498164137204 13.7183306117853 9.60079456369082 12.2849779824416 23.5237404704094 36.6672476132711 49.4567453861237 48.5009054342906 44.4343586762746 41.5157824754715 38.8452336192131 35.7120235761007 36.7015351851781 37.4502266446749 42.0856575171153 52.1189471085866 64.5909408728282 72.2111463546753 72.114959359169 73.0309883753459 77.6691536108653 82.2586317857106 91.6678110758464 93.7066872914632 100.165287653605 102.067122856776 104.666570822398 106.739203135173 112.157831589381 116.478502750397 130.497296651204 154.967566331228 161.632110675176 161.85337305069 161.01410984993 159.657428661982 159.923374652863 163.885056972504 170.566697915395 173.382818698883 172.606269518534 176.433682441711 175.761679808299
1.17360156339904 1.7402086717387 0.752469214300315 2.93728332683413e-13 2.70196124046822e-11 5.18430513362506e-11 1.8059757227699 10.7853052516778 18.8173850377401 18.9765530327956 13.7052362163862 10.0124962627888 12.6159526407719 22.5879599650701 35.1801266272863 41.140245894591 45.648122827212 46.3085571924845 42.4966911474864 36.2235903739929 33.0348859230677 33.31325451533 33.7975819905599 40.3844639658928 48.0067332585653 54.2757858832677 58.1694344679515 59.6557358900706 64.434140920639 66.2132203578949 67.4355824788411 74.9134620030721 83.8833451271057 86.8475635846456 88.2651011149089 92.3048555850983 101.835628350576 108.535796403885 115.963836510976 131.380120913188 144.295195738475 150.917927424113 147.621264060338 142.783989508947 144.439558188121 145.012348890305 149.480521678925 160.350024700165 161.595374345779 165.801048278809 168.28707853953
0 0 0 0 0 0 0 1.05232023634017 15.7975889742374 22.7447698513667 22.8636115789413 18.1783437728882 10.337353994449 9.98348618547122 20.0694501399994 36.4299491047859 44.9841916561127 49.5717177788417 47.7156092723211 44.0175880988439 38.6760160326958 40.3054555257161 40.2710164586703 41.5791819492976 44.4940626621246 45.304611325264 48.8674988349279 54.3933560450872 55.1894654830297 54.667592048645 57.5094372034073 58.0558280150096 57.7610780795415 64.9839689334234 73.8957474629084 78.6975473165512 85.4477981726329 94.5990780989329 98.9265938599904 108.681718508403 113.408118486404 114.83958363533 117.070515950521 131.393939256668 132.211734851201 134.147743384043 133.760929107666 134.743640820185 139.379322528839 144.413848718007 148.503522078196
0 0 0 0 0 0 0 0 0.729931363215049 17.1355567872524 27.1176149447759 31.6203633944194 27.7241269747416 18.9918354153633 18.8026304046313 31.9085145990054 41.3377682367961 50.8360266685486 58.4700951973597 58.2587867975235 50.4689514636993 50.6136566400528 49.2102801799774 48.955112695694 50.0482618808746 50.9097327788671 52.286962668101 59.3346357345581 58.4080616633097 51.312396923701 50.8885681629181 54.2966326077779 50.3124097983042 47.1762518088023 49.9592125415802 67.1929369370143 73.5393464565277 79.5241445302963 84.889829158783 86.3287250200907 91.5712714195251 94.7727163632711 100.361327330271 107.260922590892 110.07105310758 126.807332038879 127.41623322169 122.358947992325 120.714664459229 120.748976866404 124.198784430822
5.08959249903758 0 0 0 0 0 0 0 0 3.39347310364246 21.2687154610952 36.9256859024366 50.0318109989166 41.9872800509135 32.3582465449969 29.220516482989 31.3252558310827 41.7524178822835 54.1354467471441 63.7282033761342 63.932920495669 60.5909576018651 59.9722812573115 57.8818072875341 58.6304813623428 58.4706862767537 58.8980217774709 58.5381338993708 57.4204723040263 52.8548210859299 49.5964139699936 49.1136908531189 43.4247155984243 43.1333482265472 41.1922683318456 41.9039825598399 40.918231010437 41.2801454464594 56.1889459689458 58.4152688582738 64.5000040531158 68.2438512643178 77.8994262218475 82.7472905317942 91.4752185344696 94.9238737424215 119.003852208455 123.004347085953 116.654833157857 111.062427361806 112.378497918447
5.48544153571129 4.06573149351723e-11 0 0 0 0 0 0 0 0.728646060451865 14.8566787441572 34.1886927684148 49.6492882569631 54.3036907911301 46.3040421406428 31.9541295369466 26.9482259949048 29.1843563318253 39.9774760007858 58.6445579926173 70.5924977858861 67.4660752216975 69.4652299086253 65.6170795361201 62.7206812302272 64.6020670731862 67.7834749221802 63.1283422311147 60.3469411532084 58.7550501028697 53.6398639281591 49.7057735919952 42.8845435380936 36.8808433413506 31.7834268013636 28.9833868543307 26.7811417579651 25.3763025005658 29.39639488856 32.721996307373 39.8152197400729 44.186939795812 43.0830667416255 46.8822320302327 59.4994922478994 68.1344370047251 79.9689044555028 86.4060918490092 100.589334964752 104.979753494263 106.396774450938
3.66721861064434 0.213751821623494 0 0 0 0 0 0 0.506155736123522 0.828028656542301 1.61419172460834 25.3422309954961 45.1923062403997 57.3962777853012 58.9568614959717 52.5671541690826 45.1786120732625 38.5692665974299 34.3251352508863 41.4313127597173 59.863751133283 71.8491574128469 77.6141236225764 75.5575348933538 71.1033642292023 71.3756382465363 71.7901935180028 70.5725202957789 70.6255584955215 67.7615503470103 58.3211034536362 51.9359956185023 43.0825054645538 34.3550592660904 27.4332488576571 23.6557672421138 17.0519774158796 14.2098553478718 17.289724200964 17.99193272988 22.1189285318057 22.8683004776637 24.6924261252085 25.9258076548576 36.8990773955981 47.8250235319138 57.0262173811595 62.26480503877 71.4870691299438 81.9910367329915 100.598225990931
2.1801662320892 0.557273509912193 1.8683580570615e-11 0 0 0 0 0.58268786718448 1.4378996565938 4.53519728034735 8.49135220050812 17.2348457078139 31.8771253029505 45.536662141482 56.352511048317 63.41952085495 63.5299434264501 56.9256742795308 45.3597456216812 36.0938434799512 43.7332342068354 63.5681947072347 71.2527930736542 76.4872928460439 78.227827946345 81.1355362335841 83.0230961243312 79.9250106016795 74.1184006134669 77.4505039056142 65.4898385206858 53.2971521218618 40.8452476064364 34.5373277862867 25.257038573424 18.5536965727806 13.9218606054783 9.50942933559418 9.28911690910657 11.8165190021197 14.7239888707797 16.4340746899446 20.9678411483765 26.8897687395414 30.0598293542862 38.8076454401016 45.8524525165558 50.0288108984629 53.2260636488597 60.0875268379847 68.840225537618
2.43886187672615 2.94684680799643 2.13405691708128 0 0 0 0.525642264013489 2.46770509208242 4.27430961281061 12.8587211171786 18.1553885340691 20.7518674433231 27.0461191733678 36.3512088855108 48.813338081042 61.334436138471 64.5140359799067 65.2205298344294 63.2806917031606 53.2104124625524 41.4991031090418 50.751656293869 58.747594555219 69.8135197162628 81.1770657698313 86.0450665156047 87.6925587654114 88.8063410917918 82.0102940003077 71.4928805828094 62.4080499013265 56.7095577716827 44.3215469519297 30.6005105376244 21.261823674043 17.1572801967462 10.6055103242397 5.52640979488691 3.18747696777185 5.40637597441673 6.90320630868276 11.9395131866137 18.45649878184 21.9901924331983 25.1307760675748 31.6058844327927 35.4505181312561 38.4948328137398 41.2858376900355 47.584260503451 52.607129017512
2.55641744782527 1.80334954832991 3.11572166780631 0 0 0.996544336279233 1.47594107935826 2.84170142064492 3.63089703023434 10.7883748908838 19.5370775957902 18.9152484138807 19.9315175414085 25.253156820933 36.6022065281868 48.7509667873383 55.4600556691488 62.44262556235 66.0542398691177 65.3253545363744 57.9541474580765 49.6981044610341 53.9347926775614 61.9327872991562 71.6570764780045 81.584503253301 85.3247046470642 84.0586125850677 83.2585990428925 74.3054449558258 61.3102813561757 48.0454415082932 42.562002936999 25.7697825630506 23.120641708374 13.8816138108571 6.28925176958243 1.15447662149866 0.195881390633682 0.934302651633819 1.17782270535827 8.4040400882562 11.5645714104176 18.4461114307245 19.1175080835819 21.9335332512856 23.6817772189776 28.7084629138311 34.2188800374667 36.4285632967949 37.2451742490133
5.06755554427703 1.24958421414097 0.0303746831680958 0.44093692364792 0.00174541598122839 1.77492884298166 1.43038264165322 3.21915869911512 3.44313929478327 3.44528195758661 14.0355800588926 14.7458389401436 13.7451911966006 16.8552833298842 23.2531229654948 33.3153853813807 42.0373727877935 48.9998410145442 57.1666657924652 69.3440586328506 74.564869205157 66.8269544839859 64.5969609419505 68.6462869246801 70.8405872186025 73.4522491693497 76.9133667151133 76.4260590076447 71.8940794467926 60.5244338512421 57.7155848344167 42.8759704033534 26.3699541489283 18.2241722941399 7.11725714306037 1.1758462836345 0.119573213548089 0 0 0 0 0 9.47196284929911 12.1790803968906 16.0781356195609 19.9498968819777 23.4014416734378 23.353599011898 24.3575026591619 27.0457814137141 27.9492065310478
18.3724487821261 9.66034519175688 1.55522379403313 3.21087955186764 3.69774736464024 1.03695690631866 3.04495232800643 4.73376115163167 5.23403224845727 4.65141733487447 11.97300106287 12.3357214033604 12.4570888777574 10.4345654447873 15.4738339285056 24.7917572657267 34.3571305274963 43.5938835144043 49.0936984618505 61.1358781655629 69.803923368454 83.3952128887177 86.781253417333 84.4840705394745 79.0650298198064 73.2856889565786 67.939281463623 66.221555074056 67.8592026233673 53.6265075206757 41.9400235017141 23.440549770991 15.6905005375544 3.77418442318837 0 0 0 0 0 0 0 0 0.759545636052887 4.67068857202927 11.4229048291842 14.9284352858861 17.3705083628496 16.8999458352725 19.8040641844273 19.9705536166827 19.9865276614825
47.3555823167165 41.0466119647026 20.2247562507788 13.6495058735212 10.5900131165981 4.12005993227164 8.29042432208856 7.08958630760511 5.13430032879114 4.23336122184992 12.7388859788577 14.116570353508 15.3036937117577 15.3934446473916 16.059481849273 21.0445274909337 29.2126014828682 39.0112673242887 44.7726051012675 47.1873184045156 50.9622047344844 64.3650194009145 74.8906632264455 79.9190054337184 81.092968583107 74.2559681336085 67.2282129526138 60.4546169439952 59.8901758591334 40.4865617553393 21.6196924448013 9.36028175055981 0.0110079939380133 0 0 0 0 0 0 0 0 0 0 0 5.06762228906155 8.43596458435059 10.5724483728409 14.5493969321251 16.1177876094977 17.4354078869025 15.6607205669085
