input/barkrak2/radiation/dir30624.grid
NCOLS 85 
NROWS 70 
XLLCORNER 665100 
YLLCORNER 4664600 
CELLSIZE 20 
NODATA_value -9999 
[rows 22 to 43 of 70, columns 0 to 49 of 85]
64.7070358196894 58.3079059918722 35.8358820279439 29.8797885576884 26.268241306146 12.228712439537 20.4018255074819 12.7768814563751 11.4661380648613 10.2986097335815 23.0419089396795 24.2477109034856 27.0812635620435 27.0535523692767 28.3127725124359 34.2453196644783 45.2807048956553 54.8731336990992 61.5737388531367 64.177135626475 69.7120328744252 84.6587916215261 96.7752933502197 100.463777780533 101.850539445877 96.1549977461497 88.6584520339966 81.9595009088516 74.0957508484523 58.3499272664388 34.2416912317276 16.993439445893 2.31605178366105 0.0544424013545116 0 0 0 0.00063959873841668 0 0 0 0 0.54600245008866 7.07611069083214 17.8112424910069 26.7951264977455 32.1034366885821 35.20118445158 43.0267502864202 50.082599123319
99.0755061308543 88.1754755973816 53.5077552000682 35.8918656905492 30.5447156230609 32.6040536165237 30.8006231983503 22.2628464301427 10.2911709497372 9.85763284067313 24.5179682970047 26.7341881990433 31.0557534297307 37.6981422305107 34.8651856184006 35.0115249554316 42.7370220422745 52.8955558935801 59.8086913426717 51.6382058461507 51.6515175501506 55.4751455783844 69.5232550303141 79.7072152296702 87.414671977361 88.931401570638 82.7559878428777 66.5318767229716 57.8620533148448 23.8937785228093 18.9081033070882 9.65116545557976 0.0443218013970181 0 0 0 0 0 0 0 0 0 0 11.7290019989014 15.8876106142998 23.443341255188 29.5403748750687 31.6407829523087 37.5228971242905 41.8207993110021
98.3836849530538 94.2463477452596 71.4378108580907 40.0159632166227 23.3808010816574 31.9167921940486 29.9269407987595 26.9987185796102 22.3323752482732 18.6251538495223 23.9091167847315 25.847169260184 27.5576164325078 34.8572929700216 34.5585073033969 35.067193210125 40.4355799158414 49.7707625230153 57.8728765249252 50.3617028395335 49.4966308275859 46.1082011461258 55.4612676302592 63.7706369161606 69.0956364075343 71.134736140569 68.1166152159373 58.3934833606084 38.4707922736804 17.754835387071 12.0303245882193 9.80930713315805 0.523633750466009 0 0 0 0 0 0 0 0 0 0 20.5153897404671 18.5946462055047 24.71990386645 28.6529163519541 29.5817106962204 34.6231212218603 38.274938861529
84.4338337580363 89.3142720063527 82.4988434712092 50.3623882929484 23.6690988143285 31.8627680341403 38.8306130965551 46.976829568545 44.7555134693782 37.1684158841769 31.8783695499102 35.4109207789103 36.1058314641317 41.7629977067312 41.7456974585851 37.491167585055 39.9581467111905 49.7014621893565 56.5578987201055 59.6288740634918 61.0548108816147 56.7966798941294 54.690753420194 54.3011476596197 57.6866318782171 60.6674651304881 56.0022642215093 55.1369339227676 32.7110141515732 28.010331094265 24.6798967321714 30.6343510746956 24.0594893693924 0 0 0 0 0 0 0 0 0 0.489363019975523 21.3868866364161 26.638055841128 25.4086231191953 26.5015438199043 24.7387960553169 26.9122421741486 23.5099717974663
83.1572612126668 88.6472562948863 86.7662529150645 60.3957921266556 37.7414375543594 47.2084532181422 59.711957971255 69.3471282720566 74.3499596913656 67.3650751511256 49.0524222453435 52.5730649630229 50.1138716936111 53.8657357295354 52.4347424507141 45.5936094125112 42.1884953975677 52.9688497384389 60.858557621638 71.3347295920054 73.0130126078923 69.6679602066676 62.7451638380686 56.4087331295013 57.8030049800873 60.2716108163198 54.9201567967733 60.6645594040553 56.1379094918569 54.897353053093 61.1633112033208 80.7965993881226 89.6604061126709 68.535382548968 0.0959281848433117 0 0 0 0 0 0 0 12.4928988516331 21.9007755319277 15.7646561662356 11.3060648242633 13.8130014141401 15.9641789893309 16.0772080222766 19.0414860844612
84.9455495675405 83.5997859636943 83.9113195737203 66.7117685079575 65.2347107728322 69.8774109284083 81.288735071818 85.8477155367533 86.0473414262136 80.497885743777 61.1892243226369 56.2467674414317 55.3060273329417 55.3380350271861 57.6662123203278 54.6086480220159 49.0842759609222 57.3010742664337 69.4028437137604 73.8468567530314 72.60495920976 64.0793790419896 62.6758237679799 63.1694893042246 64.5981381336848 64.9987409512202 62.8846486409505 72.0230241616567 87.9587729771932 92.9251809914907 98.8138020038605 106.914361317952 117.586493492126 124.499003092448 79.4135977824529 4.40153821061055 0 0 0 0 0 15.9923906127612 14.322975029548 11.5514745314916 3.08547106881936 0 5.42525450388591 10.1716835051775 12.4826642374198 13.3376158773899
87.9000226656596 76.2598365545273 77.1035452683767 70.1738695303599 85.4557951291402 83.4885239601135 83.313728372256 80.1485925912857 73.4647512435913 65.3348863124847 55.1342765490214 49.998347957929 53.6152670780818 54.8985103766123 58.7888260682424 64.7547543048859 57.5856814781825 53.9057503143946 66.2595977385839 68.3703124523163 66.4571970701218 59.5054924488068 59.1111083825429 66.5344695250193 69.7513520717621 66.7917430400848 68.0448114871979 73.377658923467 95.9860384464264 109.363267819087 118.944555521011 124.724179506302 132.283230622609 134.717146555583 126.125454902649 51.0191818078359 0 0 0 0 0.573222525417805 6.75339934726556 14.1021509965261 1.80512263129155 0 0 0.853542936965823 4.16190860172113 6.53188054760297 10.0591170291106
88.583767414093 70.4619189103444 71.2066342433294 76.2956440448761 85.6901506582896 82.5085242589315 69.3368812402089 54.9120952685674 41.8046216169993 35.6469278534253 35.1255983114243 39.434810479482 46.6547707716624 55.3260495265325 58.7427814801534 66.5263235569 64.692293604215 51.4178971449534 55.4087658723195 59.14539595445 59.3043069044749 59.647078315417 59.4479590654373 66.4713184038798 72.9441245396932 70.2322870492935 73.17849000295 74.5811462402344 90.0083780288696 113.250156243642 129.201759894689 136.438290278117 137.411971886953 138.828088839849 146.449406941732 126.810252666473 44.2905177672704 0 0 0 0 0 0.92118668059508 0 0 0 0 1.1609293675671 1.44882779568434 3.00132296979427
86.6899987061818 87.9946748415629 110.000858704249 143.218487501144 118.479977051417 88.3349180221558 59.5481147368749 36.8758688370387 27.9269268115362 29.4834797581037 26.9304166237513 26.9351825118065 45.0107306241989 55.5661767721176 65.3281211853027 73.3351061741511 69.9485043684642 56.7601174116135 57.8407446543376 61.0389014085134 58.251033226649 62.8224114576975 64.458042383194 68.199763695399 74.54980413119 80.2318106094996 78.9979000886281 81.5110305945079 93.0769145488739 118.703265984853 137.839049100876 142.703533172607 138.992408911387 146.637966235479 156.560202439626 159.909298022588 133.205781380335 70.289929707845 11.4546368519465 0 0 0 0 0 0 0 0 0 0 0
100.120584170024 134.478618701299 182.897647221883 204.302191734314 183.85124206543 129.578034083048 80.6665122509003 49.7399121522903 42.3531035582225 47.7845619122187 37.6078213254611 31.8243205547333 43.164407213529 53.7550946076711 67.4184660116832 76.549157500267 72.4081049362818 67.135825753212 60.6046368678411 61.9033525387446 61.814084649086 65.575251976649 67.8899834553401 69.8547214269638 75.0510444243749 87.8513852755229 89.5918409029643 95.9144234657288 105.156471331914 121.755758921305 138.412872950236 146.654864152273 148.748397827148 155.183474222819 161.160310109456 160.950531562169 153.672854105632 134.153793255488 67.6225920518239 10.4829842845599 0 0 0 0 0 0 0 0 0 0
160.979429880778 196.306685606639 220.167617003123 222.202102343241 220.608055591583 194.449921449025 150.127232074738 110.663453737895 86.4914357662201 75.5820671717326 71.0847228765488 58.7473710378011 45.6045567989349 52.6404480139414 72.0802545547485 76.9256999095281 70.4660564661026 72.4139759937922 62.3068610827128 60.4776591062546 64.6054496367772 65.6356116135915 66.4908985296885 68.7558948993683 73.412631948789 87.1820350488027 94.1572785377502 104.992012182872 113.355855147044 121.373375256856 134.24759109815 145.834743976593 147.615224123001 145.664354165395 147.422264019648 139.301826556524 140.729685624441 127.446591854095 80.6339085102081 27.4628972013791 4.31378868718942 2.96212267130613 1.0433685965836 0 0 0 0 0 0 0
211.470166842143 227.290471394857 231.39750957489 228.634715080261 230.948845545451 227.246006329854 205.484509468079 161.662499109904 123.156617085139 101.343671480815 101.373215516408 90.6912684440613 65.9774839878082 60.1078371206919 68.7120457490285 72.533239920934 67.5995449225108 67.5507535537084 61.4294906457265 62.9652639230092 60.5910768111547 61.6564949353536 61.4947428305944 63.2384717464447 69.9828465779622 81.6894670327504 93.1723415851593 99.4233985741933 109.376490116119 121.833741664886 133.671840031942 135.769307613373 127.415676911672 115.948716799418 119.218587875366 102.552533149719 103.19314400355 87.6995424429576 51.3496398925781 18.0110509196917 16.3620077073574 11.4863055447737 4.64350885401169 0 0 0 0 0 0 0
226.007839043935 231.430292129517 228.944877783457 230.867445468903 231.638073921204 229.094167550405 221.752107143402 191.968560218811 142.651855945587 113.84661992391 112.978239854177 110.069413979848 92.2550857067108 73.4848876794179 70.0856844584147 71.8657275040944 65.3350750605265 60.6000423431396 61.817874511083 64.7772600253423 59.7553700208664 58.5005730390549 60.2528353532155 62.7606262763341 67.8797562917074 75.1875340938568 85.1147770881653 86.1136714617411 96.397340297699 116.551826397578 125.569969415665 123.176683982213 116.431256135305 109.752386808395 102.15879480044 87.5455141067505 91.7301774024963 88.8138810793559 68.8280910253525 33.6685304840406 28.515636920929 30.3001751502355 6.72324746847153 0 0 0 0 0 0 0
220.345815022786 222.684979438782 218.068341414134 220.098872979482 220.532317956289 214.816212654114 210.209290186564 193.171759446462 151.040842135747 124.762773513794 117.803027232488 113.992790381114 105.505178372065 83.9970707893372 73.6375798781713 76.59978667895 68.9829339583715 60.5306724707286 64.5306905110677 65.7051155964534 63.300222158432 59.1624180475871 63.6096646388372 68.0009226004283 66.3227488597234 72.6709067821503 77.5823295116425 78.3640841643016 86.4304999510447 106.337328751882 117.76214838028 115.872879823049 117.974311113358 119.649887084961 100.862741470337 94.2720969518026 99.0485846996307 106.216092904409 101.178228855133 61.4454448223114 24.0894878904025 9.61033689479033 0 0 0 0 0 0 0 0
197.217603524526 200.890600681305 201.917846997579 197.858929634094 197.778443495433 195.575535297394 199.901044368744 196.422080198924 162.878572940826 132.296671470006 118.71991554896 107.478340466817 100.102444489797 81.8948646386464 70.0881232817968 77.0845909913381 78.9599567651749 65.9872392813365 67.9442236820857 71.0215816895167 71.4204559723536 66.5302177270253 66.6109621524811 70.1078275839488 69.068710009257 69.3758726119995 75.8903920650482 83.3266327778498 87.2988104820251 99.7903843720754 112.99521724383 119.201689958572 119.110385576884 123.003999392192 104.500234127045 104.993373155594 105.623493591944 113.973389069239 114.114900430044 74.3272304534912 11.9712563852469 0 0 0 0 0 0 0 0 0
174.020965894063 183.76370271047 193.906585375468 191.208243370056 190.336982409159 195.602854092916 203.563332557678 205.995639165243 184.007585048676 146.029134591421 122.421483198802 101.584951082865 87.3011151949565 75.8985827366511 66.2649174531301 71.2212175130844 82.9806427160899 74.0172763665517 71.461945772171 74.4411448637644 74.8258829116821 70.5326944589615 67.5412118434906 70.6404348214467 71.8005895614624 71.1153050263723 74.3892689545949 83.5012793540955 88.3125464121501 93.1309064229329 106.849402189255 119.598567485809 121.446619431178 113.74968290329 100.325296322505 114.057600498199 118.084331353505 122.946530580521 121.159295241038 95.2038566271464 7.14520054558913 0 0 0 0 0 0 0 0 0
137.321929136912 148.383011420568 157.694280147552 162.012914816538 170.690854390462 185.581167538961 199.769854545593 206.395665804545 200.55345694224 166.992823282878 133.562992016474 102.390746275584 85.0792626539866 81.4087937275569 72.6141780614853 66.2215898434321 77.1716684103012 77.6626964410146 71.9519952932994 71.4392115672429 72.2066164016724 69.1149532794952 66.7346566915512 67.9625769456228 71.3702986637751 75.2731959025065 74.9684075514476 80.4405510425568 85.460623105367 87.8149469693502 96.8483487764994 113.693296909332 118.436813354492 101.718415816625 103.654970725377 125.427087148031 129.536598920822 126.4841457208 125.80273548762 121.592938899994 63.661461075147 0.324142165482044 0 0 0 0 0 0 0 0
100.496679544449 107.723921537399 107.358783483505 117.816030979156 133.973628282547 152.420302232107 166.85277223587 178.184072176615 179.363290468852 153.747131427129 118.556022644043 94.3803985913595 80.5209875106812 78.2436380783717 75.1118759314219 69.0890699625015 73.6491531133652 74.2300500472387 66.9404913981756 66.4625664552053 69.8360900084178 74.1433550914129 72.6802895466487 68.2275990645091 67.3527469237645 70.9065198898315 76.4716764291127 79.6591987212499 85.6340130170186 85.3149692217509 89.2688930034637 101.065784692764 108.63604148229 104.891280333201 126.949608325958 136.266489823659 134.1812312603 127.134223779043 130.392402410507 144.393811623255 138.689011335373 74.3241012096405 8.86230046550433 0.0161968819156755 0 0 0 0 0 0
89.2062683900197 91.1960701147715 91.0431245962779 92.8657352924347 102.478603521983 108.58749349912 112.926175196966 118.35104227066 117.75662501653 101.850271224976 85.2930247783661 80.5816153685252 78.7961632013321 76.1878341436386 74.0148772795995 73.8660593827565 72.4835793177287 73.1502523024877 67.8734878698985 66.9335921605428 71.1995661258698 76.7291635274887 78.0816773573558 73.7009843190511 70.314089457194 68.6248391866684 79.1707585255305 82.4621121088664 84.7020347913106 86.3271752993266 86.3458911577861 93.4673845767975 102.11968421936 112.899561723073 136.322915554047 136.021852493286 124.724825223287 114.98761177063 117.90997783343 136.232405900955 147.192190090815 144.753833611806 86.4767829577128 18.8372805714607 0.129059772007167 0 0 0 0 0
98.1896718343099 95.3834255536397 95.6427057584127 94.8557058970134 90.8783276875814 89.0361169974009 87.187389532725 88.6430939038595 93.4236745039622 84.4789147377014 76.2736946344376 77.9379854599635 80.9985399246216 80.927054087321 78.9151191711426 76.2501309315364 71.7460463444392 78.8366496562958 79.3005377054214 75.3878206014633 77.4696966012319 77.025165160497 75.5499054988225 78.5955687363942 79.6498358249664 74.7409959634145 79.9104273319244 82.508459687233 85.9628021717072 87.6024067401886 89.0527665615082 92.9404298464457 100.294431050618 118.83337299029 130.023837089539 122.989863157272 109.786709149679 99.4340777397156 96.5148011843363 108.329812685649 140.938023726145 144.302070140839 123.453279336294 60.3424807389577 7.33061507344246 0 0 0 0 0
102.85946726799 99.9638438224792 102.681656678518 101.315269867579 93.8826302687327 90.1543299357096 87.7524614334106 84.3767325083415 84.8565697669983 81.0643931229909 78.9346198240916 78.0385831991832 82.3682298262914 85.9301189581553 85.2183103561401 81.582377354304 78.0398299296697 83.3584070205688 86.6018931070964 79.8067897558212 76.9862880309423 74.9059518178304 71.4498360951741 73.2286224762599 77.5941063960393 74.2946217457453 71.2578197320302 77.1395862102509 82.1392138799032 85.0399136543274 86.2722595532735 85.9796504179637 97.6590712865194 119.074374437332 125.995298226674 111.250539620717 97.9393720626831 94.6715374787648 94.783345858256 104.155371586482 113.244434197744 116.543889045715 102.044334014257 68.3833211660385 13.1293957432111 0 0 0 0 0
86.4955286184947 89.2058213551839 98.416805267334 95.4517722129822 98.2284347216288 100.494762261709 99.1904934247335 94.756285349528 83.4719141324361 82.3024759689967 85.4125221570333 81.2024921178818 81.4036230246226 85.9246551990509 86.3386591275533 83.171342809995 84.1892262299856 86.0670904318492 86.2555702527364 80.7941108942032 75.0012397766113 72.2322314977646 70.6917991240819 70.2916781107585 71.9413260618846 75.531929731369 71.6676165660222 74.2687880992889 78.3235331376394 80.5109888315201 79.6989699204763 77.980250120163 89.1262888908386 104.434430599213 110.889991124471 99.1386771202087 95.9223012129466 100.756863753001 104.826708634694 105.06609082222 99.0036527315776 98.9660024642944 92.2885934511821 65.0107264518738 22.0644722382228 0 0 0 0 0
