input/barkrak2/radiation/dir33524.grid
NCOLS 85 
NROWS 70 
XLLCORNER 665100 
YLLCORNER 4664600 
CELLSIZE 20 
NODATA_value -9999 
[rows 23 to 45 of 70, columns 0 to 51 of 85]
64.3712182839711 54.2268455028534 24.1632635394732 8.13324749469757 4.21471645434697 10.1777799427509 8.18705931305885 4.77707975854476 3.40223591774702 3.10829157630603 3.20213722685973 10.7787710924943 11.9741347928842 15.8566236495972 13.5482189555963 13.6510357260704 19.1774641474088 27.5853052735329 31.0487772027651 25.2849956353505 25.0442872444789 28.3713688453039 39.1667758425077 48.9467233419418 54.629256327947 54.5049558083216 48.9723036686579 42.1895285447439 22.9431216915448 10.161258901159 6.26150394479434 1.46911821017663 0 0 0 0 0 0 0 0 0 0 0 0 0 0 0 0 0 0 0 0
64.1840994358063 60.2443069219589 39.3550445636114 12.3943562308947 0 3.78351813803116 5.31863979995251 6.36598778267701 4.44905615101258 3.67860465000073 3.19629224638144 2.95464477191369 10.7009708881378 14.0172839164734 13.1033286452293 12.8370995322863 16.9814005494118 24.9572197596232 30.5369322498639 24.6954460938772 22.816094259421 20.0833504398664 26.6768932342529 34.1472377379735 38.7378931045532 39.5557557543119 36.8264665206273 33.1105093161265 15.4980085790157 5.56861733396848 2.6002898812294 1.56769684205453 0 0 0 0 0 0 0 0 0 0 0 0 0 0 0 0 0 0 0 0
52.0478834708532 56.0930172602336 49.1452515125275 21.2575470407804 0.644999245802561 9.94440106054147 16.7017380396525 24.127408862114 26.1067201693853 19.5765954752763 16.3804901142915 17.6929297546546 16.4854799707731 19.6606156726678 19.4151364266872 15.3504957755407 16.2005263070265 24.7701654831568 30.4228961467743 32.5592309236526 32.643420000871 28.7995487451553 26.0886127750079 26.4247333010038 28.8846716284752 31.084010998408 27.2561237215996 27.6127060254415 16.6143551468849 12.5794013341268 9.8973847925663 12.3528117934863 7.72132600347201 0 0 0 0 0 0 0 0 0 0 0 0 0 0 0 0 0 0 0
50.7714649041494 55.5010586977005 53.1889299551646 29.7710125645002 8.4436039129893 20.8260392149289 34.2819566528002 44.298991560936 51.6978998978933 45.5102175474167 29.7438129782677 30.250184237957 27.6538555820783 29.0552526712418 30.1347052057584 20.921769241492 18.5182069738706 25.0836983323097 32.9917321602503 42.4083272616068 43.789933125178 41.0861323277156 33.4187895059586 28.0183826883634 28.3268839120865 30.3293069203695 26.4535893996557 33.538485566775 31.7882150411606 30.4934034744898 34.2821131149928 49.5363771915436 57.1015576521556 37.6825779676437 0 0 0 0 0 0 0 0 0 0 0 0 0 0 0 0 0 0
52.0248512427012 51.1295745770136 51.1583238840103 35.305492579937 30.8164407809575 40.3392786780993 53.9741416772207 60.0238641103109 60.9921713670095 51.7457127571106 40.2567187945048 32.5773507356644 32.1809202432632 32.3921367526054 33.9035466313362 28.9067799846331 24.1374696294467 28.6860515673955 41.551207502683 45.5816785494486 43.3643360932668 35.338652630647 33.1181089083354 33.7747683127721 34.0012510617574 34.0629095832507 32.1382110317548 41.6514202952385 57.6022764046987 61.8898570537567 65.2283877134323 71.4264164368312 81.2676896651586 86.5517556667328 44.4395393133163 0 0 0 0 0 0 0 0 0 0 0 0 0 0 0 0 0
54.872860511144 45.2271352211634 45.6610371669134 37.7314835786819 49.8738835255305 52.9490013917287 58.4666877985001 54.9606333176295 51.3061980406443 41.3125107685725 32.8945567210515 29.0857379635175 30.7653099298477 33.7643424669902 34.9116921424866 38.1267393628756 31.8687011798223 27.9439042011897 37.138136724631 39.9897222717603 37.2812996308009 30.9596831599871 30.6610266367594 36.5766535202662 38.6119410395622 35.4587758580844 36.0863407452901 41.6603734095891 63.6462916930517 75.9327560663223 82.1947952111562 86.2693190574646 93.1237637996674 95.4710245132446 85.5778455734253 20.5667453507582 0 0 0 0 0 0 0 0 0 0 0 0 0 0 0 0
56.0657779375712 40.7775988181432 40.7802785436312 42.1280711889267 51.1498649915059 54.001197218895 45.7594245672226 34.3872755765915 9.75117459893227 6.87750366826852 11.6413061817487 21.8083659807841 27.1574681003888 35.1941138505936 35.6626038750013 40.8964032928149 37.4438638488452 26.803399125735 28.4923762083054 31.8696623047193 30.9536531567574 31.1086003979047 31.1166048049927 36.2518429756165 41.1299665768941 38.139820098877 40.0649458169937 42.0128405094147 57.5357625881831 78.2616635163625 89.8558100064595 95.319797595342 97.5484947363536 98.4575351079305 104.310611883799 86.4678422609965 15.6998249391715 0 0 0 0 0 0 0 0 0 0 0 0 0 0 0
55.3060422341029 55.678516626358 73.2477108637492 100.713133811951 81.2405745188395 58.9217245578766 36.4583258827527 9.24529942373435 7.21926366289457 14.0918605029583 5.03738069285949 5.31595386564732 26.7625550429026 35.5196247498194 38.0336989959081 45.0754264990489 42.398343483607 30.9600954254468 29.9435307582219 33.0998376011848 30.415840446949 33.8482136527697 35.4520132144292 37.4553327759107 42.6062792539597 46.2604661782583 44.6560929218928 47.2799340883891 59.2189282178879 81.5529425938924 96.6119964917501 99.5276073614756 97.7462927500407 105.69621125857 114.307701587677 115.55141210556 90.7074411710103 36.880520482858 0.4490384987245 0 0 0 0 0 0 0 0 0 0 0 0 0
65.9688214461009 95.7108537356059 140.613347291946 161.495625972748 140.78809817632 94.0520862738291 53.7821799516678 29.5368557175 24.6562212705612 28.3657535910606 21.3881110151609 18.3841921389103 26.9425412019094 35.0216701626778 44.4695651531219 47.5486218929291 44.1085596879323 38.3453518152237 32.2580312689145 33.4897438685099 33.8872273763021 36.8327250083288 39.0751684705416 39.3936311205228 43.4188594420751 53.8354466358821 53.8613498210907 58.9490135510763 68.1926707426707 83.0851942300797 96.4265068372091 101.696699857712 104.712665081024 109.769582748413 116.284132003784 117.048074801763 110.124061505 90.627799431483 33.9192599058151 0 0 0 0 0 0 0 0 0 0 0 0 0
120.516955852509 155.34183382988 180.364688237508 182.969967524211 181.022266546885 155.766437451045 116.468032201131 84.729015827179 64.7095044453939 53.0523906151454 49.4568298260371 40.909801920255 30.6072334448497 32.4718803167343 40.7303720712662 47.4363068739573 42.0602758725484 43.5899049043655 33.5928524533908 31.5968816479047 35.6932133436203 36.4531750480334 37.5556622942289 38.1244098146757 42.1024660269419 54.1524191697439 59.4612111647924 66.1826431751251 74.4795650243759 82.17420677344 92.831164598465 101.177195707957 101.516554752986 100.218117237091 102.695365746816 96.7518885930379 98.1224179267883 85.038959980011 45.7477072874705 0.75727499400576 0 0 0 0 0 0 0 0 0 0 0 0
172.927916049957 190.277794996897 195.851147174835 193.627238273621 196.537494659424 191.493173440297 169.753770033518 131.184885899226 98.178098599116 74.9922494093577 76.5340477228165 68.2468314965566 45.8247760931651 37.8140856822332 38.7273157636325 43.1361695130666 37.9943996667862 38.6438841621081 32.2520087162654 32.9569528500239 32.4318955341975 33.7590624888738 33.0746347705523 33.2592378060023 39.2826050519943 48.5361119111379 58.6696912844976 62.2794777154922 70.7346846659978 81.9654166698456 90.5588865280151 93.5647785663605 85.4487220446269 76.0026276111603 78.6065359910329 66.6946570078532 67.5613880157471 54.0903508663177 15.8661293486754 0 1.67516556878885 0 0 0 0 0 0 0 0 0 0 0
188.099344571431 196.034789085388 195.546329021454 196.613093217214 198.012113571167 196.90086444219 187.433282534281 158.126642306646 113.710443178813 87.8541866938273 88.0577266216278 82.7487210432688 67.4997419118881 47.8387872378031 41.1826719840368 41.3403784235319 35.5446139971415 32.27881838878 32.2940225402514 35.0662271181742 31.4921562870344 31.441276272138 31.8895528713862 33.0288757880529 37.4462405840556 43.80963742733 52.510733405749 52.5945127010345 60.8794887860616 75.9413490692775 84.4494104385376 82.2034031152725 78.0019859472911 71.8881686528524 65.2331113815308 54.8886160055796 58.5099707047145 55.9464991092682 37.9334812362989 7.75981321930885 8.60535725951195 0 0 0 0 0 0 0 0 0 0 0
178.89682451884 184.565126895905 181.581755479177 182.481567064921 182.700991630554 177.622358004252 171.333034833272 154.458999633789 120.655765136083 98.1646180152893 94.7918097178141 85.722158352534 79.1345040003459 54.9581597248713 43.7196791172028 44.7252790133158 38.2886206110319 30.9344083070755 34.7792357206345 35.9519322713216 34.4762330253919 31.9324284791946 34.6540262301763 38.384735584259 36.5778083602587 41.7401393254598 45.7855711380641 46.3874042034149 52.7805139621099 69.4408814112345 77.7324189742406 76.8394966920217 79.7303766012192 80.5440843105316 65.2736326058706 60.5214536190033 64.1258458296458 70.283184448878 64.754530787468 29.2641744017601 0.0158178772835527 0 0 0 0 0 0 0 0 0 0 0
153.962661822637 157.770683368047 160.290956497192 157.59007136027 156.929711500804 155.782878398895 159.738063812256 157.792568206787 131.474097569784 108.189602692922 96.4116950829824 80.381378531456 71.3696628808975 50.8268276850382 39.8724327484767 44.8586344718933 46.3367253541946 35.8845144510269 37.9705627759298 40.7322396834691 40.5031094948451 37.2851441303889 37.4238242705663 40.3326625625292 38.6683866381645 38.9127805829048 44.3091044823329 49.9846984942754 53.5988360643387 64.6461645762126 75.3994931777318 79.6438753604889 80.4729561010997 83.4072927633921 68.3363676071167 68.627268075943 68.6914374430974 76.8133550882339 76.3133664925893 40.4333993792534 0 0 0 0 0 0 0 0 0 0 0 0
130.70805867513 140.359828869502 151.014904181163 148.194412390391 147.233307361603 153.862496217092 163.796166578929 167.364656925201 150.696059068044 120.197584231695 97.3708132902781 71.9306319952011 55.5528004964193 44.2282557487488 36.735936999321 40.1996970176697 49.7977783282598 43.3180431524912 40.8608391880989 43.7126904726028 44.228121638298 40.6414344906807 38.7946714957555 40.340967476368 40.9579947590828 40.4915288090706 43.2270169258118 51.8046716849009 54.541731874148 58.8908642530441 69.905549287796 79.6194771925608 82.1273177862167 76.216921210289 65.6223893165588 75.4074802001317 78.9032131433487 83.5521221160889 83.5079749425252 58.8427086671193 0 0 0 0 0 0 0 0 0 0 0 0
95.492422580719 106.292376915614 114.438245693843 119.29581562678 127.630800008774 143.517474333445 157.272199789683 167.634228865306 165.344268083572 137.346853812536 101.904849211375 70.8100001017253 51.7218212286631 48.2008705536524 41.1343897382418 35.6575374801954 45.8823690811793 46.3669945796331 41.2053416172663 41.2023812532425 41.5956725676854 39.0590826670329 36.995604634285 38.1340930859248 41.3559426863988 44.8692142963409 43.7943438688914 48.5772391160329 53.8243254025777 54.339865843455 62.2573395570119 76.1496325333913 79.7947496175766 67.2090748945872 68.3334668477376 82.3752582073212 87.6661241054535 85.7403775056203 87.243656317393 82.8012526035309 31.9049855073293 0 0 0 0 0 0 0 0 0 0 0
61.6698910792669 68.2274003823598 67.6706880331039 77.3780246575673 92.8887327512105 109.676778316498 124.760160843531 137.69386212031 139.076262712479 115.917871395747 82.8298479318619 59.2433909575144 46.8495041131973 45.7148800293605 42.4572924772898 37.747065226237 42.1410948038101 42.329137523969 36.5031361579895 36.8104850252469 40.2503261963526 43.0909047524134 42.2985255718231 39.0867590904236 38.5256409645081 40.8163418372472 45.7953015963236 48.0123708645503 52.3019035657247 53.0035048723221 54.7213107347488 66.0852293173472 72.9991048574448 69.8293348153432 86.2645109494527 92.3710068066915 89.9957617123922 85.8420729637146 91.9544498125712 102.559109528859 92.6042199134827 39.4094710548719 0 0 0 0 0 0 0 0 0 0
51.2477904558182 53.1632155179977 53.0533343553543 55.0692677497864 63.4844601154327 69.6310897668203 73.3198622862498 78.5748014847438 79.4622202714284 64.4857883453369 50.0323673089345 45.9036082029343 45.0555930534999 42.82213250796 41.5128320455551 42.6656107107798 41.3685118158658 40.1657819747925 36.7660646637281 36.9699870546659 41.0035774111748 45.9095736344655 46.9824473063151 43.6333219210307 41.1144345998764 39.7977431615194 47.4804590145747 50.2850810686747 52.556037902832 53.0922462542852 54.0785491466522 59.4395895799001 67.1618531147639 76.5201896429062 92.6261444886525 90.7624661922455 83.3979944388072 74.6159305175145 79.0041983127594 95.2253639698029 103.18989555041 93.950480222702 50.279825925827 2.79165369768937 0 0 0 0 0 0 0 0
59.1586927572886 56.747888525327 56.8902542193731 56.7235251267751 53.3448358376821 51.4303396145503 50.3112326065699 51.472932100296 56.250790754954 48.5142370065053 41.6361043850581 42.991171280543 46.443114678065 46.5592046578725 45.8847830692927 44.1983838876088 39.643848935763 45.8680589993795 47.1598754326502 43.5964713493983 45.7298159599304 46.1260428031286 44.6121195952098 47.1030573050181 49.2408523956935 45.1413691043854 49.0943988164266 51.4809787273407 53.4236679474513 54.2346835136414 54.7017504771551 58.9862565199534 65.2249952157338 80.594927072525 88.4069502353668 82.9938650131226 71.2326914072037 62.4304860830307 61.1444314320882 70.1602051655452 93.9081410566966 98.3533461888631 77.8496265411377 28.7250181039174 0 0 0 0 0 0 0 0
63.2839202880859 60.6117943922679 63.3900165557861 62.015175819397 55.5202066898346 52.4402558803558 50.3343443075816 47.797754406929 48.2931385437647 45.0027485688527 43.4059550364812 43.59437028567 47.0742533604304 50.3770063320796 50.5971759557724 48.1480707724889 45.3384816646576 51.1017292737961 53.517277042071 48.1822292009989 45.2678650617599 43.0253048737844 40.4686083396276 42.4236953258514 47.1604516108831 44.6360409259796 41.9107675552368 46.263799071312 50.0730176766713 52.0459314187368 53.2474368810654 53.9208551247915 63.4302447239558 81.3390562931697 86.0147674878438 72.9646037022273 62.7137919267019 59.4794650872548 58.1827362378438 66.6164457798004 74.1502741972605 74.5992759863536 63.1089011828105 35.5061342318853 0 0 0 0 0 0 0 0
48.2700914144516 50.881286462148 59.2636515696843 56.7678511142731 59.1444869836171 61.5761329730352 60.8174006144206 56.716114282608 46.9284156958262 45.8132872978846 48.9192555348078 45.7131961981455 46.3915467262268 50.2820064624151 50.6945898135503 48.1861929098765 50.1159876585007 52.6223033666611 52.8930177291234 48.7240552902222 43.7476336956024 40.8733636140823 38.8694927096367 39.0610843896866 42.1527375777562 45.4485267400742 41.2014524141947 43.586477637291 47.5473602612813 48.9142288764318 47.5253661473592 45.5027470986048 55.8590938647588 68.3333873748779 74.525515238444 65.5607680479686 61.4955921967824 64.0689879655838 64.9880866209666 66.2667850653331 62.1236215035121 61.1321131388346 56.5968553225199 34.82869019111 1.60487679143747 0 0 0 0 0 0 0
46.775350968043 52.4645149707794 55.326039592425 56.0348133246104 57.8143000602722 60.1857701937358 60.6426348288854 56.9772770007451 52.7323385079702 49.0207175413767 50.8917073408763 48.8568246364594 46.2438364823659 44.7805523872375 44.1746264696121 44.4480578104655 41.8044924736023 48.2744673887889 50.2031445503235 48.4298417965571 44.523149728775 42.9633309443792 42.1019196510315 43.2861944039663 41.6595538457235 50.0254531701406 52.0921299854914 49.6178716421127 48.6225883165995 47.1190462509791 43.6654190222422 41.5074477593104 46.5980072816213 50.6623635689417 56.3561916351318 59.612900018692 63.5044723749161 68.2950019836426 69.3254470825195 62.6054505507151 62.7553860346476 58.0169210831324 55.3434590498606 39.1096199552218 11.3431103527546 0 0 0 0 0 0 0
52.7847409248352 57.3160350322723 54.5958826939265 57.8232109546661 56.4755698045095 56.6210448741913 58.1636826197306 56.858296195666 58.320293823878 54.1474968194962 53.3397197723389 52.7967810630798 48.6560314893723 44.3351666132609 43.4825519720713 46.8426744143168 42.9428070783615 46.1548765500387 49.6567686398824 48.4470725059509 46.3896244764328 46.2415019671122 45.8204249540965 47.2558438777924 48.7583676973979 49.501563111941 54.7203421592712 52.1163096030553 50.288329521815 48.7686445315679 44.8811252911886 41.8021976947784 44.3329314390818 43.9087202151616 44.2379613717397 47.698309024175 54.1918377081553 62.5021159648895 62.3670866092046 52.0580758651098 53.8984735806783 50.6205211083094 50.8220195770264 48.3062863349915 31.991479297479 4.47879824787378 0 0 0 0 0 0
