input/barkrak2/radiation/dir36024.grid
NCOLS 85 
NROWS 70 
XLLCORNER 665100 
YLLCORNER 4664600 
CELLSIZE 20 
NODATA_value -9999 
[rows 24 to 47 of 70, columns 0 to 51 of 85]
57.1590562661489 53.3275802930196 33.2213044166565 7.76499013106028 0 2.45969913279017 3.85215505957603 3.94744115571181 3.21004632860422 3.26250462482373 2.08090199157596 1.8752058967948 4.07210427025954 9.88572960098585 9.37035803993543 9.22311035295328 13.0354178448518 20.8756650487582 26.2254352370898 19.5992489655813 18.0254516502221 15.4508166015148 21.9727456569672 29.3363307913144 33.3560978372892 33.8010067741076 30.9204831719398 27.7128294110298 12.1100718776385 3.78943048417568 1.51952976981799 0.785796592632929 0 0 0 0 0 0 0 0 0 0 0 0 0 0 0 0 0 0 0 0
45.6028580665588 49.4093547264735 42.5546218951543 16.125916192929 0 6.50264260669549 13.3508642514547 21.7771579821904 22.7722475926081 18.0472669502099 13.7900188565254 14.6671185890834 13.1097808480263 15.1529535651207 15.8251598477364 11.2189029653867 12.5654364625613 19.0687340994676 25.4958619674047 27.4763827522596 27.9044657945633 24.4394689798355 21.7134803533554 21.234209338824 23.69724214077 25.2812032898267 21.8523691097895 21.8404779831568 13.2710908850034 9.79238127668699 7.46083445847034 9.4853521635135 5.41399357219537 0 0 0 0 0 0 0 0 0 0 0 0 0 0 0 0 0 0 0
44.3508277336756 48.8436718781789 46.4896311362584 24.1384953260422 3.96263971924782 16.3930530349414 29.8035716017087 39.9545108278592 47.3372340202332 41.5780395269394 26.2659341096878 26.8248269955317 24.4504014650981 25.9381060798963 25.965228676796 16.5722047289213 14.5731406907241 20.7518897950649 27.5384957591693 37.2375324368477 38.2120857636134 35.4225983222326 28.0507802963257 22.7845013141632 23.084764679273 24.9875063697497 20.9935108820597 28.1303872664769 27.0803719758987 25.9484599033992 29.2217408617338 43.3458387851715 50.5270411570867 31.8424204985301 0 0 0 0 0 0 0 0 0 0 0 0 0 0 0 0 0 0
45.4796900351842 44.6864565213521 44.6620881557465 29.4185057282448 24.2544735471408 34.9040776491165 48.9662537972132 57.3203961054484 54.3891737858454 47.9633907477061 36.3170107205709 30.5026347438494 26.9684990247091 28.0752331018448 29.8167740305265 25.0403607885043 19.9703872203827 24.5649367570877 35.055602590243 40.2013609806697 37.3058120409648 29.7633757193883 28.0320594708125 28.5127560297648 28.635635972023 28.5788277784983 26.4212712645531 35.6238757570585 51.3363778591156 55.4915020863215 58.1678847471873 63.3283307154973 73.4275082747142 78.2433201869329 37.7230246861776 0 0 0 0 0 0 0 0 0 0 0 0 0 0 0 0 0
48.2528259356817 39.1721998651822 39.5223647356033 31.5851618846258 42.7253345648448 48.6546754837036 53.4891585508982 52.4032860994339 45.6657509009043 37.4111731847127 30.3770254055659 25.5486220121384 25.6819054484367 29.3116519848506 30.8296531438828 31.6521848241488 26.6879374782244 23.7366110086441 30.4744119445483 33.8715960582097 31.6748941938082 25.435837606589 25.1775582631429 30.6007862091064 32.6348394155502 29.4709677497546 30.2048847079277 35.4404201110204 56.9379925727844 69.0574248631795 74.3570228417714 77.2333294153214 84.550271431605 86.8311723073324 76.236700018247 15.2413298686345 0 0 0 0 0 0 0 0 0 0 0 0 0 0 0 0
49.5166083176931 35.0672652324041 34.9425425132116 35.5492681264877 44.7864929835002 48.3401268720627 41.1784201860428 21.8078444401423 7.63511719803015 5.15347036222617 5.30810343722502 12.0244373877843 23.3634039759636 30.5933058261871 31.44537905852 34.6758564313253 31.7707707484563 21.7880805333455 22.7704793214798 26.0137170553207 25.2440546949704 25.448684891065 25.5234787861506 30.3284749388695 34.8926857113838 32.058576742808 34.0070401628812 35.7263684272766 50.958921511968 71.2200403213501 82.3486745357513 85.4080120722453 87.7479612827301 89.6890858809153 95.1342781384786 75.8940279483795 10.6595208247503 0 0 0 0 0 0 0 0 0 0 0 0 0 0 0
48.9715238412221 49.1641859213511 65.5892292658488 91.6392604509989 73.4445005655289 54.260512193044 33.2529967029889 8.16856448849042 5.51652287443479 8.9096762239933 4.38672893991073 3.85347536454598 22.7937350670497 30.8911775549253 33.8037808736165 39.0446310242017 36.6141796112061 25.5937973658244 24.8606552680333 27.1759728590647 24.6623605489731 28.0902534723282 29.7285417715708 31.4222698410352 36.6719240943591 40.2236183484395 38.7760351101557 40.879137814045 52.3463040590286 74.2997030417124 87.8685216108958 90.4532968997955 87.7241988976796 94.0152605374654 104.684720436732 105.77005147934 80.6028147538503 30.6414018074671 0 0 0 0 0 0 0 0 0 0 0 0 0 0
58.9277992645899 87.3009165128072 131.06045126915 151.314357916514 131.150941054026 87.9351894060771 48.0106770992279 25.4420191049576 21.1412658294042 25.5513216058413 18.8797538479169 15.5063594381015 23.3341877659162 30.2211294571559 37.1441046396891 41.6941742102305 37.7993906537692 32.5279633204142 27.1803016463916 27.8802265723546 27.8591488798459 30.4003631075223 32.4785684545835 32.6196253299713 36.6278241078059 47.1028337876002 47.2103655338287 52.1524647871653 60.6395651896795 75.6709426641464 87.5831246376038 93.869944413503 93.9686596393585 98.5438823699951 104.676872491837 107.304245233536 100.59130191803 81.5476725498835 26.308869322141 0 0 0 0 0 0 0 0 0 0 0 0 0
111.386736234029 145.328889290492 171.136796474457 173.819164435069 170.842071374257 146.423439184825 108.64919424057 78.2866179943085 59.4125638405482 49.5503743489583 44.3976620833079 36.6911639769872 26.763620475928 27.7299011747042 36.2937524914742 41.1402657628059 35.8866105477015 37.4103436867396 27.6982088883718 26.1213953296343 29.7614882389704 31.2863488992055 31.7164460817973 31.8531543016434 35.3145450353622 46.8619763851166 52.659864226977 59.1898610194524 67.2351022561391 73.9495058854421 84.0127865473429 93.3267076810201 93.7278568744659 89.522788921992 90.3267661730448 86.6164565086365 89.1599456469218 76.4234314362208 39.0672559539477 0.0359764405099365 0 0 0 0 0 0 0 0 0 0 0 0
162.870675325394 180.1850994428 185.859878857931 184.950212637583 186.80198987325 183.399697144826 162.718345721563 125.935564438502 91.7628606160482 69.3107942740123 69.7732369105021 63.4956707557042 41.1271726091703 33.0016960700353 33.7201232711474 37.2218564152718 31.8001459042231 32.5436741113663 26.3663033644358 27.4081230163574 27.094026406606 28.5595953464508 27.3737907409668 27.3853416244189 33.2049354910851 42.0901477336884 51.9072910149892 55.4173489411672 63.6024276415507 73.6418813467026 81.7146400610606 84.6035977204641 78.0458052953084 68.8526729742686 69.5810168981552 58.4877878427505 59.8667959372203 47.4077165126801 11.2479018668334 0 0.3406530401359 0 0 0 0 0 0 0 0 0 0 0
177.06032594045 186.072329680125 185.537377993266 188.09042374293 188.394546508789 187.138040860494 177.674055099487 149.209916591644 106.358110904694 83.1952591737111 82.3558320601781 80.1823536554972 60.9806875387828 41.8354819218318 34.2281808455785 34.9017182985942 29.4015680750211 26.408351957798 25.9563773870468 29.0292998154958 26.1455004413923 25.7221211989721 26.5589927633603 27.6202410459518 31.0154631733894 37.0184977849325 45.2968180179596 46.6171850760778 54.6150902907054 69.5669651031494 75.8744726578395 74.8706509669622 70.0930754343669 64.2118851343791 57.8959931929906 48.0794062217077 51.6192962725957 49.3290225664775 32.0872813463211 3.65933030843735 0.903035281226039 0 0 0 0 0 0 0 0 0 0 0
168.707013130188 173.249065876007 170.153975486755 171.105980873108 172.6114153862 167.51237710317 161.198278268178 146.15398645401 112.472802400589 93.3531026045481 86.5398148695628 80.8892498413722 72.0713436603546 48.5634952783585 37.3767862717311 38.1368199984233 31.9537619749705 25.0921373565992 28.7029966711998 29.8677235841751 29.0329828858376 26.5867859125137 28.7793775399526 32.3074410359065 31.2194426854451 35.5951860547066 38.9924595753352 39.6186659733454 46.2130904197693 62.3612652222315 70.4521338144938 68.7701304753621 71.7105468114217 72.4812646706899 58.0698897441228 53.156703710556 56.2939544518789 62.8845393657684 57.4267208576202 22.7478966116905 0 0 0 0 0 0 0 0 0 0 0 0
143.775463104248 147.557765245438 150.061508019765 146.453678607941 146.039217710495 145.09188135465 149.628738562266 147.784948348999 122.939308484395 101.273417472839 89.1720751921336 70.8453158537547 64.2466445763906 44.1600183645884 33.5251341263453 38.1715099016825 39.5455633600553 29.7084748744965 31.7940761645635 34.4440067807833 34.9091837803523 31.777319808801 31.94593389829 34.6935863296191 32.6574966311455 32.9281638065974 38.0172257622083 42.9993271827698 47.0533569653829 57.7623546123505 67.2346204519272 71.4252392450968 72.3743538061778 76.179713010788 61.0272685686747 60.6877853473028 60.7007592916489 68.4200674295425 67.8857465585073 33.7891976038615 0 0 0 0 0 0 0 0 0 0 0 0
120.821893215179 130.324353774389 141.839404900869 138.158192237218 137.202501296997 143.058349688848 152.72468328476 156.048436959585 141.558190186818 112.80349890391 88.6384546756744 63.8053317864736 47.8998968998591 37.5857303539912 29.9984489878019 33.6363588770231 42.9535806179047 36.2331867218018 34.0002129475276 36.7598483959834 37.821094195048 34.9896550178528 32.6266313592593 34.0963279207548 35.3362634778023 34.92155422767 37.0674406488736 44.671818614006 47.3375966151555 52.2445340951284 62.8883888324102 72.3468561967214 73.8833248615265 69.2190478245417 58.559720714887 67.6173865795135 69.1380103429158 74.5460738738378 74.7794608275096 51.7386496067047 0 0 0 0 0 0 0 0 0 0 0 0
86.339791615804 96.9586173693339 105.550090471903 109.70139503479 117.865860462189 132.776608069738 147.251129150391 155.055503050486 152.412364880244 125.218162933985 92.6661392052968 61.476265390714 43.5713430245717 40.775107840697 34.1308265924454 29.3558885653814 38.5948022206624 39.6471569935481 34.8082035779953 34.8652750253677 35.3455692529678 33.4198400378227 31.3480297724406 32.4963480234146 35.6550291180611 38.5660802324613 38.1256217757861 42.2178407510122 46.6271142164866 47.1614847580592 55.5364340543747 68.9790497223536 72.6286470890045 60.5475852886836 61.5720649560293 74.0107794602712 76.7909387747447 75.1022348801295 78.221450249354 74.78200395902 25.9550660848618 0 0 0 0 0 0 0 0 0 0 0
53.546021382014 59.8876376946767 59.4108551740646 68.8872188329697 83.9476386706034 100.421855847041 114.350080490112 126.920402050018 129.730383555094 107.328504323959 73.8753726085027 50.7483631372452 39.076474805673 38.0147819717725 34.9195475379626 30.901829401652 35.1588477691015 35.3471785783768 30.2493025859197 30.7193274299304 33.4851294755936 36.6429761052132 36.486121515433 32.8669125835101 32.4054583907127 35.183680554231 39.4763102134069 42.2675212224325 45.8586911360423 45.1589475075404 47.5508471330007 59.2444241046906 65.3106619914373 62.5884731610616 77.851802110672 83.3869377772013 81.1949670314789 76.1696596940358 80.1723003387451 93.6063130696615 83.6412807305654 32.3512703180313 0 0 0 0 0 0 0 0 0 0
43.412392338117 45.1386670271556 45.2079524596532 47.2491731246312 55.4529825846354 61.3954414923986 65.0754421949387 70.2802588542302 70.6130415201187 56.8909098704656 42.4637297789256 38.5607232650121 37.3806357383728 35.2950220306714 34.0518206357956 34.6388866504033 33.9836602409681 33.598780632019 30.0294707218806 30.7784726222356 34.7407807906469 39.4915888706843 41.0318846503894 37.6137892405192 34.8609338204066 33.6475049455961 41.7369306087494 43.8352227210999 46.7637479305267 46.7014461755753 46.1672643820445 52.0953685045242 59.7516000270844 68.7261720498403 85.1407945156097 81.8279435237249 74.9806662400564 66.6776398817698 68.8324669996897 85.317591826121 93.925416469574 84.6992830435435 42.2686984141668 0.636945672643681 0 0 0 0 0 0 0 0
50.9741803010305 48.7242043018341 48.9184260368347 48.7929185231527 45.471911629041 43.7777191400528 42.7304555972417 43.9830124378204 48.6603627602259 41.3231179118156 34.6173321207364 36.0663135846456 39.0312199791273 39.2272075017293 38.13370068868 37.0189025998116 32.3325296243032 38.6585121353467 40.415088335673 36.5918204188347 39.3335670232773 39.7072782119115 38.638340930144 41.0589029391607 42.6117827494939 38.1769463419914 42.6339606444041 45.5897549788157 46.8820780515671 47.8179653485616 49.2377678553263 51.6500969727834 58.4696084260941 72.3815113306046 78.1808197498322 73.3971993128459 64.5083238681157 55.9771458307902 52.2757470607758 61.6487463315328 86.3774418830872 88.9225204785665 66.6250536839167 22.6499289274216 0 0 0 0 0 0 0 0
54.9518018960953 52.3903469244639 55.1479210456212 53.8783421119054 47.5727717081706 44.6609059969584 42.7333811918894 40.5872911214828 40.937677025795 37.8008037805557 36.315659681956 36.3062669833501 39.6900375684102 43.2504912217458 42.5760944684347 40.2844995260239 37.6322617133458 42.4666702747345 45.2820956707001 40.2563412984212 38.8806859652201 36.6661498943965 34.0761666496595 36.566083629926 41.1537935336431 38.2362008094788 35.1779386401176 39.8708134889603 44.2261099815369 46.4247862497965 46.9261109828949 46.8776524066925 55.264671643575 72.9527622461319 78.7438650925954 64.2614761988322 55.7146271069845 52.5816480318705 51.1754055817922 57.2377691666285 65.0741904973984 67.6371554533641 55.6888828674952 29.2566517988841 0 0 0 0 0 0 0 0
40.5504504839579 43.0377721786499 51.090603073438 48.7360556920369 51.0771324237188 53.438146909078 52.7964284022649 48.9324380954107 39.7055074572563 38.4972368677457 41.5614495674769 38.630577425162 39.4258772333463 42.7548885345459 43.1250582138697 40.8222476641337 42.1333859364192 43.9104984203974 44.7499553362528 40.1517351468404 36.1753503481547 34.0249091386795 32.1390380462011 33.2880293329557 36.270206173261 39.439524213473 34.9346250295639 36.7806081970533 41.1808614929517 42.6353315512339 41.3907766342163 39.5219673713048 48.0797439813614 61.5894496440887 66.5765355030696 57.7686677376429 54.6242694060008 56.8640728791555 57.5027018785477 57.8466107447942 53.9130717515945 53.0790090560913 49.6839533249537 28.9950246612231 0.14816516583475 0 0 0 0 0 0 0
39.1126275062561 44.515719016393 47.2965935866038 47.9848980903625 49.7553795576096 52.1019399166107 52.5490840276082 49.0613083044688 45.0527171293894 41.5933380524317 43.4166590372721 41.2751187880834 38.8507644335429 37.5140582521757 37.2683877746264 37.6755644877752 35.242867966493 40.4560118913651 42.271281282107 40.5385543902715 36.9273945689201 35.0952024261157 35.6379821896553 36.3995581865311 35.8327478170395 43.8938240210215 46.0663338502248 43.1114931901296 42.2186851501465 41.4052804311117 37.5590076049169 35.6001704931259 40.6056766708692 43.9707090457281 50.1008232434591 52.8073956569036 56.4670910437902 61.6915971040726 60.3668789068858 54.2460183302561 52.6992827653885 50.3369867801666 48.6383239428202 33.2712853948275 6.08866040905317 0 0 0 0 0 0 0
44.8329995075862 49.1518477598826 46.5697596470515 49.6981739997864 48.4085629383723 48.5943853855133 50.1453479131063 49.0187009175619 50.3867169221242 46.4529941479365 45.7771569490433 45.3610916932424 41.4759467045466 37.3571465412776 36.6195514798164 39.969357351462 35.8351990580559 38.9820262789726 42.2440419594447 40.5453195174535 38.6910984913508 38.0746647715569 38.1544282039007 40.1254047950109 42.2017922004064 43.5322423775991 48.521414399147 45.4876720905304 43.1875139474869 42.3530886570613 38.7030765414238 35.8837644259135 38.4310558438301 37.2571796178818 38.4487832585971 41.6352078318596 47.2417622804642 55.2848031123479 54.1471838951111 44.8066691557566 46.3871409495672 43.0572082599004 44.1497365633647 41.2037173906962 26.363139351209 2.5278275522093 0 0 0 0 0 0
44.5973177750905 46.1154182751973 48.5394100348155 50.5144198735555 50.3027737140656 50.171285867691 52.0586123069127 53.8053959608078 50.8269369602203 49.8355825742086 48.859104514122 48.4770238399506 45.2211995919546 42.4767881631851 42.4995968739192 45.2377498149872 43.9999053875605 39.0108153223991 43.2065824667613 42.1252896388372 39.8021986087163 40.3074746330579 40.0967945655187 38.3691837390264 45.6870893637339 42.6453799009323 43.7160680691401 44.0130531787872 43.438047170639 42.8040524323781 41.8124844630559 39.094403386116 38.0986084540685 37.9691471656164 40.2893573045731 41.2097821633021 42.4191306034724 47.0880568027496 48.2098956902822 45.4924056927363 43.8149472077688 41.0206193725268 46.4086532592773 50.5927503108978 43.5233563184738 19.527534643809 0.149152687905977 0 0 0 0 0
39.0290419260661 41.2347242236137 46.3644911845525 47.7023224035899 51.2981663147608 52.7769128481547 50.9880284468333 50.8429060379664 50.9623189767202 53.6920328934987 50.959125161171 47.7204571167628 46.3865001996358 46.9031085570653 45.567512512207 44.1204855839411 43.486624956131 36.8236849705378 40.9534896413485 41.569784283638 38.9587630828222 39.9100035429001 42.1968499819438 37.3839686314265 40.0468582908312 40.754588941733 38.5386894146601 41.1646316448847 43.1013405323029 41.8384124835332 42.9911861817042 42.2125160694122 38.2860700289408 40.5061443646749 50.3306339184443 53.3214211463928 49.2950479189555 44.5278187592824 46.4288840691249 51.5124251445135 46.3773508866628 41.7493879795074 48.9337891340256 52.8512497742971 48.5230932633082 33.7957267959913 7.16348861654599 0 0 0 0 0
