input/barkrak2/radiation/dir31924.grid
NCOLS 85 
NROWS 70 
XLLCORNER 665100 
YLLCORNER 4664600 
CELLSIZE 20 
NODATA_value -9999 
[rows 0 to 22 of 70, columns 0 to 50 of 85]
83.665331204732297 105.013598998388 119.515309731166 139.531185229619 150.183389584223 152.756035327911 151.896953582764 148.143400748571 146.235068639119 149.536530176798 150.239259004593 146.47184809049 142.01408624649 142.744302749634 142.87214477857 129.411369562149 114.970743656158 105.459938446681 105.156729618708 105.014870564143 110.950917005539 131.447553634644 152.766178051631 156.927327315013 160.271008809408 170.392314592997 170.26541630427 160.404582818349 152.848482131958 154.264867305756 150.255997975667 172.023415565491 209.628085295359 204.073349634806 202.558358510335 195.476452509562 202.854792277018 214.367886384328 213.439742724101 211.065093676249 202.580591042837 210.889160633087 216.075201829275 207.127908865611 195.73716322581 202.167411645254 210.315505663554 170.114696025848 114.500006039937 110.201328992844 133.035947879155
58.8538398345312 72.7564742167791 83.7956368923187 99.2900133132935 111.562391122182 129.786302646001 144.272565841675 150.38005510966 155.647973219554 155.301332473755 154.166320959727 149.499177932739 144.401391347249 144.507278998693 144.576887289683 130.190501610438 121.917754411697 113.477279742559 110.753089189529 107.506136099497 121.364136536916 144.615064064662 165.82136352857 167.465964953105 170.637905597687 176.168938477834 172.269781430562 163.053224484126 156.676898399989 155.703008174896 156.773457924525 180.826981862386 205.936630566915 204.361895720164 199.201981226603 195.114493370056 202.301383018494 210.986832777659 206.593990325928 207.163214683533 205.808679262797 208.126922448476 203.455865383148 191.94765885671 186.631063620249 198.911229769389 200.848301251729 149.749229351679 121.646195650101 132.265279690425 161.707103252411
28.343732158343 36.8534848093987 42.8297221660614 50.9327799081802 60.9947691361109 69.9015309413274 85.8639280001322 110.97307006518 129.031121730804 143.806954224904 146.271596352259 150.844434897105 151.721556981405 153.255095084508 155.037065347036 155.301153659821 151.479671398799 138.906558354696 124.70942735672 119.156132141749 130.471467971802 147.346973419189 157.868256171544 165.470312039057 171.129604180654 170.526444911957 167.679766813914 162.432064612707 159.796853860219 163.97417585055 173.323432604472 193.718691666921 203.440189361572 200.776894887288 196.508765220642 195.581555366516 206.382612387339 209.712644418081 204.464236895243 199.381550153097 194.565713405609 190.259377161662 177.810351053874 170.665403207143 176.520764827728 193.677981694539 186.329106489817 144.8066731294 141.240259011587 160.393059253693 186.788280804952
16.5266791979472 18.350001424551 21.91128830115 25.8441915114721 28.9430369933446 33.7772642572721 41.4114445447922 54.9044807751973 74.0570773681005 87.1582329273224 111.31876707077 137.309849262238 152.542571226756 155.866543451945 159.844587246577 166.18874669075 160.98893682162 151.465098063151 135.000497102737 128.05121143659 129.305491844813 130.851884682973 139.754354953766 148.924698432287 152.284145355225 155.614753564199 162.08161910375 162.24800546964 163.876007000605 169.393261273702 176.739633083344 194.435179233551 199.669440587362 199.560364087423 196.580350399017 196.869214375814 199.197828769684 199.843883514404 191.107789675395 183.075467745463 179.451684157054 171.510577201843 170.962373415629 184.138218561808 195.441404978434 190.193335215251 170.437097549438 148.344198862712 150.896628697713 163.972536722819 185.595154762268
26.0754848519961 20.0127487381299 13.31619049112 8.40979690353076 7.74947429696719 17.4620983501275 29.2144243915876 39.510540664196 46.4949359496435 52.9720435539881 73.3519792556763 89.5428955554962 103.922665119171 111.449340979258 118.137260278066 123.23855360349 125.063389539719 125.877151886622 131.430804729462 126.832763353984 123.005608717601 122.874091068904 130.823830763499 139.908810456594 144.403328498205 149.414410193761 151.674489180247 160.146822532018 163.32604487737 164.085497458776 171.708246072133 192.605892817179 192.230681578318 194.441755612691 194.231510162354 192.888796329498 189.764221509298 187.085111935933 178.054829438527 169.445474942525 168.869256973267 170.518517494202 178.408106168111 189.530988534292 194.017350673676 171.643515427907 136.481096347173 131.278038024902 144.650121529897 162.952840328217 191.287974516551
48.1947312752406 37.273367245992 21.0487718383471 8.50388780236244 5.71870679656665 10.4035983482997 21.86169475317 32.5339585542679 39.5558327436447 37.7493302027384 44.0163711706797 53.6007235447566 60.03704170386 64.6391808986664 68.0356572071711 78.2924344142278 78.0856062968572 88.9078179995219 98.5153714815776 109.059075514476 114.664733409882 119.024435679118 120.130697886149 123.935282230377 130.759159723918 138.883054256439 143.275121847788 148.490935564041 158.980180819829 167.399684588114 179.321487744649 189.847648143768 184.0514143308 182.467857996623 184.056023756663 183.874229590098 183.164159456889 178.260584672292 169.691463311513 169.921437899272 169.337093830109 168.542563915253 170.809467633565 176.923135916392 171.495536963145 134.565989176432 114.258984724681 124.321083227793 144.028007984161 182.49656756719 204.831123352051
65.04953900973 50.6756206353505 38.491003215313 25.0171571969986 14.2363148430983 8.59149793783824 10.7979153593381 24.2040107647578 32.1930398543676 39.8850962519646 39.6236106753349 37.1259649594625 35.1923629641533 32.2447294990222 34.772627055645 43.7245815992355 51.3171702623367 65.2637829383214 83.0422739187876 97.4919398625692 107.901453971863 115.88720480601 117.324203252792 116.462041934331 123.077561457952 126.577258110046 132.034569978714 138.481726249059 144.100805123647 153.341422478358 174.285928408305 181.452512741089 172.556161880493 166.4945880572 167.201459407806 168.050348758698 168.681224187215 166.260053714116 161.290834347407 155.757486820221 150.962889194489 151.276667912801 158.028076092402 165.362407763799 164.714942375819 159.112910429637 168.43855381012 178.45892906189 190.581083297729 205.263713995616 210.142950216929
79.1556686162949 64.2606715361277 54.4081827004751 44.0626094738642 30.78293800354 14.2418531080087 7.54515454173088 0.690803319836656 15.0782316923141 27.5325551629066 34.5011750857035 38.6364261309306 34.7230310241381 30.9577931960424 26.7258187135061 28.1489938497543 35.5977689226468 46.1521297693253 64.29456671079 82.2358032067617 94.4836338361104 105.967114369075 115.259557962418 113.810966412226 116.741677125295 115.433355172475 118.537882963816 125.127037366231 130.84864616394 138.833940029144 150.049020846685 151.677797238032 149.714837471644 149.931619564692 146.384606758753 148.401528596878 154.107709725698 155.013879140218 151.889910300573 135.98225514094 132.11120168368 140.612095594406 155.916591485341 168.157776196798 169.73755757014 176.45541826884 186.79948647817 189.898033936818 201.73450311025 206.385890642802 201.559484004974
73.5567559798559 63.9891922473907 53.6856005589167 46.9826807578405 40.4360344012578 30.8294246594111 16.3722410798073 6.4423568546772 12.6707057158152 18.4950393935045 25.1407747467359 31.9827596346537 35.7348769903183 36.893551548322 33.8815599679947 32.8503201405207 31.7414551973343 35.1626947522163 45.8399504423141 59.5686088005702 71.1661477883657 84.150622288386 96.9571073849996 98.5446870326996 101.968159278234 100.994050502777 102.849195400874 108.617891867956 113.310466210047 120.801945527395 126.664618651072 128.798027833303 126.740445693334 124.336451292038 129.073927799861 139.058132966359 143.216103315353 146.353244781494 147.139012813568 141.344656546911 147.41783340772 156.965871651967 164.955278237661 168.064057826996 165.975123643875 164.839923381805 166.897853215535 177.499075730642 189.239859580994 184.825857480367 177.868704001109
55.3324421246847 51.4681835969289 45.7565436760584 37.6464650034904 36.4090725779533 33.3375136057536 27.2293190161387 19.8198556900024 13.0556461711725 9.95704531669617 14.7327408194542 24.920217692852 36.6454174121221 44.3704128265381 50.386905670166 48.5911220312119 40.2479295929273 38.4899651010831 39.2381896575292 41.4530709385872 48.7437347571055 55.8889309565226 63.9894952376684 73.258305589358 84.0451021989187 84.7042500972748 86.3883594671885 86.5796407063802 93.534380197525 103.252867857615 103.791137536367 104.249308506648 109.499682982763 112.953921159108 117.747733990351 120.174984137217 122.747341791789 137.53679394722 143.731405337652 151.799619197845 160.105526447296 164.66760635376 166.476835807165 165.737211704254 164.521644512812 164.13140296936 171.186983585358 176.789363225301 178.894400596619 179.157694180806 182.936271031698
21.0317422946294 19.6199988325437 17.087247222662 16.572006046772 14.7117065886656 13.2088636358579 15.9608386456966 20.8186283707619 18.6916689078013 14.5641639828682 10.950393974781 12.7522821227709 24.5860020319621 40.2847478787104 53.6163548628489 49.1982996463776 45.1293140649796 42.2258426745733 39.583479364713 37.2320090730985 37.451076010863 38.7841388583183 42.8794870773951 52.9266744852066 66.2754625082016 73.0924357970556 72.9795694351196 75.1672983169556 78.5415818293889 83.1527411937714 91.2319223086039 94.7009523709615 102.140694856644 103.053381045659 105.682373046875 109.639604886373 115.163892507553 119.588524103165 135.544161001841 156.152695417404 162.810722986857 163.282791773478 162.189195553462 161.01148724556 161.173154910405 165.138741334279 174.092094103495 174.599866072337 173.829237620036 177.640696366628 179.372191429138
1.41455108920733 2.01877082387606 1.03661386917035 0.405228735568623 6.17222823777001e-09 1.1348771459622e-08 1.85943581163883 15.9694341321786 19.1671525438627 19.3839967250824 14.4707585374514 10.4909675816695 13.1341516971588 23.1648956735929 35.7927680015564 41.8089777231216 47.810306151708 47.0240364472071 43.2419280211131 37.6062989234924 33.7791591882706 34.0913285811742 35.0060388445854 41.1903535326322 49.7834285100301 56.8674902121226 58.2348555326462 60.5083604653676 65.2927160263062 67.055732011795 68.26118628184 77.3257960875829 86.3849620024363 88.5656476020813 89.2556309700012 93.3252076307933 102.882732947667 110.178848107656 117.018669843674 132.454097270966 152.83794204394 152.087847391764 148.823291063309 146.154979864756 147.712260484695 148.255298535029 152.87979443868 161.599079767863 165.22674759229 169.447878996531 171.863794326782
0 0 0 0 0 0 0 1.10470030146341 16.1085240542889 23.8504285613696 23.3129113912582 18.6765653391679 10.8677794535955 11.0454745590687 20.6753648817539 37.1151367823283 45.662522315979 50.2899090449015 49.7584144274394 44.7818984587987 39.4309237599373 41.0963694254557 41.0607506831487 42.9934561252594 45.3404436508814 46.1524228254954 49.7376322746277 55.2540967861811 56.0156106948853 57.7453126509984 58.3187937736511 58.8435331980387 61.3651225964228 67.2937085231145 76.7437517642975 79.6936750411987 86.4406228065491 97.0857739448547 99.9439855416616 109.732160965602 116.825481255849 118.284334739049 129.204819599787 134.539047876994 133.470356464386 135.422676801682 135.006527105967 138.182640075684 142.903506755829 147.957861423492 151.964058478673
0 0 0 0 0 0 0 0 0.782160942132274 16.8832167983055 28.1825214624405 32.1512520313263 28.3108999331792 20.0628377497196 19.4331469635169 32.5861970583598 42.0306324958801 51.5560309092204 59.2320412397385 59.0571810801824 51.2582212686539 51.4369855324427 50.048088033994 49.7908095518748 51.6242831945419 52.6865770419439 53.1597584486008 60.234601298968 59.273769458135 52.1287024021149 51.6635874907176 54.4645289580027 50.5290677150091 47.8775401910146 55.6278030077616 69.4993635018667 76.4090319474538 80.4995795090993 85.9055817127228 88.8575116793315 92.6106969515483 95.816175142924 103.586673736572 108.341038227081 120.793730020523 129.874596993128 128.663629293442 123.578161001205 121.917347113291 123.932818571726 127.297013998032
5.46271726489067 0 0 0 0 0 0 0 0 4.68384164075057 20.4659725228945 42.8406943877538 50.6580621004105 43.5376167297363 33.0333759387334 30.5871963500977 31.984140475591 42.4625078837077 54.8771272102992 64.5113339026769 64.7354970375697 61.4089320103327 60.8065625031789 58.7297628323237 59.5153868198395 60.1829389731089 59.7965816656748 59.3992720047633 60.2779934803645 54.3855230013529 50.3823061784109 49.8599658409754 49.8764216899872 45.2904254198074 43.0425107479095 43.6903387308121 41.5668686230977 48.6663232247035 58.7943941354752 60.9833896160126 68.7912205855052 76.1755704879761 80.7380775610606 88.9811714490255 92.5332506497701 104.884932438533 120.233784119288 124.210715293884 119.874894618988 112.239301204681 113.579978545507
5.87429851293564 8.90456516392894e-09 0 0 0 0 0 0 0.00425274477796241 0.780082230145733 15.2573051551978 34.6783399581909 51.4864375193914 56.1464677254359 46.9514230887095 32.6158031821251 27.6151473323504 30.5445939302444 40.7005697488785 59.425875544548 71.4172025521596 68.2890315850576 71.4723964532216 66.4745966593425 64.5640790462494 65.4949098825455 68.7286853790283 64.0325744946798 61.2192153930664 61.9710733493169 54.4461657603582 50.4665325085322 43.5753961404165 37.5117585062981 32.3367019494375 33.4780141711235 30.9926544626554 28.3551787336667 31.216931839784 37.3472049832344 43.1635528802872 46.0064907868703 46.3920782009761 50.2331654230754 63.7201865514119 70.7564353942871 83.9419066905975 100.220034519831 109.658221403758 106.083919604619 110.189447800318
3.95467877388 0.273582059890032 0 0 0 0 0 0 0.569783383980393 0.878142658621073 1.66821603973707 25.8281926314036 45.7656780878703 58.0225884914398 59.6201072136561 53.2712539037069 46.8261142571767 39.2857591311137 35.0613320867221 42.2020653883616 61.6861283779144 72.6931740840276 78.4984280665715 76.4599144458771 72.0208386580149 72.29283452034 72.6855496565501 73.6398200194041 71.5476671854655 68.6217397451401 59.101790189743 52.7070264021556 43.7785585721334 34.9660441279411 27.9698520898819 24.1444259881973 17.4582401911418 16.4512768387794 18.6937749385834 22.048885623614 23.6518705884616 24.5892157157262 27.0068198442459 28.2585422197978 40.6521086891492 51.8070459365845 59.362068772316 66.7563180128733 74.3550558884939 96.7265566190084 105.899393558502
2.39660094181697 0.649676735823353 4.37787248582418e-09 0 0 0 0 0.659705450137456 1.92333462958535 5.6800643603007 8.8582548002402 17.6802203059196 32.4115032951037 46.127994855245 56.9799691438675 65.3948734203974 64.2404109239578 57.6702803373337 46.1230178674062 37.4238813916842 44.518103202184 64.404159784317 73.280081152916 77.3908197879791 77.9525438944499 82.0776224136353 83.9628676573436 80.830583969752 76.4580319325129 77.5831043720245 65.6639983256658 53.5350938638051 41.4918313423792 35.1535876592 25.771031777064 20.1582287748655 15.3005681931973 11.6118813554446 9.56392784913381 14.3762069443862 15.5446144441764 19.3182105819384 23.6992165446281 27.3202707370122 31.9344376524289 39.2563094695409 46.5284039576848 50.5554725726446 55.7052592436473 62.7439022064209 69.4690843423208
2.68079930295547 3.18567082285881 2.36344120154778 0 0 0 0.61341382873555 2.56412600477537 6.19400665163994 13.172335922718 18.535427749157 21.200771133105 28.6286224921544 36.9509533047676 49.4614938894908 62.0239426692327 65.2233610550563 67.2318786382675 65.2784357468287 54.0152192115784 42.310227950414 52.3618658383687 60.634657740593 70.7107384999593 82.1195940176646 86.9870881239573 90.2490317821503 89.7353490193685 82.9088588555654 72.3093251387278 70.489580432574 57.4625333150228 44.9911852677663 31.1501597364744 21.7060868938764 17.6369709273179 10.8978735903899 6.48989528417587 4.24350115160147 5.9436292697986 9.76326751212279 14.7484950721264 18.7593934436639 23.5544095436732 26.7827361822128 32.011349995931 35.8757227659225 38.960245748361 43.450062473615 49.5687524477641 55.2656402190526
2.8173727914691 2.00190798689922 3.36459620545308 0 0 1.38348744561275 1.57830802102884 2.93556042015553 3.71524381140868 11.9218975305557 19.9307935933272 19.3874376515547 20.4430458446344 25.8464763561885 37.2708886861801 49.4352281093597 56.1664799849192 63.207949201266 66.8399234612783 67.5491243600845 61.1807803312937 51.5576303005219 54.8225392897924 62.8328720728556 73.5124597946803 82.537442445755 86.2581729888916 84.9484403928121 84.1799378395081 75.1485178867976 62.0551208655039 49.2297857999802 43.2097911834717 27.992956340313 23.5812117656072 14.2212112744649 6.49313752849897 1.22235319577157 0.256444152910262 0.954073465739687 1.19804854815205 8.54556945463022 13.1253798802694 18.7298494080702 20.6837629278501 23.6567830046018 26.8722251057625 31.9520408908526 37.5512763857841 41.5430143475533 39.1034285227458
5.43214939534664 1.42116751521826 0.114859925815836 0.63919008243829 0.0592893435774992 1.9115824252367 1.54591988151272 3.32478464891513 4.31918259710073 4.84159030020237 15.3918899595737 15.2102448046207 14.2535592118899 16.9318417708079 23.9085108041763 33.9780574043592 42.7313993374507 49.7361123561859 57.9459468523661 70.1664537191391 75.4050314426422 67.6976342995961 67.8729365269343 70.4119205474854 73.0905036131541 74.385866522789 79.3413718541463 77.3302018642426 72.7368742227554 61.26569211483 58.4636082251867 43.5178180535634 27.1199693282445 19.8861733078957 8.15818334619204 1.90508955468734 0.129703965891773 0 0 0 0 3.24667369325956 9.63359698653221 12.3999640345573 16.3398000101248 20.2521905303001 23.7433935205142 25.1172930002213 29.1566302378972 28.7322079141935 28.3229276537895
19.0521515905857 10.2049546937148 1.88173757245143 3.80858251204093 4.21376278003057 1.17548974230886 3.18248632053534 4.84259023020665 5.33119961619377 4.73709218204021 13.1800149877866 12.7568307022254 12.3377653459708 11.0332233210405 16.1047242581844 25.4514589905739 35.039280851682 44.340858856837 50.934890906016 63.2185339927673 70.6387509902318 81.4235607783 87.6742402712504 87.0921015739441 82.9739818970362 74.2405007282893 70.1413303613663 67.1450446049372 68.7123040358226 54.3437053759893 42.5982475280762 23.9303410053253 16.1411836743355 4.20237518846989 0 0 0 0 0 0 0 0 0.779059094687303 5.36761060357094 11.6411869724592 16.4150036871433 18.9677849411964 19.8989075918992 22.7874591946602 22.7157125870387 21.3574493924777
48.3954648176829 42.0703440904617 21.1097300052643 14.5487214128176 11.4853978157043 4.47084164867799 9.4855148345232 7.21910161276658 6.2158058087031 4.31640942891439 13.107493519783 14.5597532391548 15.871424227953 16.0324412087599 17.2448195517063 21.6877857844035 29.8821280399958 39.7496223449707 45.5457866191864 48.7113445997238 51.7663757006327 65.1993602514267 77.308456103007 80.8168898026149 82.034096121788 76.5450795491536 69.4076369206111 64.6156519651413 61.3511800765991 41.1203106244405 22.0867296059926 9.77201946079731 0.0282606852124445 0 0 0 0 0 0 0 0 0 0 0 6.62511090437571 11.009036252896 14.6962429086367 14.7718712687492 16.3599091271559 17.6951388518016 17.0476511120796
