input/barkrak2/radiation/dir30424.grid
NCOLS 85 
NROWS 70 
XLLCORNER 665100 
YLLCORNER 4664600 
CELLSIZE 20 
NODATA_value -9999 
[rows 0 to 21 of 70, columns 0 to 48 of 85]
116.388738155365004 131.570935249329 146.865983804067 167.658766110738 178.527394930522 181.087811787923 179.867446422577 177.073975404104 179.100235303243 183.784166971842 184.019386768341 180.990477403005 177.013099193573 177.816728750865 178.588509559631 165.320098400116 151.985218127569 140.876213709513 139.364262421926 134.543766578039 135.141323010127 156.135052442551 179.959575335185 185.145894686381 190.070509910583 201.435605684916 199.875315030416 188.41830889384 177.486379941305 177.65216032664 173.041224479675 196.057240168254 240.790824095408 237.71744966507 235.507369041443 222.906867663066 227.306644121806 239.294370015462 236.755053202311 237.582147121429 227.729936440786 235.488295555115 243.111352125804 235.928893089294 223.898768424988 230.610509713491 233.094910780589 201.109945774078 136.340568463008
95.0677096843719 110.968440771103 125.021596749624 144.178549448649 159.72763299942 168.377697467804 172.145942846934 177.911818027496 185.136437416077 184.90340312322 187.025268872579 183.653831481934 179.374098777771 179.80295419693 179.792046546936 166.858375072479 157.487521568934 148.185988267263 144.43975687027 139.091471831004 149.993558724721 175.048649311066 194.997827212016 196.011384328206 199.349880218506 206.502676010132 201.995770136515 191.777189572652 182.146489620209 179.741899172465 180.487056573232 210.115412871043 242.211540540059 240.094919999441 234.14800564448 225.083549817403 231.1110496521 240.70010582606 236.140529314677 235.705097516378 230.775078137716 232.159892717997 228.708525498708 219.38169002533 215.152223904928 228.512307008108 224.437157313029 186.127603054047 143.058905998866
61.4021519819895 70.2793498833974 80.9516807397207 93.0561423301697 107.766360044479 119.97452378273 134.513914585114 153.984685738881 168.292144934336 171.489417552948 175.033211708069 180.940806865692 187.537312507629 190.028448899587 191.212058067322 192.490120728811 189.827958742777 178.432961304983 161.611874898275 153.481195370356 165.057261784871 182.910760243734 194.32665904363 197.127997875214 200.163006782532 199.664394060771 196.049094200134 190.567851066589 185.940424601237 188.721219698588 199.590186278025 225.982964038849 244.87159649531 241.342345873515 234.709064165751 231.453776359558 239.030679066976 244.496246178945 238.788723945618 232.868631680806 226.461350917816 216.581205526988 202.815254529317 196.65656487147 204.29253578186 222.379465897878 212.545911471049 176.823993523916 164.547363917033
45.764630039533 46.5572824080785 52.0883003870646 57.763397693634 62.9722525676092 70.7547664642334 81.0874402523041 99.2115636666616 119.387934605281 137.997686862946 155.693580706914 172.433356444041 182.641764481862 189.977049827576 195.748070875804 202.718695004781 199.598908424377 188.389619191488 170.05467414856 162.400722503662 163.25373450915 164.30918375651 177.471975485484 187.359790007273 188.788672288259 189.16650613149 190.690835316976 189.980427424113 190.882960955302 197.485625743866 204.127271970113 227.112074693044 232.59178797404 235.921601454417 234.689255555471 235.644499460856 238.846282164256 239.854951699575 233.047842979431 219.259142875671 211.840073267619 200.094938278198 196.974913279215 209.383050600688 221.801320711772 216.98671579361 197.344978650411 173.165818055471 174.652953942617
64.1352633635203 50.0969539086024 39.0348707636197 31.9379344582558 33.3772028485934 46.4886625607808 68.0200805266698 79.8343022664388 90.2673602104187 98.2839862505595 120.671331882477 144.916216532389 159.584780534108 167.264680067698 174.403429031372 179.276367028554 180.599808692932 176.956017812093 169.487913449605 164.13281361262 159.530192613602 157.362908124924 167.434453964233 176.879525184631 181.225876013438 187.401135762533 189.109881718953 189.860542615255 190.975387891134 192.201554775238 199.971516927083 225.539406140645 226.196984450022 227.801899115245 226.535558700562 225.285867849986 227.67968972524 226.681669553121 215.544581413269 205.264906088511 204.041282335917 202.723701794942 209.35046672821 220.514635245005 222.463568051656 198.356072107951 168.407956759135 161.770502726237 168.728748957316
90.3685291608175 71.5868175029755 50.8344868818919 31.3752889633179 25.0704561670621 31.0891345143318 49.4078050057093 69.8094765345256 81.739862759908 79.9255271752675 88.6621574560801 102.45555639267 112.358431021372 118.989884853363 127.78111298879 138.088971376419 143.874357144038 152.715524037679 164.959619442622 170.052587985992 170.655469099681 171.344399452209 167.804479598999 170.548796653748 176.639974117279 182.604233423869 186.32980187734 191.26699368159 193.443814913432 195.640126864115 207.793593406677 219.245076179504 213.755289713542 214.859346548716 217.494050661723 216.693758964539 216.125031312307 211.243430773417 201.635479927063 206.219514211019 206.48322502772 204.400976498922 206.713219483693 210.496604442596 202.048401037852 166.530321041743 139.860520760218 149.287670850754 169.234494368235
104.127615690231 90.0148550669352 73.2379853725433 58.1240057945251 40.2767608563105 29.9672732750575 32.5240939855576 51.9936780134837 72.239026427269 77.2975037495295 74.9727735916774 71.5316037336985 68.5791571935018 64.5570109287898 66.4947479963303 81.7313442627589 93.5046076774597 119.258900483449 145.573377609253 156.245390574137 171.285669008891 179.152448972066 174.352049827576 170.441488424937 173.894087473551 175.884167353312 180.58184782664 185.827215512594 189.704219500224 196.62747780482 208.361466725667 212.874293327332 204.299966494242 200.109302997589 200.39560397466 200.551291306814 202.092925707499 198.488632837931 193.146030108134 187.68173456192 183.336158593496 185.734728972117 193.254272143046 201.558152834574 194.558342297872 184.874733289083 195.250372091929 204.087376594543 216.400365034739
103.436609109243 104.769329229991 93.5600300629934 77.5731305281321 63.0348722139994 39.8093014955521 24.5470131436984 22.0701073606809 40.6114781896273 62.4948143959045 69.9643939733505 68.5660839080811 64.5895749330521 57.4456055959066 48.6019353071849 50.3346621990204 59.3359371026357 72.7692693471909 94.594528277715 114.335497220357 130.686819553375 144.605189561844 162.122299273809 159.547944863637 159.721424182256 162.637760241826 164.85983133316 169.535954793294 175.513029098511 186.484376589457 198.696235815684 201.630155245463 190.886934598287 185.210486253103 181.304355462392 181.340277194977 187.131802241007 185.244838396708 182.026286919912 166.387299696604 162.975947062174 171.56716187795 189.534425735474 206.698099772135 208.020667235057 211.424668629964 219.94827191035 222.130556901296 229.486107826233
92.2885139783223 85.1150155067444 85.8493944009145 89.1129275163015 81.2795658906301 60.0427289803823 39.9036680658658 20.1321964462598 26.3131409883499 38.1984114646912 47.9901532332102 62.1126343806585 64.3265942732493 63.1362795829773 54.7966063022614 51.5184650818507 51.704948147138 56.094283858935 67.6295757293701 82.0437371730804 94.8004325230916 111.107488473256 127.828816572825 133.066157499949 137.968987226486 141.655176877975 143.70459318161 149.187038342158 153.87620528539 164.951990048091 171.886960665385 174.484451611837 170.776089032491 170.647978782654 170.532743136088 173.205673694611 175.118327140808 177.188535531362 177.421192328135 171.140193939209 179.026186466217 190.409084161123 199.336270491282 202.295204003652 198.418498039246 200.471778710683 204.138954480489 215.514640013377 224.993467330933
70.6596374511719 69.8920885721842 63.1963660319646 70.1054483652115 72.5467701752981 68.8068866729736 59.4326754411062 44.1363155841827 26.9332925478617 22.2086757421494 26.8194973468781 40.8922235171 55.3173373142878 66.6148364543915 67.6124095916748 66.0657087961833 59.1433346271515 57.4442446231842 58.3443492650986 63.0421886841456 68.2977537314097 75.9280820687612 87.5747005144755 97.4514782428741 111.596643924713 116.57123764356 120.917369922002 124.210486809413 128.702710072199 138.010054826736 140.39413134257 142.613271872203 149.35181538264 153.897782166799 159.824271996816 162.949830293655 163.083215554555 169.443706671397 174.202183882395 182.1701725324 192.660987377167 199.934681256612 204.082508881887 202.418049176534 197.009285291036 196.552515029907 210.384329160055 221.390902996063 222.102999687195
36.815253396829 35.1590514183044 37.6810505986214 36.2161671121915 42.8870022296906 51.7099946737289 60.3663523991903 52.3988157510757 36.4636431137721 27.8488943974177 23.0857531229655 27.9445648193359 43.1512693564097 59.3675623337428 68.7537590662638 63.9389604330063 64.1278823216756 61.6759757200877 57.653953631719 55.1804403463999 55.3853313128153 56.8443636099497 62.6457134882609 74.8609403769175 87.0538751284281 95.4679846763611 101.277311642965 107.061187426249 115.425596634547 121.598790089289 125.930339097977 130.319356918335 140.047440926234 142.33472943306 144.636362791061 148.189564545949 154.461562633514 159.836639960607 169.826885064443 189.75567817688 197.478930155436 196.425398190816 195.356667041779 193.812310695648 195.040146509806 200.248261292775 209.605316321055 210.868080457052 211.618145306905
13.3733873565992 11.7100502053897 9.14415220419566 8.12837357322375 4.53551268825928 6.79297558963299 17.6872834563255 27.5348375240962 33.4523568550746 38.3223444223404 30.17624715964 24.793249865373 27.0271350940069 37.6948068539302 53.7434766689936 57.287742694219 65.3122812509537 65.5520061651866 61.652198433876 55.523082613945 52.1587630112966 51.6626884539922 52.8328071037928 61.6029699643453 68.7240262826284 74.8526106278102 77.8835117816925 85.4334632555644 95.9913233915965 103.373835484187 107.878883679708 113.338460524877 119.388153155645 123.798231283824 125.673790772756 128.743420044581 140.439540147781 152.250905831655 159.794569015503 179.474234580994 187.157511711121 187.266886234283 181.410928567251 178.593734900157 179.465532302856 179.889877637227 186.923523743947 196.095446745555 200.066685676575
6.30442736049493 2.45790649205446 0.95024014202257 0 0 0.00280800031760009 0.341717270202935 16.2027527888616 32.807911435763 39.1193081935247 38.9797016978264 32.8346913059553 23.7174704670906 23.9877725640933 35.0094785292943 51.2329836686452 64.7311309973399 69.1560258467992 68.8306887944539 63.4907384713491 58.6557785669963 60.684934258461 61.3974879185359 62.2386634349823 64.631054798762 64.7169053554535 68.7985718250275 75.7485081752141 80.873116850853 87.0455304781596 94.3613449732463 99.9112327893575 101.286907990774 102.038512627284 106.963197390238 112.94037103653 124.193092187246 135.728339354197 141.017258167267 151.992986599604 160.51376859347 162.748992443085 162.234097719193 164.00549809138 164.256354173025 166.332304477692 166.881183783213 170.701444149017 175.716201464335
6.46738770107428 0 0 0 0 0 0 0.997091643512249 11.0563387473424 31.4132074515025 43.4401681025823 49.1741001605988 44.9414352575938 35.277192791303 32.7506810426712 48.2067366441091 59.9610408147176 72.3587175210317 79.3443918228149 79.426184296608 70.8639472723007 71.2455262740453 69.8267618815104 69.6149965127309 71.6380973656972 70.153887073199 72.5609213113785 80.3887297709783 80.0485859314601 75.4697720209758 84.6765637397766 92.9248730341593 94.4443742434184 95.2353278795878 100.394050280253 107.136696577072 111.154536406199 117.499132951101 123.39265147845 125.121454397837 131.85578584671 138.611157735189 145.798712968826 154.144843419393 153.288920720418 162.335495154063 161.659240722656 155.033667882284 153.458098570506
13.4201819698016 0.869878645365437 0 0 0 0 0 0 1.28609392171105 17.1353792150815 37.2180293003718 53.5653879245122 69.0950800975164 61.4691277345022 48.8185236851374 46.200692653656 50.7084429264069 61.9937082131704 76.2323389450709 85.8984688917796 85.70729692777 83.6957891782125 82.8101883331935 79.5545279979706 80.4913192987442 80.2919318278631 79.9296299616496 79.2180597782135 80.2636444568634 73.7515936295191 70.342684785525 80.8369716008504 87.1992905934652 89.5082751909892 94.9984788894653 97.4007844924927 98.5482732454936 98.1703797976176 103.459815184275 105.369130770365 111.079037189484 118.968943754832 124.948501586914 132.118463516235 136.79168621699 143.226226170858 152.540733416875 157.785286506017 153.31162015597
14.0242899457614 2.31852460031708 0 0 0 0 0 0.315599415140847 2.2864225320518 12.0930075645447 28.9867470661799 54.5963943004608 72.4812199672063 79.9808502197266 67.1028941869736 51.5200793743134 46.2644845247269 47.3605096340179 60.0313246250153 80.2526473999023 91.7878349622091 91.3875699043274 92.1198825041453 89.4483327865601 86.0275228818258 87.0887239774068 87.4506334463755 83.4603110949198 80.0855408112208 76.8584261337916 74.2981682221095 71.0047334432602 71.0507134596507 77.6259005069733 80.0481140613556 87.1426562468211 84.8788420359294 80.3130865097046 84.7325325012207 87.3394211133321 91.3630823294322 95.8236257235209 99.4185705979665 103.008697430293 117.506931225459 123.682995637258 137.412289778392 148.172746102015 148.388604323069
10.8771212399006 3.94150987267494 0.0247509451583028 0 0 0 0 1.49263379474481 3.61331459134817 10.1642676939567 19.9893588821093 42.7567660808563 61.1880918343862 74.9652137358983 79.1387408971786 72.4550088246663 67.0603662729263 57.3594470818838 52.0661622285843 58.8995118935903 79.9257506926854 94.6021874745687 98.0640451113383 97.532053788503 92.8726394971212 93.3818320433299 96.7456301053365 91.1238690217336 92.9457545280457 89.9171034495036 81.3489059607188 67.7907715241114 63.7034475803375 59.6718639135361 58.7446540594101 60.9508107105891 68.69142750899 65.8865571022034 72.149063150088 77.5088767210643 79.1208495696386 81.1574310064316 83.2762867212296 86.1148635546366 104.491909344991 114.35345808665 122.340718905131 128.566980361938 136.395692825317
8.03231572111448 5.16252654294173 0.670154190932711 0 0 0 0.651354668661952 3.95809734861056 11.3090636829535 14.8474151889483 19.5845228930314 30.5613006154696 49.8646994431814 68.1820710500081 78.5850832859675 88.1569385528564 88.3426070213318 77.7782102425893 65.2180413405101 54.7691037257512 62.8130286931992 84.4437777996063 92.5784011681875 98.3721415201823 100.453158219655 102.67714659373 106.486727794011 104.785104592641 98.5162059466044 91.9001003106435 88.6746446291606 74.9893883864085 61.1282686392466 48.5454102357229 47.1796691417694 45.7279731829961 48.457458615303 50.1812398433685 59.4995319843292 63.357671101888 64.9257153272629 67.2196000814438 67.49626994133 70.3399330377579 80.3510348002116 95.3293144702911 101.120948791504 103.528281052907 110.311587651571
8.81366307536761 10.6158591806889 9.42996827264627 0 0 1.1741587271293 3.75603077312311 7.44147474567095 17.7485644817352 25.7154181599617 33.0086449782054 34.2427243789037 46.0027207930883 56.7642350991567 68.0503199497859 81.410417954127 85.862398147583 88.2493456204732 86.4057143529256 73.0348527431488 59.6640259027481 69.5926994085312 80.5138200521469 91.4165675640106 102.611561616262 107.893367608388 107.85303513209 104.781736930211 107.974608739217 98.2251664002736 86.2398346265157 73.5953152179718 67.3663218816121 50.2666483322779 40.0928805271784 34.2680936058362 32.0900231599808 30.3856780131658 31.5032675862312 48.0408221483231 54.7657112280528 54.5991957187653 58.5764348506927 61.4575544993083 64.2980635166168 77.6179234186808 84.9013527234395 85.8768820762634 90.9810662269592
9.54070873558521 8.65101317564646 9.95554526646932 4.12455884118875 0.164543530748536 5.2750992278258 5.83529348174731 8.05336857835452 9.62947805722555 27.2921870152156 32.7958638469378 32.1284681558609 36.4904726545016 42.0725444952647 52.0148773988088 64.8047725359599 75.7932911316554 81.9283425807953 86.1261586348216 87.4035557111104 79.8675467570623 69.7983254988988 73.5810200373332 82.1295082569122 93.9728816350301 103.467961152395 111.054281393687 109.648992617925 99.0943312644958 90.7593766848246 89.0792608261108 74.1758892933528 58.9060634374619 42.8804804881414 34.2547769347827 24.0415384372075 17.3175955812136 16.7800846199195 20.3088584045569 25.9483158588409 33.9347471793493 42.1587973833084 48.5654274622599 52.4023771286011 55.0982256730398 64.4413431485494 68.1155622005463 72.312409679095 80.8671166499456
13.4928114712238 7.43671506643295 4.04481838146846 8.69341567158699 6.05398664871852 6.71095463136832 5.94152634342511 8.64435856540998 10.4087553918362 22.0063875118891 27.2387713193893 28.0271371205648 28.0360952019691 30.9416204690933 37.1837168931961 49.6554176012675 60.7351660728455 69.8875188827515 78.2905668020248 90.4579758644104 96.4380304018656 88.3775949478149 87.5006814797719 90.8291935920715 93.483845392863 94.8996345202128 95.0151781241099 92.0921961466471 97.0592697461446 87.1495107809703 73.6173888047536 57.7008525530497 45.2678650617599 31.3058147827784 23.6985385417938 15.0526836514473 7.49745157857736 5.42076304554939 12.6291786630948 17.158504575491 22.2535307208697 26.8397430578868 38.0791972080866 43.9793318510056 50.9416311979294 55.6646237770716 61.4486237366994 67.2277212142944 73.1179465850194
32.6497654120127 21.7666576306025 11.2454158564409 17.9187320172787 16.8662841121356 5.61504314343135 7.7829398214817 11.0762330392996 18.4480845928192 23.5608592629433 24.4286532203356 24.7156197826068 25.3770227233569 24.1896410783132 29.1625459988912 40.476493537426 53.3011704683304 62.9459023475647 70.5974797407786 84.5268269379934 92.8095281124115 105.017940203349 112.145205338796 109.784185886383 103.887736797333 94.9261387189229 90.7646715641022 84.071139494578 82.5537691513697 69.8853582143784 62.2499535481135 40.5755241711934 25.9097293019295 13.038344681263 0.18999675133576 0.208042076944063 0.282799048970143 0.290987043020626 0.262132962234318 10.6846715013186 6.80229750772317 11.4905449251334 25.4020988941193 23.7325777610143 37.5815232594808 49.8273273309072 58.3488196134567 62.1427843968074 66.7980760335922
