input/barkrak2/radiation/dir35424.grid
NCOLS 85 
NROWS 70 
XLLCORNER 665100 
YLLCORNER 4664600 
CELLSIZE 20 
NODATA_value -9999 
[rows 23 to 45 of 70, columns 0 to 51 of 85]
56.8685978651047 47.0965057611465 18.7460320691268 3.42101417481899 0.0389589185942896 6.90930709242821 4.46312936643759 3.40939220041037 2.29537269721429 2.04159738495946 2.03688101222118 1.88652860621611 9.01636170844237 11.6192512214184 9.63100977241993 9.9312129120032 15.2499973773956 22.4702383081118 26.8213873108228 20.8409130573273 20.1138878862063 23.4436641136805 33.7334796786308 42.5845930973689 48.544521133105 47.8492478529612 41.6958679755529 36.1947466929754 17.0097947120667 7.62022410829862 4.2292724053065 0.673476684217652 0 0 0 0 0 0 0 0 0 0 0 0 0 0 0 0 0 0 0 0
56.8177849054337 53.0116409063339 32.9607874155045 7.60819638768832 0 2.46365958203872 3.81186635543903 4.5791557058692 3.831605737408 3.18245434512695 2.76295654475689 1.84905777374903 3.84198408573866 9.6970908343792 9.41418421765169 8.98293778300285 13.044731070598 20.7058650751909 26.0739276806513 19.4721942146619 18.1048214435577 15.51794881622 21.4508697390556 28.9891685048739 32.7564403414726 33.2056929667791 30.827855070432 27.3210232456525 12.3561881482601 3.70010485251745 1.47020335619648 0.754199689254165 0 0 0 0 0 0 0 0 0 0 0 0 0 0 0 0 0 0 0 0
45.3059474627177 49.0874946117401 42.2633786996206 15.9345008432865 0 6.31423915425936 13.655183215936 21.1765170097351 22.106076280276 17.4331304927667 13.253112634023 15.0815012554328 13.4228517611821 15.4959758122762 15.4220499098301 10.9406958023707 12.2654065489769 18.5853838920593 24.9633019169172 27.2982095678647 27.5313705205917 23.9615415533384 21.2791313727697 21.2869842847188 23.5432138045629 25.2861802776655 21.6680144270261 21.5629686911901 13.4090359012286 9.76571254432201 7.37921707332134 9.33110589782397 5.30199334025383 0 0 0 0 0 0 0 0 0 0 0 0 0 0 0 0 0 0 0
44.057697057724 48.5274146000544 46.1857666571935 23.9110936721166 3.86483253290256 16.5920915702979 29.1682928800583 40.6346395611763 48.1215218702952 40.5527750651042 26.8844217061996 27.2538587450981 23.9688555399577 25.1995548605919 25.3564044833183 16.6241439680258 14.2235346138477 20.7538170119127 27.4635627865791 36.5487684806188 38.3230497439702 35.564586520195 28.1002521514893 22.7068910996119 22.9316328962644 24.7758949796359 20.7353507479032 27.9396722714106 26.833675801754 25.7086902856827 28.9770911137263 43.0559714635213 50.205518802007 31.5834532181422 0 0 0 0 0 0 0 0 0 0 0 0 0 0 0 0 0 0
45.1852480570475 44.3893273671468 44.3580647309621 29.1657770673434 24.035486082236 34.3110437194506 49.6305574973424 56.271106004715 54.6677708625793 48.3776032924652 35.3589902321498 29.5491367578506 27.1983419855436 28.6163538694382 29.7481069962184 24.5085408290227 19.5571954051654 23.9660739898682 34.3646804491679 39.4971445202827 36.8269731601079 29.9231161673864 27.6703387498856 28.0611962080002 28.3403843641281 28.3222645521164 26.1096606651942 35.3816002607346 51.0112841924032 55.1605522632599 57.8989336887995 63.1693402926127 73.2515801986059 77.538991967837 37.2800553838412 0 0 0 0 0 0 0 0 0 0 0 0 0 0 0 0 0
47.9449232419332 38.8854220509529 39.2347648739815 31.3290680448214 42.7239239215851 47.9034384091695 52.533745765686 51.3882040977478 44.416218996048 36.3416522741318 30.8712099989255 25.9373287359873 24.8355443278948 29.5035590728124 30.7597120602926 30.9753765662511 26.935949921608 23.159238199393 30.8906709154447 33.8560019930204 31.6873987515767 25.5028928319613 25.2356256047885 30.6628569960594 32.517376045386 29.3738891681035 30.0447990496953 35.1840307315191 56.5696805715561 68.8144514958064 73.7021913131078 76.4615933100383 83.7327440579732 86.8604878584544 76.2928624947866 15.1714471479257 0 0 0 0 0 0 0 0 0 0 0 0 0 0 0 0
49.198051293691 34.7924480835597 34.6689820289612 35.286749402682 44.3127502997716 48.8221943378448 41.8032109737396 21.591953933239 8.68405525883039 5.98320985833804 5.27468758324782 12.8708072006702 23.712232708931 29.9355958898862 30.7322219014168 33.9564755558968 31.9317306081454 21.3481436173121 22.5671182076136 25.7003456354141 24.8423914114634 25.0376438101133 25.1026824116707 29.95665371418 34.902036190033 31.8835005164146 33.9066858092944 35.5004519224167 50.6306986014048 71.0295041402181 81.5612574418386 85.5714082717896 86.8261555830638 88.8103743394216 94.1365361213684 76.0389814774195 10.4986950755119 0 0 0 0 0 0 0 0 0 0 0 0 0 0 0
48.6559718847275 48.8580862681071 65.2403583129247 91.3093487421672 73.6680577198664 53.4860789775848 32.5831001003583 8.11143157382806 5.44632598757744 9.31293082733949 5.09057783832153 3.8068164139986 22.202397386233 31.1558917164803 33.7480902671814 39.0526702006658 36.1357281605403 25.126834710439 24.3758584062258 27.223934729894 24.6809398134549 28.0550966660182 29.2379011710485 31.0249576965968 36.3295351465543 39.8301631212234 38.3301625649134 40.494330227375 51.9440174102783 73.6487954854965 88.0008935928345 90.6765659650167 87.9004995028178 92.9380853970845 103.535572687785 104.53075170517 80.8310111363729 30.0727486610413 0 0 0 0 0 0 0 0 0 0 0 0 0 0
58.5792164007823 86.8983864784241 130.490799744924 151.17554863294 131.331205368042 87.0202581087748 47.2716192404429 25.8890514572461 21.6025039553642 24.9463071425756 18.3500212927659 15.953170756499 23.8646591703097 29.6044995387395 36.3581528266271 41.3126001755397 37.8613000114759 32.6936542987823 26.7689178387324 27.5599559148153 27.498352030913 30.4648627837499 32.5338318943977 32.5983141859372 36.6697584589322 47.1078256766001 46.6536482175191 51.5929013490677 60.0567708412806 74.9352276325226 87.7451201279958 92.7858352661133 94.2898392677307 98.9510416984558 103.368719418844 107.664446036021 99.4411110877991 80.4606378078461 25.7129122813543 0 0 0 0 0 0 0 0 0 0 0 0 0
110.938876867294 145.031034946442 170.20720243454 172.887563705444 169.767399628957 146.820276975632 109.215448300044 77.2593170404434 58.4366569916407 48.6749311288198 44.9874848127365 35.8636577924093 26.0742530226707 27.1338870127996 35.5022400617599 40.7556494077047 35.9595889846484 36.8535916010539 27.3111561934153 25.7400621970495 29.7868400812149 30.7871475815773 31.2991589307785 31.4939344922702 35.3722423315048 46.8585391839345 52.686537305514 59.2462519804637 67.2379483779271 73.9904493093491 84.1871996720632 92.2081073125203 92.5672948360443 89.8703038692474 90.711236000061 85.5924586455027 89.3476108709971 75.5085796117783 38.5523786147436 0.0338072544157815 0 0 0 0 0 0 0 0 0 0 0 0
162.119338909785 180.174072583516 185.936570167542 183.938642342885 186.916391054789 182.174166043599 163.237541913986 126.666804154714 92.5358335177104 68.0803606907527 70.2884445587794 64.1701420148214 41.7596797148387 32.3279276490211 32.9882328708967 36.8552207946777 31.3624987999598 32.0160860816638 26.3192156950633 27.0614673693975 26.6944964726766 28.1012803316116 27.360034485658 27.4243901173274 32.7970633904139 41.6079287727674 52.0286659399668 55.5012673139572 63.6112491289775 73.7245331207911 81.9565057754517 84.8627686500549 77.1582822004954 68.0997272332509 68.7531779209773 57.8864812850952 59.7392270962397 47.02427983284 11.4190715054671 0 0.229296720741938 0 0 0 0 0 0 0 0 0 0 0
176.09836657842 184.994121392568 184.42706267039 187.009930610657 187.26126352946 185.976445674896 177.99452940623 149.756083885829 107.037961483002 82.1237862110138 80.8766037225723 78.6801477273305 61.4906450112661 42.1640127897263 34.3440050880114 34.4432840744654 29.420996705691 26.423675318559 25.917703906695 28.612141807874 25.7584999005 25.7660398880641 26.1522581179937 27.2110154231389 31.0245802005132 37.0900755127271 44.7355210781097 46.0957040389379 54.0472169717153 68.8015619913737 76.0725090901057 74.9862988789876 70.1217552026113 64.2086565494537 57.2800437609355 47.6658989985784 51.387478907903 48.9696711301804 31.8226640423139 3.53748785952727 0.773262154931823 0 0 0 0 0 0 0 0 0 0 0
168.722013632456 172.198295593262 169.08190647761 169.986049334208 171.612362066905 166.570802529653 160.188992818197 145.07911602656 111.37463649114 94.0460562705994 84.980050722758 79.3683528900146 70.9882328907649 47.8690763314565 37.4996537963549 38.085234661897 31.9432492057482 25.1062760750453 28.296356399854 29.4465869665146 28.6160632967949 26.2044916550318 28.8266191879908 32.3067729671796 30.7585000991821 35.1385151346525 38.9784028132757 39.1598294178645 45.7099576791128 61.6461535294851 69.6296195189158 68.8690046469371 71.7636346817017 72.5416094064713 57.4944168329239 52.6670416196187 55.7427008946737 62.3277475436529 56.8819493055344 22.3430171608925 0 0 0 0 0 0 0 0 0 0 0 0
143.675625324249 146.70318365097 149.151374896367 145.509958267212 145.184218883514 144.287327925364 148.742914199829 146.765093008677 121.798515319824 102.012972036997 89.7776782512665 71.1889167626699 63.362975915273 43.596292535464 33.6061368385951 37.8532533844312 39.0802100300789 29.3049663305283 31.3782890637716 34.5071479678154 34.4221045573552 31.3276400168737 31.9676597913106 34.2092563708623 32.6894571383794 32.9273516933123 37.5745768348376 43.0055807034175 46.4850068092346 57.0576538642248 67.3806915680567 70.5981949965159 71.5547899405162 75.3320058186849 60.9647532304128 60.6435239315033 60.0639581680298 67.7277396122615 67.8536395231883 33.7042808532715 0 0 0 0 0 0 0 0 0 0 0 0
120.683173338572 130.220592021942 140.972961982091 137.280484040578 136.395613352458 142.191330591838 151.751518249512 156.210203965505 140.351643164953 111.562331517537 89.3549124399821 64.265251159668 48.0776528517405 37.1307209134102 30.0282264749209 33.2986613114675 42.8981085618337 36.2742220362028 34.0473105510076 36.8127226829529 37.3474434018135 34.4955399632454 32.6849396030108 34.146507581075 34.8668495814006 34.4684173663457 37.0591034491857 44.1326846679052 47.3910123109818 52.3235748211543 62.1150881052017 71.4877148469289 73.0218191941579 68.5004144906998 58.4435363610586 67.6547189553579 69.2394971847534 72.8136946757634 74.7771412134171 51.632488767306 0 0 0 0 0 0 0 0 0 0 0 0
86.1329038937887 96.8263347943624 104.90154226621 109.570542971293 117.170075575511 132.71951675415 146.283517281214 155.253231525421 151.130467653275 123.915811379751 91.5874441464742 60.7390503088633 43.0625180403391 40.3309737642606 34.1593672831853 28.9840797583262 38.2214983304342 39.1592433055242 34.3628873427709 34.4240665435791 34.8373502492905 32.9538012544314 30.9211512406667 32.0983901619911 35.2067798376083 38.5874236623446 37.6327161987623 42.2450304031372 46.0290362437566 47.2576816876729 55.6379059950511 68.1333392858505 71.8074242273967 59.9988798300425 60.9769374132156 74.2260068655014 77.05324391524 75.3154059251149 78.2859971125921 74.7777372598648 25.7973199089368 0 0 0 0 0 0 0 0 0 0 0
53.2271961371104 59.6576631069183 59.1990252335866 68.7140723069509 83.7944547335307 100.366602341334 114.415407180786 127.069662014643 128.653029600779 106.307198603948 73.1049080689748 50.2139180898666 39.0637839833895 37.6127113898595 34.5291495323181 30.5178438623746 35.1462711890539 35.3216181198756 30.2330031991005 30.7081664601962 33.4775124986966 36.2154394388199 36.0322470466296 32.4340015649796 31.9713354110718 34.6953719854355 39.4756595293681 41.7238970597585 45.9220657745997 45.2548861503601 46.8790978193283 58.5090617338816 65.336878101031 61.9649340709051 76.9080221652985 83.7583144505819 81.5111398696899 76.401948928833 81.4555784066518 93.8624342282613 83.93461505572 32.502551873525 0 0 0 0 0 0 0 0 0 0
43.146347006162 44.8130468527476 44.9412912130356 47.0254520575205 55.2522440751394 61.2246493498484 64.9609367052714 70.2210416396459 70.6544071435928 56.9032728672028 42.4274951219559 38.4748975435893 37.3555893699328 34.903680284818 34.0398152669271 34.6794575452805 33.6052924394608 33.2071209947268 29.6442359685898 30.3583890199661 34.2924942572912 38.947805762291 40.5118788282076 37.1879190206528 34.8823070526123 33.1991563240687 41.1944588025411 43.8627302646637 46.1907337109248 46.0706800222397 46.2771604458491 51.4056483904521 59.7342401742935 67.9573218027751 84.0215682983398 82.2251886129379 75.2382973829905 65.8004234234492 69.0190941095352 84.2850108941396 92.7137732505798 83.4583938121796 41.4872417847315 0.681881482402484 0 0 0 0 0 0 0 0
50.7348825534185 48.4503656625748 48.6740420262019 48.5791862010956 45.2810078859329 43.4816231330236 42.4223144849141 43.8630680243174 48.6038128534953 41.2189116080602 34.3128840128581 35.6999387343725 38.6652151743571 38.7936110297839 38.1313289205233 36.5742792685827 31.929853061835 38.2043644785881 39.9381866057714 36.6889908909798 38.8158907492956 39.7653828064601 38.1898234287898 40.5873184402784 42.0968681573868 38.2255713144938 42.0878380537033 45.051505168279 46.9120492537816 47.9096819957097 48.5460509856542 50.9539544582367 57.8279395898183 72.5589046875636 78.5401115814845 73.6491034428279 64.5846923192342 55.9667001167933 51.5999595324198 61.7481172084808 86.7288907368978 87.6081883907318 67.0079092184703 22.1703946590424 0 0 0 0 0 0 0 0
54.6451210975647 52.1247039238612 54.8368593056997 53.645317753156 47.3035424947739 44.3903356790543 42.4365202585856 40.277307232221 40.6036426623662 37.5082045793533 35.9971076250076 36.2356180946032 39.6354719996452 42.8445239861806 42.5821443398794 39.7933125495911 37.6445601383845 42.5072908401489 44.7484701871872 40.35751024882 38.3401960134506 36.1668989062309 33.6699932813644 36.0942011078199 40.7042627533277 37.7334753672282 35.1884911457698 39.3960600097974 43.671374519666 45.8097706238429 46.2656915187836 46.9287882248561 55.3341855605443 73.1917321681976 77.6711155970891 64.4045720497767 55.6958814462026 51.9554913043976 50.5080421765645 56.4266890287399 64.1940881808599 66.7290389537811 54.9342334270477 28.8220718502998 0 0 0 0 0 0 0 0
40.2738799651464 42.8030590216319 50.8277763923009 48.4657287597656 50.7868230342865 53.1277010838191 52.4552414814631 48.5806465148926 39.4070868690809 38.1842255592346 41.2248969078064 38.261353969574 39.0103061993917 42.7168905735016 43.1547462940216 40.8188949028651 41.6510353485743 43.9542531967163 44.2597170670827 40.2329837282499 36.2338696916898 34.0049465497335 32.1302463610967 32.8719566265742 35.8058537046115 38.960707684358 34.5001419385274 36.3137970368067 41.1803598205248 42.6758428414663 41.4212296406428 39.5145664612452 48.145333925883 61.7517530918121 65.6923949718475 57.7766050895055 54.5769880215327 56.1569035053253 56.7046006520589 57.0218513409297 53.1492630640666 53.170382976532 49.0761498610179 28.660183151563 0.0974071541956315 0 0 0 0 0 0 0
38.8718297084173 44.2550281683604 47.0667580763499 47.7244754632314 49.4734197854996 51.7935355504354 52.2346397240957 48.7538725137711 44.7387049595515 41.4474532008171 43.0632829666138 41.2003348271052 38.8217444221179 37.5015487273534 36.9110231598218 37.2458547353745 34.8233257730802 40.600597858429 41.7263259490331 40.0346964597702 36.4290475845337 35.0929896036784 35.2110142509143 36.4602953195572 35.3916039069494 43.3751195669174 45.5312083164851 42.5606270631154 41.6684597730637 40.889119108518 37.0990683635076 35.1569925745328 40.0788386662801 43.9843038717906 49.4999438524246 52.754412094752 56.4543058474859 61.8008474508921 60.6262783209483 54.4287910064062 52.8724590937297 50.3697246313095 48.0955938498179 32.9519112904867 6.14013088246187 0 0 0 0 0 0 0
44.5803105831146 48.9304661750793 46.3047126928965 49.443244934082 48.146183292071 48.3246346314748 49.8483528693517 48.7261911233266 50.0553945700328 46.1146136124929 45.641968647639 45.2673484881719 41.4085661371549 36.9900266329447 36.2388342618942 39.9348090092341 35.3922893603643 39.0309964617093 41.7750279108683 40.6375999252001 38.2034505407015 37.6041382551193 37.6686702171961 39.5848949750265 41.6411037246386 42.9886678854624 47.9829460382462 45.5008248488108 43.2071685791016 41.8453514575958 38.6332795023918 35.8152041832606 38.3871595064799 37.1928463379542 38.0407522122065 41.4558798074722 46.6863711675008 54.535965124766 54.2986144622167 44.8360691467921 46.4584032694499 43.0561204751333 44.0227289994558 41.1002511779467 26.0597442587217 2.49110208824277 0 0 0 0 0 0
