input/barkrak2/radiation/dir31624.grid
NCOLS 85 
NROWS 70 
XLLCORNER 665100 
YLLCORNER 4664600 
CELLSIZE 20 
NODATA_value -9999 
[rows 22 to 43 of 70, columns 0 to 50 of 85]
51.7135510842005 45.342226823171 23.966779311498 17.4577335516612 14.2799057066441 6.02407567203045 13.2108479738235 8.71420092880726 6.57018584509691 5.58098219335079 15.3214608629545 15.9773007035255 17.6764925320943 18.0506048103174 19.2729334036509 23.713173965613 32.713162402312 42.0584976673126 48.9559123913447 51.232765118281 55.0342947244644 69.2902704079946 81.6468944152196 86.3179763158162 87.8317554791768 81.7281405131022 73.03752998511 71.7583894729614 64.0430251757304 44.6488857269287 24.0008682012558 11.0836339493593 0.221986537023137 0 0 0 0 0 0 0 0 0 0 0 9.477981676658 16.5489117304484 20.8429346481959 19.5838250219822 19.8642872273922 23.8660424947739 23.1332903107007
84.3839248021444 73.5813677310944 40.2291938662529 22.7266103029251 17.8650046388308 21.8787143627803 21.7645739515622 8.71942316492399 6.72156115372976 5.3137211749951 16.7954936623573 18.225242694219 21.3135853409767 27.2472649812698 24.6237168709437 24.4232589999835 30.9701189398766 40.9818937381109 45.4895198345184 38.9211898048719 39.2392327388128 43.1345800558726 54.6660373608271 65.4256542523702 72.7357864379883 75.1152435938517 68.0591762065887 56.3002576430639 36.0348870356878 17.2308956583341 12.8935885926088 5.33889171977838 0 0 0 0 0 0 0 0 0 0 0 4.91050040970246 7.67762213945389 10.4762837290764 15.9148263434569 15.166791776816 15.931136906147 21.878682076931 20.4555752376715
83.7883750597636 79.6645184357961 57.3213895161947 27.5509133934975 11.7300239702066 21.2302207946777 21.6932271917661 20.0066491961479 15.2715407311916 7.1184349556764 7.0795522381862 16.5084699789683 18.4394021828969 25.2696623404821 24.3457059065501 23.600327471892 29.4313182433446 38.0242988467216 45.3496327002843 38.7432053685188 36.3188708821932 33.9577247699102 42.887141307195 50.3596613804499 55.1971942186356 56.479478875796 54.2991012334824 47.7632780869802 23.5441029071808 11.9295194745064 7.27056028942267 5.41570534308751 0.00185848239198094 0 0 0 0 0 0 0 0 0 0 10.0870144863923 6.90550605456034 5.27203952272733 5.57947779695193 11.5237856904666 11.7609898249308 13.7712061405182 13.7345617016157
70.4214473565419 75.000191728274 68.0284649133682 37.2700293858846 11.5146897733212 21.8114703893661 28.4112890561422 36.3875379165014 34.8177800575892 28.2744690775871 23.4261155128479 26.0079577565193 25.9931410352389 31.792938709259 31.8126330773036 27.0359168450038 28.511236111323 37.7056524157524 44.8406289021174 46.8097825845083 47.8335320949554 43.7448720137278 40.7268876830737 40.6557569901148 44.0770735343297 46.8324720859528 43.0284837881724 43.2029813528061 25.4922459522883 20.8684802055359 17.6684732238452 22.0966910322507 16.1638557910919 0 0 0 0 0 0 0 0 0 0 8.29791277647018 3.42493938903014 0 0 3.0978216479222 7.38146218160788 7.64557346701622 5.64010068774223
69.1208690404892 74.3574996789296 72.2425679365794 46.7387437820435 23.9948953191439 35.1166402300199 47.5502461194992 57.2701046864192 64.7720992565155 55.8658689260483 38.7213279803594 41.5055304765701 39.1859610875448 43.4568425019582 41.8506016333898 33.6005613207817 31.8599790334702 40.1406834522883 47.2159534692764 58.5900942484538 59.4031761089961 56.1665197213491 48.2139041026433 43.6592996120453 44.0324246883392 46.8505968650182 42.07410911719 49.0361203749975 45.7192063331604 44.1080629825592 49.3075052897135 67.248264948527 75.6678680578868 54.8970500628153 0 0 0 0 0 0 0 0 6.12308084964752 0 0 0 0 0 1.24004033083717 1.14598722817997 1.12392613664269
70.6867923339208 69.5302387078603 69.6989943583806 52.747110525767 50.0811139742533 56.0773263374964 68.5317665338516 73.5896428426107 74.1629997889201 68.5869455337524 49.4023064772288 44.9443906545639 44.2376186450322 43.3177252610525 45.7328259944916 42.3627396424611 38.0166570345561 44.3748533725739 55.662473042806 61.6059551636378 58.4965099891027 50.4095554351807 49.3546426296234 49.9488612016042 50.2046843369802 50.8071978886922 48.5263615846634 58.7443162997564 75.2276082833608 79.7397295633952 84.5203300317128 92.0274555683136 102.989296118418 109.890421231588 64.6185477574666 0.633845028157035 0 0 0 0 0 4.16625694682201 10.9993095199267 0 0 0 0 0 0 0 0
73.6485719680786 62.7222508192062 63.3810261885325 55.7957738637924 69.9849426746368 68.8312302033107 70.7062234481176 68.0217891931534 61.5505526463191 50.347959001859 45.5728471279144 38.9752735694249 41.7851706345876 45.7692841688792 49.5164096355438 50.4853973786036 46.1388528347015 42.2815233469009 52.6048044363658 55.9799621502558 53.0324627955755 46.8947192033132 46.534130970637 52.5624801715215 55.9232831001282 52.3624022801717 53.6974171797434 59.4307482242584 82.2797864675522 95.5634713172913 104.037453730901 109.093834956487 117.156902949015 120.338956514994 109.914710124334 37.4079272150993 0 0 0 0 0 2.28873609254758 0.652710441499949 0 0 0 0 0 0 0 0
74.5870421330134 57.4453622102737 57.8467845916748 61.2328151861827 70.6984202067057 68.0313607056936 57.2226494550705 44.1129108270009 31.9905827442805 27.4588391184807 27.0854284365972 31.0045555233955 37.6399035255114 46.1632261673609 50.5222628513972 56.8787902593613 51.7162382602692 39.7864331801732 44.1295007864634 46.9115028778712 46.5644001960754 46.8441049257914 46.8400170405706 52.4028837680817 58.1215818723043 55.4878264665604 57.5944135586421 59.9242548147837 76.0693699121475 98.8723834355672 113.338311513265 119.526753822962 120.647718509038 122.884740432103 131.224453449249 111.372490723928 31.4768676956495 0 0 0 0 0 0 0 0 0 0 0 0 0 0
73.2050587733587 74.0951945384343 94.3765938282013 125.399639209112 101.300517717997 73.931614557902 47.7651009956996 27.5222559769948 12.5908503929774 22.0084364215533 19.9664458632469 14.1121633350849 37.3664100964864 46.3600903749466 56.1514049768448 59.8996977011363 58.683767914772 45.8522985378901 45.2483495076497 48.4600961208344 46.301985780398 49.9471922715505 51.4417092005412 54.742028315862 60.6658607721329 64.706693092982 63.4711931149165 65.7619933287303 78.2987773418427 103.511313597361 121.40237291654 125.555882851283 122.082422176997 129.490782817205 140.211522579193 146.28412326177 116.687834262848 56.6428353389104 5.31120908757051 0 0 0 0 0 0 0 0 0 0 0 0
85.5726897716522 118.297884861628 165.142913659414 185.813168684642 164.741456508636 112.789859374364 68.5029278198878 40.2784670392672 33.9425057172775 38.6310691634814 30.7428290446599 26.178998251756 36.4469612638156 45.9782183170319 58.2555681467056 63.9290561278661 60.4112843672434 54.1667938232422 47.7398286263148 49.949179093043 49.6371338764826 52.3055841525396 54.6681632598241 56.2515060106913 61.0799839099248 72.3773241043091 73.1003681818644 78.5788844029109 88.389128446579 105.590164661407 120.655159155528 128.230979045232 130.122284094493 135.953267415365 141.405840714773 143.242518107096 139.77187871933 117.632587750753 53.1854083140691 3.84206014374892 0 0 0 0 0 0 0 0 0 0 0
144.399483998617 179.876764615377 203.61065864563 205.951035022736 203.893860181173 176.074306170146 135.508378346761 98.1946885585785 75.6819546222687 65.4802670081456 60.1025571425756 49.5618532101313 38.8641158739726 43.189396460851 58.6910049120585 64.6824340025584 58.8318755229314 59.2293590307236 48.9404648542404 48.1321463982264 51.2779404719671 53.4271647532781 54.1767676671346 55.0003945827484 59.440533320109 73.4787235657374 79.1710714499156 86.4625771840413 96.1503088474274 103.306124607722 118.231018384298 128.217985232671 130.093226830165 126.959343751272 126.923859119415 121.255387862523 123.669991890589 111.145158608754 65.410315990448 16.2693647046884 0.752913610388835 0.902699073776603 0 0 0 0 0 0 0 0 0
196.851034959157 212.91979153951 217.710773150126 215.150038401286 217.729647954305 211.956699689229 190.637906392415 148.429522911708 110.996981461843 89.2573793729146 91.8730000654856 77.921191851298 57.6369712750117 50.0494937102 57.1128030618032 60.4033519824346 53.9653698603312 55.1729798316956 48.8600333531698 49.481729666392 47.6490656534831 49.6370246013006 49.2255141337713 49.6712426344554 56.1973700920741 66.3478076457977 78.2705396413803 82.1752945582072 92.1771327654521 103.250434001287 113.855928182602 119.651784499486 109.957903623581 99.1625289122264 101.364890734355 86.8465304374695 88.1441235542297 73.2278674840927 38.7830187877019 6.75065691272418 9.30972521503766 6.96752468744914 0 0 0 0 0 0 0 0 0
211.288968722026 217.820763587952 217.284321784973 217.717329661051 218.789418538411 216.099421183268 208.338399728139 176.825006802877 131.492634614309 101.264129082362 103.811005751292 96.2676803270976 82.4000338713328 62.8401388724645 57.855561375618 59.0655306975047 52.5737553834915 48.3564486106237 48.4632949034373 51.1735528707504 47.608345746994 46.5665012598038 47.9202121496201 50.1108070214589 54.1336437066396 61.1561636130015 70.6222305695216 71.5530614058177 80.5681943893433 97.9085266590118 107.255895932515 104.482531547546 100.717316071192 94.0979619820913 86.5259071191152 73.4572162230809 77.4985452493032 74.6757835149765 55.1750361919403 21.8160698811213 19.15393024683 21.9944715499878 0 0 0 0 0 0 0 0 0
204.864958922068 209.157109260559 204.798062642415 206.877986590068 205.681463082631 201.012074947357 194.706916809082 176.224490006765 138.47827911377 114.454239606857 108.730177084605 104.173829158147 94.3097571531932 70.3911085923513 60.9711805979411 63.1795624891917 56.6089699665705 47.9564120372136 51.6722947359085 52.8577566146851 50.879051287969 47.1598605314891 51.0640194018682 55.2309155464172 53.7786682446798 58.7599625190099 63.4261220693588 64.1730527083079 71.8222707509995 89.9100005626678 99.9025205771128 98.5750655333201 102.056304613749 103.729426860809 85.9538515408834 79.716960589091 84.1141442457835 91.109573841095 85.8206550280253 47.8447278340658 16.781664143006 0 0 0 0 0 0 0 0 0 0
180.400888125102 184.208273887634 186.778684457143 182.90368715922 182.327508926392 180.205265680949 183.743198712667 180.823604265849 150.00319480896 124.81368581454 109.362125396729 96.923291683197 89.6296302477519 68.7745660543442 57.1557879447937 62.5143746534983 65.0146305561066 53.0317823092143 55.051530400912 57.9995860656103 57.5258781512578 53.0156542857488 54.0284911791484 57.2970410188039 55.4054081439972 55.6576003630956 61.8199507395426 67.9882268110911 71.7708667119344 84.6799810727437 96.2666968504588 100.675364335378 102.158755064011 107.82261689504 89.6718800067902 89.7359947363536 89.6159410476685 98.4082718690236 98.4843969345093 59.1418196757635 6.65334053337574 0 0 0 0 0 0 0 0 0 0
157.516270875931 167.52161582311 178.468823432922 174.500405788422 173.452158768972 179.999073346456 188.860456148783 190.523028373718 170.531392097473 137.92484998703 114.268322785695 89.4899169603984 73.9459693431854 62.387411793073 54.1669030984243 58.0211232105891 68.8275496164958 60.6458385785421 57.4413587649663 61.276987195015 61.7909630139669 57.7097535133362 54.8820197582245 57.5310240189234 58.8658899068832 57.3777556419373 60.4613920052846 69.1168010234833 73.6628472805023 77.2368212540944 90.323547522227 100.64826409022 103.082597255707 97.0496038595835 85.9711170196533 97.8995263576508 101.325750350952 106.208354234695 105.961124102275 79.9171129862467 0 0 0 0 0 0 0 0 0 0 0
120.081524054209 131.978084643682 140.529900789261 145.57820558548 153.47229441007 169.735391934713 183.485766251882 192.42517153422 186.477323373159 154.922435681025 120.99947532018 90.2547637621562 70.9132750829061 67.2176678975423 59.1592937707901 53.0616541703542 63.6360496282578 64.9541715780894 58.8129212458928 58.5520168145498 59.1171830892563 56.2077760696411 53.0285686254501 55.0490121046702 58.5000614325205 62.2940460840861 61.9164407253265 67.1528279781342 72.0526526371638 73.2888529698054 81.9445848464966 96.9755450884501 101.461907227834 86.6635143756866 89.5577371120453 108.929773171743 111.688395341237 109.093397855759 109.590232372284 106.041093667348 49.904078245163 0 0 0 0 0 0 0 0 0 0
84.0094387531281 91.0510718822479 90.6847914059957 101.069112618764 117.68114566803 135.463794072469 151.321232318878 163.456122080485 164.085924625397 139.363418022792 103.807340065638 79.448198278745 66.1406219005585 64.8068338632584 61.0810667276382 55.6107511123021 60.1277152697245 60.5275233586629 53.8200438022614 53.6897083123525 56.8409661451975 59.892863035202 58.7345759073893 55.4671088854472 55.5506199598312 57.8356981277466 63.3941094080607 66.4789974689484 71.1460510889689 69.8743512233098 73.6056466897329 86.0567986965179 93.8320358594259 89.5623068014781 108.513116836548 120.302925507228 117.144087950389 110.532204310099 113.215208053589 129.792888959249 120.126922925313 60.3154500325521 3.48645262420177 0 0 0 0 0 0 0 0
72.6930052042007 74.8619735240936 74.7643858194351 77.0261287689209 86.0595901807149 92.2592282295227 96.601665019989 102.856377760569 103.000869353612 86.6028666496277 70.4278002182643 65.8105512460073 64.2785529295603 61.8274261554082 60.1064612468084 60.2887372175852 59.6292068560918 59.0762794017792 54.4755160808563 54.0628929932912 58.2542518774668 63.5327597459157 64.8219138383865 60.6121371189753 58.4536890188853 56.8911731243134 65.9919778505961 68.1199133396149 71.4052269856135 71.8885163466136 70.8801597356796 78.7786940733592 86.7365797360738 97.4965294202169 116.022408008575 117.263962825139 109.295696020126 98.9380876223246 101.696689923604 117.890258630117 132.692734400431 121.679782867432 68.0751899878184 9.44675815602144 0 0 0 0 0 0 0
81.0120205084483 78.6369790633519 78.8869708776474 78.6257435878118 74.8714208602905 73.0060587326686 71.4256515105565 72.9321787754695 77.9068718353907 69.8456267515818 61.8678232034047 63.1353904803594 66.3769741853078 66.3739492495855 64.7726456324259 63.3840759595235 57.9150418440501 64.6367470423381 65.6017661094666 61.1741046110789 63.2269283135732 63.8277630011241 62.3248169819514 64.247190952301 66.4379596710205 62.8027071555456 66.8287773927053 70.3745136658351 71.4850574731827 73.119729757309 74.5717833439509 78.2751142978668 84.7816367944082 102.487583955129 111.467113097509 103.946954011917 95.0715045134227 84.5387478669484 80.9353689352671 92.60094165802 120.689491430918 129.993935426076 100.379645824432 43.9176907142003 1.82741818328698 0 0 0 0 0 0
85.7843557993571 82.7362537384033 85.7085188229879 84.0603907903035 77.2438297669093 74.0013023217519 71.8074937661489 68.8803344964981 69.3505058685939 65.6554251909256 64.2535388469696 63.9227877060572 67.5710688034693 71.1128413677216 70.6939399242401 67.2690322001775 64.052402973175 70.202906926473 72.5722014904022 66.3700302441915 63.7671053409576 61.4593923091888 58.1089357535044 59.9348594745 64.1903430223465 61.3685150941213 58.4036310513814 63.9773706595103 68.8002655903498 70.6932246685028 71.9256550073624 72.6972271998723 82.9618126153946 102.307101090749 108.883122603099 93.8531359036763 82.9207350810369 80.5148382981618 79.7204027573268 89.1005098819733 95.8775679270426 98.825991153717 86.1783921718597 52.0376861095428 4.60119607547919 0 0 0 0 0 0
69.7595576445262 72.5206136703491 81.1773687601089 78.6894857883453 81.1083167791367 83.658109108607 82.9373747110367 78.7221988042196 67.9503033558528 66.6890939076741 69.9763844410578 66.266655921936 67.4058298269908 71.0659921169281 71.5272674957911 68.6443150043488 69.9195961157481 71.8374649683634 72.1705456574758 67.1421587467194 62.4820291996002 59.4415366649628 56.4633856217066 56.256502866745 58.8150521119436 63.3377979199092 57.7767839034398 59.3822300434113 65.2160296837489 67.3790077368418 65.651148557663 64.0507489442825 74.7276395559311 89.4636511802673 94.7422285874685 84.4255487124125 80.9755822022756 86.3220393657684 89.0640914440155 88.1631473700206 84.1683447360992 82.8143854935964 77.1395613749822 51.594873269399 7.78728350996971 0 0 0 0 0 0
