input/barkrak2/radiation/dir35524.grid
NCOLS 85 
NROWS 70 
XLLCORNER 665100 
YLLCORNER 4664600 
CELLSIZE 20 
NODATA_value -9999 
[rows 46 to 68 of 70, columns 0 to 52 of 85]
44.2882825930913 45.790508389473 48.284853498141 50.1908411582311 49.9834020932515 49.8486359914144 51.7072925964991 53.4440577030182 50.4755675792694 49.4589557250341 48.7044205268224 48.0640778938929 44.8120931784312 42.0624613761902 42.0616567134857 45.2226549386978 43.5043573379517 39.0790576736132 43.2271063327789 42.1428978443146 39.3143941958745 39.8194988568624 40.1847710212072 37.821205953757 45.1024870077769 41.5197089314461 43.2462443908056 43.9726163943609 43.4211939573288 42.3046996196111 41.3516610860825 38.6339426040649 38.0370691418648 37.5113238890966 39.866104722023 40.7618135213852 41.9315149386724 46.4968432982763 48.2824593782425 45.5410579840342 43.1851297616959 40.995034078757 46.3227033615112 50.6350547075272 42.9876297712326 19.2912220954895 0.116124070094277 0 0 0 0 0 0
38.7391522526741 40.9838408231735 45.9873874982198 47.4537710348765 50.9540090958277 52.5063872337341 50.6884853045146 50.5012273788452 50.6054709355036 53.3236463864644 50.7844587167104 47.5622067848841 45.9791719913483 46.4841425418854 45.1173235972722 44.1267192363739 43.0082778135935 36.8895257512728 40.4231150945028 41.5689224998156 39.0012785792351 39.4362608591715 41.6338642438253 37.5491852561633 39.4298831621806 40.2384549379349 38.1196017066638 41.0731881856918 42.6390667756399 41.7663604021072 42.5217797358831 42.1514958143234 37.8438557187716 40.4697060585022 49.7457285722097 52.6808698972066 48.7024237712224 43.9739724000295 46.4954326550166 51.7739355564117 46.5546846389771 41.1811396479607 48.9181876182556 52.9300818840663 47.9536950588226 33.4327667951584 7.20313439766566 0 0 0 0 0 0
32.4949497977893 35.4506894946098 40.2455851435661 43.3650612831116 49.2821385463079 52.7004301548004 49.8609890540441 48.3086655537287 52.1886944770813 54.4088582197825 52.7462214231491 49.2953807115555 48.0087945858637 48.8315423329671 47.0895866552989 42.17396179835 41.7709598938624 37.3964384198189 40.073407193025 43.074498573939 42.4267699321111 42.5082892179489 44.290562470754 41.9299850861231 39.2972702781359 41.4060081044833 39.9680286645889 44.7473327318827 49.2039422194163 51.5208343664805 54.6160340309143 55.0952653090159 47.2378134727478 47.9818830887477 55.4178406794866 61.3512098789215 60.0370516379674 50.9676684935888 45.6650108098984 51.090861360232 45.8391457796097 40.4365335901578 39.4786074757576 40.4494926333427 39.6075720588366 36.6575668255488 28.2985394199689 0.849338093151649 0 0 0 0 0
31.5669526656469 29.6774953603745 33.6066037416458 40.696032345295 45.8987255891164 48.8241215546926 51.3915320237478 53.9107571045558 55.2193820476532 52.3555974165599 54.2071163654327 54.5322000980377 51.7915586630503 49.2516458034515 47.7690597375234 43.962021668752 42.8121984004974 41.1130264401436 43.5228049755096 47.0313876867294 47.8950689236323 47.9570627212524 45.6752876440684 46.970064441363 42.3383464415868 45.0469702482224 46.5463846921921 50.812025864919 57.5382461150487 64.2818361520767 69.7391579548518 69.6343580881755 61.6036057472229 56.1409741640091 55.6443880001704 55.9094349543254 62.0501488447189 58.0694476763407 49.9440530935923 43.464387456576 39.9660468101501 40.6364475687345 40.1049604018529 37.4148562550545 33.3905170361201 35.2313766876856 21.5963795781136 5.92769371966521 0 0 0 0 0
31.7399799823761 34.852663675944 38.2062544425329 43.7767207622528 44.210284948349 44.5666660865148 51.933765411377 56.7810088396072 56.7877391974131 56.5907110770543 56.6488852103551 56.479553381602 53.3617784579595 49.6651430924734 49.8790790637334 52.6257405678431 46.2762812773387 46.4925269285838 48.0433603127797 52.0361165205638 52.4254441261292 49.8457650343577 47.7597862482071 47.0509777466456 43.7523325284322 48.1057067712148 50.6016264359156 54.2712459961573 58.633362253507 69.7279920180639 76.5897333621979 77.8342336416245 70.5992629130681 60.2792203426361 43.2050476471583 46.3018467028936 54.2754034201304 62.3786300420761 54.5320212841034 41.3425167401632 35.1340969403585 39.0716517964999 44.9017484982808 39.9865185221036 36.0347976287206 34.3593110640844 19.5568924148877 9.44182400902112 0 0 0 0 0
32.4816579620043 42.4342056115468 44.4100399812063 45.5988347530365 43.701042731603 43.2670712471008 50.5131383736928 55.4896692434947 55.3456693887711 60.063843925794 58.0472449461619 57.5225402911504 55.4937124252319 51.5926778316498 51.9595841566722 57.6130698124568 51.3197183609009 49.2179890473684 47.5619783004125 49.0643481413523 49.4084407885869 47.9692568381627 47.8346248467763 44.576421380043 42.3181603352229 43.5886184374491 48.432320356369 48.6159026622772 52.947536110878 57.5029402971268 69.6941365798314 77.7976413567861 71.6198136409124 53.5687903563182 17.2829627990723 16.8195590376854 23.0162863930066 48.3119090398153 54.9885481595993 56.1893880367279 50.5855878194173 44.2900856335958 35.8779182036718 35.3940650820732 39.4581904013952 35.370926062266 19.4458601375421 14.0294060111046 0.039773243770469 0 0 0 0
35.7976357142131 34.3221947550774 33.5765431324641 35.6438706318537 41.2288432319959 46.0817565520604 47.107920050621 52.3940076430639 52.2331098715464 56.8109552065531 57.0934116840363 58.9722494284312 58.7406704823176 54.9342532952627 53.4280836582184 52.4342159430186 53.9135783910751 49.1803387800852 44.289693236351 41.9232994318008 41.6680127382278 43.8119570414225 44.6938723325729 40.5014504988988 41.7642494042714 39.0936409433683 38.9961476127307 41.0849576195081 40.6738519668579 43.9062068859736 47.1009363730749 61.2448354562124 58.9010467131933 33.1548502047857 13.6139988899231 6.99684023857117 7.70839986701806 15.2109538515409 36.269041399161 52.5087962547938 55.0673951705297 47.5270549456278 34.1139957308769 30.9665352106094 32.6616242527962 22.6784845193227 18.9437605440617 28.1708786884944 13.5965670148532 0 0 0 0
37.9956811666489 29.5096784830093 27.6773621638616 32.2228794296583 42.0961330334345 49.7638732194901 49.4605898857117 50.574466586113 53.0096540848414 53.35333943367 55.5966595808665 58.0890377362569 59.7685227791468 58.6073299249013 55.1187296708425 52.8168032566706 55.2721718947093 49.7606645027796 45.6153303384781 45.6017156442006 45.1867779095968 43.6768233776093 41.9572641452154 40.1288941502571 40.0899847348531 38.5176986455917 37.2623354196548 37.1519674857458 35.727155705293 34.2207426826159 28.627189497153 33.9978411793709 35.2895061175028 19.9809509019057 15.0455161929131 7.75926994780699 1.13752212685843 0.282518158201128 6.62865427633127 20.5908243854841 41.7377849419912 38.0301127831141 32.5500021378199 23.6360455552737 18.8420340418816 19.7637975215912 17.8305407365163 33.8354309399923 40.3721531232198 22.7122257153193 0.915778956065575 0 0
38.1153474251429 33.2856525977453 31.5967400868734 36.3081221779188 44.4999088843664 51.1927902698517 53.710530201594 50.1142640908559 54.6208322048187 53.2639523347219 56.7852060000102 58.4508279959361 59.8166634639104 61.3567481438319 57.1482876936595 57.3035577932994 57.3031852642695 53.0816068251928 50.0456740458806 51.1009792486827 50.0768621762594 46.2634364763896 44.6840226650238 44.6843405564626 43.2904462019602 41.6003863016764 39.6934350331624 36.2491135795911 32.6509227355321 27.8955673178037 22.5682457288106 26.6585598389308 34.2439686258634 36.4453345537186 34.6776495377223 24.9879956245422 7.7711579700311 1.03038557184239 0.5125366927435 4.28426700333754 17.1887514491876 20.9194471438726 17.4598656594753 12.295367817084 12.0624080300331 16.809103389581 18.53405063351 18.7107846140862 36.6075113415718 40.1119987169902 24.3413224816322 0 0
40.9512842694918 39.6393860379855 36.5981856981913 35.6832693020503 40.8305774132411 50.5216171344121 51.6939759254456 49.9982088804245 52.0994414885839 56.8409512440364 62.6346667607625 63.3284151554108 61.8140647808711 62.3696794112523 60.2251390616099 60.309777657191 60.6451332569122 58.7686151266098 54.4331620136897 52.0586768786112 49.6668219566345 48.8095382849375 49.5297511418661 51.9557893276215 47.0202813545863 45.4569011926651 37.434384226799 31.9824020067851 26.7085904876391 23.7364197770755 24.5150923728943 30.0876175363859 37.8712366024653 48.6320902903875 53.6872297525406 52.0939727624257 37.9504710435867 24.9642357230186 14.7788201769193 3.63499857485294 8.18583307166894 16.801821688811 17.3006020486355 12.2242371241252 11.8133649230003 25.2828945716222 42.2959675391515 36.0134790341059 31.253548959891 36.3892515500387 17.000786960125 5.93694920341174 0
43.2970424493154 42.7437573671341 41.7512406905492 38.7825518846512 39.963702360789 47.9873915513357 49.8750309149424 49.9864916006724 50.4025270541509 58.8879684607188 66.1080330610275 65.0145759185155 60.9244604905446 63.2437864939372 64.9090309937795 59.275617202123 61.5917344888051 59.1809848944346 56.2189072370529 53.3881237109502 52.6013274987539 54.0177325407664 51.9415636857351 49.5195339123408 47.645499308904 42.4555490414302 26.738241314888 4.23264068861802 3.20273886124293 10.5646538237731 21.9109505414963 27.9960334300995 36.1788521210353 43.3267553647359 53.702786564827 56.7198246717453 55.3452670574188 49.5846966902415 37.1466825405757 20.1572713752588 9.63280101617177 16.9207453727722 33.0742175380389 33.2836955785751 28.6136642098427 44.5697704950968 64.6708856026332 56.9004913171132 37.049079934756 24.3448490897814 12.4143833915393 6.94874549905459 1.97399966418743
42.2991663217545 40.5156761407852 43.8781877358754 44.8874731858571 42.82013575236 45.0791617234548 49.9726086854935 50.6919622421265 51.1933614810308 58.6837828159332 64.5781606435776 63.1966441869736 59.0161283810933 62.4568810065587 65.4333084821701 57.3131442070007 58.7342282136281 57.354340950648 56.0596982638041 57.4362874031067 58.357780178388 57.8649044036865 54.7724614540736 49.0759859482447 48.0233530203501 44.5156892140706 28.9493277668953 13.0044085284074 12.5216270486514 19.1707772513231 27.0784273743629 31.7319730917613 44.4093098243078 53.963248928388 64.5180841286977 58.9410960674286 55.6173374255498 20.775039990743 21.1028307676315 21.6225857535998 20.5692189435164 34.324790040652 38.2327487071355 20.1259019474188 15.2067504823208 18.9165112872918 26.9416272640228 44.5591559012731 30.0393551588058 19.9646676580111 14.3219754099846 9.98753805955251 11.5656057993571
32.2897757093112 39.0234713753064 42.1726703643799 44.7319795687993 44.8689758777618 41.9094860553741 50.0671168168386 53.5431702931722 54.2349914709727 59.1708272695541 60.98539630572 60.3048155705134 60.072402159373 58.644359310468 60.2624714374542 56.9617847601573 54.4362664222717 57.3345969120661 58.8950614134471 61.1544251441956 62.5034819046656 59.5417569080989 57.0502678553263 52.8722653786341 51.1073917150497 50.7847418387731 46.1566746234894 40.4919932285945 40.1908755302429 41.6466469566027 38.2963766654333 37.6600176095963 49.0047037601471 65.2851760387421 47.2210297981898 42.7071104447047 25.1919676860174 9.8594892770052 2.97242309898138 6.60651425520579 7.49853625893593 25.4020864764849 41.0907790064812 34.7077995538712 23.6418495575587 24.6358513832092 36.9413370887438 40.9281328320503 38.361760477225 32.3815196752548 26.7740239699682 25.6834700703621 45.8008001248042
24.0004410346349 36.769171555837 40.3518155217171 43.0929263432821 45.8451807498932 42.3643539349238 46.0221519072851 52.7346680561701 62.6769661903381 64.1367882490158 59.4882021347682 57.4402511119843 59.5364918311437 58.8846703370412 59.1711203257243 57.0705185333888 54.0751516819 56.6645165284475 55.5788775285085 52.7568360169729 54.515466094017 53.8764943679174 54.0873358647029 52.8005212545395 53.9255440235138 58.5547784964244 65.7359659671783 65.5097812414169 54.7240078449249 51.9825915495555 41.7865713437398 34.9198306600253 42.5160527229309 40.3266027569771 17.7257793645064 11.8116786082586 11.0995930929979 5.94909985860189 0.258732916942487 0 0 10.4661285877228 35.4581276575724 52.5802175203959 53.8865427176158 58.0056707064311 55.7924211025238 55.8113803466161 55.8216273784637 45.7824965318044 35.8626395463943 44.9258188406626 88.8942082722982
25.8514583110809 34.2514465252558 40.7763570547104 43.0261393388112 44.2885806163152 44.6193019549052 39.4250800212224 48.0325520038605 66.5043741464615 65.8616522947947 57.8318287928899 54.7598401705424 57.2445740302404 61.0773066679637 60.2730264266332 57.3395391305288 56.5814624230067 54.5854469140371 48.4495908021927 42.4824804067612 42.5045639276505 45.5837696790695 46.6699500878652 51.0392139355342 52.3453801870346 59.1390132904053 74.4436581929525 80.0325075785319 61.3859196503957 49.3558744589488 40.7776981592178 29.3708393971125 28.4688919782639 33.6395899454753 16.2826950351397 8.31382970015208 9.1976256420215 13.5383481780688 7.15333906312784 0.33510751867046 0 1.2699996586889 17.9556446770827 37.9616146286329 43.8346068064372 40.960763891538 42.4081732829412 43.3523704608281 40.739747385184 41.7938679456711 42.1020090579987 73.1500685214996 108.90993475914
36.0165586074193 38.6534805099169 40.6378830472628 37.8425841530164 32.744899392128 29.0189236402512 36.0955645640691 41.7282034953435 50.2678553263346 46.1959640185038 41.7910565932592 49.1518080234528 56.2729885180791 58.065523703893 54.1772345701853 56.2400023142497 56.787629922231 51.6538619995117 44.510026772817 39.640133579572 39.5430599649747 40.1609813173612 42.7496383587519 46.5070307254791 47.4493453900019 52.8253614902496 63.7689729531606 72.6926227410634 61.5579684575399 47.4990705649058 36.0615129272143 26.2630631526311 16.2296779453754 36.7447460691134 33.8530540466309 15.4411060114702 15.3801267345746 36.4645719528198 38.3570864796638 24.9420801798503 4.75592569758495 2.02357675880194 9.64907122155031 16.0990084211032 14.9827177325884 16.5371025602023 18.781433502833 20.8479290207227 20.322276900212 35.2743715047836 54.351419210434 104.618281126022 119.640976190567
46.3744401931763 43.261264761289 39.8546134432157 33.559096356233 24.8256077369054 19.6569561958313 27.9914314548175 28.577633202076 20.195759832859 16.8792741994063 29.351736108462 39.1956319411596 45.4802612463633 49.0700056155523 51.959440112114 61.8502994378408 64.4864141941071 56.5118541320165 48.6442893743515 45.6299483776093 43.0924892425537 43.1664635737737 44.4453408320745 42.0610805352529 44.1998938719432 46.622504790624 56.3774853944778 58.2237591346105 53.5272111495336 35.8050217231115 34.6815114219983 30.9324637055397 27.1786625186602 44.3598727385203 50.7559776306152 39.6416783332825 30.3002074360847 18.9370711644491 21.1298937598864 28.7341127792994 16.1081925034523 7.82692804932594 9.36143410702546 9.76689284046491 5.00636703024308 6.3224242379268 12.7240133782228 14.5944145818551 15.5714191496372 35.3639920552572 78.0827750762304 120.061039924622 125.680108865102
48.8774329423904 42.7725911140442 38.3862381180127 34.9579801162084 28.5401518146197 23.4009871880213 19.9491207798322 14.7245029608409 2.00927474846443 9.56490449607372 24.8759314417839 34.9829147259394 34.8512480656306 41.8509542942047 54.3689032395681 69.4774786631266 74.5866596698761 68.0644263823827 60.1830383141836 56.4701457818349 51.9604384899139 49.688642223676 50.1531759897868 45.6024408340454 41.8081631263097 42.8960621356964 41.1590139071147 44.6611940860748 42.5000886122386 29.3436298767726 28.6748483777046 29.2538950840632 19.022182871898 40.3957416613897 65.8840636412303 68.8773294289907 44.5111890633901 13.3728211124738 10.3422719985247 15.1925608515739 15.6109929084778 13.5150713225206 14.4750289618969 13.6063831547896 7.42696660260359 4.56260455151399 10.0920187930266 14.3196036418279 24.5361129442851 47.2355484962463 108.138342698415 138.962825139364 140.6522889932
51.1593321959178 46.1708605289459 44.9387729167938 45.9165275096893 42.8725977738698 37.1695806582769 32.5896441936493 32.9278583327929 31.769685447216 37.30725000302 44.5506473382314 49.49718217055 49.7723817825317 45.4931557178497 55.1427851120631 69.9134667714437 79.2920092741648 79.9057185649872 73.0595290660858 64.0090505282084 58.4176083405813 54.4595718383789 52.7595827976863 53.6859730879466 47.4720001220703 37.7845441301664 31.5570185581843 34.7265129288038 35.7866957783699 35.4193598031998 15.887476503849 16.1827777822812 13.0090937018394 20.6303099791209 72.3524739344915 82.4909309546153 51.4836410681407 16.8521044154962 5.58477267622948 5.68672393759092 8.42357861498992 6.53907656669617 14.8259475827217 18.8526573280493 27.1272137761116 11.8200207750003 12.4926157295704 29.7926291823387 53.0739426612854 95.0511793295542 126.762280861537 140.0186419487 143.661995728811
51.870400706927 49.3199874957403 49.417515595754 50.7792433102926 50.294503569603 46.8467772006989 46.6122726599375 53.816094994545 69.4298446178436 65.5606687068939 57.127242287 58.0986638863881 63.3680820465088 52.1868119637171 53.1040728092194 61.3893369833628 69.1865434249242 76.2003362178802 77.0592788855235 70.5422560373942 65.2029017607371 59.2307051022848 56.3292404015859 53.3230056365331 45.2434321244558 37.5908141334852 26.4443581302961 27.1675686041514 29.9498910705249 15.775074561437 11.2164256473382 9.50435983637969 5.49301939706008 2.85934656858444 65.5910323063533 83.9676062266032 65.4208759466807 53.2431503136953 23.9442239205043 2.16450945784648 0.0117190162806461 0 7.29510933160782 29.2778611183167 35.9929005304972 27.2802735368411 26.0508209466934 46.8793610731761 101.030608018239 143.883685270945 137.976864973704 126.411964495977 130.477299292882
51.1131038268407 47.9202667872111 42.803039153417 38.4846677382787 38.7584244211515 40.5403971672058 40.6832446654638 51.8223096927007 60.9607001145681 56.7379295825958 47.9120016098022 47.3463634649912 58.0525249242783 53.9739181598028 50.5740344524384 49.1917928059896 49.7190405925115 56.8951119979223 66.659798224767 70.764755209287 66.7332808176676 61.0101372003555 54.9113402764002 49.6329168478648 43.4229324261347 35.0675458709399 25.7254540920258 15.9609690308571 26.3849496841431 20.5148123204708 11.1646490792433 6.5687820315361 1.02229199061791 0 0.047208721904705 74.2424825827281 81.152598063151 91.3221836090088 73.1802930434545 27.0999843875567 1.64546786497037 0 1.67651598652204 16.2729869286219 41.080450018247 59.5409174760183 79.3051570653915 127.671380837758 167.269508043925 177.50338713328 162.899176279704 131.747762362162 115.973770618439
53.1659324963888 51.213671763738 45.640304684639 39.2524798711141 37.8109887242317 40.4842446247737 33.6746647953987 31.6238005956014 33.1080903609594 30.0789723793666 23.3337456981341 21.2543954451879 24.733026822408 41.3504963119825 48.195759455363 43.1107680002848 31.8308571974436 28.6877676844597 39.9981662631035 59.1956625382105 60.9200696150462 55.7157546281815 49.0435312191645 46.6145575046539 40.3311376770337 34.8712156216303 28.9154003063838 8.01979998747508 12.6330032944679 32.0988297462463 16.782607883215 10.2949173500141 3.17159853875637 0 0 53.2302608092626 93.4988458951314 107.698907454809 94.3195521831512 65.8330619335175 34.1259588797887 6.76020545264085 4.47440488884846 20.410326619943 49.5463808377584 110.14657219251 149.960895379384 179.705798625946 188.651939233144 187.957247098287 178.493161996206 150.842855374018 122.725665569305
54.7968198855718 54.7297100226084 52.2883286078771 48.8915940125783 47.0902919769287 46.4086582263311 32.1192021171252 19.2453786730766 19.5672114690145 21.4148710171382 18.9780568083127 16.5372068683306 17.6212961475054 37.7936512231827 50.9193042914073 41.3707569241524 24.7815499703089 13.2740798095862 16.3163753847281 29.5281559228897 40.4466713468234 43.8020527362823 44.4185435771942 37.8284305334091 33.6664641896884 29.3061435222626 11.3882633546988 5.71874218682448 9.08121590813001 35.0879232088725 43.4697369734446 36.6751948992411 17.9731373985608 0 0 31.8695927659671 86.7499907811483 95.0330297152201 76.4156430959702 73.3887354532878 77.7478863795598 62.3128612836202 41.1611249049505 55.1672677199046 105.200529098511 148.841917514801 171.644330024719 182.594100634257 184.388975302378 181.959390640259 177.086850007375 155.653417110443 141.401877005895
