input/barkrak2/radiation/dir32924.grid
NCOLS 85 
NROWS 70 
XLLCORNER 665100 
YLLCORNER 4664600 
CELLSIZE 20 
NODATA_value -9999 
[rows 23 to 45 of 70, columns 0 to 51 of 85]
69.3938583135605 59.0365827083588 27.9795328776042 11.2276934087276 7.12929231425126 12.8848291933537 14.3217779695988 5.2195613582929 3.7421869734923 3.4044049680233 3.47917154431343 12.2248033682505 14.6366283297539 18.1544125080109 16.1275155842304 16.2464802463849 21.8674639860789 29.9899503588676 36.0141545534134 28.9000198245049 27.9220789670944 32.230943441391 43.0003503958384 52.4937709172567 59.9949856599172 59.26846464475 52.6601076126099 45.5971906582514 28.4867535034815 11.7100638647874 7.815171033144 2.20056700830658 0 0 0 0 0 0 0 0 0 0 0 0 0 0 0 0 0 0 0 0
69.1082974274953 65.1058902343114 43.7405208746592 15.8957665165265 0.0223816387006082 9.83145336310069 5.91459994514783 10.8462820450465 4.82146845509609 3.97567885617415 3.45949921756983 8.24307526151339 12.4749864141146 16.2205869952838 16.4938184122245 15.8293036123117 19.5937653382619 28.3465633789698 34.3167061607043 28.3996909856796 26.6447812318802 23.7252786755562 30.8630938331286 38.2368167241414 42.3085242509842 43.4301445881526 40.4864947001139 36.8207444747289 16.8845529357592 7.0148886491855 3.55080453058084 2.30914230147998 0 0 0 0 0 0 0 0 0 0 0 0 0 0 0 0 0 0 0 0
56.6142499446869 60.8078589042028 53.8111279408137 25.0336254636447 2.52941499153773 12.2282008330027 19.5430417855581 27.2153442104657 27.7398526668549 22.1903870503108 17.6597237586975 19.293292115132 18.4240316351255 23.3451475699743 22.2780033946037 17.9210938513279 19.3188724418481 28.1071662902832 34.2294126749039 35.9680727124214 36.7161184549332 32.8280429045359 29.9613128105799 30.32136708498 32.8135937452316 34.7596456607183 31.1515778303146 31.5902431805929 18.4616682430108 14.4149387876193 11.6418277223905 14.5991258323193 9.58355888724327 0 0 0 0 0 0 0 0 0 0 0 0 0 0 0 0 0 0 0
55.3220411141713 60.1997673511505 57.9207440217336 33.8437482714653 11.9239787260691 24.3017449975014 36.6852606336276 46.4095771312714 53.7071079015732 47.0796128114065 31.4012914896011 33.3743020892143 30.7600398858388 31.8507055441539 33.0345307787259 23.9255105455716 21.9729443391164 29.0510952472687 36.3554358482361 45.4703668753306 47.2688724597295 44.2960212628047 36.8508572379748 32.1716666221619 32.4989308913549 34.3404014905294 30.1852524280548 37.3857294519742 35.1835613449415 33.8081195950508 37.9492441813151 53.9351999759674 61.7402791976929 41.8815662463506 0 0 0 0 0 0 0 0 0 0 0 0 0 0 0 0 0 0
56.6561768452326 55.6947290897369 55.7591219743093 39.5392502347628 35.5123206973076 43.4650927782059 58.3288917938868 62.1100763479869 64.4521564245224 52.6771893103917 41.8468018372854 36.9362483421961 34.3773514032364 35.0149720907211 37.7209509412448 32.1801553169886 27.8411557277044 32.585009932518 45.1030284166336 49.5936075846354 46.6739038626353 38.8222982486089 36.6492122411728 37.2068012754122 38.2057478030523 38.2354184985161 36.2781956791878 45.921728014946 62.0406220356623 66.3977563381195 70.0952857732773 76.6221682230632 86.6918663183848 92.2754903634389 49.1702357927958 0 0 0 0 0 0 0 0 0 0 0 0 0 0 0 0 0
59.5479011535645 49.544761578242 50.0345329443614 42.1270579099655 54.4737080732981 57.5258433818817 60.9053423007329 59.0436011552811 52.8668463230133 42.7156885464986 36.1048728227615 31.6354607542356 33.7583969036738 36.5859791636467 38.7636770804723 41.0356049736341 34.9894315004349 32.3103169600169 41.2099833289782 43.6411648988724 41.1134883761406 34.4989150762558 34.8038797577222 40.3614888588587 42.5138672192891 39.7647768259048 40.4045035441717 46.0786074399948 68.3105289936066 81.1343888441722 87.6087546348572 91.9819672902425 99.0025103092194 101.386845111847 92.139462629954 24.3918349345525 0 0 0 0 0 0 0 0 0 0 0 0 0 0 0 0
60.6890767812729 44.8732922474543 44.9627041816711 46.8039214611053 55.5030802885691 57.0963670810064 48.0485409498215 36.2426514426867 10.3980588416258 9.97993846734365 21.2140778700511 24.8375336329142 28.9095565676689 38.0783130725225 40.738582611084 44.3356931209564 40.6860187649727 29.9331893523534 32.1956227223078 35.5584273735682 34.6480483810107 34.8583310842514 34.7284922997157 40.1272301872571 45.1351354519526 42.5647447506587 44.5520033439 46.3064511617025 62.1616691350937 83.4215482076009 96.3675181070964 103.295544783274 103.566239277522 104.449480772018 111.670970916748 92.4134055773417 19.3451481560866 0 0 0 0 0 0 0 0 0 0 0 0 0 0 0
59.7821970780691 60.2788378794988 78.5815566778183 107.109119494756 85.9293242295583 62.1733566125234 40.2254338065783 9.9359235415856 7.86840543150902 16.596682369709 6.98202351729075 5.75434044003487 28.9174566666285 38.3448327581088 41.8560107549032 49.6080021063487 46.0078716278076 34.3212882677714 33.569261431694 36.8737851579984 34.1977402567863 37.5469252467155 39.1776238878568 41.309746603171 46.7697779337565 50.4414041837057 49.326092004776 51.6165594259898 63.8708223899206 86.9632661342621 102.586150169373 106.944779555003 104.864855607351 111.942102511724 120.816439390182 123.738507429759 96.8238015969594 41.2651101748149 1.17949683529635 0 0 0 0 0 0 0 0 0 0 0 0 0
70.8992729584376 101.50158405304 147.039175033569 167.903701464335 147.948245207469 99.9646882216136 56.9798250993093 31.7304482062658 26.4755139748255 30.4158305128415 24.418701728185 19.8463226358096 28.7669996420542 37.8236497441928 48.4418720006943 51.274170478185 47.9078938563665 41.9687926769257 36.5817348162333 37.411833802859 37.7911527951558 40.6472608447075 42.8304771582286 43.3543423811595 47.6280947526296 58.1814299027125 58.2140982151031 64.0773077805837 72.9201932748159 88.7155036131541 101.298868656158 107.961416244507 111.038317282995 117.832432190577 122.95264005661 123.622765143712 116.585463285446 96.8282123406728 38.1262501080831 0.304425174059967 0 0 0 0 0 0 0 0 0 0 0 0
126.725316047668 161.817252635956 187.65660127004 189.109027385712 187.103807926178 161.083300908407 120.744754870733 86.0650738080343 67.4518843491872 57.4236214160919 52.0951400200526 42.9649651050568 32.5508316357931 35.1545885205269 43.8545892635981 52.8190732002258 46.59037788709 47.4375983079275 37.335991859436 35.5414102474848 39.4902378320694 40.8659651875496 41.4000675082207 42.1107411384583 46.1299270391464 58.4309796492259 63.8108948866526 70.6689755121867 80.0180037816366 87.8483653068542 97.6777772108714 105.955183506012 109.413047631582 106.501678625743 110.478758811951 102.849821249644 104.242006937663 92.0638839403788 49.822340408961 1.4776565755407 0 0 0 0 0 0 0 0 0 0 0 0
179.320454597473 197.524587313334 201.75975561142 199.437816937764 202.265401681264 196.97360197703 176.816085974375 137.322237094243 101.396719614665 79.1904677947362 80.0025711456935 70.7754989465078 49.9629626671473 41.8459177017212 44.2584206660589 48.0170498291651 41.9622162977854 42.4016962448756 36.058875421683 37.4053989847501 36.1490299304326 38.0723923444748 37.3493110140165 37.7779280145963 43.8832541306814 52.7105430761973 62.9785110553106 66.6676610708237 76.1962880690892 86.7376128832499 96.6182351112366 99.6933976809184 91.2606517473857 82.3547840118408 84.2256744702657 71.7959155639013 72.6542075475057 58.8099459807078 23.4832614660263 0.353905760372678 3.28166875988245 1.5669617181023 0 0 0 0 0 0 0 0 0 0
194.347580273946 203.259189923604 201.419214407603 203.7606438001 203.644812107086 200.964570045471 193.011601765951 163.023183743159 117.595732212067 91.1939342816671 93.3475494384766 87.8584484259288 72.4614361921946 52.5041321913401 45.0902183850606 46.0791240135829 40.1326864957809 36.6359278559685 36.2086246411006 38.968396683534 35.2298269669215 35.1962397495906 36.1518611510595 37.4366690715154 41.3649032513301 47.8721658388774 56.7462941010793 57.5575530529022 66.0491089026133 82.5354953606923 90.3468132019043 87.9586140314738 83.4741493066152 77.2240410248439 70.8996206521988 59.5215658346812 63.2520616054535 60.6177349885305 42.1424905459086 10.9148398041725 10.8350738883018 0 0 0 0 0 0 0 0 0 0 0
187.342683474223 191.942095756531 187.775671482086 189.899126688639 188.83740901947 182.736158370972 177.506566047668 161.761184533437 125.225394964218 103.808124860128 98.9691118399302 91.2550886472066 82.9407374064128 58.7583382924398 47.7009117603302 49.5535631974538 43.0053373177846 35.316896935304 38.801002005736 39.885568122069 38.2999827464422 35.6994122266769 38.5384211937586 42.9434378941854 41.0262271761894 45.6792463858922 49.939900636673 50.6088733673096 57.1232885122299 73.9890585343043 83.4276775519053 82.4229866266251 85.2717161178589 85.2031509081523 70.3109900156657 65.1418765385946 69.1070804993312 75.4403918981552 70.2741940816243 33.3661685387293 0.775968267892798 0 0 0 0 0 0 0 0 0 0 0
161.227881908417 165.065417687098 167.658646901449 164.943744738897 163.346529006958 162.210683027903 166.046857833862 163.822114467621 136.255085468292 111.743907133738 99.7592508792877 85.2075715859731 75.4413455724716 55.8940668900808 44.5595482985179 49.3716100851695 50.8387088775635 40.4916529854139 42.6380733648936 45.42442659537 45.2118664979935 41.1444629232089 41.9973035653432 44.255589445432 43.2451665401459 43.445145090421 49.0462829669317 54.2304416497548 57.8643927971522 69.0494527419408 79.9667288859685 84.3310554822286 86.065153280894 89.0525976816813 73.9590326944987 74.2566833893458 74.3586719036102 82.2052458922068 81.7222694555918 44.5196777582169 0 0 0 0 0 0 0 0 0 0 0 0
137.722810109456 147.513757149378 158.312032620112 155.451714992523 154.396772384644 161.034524440765 171.103676160177 173.461039861043 155.862679084142 126.303404569626 103.09765736262 77.3705790440242 60.7729852199554 49.163892865181 40.8315807580948 44.3623065948486 54.9196203549703 47.6312041282654 44.9734330177307 47.7766146262487 48.3289261658986 44.6115831534068 42.7292138338089 44.3281233310699 45.6213404734929 45.0924535592397 47.9258547226588 56.0974478721619 58.7728718916575 63.1440778573354 74.36203956604 85.3445927302043 86.7870847384135 81.5761337677638 70.5595662196477 81.5719366073608 84.4630002975464 88.3840918540955 89.0332758426666 64.2590721448262 0 0 0 0 0 0 0 0 0 0 0 0
101.488212744395 112.917095422745 121.208399534225 126.128554344177 133.891155322393 150.668988625209 165.661543607712 173.755625883738 169.033110141754 141.89953605334 108.010013898214 75.327013929685 56.2732915083567 53.3034255107244 45.9825893243154 40.2766118446986 50.2318640549978 50.8436858654022 45.3299482663473 45.225183169047 46.2687313556671 43.7910457452138 40.9708147247632 42.131448785464 45.3348259131114 48.9154656728109 48.5132237275442 53.4325937430064 58.0923209587733 58.4801485141118 66.5374497572581 80.6743601957957 85.387925306956 72.1640189488729 73.4154880046844 89.3077452977498 94.8432882626851 92.5362706184387 92.8501685460408 89.0307029088338 35.8544538418452 0 0 0 0 0 0 0 0 0 0 0
67.318136493365 73.7988005081813 73.4498103459676 83.3737154801687 98.7069010734558 116.355230410894 131.713032722473 144.844273726145 146.182477474213 124.079326788584 88.8234575589498 64.7346675395966 51.9736806551615 50.3240078687668 46.8823214371999 41.9948647419612 47.0388482014338 47.1977641185125 41.1195481816928 41.4451311031977 44.2983359098434 47.2611536582311 46.3430434465408 43.1293398141861 42.5209701061249 44.7394847869873 49.9180157979329 52.8497844934464 57.2697917620341 57.1713993946711 58.8228106498718 70.4598675171534 77.5251785914103 74.3175595998764 92.0468072096507 98.5137621561686 97.429613272349 92.8064485390981 96.7463950316111 109.926809867223 100.109299023946 42.9881711800893 0.0289436284219846 0 0 0 0 0 0 0 0 0
56.5596123536428 58.5758636395136 58.3708186944326 60.5482409397761 69.1654185454051 75.0693778196971 79.2067448298136 84.5671494801839 85.4623913764954 70.7476238409678 55.2773376305898 51.3497143983841 50.1391341288885 47.4069118499756 45.9559857845306 47.0583538214366 45.7773258288701 45.0496027866999 40.9569218754768 40.9545103708903 45.0651993354162 50.0460217396418 51.1297980944316 47.8339989980062 45.1698799928029 43.7835852305094 51.5412737925847 54.4402897357941 57.5346499681473 58.0689907073975 58.2267393668493 63.6929720640182 71.6283619403839 81.0784349838893 98.7562040487925 98.4556476275126 89.1898969809214 82.0220410823822 84.6038460731506 99.9540785948436 111.03547612826 102.030903100967 53.8992285728455 4.09145746380091 0 0 0 0 0 0 0 0
64.6584331989288 62.183161576589 62.4207407236099 62.0428671439489 58.7685505549113 56.7825585603714 55.3862154483795 56.5108855565389 61.6409530242284 53.66450548172 46.6205626726151 48.3152667681376 51.5114367008209 52.1271824836731 50.9268542130788 49.148827791214 43.9792523781459 50.8315861225128 52.1791477998098 48.4446436166763 50.6362120310465 51.0504146416982 49.4458129008611 51.3666023810705 53.4989535808563 49.2650767167409 53.2048543294271 55.6337833404541 57.6303551594416 60.1361791292826 60.7050309578578 63.2103532552719 69.6521202723185 86.2605075041453 92.9302871227264 87.5166455904643 77.4424473444621 68.1287199258804 66.195805867513 76.2964735428492 101.675758759181 106.63906733195 82.2001794974009 32.6680839061737 0 0 0 0 0 0 0 0
68.8918928305308 66.1848982175191 68.93556813399 67.6740954319636 60.9136521816254 57.7113529046377 55.6602776050568 53.0264923969905 53.1842410564423 50.1504590113958 48.4516670306524 48.6188878615697 52.1418104569117 56.1202764511108 56.3738644123077 53.2523443301519 50.3494640191396 55.6587874889374 58.0203185478846 52.43119597435 50.1051892836889 47.7887143691381 44.6094473203023 46.4927305777868 51.4269769191742 48.7691114346186 45.9606448809306 50.4236817359924 54.2196780443192 56.9921384255091 58.2171181837718 58.865358432134 67.7966276804606 85.8245491981506 91.9774174690247 77.355886499087 68.2060569524765 64.8971746365229 64.3795629342397 71.8984305858612 78.636775414149 81.3983678817749 69.1801011562347 39.712222913901 0 0 0 0 0 0 0 0
53.5785853862762 56.2455356121063 64.7600144147873 62.2150351603826 64.7290249665578 67.0546591281891 66.1730219920476 62.2072021166484 52.1368036667506 50.6888677676519 54.1382680336634 50.8090307315191 51.4438052972158 55.510217944781 56.4578324556351 53.8659741481145 55.9559464454651 57.881439725558 57.5831433137258 53.0547897020976 47.9606042305628 45.6755260626475 43.0337886015574 43.7080562114716 46.3060239950816 50.3173768520355 45.294980208079 47.7222005526225 51.6789009173711 52.9732902844747 51.502322157224 50.7600704828898 60.0489377975464 73.7408548593521 78.9115279912949 69.8838134606679 66.3112749656041 69.1062907377879 71.1600383122762 72.636882464091 68.1200275818507 66.2158330281575 62.0555977026621 38.9215871691704 2.78170872479677 0 0 0 0 0 0 0
52.085354924202 57.8663200139999 60.7566982507706 61.5111341079076 63.2633864879608 65.8001999060313 66.0800337791443 62.3002449671427 58.1223368644714 54.283728202184 55.8364490667979 53.6473244428635 50.85356036822 49.8377333084742 49.1364697615306 49.903412659963 47.2182085116704 53.3928771813711 55.3989162047704 53.4723252058029 49.4116147359212 47.3367422819138 46.8985587358475 48.0638941129049 45.7545320192973 54.3446590503057 57.1568111578623 53.8307180007299 53.4956455230713 51.9027958313624 47.7086802323659 45.4465746879578 51.8265465895335 55.3896774848302 61.1835469802221 64.3911163012187 68.4270064036051 74.5291064182917 75.900673866272 69.5884923140208 67.9006477197011 62.9457732041677 60.0734055042267 43.2527164618174 14.9441125492255 0 0 0 0 0 0 0
58.26635658741 62.8942797581355 60.0532442331314 63.4118169546127 61.9634489218394 62.0539387067159 63.7287497520447 62.3738467693329 63.6237512032191 59.2685242493947 58.7091495593389 58.1269363562266 53.3671726783117 49.3670850992203 48.4620233376821 51.8676787614822 47.8581885496775 51.7474114894867 55.483082930247 54.7823756933212 51.9843548536301 50.6505270799001 50.1192758480708 51.481952269872 52.90487408638 53.6847114562988 59.0768704811732 57.169829805692 54.5638700326284 52.9850721359253 48.9841798941294 45.7446624835332 49.4233518838882 47.9046702384949 48.5667437314987 52.0113905270894 58.3219826221466 67.55264600118 66.4952347675959 56.0588339964549 60.0502739350001 55.6983550389608 55.3243259588877 52.7456005414327 35.8439361055692 6.77468503514926 0 0 0 0 0 0
