input/barkrak2/radiation/dir31224.grid
NCOLS 85 
NROWS 70 
XLLCORNER 665100 
YLLCORNER 4664600 
CELLSIZE 20 
NODATA_value -9999 
[rows 22 to 43 of 70, columns 0 to 49 of 85]
56.556632121404 50.1482387383779 28.2755419611931 21.927314500014 18.4781352678935 7.99151634176572 14.992522696654 9.38721808294455 8.22770347197851 7.14432323972384 17.204787582159 19.1636184851329 21.2362830837568 21.4212387800217 21.9526588916779 27.8087084492048 36.5840916832288 48.1967081626256 53.4071773290634 55.9911827246348 61.22953693072 77.0807514588038 88.8160367806752 93.6052401860555 93.5705502827962 87.5069002310435 77.3607641458511 76.1826584736506 67.8810973962148 47.595073779424 27.3393491903941 13.513345271349 0.746028730645776 0 0 0 0 0 0 0 0 0 0 3.11139163871606 12.9517739017804 20.3721920649211 25.0352869431178 26.521014670531 29.6627258261045 30.8234145243963
90.0237858295441 79.1505078474681 45.1564093430837 27.5071461995443 22.486353913943 25.1723478237788 25.2931962410609 10.578832278649 8.36125202476978 6.83117595811685 19.8407111068567 21.5347955624263 25.0229885180791 30.719943344593 28.0175457398097 28.5476197799047 34.2798183361689 45.2818175156911 49.9787827332815 44.5387959480286 43.8683480024338 48.9920179049174 62.081719438235 72.7515866359075 79.0913353363673 79.5589139064153 74.1975605487823 60.1894358793894 51.4302750428518 20.3517774740855 15.0865962107976 6.84809560577075 0 0 0 0 0 0 0 0 0 0 0 6.4231331149737 9.89477212230364 18.4172764420509 22.6941679914792 21.8546663721402 25.7788946231206 27.8058399756749
89.3291334311167 85.1839582125346 62.6248369614283 32.1934993068377 15.8981904387474 25.254875421524 24.2654432853063 22.0636973778407 18.0704668164253 8.85644927620888 17.0924638708433 19.6332273383935 21.9514717658361 27.9815470178922 27.7120942870776 27.3715928196907 33.1040645639102 42.9819772640864 48.1973787148794 42.6621288061142 42.0850912729899 38.7465755144755 47.758494814237 57.2070727745692 61.9245618581772 62.3473227024078 59.9201371272405 51.84439321359 31.8476979931196 14.297374834617 8.97187180817127 6.93087155620257 0.0183780090689349 0 0 0 0 0 0 0 0 0 0 14.0012875199318 15.3162851929665 17.168402671814 16.2402552862962 18.2823774715265 20.0605913996696 19.2391735812028
75.6948788960775 80.3930113712947 73.4961032867432 42.2167827685674 15.8156404892604 25.1965199907621 32.4728960792224 40.6306907534599 40.6525482734044 31.9006989399592 26.8337155381838 28.2753631472588 28.6712720990181 35.5066979924838 34.362996617953 30.2266875902812 32.9494600494703 42.1531846125921 49.3164410193761 52.1987527608871 53.246150414149 48.732856909434 45.6146597862244 46.566516160965 50.5093236764272 52.23215619723 48.5970228910446 47.6933221022288 28.1916211048762 23.8127410411835 20.417146384716 25.2086768547694 19.0018440286318 0 0 0 0 0 0 0 0 0 0 17.9295974473159 10.7548460364342 6.96127799650033 8.25559844573339 11.4535478254159 17.1305437882741 12.2644565999508
74.3933270374934 79.7379662593206 77.7222067117691 51.8603026866913 29.0390898784002 38.7495085597038 52.4139702320099 62.2367113828659 69.8136985301971 60.6605112552643 42.9518669843674 44.1083659728368 41.901816924413 47.2578157981237 46.6793725887934 37.360521654288 35.094752907753 44.9438691139221 51.0218193133672 62.6653532187144 64.7930254538854 61.5044236183167 53.2816102107366 48.1203297773997 49.4172225395838 52.2567331790924 47.4004248778025 53.4441570440928 49.6939818064372 48.1312026580175 53.7318487962087 72.3491211732229 80.9544970591863 59.9835415681203 0 0 0 0 0 0 0 0 8.56714323163033 8.13968665897846 0 0 0 2.91060128559669 6.60872086882591 8.63665652771791
76.0446488857269 74.8171110947927 75.0469615062078 57.9433441162109 55.9420982996623 61.5185300509135 73.7066368261973 78.667163848877 79.0456831455231 73.4215080738068 52.1132449309031 49.5688766241074 46.8544860680898 48.6903339624405 50.9287019570669 45.8380182584127 42.0564711093903 48.1216708819071 60.1885120073954 65.7400985558828 64.3132676680883 55.5983831485113 53.6114275455475 55.071363846461 55.6688606739044 56.2474479277929 54.2700390021006 63.9802118142446 80.1263948281606 84.7475330034892 89.9389386177063 97.8859066963196 108.685215314229 115.702450275421 69.9379692475001 1.75588252022862 0 0 0 0 0 11.8641580144564 11.606477200985 0 0 0 0 0 2.23990778128306 2.38648848608136
79.0169537067413 67.8014755249023 68.5310264428457 61.1536999543508 76.2719611326853 74.9925126632055 75.8992334206899 73.1013864278793 66.5149688720703 57.9406917095184 48.3918637037277 43.420265118281 46.9071169694265 48.2612053553263 54.1239231824875 55.7168076435725 49.6544937292735 46.2588916222254 57.7831367651621 59.739276766777 58.2802345355352 51.4205147822698 51.0441213846207 57.8178962071737 60.1519544919332 57.9602022965749 58.2548081874847 64.9926612774531 87.537149588267 100.828697284063 109.894692897797 115.942269563675 123.636851708094 126.119057337443 115.783840417862 42.5327519575755 0 0 0 0 0 2.45646635691325 7.10148612658183 0 0 0 0 0 0 0
79.8718680938085 62.321017185847 62.8423094749451 66.8540547291438 76.9320577383041 73.1410682201385 62.1845871210098 48.5345820585887 35.9516218304634 29.8959240317345 29.4638102253278 33.4816227356593 41.8331076701482 48.6647039651871 54.0626049041748 60.15711526076 57.5962911049525 44.7743435700734 48.4017084042231 51.1541863282522 51.1525919040044 52.048534154892 51.9231458504995 57.9754908879598 63.5495732227961 61.0272139310837 63.7557804584503 65.5059119065603 81.3469737768173 104.396472374598 119.537889957428 127.001225948334 128.883540630341 129.521389802297 137.058287858963 117.248157660166 36.3715887069702 0 0 0 0 0 0 0 0 0 0 0 0 0
78.3027956883113 79.3382426102956 100.301206111908 132.046570380529 108.096460501353 79.7432661056519 52.5310734907786 31.2605127692223 21.6362625360489 25.5102689067523 21.9878405332565 23.3677426973979 38.5985126097997 50.3809402386347 59.2127591371536 63.8973414897919 62.5689725081126 50.0465929508209 49.5619724194209 52.551989754041 50.7074097792308 54.3952286243439 56.9949199755987 59.3405117591222 65.4725978771846 70.2463289101918 68.5012837251027 71.7955678701401 84.1203530629476 109.387030204137 127.881348133087 131.232053041458 129.587342341741 138.351420561473 147.344489892324 152.076830466588 123.638818661372 62.3775670925776 7.51643814146519 0 0 0 0 0 0 0 0 0 0 0
91.0919109980265 124.484827121099 172.110597292582 193.211376667023 172.428488731384 119.583199421565 72.3326702912648 43.1382904450099 36.4027097821236 41.3499275843302 33.2820738355319 28.250719110171 38.9421979586283 48.6591011285782 61.3162765900294 68.2033797105153 64.7854506969452 58.4713518619537 52.1419793367386 54.6736021836599 54.1521807511648 57.7856749296188 60.2065821488698 61.0164701938629 66.8702274560928 78.3908615509669 78.2813330491384 84.6785406271617 94.9350794156392 111.945301294327 127.305607000987 135.1105372111 137.070000171661 144.466241200765 153.414140144984 150.432725747426 145.598173141479 123.28447898229 58.7898393472036 6.37364014983177 0 0 0 0 0 0 0 0 0 0
150.774906078974 186.259627342224 210.895419120789 213.114658991496 209.734598795573 183.632095654806 140.163898468018 101.946582396825 78.7988255421321 68.278710047404 63.539778192838 52.1517644325892 41.3702254494031 45.9410498539607 62.5760058561961 69.1142976284027 63.102791706721 63.8402948776881 54.6065121889114 52.7134289344152 55.8738609155019 57.8859597444534 58.8200986385345 59.7520967324575 64.3119911352793 78.6362886428833 84.3756099541982 91.7634566624959 101.64009531339 112.120678027471 123.919943968455 135.250777006149 137.094517548879 132.59623448054 135.449806849162 129.962662855784 130.467901627223 117.971122264862 71.245143810908 20.26225750645 2.16285263498624 1.07431535919507 0 0 0 0 0 0 0 0
202.073772748311 218.585252761841 223.127404848735 220.487872759501 222.96941280365 217.085083325704 195.423801740011 152.408103148142 114.550699790319 92.8617119789124 92.968354622523 84.7465395927429 60.3340665499369 51.0905683040619 61.5004400412242 65.00177582105 58.6825559536616 59.8601251840591 53.6003063122431 54.1809896628062 52.0455688238144 54.1635950406392 53.6362727483114 55.1722546418508 61.7959946393967 72.2781320412954 83.4148625532786 88.495671749115 97.6269841194153 109.799971183141 123.214066028595 125.29660264651 116.475880146027 105.432540178299 107.758323351542 92.9026405016581 93.9354697863261 78.6788066228231 43.4164255857468 11.3275833427906 11.5245456496874 8.21321209271749 2.03279809405406 0 0 0 0 0 0 0
217.089215914408 223.210275173187 222.674310207367 222.931365172068 223.894814650218 221.244851748149 213.617523511251 181.686758995056 133.178492387136 107.549409071604 107.301771640778 102.449685335159 86.125115553538 66.8275654315948 61.2458288669586 62.9814465840658 57.3376516501109 52.976538737615 53.0695170164108 56.7774375279744 52.1253248055776 51.0535935560862 53.3800820509593 54.7520319620768 58.8687360286713 66.0213281710943 75.625608364741 76.6374270121257 86.6994559764862 104.437013467153 114.016522963842 113.077749808629 106.826702753703 100.153595209122 92.4129684766134 78.7752072016398 82.8753858804703 80.000306169192 60.2653324604034 26.072770357132 21.6744293769201 23.8320877154668 0 0 0 0 0 0 0 0
210.933208465576 213.613589604696 210.701823234558 212.750991185506 211.509426434835 205.61416943868 200.749854246775 183.966358502706 143.300314744314 118.392090002696 112.195412317912 107.949713865916 98.5645751158396 76.448455452919 65.7061189413071 68.1704183419545 60.7555905977885 51.8329342206319 56.5027246872584 57.6627502838771 55.5277367432912 51.6642381747564 55.7550887266795 59.9146137634913 58.4718535343806 63.5609030723572 69.2537079254786 69.9486583471298 76.1631727218628 95.252404610316 105.353573958079 104.986319939295 108.977804581324 109.938283761342 91.6623473167419 85.2125883102417 89.673638343811 96.9364444414775 92.1027064323425 52.6640911897024 18.9828276634216 1.3100899135073 0 0 0 0 0 0 0 0
187.882860501607 190.686802069346 191.931347052256 189.270337422689 187.713384628296 186.582605044047 190.01559416453 186.870793501536 154.964109261831 126.091033220291 112.937192122142 103.257258733114 94.4851040840149 73.7175146738688 62.03560034434 68.5391922791799 70.2399661143621 57.8793634970983 59.8919987678528 62.864159544309 62.2483442227046 57.578961054484 58.7203204631805 62.078669667244 60.1139565308889 60.3952705860138 66.7231380939484 73.9051997661591 77.7841160694758 89.9131198724111 102.846463521322 106.084764003754 109.324216842651 113.296926021576 95.037579536438 95.5207745234172 95.8179831504822 105.151335398356 104.510595401128 65.5290981133779 8.52841511368752 0 0 0 0 0 0 0 0 0
164.223571618398 173.265020052592 184.95766321818 180.964549382528 179.985264937083 185.484091440837 193.813681602478 196.543077627818 178.080042203267 142.13827252388 118.409395217896 94.0656165281932 78.9866298437119 67.4633681774139 59.0945382912954 62.8861039876938 74.1084019343058 65.6552016735077 63.2689595222473 66.2120183308919 66.6140069564184 62.422255674998 59.6012969811757 62.2735768556595 62.7377281586329 63.0805989106496 66.2217289209366 75.0993639230728 78.7505010763804 83.4402541319529 95.5947836240133 107.251226902008 109.547317028046 104.370762904485 91.269314289093 103.963434696198 106.844325860341 111.788372198741 112.077603737513 86.1544807751973 2.88282458980878 0 0 0 0 0 0 0 0 0
126.656214396159 138.582040866216 147.108127673467 151.431451241175 160.094340642293 176.287889480591 189.805010954539 196.916441122691 191.96085135142 159.587969382604 125.799000263214 93.9794977506002 75.2573559681575 72.4878857533137 64.2039428154628 58.0133348703384 68.601980805397 70.1245168844859 63.7126018603643 63.3246352275213 63.8963530460993 61.0144088665644 57.7347775300344 59.8545124133428 63.2657706737518 67.1324332555135 66.8131808439891 72.1453428268433 77.0962635676066 78.2964527606964 87.0729088783264 103.566487630208 107.808570067088 92.2473470369975 94.913919766744 114.478568236033 118.328432242076 117.227226495743 116.720736026764 111.604591210683 54.8562109470367 0 0 0 0 0 0 0 0 0
90.5703504880269 97.364733616511 96.9983537991842 107.425858577092 123.521735270818 141.952832539876 156.616747379303 169.745922088623 169.981320699056 146.777550379435 110.705097516378 85.0560069084167 71.4997301499049 69.4159815708796 65.4564251502355 60.6790284315745 65.224826335907 65.6528373559316 58.736522992452 59.4052573045095 62.6468161741892 65.7719671726227 64.5552376906077 60.244008898735 60.3629897038142 62.6677622397741 68.3019558588664 71.4293817679087 76.1565119028091 75.8814662694931 78.5773346821467 92.3936764399211 99.9200642108917 95.225324233373 117.048263549805 127.215246359507 122.662216424942 117.075771093369 121.37101093928 135.572850704193 130.193769931793 65.1475290457408 5.34677878022194 0 0 0 0 0 0 0
79.0490160385768 81.2682410081228 80.9043943881989 83.17764600118 92.2699669996897 98.9724397659302 102.790584166845 108.309427897135 108.040948708852 92.3476318518321 75.9687423706055 71.98433081309 70.3998655080795 67.2122240066528 65.2954230705897 65.4017229874929 64.014861981074 63.5911921660105 59.4712148110072 58.8071892658869 63.1187756856283 68.4653222560883 69.7477956612905 65.5211309591929 63.3155902226766 61.706488331159 70.9407826264699 73.0633984009425 76.4051775137583 77.9549429814021 76.9080171982447 83.8708182175954 92.7169919013977 102.773706118266 124.498218297958 125.630716482798 115.816166003545 104.333649079005 108.052362998327 124.432424704234 138.250986735026 127.182294925054 78.3631304899852 13.6216233174006 0 0 0 0 0 0
87.5301361083984 85.0979685783386 85.3532254695892 84.7527782122294 80.9087455272675 79.0496120850245 77.7607907851537 78.7583887577057 83.6752851804097 75.0165532032649 66.9784297545751 68.6949888865153 72.4574973185857 72.5454638401667 70.8870788415273 68.5721139113108 62.9996160666148 69.9456681807836 70.747176806132 66.0493125518163 68.1077788273493 68.752775589625 67.2864615917206 70.2280700206757 71.3986158370972 67.7249729633331 71.7411041259766 75.3987481196721 76.4725456635157 78.0869424343109 80.7264397541682 83.3452641963959 90.8128420511882 108.944773674011 116.805305083593 112.891097863515 101.033806800842 89.8032585779826 87.2482458750407 97.9645748933156 127.683113018672 135.589251915614 105.655173460643 48.9461272954941 3.01922174791495 0 0 0 0 0
92.1030839284261 89.2656942208608 92.3021237055461 90.956171353658 83.6590727170308 80.0931056340535 77.816978096962 75.1676807800929 75.1678645610809 71.4311997095744 69.5061435302099 68.88447701931 73.138619462649 76.6763985157013 76.9257545471191 73.4479327996572 70.1025972763697 75.5361417929332 77.8522491455078 71.3968276977539 68.7343925237656 66.4823104937871 63.0957881609599 64.8753394683202 69.1637843847275 67.2377745310466 64.1827781995137 68.9182678858439 73.8138457139333 76.7391671737035 76.8340577681859 77.6953846216202 88.1158312161763 108.966886997223 115.721901257833 100.011279185613 89.3748005231221 86.0493083794912 84.9204063415527 94.4507122039795 102.365463972092 105.361521244049 91.5081401666005 56.6317985455195 7.56244609753291 0 0 0 0 0
75.9061872959137 78.6446730295817 87.7147912979126 85.1483941078186 87.5982244809469 90.2038911978404 89.4876817862193 84.7752193609874 73.7957159678141 72.5351870059967 75.7239411274592 71.8735208113988 72.1947848796844 75.8928308884303 77.0082622766495 74.0896711746852 75.2793649832408 77.0604213078817 78.4103622039159 73.2727994521459 67.5796270370483 63.7305428584417 61.4424894253413 61.0495160023371 63.6884719133377 68.3330794175466 64.3933117389679 66.0745004812876 70.1372474431992 72.3118682702382 71.4981456597646 68.9209153254827 80.7000249624252 94.6113169193268 101.118077834447 90.1460150877635 86.4724218845367 91.5893316268921 93.5636460781097 95.3234136104584 90.2636051177979 88.0548159281413 83.3730101585388 56.3580989837646 14.2185216148694 0 0 0 0 0
