input/barkrak2/radiation/dir30624.grid
NCOLS 85 
NROWS 70 
XLLCORNER 665100 
YLLCORNER 4664600 
CELLSIZE 20 
NODATA_value -9999 
[rows 0 to 21 of 70, columns 0 to 49 of 85]
111.767033735910999 126.761297384898 143.504679203033 164.332171281179 175.244927406311 175.911585489909 174.931704998016 172.335286935171 171.986718972524 176.783541838328 179.509361584981 176.347692807515 172.273317972819 173.070708910624 173.752089341482 160.383403301239 147.073407967885 136.110007762909 134.7350080808 130.899240573247 129.473894834518 152.627150217692 176.483154296875 181.650876998901 184.937218825022 196.964383125305 195.419649283091 184.476176897685 174.194554487864 174.45574204127 169.847170511882 192.882696787516 236.657877763112 234.727044900258 232.419351736704 219.669719537099 224.138140678406 236.265619595846 232.260187466939 233.066201210022 223.858694235484 232.584516207377 239.211082458496 231.708566347758 220.453361670176 226.685166358948 228.47306728363 196.33408387502 133.078853289286 128.523657719294
90.6895995140076 106.111178795497 121.837188800176 140.969038009644 154.648065567017 163.305302460988 168.741206328074 174.543817838033 180.228352546692 179.960707823435 178.470333417257 176.694432894389 174.653033415476 175.036311149597 175.03700653712 162.054220835368 153.986195723216 144.684175650279 139.722287654877 134.804904460907 146.067480246226 171.622812747955 190.607825915019 191.463192303975 194.746156533559 200.458546479543 197.501142819723 187.713901201884 178.649306297302 176.548004150391 177.287518978119 206.898113091787 239.299098650614 237.357417742411 231.021165847778 221.898555755615 228.047847747803 237.836519877116 233.549118041992 231.168409188588 226.580063501994 228.182117144267 224.80175892512 215.260823567708 211.017946402232 223.53184223175 221.175412336985 182.046473026276 139.87398147583 151.857962210973
58.5674196481705 67.239706714948 77.3354868094126 88.2331232229869 103.328039248784 116.623431444168 130.979349215825 150.506178538005 164.861549933751 166.65114959081 170.318186283112 174.976150194804 178.211033344269 183.544178803762 186.403393745422 187.53836552302 184.6910516421 173.352042833964 156.761199235916 148.91462524732 160.527358452479 178.378383318583 189.767082532247 193.792780240377 196.846862634023 196.336627006531 192.709664503733 186.396241188049 182.181557019552 185.24169921875 195.616682370504 220.998028914134 240.590393543243 238.562643527985 231.615642706553 228.358209133148 236.168285210927 240.177671114604 236.001590887705 229.769607385 223.247508207957 213.282406330109 199.419875939687 193.096260229746 199.904342492421 216.803948084513 209.083596865336 173.115809758504 161.227415005366 180.334945519765
43.1250830491384 43.2239870230357 49.5228469371796 53.9518396059672 59.5179299513499 66.6360606749852 77.9352436463038 95.8237548669179 115.011612574259 133.397181828817 150.997052590052 167.533735434214 177.504499753316 180.978496869405 184.942940870921 193.407336870829 192.559679349264 184.987823168437 166.523009538651 158.839811881383 159.686962763468 160.742282867432 172.832667827606 182.715972264608 184.172749519348 184.481839338938 186.113317807515 185.626049836477 187.58491675059 192.729731400808 200.335423151652 222.730457782745 230.049729347229 227.463205655416 224.072674910227 229.453563690186 235.984047253927 237.042307853699 228.532989819845 215.93165397644 208.463311195374 196.702440579732 193.616926670074 206.007242202759 218.438744544983 212.27236588796 193.783938884735 169.699649016062 171.282251675924 184.551616509755
58.5560550292333 45.418972770373 33.740575114886 25.2252966165543 27.0455727974574 39.905900756518 63.6801570653915 76.6601065794627 86.2265229225159 94.136377175649 117.256740729014 141.487260659536 156.211853027344 162.070463101069 169.144908587138 173.99259408315 172.010838985443 166.771074136098 164.888997872671 159.470975399017 154.945661624273 152.812133232752 162.666340668996 172.128081321716 176.527122656504 183.976610501607 185.706257820129 186.496555805206 187.672972679138 188.019533952077 195.769011974335 220.740497112274 221.143205960592 222.907582918803 221.859892209371 220.593770345052 218.097229798635 215.547521909078 208.296100298564 201.763828595479 200.542867183685 199.277957280477 206.019461154938 217.302600542704 219.216624895732 194.762329260508 164.760212103526 157.899747292201 165.296256542206 183.901429176331
83.5337936878204 67.8598483403524 45.2123582363129 27.3573274413745 21.7110762993495 27.9455532630285 45.3517784674962 65.3888086477915 69.96255616347 70.6164141496022 78.9508819580078 91.8665130933126 103.990117708842 112.473577260971 124.451657136281 134.717007478078 139.092018206914 148.000260194143 156.761427720388 162.961184978485 166.020929813385 166.614452997843 164.329479138056 167.061785856883 173.174301783244 179.185390472412 182.935953140259 186.619599660238 188.974996407827 192.405263582865 204.682052135468 216.486573219299 211.067537466685 209.641536076864 210.606296857198 211.911718050639 211.316446463267 206.422130266825 196.992774804433 199.571510155996 201.006809870402 200.255155563354 203.291912873586 207.107404867808 198.616147041321 160.860240459442 136.20459040006 145.665198564529 165.61966141065 204.699834187826
96.5141256650289 80.4853141307831 68.1258539358775 50.3126978874207 32.9721346497536 24.8794530828794 28.6722083886464 45.8182493845622 60.9795401493708 70.6794361273448 72.0998148123423 68.8138951857885 63.787450393041 59.319739540418 59.0799252192179 70.1196889082591 84.5655202865601 105.769018332163 127.325395743052 142.424682776133 158.180922269821 163.974761962891 169.449845949809 165.535102287928 168.99452606837 170.920729637146 175.641377766927 180.98262945811 185.010552406311 193.376918633779 205.288589000702 209.965586662292 201.299111048381 194.800972938538 195.253968238831 195.617377758026 195.614377657572 192.34577814738 188.4951988856 184.210181236267 178.809146086375 179.197669029236 189.713418483734 198.102712631226 191.200613975525 181.560337543488 191.833476225535 200.646758079529 213.045795758565 227.530121803284
93.0839578310649 97.2212155659993 85.6483578681946 73.1578121582667 57.3060810565948 33.7984760602315 21.4879537622134 18.211933473746 36.0009943445524 56.0833017031352 66.2684092919032 66.3779775301615 57.7012896537781 52.5805354118347 43.7764674425125 44.7796483834585 54.3674826622009 66.8530563513438 89.6851718425751 106.267978747686 122.161149978638 136.154780785243 146.422892808914 149.701257546743 154.568195343018 156.454751888911 158.950865268707 163.338373104731 168.896396954854 181.546191374461 192.973256111145 196.031630039215 187.404414017995 181.92732334137 177.638490994771 177.925487359365 183.77963701884 181.877295176188 177.514473597209 161.398440599442 158.604751030604 167.004148165385 185.067931811015 199.284195899963 203.87214422226 208.252449830373 216.890017191569 219.066341718038 226.497749487559 228.27140490214
89.8030300935109 81.6993167002996 80.8210621277491 78.6268562078476 74.6934016545614 57.5015842914581 32.9475527008375 16.6225781043371 24.6735711892446 33.611444135507 44.1887478033702 53.0131409565608 58.1808189551036 59.8456611235937 51.6847024361292 47.9061851898829 47.5692053635915 52.8075695037842 63.0908211072286 76.8223603566488 90.8147891362508 106.884211301804 117.426822582881 120.744119087855 125.882705052694 133.266786734263 138.093014558156 143.660893042882 148.387988408407 159.342577060064 167.342265446981 168.017903963725 165.307889382044 164.725889762243 166.669170061747 169.586539268494 171.440800031026 173.722386360168 172.858119010925 166.852672894796 173.140088717143 185.440878073374 196.063280105591 199.048161506653 193.670948346456 193.392693996429 200.058897336324 211.281061172485 220.680673917135 216.707428296407
68.319171667099 67.6594724257787 61.1408253510793 60.455655058225 66.0996983448664 66.3770139217377 53.046241402626 41.1103417476018 24.6132835745811 20.1066533724467 26.336890955766 38.5755772391955 52.712212006251 64.7248327732086 65.7175083955129 62.2918208440145 54.8426359891891 54.162343343099 54.190198580424 58.7886919577916 66.157211860021 72.7218290170034 84.2727720737457 93.4124688307444 105.044504006704 108.593761920929 111.786911884944 118.895302216212 124.436388413111 133.819550275803 135.017206271489 137.275477250417 143.936057885488 148.448844750722 153.535097837448 157.568474610647 157.82505273819 164.350251356761 169.022758801778 178.773840268453 189.404765764872 194.657901922862 196.604609489441 195.276776949565 192.250768343608 192.113955815633 200.798471768697 212.978879610697 217.647989590963 214.865366617839
33.804660042127 31.6593423485756 36.1170048515002 34.6393858393033 35.7184534271558 45.0466771920522 46.6457853714625 46.7632015546163 34.04268125693 25.4584600528081 21.6019103924433 25.8160308003426 39.4313658277194 55.5758823951085 66.6976620753606 61.2309724092484 59.7042938073476 58.2891205946604 54.676353931427 52.1865437428157 53.2525678475698 53.9640287558238 59.7188870112101 71.753849585851 83.2354923089345 91.9130345185598 92.9124653339386 97.7806945641835 108.336647351583 116.459230581919 120.761980613073 125.114798545837 134.686470031738 139.389097690582 140.70870478948 142.85550514857 149.129132429759 156.759639581045 165.983041127523 184.600234031677 192.447205384572 193.242112795512 192.356665929159 188.442905743917 188.09453646342 193.596760431925 202.797651290894 205.859422683716 205.055137475332 211.481293042501
11.354470004638 9.32811386883259 7.99820634226004 4.63927444070578 3.32561818261941 4.72390341262023 13.593835135301 24.8266483346621 32.2301313281059 31.5790797273318 25.466114282608 20.4776301980019 24.1530910134315 36.0002567370733 51.9851297140121 54.7892153263092 62.553882598877 63.5834137598673 59.5718771219254 52.5952378908793 49.0460097789764 48.8947331905365 50.0249564647675 57.5664738814036 65.2777353922526 72.5294599930445 75.5519568920135 80.0925095876058 89.2279744148254 95.5483714739482 104.113141695658 110.449373722076 115.191628535589 118.669927120209 121.471057335536 125.73982278506 136.577894290288 148.472289244334 156.760533650716 174.664378166199 181.591947873433 181.722740332286 177.994807561239 175.193846225739 174.439827601115 174.769302209218 179.906268914541 188.858052094777 194.847067197164 200.980405012767
4.52127742270629 1.87659496441483 0.48079058372726 0 0 0 0.0762977724662051 13.1583337982496 31.5891976157824 36.8266155322393 36.9096125165621 31.3035597403844 22.0504055420558 21.2347904841105 33.2364986340205 48.6979186534882 61.9140366713206 67.1982616186142 66.7645384867986 60.4911347230275 55.3868462642034 56.6181391477585 57.3364545901616 58.9281668265661 61.5579585234324 62.4038378397624 66.4292573928833 72.3424653212229 75.3969897826513 79.5101324717204 85.937907298406 94.13081407547 96.5836743513743 99.1327861944834 104.00249560674 108.076214790344 119.11881963412 132.731765508652 137.960940599442 148.968746264776 157.456030448278 159.149537483851 159.105916817983 160.812060038249 161.046137412389 163.058092196782 163.508673508962 165.376802285512 170.315663019816 175.418873627981
4.60079995294412 0 0 0 0 0 0 0.694509906073411 7.56389275193214 23.9350845416387 42.0723458131154 47.6421614487966 43.2048539320628 32.7605058749517 30.9639424085617 45.4845974842707 58.0225090185801 70.3464349110921 77.2950152556102 76.1856486399968 68.6848014593124 67.7135487397512 66.6379729906718 67.2885725895564 68.4197346369426 67.8304582834244 69.1884209712346 75.7794678211212 75.6898025671641 69.0789769093196 77.3917684952418 85.0057005882263 87.2147778669993 88.5249773661296 95.7822203636169 103.000710407893 107.646306355794 113.051364819209 118.907401959101 122.078071037928 128.752807776133 135.057081778844 142.660329739253 150.639901558558 150.069236755371 157.479415337245 156.575421492259 151.752293109894 150.202572345734 150.292903184891
12.1428593993187 0.404890587863823 0 0 0 0 0 0 0.977640816320976 15.2738889058431 35.0447570284208 52.1749009688695 60.9839061896006 55.346538623174 44.9516276518504 43.4041370948156 47.6978818575541 59.9493285020192 73.0507224798203 83.8024218877157 83.5515956083934 81.4314285914103 79.402893781662 77.2221982479095 75.8758385976156 75.6982465585073 77.4913132190704 76.8624693155289 75.5133380492528 71.6975231965383 68.0775145689646 70.458322763443 76.3782809178035 82.2762151559194 85.8880976835887 93.3273434638977 94.3448344866435 94.0110882123311 100.434472163518 102.283666531245 106.728335221608 114.420195420583 120.291769504547 127.412537733714 132.16898838679 138.519903024038 147.650063037872 152.635445197423 148.15420905749 141.689300537109
12.6990340650082 1.57039705663919 0 0 0 0 0 0.104056593651573 1.65738382687171 10.9222754836082 26.7701049645742 53.0907958745956 69.5484379927317 76.9034922122955 65.2615080277125 47.3335285981496 41.7424688736598 44.4473326206207 56.95940554142 78.1210760275523 89.6417796611786 87.9243314266205 89.8564159870148 85.7028762499491 82.5387537479401 83.5405290126801 83.7258795897166 82.3027690251668 78.9942046006521 74.621041615804 72.0281898975372 67.6035483678182 63.8609379529953 62.1425757805506 72.8266884883245 74.3279606103897 76.2362728516261 76.4327347278595 81.4318011204402 83.3972891171773 87.0495736598969 92.7707751592 96.1387753486633 98.7252692381541 112.891346216202 119.118213653564 132.407784461975 143.060266971588 143.317600091298 139.131993055344
9.6431008229653 3.26845484475295 0.00234953965142874 0 0 0 0 0.914056863014897 3.25310168166955 7.13326409459114 17.7889044086138 37.9337320725123 58.310811718305 70.9897528092066 75.1138279835383 67.6114956537883 62.5208367904027 54.2780856291453 48.9768435557683 57.7790637811025 76.583077510198 91.0807251930237 95.8150525887807 93.8661197821299 89.2898241678874 89.692085981369 93.099852403005 87.6106321811676 87.6685678958893 87.5737567742666 79.1054169336955 65.0265564521154 61.6218199332555 51.4688988526662 50.4935681819916 52.204171816508 54.5732875665029 55.0221701463064 59.6875051657359 67.6284631093343 71.0500627756119 75.2936055262883 77.9073337713877 80.9516757726669 95.8175857861837 106.998145580292 113.733470439911 122.332910696665 129.63471810023 134.33109720548
6.98313489556313 4.01706000169118 0.407189829275012 0 0 0 0.377255220276614 3.55940870940685 9.98223138352235 12.8745560844739 18.2094871997833 28.6011050144831 46.9494014978409 64.5396014054616 75.5635251601537 82.6651255289714 85.0042204062144 77.4049858252207 62.0083709557851 51.8474479516347 60.6195777654648 82.2056134541829 90.3171996275584 94.7610040505727 96.7822670936584 98.8946159680684 102.748652299245 102.339069048564 96.1857438087463 89.6943310896556 86.4103237787883 72.8570719559987 58.5493346055349 46.3292002677917 39.0560701489449 41.3702726364136 38.6977990468343 43.7930772701899 44.9625849723816 49.4724710782369 54.6754697958628 58.5771600405375 60.4129582643509 64.2892916997274 73.4936147928238 86.485892534256 95.1255559921265 97.8768765926361 104.501783847809 113.455673058828
7.68140951792399 9.06581059098244 7.98173559208711 0 0 0.860684085637331 3.3263061195612 6.19177023569743 15.260028342406 24.9395916859309 30.3129454453786 32.8376243511836 42.9831345876058 54.9457967281342 65.0976598262787 76.1184195677439 83.9826166629791 86.2608949343363 82.9481283823649 70.8361615737279 55.560514330864 67.3486888408661 76.9187609354655 87.8192881743113 98.7567802270253 105.472505092621 105.471909046173 102.523505687714 105.566571156184 94.8483149210612 83.1100294987361 70.7487761974335 62.8148217995962 46.7518617709478 38.5213444630305 29.5966664950053 25.5642210443815 26.6887322068214 25.5339021484057 28.6447380979856 42.5317138433456 43.1975175937017 53.6967019240061 58.304230372111 59.5562160015106 75.3862857818604 76.8094460169474 80.581396818161 84.3064685662587 95.0421293576558
8.30354417363803 7.20072910189629 9.00411109129588 2.99278243134419 0.0157217958379382 4.76384721696377 5.36353637774785 7.61002488434315 9.21453349292278 26.0665739576022 31.498928864797 31.0167769591014 32.7554692824682 40.2628655234973 49.2129524548848 63.0153516928355 72.0081975062688 78.7074416875839 84.0745270252228 85.2349003156026 77.398603161176 67.5111313660939 69.1086202859879 79.7407329082489 91.5385683377584 99.8140374819438 107.38339026769 106.00870847702 96.8392491340637 88.6196096738179 86.8725478649139 72.17738032341 57.1055163939794 41.3327763477961 32.8559726476669 22.662157813708 14.193889995416 13.7881996730963 14.5537580053012 23.2262561718623 27.6228760679563 32.6418032248815 39.7950733701388 50.6927073001862 51.8637150526047 59.7985585530599 63.2294366757075 67.5744513670603 74.4512875874837 83.2016170024872
12.169054398934 6.32034738858541 3.29040549695492 6.29205380876859 4.80386273314555 5.54227828979492 4.81541020174821 7.266815751791 8.83700822790464 20.7958146929741 24.633452296257 25.2433667580287 26.2566631038984 29.1593819856644 35.3847270210584 46.6339687506358 57.3383768399557 65.3029580911001 74.6300866206487 86.8139863014221 94.2148963610331 84.7403407096863 83.7524930636088 86.9587163130442 89.4841452439626 92.4196739991506 94.3982005119324 89.8517072200775 95.855971177419 85.9871407349904 72.5778092940648 53.9422184228897 43.6278482278188 29.9060468872388 21.0795427362124 11.0478239754836 5.3937416523695 3.49136286725601 7.20289473732312 12.7562023699284 20.1482897003492 24.5991870760918 30.0546859701474 30.898779630661 40.3555035591125 47.2377041975657 58.3859384059906 62.766432762146 69.7016616662343 71.175033847491
30.4602434237798 19.8297972480456 9.49211108187834 15.3834745287895 14.4818052649498 5.04040780166785 7.257462789615 10.5959698557854 17.6798875133197 21.0234746336937 21.8927810589472 23.2039615511894 23.6111357808113 21.7565496762594 27.3837422331174 37.7918134133021 50.1676350831985 59.9279055992762 68.4500535329183 80.8529704809189 89.1535580158234 100.958287715912 106.492340564728 107.377310593923 99.7683803240458 92.3925737539927 88.184376557668 81.692894299825 82.2971363862356 67.9580370585124 60.2953930695852 38.9565552274386 24.5422845085462 11.0736216108004 0.146157001533235 0.196988034682969 0.217180660304924 0.21846906747669 0.167908341002961 0.175456710470219 2.53652082756162 7.36661876241366 17.3951126635075 17.7315014104048 26.5413249532382 34.9864413340886 41.5732935070992 53.3022284507751 60.8529448509216 59.7430765628815
