input/barkrak2/radiation/dir35324.grid
NCOLS 85 
NROWS 70 
XLLCORNER 665100 
YLLCORNER 4664600 
CELLSIZE 20 
NODATA_value -9999 
[rows 23 to 45 of 70, columns 0 to 52 of 85]
56.9407939910889 47.1624185641607 18.7969505786896 3.46002199997505 0.0509424862684682 6.92577722171942 4.46753886838754 3.40567467113336 2.83273588865995 2.03731888905168 2.03658826649189 1.88858465602001 9.01344294349352 11.6461552679539 9.6593319127957 9.95665974915028 15.2954272925854 22.5288718938828 26.8751556674639 20.8845088879267 20.1433102289836 23.4633684158325 33.7556277712186 42.6099946101507 48.0753382047017 47.871063152949 41.7114545901616 36.2073853611946 16.9924361010392 7.62202156086763 4.24525327980518 0.679657639314731 0 0 0 0 0 0 0 0 0 0 0 0 0 0 0 0 0 0 0 0 0
56.8895886341731 53.0797590812047 33.0240204930305 7.65628243486087 0 2.47798285757502 3.81792740275462 4.58017736673355 3.82763519883156 3.17760991553466 2.76150864859422 1.8502427265048 3.8315961137414 9.71896077195803 9.44324706991514 9.00535471737385 13.0789255102475 20.7518662015597 26.132953663667 19.5261314511299 18.1313132246335 15.5381833513578 21.477942665418 29.0175129969915 32.7979549765587 33.7172945340474 30.8674449721972 27.3776104052862 12.3389475047588 3.71597769359748 1.47915259003639 0.759762789433201 0 0 0 0 0 0 0 0 0 0 0 0 0 0 0 0 0 0 0 0 0
45.3685422738393 49.1561740636826 42.3277616500854 15.9860923886299 0 6.33195663491885 13.6396139860153 21.1296156048775 22.0447306831678 18.5251894096533 13.2015769680341 15.0438671310743 13.4052559733391 15.5163121720155 15.4495363434156 10.9578892588615 12.289692958196 18.6263384918372 25.398979584376 27.3531973361969 27.3875618974368 23.963987827301 21.841749548912 21.3216046492259 23.5958769917488 25.3384013970693 21.7228631178538 21.627056101958 13.3914264539878 9.77027540405591 7.39323223630587 9.35333470503489 5.32105068365733 0 0 0 0 0 0 0 0 0 0 0 0 0 0 0 0 0 0 0 0
44.1202074289322 48.5903322696686 46.2507754564285 23.9665955305099 3.91387846320868 16.6042260825634 29.1296641031901 40.5634840329488 48.0281660954157 42.1965618928274 26.8168797095617 27.216541270415 23.9479790131251 25.2214719851812 26.0029310981433 16.6527889668941 14.2426639795303 20.7894717653592 27.5103151798248 36.5858922402064 38.3379658063253 35.5732440948486 28.122844795386 22.7487807472547 22.9841421047846 24.8307933410009 20.7974178095659 27.9962047934532 26.8797924121221 25.747279326121 29.0249536434809 43.1155264377594 50.2669513225555 31.6426182786624 0 0 0 0 0 0 0 0 0 0 0 0 0 0 0 0 0 0 0
45.2496608098348 44.451504945755 44.4243301947912 29.2273809512456 24.1079851984978 35.2441544334094 49.5637456576029 56.1746954917908 54.6052108208338 48.3447462320328 35.3039627273877 29.515619079272 27.1959851185481 28.6354472239812 29.7979613145192 24.5443508028984 19.56424365441 23.9920193950335 34.3984961509705 39.5205939809481 36.8393262227376 29.9419015645981 27.7009358008703 28.101106484731 28.2523930072784 28.3734624584516 26.1644472678502 35.3923290967941 51.0679135719935 55.2189896504084 57.9552551110586 63.2088234027227 73.2930600643158 77.5568187236786 37.3119711875916 0 0 0 0 0 0 0 0 0 0 0 0 0 0 0 0 0 0
48.0087697505951 38.9463230967522 39.2925217747688 31.3934832811356 42.77436931928 47.8717386722565 52.4562696615855 51.2948383887609 44.372965892156 37.7779603004456 30.8290744821231 25.9086092313131 24.8305276036263 29.5120924711227 30.8097799619039 31.6455687085787 26.9423474868139 23.1735482811928 30.9284900625547 33.8928749163946 31.718410551548 25.5333632230759 25.2024407188098 30.7019998629888 32.5645208358765 29.4292693336805 30.0955971082052 35.2465187509855 56.6257933775584 68.8617130120595 73.7224817276001 76.4656563599904 83.7337374687195 86.8663688500722 76.2994041045507 15.2100784083207 0 0 0 0 0 0 0 0 0 0 0 0 0 0 0 0 0
49.2592851320902 34.8448952039083 34.727876385053 35.3534941871961 44.347142179807 48.7935245037079 41.7445302009583 22.9381198684375 8.6942333728075 5.99140611787637 5.2811112254858 12.8720266123613 23.692786693573 29.9388617277145 30.7800595959028 34.6704969803492 31.9430058201154 21.3546802600225 22.6067428787549 25.738795598348 24.8785590132078 25.0699073076248 25.1300086577733 29.988206923008 34.9477877219518 31.9379717111588 33.9498445391655 35.5583876371384 50.690879424413 71.0691908995311 81.5641731023788 85.5549375216166 86.8105987707774 88.8034403324127 94.1128929456075 76.0308355093002 10.5509596566359 0 0 0 0 0 0 0 0 0 0 0 0 0 0 0 0
48.7186809380849 48.9213168621063 65.3163641691208 91.4014975229899 73.6834605534871 53.4561922152837 32.5401946902275 8.11976070205371 5.44937948385874 9.29338360826174 5.09455396483342 3.8085055227081 22.1653506159782 31.1536888281504 33.797229329745 39.0898336966833 36.1507336298625 25.1343076427778 24.4066144029299 27.2633011142413 24.6707449356715 28.0864884455999 29.7971442341805 31.0526837905248 36.3740449150403 39.8710692922274 38.3990854024887 40.5317693948746 51.993802189827 73.669488231341 87.98748254776 90.6494756539663 87.8811875979106 94.2292213439941 104.930818080902 106.090704600016 80.8090915282567 30.0675878922145 0 0 0 0 0 0 0 0 0 0 0 0 0 0 0
58.6513181527456 86.9806309541066 130.572477976481 151.228169600169 131.345460812251 86.9937737782796 47.2383002440135 25.8571629722913 21.5624844034513 24.9057561159134 18.3176870147387 15.9060508012772 23.8131880760193 29.587892194589 36.3995358347893 41.3453057408333 37.889651954174 32.7040726939837 26.790996392568 27.6021659374237 27.5331661105156 30.487522482872 32.5565139452616 32.6318144798279 36.7097978790601 47.0606436332067 46.7176586389542 51.6162564357122 60.0824455420176 74.9440838893255 87.7278049786886 92.7453438440959 94.2450066407522 98.891814549764 103.295415639877 107.612460851669 99.393626054128 80.4117123285929 25.6936103105545 0 0 0 0 0 0 0 0 0 0 0 0 0 0
111.033499240875 145.105808973312 170.23773988088 172.917087872823 170.96221446991 146.798272927602 109.17000969251 77.1939357121785 60.0461065769196 50.1269449790319 44.9311037858327 35.7899020115534 27.2690678636233 27.1086320281029 35.5372279882431 41.4692287643751 35.9860807657242 36.8657583991686 27.3402854800224 25.7822473843892 29.8184255758921 31.3767318924268 31.3235521316528 31.5287709236145 35.4064851999283 46.7525273561478 52.706390619278 59.2581580082575 67.2532419363658 73.9958981672923 84.1697454452515 92.1618541081746 92.5133029619853 89.8214379946391 90.656707684199 85.557887951533 89.3261631329854 76.5825659036636 38.5699545343717 0.0344865523705569 0 0 0 0 0 0 0 0 0 0 0 0 0
162.671466668447 180.201371510824 185.950080553691 183.951020240784 186.918993790944 182.147006193797 163.191020488739 126.589904228846 92.454602320989 69.7673807541529 70.2480375766754 64.1003201405207 41.6964689890544 33.4144358833631 33.0136319001516 36.7098301649094 31.3903937737147 32.61549025774 26.3638645410538 27.0999173323313 26.7232383290927 28.1293541193008 27.3954346776009 27.4666994810104 32.8269054492315 41.6320115327835 52.0434975624084 55.513675014178 63.6268307765325 73.7241804599762 81.9281836350759 84.8308205604553 77.1417866150538 68.1003580490748 69.6782370408376 58.4323555231094 59.7720791896184 47.0733642578125 11.3904848694801 0 0.287199509330094 0 0 0 0 0 0 0 0 0 0 0 0
176.122148831685 186.156928539276 184.423784414927 187.01046705246 188.518106937408 185.961286226908 177.972515424093 149.706780910492 106.972356637319 82.053263982137 80.8345973491669 78.6328613758087 61.4492744207382 42.1527723471324 34.3666424353917 34.4835047920545 29.4574523965518 26.4597783486048 25.9609818458557 28.6486595869064 25.7891491055489 25.7666086157163 26.1900673309962 27.2476424773534 31.0531283418338 37.1153304974238 44.74871357282 46.1198588212331 54.0712823470434 68.802277247111 76.0527153809865 74.9788383642832 70.126548409462 64.2203638950984 57.8590532143911 47.9078044493993 51.4379938443502 49.0235934654872 31.8826908866564 3.57705416778723 0.763454164067904 0 0 0 0 0 0 0 0 0 0 0 0
168.748795986176 172.206381956736 169.085919857025 169.980267683665 171.629130840302 166.59731666247 160.20268201828 145.071963469187 112.936536471049 93.9776798089345 84.9394798278809 79.3383667866389 70.9536870320638 47.8569616874059 37.5221098462741 38.1339540084203 31.9842745860418 25.1425256331762 28.3360754450162 29.4806286692619 28.6443904042244 26.2360721826553 28.8004726171494 32.3395058512688 30.7844231526057 35.1625755429268 39.0067050854365 39.1881664594015 45.7309981187185 61.6499731938044 69.6203013261159 68.8643207152684 71.7642952998479 72.5409736235936 57.9919914404551 53.0264725287755 56.2034497658412 62.3577783505122 56.9112201531728 22.3599225282669 0 0 0 0 0 0 0 0 0 0 0 0 0
143.726845582326 146.742641925812 149.181385835012 145.531604687373 145.221968491872 144.333014885585 149.598409732183 146.771609783173 123.391727606455 101.93732380867 89.7226730982463 71.1765686670939 63.3555352687836 43.6111738284429 33.6419070760409 37.9069695870082 39.1243100166321 29.3387944499652 31.40939027071 34.5394561688105 34.4475979606311 31.3537990053495 31.999592979749 34.2391654849052 32.7049419283867 32.9572012027105 37.6042524973551 43.0312156677246 46.5041895707448 57.059238354365 67.3713833093643 70.5880324045817 71.5452283620834 75.3195136785507 60.984214146932 60.6606056292852 60.6657266616821 67.7378575007121 67.8700308005015 33.7383796771367 0 0 0 0 0 0 0 0 0 0 0 0 0
120.745847622554 130.276491244634 141.008029381434 137.311329444249 136.439194281896 142.225046952566 151.769111553828 156.216571728388 140.309572219849 113.440781831741 89.2793536186218 64.2346243063609 48.0912029743195 37.6568163434664 30.0657923022906 33.3453342318535 42.9469794034958 36.2740556399027 34.0778107444445 36.8408312400182 37.3717695474625 34.524050851663 32.7175930142403 34.1816221674283 35.3835622469584 34.4945664207141 37.0881607135137 44.1233962774277 47.4042892456055 52.3319145043691 62.108318010966 71.4727242787679 73.0063368876775 68.504919608434 58.4714810053507 67.6574409008026 69.2324886719386 73.7358977397283 74.7863699992498 51.6652514537176 0 0 0 0 0 0 0 0 0 0 0 0 0
86.2126549084981 96.892903248469 104.958415031433 109.632233778636 117.225289344788 132.762899001439 146.300613880157 155.251721541087 151.081671317418 123.836249113083 91.5334522724152 60.7343266407649 43.0912574132284 40.3693467378616 34.1968536376953 29.0251970291138 38.704589009285 39.1996627052625 34.3927269180616 34.4525252779325 34.8687718311946 32.9874704281489 30.9563005963961 32.083069284757 35.2353130777677 38.6145785450935 37.6595507065455 42.2441363334656 46.041543285052 47.2628424564997 55.6401709715525 68.1182394425074 71.7976739009221 60.0253840287526 60.9972476959229 74.1986185312271 77.0179281632106 75.2878983815511 78.2821873823802 74.7872889041901 25.8441418409348 0 0 0 0 0 0 0 0 0 0 0 0
53.3097138007482 59.7429623206457 59.2805445194244 68.7879572312037 83.8637252648671 100.417802731196 114.444752534231 127.084026734034 128.635982672373 106.284449497859 73.1193721294403 50.2516875664393 39.0911375482877 37.6561880111694 34.5706194639206 30.5574710170428 35.188985367616 35.3648786743482 30.2750368913015 30.7482828696569 33.5154930750529 36.2475166718165 36.0613738497098 32.4638808767001 31.9840908050537 34.729873140653 39.5046000679334 41.7465269565582 45.9383179744085 45.2551394701004 46.8751539786657 58.5056245326996 65.3420041004817 61.9794776042302 76.88008248806 83.7043126424154 81.4661333958308 76.3712426026662 81.4326306184133 93.8243567943573 83.8961998621623 32.4985062082609 0 0 0 0 0 0 0 0 0 0 0
43.2304938634237 44.8897778987885 45.0431803862254 47.1100062131882 55.3320348262787 61.2990111112595 65.0256375471751 70.2756941318512 70.6924746433894 56.9475988547007 42.4525290727615 38.532480597496 37.4085033933322 34.9511255820592 34.0840145945549 34.7141226132711 34.0574383735657 33.5678582390149 30.0531312823296 30.8391973376274 34.319614370664 38.9713694651922 40.5404021342595 37.224384645621 34.913624326388 33.2119911909103 41.2153601646423 43.8853154579798 46.2051182985306 46.0764269034068 46.2726255257924 52.178700764974 59.747780362765 67.9526329040527 83.9686989784241 82.16592669487 75.2023458480835 66.8186446030935 68.9960569143295 85.512101650238 94.2443609237671 83.3837489287059 41.45314792792 0.686064905797442 0 0 0 0 0 0 0 0 0
50.8231868346532 48.5382825136185 48.7619042396545 48.6630648374557 45.3594376643499 43.5593028863271 42.6123440265656 43.9385175704956 48.6682901779811 41.281799475352 34.3762512008349 35.7589597503344 39.0532165765762 38.8396978378296 38.1726870934168 36.608099937439 31.9711392124494 38.2494876782099 39.971187710762 36.7113277316093 39.4719441731771 39.7924035787582 38.2217367490133 40.6189039349556 42.0990039904912 38.2498304049174 42.103370030721 45.0708667437235 46.9323843717575 47.9169537623723 48.5425939162572 50.9497374296188 57.839368780454 72.5376109282176 78.4879128138224 73.614627122879 64.5792782306671 55.9771955013275 51.597535610199 62.5041822592417 86.6787532965342 87.5234603881836 66.9558693965276 22.1694360176722 0 0 0 0 0 0 0 0 0
54.7318160533905 52.2162616252899 54.9228290716807 53.7314216295878 47.3973055680593 44.4994519154231 42.6123837629954 40.3483758370082 40.8820658922195 37.5769262512525 36.0597843925158 36.2922350565592 39.6883289019267 42.8917706012726 42.6226655642192 39.8316060503324 37.6828908920288 42.5396412611008 44.7710851828257 40.3782402475675 38.9863575498263 36.1965298652649 33.7063272794088 36.1296261350314 40.6705463925997 37.7595896522204 35.2177073558172 39.4222090641657 43.6949034531911 45.8184878031413 47.0295250415802 46.937624613444 55.3348114093145 73.1612294912338 77.6217232147853 64.3876940011978 55.7058254877726 52.5671939055125 50.5062192678452 56.405300895373 64.1683836778005 66.7004585266113 54.9221088488897 28.8401593764623 0 0 0 0 0 0 0 0 0
40.4108241200447 42.8934196631114 50.9198755025864 48.5544552405675 50.9066035350164 53.2119969526927 52.5320818026861 48.6511488755544 39.479856689771 38.2562279701233 41.2889172633489 38.3157779773076 39.0587324897448 42.7670975526174 43.2008256514867 40.8609633644422 41.6801025470098 43.9861516157786 44.2012200752894 40.2538105845451 36.2610543767611 34.0446084737778 32.1686193346977 32.9057897130648 35.8431339263916 38.9952585101128 34.5308904846509 36.3384435574214 41.207696000735 42.6934212446213 41.4377202590307 39.5340174436569 48.148567477862 61.7365390062332 65.6661093235016 57.7818502982458 54.5914471149445 56.8986833095551 56.6856761773427 56.9986402988434 53.1332790851593 53.1652470429738 49.084280927976 28.6966313918432 0.105615753758078 0 0 0 0 0 0 0 0
38.957250614961 44.3426718314489 47.1555689970652 47.8156059980392 49.5606362819672 51.8770118554433 52.3172616958618 48.8344132900238 44.8135783274968 41.5185242891312 43.1301146745682 41.258508960406 38.8719712694486 37.5520139932632 36.9623849789302 37.2913603981336 34.8597566286723 40.5041029055913 41.7596946159999 40.0163729985555 36.4549830555916 35.1283624768257 35.2455452084541 36.4842688043912 35.4064653317134 43.4071123600006 45.553649465243 42.5820052623749 41.6895051797231 40.9120519955953 37.1204564968745 35.1836035648982 40.0938739379247 43.9949929714203 49.5091577370962 52.7704258759817 56.4630726973216 61.7899795373281 60.5899939934413 54.4061362743378 52.8517713149389 50.3742496172587 48.1136441230774 32.995176812013 6.13784790039062 0 0 0 0 0 0 0 0
44.6696529785792 49.0211347738902 46.3940898577372 49.5336999495824 48.2376317183177 48.4124521414439 49.932469924291 48.8090167442958 50.1324832439423 46.1856226126353 45.7114577293396 45.3294018904368 41.4656003316244 37.3455882072449 36.2873623768489 39.983128507932 35.9041218956312 39.0638634562492 41.8055554231008 40.6120146314303 38.2125824689865 38.1472234924634 37.6930485169093 39.6063054601351 41.6936576366425 43.0125246445338 48.0076769987742 45.5282678206762 43.209304412206 41.8713241815567 38.6670902371407 35.8462333679199 38.4109566609065 37.2171079119047 38.0729387203852 41.4943421880404 46.698530515035 54.5225987831751 54.2807430028915 44.8396305243174 46.4551448822021 43.0648525555929 44.052928686142 41.1264623204867 26.0980278253555 2.49821149433653 0 0 0 0 0 0 0
