input/barkrak2/radiation/dir33924.grid
NCOLS 85 
NROWS 70 
XLLCORNER 665100 
YLLCORNER 4664600 
CELLSIZE 20 
NODATA_value -9999 
[rows 23 to 45 of 70, columns 0 to 51 of 85]
61.7165664831797 51.6997476418813 22.2139954566956 6.54708469907443 1.77310143286983 9.06924717128277 6.29229222734769 3.83375367770592 2.61976756155491 2.96016565213601 3.05839752157529 7.65598689516385 11.0149818162123 14.1511783003807 11.6174134115378 12.4938525259495 18.0611486236254 25.4605561494827 29.9726600448291 23.9847352107366 22.7242559194565 26.765488088131 37.4422743916512 45.6499457359314 51.7362008492152 52.5435854991277 46.1934953927994 39.8681163787842 21.8404630819956 9.0214858452479 5.49261892835299 1.14707361596326 0 0 0 0 0 0 0 0 0 0 0 0 0 0 0 0 0 0 0 0
61.5809857845306 57.6866120100021 37.0789890487989 10.6444209814072 0 3.0678091570735 5.0037403901418 5.11568939934174 4.25986635188262 3.5293186083436 3.06118217607339 2.08278031398853 8.0955047160387 12.2267988820871 11.8660827477773 11.546050508817 15.7968414326509 23.395669957002 29.3244272470474 22.6847132047017 21.2077125906944 18.5412963231405 24.9036476016045 32.3984424273173 36.6229563951492 37.0819518963496 34.4220474362373 30.9005801876386 13.973243534565 4.85942761103312 2.15953091780345 1.23877450823784 0 0 0 0 0 0 0 0 0 0 0 0 0 0 0 0 0 0 0 0
49.660583337148 53.6102751890818 46.7016945282618 19.3383097648621 0.0498585335056608 8.79966033001741 15.7460731764634 23.2620264093081 24.0110705296199 18.9937514563402 15.7819862167041 15.9104230503241 15.5207278827826 18.1713129083316 18.0810665090879 13.5840711494287 14.9783280988534 22.9005441069603 28.6639134089152 30.7444979747136 31.107301513354 27.1990497907003 24.4867876172066 24.2257590095202 27.0303562283516 28.8540298740069 25.1524448394775 25.8702412247658 15.0995813310146 11.4128589630127 8.90736095607281 11.2340239187082 6.81170200308164 0 0 0 0 0 0 0 0 0 0 0 0 0 0 0 0 0 0 0
48.3924696842829 53.0311862627665 50.7072458664576 27.673065662384 6.74557064970334 19.439476231734 33.067765335242 43.2604253292084 50.7235825061798 44.6223715941111 28.9490396777789 29.3309738238653 26.571956773599 27.7871067325274 29.0482963124911 19.482026497523 16.9500447809696 23.6229946215947 31.2101220091184 40.5436356862386 41.0697261492411 39.3042514721553 31.6283305486043 26.1938869953156 26.6275803248088 28.3939888079961 24.3944053848584 31.5241913000743 30.0018911560376 28.7758285800616 32.3828011751175 47.2361842791239 54.6622723340988 35.508044064045 0 0 0 0 0 0 0 0 0 0 0 0 0 0 0 0 0 0
49.6032238006592 48.7403074900309 48.7393935521444 33.1162760655085 28.4660185376803 38.7254506349564 52.7107020219167 59.0065022309621 59.6902469793955 50.7452686627706 37.6590291659037 31.6726962725321 28.8439467549324 31.4979677399 32.90905803442 27.6735598842303 22.6228733857473 26.851365963618 39.3539120753606 44.0318882465363 41.5017530322075 33.524418870608 31.2697763244311 31.8616976340612 32.0507362484932 32.0696185032527 29.9145852526029 39.4186129172643 55.2741487820943 59.5089296499888 62.626192967097 68.5791025559108 78.2268991072973 83.2591305176417 41.8141384919484 0 0 0 0 0 0 0 0 0 0 0 0 0 0 0 0 0
52.4214059114456 42.9661174615224 43.3736443519592 35.4522317647934 47.4550028642019 51.4544943968455 55.4573535919189 54.0011823177338 50.2592225869497 38.6771410703659 31.9180265069008 28.1328111886978 28.7223706642787 32.5989375511805 33.9344268043836 35.905991991361 30.3293963273366 26.2699176867803 35.0244293610255 38.0704750617345 35.5644027392069 29.1099970539411 28.8191686073939 34.0946912765503 36.1304531494776 33.2727655768394 34.0002030134201 39.3271048863729 61.1397127310435 73.4592924515406 79.1031271219254 82.9571088155111 90.4862284660339 92.8285221258799 82.1550836165746 18.765131632487 0 0 0 0 0 0 0 0 0 0 0 0 0 0 0 0
53.6351352930069 38.6407524347305 38.6001120011012 39.6991769472758 48.8677720228831 51.0590821504593 44.6148614088694 33.4743311007818 9.40061608950297 6.58148340880871 6.46137073636055 20.1359863082568 26.0905896623929 33.0143024524053 34.6278001864751 38.5951648155848 35.5822717150052 24.5004643996557 26.5787169337273 29.4680992762248 29.0171553691228 29.194230834643 29.2325665553411 34.2880735794703 39.0224580963453 35.9509040911992 37.9231323798498 39.6353478233019 55.091584722201 75.764074921608 87.3155494530996 91.6924675305684 93.9640601476033 94.8931475480397 100.519468386968 81.9893926382065 13.8182404140631 0 0 0 0 0 0 0 0 0 0 0 0 0 0 0
52.9433786869049 53.2590647538503 70.4304923613866 97.4292457103729 77.7086565891902 57.2466154893239 35.3030115365982 8.87543770174185 6.07235357165337 13.3384428918362 4.81024819115798 5.08509172747533 25.6982122858365 34.2912723620733 37.0281686385473 43.1675811608632 39.6982431411743 28.5219599803289 28.0639256040255 30.5579453706741 27.9751569032669 31.9188187519709 33.5548768440882 35.4051664471626 40.4864425460498 44.0657188495 42.4995919068654 44.713502128919 56.61341547966 79.0324608484904 94.0667192141215 96.9902177651723 94.0802494684855 101.900448401769 108.75682036082 112.99059788386 86.9416793187459 35.0955277681351 0.248425543153038 0 0 0 0 0 0 0 0 0 0 0 0 0
63.3618136246999 92.6261345545451 137.141019105911 158.033192157745 137.700140476227 91.8430884679158 52.137886484464 28.4339884916941 23.756464322408 27.3433228333791 20.4766827325026 17.6859398682912 26.0487993558248 32.6492413878441 41.3195739189784 45.9589759508769 41.9519146283468 36.4712923765182 30.4305205742518 31.4942672848701 31.3970496257146 34.2644304037094 36.3709926605225 37.2064709663391 41.2704224387805 50.9151667356491 50.98856985569 56.0265481472015 65.2221143245697 80.5623233318329 92.7615364392598 99.2096861203512 100.78689455986 107.251932223638 113.738467295965 112.899313370387 106.10044002533 85.2215389410655 32.2754879792531 0 0 0 0 0 0 0 0 0 0 0 0 0
117.181857426961 151.831527551015 177.007218201955 179.637928803762 176.444590091705 152.930229902267 114.228198925654 81.1712841192881 61.610405643781 51.7700960238775 48.1276412804921 39.9002556999524 28.3030321200689 30.0379917025566 38.7664958834648 45.0668036937714 40.0394648313522 40.809266269207 31.0393174489339 29.6188021699588 33.1498111287753 34.5684016744296 35.0004633267721 35.3613769014676 39.9943391482035 51.8516550461451 57.1683496236801 63.8537555932999 72.0285971959432 79.6633263429006 89.1719857851664 97.2152650356293 99.0903675556183 96.3058074315389 97.2260236740112 94.2089756329854 94.3936308224996 81.4668486515681 43.0798629919688 0.368351892878612 0 0 0 0 0 0 0 0 0 0 0 0
169.442117214203 186.957816282908 191.358268260956 190.462569395701 193.419973055522 188.537279764811 167.179842789968 129.256844520569 96.5292453765869 73.4075953563054 74.2609252532323 67.3092703024546 44.6361005306244 36.5186259150505 37.0883345603943 41.0683006048203 35.341406861941 36.0255042711894 29.8224240541458 30.9652884801229 30.4798930883408 31.8725804487864 31.1627512176832 31.171811123689 37.2467090686162 46.3957091172536 56.4513852198919 60.0029478470484 68.3241983254751 78.5649915536245 88.1069898605347 91.1007126172384 83.0173095067342 72.7467238903046 75.2900987863541 63.850204149882 64.7263824939728 51.6892075538635 13.0667947232723 0 1.22699987453719 0 0 0 0 0 0 0 0 0 0 0
183.796584606171 192.818542321523 190.998355547587 193.507552146912 194.942812124888 192.370394865672 184.427917003632 155.528048674266 111.693471670151 86.1463248729706 84.3740900357564 82.0618073145549 65.8007164796193 46.1171766122182 38.3677606781324 39.1705160339673 33.4695925315221 30.2731047074 29.8461218674978 32.5464233756065 29.5494000116984 29.0169765551885 29.957190155983 31.038890282313 34.8991304636002 41.1242966850599 50.3221799929937 50.3665506839752 58.5541178782781 73.5471347967784 80.8730373779933 79.7917693853378 75.575202703476 68.790743748347 62.8651281197866 52.3156523704529 55.9639434019725 53.5189807415009 35.756674905618 6.18391980727514 7.27227640648683 0 0 0 0 0 0 0 0 0 0 0
175.546169281006 180.089831352234 177.044649918874 179.19115225474 179.371933142344 173.284590244293 168.005267779032 151.433676481247 116.519073645274 96.3972508907318 92.6777720451355 84.9579672018687 77.0905713240306 52.993506193161 41.6457653045654 42.5063023964564 36.1420661211014 28.9601360758146 32.2648162643115 33.3994875351588 32.4992388486862 29.9958785374959 32.6754326621691 36.3067711393038 34.6225822965304 39.0958314140638 43.0903931458791 44.1829760869344 49.9984323978424 66.2301431099574 74.3259986241658 74.444850285848 77.3000866174698 77.2489806016286 62.4300241470337 57.6702952384949 61.3832771778107 67.3962285121282 61.8866582711538 26.9903987646103 0 0 0 0 0 0 0 0 0 0 0 0
150.518923997879 154.328982035319 155.904829502106 153.22004755338 152.717222770055 152.308603127797 156.338771184285 154.559433460236 128.949999809265 106.355349222819 92.466135819753 78.0219634373983 69.2479511102041 48.664261897405 37.7731050054232 42.1411693096161 44.0004169940948 33.7924212217331 35.8955388267835 38.5933717091878 38.4593953688939 35.2757647633553 35.4294776916504 38.2437358299891 36.6559301813444 36.3376289606094 41.6514600316683 47.7722783883413 51.3757616281509 61.4975194136302 72.0234562953313 75.2752323945363 77.1557738383611 81.0102770725886 65.9790138403575 65.7017131646474 66.2520378828049 73.7283378839493 73.2152312994003 37.969263891379 0 0 0 0 0 0 0 0 0 0 0 0
127.324601014455 136.202494303385 147.683093945185 144.847293694814 143.825799226761 149.667004744212 160.417030255 164.08650080363 147.952924172084 118.189513683319 95.5015619595845 69.9098408222198 53.3239394426346 41.9972439606984 34.1147109866142 37.8918126225471 47.4882970253626 40.560727318128 38.162092367808 41.586438814799 42.0593122641246 38.5977750023206 36.7391357819239 38.1867637236913 38.911871612072 38.4351015090942 41.138490041097 48.3238399028778 52.3385405540466 56.6841065883636 66.6311929623286 76.1719147364299 78.7287801504135 73.8349209229151 63.2750938336054 73.0272034804026 75.5716810623805 79.4005542993546 79.5623064041138 56.4818928639094 0 0 0 0 0 0 0 0 0 0 0 0
92.2905802726746 103.084166844686 111.223558584849 116.006513436635 123.658200105031 139.347126086553 153.967907031377 163.115898768107 160.715003808339 133.011688788732 99.6749997138977 67.4414932727814 48.7636377414068 45.8279252052307 38.915957013766 33.5103919108709 42.9832190275192 43.5430953900019 39.0612930059433 39.0498787164688 39.5122170448303 37.0120132962863 34.9454432725906 36.0857968529065 39.2526512344678 42.1052177747091 41.7117079099019 46.4340349038442 50.2123733361562 52.192896604538 60.0397189458211 72.7423280477524 77.4128933747609 64.8584514856339 65.4264042774836 80.0391336282094 83.0130577087402 83.2952956358592 83.935538927714 79.5652568340302 29.8295170068741 0 0 0 0 0 0 0 0 0 0 0
58.7757229804993 65.0899012883504 64.7495537996292 74.4095742702484 89.3356800079346 106.54354095459 121.594250202179 133.397479852041 134.664873282115 113.27267686526 79.223910967509 55.5902471144994 44.0273980299632 42.9204752047857 39.7277424732844 35.5299959580104 39.928471048673 40.0954162081083 34.3755607803663 34.7660332918167 37.6043170690536 40.2941579620043 40.1628961165746 36.9838426510493 36.4576230446498 38.7624974052111 43.6586985985438 45.8967586358388 50.1526594161987 50.1117656628291 52.5977114836375 62.918096780777 70.6345538298289 67.4691597620646 82.7538271745046 88.5036587715149 86.2360298633575 81.0638417800267 87.4261260032654 98.7775325775146 90.1816089948018 36.7667078971863 0 0 0 0 0 0 0 0 0 0
48.4358072280884 50.2907931804657 50.176610549291 52.2908916076024 60.6601734956106 66.4393703142802 70.4698661963145 75.7473210493724 76.0115136702855 61.945045987765 47.1491664648056 43.466458717982 42.2335416078568 40.0865276654561 39.1949291030566 39.4248440861702 38.6862233281136 37.9029115041097 34.1629460453987 34.3608583013217 38.3135999242465 43.7861333290736 44.7910775740941 41.4517869551977 38.9946301778158 37.7207348744074 45.3595767418543 48.1270651022593 50.4149595896403 50.1819948355357 51.1597593625387 57.231605052948 64.1763657331467 73.3440717061361 88.7706577777863 88.4798963864644 81.1000516017278 72.3390579223633 74.6231079101562 91.597855091095 100.789089997609 91.66486064593 45.0097372134527 1.53868288422624 0 0 0 0 0 0 0 0
56.1705380678177 53.8663615783056 54.0379832188288 53.7567486365636 50.5852152903875 48.7061540285746 47.4560459454854 48.5991537570953 53.5917729139328 46.0293094317118 38.9112482468287 40.5903855959574 43.5868998368581 43.748011191686 43.0663029352824 41.912650068601 36.9821315010389 43.5280501842499 44.8878904183706 41.4706865946452 43.6294724543889 44.0054436524709 42.4095342556636 44.899508357048 46.3759005069733 42.3734436432521 46.9485769669215 49.3105749289195 50.494596362114 52.1139800548553 52.6534020900726 56.7955126365026 62.2336367766062 78.2586485147476 84.654579559962 78.2112528880437 68.9970801273982 60.2317502101262 57.1594685316086 67.8507387638092 91.5740132331848 96.0705578327179 74.2448965708415 25.8205980062485 0 0 0 0 0 0 0 0
60.2442721525828 57.6213747262955 60.4459245999654 59.117928147316 52.6123444239298 49.6481756369273 47.6335783799489 45.2086925506592 45.4479257265727 42.4730777740479 40.9127871195475 40.8323854207993 44.2508558432261 47.9070295890172 47.6732105016708 44.7853108247121 42.5284604231516 48.1812655925751 50.5036065975825 45.9674298763275 43.1669702132543 40.8977344632149 37.78092811505 40.2941306432088 44.9751367171605 41.8848445018133 39.2477909723918 44.1070695718129 47.901044289271 49.955407778422 50.31851430734 51.0558784008026 61.1561487118403 77.7964095274607 82.2813262542089 69.7593986988068 60.5054448048274 57.2892427444458 56.0261309146881 63.4356737136841 69.72935795784 72.3570436239243 60.9131952126821 32.7442834774653 0 0 0 0 0 0 0 0
45.4829484224319 48.0172634124756 56.2874178091685 53.8796683152517 56.2507013479869 58.5552503665288 57.9785505930583 53.979903459549 44.3346798419952 43.0341561635335 46.3561216990153 43.2660033305486 44.0132518609365 47.3895321289698 47.7304756641388 45.3295509020487 46.6102411349614 49.0570962429047 49.9128699302673 45.836478471756 41.5658702452978 38.6780972282092 36.698634425799 36.9676674405734 40.0151287515958 43.2614187399546 38.5597199201584 40.9043828646342 45.3838606675466 46.8102196852366 45.460378130277 43.4640496969223 52.981952826182 66.1431103944778 71.1980362733205 62.6860211292903 59.2916756868362 61.8591010570526 61.8674755096436 62.2380872567495 59.9323809146881 58.9329749345779 53.8078049818675 32.4580023686091 0.97105271803836 0 0 0 0 0 0 0
43.998509645462 49.5793223381042 52.459125717481 53.1110912561417 54.9248705307643 57.3005626598994 57.6261977354685 54.1564126809438 50.0113070011139 46.4128057161967 48.0022629102071 45.9855894247691 43.419008453687 42.0015454292297 41.356826821963 41.677658756574 39.571021993955 45.4418212175369 46.7279901107152 45.5380876859029 42.3001994689306 40.2526209751765 39.9097527066867 41.1749730507533 39.5389472444852 47.7882126967112 49.8908658822378 46.7769503593445 46.4519460995992 45.0085153182348 41.0714944203695 39.0047952532768 44.5439368486404 48.5752026240031 54.2100121577581 57.4205070734024 60.6517493724823 66.1185930172602 67.1766450007757 60.487041870753 59.6636335055033 55.1745543877284 52.6784658432007 36.9323566555977 9.05930126706759 0 0 0 0 0 0 0
49.9296287695567 54.351935784022 51.6855617364248 54.9070487419764 53.5454005002975 53.7408987681071 55.2974939346313 54.0414800246557 55.3244849046071 51.4393001794815 50.699919462204 50.2241750558217 46.1843361457189 41.9279287258784 41.1143576105436 44.5057501395543 40.1771118243535 43.3348417282104 46.6976314783096 45.5472071965536 43.5803184906642 43.4386084477107 43.0177946885427 45.0690984725952 46.5952306985855 47.3093638817469 52.4590462446213 49.8875429232915 47.4554449319839 46.5718408425649 42.7384624878565 39.7470047076543 42.2977556784948 41.8196469545364 42.1689252058665 45.5732146898905 51.6165594259898 60.3531201680501 60.2335135142008 48.6927678187688 50.3448297580083 48.4980245431264 48.3461668093999 45.6538647413254 29.6868632237117 3.64627006153266 0 0 0 0 0 0
