input/barkrak2/radiation/dir30124.grid
NCOLS 85 
NROWS 70 
XLLCORNER 665100 
YLLCORNER 4664600 
CELLSIZE 20 
NODATA_value -9999 
[rows 22 to 43 of 70, columns 0 to 48 of 85]
72.2754249970118 65.9495890140533 43.1503107150396 37.8229493896166 33.7917134165764 16.788770755132 24.9743312597275 21.3598807652791 14.0189665059249 22.543820242087 27.9031818111738 29.4604226946831 32.5438280900319 31.9900636871656 34.2419892549515 40.0021920601527 51.3020654519399 62.3018244902293 70.4332341750463 72.0990747213364 76.9428014755249 92.2677318255107 104.534357786179 109.615862369537 109.725972016652 105.237235625585 96.1259305477142 89.093138774236 80.5920859177907 63.1332546472549 45.157993833224 20.6644597152869 4.34963839749495 0.248758782011767 0 0 0.096712193529432 0.115914629229034 1.96331553161144 1.18411743702988 0 5.17355557531118 14.0102083484332 14.3578027685483 35.7307344675064 52.6854346195857 58.9571595191956 63.074325521787 66.7514006296794
107.321480909983 96.4065293471019 61.4892542362213 43.990691502889 38.3567760388056 39.240837097168 36.3693162798882 26.766282816728 12.7238668501377 13.1952489415805 29.3463220198949 32.0398733019829 36.6495723525683 41.6980683803558 40.6919593612353 41.4050767819087 49.6145238478978 59.2773258686066 66.6045993566513 59.1061115264893 59.1997504234314 63.1538778543472 77.0250409841537 87.3134831587474 96.2204337120056 95.501720905304 89.4440611203512 75.9409368038177 64.4137511650721 28.0189166466395 22.4912812312444 12.463075419267 0.221675921541949 0 0 0 0 0 0 0 0 0 0 22.4105343222618 32.090480128924 38.974071542422 48.3795205752055 54.810697833697 60.426394144694
106.533964474996 102.424542109172 79.4989416996638 49.056147535642 30.7855134208997 38.2329548398654 35.6363927324613 32.0525045196215 26.7437150080999 24.7277915477753 27.0111784338951 29.5649021863937 33.1863313913345 40.0266995032628 40.9301444888115 41.0948644081751 47.2494860490163 57.881365219752 65.5808846155802 57.8165600697199 57.0035676161448 53.4571607907613 63.2180621226629 71.8553314606349 77.3522853851318 77.7804205814997 75.5677868922551 65.1104201873143 51.4246920744578 21.1878965298335 15.2800430854162 12.8002886970838 1.63869171713789 0 0 0 0 0 0 0 0 0 0 36.517858505249 30.4279724756877 28.9269139369329 34.3998745083809 46.5878347555796 58.4071626265844
92.4177567164103 97.4397460619609 90.6896491845449 58.602104584376 31.3876221577326 38.5038803021113 43.6690797408422 53.2626956701279 50.6449987490972 42.4908995628357 37.0166351397832 41.1185175180435 42.0262267192205 49.0146378676097 48.4717438618342 44.5464700460434 45.9226270516713 56.3750714063644 65.1462227106094 67.4702723821004 69.0231968959173 64.2512490351995 62.1442645788193 62.0877146720886 65.586194396019 67.3624674479167 63.2513215144475 62.6755555470785 38.1121759613355 32.7880332867304 29.2228013277054 35.8515828847885 29.0265257159869 0.0111030737267962 0 0 0 0 0 0 0 0 3.13953248163064 32.5010741750399 32.8078716993332 36.1612687508265 33.9917863408724 37.3255734642347 40.7136157155037
91.1714533964793 96.7713594436646 94.9662427107493 68.2548681894938 46.0849304993947 53.5875310500463 66.6863123575846 76.1848787466685 80.8348556359609 73.7764934698741 55.1148653030396 58.8375379641851 56.0707002878189 59.2044641574224 61.6343667109807 51.5302220980326 49.5254198710124 59.9433829387029 68.0195093154907 78.8256625334422 81.4015865325928 77.9336839914322 70.3707536061605 64.2989774545034 65.2101288239161 67.0766184727351 62.7079755067825 68.0226584275564 62.475045522054 61.1429512500763 68.0503745873769 88.5153412818909 97.5603659947713 76.4655570189158 3.35325766354799 0.0444760565490772 0 0 0 0 0 1.56850709269444 22.639440993468 26.5438308318456 24.0961536765099 23.8558799028397 25.9115745623906 25.6828193863233 28.1900366147359
93.0774708588918 91.6245182355245 92.0242667198181 74.8709936936696 74.3309905131658 77.9084066549937 88.1525079409281 89.6773934364319 92.3311611016591 86.8027110894521 67.5618896881739 62.4939451615016 61.2387160460154 60.6765250364939 66.3122832775116 62.9069705804189 55.9863944848379 65.0571038325628 77.6602029800415 83.6566090583801 81.0130337874095 71.7780292034149 70.3227370977402 71.3194708029429 72.8251785039902 72.5619693597158 70.0724224249522 79.186424612999 95.2661633491516 100.298782189687 106.838126977285 115.151902039846 125.775218009949 132.845461368561 90.8813774585724 10.4443008701007 0.298109778668731 0 0 0 1.5669739805162 32.1911027034124 28.8798386851947 16.6038672129313 15.955064445734 10.6434772411982 16.2306961913904 18.1340848406156 19.1061496734619
95.9992905457814 84.0351283550262 84.9831104278564 78.5581121842066 94.8524673779805 91.6265845298767 90.1267031828562 84.0922892093658 79.9703747034073 71.8125998973846 61.5210880835851 56.2427391608556 59.5392634471258 60.2411876122157 65.1575873295466 70.9626923004786 65.2912110090256 62.9335741202037 74.4267404079437 76.0145982106527 74.7141192356745 67.5549507141113 68.183292945226 74.3820170561473 77.618216474851 74.0163872639338 75.4137188196182 81.5385431051254 103.355079889297 116.957803567251 127.003182967504 134.274005889893 140.538930892944 142.931640148163 135.520825783412 60.8495126167933 0 0 0 0 3.67541704326868 21.5583841005961 17.0183877150218 7.09992709259192 4.88553289324045 2.66582674036423 7.72976378599803 12.6565520962079 17.1067876120408
96.5009729067485 77.9689848423004 78.9263397455215 85.0328902403514 94.9232677618663 90.5306537946065 76.2716631094615 58.9874684810638 47.6636836926142 41.4198115468025 40.8425057927767 45.3779598077138 54.3730705976486 60.7284059127172 70.5548425515493 74.01375969251 71.8421538670858 60.3497276703517 64.4235412279765 68.2177941004435 66.9730206330617 67.425658305486 68.32222143809 74.8216460148493 81.4665555953979 77.6201983292897 80.7298421859741 82.6196372509003 97.8726049264272 121.057411034902 137.287775675456 146.52943611145 145.655890305837 147.810806830724 155.767579873403 137.326379617055 53.7928193807602 0.315935447967301 0 0 0 0 10.0066823263963 1.12090197702249 0 0.829740427434444 4.91878141959508 8.94926177958647 12.6992451647917
94.295213619868 95.8727200826009 118.744363387426 153.267860412598 128.154307603836 96.5472261110942 66.4122899373372 42.5127297639847 33.0459227164586 36.3833059867223 33.5435221592585 31.9500118494034 51.0835548241933 61.0643724600474 73.2632478078206 81.7262629667918 78.2570739587148 65.9550776084264 65.5296196540197 69.1842883825302 67.3589060703913 72.1842845280965 73.9302734533946 76.3967831929525 83.6773912111918 87.8461400667826 86.9775613149007 89.5844201246897 101.293275753657 126.732418934504 145.955244700114 152.026226123174 148.205071687698 155.916482210159 166.047920783361 170.901755491892 142.979939778646 81.2199215094249 17.3565670847893 2.37013772130013 0 0 0 1.04783824644983 0.189436017535627 0.930792729680737 2.17839951316516 3.22694517672062 1.78458107014497
108.23514064153 143.366495768229 192.328115304311 213.003695011139 192.444483439128 138.925423224767 88.6738499005636 56.2570542097092 48.2926617066065 54.1451722383499 45.2489256858826 37.0224118232727 49.148698647817 59.3866407871246 75.4225899775823 82.9049597183863 80.3645998239517 75.2017001310984 68.7450816233953 70.1105495293935 70.9319015343984 73.768933614095 77.5607575972875 78.1714618206024 84.3912561734517 96.8183875083923 97.6635118325551 104.191799958547 113.498677810033 130.623956521352 146.623611450195 154.841313759486 156.935900449753 164.747208356857 170.868555704753 168.933808803558 163.189788659414 144.175420204798 76.0922580957413 14.9331241846085 1.37842539697886 0 0 1.40596088021994 1.24646490439773 0 0 0 0
169.910113016764 205.708603064219 229.401628176371 231.214125951131 230.143666267395 204.190214474996 159.380276997884 118.94894639651 93.9312676588694 82.1050504843394 78.434556722641 65.13245900472 51.6702582438787 56.6760301589966 78.8158675034841 84.1273566087087 78.9068142573039 79.4945061206818 70.1908568541209 68.5046911239624 72.9660491148631 73.973685503006 76.379934946696 77.1773904561996 81.95893963178 97.2462693850199 104.471226533254 113.31041653951 122.516522804896 130.41411836942 143.608858187993 155.412862698237 157.111585140228 153.94252538681 155.728369951248 147.583246231079 148.985048135122 135.925233364105 89.4466837247213 34.9080090721448 8.50539406140645 4.94854959348838 2.20735836774111 1.47215013081829 0 0 0 0 0
220.401406288147 236.132582028707 238.255540529887 237.004121144613 239.353140195211 236.137886842092 214.550693829854 170.251786708832 131.336112817129 109.466056029002 109.435657660166 95.3848262627919 70.6590662399928 65.7736609379451 75.3686676422755 80.5893838405609 74.4192351897558 74.6524979670842 69.7249819835027 70.2958007653554 67.6864385604858 69.9567496776581 69.9761559565862 71.7075417439143 78.4901231527328 90.5703206857045 103.57333223025 108.763694763184 118.572533130646 130.165239175161 142.000257968903 145.297735929489 135.669489701589 124.888509511948 127.60994831721 110.793034235636 111.39906446139 95.8948830763499 58.8415861129761 24.7201845049858 22.3056922356288 16.2374265491962 6.85382696489493 1.37905993809303 0 0 0 0 0
232.042332490285 238.237639268239 237.736980120341 237.418929735819 238.000512123108 237.653493881226 230.914910634359 198.614378770192 148.703098297119 119.465281565984 118.042171001434 115.115871032079 97.8126327196757 79.6005974213282 75.6227721770604 79.4037083784739 72.5725740194321 68.8083569208781 69.3682730197906 72.3632971445719 67.0722424983978 66.7304048935572 68.7270015478134 70.0338284174601 75.2692073583603 83.8855008284251 95.2558318773905 97.0239837964376 107.074389855067 125.865042209625 135.053773721059 132.370303074519 125.120063622793 118.484348058701 110.839625199636 95.5334901809692 99.7624099254608 96.8383053938548 76.7636299133301 41.0038481156031 34.3643700083097 33.0294047792753 17.5941561659177 0 0 0 0 0 0
226.796547571818 230.334520339966 225.750764211019 227.711061636607 228.146592775981 222.62982527415 218.300501505534 201.133688290914 157.85206357638 130.420337120692 122.801929712296 119.390924771627 111.718674500783 90.8994177977244 80.7745059331258 84.3417048454285 76.3607670863469 67.8659578164418 72.080597281456 73.3128786087036 71.8412945667903 67.4479554096858 71.077952782313 75.3186047077179 74.7330884138743 80.1214873790741 86.3075951735179 87.9348317782084 96.9058573246002 116.667489210765 127.131660779317 124.970813592275 127.426664034526 128.433952728907 109.434366226196 102.389246225357 107.239147027334 114.408900340398 109.511683384577 69.0077245235443 27.96338001887 14.3475954731305 0 0 0 0 0 0 0
204.900145530701 208.435932795207 210.526823997498 206.453263759613 206.472158432007 204.197486241659 208.427687486013 204.682409763336 169.797738393148 137.773176034292 123.865405718486 113.396445910136 106.847614049911 89.3819729487101 77.5039295355479 84.0346415837606 86.8687033653259 73.4707663456599 75.536107023557 78.5784622033437 78.8564831018448 73.7753609816233 73.9406098922094 78.6713361740112 76.427827278773 76.7571926116943 84.5654606819153 91.166357199351 97.1941749254863 112.441311279933 124.682724475861 128.389686346054 127.99350420634 132.463196913401 112.761090199153 113.456805547078 113.890469074249 122.604062159856 122.399032115936 82.3853711287181 16.271265844504 0 0 0 0 0 0 0 0
183.331529299418 192.923764387767 202.71094640096 198.695838451385 198.173542817434 204.353173573812 211.948990821838 214.111765225728 191.138287385305 151.794930299123 128.259142239889 108.390748500824 94.8942402998606 83.6388866106669 73.7139383951823 79.0613989035289 90.9688174724579 81.6839039325714 79.1618973016739 82.1944723526637 82.4173390865326 77.8794536987941 74.9104022979736 78.0879408121109 79.2352259159088 79.6883006890615 83.0296774705251 92.3686623573303 96.1202581723531 103.321492671967 118.511259555817 128.98463010788 130.472183227539 122.221012910207 108.329912026723 123.104979594549 126.986960570018 131.239612897237 129.742364088694 103.545725345612 11.9822820027669 0 0 0 0 0 0 0 0
146.044621864955 157.760461171468 167.058527469635 171.353717645009 178.975164890289 194.568037986755 206.843415896098 214.531819025675 205.420553684235 173.400044441223 140.482087930044 110.015253225962 93.1512316068013 89.4914070765177 80.4412613312403 73.893149693807 85.2541625499725 86.6112013657888 79.5869678258896 79.0866216023763 79.7965625921885 76.5041808287303 74.2130279541016 75.4745950301488 78.7546734015147 82.7165196339289 83.6288829644521 89.227169752121 94.3609873453776 96.779743830363 107.281774282455 125.448554754257 128.233283758163 109.698116779327 112.537403901418 134.516050418218 139.675994714101 136.306415001551 134.297003348668 129.740953445435 71.5679079294205 2.0584164497753 0 0 0 0 0 0 0
109.79562997818 116.46976073583 116.115460793177 126.41586860021 143.319576978683 160.55824359258 175.868451595306 186.853607495626 185.436805089315 161.686211824417 126.787563165029 101.610938707987 88.8283848762512 86.5147213141124 82.28533466657 76.9475152095159 81.5583964188894 82.1544726689657 74.6712982654572 73.9738444487254 77.5245179732641 81.7309071620305 80.1417678594589 75.5743086338043 74.6262768904368 79.4731378555298 85.1798355579376 88.4300271670024 93.3499137560527 92.9502844810486 97.0200796922048 112.47839530309 119.428763786952 112.929920355479 135.905027389526 147.129038969676 144.622504711151 137.179722388585 140.687604745229 154.087195793788 147.104362646739 81.8528334299723 13.1457969546318 0.239177393571784 0 0 0 0 0
98.4618365764618 100.427756706874 99.7896790504456 101.980060338974 111.019094785055 117.756148179372 121.182103951772 127.391835053762 126.507053772608 109.203348557154 93.8545564810435 89.0754461288452 87.1561268965403 83.5153857866923 82.1832716464996 81.7730824152629 80.4488013188044 80.1890790462494 75.589785973231 74.4682252407074 78.8095494111379 84.3593577543894 85.6601595878601 81.2219381332397 78.8890520731608 77.1134396394094 86.7205162843068 90.1038249333699 93.5936073462168 95.258225997289 95.2495833237966 102.447678645452 111.453910668691 122.384627660116 145.767132441203 145.29217282931 134.88624493281 125.346829493841 127.720932165782 145.962297916412 158.86910756429 153.16833058993 93.9036011695862 22.3995074629784 0.702242832630873 0 0 0 0
107.124994198481 104.731072982152 104.524582624435 104.039450486501 99.955826997757 97.5778798262278 96.1269338925679 96.9774027665456 101.438174645106 93.1671063105265 84.7369730472565 86.5960419178009 89.6135270595551 89.1954799493154 86.9858662287394 84.2501918474833 79.8644224802653 87.0203375816345 87.1337453524272 81.7542970180511 83.8383634885152 84.5396320025126 84.3502879142761 86.2708886464437 87.2168441613515 82.1536282698313 87.4039530754089 91.3728574911753 93.6468144257863 95.2483614285787 98.0489055315654 101.930677890778 108.163982629776 130.767087141673 139.552543560664 132.121473550797 118.929922580719 108.053902784983 105.780005455017 117.589741945267 149.139056603114 157.806972662608 130.406449238459 66.2952015797297 10.4467992981275 0 0 0 0
112.357556819916 109.041899442673 112.085898717244 110.185007254283 103.178520997365 99.3165969848633 96.2319274743398 93.1977828343709 92.8901533285777 89.2167290051778 87.5367919603984 86.4792366822561 90.9908314545949 94.4236318270365 93.4766431649526 89.719424645106 86.0364238421122 91.3145343462626 94.5854087670644 87.4959329764048 84.7291747728984 82.6851278543472 79.0791610876719 80.7746549447377 85.1474106311798 81.723024447759 79.8364728689194 84.6863488356272 89.763750632604 93.9443906148275 93.839963277181 94.7589178880056 106.516887744268 128.371407588323 139.601568380992 119.927297035853 105.998406807582 103.130201498667 103.83332769076 113.939344882965 125.510215759277 125.804523626963 112.944881121318 75.465202331543 18.225389222304 0 0 0 0
95.9350864092509 98.5801716645559 107.405245304108 104.815413554509 107.207357883453 109.826544920603 108.364512523015 103.829979896545 92.3108458518982 90.4852747917175 93.3967232704163 89.7088746229808 89.9000763893127 93.5649474461873 93.6834514141083 91.4204518000285 92.3833250999451 94.2313770453135 94.2694743474324 88.5870059331258 82.7482640743256 79.9429814020793 77.3836672306061 77.8588950634003 80.604816476504 83.0481996138891 79.1733016570409 80.6073198715846 87.0583653450012 88.0273878574371 87.2170825799306 85.5157176653544 97.9011654853821 113.564670085907 119.883139928182 108.854462703069 103.834172089895 109.459102153778 112.905979156494 114.914168914159 109.947830438614 108.451584974925 101.689537366231 73.7822353839874 28.4215907255809 0 0 0 0
