input/barkrak2/radiation/dir30324.grid
NCOLS 85 
NROWS 70 
XLLCORNER 665100 
YLLCORNER 4664600 
CELLSIZE 20 
NODATA_value -9999 
[rows 0 to 21 of 70, columns 0 to 48 of 85]
118.075668811797996 133.279045422872 150.196502606074 171.190718809764 182.137270768483 184.581855932871 183.078547318776 182.326674461365 181.931138038635 185.559789339701 185.789863268534 182.780961195628 178.815265496572 179.616729418437 180.379907290141 167.106111844381 153.753260771434 142.660359541575 141.185233990351 136.878033479055 138.017068306605 157.874286174774 182.348589102427 187.79190381368 192.541380723317 204.144020875295 202.560226122538 190.322001775106 179.145177205404 179.261426130931 174.651424090068 197.650591532389 242.301682631175 239.040434360504 237.179855505625 224.526822566986 228.890101114909 242.191851139069 238.070785999298 239.111761252085 229.948321978251 237.568378448486 244.591057300568 237.566192944845 225.62571366628 232.284287611643 234.652976195017 202.845056851705 137.997229894002
96.6769258181254 112.564563751221 128.271559874217 145.807266235352 161.368717749914 170.098761717478 175.349613030752 180.988093217214 189.743558565776 189.579963684082 189.836939175924 185.430149237315 181.169708569845 181.595583756765 181.585729122162 168.672482172648 160.65976023674 151.288608709971 146.245261033376 140.943507353465 151.810348033905 177.321354548136 196.694354216258 197.722872098287 201.04459921519 208.173453807831 204.753617445628 193.496743837992 183.814724286397 181.349396705627 182.097395261129 211.727619171143 243.659853935242 241.644183794657 236.971080303192 227.40360101064 233.500242233276 243.70002746582 237.420976161957 237.242658933004 232.355833053589 233.67178440094 230.284810066223 221.731781959534 216.929455598195 229.44043080012 227.275808652242 187.873005867004 145.425021648407
62.8607670466105 72.7839072545369 83.586573600769 94.5035616556803 109.309126933416 122.880220413208 136.238892873128 155.750532944997 170.029997825623 173.219541708628 179.194490114848 184.908429781596 189.280788103739 191.75652662913 192.937612533569 194.203992684682 191.522419452667 180.170218149821 163.410524527232 155.317197243373 166.879614194234 184.670090675354 196.021755536397 198.808471361796 201.833228270213 202.702184518178 198.857764403025 193.002919356028 187.989910443624 190.552473068237 201.599975426992 228.244880835215 246.227025985718 242.723345756531 236.253281434377 232.999364535014 240.454057852427 245.808124542236 240.140279134115 234.417120615641 228.070000807444 218.235592047373 204.52227195104 198.840498924255 206.119497617086 224.11060333252 214.28636709849 178.56752872467 166.224141915639
47.1267998218536 47.86283771197 54.3105651934942 59.1030319531759 64.3389920393626 72.9047308365504 83.1638326247533 100.943833589554 121.149450540543 139.771858851115 157.462616761525 174.159646034241 187.790195147196 193.40592622757 199.096461137136 206.185221672058 201.235433419546 190.107703208923 173.034985860189 164.206584294637 165.062129497528 167.066872119904 179.260353247325 189.105033874512 190.525015195211 190.905769666036 192.414065202077 191.679437955221 193.360368410746 199.09805059433 205.673555533091 228.594581286112 237.750252087911 240.800400575002 236.179868380229 237.130244572957 240.270813306173 241.253793239594 234.589060147603 221.993446350098 213.536401589712 202.189167340597 198.663512865702 211.078723271688 223.488628864288 218.709766864777 199.139873186747 174.915472666423 176.353514194489
65.598597129186 51.4985173940659 41.104348997275 33.2018782695135 34.6293399731318 48.2442627350489 69.5506036281586 81.8161815404892 91.9559597969055 99.9960700670878 123.453160127004 146.659314632416 161.296178897222 168.947875499725 176.064550876617 184.820830821991 185.417453447978 178.724388281504 171.281139055888 165.938327709834 161.346067984899 159.18305516243 169.229785601298 178.652207056681 182.98194805781 189.130783081055 192.084312438965 192.66007343928 193.635185559591 193.851510683695 202.491263548533 228.812257448832 227.506319681803 229.194382826487 227.97030210495 226.747234662374 230.886975924174 228.275636831919 217.242280642192 207.027236620585 205.802321434021 204.457402229309 211.023290952047 222.123821576436 224.090854326884 200.168053309123 170.254687468211 163.552780946096 170.462727546692
97.7379381656647 77.8503020604451 55.7430485884349 35.5918531616529 28.3591374754906 35.2947463591894 53.1273186206818 77.5651683410009 83.7127466996511 82.274595896403 90.3090933958689 104.134152332942 114.051441351573 120.686491330465 130.898892879486 139.804760615031 146.949271361033 157.924314339956 167.733053366343 171.844760576884 172.446389993032 173.13285668691 171.009798844655 173.673272132874 179.732004801432 185.805439949036 189.451058705648 192.96650091807 195.10555267334 197.268605232239 210.839092731476 222.974558671316 217.710117499034 218.57225894928 220.823168754578 219.901919364929 217.68573919932 212.859431902568 205.27454217275 208.78811677297 208.230435848236 206.14085594813 208.433548609416 212.199628353119 203.7752866745 168.874621391296 141.717414061228 151.130219300588 171.062707901001
105.577766895294 93.4997300306956 78.0879805485408 60.2621038754781 41.6244789958 31.9616744915644 36.1260647575061 57.3077152172724 73.6840019623439 79.63827252388 76.4444967110952 74.4917144378026 72.9507605234782 70.6545909245809 71.7247327168783 84.7971041997274 99.8231867949168 122.944166262945 148.5702196757 167.056322097778 176.542639732361 180.896401405334 176.108002662659 172.205646832784 175.652225812276 177.631616592407 182.317852973938 187.544047832489 191.39156738917 199.646671613057 211.697558561961 216.587583223979 205.809632937113 201.689620812734 202.012737592061 202.177186806997 205.229242642721 200.175166130066 196.045339107513 190.591990947723 187.363008658091 187.55578994751 195.039749145508 203.956007957458 196.248094240824 186.54344479243 196.970502535502 205.818235874176 218.084534009298
106.335033973058 106.246570746104 95.0214366118113 85.7316752274831 64.419354001681 41.0667782028516 27.6321520407995 23.5637376705805 42.3411627610525 63.6810312668482 73.1563071409861 77.2680689891179 69.0021614233653 61.4913205305735 51.1921644210815 52.4605611960093 63.3388608694077 76.2097438176473 98.4617273012797 118.611127138138 135.657578706741 150.488535563151 164.997041225433 162.456889947255 165.948182344437 165.690958499908 167.903065681458 173.63429069519 178.453187147776 190.312047799428 200.616717338562 203.23113600413 194.522678852081 188.794275124868 184.663017590841 183.059791723887 188.824931780497 188.315649827321 184.789299964905 168.194969495138 164.80607787768 174.31245247523 195.821503798167 209.523419539134 209.705313046773 213.015019893646 221.478084723155 223.663210868835 230.978568394979
93.5608347256978 88.8341863950094 94.2592918872833 92.4803912639618 82.693154613177 64.4955585400264 41.134258111318 21.9828834136327 29.9356654286385 40.834054350853 52.8792142868042 63.6933346589406 67.0087436834971 63.1825725237528 58.1587801376979 53.8387844959895 53.9473394552867 58.0316682656606 68.7659730513891 84.9008858203888 99.4318028291066 113.751580317815 132.043292125066 135.550320148468 142.566839853923 144.682218631109 146.635562181473 150.615274906158 155.318121115367 166.402369737625 174.422144889832 176.020860671997 173.070092995962 172.689199447632 173.724770545959 176.415046056112 178.336977958679 180.314342180888 179.127335548401 173.656423886617 180.796603361766 193.641901016235 202.799916267395 207.215011119843 203.305025895437 202.16977596283 205.840388933818 217.154026031494 226.54801607132
71.8619326750437 71.0391998291016 64.2537772655487 71.2928275267283 76.1175155639648 72.1971690654755 60.6561799844106 46.0930416981379 28.2417635122935 22.9512676596642 28.1170904636383 41.738306482633 56.6867093245188 66.4477894703547 71.6579506794612 68.841482202212 61.6476138432821 59.3870480855306 59.4118932882945 64.1540090243022 71.7803090810776 80.043484767278 88.7046058972677 99.7770726680756 115.127940972646 121.106008688609 122.263689835866 125.574668248494 131.597876548767 139.447818199793 141.863604386648 144.112487634023 150.875488917033 156.210154294968 161.392450332642 165.274242560069 165.303806463877 171.420375506083 175.853610038757 185.100356737773 196.100215117137 203.602989514669 205.655475457509 205.896457036336 200.0785668691 199.00127251943 213.382661342621 222.991089026133 223.676244417826
37.8468285004298 35.9615137179693 38.4893293182055 38.8499250014623 47.8142102559408 58.5590501626333 61.5226775407791 53.4332444270452 37.3334536949793 28.6924789349238 24.383599559466 28.7743185957273 44.0682570139567 59.3646665414174 67.5312280654907 66.896175344785 65.1164948940277 62.2106591860453 58.7151646614075 57.2850853204727 58.3772559960683 59.0890596310298 63.7882053852081 76.5714893738429 88.2197022438049 100.358386834462 107.129842042923 109.323054552078 116.833508014679 123.034060001373 128.586222728093 132.894138495127 141.558746496836 146.315415700277 147.61616786321 151.939739783605 156.022330125173 162.138919035594 172.079861164093 191.678166389465 199.311772982279 200.379391511281 197.008411089579 197.549144426982 198.408563931783 203.46329609553 211.143771807353 212.397853533427 214.8410876592
14.2396613955498 12.301800151666 10.2167148143053 11.5373109777768 4.70477777222792 7.97651832302411 18.1351030866305 28.8346459468206 39.5476073026657 39.0917311112086 31.5202275911967 26.1258433262507 27.8836488723755 39.2744466662407 52.9624025026957 58.1851204236348 66.2680367628733 68.1759665409724 62.7076725165049 57.6996505260468 53.2617469628652 52.7811547120412 54.9764931201935 62.0402892430623 70.7683811585108 76.0306219259898 81.3499589761098 90.7708605130513 99.8912453651428 105.658898750941 111.366162697474 115.820129712423 120.875875155131 125.310629606247 128.088007370631 132.359792788823 143.386413653692 155.43403228124 163.724531730016 180.980304876963 188.662131627401 188.803414503733 185.066878795624 180.199821790059 181.077798207601 183.238208293915 190.402626991272 199.616233507792 203.681568304698
7.8478114058574 3.11965215951204 1.09563418664038 0 0 0.0101862703255999 0.388799080004295 17.1627538899581 33.4318205714226 39.7665450970332 39.68728830417 34.216471016407 24.5678921540578 24.8064373930295 34.9009583393733 52.1528919537862 65.6959464152654 70.1463222503662 69.8770682017009 65.8979912598928 59.760977824529 61.8339578310649 62.5708202521006 64.2159779866536 65.8279259999593 67.7581081787745 71.0709641377131 77.7821441491445 86.0848724842072 91.0146534442902 96.7736343542735 101.377874612808 102.781037489573 105.362862348557 110.276291767756 115.586847066879 125.739991664886 139.55678542455 144.186149040858 155.931681394577 163.869400819143 166.1530037721 166.038006544113 167.408386866252 167.803128560384 169.545233249664 170.374631881714 174.447417259216 181.549787521362
7.92954117059708 0 0 0 0 0 0 1.25873399277528 11.4572619398435 32.0701549450556 44.857253630956 50.7118801275889 45.8227594693502 35.4183912277222 33.6614598830541 49.1709262132645 61.9116226832072 74.4145860274633 80.3800970315933 80.5204411347707 71.9687640666962 72.3979075749715 71.0038741429647 71.7420677344004 72.8388726711273 73.383092880249 74.809526403745 81.6287348667781 81.2681416670481 79.4519086678823 88.8648927211761 95.2739218870799 96.8931615352631 97.7262755235036 101.232518752416 108.662376801173 114.063849051793 120.462288459142 124.950548013051 128.673811753591 134.936392307281 141.815721988678 149.11150932312 157.538781563441 156.489153703054 163.994441429774 163.346668084462 158.527791500092 157.016118367513
14.5026668906212 1.12121389247477 0 0 0 0 0 0 1.64245472600063 17.7423991262913 37.896620730559 56.4278016487757 72.1360941727956 60.7125709454219 48.8088428974152 48.1583575407664 52.6289244492849 63.0310873190562 77.2790511449178 88.1742735703786 86.7969989776611 84.8418374856313 83.9851101239522 82.004189491272 81.7185540994008 81.5204679965973 81.1673402786255 80.4139922062556 81.4827680587769 74.9498605728149 74.7153659661611 85.4901274045308 92.482994000117 91.9827421506246 96.51846686999 100.561231374741 101.295252641042 100.119322538376 106.186807155609 108.096371094386 112.647483746211 120.563149452209 126.540839672089 133.752286434174 138.436108827591 144.902209440867 154.358863830566 159.444123506546 154.965927203496
14.9510353803635 2.63147242367268 0 0 0 0 0 0.463642490406831 2.46884999796748 12.6923794547717 29.683547715346 55.3575654824575 73.2729136943817 78.5712252060572 69.2370235919952 52.5337109963099 47.3221242427826 48.3973870674769 61.0957990090052 82.5925370057424 92.8715368111928 92.5238331158956 94.5806503295898 90.6503101189931 87.252954641978 88.3178313573201 88.6884927749634 84.6790671348572 81.2610785166423 81.9470187028249 75.4525164763133 72.1341669559479 76.5733470519384 81.7830413579941 89.7251963615417 89.608758687973 86.0440532366435 82.7627182006836 87.1860186258952 89.7992650667826 92.93133020401 98.5443393389384 101.000825564067 104.608476161957 119.160334269206 126.622458299001 140.726914008458 149.821390708288 150.066643953323
11.5387787421544 4.3127853423357 0.0449541160681595 0 0 0 0 1.69210182502866 3.92288311074177 11.4206572373708 20.6876061856747 43.5602565606435 64.0503267447154 79.5135647058487 80.0156344970067 73.4181006749471 68.0978695551554 59.4983845949173 53.9620816707611 59.9667727947235 81.027348836263 95.7352916399638 102.332522471746 98.7232029438019 94.0933724244436 95.9525803724925 98.0068544546763 92.3460920651754 94.1937168439229 91.104914744695 82.4884325265884 68.8570042451223 65.3814176718394 60.7594201962153 62.1980329354604 69.7379112243652 70.9126641352971 74.4100411732991 75.9273916482925 79.0565957625707 80.6662241617839 83.6615363756816 86.0694845517476 88.9832178751628 107.323249181112 117.42381254832 125.593930482864 131.203323602676 138.056178887685
8.5947730888923 5.58427845438321 0.835208998372157 0 0 0 0.822650346284111 4.16288214425246 12.6774832606316 15.4594480991364 20.2892149488131 31.2929600477219 50.6948133309682 70.3583161036174 79.4461717208226 86.7423415184021 87.2371395428975 78.8041750590007 66.3081059853236 56.9397409756978 64.891109863917 86.9446198145549 95.3503251075745 99.5569030443827 103.23029756546 103.905459245046 107.740521430969 106.022218863169 99.6952950954437 93.0173099040985 89.822510878245 76.0724147160848 62.1277987957001 49.4503825902939 51.5319605668386 47.5956251223882 52.3343533277512 59.5630904038747 60.8037710189819 63.1795724232992 67.1490728855133 69.7989463806152 68.8282152016958 72.7816571791967 84.4240784645081 98.1773237387339 106.935391823451 107.860247294108 113.235493501027
9.41565943260988 11.2958240012328 10.1222147544225 0 0 1.6543244322141 4.51540760695934 7.67303879062335 19.7443800667922 26.3361906011899 33.7375526626905 36.4451731244723 46.8748658895493 57.4233084917068 66.9765969117482 82.3310762643814 86.8098636468251 89.2524520556132 87.4769886334737 75.4324694474538 60.8004381259282 70.7328418890635 81.6962718963623 92.6152765750885 103.833685318629 109.117090702057 109.057078758876 105.923116207123 110.477149486542 99.3954241275787 87.353120247523 74.6240466833115 67.6982005437215 51.1644085248311 40.8972973624865 36.6356049974759 35.1688588658969 32.1179131666819 47.5723644097646 51.7598489920298 55.3621103366216 59.3210359414419 61.7409249146779 64.1662875811259 67.8716500600179 81.5442005793254 88.8797044754028 88.7969533602397 93.8119689623515
10.2119327833255 9.28160672386487 11.3144479691982 4.68923834462961 0.298384324802707 5.53814694285393 6.07781733075778 8.28061252832413 9.84152344365915 27.9192576805751 34.9931791424751 34.2798555890719 37.3943448066711 42.0702248811722 51.567941904068 68.6813096205394 76.7587671677272 82.9378068447113 88.4649753570557 89.8229877154032 81.0063829024633 70.9612915913264 74.7914711634318 83.3414892355601 95.2061216036479 104.724397261937 112.329741319021 110.863000154495 100.234389305115 91.8422838052114 90.1965200901031 75.1892477273941 59.8215212424596 43.6707685391108 36.7405538757642 24.636189142863 22.7804630994797 19.3635957936446 21.8369886279106 28.6890094478925 39.1611109177272 43.9425806204478 49.3867496649424 56.0459593931834 56.0177067915599 65.386821826299 70.413534839948 73.3516216278076 83.383838335673
14.3684024612109 8.03982031842073 4.49456584950288 9.51076236863931 7.03338533639908 7.00393505394459 6.2044324974219 8.88864820202192 10.6378023823102 23.9563807845116 27.9110198219617 28.8426553209623 28.7783096234004 31.2950511773427 37.2413918375969 51.5446265538534 63.2213254769643 70.9388504425685 80.5908540884654 93.2052334149679 99.2009143034617 89.5609160264333 88.7102981408437 91.6894376277924 94.742218653361 96.1577395598094 96.2279637654622 93.2270487149556 98.2240637143453 88.2346034049988 75.5923092365265 58.6021641890208 46.1037854353587 33.526341120402 24.3321433663368 15.833272288243 7.79171412189802 7.95345877607663 13.3109055459499 20.3256482879321 23.9662577708562 32.8667635718981 44.4635152816772 47.1878697474798 54.6030948559443 60.6989363829295 63.8646682103475 68.4130688508352 74.163888891538
33.782330652078 22.7827876806259 12.1811553835869 19.1912377874057 17.9479817549388 5.91022769610087 8.88571515679359 11.3220661878586 18.8415311276913 24.1889581084251 25.0888591011365 25.5028953154882 26.2016505002975 24.7948790589968 29.5255829890569 41.4416790008545 54.3141712745031 64.0045404434204 71.6868887344996 85.6626431147258 95.5631037553151 107.700943946838 113.355785608292 111.001312732697 106.345415115356 96.2114930152893 92.0750002066294 85.2784117062887 83.6378236611684 70.8631575107574 63.2425397634506 41.4005244771639 27.6102175315221 13.5139885048072 0.214552118753394 0.233611402412256 0.352568381155531 0.332699002077182 0.29637903207913 10.9170141319434 8.37397202849388 25.369922320048 27.7761767307917 26.8556227286657 43.13096900781 53.5318156083425 58.0021192630132 65.8114055792491 67.818413178126
