input/barkrak2/radiation/dir35524.grid
NCOLS 85 
NROWS 70 
XLLCORNER 665100 
YLLCORNER 4664600 
CELLSIZE 20 
NODATA_value -9999 
[rows 0 to 22 of 70, columns 0 to 52 of 85]
41.156927744547502 54.6142359574636 63.6870115995407 74.3257502714793 81.8097690741221 83.588977654775 88.4434481461843 88.0935490131378 94.0139393011729 101.781864960988 118.389775355657 113.166203101476 110.43847600619 109.575788180033 111.1960709095 97.3159273465474 86.0143601894379 76.0817676782608 75.8206198612849 75.426588455836 83.4941864013672 99.8830298582713 114.759256442388 117.004086573919 120.024899641673 127.735088268916 126.565714677175 120.655745267868 117.360174655914 122.146139542262 118.864844242732 139.188557863235 169.020513693492 161.902924378713 160.969783862432 155.63373764356 160.938133796056 164.054105679194 161.112020413081 160.524874925613 158.150533835093 167.791565259298 171.746412913005 164.038230975469 155.045032501221 164.66349363327 173.162221908569 132.02699025472 88.8751248518626 85.1559539635976 105.337679386139 144.364307324092 174.619495868683
26.6959915558497 37.4948233366013 43.2787040869395 53.5550266504288 63.2479240496953 65.3537710507711 71.9083001216253 78.2313048839569 85.0736399491628 87.5723361968994 93.494713306427 95.3253507614136 106.352518002192 111.168026924133 111.247678597768 99.5551546414693 92.1277105808258 83.1182499726613 80.7401736577352 77.9853810866674 90.7085239887238 111.537873744965 124.302039543788 125.573446353277 126.114666461945 132.270961999893 127.698520819346 121.880898873011 118.554055690765 120.369056860606 126.561482747396 148.008157809575 168.508549531301 161.945551633835 159.513344367345 156.113644440969 161.322057247162 164.914826552073 160.017679135005 157.860467831294 157.137185335159 160.553326209386 156.801750262578 148.381610711416 143.298010031382 156.626045703888 157.418787479401 123.805522918701 96.1554944515228 105.31880458196 131.970991690954 163.355539242427 179.048498471578
9.12705374260744 11.465792854627 17.3252187669277 23.1947402159373 26.5898158152898 34.2305898666382 43.9395407835642 56.4055641492208 68.0101414521535 74.8157799243927 81.106091539065 80.8963626623154 89.5935793717702 89.1319811344147 96.1290001869202 99.8672842979431 96.569836139679 88.8409415880839 77.3495187362035 72.6796289285024 85.11021733284 100.562900304794 114.66654141744 119.417488574982 126.218090454737 127.083947261175 124.467939138412 122.255225976308 121.189375718435 125.143309434255 132.173389196396 156.037191549937 166.014720996221 163.14771771431 158.885876337687 158.661425113678 165.514498949051 167.605062325796 159.183959166209 155.26556968689 152.148505051931 146.222352981567 138.040810823441 130.642086267471 132.345269123713 145.530045032501 141.914635896683 117.572863896688 110.894560813904 131.781737009684 154.908120632172 173.904220263163 179.174820582072
3.38242885967096 3.37619706988335 5.52212819457054 5.33833727240562 3.75966789821784 9.7166101137797 15.1241607964039 24.2113942901293 34.7860505183538 47.5567330916723 53.9819846550624 67.8081015745799 76.1364450057348 78.6717484394709 84.9311848481496 87.9975954691569 87.0253046353658 82.316130399704 73.0036248763402 72.1345593531926 74.4297653436661 78.9952178796132 89.4817511240641 98.5017816225688 105.42227824529 108.638018369675 112.009207407633 117.453515529633 123.229324817657 127.375245094299 132.948726415634 145.93638976415 144.561956326167 145.366698503494 149.202187856038 156.863530476888 158.979475498199 159.571389357249 153.134346008301 143.955012162526 140.158951282501 133.620371421178 133.767127990723 140.87634285291 145.194927851359 139.725863933563 129.506886005402 115.039547284444 119.235744078954 133.256316184998 153.150955835978 170.320689678192 171.627799669902
10.1084659496943 3.65605639914672 0.645596960869928 0 0 1.7460190380613 8.89454409480095 14.2929231127103 18.8878203431765 22.6842388510704 32.1712146202723 45.0186431407928 54.7205110390981 60.1496597131093 66.2557383378347 68.4023598829905 70.8581358194351 73.7178027629852 69.3452060222626 70.8977381388346 70.6734905640284 72.5808640321096 81.453154484431 89.7859434286753 96.8627731005351 101.067245006561 106.467545032501 109.600802262624 114.707539478938 118.927935759226 127.611458301544 141.693462928136 136.123398939768 136.259496212006 138.157159090042 140.091478824615 133.857548236847 136.921167373657 139.054298400879 131.566305955251 131.278544664383 132.282902797063 140.090813239415 148.11169107755 147.913237412771 127.085944016774 106.921682755152 105.247149864833 112.983564535777 130.140284697215 156.684368848801 172.343631585439 164.641757806142
30.8022598425547 16.8068371713161 5.57454240818818 0.0815660459920764 0 0.506701141906281 3.33697876582543 10.1963579654694 14.1153385241826 14.1044917205969 17.6601335406303 23.1006344159444 28.7665029366811 33.7287460764249 39.1407931844393 47.3434925079346 54.7240277131399 61.3330850998561 65.7121787468592 72.7713008721669 75.3374248743057 80.0925195217133 80.8549473683039 86.2571597099304 90.6046231587728 96.5623160203298 101.393282413483 104.561636845271 112.872660160065 118.478000164032 127.839277187983 135.210891564687 130.242526531219 128.993153572083 132.368415594101 130.079766114553 127.854615449905 121.761530637741 119.01780962944 125.56779384613 131.242136160533 132.708847522736 134.875188271205 137.503961722056 133.910208940506 108.515391747157 85.4003330071767 93.7246680259705 109.390715758006 138.983378807704 162.02720006307 165.384501218796 157.965997854869
46.9002226988475 30.5975526571274 18.2100869715214 8.16729478538036 1.72614104424914 0.740681542083621 0.42723996254305 6.1647022763888 10.1601046820482 14.2936110496521 15.0485237439473 14.6253804365794 14.8503084977468 15.2009365459283 17.4564520517985 25.2202997605006 33.4139789144198 47.1167067686717 59.4540139039358 69.5982277393341 77.0220259825389 81.91978931427 83.2154055436452 82.6095044612885 86.7796242237091 89.9178584416707 96.8276262283325 100.839555263519 106.298685073853 115.066707134247 124.637564023336 127.855012814204 117.849985758464 112.237513065338 114.683985710144 119.815210501353 118.328909079234 115.241507689158 111.53773466746 104.95533545812 101.899911959966 115.328510602315 122.940301895142 129.619657993317 128.166198730469 124.423017104467 128.990600506465 134.985735019048 143.01739136378 152.401149272919 156.619369983673 154.596587022146 148.043950398763
58.727835615476 44.2767838637034 32.0589592059453 19.6910202503204 9.52283355096976 2.85156133274237 0.343671883456409 0 5.16682118177414 11.5819747249285 17.4405450622241 18.0131072799365 16.4042214552561 14.3840486804644 11.7982054750125 14.4003083308538 20.9562405943871 29.3816154201825 43.2262321313222 54.8100272814433 65.4766410589218 77.0207395156225 83.3382109800975 80.2542666594187 82.9945703347524 85.1566791534424 86.1203074455261 90.5419488747915 93.6418970425924 104.159891605377 112.486074368159 115.061889092127 106.327076752981 103.082209825516 101.853529612223 100.730121135712 108.46068461736 108.621329069138 105.333050092061 93.3237473169963 89.2639060815175 93.8961704572042 114.240656296412 127.258708079656 133.496632178624 138.956129550934 144.89804704984 147.884507973989 151.786545912425 150.366991758347 146.64422472318 146.477361520131 142.218112945557
53.7616262833277 45.889601111412 33.8195090492566 23.8662958145142 17.6899656653404 10.6971288720767 2.32202466577291 0.121318609065687 3.71939036995173 7.75823928415775 11.8778037528197 15.2106235424678 21.3472420970599 22.5213418404261 18.2908115287622 17.1724992493788 16.8979205191135 19.5637072126071 26.749424636364 36.6305510203044 47.232245405515 58.1874201695124 68.2096183300018 69.3925768136978 73.953573902448 74.0949312845866 75.6861666838328 77.6906311511993 80.1744212706884 83.917756875356 85.3219230969747 87.1495604515076 93.8889384269714 93.4514800707499 93.1025644143422 95.789889494578 100.094576676687 101.503660281499 103.919217983882 99.0939835707347 98.3055134614309 103.528290987015 105.740914742152 108.467171589533 121.038893858592 127.597838640213 129.202316204707 136.604309082031 145.573476950328 141.172329584757 133.47789645195 135.218113660812 135.488162438075
35.2706760168076 30.668464799722 24.4807948668798 21.3663925727208 15.1174813508987 8.13907012343407 5.30163074533145 7.1651233981053 3.6294541011254 1.18784994507829 3.04393625507752 11.4409377177556 19.6237986286481 27.4510607123375 30.0832614302635 29.7842274109523 23.0127374331156 21.5026090542475 22.1413796146711 23.8184705376625 29.1565880179405 34.8643511533737 42.8037991126378 49.8634427785873 57.3740502198537 60.1265629132589 61.3559583822886 64.1915947198868 65.0558918714523 68.1084891160329 67.9397086302439 66.0276065270106 69.4857686758041 75.6800572077433 86.3812466462453 90.2569890022278 88.320662577947 93.1281646092733 100.043952465057 106.200397014618 107.453942298889 109.04328028361 107.309490442276 107.6733370622 107.820212841034 109.166036049525 132.211585839589 136.442979176839 136.320928732554 137.790600458781 136.560996373494 136.45526766777 136.599779129028
5.10899070650339 1.29541801288724 0 0 0 0 0.542366566757361 7.36819518109163 6.94649666547775 4.12524584680796 1.54718710109591 0 11.1907472213109 22.8434652090073 31.9807256261508 29.1878084341685 27.5907566150029 25.3821114699046 21.6980427503586 19.706388314565 20.4551642139753 21.6239566604296 25.3661721944809 34.3523224194845 43.0885255336761 50.4130721092224 51.9881546497345 52.7290950218836 58.0046872297923 58.9939653873444 57.9749792814255 58.8022321462631 60.0319455067317 58.3269794782003 54.4467369715373 65.3276691834132 83.2954794168472 87.4865253766378 96.4092016220093 109.957804282506 110.766609509786 109.807391961416 106.049358844757 103.100786606471 104.850212732951 108.43222339948 112.640897432963 112.106462319692 131.072690089544 134.927491346995 136.583060026169 132.239590088526 133.108973503113
0 0 0 0 0 0 0 0.378510992353161 10.243933647871 9.55374725162983 4.68442992617687 1.33357103914022 2.44235697512825 10.3087313473225 21.2786272168159 24.5516722400983 30.975711842378 30.5041869481405 25.1984546581904 20.6159514685472 17.5292218724887 17.1805322170258 18.2890594005585 23.8756860295932 29.2064597209295 35.1929018894831 38.1452639897664 40.9041792154312 44.1812376181285 47.8297521670659 48.6074487368266 47.0420320828756 46.2471942106883 48.6953407526016 45.7357317209244 43.2437807321548 44.1912064949671 65.1577065388362 86.5696767965953 97.6003408432007 101.959645748138 100.756953159968 95.5193042755127 91.6662414868673 93.8726762930552 92.1881794929504 94.7544972101847 98.6102720101674 97.765435775121 101.184169451396 114.9562895298 128.018289804459 125.156581401825
0 0 0 0 0 0 0 0 2.42200400680304 11.0954406360785 12.6754716038704 7.49024127920469 1.01213079566757 0 7.93419157465299 20.0621113181114 29.2167837421099 32.3159943024317 30.6035826603572 26.6401395201683 23.211861650149 23.428534468015 23.7512663006783 24.8497277498245 26.2468953927358 27.4124592542648 30.3220177690188 36.7117201288541 37.7121244867643 36.4804714918137 39.8228839039803 39.2247239748637 35.3458374738693 33.970778187116 33.0608189105988 35.5232308308283 33.8040540615718 33.2978218793869 33.6137215296427 50.6138404210409 60.2781822284063 73.7744867801666 76.198289791743 83.5268298784892 83.0253064632416 82.5370947519938 80.5747906366984 79.1225284337997 79.6363353729248 83.6093823115031 87.5164171059926 90.339203675588 104.876816272736
0 0 0 0 0 0 0 0 0 4.57452051341534 15.0662039717038 18.2968117296696 14.3879055976868 7.57284834980965 6.51074138780435 16.8164546291033 25.8698413769404 33.3493078748385 38.471428056558 38.19240629673 32.5294956564903 31.886155406634 30.607245862484 30.9254775444667 32.5322995583216 32.7269385258357 34.0584963560104 37.1410499016444 39.666585624218 34.2214703559875 33.1682165463765 35.8666901787122 32.5998663902283 29.1859755913417 28.0648867289225 26.4517515897751 22.68186211586 20.5013317366441 18.3262899518013 16.3838987549146 21.9843139251073 30.634527405103 37.3132353027662 44.5383042097092 51.0183274745941 62.2604191303253 64.9977972110112 62.6448492209117 61.9051208098729 62.2681627670924 65.0744736194611 71.2406237920125 78.6048571268717
0.208934769034386 0 0 0 0 0 0 0 0 0 10.0594659646352 25.5957047144572 32.455121477445 26.3871401548386 16.5827261904875 15.2202273408572 17.9526011149089 26.8311674396197 37.107415497303 44.5707738399506 45.320009191831 41.4092590411504 41.3640812039375 38.5282586018244 38.3973568677902 38.9823466539383 38.9189769824346 39.48608537515 39.2744342486064 35.0929150978724 32.2443842887878 30.6055595477422 27.1701142191887 25.6915241479874 24.1283824046453 21.6009914875031 17.3524556060632 14.281931022803 13.2070382436117 10.4569817582766 6.99438278873761 3.84088171025117 12.7471561233203 23.1090560555458 31.2176669637362 36.9427253802617 44.3396667639414 52.1241674820582 51.250547170639 49.4655470053355 53.3842146396637 57.3387692372004 63.7757877508799
0.78322016634047 0 0 0 0 0 0 0 0 0 2.5326507166028 20.7523765663306 34.2149014274279 36.9754955172539 31.6121503710747 18.521295239528 13.9104487995307 15.2619009216626 24.4936967889468 40.6558190782865 50.1619080702464 47.4262535572052 49.7868408759435 46.170100569725 43.4862474600474 44.9192424615224 45.4971094926198 42.3926562070847 40.2635385592779 41.4917816718419 35.2003425359726 30.9328784545263 25.5192865928014 20.85775633653 17.1714027722677 13.1201595067978 11.1637823283672 7.31628263990084 6.31236843764782 4.02666007479032 2.38881477465232 0.950909918174148 0.35505664224426 3.75508889555931 13.8279224435488 25.4885504643122 33.5394864281019 39.0100528796514 42.7922457456589 46.3737100362778 48.0222702026367 51.3358265161514 55.8957507212957
0.396362583463391 0 0 0 0 0 0 0 0 0 0.21191849373281 13.3774528900782 29.0250057975451 39.5508259534836 40.7620221376419 34.3692302703857 29.1343008478483 23.1594269474347 18.3934544523557 24.6454800168673 40.4717872540156 51.0749667882919 54.6595553557078 52.7787804603577 48.9492317040761 49.8137225707372 52.0524283250173 50.4235923290253 48.7302591403325 45.9785362084707 37.9029586911201 33.0018053452174 25.6977106134097 19.0010045965513 13.113205631574 10.5393851796786 7.7058399717013 4.83514306445916 3.2065740476052 1.60211666176716 0.227736716624349 0.019513029352917 1.20866187848409e-17 0 1.3319980353117 7.65298865735531 19.1617545982202 24.4058171908061 27.9292116562525 36.8983795245489 42.0735975106557 49.6428509553274 52.6387095451355
0.0866477009064208 0 0 0 0 0 0 0 0.117054180009291 0.276714563369751 0.287138022637616 7.92496713499228 17.2992174824079 29.1365732749303 40.3160055478414 48.0572879314423 47.6434926191966 39.1265501578649 28.7976413965225 19.9120802183946 26.4633769790332 44.3872412045797 51.2203176816305 54.7131945689519 56.0694138209025 58.0130567153295 60.6395800908407 59.2733273903529 57.037815451622 51.9967327515284 43.3066387971242 33.3837817112605 26.2206171949704 18.0832023421923 12.4396545191606 10.2064926177263 5.76331404348214 2.47987282151977 0.631309812888503 0.108832066568236 0 0 0 0 0 1.37690920382738 3.16042608271042 8.11073618630568 11.7459495862325 18.0441215634346 25.5180522799492 30.4738034804662 40.2000620961189
0.0994325091596693 0.129672912104676 0 0 0 0 0 0.469097401946783 1.01172924041748 4.98577393591404 9.00476674238841 11.7121400932471 14.4554687043031 21.7514137427012 30.8460841576258 42.1668787797292 47.0684021711349 47.5853433211645 44.5949584245682 34.5780998468399 23.7012977401416 31.5459718306859 40.0434285402298 48.6975759267807 57.3810239632924 62.1682902177175 64.7567212581635 64.2638703187307 55.8789124091466 54.5823474725088 44.2042847474416 34.8312209049861 23.8201146324476 16.1271033187707 9.64732468128204 5.04800491034985 1.96539098396897 0.396422265718381 0.0276400896837004 0 0 0 0 0 0 0 0 0 2.80390121042728 7.74975990255674 10.2078380684058 11.413852373759 17.4163145323594
0.0646169840668639 0 0 0 0 0 0.00839442630725292 0.733416061848402 1.67841417714953 1.26778931977848 2.11889576166868 4.92469314485788 7.90010951459408 11.942945420742 19.9469390014807 32.6671029130618 40.1997913916906 43.4449364741643 47.8941698869069 47.3156124353409 39.5751049121221 31.3335607449214 34.0479413668315 41.6541496912638 50.8036961158117 57.3449035485586 63.8924539089203 66.0137037436167 57.7663729588191 47.9688197374344 44.8452283938726 35.2565000454585 22.0437372724215 15.7975393037001 7.30432818333308 3.18045169115067 0.430065595234434 0 0 0 0 0 0 0 0 0 0 0 0 0 0 0 1.66792081048091
0.674078240990639 0 0 0 0 0 0 0.8950501990815 1.59399832288424 1.62825671335061 1.19141217631598 0.517880039600035 1.69806694611907 3.03705409169197 9.24709253013134 18.0539029339949 26.5557914972305 32.465989391009 39.8736049731572 49.609899520874 55.3202877442042 47.0335781574249 45.078565677007 47.0397969086965 49.7827033201853 50.2548068761826 54.9124479293823 58.4609111150106 55.0498614708583 44.1683431466421 32.4810023109118 25.1840700705846 16.0824867586295 8.42686494191488 1.40191847458482 0 0 0 0 0 0 0 0 0 0 0 0 0 0 0 0 0 0
7.2420227030913 2.35239618147413 0 0 0 0 0.314966154595216 1.9070281026264 2.24388018250465 1.80802959948778 1.66303773100177 0.922666396945715 0.29074918711558 0 2.90747545659542 11.6271836062272 21.2074667215347 27.0752459764481 33.634178340435 45.2622771263123 51.0200063387553 60.7696771621704 64.8300846417745 62.7630650997162 58.4595551093419 50.5488514900208 46.8607445557912 42.4893200397491 51.0423630475998 38.160781065623 23.2818077007929 13.6728559931119 5.89429525037607 0.282175683726867 0 0 0 0 0 0 0 0 0 0 0 0 0 0 0 0 0 0 0
29.5751864711444 23.8702744245529 6.25434207419554 0.559750207078954 0 0.00645689457693758 2.44534419228633 3.45489910493294 2.82123498618603 2.16535106301308 1.70920121793946 2.44986514250437 5.95410789052645 4.48854515949885 5.14585586885611 9.11550348003705 16.9000066816807 24.2314587036769 28.7653903166453 31.3070863485336 34.6286371350288 46.1646616458893 56.2757601340612 60.6661985317866 59.4170441230138 53.8703898588816 46.377032995224 41.7124579350154 33.9268520474434 28.2748167713483 12.499904880921 2.83353651563327 0 0 0 0 0 0 0 0 0 0 0 0 0 0 0 0 0 0 0 0 0
