input/barkrak2/radiation/dir35824.grid
NCOLS 85 
NROWS 70 
XLLCORNER 665100 
YLLCORNER 4664600 
CELLSIZE 20 
NODATA_value -9999 
[rows 0 to 22 of 70, columns 0 to 52 of 85]
41.570464769999198 53.9442946513494 64.1711205244064 73.3009825150172 82.4160476525625 84.1749509175618 88.9747738838196 88.6112252871196 94.5104161898295 98.1578230857849 117.430756489436 113.690833250682 109.435816605886 110.101362069448 111.721038818359 97.8345076243083 84.960142771403 76.5223354101181 76.2289663155874 75.7602701584498 83.7819774945577 99.3862748146057 116.579353809357 117.541372776031 120.575358470281 128.356109062831 127.17741727829 121.179431676865 117.808600266774 122.527609268824 119.220664103826 139.579633871714 169.680237770081 162.677605946859 161.653230587641 156.184623638789 159.908612569173 164.770623048147 161.884446938833 161.243915557861 158.751805623372 166.576991478602 170.395215352376 164.646913607915 155.569265286128 164.841036001841 173.559407393138 132.613023122152 89.0722473462423 85.2960149447123 105.481882890066 144.547988971074 174.414336681366
27.0348091920217 35.382350285848 41.8902883927027 52.5929828484853 61.3437741994858 68.3547804752986 77.1792630354563 79.8177421092987 88.2714887460073 86.4240924517314 93.9767758051554 95.7920948664347 104.50937350591 110.074390967687 111.781964699427 98.5322992006938 92.6174124081929 83.5843086242676 80.0230254729589 74.6150513490041 91.0731454690297 112.017552057902 124.90314245224 124.351650476456 128.65890065829 130.867113669713 128.342648347219 122.44592110316 119.050264358521 119.598438342412 126.176704963048 147.231757640839 166.944205760956 162.730316321055 158.02330772082 154.958407084147 161.953181028366 165.6747063001 158.148209253947 158.595661322276 157.799512147903 161.212186018626 157.432983318965 148.950527111689 143.849561611811 157.205561796824 158.002118269602 124.256978432337 96.3719884554545 105.469395716985 132.148633400599 163.68235150973 178.474187850952
9.31358461578687 11.329036206007 18.3281898498535 22.2111120820045 26.6692439715068 34.3204786380132 43.1466201941172 53.5170535246531 66.099817554156 72.8535950183868 79.0631224711736 81.5509458382924 90.0458693504333 92.2759970029195 92.3480788866679 98.3213782310486 99.3942022323608 89.1839663187663 76.5646696090698 72.6213206847509 82.0394903421402 99.2530683676402 114.159305890401 120.352904001872 123.320480187734 123.385727405548 124.658236900965 123.038798570633 121.711313724518 125.673075517019 132.760773102442 156.655579805374 166.811188062032 163.941572109858 157.362699508667 157.289206981659 166.23193025589 168.406744798025 160.004248221715 155.997037887573 152.813067038854 146.812776724497 138.526121775309 131.11067811648 132.884651422501 146.169602870941 142.478813727697 117.962658405304 111.206581195196 131.955951452255 154.735058546066 173.300604025523 178.426881631215
3.14098348220189 3.49270831793547 4.15615302821 5.6535800298055 3.71697234610716 10.8189818759759 15.6335607171059 24.1383860508601 35.1679995656013 46.8301475048065 56.4548969268799 66.222682595253 77.3826191822688 77.3991048336029 81.518014272054 90.1737809181213 87.2233112653096 84.9019686381022 72.6618220408757 72.0966657002767 76.337272922198 79.4591804345449 89.4824167092641 100.548277298609 105.527689059575 107.217450936635 112.212459246318 117.096891005834 121.259937683741 127.591033776601 133.590082327525 146.722127993902 145.483016967773 146.254460016886 152.7006427447 157.622158527374 159.771790107091 160.37705540657 153.887351353963 144.612391789754 140.755126873652 134.136150280635 134.236752986908 141.423463821411 145.860195159912 140.383799870809 130.007912715276 115.407963593801 119.562774896622 133.330166339874 153.452157974243 170.75510819753 170.901735623678
9.63757621745268 4.10069245845079 0.690932075182597 0 0 1.69280838842193 8.68251112600168 14.4146904349327 18.4143421550592 22.4570582310359 31.1520844697952 47.1803645292918 53.3404101928075 59.5785677433014 65.5199736356735 70.7638263702393 68.8513120015462 74.3668377399445 69.9966251850128 71.4161147673925 70.5886284510295 74.3709653615952 81.4615984757741 91.7311807473501 96.9097316265106 101.190467675527 106.43728574117 109.760016202927 114.919404188792 120.430360237757 126.145501931508 139.945089817047 137.27996746699 137.029786904653 138.925661643346 138.110419114431 134.787976741791 140.41942358017 137.657344341278 130.364348491033 131.859789292018 132.843434810638 138.990700244904 148.75265955925 148.577690124512 127.627869447072 107.302357753118 105.566283067067 113.306184609731 130.473305781682 157.071987787882 171.579043070475 165.081928173701
31.1988517642021 16.2157689531644 5.13287695745627 0.0957691421111425 0 0.614431764309605 3.28761308143536 9.99297015368938 14.1084405283133 14.0878235300382 17.1092177430789 22.9200969139735 28.024693330129 33.6064100265503 39.6008019646009 49.1105616092682 54.5691500107447 61.1626456181208 67.8240557511647 72.6525535186132 75.2323170502981 80.045556028684 82.728107770284 86.2998167673747 90.6683603922526 96.6759026050568 103.321532408396 106.521010398865 111.069023609161 118.706623713175 129.461705684662 136.725604534149 127.906064192454 129.64129447937 130.273789167404 131.369302670161 128.98325920105 122.474322716395 117.373923460643 126.512825489044 131.876866022746 131.572932004929 133.716523647308 136.279394229253 131.29930694898 107.977469762166 85.6403013070424 93.9981341362 109.754492839177 139.52765862147 162.651677926381 167.556385199229 156.166156133016
47.4221706390381 30.9957365194956 18.5035603741805 8.1271572659413 1.51764648035169 0.718728095913927 0.423679089484115 6.08457624912262 9.71522803107897 14.5496651530266 15.0374298294385 14.5022397240003 14.7249090174834 14.7884463270505 17.3596441745758 25.1222352186839 33.292810122172 45.9931592146556 61.3299012184143 67.8733338912328 76.9597788651784 84.138423204422 83.23106666406 82.6526582241058 88.686595360438 91.7806923389435 95.0195988019307 101.000547409058 108.175774415334 115.321139494578 122.492531935374 125.552793343862 118.455290794373 112.808922926585 115.250458319982 120.372394720713 118.943552176158 115.874300400416 112.415045499802 105.59227069219 102.5344034036 115.850319465001 121.895770231883 128.463963667552 127.196878194809 123.696386814117 129.498531421026 135.531316200892 143.643716971079 150.76353152593 154.909272988637 153.050899505615 148.59547217687
59.3302696943283 44.8219875494639 30.9819529453913 20.0525398055712 9.71336973210176 2.69862761100133 0.341217111175259 0 5.08335170646509 11.4717818796635 17.8831294178963 18.491933743159 17.2081353763739 15.0415326158206 11.7206300298373 14.0878483653069 20.8846877018611 30.3361415863037 44.5638994375865 55.1702529191971 67.3905909061432 76.9679248332977 83.3276112874349 82.2571615378062 83.0617050329844 85.2480133374532 87.8650744756063 90.4425382614136 93.8334862391154 103.758066892624 114.218592643738 116.687834262848 107.745031515757 103.575646877289 102.336635192235 101.904730002085 107.344210147858 107.469409704208 106.172144412994 92.26194024086 89.7961258888245 94.4929718971252 117.20222234726 127.933919429779 132.1974893411 139.59722717603 145.593106746674 148.575514554977 152.536660432816 151.151150465012 147.398501634598 145.039180914561 140.989164511363
54.3289085229238 46.4659531911214 34.3554963668187 22.7743436892827 16.7961046099663 10.1126829783122 2.18796233336131 0.114500697236508 3.69824686398109 7.39410767952601 11.7675848305225 16.1292267342408 21.1737354596456 21.9300836324692 19.0412625670433 17.7608591814836 16.8340330322584 20.4097752769788 26.7246514558792 37.7083669106166 47.2201357285182 56.803102294604 68.1941608587901 69.3709949652354 73.9753345648448 74.1622845331828 74.2016384998957 77.8113702932994 81.7420383294423 85.5426092942556 85.6837828954061 87.5419576962789 94.2679842313131 93.871146440506 94.2909717559814 96.90194328626 100.57137409846 102.019548416138 104.441265265147 97.8480776151021 98.9428361256917 104.259779055913 106.546978155772 109.284857908885 117.188811302185 128.206590811412 129.830072323481 137.301633755366 143.959631522497 141.895393530528 134.16200876236 135.894328355789 136.141955852509
35.6797973314921 29.6084508299828 24.9444097280502 20.298894494772 15.5059769749641 6.55796751379967 6.09161828955015 6.70210334161917 3.90535189459721 1.07175942199926 3.34116537123919 11.0593686501185 19.4786190986633 27.2789125641187 31.2899723649025 28.5816018780073 24.619663755099 22.1359034379323 22.1341103315353 23.9162122209867 29.1542758544286 34.8304907480876 42.7683095137278 48.8378902276357 57.6349745194117 60.168335835139 61.4331265290578 64.2750312884649 66.3657983144124 68.332185347875 68.2090222835541 66.3458357254664 69.8692301909129 74.103703101476 84.8800937334696 90.7155871391296 89.2704427242279 94.0176447232564 100.578129291534 106.964409351349 108.215302228928 109.874695539474 108.167906602224 108.5091928641 108.60288143158 109.930237134298 132.911821206411 137.22038269043 137.10829615593 138.524661461512 137.319386005402 134.840995073318 135.028471549352
4.83346078544855 1.2385284062475 0 0 0 0 0.530030500764648 7.27072979013125 6.86368346214294 4.07507581015428 1.65300474812587 0 11.7637738585472 22.7014198899269 32.5019905964533 30.2687734365463 26.9522120555242 25.3290285666784 22.3194782932599 19.7114050388336 20.4623204966386 21.596888701121 25.3346413373947 33.7328563133876 44.1145400206248 50.4469772179921 52.052304148674 51.7659584681193 57.907780011495 59.2065552870433 57.5203051169713 59.8430434862773 61.0769887765249 56.7477842171987 54.9215724070867 67.8508281707764 84.1884811719259 86.3712032636007 94.9892203013102 108.263929684957 108.851214249929 107.813795407613 106.894810994466 103.931566079458 105.658779541651 109.256446361542 110.581894715627 109.99725262324 131.414920091629 135.732253392537 137.397577365239 133.019785086314 133.870442708333
0 0 0 0 0 0 0 0.367821659892797 9.71174923082193 9.44109944005807 4.98801656067371 1.31089938804507 2.44419369846582 10.71872189641 21.7048699657122 24.4018584489822 30.2883610129356 30.4326117038727 25.4338433345159 20.6069511671861 17.516765743494 17.635444800059 18.0346046884855 23.8821158806483 29.8814053336779 35.2046936750412 37.5290388862292 40.961392223835 44.0753151973089 47.644704580307 48.8304396470388 47.3363945881526 45.011634627978 47.4305798610051 46.5473830699921 44.0343916416168 44.71322397391 65.7471120357513 87.3378713925679 98.2910394668579 102.681249380112 101.546933253606 96.2971349557241 92.4252967039744 94.6234663327535 92.9465194543203 95.5486198266347 99.4521776835124 98.6414750417074 102.0813981692 118.837118148804 126.311451196671 123.466630776723
0 0 0 0 0 0 0 0 1.97840730349223 10.9670410553614 12.539387991031 7.89469728867213 1.04986581330498 0 8.15350189805031 19.6125842630863 29.11077439785 32.2252487142881 31.5181439121564 26.6101136803627 22.7910727262497 23.4041164318721 23.3556230862935 24.8629525303841 26.2525329987208 27.9911706844966 30.361386636893 36.1594408750534 38.377766807874 37.1433943510056 40.4924899339676 39.8999328414599 35.6429889798164 32.97342111667 32.0023943980535 34.4105313221614 34.4469596942266 33.8154584169388 34.1378524899483 45.1331734657288 63.5092953840891 72.3645438750585 81.0223718484243 82.3750744263331 83.7075511614482 83.2350651423136 81.289678812027 79.876313606898 80.4232110579809 83.3312124013901 88.5701278845469 91.1389489968618 107.823858658473
0 0 0 0 0 0 0 0 0 4.48196288198233 14.895951996247 18.1269521514575 14.2962038516998 7.56943846742312 6.50955053667227 16.7848492662112 25.8058582743009 34.3909536798795 39.6241893370946 37.3913993438085 32.5099552671115 31.8823407093684 30.0678834319115 30.9644068280856 32.0156241456668 32.7644596497218 33.5406189163526 37.8296722968419 39.5645747582118 33.5950776934624 33.3823710680008 36.1190438270569 32.8925897677739 29.5033703247706 28.602143128713 26.8298536539078 23.0776220560074 20.9995433688164 18.7400517364343 15.372301141421 24.2095366120338 31.6139881809552 37.6378421982129 42.6967889070511 51.379864414533 66.6803270578384 67.0898258686066 63.057005405426 62.2459600369136 63.7052555878957 65.5012130737305 71.7391073703766 76.7052173614502
0.220018206164241 0 0 0 0 0 0 0 0 0 10.7622481882572 25.4289309183757 32.2968338926633 27.3240357637405 16.5671842793624 15.65882563591 18.4567011892796 27.0093828439713 38.1478865941366 44.519563515981 45.2985962231954 42.3940122127533 40.6052817900976 38.5864774386088 38.432868818442 39.0384346246719 38.2713948686918 39.2825330297152 39.33980067571 35.2515702446302 31.5483560164769 31.1437398195267 27.4534871180852 25.99119891723 23.2739821076393 21.9515065352122 16.5104294816653 13.4942643344402 12.4179696043332 9.77224421997865 7.27885526915391 4.97375863293807 14.0195277829965 21.5007315079371 31.2851245204608 38.9929562807083 44.4002648194631 54.1637241840363 53.1008591254552 49.6908177932103 53.6320010821025 59.9866310755412 64.2056465148926
0.798437356327971 0 0 0 0 0 0 0 0 0 2.52119746680061 20.651038736105 34.0433443586032 38.4523545702299 31.5349921584129 18.1045855085055 13.901782532533 15.3374262154102 25.1254439353943 39.8017490903536 50.1486957073212 48.5644439856211 49.8207012812297 46.2402155001958 42.75910059611 45.0116495291392 44.7377264499664 42.5470918416977 40.4162357250849 40.7779216766357 35.4487548271815 31.4310515920321 25.8098691701889 20.1128994425138 17.5543092191219 13.3931214610736 10.5398086210092 7.52844785650571 5.794832482934 4.20909468084574 2.53386376425624 1.34749989956617 0.317470636218786 2.45763889203469 12.3540001610915 27.2193054358164 35.4443540175756 41.0626182953517 42.9092546304067 46.5359538793564 48.2298880815506 53.0273169279099 56.2344292799632
0.40486982713143 0 0 0 0 0 0 0 0 0 0 13.3875322838624 30.2672336498896 41.0843640565872 39.7244344154994 34.2513769865036 29.100867609183 23.1615553299586 18.7983450790246 25.1940041780472 41.4330810308456 51.0888596375783 54.7477652629217 52.8442362944285 48.9758749802907 49.9293903509776 52.8681327899297 50.6079792976379 47.8748828172684 46.2622046470642 38.2298901677132 33.3007698257764 25.0835865736008 18.3888077735901 13.3666892846425 9.96827396253745 7.22463925679525 4.43997575591008 3.34361381828785 1.61777436733246 0.391095876693726 0.00587933876280052 8.48528568011172e-10 0 1.36190978810191 9.2069028566281 19.1617185870806 26.2486264109612 29.8794806003571 36.7814749479294 41.9312169154485 49.8652855555216 52.9410243034363
0.0902651227079332 0 0 0 0 0 0 0 0.215499409629653 0.135056732688099 0.290174502879381 8.173701663812 17.2800893584887 29.0077850222588 41.7956362167994 47.925333182017 46.5619067351023 40.2186264594396 28.8223624229431 19.9904305239518 26.5402495861053 43.5230433940887 51.2670576572418 54.779460032781 57.0785701274872 58.1843753655752 59.5834950606028 58.2033495108287 57.2944382826487 52.7971039215724 42.5518204768499 32.6539799571037 26.676448682944 18.3734322587649 11.8469422062238 9.68270376324654 5.4565587391456 2.53191543743014 0.841047071541349 0.0621009482226024 0.000195850248019269 0 0 0 0 0 6.33131712675095 6.48592971265316 13.3408407370249 18.0682974557082 25.5186706781387 32.6426376899083 42.367955048879
0.103628030046821 0.121902975176151 0 0 0 0 0 0.493202940560877 1.02515906716386 5.03943301737309 9.10356144110362 11.8500726918379 14.4920299450556 21.6885556777318 30.7169283429782 41.11231615146 46.9543884197871 48.9441454410553 45.764019091924 33.8450421889623 23.7962752580643 32.1773812174797 40.0942116975784 48.7774660189947 57.2661062081655 62.3712887366613 63.5965466499329 64.5404209693273 56.8260699510574 55.4281969865163 44.5774594942729 35.2159217000008 22.8959744175275 15.418779104948 9.89773248632749 4.6129481246074 2.0791357383132 0.441510773574313 0 0 0 0 0 0 0 0 0 0 1.39803780863682 7.76090162495772 11.9189644853274 11.4538657168547 17.4793402353923
0.0675991468597203 0 0 0 0 0 0.015458670532098 0.762264089037975 1.24461553059518 1.27499760128558 1.53342975924412 4.973071316878 8.20610485970974 11.9297752777735 19.4180905818939 32.5716783603032 40.1053950190544 43.8491602738698 47.8357324997584 47.3128259181976 40.3894931077957 31.9011608759562 33.4535787502925 40.9436697761218 50.9533236424128 57.5505445400874 62.7667903900146 66.3020511468251 56.5707335869471 48.3446369568507 45.5671946207682 34.3733032544454 22.4264884988467 15.0528562565645 7.539385308822 2.80307326465845 0.275983358733356 0 0 0 0 0 0 0 0 0 0 0 0 0 1.4785861906906 1.52462193121513 1.67725949237744
0.687541905790567 0 0 0 0 0 0 0.935170644273361 1.62196112796664 1.6437079757452 1.19831576012075 0.520211256419619 1.75953190773726 3.05025217433771 9.53932106494904 17.997099707524 26.9047319889069 33.3655600746473 39.8444806536039 50.722748041153 54.2434205611547 46.1739848057429 45.8895067373912 47.8061735630035 49.9848624070485 50.9990751743317 53.9300988117854 59.2263986666997 55.3629249334335 44.548898935318 31.3400253653526 25.6868526339531 15.3916341563066 7.92875016729037 1.44251467039188 0 0 0 0 0 0 0 0 0 0 0 0 0 0 0 0 0 0
7.1127824485302 2.38371718054016 0 0 0 0 0.349851363959412 1.94607690597574 2.27283903708061 1.82567381610473 1.10202321472267 0.92801956149439 0.291240964240084 0 2.94694366554419 11.3765659431616 21.1613600452741 27.804950873057 34.4172790646553 44.3950742483139 51.1043171087901 61.9050612052282 65.0186141331991 63.816174864769 57.4198663234711 50.7844487826029 46.0824519395828 41.6475584109624 50.1137574513753 38.4905934333801 23.8069867094358 13.1144573291143 5.22087390224139 0.287586415652186 0 0 0 0 0 0 0 0 0 0 0 0 0 0 0 0 0 0 0
29.658816754818 23.9435732364655 6.04489321509997 0.516604399308562 0 0.00909128296674074 2.47842228660981 2.85209777454535 2.85813057174285 1.60791119560599 1.72214178989331 2.14291612307231 5.67952108879884 4.54014881203572 5.20209719737371 9.17131702105204 17.2682938476404 23.8032191991806 28.788723051548 31.3938185572624 35.2032631635666 46.9647943973541 56.4598639806112 59.6263358990351 60.3294273217519 54.0805955727895 46.9569265842438 40.9449537595113 34.2359195152918 27.6811420917511 12.0418208340804 2.85836992164453 0 0 0 0 0 0 0 0 0 0 0 0 0 0 0 0 0 0 0 0 0
