input/barkrak2/radiation/dir35424.grid
NCOLS 85 
NROWS 70 
XLLCORNER 665100 
YLLCORNER 4664600 
CELLSIZE 20 
NODATA_value -9999 
[rows 0 to 22 of 70, columns 0 to 51 of 85]
42.144700884819002 54.5329650243123 63.5886937379837 74.2050011952718 81.676850716273 83.4645827611287 88.339626789093 87.9969000816345 93.9273635546366 101.697901884715 118.312239646912 113.079617420832 110.358089208603 109.487573305766 111.10849181811 97.2242554028829 85.9295725822449 76.0079622268677 75.7592221101125 75.3927926222483 83.4789276123047 99.8520950476329 114.683717489243 118.451962868373 121.511310338974 127.618253231049 126.451989014943 120.571037133535 117.298861344655 122.108389933904 118.834912776947 139.152497053146 168.896496295929 161.73134247462 160.836219787598 155.547380447388 160.851687192917 166.146516799927 160.941104094187 160.377790530523 158.046245574951 167.68087943395 173.564434051514 163.933306932449 156.399408976237 164.606352647146 173.099040985107 131.92410270373 88.8930360476176 85.1899882157644 105.37972052892 144.407778978348
26.6232962409655 37.4374464154243 43.2237684726715 53.5158266623815 62.4871551990509 65.2730216582616 74.3186374505361 78.1334241231283 84.972490866979 87.4789853890737 96.0325102011363 97.7629621823629 108.63932967186 111.07658346494 111.15692059199 99.4728108247121 92.0442938804626 83.038995663325 79.4130166371663 77.953964471817 90.6698902448018 111.465573310852 124.191135168076 125.463863213857 125.990847746531 132.140715916952 129.516631364822 123.402893543243 119.812240203222 120.304584503174 126.542041699092 147.9478875796 168.36271683375 161.771168311437 159.37680999438 156.012237071991 161.207308371862 164.751877387365 159.838438034058 160.020003716151 158.990164597829 162.376264731089 158.526053031286 148.288438717524 143.210301796595 156.530807415644 158.99380048116 123.7473487854 96.1676736672719 105.359107255936 132.057001193364 163.353661696116
9.0905266503493 11.4612119893233 16.9083898266157 23.1805195411046 26.5922322869301 33.3534429470698 43.9319411913554 54.4056594371796 67.9294417301814 72.3024209340413 81.0304631789525 80.8247874180476 91.2589430809021 93.1166609128316 96.0563818613688 101.719468832016 98.1993973255157 88.7928704420726 77.3344337940216 71.8548148870468 83.2702020804087 100.568781296412 114.650398492813 119.389851888021 126.116583744685 127.735286951065 124.389350414276 122.149686018626 121.104101339976 125.055054823558 133.738408486048 155.926098426183 165.837347507477 162.971099217733 158.744017283122 158.535053332647 165.367941061656 167.425711949666 158.996423085531 155.113597710927 152.020961046219 147.808094819387 137.974162896474 130.580574274063 132.259408632914 145.410746335983 141.822000344594 117.533733447393 110.878596703211 131.819486618042 154.919564723969 173.874656359355
3.36678729703029 3.36676587661107 5.09788530568282 5.33601517478625 3.78227606415749 9.74468390146891 15.1534813145796 24.6327022711436 36.1958419283231 47.5289126237234 55.0892452398936 67.7522718906403 76.089213291804 78.62688601017 84.8885178565979 87.9734555880229 85.9229365984599 82.3494593302409 73.0557044347127 73.6468136310577 74.5191425085068 79.0717750787735 89.533398548762 98.5464056332906 105.445851882299 108.638028303782 112.006008625031 117.448190848033 122.536500295003 127.275317907333 132.823199033737 145.762950181961 144.334157307943 145.1535820961 149.022916952769 156.701465447744 161.335210005442 159.391025702159 152.97387043635 143.828918536504 140.053987503052 133.541772762934 133.70418548584 142.307410637538 145.066072543462 139.598111311595 129.433711369832 115.00691374143 119.217932224274 133.273839950562 153.15368771553 170.281092325846
10.069178417325 3.9531479900082 0.638189492747188 0 0 1.7719102712969 8.39740720887979 14.322143048048 19.3211411436399 22.6963336269061 32.9612269997597 45.0175553560257 54.7257711489995 60.1605673631032 66.7058924833934 68.4618304173152 70.9431270758311 73.8130261500676 69.4411893685659 70.9802160660426 70.7468589146932 72.658434510231 81.5009574095408 89.833398660024 96.9023406505585 101.082464059194 106.488168239594 109.608630339305 113.196750481923 118.921130895615 126.884082953135 141.52396718661 135.924071073532 136.075437068939 137.978126605352 139.909982681274 133.669932683309 136.656065781911 138.931850592295 131.461083889008 131.177385648092 132.188638051351 139.994412660599 147.991687059402 147.785077492396 126.997609933217 106.884141763051 105.229218800863 113.621513048808 130.124519268672 155.517180760702 172.297159830729
32.0407996575038 16.7518928647041 5.55698884030183 0.0816894268306593 0 0.682545360177755 3.36361769586802 9.56162810325623 14.1448291639487 14.1376443207264 18.2089184721311 23.5324576497078 28.8394043842951 32.2305460770925 39.2178172866503 47.4222401777903 54.8130025466283 59.2630406220754 65.8069948355357 72.8529542684555 75.4160583019257 80.1554222901662 80.8946440617243 86.2954258918762 92.4327969551086 96.5792934099833 101.410210132599 106.579621632894 112.88121342659 118.466138839722 127.783169349035 135.073661804199 130.074381828308 128.846555948257 131.476660569509 129.943350950877 127.703805764516 124.208609263102 118.875086307526 127.501438061396 132.955650488536 132.609943548838 134.772886832555 137.394219636917 133.826235930125 108.483652273814 85.4042967160543 93.7195618947347 110.20298798879 138.896624247233 161.915798981984 165.270149707794
46.7785596847534 30.5074205001195 18.1454593936602 8.13566148281097 1.73250352963805 0.798900068427126 0.43047487270087 6.20590336620808 10.2192790557941 14.3514461815357 15.1124273737272 14.6893834074338 14.9170756340027 15.2659776310126 17.5175530215104 25.284265478452 33.4886983036995 47.2022195657094 59.5349172751109 69.6718990802765 77.0858526229858 81.9831788539886 81.2149743239085 82.6449394226074 86.8118007977804 89.9379352728526 96.837043762207 100.842922925949 106.302877267202 113.433976968129 124.571988979975 127.741018931071 116.83643857638 114.784230788549 117.11119612058 119.702736536662 118.198831876119 114.720751841863 111.413906017939 104.820648829142 101.767798264821 115.243126948675 122.851401567459 129.517436027527 128.082652886709 124.36572710673 128.913442293803 134.897500276566 142.902264992396 152.245650688807 156.454513470332 154.449959595998
58.5869550704956 44.1462298234304 31.9457973043124 19.6028426289558 9.8242349922657 2.86176738639673 0.228361847500006 0 5.20981475710869 11.6361541052659 17.5096827248732 18.0880452195803 16.4762772619724 14.7216096520424 11.852798362573 13.8934378822645 20.2524624764919 29.4426729281743 43.2909776767095 54.8754632472992 65.5373483896255 77.0828723907471 83.3882391452789 80.290898680687 83.0223659674327 85.1792693138123 86.1318906148275 90.5547539393107 93.6344265937805 104.137857755025 112.429996331533 114.979714155197 108.696887890498 105.31888405482 101.761122544607 100.641717513402 108.361701170603 108.518679936727 105.225145816803 93.2305554548899 89.1632040341695 93.7760670979818 110.382278760274 129.208942254384 133.376727501551 138.833473126094 144.757032394409 147.745708624522 151.627083619436 150.194883346558 146.482815345128 146.342833836873
53.6302924156189 45.7497636477152 33.6845715840658 23.7489094336828 17.6004841923714 10.659941782554 2.34123986835281 0.130637102605154 3.46752566595872 7.79671035706997 11.9340730210145 15.2800853053729 21.4315851529439 22.6070731878281 18.3591768145561 17.2254865368207 16.9460649291674 19.6126339336236 26.7927348613739 36.6750111182531 47.2767651081085 58.2421521345774 68.2595471541087 69.4457044204076 73.9955604076385 74.1234719753265 77.2528102000554 77.7035554250081 80.1789859930674 83.8910440603892 84.0142071247101 87.0763262112935 93.8264628251394 92.5658146540324 93.0283268292745 95.7050422827403 97.9519883791606 101.404358943303 103.820741176605 98.9951888720195 98.1710255146027 103.363404671351 108.220994472504 110.97910006841 122.916003068288 127.484897772471 129.083116849264 136.46192351977 145.417004823685 141.021599372228 133.339782555898 135.083297888438
35.1817756891251 30.5556654930115 25.9331713120143 21.2515195210775 15.0159560143948 8.06866896649202 5.31345854202906 7.2031170129776 3.65407175074021 1.20012415573001 3.06457964082559 11.5008776386579 19.6968552966913 27.53713230292 30.1607325673103 29.8492486278216 23.5477114717166 21.5519095460574 22.1789851784706 23.8555942972501 29.1949063539505 34.9150175849597 42.8573042154312 49.9203602472941 57.4273566404978 60.1607859134674 62.6373340686162 65.4735614856084 65.0654733181 68.0865347385406 69.6130692958832 65.974086523056 69.4126039743423 75.5962282419205 86.3017141819 89.6034439404805 88.2346928119659 93.0273334185282 99.940170844396 106.072127819061 109.807590643565 108.843584855398 109.979808330536 107.472558816274 107.639769713084 108.992666006088 132.067163785299 136.271297931671 138.654599587123 137.634913126628 136.396457751592 136.299987634023
5.08142417917649 1.28970318473876 0 0 0 0 0.547414141086241 7.41121545433998 6.98878740270932 4.15918758759896 1.5684524551034 0 11.5388805667559 22.9191854596138 32.0658137400945 29.2652522524198 27.6623020569483 25.4354029893875 22.2190245985985 19.7403691709042 20.4895014564196 21.6707140207291 24.7306774059931 34.4038208325704 43.1347688039144 50.4494905471802 52.0160694917043 52.7502745389938 58.0183366934458 58.1124971310298 57.944710055987 60.3693226973216 59.9557856718699 58.2300474246343 54.3369700511297 64.7220959266027 83.2145611445109 87.3874227205912 96.2973733743032 109.80757077535 110.577791929245 109.604855378469 105.844030777613 102.900326251984 104.659299055735 108.237087726593 112.427900234858 111.887902021408 127.946714560191 134.745538234711 136.397699515025 132.066150506337
0 0 0 0 0 0 0 0.382987083867192 10.3031365821759 8.84904650350412 4.73004144926866 1.35899862895409 2.45909222091238 10.3542686750491 21.3529393076897 23.5419645905495 29.9201110998789 29.5737062891324 25.2515226602554 20.6556841731071 17.569363117218 17.2309949994087 18.3379190663497 23.3880952000618 29.2470380663872 35.233569641908 38.1836245457331 40.9322530031204 44.192095597585 47.8321413199107 48.5824247201284 46.9913731018702 46.1735924084981 48.6118197441101 45.6474324067434 43.1402573982875 45.781135559082 65.03031651179 86.4508052666982 99.8245278994242 101.779480775197 100.569526354472 95.3348278999329 91.4871096611023 93.6981836954753 92.0106172561646 94.5649345715841 98.4047452608744 100.495835145315 100.959718227386 114.753544330597 127.84880399704
0 0 0 0 0 0 0 0 2.44276272132993 11.5857757627964 11.8741169571877 7.67162442207336 1.03472840661804 0 7.9849399626255 20.1320188740889 29.2870029807091 32.3827589551608 30.6659589211146 26.6880343357722 23.2566694418589 23.4757512807846 23.7969855467478 24.3490139643351 26.6980131467183 27.456521987915 30.3534666697184 36.7384701967239 37.7217854062716 36.4734282096227 39.8067434628805 39.1860355933507 36.5472907821337 33.9027643203735 32.9803749918938 35.4302848378817 33.6926927169164 33.1643025080363 33.3229973912239 48.5077798366547 60.1538767417272 73.7966845432917 74.2000639438629 83.3705365657806 82.8704337279002 82.3766887187958 80.4065316915512 78.9389510949453 82.0927619934082 86.1356755097707 90.0698800881704 92.8605993588765
0 0 0 0 0 0 0 0 0 4.61724462608496 15.1442028582096 18.3784663677216 14.4457469383876 7.78829182187716 6.53999422987302 16.2887200713158 25.0590567787488 34.0866595506668 38.538118203481 38.2514744997025 32.5770303606987 31.1573992172877 30.6487356623014 30.9562807281812 32.5697362422943 32.7605108420054 34.0816428263982 37.9622528950373 39.6791100502014 34.2179785172145 34.1047123074532 36.8885919451714 32.5444564223289 29.1195710500081 27.9904206593831 26.3609637816747 22.5820293029149 20.3982690970103 18.2172084848086 16.2756654123465 21.8919863303502 30.5522506435712 37.2448315223058 44.4683333237966 50.9548485279083 62.1883819500605 64.9182101090749 62.1614555517832 61.8298898140589 62.1879349152247 67.279910047849 73.484589656194
0.211476794599245 0 0 0 0 0 0 0 0 0 10.1075153797865 25.6778697172801 33.3056524395943 26.4515106876691 16.6190738479296 15.6508299211661 17.9919339716434 26.8791913986206 37.1648992101351 44.6296830972036 45.371413230896 42.2463218371073 41.4009168744087 38.5543505350749 38.4318952759107 39.0112747748693 38.9324774344762 39.4875059525172 39.9865632255872 35.0873321294785 32.2144379218419 30.5598874886831 27.1133830149968 25.6287083029747 24.0535984436671 21.5167949597041 17.2700819869836 14.2014560600122 13.1230428814888 10.3751141577959 6.92144905527433 6.23094973464807 12.7109239498774 24.98476455609 31.2223409612974 36.9583442807198 46.4653074741364 52.1075874567032 51.2175361315409 49.425999323527 53.340623776118 57.2832475105921
0.78626776424547 0 0 0 0 0 0 0 0 0 2.84550090630849 20.8097659051418 34.3010748426119 37.0594014724096 31.6725820302963 18.5666841765245 13.947697977225 15.297956764698 24.5308031638463 40.7039647301038 50.21137992541 47.4727203448614 49.8230308294296 45.3271319468816 43.5164272785187 44.9385493993759 45.5019871393839 43.260802825292 40.2605012059212 41.4817854762077 35.1629530390104 30.8816159764926 25.4595850904783 20.7922061284383 17.1040756007036 13.0537375807762 11.1001456777255 7.26333633065224 6.25765509903431 3.97495242456595 2.35022651031613 1.33203544343511 1.59295244763295 3.67318093776703 13.8531352082888 25.5131473143895 33.5483600695928 39.0073905388514 44.9323952198029 46.3520288467407 47.9874263207118 51.2888431549072
0.398327596485615 0 0 0 0 0 0 0 0 0 0.212380429729819 13.3967225750287 29.0918797254562 40.5529613296191 40.8584798375765 34.4442253311475 29.1819423437119 23.1881762544314 18.4105734030406 24.672324458758 40.5159195264181 52.1079550186793 54.6958198149999 53.8178682327271 48.9782840013504 49.8264133930206 52.0511815945307 50.4160374403 48.7149407466253 45.9332118431727 37.8382255633672 32.9456180334091 25.6402070323626 18.9392392834028 13.9284022152424 10.4818555215995 7.65700948735078 4.79471683502197 3.1716696297129 1.57617622365554 0.218253446898113 0.0175240723668442 2.24844442669784e-23 0 0 7.66560932000478 19.1761553287506 24.4146684805552 27.9362723231316 35.1042151451111 42.0535107453664 49.602285027504
0.0877922381429623 0 0 0 0 0 0 0 0.200377117531995 0.276255731781324 0.287099120517572 8.44191325207551 17.3300405343374 29.2093530297279 40.4069473346074 48.1397410233816 47.71422346433 39.1834850112597 28.8298974434535 20.4346378644307 26.4786879221598 44.4160103797913 51.2535820404688 54.7418594360352 56.0931960741679 58.0101559559504 59.9035322666168 59.2496593793233 57.0066471894582 51.9394377867381 43.2381729284922 33.3140889803568 26.152270535628 18.0174087484678 12.3413180311521 10.1519953459501 5.71875832974911 2.45018722489476 0.615668095027407 0.103051696593563 0 0 0 0 0 0 4.76022406170766 8.11721508701642 11.7539999385675 18.0493829150995 23.6666326721509 30.4579411943754
0.10003853822127 0.134780692557494 0 0 0 0 0 0.464519563441475 1.01013861907025 4.97922052939733 8.9887169500192 11.6893897453944 14.4670841594537 21.8024402856827 30.9212207794189 42.252649863561 47.1460322539012 47.6527114709218 45.5979555845261 34.6047927935918 23.7108146150907 32.2753638029099 40.0732308626175 48.720637957255 57.3947678009669 63.4560684363047 64.7322237491608 64.2271190881729 55.8270861705144 54.5257677634557 43.7582035859426 34.7450450062752 23.7355654438337 17.101738601923 9.58526817460855 5.00149869670471 1.93591322749853 0.384707547103365 0.0260588106660483 0 0 0 0 0 0 0 0 0 2.80654709786177 7.75255387028058 8.58491783340772 11.4086866378784
0.0655124992287407 0 0 0 0 0 0.00680654011375736 0.727250939235091 1.67493615299463 1.91993592306972 2.11848768716057 4.91815494994322 8.38458351790905 11.9745284318924 20.0011034806569 32.735620935758 40.2711182832718 43.5186773538589 47.9580263296763 47.3622977733612 39.5892585317294 32.0890893538793 34.0664461255074 41.6718671719233 50.8061697085698 57.3303153117498 63.8590753078461 65.9756362438202 57.7154358228048 47.8912244240443 44.765442609787 35.1674432555834 23.1909180680911 15.7194634278615 7.24390894174576 3.13937601943811 0.417022694212695 0 0 0 0 0 0 0 0 0 0 0 0 0 0 0
0.676928864171108 0 0 0 0 0 0 0.885855251302322 1.58838477606575 1.62613236655792 1.19122032386561 1.04435517763098 2.1982880619665 3.04708412537972 9.28220277031263 18.1050871809324 26.6237929463387 32.5322995583216 39.9266332387924 49.6457368135452 55.3456048170725 47.0544795195262 45.0901885827382 47.034631172816 49.7682889302572 50.2330859502157 54.8804601033529 58.4406405687332 54.999848206838 44.0886120001475 32.3879793286324 25.0988329450289 16.0109723607699 8.37476924061775 1.39223396157225 0 0 0 0 0 0 0 0 0 0 0 0 0 0 0 0 0
7.23218669493993 2.3576964934667 0 0 0 0 0.307380900873492 1.89849454909563 2.8624078258872 1.80517680322131 1.66211820517977 0.922934152185917 0.291577288104842 0.0643631938146427 2.91471648961306 11.6626235345999 21.2605471412341 27.1329432725906 33.6757153272629 45.2882349491119 51.0406742493312 60.7780069112778 64.8208558559418 62.7473443746567 58.4441324075063 50.5246818065643 46.8370268742243 42.4554447333018 51.0042011737823 38.0951439340909 23.2133020957311 13.6224230130514 5.87057322263718 0.281919220772882 0 0 0 0 0 0 0 0 0 0 0 0 0 0 0 0 0 0
29.6010424693425 23.896557589372 6.27029066284498 0.572168035432696 0 0.00671535114330861 2.44002665082614 3.4467459966739 2.81369437774022 2.16088350862265 1.70798071970542 2.44193725908796 5.94696216285229 4.5001736531655 5.15556894242764 9.0416402866443 16.9353721042474 24.2803916335106 28.798167904218 31.3229908545812 34.633403023084 46.1623022953669 57.4673712253571 60.6647630532583 59.4172179698944 53.8558264573415 46.3555157184601 41.6775991519292 33.8661670684814 28.2180507977804 12.4610029160976 2.84134161969026 0 0 0 0 0 0 0 0 0 0 0 0 0 0 0 0 0 0 0 0
