input/barkrak2/radiation/dir36524.grid
NCOLS 85 
NROWS 70 
XLLCORNER 665100 
YLLCORNER 4664600 
CELLSIZE 20 
NODATA_value -9999 
[rows 46 to 68 of 70, columns 0 to 51 of 85]
45.8213190237681 47.3405222098033 49.8705059289932 51.7996301253637 51.5974263350169 51.4874706665675 53.3278336127599 55.1558236281077 52.0550459623337 50.9893049796422 50.1888692378998 49.8093813657761 46.5263624986013 43.4203048547109 43.3782090743383 46.5369572242101 44.7684874137243 40.2618696292241 44.5565680662791 43.4577018022537 41.0914967457453 41.6071936488152 41.3826430837313 40.3672258059184 47.1019595861435 43.4060792128245 44.5567270119985 45.306255420049 44.7508742411931 43.6081786950429 43.0636256933212 39.9060050646464 39.3032108743986 39.149709045887 41.450098156929 42.6458617051442 43.2169487078985 47.7946003278097 49.598087867101 46.8344340721766 44.400155544281 42.2633389631907 47.6879179477692 51.9959429899851 44.8093414306641 20.3640299538771 0.279582668251048 0 0 0 0 0
40.2324795722961 42.4773941437403 47.6691424846649 49.1401851177216 52.5719622770945 54.1272262732188 52.3478190104167 52.1056801080704 52.2710978984833 54.8995286226273 52.3071189721425 49.0384300549825 47.7044731378555 47.8972246249517 46.4659184217453 45.4506576061249 44.285386800766 38.0702416102091 41.6363403201103 42.8160429000854 40.2346601088842 40.6626140077909 43.5126572847366 38.6612539490064 40.5286078651746 42.6945338646571 39.4043400883675 42.4100756645203 44.3968872229258 43.0971831083298 43.8596904277802 43.4800883134206 39.1159256299337 41.7477488517761 51.1027028163274 54.7494242588679 50.0296950340271 45.2550947666168 47.792782386144 53.05115878582 47.8014647960663 42.4019644657771 50.2874404191971 54.3026725451152 49.8692293961843 34.6744308869044 7.70396056274573 0 0 0 0 0
33.8924477497737 36.8719647328059 41.7378346125285 44.8869069417318 50.9787996610006 54.3213536341985 51.4712631702423 49.9200572570165 53.7809530893962 55.9880783160528 54.3214430411657 50.8194615443548 49.4560201962789 50.2565503120422 48.4903901815414 43.8879628976186 43.0768231550852 38.6117696762085 41.3471932212512 44.8838969071706 43.6854908863703 43.7328517436981 45.5047835906347 43.0897374947866 41.1796967188517 42.5848066806793 42.3556268215179 46.1173603932063 51.1029859383901 52.9350141684214 56.0177465279897 56.5074135859807 48.594335714976 49.281766017278 56.7885537942251 63.7467602888743 61.4275385936101 52.292600274086 47.8011568387349 52.3627350727717 47.0950752496719 41.6563798983892 41.7575935522715 41.7533665895462 40.9345875183741 40.1882852117221 29.3400237957637 1.13552048181494 0 0 0 0
32.9334860046705 31.0426602760951 34.9978605906169 42.1764155228933 47.524223725001 50.4229168097178 53.0099223057429 55.6016266345978 56.9584170977275 53.9349516232808 55.7910998662313 56.1136106650035 53.311213850975 50.7059842348099 49.196590979894 45.3372001647949 44.1526075204213 42.3666735490163 44.7473675012589 48.3293483654658 49.8441060384115 49.2108861605326 47.6362407207489 48.1683959563573 44.3126459916433 46.2451279163361 48.4437098105749 52.2708743810654 59.6864372491837 65.7654802004496 71.2218433618546 71.1070001125336 63.0462815364202 57.4747025966644 56.9977263609568 57.1535925070445 67.1492964029312 59.3712677558263 51.1839290459951 44.6773618459702 41.1961028973261 41.8675442536672 41.3799161712329 38.7025872866313 34.5752239227295 36.3790119687716 22.2961058219274 6.42951453725497 0 0 0 0
33.137654264768 36.2801477313042 39.6535744269689 45.3290144602458 45.7823574542999 46.1937636137009 53.5682986179988 58.4215025107066 58.427760998408 58.2047353188197 58.2577685515086 58.1523229678472 55.1313559214274 51.1527558167775 51.3404111067454 54.0655205647151 48.0711907148361 47.7709174156189 49.3113944927851 53.3720701932907 53.748478492101 51.1146585146586 48.9851286013921 49.1200089454651 44.9506243069967 49.3042270342509 51.7841378847758 56.6576917966207 61.9706213474274 72.2119708855947 78.0974527200063 80.6375841299693 72.0751533905665 61.6772969563802 44.304425517718 47.4435190359751 55.4970155159632 63.704510529836 55.8193475008011 42.5601700941722 37.8219162424405 41.0010019938151 46.2053467830022 41.1540741721789 37.1712396542231 35.487266878287 20.2492599685987 10.0065904359023 0 0 0 0
33.8888242840767 43.9014732837677 45.9729979435603 47.1659501393636 45.2317247788111 44.8541243871053 52.1051734685898 57.1831117073695 57.0562382539113 61.9368255138397 59.6715261538823 59.2094709475835 57.1336597204208 53.1134307384491 53.4277806679408 59.1303209463755 52.75625983874 51.1568337678909 49.481858809789 50.3672311703364 50.741583108902 49.2609639962514 49.0840673446655 45.7627822955449 43.4748629728953 46.5445071458817 49.6047586202621 51.3516962528229 54.2188237110774 60.6863846381505 73.8390137751897 79.3299029270808 73.1239418188731 54.9709250529607 17.9049409925938 17.4524150788784 23.7191369136175 49.4791964689891 56.1973005533218 57.4510792891184 51.8049498399099 45.4568564891815 36.9859014948209 36.5119104584058 40.5982583761215 36.4714115858078 20.1441124081612 14.6586063007514 0.0948295249448468 0 0 0
37.1696104605993 35.7694377501806 35.0035826365153 37.0400423804919 42.7107115586599 47.6234555244446 48.7153977155685 54.052879412969 53.9863457282384 58.5469255844752 58.7053050597509 60.6016019980113 60.5381627877553 56.5051386753718 54.9019028743108 53.937703371048 55.4352005322774 50.5262166261673 45.5567340056101 43.6873286962509 42.9558455944061 45.0899948676427 45.9307531515757 41.6918843984604 42.9167300462723 40.2208417654037 40.9375429153442 43.0688410997391 42.4674451351166 45.0332462787628 50.7707397143046 62.6949270566305 60.3779256343842 34.1582372784615 14.2227845887343 7.51539568106333 8.22239058713118 15.8103629946709 38.7494886914889 53.6825110514959 56.2771906455358 48.7437148888906 35.2023914456367 32.0230250557264 33.6625029643377 23.4054177999496 19.6405823032061 29.3510804573695 14.5057588815689 0 0 0
39.4328385591507 30.8569843570391 28.997890651226 33.5947349667549 43.5815354188283 51.339050134023 51.0263393322627 52.1966914335887 54.614394903183 54.9326638380686 57.3315521081289 59.7051233053207 61.4112615585327 60.3032608826955 56.6386133432388 54.3215622504552 57.1265071630478 51.159347097079 46.9432026147842 46.9385584195455 47.031710545222 44.9391504128774 43.7948703765869 41.3542042175929 41.2496651212374 39.6498590707779 38.3353158831596 38.2015307744344 38.4699031710625 35.8351146181424 30.2358418703079 36.2243702014287 37.7357999483744 20.6718482077122 15.6807452440262 8.2926768809557 1.4056332098941 0.422532903030515 7.4339664230744 21.2711642185847 42.8110112746557 39.086123307546 33.5657671093941 26.3071581721306 19.5167536536853 20.4663847883542 18.5145574311415 35.1390714446704 41.8204118808111 23.8734260201454 1.27405463717878 0
39.6097774306933 34.696526825428 32.9656427105268 37.7063478032748 45.9984044233958 52.7622103691101 55.3078750769297 51.8304208914439 56.2415619691213 54.8585702975591 58.4050963322322 60.3348513444265 61.4514052867889 63.1996194521586 58.9953561623891 58.8581462701162 58.8328937689463 54.9633701642354 51.913728316625 52.5045096874237 51.9881546497345 47.5664834181468 45.9606299797694 46.6381460428238 44.4965064525604 43.5259292523066 40.8013612031937 37.2975617647171 33.6737955609957 30.6920185685158 23.6181716124217 27.7919421593348 35.5348661541939 37.7429078022639 35.9624872605006 26.1171112457911 8.47130020459493 1.32734561339021 0.715045413623253 4.70889173448086 17.8251042962074 21.6260304053624 18.1294021507104 12.9009572168191 12.6688579718272 17.4817442893982 19.2226047317187 20.9763968984286 38.0021929740906 41.4626523852348 25.4939844210943 0.09501090971753
42.4683938423792 41.131317615509 38.0363985896111 37.101407845815 42.3775861660639 52.0663013060888 53.2559802134832 51.5642066796621 53.7289579709371 58.5518628358841 64.2976959546407 64.9989346663157 63.477690021197 64.0230129162471 62.1161460876465 61.8828634421031 62.5484734773636 60.2732996145884 55.8487921953201 53.4947166840235 51.1227945486704 50.1707196235657 50.8176783720652 53.2307724157969 49.068957567215 47.4780897299449 38.4829690059026 33.0427587032318 27.7344435453415 25.1528322696686 25.5649810036023 31.2240694959958 39.2288515965144 50.0712444384893 55.1080107688904 53.5021871328354 39.1038581728935 25.970292588075 15.5458884934584 4.09808040906986 8.72765791912874 17.4661154548327 17.9741481939952 12.833371758461 12.4134086072445 26.3948937257131 43.7121192614237 37.390465537707 32.5751403967539 37.9949857791265 21.6640283664068 6.38906223078569
44.8504040638606 44.2730436722438 43.25832426548 40.2118439475695 41.438693801562 49.7075468301773 51.4223625262578 51.5525142351786 51.9831627607346 60.6269190708796 67.945530017217 66.7107005914052 62.5956207513809 65.0774091482162 66.6408985853195 60.9124004840851 63.2902731498083 61.1173808574677 57.7119290828705 55.2817185719808 54.4913311799367 55.4183820883433 53.269495566686 50.7819553216298 48.8979667425156 43.6495443185171 27.873232960701 4.58067841827869 3.46655274430911 12.4544935921828 23.9630391200383 29.1213269035021 37.5212952494621 44.7323520978292 55.1211287577947 57.9835673173269 56.5572629372279 50.7161766290665 38.0452473958333 20.9249829252561 10.1932734251022 17.5828374922276 34.1940720876058 35.2321664492289 29.5874625444412 45.9443231423696 68.2308177153269 58.553804953893 38.4482393662135 27.177373568217 12.9803543289502 7.43462704122066
43.8217371702194 42.0227398475011 45.399417479833 46.3880995909373 44.266551733017 46.5419391791026 51.5637298425039 52.2843450307846 52.9045760631561 60.3720049063365 66.4199739694595 64.9571468432744 60.8751475811005 64.1241520643234 67.4714247385661 58.9128732681274 60.3101750214895 59.2425515254339 57.595690091451 58.9412401119868 59.8311473925908 59.9380433559418 56.1673243840536 50.3978282213211 49.3252078692118 45.841783285141 30.22750467062 14.0059255063534 13.5903880000114 20.0862089792887 28.0543317397435 32.8850398461024 45.8486974239349 55.4221967856089 65.9958819548289 60.1511895656586 56.8032662073771 21.4345430334409 21.8019733826319 22.3372106750806 22.6474776864052 35.4116310675939 39.3590653936068 20.8191076914469 15.8348890642325 19.5842981338501 32.6230153441429 45.9778060515722 32.248263557752 22.2406089305878 15.8035593728224 11.4996358752251
33.6957971254985 40.4942880074183 43.6644206444422 46.250174442927 46.343669295311 43.402761220932 51.8179486195246 55.1542937755585 55.8907439311345 60.7617199420929 62.604675690333 61.9612485170364 61.7875059445699 60.5431546767553 61.9174838066101 58.5717707872391 56.0187101364136 58.863232533137 60.8595311641693 62.7593994140625 64.5690113306046 61.003973086675 58.4524174531301 54.2571147282918 52.4232884248098 52.6882906754812 47.5796411434809 41.8093005816142 41.2839849789937 42.6973005135854 39.3607690930367 38.8420075178146 54.1068116823832 66.8079356352488 48.3068376779556 43.7822043895721 25.9394297997157 10.4383900761604 3.35319836934408 7.37811190386613 7.77407425145308 28.3804585536321 42.2223756710688 35.9853034218152 24.7644186019897 25.7901723186175 38.2780159513156 42.3241207997004 39.7546341021856 33.6920072635015 27.9960905512174 26.9274488091469
25.2773116032283 38.1886487205823 41.8169597784678 44.5595284303029 47.3798910776774 43.8738813002904 47.5120842456818 54.5838822921117 64.3291374047597 65.7500127951304 61.4028871059418 59.0623319149017 61.4748100439707 60.8120610316594 60.8098804950714 58.9330891768138 55.6526978810628 58.2083364327749 57.0677767197291 54.1849583387375 56.4238727092743 55.819829305013 55.5315514405568 54.1745324929555 55.9931000073751 60.076634089152 67.2871818145116 66.865086555481 58.5375428199768 53.1107087930044 42.9151207208633 35.9904244542122 45.3570435444514 42.9902374744415 18.3877348899841 12.41518308719 11.7018036544323 6.45944041510423 0.35742736266305 0 0 10.871984064579 36.4642987648646 53.8430412610372 56.5264125665029 59.4023913145065 57.2316547234853 57.2881052891413 57.4581523736318 47.2906281550725 37.2485443949699 46.4993417263031
27.0634740591049 35.5958665410678 42.2695477803548 44.4753418366114 45.7972387472788 46.1979657411575 41.0170033574104 49.7658799091975 68.1358873844147 67.0802344878515 59.3956609567006 56.3538173834483 58.8757892449697 62.96207010746 61.9406501452128 58.9934885501862 58.3207011222839 56.1261177062988 50.1679033041 43.9043839772542 43.8702156146367 47.3671654860179 48.038790623347 52.4252156416575 53.664634625117 60.6045027573903 76.0216861963272 81.5047423044841 62.578484416008 50.4548599322637 41.9552226861318 30.3931583960851 30.4753854870796 34.8937238256137 16.9431703786055 8.88066490491231 9.77791535357634 14.3512065211932 7.80458810428778 0.512852411096295 0 1.5519866719842 18.6195435623328 40.5024215579033 44.9065466721853 42.0088718334834 43.5459117094676 44.5017119248708 46.762282649676 43.239896496137 43.5890009005864 75.0329246123632
37.365881105264 40.0665079553922 42.0389473438263 39.2001668612162 34.0701465805372 30.428908765316 37.378470102946 43.0910885334015 51.668182015419 48.2096175352732 43.7791695197423 50.11980732282 57.8908572594325 59.6978217363358 56.3078025976817 57.8919847806295 58.4192673365275 53.2285670439402 46.0184415181478 41.0756270090739 40.938305358092 41.4919927716255 44.5241431395213 47.8152384360631 50.0567257404327 54.2080452044805 65.2097562948863 74.1535127162933 62.834103902181 48.684149980545 37.1459051966667 27.2713974118233 16.853475322326 38.0461166302363 35.0676501790682 16.0960964858532 16.0292411843936 37.5687877337138 39.4511769215266 25.9389902154605 5.21723801891009 2.408091754963 10.2065602938334 16.7406698067983 15.6068118909995 17.1748027205467 19.451417028904 21.5452338258425 21.0139527916908 36.6224572062492 56.0317188501358 106.719861427943
47.8588243325551 44.7231978178024 41.2718703349431 34.9091763297717 26.1011769374212 20.7683319846789 29.0118778745333 29.817762474219 21.3245178262393 18.6848578353723 30.9585705399513 40.6046857436498 47.0156669616699 50.6330778201421 53.5540680090586 63.5884900887807 66.1989450454712 58.1630369027456 50.2632806698481 47.154242793719 44.7442879279455 44.5746978123983 45.7764565944672 43.9292043447495 45.4379866520564 48.6476719379425 57.7955345312754 60.4588637749354 54.8420697450638 36.9801397124926 35.7416942715645 31.9758281111717 28.2047713796298 45.7779119412104 52.2010823090871 40.9569467107455 31.5223708748817 19.5988950630029 21.8153844277064 29.6977932254473 17.5691110392412 8.33823283513387 9.91322969396909 10.3385249773661 5.5139921605587 6.75074942409992 13.3272310098012 15.2257084846497 16.2071548402309 36.7413635055224 80.0153811772664 122.196098168691
50.4774550596873 44.2941387494405 39.8702298601468 36.3534887631734 29.8545956611633 24.6020505825679 21.0752263665199 15.9244810541471 2.80187216897806 10.4583178957303 26.0119115312894 36.3412623604139 36.2597157557805 43.3388402064641 55.9600343306859 71.3429351647695 76.5163004398346 69.8955059051514 61.8968307971954 58.221568663915 53.5169243812561 51.1178771654765 51.5961150328318 46.9013204177221 42.9464876651764 45.6482867399851 42.290856440862 46.0043251514435 43.8204805056254 30.5227488279343 29.6626488367716 31.0236662626266 21.2832490603129 42.6866362492243 67.5024191538493 70.5288151899974 45.9377467632294 13.9828224976858 10.9060170749823 15.812919785579 16.2275694310665 14.1069653133551 15.100176135699 14.2335407435894 7.9634040594101 5.04000733296076 10.6599914530913 14.9436667561531 25.7095222671827 48.8282044728597 110.277871290843 141.139765580495
52.7498026688894 47.7110097805659 46.4762796958288 47.4840700626373 44.4059818983078 38.6028339465459 33.9520821968714 34.3235333760579 33.1322550773621 38.6550625165304 45.9957619508108 51.0607858498891 51.5506714582443 46.9957788785299 56.7058871189753 71.7616577943166 81.681157151858 81.7660093307495 74.9474614858627 65.7510062058767 60.0359290838242 56.0098042090734 54.198498527209 55.6619664033254 48.7247854471207 38.8870785633723 34.7213546435038 35.9353423118591 37.0913272102674 36.6872226198514 16.4961939056714 16.806128124396 13.5863174994787 21.3030353188515 74.0709851185481 84.2274526755015 52.9568443695704 17.516120026509 6.08979786435763 6.1835249265035 8.9526642113924 6.87579934795698 15.4048427939415 19.5361375808716 28.3199573556582 12.3890439669291 13.0823689202468 31.0615549484889 54.7254135211309 97.1267720063527 128.903677066167 142.119566599528
53.5082519054413 50.8808195590973 51.0544677575429 52.4380505084991 51.8648723761241 48.3995974063873 48.2085893551509 55.4029246171316 71.1729228496552 67.2187010447184 58.6898326873779 59.6712877353032 65.4836446046829 53.7583231925964 54.7603269418081 62.9004538059235 70.8027581373851 78.1765083471934 78.9302090803782 72.3648766676585 66.9295489788055 60.8274141947428 58.1877529621124 54.6982983748118 47.9237784941991 38.8130024075508 27.4430861075719 28.258204460144 31.2481919924418 16.3757676879565 11.7869600653648 10.0570855041345 5.97637270887693 3.52917580554883 67.2025978565216 85.7160091400146 67.0011440912883 54.7647575537364 25.0643144051234 2.52771098166704 0.0428601585250969 0 7.65915090839068 31.6051517923673 37.3502721389135 28.5009716947873 27.2549713651339 48.446183403333 103.169143199921 146.294116973877 140.135318040848 128.389378388723
52.7413288752238 49.523135026296 44.2805538574855 39.9042839805285 40.2083074053129 42.0292764902115 42.1071201562881 53.3565878868103 62.9296203454336 58.2694113254547 49.2905030647914 49.1321235895157 59.7332914670308 55.5734435717265 52.0384013652802 50.4991511503855 51.8648326396942 58.4645122289658 68.4099098046621 72.5872218608856 68.49138935407 62.6618365446726 56.4426481723785 51.4721969763438 44.7409351666768 37.2524137298266 26.78216000398 16.7283974587917 27.602531015873 22.1451222896576 11.747603615125 7.08837931354841 1.29994610324502 0 0.0834731423916916 75.9249925613403 82.8560044368108 93.1623379389445 74.9212354421616 28.2632634043694 1.95451406762004 0 1.98155548423529 16.9045403599739 42.528952161471 61.2430572509766 81.2320560216904 130.010058482488 169.832309087118 180.060267448425 165.249327818553 133.753379185994
54.799939195315 52.8209259112676 47.2090244293213 40.7409792145093 39.2791231473287 41.9445137182871 34.9652965863546 32.7635556459427 34.4412674506505 31.38151516517 24.5506316423416 22.4067345261574 25.9294311205546 43.0454164743423 49.8909652233124 44.4280952215195 33.4613447388013 29.8398981491725 41.4127707481384 60.7912838459015 62.5993808110555 57.3534071445465 50.8082211017609 48.0863153934479 41.6627774635951 36.0578844944636 30.1134760181109 8.47236191232999 13.184480369091 33.3520645896594 17.4378727873166 10.8616873621941 3.59721854329109 0 0 54.6825081110001 95.3120291233063 109.571556250254 96.18212779363 67.4825807412465 35.4319661855698 7.71858170628548 4.92312324543794 21.5058152874311 51.1557708183924 112.347344557444 152.436415354411 182.330707708995 191.26562277476 190.565864245097 181.006848812103 153.053283691406
56.4471085866292 56.370014945666 53.9073099692663 50.4849453767141 48.6687521139781 47.9487677415212 33.4563131133715 20.3651326398055 20.6351379553477 22.6407696803411 20.1367996633053 17.6438726484776 18.7593301137288 39.2275204261144 52.4490972359975 43.1480010350545 25.9371623396873 14.3458656966686 17.4637834231059 31.3728600740433 41.8067425489426 45.3551958004634 45.934056242307 39.0897442897161 34.9843055009842 30.6297490994136 11.8962762256463 6.16871130963167 9.5200203359127 36.3878061374029 44.8826650778453 38.0246192216873 19.041812668244 0 0 35.2504526575406 88.5960559050242 96.8856513500214 78.1024793783824 75.0779807567596 79.5556555191676 64.0663454929988 42.664756377538 56.8526337544123 107.367247343063 151.325146357218 174.247562885284 185.195922851562 186.982194582621 184.56906080246 179.650763670603 157.96888868014
