input/barkrak2/radiation/dir31124.grid
NCOLS 85 
NROWS 70 
XLLCORNER 665100 
YLLCORNER 4664600 
CELLSIZE 20 
NODATA_value -9999 
[rows 44 to 65 of 70, columns 0 to 49 of 85]
75.9693682193756 82.0397138595581 85.0042502085368 85.913211107254 87.8943602244059 90.2957220872243 90.770830710729 86.944580078125 82.0426444212596 77.6306539773941 79.6715567509333 77.095573147138 73.7374722957611 71.9116032123566 71.0529734690984 71.2419599294662 67.8415844837825 75.0490327676137 76.8931557734807 74.488639831543 69.9841280778249 67.8237825632095 67.1508808930715 67.9567356904348 65.3040905793508 72.6523945728938 76.6500780979792 74.9831746021907 73.6345946788788 72.639599442482 67.7906821171443 65.0120377540588 72.1114625533422 75.7613082726796 82.5337072213491 85.3030383586884 89.8099541664124 99.7689366340637 102.59085893631 93.2652850945791 91.36168162028 85.4406456152598 81.5224895874659 62.3125334580739 29.7786345084508 0 0 0 0 0
82.6072444518407 87.3008767763774 84.1725369294484 87.822029987971 86.4023566246033 86.3064527511597 88.0973041057587 86.8081053098043 88.3658428986867 83.5297306378682 82.3986033598582 81.5177212158839 77.2683620452881 72.2896804412206 71.1067120234172 74.7527132431666 69.4078505039215 72.5690275430679 76.8340826034546 75.2893040577571 73.0819453795751 72.279358903567 71.434607108434 71.6039091348648 72.8670905033747 71.4590450127919 78.6465704441071 76.8431921799978 73.8736093044281 73.8825301329295 69.9982494115829 66.1098857720693 69.4488187630971 68.0664082368215 68.204457561175 71.0790654023488 78.6212931076686 90.4606282711029 92.4468636512756 79.4355471928914 82.1467638015747 76.8352498610814 75.735275944074 72.7377633253733 53.9958824714025 20.9741170207659 0 0 0 0
82.2605987389882 84.0326348940531 86.7476065953573 88.6949002742767 88.5502497355143 88.3790751298269 90.1488264401754 92.1978453795115 88.7895425160726 87.2032046318054 86.4541530609131 85.4121049245199 81.3846836487452 77.90773610274 78.1653970479965 81.6364586353302 79.3042828639348 73.5939194758733 78.7597397963206 77.5056431690852 74.4759788115819 74.9577184518178 74.4055807590485 71.9341337680817 79.5914729436239 72.0167060693105 72.904239098231 75.7021208604177 74.652577439944 73.5807965199153 73.2462505499522 69.4747765858968 68.9962307612101 68.7203804651896 70.2948073546092 71.0084537665049 72.9927768309911 79.5025726159414 83.4482808907827 80.0542285044988 78.973134358724 73.6943234999975 78.8911332686742 86.4286224047343 75.5084852377574 45.6840147574743 9.54577140510082 0 0 0
76.1555830637614 78.2815714677175 84.3641261259715 86.1526926358541 89.941402276357 91.3346906503042 88.9222224553426 88.8534287611644 88.627835114797 91.3591186205546 88.5780453681946 85.1508577664693 83.3560029665629 83.2752386728923 81.1975648005803 79.7974119583766 79.6333253383636 71.8795706828435 76.074426372846 77.6742299397786 73.4917223453522 74.6731211741765 76.9141366084417 70.7216560840607 73.7464924653371 73.2877502838771 67.4960762262344 72.0334698756536 73.834960659345 72.5567738215129 74.5803515116374 73.9571402470271 68.7435567378998 72.6963182290395 82.8604996204376 86.4521861076355 81.6995998223623 76.2890577316284 79.5516868432363 90.6748274962107 83.2826693852742 75.6141593058904 82.2723855574926 87.3356262842814 81.1850478251775 61.5958372751872 28.3803294102351 1.82160269469023 0 0
68.9708391825358 72.0310310522715 77.6850879192352 81.5349419911702 88.1610115369161 91.9526318709056 88.5039865970612 86.3695442676544 90.515395005544 92.5495028495789 90.7747546831767 86.9670212268829 85.3299001852671 86.634486913681 83.8849643866221 78.3803313970566 77.6959260304769 71.9963610172272 75.6106774012248 79.4538011153539 78.4365634123484 78.3197333415349 80.2885194619497 77.159325281779 74.7079749902089 76.2232691049576 72.4459985891978 75.8376667896907 81.555778781573 83.8551918665568 87.5873764355977 90.0934040546417 79.4513871272405 80.6718418995539 90.2358194192251 96.4917143185933 94.9042638142904 84.3284328778585 81.1625421047211 89.7873838742574 81.4998000860214 73.8469362258911 71.5648184219996 71.2083031733831 70.1328913370768 67.6334997018178 58.3691596984863 11.2832598388195 0.0240403072287639 0
67.7068630854289 65.3674751520157 69.5044845342636 78.2050043344498 84.2555264631907 87.6098473866781 90.524693330129 92.988908290863 93.8858091831207 90.1208023230235 92.4484531084696 92.1349624792735 89.0457431475321 86.7631733417511 84.779957930247 80.1386286815007 79.1672170162201 76.6245126724243 79.8642088969548 83.4276477495829 85.8763655026754 85.8495036760966 81.937700510025 84.4198266665141 78.5375436147054 81.7550818125407 81.6375265518824 84.1170152028402 91.6275978088379 97.9693035284678 104.721903800964 104.06368970871 97.3516702651978 90.5456741650899 87.1135890483856 96.4518288771311 101.692100365957 97.0903635025024 86.8918498357137 77.5076448917389 72.0100253820419 73.2323179642359 72.2441126902898 67.369023958842 62.4984800815582 65.9925043582916 63.7166996796926 19.5293662448724 0.513282682125767 0.000220839524445182
68.2080338398616 71.7363754908244 75.2604802449544 81.8590223789215 82.6116502285004 82.8862587610881 91.0624066988627 96.1183806260427 96.1210131645203 95.3888793786367 94.8548416296641 94.4040616353353 90.9806787967682 86.3692959149679 86.2152576446533 90.1995698610942 83.2334905862808 82.8756093978882 84.3585928281148 90.3582175572713 90.4713869094849 88.1391962369283 85.5071942011515 85.5995814005534 79.3157269557317 85.549126068751 89.8012022177378 89.9754464626312 96.348504225413 103.400637706121 112.370193004608 114.80834086736 104.750374952952 89.9701714515686 81.9910913705826 86.4457686742147 94.3185488382975 98.4151661396027 91.092715660731 72.431539495786 67.2673135995865 74.5457311471303 77.4930616219838 73.0148404836655 67.6007519165675 65.0070707003276 52.2471765677134 24.7826526562373 1.51402130723 0
69.0792302290599 80.3230702877045 82.617109020551 84.2990974585215 82.217867175738 81.602543592453 89.38995997111 95.2907204627991 94.8796470959981 99.7912685076396 97.1244672934214 96.0846642653147 93.3520197868347 88.3328715960185 88.5613560676575 94.7752197583516 87.9148344198863 85.9490136305491 83.6636225382487 85.8541925748189 86.243212223053 85.9566728274028 84.6902132034302 81.5176020065943 78.5135279099147 82.272062699 85.8829617500305 85.9906474749247 90.0370379288991 97.5033640861511 104.532152414322 114.962379137675 107.324123382568 85.2941672007243 45.6246882677078 35.6777037183444 57.1377178033193 86.4329934120178 95.7169234752655 94.7234531243642 91.7985637982686 83.2636654376984 69.4507211446762 66.8701330820719 73.5376129547755 68.0997520685196 39.3235757946968 33.3556806047757 6.91238356133302 0
72.9444573322932 71.0501670837402 69.8799590269725 72.3420282204946 79.2976866165797 85.0110153357188 85.655152797699 91.629167397817 91.6152695814769 96.3904559612274 96.6193477312724 98.3236928780874 97.7623562018077 92.5642053286235 90.1498993237813 88.6621872584025 90.4981891314189 83.738108476003 78.4421364466349 76.6195952892303 77.1053930123647 80.2437613407771 80.9482832749685 76.6570419073105 78.9811064799627 75.4618098338445 76.2142886718114 77.7114927768707 78.3107926448186 82.1652958790461 85.1855476697286 95.083345969518 93.2599604129791 69.4661537806193 30.8620532353719 20.9707791606585 22.0773443579674 36.4193866650263 69.8940654595693 88.3959531784058 95.902423063914 85.7470333576202 66.1049584547679 61.9728068510691 60.679758588473 57.1693529685338 38.4704023599625 53.9088249206543 35.8780076106389 8.66168551146984
75.5124986171722 65.4854824145635 63.1744563579559 68.4230079253515 80.1119158665339 89.2450412114461 88.5904729366302 89.6982550621033 92.3503935337067 92.8468604882558 95.1142112414042 97.7050264676412 99.3005235989888 97.4864463011424 92.5927956899007 89.9160901705424 92.3729638258616 84.2142601807912 79.6394199132919 81.2428891658783 80.3064902623494 78.2080392042796 77.6810497045517 75.4752308130264 75.0091622273127 73.7998336553574 73.9873001972834 73.7312734127045 72.8858013947805 70.4949994881948 62.543640534083 66.1666095256805 68.5467819372813 51.8165777126948 32.8892717758814 22.1139540274938 11.1590996384621 8.67230010529359 20.1830267906189 52.1272371212641 78.0991812547048 76.5995184580485 66.4182106653849 51.5837868054708 47.7830469608307 39.7454847892125 36.8931243817011 62.2644027074178 72.3096927007039 50.7380863030752
75.7643232742945 70.1839824517568 67.8691218296687 73.1291274229686 82.4994742870331 90.9865895907084 93.9236283302307 89.8535748322805 94.7717626889547 92.9368635018667 96.330185731252 98.3574191729228 99.7221171855927 101.172566413879 95.654954512914 94.5710837841034 94.7635769844055 89.9163087209066 85.0414633750916 86.3350927829742 85.3746732076009 81.4089129368464 79.3256362279256 78.6163707574209 76.9383509953817 77.619065841039 75.011357665062 73.5654433568319 68.4561183055242 63.6431475480398 54.2660454909007 56.3414990901947 62.3167057832082 63.8393064339956 62.0157817999522 50.2923379341761 26.1038094758987 13.1076499819756 9.89151621858279 16.440961509943 36.3516931732496 41.5370215972265 36.4965349435806 28.9367785056432 28.5620143016179 35.3534817695618 48.6216793457667 54.8108468453089 67.7342663208644 73.3623405297597
79.1461368401845 77.7588138977687 73.9800135294596 72.365532318751 78.4168243408203 89.7160172462463 91.9446349143982 89.9253785610199 91.7100111643473 97.1612731615702 103.59991590182 104.097108046214 102.080086867015 102.564930915833 99.8039742310842 99.2791354656219 98.8939901192983 95.9628621737162 90.1245574156443 87.9401763280233 84.8720868428548 83.0548703670502 84.8196645577749 86.0862135887146 82.0147842168808 80.0260454416275 72.9833443959554 67.4871603647868 59.8694185415904 57.2207520405451 57.027871410052 61.8492166201274 67.2648499409358 78.9423286914825 83.2592248916626 82.5267136096954 70.1020956039429 48.7212588389715 37.8846973180771 17.0866474509239 22.8277842203776 38.4310012062391 44.9225654204687 34.0220058957736 33.9471697807312 49.6586114168167 72.2531328598658 66.9147322575251 61.8709822495778 68.8296258449554
81.8906376759211 81.3234001398087 80.1694492499034 76.4345576365789 77.4296422799428 86.8046780427297 89.8158450921376 89.9500548839569 89.7480845451355 99.3735690911611 107.534875472387 106.344650189082 101.394792397817 103.897551695506 104.50553894043 98.1905659039815 101.061135530472 97.3759690920512 93.188335498174 90.1293953259786 88.206946849823 90.1138583819071 85.8014325300853 83.319291472435 81.0725539922714 74.3700961271922 56.8854510784149 37.5307997067769 32.7900896469752 40.0728260477384 54.2184909184774 58.5571179787318 65.3532395760218 73.2423464457194 83.4067165851593 96.5493023395538 98.2511639595032 79.8973341782888 78.1285613775253 48.2808500528336 25.0149369239807 45.9585587183634 61.3170713186264 61.7497265338898 61.3671143849691 75.9848107894262 103.858262300491 91.755211353302 68.5114959875743 54.1515946388245
80.6162655353546 78.7423054377238 82.6881875594457 83.7174654006958 80.9320112069448 83.642303943634 89.9795293807983 90.7249450683594 90.8792714277903 98.7611810366313 106.00342353185 104.662696520487 99.6757845083873 103.112548589706 106.471081574758 96.7238148053487 97.8306432565053 96.2289770444234 94.3856537342072 95.3013598918915 95.7782467206319 95.278521378835 88.6043111483256 82.6047559579213 80.9181531270345 76.9149611393611 59.9410484234492 39.7036994496981 39.7545571128527 50.7907370726267 63.3087555567423 64.2962654431661 75.8519470691681 85.8566164970398 95.9723691145579 91.0692711671193 85.1059158643087 41.4682775735855 41.9053733348846 43.5273299614588 51.9612332185109 65.3343250354131 71.2209691603978 42.9083655277888 33.378633360068 38.8361463944117 81.2084277470907 76.0565598805745 62.2062633434931 52.001362045606
68.6954955259959 76.7004638910294 80.7013014952342 83.6123824119568 83.5069020589193 79.9426337083181 89.7576610247294 94.1008826096853 94.5638517538707 99.5079179604848 102.282345294952 101.841350396474 101.176162560781 99.2521544297536 100.711603959401 96.7499613761902 93.5025413831075 96.3851312796275 98.3509421348572 99.4896491368612 100.405345360438 96.8408087889353 93.1520064671834 87.378849585851 84.501455227534 85.5949322382609 79.7506173451741 73.6453284819921 72.8195905685425 80.8970381816228 78.479011853536 74.1465191046397 89.604397614797 98.5675156116486 94.7971045970917 69.2106336355209 57.8773121039073 25.1285284757614 14.1476007799307 25.2074748277664 45.4350610574087 67.606990536054 75.3326813379924 61.7692768573761 49.0413109461466 51.4431148767471 66.8641328811646 71.482648452123 68.967009584109 61.8903140227
58.6037536462148 73.990727464358 78.6439726750056 81.6260675589244 84.7703814506531 80.6703418493271 85.0293835004171 93.4983690579732 104.627321163813 105.969995260239 101.340214411418 98.8247990608215 100.605309009552 99.4547804196676 99.8374422391256 97.2705880800883 93.0418968200684 95.3379372755686 94.1460529963176 91.7298495769501 92.2118624051412 91.0648306210836 89.6804928779602 89.1315837701162 88.8776977856954 93.2454367478689 102.424701054891 102.216283480326 95.2176849047343 88.4808897972107 75.2947330474854 74.2933601140976 84.0719938278198 75.0670582056046 36.9236742456754 27.9718935489655 26.6483873128891 18.9571119844913 6.56318540374438 3.35667841136456 3.98258306086063 26.5153124928474 72.7440019448598 89.2748137315114 102.179865042369 98.5708038012187 91.4558172225952 91.4480785528819 90.119739373525 78.3861627181371
60.3071947892507 71.1020628611247 78.8570096095403 81.6089461247126 83.2125246524811 83.4653675556183 77.6573121547699 88.1992479165395 109.816372394562 108.596503734589 99.7278491655986 95.5829421679179 98.6947516600291 102.377563714981 101.05769832929 97.5686609745026 96.4720050493876 94.1305657227834 86.7306292057037 79.1313250859578 79.4821431239446 82.8782469034195 83.2977543274562 85.5810840924581 86.8394772211711 93.2117601235708 109.896620114644 119.244118531545 98.2724825541178 85.1106743017832 73.6894458532333 63.7604643901189 64.6300415198008 60.5963965257009 35.2753127614657 22.466962536176 23.7616971135139 32.416378458341 24.1074711084366 10.3196085741123 2.68944539129734 11.1217275261879 37.382110953331 71.8169510364532 76.1197259028753 86.1670871575673 82.6564331849416 84.468811750412 79.8284709453583 72.8816439708074
72.9158173004786 76.4272610346476 78.9091736078262 75.1913885275523 68.6728854974111 65.861905614535 74.1749902566274 80.115223924319 90.550571680069 86.6758128007253 83.9050511519114 90.1710391044617 96.8660016854604 98.9836553732554 94.9313441912333 96.9512363274892 96.7692633469899 90.4933412869771 82.310030857722 76.5676349401474 75.5927960077922 75.891782840093 80.5621842543284 83.4595064322154 83.2609087228775 85.7012768586477 98.5660354296366 107.953876256943 98.820686340332 81.301619609197 67.9955184459686 55.2102476358414 50.6705194711685 64.2263889312744 59.2101514339447 33.099077641964 37.794624765714 69.3642397721608 74.2109070221583 53.4167389074961 22.6625601450602 13.44133913517 25.1142680644989 34.6816976865133 33.0640623966853 44.1112915674845 55.6721637646357 60.5157464742661 59.1125041246414 65.0214205185572
85.3601098060608 81.9436063369115 77.8260330359141 70.26673356692 59.4880878925323 52.7381549278895 65.0085757176081 63.5008960962296 53.067276875178 54.0372629960378 65.2284969886144 77.5189896424611 84.3737920125325 89.1544620196025 92.4727022647858 103.362858295441 106.061895688375 96.4417656262716 87.0429376761119 83.2318464914958 80.3087453047435 80.1814248164495 81.4959456523259 79.5958191156387 80.3278535604477 84.8539471626282 87.3473187287648 94.3117042382558 85.5528016885122 63.7843360503515 67.5474802652995 62.1477067470551 56.5597464640935 73.8555043935776 79.4259409109751 66.5691445271174 56.9526900847753 57.7707638343175 53.3789396286011 56.3569068908691 41.5815363327662 28.94443521897 24.6960495909055 25.2564599116643 18.1302850445112 19.3552834292253 29.7307918469111 32.4793830513954 46.3579495747884 66.575825214386
88.5353585084279 81.3613335291545 76.0444303353627 71.872224410375 64.1457885503769 57.5989931821823 52.7271926403046 47.4046568075816 29.0159185727437 37.0724747578303 60.0687960783641 71.6913938522339 72.0516542593638 80.4199775060018 95.1094627380371 112.064987421036 117.699573437373 109.867672125498 100.750307242076 95.7727630933126 89.7586643695831 87.5078241030375 86.7014129956563 84.1051042079926 80.0974071025848 79.115018248558 77.58629322052 77.9271821180979 75.8640666802724 56.0028403997421 60.349295536677 55.332029859225 51.983579993248 77.3300975561142 96.9720482826233 100.289881229401 74.043075243632 30.5993656317393 26.1294494072596 33.3538179596265 42.7493353684743 40.6429891784986 41.1882326006889 37.5416353344917 25.2854377031326 20.9288919965426 26.5857328971227 42.2713855902354 51.7273644606272 84.1330885887146
91.223935286204 85.4819615681966 84.0384761492411 85.1970911026001 81.6677808761597 74.8614966869354 69.2401627699534 69.8860387007395 68.3946758508682 74.0007162094116 83.1352323293686 89.8305177688599 90.1088317235311 84.6469203631083 95.7558155059814 113.123446702957 123.729030291239 123.272816340129 115.462909142176 104.833722114563 98.5429485638936 92.757393916448 89.3080830574036 91.5290911992391 83.194707830747 76.4126131931941 68.5708423455556 69.7297155857086 68.5565869013468 64.2627427975337 43.5671160618464 43.5470441977183 37.5675757726034 64.706360300382 105.285892883937 114.54850435257 80.6927929321925 45.1660801966985 18.973079820474 19.1485906640689 23.2820361852646 26.9243245323499 41.800985733668 52.236407995224 54.2559375365575 40.1902347803116 39.7700915733973 58.4920197725296 89.6644989649455 140.695522228877
92.1017030874888 89.178055524826 89.2999470233917 90.666393438975 90.0841057300568 86.2823526064555 85.756262143453 94.5285459359487 112.380921840668 107.691685358683 98.4728833039602 100.27069846789 105.737566947937 92.487504084905 94.0397481123606 102.882355451584 112.994680802027 119.856297969818 119.995544354121 112.629512945811 106.268793344498 99.2915232976278 94.5280989011129 91.8105045954386 81.1826636393865 72.5423892339071 60.721089442571 59.8024229208628 60.7902308305105 53.574134906133 27.3271153370539 24.7524380683899 18.7180538972219 23.4624793132146 102.826088666916 115.77903230985 95.3345100084941 83.8101009527842 49.5183318853378 13.4498253464699 5.66744618117809 2.90177017450333 21.3121622800827 57.6273302237193 65.9478604793549 55.2650988101959 53.8994073867798 82.0591350396474 146.114031473796 193.789521853129
