input/barkrak2/radiation/dir31324.grid
NCOLS 85 
NROWS 70 
XLLCORNER 665100 
YLLCORNER 4664600 
CELLSIZE 20 
NODATA_value -9999 
[rows 44 to 65 of 70, columns 0 to 49 of 85]
72.7666318416595 78.5523156325022 81.7671716213226 82.4087063471476 84.3593875567118 87.058166662852 87.5351230303446 83.4024945894877 78.8985888163249 74.5681375265121 76.0985314846039 74.0862935781479 70.8731313546499 69.1004594167074 68.2642757892609 69.073016444842 65.9462362527847 71.4818487564723 74.1150081157684 71.7073778311412 67.3061509927114 65.125435590744 64.4767582416534 65.3623541196187 61.7757538954417 71.1206297079722 74.0266491969426 70.2749987443288 71.015993754069 69.1051085789998 64.4181370735168 62.5053743521372 68.7504609425863 73.1920649607976 79.1776676972707 82.1426461140315 87.191104888916 97.0027546087901 98.8206565380096 89.6451075871785 88.6281927426656 82.7348381280899 78.8473387559255 59.7455501556396 27.6136746009191 0 0 0 0 0
79.1240632534027 83.9953422546387 81.2082290649414 84.5728119214376 82.8928798437119 83.0910851558049 84.5410128434499 83.5914015769958 84.7721000512441 80.3978145122528 79.3100347121557 78.4699668486913 73.6860533555349 69.3314472834269 68.2482868432999 71.907917658488 66.6547218958537 69.765234986941 74.0607430537542 73.3796258767446 69.4672167301178 68.6837335427602 68.7326043844223 68.9839621384939 70.285901427269 70.100466410319 77.1291255950928 74.1977294286092 71.2729543447495 71.2368388970693 66.644087433815 63.5618170102437 66.1538143952688 64.9118026097616 65.2523040771484 68.5783078273137 76.0719527800878 87.802251180013 89.7151927153269 76.7657508452733 78.1482209761937 74.1784671942393 73.1013466914495 70.2730665604274 51.2505024671555 18.9934099713961 0 0 0 0
79.0292570988337 80.7151794433594 83.4733843803406 85.6983562310537 85.2913856506348 84.8324994246165 86.9173606236776 88.5804990927378 85.200955470403 84.0479830900828 83.3097944657008 82.3184102773666 78.3334573109945 74.9436467885971 74.5384991168976 78.6310980717341 76.4497915903727 70.8738019069036 75.8453110853831 74.6446847915649 71.6474205255508 72.1629361311595 71.6929038365682 69.3179666996002 76.9546727339427 69.4383929173152 71.3204642136892 73.0174879233042 72.0039208730062 70.961465438207 70.5883204936981 66.8995231389999 66.4253085851669 65.6206260124842 67.3356354236603 68.5038963953654 70.4628378152847 76.9225756327311 80.7657490173976 76.9057671229045 75.6934384504954 71.0578908522924 76.2356619040171 82.1093817551931 72.9116449753443 42.488823334376 8.49795031050841 0 0 0
72.9311058918635 75.3165086110433 81.1399718125661 82.8644186258316 86.6473615169525 88.0718727906545 85.706502199173 85.6217344601949 85.4321618874868 88.1844560305278 85.433691740036 81.5204779307048 80.2766482035319 80.2442083756129 78.2556533813477 76.8219133218129 75.9197771549225 68.3116813500722 73.3005901177724 74.8086273670197 71.4768469333649 71.80950542291 75.1258383194606 68.1199381748835 71.0092882315318 69.6319590012233 65.8223032951355 70.1992909113566 72.0438708861669 69.9366976817449 70.4000244537989 70.5512861410777 66.1697487036387 68.8446462154388 79.4848452011744 83.1218014160792 78.4465769926707 73.0617841084798 76.9694099823634 87.9772206147512 80.618808666865 72.1315691868464 79.0399958690007 84.6829315026601 78.5589516162872 59.183806180954 26.3917818665504 1.10462354496121 0 0
65.7840669155121 68.789338072141 74.5238860448201 78.2957226037979 84.8171512285868 88.3559584617615 85.2424999078115 83.1529299418132 86.8800183137258 89.3728236357371 87.1019462744395 83.3270152409871 82.2415351867676 82.8982094923655 80.1607221364975 75.3746032714844 74.7458636760712 69.2178010940552 72.8543102741241 76.5250225861867 75.5896816651026 75.5242755015691 77.5181949138641 74.4762023289998 72.0448642969131 73.5406577587128 69.791833559672 74.1066634654999 78.8327604532242 81.1385015646617 84.8851005236308 84.1846664746602 76.8089940150579 78.0794868866603 86.5547657012939 93.8802361488342 92.2957062721252 81.7496081193288 78.5985241333644 87.0929956436157 78.301340341568 70.9101855754852 68.6100820700328 68.6481694380442 67.5245771805445 65.181295077006 55.3741405407588 10.1818343003591 0 0
64.5609597365061 62.2804661591848 66.469207406044 75.0379065672557 81.009641289711 84.2545628547668 86.9838198026021 89.7164841492971 90.6625688076019 86.9548122088114 89.2616013685862 88.9920194943746 85.3233436743418 82.3914855718613 81.0747841993968 77.1556595961253 75.5315522352854 73.7806955973307 77.0696103572845 81.3372433185577 82.0825795332591 82.0212513208389 80.1514784495036 80.5335740248362 75.8417844772339 79.0094931920369 78.9506981770198 82.5847884019216 89.9868210156759 95.1868891716003 101.934591929118 101.3276775678 90.9493267536163 87.9089037577311 84.5598181088765 93.85746717453 97.8600482145945 93.2800273100535 82.1181138356527 74.2059300343196 69.4524844487508 70.6617037455241 68.6971098184586 63.6744697888692 60.0825200478236 63.5481427113215 61.0247204701106 18.2411273320516 0.211394818810125 0
64.9868945280711 68.4808095296224 72.1092621485392 78.6580145359039 79.3515294790268 79.6261926492055 87.9941582679749 93.151072661082 92.8443868954976 92.162291208903 92.1739637851715 91.7947987715403 87.852289279302 83.3083142836889 83.1820170084635 86.3942901293437 79.5310437679291 79.9915889898936 81.5451790889104 86.492508649826 87.5450074672699 85.2529406547546 82.6809952656428 81.6931426525116 77.6548286279043 82.8078438838323 87.0594382286072 88.6077086130778 94.9051181475321 100.641965866089 109.555492798487 112.012316783269 102.046430110931 87.4180694421132 79.4645547866821 83.8895042737325 90.4959738254547 95.8678921063741 87.3928467432658 69.9850569168727 64.7399326165517 71.9609409570694 74.9207188685735 70.5325355132421 65.1490191618602 62.5739196936289 48.5345820585887 23.3858227729797 1.00103664832811 0
65.7476633787155 77.1380166212718 79.42729194959 81.1268885930379 79.005092382431 78.3345699310303 86.0416293144226 91.9432739416758 91.5594001611074 96.4934825897217 93.8790738582611 92.8762952486674 90.7272696495056 85.2582653363546 84.7735603650411 90.9285247325897 84.9161744117737 82.1020851532618 78.8269986708959 81.9510072469711 83.3152830600739 82.1815580129623 82.8370104233424 78.7261972824733 76.8746833006541 78.4178078174591 83.183079957962 84.6285621325175 88.6368155479431 94.7771966457367 101.811528205872 110.58384180069 104.574888944626 82.6868464549382 35.8822817603747 34.1133798162142 55.1119446754456 83.9352905750275 93.1878586610158 89.630126953125 88.2104734579722 80.6260357300441 66.9307460387548 64.4333263238271 71.0477977991104 65.6020194292068 37.6844356457392 30.0305709242821 5.87894084552924 0
69.5613076289495 67.6425794760386 66.8149093786875 68.9978748559952 76.0710537433624 81.7242165406545 82.3511977990468 88.2544120152791 88.0064467589061 93.0933753649394 93.3174788951874 95.0746734937032 94.5457915465037 89.4277691841125 87.1168275674184 85.6383542219798 87.4841709931691 80.8935463428497 75.684388478597 73.7319489320119 72.5941558678945 75.625275572141 78.1172414620717 72.9738722244899 75.2137651046117 72.7755775054296 73.5703706741333 75.0749011834462 76.8192311127981 80.6643267472585 82.5520753860474 92.3520723978678 90.533177057902 66.9447282950083 29.3706928690275 19.6598197023074 20.7556746900082 31.7871322234472 64.4572824239731 85.9930713971456 93.3676461378733 83.1241458654404 63.6244614919027 59.5069328943888 58.5335493087769 55.0681501626968 36.8482222159704 51.6078770160675 33.7237442533175 7.29968398809433
72.2792396942775 62.3333503802617 59.9780182043711 65.1667962471644 77.0692725976308 85.8169992764791 85.3155255317688 86.6492390632629 89.2771283785502 89.1623894373576 91.803769270579 94.4150884946187 96.0128704706828 94.2563414573669 89.4985496997833 86.7908795674642 89.3184641997019 81.3290178775787 76.8384784460068 77.5279899438222 77.4772713581721 74.4832257429759 73.0248292287191 70.903683702151 72.3045667012533 70.1117912928263 71.3250388701757 72.1510797739029 71.3277161121368 68.8207149505615 59.9590142567952 63.553512096405 66.0175581773122 47.3130096991857 31.361664334933 20.7785206536452 10.0472134848436 7.86772246162097 19.0620397528013 50.1508315404256 75.7269859313965 72.4410116672516 63.9202197392782 49.6066063642502 45.8473513523738 38.1015265981356 35.2932860453924 59.7427090009054 69.5095161596934 48.1541305780411
72.377269466718 66.8510844310125 64.7191405296326 69.9957609176636 79.3276727199554 87.6874327659607 90.6147460142771 86.5637262662252 91.4170245329539 89.6462996800741 93.268871307373 95.060795545578 96.4132050673167 97.8909929593404 92.5083160400391 92.1391248703003 91.6642248630524 86.0830148061116 82.157626748085 83.3840866883596 82.5119664271673 77.6542524496714 76.543261607488 75.9250720342 73.1769502162933 72.773997982343 73.4311441580455 69.9083805084229 66.7518675327301 61.6433322429657 51.9416232903798 53.7523676951726 59.83833471934 61.4412079254786 59.6046100060145 47.9963272809982 24.2439781626066 11.6330372790496 8.81544128060341 15.2777843177319 34.7646400332451 39.8662363489469 34.9026595552762 27.4675736824671 27.0980646212896 33.7805027763049 46.4424788951874 52.3166010777156 64.9869740009308 70.4909265041351
75.8312294880549 74.3690729141235 70.8103328943253 69.3796624739965 75.282742579778 86.4907503128052 88.6387725671132 86.5104695161184 88.3190433184306 93.5506621996562 100.157052278519 100.650072097778 98.6837943394979 98.7577537695567 96.6011981169383 96.1114466190338 96.3998337586721 92.9072399934133 87.1925552686055 84.1144820054372 81.9613635540009 80.2211066087087 82.0254584153493 83.3718876043956 78.1299422184626 76.1791964371999 70.4158445199331 62.2823586066564 57.9058080911636 55.0191799799601 54.6753853559494 59.1535667578379 64.6908432245255 76.4036327600479 80.7873258988063 80.011859536171 67.6366885503133 46.6583073139191 35.9336336453756 15.1552781462669 21.4742595950762 33.893163005511 42.8485572338104 32.1230739355087 32.0234224200249 47.4607050418854 69.6557660897573 64.1760528087616 59.1198354959488 65.9858683745066
78.4644534190496 77.934131026268 76.8600304921468 73.1754700342814 74.2467741171519 83.6119254430135 86.5189830462138 86.3582591215769 86.35413646698 95.7269668579102 104.206502437592 103.010982275009 98.0991323788961 100.601345300674 101.860721906026 94.9830015500387 97.2142418225606 94.2555665969849 90.1351670424144 87.1208310127258 85.2701564629873 85.2079192797343 84.1190318266551 80.609788497289 77.2298077742259 72.8874355554581 54.9754351377487 34.8660821715991 30.4317226012548 37.9170576731364 51.8093109130859 55.8578670024872 62.7885560194651 70.6692387660344 80.9222459793091 93.9709544181824 95.6390500068665 77.6012440522512 75.8552402257919 46.2339669466019 23.6210872729619 42.7504926919937 58.9229166507721 59.3012869358063 58.8411390781403 73.3279486497243 100.982983907064 88.8548890749613 65.729742248853 51.5847305456797
77.3096730311712 75.4217952489853 79.3238580226898 80.3984900315603 77.684074640274 80.2437762419383 86.5666568279266 87.4017675717672 87.4812006950378 95.3840514024099 102.685213088989 100.888321797053 96.3579912980397 99.7011065483093 103.141804536184 93.4049685796102 94.600776831309 93.0699606736501 90.5361076196035 92.2042727470398 92.7389164765676 92.343936363856 86.8455568949382 78.7684371074041 78.21058233579 75.1029253005981 57.5628230969111 37.2271289428075 37.3524154225985 48.2851515213648 61.1514498790105 61.5178048610687 73.1399158636729 82.6366245746613 93.3780272801717 88.7056986490885 82.7956298987071 39.827398955822 40.2307833234469 40.85357238849 49.8186896244685 62.9624426364899 68.7706718842189 38.8537595669428 31.8372199932734 37.2081324458122 78.4617563088735 73.354110121727 59.6051216125488 49.523596962293
65.5019730329514 73.4671105941137 77.3899704217911 80.2944203217824 80.2210668722789 76.7231086889903 86.5675608317057 90.5452370643616 91.2278393904368 96.2151487668355 98.9695191383362 98.5135833422343 97.4042614301046 95.8473881085714 97.2685813903809 93.1133230527242 90.196967124939 93.7895576159159 95.2083170413971 96.3868796825409 97.3513722419739 93.8255687554677 91.2802418073018 84.5542848110199 81.7526280879974 81.9020569324493 76.9549608230591 71.563442548116 70.3310718139013 71.6395924488703 74.5415538549423 71.4801798264186 86.7721537748973 94.8417186737061 92.2038654486338 67.072073618571 52.7677138646444 23.7320736050606 12.9554582138856 23.8087003429731 43.5399661461512 64.1514956951141 72.8977421919505 59.4080984592438 46.7217167218526 48.9916950464249 64.2320464054743 68.8283344109853 66.2827541430791 59.2487355073293
55.3803344567617 70.8141475915909 75.3298302491506 78.2825152079264 81.3668966293335 77.4003515640895 81.771582365036 89.9742941061656 101.08894109726 102.537721395493 98.0232656002045 95.2295064926147 97.2811679045359 96.1688061555227 96.2286591529846 93.8604474067688 90.153306722641 92.1430885791779 90.9995834032695 88.6413554350535 89.8791948954264 88.0576272805532 86.7272913455963 86.2310131390889 86.0655109087626 90.3615653514862 100.442578395208 99.4807283083598 92.592865228653 85.9449903170268 72.8058815002441 71.1368421713511 81.2527587016423 72.443222006162 35.3290885686874 26.5287905931473 25.2372374137243 17.6805915931861 5.37332271536191 2.73852950582902 2.60182097554207 24.2650558551153 70.3125496705373 86.7438912391663 95.6835945447286 93.5392578442891 88.6433025201162 88.5683496793111 87.2000356515249 75.558990240097
57.2958340247472 67.9547687371572 75.576846798261 78.2969246308009 79.8647006352742 80.1122089227041 74.3270019690196 84.5293899377187 106.430490811666 105.270604292552 96.1329142252604 92.3217236995697 95.2537755171458 99.0282893180847 97.7372527122498 94.1401422023773 92.8443074226379 90.4122193654378 83.5484464963277 76.0723501443863 76.458344856898 80.4681231578191 80.3201496601105 82.7142099539439 84.0790669123332 90.3640886147817 108.290086189906 116.391718387604 95.704972743988 82.6466729243596 71.1617370446523 57.8653464714686 62.0012978712718 58.2248667875926 32.9166054725647 21.1309840281804 22.4027782678604 30.6174606084824 22.3783155282338 8.9902114123106 1.9124592654407 9.69273659090201 35.7742185393969 69.5770581563314 73.8481134176254 81.7311058441798 79.9668729305267 81.6737959782283 77.0476013422012 70.1805104811986
69.7185744841893 73.0920881032944 75.6308337052663 72.0075666904449 65.6330486138662 62.8163119157155 70.9876517454783 76.8289715051651 87.1825118859609 83.170086145401 80.4909070332845 86.9204103946686 93.323290348053 95.6099728743235 91.4759238560994 93.4701164563497 93.3815936247508 87.2638821601868 78.7715266148249 73.4272102514903 72.5800295670827 72.9670425256093 77.4824519952138 80.5560847123464 80.4418325424194 82.9545656840007 97.0258414745331 105.167786280314 92.8627451260885 78.7775119145711 65.5987660090129 52.7913471062978 48.2906599839528 61.8189871311188 56.9991767406464 31.577542424202 33.9446191986402 66.9144143660863 71.7106411854426 51.0736405849457 20.9058423837026 12.2831240296364 23.7180342276891 33.1169217824936 31.528244415919 39.8733268181483 46.2419142325719 58.0238401889801 56.628147761027 62.3891850312551
82.0312350988388 78.5619964202245 74.462945262591 67.0467366774877 56.251401702563 49.7375875711441 61.6627087195714 60.4511350393295 49.9698221683502 50.7920334736506 61.7376714944839 73.8587081432343 81.0528695583344 85.7787032922109 89.0792508920034 99.8022754987081 102.548778057098 93.250185251236 83.7551156679789 80.0428092479706 76.7380793889364 76.5904287497203 78.5152266422908 76.7290989557902 78.4013917048772 82.0395549138387 85.8579973379771 92.660923798879 82.9459925492605 61.419223745664 65.1391943295797 59.7468366225561 54.0708303451538 71.3232855002085 77.020063996315 64.2545272906621 54.5766651630402 46.9854573408763 51.3851145903269 54.2247593402863 39.6130954225858 27.130700647831 23.3084460099538 23.8496884703636 16.8547704815865 18.1873937447866 28.2462934652964 30.944878856341 44.0716693798701 63.8007124265035
85.0279231866201 77.9483964045842 72.6900647083918 68.6214367548625 61.0017279783885 54.5294433832169 49.6186316013336 44.7281350692113 26.441678404808 33.9004471898079 56.7112366358439 68.4587309757868 68.7017341454824 76.9943396250407 91.6410485903422 108.657350142797 114.093144734701 106.11151655515 97.3318914572398 92.8492844104767 86.6052011648814 84.4361484050751 83.6947858333588 80.3918192783992 78.235387802124 76.4200538396835 75.9388506412506 75.9856055180232 73.1468846400579 53.6814133326213 57.9677124818166 53.2261927922567 48.3419150114059 74.6857573588689 94.4196184476217 97.7307359377543 71.510856350263 29.1049803296725 24.717869857947 31.8189859390259 40.8817728360494 38.7099459767342 39.124958217144 35.5462109049161 23.5284666220347 19.1991093258063 24.4191512465477 40.0798916816711 49.2425461610158 80.9189180533091
87.7927541732788 82.0898214975993 80.6449502706528 81.7922453085582 78.2973517974218 71.5406586726507 65.9968157609304 66.5724376837413 65.1340087254842 70.7486569881439 79.8209110895793 86.4985585212708 86.7578387260437 81.2544276316961 92.2021269798279 109.517484903336 119.979361693064 119.824270407359 112.103144327799 101.451029380163 95.2354570229848 89.5920594533284 86.3252381483714 87.6720448335012 80.4180999596914 72.7661699056625 66.7390674352646 67.6128566265106 65.9638941287994 61.7975791295369 41.7065372069677 41.6778028011322 35.7796798149745 62.1075332164764 102.59931286176 111.996094385783 78.232874472936 43.0464297533035 17.6904996236165 17.8695482512315 21.9290206829707 25.5020832022031 38.8732552528381 49.9360213677088 51.7986118793488 37.9236415028572 37.5680873791377 55.9044828017553 86.510310570399 136.964797973633
88.6619786421458 85.7603053251902 85.9259863694509 87.333619594574 86.7302715778351 82.8635692596436 82.4253261089325 91.1317368348439 108.720749616623 104.214270909627 94.8411226272583 96.8599418799082 102.421770493189 88.88907233874 90.4712577660878 99.6399919191996 109.356423219045 116.119007269541 116.232603788376 109.116415182749 103.147437175115 95.544954140981 91.3923482100169 88.8157685597738 78.4338215986888 68.2636002699534 58.6984157562256 57.4959913889567 58.0854117870331 51.0861972967784 25.9019583463669 23.3707278966904 17.460693915685 17.5179317593575 99.9770164489746 113.256931304932 92.8959945837657 81.226776043574 47.1749305725098 12.2754859427611 4.55843470990658 1.70059440036615 20.2175242205461 55.1905930042267 63.3031229178111 52.7303367853165 51.3669898112615 78.9933502674103 142.456233501434 189.949711163839
