input/barkrak2/radiation/dir31524.grid
NCOLS 85 
NROWS 70 
XLLCORNER 665100 
YLLCORNER 4664600 
CELLSIZE 20 
NODATA_value -9999 
[rows 44 to 65 of 70, columns 0 to 50 of 85]
69.694846868515 75.7198731104533 78.6846329768499 79.3226013580958 81.2650223573049 83.6302638053894 84.0927461783091 80.339327454567 75.8796284596125 71.6416537761688 73.6454327901204 71.2364514668783 68.1193520625432 67.0046110947927 66.1874115467072 66.3942843675613 63.3332282304764 69.5849110682805 71.3913838068644 69.1042492787043 64.6894921859105 62.5072817007701 61.9400839010874 62.8497501214345 59.3857119480769 68.5753424962362 71.5128481388092 67.8194512923559 66.5720105171204 66.6374117136002 62.7759744723638 60.1069430510203 66.3098295529683 69.9053704738617 76.6921540101369 79.6678711970647 84.0411086877187 91.992715994517 95.1365431149801 87.0413482189178 85.9994292259216 80.1339000463486 76.275239388148 57.2846432526906 25.5830238262812 0 0 0 0 0 0
76.2466092904409 80.894152323405 77.8555969397227 81.4502785603205 79.8027763764064 80.0016224384308 81.4710855484009 80.2026341358821 81.7198902368546 76.9713868697484 76.3396173715591 75.5808850129445 71.4557866255442 66.5473788976669 65.5041436354319 69.1073189179103 64.0156964461009 67.2257592280706 71.3438888390859 70.7117170095444 67.6817397276561 66.0872161388397 65.2876148621241 67.400852839152 67.8141216437022 67.6494588454564 74.565331141154 71.6624806324641 68.7817831834157 66.9767707586288 64.1661435365677 60.4363878568014 63.7325743834178 61.8742009003957 62.8554970026016 66.1771545807521 73.6218442519506 84.4326217969259 87.0863993962606 73.7283875544866 75.630784034729 71.626678109169 70.569783449173 67.7216450373332 48.9590416351954 17.1545085807641 0 0 0 0 0
75.9269893169403 77.6207844416301 80.3199907143911 82.3204765717189 82.1591764688492 81.7375083764394 83.4799806276957 85.4929288228353 82.1397304534912 80.5755605300267 79.8248300949733 78.8102944691976 75.4427363475164 72.6366738478343 72.3912864923477 75.1238564650218 72.8775411844254 68.1791851917903 73.1858909130096 71.9603151082993 69.7687218586604 69.5126603047053 69.0933465957642 66.8227672576904 73.2977390289307 66.9696827729543 68.7891145547231 70.4444746176402 69.4659451643626 68.4519459803899 66.566730539004 64.4332667191823 63.3195688327154 63.1987949212392 64.9251441160838 66.099430123965 68.0343210697174 73.7449179093043 76.5197028716405 74.3696788946788 73.1901476780574 68.2258307933807 72.9848692814509 79.2133261760076 70.4201857248942 40.2822047472 7.51951709389687 0 0 0 0
69.8391099770864 71.9679594039917 78.0585110187531 79.6969433625539 83.2734803358714 84.934542576472 82.6154798269272 82.212820649147 82.3604017496109 84.6524635950724 81.9167594114939 78.0237416426341 76.8147160609563 77.343891064326 75.430949529012 74.065367380778 73.1785049041112 65.6290203332901 69.7104632854462 72.0265557368596 68.7526762485504 68.3720260858536 72.4821388721466 65.6367639700572 68.5693124930064 67.138950030009 63.3162756760915 67.6085402568181 69.4665213425954 68.1978066762288 67.9153203964233 68.0528630812963 63.0930016438166 65.7253960768382 76.9963264465332 80.655962228775 75.9969651699066 70.6359148025513 73.7821956475576 85.3823920090993 78.059047460556 69.649467865626 76.517512400945 82.1319818496704 76.0359267393748 56.8748414516449 24.524413049221 0.552296716098984 0 0 0
62.733456492424 65.8130347728729 71.1647421121597 75.2049932877223 81.6983779271444 85.2231383323669 82.1078071991603 80.0622006257375 84.2130978902181 86.3176683584849 84.0810934702555 79.826608300209 78.7285566329956 79.3504814306895 77.3117939631144 71.9335377216339 71.9606479008992 66.5477812290192 70.0710614522298 73.783407608668 72.8463878234227 72.8432883818944 74.8608658711116 71.9045549631119 69.5110807816188 70.9709823131561 67.2510613997777 71.50865594546 77.1202246348063 78.5315136114756 82.2908232609431 81.634392340978 74.2740382750829 74.6007661024729 84.0291380882263 91.3657546043396 89.78471159935 79.2725632588069 76.1376470327377 81.9141318400701 75.189804037412 68.4364388386409 66.1494433879852 66.1908636490504 63.9824072519938 62.8304829200109 53.0931899944941 9.1517207523187 0 0 0
61.5499416987101 59.3158255020777 63.5478993256887 72.0034291346868 77.8221935033798 81.3071727752686 84.0508143107096 86.5700840950012 87.561955054601 84.3329628308614 86.1966907978058 85.9696467717489 82.3783626159032 79.5056323210398 77.5085786978404 73.6477474371592 72.7289418379466 70.2450374762217 73.4117329120636 78.5530904928843 80.1755438248316 79.310804605484 76.5049705902735 77.92828977108 73.2514212528865 75.3686328728994 77.4087607860565 79.9685716629028 85.0364367167155 92.5120611985524 99.2526113986969 98.6952781677246 88.3983671665192 85.3769580523173 82.1088304122289 91.3609663645426 95.3615109125773 89.5507832368215 79.6932925780614 70.9995130697886 66.6733731826146 68.1937535603841 66.2672768036525 61.33700410525 57.7684193849564 61.2059980630875 58.6492170890172 17.0303756992022 0.044587470862704 0 0
61.9049221277237 65.4405405124028 69.0789918104808 75.7203896840413 76.1932780345281 76.5156348546346 84.6038858095805 89.9773041407267 89.6733502546946 89.0577137470245 88.606059551239 88.723619778951 84.8449071248372 79.7631988922755 80.2858372529348 83.5140744845072 75.9731382131577 76.3611495494843 77.8110822041829 83.6604038874308 83.8033159573873 82.4736605087916 79.9752871195475 79.0805717309316 74.0231176217397 80.170065164566 84.4181378682454 85.990051428477 92.2153194745382 97.9883074760437 106.844445069631 109.317670265834 99.4441509246826 84.9687059720357 77.0413180192312 71.2704012791316 88.0693395932515 93.4170285860697 83.7775965531667 67.6386505365372 62.3149325450261 68.4644877910614 72.4507669607798 68.1507289409637 62.7986987431844 60.2420071760813 45.9765096505483 22.0694790283839 0.571353283400337 0 0
62.7121130625407 74.0709155797958 76.3548066218694 77.8561582167943 75.8839547634125 75.1683215300242 82.9228063424428 88.4440541267395 88.4061058362325 93.3507680892944 90.7478829224904 89.7899568080902 87.1611634890238 82.8650097052256 81.9024393955867 88.0543192227681 81.2934637069702 79.3856630722682 76.2315094470978 78.3186753590902 79.6834131081899 79.404870669047 79.1642268498739 76.0804265737534 74.2592513561249 75.836847225825 80.5909136931102 82.0460418860118 86.0093335310618 92.1571354071299 99.1948246955872 107.893397410711 101.926485697428 80.1832278569539 33.3052277565002 32.6350207130114 53.1813551982244 76.527347167333 90.7544593016307 87.2333248456319 83.8947395483653 76.5818059444427 64.5132710536321 62.0965758959452 68.6588535706202 63.2044722636541 36.1315657695135 28.5967439413071 4.95709385722876 0 0
66.5142238140106 64.6701753139496 63.7074410915375 65.9331232309341 72.9137659072876 78.508843978246 79.237033923467 85.1228833198547 84.8445296287537 89.9099707603455 90.1839733123779 91.9229686260223 91.4448698361715 86.4107807477315 84.2012067635854 82.7483882506688 84.5858852068583 78.1601518392563 72.0441887776057 70.2559153238932 69.9448684851329 72.0869948466619 74.5197137196859 70.3343947728475 71.5872297684352 70.1874097188314 71.0357924302419 72.5466907024384 74.2658674716949 78.0732482671738 80.0258020559947 89.7269646326701 87.9086752732595 64.5239651203156 27.962530652682 18.4266045689583 19.5126036802928 30.3590173522631 60.9280119339625 83.6863219738007 89.5735422770182 79.387957851092 61.2441847721736 57.1430822213491 55.3761472304662 52.26664741834 35.3111947576205 49.4067221879959 31.7042817672094 6.07722500960032 0
69.1815614700317 59.1970185438792 57.0209473371506 62.2032781442006 73.8607396682103 82.6658507188161 82.1621666351954 83.2907905181249 86.1040850480397 86.3270064194997 88.6183182398478 91.2794768810272 92.8862690925598 91.177632411321 86.4950517813365 83.207830786705 86.3666037718455 79.3950955073039 74.147954583168 74.8021850983302 73.8906860351562 72.762797276179 70.4321364561717 67.3860808213552 68.7235742807388 68.5327152411143 67.7826801935832 68.61479083697 68.8038766384125 66.284974416097 57.4865639209747 61.0504001379013 63.5148137807846 40.7419453064601 29.9176573753357 19.5214773217837 9.00655115644137 7.18392928441366 17.4499216179053 48.268919189771 69.7599897782008 69.4704353809357 61.3155017296473 47.7236708005269 44.0048376719157 36.5437343716621 33.7782154480616 57.3432445526123 66.8258418639501 45.6975003083547 15.22013793389
69.2749420801799 63.7833923101425 61.6949796676636 66.8325523535411 76.2707094351451 84.2141012350718 87.3128573099772 83.3126405874888 87.9330138365428 86.4233771959941 90.1198188463847 91.9130047162374 93.1236545244853 94.7164297103882 89.4491871198018 89.1021192073822 88.7115200360616 83.2393715778987 78.4987062215805 80.6086460749308 79.7463258107503 75.8624076843262 72.9643901189168 73.3519792556763 69.5651123921077 69.1730429728826 68.8074280818303 67.4076726039251 64.2266124486923 59.0862135092417 49.3981937567393 51.2740661700567 57.4721793333689 59.1567903757095 57.3141276836395 45.8012421925863 22.4983294804891 9.74482794602712 7.80957005918026 14.284527550141 33.1490933895111 38.2830103238424 33.3943168322245 26.0806133349737 25.7159695029259 32.2913428147634 44.3807989358902 49.9439438184102 62.3526523510615 67.7426010370255 49.3875046571096
72.5959440072377 71.2111294269562 67.6121860742569 66.2959516048431 72.2634643316269 83.1657250722249 85.1552387078603 83.3338598410289 85.1605236530304 90.4380083084106 96.5028007825216 97.4691907564799 95.5300033092499 96.0703790187836 92.918078104655 92.405358950297 93.3107535044352 89.9864236513774 85.2579474449158 81.3142855962117 78.3343960841497 77.4949640035629 78.3190230528514 80.7630320390065 75.6130715211232 73.6869871616364 66.8644607067108 59.8573336998622 54.1803141434987 52.4743944406509 52.1010855833689 56.5702468156815 62.228336930275 73.9608357350032 78.4104665120443 76.8509705861409 65.2736326058706 44.6932464838028 34.0782726804415 13.6062142749627 20.1998179157575 32.4021577835083 40.8666282892227 30.3281992673874 30.1920076211294 45.3633616367976 67.1606063842773 61.5609188874563 56.4980457226435 63.2563084363937 54.3894271055857
75.2915839354197 74.752539396286 73.6814091602961 70.0467924276988 71.1836169163386 80.531785885493 83.2978338003159 83.2015126943588 83.2029978434245 92.4660166104635 100.493013858795 99.6504028638204 94.9151317278544 97.3196625709534 98.6786882082621 91.9455885887146 94.1214362780253 91.2833015124003 87.2171918551127 84.2559138933818 82.4413398901622 82.4754784504573 79.2639950911204 78.0187447865804 74.6934016545614 70.3671872615814 51.2738625208537 32.2816769282023 28.2390018304189 35.2790902058283 49.1412530342738 53.2959153254827 60.3329439957937 68.1946525971095 78.5339971383413 90.3594295183818 93.1257605552673 75.4040082295736 71.8818406263987 44.2832112312317 22.3076790571213 38.8127019008001 56.6607614358266 56.9535046815872 56.4300070206324 70.7723597685496 98.1477697690328 85.9984358151754 63.0689561367035 49.1370807091395 39.4689316550891
74.0481913089752 72.2398608922958 76.1308173338572 77.1256585915883 74.5583524306615 77.1748920281728 83.215539654096 84.0306083361308 84.3042433261871 92.2302107016246 99.3505815664927 97.6902445157369 93.1540528933207 96.5213477611542 99.8777747154236 90.2964075406392 91.9853349526723 90.0548895200094 87.6146256923676 87.7330104509989 89.8475050926208 88.5172883669535 84.0880473454793 76.1678467194239 74.5462576548259 72.4670092264811 54.6888510386149 34.8645051320394 34.3653758366903 43.5710549354553 58.5601578156153 58.8623036940893 70.5353319644928 80.15043536822 90.8816754817963 86.4380697409312 78.536128004392 38.2748991250992 38.6445000767708 39.2562548319499 46.7095325390498 58.1314464410146 66.4182355006536 37.2828766703606 30.3810834884644 35.6679807106654 75.8174359798431 70.7551538944244 57.130366563797 47.1794108549754 40.6541749835014
62.4438772598902 70.3601737817128 74.1060425837835 76.981375614802 77.0583699146907 73.5173622767131 83.3285351594289 87.3317221800486 88.0114535490672 93.0359462896983 95.7689086596171 95.0869222482045 94.2173997561137 92.3642814159393 94.0955181916555 90.254545211792 86.7005089918772 90.1492933432261 92.1741624673208 93.3883388837179 94.4466690222422 89.0710552533468 88.4431799252828 80.8157126108805 79.1298151016235 79.2050609985987 74.271226922671 67.6080534855525 67.9492553075155 69.3405717611313 70.9662685791651 68.7257597843806 83.9470724264781 92.2839840253194 89.7094110647837 65.0290300448736 44.2724227905273 22.4148134390513 11.835865676403 22.4903797109922 35.1282035311063 60.7986847559611 70.5565611521403 57.1423669656118 44.512003660202 46.6628819704056 61.7102881272634 66.2792026996613 63.7050420045853 56.7408253749212 50.015797217687
52.4789243936539 67.7142242590586 71.8090534210205 75.0413239002228 78.1362305084864 74.2056469122569 78.4538338581721 86.517055829366 97.821185986201 99.2112557093302 94.6261088053385 91.7405784130096 93.8580433527629 92.9947098096212 93.0598874886831 90.4293457667033 87.0275398095449 89.1022682189941 88.0024830500285 85.0470264752706 86.9389871756236 85.1534803708394 83.9299857616425 81.5263440211614 83.3814342816671 86.6501231988271 97.5894232590993 96.8502759933472 81.6911458969116 83.5127929846446 70.4227785269419 67.295049627622 78.4429311752319 69.9219157298406 33.8204652070999 25.1660545667013 23.9040603240331 16.4779958625634 4.75357472896576 1.97229363645116 1.54929390798012 23.3638808131218 67.9760873317719 84.3073129653931 93.1025942166646 84.9263469378154 84.5337112744649 85.791418949763 84.398478269577 72.8529840707779 61.6593211889267
54.1837513446808 64.8787915706635 72.4249680836995 75.0614007314046 76.6120503346125 76.8912931283315 70.9387212991714 81.1801602443059 102.940221627553 101.76823536555 92.4430390199025 89.1100168228149 91.8024281660716 95.4225659370422 94.2043264706929 90.9659266471863 89.6343588829041 87.2868895530701 80.5252095063527 73.1149762868881 73.0603138605754 77.5007406870524 77.4914274613063 79.9928903579712 81.4006825288137 86.5648786226908 105.46483596166 113.641659418742 93.2390590508779 80.2854150533676 67.7897284428279 55.1597277323405 59.4790379206339 55.9495737155279 31.4515853921572 19.8705593744914 21.1199273665746 28.9186413089434 20.7566395401955 7.78374262154102 1.27516128122807 8.92321082452933 34.253254532814 66.0327126582464 70.00432908535 79.265554745992 76.5552222728729 78.9815485477448 74.3937244017919 67.5844748814901 69.542184472084
66.6657537221909 69.9253082275391 72.3554988702138 68.9391940832138 62.6461356878281 59.8124116659164 67.9775774478912 73.586235443751 84.1162105401357 79.9779991308848 77.0644843578339 82.7624251445134 90.1064773400625 92.4115081628164 88.1094137827555 89.9726351102193 90.2224977811178 83.7627649307251 75.749009847641 70.1081107060115 69.6939329306285 70.6879943609238 73.4149217605591 77.7595688899358 77.7665625015895 81.3517272472382 94.2910313606262 102.486272652944 88.700791200002 76.3586461544037 63.3055071036021 50.5582988262177 46.0247298081716 59.529905517896 54.876908659935 30.1372980078061 30.3185060620308 64.5641485850016 69.3128009637197 45.2230870723724 18.7566143771013 11.1980997025967 22.4026491244634 31.6379865010579 30.077633758386 36.0321799914042 44.3903853495916 53.747167189916 54.2743504047394 59.8677098751068 85.5785806973775
78.6836296319962 75.3283600012461 71.3738302389781 63.8832946618398 53.3566375573476 46.8151619036992 58.4647208452225 57.3733299970627 47.2449660301208 47.8535244862239 58.5113863150279 71.0136493047078 77.7138968308767 82.4142843484879 85.6895248095195 96.3466962178548 99.0768770376841 89.8609161376953 80.57967821757 76.9714117050171 73.7986266613007 73.6663639545441 75.6685634454091 73.9987442890803 72.9294121265411 77.3550023635228 83.22574198246 89.9308721224467 80.4456770420074 59.158389767011 62.8336767355601 57.4488441149394 51.5917589267095 68.894291917483 74.6992925802867 62.0290885368983 52.300900220871 45.136163632075 49.4864235321681 52.1902541319529 37.7406626939774 25.4099393884341 22.0014949639638 22.5235943992933 15.6557237108548 16.5939331054688 26.8453036745389 29.4951697190603 38.9217088619868 61.1556520064672 114.198396603266
81.7947636047999 74.7810502847036 69.6158011754354 65.4557297627131 58.0387711524963 51.6078174114227 46.9568818807602 41.8415367603302 23.9487240711848 31.5974106391271 53.1980593999227 65.2996003627777 65.6170646349589 73.8671620686849 88.416596253713 105.171899000804 110.53192615509 102.796196937561 93.9330458641052 89.6781086921692 83.5604965686798 80.8731466531754 80.7947218418121 76.8228769302368 75.528621673584 73.8361825545629 73.3465999364853 73.3170906702677 70.5408751964569 51.4640311400096 55.6896527608236 51.2178440888723 45.2152639627457 72.157010436058 91.9484496116638 95.2515999476115 69.0743525822957 27.6941259702047 23.3876382311185 30.3694158792496 39.1075064738592 34.3340908487638 36.4810501535734 33.6591477195422 21.8770081798236 16.4876853426297 23.0854973196983 38.0152389407158 46.8721588452657 77.8465569019318 148.055692513784
84.4351549943288 78.8241624832153 77.3672660191854 78.5558521747589 75.0419398148855 68.3740874131521 62.8923823436101 63.4697675704956 62.0303849379222 67.6366488138835 76.5636215607325 83.0471018950144 83.3370486895243 77.9065589110057 88.9924168586731 105.994870265325 116.476476192474 116.477280855179 108.540823062261 98.1874664624532 91.6918814182281 86.5472555160522 84.2000941435496 83.0204486846924 78.7276675303777 69.267933567365 64.1782283782959 64.9746159712474 63.2561842600505 59.4379852215449 39.9389714002609 39.9013111988703 34.0832024812698 59.6138040224711 100.003431240718 109.514504671097 75.8597056070964 41.0209496815999 16.4849075178305 16.6677062710126 20.6557934482892 21.2305585543315 35.2324595053991 47.7407475312551 49.4603763024012 35.7920403281848 35.4990561803182 53.4510612487793 83.498626947403 133.358081181844 166.825532913208
85.2999786535899 82.4565589427948 82.6076120138168 84.0059816837311 83.3982725938161 79.5908470948537 79.1038274765015 87.4910056591034 105.32408952713 100.854456424713 91.6187266508738 93.3176775773366 98.7628002961477 85.6785277525584 87.0257715384165 96.5029895305634 106.132080157598 112.371653318405 112.866838773092 105.752150217692 99.8520354429881 92.4267470836639 87.7518951892853 85.9369238217672 75.7970909277598 63.2002353668213 56.1615427335103 54.9051264921824 55.4251372814178 48.7050116062164 24.558370312055 22.069051861763 16.2797619899114 15.9475890298684 97.2220400969187 110.803405443827 90.5339519182841 78.7531236807505 44.9584821859996 11.1745409667492 3.87627972910802 0.86905915910999 19.351943085591 52.8629372517268 60.775026679039 50.3117591142654 48.9495346943537 76.0731001694997 138.919065395991 186.201016108195 177.797774473826
