input/barkrak2/radiation/dir32924.grid
NCOLS 85 
NROWS 70 
XLLCORNER 665100 
YLLCORNER 4664600 
CELLSIZE 20 
NODATA_value -9999 
[rows 46 to 68 of 70, columns 0 to 51 of 85]
58.0780903498332 59.5892071723938 62.3154739538829 64.2607112725576 64.0403727690379 63.8506263494492 65.6851232051849 67.6094144582748 64.2481843630473 62.9830261071523 61.9859198729197 61.1430108547211 57.5432678063711 54.477388660113 54.2472302913666 58.0666959285736 56.1062594254812 51.1413812637329 56.4225216706594 55.9145460526148 52.5985509157181 53.7331054608027 53.56831351916 51.78069571654 58.1240653991699 52.898238102595 54.3402234713236 55.0779749949773 54.9574742714564 54.1230042775472 52.4679819742839 49.3178069591522 48.5016206900279 48.6076325178146 50.5253771940867 51.8941084543864 53.1061391035716 58.512955904007 59.7427040338516 56.7714869976044 57.813103000323 53.0931502580643 57.5480361779531 64.110279083252 55.711085597674 27.8544078270594 2.39727056274811 0 0 0 0 0
52.0822554826736 54.4699082771937 60.0080788135529 61.6186012824376 65.0602877140045 66.7537301778793 64.7399127483368 64.4325762987137 64.5955602327983 67.1856005986532 64.3274734417598 60.3828777869542 59.2555155356725 59.3102773030599 57.5904548168182 56.4024696747462 55.6098918120066 48.8311797380447 52.5776992241542 53.9939453204473 51.6618092854818 52.6893635590871 55.9375683466593 50.7113834222158 53.5189161698023 52.9155433177948 49.0405758221944 52.2525211175283 54.1539390881856 53.6254048347473 53.7280142307281 52.6397228240967 48.3088394006093 51.995575428009 61.442623535792 65.8146490653356 60.7712666193644 55.6686272223791 57.8269362449646 64.738854765892 61.0657831033071 53.7952085336049 59.8630706469218 64.8477077484131 59.429536263148 43.1830833355586 11.851550390323 0 0 0 0 0
45.339971780777 48.4898487726847 53.589254617691 57.1085959672928 63.568522532781 66.9824282328288 63.970610499382 62.2132519880931 66.1379843950272 68.3262596527735 66.5990461905797 62.4440610408783 61.0722899436951 61.7723762989044 59.8856707413991 54.4072339932124 53.8437863190969 48.8852610190709 52.2769391536713 55.587242046992 54.7542671362559 55.4646005233129 58.1593612829844 55.5859506130219 54.2132506767909 55.5378099282583 52.7450442314148 56.6370586554209 61.2424264351527 62.8347247838974 67.3852513233821 66.9984569152196 57.7531407276789 58.9132954676946 66.780020793279 74.953963359197 71.4301268259684 61.8368138869603 58.879146973292 63.9776190121969 57.8462978204091 52.8150747219721 50.8082807064056 51.0946810245514 49.8871058225632 48.7605333328247 38.0403846502304 3.69201973080635 0 0 0 0
44.2844927310944 42.2462125619253 46.3831077019374 54.234911998113 59.7726752360662 62.8834068775177 65.5937194824219 68.2729085286458 69.581001996994 66.2869612375895 68.1575139363607 68.4619496266047 64.9529894193013 62.3929997285207 60.6753329435984 56.5270433823268 55.1207611958186 52.9528260231018 55.9471795956294 59.1745773951213 60.6102148691813 61.4211956659953 58.8832596937815 61.2056354681651 56.8706889947255 59.7091863552729 61.5947792927424 64.9489611387253 70.8380440870921 76.0547618071238 81.3433627287547 83.4832489490509 73.7245976924896 67.5813655058543 67.0137951771418 74.7886250416438 77.4358510971069 73.0599413315455 63.8548980156581 56.0451100269953 50.9928564230601 52.8213828802109 51.4137446880341 47.7212319771449 44.3731248378754 47.5410272677739 39.5136003692945 10.0413920978705 0 0 0 0
44.518103202184 47.9422956705093 51.4885187149048 57.605966925621 58.0300291379293 58.4340989589691 66.2993093331655 71.3238964478175 71.3310390710831 71.0246662298838 70.8160946766535 70.5898900826772 67.0908788839976 63.0078464746475 63.1067007780075 66.3171807924906 58.7918609380722 59.3450168768565 60.0769917170207 64.5528336366018 64.6821409463882 62.6078148682912 60.2480471134186 60.2998336156209 55.7743410269419 63.2866720358531 68.322961529096 70.9255039691925 76.672171552976 82.6645543177923 88.4114801883698 90.8585886160533 84.3994716803233 70.9471156199773 61.2869262695312 56.2080989281336 64.8551632960637 73.7127314011256 65.3642366329829 51.9268413384755 46.2011694908142 53.0409316221873 56.878849864006 54.1028330723445 49.0675270557404 43.4611638387044 25.875431795915 14.1676229735216 0 0 0 0
45.3220903873444 56.1450074116389 58.1677109003067 59.3768854935964 57.5468639532725 57.0941766103109 64.5626882712046 69.9129203955332 69.8699007431666 74.7346381346385 72.6393560568492 71.8504289786021 69.5601205031077 65.2002841234207 65.3106371561686 71.218545238177 64.3402834733327 62.2271796067556 59.4936460256577 62.0979567368825 61.7043375968933 60.713400443395 59.5261007547379 56.7261626323064 54.1055848201116 56.3817719618479 61.7194126049678 67.2174046436946 70.8838949600856 78.1664699316025 84.0942760308584 90.9299651781718 85.4150255521138 65.0226871172587 23.1722121437391 22.672896583875 29.82414017121 58.3783636490504 71.686198314031 69.7615295648575 64.7399028142293 57.5088908274968 49.8991111914317 44.4625318050385 48.8968988259633 45.1434204975764 25.7328897714615 19.4984649618467 1.11683729725579 0 0 0
48.8997300465902 47.262504696846 46.5499460697174 48.5242754220963 54.6278854211171 60.2690627177556 61.0483735799789 66.6180749734243 66.6340341170629 71.3370889425278 71.6778188943863 73.6945569515228 73.3852138121923 68.5348411401113 66.8336649735769 65.4440075159073 67.2898838917414 61.7487827936808 56.2689354022344 54.3959339459737 53.4778386354446 55.5869787931442 56.2307685613632 51.6407390435537 53.5781135161718 50.5441625912984 52.1867026885351 53.3275951941808 58.6594839890798 63.2170140743256 65.5660380919774 74.5927592118581 71.4684476455053 50.4235525925954 18.9699493348598 11.2550941606363 12.0652976135413 20.7799238463243 48.3330537875493 62.8420958916346 71.8044290939967 59.8324636618296 47.3581105470657 39.5469665527344 44.0918306509654 29.459685087204 25.136520465215 37.0747993389765 20.825936148564 1.01614246765773 0 0
51.3225694497426 42.1283741792043 40.1275704304377 45.0242261091868 55.633803208669 63.981220126152 63.6571596066157 64.7130757570267 67.3758983612061 67.911371588707 70.076862970988 72.554349899292 74.2395867904027 73.2194483280182 68.8177446524302 66.343829035759 68.2976941267649 62.6248071591059 57.9533080259959 58.4822098414103 57.8807890415192 55.4013550281525 54.1335244973501 50.6248970826467 51.0054429372152 50.0165869792302 49.3117719888687 48.1077283620834 49.9335875113805 48.4142998854319 43.4359262386958 46.744962533315 49.3078927199046 26.3324255744616 20.6289291381836 12.1539272367954 3.70148196816444 2.74551752954721 10.9621261556943 27.0423144102097 55.0580124060313 50.3067622582118 40.978287657102 36.4201019207636 25.0507742166519 26.0921145478884 23.8623569409053 43.7699059645335 51.6380965709686 32.1860015392303 5.84199962516626 0
51.4285812775294 46.2660690148671 44.4369663794835 49.5154758294423 58.2515050967534 65.3895884752274 68.4945732355118 64.725657304128 69.1061814626058 67.5607025623322 71.2080796559652 73.1246173381805 74.3943055470784 76.0863622029622 71.3896900415421 71.210116147995 71.4930196603139 66.1927709976832 62.7809365590413 63.9045387506485 63.2404734690984 58.978408575058 56.4505557219187 56.0754587252935 53.6600003639857 52.395169933637 52.0687997341156 48.0992098649343 44.5547501246134 40.3378928701083 34.6039881308874 37.2436568140984 44.0744012594223 46.123464902242 44.2547847827276 33.6469461520513 13.4128605326017 3.90607553223769 2.72199418395758 7.90349083642165 23.099792500337 27.4300078550975 23.4455292423566 17.4730519453685 17.2040797770023 22.6743966341019 24.6915320555369 36.7380057772001 47.5147465864817 52.1882474422455 33.8621859749158 4.10271094491084
54.5358061790466 53.160106142362 49.8721102873484 48.8054653008779 54.53722178936 64.7365947564443 66.3862327734629 64.3364091714223 66.5009915828705 71.5078413486481 77.4941742420197 78.1482954819997 76.578696568807 77.2370894749959 75.0611772139867 74.3738263845444 75.1389811436335 72.9812234640121 68.1402037541072 64.5119398832321 62.4475280443827 61.2289905548096 62.3619655768077 63.8903379440308 60.2532724539439 57.5177023808161 50.3967503706614 41.7252629995346 37.2585207223892 34.9549402793249 35.6959750254949 41.9249832630157 48.2303947210312 59.1727743546168 64.075435201327 62.4632934729258 51.334743698438 33.1734890739123 23.3328839143117 7.31949880719185 12.6739566524824 22.6766392588615 23.4268878897031 17.3904995123545 19.804892440637 33.6560855309168 52.949532866478 46.8261937300364 41.8496082226435 47.907829284668 39.7391393780708 9.91278886795044
57.0339262485504 56.4866065979004 55.4770131905874 52.200973033905 53.419237335523 62.2499485810598 64.4120077292124 64.3247117598851 64.6047343810399 73.5822767019272 81.3818524281184 80.0896386305491 75.6824910640717 78.1603256861369 79.8833618561427 74.119379123052 75.9151130914688 73.4423647324244 69.7405834992727 67.0612504084905 65.59885541598 66.0383154948552 64.2564594745636 61.3232950369517 59.2975566784541 55.1896691322327 36.8448048830032 7.52769534786542 6.18094267944495 21.7717041571935 32.09538012743 39.0148758888245 46.4301854372025 53.6944518486659 64.7539397080739 72.6797829071681 68.804606795311 59.7326358159383 45.7749019066493 26.7654210329056 14.3638215959072 22.8243321180344 43.7773019075394 43.6825056870778 36.6800501942635 56.0596783955892 80.4624060789744 69.5221523443858 48.0756958325704 35.5975280205409 24.0907371044159 11.1678702135881
55.901567141215 54.1046510140101 57.7243864536285 58.8139295578003 56.5186639626821 59.0143154064814 64.0941162904104 65.0861163934072 65.6222999095917 73.4811474879583 80.0504138072332 78.3516317605972 73.9536037047704 77.2406508525213 80.6155999501546 71.5399036804835 73.2685625553131 72.0593531926473 70.0460424025853 71.5455611546834 72.3743985096614 72.3607838153839 66.6995545228322 60.4127148787181 59.0572108825048 56.772251923879 39.7885516285896 21.7942098776499 21.143838763237 29.1625708341599 38.9243414004644 42.6595707734426 55.6337833404541 64.739336570104 75.438270966212 71.7011988162994 66.2531356016795 27.2027527292569 27.644303937753 28.2360414663951 34.6989557147026 43.2068804899851 50.7646898428599 26.5336806575457 20.8512519796689 25.1340096195539 60.083602865537 55.8841129144033 43.1927541891734 34.1641157865524 28.3119231462479 21.2216973304749
45.0876802206039 52.4206161499023 55.8375418186188 58.6055417855581 58.7483545144399 55.6218971808751 64.4570589065552 68.1835114955902 69.0102825562159 74.1562296946843 76.4001707235972 75.4072020451228 75.0252256790797 73.4050671259562 74.9348004659017 71.2224791447322 68.2153801123301 71.5932697057724 74.1519927978516 75.5110681056976 76.7857780059179 73.5630045334498 71.4254925648371 64.6180013815562 62.3107105493546 63.0502849817276 59.1796934604645 51.2175659338633 50.4015584786733 50.3091017405192 51.576500137647 47.9555825392405 67.6095187664032 77.4595340092977 57.024692495664 52.107776204745 32.3279450337092 14.6104258795579 6.1355239401261 14.5279218753179 13.6563070118427 45.7768936951955 54.1613002618154 44.2384481430054 32.2868327299754 33.7624152501424 47.4577496449153 51.6964594523112 49.1387794415156 42.636051774025 36.4511062701543 35.8986854553223
35.9598199526469 50.0330825646718 53.9682358503342 56.8571388721466 59.826339284579 56.0945769151052 60.0631584723791 67.345937093099 78.1955967346827 79.4898271560669 74.8814096053441 72.3538945118586 74.5284855365753 73.9527394374212 74.1429577271144 71.6868340969086 68.0328508218129 70.1325039068858 69.652001063029 66.9756184021632 68.760226170222 68.0064111948013 67.6430861155192 66.7378107706706 67.0721928278605 70.8465874195099 77.9117196798325 81.6762298345566 68.5907999674479 62.6466969648997 51.8032709757487 47.8146721919378 60.2525770664215 55.3448100884755 23.7399265170097 16.8659090995789 15.9975253045559 9.98213514685631 1.47517491132021 0 0 14.9845456083616 48.3861714601517 70.1709886391958 75.2593179543813 69.5942342281342 68.6989525953929 67.9584642251333 68.2169844706853 57.3978324731191 46.7761009931564 57.9886883497238
37.8797178467115 47.4850187699 54.3973346551259 56.877593199412 58.4271897872289 58.6310972770055 53.2273203134537 62.5001688798269 82.5546979904175 81.3281685113907 72.8521098693212 69.4267054398855 72.7625290552775 76.1425644159317 75.230727593104 72.0424403746923 71.0193614164988 68.7301059563955 62.0468656222026 55.6236257155736 55.7951877514521 59.9842419226964 60.1693838834763 62.8370344638824 66.9946372509003 71.1380392313004 86.9419674078624 91.6516482830048 74.3662118911743 65.4797405004501 50.8847633997599 41.3632144530614 41.9820447762807 43.0918484926224 22.0295811692874 12.7514774600665 13.7792676687241 19.7215378284454 12.3292667170366 2.43059499189258 0 3.90324338028828 24.0291307369868 50.2628336350123 53.3668498198191 54.5337349176407 52.0361761252085 62.621220946312 59.132253130277 52.8136392434438 53.8070549567541 88.9095564683278
49.0994652112325 52.0285467306773 54.3724000453949 51.2061218420664 45.5329418182373 42.4353033304214 50.195316473643 55.4924110571543 64.9621138970057 61.072771747907 58.5415164629618 62.8940363725026 70.7599818706512 73.0284949143728 69.058284163475 70.9457546472549 71.4284032583237 65.5847092469533 58.0550134181976 52.6772836844126 51.8073340257009 53.1861533721288 56.8903386592865 60.6135378281275 60.0427587827047 64.335619409879 78.4821410973867 84.3225419521332 71.7623233795166 58.0436686674754 49.5893706878026 35.1600597302119 32.1555684010188 46.4575787385305 42.8050061066945 21.0374494393667 21.0209439198176 51.0657032330831 48.6833155155182 33.0612411101659 8.60106758773327 5.3464708228906 14.3932377298673 21.8873272339503 20.5925268431505 22.3844101031621 24.9868979056676 28.2308235764503 34.6751287579536 45.6827531258265 67.8366521994273 122.39604194959
60.2500985066096 57.0941666762034 53.4158100684484 46.4756538470586 36.8230392535528 30.9076582392057 39.6911576390266 40.5512774984042 31.0798039038976 30.0378973285357 41.6315272450447 53.4297625223796 59.4324767589569 63.5806123415629 66.6827112436295 77.0119031270345 79.5100033283234 71.0108975569407 62.4919583400091 59.2749863862991 56.2920272350311 55.4436246554057 57.8253169854482 56.4301957686742 58.7237725655238 60.6785317262014 68.1002785762151 70.4204340775808 65.1001979907354 45.6901788711548 49.7104873259862 40.3323496381442 35.476990044117 54.9189100662867 61.1763298511505 49.2509504159292 39.5664821068446 25.1400495568911 37.9820913076401 39.3402129411697 26.5675584475199 12.2193073232969 14.0570774674416 14.5488617320855 9.00065215925376 10.2389523138603 17.9895423352718 20.1643370091915 21.2901706496875 46.2658057610194 93.9740339914958 138.314753770828
63.1022801001867 56.5311014652252 51.7572959264119 47.9331066211065 41.0205200314522 35.2432777484258 30.8041324218114 26.6096616784732 11.1065432429314 19.0865322947502 35.1604496439298 47.9627599318822 47.9301959276199 55.5720031261444 69.0518369277318 84.9785308043162 90.4983878135681 83.3716193834941 74.9409298102061 70.8937346935272 65.7249391078949 64.0688836574554 62.584509452184 57.5828552246094 57.1137468020121 56.5571437279383 58.510626355807 58.0058246850967 53.584764401118 38.5342910885811 36.9659066200256 38.4533728162448 34.6900175015132 57.5911899407705 77.3914953072866 80.5533876021703 55.0847550233205 18.7192658583323 15.1898674666882 20.8186370631059 21.9592029849688 18.860224634409 20.0109059611956 19.0079907576243 12.4079162875811 8.44409440954526 14.9318190912406 26.6811947027842 33.7933972477913 60.3560854991277 126.092453797658 157.46479233106
65.5372937520345 60.2365434169769 58.9060833056768 60.000812013944 56.6968818505605 50.5089263121287 45.4799979925156 45.8361655473709 44.6215917666753 50.3202676773071 58.241551121076 63.8885796070099 64.3957753976186 59.4006677468618 69.7523901859919 85.9629114468892 95.9813793500264 96.1281359195709 88.6568029721578 79.0256907542547 73.1539875268936 67.7988032499949 67.4060831467311 66.4201776186625 58.1985116004944 50.7669349511464 49.0555713574092 49.8780657847722 46.4851359526316 45.2055235703786 29.4721201062202 23.3321934938431 18.2331105073293 40.0822634498278 84.6036076545715 94.5938130219777 62.1039817730586 22.7442259589831 9.64760283629099 9.75226672987143 12.9413170119127 10.8136696120103 21.6202959418297 35.4835341374079 36.4431887865067 24.2105896274249 22.2036664684614 39.7074371576309 66.1992977062861 112.102051575979 145.098716020584 158.090611298879
66.3451751073201 63.6744399865468 63.9111548662186 65.1625643173854 64.5237813393275 60.9644999106725 60.7696771621704 68.5133437315623 85.046112537384 81.0402780771255 72.2546031077703 73.1808841228485 78.7577231725057 66.7102833588918 68.0968463420868 76.7215192317963 85.22762854894 92.2449926535289 92.8227603435516 85.9977006912231 80.2404582500458 74.0105410416921 69.5409129063288 65.8982992172241 61.3806297381719 47.831932703654 38.0096510052681 40.1299049456914 40.6226068735123 21.4154273271561 16.1737936238448 14.1856943567594 9.47144503394763 9.82803478837013 79.9864133199056 96.0135062535604 76.5283654133479 64.3412520488103 32.6535031199455 5.36802721520265 0.786349022140106 0 11.9074260195096 39.8278509577115 46.4941660563151 36.8846704562505 35.5721190571785 59.3948066234589 117.946088314056 163.322180509567 156.379510958989 143.801669279734
65.5340552330017 62.0941519737244 56.4370155334473 51.7821510632833 52.0804971456528 54.1874667008718 54.2730887730916 66.5168215831121 77.3141880830129 72.3311106363932 62.0365788539251 62.0951255162557 73.0868428945541 68.6436494191488 64.7239685058594 63.7231717507044 64.7595872481664 71.7251549164454 81.7647874355316 86.1989160378774 82.0029278596242 75.9133001168569 68.4902121623357 63.9390150705973 54.5331637064616 49.3491937716802 34.9480311075846 29.9183924992879 36.2279365460078 32.7436476945877 16.1241342624029 10.763943195343 3.74007100860278 0 0.713614514097571 86.0976576805115 92.8830107053121 104.131281375885 85.7654412587484 35.8978435397148 4.4520456964771 0 4.68885153532028 24.7795209288597 52.2190431753794 72.5557953119278 94.1539903481801 145.826210578283 187.275985876719 197.580277919769 182.14076757431 149.25613005956
67.7372515201569 65.6618773937225 59.651126464208 52.7594685554504 51.2064794699351 54.1201233863831 46.4348743359248 43.7208364407221 44.2074139912923 40.7896563410759 35.021627942721 32.5803011655807 36.8603666623433 55.0129562616348 62.1132800976435 57.7646295229594 46.4562177658081 41.8579677740733 53.1628678242365 74.4846165180206 75.9780655304591 70.2012876669566 63.7451310952504 59.1972768306732 51.5087892611822 49.0310192108154 38.9972478151321 17.7877619862556 28.9911652604739 41.6940102974574 22.6450810829798 15.1164854566256 6.68044698735078 0 0 66.2784228722254 105.980008840561 120.503445466359 107.173462708791 77.6969740788142 44.0790057182312 13.0651146173477 9.45641100406647 29.2601635058721 62.3629490534464 126.942187547684 168.552756309509 199.778238932292 208.737075328827 208.044171333313 198.383132616679 169.410268465678
69.4794257481893 69.3796376387278 66.756804784139 63.1179809570312 61.2153112888336 60.4758113622665 44.9299762646357 30.5224110682805 30.9997946023941 33.2240015268326 30.3982868790627 27.6157384117444 28.8761754830678 51.171546181043 65.2796576420466 55.9983452161153 34.8590066035589 23.4883626302083 27.2288446625074 44.8280274868011 54.1930943727493 57.3200583457947 58.1153134504954 52.0362804333369 44.717530409495 40.4961456855138 29.4935901959737 9.62129359443983 19.5868847270807 45.0184394915899 53.9706101020177 47.01828956604 26.9304364919662 0 0 43.9854810635249 99.7511843840281 107.777655124664 88.222215572993 85.2281351884206 90.8140639464061 75.8387645085653 53.3805439869563 68.8093105951945 122.538944085439 168.116768201192 191.472550233205 202.730456988017 204.491039117177 202.101647853851 197.181344032288 174.781600634257
