input/barkrak2/radiation/dir35624.grid
NCOLS 85 
NROWS 70 
XLLCORNER 665100 
YLLCORNER 4664600 
CELLSIZE 20 
NODATA_value -9999 
[rows 46 to 68 of 70, columns 0 to 52 of 85]
44.2750006914139 45.7740873098373 48.248752951622 50.1503745714823 49.9681383371353 49.8374203840891 51.7086684703827 53.4387181202571 50.4694531361262 49.4538247585297 48.709899187088 48.074334859848 44.8237707217534 42.0751571655273 42.0822550853093 45.2453543742498 43.5379842917124 39.110374947389 42.7593936522802 41.6786372661591 39.3503755331039 39.855753382047 40.2248452107112 37.8728359937668 45.1590518156687 41.5575032432874 43.2754953702291 44.0001785755157 42.9833978414536 42.3388530810674 41.3810859123866 38.6659552653631 38.0686074495316 37.5457480549812 39.8924003044764 40.7941068212191 41.9709881146749 46.5547740459442 48.3427544434865 45.5962965885798 43.2534466187159 41.0373359918594 46.3593453168869 50.692210594813 43.0352985858917 19.29101968805 0.116728944703937 0 0 0 0 0 0
38.725013534228 40.9642656644185 46.0723141829173 47.4295914173126 50.9372850259145 52.4921168883642 50.6527423858643 50.4889239867528 50.5969723065694 53.3149441083272 50.7836639881134 47.5667715072632 45.9899405638377 46.4972406625748 45.1383392016093 44.1458076238632 43.0383235216141 36.9196534156799 40.4475728670756 41.5944804747899 39.0316396951675 39.4690632820129 41.6809022426605 37.598359088103 39.4779915610949 40.281002720197 38.140411178271 41.0921300450961 42.6677614450455 41.7930086453756 42.552317182223 42.1833644310633 37.8733153144519 40.5078182617823 49.7998893260956 52.746241291364 48.7597982088725 44.0255751212438 46.5537110964457 51.8634418646495 46.6293195883433 41.2380297978719 48.96579682827 52.9935956001282 48.0058640241623 33.4502930442492 7.22937720517317 0 0 0 0 0 0
32.4795842170715 35.4307740926743 40.223591029644 43.3404594659805 49.2575367291768 52.6829262574514 49.8107473055522 48.2675532499949 52.1814574797948 54.4084856907527 52.7434349060059 49.2957929770152 48.0196078618368 48.847367366155 47.1061219771703 42.1907951434453 41.7928695678711 37.4234393239021 40.1717623074849 43.1037247180939 42.4608290195465 42.5490885972977 44.3379729986191 41.2111356854439 39.3514906366666 41.4565081397692 40.5094027519226 44.7745273510615 49.2394318183263 51.5620162089666 54.6724398930868 55.1524559656779 47.2821146249771 48.0444331963857 55.4920782645543 61.4413817723592 60.123547911644 51.0373065869013 45.7470466693242 51.178902387619 45.9071844816208 40.4900362094243 39.5166203379631 40.4788131515185 39.6269435683886 36.7083301146825 28.3419489860535 0.850972331439455 0 0 0 0 0
31.5537477533023 29.6620180209478 33.5821583867073 40.6709437568982 45.7689762115479 48.8032400608063 51.371897260348 53.9550532897313 55.2130887905757 52.348867058754 54.2034357786179 54.3138086795807 51.5406131744385 49.2627074321111 47.7834790945053 43.9754525820414 42.8251673777898 41.1406904459 43.5533374547958 47.063002983729 47.9381581147512 48.0058044195175 45.7257330417633 47.0309058825175 42.3957059780757 45.104131102562 46.6031779845556 50.8883396784464 57.5933406750361 64.3446743488312 69.8235531648 69.7271972894669 61.67833507061 56.2264422575633 55.7245463132858 56.032250324885 62.1684690316518 58.180515964826 50.0373989343643 43.5345570246379 40.0130599737167 40.686937669913 40.1412645975749 37.4351019660632 33.4208011627197 35.2806051572164 21.6939275463422 5.94237012167772 0 0 0 0 0
31.7240208387375 34.8346506555875 38.1601254145304 43.7587350606918 44.1486388444901 44.429471095403 51.9126355648041 56.7676226298014 56.671271721522 56.585763891538 56.6449463367462 56.5275897582372 53.3643066883087 49.6707409620285 49.8880793650945 52.6447345813115 46.2842186292013 46.5285529692968 48.0820039908091 51.4224668343862 52.4710218111674 49.8963097731272 47.8137781222661 47.1157431602478 43.806513150533 48.1711824735006 50.6791770458221 54.3420116106669 58.7133467197418 69.808229804039 76.6863822937012 77.9449393351873 69.5266177256902 60.3629400332769 43.3100014925003 46.4125921328863 54.3990234533946 62.5008891026179 54.631307721138 41.3995583852132 35.1874182621638 39.1424298286438 44.1322475671768 40.0530969103177 36.0908433794975 34.4090064366659 19.6374816199144 9.47014987468719 0 0 0 0 0
32.4676036834717 42.4167265494665 44.3942050139109 45.5770790576935 43.6762273311615 43.2434479395548 50.3781586885452 55.4716636737188 55.3307930628459 60.1154814163844 58.039719859759 57.3579122622808 55.4889539877574 51.3543387254079 51.9714256127675 57.6267093420029 51.3061384359996 49.2588778336843 47.6010193427404 49.0963856379191 49.4417101144791 48.0106274286906 47.8839029868444 44.6300655603409 42.3760314782461 43.6555594205856 48.5043426354726 48.6956735452016 53.0193398396174 57.5986951589584 69.7887043158213 77.9001712799072 70.5978721380234 53.6258568366369 17.364797492822 16.8941641847293 23.1252387166023 48.4246561924616 55.1219979921977 56.3067595163981 50.6907006104787 44.3803419669469 35.9418739875158 35.4512979586919 39.5315140485764 35.4334563016891 19.5223291714986 14.0798563758532 0.0401378104773661 0 0 0 0
35.7853646079699 34.3126207590103 33.5556318362554 35.5935816963514 41.1990731954575 46.0540900627772 47.0130095879237 52.3770252863566 52.3113260666529 56.6810518503189 57.0822457472483 58.9608947436015 58.7325145800908 54.7197312116623 53.4417380889257 52.4400621652603 53.9275954167048 48.6705203851064 44.3183779716492 41.9487704833349 41.6946609814962 43.8456485668818 44.7378307580948 40.543794631958 41.8172578016917 39.1484027107557 39.0613749623299 41.1510715881983 40.7462567090988 43.9785967270533 47.180230418841 60.2513899405797 58.9560568332672 32.3174248139063 13.6658710738023 7.01441057026386 7.73437134921551 15.2809321880341 35.1218432188034 52.6439696550369 55.2012175321579 47.6163923740387 34.1728602846464 31.0186669230461 31.8281278014183 22.7757195631663 19.0149669845899 28.1725202997526 13.5986333092054 0 0 0 0
37.9839191834132 29.4919485847155 27.65903621912 32.2014739116033 42.0676618814468 49.7363209724426 49.4391520818075 50.4414985577265 52.9891153176626 53.3344596624374 55.484394232432 58.0789943536123 59.5982223749161 58.693066239357 55.1265974839528 52.8231759866079 55.2832235892614 49.7780044873556 45.6396589676539 45.6280012925466 45.2192922433217 43.71311267217 41.996439297994 40.1660924156507 40.1349539558093 37.8544007738431 37.3208597302437 37.2154985864957 35.7936695218086 34.2766890923182 28.6653613050779 33.5891967018445 35.2959881226222 20.0648084282875 15.1016116142273 7.77952435115973 1.13889807835221 0.274791265837848 7.02721253037453 20.6852219998837 40.5792593955994 37.0629827181498 31.7998429139455 23.0150272448858 18.9224618176619 19.8413593073686 17.8962051868439 33.8364963730176 40.3706034024557 22.7117935816447 0.920688267797232 0 0
38.1026938557625 33.2687646150589 31.5785259008408 36.2870295842489 44.4444964329402 51.1654416720072 53.6382595698039 50.2265840768814 54.5953909556071 53.2418191432953 56.7680448293686 58.5561096668243 59.8058054844538 61.3509118556976 57.1552912394206 57.3088725407918 57.313730319341 53.0837873617808 50.0653038422267 50.6070405244827 50.1088500022888 46.2983300288518 44.7203467289607 44.7325259447098 43.3385819196701 41.6560297211011 39.7522325317065 36.3101214170456 32.7079892158508 27.9442543784777 22.587647040685 26.5513261159261 34.2461268107096 36.4483147859573 34.6789211034775 24.9892026185989 7.77423816422621 1.03153296125432 0.513108214363456 4.27870638668537 17.2515933712323 21.0071802139282 17.5280496478081 12.3366204400857 12.1010032792886 16.8686173856258 18.6057724058628 18.7543307741483 36.6053978602091 40.1335507631302 24.3496646483739 0 0
40.9361720085144 39.6219566464424 36.5796138842901 35.6672952572505 40.8030276497205 50.4954755306244 51.6619135936101 49.9666432539622 52.0757536093394 56.8213264147441 62.6140733559926 63.3119891087214 61.8010262648265 62.3597254355749 60.2329224348068 60.3173077106476 60.6529215971629 58.78713230292 54.460734128952 51.6386429468791 49.6858457724253 48.838938275973 49.575611948967 52.0103673140208 47.0562279224396 45.5181946357091 37.4989584088326 32.0297529300054 26.7098918557167 23.7114578485489 24.476354320844 30.1168709993362 37.8731812040011 48.6487646897634 53.7309497594833 52.1382341782252 38.0112578471502 24.9996532996496 14.811726907889 3.63828334957361 8.20844496289889 16.8650473157565 17.3649626473586 12.2633675734202 11.8522544701894 25.2851968010267 42.2992060581843 36.0148151715597 31.2508021791776 36.2132340669632 16.3506443301837 5.96475539108117 0
43.2836562395096 42.7268445491791 41.7326738437017 38.7648219863574 39.9493103226026 47.9614287614822 49.8434205849965 49.9549259742101 50.3802398840586 58.8719397783279 66.0908172527949 64.9894922971725 60.9025955200195 63.2262329260508 64.9073123931885 59.3535552422206 61.2847506999969 59.1979324817657 56.2346478303274 53.4087667862574 52.6224623123805 54.0510515371958 51.9846528768539 49.5706001917521 47.6942658424377 42.5056864817937 26.75611525774 4.26113450278838 3.2161312798659 10.5499476194382 21.9323113560677 28.0190159877141 36.1788868904114 43.3339724938075 53.7491291761398 56.8386415640513 55.4786026477814 49.7161348660787 37.2964888811111 20.2221497893333 9.66348064442476 16.9865190982819 33.1135839223862 32.5783068935076 27.9577920834223 44.5951372385025 64.7410005331039 56.9018920262655 37.0499019821485 24.3501017491023 12.4700789650281 6.97752709190051 1.97858332345883
42.2632992267609 40.4983957608541 43.857345978419 44.8706944783529 42.803297440211 45.0530201196671 49.9428063631058 50.6602923075358 51.1713723341624 58.5330973068873 64.5518402258555 63.1683717171351 59.1224680344264 62.4394814173381 65.4252121845881 57.3053906361262 58.4494074185689 57.3647320270538 56.0765117406845 57.4522167444229 58.3822876214981 57.9041043917338 54.8090736071269 48.4876732031504 48.0662087599436 44.5497781038284 28.9486149946849 13.0012122293313 12.5251325468222 19.2011892795563 27.1282941102982 31.7643533150355 44.1821912924449 54.0005415678024 64.5938416322072 59.0953230857849 55.7630757490794 20.876998702685 21.19546631972 21.7139174540838 20.630057901144 34.386083483696 38.3017708857854 20.2119114498297 15.2690733472506 19.0002955496311 27.0693923036257 44.5745388666789 30.0473794341087 19.9841186404228 14.3551950653394 10.0083133826653 11.5619972348213
32.274362941583 39.0008638302485 42.1501696109772 44.7103381156921 44.8525846004486 41.8909192085266 50.0333805878957 53.5083462794622 54.2123019695282 59.1566661993662 60.9575112660726 60.2655311425527 60.0426097710927 58.7760905424754 60.2436165014903 56.9509168465932 54.4266055027644 57.3416699965795 58.9153120915095 61.1721773942312 62.5325888395309 59.571236371994 57.0912510156631 52.9098312060038 51.1542757352193 50.8174995581309 46.1802730957667 40.5191381772359 40.2590309580167 40.6833291053772 38.3731996019681 37.7105226119359 49.0568578243256 65.3496086597443 45.7509855429331 41.4929116765658 25.30470987161 9.88441395262877 2.97563585142295 6.64968664447467 7.39142422874769 25.2837290366491 41.171466310819 34.710538884004 23.6442138751348 24.6373116970062 36.949264506499 40.9356604019801 38.3641570806503 32.3813954989115 26.7760058244069 25.6792952617009 45.7879553238551
23.9858850836754 36.7437278230985 40.3280779719353 43.074240287145 45.8271155754725 42.3501431941986 45.9940483172735 52.6949564615885 62.6470198233922 64.1156584024429 59.4524145126343 57.3977132638296 59.4988067944845 58.8558415571849 59.1483513514201 57.0506850878398 53.9010564486186 56.667630871137 55.5911262830098 52.7753531932831 54.535835981369 53.9050847291946 54.1508297125498 52.8406898180644 53.9758155743281 58.5897862911224 65.7900820175807 65.6079649925232 54.8342019319534 52.0876447359721 41.8646633625031 34.1982766985893 42.5826708475749 40.3328090906143 17.7989875276883 11.8464964131514 11.1255918939908 5.95176592469215 0.252497207839042 0 0 10.4657871027788 35.5545282363892 52.6765336592992 54.0128995974859 58.0846120913823 55.8486084143321 55.8551003535589 55.8225065469742 45.7848360141118 35.86096316576 44.9173947175344 88.8732473055522
25.8413056532542 34.2213859160741 40.7539854447047 43.0117398500443 44.2754924297333 44.5916404326757 39.3940955400467 47.996257742246 66.4637982845306 65.832644701004 57.7892363071442 54.7117739915848 57.2002033392588 61.1848086118698 60.2455039819082 57.3143710692724 56.5692484378815 54.5851091543833 48.4515527884165 42.4840946992238 42.5166438023249 45.6034292777379 46.6704467932383 51.0729104280472 52.3977130651474 59.1853410005569 74.5126257340113 78.7619650363922 61.507190267245 49.4673699140549 40.8418426911036 29.4239471356074 27.7030343810717 33.6437374353409 16.3399154941241 8.32445174455643 9.21217476328214 13.5429600874583 7.15780568619569 0.335610859716932 0 1.2579127214849 18.0315549174945 36.8438611427943 42.5192316373189 39.7422115008036 42.5000687440236 43.445477883021 40.8123284578323 41.7939424514771 42.0999825000763 73.1369107961655 108.885357777278
36.0025490323702 38.6372357606888 40.6293347477913 37.8321210543315 32.7296704053879 28.9886717995008 36.0616693894068 41.7026033004125 50.2387235562007 46.1579660574595 41.7240659395854 49.0931570529938 56.2315930922826 58.0320258935293 54.3573498725891 56.2072992324829 56.7674736181895 51.6408582528432 44.4991638263067 39.6350498000781 39.5417263110479 40.1719535390536 42.7747468153636 46.5625822544098 47.4960108598073 52.8697073459625 63.8365646203359 72.7848360935847 61.6632600625356 47.585795323054 36.1318265398343 26.3039370377858 16.3016505539417 36.7481658856074 33.8581800460815 15.4910894731681 15.4344104230404 36.5319574872653 38.440153002739 24.9799390633901 4.77062600354354 2.02614612256487 9.68166378637155 16.16520434618 15.0444010893504 16.6088392337163 18.8634221752485 20.939789712429 20.4113125801086 35.274808605512 54.3453544378281 104.599336783091 119.612336158752
46.2659895420074 43.2478040456772 39.8432413736979 33.5473542412122 24.8113870620728 19.600871950388 27.9722561438878 28.5657793283463 20.1756780346235 17.2746119399865 29.3020009994507 39.1477073232333 45.4487254222234 49.0333884954453 51.9219984610875 61.8205467859904 64.4621749718984 56.4914246400197 48.6302276452382 45.6222097078959 43.0969893932343 43.1747138500214 44.4713731606801 42.1059230963389 44.2425558964411 46.6827104489009 56.4249555269877 57.4181775252024 53.5987963279088 35.8490745226542 34.75288550059 30.9883058071136 27.218500773112 44.3642238775889 50.7622361183167 39.6494219700495 30.3054178754489 19.0225516756376 21.2277323007584 28.0335421363513 16.1552540957928 7.85614177584648 9.39321145415306 9.79605441292127 5.01068774610758 6.31524187823137 12.7715940276782 14.6503696839015 15.6352892518044 35.3627949953079 78.0721108118693 120.037843783696 125.653922557831
48.8643745581309 42.7580624818802 38.3731176455816 34.943533440431 28.5250494877497 23.3822415272395 19.9296946326892 14.7273801267147 2.00223301847776 9.54616193970045 24.8311733206113 34.9574362238248 34.8250990112623 41.8229401111603 54.3406754732132 69.2887604236603 74.5656490325928 68.045566479365 60.1659367481867 56.4644436041514 51.9601951042811 49.708217382431 50.1708636681239 45.638511578242 41.8653835852941 42.9563919703166 41.2238712112109 44.6950991948446 42.5349771976471 29.3608506520589 28.7340556581815 28.5262366135915 18.4393996993701 40.4751300811768 65.8908188343048 68.8826888799667 44.5142835378647 13.4232143561045 10.3791244328022 15.2570207913717 15.6804050008456 13.5729486743609 14.531431098779 13.6533143619696 7.44569301605225 4.57232259213924 10.126285875837 14.3755674362183 24.5350847641627 47.2292850414912 108.120183149974 138.938128948212 140.625347693761
51.1060158411662 46.1531281471252 44.9242343505224 45.8998183409373 42.8535987933477 37.1494814753532 32.5705086191495 32.9080472389857 31.7511210838954 37.285640835762 44.5345590511958 49.4610319534938 49.7367233037949 45.474241177241 55.1309287548065 69.9027925729752 79.6353419621785 79.8808336257935 73.0440765619278 64.00000055631 58.4205240011215 54.4660935799281 52.3121654987335 53.7227839231491 47.5232104460398 37.8415659070015 31.6157713532448 34.757986664772 35.8019669850667 35.4400749007861 15.9606859087944 16.2544772028923 13.065525641044 20.7273090879122 72.3566859960556 82.5018386046092 51.4925271272659 16.9164041678111 5.594818542401 5.70042431354523 8.45334120094776 6.59053151806196 14.7014955679576 18.930306037267 27.1296153465907 11.8696788946788 12.5424973666668 29.7915811340014 53.0721147855123 95.0382153193156 126.73811117808 139.984101057053 143.632620573044
51.8556336561839 49.3051906426748 49.4072039922078 50.7671137650808 50.2742032210032 46.827827890714 46.5835283199946 53.7802775700887 69.3953533967336 65.528392791748 57.3111573855082 58.3544075489044 63.2575700680415 52.1619220574697 53.1075447797775 61.3903452952703 69.1730827093124 75.8171876271566 77.0428677399953 70.5323368310928 65.1999413967133 58.9523365100225 56.3421249389648 53.3638348182042 45.2979505062103 37.6254643003146 26.4864837129911 27.1955827871958 29.9470946192741 15.849427630504 11.2580160299937 9.53528409202894 5.50715501109759 2.85920345534881 65.2631570895513 83.9754343032837 65.4282867908478 53.2477448383967 23.9461412032445 2.1662525832653 0.0103587177970136 0 7.28402907649676 28.668224811554 35.9957267840703 27.2798265020053 26.04990452528 46.8762814998627 101.021975278854 143.867572148641 137.952268123627 126.383274793625 130.414625008901
51.0980834563573 47.9074269533157 42.7085906267166 38.4696076313655 38.7390181422234 40.5231441060702 40.6563431024551 51.7841329177221 60.9102745850881 56.708092490832 47.8889842828115 47.3091105620066 58.006207148234 53.9436588684718 50.5947570006053 48.6857990423838 49.7208287318548 56.8846762180328 66.6545728842417 70.7578758398692 66.7286813259125 60.798853635788 54.9241304397583 49.6557801961899 43.454185128212 35.106306274732 25.7546106974284 16.0027419527372 26.3829852143923 20.531473060449 11.2013183534145 6.5818162014087 1.02333002723753 0 0.0420130769877384 74.2516765991847 81.1650653680166 91.3313031196594 73.1880515813828 27.1057635545731 1.64682837203145 0 1.66270680104693 16.3442840178808 41.0794094204903 59.5398743947347 79.3037911256154 127.663960059484 167.256613572439 177.488029003143 162.877668937047 131.719410419464 115.942458311717
53.1493177016576 51.1981149514516 45.6250607967377 39.2357110977173 37.7936959266663 40.4682556788127 33.6603720982869 31.4287791649501 33.0755660931269 30.0495798389117 23.3144511779149 21.2302828828494 24.6943930784861 41.3139139612516 48.2611060142517 43.1319077809652 31.8605949481328 28.6977713306745 39.9748360117277 59.1751138369242 60.8472228050232 55.7105590899785 49.0553478399912 46.6214021046956 40.3523320953051 34.9069039026896 28.9292285839717 8.06267435352007 12.6926675438881 32.101626197497 16.8487206101418 10.3291105479002 3.1799782688419 0 0 52.9131591320038 93.5104886690776 107.732305924098 94.3269729614258 65.8417046070099 34.1274092594782 6.76513649523258 4.49042674154043 20.4111474255721 49.5449205239614 110.142409801483 149.95684226354 179.695308208466 188.639263312022 187.944253285726 178.47599585851 150.818665822347 122.698247432709
54.7805527846018 54.7128319740295 52.2731592257818 48.875167965889 47.0731357733409 46.3946710030238 32.1028679609299 19.2205210526784 19.5381740729014 21.3871200879415 18.9589336514473 16.518355657657 17.6036978761355 37.7736886342367 50.8972257375717 41.4504011472066 24.7905055681864 13.2642226914565 16.3028302292029 29.9023042122523 40.1817411184311 43.7869379917781 44.3144738674164 37.8529777129491 33.6763064066569 29.3003420035044 11.4472880959511 5.74295781552792 9.10040612022082 35.0914721687635 43.4724787871043 36.6764465967814 17.9711853464444 0 0 32.8905880451202 86.7548584938049 95.0418909390767 76.4263719320297 73.3937919139862 77.7536630630493 62.3140235741933 41.158472498258 55.1618089278539 105.190893014272 148.832241694132 171.635568141937 182.580808798472 184.375107288361 181.946694850922 177.071809768677 155.631323655446 141.377031803131
