input/barkrak2/radiation/dir35724.grid
NCOLS 85 
NROWS 70 
XLLCORNER 665100 
YLLCORNER 4664600 
CELLSIZE 20 
NODATA_value -9999 
[rows 23 to 45 of 70, columns 0 to 52 of 85]
56.8665613730749 47.0993916193644 18.7389589846134 3.41297034174204 0.0292514523607679 6.9445762783289 4.47213153044383 3.43814212828875 2.3281571144859 2.06578305612008 2.04718081901471 1.25023055200775 8.58788813153903 11.6314329206944 9.32114012539387 9.96066940327485 15.1444983979066 22.4172249436378 26.7914682626724 20.8424131075541 19.7150049110254 22.9472989837329 33.8133449355761 42.6649749279022 48.63008360068 47.9493488868078 41.8094595273336 36.3079980015755 15.5904814600945 7.37545266747475 4.23278814802567 0.67162374034524 0 0 0 0 0 0 0 0 0 0 0 0 0 0 0 0 0 0 0 0 0
56.8279872337977 53.0137121677399 32.9524079958598 7.33538220326106 0 2.44414464881023 3.81558109074831 3.90077320237954 3.86131306489309 2.51585741837819 2.77965205411116 1.85500551015139 3.91827616840601 9.72291144231955 9.19712396959464 9.02407181759675 13.1729816397031 20.6951461732388 25.62631915013 19.1680813829104 18.16184942921 15.5795191725095 21.4940682053566 29.0517831842105 32.783846060435 33.5286607344945 30.4471676548322 27.4817620714506 11.8720754981041 3.69983507941167 1.47064169868827 0.755568112557133 0 0 0 0 0 0 0 0 0 0 0 0 0 0 0 0 0 0 0 0 0
45.3096280495326 49.098327755928 42.2631055116653 15.9220099449158 0 6.34542107582092 13.7884343663851 21.4085429906845 22.3754445711772 17.6873927315076 13.4729531904062 14.3506166835626 12.8326018651327 15.5330424507459 15.6215131282806 10.9980901082357 12.3451240360737 18.8925464948018 25.3121082981427 27.278279264768 27.6078879833221 24.0927661458651 21.390937268734 20.9711069862048 23.4665870666504 25.050496061643 21.6517473260562 21.6562623778979 13.0057893693447 9.60995753606161 7.32397908965747 9.34589716295401 5.30875598390897 0 0 0 0 0 0 0 0 0 0 0 0 0 0 0 0 0 0 0 0
44.0603892008464 48.5362509886424 46.1883346239726 23.9038889606794 3.83244641125202 16.67403926452 29.3993825713793 39.4377956787745 48.5217223564784 41.0547976692518 25.8242338895798 27.7719845374425 24.133379260699 25.7219647367795 25.7452006141345 16.3480639457703 14.3337945143382 20.5467976629734 27.4659817417463 36.5916565060616 37.8414988517761 34.8996768395106 28.1856209039688 22.7304026484489 23.0661009748777 24.7655287384987 20.7906241218249 27.9215822617213 26.8506209055583 25.7269789775213 28.9831111828486 43.0615792671839 50.2178221940994 31.5795789162318 0 0 0 0 0 0 0 0 0 0 0 0 0 0 0 0 0 0 0
45.1858689387639 44.3936139345169 44.3618247906367 29.1642223795255 24.0054974953334 34.4925920168559 49.9687592188517 56.6941648721695 53.887868920962 49.4400759538015 35.8769943316778 30.152606467406 26.7043461402257 27.8295253713926 30.2472189068794 24.5337535937627 19.6661589046319 24.3271266420682 34.4104096293449 39.5877013603846 36.9478141268094 29.4241035977999 27.734100818634 28.0981982747714 28.3677702148755 28.3295412858327 26.173268755277 35.3691900769869 51.0309586922328 55.1794717709223 57.9362908999125 63.2652839024862 72.9666451613108 77.7169317007065 37.3648852109909 0 0 0 0 0 0 0 0 0 0 0 0 0 0 0 0 0 0
47.950158516566 38.8893534739812 39.2419894536336 31.3216298818588 42.3594216505686 48.1550594170888 52.906999985377 51.8049200375875 45.2569921811422 37.0461791753769 29.9672534068425 26.3874928156535 25.4206980268161 28.9920195937157 31.2818388144175 30.9823403755824 26.3481761018435 23.466482758522 30.2420804897944 33.5710396369298 31.3525050878525 25.1339773337046 24.8768677314123 30.302882194519 32.205693423748 29.2108779152234 29.9159760276477 35.1441229383151 56.6022495428721 68.649560213089 73.8628307978312 76.6765822966893 83.9648048082988 87.0816906293233 75.6632884343465 14.996312558651 0 0 0 0 0 0 0 0 0 0 0 0 0 0 0 0 0
49.209733804067 34.8028267423312 34.6727644403776 35.2751736839612 44.4036722183228 47.8393137454987 42.1044379472733 21.6551572084427 7.59512434403102 5.98246976733208 5.27592500050863 11.9127010305723 24.0522945920626 30.2599320809046 31.2466273705165 34.4358359773954 31.3049207131068 21.4624032378197 22.5742161273956 25.7402385274569 24.953285853068 25.0961358348529 25.1749902963638 30.0220772624016 34.9371954798698 31.8906207879384 33.9525987704595 35.5199774106344 50.6464888652166 70.7777986923854 81.7822863658269 84.752748409907 87.1093372503916 89.0701512495677 94.4518248240153 76.2919982274373 10.479128609101 0 0 0 0 0 0 0 0 0 0 0 0 0 0 0 0
48.6638794342677 48.8632023334503 65.2417341868083 91.2099778652191 73.8482375939687 53.7453542153041 32.8296472628911 8.11693444848061 5.46242172519366 8.68923341234525 5.10125669340293 3.81795627375444 22.4146296580633 30.5322334170341 33.5922390222549 39.0996336936951 36.253035068512 25.2505491177241 24.4237035512924 26.8814663092295 24.372195204099 27.6637425025304 29.333621263504 31.102587779363 36.3700340191523 39.7983069221179 38.3906612793605 40.5461316307386 51.9943634668986 73.8077958424886 88.2774293422699 89.7553861141205 87.0557030042012 93.2962894439697 103.921790917714 104.962646961212 79.9420028924942 30.2412857611974 0 0 0 0 0 0 0 0 0 0 0 0 0 0 0
58.5940529902776 86.9071483612061 130.548109610875 150.663117567698 131.578663984934 87.315301100413 47.525554895401 25.0608523686727 21.81526273489 25.1713246107101 18.5424759984016 15.1789958278338 24.1145094235738 29.8273911078771 36.3742982347806 41.3794914881388 37.275863190492 32.1383302410444 26.8578802545865 27.5969157616297 27.5563771526019 30.5587400992711 32.7214623490969 32.1625396609306 36.3061974445979 46.6154267390569 46.7568288246791 51.7224421103795 60.1897736390432 75.1337458690007 86.9217813014984 93.14759572347 94.6660240491231 99.3740359942118 103.83681456248 106.498837471008 99.8308062553406 79.3420324722926 25.9076729416847 0 0 0 0 0 0 0 0 0 0 0 0 0 0
110.951046148936 145.118316014608 170.432984828949 173.115412394206 170.06919781367 145.624717076619 109.581033388774 77.632466952006 58.8096876939138 49.0086873372396 43.8760419686635 36.195067067941 26.3425558805466 27.3375064134598 36.0416496793429 40.8223519722621 36.1222624778748 36.9880050420761 27.3840427398682 25.8336986104647 29.3892373641332 30.8899482091268 31.3867901762327 31.5515697002411 35.5238715807597 46.9671785831451 52.8234243392944 58.6698899666468 66.7163829008738 73.3875731627146 83.3576122919718 92.5871034463247 92.9682751496633 90.2538895606995 91.1126931508382 85.9293838342031 89.6509985129039 75.7967382669449 38.6762494842211 0.0194937977842831 0 0 0 0 0 0 0 0 0 0 0 0 0
162.258277336756 180.410405000051 186.211228370667 184.211413065592 186.009446779887 182.558794816335 161.852518717448 125.124017397563 92.9699142773946 68.7793989976247 69.2347288131714 64.7866725921631 40.5975381533305 32.5622235735257 33.4442605574926 36.9093095262845 31.4504876732826 32.0921987295151 26.0060379902522 27.1107604106267 26.7713616291682 28.1757364670436 27.5006219744682 27.1047030886014 32.8749592105548 41.7146782080332 51.4574100573858 55.665726463 63.0951374769211 73.9504396915436 81.0369104146957 83.9079320430756 77.4328311284383 68.3137079079946 69.0051466226578 58.0345690250397 59.4296703735987 47.0700760682424 10.9635405242443 0 0.113815932612245 0 0 0 0 0 0 0 0 0 0 0 0
176.342169443766 185.298879941305 184.747815132141 187.317450841268 187.599837779999 186.327258745829 176.819205284119 148.359328508377 107.449859380722 82.5191835562388 81.8156401316325 79.6375423669815 60.4475885629654 42.3454145590464 34.4331661860148 34.4990293184916 29.0727143486341 26.0555570324262 25.6173138817151 28.7148381272952 25.8289376894633 25.4135727882385 26.1981834967931 27.2628789146741 31.1054587364197 36.6518497467041 44.8788851499557 46.2135324875514 54.1782478491465 69.018950064977 76.3574590285619 74.2713212966919 70.3243315219879 63.7026975552241 57.4357906977336 47.7297256390254 51.260511080424 49.002394080162 31.8249116341273 3.52106802165508 0.822983914986253 0 0 0 0 0 0 0 0 0 0 0 0
168.959498405457 172.487517197927 169.382532437642 170.312980810801 171.875774860382 166.805326938629 160.459230343501 145.394851764043 111.745218435923 92.6376382509867 86.0017041365306 80.3841998179754 71.4988311131795 48.0818251768748 36.9858071208 37.6877238353093 31.6199312607447 25.1610701282819 28.3966138958931 29.5126760999362 28.6978756388028 26.2727861603101 28.8861791292826 31.919002532959 30.8463846643766 35.2377643187841 38.5815252860387 39.2542531092962 45.8170821269353 61.8449747562408 69.876233736674 69.0997987985611 71.9803820053736 71.9135204950968 57.6302905877431 52.7643760045369 55.8677613735199 62.4478061993917 56.9994747638702 22.4362487594287 0 0 0 0 0 0 0 0 0 0 0 0 0
143.834561109543 146.896094083786 149.372309446335 145.751138528188 145.379463831584 144.458085298538 148.952742417653 147.047519683838 122.18056122462 100.519170363744 88.5371367136637 72.0941623051961 63.575009504954 43.7369247277578 33.1873049338659 37.8749221563339 39.1349544127782 29.3759455283483 31.4567362268766 34.0928286314011 34.5436533292135 31.4196397860845 31.5990547339122 34.2919081449509 32.7626317739487 32.5484201312065 37.6626575986544 43.1145777304967 46.0363477468491 57.2559386491776 67.6245043675105 70.8472430706024 71.8009968598684 75.5900790294011 61.1110230286916 60.209666689237 60.2277914683024 67.9121712843577 68.0212577184041 33.4501713514328 0 0 0 0 0 0 0 0 0 0 0 0 0
120.793759822845 130.357603232066 141.174922386805 137.49098777771 136.569559574127 142.395228147507 152.006516853968 155.274132887522 140.749951203664 112.018893162409 87.91517217954 63.2305840651194 47.4520971377691 37.2184639175733 30.0913105408351 33.3349257707596 42.9427921772003 36.3449603319168 34.1480622688929 36.3381778200467 37.4512076377869 34.5826894044876 32.2859783967336 34.2161531249682 34.9353750546773 34.5335677266121 36.6955921053886 44.2623595396678 46.8758642673492 51.765372355779 62.3443027337392 71.7521806557973 73.2876559098562 68.6996132135391 58.5604707400004 67.0764942963918 68.5623735189438 73.9767700433731 74.9719391266505 51.3239502906799 0 0 0 0 0 0 0 0 0 0 0 0 0
85.8909686406453 96.903532743454 105.013062556585 109.67359940211 117.297351360321 132.130801677704 146.537522474925 154.265065987905 151.559134324392 124.389787515004 91.963142156601 60.9544217586517 43.1711375713348 40.4081344604492 33.7794373432795 29.0344680349032 38.2709826032321 39.296085635821 34.4513580203056 34.5132152239482 34.9146127700806 33.0246612429619 30.9872776269913 32.1673229336739 35.297746459643 38.1472706794739 37.7525761723518 41.8172776699066 46.1782316366831 46.6978748639425 55.028423666954 68.3940748373667 72.054331501325 60.1211686929067 61.120460430781 74.5276312033335 76.114296913147 74.4533439477285 77.6332467794418 74.2363532384237 25.6813814242681 0 0 0 0 0 0 0 0 0 0 0 0
53.211584687233 59.5305263996124 59.0476940075556 68.7400499979655 83.4825436274211 100.488682587941 114.610453446706 126.220484574636 128.982285658518 106.626063585281 73.3515669902166 50.3046562274297 39.116844534874 37.671335041523 34.5870206753413 30.5756057302157 35.26388357083 35.3732431928317 30.2830785512924 30.8328618605932 33.5366576910019 36.2960745890935 36.1240630348523 32.5187568863233 32.0584997534752 34.7638775904973 39.0921905636787 41.837751865387 45.4287429650625 45.4230308532715 47.0751921335856 58.723380168279 65.5318597952525 62.1240586042404 77.2135158379873 84.1493407885234 80.4787377516429 75.5084504683812 79.5047382513682 94.2133168379466 82.9313347736994 31.9394419590632 0 0 0 0 0 0 0 0 0 0 0
43.1135594844818 44.7973360617956 44.9071675539017 46.9335714975993 55.1018416881561 61.0107233126958 65.0062213341395 70.2982197205226 70.7760800917943 56.4305285612742 42.1137263377508 38.5352844993273 37.388821442922 34.9482347567876 33.7138324975967 34.2828780412674 33.6606949567795 33.240186671416 29.7037089864413 30.4352392752965 34.3853955467542 39.0555138389269 40.6108573079109 37.2623081008593 34.4999308387438 33.2925816377004 41.3143709301949 43.3888733386993 46.3357816139857 46.2491363286972 45.6985930601756 51.6048868497213 59.8979890346527 68.1827863057454 84.4093064467112 82.6291342576345 75.5651245514552 66.0829544067383 68.2171583175659 84.6304694811503 93.1429266929626 83.908865849177 41.7538781960805 0.700019765645266 0 0 0 0 0 0 0 0 0
50.6517787774404 48.4149903059006 48.6022780338923 48.468679189682 45.1486607392629 43.4650133053462 42.4071302016576 43.6724275350571 48.3119388421377 40.9903476635615 34.3179578582446 35.7142935196559 38.7027114629745 38.8460805018743 38.2106030980746 36.657452583313 31.983827551206 38.3179585138957 40.0360673666 36.8011146783829 38.9399280150731 39.8658762375514 38.2765928904215 40.6548902392387 42.2131071488063 37.7879093090693 42.2236025333405 45.1802561680476 46.4499294757843 48.0763216813405 48.7544635931651 51.1572311321894 57.996133963267 71.7589954535166 78.9193312327067 73.9699999491374 64.8073852062225 55.5010984341303 51.7957260211309 61.100368698438 85.6299996376038 88.0927344163259 67.3711846272151 22.3079770803452 0 0 0 0 0 0 0 0 0
54.6207030614217 52.0704686641693 54.8146466414134 53.5422364870707 47.2673277060191 44.3588594595591 42.4226919809977 40.2734751502673 40.6151289741198 37.5030636787415 36.0070417324702 35.9717657168706 39.6713266770045 42.8994496663411 42.6933318376541 39.8994013667107 37.2658520936966 42.0765032370885 44.8714941740036 39.8449748754501 38.4557371338209 36.2544506788254 33.7388912836711 36.1670379837354 40.7890727122625 37.8346120317777 34.7859015067418 39.4977927207947 43.8219408194224 45.9690690040588 46.4604397614797 46.4233259359996 55.5299371480942 72.3012536764145 78.0410269896189 63.6824518442154 55.2440931399663 52.1267006794612 50.7006247838338 56.6855569680532 64.4782880942027 67.0249710480372 55.165042479833 28.9222796758016 0 0 0 0 0 0 0 0 0
40.2519777417183 42.7562346061071 50.7777680953344 48.4282324711482 50.7581432660421 53.1074305375417 52.4532794952393 48.589880267779 39.398305118084 38.1719941894213 41.2382880846659 38.2958898941676 39.0583028395971 42.3965007066727 42.7634616692861 40.4202813903491 41.7511413494746 44.1255966822306 44.3632900714874 40.3891478975614 35.7995579640071 33.6826518177986 31.8032776316007 32.9468846321106 35.92482705911 39.0731568137805 34.5843036969503 36.4151448011398 40.7870933413506 42.8065955638885 41.5621747573217 39.6333808700244 48.3228067557017 62.002624074618 65.9785866737366 57.2779178619385 54.171750942866 56.3645313183467 56.9566587607066 57.2870423396428 53.3876816431681 53.3781200647354 49.2388606071472 28.7082443634669 0.100398775733386 0 0 0 0 0 0 0 0
38.8301884134611 44.2182173331579 47.0266143480937 47.6784259080887 49.4412084420522 51.7736176649729 52.2176722685496 48.7374713023504 44.7314927975337 41.44553343455 43.0721491575241 41.2300477425257 38.8676126797994 37.1778483192126 36.9467486937841 37.2968589266141 34.8960012197495 40.6759182612101 41.8990254402161 40.1477168003718 36.5289698044459 35.1922561724981 35.2881227930387 36.5853061278661 35.4760934909185 43.5035725434621 45.6549624602 42.6812668641408 41.8172627687454 41.0023331642151 37.1957694490751 35.2488358815511 40.2094001571337 43.5393502314885 49.6593018372854 52.3645033439 55.990919470787 61.137725909551 60.9339028596878 54.6875099341075 53.1232406695684 50.5449225505193 48.2269277175268 32.986839612325 5.91234924892585 0 0 0 0 0 0 0 0
44.5370773474375 48.8870292901993 46.2492903073629 49.4048595428467 48.1008191903432 48.289547363917 49.8244067033132 48.7012813488642 50.0493198633194 46.1194862922033 45.4354484875997 45.0038909912109 41.1281262834867 37.0268026987712 36.2847521901131 40.0148779153824 35.4766647020976 38.6098573605219 41.8695112069448 40.7479802767436 38.3097852269808 37.7030372619629 37.7756804227829 39.7305364410082 41.78852836291 43.1261112292608 48.104723294576 45.6099361181259 43.317789832751 41.9517109791438 38.7135992447535 35.5295936266581 38.0526135365168 36.8901366988818 38.1153151392937 41.5152062972387 46.8289951483409 54.7667493422826 54.5428842306137 45.0031061967214 46.6481844584147 43.6571935812632 43.7749723593394 41.1958768963814 26.0964532693227 2.41989176720381 0 0 0 0 0 0 0
