input/barkrak2/radiation/dir33624.grid
NCOLS 85 
NROWS 70 
XLLCORNER 665100 
YLLCORNER 4664600 
CELLSIZE 20 
NODATA_value -9999 
[rows 0 to 22 of 70, columns 0 to 51 of 85]
50.907591978708901 64.9377852678299 76.73512895902 91.9721126556396 97.1849858760834 99.1879304250081 108.172257741292 114.709864060084 123.666018247604 126.808971166611 127.569476763407 123.802204926809 119.463980197906 120.155652364095 120.2306052049 105.853527784348 94.1137969493866 85.2630337079366 83.6300651232402 84.1800570487976 92.032790184021 109.749972820282 125.114758809408 127.679347991943 130.792816480001 138.952861229579 137.728085120519 136.303961277008 128.294279177984 129.861662785212 129.418025414149 149.131933848063 180.833379427592 173.789381980896 172.898411750793 166.876196861267 170.69000005722 176.038404305776 172.999163468679 172.506769498189 172.757824261983 182.419737180074 191.124419371287 182.850956916809 172.290503978729 179.76458867391 185.233354568481 139.666189750036 96.5298314889272 92.6281015078227 113.641083240509 154.093205928802
31.9038753708204 43.9805587132772 53.9564490318298 61.5926682949066 73.8769074281057 79.3728828430176 90.2238587538401 94.8140223821004 106.690178314845 114.999463160833 131.373425324758 126.786132653554 121.755401293437 121.825635433197 120.265185832977 108.22797815005 100.506593783696 91.1455750465393 90.0979240735372 87.2459014256795 99.9177893002828 122.909605503082 137.023955583572 136.655906836192 139.252424240112 141.651729742686 138.966669638952 132.632871468862 132.243265708288 134.743670622508 135.944207509359 158.632089694341 180.438280105591 173.900723457336 171.424627304077 167.515873908997 172.864397366842 176.918903986613 171.922226746877 169.852455457052 168.862561384837 174.036383628845 171.775122483571 162.797659635544 160.384863615036 173.239092032115 177.226642767588 131.697654724121 103.800455729167 113.412082195282 141.081094741821 175.246973832448
13.1658588846525 16.8779554466407 24.6603662769 29.0395865837733 37.814940015475 45.1387216647466 52.0959993203481 65.4804011185964 79.7362476587296 84.5254460970561 96.5906282265981 103.259821732839 115.095357100169 121.468444665273 131.926387548447 132.093588511149 128.42603524526 118.396768967311 101.624925931295 95.019539197286 107.295016447703 123.163521289825 134.722451368968 137.111445267995 140.827069679896 138.205786546071 136.684278647105 133.247494697571 131.554494301478 139.292349418004 151.030252377192 167.449096838633 177.983184655507 175.144135951996 170.783281326294 170.339266459147 177.298784255981 179.553647836049 173.854430516561 167.223572731018 163.852830727895 157.524327437083 148.757268985113 142.504801352819 147.765537103017 162.649790445964 159.512341022491 125.454594691594 121.254960695903 140.542636315028 164.520531892776 184.196988741557
5.03373239189386 6.51768781244755 8.25592006246249 10.0610076139371 9.40635179479917 15.0902966658274 20.5538533627987 30.7419548432032 46.2037175893784 55.8883051077525 70.9326962629954 81.8270991245906 89.7291203339895 96.7166721820831 99.0153352419535 107.200105985006 103.336582581202 97.770502169927 88.6473158995311 87.0571931203206 89.6240572134654 93.9075748125712 105.956554412842 117.275834083557 123.698790868123 125.679900248845 128.702660401662 129.901786645254 133.176227410634 138.398885726929 147.4449634552 169.204930464427 174.13608233134 171.34823401769 168.710827827454 168.821394443512 170.991639296214 171.593864758809 165.112555027008 155.597984790802 151.463826497396 144.372880458832 144.23402150472 151.933411757151 156.935671965281 153.400848309199 144.019077221553 122.906704743703 130.100905895233 143.368164698283 162.896285454432 180.60956398646
12.3778531948725 7.04270042479038 2.95067143936952 0 0 3.99053717652957 13.7496901055177 19.6689007182916 27.4728164076805 31.1826914548874 41.350578268369 54.8481146494548 67.3173516988754 72.5743671258291 78.3427407344182 81.8170011043549 80.3356071313222 81.8418363730113 79.4645796219508 79.1863103707631 80.3188234567642 80.8369964361191 91.7132794857025 98.7117290496826 107.751071453094 114.06280597051 122.893760601679 122.65145778656 130.18935918808 131.30850593249 137.555817763011 154.043217500051 151.722967624664 157.422145207723 166.284064451853 164.942820866903 161.554753780365 158.892234166463 150.637845198313 142.792095740636 142.433782418569 144.82526977857 151.196161905924 159.604837497075 159.568170706431 138.088206450144 114.746789137522 113.086998462677 123.913357655207 142.024298508962 169.192254543304 182.654579480489
35.5268269777298 20.1743766665459 8.00263012448947 1.11720315180719 0.319758837576956 2.32128674785296 7.22210916380088 14.9005850156148 18.0564559996128 20.5694275597731 25.3901928663254 30.8289105693499 35.3315025568008 40.3047253688176 45.6600189208984 52.4145215749741 57.9937696456909 65.9330387910207 74.2522329092026 80.4221481084824 85.4162275791168 88.7205600738525 89.4562204678853 93.1427578131358 101.381758848826 107.65677690506 112.615426381429 117.797603209813 126.066625118256 131.704976161321 140.881727139155 148.296117782593 139.158229033152 141.115128993988 141.714702049891 142.69674817721 152.35827366511 150.29173096021 142.829895019531 143.095433712006 142.523765563965 142.127096652985 146.036167939504 148.798624674479 143.309940894445 116.376439730326 93.0434266726176 102.636714776357 121.163030465444 156.581938266754 182.727793852488 185.756166776021
52.7549833059311 35.3460386395454 22.3777269323667 12.1914967894554 4.13371808826923 2.10241259386142 3.4842099994421 7.83411599695683 15.4062410195669 19.4466908772786 18.4930140773455 20.1185109714667 18.6516903340816 19.1338260968526 22.0115060607592 30.4730186859767 39.359504977862 54.0464073419571 66.4497266213099 79.521432518959 86.8465801080068 92.55051612854 91.7239387830098 93.0909812450409 97.4375605583191 98.7895429134369 104.123572508494 110.260526339213 115.804135799408 127.130011717478 136.697242657344 140.078127384186 131.685564915339 125.774393479029 125.585456689199 128.335465987523 129.399557908376 126.27512216568 132.836361726125 130.981028079987 125.255008538564 125.905275344849 133.739521106084 140.68196217219 138.771633307139 134.460657835007 140.908698240916 145.983318487803 154.501388470332 168.855826059977 173.313736915588 174.120803674062
63.2591744263967 50.0142673651377 36.8601207931836 26.0676071047783 16.2441432476044 5.19599175701539 2.43819163491329 0 7.54189677536488 16.294685502847 20.6328394512335 20.8093784749508 19.7172040740649 18.5804441571236 15.2305948237578 17.1186265846093 24.1785397132238 33.8401521245639 48.3229955037435 62.214583158493 75.0917494297028 86.7513616879781 91.8021599451701 90.7669067382812 91.595987478892 93.8265224297841 96.6810981432597 97.4144140879313 104.851017395655 113.900850216548 126.593371232351 128.208816051483 119.288514057795 113.459706306458 112.147301435471 111.737648646037 117.438455422719 117.036332686742 115.78760544459 106.144001086553 107.988744974136 115.710347890854 129.393885533015 140.756507714589 144.766360521317 151.997903982798 158.423850933711 159.427066644033 163.617829481761 162.367026011149 158.567130565643 158.144374688466
60.151070356369 49.7187872727712 40.7390644152959 29.7078937292099 20.503727098306 15.9627646207809 6.09436507026355 1.30099259937803 5.75244178374608 11.1137429873149 16.5812087555726 20.578828950723 23.6522431174914 24.5665063460668 21.9564884901047 21.2748497724533 21.4533160130183 25.1246566573779 32.073770960172 42.7099366982778 52.5903751452764 67.0867264270782 75.9241332610448 78.5588671763738 81.9602658351262 82.2413663069407 82.3617875576019 85.9507123629252 86.6867502530416 94.4625337918599 103.696922461192 105.650087197622 103.639264901479 103.282471497854 105.836530526479 106.537123521169 108.210643132528 109.73205169042 112.264255682627 109.205881754557 110.911428928375 129.992852608363 137.065460284551 140.098760525386 136.997600396474 138.63663872083 140.365411837896 150.245775779088 157.356202602386 152.920265992483 147.130409876506 146.752417087555
41.8817748626073 37.0696187019348 32.1317712465922 23.686741789182 19.8262358705203 12.4491552511851 11.3117545843124 9.63517340521018 6.3028068592151 3.98991784701745 7.10011832416058 15.2001890043418 25.5875959992409 32.2201028466225 35.8028933405876 34.2508082588514 29.0476580460866 27.2389774521192 26.3830795884132 28.9066359400749 33.7648193041484 40.8251335223516 48.9479204018911 56.4068059126536 65.9050643444061 68.7086979548136 70.1441367467244 70.5036024252574 74.1235812505086 76.3406207164129 74.4858036438624 76.2785524129868 87.8087083498637 90.7696882883708 95.1506594816844 99.3449290593465 98.0389714241028 103.168884913127 108.294983704885 116.858144601186 118.688573439916 120.487878719966 121.687153975169 132.2989265124 137.519061565399 137.800673643748 143.710722525915 148.294478654861 150.643189748128 151.66833003362 150.712698698044 148.190120855967
6.60877364377181 5.44255164762338 2.21709751834472 0 0 0 3.57026855150859 10.8274271090825 10.612723728021 6.90621882677078 4.1078208014369 3.88348692407211 15.2738851805528 29.1528428594271 35.5388994018237 34.8098749915759 33.5700710614522 29.7549416621526 26.4833495020866 23.8982910911242 24.7267037630081 25.9816373387973 30.3878337144852 39.9818023045858 49.2995381355286 58.1283122301102 57.8720420598984 59.7463349501292 62.9369715849558 62.7696216106415 65.6960705916087 64.9951100349426 68.2533830404282 70.4331000645955 84.8454435666402 87.8174006938934 90.8623337745667 97.290317217509 104.659537474314 118.597775697708 122.194916009903 118.336975574493 117.439130942027 114.416946967443 116.17437005043 134.780218203863 145.952800909678 146.139959494273 145.412584145864 149.325847625732 151.043623685837 146.450539429983
0 0 0 0 0 0 0 3.03931844731172 13.199158012867 11.1472730835279 6.84306770563126 3.76098261525234 5.34163787961006 13.520664225022 24.6557469169299 28.6097700397174 33.6397215723991 34.0437367558479 29.0298163890839 24.9017650882403 22.0400194327037 21.3221783439318 22.611362238725 27.8980135917664 34.5813905199369 41.5956849853198 44.1615382830302 45.5059905846914 50.7434457540512 52.4553110202154 53.051879008611 55.7061582803726 55.2047441403071 52.1686375141144 49.4300772746404 62.8883192936579 81.9516827662786 89.7441903750102 96.5145329634349 108.336587746938 110.397646824519 109.092732270559 103.747099637985 102.409482002258 102.152278025945 105.491141478221 108.40501387914 128.398855527242 134.363780419032 138.444850842158 141.114453474681 139.642288287481
0 0 0 0 0 0 0 0 6.99052711327871 14.666460454464 14.1602084040642 10.1693253964186 3.41105274856091 2.72168933103482 11.6344864169757 24.5369300246239 34.1726665695508 38.1645162900289 34.5523705085119 31.1836128433545 27.7256593108177 27.9272869229317 28.9810051520665 29.5341014862061 31.4574167132378 33.339058359464 36.9058847427368 41.4082333445549 42.1629101037979 43.578381339709 45.2120800813039 44.4912711779277 40.3097122907639 41.6782746712367 40.882334113121 38.8504862785339 43.3760782082876 53.5398125648499 74.4321842988332 82.7324241399765 93.6242043972015 92.6581422487895 90.2923941612244 91.3988053798676 93.2128926118215 95.0714945793152 90.7607972621918 91.9447541236877 95.435231924057 99.5426873366038 119.343241055806 126.127441724141
0 0 0 0 0 0 0 0 0 6.26589047412078 16.4086408913136 20.0032753249009 16.9890249768893 10.4959135254224 10.0397684921821 20.6894936660926 29.3020556370417 38.0473782618841 44.7649459044139 43.6056057612101 37.6357287168503 36.8195250630379 35.5466529726982 35.9396214286486 37.6532723506292 37.8011514743169 40.0143141547839 45.0042287508647 44.9045399824778 38.5216474533081 41.2384743491809 41.0144080718358 37.4601135651271 33.7429121136665 32.4374760190646 35.2674399813016 31.2930643558502 30.6093965967496 36.9311099251111 39.1628543535868 42.9609815279643 63.0204826593399 66.1486734946569 70.3736841678619 73.7225462992986 84.9091708660126 83.4539035956065 79.2749226093292 77.8348048528035 77.2713323434194 80.5407265822093 97.515086332957
1.106125380223 0 0 0 0 0 0 0 0 0.0761572252182911 15.3421312570572 28.6424607038498 35.2096756299337 29.9384271105131 20.4053161044916 19.0315470099449 22.0175410310427 30.7713523507118 40.8804938197136 48.5006223122279 49.5315889517466 46.7262963453929 45.829306046168 43.864498535792 43.7628279129664 44.4226612647374 44.4392263889313 47.6286311944326 46.4445650577545 39.4996255636215 36.2250333031019 38.7920786937078 35.1897229750951 29.9707526961962 28.209942082564 25.4085386792819 20.6936163206895 16.0944958527883 16.2269299228986 17.030398050944 22.3689998189608 27.4770508209864 31.8221698204676 37.2120663523674 40.659561753273 52.4714787801107 64.1246487696965 70.6403156121572 65.3738975524902 64.7335946559906 66.2973324457804 72.3719745874405
1.74969434738159 0 0 0 0 0 0 0 0 0.0672218690548713 4.60217241197824 27.3262932896614 42.943000793457 45.0678020715714 34.9407717585564 21.9408323367437 17.8450047969818 19.3278330067794 28.9814993739128 44.9819266796112 55.81134557724 54.1974405447642 56.6591173410416 51.8595675627391 49.1134772698084 49.8593697945277 51.3451794783274 48.0565875768661 48.441156744957 46.1256901423136 39.2152989904086 34.488374988238 29.7975664337476 27.0220438639323 22.8782544533412 20.5028677980105 14.8725733160973 11.2127860387166 9.20727476477623 6.45566793779532 5.75701581935088 10.2589161445697 17.6269188523293 20.6822877128919 27.1886885166168 36.2864012519519 43.6897824207942 49.9402085940043 55.9391876061757 55.299033721288 58.516189455986 64.2894059419632
1.00817003597816 0 0 0 0 0 0 0 0 0.140810094308108 0.311832040703545 16.4512768387794 32.218577961127 44.2516605059306 46.4248160521189 40.4277443885803 35.6556698679924 28.2304535309474 23.0355908473333 28.6109670996666 45.770322283109 56.8125545978546 61.8153512477875 58.7044209241867 54.7300924857458 55.7613968849182 58.8795195023219 55.4231355587641 53.5190006097158 55.6875914335251 47.3128656546275 36.7020169893901 28.8129498561223 21.6644356648127 16.0814635455608 12.2558996081352 9.14697535336018 6.57377454141776 4.58622040847937 3.33137437701225 1.42916152253747 2.54007102921605 7.37304550906022 10.1019280652205 16.1722078919411 28.5530562202136 34.9898089965185 39.3338799476624 43.638214468956 48.9533444245656 54.6762446562449 59.0223421653112
0.383810644658903 0 0 0 0 0 0 0 0.461798859760165 0.461147865280509 2.33146144698064 10.5840687950452 23.4035328030586 38.2298032442729 47.6459811131159 53.3382594585419 53.5151809453964 45.4552322626114 33.6009338498116 24.9251698454221 31.7497725288073 48.9555696646372 57.0872724056244 59.6307764450709 62.2236033280691 63.4468595186869 67.1333571275075 67.0538047949473 61.913326382637 56.3851743936539 48.6831367015839 42.4233426650365 30.531828602155 21.6240808367729 15.3483661512534 11.9312393168608 7.67087563872337 4.59183442095916 2.41084350273013 0.641599996015429 0.0393803978416448 0 2.6612114161253 4.04953211545944 9.94697523613771 16.7591348290443 20.5420491596063 24.2616261045138 28.4647916754087 32.2358310222626 37.1135622262955 43.1126654148102
0.437035147721569 0.523461649815241 0.110982121744504 0 0 0 0 0.798473755518595 1.29532790742815 7.84385825196902 12.9530504345894 13.587428877751 19.8253765702248 25.9716957807541 35.8070979515711 47.8490442037582 55.6361377239227 54.5121928056081 51.2407521406809 40.4805094003677 28.7947903076808 37.3735775550207 45.499786734581 54.5374006032944 64.5760198434194 68.6537176370621 71.3994403680166 69.1931496063868 68.392684062322 61.2856596708298 49.7811685005824 38.1917903820674 32.0911581317584 19.4434896111488 13.1668324271838 10.1507107416789 4.9137140934666 1.24880446431537 0.161153652394811 0 0 0 0 1.00810771497587 3.19490240265926 6.69230458637079 11.7061461011569 14.5739590128263 16.6302633782228 23.0702062447866 28.5927255948385 31.4792071779569
0.393788873528441 0.0873597261185447 0.307861211088796 0 0 0.01198078825837 0.145432791517427 1.38699480642875 2.04907838876049 2.239764512827 11.7370920876662 12.1119730174541 13.2301313181718 15.8653892576694 23.3565916617711 35.3751455744108 43.0462708075841 47.8139569362005 52.0576983690262 52.9364744822184 45.7336803277334 37.7640401323636 39.335144062837 46.3942686716715 56.8612019220988 63.6569956938426 70.5662171045939 71.1793253819148 62.4412248531977 53.6836882432302 50.4420896371206 38.5913128654162 25.835208594799 17.8608894348145 9.4842283676068 4.57310738662879 1.12804871362944 0.0228834542213008 0 0 0 0 0 0 0 0 2.45344685390592 6.38051331043243 11.3146690030893 12.4044269323349 14.3559724092484 16.4815982182821
1.55665228764216 0.0337151820228125 0 0 0 0.0850405873885999 0.108642426008979 1.27323515092333 1.9387334274749 1.92078544447819 2.12284503504634 7.13289653261503 7.27054352561633 8.31565881768862 12.2686612109343 22.9772478342056 33.4313760201136 37.7338801821073 45.159305135409 55.3435385227203 60.1217200358709 52.8376003106435 51.5764653682709 54.0286401907603 55.2304635445277 56.8711658318838 59.8883579174678 63.6696517467499 59.804489215215 49.723615248998 38.8850892583529 29.3929030497869 18.2844400405884 9.97275238235792 2.99125537276268 0 0 0 0 0 0 0 0 0 0 0 0 0 3.89187379429738 3.89028278489908 3.8584154099226 4.43636067211628
9.30011086165905 4.0327546497186 0 0 0 0 0.7350561209023 2.87053485711416 2.59900170688828 2.84180231392384 1.96874281391501 1.13061427449187 4.67488573243221 0.798337860032916 7.32566664616267 15.4625537494818 24.4661817948023 32.0310120781263 38.7879610061646 48.9807575941086 57.9264561335246 67.0743236939112 71.3332891464233 70.1140165328979 64.8636271556218 56.1741590499878 51.3791739940643 54.594745238622 55.8342138926188 43.3410008748372 27.5380363066991 15.8786897857984 9.51580889523029 1.03903158257405 0 0 0 0 0 0 0 0 0 0 0 0 0 0 0 0 0 0
34.8052382469177 28.858723739783 10.3520241876443 3.8601802662015 1.76122070600589 0.556119484826922 3.56674411644538 3.99089356263479 3.25927479813496 2.53545710196098 2.01304412136475 8.56200357278188 8.45143323143323 7.4352336426576 8.19462661941846 12.4055097500483 20.7934776941935 28.4139240781466 33.6797709266345 35.6804057955742 39.0667666991552 51.465650399526 61.696857213974 67.1376238266627 66.6624555985133 60.1710776487986 53.8610816001892 45.9078848361969 48.6846715211868 31.5462425351143 14.5481849710147 4.51981524626414 0 0 0 0 0 0 0 0 0 0 0 0 0 0 0 0 0 0 0 0
