input/barkrak2/radiation/dir31424.grid
NCOLS 85 
NROWS 70 
XLLCORNER 665100 
YLLCORNER 4664600 
CELLSIZE 20 
NODATA_value -9999 
[rows 23 to 45 of 70, columns 0 to 49 of 85]
87.1500770250956 76.3083199659983 42.6256358623505 25.0302677353223 20.1461439331373 23.4841654698054 22.8970299164454 9.0569785485665 7.0047869036595 6.56555655101935 17.664160579443 19.2641951143742 23.6122434337934 29.1907464464506 25.7227073113124 26.9846394658089 33.2841426134109 42.6617562770844 48.941304286321 41.2622143824895 41.0599559545517 45.9946741660436 57.7386170625687 69.8131173849106 76.8782049417496 77.3005733887355 70.2209969361623 57.6457679271698 45.7118252913157 18.8570221265157 14.0463834007581 6.06063194572926 0 0 0 0 0 0 0 0 0 0 0 5.44219339887301 9.39798975984255 15.4846198856831 17.8733728826046 18.4385118385156 17.8634201486905 22.4899649620056
86.5063865979512 82.3637892802556 59.9085539579391 29.8145264387131 13.7435769041379 23.5215549667676 22.9359616835912 20.9964488943418 17.2139083345731 7.37072216967742 12.6184585193793 18.5768480102221 20.6269659101963 26.4672487974167 25.4384602109591 25.8173321684202 31.414287785689 39.6886815627416 47.1506516138713 40.7419800758362 39.2666185895602 35.9190255403519 43.8224524259567 52.3306926091512 58.0990314483643 60.0944260756175 56.9399495919546 50.2775808175405 28.6965270837148 12.9865072667599 8.08163608113925 6.13238662481308 0.00474646367365494 0 0 0 0 0 0 0 0 0 0 12.2897985080878 12.7595812082291 9.22935518125693 10.0698303431273 13.3342184126377 15.1458109418551 15.6389983991782
73.005070288976 77.6383479436239 70.7037150859833 39.6762738625209 13.5728207727273 23.4599138299624 29.7879204154015 37.6538361112277 37.6549909512202 30.8698639273643 24.3385185798009 27.100848654906 27.298832933108 32.9013491670291 31.8947558601697 28.8329571485519 30.1154653231303 39.823646346728 47.3744869232178 50.1746932665507 50.1638452212016 46.7203408479691 43.6117053031921 43.3712104956309 47.1598605314891 49.4301418463389 45.91071108977 45.4010566075643 27.5074044863383 22.5200752417247 19.1484553118547 23.6024235685666 17.5304872294267 0 0 0 0 0 0 0 0 0 0 15.076237420241 7.1369626869758 3.37010125319163 6.41986913979053 9.54039270679156 9.12548291186492 9.24317725002766
71.7025846242905 76.9932766755422 74.9170879522959 49.23481742541 26.4658803741137 36.8915597597758 50.740510225296 58.649405837059 66.0614321629206 57.0636689662933 39.8318891723951 42.7734951178233 40.44475654761 45.6643601258596 44.9793537457784 35.231240093708 32.6547374327978 42.3106650511424 49.0831633408864 60.5904360612234 61.398575703303 58.1380923589071 51.1867900689443 45.7029044628143 46.6832965612411 49.4962334632874 44.5426205794016 51.2018154064814 47.6685563723246 46.0740874210993 51.4706472555796 69.7452078262965 78.2566567262014 57.3732753594716 0 0 0 0 0 0 0 0 8.072795967261 3.36675283809503 0 0 0 1.4136351334552 1.28372836237152 3.57678377379974
73.3096698919932 72.1162259578705 72.3184446493785 55.2847236394882 52.766149242719 59.4412386417389 69.9291129906972 74.7827192147573 77.7223805586497 69.5851097504298 50.3299733002981 46.250194311142 47.0389872789383 44.7496175765991 47.3154385884603 45.0679361820221 39.7685244679451 46.2095886468887 57.6016207536062 63.6346638202667 60.4966928561529 53.4686992565791 51.4396925767263 52.057812611262 53.0199706554413 53.374911348025 51.1625011761983 61.1126124858856 77.6397784550985 82.1932852268219 87.1694286664327 94.9962337811788 105.787456035614 112.745543320974 67.2201613585154 1.20273185893893 0 0 0 0 0 11.3821849226952 11.2954514722029 0 0 0 0 0 1.07784926270445 0
76.279416680336 65.2088721593221 65.8987512191137 58.4102223316828 72.6574659347534 72.8412469228109 72.0713635285695 69.3088372548421 62.812199195226 55.8430800835292 45.0968444347382 41.9992258151372 44.2097584406535 46.6661055882772 51.2145857016246 52.2584368785222 47.7431118488312 44.3250189224879 54.548978805542 58.0594589312871 55.0982654094696 49.2308040459951 48.8575647274653 55.5408547321955 58.182214697202 54.6301404635111 55.8462540308634 62.098021308581 84.8742127418518 98.1409748395284 106.763025124868 111.889998118083 120.691468318303 123.181144396464 112.796247005463 40.1309207081795 0 0 0 0 0 2.37092468887568 6.04675089319547 0 0 0 0 0 0 0
77.1775891383489 59.8270297050476 60.2792898813883 63.9762183030446 73.241800069809 71.2976306676865 58.6248089869817 45.3152159849803 34.7355355819066 28.6452521880468 28.2355497280757 32.2099973758062 39.6894464890162 47.0775663852692 52.26136247317 58.8352531194687 53.9779116710027 42.7646338939667 46.3347981373469 48.9895045757294 48.6750652392705 48.9705701669057 48.9727060000102 55.6507805983225 61.1435174942017 57.812288403511 60.6650660435359 62.3931686083476 78.6586304505666 101.503978172938 116.689602533976 123.277485370636 125.932474931081 126.586506764094 134.094297885895 114.256838957469 33.9601511756579 0 0 0 0 0 0 0 0 0 0 0 0 0
75.7041523853938 76.6566197077433 97.2749094168345 128.666619459788 103.894213835398 77.7143885691961 50.9741604328156 28.6150127649307 16.8871705730756 23.0833565195401 20.9481244285901 18.8137218356133 37.1824850638708 48.7633595863978 58.0345888932546 61.8623991807302 59.2089096705119 47.9232867558797 47.2597777843475 50.5964706341426 48.6202935377757 52.1233975887299 53.7166595458984 56.0795068740845 63.022236029307 67.8425480922063 65.9342259168625 68.62806280454 81.1235358317693 106.207678715388 124.156624078751 128.346184889475 125.851213932037 135.403414567312 144.427557786306 149.136334657669 119.546175003052 59.9534263213476 7.12082224587599 0 0 0 0 0 0 0 0 0 0 0
88.2741411526998 121.340692043304 168.813546498617 189.980447292328 167.716026306152 117.111464341482 70.375179251035 41.6734168926875 35.1362625757853 39.9480983614922 31.9723884264628 27.1893739700317 37.6543725530306 47.0736771821976 60.1341625054677 67.223717768987 62.5558396180471 56.2739322582881 49.9531875054042 51.5125095844269 51.8460522095362 55.480569601059 57.8906039396922 58.5319697856903 63.4535451730092 75.7452795902888 75.6363868713379 81.1588615179062 91.0509328047435 109.091450770696 124.434858560562 130.986680587133 134.192049503326 140.226761500041 150.469124317169 147.568672895432 142.639398574829 120.406210422516 55.3379952907562 4.66488146533569 0 0 0 0 0 0 0 0 0 0
147.541652123133 183.030684789022 207.878867785136 208.838144938151 206.786731878916 180.90166648229 137.798468271891 100.037574768066 77.206755677859 66.7323420445124 61.8810802698135 50.8277465899785 40.0881494084994 44.3890293439229 59.2885315418243 66.8569803237915 60.8139882485072 61.4162037769953 52.1776080131531 50.3733257452647 53.4584820270538 55.6092212597529 56.3726077477137 57.2753598292669 61.7977430423101 75.0341961781184 81.7180871963501 90.1267727216085 98.8420446713765 107.689917087555 121.025760968526 132.35679268837 132.856498161952 129.729807376862 132.549166679382 125.932842493057 127.556482950846 115.00612894694 68.6014393965403 18.2081858317057 1.18752491349975 0.843830406665802 0 0 0 0 0 0 0 0
199.023902416229 215.731998284658 220.402558644613 217.802743117015 220.334649085999 216.659029324849 193.011204401652 150.391896565755 112.74399360021 91.025451819102 91.1838511625926 82.3700428009033 56.784192721049 51.2108902136485 59.1655572255452 62.6574556032817 56.1995456616084 57.3574999968211 51.0952174663544 51.8191754817963 50.7217248280843 51.7598291238149 51.3842304547628 52.0251343647639 58.4920942783356 69.7181721528371 80.7876189549764 84.7307642300924 94.8481261730194 106.978406508764 117.894957462947 122.424403826396 113.624572753906 102.597872416178 104.910949865977 90.0956888993581 91.1084016164144 75.8759478727977 41.0313680768013 8.87644477188587 10.3851494689782 7.56128691136837 0 0 0 0 0 0 0 0
214.167773723602 222.099900245667 219.9627161026 220.309873421987 221.329569816589 220.548748970032 210.95726887385 179.230014483134 133.60333442688 105.581233898799 102.849324544271 99.4683702786763 84.2220882574717 64.7901793320974 58.876837293307 61.43785516421 54.9041132132212 50.6901890039444 50.7172991832097 53.4228185812632 49.8169362545013 48.6790339152018 51.0581781466802 52.3796379566193 56.4796229203542 63.5450184345245 73.0688075224559 74.0398814280828 83.9818815390269 100.574413935343 109.950323899587 109.197080135345 104.018270969391 96.7775384585063 89.624027411143 76.0700951019923 80.1289727290471 77.285240093867 57.6593478520711 23.8890573382378 20.3699010113875 22.8899146119754 0 0 0 0 0 0 0 0
207.871814568837 212.097684542338 207.723120848338 208.170294761658 208.570122718811 203.968107700348 197.695891062419 179.058134555817 140.851845343908 116.386125485102 110.433051983515 106.088201204936 96.396932999293 74.1231044133504 63.289354244868 65.6244456768036 58.2081576188405 49.4028727213542 53.9519935846329 55.1507870356242 53.1803667545319 49.4117091099421 53.4309397141139 57.521179318428 56.085283557574 61.0664337873459 65.8349990844727 67.359318335851 74.3507444858551 93.56622894605 102.575232585271 101.221392552058 106.161375840505 107.118308544159 88.5898768901825 82.4778179327647 86.7730577786763 94.1049853960673 88.899294535319 50.1977503299713 17.847802489996 0.655314729859432 0 0 0 0 0 0 0 0
183.621843655904 187.409202257792 189.947207768758 186.048448085785 184.484481811523 183.355391025543 188.024481137594 183.809578418732 152.448574701945 124.130388100942 113.781710465749 98.8766252994537 90.2176797389984 71.2074289719264 59.4747165838877 65.9908950328827 67.5931125879288 55.3944408893585 57.4684292078018 60.3301723798116 59.8350763320923 56.2355617682139 56.3576171795527 59.5947802066803 57.7100068330765 58.8271915912628 64.216082294782 70.4407691955566 75.1722007989883 87.2420271237691 100.082129240036 103.328277667363 104.803383350372 110.511283079783 92.3044284184774 92.384656270345 92.7205979824066 101.329882939657 101.228465636571 62.8203451633453 7.54916916290919 0 0 0 0 0 0 0 0 0
160.821467638016 169.91929213206 181.672553221385 177.690466245015 176.676273345947 182.240525881449 191.956023375193 193.499008814494 173.11151822408 137.365122636159 116.303622722626 91.7271375656128 76.3847678899765 64.8713608582814 55.7327667872111 60.4048023621241 71.356455485026 63.9919390281041 60.7101768255234 63.6286387840907 64.1510089238485 60.0148290395737 57.1361879507701 59.8515222469966 61.2242817878723 59.6892486015956 62.8172308206558 72.5118964910507 76.1514902114868 80.8319648106893 92.9053922494252 104.492098093033 106.791327397029 100.954671700795 88.570495446523 101.184805234273 104.033847649892 108.179271221161 109.226733446121 82.7549050251643 1.51543396835526 0 0 0 0 0 0 0 0 0
123.311420281728 135.225395361582 143.766562143962 148.852616548538 156.734118858973 172.967731952667 186.607122421265 195.446987946828 189.189116160075 157.224545876185 123.356819152832 91.3689533869426 73.5104779402415 69.7982410589854 61.6275121768316 55.433268348376 66.0692602396011 66.5511091550191 61.2097928921382 60.8883450428645 61.456153790156 58.5210571686427 55.3673356771469 57.4532250563304 60.8301907777786 64.6596103906631 64.3093287944794 68.6370432376862 74.5193064212799 75.7379531860352 84.4544768333435 99.5781024297078 104.077478249868 89.1850392023722 92.1857158342997 111.653983592987 115.493317445119 111.789405345917 112.83552646637 108.774115641912 52.4263133605321 0 0 0 0 0 0 0 0 0
87.3601635297139 94.1457152366638 93.3932960033417 104.187270005544 120.87403734525 138.655185699463 153.376340866089 166.556646426519 166.992823282878 143.897404273351 107.834776242574 82.2249005238215 68.7648952007294 67.4908856550853 63.6124014854431 58.1168780724208 62.5387380520503 63.0725125471751 56.1797122160594 55.9465984503428 59.1348508993785 63.1867746512095 62.0487133661906 57.8095018863678 57.9249262809753 60.118426879247 65.7926350831985 68.8989013433456 73.5962291558584 73.3503649632136 76.0371138652166 89.7062420845032 96.4210629463196 92.0930802822113 114.242732524872 123.018016417821 119.854241609573 113.232056299845 117.630740006765 133.682678143183 121.630658706029 62.6761615276337 4.36450851460298 0 0 0 0 0 0 0
75.9111940860748 77.8477489948273 77.7700245380402 80.0558229287465 89.1269246737162 95.7852403322856 99.636306365331 105.179578065872 105.955084164937 89.3838206926982 73.1421411037445 69.0665890773137 67.6192194223404 64.490223924319 62.6465131839116 62.8252079089483 62.2480710347494 61.6740733385086 56.9181889295578 56.3847025235494 60.6872985760371 65.9914116064707 67.2315905491511 63.0107820034027 60.8288546403249 59.230774641037 68.410982688268 70.536603530248 73.8502442836761 74.3184338013331 74.3867854277293 81.2705854574839 90.043306350708 100.085735321045 118.64381035169 122.821013132731 111.960232257843 101.584861675898 104.352613290151 121.670752763748 135.427137215932 124.380687872569 75.8657058080037 12.339840332667 0 0 0 0 0 0
84.348738193512 81.9142957528432 81.914409995079 81.625908613205 78.1554232041041 75.9640832742055 74.3120114008586 75.7873753706614 80.734595656395 72.6175407568614 64.5936230818431 65.7956898212433 69.0350035826365 69.690595070521 68.1166350841522 65.9240037202835 60.4045490423838 67.1666165192922 68.1225707133611 63.5589460531871 65.6533737977346 66.1972463130951 64.7271374861399 66.6797856489817 68.8631037871043 65.2081668376923 69.2299356063207 72.8312879800797 73.9239354928335 75.5488226811091 76.989675561587 80.7560036579768 87.3181124528249 105.082809925079 114.086558421453 107.835332552592 97.6805090904236 87.1195693810781 84.048589070638 95.2309171358744 123.381624619166 132.743050654729 102.964609861374 45.9307730197906 2.38314565892021 0 0 0 0 0
88.880181312561 85.7933362325033 88.7718995412191 87.4406695365906 80.4956356684367 77.2186915079753 74.7485309839249 71.7323323090871 72.2198486328125 68.5278723637263 67.0403142770131 66.6232208410899 70.2387193838755 73.8782187302907 73.3477572600047 70.6393222014109 67.3973013957341 72.7760543425878 75.1628379027049 68.8296407461166 66.1465426286062 63.8559758663177 60.5112065871557 62.2950245936712 66.6806846857071 64.7163341442744 61.6444498300552 66.392257809639 71.2516208489736 73.0993747711182 74.3256409962972 75.1418968041738 85.4856570561727 106.260269880295 111.469288667043 96.3905652364095 85.9595537185669 82.6871395111084 82.2675327459971 91.7224287986755 98.494827747345 101.455907026927 88.7895325819651 54.2808870474497 6.19152809182803 0 0 0 0 0
72.7671086788177 75.5200237035751 84.1899414857229 81.7211220661799 84.4137966632843 87.0131651560466 86.3212943077087 81.6861391067505 70.811539888382 69.5111453533173 72.7912882963816 68.990096449852 70.0954447189967 73.7441082795461 74.2122332255046 71.2793171405792 72.5766917069753 74.3965307871501 75.6796598434448 70.6235865751902 64.9326493342717 61.1867705980937 58.9079360167185 58.6002965768178 61.2427890300751 65.7792836427689 60.1260364055634 63.5589808225632 67.6214148600896 69.7904527187347 68.0234978596369 66.4312740166982 77.1846870581309 91.9848879178365 98.4630982081095 87.568591038386 83.4287405014038 88.3816182613373 90.8692081769307 91.6196703910828 86.7391328016917 85.3811999162038 80.1339944203695 53.9222707351049 11.3672042886416 0 0 0 0 0
71.2141742308934 77.00548072656 80.2101443211238 80.849677324295 82.7963103850683 85.1552685101827 85.9637061754863 81.8551083405813 77.3732364177704 73.0894804000854 74.5948304732641 72.0633765061696 69.482167561849 67.734827597936 66.9115285078685 67.7201847235362 64.6262466907501 71.0826615492503 72.7738390366236 70.3917493422826 65.9477214018504 63.8297647237778 63.1942798693975 64.0638371308645 60.5674336353938 69.8600759108861 72.7559030056 69.0334488948186 69.747860232989 67.8574393192927 63.1978412469228 61.2925042708715 67.5165802240372 71.9470034042994 77.9218922058741 80.8928161859512 85.2763454119364 95.6566135088603 97.4741280078888 88.3300205071767 87.3004992802938 81.4210474491119 77.5482008854548 58.5017104943593 26.5791366497676 0 0 0 0 0
77.5642693042755 82.4292004108429 79.6165863672892 82.995484272639 81.3318490982056 81.53036236763 82.9902738332748 81.7167113224665 83.2303464412689 78.878124554952 77.7954012155533 77.0106017589569 72.2668965657552 67.3462847868602 66.861962278684 70.4492876927058 65.3205414613088 68.4828460216522 72.7213521798452 72.0319350560506 68.9850797255834 67.3712342977524 67.4240986506144 67.7259067694346 69.0362155437469 68.8611169656118 75.8332560459773 72.9161749283473 70.0135330359141 69.0986067056656 65.3912872076035 61.6229325532913 64.9296392997106 63.6943429708481 64.0408098697662 67.365104953448 74.8342971007029 85.683286190033 88.3877078692118 75.4699409008026 76.8762578566869 72.8892783323924 71.822593609492 68.9841608206431 50.0914603471756 18.0556252598763 0 0 0 0
