input/barkrak2/radiation/dir30724.grid
NCOLS 85 
NROWS 70 
XLLCORNER 665100 
YLLCORNER 4664600 
CELLSIZE 20 
NODATA_value -9999 
[rows 22 to 43 of 70, columns 0 to 49 of 85]
63.2785509030024 56.8654835224152 34.4794541597366 28.433916469415 24.9231110016505 11.5347467362881 18.6756923794746 12.5401529173056 11.2525410950184 10.0991365810235 22.4016060431798 23.5231816768646 26.2151037653287 26.1876011888186 27.4445712566376 33.3245471119881 43.44442486763 53.8665354251862 60.5175793170929 63.0994886159897 68.5899655024211 82.4969112873077 93.9396719137828 99.290539820989 100.625773270925 94.9031909306844 87.3859028021495 80.7485282421112 73.8384226957957 57.4232737223307 30.49353013436 16.3834244012833 1.59404566511512 0.0208625036369388 0 0 0 0 0 0 0 0 0 6.37181165317694 16.5675530831019 26.3519262274106 30.0903121630351 33.1865772604942 36.5783969561259 42.3133273919423
97.4913537502289 86.5995387236277 52.0461350679398 34.3977535764376 29.1371295849482 30.7054693500201 30.0389056404432 19.9099108576775 10.0804604589939 9.66441258788109 23.9099934697151 26.0177950064341 30.1941782236099 36.795973777771 33.945694565773 34.091850121816 41.7608966430028 51.8669585386912 57.8147868315379 49.8474637667338 50.5264600118001 54.3511211872101 67.0819779237111 78.5094648599625 86.1878792444865 87.6551667849223 81.4607789119085 65.4365718364716 56.7517777283986 23.2774317264557 18.293688694636 9.14289181431135 0.0207493188402926 0 0 0 0 0 0 0 0 0 0 11.2558056910833 14.360748231411 20.3951895236969 27.5785947839419 31.1497449874878 35.3949815034866 39.4656856854757
96.8166391054789 92.6761825879415 69.9017991622289 38.3751541376114 22.0577244957288 30.8619613448779 29.1064431269964 26.3465791940689 21.7955186963081 14.4314182301362 21.9474385182063 23.8690599799156 26.7452349265416 33.9605758587519 33.638338247935 33.2172165314356 38.914754986763 48.7452099720637 56.7757884661357 49.2521226406097 48.3559767405192 44.983372092247 53.6028295755386 62.5669608513514 67.8585469722748 69.0184583266576 66.8143977721532 57.2427759567897 37.6708234349887 17.1526732544104 11.5914183358351 9.27107408642769 0.34230361537387 0 0 0 0 0 0 0 0 0 0 18.7723971903324 18.2690223058065 24.3065133690834 28.2095720370611 27.6113077998161 31.011941532294 30.0451964139938
82.9146007696788 87.7611537774404 80.9329996506373 48.9259759585063 22.2598190108935 30.8073212703069 36.5849087635676 44.3798402945201 44.0293252468109 36.5408261617025 31.2645634015401 34.6744805574417 33.855768541495 40.8628260095914 40.8173352479935 36.5288903315862 38.9321570595106 48.0472942193349 55.4619133472443 59.3791753053665 59.8804304997126 55.6259800990423 52.3839294910431 53.0931601921717 56.4446349938711 58.8005234797796 54.7201087077459 53.8429667552312 32.0286850134532 27.4589757124583 23.9213208357493 29.6679511666298 23.1501137216886 0 0 0 0 0 0 0 0 0 0.317226047627628 21.0783754785856 28.3336291710536 19.9707547823588 21.1160580317179 24.3933498859406 26.5176196893056 21.8055620789528
81.6306968530019 87.1018767356873 85.1960480213165 58.9033017555873 36.2175777554512 44.8420941829681 58.7249199549357 66.2186841169993 73.5648075739543 66.605677207311 48.3196377754211 51.7566005388896 47.5253164768219 52.9587417840958 51.4942308266958 44.5572783549627 41.1632508039474 50.7535189390182 59.6975535154343 70.1461533705394 71.814035375913 68.4765179951986 60.4176819324493 55.1737149556478 56.5207997957865 58.9610238869985 53.6184857288996 59.4154298305511 55.0306191047033 53.7133912245433 59.8657230536143 79.3242454528809 88.144858678182 67.037358880043 0 0 0 0 0 0 0 0 11.0148911674817 17.2771985332171 10.0020946313938 11.157779643933 11.8964401384195 14.1354228059451 15.8065694073836 17.3715030153592
83.3927989006042 82.0653140544891 82.3683192332586 65.1730895042419 63.6087507009506 67.0996357997258 80.3508758544922 85.0387513637543 85.2931638558706 79.7044336795807 60.3847404321035 55.424302816391 52.6134073734283 54.4304996728897 56.6994299491247 52.4311463038127 48.0168759822845 54.5171548922857 66.2714789311091 72.6605107386907 71.8821585178375 62.848816315333 60.4245116313299 61.9022101163864 62.7896040678024 63.6562804381053 61.0876778761546 70.6318467855453 86.624284585317 91.5116469065348 97.2771247227987 105.328023433685 116.004606088003 122.886468966802 77.8551598389943 3.61340803404649 0 0 0 0 0 14.4079861541589 14.1244803865751 7.20558625956376 0 0 4.0057102839152 5.00418835630019 12.2384006778399 14.3172728518645
86.3570868968964 74.7867971658707 75.6084422270457 68.5934325059255 83.8544070720673 82.3286473751068 82.431028286616 79.3503373861313 72.6695358753204 64.4822220007579 54.2891571919123 47.273983558019 50.9703358014425 52.4864842494329 57.8215469916662 62.4095797538757 56.1018834511439 52.7913669745127 63.7726883093516 67.1463161706924 64.1064792871475 58.2554986079534 58.1741631031036 65.2246624231339 68.4043069680532 65.3996070226033 66.1324958006541 71.9342082738876 94.5361455281575 107.893864313761 117.385625839233 123.118251562119 130.684127410253 133.124599854151 123.681803544362 49.0296582380931 0 0 0 0 0.526986084878445 6.63454706470172 12.3842929800351 1.74561468884349 0 0 0 2.05916507790486 5.13813147942225 7.11315001050631
87.068498134613 69.0397520860036 69.7417755921682 74.6383517980576 85.2539042631785 81.3333690166473 68.4535751740138 54.1374733050664 41.0737718145053 34.8810230692228 34.3843847513199 38.6591951052348 47.5232005119324 54.4223040342331 57.7757656574249 66.6979551315308 63.513254125913 50.2683619658152 54.2328854401906 57.9121311505636 57.0936997731527 58.3630750576655 58.1698268651962 65.1475141445796 71.5673764546712 68.4649795293808 71.7229694128036 72.8560040394465 88.5080297787984 111.739059289296 127.634207407633 134.829898675283 135.813365379969 137.229184309642 144.836932420731 125.159204006195 42.9002245267232 0 0 0 0 0 0.899442238733172 0 0 0 0 0 0 0
85.230161746343 86.4879886309306 108.31626256307 141.353030999502 116.931239763896 87.1711572011312 58.63423148791 36.1497749884923 27.2548496723175 28.7803411483765 26.2813071409861 26.2960915764173 44.1748350858688 54.6697278817495 64.2735262711843 72.149525086085 68.7373578548431 55.5780430634817 55.2373329798381 59.7680111726125 56.7149172226588 61.5208297967911 63.160186012586 65.8177236715953 73.1464922428131 78.7615925073624 77.506015698115 79.498345653216 91.5246208508809 116.803586483002 136.263231436412 140.008846918742 137.390851974487 145.048002401988 154.98086810112 158.332695563634 130.344013373057 68.906158208847 10.8375077446302 0 0 0 0 0 0 0 0 0 0 0
98.5590815544128 132.754882176717 181.130190690358 202.585419019063 182.16868241628 128.200004498164 79.5374313990275 48.8722225030263 41.5939564506213 46.9496895869573 38.4737576047579 31.1863621075948 42.4166818459829 52.8726875782013 66.3661708434423 75.3224988778432 71.1515198151271 64.5451247692108 58.1838587919871 60.8932326237361 60.5019629001617 64.1206999619802 66.5745536486308 68.4809436400731 73.6326376597087 86.3626599311829 88.0000789960225 94.3268338839213 103.080183267593 120.172023773193 135.886162519455 145.063896973928 145.939161380132 153.595079978307 159.581293662389 159.392356872559 152.080982923508 132.544140021006 65.0025606155396 8.78510251641273 0 0 0 0 0 0 0 0 0 0
159.234980742137 194.601078828176 218.605995178223 220.674137274424 219.061175982157 192.97323624293 148.822198311488 109.579791625341 85.5754315853119 74.698011080424 70.1323648293813 57.9622387886047 44.8628216981888 51.7473121484121 70.3859180212021 75.658639272054 69.19031838576 71.1134771505992 60.9814574321111 59.145932396253 62.1783634026845 64.1698141892751 65.1767154534658 67.2909170389175 71.9239463408788 85.6962303320567 92.6394363244375 101.322243611018 111.751854419708 119.776616493861 131.552159786224 142.862379550934 146.030048529307 142.751584450404 145.809988180796 136.696656545003 139.127910137177 125.81080198288 79.1163841883342 26.2220526734988 3.84998631974061 2.73191121717294 0.927770665536324 0 0 0 0 0 0 0
209.885239601135 225.831588109334 230.01637061437 227.274517218272 229.618271191915 225.91370344162 204.223414262136 160.562992095947 119.300057490667 100.292543570201 100.354303916295 89.787503083547 65.0741557280223 58.9314798514048 67.2661066055298 72.3678817351659 66.2419646978378 65.9931649764379 60.0915253162384 61.5976651509603 59.2872202396393 60.1439972718557 59.9282830953598 61.7670367161433 68.5743093490601 79.1536271572113 91.6695396105448 95.7165658473969 106.856326262156 120.226800441742 132.061471541723 134.176890055339 124.95752175649 114.35196797053 116.151710351308 100.967387358348 101.429164409637 86.1291686693827 49.9464968840281 16.7883299291134 15.6069012979666 11.0440490146478 4.40955813974142 0 0 0 0 0 0 0
223.143537839254 230.058312416077 229.531606038411 229.544540246328 230.349818865458 227.784176667531 220.386981964111 187.944690386454 138.741870721181 112.759123245875 111.997624238332 108.936021725337 91.1862055460612 72.3197062810262 67.2928094863892 70.485974351565 63.952033718427 59.3013167381287 60.4582130908966 63.3601744969686 58.4237972895304 57.2105248769124 59.8414242267609 61.2973074118296 66.476692756017 73.7553685903549 83.6449364821116 84.6240818500519 93.9518511295319 114.002972841263 123.971730470657 121.587087710698 114.252269268036 108.18084081014 100.282778342565 86.0216418902079 90.1884933312734 87.2856279214223 67.3260937134425 32.3763464887937 27.6866083343824 29.7121678789457 6.61520597835382 0 0 0 0 0 0 0
218.760112921397 221.159160137177 218.320031960805 218.582967917124 219.01402870814 213.263630867004 208.608229955037 189.498702685038 149.714757998784 123.667707045873 116.833627223969 112.963964541753 104.306250810623 82.6859573523204 72.2702443599701 75.1635531584422 67.5526559352875 58.2183649142583 63.1225407123566 64.2785429954529 61.9293500979741 58.9026908079783 62.2132668892542 66.5215154488881 64.952959616979 70.1782802740733 76.128696401914 76.8960813681285 84.9205255508423 103.679994742076 116.16708834966 114.299803972244 116.421639919281 118.083695570628 99.313755830129 92.6407873630524 97.4737207094828 104.434162378311 99.5773176352183 60.0118587414424 22.1599290768305 3.74853704124689 0 0 0 0 0 0 0 0
195.467134316762 197.988510131836 200.222074985504 197.605848312378 196.067790190379 193.879087766012 198.221862316132 194.797833760579 161.52615348498 131.23220205307 117.725263039271 106.351514657338 98.8012154897054 80.4785639047623 68.5398826996485 74.702724814415 77.4306952953339 64.5617544651031 66.5306448936462 69.5643424987793 68.8144465287526 65.0741110245387 65.1978701353073 68.7164068222046 67.6721582810084 67.9748952388763 74.4427690903346 81.832359234492 85.8023762702942 98.2702771822612 110.194474458694 117.61016647021 117.552290360133 121.46050731341 102.961987257004 103.430400292079 103.750665982564 112.395068009694 112.517068783442 72.7928231159846 11.3532319664955 0 0 0 0 0 0 0 0 0
173.101981480916 181.971589724223 192.177971204122 189.462999502818 187.503695487976 193.88218720754 201.909164587657 204.393168290456 182.604789733887 144.903689622879 123.950103918711 100.278258323669 85.8633716901143 74.4304408629735 64.8645212252935 69.7835981845856 81.3729514678319 72.5600570440292 68.9212779204051 72.9831457138062 73.3569363753001 69.0100838740667 66.1161889632543 67.9181714852651 70.3886499007543 69.710706671079 72.9625771443049 82.0365051428477 86.822897195816 91.6393299897512 104.068915049235 115.829616785049 119.88099416097 112.219095230103 98.6595352490743 112.497379382451 115.754852692286 121.343851089478 119.594474633535 93.6045050621033 6.35515463848909 0 0 0 0 0 0 0 0 0
135.482887427012 147.410492102305 155.876368284225 160.197337468465 168.876449267069 183.821618556976 198.076566060384 204.78896299998 199.098408222198 165.730903546015 132.226963837941 100.93014438947 83.5292140642802 79.7734757264455 71.1542665958405 64.8051798343658 75.6619373957316 77.2466957569122 70.4953422149022 70.0131555398305 70.6146160761515 67.6558911800385 65.2898102998734 66.4946138858795 69.968193769455 73.8584846258163 73.5439707835515 78.9933303991954 84.0027332305908 85.1528942584991 95.3542590141296 110.855261484782 116.893202066422 100.219945112864 102.507849534353 122.93799718221 127.948631842931 124.016751845678 124.256134033203 120.016664266586 62.1595283349355 0.157606555148959 0 0 0 0 0 0 0 0
98.7161199251811 105.927685896556 105.059037605921 116.017748912175 132.170091072718 150.620599587758 165.098210175832 176.490823427836 177.761594454447 152.315030495326 116.923501094182 91.6767319043477 78.9218197266261 76.687162121137 73.451225956281 67.6298439502716 72.1810758113861 72.6992537577947 65.4936283826828 65.081054965655 68.3970848719279 72.6278324921926 71.2629556655884 66.8336947758992 65.9731676181157 70.4278250535329 75.045054157575 78.2230148712794 84.1631193955739 83.8597416877747 85.3851834932963 99.5597839355469 107.128252585729 103.390912214915 125.395754973094 134.707510471344 132.610986630122 125.56517124176 128.856192032496 142.881840467453 137.059638897578 72.8933711846669 8.20919933418433 0 0 0 0 0 0 0
87.4387621879578 89.7566775480906 89.2795920372009 91.1236802736918 100.713342428207 107.447405656179 111.170252164205 116.6130900383 116.074790557226 100.164790948232 83.6395720640818 78.9378086725871 77.1815379460653 73.7739155689875 72.4832067886988 72.3966111739476 71.923241019249 71.5598364671071 66.3799494504929 65.4271443684896 69.7815964619319 75.248122215271 76.6400893529256 72.271853685379 68.9193656047185 68.3233737945557 76.5530417362849 81.0068051020304 84.424614906311 84.8681330680847 84.8968128363291 91.9827818870544 100.61451792717 110.77536145846 134.768267472585 134.465376536051 123.188118139903 113.435765107473 116.355399290721 133.85330637296 145.657906929652 143.124798933665 85.0619475046794 18.0188057323297 0.0699231847344587 0 0 0 0 0
96.3886876900991 93.5957233111064 93.8544074694316 93.0995841821035 89.1440908114115 87.2984031836192 85.4810277620951 86.8744353453318 91.6853050390879 82.7990372975667 75.1585414012273 76.3045847415924 79.3701509634654 79.3025642633438 77.3476362228394 74.7518539428711 70.0994729995728 77.2383113702138 78.8634121417999 73.9321062962214 76.0184427102407 76.7282098531723 74.1108159224192 76.0075896978378 78.2099465529124 73.3324537674586 78.484574953715 82.284356156985 84.4980676968892 86.1444671948751 86.2862765789032 91.4608637491862 97.929577032725 116.158922513326 127.126703659693 121.449808279673 108.274002869924 97.9120830694834 94.4767991701762 106.780678033829 139.348636070887 142.743935187658 121.839294830958 59.0042471885681 6.78284217913945 0 0 0 0 0
101.039906342824 98.1470147768656 100.880126158396 99.5167990525564 92.1053290367126 88.4040594100952 86.0231618086497 82.6942423979441 83.1335087617238 79.3460706869761 77.2960732380549 77.1452436844508 80.7420114676158 84.2850804328918 83.5961798826853 79.9873421589534 76.478973031044 81.7871342102687 83.9207172393799 77.1047274271647 75.5339562892914 73.3938763538996 70.0005938609441 71.7060069243113 76.0415295759837 72.883129119873 69.8588838179906 75.7042268911998 80.6871950626373 83.5928320884705 84.8297874132792 84.5361948013306 96.1663722991943 117.557376623154 124.478211005529 108.847995599111 96.4571436246236 93.1773980458577 93.2662884394328 102.616121371587 110.844473044078 114.973912636439 100.477198759715 66.9149408737818 12.201560040315 0 0 0 0 0
84.5238665739695 87.4157547950745 96.6104567050934 93.6610102653503 96.4264770348867 98.7079242865245 97.9289412498474 93.021293481191 81.786314646403 80.0153662761052 83.6787422498067 79.5516272385915 80.500990152359 84.2925310134888 84.6050679683685 81.5541992584864 82.6107362906138 84.3552152315776 84.727535645167 79.3103774388631 73.5111733277639 70.6932842731476 68.3030287424723 68.7861988941828 70.4326778650284 74.1031070550283 70.2420324087143 72.8373775879542 76.894536614418 79.08034324646 77.1697759628296 76.5458842118581 86.614469687144 102.946023146311 109.3976298968 97.6909101009369 94.4518844286601 99.250336488088 103.274901707967 102.591077486674 97.486674785614 96.8038439750671 90.7584925492605 63.1594161192576 20.8725680907567 0 0 0 0 0
