input/barkrak2/radiation/dir31824.grid
NCOLS 85 
NROWS 70 
XLLCORNER 665100 
YLLCORNER 4664600 
CELLSIZE 20 
NODATA_value -9999 
[rows 44 to 65 of 70, columns 0 to 50 of 85]
65.3394957383474 71.1404730876287 74.2808481057485 74.9366680781047 76.8665621678035 79.2481005191803 79.3761909008026 75.689489642779 71.284348766009 67.4797395865123 69.0742830435435 67.1864052613576 64.1670674085617 62.4737689892451 61.6730451583862 62.4831318855286 59.5600306987762 65.9591555595398 67.6370312770208 65.4088606437047 61.0799491405487 58.890293041865 57.5943142175674 59.3693554401398 56.83467288812 65.0585691134135 67.9529905319214 64.3451015154521 63.139816125234 62.2792343298594 59.3064924081167 56.7158857981364 62.1143778165182 66.4677272240321 73.162317276001 76.1458625396093 80.4875294367472 87.4123573303223 91.3831293582916 83.3374857902527 81.4012934764226 76.435794432958 72.250301639239 53.7961423397064 22.7889393766721 0 0 0 0 0 0
71.8237459659576 76.4386902252833 73.4757284323374 77.0110140244166 75.4115680853526 75.6111244360606 77.1070073048274 75.5520661671956 77.0248671372731 72.3288456598918 71.7082271973292 71.4744478464127 66.8633679548899 62.5532964865367 61.5693926811218 65.2502675851186 60.2830499410629 63.6112590630849 67.5944983959198 66.1457926034927 63.9136532942454 63.1052056948344 61.6824328899384 62.9287262757619 64.3115391333898 64.1813576221466 70.9304014841716 68.0713951587677 65.2553290128708 63.5016262531281 60.6591602166494 57.0423603057861 59.614176551501 58.5186680157979 59.4589213530223 62.496950229009 69.6864773829778 80.8383226394653 80.9962898492813 69.6301460266113 72.0565319061279 68.0015583833059 66.9702390829722 63.928633928299 45.7227230072021 14.6513792375724 0 0 0 0 0
71.5230951706568 73.2171535491943 75.8985131978989 78.0541797478994 77.706386645635 77.3377964893977 79.3924182653427 81.1005334059397 77.4446725845337 76.3149410486221 75.1222372055054 74.0985969702403 70.78551252683 68.0595934391022 67.8055832783381 71.8239943186442 69.8254406452179 64.4835531711578 68.6129182577133 68.1164761384328 65.2439693609874 65.731277068456 65.4110411802928 63.2639825344086 69.7181324164073 63.4762992461522 65.2042975028356 66.7973856131236 65.8715118964513 64.8983518282572 63.0684345960617 60.9425405661265 59.8866293827693 59.2535138130188 61.5069766839345 62.3993575572968 64.1884009043376 70.2753961086273 71.5848455826441 70.2897707621257 69.6373383204142 64.2735660076141 69.4391181071599 75.6078809499741 66.8859382470449 36.8344833453496 6.01193433006604 0 0 0 0
65.4565046230952 67.6867018143336 73.5704749822617 75.265645980835 78.9779673020045 80.4712474346161 78.2199601332347 77.839732170105 77.9930849870046 80.3597668806712 77.1745691696803 73.8659799098969 72.1358607212702 72.6493845383326 70.7519054412842 70.0583606958389 69.2827602227529 62.6550863186518 66.0080810387929 67.4711167812347 64.2548948526382 64.6025687456131 67.8783754507701 62.117209037145 65.1000638802846 64.5183622837067 59.7694466511408 63.9377385377884 65.8151557048162 64.587210615476 64.396858215332 63.0105584859848 59.6550901730855 62.3200386762619 73.4622776508331 76.4039754867554 72.5168784459432 67.195067803065 69.577823082606 80.7890196641286 73.1628884871801 65.6765500704447 72.9329685370127 78.503280878067 72.9399422804515 53.2088627417882 21.9526241223017 0.0450137934725111 0 0 0
58.3393573760986 61.5799377361933 67.0448293288549 70.7407891750336 77.2052307923635 80.9280872344971 77.6505569616954 75.6690899531047 79.4779558976491 81.9703340530396 79.7844231128693 75.6316035985947 74.0249703327815 75.241486231486 72.601651151975 67.3663864533107 67.3768371343613 62.0245784521103 66.3269211848577 69.8532114426295 68.9801623423894 68.2266155878703 70.186972618103 68.2608584562937 64.9294704198837 67.3289448022842 63.6519292990367 67.8258091211319 73.3586798111598 74.8328665892283 78.6083439985911 78.0155261357625 69.8973188797633 71.1298634608587 78.3574332793554 86.7523352305094 85.2174560228984 73.9685197671254 70.8644290765126 76.3746400674184 71.6617405414581 64.5244220892588 62.514012058576 61.632052063942 60.3330234686534 59.0724994738897 49.8676796754201 7.55316639939944 0 0 0
57.1701427300771 55.0494541724523 59.2135389645894 67.5403028726578 73.4323660532634 76.6883790493011 79.5331100622813 82.0821275313695 83.1487278143565 79.5820951461792 81.8354388078054 81.6694597403208 78.1919658184052 75.3927528858185 73.484460512797 69.0451562404633 67.4355675776799 65.6742304563522 68.8373645146688 73.8093157609304 75.4147519667943 75.456291437149 72.7295974890391 74.2323001225789 68.6153968175252 71.6988245646159 72.7141151825587 76.2555052836736 82.399715979894 88.70929479599 95.4356888930003 94.949464003245 84.7746829191844 81.7824502786001 78.6316295464834 87.807963291804 89.2783800760905 86.0419869422913 76.2529124816259 67.6344633102417 63.2306635379791 64.3552492062251 61.9815538326899 58.024987578392 54.4920116662979 57.8885724147161 51.1307169993718 14.9308815598488 0 0 0
57.5343867142995 61.060239871343 64.7213310003281 71.1594919363658 71.6946373383204 72.0506807168325 80.0947099924088 85.4235688845317 85.194210211436 84.6301217873891 84.2375556627909 83.8907460371653 80.5668334166209 76.1851618687312 76.1549770832062 78.6942392587662 72.0064242680867 71.6329167286555 72.1363325913747 77.9492755730947 79.8852145671844 77.6710758606593 76.1255671580632 76.3970762491226 70.3475972016652 75.3778715928396 79.5374860366185 82.2702248891195 88.3868833382924 94.2144294579824 99.8826026916504 105.475773413976 95.7402189572652 81.4941823482513 73.6061036586761 68.1866904099782 84.6189856529236 89.92999792099 80.3462515274684 62.9959205786387 57.7348470687866 65.0361875693003 67.7948544422785 64.77157274882 59.4678421815236 56.9380720456441 39.9987349907557 19.6759464840094 0.206008863945802 0 0
58.3063860734304 69.4483270247777 71.8826353549957 73.4647512435913 71.2658564249675 70.6613709529241 78.5973717768987 84.188977877299 83.6058259010315 88.868260383606 86.3200028737386 85.3856106599172 82.8381876150767 78.1036615371704 78.4688095251719 83.8722785313924 77.2552788257599 74.5919793844223 71.4572171370188 74.5356728633245 74.9165614446004 73.8093207279841 74.399933218956 71.3677704334259 69.5922623078028 72.2084144751231 76.898326476415 78.3793826897939 82.2750826676687 88.4318053722382 95.4730908075968 102.529466152191 98.1521904468536 75.6854116916656 29.9811437726021 29.4162556529045 47.6302206516266 73.3128388722738 81.6245625416438 83.8263233502706 77.1538267532984 73.0776786804199 60.3589663902918 58.7834864854813 65.269743402799 59.8008135954539 32.8451668222745 25.7772232095401 3.76861138890187 0 0
62.0460361242294 60.2159003416697 59.4122111797333 61.5297208229701 68.391020099322 73.9720364411672 74.6948073307673 80.7605584462484 80.6294033924739 85.3877464930217 85.6874982515971 87.4483287334442 86.9954228401184 82.1117460727692 80.0489981969198 77.9311160246531 80.4369846979777 74.278046687444 68.3526595433553 66.4394944906235 65.374955534935 68.3218787113826 68.8981860876083 64.8907572031021 67.9737081130346 65.6279623508453 67.4357662598292 68.9636568228404 70.6453720728556 74.3975241978963 76.4446159203847 85.9958529472351 84.17147397995 60.6505920489629 25.1503239075343 16.2785202264786 17.2238511343797 27.2478759288788 56.5126488606135 80.4137885570526 83.2971483469009 74.2720067501068 57.7346533536911 47.7821975946426 52.5418221950531 46.8246837457021 32.1266278624535 46.3078518708547 28.893788655599 4.49274542431037 0
64.6713425715764 54.9631466468175 52.7839958667755 57.9125930865606 69.3617016077042 78.0383100112279 77.5584081808726 78.6467293898265 81.3350776831309 81.8684796492259 84.0951303641001 86.7793262004852 88.3891383806864 86.7092311382294 82.2719087203344 79.665407538414 81.5094411373138 74.6299674113591 70.2743232250214 70.8960294723511 70.1000442107518 68.1420713663101 65.8495326836904 62.883734703064 63.2328242063522 62.1016720930735 63.2867713769277 65.0708824396133 65.2288297812144 62.6948873202006 53.9918641249339 57.5061142444611 59.9777549505234 33.540057639281 27.0221754908562 17.3131053646406 7.50509649515152 5.62978473802408 15.5463467041651 44.5608049631119 66.6823536157608 64.6945933500926 48.899253209432 44.0844198067983 38.2108638683955 33.2413762807846 30.6887850165367 53.9428144693375 63.0452930927277 42.2602792580922 12.6528777182102
64.7743095954259 59.3591133753459 57.3829313119253 62.6043329636256 71.7499951521556 79.740971326828 82.4918349583944 78.7229935328166 83.3442807197571 81.6963911056519 85.6238305568695 87.2758626937866 88.6688729127248 90.2069211006165 85.14004945755 84.8317543665568 85.0816667079926 79.1860024134318 74.6121952931086 75.8447249730428 75.8218914270401 71.1934467156728 69.2308892806371 68.6964839696884 66.0544236501058 64.6049082279205 64.265971382459 60.9137614568075 60.6525590022405 55.4671287536621 45.8036760489146 47.7675994237264 54.1213154792786 55.912584066391 53.9495050907135 42.7385220925013 20.1038792729378 7.76707132657369 6.35089352726936 12.1818495293458 29.986875752608 34.8006884256999 30.2599370479584 23.4422584374746 23.1243272622426 29.3186058600744 40.4088149468104 46.6083486874898 58.6459785699844 63.8653685649236 45.6814070542653
68.1197394927343 66.6797161102295 63.2049341996511 61.87504529953 67.8112109502157 78.5290102163951 80.6701978047689 78.4601618846257 80.5628548065821 85.6973727544149 92.3005938529968 92.4940208594004 91.0197595755259 91.5009379386902 89.0405178070068 88.0684455235799 88.4111126263936 85.8082870642344 81.1975946029027 77.3206154505412 74.4055112202962 72.7909257014592 74.5755434036255 75.9292046229045 72.0379898945491 70.1469033956528 62.3738418022792 53.8191099961599 48.784131805102 48.8751878341039 48.4605928262075 52.9099305470785 58.7380975484848 70.6500709056854 75.0303119421005 73.4574695428212 61.9255503018697 41.9303675492605 31.4743916193644 11.7540669937929 17.9345905780792 29.361754655838 38.0913093686104 27.8327142198881 27.662955224514 42.4116551876068 63.6450350284576 57.873656352361 52.8146475553513 59.418444832166 50.7074346144994
70.7116276025772 70.1679140329361 69.1441595554352 65.5454993247986 66.796804467837 75.9369631608327 78.6980291207631 78.4607330958049 78.6096801360448 87.9567265510559 95.9590872128804 94.6376423041026 90.2478198210398 92.4628973007202 94.1508014996846 88.0638062953949 89.7901157538096 86.3392055034637 82.3302914698919 80.1537980635961 78.4249951442083 79.5393536488215 75.5617072184881 73.2496430476507 71.0980246464411 65.7988091309865 47.8980094194412 28.9729038874308 24.5930403470993 31.2754834691683 45.61847448349 49.6942847967148 56.8617731332779 64.4288758436839 75.1387923955917 86.8659317493439 89.5495315392812 72.2993314266205 68.863977988561 40.2815490961075 19.8855226238569 31.0643091797829 53.4510811169942 53.5748650630315 53.0360639095306 67.1349912881851 93.1808849175771 81.9469441970189 59.3213240305583 45.7145820061366 36.3114227851232
69.5814539988836 67.6961888869603 71.5404450893402 72.5959440072377 70.1107581456502 72.7983315785726 78.7137200435003 79.2625596125921 79.6957562367121 87.722768386205 94.6410397688548 92.9404596487681 88.275005420049 91.8742616971334 95.3554411729177 85.4250291983287 87.0758096377055 85.7350130875905 83.4363301595052 83.6140811443329 84.9061608314514 85.4883591334025 79.2420854171117 73.4400898218155 70.9162056446075 68.7277615070343 50.4687627156576 31.4888333280881 30.5381417274475 39.8192207018534 53.0815521876017 55.127943555514 66.838413476944 76.6129394372304 87.329109509786 83.2242866357168 75.4601458708445 34.5866282780965 35.0772539774577 35.7119565208753 43.9227521419525 55.1051994164785 63.0782147248586 33.8210935393969 27.3557032148043 32.2531337539355 71.9841321309408 67.0675933361053 53.6337792873383 43.8816646734873 37.5041216611862
58.0706099669139 65.8089319864909 69.4776525100072 72.4920133749644 72.4575122197469 69.136048356692 78.6241441965103 82.5189848740896 83.3524366219838 88.4394645690918 90.8128619194031 90.2875363826752 89.6584689617157 87.6445968945821 89.1775091489156 85.4859948158264 82.283208767573 85.7778489589691 87.8608028093974 89.1836980978648 90.2710258960724 85.9854718049367 83.5016369819641 77.025959889094 74.36137398084 75.3444830576579 70.4632053772608 62.5571956237157 63.4281039237976 64.750204483668 64.2329057057699 64.8133754730225 79.9176941315333 88.6414746443431 86.1608783404032 60.5078488588333 40.3611113627752 20.0976990163326 10.2764603992303 20.0694774587949 23.6685648560524 57.8912595907847 67.22658375899 53.9269546667735 41.4190888404846 43.3992346127828 58.1637471914291 62.670037150383 60.0764453411102 53.197830915451 46.5823312600454
48.2572764158249 63.2456888755163 67.4058347940445 70.539265871048 73.6526101827621 69.6932723124822 73.9481598138809 81.9538335005442 93.012938896815 94.2221979300181 89.6009008089701 87.2403383255005 89.065541823705 88.3191823959351 88.0145033200582 85.9455565611521 82.2224915027618 84.7374002138774 83.1201076507568 80.205425620079 82.6900402704875 81.8002472321192 79.9101839462916 77.7122030655543 79.5504500468572 82.737406094869 93.5239791870117 93.1099752585093 78.4315516551336 72.0485995213191 67.0511871576309 62.9387895266215 74.4407574335734 66.3378636042277 30.6085546811422 22.6680263876915 21.5868577361107 14.6841431657473 3.61913256347179 1.41274277120829 0.228808649505178 21.1179330945015 61.9182288646698 80.836941798528 87.2485836346944 81.3887814680735 79.7691643238068 80.7499488194783 80.4184128840764 69.0220892429352 57.9307427008947
50.1743952433268 60.4816228151321 67.8909619649251 70.5547879139582 72.1047470966975 72.2532818714778 66.5653397639592 76.3379583756129 97.775806983312 96.9819227854411 88.0108177661896 84.293653567632 87.2633655865987 90.8632973829905 89.6823604901632 86.3130489985148 84.7712655862172 82.4978053569794 75.8002350727717 68.9238607883453 68.9447571833928 72.3178784052531 73.4419276316961 76.1224279801051 77.6523898045222 82.7654202779134 101.434260606766 109.718730052312 89.7382696469625 76.9421507914861 61.4124437173208 51.9258131583532 55.9408664703369 52.7446766694387 28.5455236832301 17.848514020443 19.0218091011047 26.5521208445231 18.5293480753899 6.19762018322945 0.566461433966955 7.19751231372356 30.9769262870153 63.0565832058589 66.9890542825063 63.4012917677561 72.4723736445109 74.6990690628688 70.6145117680232 63.9141102631887 65.6241625547409
62.2106740872065 65.4863516489665 67.9442783196767 64.4471844037374 58.3112239837646 55.4515222708384 63.4598930676778 69.1840002934138 79.3169190486272 75.8022964000702 72.3974804083506 77.8697083393733 85.2611263593038 87.7253512541453 83.3917260169983 85.4362547397614 85.6175323327382 79.3223232030869 71.1272060871124 65.5790617068609 65.1400883992513 66.5721048911413 69.4783528645833 73.0665773153305 73.9375601212184 77.5461494922638 90.4015401999156 98.6690123875936 85.2331519126892 74.1402059793472 60.0636651118596 47.4052429199219 42.8509612878164 56.2787999709447 51.8663724263509 27.3702219128609 27.447409927845 61.2301925818125 65.9131308396657 42.4340416987737 14.9004633227984 9.48473935325941 19.9426412582397 28.5374323527018 27.0645171403885 29.1187688708305 40.9021576245626 44.4630533456802 50.9383976459503 56.325818101565 81.1906407276789
74.1948187351227 70.7941850026449 66.8155054251353 59.6246620019277 49.1283436616262 42.8432275851568 53.8150469462077 53.4392148256302 43.0828680594762 43.0310020844142 53.536057472229 66.3429399331411 73.2650508483251 77.665184934934 80.942432085673 91.7397737503052 94.3337976932526 85.2274298667908 76.3622025648753 72.3683734734853 69.1901296377182 69.0717697143555 71.6120650370916 70.1101322968801 69.2624151706696 73.639045159022 79.4893751541774 86.049606402715 76.9010682900747 55.9660543998083 59.5721403757731 54.1982054710388 48.3180185159047 65.436045328776 71.3849564393361 58.8632971048355 49.114853143692 41.5744632482529 45.6965764363607 47.5438336531321 35.1122468709946 23.0016012986501 19.5597112178802 20.1104581356049 13.7264629205068 14.7828161716461 24.0842898686727 26.5702332059542 31.2016531825066 57.4207007884979 109.251797199249
77.1074195702871 70.1892872651418 65.0812933842341 61.1204455296199 53.7061740954717 47.4440107742945 42.8423186143239 38.2070193688075 20.6017233431339 28.6999866366386 47.969659169515 61.0232253869375 61.2880686918894 69.3972756465276 83.5965971151988 100.267777840296 105.666051308314 98.1358587741852 89.2434418201447 85.1251184940338 79.2506287495295 76.1190901199977 76.6956160465876 71.3483889897664 71.671262383461 70.1639801263809 69.6727732817332 69.5325036843618 66.8456057707469 48.3355124791463 52.4698247512182 46.5185840924581 42.5607164700826 68.555623292923 88.4235103925069 91.6930039723714 65.6104733546575 24.8921538392703 20.8524093031883 27.3173252741496 35.8074630300204 26.5613049268723 33.9338580767314 28.8529048363368 19.6053845187028 13.1737353901068 20.5796857674917 35.1193795601527 43.5620049635569 73.4990338484446 142.75469382604
79.7913322846095 74.2019265890121 72.7915912866592 73.9166438579559 70.4651822646459 63.9055371284485 58.5232277711233 59.0451657772064 57.6597452163696 63.3328308661779 71.9913343588511 78.3317337433497 78.6004364490509 73.4161386887233 84.0786794821421 100.879083077113 111.75129810969 111.353000005086 103.763689597448 93.5150384902954 87.2032841046651 82.2147776683172 80.0693680842717 78.181137641271 73.9739189545314 63.8442089160283 60.5537394682566 61.2370918194453 59.4153900941213 56.1002443234126 36.5781585375468 36.5991542736689 28.2791877786318 56.1042825380961 96.2769488493602 105.936874945958 72.4948644638062 38.1915693481763 14.4643361369769 14.5920403301716 18.2729040582975 15.4249221086502 28.2286132375399 44.6530928214391 46.1749335130056 32.8181584676107 32.6071133216222 49.9901721874873 79.2124023040136 128.195265928904 161.638557910919
80.6406637032827 77.7957737445831 77.9721488555272 79.366738597552 78.7790218989054 74.9632914861043 74.5905488729477 82.6800266901652 100.472231705983 95.9999362627665 86.5233937899272 88.2906119028727 93.7799215316772 80.8891455332438 82.493265469869 91.4933780829112 100.986868143082 107.704937458038 107.870846986771 100.837151209513 94.9475169181824 87.9850586255391 82.2055240472158 81.8428297837575 72.9506512482961 57.9665551582972 52.57481833299 51.2397438287735 51.6962756713231 45.3517387310664 21.9504709045092 19.659178952376 14.2258517444134 14.0821300446987 93.2758450508118 107.263743877411 87.1439576148987 75.2226610978444 41.8369323015213 9.52353949348132 2.8030639514327 2.05189258177067e-06 16.5450423955917 49.5958675940832 57.2049369414647 46.9219386577606 45.5702046553294 71.9245423873266 133.839895327886 180.770357449849 172.722319761912
