input/barkrak2/radiation/dir30924.grid
NCOLS 85 
NROWS 70 
XLLCORNER 665100 
YLLCORNER 4664600 
CELLSIZE 20 
NODATA_value -9999 
[rows 44 to 65 of 70, columns 0 to 49 of 85]
79.2996237675349 85.3841304779053 88.3438487847646 89.2795523007711 91.2679632504781 94.0113266309102 94.1270887851715 89.8988048235575 85.3082338968913 80.8051973581314 82.8410933415095 80.1917066176732 76.7848094304403 74.953094124794 74.1011599699656 74.9051819245021 71.5930610895157 77.8137296438217 79.8492679993312 77.3262679576874 72.7601995070775 70.6849992275238 69.9190000693003 70.645014444987 68.01904241244 75.331062078476 79.3804625670115 77.7403761943181 76.360821723938 74.3659883737564 70.4599221547445 67.6246732473373 74.8028854529063 78.4335782130559 85.2533876895905 87.9965424537659 93.6759014924367 102.629641691844 106.357713540395 97.7623760700226 94.1957831382751 88.2474780082703 84.5530231793721 64.9830400943756 32.0792347192764 0 0 0 0 0
85.6791536013285 90.669721364975 87.8241459528605 91.1939640839895 89.7724727789561 89.9763802687327 91.7866428693136 90.1466608047485 91.2433962027232 86.7821077505748 85.5950911839803 85.3060086568197 80.3956091403961 75.3169705470403 74.1485208272934 77.7026812235514 72.2774267196655 75.3268897533417 80.6521326303482 79.1175216436386 76.0021607081095 75.1512547334035 73.2649962107341 74.3135760227839 75.5553096532822 75.3265370925267 81.3845644394557 79.5960674683253 78.6249488592148 76.6360759735107 71.9265043735504 68.7647263209025 72.1214214960734 70.721760392189 70.8389182885488 73.9934295415878 81.7642460266749 95.4366425673167 95.2772796154022 82.9568455616633 84.9367082118988 79.593633611997 78.4681389729182 75.4650135835012 56.2366942564646 23.0992585420609 0 0 0 0
85.6173435846965 87.3954594135284 90.1246666908264 92.3824906349182 91.931809981664 91.7530457178752 93.8746432463328 95.9458450476329 92.1284755071004 90.4778341452281 89.7041261196136 88.6127352714539 84.5248103141785 81.6540867090225 81.2516063451767 84.6428275108337 82.2730461756388 76.4140536387761 81.6545635461807 80.4327080647151 77.3664464553197 77.8428067763646 77.2287597258886 74.6941417455673 81.1491260925929 74.7022529443105 75.6115913391113 77.4741023778915 76.3893773158391 78.1225860118866 76.0118067264557 72.1565186977386 71.6727723677953 71.38725121816 72.9402552048365 73.6099233229955 75.6210734446843 84.0386648972829 86.2299700578054 83.1302950779597 81.7165772120158 76.4323224623998 81.6455135742823 89.2823338508606 77.9754867156347 48.3275453249613 10.6650417049726 0 0 0
79.5090695222219 81.700990597407 87.8363947073619 89.5406206448873 93.0631558100383 94.7188337643941 92.6505625247955 92.2064185142517 92.3573474089305 95.1810578505198 91.8407638867696 88.3948604265849 86.5935583909353 86.4589214324951 84.2745900154114 83.5933883984884 82.6525986194611 74.8329559961955 78.9455076058706 79.7627518574397 76.3842364152272 77.5864124298096 79.7463556130727 74.5499829451243 76.4160950978597 76.0424832503001 70.181131362915 74.8057067394257 76.5918493270874 75.2842674652735 78.191469113032 76.7095734675725 71.4230040709178 75.418750445048 85.5836967627207 89.1404549280802 84.3768417835236 78.9506584405899 84.6921304861705 93.471089998881 86.5488549073537 78.3644666274389 85.5872333049774 90.086042881012 83.9105943838755 64.2863661050797 30.5012613534927 2.70211106787125 0 0
72.2891390323639 75.2656161785126 80.7060499986013 84.9864284197489 91.5520290533702 95.3738292058309 91.8882787227631 90.04145860672 93.8483476638794 95.8437919616699 94.0709809462229 90.231974919637 89.1438821951548 89.8307263851166 87.0173871517181 81.4348856608073 80.7235538959503 75.7818619410197 78.467791279157 82.4390004078547 81.3965797424316 81.2266965707143 83.168903986613 79.9509435892105 76.3824631770452 80.0650219122569 75.2085546652476 78.614741563797 84.3865672747294 86.6783360640208 90.394139289856 92.9693679014842 82.1980635325114 85.3836834430695 92.9976304372152 99.1955796877543 97.6058443387349 87.0053271452586 85.6277743975321 92.5806959470113 84.2474897702535 77.0231237014135 74.6086190144221 73.8681554794312 72.84148534139 70.2097664276759 60.9220961729685 12.4579071998596 0.287051661871374 0
71.1845805247625 68.6859041452408 72.899803519249 81.4379453659058 87.6056949297587 91.0060405731201 93.943456808726 96.3814258575439 97.2275833288829 93.9314564069112 95.7532823085785 95.9999561309814 92.9043292999268 89.9662971496582 88.6156459649404 83.9130679766337 82.2796324888865 79.6187222003937 81.7957023779551 87.3477061589559 88.8964235782623 88.8257225354512 85.8943065007528 87.2849822044373 81.3385099172592 84.6083561579386 84.4375491142273 86.9071284929911 94.5089757442474 100.855300823847 107.610056797663 106.898764769236 100.218017896016 93.2834347089132 89.7664825121562 99.1395513216655 104.404419660568 99.8121897379557 89.5851949850718 82.1697215239207 74.66654976209 75.9024322032928 74.9684472878774 70.1821893453598 65.0434046983719 68.5364256302516 66.3715302944183 20.896278321743 1.04713393375278 0.00980905982335874
71.5638548135757 75.0398139158885 78.6228428284327 85.5525135993958 85.9923263390859 86.3351027170817 94.4687128067017 99.9167462189992 99.5162129402161 98.7333754698436 98.1563131014506 98.2959071795146 94.2254761854808 90.2101496855418 90.0867184003194 94.1246747970581 86.340993642807 86.8069231510162 88.391105333964 92.4594302972158 93.501478433609 91.131995121638 88.4360671043396 88.4772539138794 83.2537660996119 89.5877579847972 92.6550030708313 92.7632550398509 99.209447701772 107.828627030055 113.588114579519 117.700636386871 107.551256815592 95.6077575683594 84.6175650755564 89.0985230604808 98.2129176457723 101.054102182388 93.7659343083699 76.2702474991481 69.8942343393962 77.5666783253352 80.1643530527751 76.6888211170832 70.1511551936467 67.5388177235921 55.713564157486 26.2606119116147 2.2241376961271 0
72.4115868409475 83.7910771369934 86.0652923583984 87.641566991806 85.7825179894765 84.9831302960714 92.7743216355642 98.3722011248271 97.866952419281 103.183587392171 100.478261709213 99.4092325369517 96.625010172526 92.1970009803772 91.7073090871175 98.0366766452789 91.8325384457906 89.9570087591807 86.6705775260925 89.7852977116903 90.1910265286763 88.9983574549357 87.616503238678 84.3931039174398 82.4467887481054 85.1024985313416 88.693767786026 90.1180406411489 92.8354859352112 100.332071383794 109.037518501282 117.888023455938 110.169251759847 88.0015393098195 57.8917662302653 37.327711780866 59.2567523320516 89.0250305334727 98.3369747797648 98.5733369986216 94.5615768432617 86.0012074311574 72.0701615015666 70.1254904270172 76.1251151561737 70.694699883461 45.7174976666768 38.6265267928441 8.01802240312099 0
76.2864351272583 74.3078539768855 73.267196615537 75.5551805098851 82.7108522256215 88.4094039599101 89.0356699625651 95.3468283017476 95.0240691502889 99.7997224330902 100.004653135935 101.687729358673 101.098855336507 95.8190262317657 93.2967762152354 91.8847719828288 94.4553216298421 86.7014328638713 82.2952489058177 80.4124126831691 80.8967600266139 83.2431564728419 84.8535497983297 79.5546770095825 80.7771285374959 78.2597064971924 80.1068842411041 80.4597685734431 81.0382664203644 84.929883480072 87.9234274228414 100.355555613836 96.0847834746043 71.7777113119761 33.7524687250455 22.3605086406072 23.4785651167234 40.5151049296061 72.2039391597112 96.9984630743663 101.172784964244 88.4652137756348 68.6827898025513 64.5381112893422 71.7743734518687 59.362197915713 40.1769156257311 56.3309689362844 38.1466348965963 10.1652244726817
79.0692965189616 68.8886245091756 66.5024667978287 71.6458559036255 83.7977131207784 92.6660497983297 92.0744935671488 93.2086805502574 95.7602858543396 96.2440570195516 98.5153615474701 101.104438304901 102.700889110565 100.809305906296 95.7999527454376 93.1135416030884 95.5540140469869 88.1676475207011 83.5796693960826 83.4030508995056 83.258256316185 82.0891459782918 81.5185854832331 78.3696870009104 78.8429429133733 77.6200691858927 76.7616331577301 76.452096303304 75.5855888128281 73.2090175151825 64.4279271364212 69.4071749846141 71.2244659662247 56.7733496427536 34.5003331700961 23.5286603371302 12.3440946141879 10.0120591620604 21.2593252460162 54.1966060797373 83.865890900294 79.2453289031982 69.0124730269114 53.6536326011022 49.8106082280477 41.4747272928556 38.5770921905835 64.8945719003677 75.2266148726145 53.4632056951523
79.1575809319814 73.5439161459605 71.3542948166529 76.5306651592255 86.0057473182678 94.3988263607025 97.3704059918721 93.2581027348836 97.9227622350057 96.0786938667297 100.160400072734 101.828555266062 103.114048639933 104.534616072973 98.9455978075663 98.525196313858 98.7413128217061 93.0299162864685 88.0637069543203 88.3499185244242 89.3394450346629 84.3414266904195 82.2172164916992 83.6544334888458 81.93372686704 80.430214603742 78.8871298233668 76.3286103804906 71.1604058742523 66.3857807715734 57.0009450117747 59.2089295387268 64.9085342884064 66.3351267576218 64.5210643609365 52.7017364899317 28.0805577834447 14.7105890015761 11.0398096342882 18.041489024957 38.0246092875799 43.2943801085154 38.1754487752914 30.4884538054466 30.1080370942752 37.0097607374191 50.8933266003927 57.4194540580114 70.6171492735545 76.343243320783
82.6788196961085 81.2127292156219 77.3604859908422 75.8558263381322 81.8774948517482 93.5299197832743 95.533827940623 93.3574438095093 95.4974790414174 100.686281919479 107.051869233449 107.531011104584 105.576713879903 106.013149023056 103.156566619873 102.596590916316 102.132697900136 99.1116563479106 94.1528677940369 91.011901696523 87.8937244415283 85.9960118929545 87.7193113168081 90.1790658632914 84.7919881343842 84.024449189504 79.0625115235647 69.3706423044205 63.2733503977458 59.9549164374669 59.7939391930898 64.6547625462214 69.955771168073 81.5731585025787 86.6038600603739 85.1353208223979 72.6670175790787 55.5658439795176 39.9309272567431 19.8278861741225 24.2612386743228 43.6572730541229 47.1115459998449 36.0301410158475 35.9960645437241 51.9724140564601 74.9470144510269 69.7691291570663 64.7497673829397 71.7846651871999
85.3519241015116 84.8471025625865 83.6667120456696 79.8165549834569 80.8086395263672 90.3674165407817 93.3922131856283 93.3857659498851 93.4908588727315 102.512339750926 111.130068699519 109.936724106471 104.958126942317 107.410470644633 108.527739842733 102.163463830948 104.378481705983 100.585003693899 95.4402089118958 93.247264623642 92.1646058559418 92.0892953872681 88.6759757995605 87.3606304327647 83.8673810164134 79.3908685445786 59.5402965943019 40.1724328597387 35.4957630236944 42.4327502648036 56.9318582614263 61.374952395757 68.0399189392726 75.9104639291763 85.9835644563039 99.2186566193898 100.957532723745 82.2888861099879 80.4965396722158 50.4225591818492 26.4898762106895 48.2121308644613 63.7939423322678 64.3215576807658 63.9939457178116 78.7393550078074 106.863478819529 94.7948594888051 71.4148034652074 56.8496733903885
84.0538044770559 82.2942008574804 86.1928562323252 87.2174898783366 84.3424002329509 86.9613786538442 93.4713284174601 94.1621859868367 94.3925182024638 102.154056231181 109.828213850657 108.129938443502 103.318800528844 106.584171454112 109.978268543879 99.5660225550334 101.14316145579 99.4819005330404 97.5911716620127 97.6348221302032 97.9499419530233 97.2326000531514 92.6697552204132 85.473378499349 83.737850189209 81.6142708063126 62.7372761567434 42.4634317557017 43.402502934138 53.4079521894455 66.0884032646815 67.1857843796412 78.686848282814 89.6357496579488 98.6602207024892 95.6321557362874 87.5093638896942 43.1967427333196 43.6673512061437 50.0857333342234 54.1986922423045 68.8246786594391 74.478084842364 52.4436334768931 35.0052316983541 40.5514190594355 84.0758780638377 78.8849194844564 64.9212648471196 54.5885513226191
72.1391340096792 80.2945593992869 84.1375788052877 87.0516995588938 86.9818131128947 83.2766542832057 93.405822912852 97.5722869237264 98.1236795584361 102.996428807576 105.866193771362 105.506032705307 104.816496372223 102.727323770523 104.141255219777 100.269665320714 96.8560377756755 99.693109591802 100.765178600947 101.754009723663 104.534854491552 99.9560952186584 97.2586870193481 89.2060498396556 87.351789077123 88.560938835144 83.3317339420319 76.4952103296916 76.7185588677724 82.2962125142415 83.2147200902303 77.0927121241887 92.6127135753632 103.297293186188 97.4847177664439 71.4417298634847 61.6778085629145 26.6046449542046 15.4137673477332 26.6873290141424 47.4230647087097 73.8030175367991 78.4871578216553 64.2231951157252 51.483541727066 54.0142307678858 69.6036020914714 74.2632697025935 71.7766582965851 64.6431595087051
61.8061472972234 77.5284220774968 82.0648968219757 85.1569573084513 88.2014433542887 84.1321349143982 88.7275735537211 97.2406963507334 108.271340529124 109.440674384435 104.762355486552 102.242598930995 104.26789522171 103.345920642217 103.397578001022 100.785315036774 96.867839495341 99.2679099241893 97.4005659421285 94.2877034346263 95.4307317733765 94.1746433575948 93.6455130577087 92.1298066775004 92.9348866144816 96.2493022282918 105.456004540126 109.642336765925 96.2210694948832 91.1171933015188 78.8588225841522 77.2399753332138 87.0688458283742 78.2947937647502 38.6037578185399 29.4955496986707 28.1377236048381 20.3084647655487 7.39243191977342 3.99479083716869 5.54249435663223 27.6249994834264 75.8326202630997 91.8956498305003 106.532623370488 100.894461075465 94.7571396827698 94.4352845350901 93.1402544180552 81.317330400149
63.7724995613098 74.6857325236003 82.4087063471476 85.0855310757955 86.6346259911855 87.0574812094371 81.0955911874771 91.8118755022685 113.303492466609 112.020512421926 103.547006845474 99.3586182594299 102.412790060043 105.733732382456 104.484816392263 101.323882738749 99.9529759089152 97.4843700726827 90.0255441665649 82.8469892342885 82.695206006368 85.9769483407338 85.5699578921 88.5496139526367 92.0385718345642 96.1550672849019 112.894356250763 120.407382647196 100.937773784002 87.6742303371429 76.3209412495295 67.1740273634593 67.381074031194 63.0718370278676 39.9066482981046 23.8790760437648 25.1971110701561 34.319447974364 25.9612749020259 11.7762858668963 3.61253879964352 12.0500810444355 39.0764201680819 85.7899785041809 78.4864177306493 91.2124117215474 85.4447782039642 87.3802006244659 82.7130575974782 75.709988673528
76.5292396148046 79.8577765623728 82.4934790531794 78.8444181283315 72.2212642431259 69.2921628554662 77.7609994014104 83.5103889306386 94.4686631361644 90.137501557668 87.710032860438 93.5031771659851 100.700428088506 102.622826894124 98.568856716156 100.224206844966 100.173433621724 93.9047038555145 85.6512188911438 79.817940791448 78.8180033365885 79.6719094117482 83.6583375930786 86.469034353892 86.1814320087433 88.5517497857412 101.471930742264 110.840151707331 101.596424976985 83.927849928538 71.4842329422633 57.732214530309 53.172489007314 66.7269378900528 61.5153610706329 34.7015336155891 42.447030544281 71.9106594721476 76.8104642629623 55.8616518974304 24.512010316054 14.6744673450788 26.5920013189316 40.0295729438464 34.6850206454595 46.0977256298065 58.2346171140671 63.1093035141627 61.6978208223979 67.7678287029266
88.9117916425069 85.4774316151937 81.3574939966202 73.5965470472972 62.7046525478363 56.0285945733388 68.3951129515966 66.6053642829259 56.0878564914068 57.264174024264 68.1906143824259 80.6246896584829 87.7102812131246 92.584639787674 96.059113740921 107.025325298309 109.561214844386 100.02002120018 90.6838874022166 86.9068006674449 84.0167899926503 83.3664933840434 84.5883091290792 84.3021273612976 84.2824677626292 86.6861840089162 90.1524424552917 97.2169438997905 88.2628560066223 68.1714067856471 70.8821366230647 64.6491398413976 59.1732809940974 76.4949172735214 81.9162279367447 68.9859886964162 59.4297846158346 60.3101203838984 56.586762269338 58.5848639408747 43.6452627182007 30.8512945969899 26.1650110284487 26.7444799343745 19.4834930201371 20.4707346856594 31.2990372379621 34.0986376007398 48.7542202075322 69.4679816563924
92.1412706375122 84.9223335584005 79.534520705541 75.1825720071793 67.5616015990575 60.9694421291351 55.8019578456879 50.3125488758087 31.7332670092583 40.7162308692932 63.4304533402125 74.8755385478338 75.5754560232162 83.8798483212789 98.6162722110748 116.019030412038 121.279259522756 113.390475511551 104.374627272288 99.1998712221781 93.5727953910828 91.9846793015798 90.5859569708506 86.4060719807943 82.993005712827 83.0457458893458 81.4549525578817 80.778956413269 77.9230495293935 59.7605754931768 62.8322909275691 63.9211634794871 59.6941411495209 80.0767590602239 99.6001958847046 102.926542361577 76.6781071821849 32.1773986021678 27.6229505737623 34.9738448858261 47.3723709583282 42.6702946424484 44.4980561733246 39.6372626225154 27.1675735712051 22.7811584870021 31.2632471323013 44.5631345113119 54.3437749147415 87.4772071838379
94.9301322301229 89.0616079171499 87.5509679317474 88.7985825538635 85.1875344912211 78.327069679896 72.6517041524251 73.2872237761815 71.8009173870087 77.3504873116811 86.6760909557343 93.5478508472443 93.7779148419698 88.2108509540558 99.4437038898468 116.632988055547 127.478837966919 127.240667740504 119.036088387171 108.619878689448 101.96774204572 95.3949987888336 93.264251947403 94.6315328280131 88.2300833861033 80.2047898372014 71.3136295477549 72.5551346937815 71.4571376641591 66.8311615784963 54.5636216799418 45.5082009236018 39.4465203086535 67.4342314402262 108.056356509527 117.165267467499 83.2352141539256 47.4027146895727 20.3338265419006 20.5060169100761 24.7156843543053 28.4290661414464 43.7609453996023 54.6557058890661 56.8247040112813 42.5707002480825 42.0805811882019 61.19005382061 92.93399254481 144.546727339427
95.7247316837311 92.7776594956716 93.036562204361 94.4497485955556 93.6759114265442 89.8441672325134 89.2134507497152 98.050057888031 116.043776273727 111.414988835653 102.158019940058 103.707571824392 109.683295090993 95.9760546684265 97.5446005662282 106.884817282359 117.02635884285 123.501012722651 123.673816521962 116.373717784882 109.778225421906 102.682878573736 97.7791349093119 93.9724246660868 84.0406815210978 75.4345804452896 63.4440431992213 62.5842610994975 63.6454125245412 56.166927019755 28.8342982530594 26.2148703138034 20.0531159838041 29.8543944954872 105.763882398605 118.365784486135 97.8456139564514 86.4803393681844 51.9617299238841 14.6992281079292 6.57764139274756 3.80514437953631 23.3622888724009 60.1666967074076 68.7154432137807 57.9268236955007 56.564340988795 85.2381984392802 149.883478879929 197.710673014323
