input/barkrak2/radiation/dir34224.grid
NCOLS 85 
NROWS 70 
XLLCORNER 665100 
YLLCORNER 4664600 
CELLSIZE 20 
NODATA_value -9999 
[rows 0 to 22 of 70, columns 0 to 51 of 85]
45.680999755859403 57.246188322703 66.4560000101725 84.2680335044861 87.3058338960012 94.6639279524485 94.4034159183502 101.870357990265 110.588550567627 121.614992618561 122.385829687119 118.637631336848 115.854253371557 115.025262037913 115.082631508509 100.948045651118 89.4608596960704 80.8063050111135 79.20836408933 79.8288981119792 87.7382357915242 104.386389255524 120.055635770162 122.49634663264 125.572005907695 133.56277346611 130.493978659312 126.076261202494 124.458461999893 126.053829987844 123.530526955922 144.200305143992 175.19756158193 168.240308761597 167.226910591125 161.422987778982 165.200789769491 170.370856920878 167.447924613953 166.83703660965 164.066294829051 175.400217374166 179.75914478302 171.462615331014 163.847943147024 174.26594098409 180.857936541239 136.088023583094 92.622180779775 88.763435681661 109.351048866908 149.119357268016
29.3719371159871 40.7810881733894 48.9359796047211 56.4029961824417 67.7228917678197 72.9523102442424 79.7856549421946 87.5986715157827 90.9290512402852 99.0276137987773 106.629470984141 120.036979516347 116.60431822141 116.664052009583 116.738537947337 103.284289439519 95.7119464874268 88.0316297213237 84.1966470082601 82.8031599521637 95.3437785307566 116.710772116979 130.000442266464 131.316016117732 133.863637844721 136.184712251027 133.56743256251 127.427409092585 123.755127191544 129.281948010127 131.249109903971 152.207215627035 172.524452209473 168.316582838694 165.762662887573 162.016232808431 167.327682177226 171.278119087219 166.377047697703 164.188653230667 163.259486357371 166.608552138011 162.793030341466 155.827651421229 152.069727579753 166.555056969325 168.51939757665 127.866327762604 99.9053716659546 109.225849310557 136.407246192296 168.79802942276
10.8644887804985 13.2694418231646 19.8916171987851 25.750254591306 30.9346566597621 36.7152690887451 45.9105024735133 63.0807429552078 70.8501885334651 80.3380658229192 84.2261910438538 91.9653971989949 94.5741931597392 101.914962132772 103.975435098012 121.58727645874 117.004185914993 100.839753945669 87.8121157487233 84.7199360529582 95.129668712616 111.686120430628 125.134577353795 131.748954455058 131.403456131617 132.788648207982 131.347944339116 128.051022688548 126.508176326752 130.439539750417 144.859820604324 161.964039007823 172.390818595886 169.537206490835 162.916819254557 164.760192235311 171.716749668121 173.975606759389 165.598392486572 161.567111810048 158.259848753611 152.068118254344 143.510202566783 136.089185873667 138.091087341309 155.329515536626 150.78083674113 121.576686700185 115.950246651967 136.037747065226 159.451961517334 178.626596927643
4.24367872377237 4.50722469637791 6.85446274777253 7.50365170339743 7.40555177132289 12.4754682183266 17.5492937366168 26.2835820515951 41.5033176541328 51.7888168493907 61.6810818513234 75.7597386837006 80.9187740087509 87.2493783632914 89.5867546399434 101.722627878189 95.5837865670522 90.2269979317983 79.8030694325765 78.1597296396891 79.1146904230118 83.4745268026988 95.6257283687592 106.890479723612 113.488694032033 118.190993865331 119.639654954274 124.644736448924 127.34521428744 133.091181516647 138.682504494985 159.33221578598 160.125762224197 165.725976228714 163.085987170537 163.184305032094 165.360530217489 165.971199671427 159.4624320666 150.029579798381 146.010796229045 139.129986365636 139.098197221756 146.564225355784 151.33136510849 145.823210477829 135.048737128576 119.018922249476 124.527702728907 138.65335782369 157.722105582555 175.002296765645
11.3347408672174 4.85898119707902 2.06174173702796 0 0 2.72555990765492 11.0545804103216 17.2593022386233 21.8513384461403 25.3585328658422 39.5554651816686 49.8783985773722 58.2882463932037 62.3256862163544 69.4010655085246 75.8635699748993 78.1674931446711 77.3349354664485 73.6665328343709 76.62599782149 74.2816130320231 76.7953395843506 85.4905545711517 94.2147374153137 103.117495775223 107.505013545354 110.989292462667 117.790927489599 124.056696891785 126.241902510325 131.688892841339 145.617326100667 142.963280280431 143.212616443634 144.712656736374 151.870677868525 155.863026777903 153.218458096186 145.100782314936 137.37807671229 137.044539054235 137.955218553543 145.820279916128 154.093076785405 153.996864954631 132.748812437057 110.906541347504 109.179725249608 119.179983933767 135.892361402512 163.862019777298 177.01248327891
32.6325868566831 18.2843978206317 6.65193423628807 0.488394793743889 0.0125569191974743 1.27912351551155 4.77788535257181 12.3253762722015 15.7548437515895 15.8645858367284 20.3681190808614 25.2527246872584 32.2630579272906 36.863441268603 44.3209856748581 51.0118504365285 56.5854609012604 62.32022245725 69.0574397643407 76.395645737648 81.2763869762421 86.1027737458547 86.8538320064545 88.7282292048136 94.9210027853648 100.954234600067 107.837249835332 111.074169476827 117.368479569753 126.740644375483 134.487917025884 142.08060503006 133.195459842682 135.706563790639 135.586241881053 136.702646811803 134.356528520584 130.691200494766 135.393728812536 137.618035078049 137.107342481613 136.750092109044 138.91593615214 143.358329931895 137.997686862946 112.498025099436 89.1907215118408 97.5873370965322 115.046044190725 148.803412914276 172.182520230611 176.388482252757
49.1513758897781 32.4374487002691 19.6441312630971 9.93823197980722 2.82347140212854 1.46053389956554 1.76594639196992 6.92838989198208 12.2898730138938 16.2576946119467 16.8225442369779 16.2385193010171 16.1546692252159 16.2604426344236 18.9538821578026 27.4535144368807 35.1544221242269 50.7203340530396 61.3816032807032 71.606382727623 80.8932930231094 88.2062514623006 87.3462458451589 86.7691338062286 92.9308533668518 94.2114194234212 99.4480748971303 105.502466360728 112.765222787857 120.054622491201 127.512087424596 133.609513441722 126.414348681768 124.025881290436 122.894148031871 123.071213563283 124.099542697271 120.999177296956 117.495795090993 116.825878620148 121.611615022024 120.760053396225 126.922210057576 133.612364530563 133.606930573781 129.518767197927 134.423017501831 140.642106533051 148.983498414358 158.707122008006 162.972629070282 165.058722098668
61.2863798936208 46.4393595854441 33.8417887687683 21.0300385951996 12.7784125506878 4.0228683501482 1.43515830859542 0 7.10331276059151 14.988557746013 18.6044946312904 19.2790701985359 17.7139714360237 16.0610104600588 12.7095207571983 15.4021233320236 21.8493714928627 31.8042089541753 45.1242377360662 58.5711648066839 69.0929492314657 79.1474580764771 87.7250830332438 88.2140497366587 89.0575846036275 89.3564720948537 92.148760954539 94.7779417037964 100.181261698405 109.033981959025 117.723276217779 120.503157377243 114.140450954437 110.778510570526 107.153962055842 108.874619007111 112.308571736018 112.429529428482 110.736429691315 98.4155038992564 94.3595071633657 109.270950158437 124.112258354823 135.297745466232 139.35524225235 144.793063402176 152.966072161992 153.927822907766 160.31676530838 156.724274158478 152.936538060506 150.470683972041
56.2295118967692 48.0834046999613 35.607988635699 28.5909920930862 19.5090311268965 13.9773723979791 4.57277800887823 0.585644505918026 4.84277649472157 8.70516275366147 14.7461319963137 20.1969171563784 22.7298513054848 24.0221271912257 20.7123334209124 19.4816117485364 19.1899066170057 22.6868142684301 29.3914526700974 39.6476338307063 50.4030585289001 61.9513889153798 71.9263404607773 73.0929623047511 77.828511595726 79.6410242716471 81.2337944904963 81.6442867120107 84.1359893480937 87.8136257330577 92.4196541309357 100.84346930186 98.852664232254 98.4813670317332 98.9377200603485 103.686352570852 103.278696537018 106.815814971924 107.287873824437 104.302744070689 103.81626089414 109.350899855296 116.952359676361 132.326692342758 131.595353285472 131.495038668315 135.002245505651 142.65251159668 151.777744293213 147.345989942551 139.532407124837 141.246348619461
37.3246471087138 35.602867603302 27.6122763752937 22.751954694589 17.5485871732235 10.6573042770227 7.97483821709951 8.69935564696789 4.74058526257674 2.20465660095215 4.70586214214563 12.6140080392361 23.304949204127 30.3675532341003 32.4287911256154 31.5246134996414 25.6037215391795 23.9622617761294 23.2042297720909 26.3163968920708 31.0124779740969 37.8398845593135 45.7275112469991 53.3390790224075 62.1970593929291 63.6822034915288 67.5244629383087 67.8531229496002 68.6643620332082 73.8602330287298 70.3681856393814 68.4080421924591 75.8801996707916 86.2296223640442 91.294785340627 93.3347940444946 93.8431620597839 98.3099242051442 105.323374271393 109.623412291209 113.40073744456 115.155359109243 116.344889005025 113.787074883779 113.809873660405 132.482747236888 138.237367073695 142.713069915771 145.068407058716 143.913457791011 145.1429327329 140.284995237986
5.89458271861076 2.88784131407738 0.623020033041636 0 0 0 0.592309787559013 8.92768427729607 7.71966638664405 5.03066678841909 2.60093389078975 0 13.0395988623301 24.3161966403325 33.6178491512934 30.8598900834719 30.4012820124626 27.1745373805364 23.9876558383306 21.4872931440671 21.701879799366 23.4929149349531 27.0002881685893 36.4070807894071 46.0544923941294 52.5365968545278 55.3532689809799 55.0751934448878 60.4446828365326 60.4737550020218 63.3608202139537 61.1209621032079 62.3068511486053 60.5396678050359 68.4725691874822 83.9338103930155 88.6367162068685 90.9457604090373 99.7341473897298 113.363732894262 116.841981808345 113.084812959035 112.144569555918 109.14272069931 110.871175924937 111.781974633535 124.226063489914 140.575776497523 137.32788960139 141.209443410238 142.88725455602 140.908857186635
0 0 0 0 0 0 0 0.986080927153428 11.0752433538437 10.4968858261903 5.68998356660207 2.35393596813083 3.94062822063764 11.6964069505533 23.8757828871409 27.3173898458481 32.7981263399124 31.3294579585393 27.0323206981023 22.4464510877927 19.6739261349042 19.5393301546574 20.2050333221753 25.8817821741104 32.4798276027044 37.9623721043269 42.4226174751917 43.9178695281347 47.1829722325007 50.8900831143061 50.8796075979869 49.1966108481089 51.6027311484019 50.3749152024587 47.7568805217743 47.0573206742605 67.3591544230779 85.5276385943095 89.9011294047038 105.78183333079 107.845584551493 103.988826274872 101.316571235657 97.3679423332214 97.093125184377 97.9045530160268 100.599030653636 104.621609052022 106.807559728622 127.315660317739 133.010645707448 131.684601306915
0 0 0 0 0 0 0 0 3.40769936641057 12.9908633728822 13.7952603399754 8.81207299729188 2.0951662833492 0 9.39348215858142 21.3257546226184 30.989907681942 35.3059495488803 33.5087031126022 29.3198600411415 25.1481607556343 25.3562331199646 26.336262623469 27.3236334323883 28.7281175454458 29.9108326435089 32.9952165484428 39.0082076191902 39.918045202891 40.4227524995804 41.9955104589462 41.2858054041862 37.5989526510239 35.8033652106921 39.2241949836413 37.3642792304357 35.4760537544886 38.5758876800537 45.1444089412689 69.2057112852732 84.1036041577657 87.917943795522 87.8090560436249 86.6139133771261 86.1280560493469 87.9313051700592 85.966428120931 84.5646262168884 87.8598789374034 89.294711748759 93.5544470945994 115.557024876277
0 0 0 0 0 0 0 0 0 5.41409974296888 16.1824598908424 19.6064971387386 16.1471714576085 9.27059476574262 7.78008873263995 18.263079226017 26.7534603675206 35.9175130724907 41.6782597700755 40.5300656954447 34.5478778084119 34.5559517542521 32.6872865358988 32.3845992485682 34.7068905830383 34.8470931251844 36.3256384929021 43.1535243988037 42.5468484560649 36.3761509458224 36.1746400594711 37.923090159893 34.4999358057976 30.9333602587382 29.9074724316597 27.9534434278806 24.0228722492854 21.7378338177999 19.5169312258561 27.3858308792114 37.8939981261889 37.7764031291008 49.9497354030609 58.363601565361 62.8384053707123 70.5830405155818 72.9191303253174 68.7542657057444 65.5092298984528 67.7243173122406 70.5666542053223 79.2163610458374
0.55414818537732 0 0 0 0 0 0 0 0 0.0236263028151977 14.4520873824755 26.9756267468135 34.049133459727 28.0721957484881 18.6747709910075 17.3007647196452 19.6922719478607 28.7345945835114 39.076658586661 47.5510160128276 47.4754124879837 43.5338318347931 43.5810039440791 41.4777149756749 41.392261783282 41.9655591249466 41.2339518467585 41.7515337467194 42.6081071297328 37.303460141023 34.293957054615 32.7480907241503 32.556322713693 28.4997075796127 25.6502628326416 22.9800989230474 18.6050310730934 15.3423398733139 14.2086793979009 11.3496445119381 13.0153546730677 20.120990773042 25.1866703232129 31.4011623462041 35.150853296121 42.1620607376099 55.7576268911362 60.9262486298879 61.3803764184316 57.2415937980016 57.7310621738434 63.8739963372548
1.19101294937233 0 0 0 0 0 0 0 0 0 4.01489591846863 21.9760462641716 35.7096443573634 41.9853627681732 34.1789449254672 20.2736395100753 15.9572288393974 17.4530781805515 27.0394856731097 42.7461167176565 52.3495227098465 50.566370288531 52.0668228467306 49.4118879238764 45.8067357540131 47.2966283559799 47.9208081960678 44.7351237138112 43.2925124963125 44.277881582578 37.2843692700068 32.8096225857735 27.167002360026 22.3073313633601 19.6220514674981 17.2883110741774 12.1266506612301 8.0831895271937 6.98622440298398 5.24515223999818 3.34216374903917 3.11084898809592 8.42964338759581 13.8111573954423 24.5207597812017 28.2389745116234 38.4125833710035 46.3675260543823 48.1875240802765 47.8380421797434 51.7206291357676 56.7007809877396
0.646719398597876 0 0 0 0 0 0 0 0 0.0580879180536916 0.262509779228518 14.5457002023856 30.5205484231313 41.2267098824183 45.9445416927338 39.5351847012838 33.5326840480169 25.0324706236521 20.5885035296281 26.6057352224986 42.5980389118195 54.3560683727264 58.1542154153188 56.1558802922567 52.2210597991943 52.2349625825882 54.5370678106944 52.9450476169586 51.1536945899328 48.2242008050283 45.301487048467 34.9596291780472 27.5446896751722 20.3802064061165 15.1351441939672 11.4997985462348 8.53359512984753 5.45151221255461 3.67739548285802 2.56996772562464 1.07073100904624 0.0392942917339193 2.90139875088376e-07 4.17284853756428 9.7296175857385 17.7588338653247 23.4373187025388 30.7029336690903 38.3036782344182 43.6991403500239 47.051598628362 51.1305381854375
0.19632369124641 0 0 0 0 0 0 0 0.340790022164583 0.373278356467684 0.478858826681972 9.58320374290148 21.8865027030309 34.850537776947 47.1694022417068 51.7060309648514 49.6889452139537 41.1218653122584 30.7489335536957 22.3731820782026 28.9599349101384 46.6357717911402 53.5584688186646 58.1656148036321 58.5408012072245 61.7597003777822 63.2449239492416 64.4558221101761 59.5415085554123 54.3082853158315 45.3892250855764 35.2069015304248 29.0689518054326 19.4062627851963 13.5175349811713 11.1917207638423 6.4401663839817 3.68604622781277 1.51427059123913 0.1642617280595 0.00734347001222583 0 0 0 1.20937079191208 7.26353439191977 13.2032906015714 16.808254023393 22.4152356386185 29.4738461573919 34.2454711596171 40.0784686207771
0.22355238130937 0.269110101119926 0.0163081046290851 0 0 0 0 0.65095629543066 1.16312154568732 6.5693532427152 10.6446854770184 12.8979831933975 17.4091458320618 23.3050088087718 32.4998696645101 43.0569549401601 49.0539968013763 49.6220737695694 48.9058196544647 37.4216983715693 26.345506310463 34.9821175138156 42.2945817311605 52.0249356826146 59.862807393074 64.7343248128891 67.3897663752238 67.552591363589 60.4842205842336 57.4896136919657 46.326811114947 36.6677319010099 29.3213774760564 18.4392171601454 10.5042681097984 7.22969944278399 2.89849502344926 0.724170512209336 0.0629875479110827 0 0 0 0 0 0 1.27346976660192 1.38935912400484 5.59330297013124 10.2352214356263 14.4620873034 17.6419851680597 19.5651575922966
0.179503345862031 0.0074897579906974 0.067389672040008 0 0 0 0.068378610497651 0.914393691346049 1.37780436004202 2.08724538485209 6.25142951806386 10.443971802791 10.813482105732 14.3112130463123 22.3927845557531 34.5374494791031 42.1975900729497 44.627919793129 50.0736931959788 50.488606095314 43.4687187274297 34.2555642127991 36.2830013036728 44.6602205435435 53.2752573490143 61.151792605718 65.8667633930842 68.683847784996 60.2052410443624 50.0896672407786 47.32546210289 37.3506670196851 24.8673409223557 17.030268907547 8.94449030359586 3.63353422532479 0.738110858947039 0 0 0 0 0 0 0 0 0 0 0 2.70567151407401 5.9757928053538 7.71031652887662 9.58228918413321
1.04310836953421 0 0 0 0 0.0196896629252781 0.0442954187747091 0.827923882752657 1.78785218546788 1.78634965171417 1.3016404894491 1.415163744241 4.98807523399591 6.9020123531421 10.7279146711032 21.7442015806834 29.7760392228762 34.4556694229444 42.0089264710744 51.8564134836197 56.4770301183065 49.3918160597483 49.1305788358053 50.5108137925466 52.2731443246206 53.2473474740982 57.4869215488434 61.1137350400289 56.9521089394887 46.259805560112 37.3712703585625 26.7140914996465 17.3079272111257 9.29065917929014 2.52412213012576 0 0 0 0 0 0 0 0 0 0 0 0 0 0 0 0 0
8.25296031932036 3.11684360106786 0 0 0 0 0.54186520477136 2.14160652831197 2.44441100706657 1.96593611811598 1.82490221535166 1.03024191533526 1.99392593155305 0 5.03781375785669 13.3251299460729 22.4523718158404 29.8557952046394 35.7257723808289 46.5744386116664 54.3276617924372 63.2213850816091 67.3486292362213 67.6137755314509 61.0343217849731 52.5756180286407 49.4015763203303 47.0000853141149 53.5113314787547 40.4775887727737 24.9761790037155 14.8503308494886 7.62338315447171 0.701460754498839 0 0 0 0 0 0 0 0 0 0 0 0 0 0 0 0 0 0
32.0578912893931 26.2338668107986 8.41983345647653 1.93097225079934 0.515555031597614 0.171964328425626 3.26922287543615 3.75644645343224 3.06975251684586 2.37009270737569 1.87092646956444 5.49138399461905 6.82241345445315 5.98237477242947 6.67839248975118 10.7296456893285 18.8123658299446 26.4274105429649 31.4778437217077 33.496618270874 37.3517920573552 49.1766432921092 57.9729229211807 62.7951522668203 62.7978543440501 57.5867543617884 49.9172707398733 43.7248249848684 35.8153929313024 29.9951881170273 13.5123729705811 3.58738657087088 0 0 0 0 0 0 0 0 0 0 0 0 0 0 0 0 0 0 0 0
