input/barkrak2/radiation/dir30024.grid
NCOLS 85 
NROWS 70 
XLLCORNER 665100 
YLLCORNER 4664600 
CELLSIZE 20 
NODATA_value -9999 
[rows 0 to 21 of 70, columns 0 to 48 of 85]
124.914517005285006 140.29989639918 157.354215780894 180.185755093892 192.947725454966 195.012191931407 193.780640761058 189.878821372986 188.614626725515 192.244867483775 192.387859026591 189.560294151306 185.729026794434 186.532060305277 187.381664911906 174.254278341929 160.894552866618 149.697085221608 147.035171588262 142.871568600337 144.965440034866 163.419137398402 188.977857430776 194.957852363586 198.154966036479 211.247642834981 211.018681526184 196.704586346944 184.37659740448 184.327562650045 179.728945096334 202.643275260925 246.978163719177 244.930466016134 243.283311525981 230.155269304911 235.049883524577 248.236219088236 246.085226535797 246.500174204508 235.439658164978 242.600798606873 250.036497910817 243.572950363159 231.59913221995 236.863712469737 239.51131105423 209.644973278046 143.297851085663
103.222757577896 119.80277299881 133.664349714915 153.375496466955 168.725033601125 177.301287651062 184.908509254456 191.123127937317 197.795450687408 197.712043921153 196.386118729909 192.102571328481 188.046813011169 188.517947991689 188.496649265289 175.704876581828 167.776147524516 157.058537006378 153.243144353231 147.541493177414 157.930076122284 183.301011721293 203.915317853292 205.271144707998 209.713796774546 215.890526771545 211.114664872487 200.359622637431 189.227223396301 186.408082644145 187.164823214213 216.982662677765 249.482989311218 245.86276213328 241.872588793437 232.392529646556 238.273978233337 248.153785864512 243.290106455485 243.456125259399 238.266984621684 240.04606405894 235.888441403707 227.697312831879 223.071118195852 235.530734062195 232.430179913839 193.968137105306 153.012484312057
68.7249600887299 78.4790764252345 89.397132396698 101.961036523183 116.562306880951 129.193256298701 143.014291922251 162.695407867432 179.623862107595 184.878468513489 187.781910101573 191.472868124644 196.126500765483 198.714872201284 199.78125890096 201.186796029409 198.694189389547 187.371591726939 170.490245024363 162.156999111176 173.623601595561 191.27881526947 202.542344729106 205.346345901489 209.766030311584 209.327936172485 206.212143103282 199.033856391907 193.539142608643 195.772965749105 206.464906533559 233.096738656362 250.395894050598 248.669564723969 241.055150826772 237.805823485057 244.852046171824 249.840239683787 246.25289440155 239.241520563761 233.093778292338 224.10261631012 210.517664750417 204.847097396851 213.265379269918 231.404781341553 219.757358233134 184.083501497904 171.529491742452
52.534560362498 53.247739871343 58.9553068081538 64.4793162743251 70.0310319662094 79.4566969076792 89.5264546076457 107.290039459864 127.799292405446 147.599200407664 167.470773061117 186.168213685354 197.835544745127 202.075103918711 206.046541531881 213.112235069275 208.251456419627 197.075883547465 179.931998252869 172.199209531148 172.905961672465 173.779447873433 186.041394869486 195.804635683695 197.17800617218 197.63704140981 199.002087116241 198.836962381999 200.00414053599 205.390512943268 211.948772271474 238.020579020182 247.994065284729 246.701796849569 242.070058981578 243.087550004323 246.194342772166 245.579779148102 239.388744036357 227.263073126475 219.646493593852 207.572996616364 203.972558180491 216.928164164225 229.976872603099 225.39754708608 205.38185040156 180.450618267059 181.725064913432
71.5264876683553 57.0548176765442 45.5376952886581 37.9812767108281 38.7411589423815 53.4271250168482 75.9531557559967 88.2152815659841 98.2482234636943 106.407105922699 130.159517129262 157.458911339442 174.528161684672 182.939807573954 190.442403157552 195.467054843903 192.402064800262 185.490091641744 178.046504656474 172.807176907857 168.157855669657 165.970295667648 176.192303498586 185.535788536072 189.771771430969 195.988535881042 197.566469510396 198.060015837351 199.837724367777 200.65834124883 208.437959353129 235.136032104492 233.997325102488 239.213029543559 240.157643953959 238.858977953593 237.113098303477 234.600941340129 223.589539527893 213.369429111481 212.069908777873 210.473656654358 216.887096563975 228.046913941701 230.235497156779 206.627627213796 176.51645342509 169.213692347209 175.953467686971
114.15817340215 87.2039198875427 60.7802917559942 40.2535274624825 33.2039619485537 41.3008133570353 62.1834894021352 84.2171311378479 89.827428261439 88.4195268154144 96.6338614622752 110.699365536372 120.781679948171 128.743598858515 140.453894933065 150.91602007548 157.323519388835 165.603776772817 173.474331696828 178.645153840383 179.24439907074 180.031220118205 178.092996279399 180.671950181325 186.648646990458 192.766686280568 196.281611919403 199.594597021739 201.481521129608 203.496237595876 218.486746152242 231.800039609273 227.00023651123 227.479974428813 227.324386437734 226.28911336263 229.844848314921 224.781076113383 213.933010896047 214.268406232198 213.73188495636 211.618781089783 213.844180107117 217.550237973531 209.210296471914 175.062378247579 147.652119398117 157.003621260325 176.86253786087
123.074313004812 105.554938316345 90.7350579897563 72.1402168273926 52.2171358267466 41.1682724952698 44.1611309846242 68.2650556166967 90.504248936971 97.3804593086243 94.3206747372945 90.069591999054 86.3336324691772 81.9023698568344 84.2435956001282 100.909521182378 114.727725585302 138.290693362554 161.290009816488 175.385634104411 183.489282925924 187.781711419423 183.142483234406 179.268856843313 182.688295841217 184.718231360118 189.3483599027 194.425841172536 198.055446147919 204.848726590474 218.309680620829 223.406751950582 215.237438678741 210.940897464752 212.589661280314 212.04795440038 211.861709753672 206.822276115417 202.342549959819 199.99623298645 194.695790608724 193.816324075063 201.254427433014 209.46204662323 201.898614565531 191.798031330109 202.387452125549 211.837649345398 224.287827809652
114.99211192131 119.286775588989 108.578075965246 98.7237791220347 78.0156751473745 50.6154050429662 33.0758740504583 31.3518842061361 54.4688055912654 80.73856929938 89.9436076482137 87.6293281714122 80.773447950681 76.3858556747437 63.1403227647146 61.9745602210363 74.6739059686661 92.9670333862305 115.098714828491 139.970511198044 151.979476213455 168.965935707092 183.5089524587 181.405146916707 178.331812222799 176.356434822083 179.36917146047 182.883381843567 187.198460102081 197.162270545959 207.560459772746 210.26881535848 201.712369918823 195.993820826213 190.151393413544 191.521823406219 198.589781920115 196.267823378245 192.132254441579 174.590488274892 173.507829507192 183.622797330221 202.432195345561 215.009073416392 214.999278386434 218.6465660731 227.112571398417 229.396084944407 236.877202987671
97.7607667446136 98.3447631200155 105.24704058965 100.645114978154 90.1470283667247 76.7110089461009 49.3234793345133 27.0615642269452 36.1649642388026 46.1215724547704 59.5704962809881 71.0627734661102 79.6980857849121 78.4762700398763 71.799248456955 64.6891792615255 61.4167203505834 65.7332042853038 81.0145239035289 94.9028829733531 108.23247830073 129.984200000763 144.916325807571 147.906720638275 152.946919202805 152.866542339325 154.481748739878 159.562687079112 164.055158694585 176.964263121287 183.688124020894 185.183167457581 181.578755378723 180.055975914001 181.72824382782 183.993478616079 183.90303850174 188.355505466461 187.314848105113 179.947157700857 188.589493433634 201.762020587921 212.940394878387 218.588928381602 212.279160817464 208.17095041275 211.192409197489 222.293158372243 231.400648752848
75.8681943019231 74.8745203018188 73.2830514510473 81.8229417006175 83.1464231014252 83.8219324747721 72.8971560796102 59.4316522280375 34.8229557275772 29.0672878424327 32.7357376615206 49.8243669668833 67.1823422114054 72.955330212911 80.301692088445 77.3370017608007 69.5019712050756 66.2149588267009 66.5341218312581 71.2562004725138 77.9535224040349 87.2492988904317 97.9116459687551 113.187323013941 125.820169846217 129.85231479009 133.472472429276 136.687248945236 141.133576631546 150.321533282598 153.300762176514 153.340498606364 159.885148207347 164.173066616058 169.915874799093 173.098047574361 172.892014185588 178.472638130188 182.677070299784 192.628900210063 206.256488958995 212.620377540588 212.741295496623 211.023290952047 208.463072776794 208.020170529683 219.547192255656 229.397098223368 228.59787940979
41.3393725951513 39.7949616114298 42.3829108476639 45.5741385618846 53.8564125696818 65.0523851315181 65.9988224506378 59.4114363193512 43.9328104257584 31.0779064893723 26.7764975627263 31.9385553399722 47.897145152092 63.1417135397593 76.7178783814112 75.1572946707408 71.998784939448 68.5923248529434 64.4485801458359 62.9559804995855 64.0729268391927 64.7795349359512 69.6046451727549 82.4900617202123 98.1644590695699 111.158271630605 113.937089840571 116.133779287338 123.761534690857 131.335447231928 135.6580555439 140.022466580073 149.801731109619 153.674016396205 155.808985233307 159.154862165451 165.385911862055 169.439216454824 179.672062397003 198.721766471863 206.555724143982 209.774553775787 208.728591601054 206.656336784363 206.856151421865 210.08296807607 220.604121685028 225.830256938934 226.354340712229
17.2189871470133 14.5157650113106 13.9403715729713 15.6008129318555 11.3282116750876 14.639638364315 30.4579759637515 37.3559842507044 42.97736287117 42.5280978282293 34.7562829653422 28.8112511237462 32.7131897211075 43.2052910327911 58.2802444696426 63.7074261903763 73.1349488099416 72.5504954655965 68.5759633779526 63.3735358715057 59.5112244288127 58.2266201575597 59.4624578952789 67.821870247523 75.0001172224681 85.0023627281189 92.0221209526062 97.3997116088867 106.498797734578 112.373580535253 118.176758289337 122.759977976481 127.954771121343 132.432738939921 135.176916917165 138.605723778407 150.627434253693 162.802189588547 171.066780885061 188.330173492432 194.437543551127 196.183661619822 190.62884648641 189.426124095917 191.729029019674 191.81627035141 199.063142140706 206.61727587382 212.256550788879
10.865514477094 4.71361074596643 1.77806367476781 0.257466997330387 0.0292099260453445 0.112358762028938 3.30043149491151 18.9426516493162 38.409153620402 45.2463279167811 49.6249447266261 41.7288442452749 29.1611204544703 27.6169752081235 39.3724565704664 57.4695070584615 70.6339528163274 76.2763569752375 75.9930362304052 70.4937477906545 65.4989083607991 66.4226114749908 68.3692793051402 69.2507723967234 70.91224193573 71.7633465925853 78.6199072996775 90.0667707125346 95.845768849055 98.1521010398865 102.351039648056 108.057995637258 109.503795703252 111.034631729126 115.266442298889 121.361921230952 132.849395275116 146.199802557627 151.496042807897 163.302560647329 171.286523342133 173.532684644063 172.957082589467 174.718598524729 174.92288351059 176.612536112467 179.323554039001 185.587584972382 190.794666608175
11.3484064737956 0.314780006495615 0 0 0 0 0 1.80342979729176 20.7024638851484 34.6953272819519 49.0048825740814 55.086225271225 50.8145193258921 38.2709155480067 37.3021413882573 54.43175137043 66.7393604914347 77.8201321760813 86.8692298730214 85.269163052241 78.1474659840266 78.5474528868993 77.0927667617798 77.8497556845347 78.0269205570221 77.4012009302775 79.9324015776316 89.2087817192078 93.2756761709849 91.6375517845154 96.0833628972371 101.831416289012 103.491206963857 103.330900271734 107.908000548681 115.479171276093 120.435615380605 127.500871817271 132.815221945445 136.603514353434 143.512437740962 148.568044106166 156.414061784744 164.470801750819 163.659284512202 171.102046966553 170.382638772329 167.518238226573 166.130781173706
16.881072272857 2.23457161337137 0 0 0 0 0 0.0605731474934146 3.72602666417758 23.3930498361588 48.2723812262217 68.7535057465235 76.0339001814524 64.6367271741231 54.0519903103511 52.3547977209091 56.0183773438136 67.5193468729655 83.684782187144 93.6464170614878 93.4615035851796 91.3915932178497 90.4929041862488 87.1624052524567 86.7940882841746 86.8269205093384 86.3327383995056 89.5001490910848 88.432510693868 86.0386888186137 88.923970858256 98.7184246381124 98.309854666392 98.4825094540914 102.495988210042 106.691171725591 107.988297939301 106.355369091034 112.917492787043 114.376276731491 120.738446712494 128.554135560989 135.110557079315 140.510429938634 145.466188589732 151.655862728755 161.360631386439 166.629413763682 162.277013063431
17.3840882877509 4.29566794385513 0 0 0 0 0 1.19652203284204 3.03432034949462 16.0844859977563 32.7588617801666 59.0014159679413 77.0773341258367 82.6078653335571 74.1140445073446 56.7603011926015 51.6153872013092 52.7149935563405 66.9335375229518 87.8821015357971 99.7382899125417 99.3003249168396 100.087970495224 95.8778659502665 93.7946438789368 93.6993360519409 93.9502418041229 89.8192524909973 86.3161484400431 89.3973012765249 86.9269569714864 88.6007150014241 93.58744819959 94.651202360789 96.1582660675049 95.5492556095123 92.4036204814911 88.6792143185933 93.1688547134399 94.8756436506907 99.0986625353495 105.10132710139 108.578145503998 112.113525470098 126.91209713618 132.208208243052 146.112620830536 156.990975141525 157.23114212354
13.8386947413286 6.37403813501199 0.165991329898437 0 0 0 0 2.64758989214897 8.98568332195282 13.4156892697016 23.8218853871028 47.3648458719254 72.1605767806371 82.1316490570704 86.4722828070323 81.625501314799 73.0213870604833 64.1597559054693 58.6642722288767 65.7720466454824 87.5252385934194 102.611432472865 106.195350488027 103.985478480657 100.82620382309 100.046495596568 102.121959129969 100.882152716319 96.7600146929423 95.0000683466593 84.2718283335368 80.0986687342326 78.9124667644501 75.1349925994873 81.6094974676768 86.1481726169586 81.3515285650889 80.2070697148641 80.9335857629776 84.9356253941854 86.8389109770457 89.7272725900014 92.3438866933187 95.1870083808899 113.802005847295 124.116629362106 132.514288028081 138.309478759766 145.151058832804
10.5423318843047 7.44432086745898 1.83022953569889 0 0 0 1.71513265619675 5.42553948859374 14.636838187774 18.503808726867 23.5607748230298 36.0617364446322 53.2311151425044 73.1381078561147 85.9353542327881 93.4859216213226 92.5970872243245 85.3187441825867 72.3371207714081 60.6806774934133 69.8670546213786 93.6119258403778 100.555380185445 104.748775561651 107.265383005142 109.515964984894 111.824611822764 111.379861831665 104.843268791835 106.111327807109 94.6291486422221 80.5479933818181 68.2906607786814 68.6115821202596 65.1730795701345 63.9527936776479 67.3411786556244 71.1165418227514 74.8796314001083 80.7412713766098 83.0188741286596 81.8968365589778 81.683208545049 84.6472680568695 96.8937973181407 111.226499080658 118.730127811432 119.058281183243 124.78443980217
11.551883071661 14.3488260606925 12.4096410969893 0 0 2.34820662687222 5.89593065281709 12.9634824891885 22.9732741912206 30.5173893769582 37.5394100944201 39.8747399449348 50.9838759899139 60.2866311868032 75.043057401975 87.5628193219503 93.6001638571421 96.1115856965383 92.8291976451874 80.4593811432521 66.6147669156392 76.8994887669881 86.7932637532552 99.3556181589762 109.343777100245 113.105833530426 112.986942132314 119.316637516022 112.605154514313 103.227078914642 88.8549784819285 86.5023632844289 71.8896488348643 54.7814468542735 49.0204344193141 50.7013648748398 52.7917097012202 57.10535744826 57.7923953533173 63.0440314610799 69.5475886265437 72.5429157416026 71.6722657283147 74.4642515977224 76.9975284735362 91.5143688519796 98.0130930741628 98.9902814229329 103.619754314423
12.502742310365 11.6339673598607 13.6154666543007 6.79525422553221 1.06184293205539 7.06040362517039 7.62441754341125 10.0308706363042 19.6603834629059 31.3460181156794 39.2697403828303 37.0851109425227 41.4739524324735 45.9297647078832 56.9076687097549 73.5727697610855 83.1763595342636 89.5636876424154 93.912015358607 95.254510641098 87.5342686971029 76.136310895284 79.9498409032822 88.6440972487132 100.728025039037 108.820686737696 116.478810707728 114.820301532745 106.062670548757 106.219629446665 93.8693881034851 81.7317813634872 62.8962914148966 54.4056793053945 39.2520775397619 37.247471511364 34.026674926281 33.5153664151827 32.6015303532282 44.9555516242981 54.5912981033325 59.864804148674 65.5788431564967 69.9134568373362 68.9115226268768 77.5358180205027 79.6564668416977 82.4838727712631 92.7266975243886
16.7969899872939 10.2048851549625 6.69092684984207 12.6035784681638 9.34002920985222 8.65805149078369 7.79023766517639 10.7060434917609 15.8959726492564 25.9542216857274 32.5086762507757 32.7059105038643 32.6641326149305 34.9627534548442 41.8722728888194 55.9425701697667 67.5413310527802 75.4887113968531 84.2182834943136 98.4415411949158 104.613572359085 94.900260368983 95.3925450642904 97.3037282625834 100.457002719243 101.301332314809 100.199689467748 96.9565709431966 107.080658276876 92.9780999819438 78.9567083120346 71.9139476617177 48.9403307437897 36.0369756817818 26.4098693927129 18.6557372411092 11.1989403764407 16.7718889812628 22.2117255131404 34.9848667780558 41.9145574172338 46.4771588643392 51.4081617196401 52.389199535052 60.2469742298126 66.6313320398331 69.8975324630737 77.402005592982 81.9424241781235
37.5984385609627 26.2586350242297 15.4848583042622 23.7841258446376 21.9684441884359 7.44389742612839 9.79260789851348 13.5059729218483 23.147573073705 27.6540592312813 28.9373050133387 29.2653540770213 30.0362383325895 27.6157408952713 34.3658924102783 45.4637507597605 59.8621467749278 68.5221751530965 76.5308787425359 90.913196404775 99.4212031364441 111.824611822764 117.300401131312 116.883188486099 112.227618694305 103.610515594482 96.3514149188995 89.2400443553925 87.2156918048859 88.0624850591024 65.5883252620697 44.1923936208089 30.0504416227341 15.7941790918509 1.00367058378955 0.548351866503557 0.75319386087358 4.54664913316568 13.3589804172516 18.0104946096738 22.0933929085732 36.6986195246379 35.5067203442256 33.1397081414858 49.3460992972056 59.1538647810618 66.628023982048 73.3475834131241 73.9624251921972
