input/barkrak2/radiation/dir32424.grid
NCOLS 85 
NROWS 70 
XLLCORNER 665100 
YLLCORNER 4664600 
CELLSIZE 20 
NODATA_value -9999 
[rows 23 to 45 of 70, columns 0 to 51 of 85]
74.5130230983098 63.9748771985372 32.0206359028816 14.8636338611444 10.5200856924057 15.9138850867748 16.9753134250641 5.68215611080329 4.1052820160985 3.71825570861499 7.19273028274377 13.8147460917632 16.819520543019 21.4270427823067 18.4193650881449 19.367211808761 25.0592579444249 34.3008115887642 38.6121397217115 33.1453705827395 31.782329082489 35.4865441719691 46.8614250421524 57.1926335493724 63.1327132383982 62.4503443638484 57.4405590693156 49.0813950697581 31.4209510882696 13.8544738292694 9.53011028468609 3.11840977519751 0 0 0 0 0 0 0 0 0 0 0 0.923896518846353 0 0 0 0 3.89550781498353 5.7407400260369 7.21180625259876 2.40635840843121
74.1246541341146 70.0726360082626 48.2973059018453 19.6986570954323 4.44991141557693 15.2930257221063 11.7071618636449 14.641044040521 6.18172002335389 5.24650886654854 4.73247561603785 13.3156354228655 14.4082518915335 19.2530378699303 19.1647571822007 18.3053811391195 21.8926022450129 32.0609956979752 37.576233347257 31.345489124457 29.9340710043907 26.8979022900263 35.1319164037704 42.5409475962321 47.1473783254623 47.6266741752625 44.8606957991918 40.57876765728 19.8465622961521 8.63111205399036 4.67340741306543 3.21810661504666 0 0 0 0 0 0 0 0 0 0 0 0.915054154271881 0 0 0 0 0 0 0 0
61.3051603237788 65.6329294045766 58.6205323537191 29.0588736534119 5.1317752028505 15.2282292644183 22.6981664697329 29.2051360011101 29.5110692580541 23.6433098713557 19.0582536160946 21.031046907107 20.5176348487536 25.9659265478452 25.6546239058177 20.7298994064331 21.8411237001419 30.8457364638646 37.6696536938349 40.5943915247917 40.1666611433029 36.95264707009 34.1000432769457 33.8385899861654 36.4580079913139 38.4970555702845 34.9149430791537 35.1754228274027 21.130234003067 16.738540182511 13.7253428498904 17.032357553641 11.6593949496746 0 0 0 0 0 0 0 0 0 0 0 0 0 0 0 0 0 0 0
60.0009163220723 65.0093058745066 62.7788801987966 38.1348257263502 15.7963819801807 28.0694216489792 39.2322192589442 50.5617012580236 55.8569033940633 49.4727243979772 33.1968367099762 37.0764334996541 33.6525291204453 35.7400228579839 35.3319098552068 27.5138691067696 24.8898044228554 33.0907106399536 40.5243163307508 49.9608566363653 50.8311490217845 49.1502980391184 41.2145604689916 35.6198673446973 36.6777032613754 38.5355030496915 34.2439487576485 41.3501312335332 38.6924147605896 37.2590074936549 41.765625278155 58.4566543499629 66.4933025836945 46.2478846311569 0 0 0 0 0 0 0 0 2.6095292220513 0 0 0 0 0 0 0 0 0
61.4160746335983 60.3823810815811 60.4893465836843 43.9545164505641 40.1961331566175 48.0257372061412 61.0765765110652 66.602165500323 67.3647820949554 56.8577150503794 45.1134939988454 40.3760795791944 38.0817006031672 37.0120356480281 40.0147885084152 36.2598225474358 30.9437637527784 36.5086918075879 48.2747654120127 54.3318390846252 51.3533701499303 43.0790930986404 41.018878420194 41.8100456396739 42.6125973463058 42.5940056641897 40.3170262773832 50.2999623616536 66.5571490923564 70.9646791219711 75.0387658675512 81.9208721319834 92.2072529792786 98.1211463610331 55.4137378931046 0 0 0 0 0 0 1.76049706836541 1.67003910367688 0 0 0 0 0 0 0 0 0
64.3440783023834 54.0013313293457 54.5467485984166 46.7020322879156 59.8764518896739 60.570627450943 63.4609659512838 61.268558104833 54.988553126653 44.8029140631358 39.119395116965 34.4420423110326 36.0596378644307 40.1511738697688 41.0419826706251 43.8342392444611 39.3977041045825 35.8465661605199 45.378456513087 47.3678161700567 44.8437432448069 38.9992520213127 38.6583606402079 44.9155767758687 47.0955471197764 43.8965012629827 44.5431768894196 50.5187809467316 73.1154183546702 86.2282911936442 93.5634473959605 97.8228648503621 105.004499355952 108.815570672353 97.3852276802063 29.5496433973312 0 0 0 0 0 0 0 0 0 0 0 0 0 0 0 0
65.4261360565821 49.1123795509338 49.2998113234838 51.6529430945714 60.8471681674322 60.1304024457932 50.455316901207 38.2438649733861 18.9553226033847 19.103912015756 21.9424491127332 26.8636619051297 32.3750029007594 40.5811667442322 44.02028520902 48.7635433673859 44.9506789445877 33.2198490699132 36.0241681337357 39.526271323363 38.4374782443047 38.6520152290662 38.5461300611496 44.7159161170324 49.8298356930415 46.7943598826726 49.2561558882395 50.9514758984248 66.9126013914744 88.9819065729777 102.864881356557 108.540008465449 109.711756308873 111.409654219945 118.039071559906 97.5690583388011 23.5876813530922 0 0 0 0 0 0 0 0 0 0 0 0 0 0 0
64.3561979134877 64.9841179450353 83.9976370334625 113.321542739868 90.7009045283 67.2057370344798 42.7533189455668 13.0595192313194 8.53045781453451 18.3652105430762 13.259369879961 6.20102447768052 31.205157438914 42.0891543229421 48.1663395961126 52.8432677189509 49.9786734580994 37.836492061615 38.015253841877 40.7436539729436 38.0424658457438 41.4516925811768 43.0416117111842 45.2947417894999 51.6756623983383 55.4173688093821 54.2220969994863 56.4897358417511 68.838174144427 92.4813548723857 110.606531302134 114.417632420858 110.048959652583 118.320117394129 127.469996611277 130.497684081395 101.908763249715 48.6686329046885 2.87725621213516 0 0 0 0 0 0 0 0 0 0 0 0 0
75.9264379739761 107.311914364497 153.77206603686 174.219409624736 152.343511581421 104.386160771052 60.2795879046122 34.0623011191686 29.8137838641802 32.6128577192624 25.2508943279584 22.7321932713191 32.2609667976697 39.1600454847018 52.0359327395757 55.0475567579269 52.7550925811132 46.7017889022827 40.3189857800802 41.464572151502 41.7717943588893 44.5992251237234 46.9118406375249 47.3919113477071 51.9469529390335 63.4471277395884 63.4218156337738 68.7356144189835 77.7387768030167 93.6825474103292 107.507824897766 117.059886455536 118.878662586212 122.960488001506 129.799286524455 130.349407593409 123.208781083425 101.684749126434 44.6510910987854 1.43849570304155 0 0 0 0 0 0 0 0 0 0 0 0
132.89009531339 168.188651402791 193.799455960592 195.106287797292 193.06610027949 166.359394788742 127.161810795466 91.5643473466237 70.2485889196396 60.1122627655665 54.769625266393 45.1711515585581 34.6402277549108 37.811870376269 49.084131916364 55.9340616067251 50.7832417885462 51.4740546544393 41.1811197797457 40.1620815197627 43.4934000174204 44.7917580604553 45.3399618466695 46.1924423774083 50.3987123568853 62.8927797079086 69.2501465479533 76.2863308191299 85.7434173425039 92.8121606508891 102.631628513336 112.487852573395 117.415189743042 115.708827972412 115.606904029846 109.109610319138 111.655056476593 98.1988906860352 54.026335477829 2.64008156955242 0 0 0 0 0 0 0 0 0 0 0 0
185.556968053182 202.291031678518 207.486033439636 206.412494182587 207.820018132528 202.328264713287 181.725760300954 141.207238038381 104.69729701678 82.9239437977473 85.5620602766673 75.212890903155 50.6862004597982 44.518326719602 48.818439245224 52.1519780158997 46.0419058799744 46.4275280634562 40.1121452450752 41.5007720390956 40.0337527195613 42.0103470484416 41.3462569316228 41.7641848325729 47.9940623044968 57.0033142964045 68.4053599834442 72.1727758646011 81.0037602980932 92.6580230394999 102.88014014562 104.647705952326 97.253809372584 88.798721631368 90.8674200375875 77.0332713921865 77.8748591740926 63.6714349190394 31.0610706607501 1.31322847058376 5.03484097619851 3.83984111249447 0 0 0 0 0 0 0 0 0 0
200.410564740499 209.062854448954 207.113345464071 209.384322166443 209.096391995748 206.390261650085 198.474407196045 167.887727419535 123.827358086904 96.8472957611084 94.7495102882385 89.8906588554382 75.9324083725611 55.9832702080409 49.0398307641347 49.827496210734 44.3371385335922 40.5644103884697 40.3367628653844 43.1640048821767 39.1155431667964 39.0038738648097 40.1610136032104 41.4639785885811 45.3681151072184 52.0592778921127 61.1042280991872 62.0008607705434 71.4316368103027 87.4157945315043 95.2285826206207 93.905915816625 89.1007781028748 83.9828749497731 76.6491591930389 64.2709185679754 68.1083351373672 65.4054035743078 46.5168654918671 14.3556656936804 12.5673487782478 2.89376514653365 0 0 0 0 0 0 0 0 0 0
193.581938743591 198.086440563202 193.830688794454 195.945858955383 196.056246757507 189.946333567301 183.586855729421 165.778577327728 129.829486211141 107.475618521372 102.512160936991 96.2611039479574 86.8361592292786 64.0254567066828 52.748238046964 54.240624109904 47.3439544439316 39.3120994170507 42.85928606987 44.0090149641037 42.9696540037791 39.5446618398031 43.142298857371 46.313335498174 45.0362215439479 49.8032321532567 54.2144974072774 54.9482454856237 62.2532467047373 79.6576738357544 89.3333156903585 87.2126917044322 90.0924305121104 90.9418563048045 76.2524704138438 70.2864577372869 74.2153227329254 80.720712741216 75.1607318719228 37.7334877848625 10.692622512579 0 0 0 0 0 0 0 0 0 0 0
168.489933013916 172.348976135254 173.981666564941 171.270330746969 170.554439226786 168.54989528656 173.306544621785 169.797778129578 141.050259272257 117.736577987671 105.459779500961 91.4411544799805 81.2474091847738 60.2633108695348 48.8495578368505 54.3837149937948 56.0277352730433 44.7243650754293 46.8177000681559 49.6983577807744 49.3550101915995 45.1515068610509 46.0460881392161 49.1432199875514 47.3543405532837 47.585517168045 53.3747971057892 59.3260625998179 63.0649973948797 74.612021446228 85.8205755551656 90.1939074198405 90.8937255541484 94.8599378267924 79.5304675896962 79.921434322993 79.2214175065358 87.7280632654826 87.2687697410583 48.724040389061 0 0 0 0 0 0 0 0 0 0 0 0
144.080499807994 154.702663421631 166.635652383169 162.745296955109 161.570330460866 168.191572030385 177.372097969055 179.480195045471 163.040747245153 130.347311496735 106.945335865021 81.505075097084 65.2626305818558 53.6442945400874 45.0633019208908 49.2397000392278 59.7679962714513 52.0377655824025 49.18006559213 52.0465821027756 53.3444732427597 49.5388507843018 46.8560655911764 48.5188712676366 49.7974107662837 49.2438971996307 52.1683643261592 60.5127960443497 64.0227198600769 68.5343990723292 80.0760438044866 90.1414453983307 92.653751373291 87.0832006136576 75.6265223026276 87.7897342046102 90.1842216650645 94.1890080769857 94.0000712871552 69.4297651449839 0 0 0 0 0 0 0 0 0 0 0 0
107.515106598536 119.023601214091 128.08017929395 133.040130138397 141.552984714508 157.845685879389 171.93861802419 181.194345156352 176.40095949173 146.456162134806 112.492024898529 79.9509783585866 61.693087220192 58.0401519934336 50.4427254199982 44.6168382962545 54.661437869072 56.0602396726608 50.3177394469579 50.1357267300288 50.7752994696299 48.0019003152847 45.027623573939 46.1778988440832 50.2561827500661 53.8980265458425 52.7487099170685 57.7702174584071 62.4900112549464 63.7198587258657 72.0288058121999 86.5461230278015 91.1565820376078 76.7739613850911 78.6392390727997 97.3613162835439 100.92031955719 97.4837442239126 98.5760490099589 94.6733554204305 40.4673889279366 0 0 0 0 0 0 0 0 0 0 0
72.9198704163233 79.4455756743749 79.0951351324717 89.521586894989 105.165888865789 123.883565266927 138.772467772166 152.089218298594 153.420656919479 129.384656747182 93.9837495485942 69.7427441676458 56.7582945028941 54.9874951442083 51.4752815167109 46.9389657179515 51.4488120873769 51.7568985621134 45.4299598932266 45.5515335003535 48.5842625300089 51.5564580758413 50.5363941192627 47.294408082962 46.6181884209315 48.9009817441305 54.9402932325999 57.9429119825363 61.6312921047211 61.4735980828603 64.0640457471212 76.0250240564346 83.841214577357 79.5057366291682 96.8524515628815 104.879717032115 104.987025260925 98.8162954648336 102.700412273407 114.869852860769 107.746769984563 48.6226628224055 0.561910681426525 0 0 0 0 0 0 0 0 0
61.9731247425079 64.0681783358256 63.7897849082947 65.9478108088176 74.6393849452337 81.0317893822988 85.2679212888082 91.3602312405904 91.6555921236674 76.6129742066066 60.7392738262812 56.2919825315475 54.9312829971313 52.5748630364736 51.047553618749 51.5337139368057 50.1952866713206 49.5717177788417 45.2788571516673 45.1040764649709 49.9746104081472 55.1121731599172 56.2381595373154 52.1592696507772 49.3511507908503 47.9158858458201 55.7465056578318 59.5935930808385 62.7680371205012 62.388817469279 62.5114738941193 69.0429707368215 76.974019408226 86.6438448429108 103.518744309743 103.21839650472 95.1878329118093 87.7935389677684 90.3856456279755 106.0571372509 118.947227795919 106.840789318085 60.2830499410629 5.57448839147886 0 0 0 0 0 0 0 0
70.2486137549082 67.7112589279811 67.9527123769124 67.4554109573364 63.8702611128489 62.0978822310766 60.8878582715988 61.951811114947 67.2980546951294 59.5237165689468 52.1690795818965 53.5972615083059 56.7799508571625 56.9842954476674 56.2217831611633 54.3304185072581 49.0339696407318 55.5544892946879 56.732252240181 52.7437428633372 54.8843344052633 55.3950319687525 53.816686073939 55.7255844275157 57.8835109869639 53.5191893577576 57.4581126372019 59.9193026622136 62.8708203633626 64.5387570063273 65.0013387203217 68.557287255923 75.0058889389038 92.1181639035543 99.1644263267517 93.4867560863495 82.9179932673772 74.4659354289373 71.8411604563395 81.8056414524714 108.096520105998 115.128288666407 89.7453427314758 36.120946208636 0 0 0 0 0 0 0 0
74.7452080249786 71.8458990255992 74.5634734630585 73.2812335093816 66.4000163475672 63.0793273448944 60.9348316987356 58.4624707698822 58.581421772639 55.4405301809311 54.0621280670166 53.8947880268097 57.9993824164073 61.531588435173 61.2537016471227 58.0287327369054 55.0039807955424 60.2936247984568 63.4460548559825 57.6702654361725 55.2684863408407 52.8856813907623 48.915296792984 50.7613023122152 55.7236969470978 53.0316332976023 50.1822183529536 54.7067373991013 58.4965149561564 62.2008989254634 63.4537885586421 63.2277627786001 73.1712579727173 91.8167630831401 96.6401000817617 82.9174816608429 72.6748804251353 70.3951815764109 69.5876131455104 78.2487293084462 84.4190120697021 88.3775750796 74.6053606271744 44.162392616272 0.173374311998487 0 0 0 0 0 0 0
59.0612938006719 61.7732803026835 70.3888485829035 67.7550534407298 70.3292588392894 72.6177791754405 71.6160535812378 67.5447930892309 57.2298318147659 56.0570657253265 59.5932404200236 56.1440934737523 57.3028177022934 60.8905057112376 61.9359910488129 59.2511594295502 59.9902669588725 62.6566211382548 62.9862348238627 58.3138763904572 53.021897872289 50.0696202119192 47.9315867026647 47.9607880115509 50.5181004603704 54.7297894954681 49.5155354340871 51.9733130931854 55.9397538503011 57.1660697460175 57.2890043258667 54.9838840961456 64.3688390652339 79.3898651997248 84.6243997414907 75.0299046436946 71.2798188130061 74.3263959884644 78.3088356256485 78.1636734803518 72.6374884446462 72.3060518503189 67.1255191167196 43.3928817510605 4.28608153015375 0 0 0 0 0 0 0
57.5695137182871 63.3674164613088 66.4212256669998 67.0833736658096 68.8039064407349 71.3873853286107 71.6041723887126 67.7151034275691 63.118984301885 59.3951294819514 60.9132498502731 59.0611696243286 56.6653857628504 55.0589561462402 54.3961077928543 55.1833113034566 52.3282488187154 58.5685322682063 60.1779073476791 58.0632239580154 54.5940448840459 51.7949610948563 51.9562860329946 52.3638427257538 49.9489059050878 58.7514638900757 61.615323026975 58.1686099370321 57.8606277704239 56.1813215414683 51.8789539734522 50.6952305634817 56.071067849795 60.3471249341965 66.2120083967845 69.3286657333374 72.8381772836049 79.0209770202637 81.5599262714386 75.0646740198135 73.2637743155162 68.0080006519953 65.7691607872645 47.4593490362167 18.0579461157322 0 0 0 0 0 0 0
63.916340470314 68.5388147830963 65.6237651904424 69.0567344427109 67.5453046957652 67.5798406203588 69.0646817286809 67.8444306055705 69.0182596445084 64.4897272189458 63.8946245114009 63.1954173247019 58.734009663264 54.645910859108 54.1504919528961 57.7588578065236 53.6436935265859 57.0434232552846 60.8349740505219 59.48306620121 56.5911630789439 55.8456430832545 55.272176861763 56.6270897785823 58.0945611000061 58.0133696397146 64.4547939300537 61.6743912299474 58.9791188637416 57.3241810003916 53.2112717628479 50.4399339358012 53.626482685407 52.0190546909968 53.4028708934784 56.2101602554321 63.0784928798676 72.8093882401784 72.7946360905965 61.6289526224136 64.4226570924123 60.0255529085795 60.2366228898366 57.1102599302928 39.9833843111992 10.5347683032354 0 0 0 0 0 0
