input/barkrak2/radiation/dir34224.grid
NCOLS 85 
NROWS 70 
XLLCORNER 665100 
YLLCORNER 4664600 
CELLSIZE 20 
NODATA_value -9999 
[rows 46 to 68 of 70, columns 0 to 51 of 85]
47.9485442241033 49.4847198327382 51.9610544045766 53.9368589719137 53.7071774403254 53.5827875137329 55.4335912068685 57.2693695624669 54.1355907917023 53.0500262975693 52.2298614184062 51.5266259511312 48.175369699796 45.3469902276993 45.2729612588882 48.4678894281387 46.6277052958806 42.071744799614 46.3380217552185 45.2153583367666 42.8259372711182 43.3484067519506 43.7398552894592 42.7500605583191 50.4199266433716 45.1416969299316 46.2989658117294 47.0419228076935 45.8811769882838 45.2006955941518 44.2212373018265 41.3805445035299 40.7189056277275 40.5032510558764 42.4919774134954 44.1546936829885 45.3299631675084 49.1735438505808 50.9902785221736 48.2036123673121 47.2592711448669 43.9331978559494 49.0663945674896 53.4208466609319 46.2018450101217 21.475076675415 0.464324994633595 0 0 0 0 0
42.2673722108205 44.5010860761007 49.7181763251623 51.2270977099737 54.7264417012533 56.2312304973602 54.4519623120626 54.2072355747223 54.3808539708455 57.0102979739507 54.1055897871653 51.0698407888412 49.6960232655207 49.8716980218887 48.4116623799006 46.8394209941228 46.6857850551605 39.8357585072517 44.0490593512853 44.6453392505646 41.9620722532272 42.3927108446757 45.243834455808 41.045293211937 44.4770157337189 45.0577835241954 41.1244109272957 44.1398719946543 45.6156382958094 44.7039802869161 45.8358774582545 45.0073182582855 40.5268420775731 43.1361099084218 52.5435308615367 55.448313554128 51.4108538627625 46.6065307458242 49.1735835870107 56.4739207426707 49.1665055354436 45.3387101491292 51.7107993364334 55.7532608509064 51.2897322575251 35.9213004509608 8.21413906912009 0 0 0 0 0
35.8791475494703 38.9223049084345 43.8400457302729 46.8910088141759 53.1436155239741 56.4565261205037 53.6221812168757 51.998774210612 55.8870037396749 58.2959949970245 56.4322223265966 52.6354759931564 51.4709055423737 52.6383022467295 50.476794441541 45.4127689202627 44.9540913105011 40.4150808850924 43.6917245388031 46.0998217264811 45.4398343960444 45.4873541990916 47.2540855407715 44.7722375392914 42.8163111209869 46.23182117939 44.6841021378835 48.3364164829254 52.3379196723302 54.6418825785319 57.6905558506648 58.157871166865 50.1210987567902 50.7647842168808 58.3062668641408 64.2544776201248 62.9227459430695 53.7210355202357 50.8959194024404 53.7813802560171 48.4394480784734 43.2959198951721 43.0919229984283 43.0601934591929 42.2396411498388 41.4856746792793 30.9033418695132 1.41053382928173 0 0 0 0
34.9268193046252 32.9895988106728 36.9309335947037 44.3014800548553 49.6126214663188 52.5832126537959 55.104598402977 57.7625681956609 59.1336737076441 56.0688227415085 58.1023395061493 58.2401851812998 55.087556441625 52.7365456024806 51.5577296415965 47.2845981518428 46.0565090179443 43.6619619528453 46.6284652551015 50.21932721138 51.6698062419891 51.7776310443878 49.4273950656255 49.8928229014079 45.137882232666 48.7099389235179 51.8474479516347 56.5744340419769 62.23131219546 67.6054060459137 73.0463912089666 72.8670607010524 64.7084067265193 59.0473562479019 58.531180024147 58.589905500412 69.8244422674179 60.8436117569605 52.5809228420258 45.9862252076467 42.4560109774272 43.1416382392248 43.6826546986898 39.9699409802755 36.9931782285372 37.5653430819511 23.1678709387779 6.90389052033424 0 0 0 0
35.0917826096217 38.3104085922241 41.6993300120036 47.4743743737539 47.8280584017436 48.2416252295176 55.7384043931961 60.6484313805898 60.6333067019781 60.5413516362508 60.394157965978 60.2785646915436 57.0131838321686 53.1897296508153 53.4057120482127 56.5522313117981 50.0265657901764 50.3012786308924 51.186333100001 54.6204646428426 55.6032558282216 53.7252823511759 50.7654498020808 51.7761558294296 46.6268459955851 50.9710013866425 55.335874358813 58.4181944529215 67.9660886526108 74.1374890009562 79.9931784470876 81.1681101719538 73.7959841887156 63.2960895697276 45.598233739535 48.7511704365412 56.9009830554326 65.2170876661936 57.2490592797597 43.8227256139119 39.039837817351 43.6979879935583 47.5565691788991 42.3794736464818 39.9866650501887 36.6401597857475 21.0617408156395 10.5675322314103 0 0 0 0
35.882646838824 46.0451543331146 48.0577995379766 49.2089490095774 47.2323795159658 47.0073521137238 54.2199512322744 59.3474358320236 59.1714779535929 64.1141136487325 61.9666278362274 61.3450507322947 59.2416524887085 55.2173058191935 55.50583700339 60.7384939988454 54.7426640987396 53.1126757462819 51.373764872551 52.3049185673396 52.6464134454727 51.0581284761429 50.8884191513062 47.4895387887955 45.9645092487335 48.2101937135061 51.250547170639 53.0457198619843 57.0955077807109 65.0345037380854 75.7396469513575 81.1686217784882 74.8359610637029 56.4977526664734 18.6741575598717 18.2063120106856 24.6287286281586 50.8035222689311 58.933953444163 61.4697833855947 55.5190096298854 46.7624266942342 41.567787528038 37.6590962211291 41.8104330698649 37.6045753558477 20.946482817332 15.3333718578021 0.163284925899158 0 0 0
39.1964068015416 37.7804090579351 37.102664510409 39.1120960315069 44.857253630956 49.8294184605281 50.834059715271 56.1752518018087 56.0368398825328 60.6368879477183 61.0796759525935 62.714084982872 62.7719859282176 58.4035714467367 57.3774774869283 55.9845815102259 57.4604570865631 51.9031186898549 47.4651902914047 45.5235739549001 45.2530235052109 46.8805134296417 47.7067778507868 43.4033473332723 44.5934484402339 41.8076515197754 44.2029684782028 43.741300702095 45.3415761391322 47.9852706193924 52.2044797738393 65.3569648663203 61.9414647420247 35.2350423733393 14.8876309394836 8.00917483866215 8.74012894928455 16.5268008907636 41.4692088961601 55.0547093153 60.6721341609955 50.0621348619461 36.3169660170873 33.1021323800087 37.3501057426135 24.2931793133418 20.4244293272495 30.4242968559265 15.3642296791077 0 0 0
41.5394231677055 32.8191642959913 30.9489145874977 35.6261606017748 45.7652459541957 53.4396817286809 53.2557467619578 54.4108301401138 56.7331065734228 57.3839197556178 59.3359271685282 61.9921485582987 63.6550585428874 62.6441886027654 58.7321470181147 56.4171771208445 58.8797231515249 53.1639854113261 48.8577286402384 48.8153646389643 48.8848586877187 46.7476646105448 45.5750624338786 43.0736889441808 42.9425487915675 40.4826079805692 39.8567592104276 40.57660450538 39.96974726518 38.4658177693685 31.6423053542773 38.2139881451925 41.47091259559 21.4929208159447 16.3762743274371 8.80521349608898 1.6552455102404 0.662388590474923 7.75415698687236 22.1199045578639 44.0210849046707 40.2302344640096 34.6243232488632 28.2631764809291 20.3175246715546 21.2747926513354 19.2726453145345 36.3688990473747 43.2726542154948 25.1023272673289 1.61695138861736 0
41.6435524821281 36.7064277331034 34.9830463528633 39.8239369193713 48.0957428614298 54.9207031726837 57.6258401075999 54.147814710935 58.3677391211192 57.1099023024241 60.6628209352493 62.3348206281662 63.5700474182765 65.4581735531489 61.119665702184 61.0139618317286 61.3268117109934 57.0146242777506 53.4090101718903 53.922360142072 53.3576707045237 49.9764829874039 47.7649867534637 48.4008491039276 46.2175309658051 44.3828950325648 42.3862586418788 38.7815510233243 35.0629687309265 32.3019698262215 24.8932763934135 29.5286203424136 36.7487147450447 38.9168138305346 37.1340960264206 27.1679063638051 9.10123996436596 1.61058688536286 0.914886981869737 5.04276653130849 18.6462067067623 22.4700843294462 18.8868567347527 13.5301339129607 13.2899582386017 18.2123718162378 20.0037993490696 24.6280158559481 39.4076779484749 43.5136655966441 26.78548792998 0.308811664581299
44.5377677679062 43.2141770919164 40.1169459025065 39.1726891199748 44.4845904906591 54.2470912138621 55.6182563304901 54.0288090705872 55.8580905199051 60.7086718082428 66.6525115569433 67.3261086146037 65.6272619962692 66.290150086085 64.5518004894257 64.0655656655629 64.7422025601069 62.3985826969147 58.4336668252945 55.5232316255569 53.0489683151245 51.4579912026723 52.6630083719889 55.0750593344371 50.8032937844594 49.1763552029928 40.8729190627734 34.474179148674 29.0694981813431 26.3537690043449 26.8239726622899 32.7366317311923 40.5213981866837 51.4201819896698 56.499903400739 54.9053251743317 40.6586676836014 27.0167166988055 16.2911576529344 4.5084347948432 9.25407807032267 18.2038520773252 18.7213085591793 13.4579092264175 13.0315683782101 27.3904452721278 45.0277378161748 38.7874518831571 33.957247932752 39.4508764147758 29.2282650868098 6.86969173451265
46.9417671362559 46.3783045609792 45.3913062810898 42.3522045214971 43.5628592967987 51.8304357926051 53.7517517805099 53.8486540317535 54.1197707255681 62.8425826629003 70.168266693751 69.1005786259969 64.9051368236542 67.3698286215464 68.502018849055 63.3590569098791 65.1339789231618 63.2730225721995 59.3468993902206 57.3327243328094 56.5197070439657 57.3552300532659 54.3995996316274 52.5679488976796 50.6867865721385 45.2925662199656 29.691219329834 4.97870737065872 3.91930527985096 13.8567561904589 25.2677276730537 30.3343112270037 38.8048936923345 46.0461527109146 56.5283546845118 59.4104429086049 57.990774512291 52.0841379960378 39.211298028628 21.7481205860774 10.7583378752073 18.3278185625871 36.3058124979337 36.4246318737666 30.5965219934781 47.2815632820129 70.361723502477 60.179462035497 39.8822501301765 28.4036745627721 13.6294352511565 7.9428032040596
45.8902468283971 44.1042880217234 47.5751062234243 48.5981504122416 46.4280148347219 48.842117190361 53.8528462251027 54.3586661418279 55.0751090049744 62.6164774099986 68.8737481832504 67.0276383558909 63.0086958408356 66.2839313348134 69.6580559015274 60.7937872409821 62.5043660402298 61.4036818345388 60.0921163956324 60.9769274791082 61.3203396399816 62.6244942347209 58.0851982037226 51.5802651643753 51.1094232400258 47.5329260031382 31.718576947848 15.1911986370881 14.6638217071692 21.277442574501 31.141663591067 34.1445753971736 47.3293463389079 56.8715929985046 67.5639063119888 61.6209159294764 58.2390278577805 22.2928027311961 22.6572801669439 23.1978272398313 25.0804573297501 36.5347613890966 40.8737609783808 21.6497530539831 16.5472775697708 20.3914381563663 40.4754007856051 47.5045094887416 35.6212457021077 24.8076170682907 18.1525871157646 13.0846686661243
35.6454054514567 42.5290564695994 45.8378990491231 48.4613130489985 48.5259195168813 45.5699612696966 53.9273371299108 57.258536418279 58.2056045532227 63.0010714133581 65.1524712642034 64.3689533074697 63.8589362303416 62.702755133311 64.058577020963 60.8390221993128 57.9103529453278 61.0186755657196 63.468133409818 64.2756521701813 66.6175931692123 63.0694925785065 61.0521932442983 56.1483800411224 54.259513815244 53.9873639742533 49.2291500171026 43.4230864048004 42.8021103143692 44.1633661588033 40.7170653343201 40.177750090758 56.45652115345 68.4084494908651 49.6130933364232 45.0090616941452 26.8893713752429 10.9960014621417 3.68117665251096 8.29599114755789 8.78688817222913 31.819740931193 44.2882925271988 37.136805554231 25.8178487420082 26.9377032915751 39.6544014414152 43.7280684709549 41.1257346471151 34.9910606940587 29.2275647322337 28.2789369424184
27.1456092596054 40.3077726562818 43.9889580011368 46.7976977427801 49.5925148328145 46.0260212421417 49.7605601946513 56.6962560017904 66.7729377746582 68.1900829076767 63.6575669050217 61.4651342233022 63.5902434587479 63.1481011708577 63.2361670335134 61.0617995262146 57.7478309472402 60.3219469388326 59.1355711221695 56.2328994274139 58.4186017513275 58.2754164934158 57.5157006581624 56.0677796602249 58.5548728704453 61.9490245978037 69.1239535808563 68.6457057793935 60.2334042390188 54.6849966049194 44.3124224742254 37.2229069471359 46.7414756615957 47.074223558108 19.1562746961912 13.0205675959587 12.276199956735 6.90018634001414 0.531765632331371 0 0 11.9104956587156 39.648525416851 61.7017100254695 67.3506408929825 60.9511037667592 59.3723654747009 59.2629611492157 59.0408543745677 48.7816631793976 38.6569301287333 48.3317673206329
28.9369076490402 37.713016072909 44.3790058294932 46.6248194376628 48.1789857149124 48.4741975863775 43.1993256012599 51.845779021581 70.7223564386368 69.2232449849447 61.987300713857 58.7557405233383 60.916061202685 65.1271641254425 64.067209760348 61.2692336241404 60.4624499877294 58.220570286115 52.4281611045202 45.8602557579676 45.7608898480733 49.6631562709808 50.3979176282883 53.7236779928207 55.4990420738856 62.4905377626419 77.9758542776108 81.9860299428304 64.2600059509277 53.3013691504796 43.334166208903 31.5292899807294 33.7515150507291 36.0435495773951 17.6574252545834 9.38172948857149 10.3004922469457 15.0452082355817 8.36145256956418 0.693807145580649 0 1.94870152821143 19.3988519410292 43.2657500108083 46.1629579464594 47.144611676534 44.795090953509 45.7596679528554 50.5816241105398 44.6296433607737 45.1181431611379 77.3470550775528
39.5189126332601 42.1759386857351 44.3689624468485 41.2648916244507 36.0194991032282 32.5904910763105 39.6549751361211 45.234610637029 54.0250092744827 50.1156747341156 46.2538699309031 51.9735515117645 60.3113224109014 61.8035197257996 58.3920776844025 59.9687149127324 60.6826891501745 55.3253392378489 48.0367243289948 43.1728065013885 42.6211307446162 43.3312803506851 47.2769637902578 49.6354798475901 51.8941382567088 56.046336889267 67.9655621449153 76.0460545619329 64.5430634419123 50.1639097929001 42.6201075315475 28.3354471127192 19.1589631140232 39.2238621910413 36.1275747418404 16.7827072242896 16.7278721928596 38.7190133333206 40.6507601340612 26.9663979609807 5.66302115718524 2.76185385882854 10.7762689391772 17.4744154016177 16.314547508955 17.9236866533756 20.2544406056404 22.3976025978724 21.8537375330925 37.9316334923108 57.8760455052058 109.448164701462
50.041322906812 46.8723128239314 43.3586686849594 36.9106779495875 27.9980003833771 22.5774769981702 30.954455335935 31.924011806647 22.9790459076564 21.0262512167295 33.0578088760376 42.393018802007 49.0119010210037 52.9243300358454 56.0995539029439 65.7239059607188 68.5586531956991 60.4037344455719 52.3397078116735 49.1975545883179 46.7413067817688 46.5285331010818 47.1220165491104 46.9693094491959 47.1839259068171 51.9300053517024 59.6627493699392 62.2630019982656 56.4961582422256 38.3169129490852 37.7362444996834 33.0833370486895 29.2498519023259 47.0710943142573 53.4471025069555 42.1057144800822 32.6551099618276 20.4071862002214 25.4031668106715 30.7139779130618 19.8533969620864 8.86527883509795 10.4765320817629 10.9067310889562 5.95922457675139 7.07077359159787 13.9761244257291 15.9200988709927 16.9299679497878 38.1545275449753 82.3127726713816 125.076909859975
52.6945094267527 46.446626385053 41.9502755006154 38.3775110046069 31.8356032172839 26.500994960467 22.7305615941683 17.9811517397563 4.35241249700387 12.0446259776751 27.6890595753988 38.4665131568909 38.2003510991732 45.5165952444077 58.276171485583 73.5645194848378 78.981230656306 72.0936457316081 64.1232877969742 60.3957722584407 55.3864638010661 53.5209029912949 53.5916338364283 48.742597301801 44.605016708374 47.339528799057 45.5195903778076 48.6320008834203 45.3551908334096 31.7939817905426 30.7281215985616 32.100943227609 23.0055203040441 44.9533065160116 68.8842386007309 71.9268421332041 47.2315847873688 14.6445234616597 11.4934047063192 16.5267462531726 16.9545511404673 14.7806281844775 15.7916049162547 14.8955248296261 8.47473119695981 5.48204158743223 11.2426752845446 16.4011927942435 26.8688350915909 50.6601283947627 113.016694784164 144.100407759349
54.9806406100591 49.9183585246404 48.6461420853933 49.6319433053335 46.5369323889414 40.7049457232157 35.9980116287867 36.311075091362 35.1619670788447 40.7740523417791 48.1798946857452 53.3916751543681 53.6603331565857 49.1756896177928 59.1313640276591 74.2888599634171 83.9165846506755 84.2297573884328 77.2852102915446 67.9719696442286 62.4056359132131 58.1156859795252 55.6612511475881 57.6415956020355 50.5117972691854 40.4261102279027 38.1221622228622 39.2068102955818 38.5482435425123 38.0366370081902 19.1940230627855 17.5443862875303 14.2446011304855 22.1547832091649 75.5597501993179 85.6661995251973 54.2303820451101 18.2574825982253 6.55127751330535 6.65118421117465 9.49390418827534 7.33354563514392 15.9966088831425 21.9269345204035 29.4834822416306 14.1129717230797 13.7296542525291 32.3126837611198 56.4990937709808 99.6333658695221 131.823301315308 145.022769769033
55.7433714469274 53.0849993228912 53.2357196013133 54.5929570992788 53.991287946701 50.6050189336141 50.4660854736964 57.7915857235591 73.5486596822739 69.7340816259384 61.1461997032166 61.7351134618123 67.578782637914 56.0433765252431 57.2752257188161 65.4482344786326 73.2562939325968 80.3023974100749 81.2015235424042 74.6261924505234 69.1569497187932 62.9683236281077 59.9700063467026 56.6256940364838 50.385187069575 40.426954627037 28.724268078804 29.5727699995041 32.6811894774437 17.1066783368587 12.393223742644 10.617058724165 6.43505031863848 4.72402820984523 69.5336560408274 87.1344208717346 68.3145274718602 56.1153888702393 26.1304353674253 2.85439348469178 0.110032774197559 0 8.53285193443298 32.7663794159889 38.6816263198853 29.7077546517054 28.4544602036476 50.1258373260498 105.561931927999 149.216522773107 143.089910348256 131.25616312027
54.962823788325 51.7112463712692 46.3958879311879 41.9700692097346 42.2131568193436 44.1634605328242 44.3023343880971 55.7515521844228 65.6070758899053 60.4060391585032 51.5436629454295 51.0788212219874 62.222495675087 57.6928357283274 54.1852215925852 53.1250884135564 53.8145105044047 60.6878598531087 70.676843325297 74.8252322276433 70.7209904988607 65.0416314601898 58.5114260514577 53.8356304168701 46.5001165866852 39.7201503316561 28.0809452136358 17.6021233201027 28.8836508989334 24.6387471755346 12.3461286226908 7.56820539633433 1.56237728272875 0 0.11592842444467 77.3430267969767 84.2267672220866 94.6962535381317 76.465701063474 29.326265056928 2.23563021669785 0 2.41916223118703 17.6479282478491 43.9494252204895 62.9356205463409 83.2174519697825 132.581134637197 172.787586847941 183.08413028717 168.271978696187 136.632968982061
57.0337871710459 55.0281703472137 49.3659476439158 42.8294986486435 41.3515319426854 44.0617501735687 37.091759343942 34.5782165726026 36.2160007158915 33.0831383665403 26.3610730568568 23.9470352729162 27.5535732507706 45.0234065453211 52.1106173594793 46.2861756483714 35.6339017550151 31.8524291117986 43.5476005077362 62.9531492789586 64.8385485013326 59.5942238966624 53.0798037846883 50.0435878833135 43.3942923943202 37.5279933214188 31.5143366654714 10.3338230401278 14.080822467804 34.5367540915807 18.178957204024 11.4417771498362 3.99680808186531 0 0 56.7044913768768 96.7880884806315 111.159324645996 97.7174639701843 68.9198474089305 36.6633608937263 8.41841287910938 5.36448818941911 22.6277088125547 52.8866549332937 114.641964435577 155.020852883657 185.259222984314 194.248040517171 193.554023901621 184.042096138 156.028846899668
58.7119509776433 58.6517800887426 56.1390221118927 52.6749988396963 50.8330414692561 50.1081943511963 35.4715387026469 22.1950833996137 22.3889326055845 24.5489527781804 21.9525943199794 19.4046956797441 20.5388131241004 41.3421665628751 54.7379354635874 45.4860230286916 27.5198395053546 15.8058777451515 19.1356043020884 34.0177540977796 44.058233499527 47.3822156588236 48.0229506889979 40.8065989613533 36.6529698173205 32.1959629654884 14.7366598248482 6.63514373203119 9.93370326856772 37.6222381989161 46.17045323054 39.3195028106372 20.2151263753573 0 0 36.363422870636 90.1735126972198 98.4053711096446 79.5040776332219 76.4864683151245 81.1732212702433 65.8578475316366 44.3295538425446 58.7375362714132 109.862864017487 154.106428225835 177.103718121847 188.190182050069 189.985434214274 187.551041444143 182.668964068095 160.982638597488
