input/barkrak2/radiation/dir33324.grid
NCOLS 85 
NROWS 70 
XLLCORNER 665100 
YLLCORNER 4664600 
CELLSIZE 20 
NODATA_value -9999 
[rows 0 to 22 of 70, columns 0 to 51 of 85]
53.394546111424802 68.4995750586192 80.468624830246 93.0791596571604 98.973015944163 112.220257520676 111.982901891073 129.457314809163 127.532909313838 130.736281474431 131.470382213593 126.176029443741 121.799608071645 122.491548458735 122.533152500788 109.701494375865 96.1375037829081 88.7194375197093 87.0185792446136 88.1435374418894 95.4922238985697 112.213263909022 128.86768579483 131.600250800451 134.751747051875 143.139978249868 145.290295283 139.955262343089 130.736589431763 134.150137503942 132.920285065969 152.536660432816 183.214406172434 178.360899289449 177.344441413879 169.419328371684 174.783229827881 182.703614234924 180.044929186503 181.259830792745 176.794787247976 188.54296207428 197.08244005839 187.405248483022 176.083028316498 182.646373907725 189.31245803833 141.99490348498 98.9897946516673 95.0471957524617 116.334428389867 157.177418470383
36.3271956642469 47.0943053563436 55.4124812285105 66.5553311506907 75.9303172429403 88.419775168101 96.2965587774913 104.930053154627 114.52716588974 122.972230116526 133.775452772776 129.17905052503 124.102930227915 124.158541361491 124.23633535703 110.447227954865 104.244252045949 94.7392582893372 92.2279159228007 90.4963413874308 102.28709379832 126.525511344274 141.068637371063 138.997981945674 141.575872898102 145.994524161021 143.198202053706 136.591722567876 137.542615334193 137.953807910283 138.521482547124 161.2182756265 182.681242624919 178.501884142558 175.873478253682 171.652555465698 177.087267239889 181.485613187154 173.875153064728 174.395799636841 173.204163710276 179.994463920593 177.418828010559 167.754292488098 164.522568384806 179.191946983337 180.06565173467 134.154260158539 106.252004702886 116.029421488444 143.979787826538 178.339044253031
13.9961702128251 20.147018134594 25.6055469314257 30.3197105725606 38.1217077374458 47.1823811531067 55.3867071866989 72.3145554463069 86.5925848484039 88.938703139623 102.727641661962 113.782078027725 130.094408988953 134.31175549825 136.069933573405 136.313329140345 130.582888921102 120.553553104401 106.857011715571 101.515809694926 113.673239946365 127.075095971425 140.748977661133 141.292303800583 143.133113781611 140.464494625727 138.99161418279 135.595719019572 135.316451390584 144.847015539805 153.529246648153 171.619077523549 182.58003393809 179.758310317993 173.067053159078 174.658199151357 181.711395581563 184.145987033844 175.848027070363 171.750605106354 168.20220152537 161.64626677831 151.323219140371 147.289295991262 150.41317542394 167.848745981852 164.227137962977 127.927919228872 124.156584342321 143.341998259226 167.827328046163 188.07844320933
6.01878389716148 6.96719499925772 9.79462886850039 12.0283712943395 12.5544890761375 15.9182585775852 24.3316913644473 34.2591553926468 47.7091024319331 64.4635707139969 72.674165169398 85.9901905059814 96.7169404029846 105.036715666453 106.347401936849 114.053666591644 110.688656568527 108.450144529343 97.3710119724274 95.7680841286977 97.0855951309204 100.69598754247 113.825738430023 122.5725710392 127.817710240682 131.717542807261 133.110076189041 133.137385050456 135.480403900146 142.433027426402 156.060487031937 173.557698726654 178.782860438029 175.974806149801 173.225899537404 173.373520374298 175.606290499369 176.230549812317 169.679601987203 159.941037495931 155.612647533417 148.236751556396 147.936681906382 155.927548805873 165.165742238363 159.632573525111 146.681288878123 125.38210550944 133.128553628922 146.213481823603 166.33070508639 184.575359026591
13.0923017859459 8.21753032505512 4.09955903887749 0 0 4.92257562776407 15.0716230273247 22.5178847710292 27.5458743174871 32.4625497063001 45.0122356414795 56.3157349824905 68.8607941071192 75.9152720371882 79.0994167327881 86.1877898375193 87.0860417683919 81.4217627048492 81.1907301346461 82.4035704135895 81.9270759820938 85.808386405309 95.2801903088887 104.163587093353 113.104810317357 123.012373844783 126.365472873052 129.443804423014 132.25907087326 136.32133603096 141.815265019735 164.03399904569 162.581861019135 170.626203219096 170.811931292216 169.472654660543 166.101664304733 163.423965374629 154.96152639389 146.937588850657 146.538197994232 147.306859493256 153.647134701411 163.853466510773 163.909773031871 142.107278108597 117.202470699946 115.568598111471 126.974771420161 145.072480042775 172.073125839233 185.433447360992
36.570946375529 22.7321162819862 9.57370984057585 1.90769353260597 0.615288076611857 2.81064243366321 8.7363738566637 17.0769368608793 21.7249592145284 21.4143792788188 25.331899523735 32.855195303758 37.9756018519402 42.5096104542414 47.0337917407354 55.0009260574977 60.6140146652857 68.6229219039281 78.135425845782 83.4771891434987 86.9736770788829 92.0178890228271 94.6352084477742 96.5741872787476 103.08841864268 109.379500150681 118.241826693217 123.453855514526 129.644215106964 136.32720708847 143.826752901077 150.646845499674 141.233791907628 142.814377943675 146.299074093501 154.959380626678 157.161335150401 152.509033679962 146.990358829498 147.281984488169 146.721045176188 146.243701378504 150.133232275645 152.964989344279 147.296667098999 118.85001262029 95.4839984575907 106.091866890589 124.388744433721 159.330467383067 185.473223527273 188.458720842997
54.0123631556829 36.416490872701 23.285503188769 13.0276928345362 5.12565330912669 2.68512777984142 4.36768836031357 8.7680717309316 15.7701671123505 19.7858375807603 24.1298899054527 21.1105470856031 21.1007396380107 21.499032775561 23.1046254436175 32.3352739214897 40.0190204381943 53.6352793375651 69.2325035730998 80.3244362274806 88.3605778217316 95.920205116272 97.2691277662913 92.746118704478 100.947052240372 102.413833141327 107.822636763255 111.976563930511 123.343894879023 128.963053226471 140.980402628581 141.748587290446 133.350769678752 128.373881181081 129.952400922775 130.186716715495 131.298204263051 137.131561835607 138.668745756149 133.532146612803 129.155417283376 129.776914914449 136.15952928861 144.754707813263 142.605890830358 138.001094261805 143.419951200485 149.971942106883 162.165145079295 173.319379488627 177.814424037933 179.607510566711
66.79967045784 51.2173771858215 37.8626783688863 27.6170819997787 17.1094698210557 6.13241270184517 3.10691321889559 0 8.15173300604025 17.0717003444831 21.5068509181341 21.7171162366867 22.9053248961767 20.9078341722488 16.9326936205228 19.2348894973596 26.2324313322703 35.8042667309443 50.7221817970276 65.0125294923782 78.1625658273697 88.3053044478099 97.4844098091125 94.2163070042928 95.0427154699961 95.4774022102356 98.3666479587555 102.983355522156 108.515063921611 117.264837026596 130.821208159129 131.24551375707 123.502145210902 117.612957954407 113.982021808624 115.806748469671 121.62372469902 118.966927131017 119.808107614517 115.520556767782 111.572017272313 118.066271146139 131.715387105942 143.029481172562 147.091309229533 154.338280359904 162.689348061879 163.752208153407 168.116768201192 166.983822981517 163.128008445104 164.485265811284
61.5410457054774 52.9730618000031 41.7535801728567 30.5340240399043 23.2421606779099 16.9535850485166 7.01559024552504 1.94062494362394 6.63128246863683 11.8333138525486 17.4252986907959 22.0251282056173 24.6474494536718 25.5966559052467 24.049478272597 22.8710174560547 21.8846226731936 25.5949397881826 33.1071019172668 45.0329333543777 55.1962206761042 66.7970180511475 79.0067811806997 82.068458199501 85.119088490804 85.5223337809245 85.5283538500468 89.3281102180481 90.1597142219543 98.168690999349 107.538402080536 107.400755087535 107.497562964757 107.162694136302 107.69334435463 110.517114400864 110.081990559896 113.753298918406 116.218864917755 113.031814495722 125.68591038386 134.198248386383 141.468664010366 142.26492245992 141.271352767944 142.735819021861 144.529441992442 152.520418167114 161.840915679932 157.387256622314 149.427195390066 151.101221640905
43.1449711322784 38.1095483899117 34.7863435745239 26.0721743106842 20.4566692312558 14.6212838590145 15.0461656351884 10.3130700687567 6.90968396763007 4.64523925135533 7.86122058828672 16.1014832556248 25.3163600961367 34.087248146534 36.9769409298897 35.4669615626335 29.9242114027341 27.6628360152245 28.2083402077357 30.1337589820226 36.7373277743657 43.0226822694143 51.3096749782562 60.3735595941544 67.498375972112 70.3308582305908 73.1137345234553 73.4230180581411 75.7566293080648 77.9101302226384 79.6353171269099 84.9742690722148 93.0574635664622 94.3875511487325 99.7365911801656 101.175308227539 101.846804221471 105.049391587575 112.258404493332 118.86332432429 123.146762450536 125.023295482 142.694850762685 144.415001074473 139.766077200572 141.938050587972 148.079127073288 152.884513139725 155.19905090332 153.873066107432 155.213435490926 152.680923541387
7.64791419108709 7.15721833209197 5.56772388517857 2.74238021423419 1.88543926924467 0 3.77547803024451 11.9976028800011 11.2797357141972 7.8364343692859 4.8269663626949 5.86554408073425 17.001728216807 29.0166586637497 39.7929027676582 37.3997762799263 35.5370566248894 30.9921056032181 27.7148187160492 25.0966101884842 26.5067716439565 27.7406622966131 30.9630408883095 41.4488911628723 51.6658276319504 58.5435926914215 60.5326344569524 61.3505095243454 64.4990156094233 67.260687549909 67.1876420577367 66.4206395546595 71.6345061858495 84.1285884380341 88.4013473987579 90.2459422747294 96.4542826016744 99.1358955701192 108.661681413651 120.495408773422 124.01141722997 123.034397761027 119.138449430466 118.998140096664 123.180528481801 144.08877491951 150.478780269623 148.199319839478 147.481729586919 153.907875219981 155.64168492953 150.977104902267
0 0 0 0 0 0 0 5.98721827069918 12.7470294634501 14.6360173821449 8.62017087638378 4.77172092845043 6.79563234249751 14.4816959897677 26.2817194064458 29.7893161575 36.1180653174718 34.165104230245 30.886764327685 26.1464168628057 23.30482006073 23.5250865419706 24.2636154095332 29.7367175420125 36.5877225995064 43.1502809127172 45.7191169261932 47.8698313236237 53.2710154851278 53.9214859406153 53.6708682775497 56.4216673374176 55.9302816788355 53.3704906702042 56.1975240707397 76.8587986628215 87.1886909008026 93.9324498176575 98.3295241991679 110.150516033173 114.845772584279 110.791405042013 108.145515124003 104.131410519282 106.486479441325 109.815935293833 122.601588567098 135.684072971344 138.924221197764 140.441874663035 143.134226401647 144.14847890536
0 0 0 0 0 0 0 0 8.91026854515076 15.3715585668882 15.3647661209106 11.631956944863 4.25393227487803 3.63166630268097 12.6843377947807 25.7098848621051 34.9215467770894 38.2474809885025 36.5462029973666 32.4764053026835 28.3325264851252 29.7435919443766 30.6027010083199 31.439445912838 33.3799322446187 34.6087962388992 38.4818365176519 42.9127713044484 45.3982005516688 45.977458357811 46.6103851795197 45.7807878653208 45.6511874993642 42.8618242343267 41.6078045964241 39.5431046684583 47.7389693260193 73.8174021244049 82.318236430486 91.2607808907827 95.3813294569651 96.7742999394735 96.6471831003825 95.4777995745341 97.2781777381897 99.1653501987457 94.8867201805115 96.1573719978333 104.428072770437 119.578103224436 126.483460267385 128.239740928014
0 0 0 0 0 0 0 0 0 6.0604028403759 17.6768029729525 20.9113458792369 17.9579195876916 11.7480953534444 11.0640240212282 21.8040893475215 31.5188070138295 39.3380994598071 46.1436063051224 45.8741337060928 38.8225466012955 38.2187689344088 36.9655539592107 38.0497649312019 40.3629466891289 39.8967986305555 42.2239700953166 46.5464691321055 46.3970005512238 42.5490836302439 42.1363761027654 41.8537855148315 38.2631619771322 34.5058316985766 36.2803861498833 36.2529481450717 32.143364350001 34.6463844180107 41.5417104959488 44.0934201081594 61.6888701915741 66.6392346223195 71.7664857705434 77.5821506977081 82.473228375117 90.1502768198649 88.819295167923 84.9873920281728 83.1649800141652 84.1081539789836 91.771940390269 108.61811041832
1.54348633562525 0 0 0 0 0 0 0 0 0.108769997799148 16.1410508056482 28.0749425292015 36.3238702217738 31.8229223291079 22.1328561504682 20.6411307056745 22.5369830926259 31.8139940500259 43.4525310993195 51.2996216615041 52.2564351558685 49.0877528985341 48.2976337273916 46.2095141410828 46.0513333479563 45.9220856428146 45.965904990832 49.2321252822876 47.3839342594147 40.3987417618434 37.484236061573 40.4078910748164 36.3428269823392 32.2331761320432 29.1153838237127 26.211346189181 21.3610306382179 17.9113820195198 17.9825300971667 23.395595451196 26.4091168840726 31.7244678735733 35.3438183665276 38.9200647672017 51.2407422065735 60.696671406428 69.626380999883 72.2861041625341 72.8625853856405 69.3383067846298 70.8181460698446 79.2567878961563
2.16352644686898 0 0 0 0 0 0 0 0 0.125861280442526 7.46929459273815 29.1902174552282 44.1170086463292 44.5277541875839 36.1256276567777 23.0994671583176 18.5225866734982 20.4451953371366 30.2425771951675 47.3358829816182 57.2988490263621 54.4407318035761 57.0740848779678 54.4036825497945 50.6708025932312 53.169384598732 53.9257377386093 49.5788902044296 50.8970121542613 47.5962162017822 40.4792974392573 36.8571927150091 34.4758629798889 27.9775733749072 24.9056071043015 21.2486932675044 15.468576302131 11.7087488373121 10.5311597386996 10.4382708668709 9.77209893365701 18.1086386243502 18.2346329092979 22.8330170114835 33.2372511426608 37.1740112702052 46.4567442735036 55.0942768653234 58.7882498900096 57.982549071312 64.5348976055781 70.2410240968068
1.28431020615002 0 0 0 0 0 0 0 0 0.195538993769636 0.343373084130387 17.2210112214088 33.2351153095563 45.469601949056 47.7121969064077 41.7437901099523 35.9774033228556 28.8490777214368 24.2411593596141 29.8674628138542 47.2114731868108 58.1233749787013 62.1380358934402 61.4018936951955 56.3661307096481 58.4181149800619 60.9276990095774 58.1555664539337 55.0325264533361 58.5154990355174 50.0504871209463 37.8635724385579 30.0162384907405 22.3528568943342 16.746802876393 13.7558604280154 10.431207716465 6.94170780479908 4.86048466215531 3.54463762293259 3.7201875820756 6.79058457414309 11.1616638799508 14.1430844863256 22.8860651453336 30.8418522278468 35.7482954859734 41.9099827607473 46.3254948457082 53.8155386845271 57.333638270696 61.6876830657323
0.543346861377358 0 0 0 0 0 0 0 0.542487444666525 0.518723158165812 3.70748527348042 11.2357065081596 23.4588459134102 39.4385059674581 49.9938279390335 54.7033150990804 54.4649511575699 46.8531052271525 34.1499398152033 26.196263730526 32.5286611914635 51.4641354481379 58.6503446102142 62.3614589373271 63.8623138268789 67.2557055950165 68.7793493270874 70.0751443703969 64.9122794469198 59.3966146310171 48.4170367320379 43.6518937349319 32.8340257207553 22.4313115080198 16.0025060176849 13.3988956610362 8.08094876507918 4.87829589595397 2.93271274616321 1.07993511483073 0.0495992038243761 1.79546295354764 6.74757920205593 8.4954189757506 11.6020080943902 18.8079637785753 22.7374856670698 26.5591417749723 30.881330370903 39.9684955676397 45.264407992363 54.2521427075068
0.617877580225468 0.831693643704057 0.217605867267897 0 0 0 0 0.898921008532246 1.87873560935259 8.61661819120248 13.576893756787 14.2140798270702 20.9979663292567 27.0314440131187 39.3029724558195 52.516758441925 55.4460436105728 54.3881853421529 53.7557999293009 41.8840100367864 30.1194861531258 38.7791072328885 47.0037559668223 57.14018146197 66.2264227867126 70.2789922555288 73.0433960755666 70.7262506087621 70.7243283589681 62.7480248610179 51.0512292385101 40.8640752236048 33.0787698427836 22.4539786577225 15.7320300738017 11.4219735066096 6.3351516922315 2.12714495137334 0.185818527825177 0 0 0 1.91127167393764 4.21791275342305 5.57160439590613 12.4389653404554 17.9938400785128 19.4046497344971 23.1744597355525 26.7808238665263 29.188260436058 33.8939155141513
0.58027469397833 0.255516381002963 0.41684500562648 0 0 0.0364903971785679 0.211998141215493 1.50800713648399 2.16085308541854 2.337286559244 12.2210159897804 13.5630443692207 14.114915082852 16.8342764178912 25.2710754672686 36.5980118513107 45.2804267406464 50.6517191727956 54.9503813187281 55.6481778621674 48.2155978679657 39.1907542943954 40.8083448807398 47.8975474834442 58.4563314914703 65.2503569920858 72.217250863711 72.7866093317668 63.8975401719411 63.6055668195089 51.6993701457977 39.628063639005 28.1320586800575 19.7639626761278 10.8953304588795 4.83347661793232 1.22755843525132 0.0837597181089222 0 0 0 0 0 0 1.04431357855598 4.98547467092673 5.09500689804554 10.527270535628 13.0917752782504 15.8669079343478 16.4043121039867 18.6460874974728
1.93942959109942 0.0930023573649426 0 0 0 0.252359721343964 0.171562986603628 1.38513091951609 2.04097200185061 2.00883345678449 3.28535338242849 9.56718002756437 8.04640290637811 9.53359094758829 14.0946730971336 24.1408497095108 33.7986499071121 39.8048510154088 46.6144432624181 58.0263038476308 61.6315454244614 54.3839037418365 53.1185915072759 56.2747170527776 57.4316829442978 58.4199776252111 62.8371089696884 66.632350285848 62.1930013100306 50.971398750941 39.925309518973 30.2971377968788 20.1722718775272 11.3328769803047 3.86701679478089 0 0 0 0 0 0 0 0 0 0 0 1.17223259682457 3.76572366803885 6.67611385385195 9.31899746259054 10.4813153545062 10.5683666964372
10.3316139429808 4.69665074100097 0 0 0 0.00353909096399245 1.11466972157359 3.01710205773513 3.45327146351337 2.95809314896663 2.06173025071621 2.52796243876219 6.51344719032447 2.66034466524919 8.30534721414248 17.3472960789998 26.4457315206528 33.3674401044846 40.1025811831156 51.4001299937566 59.48073665301 68.6462571223577 72.9168901840846 73.2562442620595 66.4850175380707 58.3028395970662 54.5274714628855 55.792361497879 57.3398967583974 44.5484022299449 28.1435002883275 17.5162777304649 10.6566150983175 1.4138501137495 0 0 0 0 0 0 0 0 0 0 0 0 0 0 1.21592901026209 3.4325122833252 4.33156328896681 2.65734021862348
36.5682890017827 30.5524567763011 11.6423194607099 5.18084969371557 2.75425954411427 0.777895717571179 3.76300048083067 4.14782979836067 3.38708919783433 2.645343542099 2.84201682855686 9.16672373811404 9.26084133485953 8.36397210756938 9.55106193820635 13.6626946429412 21.5431973338127 29.748946428299 35.0572193662326 37.6204053560893 41.4069145917892 54.1581412156423 63.2567604382833 68.7997589508692 67.5180206696192 63.0183319250743 55.0780693689982 47.7132250865301 51.3143688440323 32.5859238704046 16.20930681626 5.16536924988031 0 0 0 0 0 0 0 0 0 0 0 0 0 0 0 0 0 0 0 0
