input/barkrak2/radiation/dir34524.grid
NCOLS 85 
NROWS 70 
XLLCORNER 665100 
YLLCORNER 4664600 
CELLSIZE 20 
NODATA_value -9999 
[rows 46 to 68 of 70, columns 0 to 51 of 85]
46.5173621972402 48.0484217405319 50.5360911289851 52.4716873963674 52.2712469100952 52.1522214015325 54.0110866228739 55.8371643225352 52.7386963367462 51.7012923955917 50.9230196475983 50.2540767192841 46.9446976979574 44.1528012355169 44.1234707832336 47.3288993040721 45.5432683229446 41.0461500287056 45.2740341424942 43.568342924118 41.7880912621816 42.2849754492442 42.1016315619151 41.0918866594632 49.3985116481781 44.0979500611623 45.2114741007487 45.9504475196203 44.8390046755473 44.1717108090719 43.179656068484 40.3901015718778 39.7460212310155 39.1546090443929 41.5127525726954 42.9434130589167 43.5845901568731 48.2498208681742 50.0587870677312 47.2790499528249 46.3514576355616 43.0424114068349 47.62169222037 52.4506519238154 44.708455602328 20.6159216662248 0.302079230702172 0 0 0 0 0
40.9086893002192 43.1350668271383 48.3163297176361 49.6625006198883 53.2631824413935 54.7909637292226 53.0395408471425 52.7856896320979 52.9559502998988 55.6198904911677 52.7893602848053 49.5006591081619 48.4258929888407 48.6348172028859 47.2334722677867 45.7574675480525 45.0419733921687 38.8115247090658 42.4329936504364 43.5823500156403 40.9211466709773 41.3419206937154 44.2501952250799 38.6459430058797 42.0812964439392 43.9961651961009 40.0221943855286 43.0287023385366 44.5419649283091 43.6410456895828 44.3660418192546 43.5245335102081 39.5477364460627 41.6903793811798 51.5648424625397 54.5019209384918 50.4700392484665 45.6853012243907 48.250287771225 55.5526465177536 48.3082234859467 42.8326080242793 50.1430630683899 54.7837068637212 49.733559290568 34.9759509166082 7.86791369318962 0 0 0 0 0
34.5640927553177 37.5818858544032 42.4510886271795 45.4993148644765 51.7088870207469 54.9665292104085 52.1850486596425 50.5727728207906 54.4771154721578 56.710496544838 55.0437718629837 51.3179401556651 50.2013464768728 51.3695478439331 48.8422562678655 44.2506422599157 43.8192983468374 38.8399710257848 42.0666635036469 45.0319200754166 44.3866054217021 44.4718301296234 46.2609877189 43.0325567722321 41.8935269117355 44.5294678211212 43.0105775594711 47.2017377614975 51.2086302042007 52.9523193836212 56.6331098477046 57.102178533872 48.5240618387858 49.8225887616475 56.4503918091456 63.3144328991572 61.9808534781138 52.7949978907903 49.9840577443441 52.9243350028992 47.5678543249766 42.0711537202199 41.7636185884476 42.0916974544525 40.9964174032211 40.2647703886032 29.6756823857625 1.16933649405837 0 0 0 0
33.6084042986234 31.7137862245242 35.6310804684957 42.9213295380274 48.1510162353516 51.1464128891627 53.6400824785233 56.3139617443085 57.6931486527125 54.6668569246928 56.5298696358999 56.6355437040329 53.7756532430649 51.4624267816544 49.9448925256729 46.0796008507411 44.8886752128601 42.5979793071747 45.5740392208099 48.4997977813085 50.5835264921188 49.9928146600723 48.4072118997574 48.9478011926015 44.2291001478831 46.9436546166738 49.1685767968496 55.4441809654236 60.3851228952408 65.6180630127589 71.967139840126 70.6857194503148 63.6710226535797 57.0688048998515 56.6181192795436 57.8158646821976 67.7543779214223 60.0054959456126 51.7573853333791 45.1507965723673 41.5756180882454 42.2643522421519 42.3730909824371 39.0010227759679 36.0026235381762 36.7518862088521 22.771197060744 6.54212447504203 0 0 0 0
33.7917730212212 36.973940829436 40.3541326522827 46.095202366511 46.374390522639 46.8348016341527 54.2894254128138 59.0947419404984 59.2236717542013 58.9528828859329 59.0106546878815 58.6508214473724 55.6575705607732 51.8812338511149 51.7755647500356 54.8578550418218 48.8189260164897 48.5780586798986 50.1068333784739 53.5269925991694 54.515282313029 52.6252686977386 49.7737477223078 49.9230027198792 45.6831902265549 50.0393956899643 53.3524304628372 56.3239852587382 62.9242956638336 73.0165143807729 77.6872883240382 80.1306068897247 71.5821882088979 61.2924993038177 44.8995331923167 46.7483301957448 56.1487674713135 64.3795828024546 56.4047197500865 42.969286441803 37.7142379681269 40.6669303774834 46.6194798549016 41.5819734334946 37.5583171844482 35.8467102050781 20.6487514078617 10.178287823995 0 0 0 0
34.5494275291761 44.6147421995799 46.5944310029348 47.7505475282669 45.8479076623917 45.5289582411448 52.7817060550054 57.8877180814743 57.7315737803777 62.6565665006638 60.3668540716171 59.8350862661997 57.6306035121282 53.8741250832876 54.2162160078684 59.4553450743357 53.5045266151428 51.9873400529226 49.6074507633845 51.1994610230128 50.9012540181478 50.0285973151525 49.8674263556798 46.530211965243 44.2075332005819 47.2881446282069 50.3519922494888 52.1277139584223 56.1208178599676 61.4659239848455 74.6555974086126 80.0986041625341 72.6579427719116 55.4792235294978 18.3126168946425 17.8277331093947 24.2444823185603 48.7680931886037 55.3310563166936 60.6156686941783 52.3962676525116 45.9943513075511 38.0900949239731 36.8882740537326 41.0448958476385 36.1314490437508 20.5243229866028 14.9265999595324 0.102622560613478 0 0 0
37.9117056727409 36.4068498214086 35.6814786791801 37.6679971814156 43.4799542029699 48.4010378519694 49.3487417697906 54.6668221553167 54.6006411314011 59.2008183399836 59.491033355395 61.3953918218613 61.3305419683456 57.0416152477264 56.0586750507355 54.666131734848 56.1811824639638 50.7679979006449 45.7795560359955 44.4006969531377 43.6578293641408 45.8069841066996 46.6870864232381 42.4194633960724 43.6628113190333 40.1115814844767 41.6310876607895 42.8981383641561 43.8278317451477 46.5908646583557 51.2963781754176 64.2608155806859 60.8703394730886 33.6495315035184 14.4972565273444 7.63940624892712 8.38425879677137 16.1661431193352 39.5559022823969 54.3599327405294 55.4084479808807 49.2626080910365 34.8892013231913 31.7604293425878 33.1573933362961 23.877148826917 19.9967982868354 29.5231292645137 14.6564394235611 0 0 0
40.1455163955688 31.5462499856949 29.688723385334 34.3180149793625 44.3689127763112 51.9936879475911 51.7083903153737 52.8622567653656 55.2837699651718 55.7422488927841 57.9018890857697 60.3888680537542 62.2049917777379 61.010663708051 57.3976188898087 54.7253588835398 57.57108827432 51.9472310940425 47.705481449763 47.6726144552231 47.7590610583623 45.6872781117757 44.5273419221242 42.0614182949066 41.9897933801015 39.5971934000651 39.013996720314 38.0044231812159 38.2920453945796 36.9697138667107 30.7577351729075 36.7288639148076 39.1860157251358 21.0852771997452 15.9726540247599 8.42827061812083 1.43625432004531 0.514292313406865 7.45201483368874 21.7329214016596 42.0760860045751 38.4850154320399 33.1173986196518 25.9730791052183 19.916666050752 20.8510383963585 18.8468955457211 35.3609969218572 42.1252648035685 24.1477911671003 1.34431974341472 0
40.2977267901103 35.3843246897062 33.6779206991196 38.4671414891879 46.6969658931096 53.4304032723109 56.1565260092417 52.6747753222783 56.897446513176 55.6627064943314 59.083436926206 60.8893384536107 62.1283948421478 64.009040594101 59.7415665785472 59.6531877915064 59.6310595671336 55.743545293808 52.217498421669 52.749291062355 52.2113094727198 48.2864230871201 46.7018981774648 47.378197312355 45.2308853467306 43.4650878111521 41.5131325523059 37.9714916149775 33.4977855285009 30.650794506073 24.0318775177002 28.414860367775 35.7539132237434 37.9309778412183 36.1517940958341 26.2982572118441 8.55330129464467 1.36342101419965 0.739657552912831 4.71670522044102 18.2509447137515 22.0562815666199 18.4742646912734 13.1284731129805 12.8843560814857 17.7868977189064 19.5823634664218 22.4727342526118 38.2992078860601 41.846623023351 25.8551711837451 0.125501227254669
43.1520044803619 41.8319553136826 38.7554218371709 37.8467962145805 43.0832902590434 52.7511537075043 54.1204313437144 52.5572349627813 54.3616612752279 59.3750923871994 65.1590575774511 65.8393104871114 64.1576945781708 64.6219501892726 62.8635088602702 62.6342197259267 63.3506675561269 61.0997676849365 56.6717038551966 54.2840411265691 51.373764872551 50.3389736016591 51.6048868497213 54.0441274642944 48.9696164925893 48.2178429762522 39.1726940870285 33.6378415425619 28.2559990882874 25.1064350207647 25.9675234556198 31.6003933548927 39.4707371791204 50.1542637745539 54.9757430950801 53.3717771371206 39.5276471972466 26.28493309021 15.7582337657611 4.16003881643216 8.87401712437471 17.7887541552385 18.3012224733829 13.0511087675889 12.6307855049769 26.5466819206874 43.9435640970866 37.6814057429632 32.8903769453367 38.3482327063878 24.4288568695386 6.56057583789031
45.5169628063838 44.9687391519547 43.987492720286 40.9669478734334 42.209525903066 50.3442188103994 52.2731443246206 52.3802290360133 52.672952413559 61.2427244583766 68.4929440418879 67.5822347402573 63.12495470047 65.8881763617198 67.0903424421946 61.6620481014252 63.6883080005646 61.9357824325562 58.0351948738098 55.6222548087438 55.2738060553869 56.1789969603221 53.3283054828644 51.5411794185638 48.8989104827245 43.5864279667536 28.4012605746587 4.74815008540948 3.72643458346526 12.5244309504827 24.1021017233531 29.4700289765994 37.7603719631831 44.8897182941437 55.5102874835332 58.6202094952265 57.2563906510671 49.8685737450918 38.7430836757024 21.2601398428281 10.3752265373866 17.9173983633518 34.4820618629456 35.4387834668159 29.2068471511205 46.2600787480672 69.1915452480316 58.8855445384979 38.7540136774381 27.4354442954063 13.2742300629616 7.6104998588562
44.5076326529185 42.717566092809 46.1556812127431 47.18350370725 45.0564622879028 47.392080227534 52.4109502633413 52.9041985670725 53.5719692707062 61.1459563175837 67.3646827538808 65.5130445957184 61.5112036466599 64.640740553538 68.182443579038 59.4014475742976 60.8177036046982 60.0630442301432 58.359036842982 59.6831838289897 60.100977619489 61.4032198985418 56.9240550200144 50.512154897054 50.0448445479075 46.4611500501633 30.6500792503357 14.3244825303555 13.8553952177366 20.5443042020003 28.54273468256 33.2735280195872 46.1878577868144 55.3617080052694 65.6444331010183 59.1315726439158 55.8480570713679 21.9304164250692 22.254819671313 22.7829789121946 23.2983380556107 35.0811431805293 39.9512648582458 21.2429985404015 16.1562524735928 19.9997102220853 35.97075988849 46.3998715082804 33.5398788253466 23.2128649950027 16.9514082372189 12.0745574434598
34.3420778711637 41.1611671249072 44.4379647572835 47.0495522022247 47.1349954605103 44.1471834977468 52.4815122286479 55.7773013909658 56.734507282575 61.5437974532445 63.5340809822083 62.8126362959544 62.3570183912913 61.1105561256409 62.44724492232 59.2510104179382 56.5268496672312 59.6839835246404 61.7062747478485 63.008392850558 65.3312702973684 61.8409216403961 59.2081199089686 55.0013283888499 53.1780024369558 52.8438985347748 48.0962544679642 42.3619598150253 41.9706801573435 42.3193871974945 39.9613628784815 39.3128742774328 54.5205573240916 67.3239479462306 47.3537097374598 43.0082678794861 26.4787723620733 10.592853029569 3.39113765706619 7.59679699937503 8.6247610549132 28.9835607012113 42.6619052886963 36.1668144663175 24.9484529097875 26.0165904959043 38.5490308205287 42.6279306411743 40.0248765945435 33.9577396710714 28.2485807935397 27.2544349233309
25.9432718157768 38.9638667305311 42.5846378008525 45.344740152359 48.1332888205846 44.6461886167526 48.2003192106883 55.2088568607966 65.2530292669932 66.7067517836889 62.0561937491099 59.9806358416875 61.7869148651759 61.5776975949605 61.6518904765447 59.5886260271072 56.1616917451223 58.9594741662343 57.4159522851308 54.9989541371663 57.1496536334356 56.5508554379145 56.3002973794937 54.2752643426259 56.7396382490794 60.7305318117142 67.9409752289454 67.6731665929158 59.3892633914948 53.899218638738 43.51507127285 36.475881934166 44.2218830188115 44.5925096670787 18.7553837895393 12.6126234730085 11.858481913805 6.51233208676179 0.428510441755255 0 0 11.5987745424112 36.9340976079305 60.1243476072947 65.4096851746241 59.9760115146637 57.7042798201243 58.1553975741068 57.767113049825 47.590101758639 37.5531762838364 47.0006664594015
27.7740756670634 36.4075650771459 43.0094550053279 45.2600518862406 46.6089347998301 46.9296326239904 41.698490579923 50.4337549209595 69.1984593868256 68.1567043066025 59.9722266197205 57.285338640213 59.7884555657705 63.6174976825714 62.5696728626887 59.613694747289 58.8855892419815 56.856910387675 50.8748640616735 44.5981472730637 44.5684293905894 48.062985142072 48.7622569004695 52.5929530461629 54.4347614049911 61.3221526145935 76.7803490161896 80.979123711586 63.4471674760183 51.2019942204157 42.4863944451014 30.802883207798 31.9119741519292 35.0860431790352 17.2378222147624 8.96965650220712 9.88390855491161 14.4334795574347 7.86748838921388 0.535222818143666 0 1.51526524374882 18.9998683830102 41.3571074604988 44.0626591444016 42.5104151169459 42.9907292127609 43.937216202418 49.3910809357961 43.5035626093547 43.9292738835017 75.7190138101578
38.1373167037964 40.8341810107231 42.8185909986496 39.9802774190903 34.8064849774043 31.0510943333308 38.2892563939095 43.8020080327988 52.6859362920125 48.8101144631704 44.2119936148326 51.1267681916555 58.7949007749557 60.3168457746506 56.8790386120478 58.7045848369598 59.0765575567881 53.9144575595856 46.6852188110352 41.7486528555552 41.3982073465983 42.1680112679799 45.6940780083338 48.5592782497406 50.7955004771551 54.9293706814448 65.968930721283 74.9769608179728 63.6454075574875 48.2600877682368 41.1428560813268 27.6093557476997 17.5029461582502 38.2360095779101 35.2195575833321 16.358041514953 16.3122651477655 37.1930524706841 38.9614899953206 26.2495627005895 5.33041420082251 2.45412858203053 10.3976049770912 17.0787572860718 15.925553937753 17.5378719965617 19.858847061793 21.995335817337 21.4518184463183 36.8783002098401 56.4948221047719 107.587615648905
48.6522813638051 45.5025533835093 42.0327335596085 35.6411536534627 26.8025944630305 21.4691733320554 29.6327223380407 30.5380051334699 21.9561060269674 19.565270592769 31.8499753872554 41.0988455017408 47.6131935914358 51.4825085798899 54.6265443166097 64.1968746980031 67.0322080453237 58.9290757973989 50.9137709935506 47.8381216526031 45.4536428054174 45.2888906002045 46.0105091333389 44.6692456801732 46.1622178554535 50.1521577437719 58.5265805323919 60.329129298528 55.5207977692286 37.4388421575228 36.1927598714828 32.3590412735939 28.5171568393707 45.9943314393361 52.3734788099925 41.1182095607122 31.7075699567795 20.0218955675761 22.2923830151558 29.2862951755524 18.4268318116665 8.51532009740671 10.1008675992489 10.5136806766192 5.58016697565715 6.74361363053322 13.5839606324832 15.5187038083871 16.535463432471 37.0510468880335 80.6672871112823 123.155117034912
51.1923730373383 45.0111279884974 40.549469490846 37.0722288886706 30.5476114153862 25.3140181303024 21.5769559144974 16.7817311982314 3.39661786953608 11.0905927916368 26.523545384407 37.1218994259834 36.8825793266296 44.1182255744934 56.8175415198008 71.8728850285212 77.4004757404327 70.5289840698242 62.61345744133 58.939536412557 54.0360907713572 52.2595047950745 52.3463785648346 47.0435718695323 43.6896334091822 46.370675166448 42.9603407780329 47.0740497112274 44.3299313386281 30.6197280685107 29.3479089935621 30.7200774550438 20.9855362772942 43.385848402977 67.6871041456858 70.70558766524 46.1475948492686 14.2512619495392 11.1157385011514 16.1439850926399 16.5808262924353 14.4097109635671 15.3951793909073 14.4857702155908 8.09337384998798 5.13135548681021 10.8585891624292 15.321921557188 25.9428173303604 49.3153780698776 111.136029163996 142.136673132579
53.5174359877904 48.4659473101298 47.2198079029719 48.2064435879389 45.1237857341766 39.34479256471 34.6870149175326 34.9964499473572 33.854695657889 39.4477173686028 46.8064099550247 51.9160330295563 52.1893749634425 47.718604405721 57.4721197287242 72.3088582356771 82.1036646763484 82.6176702976227 75.6337642669678 66.4505114157995 60.7751409212748 56.7591786384583 54.4641117254893 56.4409196376801 49.4905312856038 39.5604819059372 36.6007809837659 36.7804889877637 37.5097990036011 36.7678602536519 16.8659786383311 17.1688571572304 13.8824358582497 21.7765420675278 74.2774258057276 84.4035744667053 53.1328419844309 17.8438685834408 6.18139530221621 6.29179055492083 9.13188979029655 7.14057311415672 16.113789131244 20.1372268299262 28.54023873806 13.0829264720281 13.3499577641487 31.3126593828201 55.1457852125168 97.8561739126841 129.886209964752 143.093566099803
54.2299747467041 51.6469478607178 51.7113506793976 53.0566275119781 52.5576521952947 49.1559455792109 48.9536772171656 56.293194492658 71.9278554121653 68.1707362333934 59.6589297056198 60.6946647167206 66.0462379455566 54.5943280061086 55.4234733184179 63.6965235074361 71.4631577332814 78.7476400534312 79.5372078816096 73.0547110239665 67.6563680171967 61.2750748793284 58.6345593134562 55.4816524187724 48.6507515112559 38.8909379641215 27.3655305306117 28.7104770541191 31.5979694326719 16.75075913469 12.0169160266717 10.2398805320263 6.08603407939275 4.55299361298482 68.2270377874374 85.8696003754934 67.1568562587102 54.9707959095637 25.257334113121 2.56558709467451 0.0638233177596703 0 8.23571470876535 31.812809407711 37.6076350609461 28.7456090251605 27.5020351012548 48.8475908835729 103.794535001119 147.159417470296 141.139298677444 129.410217205683
53.4620185693105 50.2776354551315 45.0314780076345 40.6525532404582 40.8753603696823 42.7693327267965 42.9236888885498 54.2790740728378 63.6146565278371 58.9890877405802 49.9970664580663 49.7524489959081 60.1530025402705 56.2249918778737 52.8652171293894 51.4150311549505 52.537793914477 59.0758919715881 69.0515438715617 73.2636302709579 69.1997905572255 63.3958826462428 57.1883420149485 52.1998306115468 45.4091529051463 38.2692689696948 27.2429610292117 16.5352821350098 27.8929670651754 23.0775872866313 11.9548328220844 7.19196846087774 1.33245764300227 0 0.0605250340110312 76.1091560125351 83.0050557851791 93.3517416318258 75.1643180847168 28.4302035967509 1.98627139131228 0 2.15847588454684 17.2659096618493 42.8114980459213 61.5947594245275 81.6827366749446 130.66973288854 170.655767122904 180.935561656952 166.215846935908 134.771724541982
55.5449426174164 53.562730550766 47.9170630375544 41.4418702324231 39.9813974897067 42.6924824714661 35.7448384165764 33.4344307581584 34.8645374178886 31.7630842328072 25.1344442367554 22.9633748531342 26.3525173068047 43.6448653539022 50.5120505889257 45.2094574769338 34.1335982084274 30.4940789937973 42.1644200881322 61.5332971016566 63.25730184714 58.0455859502157 51.5120923519135 48.7670799096425 42.2818064689636 36.5909983714422 30.5429473519325 9.13005073865255 13.4951633711656 33.5663408041 17.7738592028618 11.0587415595849 3.68197510639826 0 0 55.5517474810282 95.4789519309998 109.837452570597 96.3578820228577 67.6937898000081 35.6546317537626 7.8359233836333 5.04258833825588 21.7381517092387 51.5672067801158 112.880349159241 153.047879536947 183.111310005188 192.090392112732 191.396554311117 181.910316149394 154.049098491669
57.1940243244171 57.1284790833791 54.6354403098424 51.2080490589142 49.3890096743902 48.6939251422882 34.1929246981939 21.0662310322126 21.283579369386 23.2994606097539 20.8071532348792 18.300582965215 19.4133060673873 39.9759262800217 53.2926172018051 43.8999285300573 26.5111948053042 14.8300851384799 18.0397803584735 32.2389627496401 42.6181703805923 46.0020999113719 46.599214275678 39.7451048096021 35.5343148112297 31.0576558113098 12.2041814029217 6.32318978508313 9.63115816315015 36.611961821715 45.0943112373352 38.2709751526515 19.3195007741451 0 0 35.3315472602844 88.8061622778575 97.0583160718282 78.2761474450429 75.2454350392024 79.813947280248 64.4581665595372 43.0809507767359 57.3371648788452 108.049293359121 152.06390619278 174.987435340881 186.032096544902 187.829037507375 185.393214225769 180.518945058187 158.94349416097
