input/barkrak2/radiation/dir35724.grid
NCOLS 85 
NROWS 70 
XLLCORNER 665100 
YLLCORNER 4664600 
CELLSIZE 20 
NODATA_value -9999 
[rows 46 to 68 of 70, columns 0 to 52 of 85]
44.2990760008494 45.7950631777445 48.268402616183 50.1742859681447 50.0048597653707 49.8644312222799 51.7407655715942 53.4720967213313 50.5014558633169 49.4972616434097 48.751970132192 48.1206675370534 44.8704312245051 42.1218276023865 42.1362469593684 45.3012039264043 43.6042646567027 39.1996651887894 42.824313044548 41.7436858018239 39.4170631965001 39.9226148923238 39.6751811107 37.9533842206001 45.2457716067632 42.2274718681971 43.3370471000671 44.0598626931508 43.0497676134109 42.4039413531621 41.4415920774142 38.7279043594996 38.1295035282771 37.6086309552193 39.9477556347847 40.8549631635348 42.0393894116084 46.6427902380625 48.4335422515869 45.6814368565877 43.3504978815714 41.1084691683451 46.0082987944285 50.7807036240896 43.1126256783803 19.3143909176191 0.120216311188415 0 0 0 0 0 0
38.7468462189039 40.9807687004407 46.0902551809947 47.442356745402 50.9590059518814 52.5165249903997 50.6793707609177 50.5149662494659 50.6265262762705 53.3516059319178 50.8238027493159 47.3662118117015 46.0359752178192 46.5455949306488 45.1936076084773 43.7554717063904 43.1011219819387 36.9803979992867 40.5934303998947 41.72716041406 39.0931765238444 39.5327682296435 41.7582641045252 37.6767168442408 39.5543649792671 40.3538271784782 38.1926422317823 41.143092016379 42.7282998959223 41.8509542942047 42.6142513751984 42.2463814417521 37.9321575164795 40.5753900607427 49.256831407547 52.8429249922434 48.8476653893789 44.1066771745682 46.6420749823252 51.9837687412898 46.7335482438405 41.3232172528903 48.4956006209056 53.088923295339 48.0888138214747 33.4952399134636 6.97953316072623 0 0 0 0 0 0
32.4985732634862 35.4454989234606 40.236751238505 43.3518340190252 49.3819117546082 52.7038375536601 49.8284598191579 48.2903023560842 52.2126903136571 54.446538289388 52.7788748343786 49.3333836396535 48.0664571126302 48.8988111416499 47.1578687429428 42.2409723202387 41.8478399515152 37.4817897876104 40.2326136827469 43.1646903355916 42.5266623497009 42.6211208105087 44.4165170192719 41.3072109222412 39.4346838196119 41.5368353327115 40.5713568131129 44.8601792256037 49.3083496888479 51.6370733579 54.7625720500946 55.2434970935186 46.8112727006276 48.138032356898 54.7337383031845 61.564713716507 60.2429608503977 51.1380682388941 45.8581646283468 51.2975951035817 46.0046281417211 40.5716424187024 39.2646193504333 40.537158648173 39.4555479288101 36.7856894930204 28.4090662995974 0.858066681151589 0 0 0 0 0
31.5742567181587 29.6799788872401 33.5895667473475 40.6813348333041 45.7810660203298 48.8198697566986 51.3905137777328 53.9803206920624 55.2455882231394 52.3803730805715 54.2380561431249 54.3783654769262 51.5865484873454 49.3098845084508 47.8333681821823 44.0361897150675 42.8838928540548 41.2006626526515 43.6895241340001 46.5365499258041 48.0138162771861 48.0866928895315 45.8074907461802 47.1226274967194 42.5045092900594 44.3952927986781 46.6908514499664 50.9741504987081 57.6830705006917 64.4576946894328 69.9445952971776 69.856325785319 61.7877592643102 56.344598531723 54.8989474773407 56.18616938591 62.319482366244 58.3235720793406 50.1608947912852 43.6332821846008 40.0880177815755 40.7655835151672 39.9151916305224 37.4836325645447 33.4774603446325 35.3560497363408 20.7007862627506 5.81429960827033 0 0 0 0 0
31.7422474424044 34.8516702651978 38.1797005732854 43.7767604986827 44.1657900810242 44.4391071796417 51.9297222296397 56.7933271328608 56.7632913589478 56.6197782754898 56.6799640655518 56.5649916728338 53.4045547246933 49.7129658857981 49.960657954216 52.6995261510213 46.3549842437108 46.5978036324183 48.153484861056 51.4948864777883 52.5502810875575 49.9793539444605 47.8994150956472 47.2110758225123 43.890967965126 48.26753338178 50.7874141136805 54.4449438651403 58.8267048199972 69.9248413244883 76.8209000428518 78.0933052301407 69.6668922901154 59.4903280337652 42.1984791755676 45.2919006347656 54.5532157023748 62.6560201247533 54.7617773214976 41.4845993121465 35.2665781974792 39.2401417096456 43.7726775805155 40.1468873023987 36.1730580528577 34.4844112793605 18.8224551578363 9.20071577032407 0 0 0 0 0
32.4874718983968 42.4353182315826 44.4145003954569 45.5913444360097 43.6871151129405 43.2560394207636 50.3945052623749 55.4924954970678 55.4404358069102 60.1527045170466 58.0711563428243 57.3913852373759 55.386225382487 51.3955851395925 52.0198494195938 57.2820603847504 51.3943334420522 49.3333091338476 47.672505180041 49.1613646348317 49.5571593443553 48.0846762657166 47.9652583599091 44.7144210338593 42.4634416898092 43.7813053528468 48.6068179210027 48.8053113222122 52.0054052273432 57.7264825503031 69.9188709259033 78.040490547816 70.7345555226008 53.7156164646149 16.5340416133404 16.1398028333982 22.0118835568428 47.2861429055532 53.7693798542023 55.0047010183334 50.8257200320562 44.4989154736201 36.0316559672356 35.5341906348864 39.6316523353259 34.821629524231 18.7507631878058 13.5798926154772 0.0412962690461427 0 0 0 0
35.8094771703084 34.3372970819473 33.6550523837407 35.6030662854513 41.2045568227768 46.0632493098577 47.0000555117925 52.3983538150787 52.3326496283213 56.7049384117126 57.109609246254 58.988352616628 58.7628185749054 54.7585189342499 53.4922182559967 52.188312013944 53.9780457814535 48.7387279669444 44.4106459617615 42.0064528783162 41.7536894480387 43.9116458098094 44.8133796453476 40.6166364749273 41.9001281261444 39.2318765322367 39.1544575492541 41.2456045548121 40.8463602264722 44.0801084041595 47.2891728083293 61.2587332725525 59.0451210737228 32.4269756674767 13.1497544546922 6.85609318315983 7.48757955928644 14.5742061237494 33.7518379092216 52.8090049823125 53.8446754217148 47.7348069349925 33.5987359285355 30.5121392011642 31.9370875755946 21.7865953842799 18.2985886931419 28.198982278506 13.6218232413133 0 0 0 0
38.0077088872592 29.5076395074526 27.6743819316228 32.2138791282972 42.1961297591527 49.7464686632156 49.4554738203684 50.4556943972906 53.0069520076116 53.4739245971044 55.5062741041183 58.1076294183731 59.6276422341665 58.7290525436401 55.1720360914866 52.8665135304133 55.3312947352727 49.84084268411 45.6977188587189 45.6879685322444 45.2846735715866 43.7815288702647 42.0668174823125 40.234183271726 40.2390882372856 37.9362826546033 37.4072392781576 37.3062839110692 35.9025150537491 34.3594799439112 28.7344480554263 33.127802113692 34.1264481345812 19.2148461937904 14.5419227580229 7.59349328776201 1.14551978185773 0.270444123695294 6.67803113659223 19.7243491808573 40.7221664985021 37.1869603792826 31.9015036026637 22.0737506945928 18.1085889538129 19.0583728253841 17.2378495335579 33.8653847575188 40.4006366928419 22.7368225653966 0.888728691885869 0 0
38.1257658203443 33.2866857449214 31.5942640105883 36.3006467620532 44.458602865537 51.1757383743922 53.8296550512314 50.4216800133387 54.5642872651418 53.2577733198802 56.7895869414012 58.5836718479792 59.8339140415192 61.3839477300644 57.2002132733663 57.352215051651 57.3616524537404 53.1407644351323 50.1261999209722 50.6694465875626 50.1750111579895 46.3660508394241 44.7888473669688 44.8119242986043 43.4178213278453 41.7414307594299 39.8397694031397 36.3982394337654 32.0464347799619 28.0174513657888 22.6318289836248 26.3382643461227 34.2758297920227 36.4786311984062 34.7101142009099 25.0143259763718 7.79172902305921 1.03859494750698 0.517663778737187 4.18137324353059 16.5068296094735 20.1172567903996 16.8426570792993 11.9324487944444 11.7248271902402 16.2745155394077 17.8839241464933 17.9317568739255 36.6374378403028 40.1855582992236 24.3843172987302 0 0
40.9580071767171 39.6410698692004 36.5981335441271 35.6860483686129 40.810319284598 50.5066365003586 51.8810898065567 49.9721964200338 52.0902375380198 56.8403700987498 62.7943128347397 63.1830940643946 61.8275354305903 62.3891055583954 60.2791806062063 60.3633373975754 60.6990307569504 58.8430116573969 54.5240938663483 51.6965935627619 49.7396190961202 48.3753631512324 49.6542900800705 52.0977179209391 47.1474230289459 45.6099659204483 37.5908066829046 32.1039110422134 26.8076732754707 23.7546116113663 24.5192150274913 29.8129965861638 37.9042476415634 48.5233267148336 53.3215949932734 51.7171521981557 38.098931312561 25.057944158713 14.5111506183942 3.62845230847597 7.99809706707795 16.2315915028254 16.7198243240515 11.8816085159779 11.4728348950545 25.3107498089472 42.3326194286346 36.0460927089055 31.2772343556086 36.2609177827835 15.5527157088121 5.69676918288072 0
43.3075030644735 42.7471697330475 41.7523781458537 38.7828350067139 39.9704376856486 47.9718248049418 49.8486459255219 49.9604642391205 50.3960947195689 58.8952302932739 66.1137203375499 65.2056485414505 60.9200845162074 63.2480680942535 65.0375386079152 59.3989789485931 61.4297091960907 59.252401192983 56.2873929738998 53.4650236368179 52.6788334051768 54.1194925705592 51.3787219921748 49.6539970239004 47.8063474098841 42.5861527522405 26.8016109863917 3.95872164517641 2.93352485944827 10.2077883978685 21.9755743940671 27.7812927961349 36.2083837389946 43.3020095030467 53.8272609313329 56.9886912902196 55.6427985429764 48.3740071455638 37.4711031715075 20.3054609398047 9.36895795166492 16.3261716564496 33.1777284542719 33.270056049029 28.0487487713496 44.6506838003794 64.845730861028 56.9393088420232 37.0812813440959 24.3435949087143 11.9129133721193 6.70061012109121 1.94062059745193
42.2875384489695 40.5190388361613 43.9014931519826 44.8912183443705 42.8227434555689 45.0628101825714 49.9498844146729 50.6658454736074 51.187405983607 58.5597852865855 64.7911032040914 63.179686665535 59.139221906662 62.4617040157318 65.4564847548803 57.3361565669378 58.4908574819565 57.4121326208115 56.196317076683 57.505190372467 58.4431986014048 57.9783419768016 54.8806488513947 48.5623876253764 48.1418569882711 44.6161429087321 28.9773096640905 13.0205055077871 12.5511363148689 19.2542001605034 27.2022858262062 31.4289331436157 44.4569289684296 53.6497533321381 64.7041449944178 57.5217703978221 54.2759994665782 19.8358371853828 20.2537799874942 20.7864108184973 19.4242373108864 33.7856163581212 37.6244187355042 19.3399054308732 14.6442043284575 18.1510473291079 25.7601042588552 43.0970738331477 29.0399144093196 19.8157752553622 13.7428678572178 9.57746617496014 11.5799084305763
32.2932054599126 39.014033973217 42.1641071637472 44.7254280249278 44.8731283346812 41.9081499179204 50.235519806544 53.5064836343129 54.2278786500295 59.1816604137421 60.9682599703471 60.2644979953766 60.0519478321075 58.7988495826721 60.146301984787 56.8186193704605 54.2954454819361 57.3861300945282 58.9722941319148 61.2271030743917 62.5986754894257 59.6369057893753 57.1673363447189 52.9820919036865 51.2347817420959 50.8843710025152 46.2371309598287 40.5778015653292 40.3556351860364 40.7972584168116 38.4770184755325 37.7889548738798 48.4329263369242 65.4492129882177 45.9241966406504 41.6412229339282 24.1527929902077 9.65079851448536 2.98633674780528 6.36742139856021 8.02254180113474 24.0114256739616 41.2787248690923 34.740149974823 23.6729433139165 24.6636842687925 36.9861721992493 40.8906787633896 38.3966366449992 32.4097027381261 26.8043031295141 25.7047861814499 45.8131382862727
24.0025396148364 36.7527479926745 40.3397132953008 43.0920670429865 45.8460698525111 42.3721522092819 46.0021793842316 52.6925176382065 62.6566161712011 64.1337931156158 59.4542374213537 57.7366004387538 59.4999194145203 58.8656117518743 59.1642955938975 57.21049507459 53.9330393075943 56.7086537679036 55.6403398513794 52.8293748696645 54.5920729637146 53.9690007766088 54.2143036921819 52.9152403275172 54.060310125351 58.6614012718201 65.8814112345378 65.7410472631454 54.9749384323756 52.2228827079137 41.9710328181585 34.2946201562881 42.6781872908274 39.035439491272 17.0602574944496 11.5095203121503 10.881153245767 5.96476718783379 0.247654505074024 0 0 9.80402405063311 34.6016560991605 52.802970012029 54.1698336601257 58.1968228022257 55.9378912051519 55.4331839084625 55.8588157097499 45.8198438088099 35.889632999897 44.9451406796773 88.9000395933787
25.8620232343674 34.2133566737175 40.7673766215642 43.0336594581604 44.2983210086823 44.7203417619069 39.5560339093208 47.9958156744639 66.3158396879832 65.6057745218277 57.7831715345383 54.7003050645192 57.1934878826141 61.2007727225622 60.2571368217468 57.3280155658722 56.5957625706991 54.6224415302277 48.4895606835683 42.5206820170085 42.5625989834468 45.6567804018656 46.7279801766078 51.141416033109 52.4836679299672 59.2678089936574 74.6203909317652 78.916867574056 61.6607517004013 49.6080766121546 40.934498111407 29.5012344916662 26.6964981953303 32.5822581847509 15.7690731187661 8.24053833882014 9.08744335174561 13.5641346375147 7.17530151208242 0.339949658761422 0 1.25069931770364 17.2648628552755 35.4382867614428 42.6770001649857 39.889765282472 41.57921175162 42.5133109092712 39.9542301893234 41.825125614802 42.1306937932968 73.1681982676188 108.910540739695
36.0230207443237 38.6565277973811 40.6561767061551 37.7284238735835 32.7463199694951 28.9869755506516 36.0591858625412 41.7108436425527 50.2439737319946 46.1520155270894 41.6871458292007 49.0705122550329 56.2277535597483 57.9754412174225 54.6301553646723 56.2130610148112 56.7860702673594 51.556075612704 44.5247491200765 39.6650632222494 39.5746777455012 40.2158424258232 42.8322752316793 46.6348826885223 47.5751211245855 52.9486288626989 63.9402518669764 72.9142030080159 61.8018805980682 46.6629713773727 36.2282519539197 26.3679648439089 15.5747147897879 36.7790460586548 33.8885908325513 14.996146162351 14.8943675061067 35.8689775069555 37.607915699482 25.0404377778371 4.6407679716746 2.03618391727408 9.36707233389219 15.5000115434329 14.4261792302132 15.8853456377983 18.0331704517206 20.006629327933 19.5077223082383 35.3043129046758 54.3772180875142 104.631284872691 119.636952877045
46.2930798530579 43.2709753513336 39.8673489689827 33.5695222020149 24.8281632860502 19.6128686269124 27.9658834139506 28.5837476452192 20.3110774358114 17.2421770791213 29.645840326945 39.1310701767604 45.4527735710144 49.2814679940542 51.921601096789 61.8301630020142 64.4781043132146 56.6124121348063 48.65396519502 45.6514855225881 43.1368251641591 43.2179719209671 44.531042377154 42.1819190184275 44.3168034156164 46.7742582162221 56.5077662467957 57.5238366921743 53.7031441926956 35.9208633502324 34.8495841026306 31.0684417684873 27.2815575202306 44.3698267141978 50.798644622167 39.6844546000163 30.3362905979156 18.1550209720929 20.2309514085452 28.128390510877 15.9510746598244 7.57545791566372 9.0870422621568 9.5180906355381 4.99178469181061 6.07512705028057 12.3010650277138 14.0927570561568 14.9945951998234 35.3918224573135 78.1065225601196 120.067129532496 125.678439935048
48.8893836736679 42.7802751461665 38.3954991896947 34.9135547876358 28.5427868366241 23.394209643205 20.0575515627861 14.7517795364062 2.00625152016679 9.5509955038627 25.1362969477971 34.9647750457128 34.8343898852666 41.8305297692617 54.3503413597743 69.3114995956421 74.5859940846761 68.0679728587468 60.1892173290253 56.4980606238047 51.8124600251516 49.7635900974274 50.2305328845978 45.7077870766322 41.9524858395259 43.0466880400976 41.31780564785 44.7615136702855 42.6009992758433 29.4047941764196 28.1441782911619 27.9627218842506 17.6022586723169 39.4140606125196 65.931369860967 68.9224302768707 44.5475379625956 12.9230618476868 10.0198723375797 14.6093654135863 14.9805198113124 12.9936151206493 13.9687520762285 13.1903017560641 7.2763500114282 4.49564370016257 9.79461582998435 13.8176493346691 24.5620012283325 47.2594151894251 108.153611421585 138.967176278432 140.653242667516
51.1314670244853 46.1744219064713 44.9305027723312 45.9207991758982 42.8719222545624 37.1667022506396 32.5856581330299 32.922533651193 31.7666977643967 37.2985154390335 44.5548743009567 49.4612405697505 49.9670058488846 45.4922070105871 55.1575471957525 69.932038585345 79.6626706918081 79.8984467983246 73.0711917082469 63.9564494291941 58.2473675409953 54.5108467340469 52.3775269587835 53.7950495878855 47.606830795606 37.9270861546199 31.7001516620318 34.8185574014982 35.8471597234408 35.2264915903409 15.2201913297176 15.5303465823332 12.500487267971 19.7387970983982 72.3979771137238 82.5489113728205 51.5320052703222 16.2717141211033 5.51549221078555 5.58241022129854 8.16753382484118 6.65129845341047 14.0278028945128 18.1460840006669 27.157594760259 11.3761139412721 12.047382692496 29.8201615611712 53.1070729096731 95.0742363929749 126.766781012217 140.001356601715 143.654902776082
51.8806825081507 49.2746929327647 49.4347264369329 50.792728861173 50.2339998881022 46.8473136425018 46.6813693443934 53.7827511628469 69.4019297758738 65.5367622772853 57.1150034666061 58.3525697390238 63.246101140976 52.0177235205968 53.1481355428696 61.428964138031 69.1978931427002 75.8296102285385 77.0693123340607 70.5735286076864 65.2385850747426 59.0040683746338 56.3931514819463 53.4396469593048 45.3838457663854 37.6904408137004 26.0041529933612 27.2496019800504 29.973362882932 15.0966122746468 10.84882269303 9.23770355681578 5.38379947344462 2.89774779230356 65.2309954166412 84.0248068173726 65.4684404532115 53.28435699145 23.9719375967979 2.17524621014794 0.00944500667780327 0 6.83818447093169 28.7101417779922 36.027729511261 27.3058041930199 26.0751148064931 46.9082146883011 101.062417030334 143.908758958181 137.981792291005 126.40439470609 130.40022055308
51.1222779750824 47.9329526424408 42.7361081043879 38.4089748064677 38.7548605600993 40.5426075061162 40.6649907430013 51.7833729585012 60.8871479829152 56.7144304513931 47.9000310103099 47.3052461942037 57.9959998528163 53.951491912206 50.3489474455516 48.7392842769623 49.756387869517 56.9111009438833 66.5559073289235 70.7233846187592 66.7660931746165 60.8454694350561 54.9747298161189 49.714133143425 43.5181458791097 35.1738135019938 25.8091986179352 15.5776416261991 26.4078825712204 19.765879958868 10.8442828059196 6.47124834358692 1.02988847841819 0 0.0371877419335457 74.2960075537364 81.2126696109772 91.3788278897603 73.2326755921046 27.1357546250025 1.65433529764414 0 1.63518032059073 15.6252508362134 41.1120603481928 59.576024611791 79.3451964855194 127.710292736689 167.303760846456 177.533129851023 162.913461526235 131.741394599279 115.961611270905
53.157831231753 51.2219568093618 45.6478099028269 39.255253970623 37.8124664227168 40.4503494501114 33.6791525284449 31.6654865940412 33.4072783589363 30.3769906361898 23.5761652390162 21.4851796627045 25.1824781298637 41.31185511748 48.2861896355947 43.1841909885406 31.9184412558873 28.7360822161039 39.9844696124395 59.1913511355718 60.8672946691513 55.7446380456289 49.1034338871638 46.6641436020533 40.406179924806 34.9713365236918 28.9709692200025 7.63565177718798 12.0927058160305 32.1311602989833 16.1843672394753 9.99767581621806 3.1151045113802 0 0 53.68339518706 93.5598214467366 107.805589834849 94.3731764952342 65.884992480278 34.1567521293958 6.54140797754129 4.34631171325843 20.4356983304024 49.579252799352 110.187590122223 150.008896986643 179.74579334259 188.687841097514 187.992493311564 178.518871466319 150.84907412529 122.719705104828
54.8046330610911 54.7358393669128 52.2974083820979 48.8975495100021 47.0945884784063 46.4186767737071 32.076857984066 19.2308351397514 19.6283360322316 21.3879197835922 18.970167885224 16.5274664759636 17.6146725813548 37.7895037333171 50.9131153424581 41.5012439092 24.8279894391696 13.2802737255891 16.3173253337542 29.920960466067 40.2147024869919 43.8080976406733 44.3461289008458 37.908747792244 33.714493115743 29.3248494466146 10.8523927628994 5.51226052145163 8.61082784831524 35.1227869590124 43.5051073630651 36.7067009210587 17.9929609100024 0 0 31.799594561259 86.8039627869924 95.0892766316732 76.4722128709157 73.4407107035319 77.7978350718816 62.3540878295898 41.1894594629606 55.1945865154266 105.231523513794 148.87997508049 171.686788400014 182.628631591797 184.422274430593 181.995213031769 177.11740732193 155.665824810664 141.40459895134
