input/barkrak2/radiation/dir34024.grid
NCOLS 85 
NROWS 70 
XLLCORNER 665100 
YLLCORNER 4664600 
CELLSIZE 20 
NODATA_value -9999 
[rows 0 to 22 of 70, columns 0 to 51 of 85]
46.239083011945098 57.8849017620087 69.2481299241384 82.6679865519206 96.0063636302948 95.429261525472 95.2213307221731 101.608614126841 119.573871294657 122.658471266429 123.438576857249 121.188163757324 116.895536581675 116.039862235387 116.077721118927 103.528678417206 90.3205275535583 81.6701352596283 80.0932645797729 81.6896061102549 89.3908242384593 106.323003768921 122.451444466909 123.53378534317 126.608272393545 134.56137975057 133.362183968226 127.130925655365 125.576138496399 127.163867155711 125.382820765177 146.216104427973 176.240901152293 171.608587106069 168.235421180725 162.559082110723 167.900602022807 173.566321531932 168.282945950826 170.037706693014 166.837831338247 178.117791811625 182.645996411641 175.595164299011 166.329065958659 175.603846708934 182.143290837606 137.114971876144 93.7711397806803 89.903861284256 110.618998607 150.57651201884
29.8007676998774 42.6332404216131 49.4750489791234 57.6815903186798 66.1065628131231 75.9192556142807 78.1432638565699 89.8344417413076 100.047012170156 102.611074844996 110.310753186544 122.641940911611 117.624829212825 117.67586072286 117.752949396769 105.796565612157 96.6181953748067 88.9248649279277 86.4553550879161 83.7913354237874 96.4011549949646 119.03574069341 132.755110661189 132.327685753504 134.863158067067 139.216721057892 134.541054566701 128.44842672348 126.10317269961 131.202022234599 132.436374823252 153.354932864507 175.760626792908 169.153610865275 166.762034098307 163.110713164012 170.194904009501 172.177334626516 167.183180650075 167.434553305308 166.248669226964 169.555445512136 165.660520394643 158.47239891688 154.610127210617 167.775511741638 171.419779459635 128.977606693904 101.050247748693 110.463956991831 137.784053881963 170.805017153422
11.174164712429 14.8064258197943 21.2756544351578 27.3571833968163 32.3679223656654 38.72150182724 48.328310251236 63.7740840514501 73.9802221457164 81.120640039444 86.4610075950623 92.8062796592712 100.626160701116 102.760960658391 114.489088455836 127.265512943268 117.881814638774 105.570574601491 91.6362007459005 88.5631839434306 97.7705121040344 116.087903579076 127.963443597158 134.60240761439 134.40614938736 135.740598042806 132.339924573898 129.072884718577 127.545098463694 131.463706493378 147.148738304774 164.779633283615 175.786316394806 170.379221439362 166.116287310918 165.785521268845 172.674298286438 174.807031949361 169.083257516225 164.791375398636 161.258012056351 154.809494813283 144.660999377569 137.248039245605 140.730649232864 156.424840291341 153.349220752716 122.705767552058 117.605219284693 137.37283150355 160.809993743896 180.966099103292
4.81316012640794 5.12945155302684 7.10803642868996 7.74305624266465 8.21909494698048 14.156986027956 18.5074384013812 26.8001928925514 42.2815829515457 52.3057878017426 64.4770761330922 76.5103002389272 83.84703596433 87.9876812299093 90.3121431668599 102.482219537099 99.8640259106954 93.2204127311707 81.1048100392024 79.7988325357437 79.9044917027156 86.2861474355062 101.93191965421 109.678089618683 115.945865710576 118.53414773941 121.739327907562 125.6176729997 128.699560960134 134.069333473841 141.512314478556 160.271108150482 169.356346130371 169.136007626851 166.323443253835 166.467924912771 166.22061530749 166.809598604838 160.374581813812 151.0422428449 147.073457638423 141.606827576955 140.23690422376 147.670696179072 152.337263027827 146.815905968348 137.523273626963 120.152274767558 126.266658306122 139.997720718384 159.628947575887 177.43593454361
11.6233788430691 5.50532527267933 2.52749895056089 0 0 3.33635695278645 11.4287932713827 18.541647742192 23.7632592519124 28.2934481898944 38.5326544443766 51.9883533318838 61.6476188103358 62.95312444369 70.0504531462987 79.1897922754288 78.1516631444295 78.0704269806544 75.9070018927256 77.400341629982 76.442097624143 77.5905748208364 88.1685713926951 96.7811644077301 103.970358769099 110.278328259786 113.604962825775 118.690222501755 126.721610625585 128.170351187388 134.566595156988 149.171988169352 143.569340308507 146.906008323034 148.286531368891 160.187502702077 156.775573889414 154.198189576467 146.102368831635 138.4217441082 138.097981611888 139.025340477626 146.898796161016 155.1234126091 155.008633931478 133.829305569331 112.023482720057 110.321223735809 120.417048533758 137.643386920293 165.201961994171 178.284704685211
34.4382201631864 18.6342125137647 6.94378837943077 0.66012415724496 0.0536846540247401 1.57580121109883 5.41538248459498 12.7079226076603 16.2016575535138 16.9268026947975 21.3144570589066 28.2629330952962 32.79842933019 38.5418136914571 44.9145833651225 52.9569884141286 55.1770975192388 63.0156546831131 69.770226875941 78.6766310532888 83.5940539836884 84.7805142402649 87.63121565183 89.5045002301534 97.6199209690094 103.745917479197 108.661999305089 113.896310329437 120.107561349869 127.651552359263 137.603759765625 142.76377360026 133.790155251821 136.402507623037 139.080365498861 137.464493513107 135.126938422521 133.906443913778 138.271629810333 138.632675011953 138.125598430634 137.784908215205 141.700744628906 144.400884707769 139.072626829147 113.627900679906 90.3193354606628 98.7250904242198 117.609202861786 149.989863236745 171.857019265493 179.419080416361
51.4452755451202 32.8439598282178 20.403865724802 10.2588913093011 3.20094730705023 1.64227948213617 2.32309351364772 7.20296924312909 12.6620655258497 17.1824395656586 17.2533690929413 16.6893241306146 16.6181201736132 17.9582002262274 20.3247666358948 29.1272898515065 37.1108576655388 51.4050324757894 63.4562969207764 73.9567677179972 83.379069964091 90.762456258138 89.9126331011454 87.5305235385895 93.7189757823944 96.9166855017344 100.228071212769 108.063081900279 113.595555226008 120.879411697388 133.311698834101 134.307722250621 127.108444770177 124.771118164062 123.662650585175 126.3061662515 124.902218580246 121.828556060791 118.347595135371 123.474061489105 121.129135290782 123.277167479197 129.554450511932 136.37908299764 134.678651889165 130.630473295848 136.863052845001 141.736189524333 150.025943915049 159.638037284215 168.61367225647 168.084720770518
61.8264575799306 46.8828777472178 34.2029581467311 21.9663083553314 13.0970937510331 4.29095669339101 1.72361824661493 0 7.42867588996887 15.3863355517387 19.0338095029195 19.7458043694496 18.1878209114075 16.5540973345439 13.1895790497462 15.9166182080905 22.4004661043485 32.4167261521022 46.7914740244548 59.2403163512548 69.7909990946452 81.6196352243423 90.3711915016174 88.9780521392822 89.7685090700785 90.1238918304443 92.9292837778727 95.5567558606466 100.982417662938 109.827299912771 120.893349250158 123.727182547251 114.886005719503 111.547698577245 107.942899068197 109.696169694265 112.46923605601 112.76775598526 111.597875754038 99.3044972419739 99.8142063617706 111.731708049774 125.107238690058 136.265277862549 140.35643140475 145.785252253215 153.942406177521 156.955192486445 161.256263653437 160.088002681732 153.842131296794 151.433209578196
58.6984306573868 48.5241661469142 37.824106713136 28.8841649889946 19.7750901182493 13.663520415624 4.88088776667913 0.882067872832219 5.11604733765125 10.2884285151958 15.1544064283371 19.5116599400838 23.7339610854785 24.570902188619 21.6586589813232 20.0184856851896 20.1360210776329 23.2632706562678 29.9631580710411 40.25699198246 51.057497660319 62.3185237248739 72.646826505661 75.687105456988 80.1081260045369 78.8357257843018 82.0181618134181 82.3997507492701 84.8863323529561 88.5079900423686 93.1052764256795 101.618190606435 99.6318757534027 99.2617905139923 101.724018653234 104.504555463791 104.082336028417 107.651581366857 110.085864861806 105.198721090953 106.705168883006 112.517108519872 132.512211799622 135.513444741567 134.559472401937 134.32232538859 135.993301868439 145.719826221466 152.694990237554 148.277183373769 140.485763549805 144.269655148188
37.800595164299 36.0009421904882 27.9015153646469 22.9928741852442 17.744392156601 10.8215610186259 9.6102220316728 8.98210083444913 4.62124589830637 2.54214151451985 5.16098147879044 14.6604714294275 24.3796706199646 30.9326301018397 34.4332009553909 33.2971463600794 27.6313995321592 25.3055865565936 25.0331337253253 26.8834928671519 32.3379089434942 38.4828125437101 46.4156816403071 53.6984751621882 62.9553894201914 65.6662086645762 68.3042109012604 68.6059792836507 69.387157758077 74.586143096288 72.8175093730291 74.578603108724 80.4444005091985 86.9771440823873 92.0646786689758 97.9963044325511 94.636599222819 99.1106331348419 106.173942486445 112.594226996104 116.699020067851 115.833789110184 117.00185139974 117.272436618805 128.381192684174 133.459150791168 139.16673262914 143.568307161331 145.938684542974 147.084295749664 146.048764387767 143.538395563761
6.09280417362849 2.95148727794488 1.22829068762561 0 0 0 1.1764793501546 9.17136979599794 8.35750872890154 5.33126294612885 2.91373766958714 0 13.4811202685038 24.8403896888097 34.2026427388191 32.7001834909121 32.1038837234179 26.8588562806447 24.5613679289818 22.0389539996783 22.7501640717189 24.5130558808645 27.6399378975232 36.7666631937027 46.7625757058462 53.2654374837875 55.0212562084198 57.931179801623 61.1792107423147 61.1441979805628 64.0405714511871 63.4281684954961 62.8612736860911 65.2094185352325 71.088249484698 84.709902604421 89.423527320226 93.7084058920542 102.600981791814 114.141921202342 117.559393246969 113.732397556305 112.792064746221 112.604349851608 111.580789089203 115.241557359695 135.874489943186 141.419301430384 140.703757603963 144.605368375778 146.308998266856 141.77730679512
0 0 0 0 0 0 0 1.56487928082546 11.3980906705062 10.8437115947405 6.03720856209596 2.71130787829558 4.5363437384367 12.1464543044567 24.4410708546638 28.3919895688693 32.2251965602239 31.9371794660886 27.6296411951383 23.0233271916707 20.2616676688194 20.1479072372119 20.8275491992633 26.3728648424149 33.1530918677648 38.6693626642227 41.7537192503611 44.6248998244603 49.8250822226206 51.5783081452052 51.5093704064687 49.7545599937439 52.1491765975952 50.8806556463242 48.2242951790492 49.0037500858307 75.8434037367503 86.2669746081034 90.6353990236918 106.393416722616 108.552167812983 104.64812318484 101.984699567159 98.0404814084371 100.303202867508 101.105829079946 103.921711444855 108.102550109227 124.072323242823 133.733590443929 136.412401994069 135.001122951508
0 0 0 0 0 0 0 0 4.91926819086075 13.8350600997607 13.2629250486692 9.22076404094696 2.46984558179975 1.06605996067325 10.307427495718 23.1845850745837 32.7364752689997 36.6397375861804 34.1467012961706 29.7100668152173 25.7665788133939 26.6350731253624 26.9816890358925 27.9792298873266 29.3927143017451 31.2291805942853 34.2036883036296 39.7165169318517 40.5767907698949 41.964997847875 42.6083852847417 41.8338129917781 39.0605082114538 36.2439478437106 39.689468840758 37.7745081981023 35.8110864957174 42.6077743371328 51.571731766065 76.5137523412704 84.7762525081635 90.8776919047038 88.4986817836761 87.2824589411418 89.0914102395376 88.6206030845642 86.6101781527201 87.7280433972677 88.4371598561605 92.6462908585866 96.9464480876923 119.023183981578
0 0 0 0 0 0 0 0 0 5.67422620952129 15.4811888933182 20.0962983071804 16.6463715334733 9.73115240534147 8.22035036981106 18.7884494662285 27.3309499025345 36.5588317314784 42.3394242922465 42.0196453730265 35.1953382293383 35.2297772963842 33.3469559748968 33.6603398124377 35.3922446568807 35.5516523122787 36.4344517389933 43.8857624928157 43.2382722695669 37.00190782547 39.7053038080533 39.6087964375814 36.2059076627096 31.0954451560974 30.0541544953982 28.2709747552872 25.8270179231962 21.9535281260808 26.0372807582219 32.8737845023473 38.308377067248 41.8006479740143 52.6097416877747 62.4021242062251 66.8385674556096 71.1590200662613 75.6757408380508 73.3130524555842 72.4976857503255 70.6032266219457 75.8269329865773 82.8198343515396
0.697589168945948 0 0 0 0 0 0 0 0 0.0392700045874032 15.3157363335292 27.4850701292356 33.9016715685527 28.6345804731051 19.1897228360176 17.8137943148613 20.2357942859332 29.3421099583308 39.7220502297084 48.250546058019 46.9538817803065 45.0780391693115 44.2749659220378 41.3855363925298 42.1000719070435 42.6926265160243 43.3067778746287 43.2100097338359 43.311208486557 37.9434550801913 34.5061073700587 33.2275678714116 33.0354993542035 28.9126311739286 27.261180182298 23.2707311709722 18.7627909084161 15.5393667519093 14.3819985290368 12.7727650105953 15.5737486978372 23.7964441378911 26.4363363385201 29.8282379905383 37.7791325251261 45.2495813369751 60.6985986232758 66.1217073599498 64.1491115093231 61.2866282463074 63.8293276230494 67.8539822498957
1.34441178912918 0 0 0 0 0 0 0 0 0 4.19019162654877 22.4013030529022 39.7989998261134 43.605183561643 34.7844511270523 20.8289263149103 16.5175994237264 18.0084307988485 28.2333840926488 43.4132665395737 53.0522912740707 51.2832055489222 52.779217561086 49.2007533709208 46.5251902739207 48.110897342364 49.5806932449341 45.4147557417552 43.9667999744415 44.9543595314026 37.8385732571284 33.2862362265587 27.568094432354 22.6439982652664 21.0397467017174 17.5464625159899 12.3208065827688 8.20192322134972 7.10508227348328 5.33570225040118 3.40211546669404 4.32144415875276 8.57692770659924 14.1136310994625 23.2286304235458 31.813291211923 42.7331874767939 48.9670087893804 48.5834777355194 52.0606487989426 53.7059307098389 59.4009657700857
0.743111905952295 0 0 0 0 0 0 0 0 0.0817625356527666 0.276921840850264 14.8918852210045 31.0353487730026 41.8346424897512 44.9142803748449 40.2107511957486 34.1658840576808 26.186965405941 21.6883321603139 27.1979520718257 44.1286563873291 55.0883809725443 58.8879237572352 56.9353600343068 52.9622634251912 54.7555138667425 56.369811296463 53.6684691905975 51.842138171196 48.8169093926748 45.8757181962331 35.4536299904188 27.9580056667328 20.8098987738291 15.3941238919894 11.7034402986368 8.70488459865252 5.57162364323934 3.75992618501186 2.62777072687944 1.09839330737789 0.0413966433067496 2.97973118722439 6.43436300257842 12.8303480645021 21.1895604928335 28.9222548405329 34.7824742396673 40.6874765952428 44.0705865621567 47.4250614643097 53.2052169243495
0.242280269352098 0 0 0 0 0 0 0 0.375230913050473 0.398566907582184 0.786923880999287 9.87192802131176 22.337111334006 36.8276710311572 47.8439231713613 50.6629049777985 50.3737032413483 43.852706750234 31.3715984423955 22.944301366806 29.5580253005028 47.322412331899 54.284339149793 57.8403025865555 59.2961808045705 62.5170071919759 63.9769236246745 65.2137895425161 60.2287004391352 54.9020518859228 45.9030320247014 39.7637809316317 29.4781898458799 20.781842370828 13.7550532817841 11.4008262753487 6.5767498066028 3.77415710439285 1.55479290212194 0.171136363254239 0.00793669581374464 0 0 0.997550475100676 3.53376567363739 8.87301874657472 18.3191994825999 20.2951654791832 24.3823528289795 29.7706748048464 34.5470036069552 42.3160443703334
0.276861149662485 0.336461622888843 0.0352043668196226 0 0 0 0 0.692339225982626 1.20108240904907 7.36084704597791 12.2843099137147 13.1778903305531 17.7958148221175 23.8089288274447 33.0719898144404 44.6838984886805 49.7318605581919 52.846223115921 49.6031790971756 38.0633547902107 26.9476100802422 35.629577934742 44.5864051580429 52.7678777774175 60.6039067109426 65.460130572319 68.1166748205821 68.2495435078939 67.3165818055471 58.1046640872955 46.842431028684 37.0908652742704 31.0546085238457 18.7115905185541 10.6784775853157 7.36536520222823 3.4256282572945 0.747944305961331 0.0660920195514336 0 0 0 0 0 0 1.28245749510825 5.68519160151482 7.06753010551135 13.2675083974997 14.6298594772816 17.8161598742008 21.5697760383288
0.231091185317685 0.0223099050344899 0.093987201883768 0 0 0 0.0848620644925783 0.952725609143575 1.92847320189079 2.13174397746722 8.56984344621499 11.4277278383573 11.1607673267523 14.7719271481037 22.9400570193927 35.1627270380656 42.8696572780609 45.3005135059357 49.4376768668493 51.2191553910573 44.1351383924484 34.8850687344869 36.9516412417094 45.3724364439646 53.9935231208801 61.8834396203359 66.5830423434575 69.4062958161036 60.8478486537933 50.6038914124171 49.0934699773788 37.5006943941116 25.019275645415 17.2701254487038 9.08880929152171 3.7058029944698 0.759729494651159 0 0 0 0 0 0 0 0 0 0 1.23213231563568 5.49696137507757 9.07871251304944 10.9227101008097 11.3764777779579
1.18487801713248 0 0 0 0 0.0341405248036608 0.0604513043072075 1.157830003649 1.83025235310197 1.82498122255007 1.33075658231974 3.6280487353603 5.6561604142189 7.31727170447509 11.1853654185931 22.3216364781062 31.3316831986109 35.1181750496229 41.6075636943181 52.5509566068649 58.4147820870082 50.0995963811874 49.8494058847427 51.2101054191589 52.9683281977971 55.1603933175405 58.1818868716558 61.8574470281601 57.599738240242 46.763668457667 37.7907877167066 27.0524248480797 17.5728860000769 9.47384039560954 2.58345870922009 0 0 0 0 0 0 0 0 0 0 0 0 0 0 0 1.22264695043365 0
8.5525798300902 3.38322669267654 0 0 0 0 0.594943955851098 2.18993580589692 2.48801925530036 2.71529424935579 1.86658883467317 1.05951501366993 2.73182056844234 0 5.87746997674306 14.1988471150398 23.054043451945 30.5058260758718 36.3801568746567 48.2713083426158 55.0377269585927 63.9366706212362 69.5619732141495 68.3430681626002 61.75463895003 54.4370859861374 50.0999937454859 49.7974306344986 54.1816254456838 40.9767751892408 25.3213991721471 15.1356545587381 7.86452243725459 0.744383394097288 0 0 0 0 0 0 0 0 0 0 0 0 0 0 0 0 0 0
32.860408226649 26.9973625739415 8.97259699801604 2.45801514635483 0.832352554425597 0.248625292442739 3.35438052813212 3.82282305508852 3.12313623726368 2.41715336839358 1.91204622387886 6.2139288832744 7.15253129601479 6.4067579805851 7.11363926529884 11.2214212616285 19.3988246222337 27.0617629090945 32.7181965112686 34.1384361187617 37.5147188703219 49.8449752728144 58.6725572745005 64.016322294871 64.7639036178589 58.3408524592718 50.6324370702108 44.3551043669383 36.2889766693115 30.4332772890727 13.8044295211633 3.84954797724883 0 0 0 0 0 0 0 0 0 0 0 0 0 0 0 0 0 0 0 0
