input/barkrak2/radiation/dir30224.grid
NCOLS 85 
NROWS 70 
XLLCORNER 665100 
YLLCORNER 4664600 
CELLSIZE 20 
NODATA_value -9999 
[rows 22 to 43 of 70, columns 0 to 48 of 85]
70.7113891839981 64.3632709980011 41.5978084007899 36.0813389221827 32.2603757182757 15.9368266661962 23.0211441715558 18.5304520030816 13.7651935219765 17.9749106367429 25.7727752129237 28.6148612697919 31.6048637032509 31.0591757297516 33.2629183928172 39.575457572937 49.3187208970388 61.1926217873891 69.2470371723175 69.9316809574763 75.7331152757009 91.0397867361705 103.290557861328 108.348747094472 108.432680368423 103.881557782491 94.7637756665548 87.7927939097087 79.439769188563 63.0341867605845 44.2363172769547 19.9807311097781 3.38286254554987 0.106108015946423 0 0 0.0318189971342993 0.0401545864103052 0 0 0 1.37284786129991 11.5132679541906 12.91540513436 33.8542858759562 51.8206258614858 58.0426951249441 60.8754257361094 64.3366078535716
105.630894502004 94.7152177492778 59.6238474051158 42.2896842161814 36.7816835641861 37.0923628409704 35.4797318577766 24.6770580609639 12.4724879860878 12.0073196788629 28.6266356706619 31.1998203396797 35.7153614362081 40.7584781448046 39.1129503647486 40.8806353807449 47.7409412463506 58.1652770439784 65.4193957646688 57.9005777835846 57.9526722431183 61.9082897901535 74.4101305802663 86.0292613506317 94.8879023392995 94.1648483276367 88.0805452664693 72.5154230991999 63.2109344005585 27.3358672857285 21.8136832118034 11.8701532483101 0.137243652716279 0 0 0 0 0 0 0 0 0 0 19.9514503280322 25.3967394431432 30.7681585351626 43.5944894949595 51.2334356705348 57.9873323440552
104.863862196604 100.747138261795 77.837347984314 47.2177763779958 29.2644401391347 37.093348801136 34.6938570340474 31.2809000412623 26.1154820521673 22.6487144827843 26.3566722472509 28.7813643614451 32.2663883368174 38.0036483208338 39.8977672060331 39.4969532887141 46.1428463459015 56.7214339971542 63.4161482254664 56.5896282593409 55.7378381490707 52.2043257951736 60.7628722985586 69.8723644018173 75.0222206115723 76.4237095912298 73.4858214855194 63.8641367355982 49.3160883585612 20.5240622162819 14.6259218454361 12.1635620792707 1.26302451826632 0 0 0 0 0 0 0 0 0 0 32.0020169019699 27.4086246887843 29.7887772321701 32.2399387756983 38.0114441116651 45.1099226872126
90.7751222451528 95.7720975081126 89.0049437681834 56.6254903872808 29.6724910537402 37.282665570577 42.6650742689768 50.4391193389893 49.8215655485789 41.76993171374 34.504825870196 40.268786251545 41.0880322257678 47.4008470773697 47.4339127540588 42.3796027898788 44.8198566834132 55.216982960701 63.9151235421499 66.2148296833038 67.726731300354 62.9713237285614 59.6343278884888 60.7515374819438 63.4738802909851 65.992737809817 61.8651608626048 60.5152100324631 37.337601184845 31.9595982631048 28.3700103561083 34.7615207235018 27.9721170663834 0.00127431151971299 0 0 0 0 0 0 0 0 2.18104369317492 32.0119584600131 32.3938876390457 35.6740405162176 33.5267732540766 35.0834478934606 36.8179033199946
89.5247161388397 95.1038002967834 93.2814478874207 66.6313668092092 44.3778435389201 52.3053606351217 63.7120753526688 72.8744020064672 79.9866368373235 72.9517290989558 54.2947351932526 57.9499006271362 55.1319420337677 58.2403441270192 59.6131235361099 50.4210541645686 48.3589768409729 56.9350173075994 66.763311624527 77.5441825389862 80.0834496815999 76.620618502299 67.855308453242 62.4129921197891 63.1066858768463 65.6842390696208 61.2768729527791 66.6651080052058 61.280220746994 59.8568816979726 66.6297326485316 86.9220991929372 95.9359705448151 74.828028678894 2.46746620784203 0 0 0 0 0 0 1.0131795424968 19.0976796050866 25.1192400852839 26.0097632805506 23.5457271337509 25.5504598220189 25.2961566050847 26.2547135353088
91.4068520069122 89.9757444858551 90.3540253639221 73.1799900531769 72.5402981042862 74.9146640300751 87.1484875679016 88.8370374838511 91.5232797463735 85.9521428743998 66.6891584793727 61.6024533907572 60.2974245945613 59.7126434246699 65.2200430631638 61.7222090562185 54.8179298639297 62.010000149409 75.6439765294393 80.9481044610341 79.6716064214706 70.4396963119507 69.4439957539241 69.9250847101212 70.0338929891586 70.5379496018092 68.0634031693141 77.7224848667781 93.8553313414256 98.7883309523265 105.195194482803 113.46568663915 124.102582534154 131.140689055125 88.1386597951253 8.78532541294893 0 0 0 0 0.274641846772283 29.2965422074 23.2933660348256 16.3725006083647 9.46603715419769 9.12957886854807 10.0954261918863 17.803060511748 17.4775818983714
94.3338374296824 82.4346939722697 83.3589434623718 76.8177409966787 93.103955189387 88.3213082949321 86.6447488466899 83.2587977250417 79.1112730900447 70.8919068177541 60.604065656662 53.3231049776077 58.5948526859283 59.2772414286931 64.1139050324758 69.7753727436066 64.0576829512914 61.426967382431 72.5697378317515 74.6899743874868 73.3461628357569 66.1743581295013 66.7793899774551 72.9629496733348 75.3120332956314 72.5387732187907 73.9068041245143 79.9700816472371 101.87104344368 115.406006574631 125.358601411184 131.990998983383 138.85564605395 141.257792711258 133.746325969696 58.1051756938299 0 0 0 0 3.04778447995583 19.6148492395878 15.0968705614408 3.77188188334306 1.34564454977711 1.73186666021744 5.5852693816026 10.2737049261729 16.7961778740088
94.8685208956401 76.4193137486776 77.3296356201172 83.226944009463 93.2510892550151 89.2885227998098 72.9890912771225 58.1423938274384 46.8304405609767 40.5469809969266 39.9776771664619 44.4961885611216 53.4397711356481 59.7673952579498 69.3917125463486 72.8264798720678 70.5785751342773 57.7080994844437 63.0951474110285 65.7992859681447 65.5897706747055 66.0252869129181 66.9022401173909 73.3641088008881 79.1125943263372 76.1096725861232 79.1860024134318 80.7285557190577 96.2621867656708 119.464655717214 135.63996553421 143.977373838425 143.976291020711 146.124382813772 154.068201780319 134.624799092611 51.5479942162832 0.0951599892384062 0 0 0 0 9.71141581734022 1.00823359874388 0 0.779645517468452 2.39591005568703 8.76812450587749 11.03608806928
92.735101779302 94.2562421162923 116.955141226451 151.287794113159 124.861429135005 95.2707330385844 65.3912077347438 41.6839172442754 32.272145152092 34.0068861842155 31.2260041634242 31.2085896730423 50.1753737529119 60.1093818744024 72.1013695001602 80.4254909356435 76.4145205418269 63.2741103569667 64.1818145910899 67.781741420428 65.6262934207916 69.6299970149994 72.4725077549617 74.6266196171443 81.2710424264272 86.2911740938822 85.3690107663472 87.9324078559875 99.6327002843221 125.094006458918 144.303033749262 150.334566831589 146.511813004812 154.242038726807 164.390832185745 167.84530878067 141.217360893885 78.584020336469 15.7408838470777 1.7629936337471 0 0 0 0.954538428535064 0.123995239846408 0 0 0 0
106.573283672333 141.555706659953 190.498610337575 212.245504061381 190.704822540283 137.442886829376 87.4301592508952 55.2806903918584 47.4305301904678 53.2032499710719 44.3441569805145 36.2869948148727 48.298567533493 58.4428509076436 72.2644726435343 81.6062291463216 78.4611950318019 72.4081893761953 66.102127234141 68.6861177285512 68.1297381718953 72.3214944203695 74.8398701349894 76.6748289267222 82.8357388575872 94.976286093394 96.0108439127604 102.495223283768 111.788958311081 128.937890132268 144.951283931732 153.175940116247 155.270685752233 161.685387293498 167.617042859395 167.314410209656 161.515891551971 142.451147238413 73.239803314209 14.096274971962 0.535699965742727 0 0 1.29038739639024 1.19719576711456 0 0 0 0
168.099323908488 203.9555311203 227.82164812088 229.675054550171 228.572726249695 202.673057715098 157.990882794062 117.770930131276 92.921237150828 81.1574161052704 77.3755560318629 61.9173943996429 50.8279502391815 55.7438631852468 76.9877036412557 82.762748003006 77.5033930937449 78.0872603257497 67.6007817188899 67.2515730063121 70.3189472357432 72.3450084527334 73.4005222717921 75.5194574594498 80.4001092910767 95.6138968467712 102.801263332367 111.60280307134 120.794037977854 128.710548082987 141.907165447871 153.727928797404 155.439436435699 152.257223924001 154.037237167358 145.896037419637 147.30378985405 134.191940228144 87.7843499183655 33.0918629964193 7.82345918317636 4.62756802638372 2.03383481130004 1.1209441969792 0 0 0 0 0
217.846989631653 233.11847448349 236.893932024638 235.65661907196 238.037288188934 234.806378682454 213.266650835673 169.09792025884 130.243957042694 105.67640264829 108.320653438568 94.4233934084574 69.68687971433 64.6475652853648 73.7905402978261 79.1779061158498 72.9802052179972 73.240468899409 67.2182937463125 68.809320529302 66.1896963914235 67.2207276026408 68.1233704090118 69.1787302494049 76.942190527916 88.9475742975871 101.91144545873 107.069432735443 116.000990072886 128.46165895462 140.300214290619 143.604934215546 133.984466393789 123.180876175563 125.894000132879 109.104990959167 109.718710184097 94.2118167877197 57.2767158349355 23.3154868086179 20.5097471674283 15.6791371603807 6.47626258432865 1.31249350185196 0 0 0 0 0
230.563799540202 236.886958281199 234.365344047546 236.120760440826 236.74221833547 236.354529857635 229.53983147939 197.237193584442 147.47076233228 118.319392204285 117.009778817495 114.110211531321 96.6741939385732 78.3376445372899 74.0543703238169 77.912578980128 71.0842460393906 66.2475178639094 66.6700055201848 70.7215468088786 65.4237568378448 64.0612542629242 67.080815633138 68.5300181309382 73.7419525782267 81.1661581198374 92.4571255842845 95.3529874483744 105.362097422282 123.199184735616 133.344391981761 130.673189957937 123.45485885938 116.800397634506 109.141170978546 93.8894550005595 98.1128414471944 95.1904058456421 75.1223067442576 39.5533715685209 33.4010869264603 32.4111084143321 17.2779522836208 0 0 0 0 0 0
225.214004516602 228.805601596832 224.211931228638 226.187825202942 226.624290148417 221.063951651255 216.674288113912 199.526488780975 156.465450922648 129.263877868652 121.783743302027 118.298302094142 110.448936621348 89.4846717516581 79.4501701990763 82.790344953537 74.9354859193166 66.3362890481949 70.4672336578369 71.6589589913686 69.0629581610362 65.9144471089045 69.4446861743927 73.8060871760051 73.2156286636988 78.5827785730362 83.64603916804 85.4222079118093 95.2179531256358 114.960928757985 124.352027972539 123.284826676051 125.758985678355 126.765569051107 107.759694258372 100.725213686625 105.560829242071 112.732291221619 107.803195714951 67.4437830845515 27.1530797084173 13.9990622798602 0 0 0 0 0 0 0
204.322616259257 206.675151983897 208.791097005208 204.71860965093 204.718132813772 202.457865079244 206.708331902822 203.015089035034 168.395558993022 136.654913425446 122.813363869985 112.193842728933 105.137864748637 87.8527462482452 75.8123248815536 82.3297649621964 85.2409700552623 71.9237228234609 73.9075740178426 78.2323777675629 77.3204267024994 72.2771336634954 72.444016734759 75.9237358967463 74.9070644378662 75.2319594224294 81.9313029448191 89.5508527755737 95.5377817153931 110.731105009715 122.96978632609 125.769813855489 126.331160465876 130.812386671702 111.115554968516 111.783385276794 112.197667360306 120.919605096181 120.705087979635 80.7236681381861 15.5098512768745 0 0 0 0 0 0 0 0
181.441783905029 191.068351268768 200.931906700134 198.306838671366 196.369429429372 202.586909135183 210.259914398193 212.47806151708 189.699470996857 150.62556664149 129.85164920489 106.990694999695 93.3452248573303 82.0493797461192 72.1805642048518 77.4096250534058 89.3215735753377 81.2556445598602 77.5080025196075 80.5087238550186 80.8703899383545 76.3615270455678 74.6237436930339 76.5493710835775 77.6995569467545 78.1368265549342 81.4573069413503 90.7622575759888 94.5123930772146 100.597659746806 115.617990493774 127.291858196259 128.801782925924 120.05889415741 106.705884138743 120.914767185847 125.284214814504 129.546066125234 128.080745538076 101.833194494247 10.9830958147844 0 0 0 0 0 0 0 0
144.117226203283 155.848125616709 164.085656404495 169.453461964925 178.110758463542 192.748705546061 205.122590065002 212.894320487976 203.960140546163 172.126432259878 139.071861902873 108.449369668961 90.2781387170156 87.8250598907471 78.7884642680486 72.2843507925669 83.5033357143402 84.9884152412415 78.0221223831177 77.4414390325546 79.4560660918554 76.1621544758479 72.6872384548187 73.948989311854 77.2292117277781 81.1798473199209 80.9152126312256 87.6371463139852 92.7631755669912 95.1724350452423 104.377349217733 123.590141534805 125.777910153071 107.904652754466 110.654572645823 132.829546928406 136.97804013888 134.61372256279 132.661203543345 128.078172604243 69.934939344724 1.6351630911231 0 0 0 0 0 0 0
107.885042826335 115.167210499446 114.211102326711 124.51774875323 141.40909910202 158.68471066157 174.035807450612 185.09570757548 185.892522335052 160.094151894251 125.110884507497 99.9045968055725 87.1321161588033 84.7312609354655 80.4036209980647 74.2445488770803 78.7477195262909 80.5381933848063 73.005606730779 72.3830213149389 77.011505762736 80.1644076903661 78.6007891098658 74.0558455387751 73.1226603190104 77.9256174961726 83.6084882418315 86.8508219718933 92.9556290308634 91.3768212000529 94.1435893376668 108.575463294983 117.773105700811 111.080974340439 133.343031009038 145.459989706675 141.837219397227 135.497808456421 139.043271541595 152.494877576828 145.388046900431 79.0863931179047 11.7588726182779 0.152589180894817 0 0 0 0 0
96.5569217999776 98.5284050305684 98.3742674191793 100.105245908101 109.145482381185 115.874628225962 119.326601425807 125.539124011993 124.713599681854 108.646680911382 92.1090543270111 87.3445868492126 85.4510565598806 82.7775100866954 80.4330259561539 80.0997316837311 78.7483950455983 78.5581966241201 72.9577938715617 72.7364867925644 77.1767050027847 82.806666692098 84.0964317321777 79.6690136194229 76.1433988809586 75.5869001150131 85.1629575093587 88.5283052921295 92.0068224271138 92.4035906791687 93.6617255210876 100.829859574636 109.127034743627 120.756248633067 144.116898377736 142.422139644623 133.236438035965 122.904479503632 126.046101252238 144.327431917191 157.236198584239 151.45214398702 92.372715473175 21.479420363903 0.548920516545574 0 0 0 0
105.208367109299 102.80900200208 102.619926134745 102.150897185008 98.0880260467529 95.7242250442505 94.2864219347636 95.1628088951111 99.6522108713786 91.3963516553243 82.9913914203644 84.7246547540029 87.7437392870585 87.4910056591034 85.3212078412374 83.6434563000997 77.9693524042765 85.3587786356608 85.5181316534678 80.2043378353119 82.197571794192 82.9887886842092 82.7643324931463 84.6874316533407 85.6557786464691 80.6231200695038 85.8580470085144 89.7990862528483 92.0634766419729 93.6732490857442 95.0911442438761 100.317229827245 106.549153725306 128.058671951294 137.90355126063 130.477885405223 116.711388031642 106.155703465144 103.686302900314 115.913490454356 147.467593352 154.28767601649 128.708024819692 64.8559182882309 9.77126074333986 0 0 0 0
110.406716664632 107.108910878499 110.154330730438 108.273794253667 101.266702016195 97.4312524000804 94.945897658666 91.3808147112529 91.1009709040324 87.4357322851817 85.7633650302887 84.7509503364563 88.2118741671244 92.6941235860189 91.7753179868062 88.042010863622 84.3870043754578 90.8517440160116 92.9406781991323 85.9099527200063 83.062489827474 81.1025698979696 77.5034924348195 79.2164901892344 83.5887094338735 80.189178387324 77.1037042140961 83.1290235122045 88.1917277971904 91.0689234733582 92.2805865605672 93.1788682937622 104.898452758789 126.744816700617 136.472225189209 118.299156427383 104.407807191213 101.227104663849 102.178076903025 112.262487411499 122.701396544774 124.119023482005 109.509408473969 73.8910138607025 17.1450413763523 0 0 0 0
93.9912994702657 96.6507395108541 105.482786893845 102.890094121297 105.289618174235 107.909252246221 106.479187806447 101.963957150777 90.4899835586548 88.6839429537455 91.6144748528798 87.9554947217305 87.9558622837067 91.7245944341024 91.9787685076396 88.6741479237874 90.7112459341685 92.5698280334473 92.6184455553691 86.9799753030141 81.1657210191091 78.3510108788808 75.8071889479955 75.153574347496 79.0420919656754 81.4966261386871 77.6230494181315 79.0756394465764 84.2854678630829 86.4770909150441 85.666428009669 84.9469701449076 95.225711663564 111.953616142273 118.278960386912 107.263495524724 102.256486813227 107.497076193492 111.249427000682 112.382084131241 108.257710933685 106.764535109202 98.9562074343363 72.1596479415894 27.097466091315 0 0 0 0
