input/barkrak2/radiation/dir34724.grid
NCOLS 85 
NROWS 70 
XLLCORNER 665100 
YLLCORNER 4664600 
CELLSIZE 20 
NODATA_value -9999 
[rows 0 to 22 of 70, columns 0 to 51 of 85]
43.617616097132398 55.0460815429688 65.3532594442368 76.7363607883453 86.1735145250956 90.5517439047496 91.3167198499044 94.9636101722717 98.4587967395782 119.751244783401 119.026084740957 116.789291302363 111.015578111013 113.218834002813 111.709654331207 99.3583599726359 87.954858938853 77.9141436020533 77.6282548904419 77.9936959346135 85.7383608818054 101.667692263921 118.142892916997 120.647003253301 122.164328893026 129.975736141205 128.793845574061 121.226668357849 120.420585076014 124.008615811666 120.680858691533 141.141623258591 171.405434608459 164.336125055949 163.383563359578 157.876869042714 161.602755387624 166.48656129837 163.545101881027 162.95329729716 160.434991121292 170.067727565765 176.028887430827 166.410346825918 160.667757193247 169.43887869517 177.255829175313 134.280016024907 90.4430548350016 86.5799089272817 106.918295224508 146.260549624761
27.8242478768031 36.1876015861829 44.6723600228628 53.8663665453593 64.392035206159 71.659525235494 77.1670341491699 83.7503373622894 92.3037429650625 90.4716650644938 95.34818927447 102.549771467845 113.24950059255 113.292962312698 113.37078611056 101.592610279719 94.1157539685567 85.0217541058858 82.6007823149363 80.0311416387558 92.5114750862122 113.53658636411 128.24488679568 125.950515270233 130.277971426646 134.563555320104 129.95042403539 124.015589555105 120.560050010681 122.308363517125 128.392438093821 148.859977722168 168.631891409556 164.388120174408 161.920577287674 158.394545316696 163.638005654017 167.356967926025 162.454525629679 162.590126196543 159.494856993357 164.80964422226 160.928587118785 150.659481684367 148.552844921748 158.954173326492 163.808206717173 125.845750172933 97.7387130260468 106.858303149541 133.733689785004 165.509839852651
9.19415677587191 12.508029739062 19.2547639211019 24.3805746237437 28.0089825391769 35.7983559370041 44.8474238316218 56.4572910467784 67.280650138855 72.6721833149592 80.3161462148031 88.0236725012461 93.1132833162944 93.6028261979421 97.9106922944387 102.257370948792 107.439875602722 93.8806136449178 81.6492487986882 77.197124560674 87.3286426067352 105.758200089137 120.474696159363 126.251419385274 127.255767583847 124.777774016062 127.80037522316 124.646186828613 123.238583405813 127.181241909663 135.941157738368 158.322046200434 168.453832467397 165.593385696411 161.288897196452 161.009093125661 167.894423007965 170.040627320608 161.63428624471 157.684147357941 154.500355323156 148.47856760025 140.163471301397 132.760127385457 134.574194749196 147.882223129272 147.26064602534 119.500050942103 112.656027078629 133.469184239705 156.418114900589 176.153957843781
3.49415652453899 3.83828456203143 5.74904369811217 7.46350487073263 4.8392458508412 11.7552950978279 17.4205005168915 24.7504735986392 37.4266703923543 48.7806399663289 59.5069626967112 71.8515018622081 78.5375734170278 80.1067103942235 84.6939484278361 91.2691652774811 90.9885366757711 86.6927007834117 75.6995975971222 74.935461084048 77.1482487519582 81.7061364650726 93.9832329750061 101.471990346909 108.311871687571 109.909643729528 116.111119588216 119.476457436879 123.328864574432 129.608025153478 135.143409172694 148.332854111989 150.112420320511 153.482516606649 159.208993117015 161.652346452077 161.41798098882 162.015388409297 155.55864572525 146.292865276337 142.416258653005 135.752062002818 135.834902524948 143.076072136561 147.558708985647 142.076204220454 131.656994422277 116.926650206248 121.703098217646 135.915040969849 155.167996883392 172.598799069723
10.1565184692542 4.47809044271708 1.31042674183846 0 0 2.21461399147908 9.07035979131857 15.1973341902097 18.9756328860919 23.0991840362549 33.6081137259801 48.0912625789642 54.2150636514028 61.1332207918167 64.9906694889069 71.4434136946996 73.972741762797 76.7097771167755 72.1666117509206 72.1584012111028 72.7286239465078 73.8598257303238 84.1873288154602 92.6441053549449 97.8375275929769 105.922569831212 107.457210620244 112.445553143819 117.81507730484 122.770994901657 130.041708548864 141.464471817017 138.955175876617 141.885360081991 140.375912189484 139.615714550018 138.982852300008 149.351378281911 141.388714313507 133.801728487015 133.503675460815 134.47246948878 142.30219523112 150.412956873576 150.252630313238 129.277775684992 108.854055404663 107.056299845378 115.98394314448 133.019695679347 159.288754065832 173.41681321462
32.0144270857175 16.8268109361331 5.70562419792016 0.202419119887054 0 0.95227756537497 3.71023205419381 10.1129511992137 14.6093318859736 14.843225479126 18.203808615605 23.565873503685 28.6546796560287 35.7494900623957 41.9413795073827 49.7464636961619 55.2136500676473 61.7924183607101 68.4753010670344 73.3504593372345 78.1763096650441 82.4459691842397 83.6259325345357 85.4671200116475 91.5725827217102 99.4599064191182 104.31761542956 109.507024288177 115.763942400614 117.802272240321 132.960379123688 138.043502966563 132.269114255905 130.958576997121 131.615340709686 132.760534683863 130.436927080154 126.837680737178 121.179987986883 134.01073217392 133.50905974706 133.202582597733 135.345727205276 139.759093523026 134.536772966385 110.413332780202 87.0691140492757 95.457802216212 111.287703116735 144.087900718053 164.371202389399 169.307847817739
48.4221577644348 31.7981044451396 19.1171492139498 8.78344165782134 1.98120235775908 1.09933456405997 0.931281363591552 6.36349432170391 10.029137134552 14.9554287393888 15.4653464754423 14.9372592568398 15.2021795511246 15.3008103370667 17.9285382231077 25.722973048687 33.9235862096151 46.6399987538656 62.0246032873789 72.402685880661 77.6852468649546 86.6983433564504 84.0587218602498 87.1571898460388 89.6057983239492 92.7427808443705 95.9880948066711 103.721141815186 109.203487634659 116.387496391932 127.573947111766 127.875427405039 122.511774301529 117.576132218043 119.083185990651 121.713171402613 120.321174462636 117.298980553945 113.878379265467 109.337617953618 109.731545050939 118.892709414164 125.085681676865 131.822715202967 130.26624917984 126.397709051768 132.44288166364 137.172351280848 145.315855741501 154.818375905355 159.05092159907 159.172872702281
60.4583074649175 45.7812895377477 31.745915611585 20.6453974048297 10.1461876183748 3.32631636410952 0.815509042392174 0 5.19871028761069 13.7122372786204 18.851471443971 18.9473169545333 17.7035965025425 15.5703462660313 12.2994221746922 14.6912311514219 21.529329319795 31.0105706254641 45.2792396148046 55.88232477506 68.1410133838654 77.7179797490438 82.2173058986664 84.9356849988302 87.571918964386 87.8804723421733 88.8387560844421 91.4171636104584 94.3767229715983 106.991151968638 115.370372931163 117.899547020594 111.455897490184 104.812254508336 103.60382994016 105.342328548431 110.923985640208 108.860234419505 107.594817876816 95.3666965166728 91.1907056967417 97.5860456625621 118.790626525879 131.626476844152 135.746667782466 141.194880008698 147.199441989263 150.199224551519 156.486699978511 155.276834964752 149.050652980804 146.688252687454
55.4086665312449 47.4423170089722 35.1631591717402 25.0196009874344 17.852025727431 11.1585731307666 2.9481283078591 0.321449149244775 4.02231545497974 7.73882741729418 13.0161717534065 18.7452907363574 21.6569453477859 22.4473128716151 20.5046956737836 18.7002395590146 18.1014363964399 21.0834642251333 27.40378677845 37.5119323531787 47.9648361603419 59.2168271541595 68.9674516518911 71.9741682211558 74.8205482959747 75.0541786352793 76.7140686511993 78.5397390524546 82.7186504999797 86.5418016910553 91.1895334720612 95.2576498190562 95.4357385635376 95.0806041558584 95.5223937829335 98.1815457344055 100.396325190862 103.344172239304 105.797290802002 99.4015336036682 100.377996762594 105.735123157501 110.690573851268 116.023679574331 127.956211566925 129.795809586843 131.428331136703 138.918608427048 147.94448018074 143.534471591314 135.799437761307 137.529800335566
36.5532586971919 30.3542365630468 25.6320784489314 20.9204231699308 17.3253913720449 8.26443110903104 6.36728356281916 6.95161397258441 4.2254626750946 1.49073793242375 4.00901151200136 11.759294817845 19.9357668558757 30.585673948129 31.8900893131892 29.2135899265607 25.2962708473206 22.3295936981837 22.8229537606239 25.2090493837992 29.8693627119064 35.8173126975695 43.5098459323247 50.5861888329188 59.5957636833191 62.3450626929601 63.5523249705633 66.4096176624298 67.2955264647802 70.9142982959747 69.1711008548737 67.3039505879084 70.8804130554199 79.1974167029063 88.0284110705058 90.0280276934306 92.4038986365 97.3379413286845 101.920108000437 108.41895143191 112.263212601344 111.348291238149 112.51034339269 109.980334838231 110.085984071096 128.934423128764 134.515315294266 138.832837343216 141.203512748082 140.127241611481 141.314645608266 138.815383116404
5.13634675492843 1.29197367156545 0 0 0 0 0.544936784232656 8.41132178902626 7.81972147524357 4.42829293509324 2.0490117991964 0 12.5450938940048 23.2360313336054 33.0990701913834 30.8971653381983 27.5822629531225 26.0107467571894 23.0228006839752 19.9422637621562 21.1712867021561 22.3041127125422 26.053619881471 35.0808501243591 44.9163268009822 51.2896925210953 52.92975405852 52.6307821273804 58.8426689306895 60.1492275794347 58.4422796964645 60.807928442955 62.0567450920741 58.262159427007 59.9910716215769 80.8365096648534 85.4490498701731 89.6432201067607 96.3209867477417 109.864393870036 110.30317346255 109.268605709076 105.473528305689 105.378409226735 104.423423608144 107.98575480779 114.9975558122 125.484784444173 133.451034625371 137.314220269521 138.976991176605 134.603788455327
0 0 0 0 0 0 0 0.383078857945899 10.9350656469663 9.77774088581403 5.31560803453128 1.70049583539367 3.07324156165123 11.289469897747 22.2913473844528 26.0964234670003 31.5208484729131 31.1294049024582 26.1311928431193 21.3167816400528 18.6932881673177 18.3392142256101 19.2197362581889 24.6432249744733 31.1646511157354 36.0035250584284 38.995087146759 42.5598522027334 44.9304729700089 48.5403339068095 49.7276534636815 48.212672273318 45.860101779302 48.3201344807943 47.4317620197932 44.8953956365585 53.374911348025 81.999142964681 88.6793931325277 99.8259782791138 106.734573841095 102.986723184586 97.7097451686859 93.817929426829 96.0345864295959 94.3443179130554 96.9560742378235 100.870817899704 103.000978628794 106.524924437205 131.734589735667 130.352218945821
0 0 0 0 0 0 0 0 3.06844214598338 11.2536710997423 12.9367808500926 8.35373625159264 1.48905410120885 0 8.82927204171816 20.2155771354834 29.1619971394539 32.9010114073753 32.233382264773 27.3258288701375 23.5115314523379 24.7556592027346 24.6756325165431 25.6306479374568 27.0114367206891 28.7807534138362 31.6569457451502 37.6462290684382 39.2476245760918 37.9812990625699 41.3714572787285 40.7557934522629 36.7778688669205 33.7157770991325 32.7171112100283 35.1711461941401 35.2077806989352 34.7193355361621 40.7558555404345 50.3917634487152 74.1975605487823 77.8951495885849 82.3368529478709 85.5602622032166 85.0524107615153 86.838165918986 82.6065540313721 81.1664561430613 84.3773384888967 88.4806513786316 89.9245043595632 95.255454381307
0 0 0 0 0 0 0 0 0 4.69978557278713 15.2744104464849 18.1843017538389 14.8382733265559 8.17430888613065 7.12851186593374 17.4343461791674 26.4915352066358 35.0945244232813 40.351557234923 38.1239925821622 32.6286926865578 32.6561455925306 31.3981473445892 31.7753404378891 32.8171278039614 33.5968136787415 34.9983721971512 41.0455862681071 40.4404004414876 34.413273135821 34.1753686467806 36.9514102737109 33.6782187223434 30.2359958489736 29.3046459555626 27.4769614140193 23.6803740262985 21.589050690333 19.3033354977767 17.6330568889777 28.5867700974147 37.7616211771965 38.4150991837184 47.9337920745214 55.6808809439341 67.6632424195607 68.0565436681112 66.2186940511068 64.2586449782054 65.5698676904043 69.681723912557 75.1032332579295
0.325013475958258 0 0 0 0 0 0 0 0 0 13.630349189043 27.3235738277435 32.8690235813459 27.3548985520999 17.7763427297274 16.7519152164459 19.1636607050896 27.7437840898832 38.9052977164586 45.2740291754405 46.0998316605886 43.2126820087433 42.2989179690679 40.1738335688909 39.3207520246506 39.8976529637972 39.9212514360746 40.1699890693029 41.8385167916616 36.1117447415988 32.3508828878403 31.9153914848963 30.5952330430349 26.6778568426768 25.1039564609528 22.5482508540154 17.0889173944791 13.955673823754 12.8745983044306 11.1948028206825 8.62236010531584 11.4647559821606 18.7928341329098 25.5821049213409 33.7554340561231 39.4773334264755 49.0791747967402 56.4733992020289 55.1830331484477 53.9193054040273 56.9091538588206 60.8047197262446
0.930617408206066 0 0 0 0 0 0 0 0 0 3.01965232938528 21.1039756735166 33.5884094238281 42.3582394917806 32.2113931179047 18.7747739255428 14.9788844088713 16.3719331224759 25.8799716830254 40.574312210083 49.9322762091955 49.3931372960409 51.7374724149704 47.1177597840627 45.2060997486115 45.9183355172475 46.2544858455658 43.4621870517731 41.8162693579992 42.1147694190343 35.5386932690938 31.983936826388 26.668481528759 20.6975365678469 18.0901313821475 13.8487741351128 10.9471206863721 7.88886472582817 6.088654200236 4.46048937737942 2.72418496509393 1.48405864213904 3.0795739342769 6.42078990737597 17.2814962764581 27.5913129250209 35.8808686335882 41.5310213963191 47.4533389012019 48.7542053063711 50.3672262032827 55.9119631846746
0.485427173164984 0 0 0 0 0 0 0 0 0.000845401852226738 0 14.495794971784 30.8492705225945 41.7033682266871 40.3389384349187 36.2046038111051 30.7264452179273 24.4962324698766 19.5582409699758 25.4129245877266 42.2587891419729 53.0979732672373 56.7310849825541 53.7318636973699 49.8756567637126 50.8593221505483 52.7830322583516 51.5958368778229 48.8022665182749 46.3103751341502 44.2936023076375 32.9556788007418 25.7637401421865 18.9529421428839 13.8892208536466 10.367094228665 7.57940982778867 4.70767822116613 3.5747941583395 1.75667988757292 0.442084157839417 0.0102873200376052 7.2962251055723e-07 0 3.9884177967906 12.5725318988164 22.938571870327 26.5958458185196 30.2424480517705 43.0151671171188 44.1773583491643 50.453911225001
0.123212288599461 0 0 0 0 0 0 0 0.169394673624386 0.327204703353345 0.312916662854453 8.68807919323444 18.6187103390694 28.7660484512647 44.1264708836873 48.6225386460622 47.2972442706426 40.1384904980659 29.6076635519664 21.6165234645208 27.8246626257896 44.3714956442515 52.1500607331594 55.6852867205938 58.0394814411799 59.1741502285004 61.8878602981567 61.8073840936025 58.2881172498067 53.7705173095067 43.4173047542572 33.4094886978467 27.3778786261876 18.9275244871775 12.2892906268438 10.0838392972946 6.25464196006457 2.71256982038418 1.14108226262033 0.161762271697323 0.000669321631600421 0 0 0 0 4.23778096834819 4.8392778262496 9.89566122492154 16.9130663077037 23.5420763492584 27.7506361405055 37.2424076000849
0.139541177001471 0.15906878009749 0 0 0 0 0 0.400804914534092 1.094625176241 5.30848527948062 9.85129798452059 11.6509857277075 15.5931711196899 22.2957556446393 31.3285167018573 41.7707065741221 46.6714799404144 49.7154891490936 46.5707977612813 36.1877034107844 24.6146370967229 33.7485273679098 40.9563854336739 49.6795276800791 59.3725542227427 63.3833309014638 66.7814115683238 66.2953307231267 57.7900310357412 56.414340933164 45.4567074775696 35.9850848714511 23.5041454434395 16.9562324881554 10.2992368241151 5.65474480390549 2.24193061391513 0.504228713301321 0.0199831192730926 0 0 0 0 0 0 0 0 0 5.69886590043704 7.89318109552066 13.8657093048096 17.2357559204102
0.101074566676592 0 0 0 0 0 0.00679194696810252 0.85150683298707 1.31562662621339 1.32451097791394 2.73560484250387 8.33663654824098 9.20908463497957 13.8407026727994 20.8198664089044 33.2751497626305 40.8420165379842 44.6074952681859 47.7364957332611 49.267590045929 41.2717933456103 33.5363745689392 35.5416884024938 42.4820135037104 50.8707116047541 58.5528661807378 65.2435521284739 67.3712342977524 58.1177373727163 49.7009654839834 46.4706569910049 35.1419001817703 23.0492055416107 15.5639424920082 7.90019705891609 3.00221921255191 0.50250922019283 0 0 0 0 0 0 0 0 0 0 0 0 1.45992388327916 3.02039862920841 4.70702846844991
0.807559272895257 0 0 0 0 0.00424020648400377 0 0.775435784210761 1.715955324471 1.71676541989048 1.2473869137466 0.544157500068347 3.13040924568971 5.29411683479945 10.1671485851208 19.3188687165578 27.6070286830266 33.5471779108047 40.6501765052477 51.6078223784765 56.2121470769246 47.8868087132772 46.8285381793976 48.7795770168304 50.9863495826721 52.010307709376 54.9564063549042 59.7407619158427 56.3553472359975 45.4151978095373 35.1514170567195 26.3578941424688 15.9141793847084 8.27721878886223 1.80585651348035 0 0 0 0 0 0 0 0 0 0 0 0 0 0 0 0 0
7.47353086868922 2.63593221704165 0 0 0 0 0.456887374942501 2.06233157465855 2.36993531386058 1.89964193850756 1.15079510336121 0.482793276508649 0.761390818903844 0 3.89555003494024 12.04938814044 21.8997473518054 28.566134472688 35.2464045087496 45.2818324168523 51.8652151028315 62.8933012485504 66.9762144486109 64.8444245258967 59.698889652888 51.810085773468 47.0889508724213 42.5443450609843 51.0757813851039 39.6343817313512 24.4277169307073 13.5776673754056 5.95440963904063 0.46036842589577 0 0 0 0 0 0 0 0 0 0 0 0 0 0 0 0 0 0
30.5516744653384 24.8009363810221 6.85859595735868 0.994249557455381 0.00536118022864684 0.0624612051372727 2.61921000977357 2.97307409346104 2.32906561965744 2.28758947923779 1.18122474911312 3.27734493960937 6.24049144486586 4.97408459583918 5.86265573898951 9.90813970565796 18.0510853727659 25.1848002274831 29.6187549829483 31.567541261514 36.1322288711866 47.9296942551931 57.4616094430288 61.4287803570429 60.1943880319595 55.1086962223053 48.9750057458878 41.8749004602432 35.0056489308675 28.3722653985023 12.4817490577698 3.10984843720992 0 0 0 0 0 0 0 0 0 0 0 0 0 0 0 0 0 0 0 0
