input/barkrak2/radiation/dir33524.grid
NCOLS 85 
NROWS 70 
XLLCORNER 665100 
YLLCORNER 4664600 
CELLSIZE 20 
NODATA_value -9999 
[rows 0 to 22 of 70, columns 0 to 51 of 85]
51.354135076204898 65.4537032047908 77.2821406523387 90.1447236537933 97.7487464745839 102.591743071874 108.947565158208 118.18132797877 124.425252278646 127.566913763682 128.33238641421 124.555031458537 120.204458634059 120.896180470785 120.960245529811 108.212967713674 94.7537620862325 85.9009822209676 84.2799643675486 86.5523517131805 93.2695269584656 110.533803701401 125.879794359207 128.43378384908 131.547033786774 139.688750108083 138.466705878576 137.118369340897 129.070997238159 130.632172028224 130.732884009679 150.747358798981 181.590676307678 174.422363440196 173.638860384623 167.685687541962 171.48745059967 178.97367477417 173.633873462677 175.449629624685 175.030589103699 183.209260304769 191.965023676554 185.480376084646 174.097339312236 180.685798327128 186.107973257701 140.403985977173 97.3132948080699 93.3993458747864 114.500989516576 155.070702234904
34.1887200872103 44.3730652332306 54.4947733481725 62.0011140902837 72.6433346668879 79.8773765563965 90.8115108807882 98.2365707556407 110.226253668467 118.575662374496 132.135530312856 127.545217672984 122.499724229177 122.565120458603 120.991080999374 108.930796384811 101.177235444387 93.3156907558441 90.7725294431051 87.9564384619395 100.670367479324 123.678823312124 139.427443345388 137.398272752762 139.988660812378 144.436597824097 139.688442150752 133.377552032471 134.956707557042 135.555058717728 136.766016483307 159.455994764964 181.150635083516 177.090088526408 172.160188357035 168.302814165751 173.630217711131 177.593807379405 172.540406386058 170.552512009939 171.555638313293 174.798130989075 174.163480599721 163.63118092219 162.605712811152 177.256325880686 178.133388360341 132.477889458338 104.581415653229 114.244341850281 142.007648944855 176.236748695374
13.4257276852926 17.5695940852165 24.9600261449814 29.0547211964925 36.725660165151 45.5342233181 54.4424752394358 68.2404190301895 80.295870701472 87.6586735248566 97.139577070872 109.457751115163 120.306750138601 130.106250445048 132.656107346217 132.807364066442 129.108051458995 119.078983863195 103.76051068306 98.6688435077667 109.375904003779 125.484049320221 137.243131796519 139.696379502614 141.557614008586 138.920803864797 137.415299812953 133.992214997609 132.303426663081 141.176164150238 151.826163132985 168.215215206146 178.621868292491 175.785005092621 171.507875124613 171.088000138601 178.006291389465 180.186490217845 174.485425154368 170.198619365692 164.600898822149 158.303797245026 149.573693672816 144.436866044998 148.608018954595 163.458536068598 160.383145014445 126.240839560827 122.087160746257 141.434907913208 165.443549553553 185.108800729116
5.20396543045839 6.57111157973607 8.18992033600807 9.8883422712485 10.8397416770458 15.3541875382264 22.2213392456373 33.6809704701106 46.6920087734858 56.3818911711375 69.1385020812352 82.3861062526703 93.1567748387655 97.2781380017598 103.730281194051 109.863330920537 103.873421748479 99.5496312777201 90.3220375378927 87.638795375824 90.1984572410583 95.5283641815186 110.104540983836 119.481086730957 124.877134958903 126.354356606801 129.38713033994 130.601654450099 133.906573057175 139.120638370514 149.935195843379 171.957274278005 174.750030040741 174.549003442129 171.701550483704 171.867370605469 174.160997072856 174.812575181325 165.79928000768 156.343221664429 152.235557635625 146.509408950806 145.041088263194 154.195070266724 159.69780087471 156.093994776408 144.866605599721 123.69379401207 130.957265694936 144.277493158976 163.818220297496 181.507229804993
12.6018126805623 7.24970921874046 3.09570382038752 0 0 4.16580028831959 14.4581459462643 20.8983967701594 27.8585727016131 31.5891901652018 41.7851308981578 55.3139249483744 67.8079624970754 73.0555554231008 78.8215647141139 82.2890847921371 83.285133043925 80.3864399592082 79.9612502257029 79.6780337889989 80.8326105276744 81.362118323644 92.2552545865377 101.017415523529 108.325143655141 116.510311762492 123.519957065582 124.854981899261 130.850205818812 132.608622312546 140.182753403982 154.658099015554 152.245501677195 158.186227083206 166.963259379069 165.641407171885 162.243982156118 159.598529338837 151.37725075086 143.553713957469 144.858807325363 145.613571008046 151.974707841873 160.357604424159 160.312155882517 138.869782288869 115.526845057805 113.876303037008 124.777873357137 143.124242623647 170.112709204356 183.542092641195
35.8531673749288 20.4570566614469 9.02489634851615 1.55437272042036 0.404918837981919 2.41670974840721 7.8952976812919 15.1690952479839 19.2268192768097 20.9224472443263 24.588905274868 31.2899500131607 36.1655602852503 41.3069178660711 46.1931924025218 52.8065115213394 59.7037275632223 66.3777887821198 74.7226973374685 80.9012552102407 85.917999347051 90.9158488114675 89.9663170178731 93.6676263809204 101.928810278575 108.208398024241 113.178908824921 122.182389100393 126.674403746923 132.332056760788 141.49342974027 148.82771174113 139.639089504878 141.652405261993 145.044167836507 145.96829811732 155.31180302302 150.99557240804 143.570760885874 143.841008345286 143.269826968511 144.58754658699 146.803776423136 149.559160073598 144.086519877116 117.162605126699 93.8197275002797 103.919595479965 122.010042270025 157.458305358887 183.60443909963 186.61900361379
53.1480709711711 35.6807038187981 22.6617803176244 12.4545469880104 4.66484731684128 2.23801316072543 3.83459000537793 8.37367897232374 15.6670982638995 20.3134541710218 20.2159744997819 20.4367736975352 18.9895331859589 19.4602136810621 22.3619590202967 30.8468441168467 39.7692869106928 52.7151077985764 66.9054041306178 77.7146170536677 87.3343944549561 93.0443108081818 92.2273099422455 91.6588604450226 97.972293694814 101.264248291651 104.660799105962 110.80993215243 120.090325673421 127.716600894928 139.746983846029 140.607913335164 132.212817668915 126.311550537745 126.142829656601 128.922492265701 130.001068115234 129.20023004214 135.353217522303 131.725450356801 127.52569715182 128.122101227442 134.50746734937 141.441841920217 139.542768398921 135.248452425003 141.707082589467 146.771093209585 157.078454891841 171.71323299408 176.246702671051 177.874525388082
65.822646021843 50.389568010966 37.1721734603246 26.3447985053062 16.5161142746607 5.2367194245259 2.56777849669258 0 7.73762166500092 16.544741888841 20.9144080678622 21.1016908288002 20.0287165741126 19.8065961400668 15.5658076206843 18.4731508294741 25.4226177930832 34.9368179837863 47.1934725840886 62.6601427793503 75.564702351888 87.2517228126526 92.2944943110148 93.1284626324971 94.0197110176086 94.354659318924 97.2200632095337 99.9044875303904 105.404098828634 116.059720516205 129.576524098714 130.03999988238 119.838178157806 116.390804449717 112.729330857595 114.504853884379 117.353657881419 117.648392915726 116.424153248469 111.347297827403 109.961857398351 116.45785967509 130.135158697764 141.476104656855 145.503282546997 152.74045864741 159.144143263499 160.142421722412 164.304176966349 163.031836350759 159.251769383748 160.907248655955
60.5860153834025 52.1404345830282 41.0539507865906 29.9633890390396 22.1151759227117 16.3679197430611 5.85380320747693 1.59905198961496 5.93189150094986 11.344118664662 16.8525502085686 20.8716442187627 23.9730626344681 24.8982558647792 22.3004023234049 21.3258887330691 21.1196690797806 24.7775589426359 31.5246060490608 43.1261708339055 54.2566776275635 67.5655603408813 77.9575208822886 79.0687104066213 82.4767202138901 82.7638208866119 84.4087898731232 86.47620677948 89.0399316946665 97.0390439033508 104.242046674093 106.207142273585 106.253683567047 105.90335726738 106.425881385803 109.219819307327 108.804066975911 112.425555785497 114.834358294805 109.864890575409 115.355958541234 130.699694156647 137.745201587677 140.783468882243 139.712125062943 139.372487862905 142.925401528676 150.966246922811 158.046434322993 153.619627157847 147.857904434204 147.472321987152
42.2779619693756 37.3935550451279 32.4081505338351 25.5581364035606 20.0200142959754 12.6053529481093 12.876662115256 9.91801048318545 6.49659646054109 4.19895940770706 7.34357287486394 15.4896130164464 25.9201352794965 33.315397799015 36.1806079745293 34.6410473187765 28.5072575012843 26.8383845686913 26.7630269130071 29.2983427643776 34.935121734937 41.2623931964239 49.4111329317093 56.8903436263402 66.4156625668208 69.2280232906342 71.9729661941528 72.310949365298 74.6446599562963 76.8402914206187 74.964056412379 78.5019149382909 90.1423792044322 91.3194914658864 97.7130432923635 99.9258458614349 98.6196299393972 103.764514128367 108.909418185552 117.492775122325 119.275828202566 121.039172013601 125.122447808584 140.613506237666 138.230184713999 138.522148132324 144.408404827118 151.430716117223 153.729756673177 152.366032203039 151.397844155629 148.877014716466
7.28485609094302 6.25930540263653 3.91116148481766 0 0 0 3.63674014806747 11.6278094549974 10.8269726236661 7.12560241421064 4.33712049076955 4.93263639509678 16.3494745890299 29.521773258845 35.9065880378087 35.2059453725815 34.0144236882528 30.150905251503 26.8767401576042 24.2805431286494 24.4951223333677 26.394322514534 30.0408204396566 40.4511640469233 50.6169696648916 57.4601292610168 58.371623357137 60.2584431568782 63.4349683920542 64.7416710853577 66.170002023379 65.4469827810923 70.6562499205271 72.9886690775553 87.1875584125519 89.012881120046 95.1826572418213 97.8745420773824 105.258117119471 119.196832180023 122.76632587115 118.865609169006 117.97179778417 114.959279696147 116.74557129542 138.163646062215 146.615554889043 146.789819002151 146.065612634023 149.976233641307 151.688575744629 149.50958887736
0 0 0 0 0 0 0 4.33186690012614 13.4122148156166 11.3651280601819 8.61315801739693 4.21520633002122 5.73379173874855 13.827965905269 25.0047594308853 28.9890815814336 34.0316146612167 34.4512139757474 29.4219528635343 25.2990573644638 22.4437440435092 21.7289179563522 22.4621072411537 28.7933275103569 35.0348502397537 41.2308822075526 44.6589936812719 46.8384722868601 52.2096306085587 52.9217918713888 52.7354031801224 56.1527212460836 55.6221306324005 52.5471717119217 51.6518652439117 63.3480846881866 82.50925441583 92.321256796519 97.0878799756368 108.908275763194 113.618304332097 109.625955422719 104.274024566015 102.953672409058 105.251322189967 106.06304804484 108.963847160339 129.027386506399 134.993682305018 139.074136813482 141.751239697138 140.292386213938
0 0 0 0 0 0 0 0 6.24811835587025 14.8938919107119 14.4070399304231 10.4335223635038 3.67966604729493 2.94041074812412 11.9700903693835 24.913027882576 35.2626492579778 37.3717347780863 34.9578857421875 31.5969238678614 27.449111143748 28.3528218666712 28.7617842356364 29.9729779362679 32.3803176482519 33.8183318575223 37.4087641636531 41.8875863154729 42.6145195960999 44.0386235713959 45.6558416287104 44.8992947737376 40.6749993562698 42.0511613289515 40.8549060424169 38.8525649905205 45.5647011597951 56.0231953859329 77.068696419398 87.7077678839366 94.1771467526754 93.1976437568665 93.1453506151835 94.2746897538503 93.7707225481669 95.6362287203471 93.7123397986094 92.4444397290548 95.9346195062001 112.970431645711 125.07551908493 126.794368028641
0 0 0 0 0 0 0 0 0 5.74514580269655 17.1187495191892 20.2959155042966 17.2996620337168 10.7959285378456 10.3659145534039 21.0456028580666 30.6711345911026 38.4613548715909 45.2070931593577 44.0491189559301 37.8831302126249 37.2665276130041 35.999688009421 37.0501031478246 38.125808040301 38.2856850822767 40.516475836436 45.4954405625661 44.7321385145187 38.9567861954371 41.6791488726934 41.4217710494995 37.8270546595256 34.0741723775864 32.7395225564639 35.5759213368098 31.5577114621798 30.9985155860583 37.2390548388163 39.4907121857007 52.8174688418706 61.471293369929 68.6868528525035 72.942391037941 76.3277312119802 85.4248503843943 86.2681667009989 79.7533442576726 78.7901182969411 80.5822064479192 83.9189986387889 102.520277102788
1.23839716737469 0 0 0 0 0 0 0 0 0.0865553156472743 15.598742912213 28.9597287774086 35.5687340100606 31.0275107622147 21.3828211029371 19.3352128068606 21.7588444550832 30.2949994802475 41.3050775726636 48.9447712898254 49.9933113654455 47.18878865242 46.2974359591802 44.3297475576401 44.2440509796143 45.661985874176 44.9251979589462 48.139085372289 46.9462176163991 39.9455279111862 36.6232544183731 39.1929199298223 35.5532765388489 30.2834759155909 28.4933572014173 25.6587291757266 20.9007536371549 17.5030293564002 16.3298075397809 18.6181130508582 24.2321367065112 29.5216143131256 33.8307544589043 38.2572362820307 43.8764840364456 52.8168777624766 64.4956678152084 71.0184077421824 68.4491296609243 65.1109218597412 69.9115345875422 75.022632877032
1.87796819955111 0 0 0 0 0 0 0 0 0.0857800284090142 4.21349766353766 27.6333416501681 43.3214108149211 45.470063885053 35.3209326664607 22.3111460606257 17.7423755327861 19.2140340805054 29.3840418259303 45.4217692216237 56.2876164913177 54.6788374582926 56.0331443945567 53.3352891604106 49.6103862921397 52.0654221375783 52.8207967678706 48.5405375560125 49.7844864924749 46.5924789508184 39.6147817373276 36.0641206304232 31.2990521391233 27.3217931389809 23.1308812896411 20.7354488472144 15.0575811664263 11.3663946588834 10.2241523563862 7.34375541408857 9.57890972495079 14.2339343825976 17.8193921844165 20.8922773599625 29.3592239419619 34.7465549906095 43.959508339564 52.1935075521469 56.2519530455271 57.2712222735087 58.8545948266983 64.6554082632065
1.09071269010504 0 0 0 0 0 0 0 0 0.158048991579562 0.321834406349808 16.6967213153839 32.5454274813334 44.6445643901825 46.8396792809168 40.850393474102 35.1085513830185 28.0071124434471 23.418997724851 29.0112569928169 46.2310910224915 57.2961668173472 61.0848913590113 59.2031627893448 56.2423169612885 56.2680761019389 58.669239282608 57.0493241151174 53.9995531241099 57.4454367160797 47.7314740419388 37.0679224530856 29.121403892835 21.7993631958961 16.2888914346695 13.3585073053837 10.0932953258355 6.68732325236003 4.67037005970875 3.39629439016183 1.85733164350192 5.56817837059498 7.46903444329898 11.41557097435 19.3793239692847 28.776024778684 35.232034822305 39.5854363838832 45.7363476355871 49.236406882604 54.9797763427099 60.984934369723
0.430393459585806 0 0 0 0 0 0 0 0.487180814767877 0.479320607458552 2.74155754595995 10.79011708498 22.8402788440386 38.6180803179741 49.0921884775162 53.7775754928589 52.4010558923086 44.6588546037674 33.2626278201739 25.3293886780739 32.1729059020678 50.3739813963572 57.5865805149078 60.1346294085185 62.7466340859731 63.9575074116389 67.6566610733668 68.9164002736409 63.8398577769597 56.8163196245829 49.5082040627797 42.8106387456258 32.1240797638893 21.8764121333758 15.5521010359128 12.9981723924478 7.797638575236 4.6797984590133 2.46401379505793 0.659219299753507 0.0422718682481597 0 3.68586244682471 6.2215905636549 12.6528019706408 16.9056182106336 22.379366060098 24.4407405455907 28.7122329076131 32.4482346574465 37.3330439130465 49.3490348259608
0.490794385162493 0.58284867554903 0.141641513134042 0 0 0 0 0.829952303320169 1.32272733996312 7.63887725770473 13.1493782003721 13.7851138909658 20.3815065324306 26.3109753529231 37.6019030809402 51.5762319167455 54.4787148634593 54.975355664889 51.6993850469589 40.9279192487399 29.2156785726547 38.4463866551717 45.9795792897542 55.0375481446584 65.1019910971324 69.1707630952199 71.9218949476878 69.6795483430227 68.8981612523397 61.7480327685674 50.1813292503357 40.1183689634005 32.4004640181859 19.665668408076 15.358400841554 11.0739668210347 5.00050590684017 1.55343829343716 0.168423148958633 0 0 0 0 2.05598150690397 3.23363703986009 8.12988231579463 11.8107981979847 14.7026603420575 16.8381631374359 24.8466357588768 28.7818188468615 33.4674517313639
0.448282846870522 0.116247470335414 0.3426296558852 0 0 0.0185229121901405 0.165278169636925 1.42485415562987 2.08430333683888 2.27070894713203 12.3670324683189 13.1031734248002 13.5102358957132 16.1742940545082 23.7035353978475 35.7675602038701 43.4686640898387 48.2619752486547 52.5291661421458 53.4177869558334 47.2145974636078 38.217564423879 39.8042052984238 46.8729635079702 57.3688944180807 64.917395512263 71.0903505484263 71.6892232497533 62.9022767146428 54.0821452935537 50.8381476004918 38.9163171251615 26.0827069481214 19.2962760726611 9.61330657203992 4.65250511964162 1.1586492570738 0.0244269758695737 0 0 0 0 0 0 0 2.42223000774781 3.73029584685961 6.4451452344656 12.8466486930847 15.6029475231965 15.999011695385 15.0701676805814
1.67574516187112 0.0497621270672729 0 0 0 0.189144785205523 0.128172454424202 1.30809595187505 1.9708185767134 1.94859551265836 2.15372396633029 7.89693680902322 7.51312387486299 8.60019400715828 12.5743510822455 23.3491659164429 32.8973631064097 38.1746217608452 45.624961455663 55.8203011751175 60.603603720665 53.3306698004405 52.0673890908559 55.1937073469162 55.7227383057276 57.3625365893046 61.7485245068868 65.4866596062978 60.274804631869 50.1166085402171 39.2111738522848 29.6756128470103 19.6696296334267 10.9698896606763 3.04682614902655 0 0 0 0 0 0 0 0 0 0 0 0 1.23493264739712 3.92983698596557 6.52555003762245 5.16989889244239 5.99721074104309
9.83071699738503 4.26657435794671 0 0 0 0 0.777308751518528 2.91645899415016 3.36232191572587 2.87853367626667 1.9981845592459 1.15100170175234 5.24598794678847 1.4755066173772 7.63687180976073 16.1932868262132 24.8621304829915 32.4584146340688 38.3627166350683 50.3986825545629 58.4220737218857 67.5755242506663 71.8374252319336 70.6201543410619 65.3790533542633 56.6719820102056 52.9991090297699 55.1326423883438 56.3111752271652 43.7216262022654 27.5380462408066 17.0033896962802 10.1915945609411 1.31319308032592 0 0 0 0 0 0 0 0 0 0 0 0 0 0 0 0 1.03810157937308 0
35.3657156229019 29.3935388326645 10.7567931214968 4.36795316636562 2.062295563519 0.62606999805818 3.62863453725974 4.04026824980974 3.29943249622981 2.57007280985514 2.75705444316069 8.75017419457436 8.70708934962749 7.72983518739541 8.51179348925749 12.7432060738405 20.7186937332153 28.8402860363324 34.118764102459 36.1190115412076 39.5098055402438 53.1336267789205 62.1932943662008 67.6668584346771 67.2030846277873 60.6943716605504 54.3825030326843 46.731357773145 50.2596398194631 31.8734422326088 15.690998484691 4.72361190865437 0 0 0 0 0 0 0 0 0 0 0 0 0 0 0 0 0 0 0 0
