input/barkrak2/radiation/dir34124.grid
NCOLS 85 
NROWS 70 
XLLCORNER 665100 
YLLCORNER 4664600 
CELLSIZE 20 
NODATA_value -9999 
[rows 0 to 22 of 70, columns 0 to 51 of 85]
45.947109659512797 57.5511952241262 68.8947190841039 82.3009957869848 92.9037630558014 95.0290064016978 94.7944124539693 99.7231801350911 119.029372930527 122.115870316823 122.891287008921 120.636651913325 116.354256868362 115.512112776438 115.559836228689 101.382791996002 89.8725787798564 81.2204827864965 79.6329875787099 81.159974137942 88.254988193512 104.914446671804 121.887574593226 122.994244098663 126.069237788518 134.041090806325 130.962083737055 126.582692066828 124.996721744537 126.588483651479 124.785155057907 144.77409919103 175.698081652323 168.637533982595 167.710185050964 161.96929415067 165.736705064774 170.831759770711 167.846182982127 167.296806971232 166.259636481603 177.54058043162 182.072758674622 174.969335397085 165.656904379527 174.912015597026 181.478142738342 136.580278476079 93.1771596272786 89.314877986908 109.964470068614 149.824678897858
29.5759613315264 42.3527359962463 49.1940428813299 56.6602150599162 65.8077001571655 73.2628802458445 77.7689516544342 89.4106030464172 94.0735042095184 99.4308193524679 104.255646467209 122.09830681483 117.094029982885 117.149432500203 117.225229740143 103.742520014445 96.1462358633677 88.4598791599274 85.9759350617727 83.2784324884415 95.852792263031 118.478020032247 130.47981262207 131.80089990298 134.34245189031 138.709594806035 134.033391873042 127.917110919952 124.257475137711 130.597651004791 131.82199994723 152.759581804276 172.971268494924 168.715755144755 166.241327921549 162.54194577535 167.835652828217 171.707669893901 166.761100292206 164.636592070262 163.752893606822 167.099833488464 165.098478396734 157.863517602285 152.638703584671 167.142927646637 170.758148034414 128.400802612305 100.458274284999 109.82483625412 137.073536713918 170.062184333801
11.0122958819071 14.6459403137366 21.0830221573512 25.9436716636022 31.1423043409983 38.4572272499402 48.0244805415471 63.4138534466426 71.1889366308848 80.7129641373952 84.6084455649058 92.3686623573303 100.179930528005 102.320641279221 107.10542400678 126.757383346558 117.424150307973 105.11976480484 89.9348855018616 85.1557354132334 95.5808361371358 113.805552323659 125.58846672376 132.219403982162 133.904169003169 135.226120551427 131.823082764943 128.541171550751 127.006073792775 130.931248267492 146.56263589859 162.47237722079 172.791461149851 169.938663641612 165.605048338572 165.251652399699 172.174910704295 174.371878306071 168.651183446248 162.018110354741 158.748497565587 152.585963408152 144.063969453176 136.646886666616 138.622025648753 155.855447053909 151.339739561081 122.120360533396 116.517732540766 136.683921019236 160.10856628418 179.263631502787
4.34962504853805 4.61263954639435 6.97662308812141 7.61920462052027 7.52648338675499 12.6535582045714 18.2757849494616 26.5332957108815 41.9517705837886 52.1148095528285 62.0249807834625 76.1200189590454 83.4637979666392 87.6039365927378 89.9351835250854 102.087994416555 97.2649057706197 91.9188757737478 80.6987831989924 77.3334354162216 79.4979731241862 83.8719407717387 99.7850298881531 107.301652431488 115.48513174057 118.065814177195 120.080361763636 125.114182631175 127.815922101339 133.56015086174 139.140903949738 159.780959288279 166.192591190338 166.128615538279 165.826300779978 165.978729724884 165.770530700684 166.370610396067 159.897933403651 150.514662265778 146.520634492238 139.662136634191 139.646212259928 147.095888853073 151.813079913457 146.29848798116 135.590394337972 119.564831256866 125.630567471186 139.303634564082 158.373653888702 175.624827543894
11.4718948801359 4.96633940686782 2.42501450702548 0 0 3.20768542587757 11.2359151244164 18.2984905938307 22.5514496366183 26.7985587318738 38.2183790206909 50.1820842425028 58.5988114277522 62.6289000113805 69.7155147790909 78.8382987181346 77.7950286865234 77.6938498020172 75.5224873622258 77.0032505194346 74.654628833135 77.1821488936742 85.8764251073201 94.6025749047597 103.531142075857 107.903291781743 111.396094163259 118.226150671641 124.508202075958 126.698652903239 132.134685913722 145.977675914764 143.248975276947 146.538635094961 147.88548151652 154.829343159993 156.299034754435 153.713484605153 145.580510298411 137.878606716792 137.549936771393 138.46896092097 146.338144938151 154.586950937907 154.481490453084 133.26766093572 111.444274584452 109.730025132497 119.777510563533 136.965463558833 164.509187142054 177.626053492228
34.2202857136726 18.4507668018341 6.79169222712517 0.567139436801275 0.0291458879170629 1.42706278711557 4.89370586971442 12.5111254553 15.9713998436928 16.0812313357989 21.0649197300275 27.3845940828323 32.523475587368 38.2500141859055 44.6103910605113 51.3125558694204 56.9099088509878 62.6599490642548 69.4055557250977 76.7559359471003 83.1869741280874 86.4861210187276 87.230920791626 89.1047517458598 95.3067441781362 103.330165147781 108.236531416575 113.461673259735 119.659235080083 125.285396973292 134.892781575521 142.406165599823 133.477260669072 136.037747065226 135.936180750529 137.065986792246 134.723375240962 133.474618196487 137.745807568232 138.104567925135 137.595355510712 137.246340513229 139.409989118576 143.858244021734 138.513823350271 113.042225440343 89.7353291511536 98.1361071268717 115.613460540771 149.374594291051 172.745982805888 178.796172142029
49.3758469820023 32.6299419005712 19.8003823558489 10.091586659352 3.06666331986586 1.54873356223106 2.04090494662523 7.06223398447037 12.4712785085042 16.4540559053421 17.0322358608246 16.4583871761958 16.3805757959684 16.4898609121641 19.2002132534981 27.728778620561 36.7930283149083 51.0539611180623 61.7107649644216 71.9419072071711 81.2438428401947 90.3646151224772 89.5126064618429 87.1385832627614 93.3128992716471 96.5088407198588 99.8254319032033 107.644110918045 113.166739543279 120.452930529912 130.42006889979 133.94350806872 126.745561758677 124.381919701894 123.261839151382 123.44832221667 124.483168125153 121.395448843638 117.902646462123 117.260992527008 120.594729979833 121.261010567347 127.418478329976 135.836442311605 134.121735890706 130.053768555323 136.281629403432 141.16766055425 149.483313163122 159.151842196782 168.112854162852 167.539914449056
61.541626850764 46.6482937335968 34.0115775664647 21.1567431688309 12.930616736412 4.15226755042871 1.64011788244049 0 7.26182758808136 15.1826764146487 18.8141067822774 19.5069288214048 17.9451145231724 16.3012196620305 12.9428940514723 15.6521101792653 22.1172471841176 32.1020831664403 46.4520206054052 58.8966111342112 69.4326013326645 81.241379181544 89.9836321671804 88.584840297699 89.3676380316416 89.7278587023417 92.5262868404388 95.1544841130574 100.568652153015 109.416931867599 118.088334798813 120.856205622355 114.497770865758 111.147145430247 107.532074054082 109.268387158712 112.69340912501 112.337311108907 111.14897330602 98.8415976365407 96.2244868278503 109.754184881846 124.589006106059 135.760674873988 139.834821224213 145.268340905507 153.433372577031 154.38985824585 160.765747229258 159.617265065511 153.368731339773 150.930980841319
58.4076742331187 48.2906798521678 37.6361931363742 28.7276953458786 19.6339165170987 14.1463279724121 4.7218594700098 0.678826511527101 4.97736533482869 10.1063915838798 14.9451916416486 19.2714892327785 23.4600206216176 24.2899705966314 20.9730391701063 19.7423721353213 19.8472614089648 22.9664693276087 29.6687260270119 39.94320333004 50.7207612196604 60.5806509653727 72.2764035065969 75.2984384695689 78.2008022069931 78.4404675165812 81.6133419672648 82.0094347000122 84.4983458518982 88.1478587786357 92.7489499251048 101.21613740921 99.2270807425181 98.8558828830719 99.3113021055857 104.078561067581 103.663782278697 107.216248909632 107.696205377579 104.732145865758 104.210654894511 109.715779622396 124.712059895198 132.745703061422 132.04883535703 131.96270664533 135.47690709432 143.103967110316 152.215619881948 147.790749867757 139.988203843435 141.70910914739
37.5506728887558 35.7905502120654 27.7471070488294 22.8636115789413 17.6388422648112 10.7336714863777 9.47472639381886 8.83704796433449 4.86648144821326 2.42212135344744 4.84496355056763 12.8169320523739 23.5524276892344 30.6434035301208 34.1270044445992 31.8089673916499 26.4189591010412 25.0060533483823 24.0340456366539 26.5911569197973 31.2952622771263 38.1518254677455 46.0617393255234 54.6981046597163 62.5651627779007 65.2720580498378 67.9019788901011 68.2172526915868 69.0134664376577 74.2103258768717 70.6848452488581 72.4230706691742 80.0756911436717 86.5882337093353 91.663936773936 93.7068661053975 94.2230423291524 98.6932118733724 105.730752150218 110.015759865443 113.755106925964 115.47593275706 116.652538379033 116.901745398839 119.045466184616 132.950186729431 138.681302467982 143.120388189952 145.483096440633 144.345462322235 145.575155814489 143.063644568125
5.98882511258125 2.9180853938063 0.62795530539006 0 0 0 0.60305476654321 9.04692399005095 8.20465199649334 5.17671120663484 2.75262941916784 0 13.2544885079066 24.5718186100324 33.9031542340914 31.1448499560356 31.7795698841413 26.5654350320498 24.2658505837123 21.754485865434 22.4537774920464 23.7855836749077 27.3107637961706 36.7329195141792 46.3980187972387 52.8899977604548 54.6420415242513 56.5037280321121 60.7997129360835 60.7969264189402 63.6881540218989 61.4146590232849 62.5717143217723 64.9212201436361 70.7612534364064 84.3059817949931 89.0135169029236 91.3105309009552 102.172960837682 113.734275102615 117.181926965714 113.390247027079 112.44997382164 109.455108642578 111.207038164139 114.865601062775 132.586131493251 140.977283318837 140.258977810542 144.16233698527 145.870496829351 141.322672367096
0 0 0 0 0 0 0 1.00666532913844 11.233093837897 10.6661207973957 5.85893417398135 2.52582474301259 4.23138278226058 11.91496104002 24.151141444842 27.6074558496475 33.1041986743609 31.6249007980029 27.3223221302032 22.7260241905848 19.9588276445866 19.8344911138217 20.5069010456403 26.1895929773649 32.8060438235601 38.3050243059794 42.7900056044261 44.2598114411036 48.5016057888667 51.2220462163289 51.1825581391652 49.4639575481415 51.8638988335927 50.6161252657572 47.9791760444641 47.2682515780131 67.6625818014145 85.8806471029917 90.2509788672129 106.144428253174 108.180483182271 104.30034995079 101.632565259933 97.6861516634623 97.4161128203074 98.232756058375 100.914895534515 104.920993248622 109.90235209465 130.302925904592 135.981907447179 134.558538595835
0 0 0 0 0 0 0 0 4.16931603103876 13.6472471058369 13.0615271627903 9.01092092196147 2.27410222093264 0.40834389316539 10.0535762806733 22.8850990533829 32.4184621373812 35.6144507726034 33.818689485391 30.19018471241 25.4479696353277 25.6580784916878 26.6490528980891 27.641199529171 29.0501614411672 30.2445068955421 33.8367894291878 39.3507877985636 40.2361104885737 41.6193058093389 42.2905186812083 41.5487016240756 38.8017545143763 36.0133176048597 39.4458224376043 37.5586822628975 35.6335242589315 42.4057096242905 49.4917134443919 76.2810458739599 84.4232241312663 90.5065536499023 88.1363749504089 86.9307816028595 88.7218813101451 88.2581969102224 86.2710177898407 84.8385691642761 88.1315569082896 92.3329790433248 96.6157714525859 118.57592066129
0 0 0 0 0 0 0 0 0 5.54115946094195 16.3933696846167 19.8457166552544 16.3900628685951 9.49362106621265 7.99326474467913 18.5180567204952 27.0341113209724 36.2294514973958 41.9996778170268 40.8479770024618 35.7395932078362 34.8826696475347 33.0069238940875 32.6970368623734 35.0387742122014 35.1883421341578 36.6605445742607 43.5073624054591 42.880634466807 36.6777703166008 38.4303207198779 39.3139446775118 34.727931022644 31.1327651143074 30.0863608717918 28.1031454602877 24.1412470738093 21.8379323681196 24.3445858359337 34.5009018977483 38.0905543764432 41.5759012103081 50.1744796832403 60.7936431964239 63.1046841541926 70.8576838175456 73.1950849294662 69.0106451511383 69.921334584554 70.2846149603526 75.475682814916 82.4870516856511
0.62166426020364 0 0 0 0 0 0 0 0 0.0312165235906529 15.0994223852952 27.2244562705358 33.6077014605204 28.3458158373833 18.9244548479716 17.5492465496063 19.9557282030582 29.0293246507645 39.3901516993841 47.8909462690353 47.8132714827855 44.7174410025279 43.9171443382899 41.0400380690893 41.7348146438599 42.3174649477005 42.3604100942612 42.8569416205088 42.9477542638779 37.6118620236715 34.5608542362849 32.9774071772893 32.7852865060171 28.6964699625969 27.0703509449959 23.1169834733009 18.7141969799995 15.4341744879882 14.2889718214671 12.6844607293606 15.8852152526379 23.6366291840871 26.2714276711146 31.5723617871602 35.3333503007889 42.3627595106761 56.0255895058314 63.5370214780172 61.6037199894587 58.8676085074743 60.1136237382889 67.5670951604843
1.26495227838556 0 0 0 0 0 0 0 0 0 4.09997875491778 22.1833139657974 37.7388472358386 42.285884420077 34.4734539588292 20.5430015921593 16.2287627657255 17.7220130960147 27.3278206586838 43.0697699387868 52.6905258496602 50.9141981601715 52.4119287729263 48.8326201836268 46.154444416364 46.8694567680359 49.2016176382701 45.0628747542699 43.6178048451742 44.6035961310069 37.5502233703931 33.0375159780184 27.358112235864 22.467111547788 20.8772247036298 17.4100461105506 12.2176880637805 8.12557712197304 7.04127550125122 5.28666997949282 3.36926802992821 3.13789770007133 8.50030096868674 13.9994968970617 24.7619127233823 29.99280889829 42.5255596637726 46.5518037478129 48.3783582846324 48.0314393838247 53.4773568312327 56.9169720013936
0.690203548098604 0 0 0 0 0 0 0 0 0.0694440144191806 0.269463499231885 14.7132935623328 30.7714194059372 41.5235708157221 46.2759335835775 39.8639912406603 33.8398615519206 25.3063564499219 20.8499704798063 26.8922497828801 43.7696029742559 54.7112127145131 58.5095187028249 57.5857013463974 52.5796016057332 52.5843799114227 54.8840512832006 53.2937546571096 51.4852752288183 48.508475224177 45.5764730771383 35.1957281430562 27.7416110038757 20.6382932762305 15.2576180795828 11.5956303973993 8.6140763014555 5.50764861206214 3.71563186248144 2.59641263013085 1.08317704871297 0.0401669264344188 3.46420447883133e-07 6.37114917238553 11.2637703617414 17.8708670039972 25.297187268734 32.6950947443644 40.498045583566 43.8780089219411 47.2309291362762 51.3148009777069
0.217530565957228 0 0 0 0 0 0 0 0.357282192756732 0.385426799766719 0.612059608101845 9.72195155918598 22.1048543850581 35.1382220784823 47.4982609351476 50.3193040688833 50.0220755736033 41.4372682571411 31.0505926609039 22.6490125060081 29.2487566669782 46.9681123892466 53.9099872112274 58.5372745990753 58.906227350235 62.1252506971359 63.5975946982702 64.8210843404134 59.8719964424769 54.5927087465922 45.6345776716868 38.1237119436264 29.2637397845586 20.6129488845666 13.6296401421229 11.2902149558067 6.5041221678257 3.72699741274118 1.53283961117268 0.167255406267941 0.00758533193826831 0 0 0 4.69961855560541 7.31427657107512 16.588319092989 20.1764206091563 24.2453043659528 29.617282251517 34.3907723824183 40.2279446522395
0.249191905216624 0.299291937456777 0.0240201406995766 0 0 0 0 0.670685898512602 1.18134209575752 6.65487783650557 10.7507879535357 13.032021621863 17.5958399971326 23.5498895247777 32.7786679069201 44.3500578403473 47.7602879206339 49.952487150828 49.2442001899083 37.7320597569148 26.6362006465594 35.2949301401774 43.410117427508 52.3844212293625 60.2209816376368 65.0841891765594 67.739725112915 67.8873956203461 63.9436691999435 57.7840705712636 46.5727349122365 36.8686268726985 30.8458978931109 18.5676415761312 10.5858320991198 7.29303682843844 3.38555344690879 0.734939705580473 0.0643401290290058 0 0 0 0 0 0 1.28328528565665 4.22371178865433 5.63226081430912 13.1751907368501 14.5432377854983 17.7259308596452 19.6473660568396
0.204139815953871 0.0123574512448007 0.0803270522737876 0 0 0 0.0761680081874753 0.932604462529222 1.39474061628183 2.10869964212179 7.69772939383984 11.2859557072322 10.9806855519613 14.5343666275342 22.6586312055588 34.8416243990262 42.5245265165965 44.9550400177638 50.4230707883835 50.8430202802022 43.790727853775 34.5594088236491 36.6061131159464 45.0042734543482 53.6218881607056 61.5044931570689 66.2114868561427 69.0311839183172 60.5135262012482 50.3349552551905 48.8161345322927 37.5514502326647 25.0118573506673 17.1427068610986 9.01145053406557 3.66661759714286 0.747760680193702 0 0 0 0 0 0 0 0 0 0 1.22196118657788 4.08835150301456 7.50645933051904 7.75239368279775 9.63023180762927
1.11136476819714 0 0 0 0 0.0245128831011243 0.0519270445996275 1.13490580891569 1.80807073290149 1.80489321549733 1.31566962227225 1.62938268234332 5.12078652779261 7.10264779627323 10.9496017297109 22.0243583122889 30.082772175471 34.7776760657628 42.3423747221629 52.1929164727529 58.0444733301798 50.5669911702474 49.4777808586756 50.8481164773305 52.6079883178075 54.7973811626434 57.8210403521856 61.4718695481618 57.2630812724431 46.4999675750732 37.5703101356824 26.8740306297938 17.4328722059727 9.3768040339152 2.55200468624632 0 0 0 0 0 0 0 0 0 0 0 0 0 0 0 0 0
8.3967267225186 3.2453207919995 0 0 0 0 0.567012582905591 2.16457371910413 2.46522606660922 2.68878570447365 1.84496228272716 1.04435556568205 2.34519488488634 0 5.44671093424161 13.5767633716265 22.744432091713 30.171329776446 36.0429162780444 46.8999942143758 54.6709398428599 63.5669728120168 69.1819489002228 67.965179681778 61.3813648621241 52.9078741868337 49.737552801768 48.392524321874 53.8333257039388 40.7156695922216 25.139793753624 14.9858618776004 7.73856416344643 0.722091179341078 0 0 0 0 0 0 0 0 0 0 0 0 0 0 0 0 0 0
32.4457436800003 26.6028468807538 8.68298982580503 2.12349276989698 0.662644238521655 0.207109027542174 3.31005702416102 3.78816388547421 3.09522139529387 2.39261658862233 1.89070403575897 5.58344398935636 6.98093821605047 6.18709127108256 6.88826168576876 10.9671714405219 19.0963111817837 26.7348562677701 32.3769673705101 33.8066692153613 37.6653547088305 49.49884613355 59.1238190730413 64.4412487745285 64.356654882431 57.9502085844676 50.2615670363108 44.0276761849721 36.0415329535802 30.2043308814367 13.6517932017644 3.71390674263239 0 0 0 0 0 0 0 0 0 0 0 0 0 0 0 0 0 0 0 0
