input/barkrak2/radiation/dir33424.grid
NCOLS 85 
NROWS 70 
XLLCORNER 665100 
YLLCORNER 4664600 
CELLSIZE 20 
NODATA_value -9999 
[rows 46 to 68 of 70, columns 0 to 51 of 85]
53.3957680066427 54.9626052379608 57.5466752052307 59.5353146394094 59.2724333206813 59.166818857193 61.0223015149434 62.7671976884206 59.6646964550018 58.511883020401 57.6267391443253 56.4596553643545 53.392082452774 50.43692390124 50.3015220165253 53.5374979178111 51.6071021556854 46.8306243419647 51.2255132198334 50.1311222712199 48.2393602530162 49.3223269780477 49.1768916447957 48.1837193171183 54.5024623473485 49.3078380823135 50.6200144688288 51.3447870810827 50.6580919027328 50.432413816452 48.8432496786118 45.312707622846 44.5817659298579 45.1674362023671 46.7413167158763 48.1718430916468 49.6546775102615 54.3840676546097 56.2796493371328 51.9564747810364 52.9726843039195 48.8265802462896 53.972582022349 59.2175672451655 50.6683886051178 24.8042320211728 1.3579015309612 0 0 0 0 0
47.5386877854665 49.8324930667877 55.1388710737228 56.9003721078237 60.3294670581818 61.9240949551264 60.0513269503911 59.7623139619827 59.8204731941223 62.3462448517481 59.8664532105128 56.4366827408473 54.6096861362457 54.676761229833 53.563783566157 51.9099334875743 51.1261870463689 44.5363620917002 48.2676029205322 49.5295623938243 46.7366427183151 47.7505375941594 51.4795780181885 46.4252084493637 49.2225388685862 49.2841253678004 45.3713784615199 48.491507768631 50.4193653662999 48.9007184902827 50.0776221354802 49.1022417942683 44.8813339074453 46.9616949558258 57.2112401326497 61.5633676449458 57.2321315606435 51.021416982015 52.9315521319707 60.2914442618688 54.5904040336609 50.3403643767039 56.3314507404963 60.5138043562571 55.8986167112986 39.9213160077731 10.0706337640683 0 0 0 0 0
40.9525036811829 44.0705120563507 49.092839161555 52.2882044315338 58.7591926256816 62.1732125679652 59.2069973548253 57.5387875239054 61.4956120649974 63.7312034765879 61.7691477139791 58.3316584428151 56.8076570828756 57.5773417949677 55.2519957224528 50.4545668760935 49.9522487322489 45.2028016249339 48.5179324944814 51.0627627372742 50.9689549605052 51.0206421216329 52.8820057710012 51.1565407117208 49.0493327379227 51.8416961034139 49.0072220563889 52.7889182170232 57.3684473832448 59.039960304896 63.5336538155874 63.2254431645075 54.2078067859014 54.6110570430756 63.2274448871613 70.3232139348984 67.9065386454264 58.4191729625066 54.6401391426722 59.5549990733465 53.7162274122238 48.8512019316355 47.3843465248744 47.3062296708425 46.4553733666738 45.4009970029195 34.6150075395902 2.54068725431959 0 0 0 0
39.9374042948087 37.9855980475744 42.0947323242823 49.6982087691625 55.1518102486928 58.1082006295522 60.7899477084478 63.4232262770335 64.8497343063354 61.6754392782847 63.5593781868617 63.58902156353 60.5630377928416 58.1114441156387 56.4758479595184 51.9752005736033 50.6289998690287 49.1602569818497 51.525021592776 55.3494145472844 56.7762355009715 55.9925387303034 53.5199344158173 54.7406375408173 50.7190177838008 55.9710959593455 57.7763120333354 61.0572795073191 66.8575117985408 72.1301337083181 77.4721304575602 79.5472164948781 68.9476877450943 62.9387199878693 62.446524699529 71.1858371893565 73.8686323165894 69.526806473732 60.4267120361328 50.3547887007395 46.0147162278493 48.4975377718608 47.9720334211985 44.0796216328939 41.0158510009448 44.1426287094752 29.2194659511248 8.63581585387389 0 0 0 0
40.146604180336 43.4896846612295 47.0267335573832 52.9306828975677 53.3894995848338 53.7263651688894 61.3445589939753 66.4719641208649 66.4115647474925 66.0737504561742 66.149095694224 65.9707486629486 62.2546424468358 58.2678864399592 58.7940712769826 62.0165963967641 54.7513514757156 54.7537505626678 55.4646700620651 60.6334110101064 60.8186026414235 58.8182806968689 55.6924641132355 55.7557493448257 51.3887306054433 56.8313101927439 63.4649097919464 67.0196463664373 72.6483662923177 78.6917905012767 84.4806929429372 86.9400600592295 80.5096725622813 67.3645188411077 49.9954024950663 51.8932888905207 61.7411931355794 70.3519036372503 62.0733151833216 48.0478256940842 42.5588190555573 47.2395618756612 53.3736348152161 50.2411921819051 45.6446011861165 40.5328422784805 23.9925682544708 12.6082040369511 0 0 0 0
40.9388740857442 51.3913383086522 53.5328984260559 54.5863310496012 52.5507132212321 52.4149735768636 59.797003865242 65.0447756052017 65.0606602430344 69.9180116256078 67.6537106434504 67.1153217554092 64.9244834979375 60.4209701220194 60.5057080586751 66.2629504998525 60.1248691479365 58.3098034063975 55.7629217704137 57.4088990688324 57.107537984848 56.1212797959646 55.8573603630066 53.1537681818008 50.6788790225983 52.0014663537343 56.0955703258514 59.1684430837631 66.9814497232437 73.1633653243383 80.1899433135986 86.9455933570862 81.48526151975 60.6090426445007 21.4460516969363 20.9262917439143 27.8979291518529 54.0022949377696 66.967710852623 65.1223907868067 60.2797716856003 53.2932380835215 46.4730362097422 41.5733307600021 45.9520121415456 42.2358264525731 23.8425681988398 17.7777546147505 0.564740970730782 0 0 0
44.438640276591 42.8592463334401 42.12253789107 44.1803087790807 50.1390596230825 55.4971297581991 56.3476135333379 61.8006736040115 61.8055115143458 66.4159655570984 66.8860127528508 68.6687529087067 68.4316406647364 64.2755081256231 62.4794960021973 61.0669900973638 62.9585335652033 57.7378273010254 52.4715582529704 50.5439440409342 49.6872514486313 51.1611650387446 52.5877128044764 47.3472823699315 50.1224299271901 47.214945157369 47.9312141736348 49.0062087774277 51.1241604884466 56.3072264194489 61.8483026822408 70.6749061743418 67.6112820704778 46.8895882368088 17.2950066626072 9.81102262934049 10.6248458226522 19.112636645635 44.2797839641571 59.8519245783488 65.6380653381348 54.5632541179657 39.3999020258586 36.1187780896823 40.4167771339417 27.4897590279579 23.2556809981664 33.9754372835159 18.2416973014673 0.332877583180865 0 0
46.7865119377772 37.8143265843391 35.8665039141973 40.6842678785324 51.1122941970825 58.9840511480967 58.8852862517039 60.013602177302 62.5818272431692 62.9051923751831 64.9944295485814 67.8454637527466 69.4110244512558 68.20843120416 64.7079944610596 61.9104852279027 63.9864355325699 57.9240620136261 53.9681365092595 53.8997054100037 53.9713352918625 51.6686191161474 49.7385213772456 47.1091121435165 46.7760761578878 44.9744313955307 46.0255940755208 44.9718336264292 44.0718879302343 43.2528108358383 37.3633702596029 43.0452724297841 45.6753422816594 24.4525720675786 18.8931586841742 10.6739935775598 2.6588241259257 1.75231307124098 9.3763650705417 25.1752808690071 46.9269553820292 46.4125176270803 37.4429101745288 33.0953672528267 23.2057099541028 24.1922785838445 22.0129067699114 40.3351336717606 47.7665464083354 28.8714915513992 3.63084767013788 0
46.8946645657221 41.8374637762705 40.0562956929207 45.0510481993357 53.4949700037638 60.5051070451736 63.6104345321655 59.8332136869431 64.3455634514491 62.8680487473806 66.3784444332123 68.1875397761663 69.6535358826319 71.2572435537974 66.8381750583649 66.6533162196477 67.0007864634196 61.9767059882482 58.0807675917943 58.5580468177795 59.1785609722137 55.078516403834 52.699272831281 52.5142500797907 50.2002934614817 49.0419020255407 45.9645887215932 43.9998110135396 40.8552885055542 36.0537245869637 29.7336305181185 33.7383275230726 40.6814093391101 42.7846163511276 40.9735242525736 30.6257133682569 11.3457404077053 2.75291223078966 1.77174837638934 6.72732852399349 21.3656922181447 25.5119974414508 21.6233755151431 15.8130265772343 15.5447497963905 20.8556254704793 22.8252559900284 32.4685573577881 43.755312760671 48.0519384145737 30.6659092505773 1.79140999292334
49.9177674452464 48.5637883345286 45.3575402498245 44.3405210971832 49.9924669663111 59.9908133347829 61.420609553655 59.6045802036921 61.4826728900274 66.467747092247 72.67726957798 73.2015470663707 71.5847959121068 72.1094310283661 70.3973869482676 70.1563457647959 70.0944115718206 68.5363511244456 63.9114330212275 60.3846857945124 57.7993045250575 57.2422643502553 58.513750632604 60.1664135853449 56.6188742717107 54.0325194597244 47.1093704303106 38.6443932851156 32.9861342906952 30.6785479187965 30.9656808773677 37.4127278725306 44.6659326553345 55.6056996186574 60.5658739805222 58.9589377244314 47.9120264450709 30.4908578594526 20.8717634280523 6.01321086287498 11.1720388134321 20.8709985017776 21.4222545425097 15.7249594728152 16.0325691103935 30.7315935691198 49.2880543073018 43.0958420038223 38.1817370653152 43.8741445541382 36.1635138591131 8.61671753227711
52.3678461710612 51.8085112174352 50.8146584033966 47.6430505514145 48.8524834314982 57.4697951475779 59.2846572399139 59.5928529898326 59.7066978613536 68.7758773565292 76.3250688711802 75.2185036738714 70.720781882604 73.0119695266088 74.7898320357005 68.7755594650904 71.2479998668035 68.4470335642497 64.8731390635173 62.7597868442535 61.4196012417475 62.0288799206416 59.5627377430598 57.6257606347402 54.7728439172109 51.5900552272797 33.5250174005826 6.45374320447445 5.35135964552561 18.8441897432009 28.6183754603068 34.7796604037285 42.8917656342188 50.1796106497447 61.1762404441833 64.3115987380346 64.5001977682114 55.1712810993195 43.4029201666514 24.7175941864649 12.8129944205284 21.0201218724251 40.0637065370878 40.3172299265862 33.3254386981328 51.6986350218455 75.1364231109619 65.2276774247487 44.2752440770467 32.2412649790446 19.054614007473 9.79004427790642
51.2693027655284 49.4752128918966 53.0511637528737 54.0734132130941 51.8793066342672 54.3804119030635 59.3920151392619 60.3395303090413 60.7078870137533 68.4177229801814 74.7999449570974 73.2367187738419 68.8668390115102 72.2988744576772 75.4165649414062 66.6254460811615 68.2612508535385 67.4777577320735 65.6931102275848 66.0696079333623 67.9984788099925 68.1782811880112 62.7191563447317 55.8374673128128 55.3812036911647 51.7740199963252 36.1369177699089 18.6704558630784 18.0603389938672 25.8003547787666 34.4377408425013 37.6257250706355 51.8038620551427 61.1017346382141 71.7670619487762 64.8553570111593 61.4328930775324 25.3788232803345 25.7375588019689 26.2981926401456 31.5548876921336 39.6124670902888 47.2561717033386 24.6440122524897 19.1226477424304 23.3012189467748 53.2477994759878 51.9460042317708 39.6767134467761 30.9417694807053 25.3072207172712 18.4625585873922
40.7104641199112 47.8007147709529 51.2317319711049 53.9465248584747 54.0492782990138 50.9711603323619 59.5139414072037 63.1138036648432 64.1030768553416 69.1575209299723 71.2140152851741 70.5177138249079 69.9551602204641 68.4705674648285 69.8327521483103 66.4718995491664 63.3067637681961 67.0141677061717 68.6155706644058 71.0770140091578 71.7214494943619 68.5801257689794 67.2181198994319 60.6806178887685 58.5774381955465 58.5001011689504 54.1082719961802 47.6087431112925 47.263706723849 47.4015772342682 43.9104487498601 43.8793202241262 62.8945231437683 73.599378267924 52.5048573811849 47.9112764199575 30.303714176019 13.0264535546303 4.93492837995291 11.7389895021915 11.0321156680584 41.9197877248128 47.5084185600281 40.9446010986964 29.2637397845586 30.5746297041575 43.8603609800339 48.0406483014425 45.4281022151311 39.0866647164027 33.0801357825597 32.3387235403061
31.8516169985135 45.5837349096934 49.3226399024328 52.2220432758331 55.0810744365056 51.4705181121826 55.2530388037364 62.3084803422292 72.7775394916534 74.2959827184677 69.7314441204071 67.5441026687622 69.3949361642202 69.1166818141937 69.1925436258316 66.6546722253164 63.4466906388601 65.6340370575587 64.2394622166951 62.5968625148137 63.8636499643326 63.7044211228689 62.2741679350535 62.6512269179026 63.1197194258372 66.7428473631541 73.8427142302195 77.754870057106 65.2775466442108 59.502919514974 47.6666837930679 43.7742670377096 51.305299003919 51.520437002182 21.9303195675214 15.2199976146221 14.3670489390691 8.52136996885141 0.991258925447861 0 0 13.8928629457951 45.5375959475835 66.4762357870738 71.5701033671697 65.9854511419932 64.877986907959 64.1354123751322 63.9906227588654 53.4207820892334 43.0118342240651 53.5277426242828
33.7550789117813 43.0178592602412 49.8177111148834 52.1432260672251 53.7187159061432 53.9860775073369 48.5661973555883 57.8206231196721 77.1761486927668 75.9403854608536 68.0567969878515 64.3607874711355 67.291314403216 70.9569354852041 70.0868914524714 67.0696248610814 66.0077581803004 64.1704102357229 57.6662321885427 50.7285545269648 51.5879243612289 54.4583151737849 56.0278743505478 58.9077174663544 61.467632651329 67.1360741058985 82.7844142913818 87.7978603045146 67.8063730398814 62.1522118647893 47.7151622374853 35.2659697333972 38.0927324295044 39.8284321029981 20.24178703626 11.2132752935092 12.2083450357119 17.5164900720119 10.4175719122092 1.50538453211387 0 3.00404460479816 22.2111692031225 46.17607096831 49.0456869204839 50.2859503030777 47.9582746823629 58.847318092982 55.1881144444148 49.0246266126633 49.7899403174718 83.6115181446075
44.6515083312988 47.4897921085358 49.743597706159 46.5753376483917 41.1918436487516 37.7604489525159 45.2755043903987 50.622637073199 59.9457571903865 55.7421694199244 53.0673662821452 57.8561723232269 65.9876068433126 68.1370099385579 64.0301605065664 66.09741350015 66.5154953797658 60.8878632386525 53.3771961927414 48.3653644720713 47.6681788762411 48.7550248702367 51.9038538138072 56.5975209077199 56.2520374854406 60.4936083157857 74.3683874607086 80.4560581843058 68.3574030796687 53.669015566508 46.3424970706304 31.8715795874596 26.8310035268466 43.1057115395864 39.710541566213 19.2700885236263 19.2570922275384 41.8295711278915 45.7659711440404 30.4150879383087 7.29056944449743 4.1120412449042 12.8467082977295 20.1256846388181 18.8732768098513 20.6272763510545 23.1502453486125 25.4683395226796 27.4523198604584 42.0899490515391 63.2487634817759 116.508225599925
55.5211007595062 52.4319509665171 48.7494667371114 42.0707662900289 32.7072689930598 26.9765282670657 35.1433356602987 36.5055079261462 26.8149649103483 26.5896742542585 38.1212631861369 48.2921848694483 54.5743902524312 58.667187889417 61.7031753063202 71.5544472138087 74.5863765478134 66.1300470431646 57.8576326370239 54.5896738767624 52.2451798121134 51.3354738553365 52.713284889857 52.5674174229304 52.7888635794322 56.9501866896947 64.1902238130569 66.6255056858063 61.5094800790151 42.5114383300145 41.734923919042 36.8260021011035 32.7765196561813 51.294133067131 57.628666361173 45.950988928477 36.3541841506958 23.3200117945671 33.3214104175568 33.4113637606303 23.7230385343234 10.7817078630129 12.5239863991737 12.9734550913175 7.59015108148257 8.64641865094503 16.3275686403116 18.4332032998403 19.5426444212596 42.5038834412893 88.6360506216685 132.321973641713
58.2949121793111 51.868200302124 47.1983899672826 43.5855786005656 36.7500906189283 31.1817973852158 26.568370560805 22.4513560533524 8.2115363329649 15.798502912124 31.5537055333455 43.6420192321142 43.3884213368098 51.0005503892899 64.0213489532471 79.8456370830536 85.2868556976318 78.263853987058 69.9663410584132 66.1348849534988 60.5982095003128 59.6787482500076 58.4438145160675 53.0742009480794 52.6233414808909 51.2673556804657 54.6854039033254 54.0378739436468 49.9894320964813 35.4104364911715 33.5647215445836 35.0174630681674 29.290313522021 53.3800025780996 73.5036532084147 76.6054888566335 51.460807522138 17.0412560304006 13.6261557539304 19.1061931351821 19.5793509483337 17.2169841825962 18.2936415076256 17.2950997948647 10.3392569969098 7.09819917877515 13.3594249685605 21.9316408038139 30.5610398451487 55.8780133724213 120.149860779444 151.447087526321
60.7174883286158 55.4754237333933 54.1865676641464 55.1606118679047 52.0075311263402 45.9761321544647 41.0874883333842 41.3931260506312 40.2369052171707 45.9058980147044 53.6827743053436 59.1553747653961 59.3882401784261 54.7170837720235 64.8495852947235 80.5882463852565 90.3775791327159 90.6092524528503 83.4472179412842 73.920264840126 68.3759152889252 63.3539060751597 62.0990544557571 62.3667687177658 54.6218405167262 43.9706742763519 42.5306459267934 45.9698885679245 42.9302404324214 41.8867965539296 25.5454927682877 20.2089088658492 16.6256601611773 30.5107707778613 80.4663747549057 90.536763270696 58.4789713223775 20.9373931090037 8.23874274889628 8.359186972181 11.4618812998136 9.00988094508648 19.3849963446458 28.8753658533096 33.1990122795105 19.5720717310905 17.3863768577576 36.2668683131536 61.7272605498632 106.415708859762 139.101425806681 152.187327543894
61.4544848601023 58.8449537754059 58.8604112466176 60.1787666479746 59.7564975420634 56.1939130226771 55.9882173935572 63.6790792147318 79.8785537481308 75.926885008812 67.1738386154175 67.8309698899587 73.8552262385686 61.8856052557627 63.2022668917974 71.3484436273575 79.48337495327 86.9319935639699 87.5457425912221 80.8013776938121 75.2844711144765 69.0124283234278 65.1441166798274 61.1624221007029 57.4002762635549 44.3919400374095 33.2032839457194 35.5834911266963 36.9230657815933 19.742942104737 14.592523376147 12.6532018184662 8.11063498258591 8.3629060536623 74.9911864598592 91.9775466124217 72.7729399998983 60.5626801649729 29.6084533135096 4.12068733324607 0.40058089264979 0 10.8564967910449 36.5485697984695 42.8708791732788 33.5422307252884 32.254233956337 55.1153620084127 112.302859624227 156.956672668457 150.394866863887 138.150552908579
60.65966685613 57.2931865851084 51.7732004324595 47.2823480765025 47.4851330121358 49.5582620302836 49.6709942817688 61.568483710289 71.8046426773071 67.0235653718313 57.1375489234924 56.9856415192286 68.3220128218333 63.390572865804 59.9831243356069 59.5105538765589 60.0851625204086 66.6647106409073 76.7143269379934 81.0037354628245 76.8570254246394 70.8781580130259 63.6405050754547 59.5991263786952 50.8131633202235 45.5279548962911 31.9491202632586 26.4483938614527 32.8019013007482 29.7156721353531 14.5197361707687 9.32151079177856 2.62758539368709 0 0.168631066723416 82.1098486582438 88.953177134196 99.841296672821 81.5161466598511 32.8360050916672 3.34131034711997 0 3.49690082172553 20.331684499979 48.3881533145905 68.1289533774058 89.1498525937398 139.82555270195 180.768807729085 191.090941429138 175.927658875783 143.576969703039
62.8156761328379 60.7784440120061 54.9028664827347 48.1673727432887 46.6480106115341 49.4995017846425 42.09237297376 38.7822662790616 40.3311128417651 37.038433055083 30.3261950612068 27.9617582758268 31.3154309988022 50.5276769399643 57.3990792036057 52.5734523932139 41.7111019293467 37.2825985153516 48.7679541110992 69.0457820892334 70.874144633611 65.4044101635615 58.9835047721863 54.9907733996709 47.7584848801295 43.85906457901 35.6485918164253 14.7842901448409 22.93561398983 38.3744637171427 20.8566437164942 13.5494954884052 5.4596575597922 0 0 61.6666674613953 101.810038089752 116.255352894465 102.886021137238 73.6775149901708 40.6406993667285 10.8266249299049 7.09489298363527 26.1497522393862 57.9874217510223 121.350963910421 162.453840176264 193.276445070902 202.268282572428 201.573928197225 191.970864931742 163.405418395996
64.5236869653066 64.4430220127106 61.8697504202525 58.3050946394602 56.426261862119 55.7112594445546 40.562038620313 26.6407604018847 27.0394707719485 29.1849921147029 26.4570067326228 23.7718522548676 24.9730199575424 46.6290811697642 60.4181587696075 51.38232310613 31.456413368384 19.8877193033695 23.4500120083491 39.5027051369349 49.642339348793 52.738423148791 53.5417298475901 46.9273577133814 40.9966831405958 36.6575866937637 23.2622797290484 8.33363955219587 15.6335110465686 41.5931815902392 50.3693918387095 43.4545874595642 23.7735882401466 0 0 40.2405535181363 95.383216937383 103.528608878454 84.2565794785817 81.2312215566635 86.4151318868001 71.2510347366333 49.1891652345657 64.171036084493 116.770366827647 161.79812947909 185.025135676066 196.227351824443 198.008318742116 195.591886838277 190.683583418528 168.589234352112
