input/barkrak2/radiation/dir36224.grid
NCOLS 85 
NROWS 70 
XLLCORNER 665100 
YLLCORNER 4664600 
CELLSIZE 20 
NODATA_value -9999 
[rows 46 to 68 of 70, columns 0 to 51 of 85]
44.9849565823873 46.4770843585332 48.9225635925929 50.922359029452 50.7041811943054 50.5906939506531 52.467092871666 54.2309631903966 51.2366096178691 50.0786552826563 49.2802460988363 48.896645506223 45.6395049889882 42.8813646237055 42.4998501936595 45.6578781207403 44.4284031788508 39.4192934036255 43.6179588238398 42.5354341665904 40.2138233184814 40.7493710517883 40.5193641781807 38.7922277053197 46.1324403683344 43.0671274662018 44.1602269808451 44.433668255806 43.8547879457474 43.2209918896357 42.2173341115316 39.4905159870783 38.4915073712667 38.3538454771042 40.6644071141879 41.864534219106 42.3893878857295 46.8873033920924 48.6738781134287 45.9395200014114 43.4961169958115 41.4307514826457 46.8281954526901 51.0602196057638 43.947105606397 19.7827356557051 0.186772376764566 0 0 0 0 0
39.4002348184586 41.5951684117317 46.7312534650167 48.2920408248901 51.6953766345978 53.2246679067612 51.4043271541595 51.2461910645167 51.3698856035868 53.962101538976 51.3835102319717 48.1374263763428 46.7979510625203 46.9872752825419 45.5690522988637 44.5773949225744 43.9086258411407 37.2229218482971 41.3490856687228 41.9746687014898 39.384754995505 40.3437068065008 42.630543311437 37.8070746858915 40.4630849758784 41.1742180585861 38.9521469672521 41.5662378072739 43.5098856687546 42.2474841276805 43.0012941360474 42.6254123449326 38.6710440119108 40.9137755632401 50.1760343710581 53.7979106108348 49.1129110256831 44.3800588448842 46.8842039505641 52.0363499720891 46.8585888544718 41.5408213933309 49.3814547856649 53.3367147048314 48.9678929249446 34.1353863477707 7.34365421036879 0 0 0 0 0
33.1108023722967 36.0843613743782 40.9426838159561 43.9485212167104 50.1174678405126 53.4687389930089 50.5677163600922 49.036055803299 52.948127190272 55.0348709026972 53.3800621827443 49.9068597952525 48.8483905792236 49.3407994508743 47.5831975539525 43.0221358935038 42.6319738229116 37.7689450979233 41.0008480151494 43.9467479785283 42.8088108698527 43.4774905443192 45.3094889720281 42.1901841958364 39.5207752784093 42.3876742521922 41.3811455170313 45.2114641666412 50.1789549986521 51.9815782705943 55.0278127193451 56.2089184919993 47.6870487133662 48.3405987421672 55.7755728562673 62.6795788606008 60.3692134221395 51.3270845015844 46.8522012233734 51.356037457784 46.1746503909429 40.8091992139816 40.9552007913589 40.953184167544 40.1600524783134 37.5747332970301 29.1040067871412 0.980579759925604 0 0 0 0
32.1496973435084 30.2729308605194 34.2438419659932 41.3819402456284 46.6718077659607 49.5684146881104 52.0577281713486 54.6402633190155 56.0323198636373 53.1461536884308 54.8659861087799 55.1593104998271 52.3834973573685 50.1066148281097 48.2688595851262 44.8012252648671 43.2727386554082 41.4963116248449 44.4889714320501 47.4351048469543 48.8824297984441 49.0107337633769 46.7200378576914 48.0755666891734 43.3957328399022 45.2978213628133 46.8022127946218 51.898126800855 57.9334944486618 64.6864076455434 70.0809160868327 69.9522743622462 62.8578811883926 56.4280400673548 55.9685130914052 57.4226677417755 63.5654081900915 59.5189183950424 51.2319008509318 44.5579787095388 40.37078221639 41.0276527206103 40.568915506204 37.9458417495092 33.8360716899236 35.5890442927678 21.5597922603289 6.11368690927823 0 0 0 0
32.3518266280492 35.4795729120572 38.8375992576281 44.5018659035365 44.7938789923986 45.3527222077052 52.6964366436005 57.5089603662491 57.5096110502879 57.4181576569875 57.4801911910375 57.1829875310262 54.2048911253611 50.4763623078664 50.4311422506968 53.591658671697 47.1667945384979 47.4497973918915 49.005260070165 52.4410009384155 52.749236424764 50.9249269962311 48.8392661015193 48.1802920500437 44.8055913050969 49.2128431797028 51.8315732479095 55.4912736018499 59.8930468161901 71.084921558698 76.8862068653107 79.401229818662 70.9043443202972 60.604989528656 44.5208102464676 46.4266538619995 55.7825068632762 62.5456919272741 54.7668188810349 41.7048235734304 37.0444258054098 40.1356269915899 44.7757641474406 41.0261278351148 36.979541182518 35.2502514918645 19.5826130608718 9.60640609264374 0 0 0 0
33.1021671493848 43.0711656808853 45.1369335254033 46.3492770989736 44.2776729663213 43.8627600669861 51.1529445648193 56.2876810630163 56.1583538850149 60.9333564837774 58.7390512228012 58.1380625565847 56.0856411854426 52.202562491099 52.8392891089121 58.1107636292775 51.7983883619308 50.2177278200785 48.5707173744837 49.4645287593206 49.8241285483042 48.339456319809 48.8892694314321 45.6294218699137 42.5623953342438 44.7117785612742 48.6486504475276 48.7958689530691 53.9383888244629 59.9364986022313 70.0466384490331 79.3157269557317 71.958248813947 54.0033429861069 17.2682305177053 16.8383792042732 22.9369153579076 48.4430988629659 55.0622244675954 57.6648712158203 51.9502113262812 45.5184032519658 36.8709216515223 36.3366355498632 40.5373026927312 35.6623257199923 19.4906989733378 14.1404370466868 0.0626256417793532 0 0 0
36.3632366061211 34.97148056825 34.1662093997002 36.1539125442505 41.9350514809291 46.8056251605352 47.6419577995936 53.0803948640823 53.0143926541011 57.6340953509013 57.793398698171 59.6822549899419 59.6202512582143 55.5809040864309 53.9625187714895 52.9688199361165 54.837500055631 49.5943526426951 44.6756581465403 42.8227732578913 42.5370186567307 44.1754857699076 45.6970234711965 40.8230150739352 42.0321027437846 39.339284102122 40.0610441962878 42.1748210986455 41.7968978484472 44.0961221853892 49.4425396124522 63.3438527584076 60.0032806396484 33.3298891782761 13.7091676394145 7.18007795512676 7.8566192338864 15.2309251328309 36.2997601429621 52.5599718093872 55.1400780677795 47.7696905533473 34.4133128722509 31.2746713558833 32.8365241487821 22.65698214372 19.0084253748258 28.7295157710711 14.025904238224 0 0 0
38.6617531379064 30.0936078031858 28.2504533727964 32.8327938914299 42.7907804648081 50.3504574298859 50.1036942005157 51.2287616729736 53.6215504010518 54.0605088075002 56.1895271142324 58.670570453008 60.4923516511917 59.2824319998423 56.0039679209391 53.3983111381531 56.1889956394831 50.2269367376963 46.0230857133865 46.4955071608225 46.1071580648422 44.6281681458155 42.9148972034454 41.0609046618144 40.3891950845718 38.7780865033468 38.2762501637141 37.3497605323792 36.7747495571772 35.6713806589445 28.8269470135371 35.2356111009916 35.8631288011869 19.9932157993317 15.1376761496067 7.93953736623128 1.26220968862375 0.380890133480231 6.83152303099632 20.5566585063934 41.8304453293482 38.184329867363 32.7633172273636 23.7335860729218 18.8593938946724 19.8066073159377 17.9102843006452 34.4480673472087 41.0481964548429 23.2494423786799 1.06708162153761 0
38.7793630361557 33.9008371035258 32.1912492314974 36.9211037953695 45.1760143041611 51.7545193433762 54.4677277406057 51.1868397394816 55.3728689750036 54.0536890427272 57.3746909697851 59.3074858188629 60.5271557966868 62.2653464476267 57.9957067966461 58.2001010576884 58.2363903522491 54.0005664030711 50.9746571381887 51.5455702940623 51.0203689336777 47.2336312135061 45.6509987513224 44.9960231781006 43.5859262943268 42.6168739795685 39.9278675516446 37.2703323761622 32.8591242432594 28.7665252884229 22.9541882872581 27.1147439877192 34.8474656542142 37.0567490657171 35.2872560421626 25.5197534958522 8.1010131786267 1.16781269510587 0.604884504961471 4.5123811190327 17.2524452209473 20.9246029456456 17.5223325689634 12.4302841722965 12.2081289688746 16.9070499638716 18.5924197236697 19.3623080849648 37.2594445943832 40.906382103761 24.9573737382889 0.0227198009573234
41.6218563914299 40.2945429086685 37.2267092267672 36.3015532493591 41.4759442210197 51.2296011050542 52.4878203868866 50.7668753465017 52.7352790037791 57.6641162236532 63.5088384151459 63.9074196418126 62.5538329283396 63.0859533945719 61.088706056277 60.8517080545425 61.5883419911067 59.3036512533824 54.8930466175079 52.5660961866379 50.1666069030762 49.2514322201411 50.5803525447845 53.0713895956675 48.1077780326208 46.5278128782908 38.4841039776802 32.8796555598577 27.5106579065323 24.3228276570638 25.2356926600138 30.4973994692167 38.5045533378919 49.2571294307709 54.201270143191 52.596444884936 38.2657771309217 25.6967196861903 15.0272312263648 3.84591954449813 8.3611278484265 16.8809853494167 17.3800587654114 12.3692254225413 11.9546627004941 25.8090272545815 42.9579118887583 36.6562679409981 31.8656861782074 37.1155266960462 17.8196902076403 6.04702904820442
43.9878950516383 43.4096405903498 42.4113323291143 39.3928041060766 40.6140014529228 48.7417578697205 50.6517688433329 50.7551034291585 51.0199218988419 59.602235754331 67.0148680607478 65.8046205838521 61.6936981678009 64.1394853591919 65.5815303325653 59.8896443843842 62.2405757506688 60.1504743099213 56.7594170570374 54.3483148018519 53.5654276609421 54.4603317975998 52.3153046766917 50.5976875623067 47.9741096496582 42.7608241637548 27.1388664841652 4.26175786803166 3.278197410206 10.9124941130479 22.6471920808156 28.4246876835823 36.8106017510096 43.9687172571818 54.2038331429164 58.2074224948883 56.9267024596532 49.6230622132619 37.009651462237 20.2825702726841 9.78607932726542 16.9887840747833 33.4651470184326 34.5491245388985 28.8400302330653 45.126403371493 65.8896416425705 57.6698184013367 37.7010355393092 25.6923486789068 12.4730902413527 7.07188248634338
42.9656008879344 41.1762048800786 44.5562849442164 45.5542554457982 43.4288034836451 45.7957287629445 50.749530394872 51.4670312404633 51.8384724855423 59.2789798974991 65.346027414004 64.0709946552912 59.8090390364329 63.2033050060272 66.5105879306793 57.9915642738342 59.376652042071 58.3047817150752 57.081604997317 57.9868406057358 58.8654677073161 58.9618782202403 55.8127562204997 49.4708021481832 49.0135947863261 44.9330707391103 29.5054266850154 13.4602151811123 13.024590909481 19.44558446606 27.3206184307734 32.1383203069369 45.0591146945953 54.5137772957484 64.9295995632807 58.9343061049779 55.6299090385437 20.7009886701902 21.0850884517034 21.6178447008133 21.3310271501541 34.6135149399439 38.5131364067396 20.13090873758 15.2709806958834 18.9173047741254 26.8144533038139 45.1712707678477 30.576412876447 20.9773108363152 14.5568648974101 10.4604798058669
32.9070637623469 39.6889497836431 42.8434709707896 45.4183022181193 45.4899221658707 42.4730082352956 50.8086731036504 54.0971308946609 55.0229251384735 59.7462157408396 61.7380390564601 60.7874989509583 60.9180927276611 59.4984789689382 60.8481168746948 57.546133796374 55.1141748825709 58.2633962233861 59.8999261856079 61.7011686166128 63.5766585667928 60.0279768308004 57.471772034963 53.2721132040024 52.1441400051117 51.7557660738627 46.6977953910828 40.960264702638 41.2686516841253 41.7777498563131 38.4796510140101 38.010244568189 49.1129855314891 66.476767261823 47.2059349219004 42.7803496519725 25.1205563545227 10.0446157157421 3.15433678527673 6.61555118858814 7.46162235736847 24.8669981956482 41.3326943914096 35.3110233942668 24.1732026139895 25.1743420958519 37.539800008138 41.5585041046143 39.0146821737289 32.991424202919 27.3455828428268 26.2573212385178
24.5558967192968 37.4214798212051 41.0229911406835 43.7600314617157 46.529824535052 43.0257618427277 46.5463548898697 53.5196910301844 63.4469787279765 64.8463269074758 60.257762670517 58.2668681939443 60.3698790073395 59.931014974912 60.0273807843526 57.7400773763657 54.6587556600571 57.2706460952759 56.1265846093496 53.2602518796921 55.4120739301046 54.3007006247838 54.5854866504669 53.2149573167165 55.0102144479752 59.5703025658925 66.8989419937134 66.9312377770742 57.4652701616287 53.3537417650223 41.9990321000417 35.1603552699089 43.5955822467804 40.9390876690547 17.7647906045119 11.9707410534223 11.2925519545873 6.18956362207731 0.334334210492671 0 0 10.6695269544919 35.5848347147306 53.8879583279292 55.4135590791702 58.3586792151133 56.2565873066584 56.3434263070424 56.5865635871887 46.4893678824107 36.5070551633835 45.6416060527166
26.3365556796392 34.8726163307826 41.4121548334757 43.6294376850128 44.9976076682409 45.1847861210505 40.1075681050619 48.7492879231771 67.2984917958577 66.2432760000229 58.3003660043081 55.5958052476247 58.0819497505824 61.8706146876017 61.0605875651042 57.9337775707245 57.3098907868067 55.3752432266871 49.2811401685079 43.2564715544383 43.3028886715571 46.4307765165965 47.0929443836212 51.4710744222005 53.4295787413915 60.2271755536397 74.8761196931203 80.2538295586904 61.4435325066249 50.7510403792063 41.8285181125005 30.2541603644689 28.7202745676041 34.2294921477636 16.3834368189176 8.5488340506951 9.42415619889895 13.9232948422432 7.46372652550538 0.41544740088284 0 1.28918032472332 17.985093096892 38.0169476071993 43.8688546419144 41.0183196266492 42.6041682561239 43.5500542322795 40.886734922727 42.4732565879822 42.791336774826 73.9980538686116
36.5693420171738 39.2502297957738 41.1993538339933 38.3885428309441 33.26382736365 29.6822985013326 36.7053349812826 42.4457887808482 50.904522339503 47.0772882302602 42.6382670799891 49.470379948616 57.0900291204453 59.079517920812 55.255447824796 57.0447345574697 57.460164030393 52.2602945566177 45.2011823654175 40.2235711614291 40.0704989830653 40.9812380870183 43.6550279458364 47.4923352400462 48.4589735666911 53.8649559020996 65.0025258461634 74.1196324427923 61.7180118958155 47.7038621902466 37.105068564415 27.0394881566366 16.2541915973028 37.3563518126806 34.423458079497 15.5673486491044 15.4864365855853 36.7390389243762 38.5639220476151 25.6867458422979 4.92153006295363 2.20509866873423 9.7933579236269 16.1549896001816 15.0473974645138 16.5695423881213 18.7903083860874 20.8322542409102 20.3147331873576 35.9041442473729 55.1240841547648 105.555484692256
46.987846493721 43.8710103432337 40.4376536607742 34.1160694758097 25.3837158282598 20.115186770757 28.4232919414838 29.2126089334488 20.747664074103 17.4053149918715 29.9992114305496 39.9755984544754 46.0068682829539 49.8511642217636 52.9915193716685 62.4680469433467 65.2839591105779 57.2667370239894 49.3410130341848 46.2650010983149 43.6460872491201 43.6960111061732 44.8756217956543 43.0316378672918 45.1635519663493 47.7050443490346 57.455450296402 59.4228009382884 54.7189215819041 36.1726606885592 35.7159053285917 31.8369368712107 27.9490302006404 45.0229446093241 51.43736799558 40.2717789014181 30.8799197276433 18.9282273252805 21.0849419236183 28.9389515916506 16.2804176410039 7.9611415664355 9.5060287664334 9.93170340855916 5.23560494184494 6.20413695772489 12.8330166141192 14.685037235419 15.6334576507409 36.0014910499255 78.9570113023122 121.005853017171
49.5895743370056 43.4435953696569 39.0409082174301 35.5499709645907 29.0971721212069 23.9065140485764 20.4969421029091 15.293558438619 2.2477835106353 9.9328172703584 25.4768133163452 35.6106037894885 35.3877941767375 42.5513982772827 55.1139612992605 70.4118808110555 75.5632172028224 68.7980353832245 60.9599500894547 57.2818766037623 52.5905837615331 50.1894056797028 50.6687710682551 45.9891806046168 42.8382704655329 43.9571887254715 42.2263443470001 45.1120386521022 43.4021453062693 29.8160463571548 28.9183408021927 30.2707900603612 19.0618659059207 42.6245828469594 66.6509370009104 69.6673293908437 45.183797677358 13.4743427236875 10.4731420675913 15.2445609370867 15.6418221692244 13.5783292353153 14.5608012874921 13.7301062544187 7.61461382110914 4.75559631983439 10.2350451052189 14.4065196315447 25.0856553514798 47.9605694611867 109.095195929209 139.923473199209
51.8458783626556 46.8570490678151 45.5605338017146 46.5921511252721 43.5484747091929 37.7928937474887 33.1752374768257 33.5112685958544 32.3562795917193 37.8762135903041 45.1511840025584 50.2772827943166 50.5477637052536 46.1359272400538 55.8687895536423 70.4008191823959 80.4243485132853 80.7905594507853 73.9534596602122 64.7540440162023 59.0670257806778 55.3117444117864 53.2451719045639 54.6920051177343 48.5146939754486 38.7858500083288 33.2250371575356 35.8450462420781 36.5261311332385 35.9227607647578 15.8995812137922 16.2080998222033 13.0705858270327 20.5821966131528 73.1736272573471 83.3270649115245 52.1908054749171 16.926904519399 5.79042608539263 5.87400173147519 8.56457961102327 6.49960339069366 14.9554709593455 18.885297079881 27.6862134536107 11.9037056962649 12.5858721633752 30.387170612812 53.8380245367686 95.9898432095845 127.706577380498 140.863080819448
52.6002943515778 49.9868939320246 50.1409868399302 51.4884094397227 50.997406244278 47.5252419710159 47.2990075747172 54.5756717522939 70.2497065067291 66.3174440463384 57.6792458693186 58.8993479808172 64.2422089974086 52.8194159269333 53.939089179039 61.9723200798035 69.5452143748601 77.2396872440974 77.9824107885361 71.3498294353485 65.9294724464417 59.8485966523488 57.2244822978973 54.3474654356639 46.2868958711624 37.9731406768163 26.7167016863823 27.9144396384557 30.5458754301071 15.7787129282951 11.3323169449965 9.65281327565511 5.67192025482655 2.9365470012029 66.582644979159 84.8127206166585 66.1728580792745 53.9613167444865 24.4666710495949 2.33420434718331 0.0303449293520922 0 7.51953696211179 30.3429787357648 36.6301263372103 27.8498083353043 26.6127238670985 47.5988884766897 102.011978626251 144.973337650299 138.930559158325 127.271910508474
51.835760474205 48.6359447240829 43.4218595425288 39.0933826565742 39.3330380320549 41.1912004152934 41.2938743829727 52.5160928567251 61.7075910170873 57.4088344971339 48.7416436274846 48.0269094308217 58.4863970677058 54.525430003802 51.1168738206228 49.6260027090708 50.6659249464671 57.5965493917465 67.4216747283936 71.5645402669907 67.4854268630346 61.6788019736608 55.7986448208491 50.5417684713999 44.3332990010579 35.9467988212903 26.4681602517764 16.1575265228748 26.9470363855362 20.906463265419 11.3060151537259 6.77022462089856 1.15054054185748 0 0.0187083714990877 75.0452975432078 81.9776207208633 92.1963651974996 74.0105807781219 27.6534085472425 1.78911614542206 0 1.87981966882944 16.304038465023 41.7601019144058 60.3355666001638 80.1967134078344 128.747115532557 168.438851833344 178.664763768514 163.949271043142 132.622460524241
53.8822909196218 51.910936832428 46.3335067033768 39.9073163668315 38.4535863995552 41.1058937509855 34.275916715463 32.1337108810743 33.8370328148206 30.7973648111026 23.9961495002111 21.6880217194557 25.4721368352572 42.0727729797363 48.9609936873118 43.4844295183818 32.6311513781548 29.4374128182729 40.6680256128311 59.6248606840769 61.4918520053228 56.4120163520177 49.8921970526377 47.1909642219543 41.1667873462041 35.7287054260572 29.603123664856 8.07171501219273 12.6690665880839 32.684251666069 16.8458893895149 10.4377207656701 3.34398386379083 0 0 54.0875246127447 94.3711002667745 108.768900235494 95.2136317888896 66.6225502888362 34.7385058800379 7.08617766698201 4.62855150302251 20.9197526176771 50.2915879090627 111.167848110199 151.10969543457 180.910527706146 189.846813678741 189.148942629496 179.63041861852 151.820292075475
55.5195113023122 55.4504742225011 52.9949069023132 49.6027519305547 47.7831860383352 47.0671554406484 32.6823641856511 19.7166800498962 20.0521113971869 21.9317724307378 19.4728548328082 17.0075632631779 18.1090099116166 38.4169568618139 51.6273776690165 42.2429740428925 25.4470159610112 13.7524579962095 16.8145497639974 30.3912088274956 41.0177906354268 44.5126791795095 45.0672457615534 38.6770168940226 34.3814641237259 29.9068888028463 11.4051178097725 5.84178417921066 9.22061999638875 35.7001026471456 44.1359827915827 37.3053600390752 18.4633967777093 0 0 33.2253128290176 87.6351594924927 95.9185560544332 77.2284169991811 74.2019414901733 78.5986731449763 63.1331255038579 41.853720943133 55.9362719456355 106.189737717311 149.980783462524 172.842462857564 183.781683444977 185.571253299713 183.152079582214 178.252379099528 156.685461600622
