input/barkrak2/radiation/dir34824.grid
NCOLS 85 
NROWS 70 
XLLCORNER 665100 
YLLCORNER 4664600 
CELLSIZE 20 
NODATA_value -9999 
[rows 46 to 68 of 70, columns 0 to 51 of 85]
45.4630454381307 46.9812353452047 49.4210620721181 51.3898432254791 51.1790861686071 51.0311126708984 52.9258251190186 54.6693752209345 51.6839474439621 50.4987438519796 49.6843556563059 49.3005216121674 46.0239052772522 43.2611753543218 42.8445637226105 45.9871590137482 44.7485794623693 39.7138794263204 43.9089636007945 42.8163707256317 40.4815127452215 40.9762114286423 40.753073990345 39.7196883956591 47.9227155447006 43.3355371157328 44.4107353687286 44.6763932704926 44.0763433774312 43.4200863043467 42.414332429568 39.6654059489568 38.6307165026665 38.4745473663012 40.7913277546565 41.9771919647853 42.9048389196396 47.5936730702718 48.7080464760462 45.9847946961721 44.2962199449539 41.4994557698568 46.9161520401637 51.1059860388438 44.0346499284109 19.9671114484469 0.200538740803798 0 0 0 0 0
39.8702348272006 42.0922736326853 47.2136239210765 48.6405541499456 52.1665414174398 53.7377893924713 51.8662581841151 51.7057528098424 51.8186191717784 54.3932318687439 51.8005987008413 48.5427677631378 47.1919228633245 47.3630279302597 45.9218521912893 44.9223419030507 44.2346980174383 38.060004512469 41.6604951024055 42.7991499503454 39.636438091596 40.6147713462512 42.8580741087596 38.0155717333158 40.6665727496147 42.5756871700287 39.2207950353622 41.8329785267512 43.75093181928 42.4519081910451 43.5960590839386 42.7919924259186 38.8294855753581 41.0204281409582 50.8641103903453 53.8335492213567 49.8002568880717 45.0264861186345 46.9240744908651 52.0052115122477 46.8553404013316 42.2214319308599 49.4529952605565 53.3708333969116 49.041822552681 34.2740093668302 7.33323022723198 0 0 0 0 0
33.5816393295924 36.5756203730901 41.4239565531413 44.4358885288239 50.6136367718379 53.864707549413 51.0444740454356 49.4777162869771 53.4078826506933 55.6612759828568 53.8143416245778 50.3266354401906 49.2508510748545 50.0928461551666 47.9528208573659 43.386181195577 42.9790119330088 38.0835135777791 41.3071264823278 44.2456801732381 43.6417907476425 43.7353700399399 45.5462435881297 42.3909326394399 40.4843762516975 42.5834357738495 42.1850979328156 45.9350496530533 50.4138469696045 52.1716723839442 55.8748493591944 56.3456118106842 47.8103806575139 49.156258503596 55.8038254578908 62.668909629186 61.3312820593516 52.1456102530162 46.8454261620839 51.3279537359873 46.1810827255249 40.8429553111394 41.0647044579188 41.0492022832235 40.2797112862269 39.5464226603508 29.1429162025452 1.00404722616076 0 0 0 0
32.6475451389949 30.743196606636 34.7230359911919 41.8768773476283 47.0787584781647 50.0466724236806 52.5374164183935 55.166095495224 56.4904858668645 53.6048809687297 55.2993963162104 55.5912752946218 52.798201640447 50.5086680253347 48.6428836981455 45.1801816622416 44.0206825733185 41.8180723985036 44.8006888230642 47.7203627427419 49.1490513086319 49.2549886306127 47.6714124282201 48.2790221770604 43.5856133699417 45.4665571451187 48.4604736169179 53.7818123896917 58.8570932547251 64.8440817991893 70.1700995365779 69.9950704971949 62.9407564798991 56.4522643884023 55.9891611337662 57.3212057352066 67.1172688404719 59.4532936811447 51.2035588423411 44.5708533128103 40.4131884376208 41.0648634036382 40.2297427256902 38.2828588287036 33.8464652498563 35.615399479866 21.4295089244843 6.12326773504416 0 0 0 0
32.8123420476913 35.9642629822095 39.3010377883911 44.990082581838 45.2774812777837 45.7620322704315 53.1833668549856 57.9869548479716 57.9717655976613 57.8755140304565 57.9008559385935 57.6138397057851 54.6362896760305 50.896813472112 50.8206983407338 53.9343804121017 47.5151091814041 47.7749208609263 49.3183732032776 52.7298549811045 53.0051787694295 51.1659532785416 49.0646213293076 48.3668148517609 45.0109044710795 49.3826617797216 51.9564847151438 55.6464046239853 61.1714472373327 71.2302525838216 76.964259147644 79.4258614381154 70.9128628174464 60.6375237305959 44.4496174653371 46.3187048832575 55.6713094313939 63.8359139362971 55.8391312758128 42.3658043146133 37.1042763193448 40.1324977477392 44.811616341273 41.0281096895536 37.0016495386759 35.283533235391 19.4812516371409 9.59353769818942 0 0 0 0
33.5789794723193 43.576791882515 45.6338077783585 46.7014263073603 44.7678019603093 44.3561176458995 51.6415586074193 56.7748993635178 56.6353350877762 61.3182584444682 59.3541512886683 58.7454736232758 56.5927277008692 52.8611441453298 53.2509982585907 58.4970017274221 52.1555244922638 50.5351523558299 48.8302807013194 49.7584889332453 50.1067936420441 49.2163648207982 49.1326898336411 45.8455781141917 43.5664107402166 45.7676947116852 48.777828613917 50.4253307978312 53.1484087308248 60.9987378120422 71.4772641658783 79.3632964293162 71.9694445530574 54.7504127025604 17.1639124552409 16.7467097441355 22.7868805329005 48.3298550049464 54.9090206623077 57.5707852840424 51.8826345602671 45.480544368426 36.8715574343999 36.347766717275 40.5203625559807 35.6398373842239 19.3961796661218 14.0903492768606 0.0672460543379809 0 0 0
36.8405058979988 35.4489684104919 34.7159256537755 36.6411060094833 42.4278080463409 47.313908735911 48.1431583563487 53.5704890886943 53.5044968128204 58.016449213028 58.405394355456 60.1350863774618 60.0735247135162 56.0144186019897 54.7355562448502 53.3755322297414 55.225282907486 49.9347349007924 44.995238383611 43.1040823459625 42.8494314352671 45.0438211361567 45.9496378898621 41.708176334699 42.2240346670151 39.5087997118632 40.1791930198669 42.3109233379364 42.6253825426102 44.1989153623581 50.6650308767954 63.4772082169851 60.0996514161428 33.2516481479009 13.6560710767905 7.18444896241029 7.84660689532757 15.1467596491178 36.1627613504728 52.3973455031713 54.986427227656 47.7122763792674 34.3973785638809 31.2723418076833 32.759760816892 22.5271234909693 18.9226604998112 28.8468400637309 14.1262225806713 0 0 0
39.1412302851677 30.578501522541 28.7334298094114 33.3281581600507 43.3058788379033 50.8667727311452 50.6147543589274 51.7301261425018 54.1155238946279 54.6520551045736 56.6753000020981 59.1273754835129 60.9464347362518 59.9425186713537 56.4307868480682 53.8012087345123 56.5908402204514 50.5892485380173 46.8522806962331 46.8281904856364 46.4105308055878 44.895609219869 43.7627683083216 41.3249383370082 40.6043777863185 38.9676963289579 38.4206026792526 37.4660094579061 37.7397586901983 36.3487948973974 29.2405560612679 35.4173108935356 36.0202317436536 19.8859212299188 15.0774791836739 7.93955102562904 1.28252975021799 0.409420696087182 6.86025122801463 20.4315409064293 41.6962504386902 38.0826269586881 32.6993837952614 23.6602748433749 18.758329252402 19.7101396818956 17.8340648611387 34.5990980664889 41.2584294875463 23.4449555476507 1.08954574291905 0
39.250393708547 34.3855743606885 32.6886648933093 37.4546324213346 45.5961128075918 52.3211459318797 54.9884339173635 51.5673210223516 55.7247549295425 54.5566727717718 57.9742292563121 59.7881227731705 60.856098930041 62.7166926860809 58.4267675876617 58.6293985446294 58.6385230223338 54.3796022733053 51.3364126284917 51.883672674497 51.3348579406738 47.4887142578761 45.926108956337 45.9460765123367 43.8079386949539 42.8124914566676 40.0646378596624 37.405788898468 32.970371345679 30.0739854574203 23.4944745898247 27.0844201246897 35.0027531385422 37.1866971254349 35.4200080037117 25.6414959828059 8.16115488608678 1.19164135927955 0.621292313250403 4.36150468885899 17.175213744243 20.8108946681023 17.4419482549032 12.3955495655537 12.1779118975004 16.8411893149217 18.5060972968737 20.4538106918335 37.4654481808344 41.0758728782336 25.1590187350909 0.0321777139712746
42.1008418003718 40.7864898443222 37.7355962991714 36.8148013949394 42.0473118623098 51.6541451215744 53.0116508404414 51.2845764557521 53.2497465610504 58.1686000029246 64.0172908703486 64.3935898939769 63.0365212758382 63.5374436775843 61.5192353725433 61.2668643395106 62.0037813981374 60.1316640774409 55.7738443215688 52.9217422008514 50.5015154679616 49.5169758796692 50.8394688367844 53.3055166403453 48.3020891745885 47.5355287392934 38.6131356159846 33.0414623022079 27.6700730125109 24.4794239600499 25.4007801413536 30.6059941649437 38.6770615975062 49.3774861097336 54.2618532975515 52.6621242364248 38.2718394200007 25.7585446039836 15.0205207367738 3.87400823334853 8.35746402541796 16.8089245756467 17.3060136536757 12.3380906879902 11.9240072866281 25.9103601177533 43.1249489386876 36.8650481104851 32.0831909775734 37.5172172983487 19.7141543030739 6.03284562627474
44.466957449913 43.9054816961288 42.9235200087229 39.9376874168714 41.133277118206 49.2721845706304 51.1732796827952 51.2728244066238 51.5667150417964 60.1210792859395 67.5239264965057 66.3047035535177 62.0006620883942 64.760223031044 66.0253663857778 60.3053669134776 62.660018603007 60.5448385079702 57.1395059426626 54.7065834204356 54.3454438447952 55.3131103515625 52.5521139303843 50.8380631605784 48.1922725836436 42.9252485434214 27.3738726973534 4.24268407126268 3.27658963700136 11.1059049765269 23.5091199477514 28.5439938306808 36.976213256518 44.1109041372935 54.7731618086497 58.1100980440776 56.7998588085175 49.4792511065801 38.5025789340337 20.940825343132 9.76892126103242 16.9124926129977 33.4869946042697 34.6944481134415 28.7937099734942 45.50534983476 67.2882695992788 57.9079737265905 37.9201223452886 25.8674373229345 12.4133192002773 7.05697759985924
43.4359560410182 41.6647245486577 45.076310634613 46.0853676001231 44.0132568279902 46.3317682345708 51.2704700231552 51.9856264193853 52.3625761270523 59.7990254561106 66.0080810387929 64.3471777439117 60.3089680274328 63.5247727235158 66.8470313151677 58.4414501984914 59.7977538903554 59.0549409389496 57.4117749929428 58.7831636269887 59.2007289330165 59.9054992198944 56.0717632373174 49.7364401817322 49.2710620164871 45.1594193776449 29.7674089670181 13.6778280138969 13.2491725186507 20.0144872069359 27.3971036076546 32.2411532203356 45.3292628129323 54.606373111407 64.9491548538208 58.7444454431534 55.4574280977249 20.5624674757322 20.9630876779556 21.4979673425357 21.3102598985036 34.5939472317696 38.4774009386698 20.0203520556291 15.2006521821022 18.8105230530103 31.7540963490804 45.3092008829117 30.741773545742 21.1026643713315 15.3590602179368 10.8241563042005
33.3624929189682 40.1189252734184 43.3675746122996 45.9524641434352 46.0771818955739 43.0592894554138 51.3700842857361 54.6306669712067 55.550883213679 60.4309141635895 62.3960395654043 61.3629966974258 61.2004498640696 59.9949657917023 61.3353202740351 58.0037633577983 55.4763972759247 58.6810211340586 60.2795084317525 62.0667884747187 63.8340761264165 60.3450437386831 58.3646198113759 54.160883029302 52.3943901062012 52.0041833321253 46.9143092632294 41.1764532327652 41.3933545351028 41.8304204940796 38.5084797938665 38.0819390217463 52.8423885504405 66.5495693683624 47.0184783140818 42.6366031169891 24.9639799197515 10.0370477885008 3.17890010774136 6.5655509630839 7.40380957722664 25.8540933330854 41.2660712997119 35.4343727231026 24.3005032340686 25.3352224826813 37.6891742149989 41.7116383711497 39.20712073644 33.1772218147914 27.524545788765 26.4818221330643
25.0148524840673 37.9332030812899 41.5458232164383 44.2909399668376 47.0669021209081 43.55056087176 47.1257418394089 54.0737211704254 63.9910797278086 65.5698974927266 60.9212120374044 58.831125497818 60.5998684962591 60.4389657576879 60.5257352193197 58.2292328278224 55.1142990589142 57.9309811194738 56.4642598231634 53.6159227291743 55.7747185230255 55.1499674717585 54.8998812834422 53.4768452246984 55.2417983611425 59.8340680201848 67.0850972334544 67.0093993345896 58.8276535272598 53.3831268548965 42.9706474145254 35.1685831944148 43.6247885227203 41.1116679509481 17.6757077376048 11.9463726878166 11.2826662758986 6.2262366215388 0.355082370030383 0 0 10.6889568269253 35.4632884263992 53.8287063439687 56.6897292931875 59.2961013317108 56.3187698523204 56.4302255709966 56.8030377229055 46.7027177413305 36.7172906796137 45.9918032089869
26.8933276335398 35.3953987360001 41.9350912173589 44.2231198151906 45.4711765050888 45.8667824665705 40.6400486826897 49.345056215922 67.8701301415761 66.7828967173894 58.8468611240387 56.1429013808568 58.6290508508682 62.3852362235387 61.417872707049 58.4783454736074 57.6563129822413 55.8254768451055 49.9291867017746 43.6465889215469 43.6764558156331 47.1726208925247 47.4026302496592 51.7657101154327 53.6689013242722 60.4719618956248 75.039878487587 80.3025563557943 62.9219909509023 50.7313708464305 41.8932537237803 30.2938272555669 28.734212120374 34.367394944032 16.3210307558378 8.56474662820498 9.43348618845145 13.9835899074872 7.50826423366864 0.430081699353953 0 1.33483468865355 17.8917124867439 37.8816251953443 43.7086919943492 40.8754472931226 42.5303777058919 43.4734175602595 45.024702946345 42.6556269327799 43.0285682280858 74.4816611210505
37.1609528859456 39.8134142160416 41.8240129947662 38.875957330068 33.8831270734469 30.1717619101206 37.3237580060959 42.9781476656596 51.6530722379684 47.5958387056986 43.1861529747645 50.0134378671646 57.645653684934 59.5919589201609 55.7594199975332 57.5579255819321 57.9579571882884 52.728349963824 45.6577837467194 40.776106218497 40.4765605926514 41.297177473704 44.4193532069524 47.7746427059174 49.3721216917038 54.1175305843353 65.1833762725194 74.2350121339162 61.7490808169047 47.7227667967478 37.1137584249179 27.09132929643 16.1669279138247 37.4905119339625 34.5354999105136 15.5170112848282 15.4293949405352 36.7079103986422 38.5072827339172 25.7362276315689 4.93012461811304 2.23394700636466 9.77309048175812 16.0781393448512 14.9781617025534 16.4831963678201 18.6866621176402 20.711841682593 20.1991672317187 36.0817462205887 55.4459442694982 106.170078118642
47.5034217039744 44.4609920183818 41.0271808505058 34.5939472317696 25.8550196886063 20.5860411127408 29.1559845209122 29.6782900889715 21.2016726533572 18.3503503600756 30.5026123921076 40.4874632755915 46.5156584978104 50.3681004047394 53.5020232200623 62.9857182502747 65.8636093139648 57.803342739741 49.8073001702627 46.7047840356827 44.2819694677989 44.0784593423208 45.1927085717519 43.2844261328379 45.4210738341014 48.6767788728078 57.7022035916646 59.5857053995132 54.8360447088877 36.8080486853917 35.7049107551575 31.8532561262449 27.9930780331294 45.1818704605103 51.5638689200083 40.3889616330465 31.0152048865954 18.8183461626371 20.9540029366811 28.8853471477826 17.1817963322004 7.94586601356665 9.48710863788923 9.91748149196307 5.2630336334308 6.2452939649423 12.7877965569496 14.6257604161898 15.560711423556 36.219780643781 79.4200003147125 121.685653924942
50.1151829957962 43.9642816781998 39.5403976241748 36.0283106565475 29.6029498179754 24.4125078121821 20.9498504797618 15.8912688493729 2.8141268218557 10.3708865741889 25.9900316596031 36.1451581120491 35.8744611342748 43.0617382129033 55.6983898083369 70.698802669843 76.1887729167938 69.2890634139379 61.4636490742365 57.7385574579239 53.0214011669159 50.9524842103322 51.0267118612925 46.2698290745417 43.0402457714081 44.9267874161402 42.3572063446045 45.8159744739532 43.5807456572851 29.962291320165 28.9056152105331 30.2598526080449 18.9864709973335 42.601356903712 66.7833785216014 69.7961151599884 45.328696568807 13.4241034587224 10.4455860952536 15.1704251766205 15.5591083069642 13.5151520371437 14.500580728054 13.6859752237797 7.61792249977589 4.77339886128902 10.2122506747643 14.3472092847029 25.2444967627525 48.3063360055288 109.703401724497 140.632152557373
52.3687601089478 47.3805814981461 46.1238225301107 47.1027096112569 44.0524915854136 38.3130460977554 33.6933682362239 34.001037478447 32.8663811087608 38.4298091133436 45.6810494263967 50.8145143588384 51.0809868574142 46.6548899809519 56.3852290312449 71.1825539668401 80.9156894683838 81.3821156819661 74.4292239348094 65.2191042900085 59.7109844287237 55.7393928368886 53.5812874635061 55.5570969978968 48.7565298875173 38.9492238561312 34.7122599681218 36.0542138417562 36.7364560564359 36.068394780159 15.8099333445231 16.1212980747223 13.0093495051066 20.4524919390678 73.3249684174856 83.4519366423289 52.3188809553782 16.8531276285648 5.80788031220436 5.88511861860752 8.54872539639473 6.43389299511909 14.9183894197146 18.7890765567621 27.8429587682088 11.8544325232506 12.5366002321243 30.5594801902771 54.1383226712545 96.5066254138947 128.403902053833 141.603042682012
53.121417760849 50.4993945360184 50.6483813126882 51.9890288511912 51.402951280276 48.0571389198303 47.8582580884298 55.1449358463287 70.8532631397247 66.9673184553782 58.3079755306244 59.4530006249746 64.7967954476674 53.3262093861898 54.4172128041585 62.8194014231364 70.3715085983276 77.3761918147405 78.3137778441111 71.8617339928945 66.5208945671717 60.258095463117 57.634765903155 54.6465913454692 47.218402226766 38.1887679298719 26.8345723549525 28.0805354317029 30.7943398753802 15.6869180500507 11.2963902453581 9.63488221168518 5.68162774046262 2.46229240049919 66.8616940577825 84.9277873833974 66.2832111120224 54.1063994169235 24.6044819553693 2.36214774971207 0.0368602656332465 0 7.55791986982028 31.0966422160467 36.8150075276693 28.0181244015694 26.78149441878 47.8847473859787 102.455039819082 145.589450995127 139.642844597499 127.998411655426
52.3532877365748 49.1468807061513 43.9130713542302 39.567324022452 39.8537516593933 41.7097508907318 41.8729186058044 52.93075243632 62.4202390511831 57.9544206460317 49.2625037829081 48.7244625886281 59.0277363856634 55.0956825415293 51.580011844635 50.5388130744298 51.0716487963994 58.0309530099233 67.9168204466502 72.0096031824748 68.0476824442546 62.3152156670888 56.1979462703069 51.2763112783432 44.6082055568695 36.634994049867 26.632400850455 16.1747944851716 27.150625983874 21.0113873084386 11.2785585224628 6.7823367814223 1.17278393978874 0 0.0349474648828618 75.1787573099136 82.0853809515635 92.3363864421844 74.182391166687 27.7744183937709 1.81321830799182 0 1.9269942616423 16.2183990081151 41.956752538681 60.5798214673996 80.5193831523259 129.217763741811 169.02760664622 179.290692011515 164.638171593348 133.347511291504
54.3984025716782 52.4490376313527 46.8393911918004 40.4026831189791 38.9476617177327 41.6134943564733 34.7918346524239 32.6381822427114 34.3444794416428 31.2789678573608 24.4210908810298 22.3046243190765 26.1089454094569 42.5874690214793 49.4759430487951 43.8321779171626 32.9072674115499 29.743621746699 41.0820518930753 60.2713276942571 62.0590349038442 56.9622417291005 50.273522734642 47.5586354732513 41.457454363505 35.9099035461744 29.819888373216 8.03066045045853 12.6016400754452 32.8385507067045 16.768799473842 10.4144445310036 3.36229335516691 0 0 54.2980333169301 94.49170033137 108.855426311493 95.3447123368581 66.7732656002045 34.8924001057943 7.15823595722516 4.63472461948792 21.0859527190526 50.5847781896591 111.546228329341 151.548484961192 181.470334529877 190.438310305277 189.744571844737 180.276354153951 152.528365453084
56.0543636480967 55.9954196214676 53.5200883944829 50.1065105199814 48.2879082361857 47.6193179686864 33.1763277451197 20.2057100832462 20.5533107121785 22.4284157156944 19.9412368237972 17.4659689267476 18.5623789827029 38.9404818415642 52.1887242794037 42.6167498032252 25.7573773463567 14.0895918011665 17.214530458053 30.7202612360318 41.475144525369 44.9514289697011 45.5830146869024 38.9623095591863 34.6950367093086 30.2093649903933 11.3375907142957 5.83317689597607 9.21322529514631 35.8586187163989 44.2812144756317 37.4785338838895 18.6610892415047 0 0 33.4472730755806 87.7917309602102 96.0421065489451 77.3510932922363 74.3277072906494 78.7866016228994 63.4121149778366 42.1478152275085 56.2815964221954 106.674402952194 150.508721669515 173.373103141785 184.380729993184 186.177988847097 183.742642402649 178.873360157013 157.379408677419
