input/barkrak2/radiation/dir31324.grid
NCOLS 85 
NROWS 70 
XLLCORNER 665100 
YLLCORNER 4664600 
CELLSIZE 20 
NODATA_value -9999 
[rows 0 to 21 of 70, columns 0 to 49 of 85]
99.884808063507094 114.514698584874 130.908906459808 149.702260891596 160.471856594086 163.080344597499 162.150144577026 159.674803415934 157.859931389491 161.252756913503 161.864817142487 158.220499753952 153.812090555827 154.563297828039 154.805392026901 142.862260341644 129.791468381882 120.905856291453 121.017575263977 117.989261945089 119.382967551549 140.874783198039 163.444310426712 168.083806832631 171.427230040232 181.969622770945 180.476367473602 170.233865578969 162.379056215286 163.539111614227 159.0303281943 181.751171747843 226.131002108256 223.901629447937 220.31557559967 207.923789819082 212.504426638285 224.360346794128 221.385359764099 221.078673998515 212.233742078145 220.121423403422 225.673973560333 218.43953927358 205.911119778951 213.890552520752 219.184994697571 178.902387619019 122.912665208181 118.380318085353
79.5117070277532 94.4701234499613 108.241448799769 126.161128282547 141.274879376094 150.146305561066 154.454211393992 161.921521027883 165.884226560593 165.556877851486 164.330353339513 159.692108631134 154.626150925954 154.745161533356 154.813637336095 141.907791296641 133.514434099197 124.786059061686 124.586075544357 121.592283248901 133.45530629158 158.922225236893 177.101055781047 177.640120188395 180.840293566386 187.925378481547 183.778385321299 173.899412155151 165.985643863678 165.055970350901 166.238973538081 193.061312039693 221.223215262095 218.239843845367 214.393337567647 210.151553153992 216.527819633484 226.270000139872 222.775359948476 219.129721323649 214.654246966044 216.718792915344 212.259868780772 202.074766159058 196.898937225342 209.126830101013 211.034337679545 162.623693545659 129.939099152883 140.892058610916
40.8906489610672 51.9663542509079 58.3103249470393 68.0421094099681 76.4907449483871 93.1724309921265 108.92528295517 136.458396911621 150.681336720785 153.940498828888 157.742897669474 160.958071549733 163.748284180959 165.466924508413 167.153060436249 167.600452899933 161.743213733037 151.122440894445 136.366178592046 130.358705917994 144.472787777583 164.569348096848 175.96572637558 178.66837978363 182.872414588928 182.305455207825 179.082115491231 173.317909240723 169.95100180308 173.090815544128 183.304051558177 204.927265644073 219.980438550313 215.261816978455 212.277869383494 210.480511188507 220.540980497996 229.234397411346 224.628170331319 217.706878980001 211.167136828105 201.285243034363 187.479774157206 180.647253990173 186.942954858144 204.083681106567 196.528752644857 159.175823132197 150.058378775915 169.259488582611
25.4854162534078 27.094379067421 31.6123167673747 35.9798322121302 39.0411416689555 44.9614475170771 56.5031220515569 76.308419307073 94.5301453272502 119.828353325526 137.100120385488 153.230329354604 162.830730279287 166.176527738571 170.157273610433 176.474531491598 173.552989959717 161.735087633133 145.096083482107 138.037860393524 139.294226964315 144.78079477946 157.548060019811 168.711006641388 170.224686463674 170.406520366669 172.24661509196 172.207117080688 174.663086732229 180.068830649058 187.223017215729 206.134219964345 211.759448051453 209.270517031352 208.534081776937 210.961441198985 213.492711385091 214.217940966288 207.703808943431 196.750958760579 192.73575146993 184.745788574219 181.971649328868 193.949739138285 205.801506837209 199.415266513824 180.560727914174 158.017814159393 159.905056158702 173.114418983459
35.9796037276586 28.7822733322779 18.4791882832845 13.9736371735732 13.4605343143145 24.2412090301514 40.9096876780192 51.1425981918971 60.8991285165151 66.5649473667145 91.5188590685527 115.044742822647 128.437807162603 146.667003631592 156.376938025157 159.158011277517 157.357394695282 152.489840984344 145.608931779861 140.023519595464 136.046359936396 134.155174096425 142.547110716502 155.052522818247 162.446995576223 169.800559679667 171.704888343811 172.873874505361 174.411714076996 174.996852874756 182.719230651855 204.77823416392 204.595843950907 204.301794370015 204.098304112752 202.822387218475 199.86218214035 197.268108526866 191.771626472473 182.667295138041 183.166702588399 182.910044987996 194.022039572398 205.374658107758 207.039296627045 181.933045387268 150.690267483393 141.78721110026 153.755923112233 172.267496585846
62.1665169795354 47.2528636455536 29.7691027323405 14.6187419692675 10.0020089497169 16.8272691468398 30.4662014047305 42.881781856219 51.2360036373138 49.6335178613663 56.0096502304077 66.7864332596461 75.0048806269964 77.7610639731089 84.6812427043915 94.7137077649434 103.042115767797 115.204095840454 127.879957358042 142.013341188431 137.691547473272 143.194228410721 140.360057353973 143.543879191081 152.524451414744 161.536902189255 168.714165687561 172.673185666402 175.406316916148 177.907745043437 191.007892290751 202.274700005849 196.658392747243 195.103446642558 196.398615837097 196.004529794057 193.333566188812 188.522537549337 179.936051368713 181.773145993551 182.694474856059 182.870825131734 185.184001922607 190.390308698018 185.851375261943 143.083095550537 124.146928389867 133.638838926951 153.530945380529 191.810409228007
71.7113266388575 66.3392494122187 53.0056953430176 35.0196013847987 21.6601540644964 14.9376069506009 18.0364114542802 33.4161321322123 43.300340572993 49.1205602884293 47.3872075478236 46.698530515035 44.4595714410146 42.2304471333822 43.4345006942749 51.1896709601084 61.4917526642481 76.9375960032145 95.32697002093 112.145086129506 122.344106435776 130.393942197164 131.302585204442 128.191828727722 136.387060085932 139.471719662348 147.057990233103 157.323181629181 167.095979054769 177.654405434926 190.598348776499 195.360024770101 183.915118376414 179.760257403056 180.371562639872 181.206703186035 181.332250436147 176.557600498199 171.527723471324 166.017353534698 162.515829006831 162.672022978465 172.032952308655 179.789165655772 176.352898279826 170.192499955495 179.925322532654 188.382983207703 200.687766075134 215.377608935038
85.1037800312042 73.1195360422134 67.0044521490733 56.3808331886927 41.2857532501221 22.2418854633967 12.5618055462837 9.91237473984559 23.194707930088 40.1059736808141 48.8807857036591 47.6429810126623 43.0007427930832 38.177323838075 31.8429345885913 33.4317882855733 41.8042987585068 52.9997100432714 72.1164246400197 88.7282888094584 103.496342897415 115.277628103892 125.318954388301 123.732695976893 128.565092881521 126.97958946228 130.088498195012 134.948939085007 144.178132216136 161.608318487803 174.695432186127 178.453981876373 167.749961217244 163.111309210459 160.115291674932 160.968005657196 167.260924975077 167.560537656148 163.818379243215 147.112429141998 143.152813116709 150.742908318837 166.246682405472 180.340389410655 184.677561124166 190.641800562541 201.83527469635 207.524478435516 214.897811412811 216.355045636495
79.4043292601903 71.7432647943497 62.9832446575165 62.1700386206309 53.9412995179494 39.9076094230016 24.838425219059 10.385949164629 17.6757176717122 23.0118458469709 30.3123245636622 43.0351446072261 45.3451971213023 46.3099181652069 41.2294616301854 37.8043800592422 37.7143695950508 41.378565132618 52.7280519406001 65.7592515150706 77.5958995024363 92.8188761075338 104.433218638102 107.718835274378 109.567314386368 113.656640052795 115.646143754323 118.078132470449 122.872769832611 134.124567111333 142.153769731522 149.97798204422 146.434764067332 146.243949731191 148.737132549286 151.84630950292 154.167711734772 157.149364550908 158.84002049764 152.291804552078 159.052391846975 169.178942839305 175.320208072662 178.41907342275 176.202277342478 177.796244621277 181.490619977315 192.69076983134 205.40448029836 204.469164212545
60.8314623435338 58.486411968867 52.4270981550217 43.7414447466532 45.8291570345561 53.6749263604482 40.7161315282186 28.4417718648911 16.221322119236 13.4079369405905 17.3989273607731 28.8930883010228 41.0994365811348 51.0148207346598 57.4338684479396 52.4568657080332 46.2654729684194 44.9368009964625 45.7614362239838 48.092782497406 54.8799236615499 63.3399983247121 72.8394687175751 83.22840432326 92.673788468043 93.3846831321716 95.1273143291473 101.459284623464 105.76609770457 112.580458323161 113.144139448802 115.334232648214 126.148323218028 132.680257161458 138.64607612292 142.774770657221 143.169462680817 149.179359277089 154.222329457601 164.615531762441 174.666066964467 177.335282166799 179.343362649282 178.312679131826 174.704134464264 175.727526346842 183.267037073771 193.694869677226 195.422967274984 194.684763749441
27.6873012383779 26.3888910412788 24.4446570674578 29.3174957235654 22.9039837916692 25.8304153879484 28.2276744643847 28.6091640591621 22.302933037281 17.1756769220034 14.7234834730625 17.5730225940545 30.3768838445346 45.0601677099864 57.0878237485886 52.8316150108973 51.2317369381587 49.6972302595774 45.1517254114151 42.931209007899 43.9409961303075 45.3796684741974 49.707368016243 62.283327182134 74.2899576822917 80.2018741766612 81.2121480703354 80.8199147383372 88.4746611118317 96.5830087661743 100.460300842921 102.664401133855 110.439439614614 114.349285761515 122.375637292862 128.322054942449 134.494403998057 140.47916730245 150.668015082677 168.197472890218 175.351103146871 175.746281941732 174.93462562561 173.464298248291 173.492709795634 177.30720837911 184.210101763407 184.765080610911 184.012293815613 192.212382952372
4.24951470146577 4.69161756336689 5.07961213588715 1.91038195043802 0.00747498961573001 0.505900476127863 7.02618186672529 19.3074444929759 26.7526432871819 26.6193101803462 19.5836101969083 15.0241181254387 18.0278097589811 29.2945479353269 44.7716017564138 46.7549661795298 53.9740175008774 53.9353142182032 50.0146845976512 44.1133479277293 40.070578455925 39.6146054069201 40.6394253174464 48.6164589722951 56.7352771759033 61.8267357349396 63.7893527746201 68.193385998408 71.906050046285 76.4271716276805 86.4198207855225 90.6373560428619 94.3674842516581 96.672534942627 99.8056332270304 103.219956159592 120.045125484467 132.828603188197 140.914897123973 157.69303838412 164.872566858927 164.688934882482 161.067505677541 158.502956231435 159.725377957026 160.310685634613 165.222773949305 171.881556510925 175.497392813365 179.657896359762
0.729481068750223 0.103067820115636 0 0 0 0 0 4.64166762928168 22.4207590023677 27.2207483649254 31.7820161581039 25.3335659702619 15.5806342760722 14.7208807369073 25.8260195453962 40.8849169810613 53.3252457777659 57.3697040478388 56.8626324335734 51.6666968663534 47.0026979843775 47.8483289480209 48.4646360079447 49.9142507712046 52.0750731229782 54.4050882260005 56.272437175115 61.7572963237762 64.5871857802073 64.0960385402044 68.5362815856934 75.9861965974172 78.8591206073761 79.792117079099 84.6055150032043 89.7141496340434 96.9915390014648 110.11603474617 120.711495478948 133.103291193644 141.262511412303 143.314937750498 142.877658208211 144.496997197469 145.134478807449 147.173007329305 147.09077278773 150.522967179616 155.383904774984 160.487194856008
1.22609284395973 0 0 0 0 0 0 0 1.44401922201117 19.942286113898 30.2591969569524 34.6085826555888 31.5473328034083 24.5406900842985 24.0815654397011 36.7179637153943 47.3575592041016 58.7102025747299 66.8052732944489 64.1439706087112 58.4926108519236 57.5852692127228 57.3044617970785 57.8580697377523 59.7274601459503 58.4168533484141 60.5683823426565 66.0214225451152 64.8422489563624 60.4999562104543 60.7615957657496 60.2407952149709 63.2846802473068 70.6349511941274 78.0424972375234 82.7535142501195 84.7915212313334 90.3955101966858 96.0818727811178 102.47019926707 113.674024740855 119.983593622843 128.57640782992 134.806205828985 134.344180425008 141.573508580526 140.500287214915 135.420749584834 133.778283993403 137.693703174591
8.2504494736592 0.000508449488734186 0 0 0 0 0 0 0.000485303833859992 10.8400012056033 29.9883509675662 46.5230693419774 53.7256946166356 50.2121398846308 37.350003918012 34.8938976724943 38.7303779522578 49.1390923659007 62.2325291236242 71.2057650089264 72.5988696018855 69.1379855076472 69.5771078268687 67.4041012922923 67.0309315125148 68.7874654928843 66.5009170770645 69.3498154481252 66.9375509023666 59.9120905001958 56.1346064011256 58.3267112572988 54.8113832871119 53.5838802655538 64.2116616169612 68.3974126974742 74.0345319112142 72.8833973407745 79.1069269180298 80.6966374317805 84.043671687444 93.2834645112356 105.487277110418 112.246414025625 117.230236530304 123.241434494654 131.828099489212 136.148432890574 131.718864043554 125.665922959646
8.64602749546369 0.254296115599573 0 0 0 0 0 0 0.477753967667619 1.49266996110479 20.9413419167201 38.9753431081772 63.0524257818858 69.8022693395615 55.4043004910151 38.6475175619125 34.0047205487887 36.5652913848559 47.3070442676544 65.8924678961436 78.3434808254242 76.3177076975505 79.6699424584707 74.4610875844955 73.4795878330867 75.4717836777369 74.7935076554616 69.8467095692952 69.133996963501 67.6837464173635 59.6740742524465 55.4141799608866 54.2114873727163 47.8562812010447 43.8872774442037 45.2662607034047 46.3046928246816 43.0093457301458 51.1821160713832 54.0769000848134 59.7539345423381 64.3586268027623 68.9468880494436 72.9116747776667 95.3500469525655 101.395269234975 112.619241078695 124.244968096415 127.225418885549 122.599214315414
6.10814119378726 1.01864547468722 0 0 0 0 0 0.0338717485040737 1.58448206881682 2.07662023603916 10.1906595130761 30.1401490966479 50.1690407594045 64.5168373982112 67.1351104974747 58.7982436021169 53.7541111310323 44.8842744032542 40.7331263025602 48.0433652798335 67.0225073893865 79.3115943670273 84.1178397337596 84.7221215565999 79.0229787429174 79.3884495894114 86.1996710300446 79.7530959049861 77.4621466795603 74.1594930489858 71.043332417806 58.3056062459946 48.7970411777496 40.4892687996229 32.9551423589389 34.6992736061414 29.1364938020706 28.2922238111496 28.8020024696986 38.0211075146993 39.6840174992879 42.4802452325821 44.6779628594716 48.1107930342356 60.8845253785451 81.794485449791 90.1812414328257 98.3001987139384 106.179604927699 112.984279791514
4.07337211072445 1.68227202569445 0.00502359519790237 0 0 0 0 1.79307349026203 3.01550297687451 8.57866182923317 12.8329147895177 22.6404989759127 39.4071191549301 56.5327008565267 68.6519394318263 71.0797011852264 71.4522351821264 63.6087705691656 52.0224074522654 42.4271722634633 51.4210065205892 72.2974141438802 81.5628866354624 84.3883554140727 87.6693228880564 92.262585957845 89.9731318155925 86.6273939609528 90.0045931339264 84.1906368732452 71.6253121693929 58.9357763528824 52.7422726154327 40.7248064875603 32.0034523804983 25.7297779122988 20.8660066127777 20.0587175786495 22.3378390073776 24.5171189308167 27.8342937429746 27.4803166588147 28.6351020137469 33.0218325058619 40.9439330299695 54.3464223543803 67.8185919920603 77.3332218329112 82.8328927357991 91.1943117777507
4.51867841184139 5.26725252469381 4.302560351789 0 0 0.0883850152604282 1.58935723205407 3.81997413933277 9.66005337735017 18.7774536510309 23.4942585229874 26.6374821464221 35.6495728095373 43.1728214025497 54.7143866618474 66.9878870248795 73.0809619029363 75.1953224341075 73.1802533070246 61.4108294248581 48.210546374321 58.0138862133026 68.3278938134511 77.6383181413015 89.504857858022 94.6020384629567 98.0621874332428 96.8180696169535 88.660736878713 77.5621434052785 75.9983559449514 64.2348726590474 49.3634839852651 34.7811579704285 29.0061508615812 20.3459622959296 15.1997295518716 9.96269782384237 12.3687945306301 14.946303019921 17.1955128510793 23.9547789096832 27.5058324138323 31.3317030668259 33.4645062685013 42.618195215861 47.0233211914698 51.8543769915899 61.2650911013285 76.3836950063705
4.83582510302464 3.79288600136836 5.52857170502345 0.475324302290877 0 2.65197362750769 2.71496704469124 4.97637782245874 5.19727015246948 16.8514649073283 25.0921994447708 24.591234823068 26.467464864254 30.5228680372238 41.3465847571691 53.3439566691717 63.5627607504527 69.2587941884995 74.3203411499659 74.0709950526555 67.6650106906891 58.8811834653219 60.5424145857493 69.7606007258097 82.1589132150014 90.1925961176554 92.238187789917 92.5918420155843 88.2559418678284 81.4768572648366 67.6665206750234 65.5486782391866 47.4450439214706 34.6432129542033 28.3652742703756 17.8061661620935 10.4509554803371 4.76742225388686 3.39080610622962 8.18278640508652 11.7055922746658 19.4093808531761 23.3370612064997 26.3085489471753 29.4468402862549 34.7805370887121 36.7379933595657 42.2271887461344 48.6522018909454 56.7918916543325
8.12105586131414 2.97472191353639 1.02665935022136 2.3489740366737 1.1447734820346 3.25401996572812 2.75345457096895 4.73685159037511 5.88895504673322 14.8005274434884 19.0987053016822 19.3744661907355 18.8542865216732 20.989124973615 28.2194688916206 38.8500814636548 49.3923127651215 57.7794760465622 66.6056821743647 76.8346637487411 83.8787754376729 75.8871336778005 74.9366531769435 77.6949177185694 79.9883206685384 82.7223161856333 86.3067507743835 84.0891698996226 78.1504015127818 77.8634001811345 65.2470688025157 48.25725654761 32.0520624518394 25.4161804914474 9.97951130072276 4.94544549534718 0.618669825295607 0.0119132370552203 0.00737485970603302 3.52241129924854 1.26764923334122 4.78809326887131 17.5543998678525 18.8659690320492 23.416871825854 27.7771055698395 31.6535631815592 36.296434700489 40.4607504606247 41.6169116894404
23.7256487210592 14.0294407804807 4.592539742589 8.27493891119957 8.18572876354059 2.41941881055633 4.68760884056489 7.44372482101123 7.07667134702206 12.9231289029121 16.8244577944279 16.5969915688038 16.5943155686061 15.4609605669975 20.4923326770465 29.0556997060776 41.2535518407822 51.1774867773056 58.1340293089549 71.0355738798777 80.2635997533798 93.3667321999868 97.0231493314107 96.4561502138774 90.1110569636027 81.823135415713 77.7026414871216 73.096642891566 75.0334809223811 59.7400019566218 48.5233714183172 29.6099906166395 20.1535659531752 7.5558132181565 0 0 0.00577004842246727 0.00545394262492967 0 0 0 0 7.84373904267947 8.66656315823396 16.5248041351636 22.1458127101262 26.4346599578857 29.0955652793248 30.7576954364777 31.8856860200564
