input/barkrak2/radiation/dir33324.grid
NCOLS 85 
NROWS 70 
XLLCORNER 665100 
YLLCORNER 4664600 
CELLSIZE 20 
NODATA_value -9999 
[rows 23 to 45 of 70, columns 0 to 51 of 85]
65.9000923236211 55.6908498207728 25.3124708930651 9.07163818677266 5.05805760622025 10.8375226457914 11.7021513481935 4.91075310856104 3.503886051476 3.19715527196725 3.28636479874452 11.2097101906935 12.5559916098913 16.5648112694422 14.4176756342252 14.3856120606263 20.0022583206495 28.510553141435 32.5785055756569 26.2162089347839 25.9909778833389 29.1068106889725 40.6826660037041 50.0325957934062 55.7546218236287 55.6422571341197 50.0994821389516 43.228954076767 23.3258108297984 10.6285947064559 6.73058318595092 1.67866392681996 0 0 0 0 0 0 0 0 0 0 0 0 0 0 0 0 0 0 0 0
65.6917492548625 61.7293119430542 40.6865229209264 13.4400799870491 0 5.88956164817015 5.50093253453573 7.80827365815639 4.56144257138173 3.76792345196009 3.27601966758569 4.22433763742447 11.2323972086112 14.6028896172841 13.822245101134 14.0480523308118 17.7799488107363 25.8577615022659 32.0753008127213 25.688757499059 23.7534418702126 21.0038647055626 27.8032471736272 35.8603323499362 39.8317500948906 41.2549500664075 37.9460255304972 34.4971666733424 16.0111201306184 5.99296763539314 2.87254309902589 1.77915953099728 0 0 0 0 0 0 0 0 0 0 0 0 0 0 0 0 0 0 0 0
53.4477233886719 57.5311183929443 50.5629678567251 22.3954245448112 1.13882947092255 10.624285787344 18.1417043010394 24.6555656194687 26.587963104248 21.2546934684118 16.7580669124921 18.1633258859317 17.0643491049608 20.6378425161044 20.496832827727 16.1327235400677 16.9788561761379 25.9811356663704 31.4341758688291 33.6050714055697 33.644104997317 29.7993024190267 27.6978239417076 27.4452045559883 30.5686891078949 32.2093566258748 28.3638263742129 28.7402073542277 17.3125440875689 13.1313279271126 10.4226805269718 13.0279759565989 8.27333269019922 0 0 0 0 0 0 0 0 0 0 0 0 0 0 0 0 0 0 0
52.1653791268667 56.9370140631994 54.6325594186783 31.001423796018 9.47285195191701 22.3414277036985 35.0063716371854 44.9284911155701 52.296057343483 45.8124826351802 30.2348559101423 31.5869525074959 29.2401711146037 29.1662390033404 31.0238599777222 21.9835961858432 20.0054869055748 26.3258491953214 34.0218891700109 43.4892425934474 44.8505580425262 42.1302219231923 34.4640140732129 29.0777757763863 29.6134700377782 31.7456846435865 27.4535665909449 34.7117856144905 32.8257977962494 31.5016979972521 35.3985503315926 50.8803029855092 58.524693051974 38.9593690633774 0 0 0 0 0 0 0 0 0 0 0 0 0 0 0 0 0 0
53.444171945254 52.5261213382085 52.5540163119634 36.5896498163541 32.1843276421229 41.2884404261907 54.731955130895 60.6469015280406 61.5879992643992 52.3352324962616 40.8497328559558 35.5506415168444 32.8478092948596 33.1943159302076 34.8227421442668 29.8232684532801 25.7739250858625 29.9099137385686 42.6368216673533 46.6825664043427 44.4525331258774 36.398986975352 34.1947004199028 34.7010840972265 35.132959485054 35.5597337086995 33.3250711361567 42.9556667804718 58.9639892180761 63.2618467013041 66.6961669921875 72.9380746682485 82.8031152486801 88.7167354424794 45.7309782505035 0 0 0 0 0 0 0 0 0 0 0 0 0 0 0 0 0
56.3059399525324 46.5362171332041 46.9903449217478 39.0641614794731 51.2786855300268 53.876390059789 59.2003961404165 55.5502871672312 51.9310732682546 41.9394820928574 34.9567010998726 30.2655547857285 31.4307908217112 34.6244896451632 35.8343372742335 38.7116024891535 32.8171774744987 29.0190652012825 38.5240564743678 41.1050394177437 38.5825286308924 32.0379982391993 32.293456296126 37.7314413587252 39.8042524854342 36.5569988886515 37.5924234588941 42.9758379856745 65.0780498981476 77.6364703973134 84.191103776296 88.4757141272227 94.6576793988546 97.8484352429708 87.1088008085887 21.9259013732274 0 0 0 0 0 0 0 0 0 0 0 0 0 0 0 0
57.4826896190643 42.0204649368922 42.0525868733724 43.5523788134257 53.1976024309794 54.9414604902267 46.4475254217784 34.9417999386787 9.95106001694997 7.04741105437279 16.24978830417 22.3410303394 27.7902707457542 36.0731432835261 36.609781285127 41.4345463116964 38.3490448196729 27.7472759286563 29.7180066506068 32.9957654078801 32.0803771416346 32.2947278618813 32.2161590059598 37.395345667998 42.3535207907359 39.3794104456902 41.6804055372874 43.3291345834732 58.9548995097478 80.1058063904444 92.1639402707418 96.8293348948161 99.0863442420959 99.9964972337087 105.852385361989 87.9876911640167 16.8499412635962 0 0 0 0 0 0 0 0 0 0 0 0 0 0 0
56.6735366980235 57.0782472689947 74.8832076787949 102.818151315053 82.6746871074041 59.9090655644735 37.1532440185547 9.45772354801496 7.41765275597572 15.4561772942543 5.16950835784276 5.44995504120986 27.4051154653231 36.3790517052015 38.9832854270935 47.0385799805323 43.2515839735667 31.9802835583687 31.0963640610377 34.250870347023 31.5998022754987 34.9743167559306 36.5605702002843 38.6722559730212 43.8371400038401 47.5367208321889 45.9123154481252 48.6040413379669 60.6439212958018 83.0161273479462 98.0983972549438 102.26974884669 99.2591182390849 107.23751783371 115.843991438548 118.66416533788 92.1971599260966 38.7799590826035 0.589589588344097 0 0 0 0 0 0 0 0 0 0 0 0 0
67.4822876850764 97.4891583124797 142.599374055862 163.4774406751 142.569045225779 95.3427056471507 54.7526081403097 30.1953752835592 25.1992891232173 28.9809058109919 21.946574250857 18.8181834916274 27.4867291251818 35.8717913428942 45.9843625624975 48.6900359392166 45.2674229939779 39.4294187426567 34.0577314297358 34.6498340368271 35.1013268033663 37.9691248138746 40.2186041076978 40.5819291869799 44.7689046462377 55.1622807979584 55.1841159661611 60.3098422288895 69.6376661459605 84.5543046792348 97.9127486546834 104.567229747772 106.199791034063 112.832178672155 117.782344420751 118.553121884664 111.63674791654 92.0324623584747 34.8916053771973 0.0258629734162241 0 0 0 0 0 0 0 0 0 0 0 0
122.428764899572 157.346437374751 182.283798853556 184.873461723328 182.90517727534 157.404363155365 117.776026328405 85.7545932133992 65.5163675546646 53.8216531276703 50.2517968416214 41.523223121961 31.1877379814784 33.2828164100647 41.6897535324097 48.9438474178314 43.238972624143 44.7606096665064 34.7334618369738 32.7472488085429 36.8499085307121 38.2827917734782 38.8147309422493 39.3014003833135 43.330376346906 55.4572443167369 60.7860932747523 67.5528943538666 76.703483859698 83.6380124092102 94.3084259827932 102.630058924357 104.522943496704 101.67529185613 104.174961646398 98.2398390769958 100.790917873383 86.4867568016052 46.9875832398733 0.958138300726811 0 0 0 0 0 0 0 0 0 0 0 0
174.912412961324 192.170123259226 197.687784830729 195.432384808858 198.316931724548 193.190097808838 173.369228839874 134.638279676437 99.1552869478862 76.3654559850693 77.7080953121185 69.0114746491114 48.2137054204941 38.625068962574 40.1580855250359 45.0187921524048 39.202980697155 39.7897958755493 33.4140608708064 34.1732054948807 33.5630377133687 34.8598038156827 34.1878409186999 34.8854064941406 40.5307138959567 49.846758445104 59.9661668141683 63.6107226212819 72.1417268117269 83.4207733472188 93.2685335477193 95.0118700663249 87.9534880320231 78.2614549001058 80.038458108902 68.4949805339177 68.9991613229116 55.6132793426514 18.3245514829953 0.00498293290244571 1.96424126625061 0 0 0 0 0 0 0 0 0 0 0
190.041899681091 199.120461940765 197.371482849121 198.385695616404 199.763079484304 198.667804400126 189.159413178762 159.633080164591 114.895393451055 90.8693671226501 89.6583596865336 85.8497818311055 68.5201237599055 48.8581756750743 42.410671710968 42.6008999347687 36.7583036422729 33.9741259813309 33.4888100624084 36.2563257416089 32.6291844248772 32.5604279836019 33.0145607391993 34.6864387392998 38.6238371332486 45.072262485822 53.7884384393692 53.8807809352875 62.2359613577525 78.3145129680634 85.8732362588247 84.6747855345408 79.4174025456111 73.2870399951935 67.1702524026235 56.2836627165476 59.9192927281062 57.4001123507818 39.2164861162504 8.68803386886915 9.04925788442294 0 0 0 0 0 0 0 0 0 0 0
181.925257047017 186.489741007487 183.501919110616 184.364557266235 184.60339307785 179.5521179835 173.24161529541 157.749176025391 122.055331865946 101.312090953191 96.1685677369436 87.5457227230072 80.3471306959788 56.1123689015706 44.9317047993342 46.0121730963389 39.5388081669807 32.0850610733032 35.978376865387 37.1509517232577 35.630668203036 33.1025471289953 35.8060325185458 39.5741313695908 38.348451256752 42.9395387570063 47.0404475927353 47.6708461840947 54.1041890780131 70.8259642124176 80.157478650411 78.2403151194255 81.1489721139272 81.9651534159978 66.6579256455104 61.9367311398188 65.5533621708552 71.7301666736603 66.5933887163798 30.3570479154587 0.0305017674691044 0 0 0 0 0 0 0 0 0 0 0
155.936419963837 159.742673238118 162.241667509079 159.539113442103 158.913344144821 157.065838575363 161.687185366948 159.652471542358 132.940838734309 109.27152633667 97.3833004633586 81.9503714640935 72.6107607285182 52.0898600419362 41.7152146498362 46.1726486682892 47.6740151643753 37.1041496594747 39.1791338721911 41.9525156418482 42.3839688301086 38.4587769707044 39.227083325386 41.526901225249 39.8614207903544 40.0939732789993 46.1318890253703 51.2806524833043 54.8973033825556 65.9857541322708 76.7892301082611 81.0723602771759 81.8920135498047 85.7998728752136 69.7079598903656 70.4654057820638 71.03697458903 78.2765646775564 78.3505290746689 41.6789005200068 0 0 0 0 0 0 0 0 0 0 0 0
133.30207268397 142.31405655543 153.950025637945 150.117745002111 149.188786745071 156.591792901357 165.733844041824 169.247547785441 154.100894927979 123.520394166311 98.4750886758168 73.1211205323537 56.8549036979675 46.1362252632777 37.9806359608968 41.4719730615616 51.7156769831975 44.6174244085948 42.1023766199748 44.9517170588175 45.4585055510203 41.8347169955572 39.993350704511 41.5562838315964 42.1765893697739 41.681374112765 44.4651991128922 53.1092385450999 55.8288395404816 60.1839373509089 71.2608993053436 81.0176680485408 83.5472941398621 78.3613820870717 66.9854631026586 76.7970085144043 80.3442696730296 85.0281318028768 84.9841634432475 61.0301395257314 0 0 0 0 0 0 0 0 0 0 0 0
97.335418065389 108.139465252558 116.977671782176 121.188312768936 129.559427499771 145.464549462001 160.267968972524 169.52508687973 167.059461275736 138.743927081426 104.94460662206 72.1884270509084 53.1109571456909 49.5797296365102 42.4291491508484 37.3755941788355 47.2125311692556 47.7646887302399 42.4554248650869 42.4283941586812 42.808324098587 40.2519553899765 38.1906479597092 39.3272240956624 42.5670395294825 46.1006859938304 45.0292279322942 49.8296022415161 55.1234583059947 55.5980900923411 63.5580917199453 77.5256057580312 81.1887184778849 69.0165758132935 69.7050988674164 84.9375029404958 90.3187394142151 88.2065892219543 88.6994302272797 84.982951482137 33.1096723675728 0 0 0 0 0 0 0 0 0 0 0
63.4916126728058 69.9354261159897 69.3570127089818 79.4483125209808 94.6753025054932 111.484150091807 126.586178938548 139.518469572067 142.280449469884 118.981122970581 84.3396782875061 60.7180496056875 48.6866136391958 47.1050441265106 43.8090711832047 39.0359312295914 43.4257984161377 43.626457452774 37.7415219942729 38.5616769393285 41.4860298236211 44.3377196788788 43.5293962558111 40.313812593619 39.7320513923963 42.0125822226206 47.0611353715261 49.2496391137441 54.3269713719686 54.2708287636439 55.9671521186829 67.4155702193578 74.379230539004 71.2009569009145 87.6714984575907 93.7476754188538 91.376801331838 89.4832809766134 93.417227268219 105.315268039703 96.728245417277 40.4934833447138 0 0 0 0 0 0 0 0 0 0
52.8732637564341 54.786890745163 54.6813160181046 56.6738545894623 65.1145080725352 71.2975760300954 74.9676326910655 80.21080493927 81.0580799976985 65.9597168366114 51.472137371699 47.6967394351959 46.8387355407079 44.2125002543131 43.3114320039749 43.9942280451457 42.7722483873367 41.4789170026779 38.0423267682393 38.1841535369555 42.2775000333786 47.1481382846832 48.2454001903534 44.9044704437256 42.3460354407628 41.0106306274732 48.715407649676 51.5467971563339 53.8149823745092 55.1561464866002 55.3394307692846 60.7329308986664 68.524107336998 77.9105027516683 95.5329736073812 93.7091906865438 84.751437107722 76.9994507233302 81.3632309436798 96.6666142145793 106.18531703949 97.0761279265086 51.3735016187032 3.1712514658769 0 0 0 0 0 0 0 0
60.8431150515874 58.4122687578201 58.6469421784083 58.3520382642746 54.9403925736745 53.0055363972982 51.8645743529002 53.0646642049154 57.7547500530879 50.3444423278173 43.0590758721034 44.3817724784215 47.8545526663462 48.3998755613963 47.2563952207565 46.072706580162 40.96786181132 47.2250630458196 48.4836349884669 45.5385496218999 47.718475262324 47.363206744194 46.5141882499059 48.4127104282379 50.5333046118418 46.4002192020416 50.3445913394292 52.7416467666626 54.7058532635371 55.4774949947993 57.8112105528514 60.2702746788661 66.5742953618367 81.9662511348724 89.7797544797262 84.3688050905863 73.4783709049225 65.083771944046 62.4907265106837 73.1019874413808 95.2880183855693 99.7099081675212 79.1680912176768 30.3634305795034 0 0 0 0 0 0 0 0
65.00244140625 62.3191197713216 65.0893847147624 63.6880894502004 57.1717570225398 54.0536890427272 51.8966267506282 49.5689809322357 49.780527750651 46.465590596199 44.8435892661413 45.0017849604289 48.4697918097178 52.292933066686 52.5321910778681 49.5373706022898 47.2036202748617 52.4806876977285 54.8872898022334 49.4762162367503 47.2440520922343 44.9029306570689 41.7309751113256 43.6642567316691 48.432320356369 45.8982139825821 43.1445588668187 47.54239320755 51.3318081696828 53.2773236433665 54.4703503449758 55.9196372826894 64.759686589241 82.7016184727351 87.3600840568542 74.3009348710378 64.0026529630025 60.7578456401825 60.8140925566355 67.9437617460887 75.514684120814 75.9201298157374 66.1134620507558 36.6397375861804 0 0 0 0 0 0 0 0
49.8991807301839 52.5240550438563 60.948704679807 58.4359566370646 60.8153492212296 63.25463950634 62.457596262296 58.2988460858663 48.6750106016795 47.3052461942037 50.4033813873927 47.1328298250834 48.2504467169444 51.6866942246755 52.08953221639 50.0969340403875 52.1353781223297 53.9919634660085 54.9164513746897 50.0400016705195 45.018528898557 42.1501795450846 40.1335830489794 40.2822618683179 43.3973670005798 46.723946928978 42.4431810776393 44.8529024918874 48.8023112217585 50.1455316940943 48.7336715062459 47.3269522190094 57.1336100498835 69.6227550506592 75.8585681517919 66.8793668349584 62.780370314916 65.3615494569143 66.2670979897181 67.5673484802246 64.2675260702769 62.4201198418935 57.8778882821401 36.0122372706731 1.95586169138551 0 0 0 0 0 0 0
48.3904679616292 54.1158417860667 57.0004979769389 57.7115615208944 59.4830960035324 61.8518988291423 62.3082667589188 58.6071262756983 54.3061494827271 50.5303343137105 52.4046570062637 50.3210326035817 47.6623376210531 46.1519509553909 45.5398410558701 45.787125825882 43.64874958992 50.2031445503235 51.5526284774145 49.7591445843379 46.4036564032237 44.2861318588257 43.3795849482218 44.5187340180079 42.9213096698125 51.3292650381724 53.377906481425 50.9111483891805 49.8817761739095 49.0118165810903 44.8960612217585 42.7061915397644 48.9595433076223 52.5358666976293 58.2600732644399 60.8909527460734 64.7958119710286 70.5671012401581 70.5931484699249 63.8520816961924 64.0483945608139 59.3010783195496 56.6306859254837 40.3456638256709 12.9485515256723 0 0 0 0 0 0 0
54.4885545969009 58.9918146530787 56.2668095032374 59.5072855552038 58.1565996011098 58.2846651474635 59.8191519578298 58.6421142021815 59.9440634250641 55.7143141825994 54.8677146434784 54.2877117792765 50.5176136891047 45.7321306069692 44.8521971702576 48.723374803861 44.2524154980977 47.4343697230021 51.6223510106405 51.0327567656835 47.7059533198675 47.5862622261047 47.1281905968984 48.5310951868693 50.017461180687 50.7747481266657 56.039959192276 53.4390608469645 51.591212550799 50.0497172276179 46.1305528879166 43.0018752813339 45.522799094518 45.1260010401408 45.4420844713847 48.9316284656525 55.4518898328145 63.7628237406413 63.6207163333893 53.2749245564143 55.1171600818634 51.8584897120794 52.0953287680944 49.5912631352743 33.16763540109 5.05022145807743 0 0 0 0 0 0
