input/barkrak2/radiation/dir33224.grid
NCOLS 85 
NROWS 70 
XLLCORNER 665100 
YLLCORNER 4664600 
CELLSIZE 20 
NODATA_value -9999 
[rows 23 to 45 of 70, columns 0 to 51 of 85]
66.722646355629 56.4710050821304 25.934174656868 9.57474919656912 5.52510718504588 11.1986175179482 13.4752467274666 4.98278780529896 3.55908833444118 3.24528353909651 3.3315389106671 11.4448430637519 12.8434908886751 16.9432560602824 14.8188347617785 14.7786028683186 20.4417606194814 29.00264163812 33.0846359332403 26.7128323515256 26.4976148804029 30.3345173597336 41.2275344133377 50.61208208402 56.3543339570363 57.2505394617716 50.7017076015472 43.7851299842199 24.5775828758876 10.880533605814 6.98392714063327 1.79386340702573 0 0 0 0 0 0 0 0 0 0 0 0 0 0 0 0 0 0 0 0
66.4944003025691 62.5255306561788 41.3969630996386 14.0041473011176 0 6.80276068548361 5.59824332594872 8.45987411836783 4.62205863247315 3.81623394787312 3.31890117377043 5.08934507767359 11.519563694795 14.982412258784 14.3848719696204 14.4656027356784 18.2064436376095 26.3376086950302 32.6043367385864 26.2183596690496 24.2552161216736 21.4837491512299 28.9939840634664 36.4187906185786 40.4150808850924 41.8644646803538 38.543701171875 35.1110448439916 16.2885412573814 6.23145140707493 3.0254814773798 1.89732247963548 0 0 0 0 0 0 0 0 0 0 0 0 0 0 0 0 0 0 0 0
54.1937549908956 58.2973162333171 51.3204385836919 23.0072538057963 1.43188517540693 10.9973301490148 18.4680645664533 24.9428773919741 26.8520936369896 21.4694887399673 16.9652079542478 18.4245035052299 17.3773926993211 21.2625438968341 20.9156796336174 16.5519192814827 17.3953473567963 26.4810398221016 32.4565793077151 34.1621513168017 34.1796875 30.3095032771428 28.2127757867177 27.9912352561951 31.1611145734787 32.809649904569 28.9548262953758 29.3474346399307 17.6217816770077 13.4293958544731 10.7060484588146 13.3920212586721 8.57409213980039 0 0 0 0 0 0 0 0 0 0 0 0 0 0 0 0 0 0 0
52.9082467158635 57.7020545800527 55.4018666346868 31.6642969846725 10.0363281865915 22.8003536661466 35.3975420196851 45.2702691157659 52.6222586631775 46.1060653130213 30.5035511652629 32.3301057020823 29.5951167742411 30.5598552028338 31.4977144201597 22.6404542724291 20.4664344588916 26.7859548330307 34.5713570713997 44.0662602583567 45.4182724157969 42.4865285555522 35.0238432486852 29.6440670887629 30.5530006686846 32.3564112186432 28.0581961075465 35.3413298726082 33.3801358938217 32.0404668649038 35.9981581568718 51.5999098618825 59.2826902866364 39.6407321095467 0 0 0 0 0 0 0 0 0 0 0 0 0 0 0 0 0 0
54.2004952828089 53.2704045375188 53.3080250024796 37.2750808795293 33.0926204721133 41.7980849742889 55.1416724920273 60.9859228134155 61.1213892698288 52.6515444119771 40.8039763569832 35.8730827768644 32.6943422357241 33.6226771275202 35.3115399678548 31.0120731592178 26.2691626946131 30.3744922081629 43.2167748610179 47.2704619169235 44.7934816281001 36.9671632846197 34.7708190480868 35.28992831707 35.7376287380854 36.1893822749456 33.958837389946 43.6501055955887 59.6895068883896 64.0018383661906 67.477876941363 73.7437556187312 83.6216012636821 89.5550449689229 46.4221040407817 0 0 0 0 0 0 0 0 0 0 0 0 0 0 0 0 0
57.0694108804067 47.2445785999298 47.6992875337601 39.7758409380913 52.0292619864146 54.3743471304576 59.5972935358683 57.914192477862 51.772137482961 42.2764122486115 35.0229466954867 30.584380030632 31.3127388556798 35.08493800958 36.3248859842618 39.2592077453931 33.3260148763657 29.6796436111132 39.0672087669373 41.7011429866155 39.1767943898837 32.61532386144 32.8825215498606 38.3490671714147 40.4412597417831 37.1996363004049 38.2532825072606 43.6776479085286 65.8403933048248 78.4079482158025 84.9964618682861 89.3013179302216 96.3018536567688 98.6816684405009 88.5877807935079 22.5033611059189 0 0 0 0 0 0 0 0 0 0 0 0 0 0 0 0
58.2374533017476 42.6836709181468 42.7373697360357 44.3130681912104 53.9227624734243 55.4462571938833 46.8199501434962 35.2432131767273 10.0569824377696 7.13773878912131 19.2575429876645 22.630383570989 27.8147235512733 36.5437815586726 37.7846111853917 42.5127744674683 38.8968264063199 28.2541836301486 30.2376821637154 33.5977872212728 32.6831340789795 32.8959499796232 32.8051745891571 38.007232050101 43.0073489745458 40.0419433911641 42.3546930154165 44.0290123224258 59.7107956806819 80.8874368667603 92.9665366808573 97.6368387540181 100.855936606725 100.818703571955 106.676995754242 88.800589243571 17.4349583685398 0 0 0 0 0 0 0 0 0 0 0 0 0 0 0
57.402104139328 57.8327228625615 75.7562170426051 103.832135597865 83.4404428799947 60.4393184185028 37.5288973251979 9.57066938281059 7.52363353967667 15.7207114001115 6.16175060470899 5.52153525253137 27.75639295578 36.8398626645406 39.4881814718246 47.643651564916 44.0885424613953 32.528152068456 31.6451142231623 34.866638481617 32.2091082731883 35.5775356292725 37.1546099583308 39.2905523379644 44.4948722918828 48.2191195090612 46.5846508741379 49.3117719888687 61.4038109779358 83.7973157564799 99.9596317609151 103.079299132029 100.068469842275 108.061790466309 116.666485865911 119.484732548396 92.9951071739197 39.3606026967367 0.840148112426201 0 0 0 0 0 0 0 0 0 0 0 0 0
68.2878394921621 98.438153664271 143.652121225993 164.527624845505 143.516143163045 96.0329671700795 55.2739749352137 30.5511007706324 25.4939049482346 29.3142075339953 22.249569495519 19.0552597244581 27.7829294403394 36.3285144170125 46.5629150470098 49.2987732092539 45.8874603112539 40.0160998106003 34.6493870019913 35.2701991796494 35.7321699460348 38.6463950077693 40.831113855044 41.2182758251826 45.4405248165131 55.8717350165049 55.8919608592987 61.0381116469701 70.4095462958018 85.3396952152252 98.7082123756409 105.364143848419 106.99666539828 115.155835946401 118.585914373398 119.359691937764 112.447152535121 92.7869379520416 35.4153662919998 0.0571810232941061 0 0 0 0 0 0 0 0 0 0 0 0
123.447040716807 158.407866954803 183.299700419108 185.880541801453 183.902462323507 158.275067806244 118.475039800008 86.3049228986104 65.9511685371399 54.2375942071279 50.6812582413355 41.8566366036733 31.503401696682 33.7197110056877 42.2005156675975 49.576073884964 43.7478025754293 45.388122399648 35.3440791368484 33.4214294950167 37.4692603945732 38.8883873820305 39.4213000933329 39.9313444892565 43.9874827861786 56.1554829279582 61.4957461754481 68.2837019364039 77.4822781483332 84.4209591547648 95.0995186964671 103.409618139267 105.304976304372 103.90767455101 104.968329270681 100.213418404261 101.602037747701 87.2626006603241 47.6519813140233 1.07368904476364 0 0 0 0 0 0 0 0 0 0 0 0
175.961335500081 194.271941979726 198.657929897308 196.386337280273 199.25731420517 194.089154402415 174.18646812439 135.270963112513 99.6804436047872 76.8657674392064 78.1966696182887 69.4235811630885 48.6204624176025 40.3601651390394 42.0825481414795 45.6748654445012 39.8501952489217 40.4030010104179 34.0353325009346 34.7978472709656 34.1691722472509 35.449281334877 35.3627353906631 35.5102568864822 41.7541166146596 50.5186269680659 60.6605112552643 64.3335382143656 72.8949805100759 84.199716647466 94.0546194712321 95.7879324754079 88.7300272782644 79.0271759033203 81.686203678449 69.2721058924993 70.1244572798411 56.3659916321437 19.8794168730577 0.0577225437154993 2.1257057475547 0 0 0 0 0 0 0 0 0 0 0
191.067675749461 200.107594331106 198.335647583008 199.322442213694 200.688004493713 199.601888656616 190.074245134989 160.434931516647 115.530033906301 91.4360086123149 90.7527506351471 86.3228440284729 69.0172115961711 49.3838936090469 43.0187185605367 43.2746559381485 37.9646817843119 34.5989316701889 34.127617875735 36.8930151065191 33.2385947306951 33.1595192352931 33.616562684377 35.312294960022 39.2964830001195 45.7287728786469 54.4725954532623 55.2508632342021 62.9622489213943 79.0796279907227 86.6365631421407 85.4456822077433 80.9690554936727 74.7461865345637 67.9201930761337 57.0272952318192 60.6706440448761 58.1583629051844 39.9010827143987 9.18636098504066 9.28953165809313 0 0 0 0 0 0 0 0 0 0 0
182.957530021667 187.507530053457 184.517880280813 185.361603895823 185.609976450602 180.573483308156 174.253424008687 158.699085315069 122.802426417669 101.897577444712 96.6727435588837 88.8576507568359 80.9546858072281 56.7317754030228 45.5810924371084 46.6994345188141 40.2093057831128 33.2255785663923 36.6196284691493 37.7926627794902 36.2491856018702 33.711406091849 36.422443886598 40.2112354834874 38.9759416381518 43.582022190094 47.7121074994405 48.3575562636058 54.8126002152761 71.5679973363876 80.9249629577001 79.9331963062286 81.908052166303 82.7256590127945 67.3975944519043 62.6914898554484 66.3150399923325 72.5024392207464 67.7226533492406 30.9432049592336 0.119443565684681 0 0 0 0 0 0 0 0 0 0 0
157.812039057414 160.788297653198 164.278407891591 160.572896401087 159.964879353841 158.824066321055 162.720898787181 160.640021165212 133.722881476084 109.851807355881 98.0106393496196 82.5044711430867 73.2753376166026 53.6283751328786 42.3833131790161 47.0761358737946 48.3887940645218 37.7578486998876 39.8787384231885 43.2477444410324 43.0365900198619 39.0879909197489 39.8653000593185 42.1666900316874 40.4934560259183 40.7267734408379 46.8157331148783 51.9724835952123 55.5929144223531 66.7038857936859 77.534278233846 81.8372418483098 82.6516151428223 86.5639249483744 71.0084736347198 71.754773457845 71.8189179897308 79.0579964717229 79.1440904140472 42.3453996578852 0 0 0 0 0 0 0 0 0 0 0 0
134.348690509796 143.351395924886 154.983659585317 151.138991117477 151.009192069372 157.645483811696 166.761358579 170.246481895447 153.130660454432 124.175846576691 101.091533899307 73.7601270278295 57.5521091620127 46.8458533287048 38.6471822857857 42.1515603860219 52.444910009702 45.3126033147176 42.7669137716293 45.6147889296214 46.1172560850779 42.4739221731822 40.63514371713 42.2067542870839 42.8190529346466 42.3191587130229 45.7410713036855 53.8076609373093 56.518758336703 60.8774125576019 71.9877084096273 81.7672510941823 84.307740132014 79.1170696417491 67.7136580149333 78.3445735772451 81.1151365439097 85.817148288091 85.7725342114766 61.7896368106206 0 0 0 0 0 0 0 0 0 0 0 0
98.3159045378367 109.122057755788 117.97762910525 122.194429238637 130.584170420965 146.498103936513 161.29332780838 170.528133710225 166.16744796435 139.488776524862 105.665475130081 72.9258159796397 53.8537601629893 50.3168751796087 43.678750594457 38.0569746096929 47.9227751493454 48.4715948502223 43.137992421786 43.0846810340881 43.4569865465164 40.962981681029 38.8725797335307 39.9657612045606 43.2159155607224 46.7605541149775 45.6828673680623 51.1857072512309 55.8195263147354 56.2731226285299 64.2559578021367 78.2636155684789 82.9119185606639 69.7572777668635 70.4383204380671 85.6879949569702 91.0983383655548 88.9862676461538 89.4775390625 85.771898428599 33.7538868188858 0 0 0 0 0 0 0 0 0 0 0
64.3927802642186 70.8457479874293 70.255900422732 80.3737094004949 95.626562833786 112.446188926697 127.557774384816 140.488882859548 143.202563126882 119.823008775711 86.1517389615377 61.5053077538808 49.4491855303446 47.847439845403 44.5313900709152 39.7251720229785 44.6595251560211 44.3198482195536 38.915495077769 39.2113601167997 42.1467026074727 45.0047701597214 44.1889415184657 40.9711127479871 40.4040763775508 42.6527162392934 47.7309127648671 49.9128500620524 55.0167908271154 54.950346549352 56.6357473532359 68.1289931138356 75.1178910334905 71.9338258107503 88.4255369504293 94.4876770178477 92.1186109383901 90.2637441953023 94.1996872425079 106.09757900238 97.5217322508494 41.0763422648112 0 0 0 0 0 0 0 0 0 0
53.7405908107758 55.7358612616857 55.5496960878372 57.5294196605682 66.2644555171331 72.1860826015472 75.8463442325592 81.6905200481415 81.9097459316254 66.7467415332794 52.2407839695613 48.4635631243388 47.2130080064138 44.9552039305369 44.0467049678167 44.7343687216441 43.4786727031072 42.6108638445536 38.7252966562907 38.8341297705968 42.931541800499 47.8112151225408 48.921878139178 45.5848872661591 43.0059085289637 41.6605522235235 49.3775457143784 52.2229572137197 54.4881025950114 55.83855509758 56.0157050689062 61.4265004793803 69.2530373732249 78.6545177300771 96.2880750497182 94.450185696284 85.4781965414683 77.7303477128347 82.1241041024526 97.4385142326355 108.470499515533 99.5422999064128 51.962748169899 3.38437594473362 0 0 0 0 0 0 0 0
61.7413918177287 59.2999507983526 59.5353345076243 59.2207411924998 55.7917604843775 54.0163765350978 52.6933421691259 53.8760324319204 58.557187517484 51.1256605386734 43.8190549612045 45.4920530319214 49.0189443031947 49.1531689961751 48.495148619016 46.7952191829681 41.675478219986 47.9498604933421 49.1921454668045 46.2200840314229 48.4353204568227 48.7730403741201 47.20206061999 49.1023361682892 51.235685745875 47.0716754595439 51.0148207346598 53.4173945585887 55.3912073373795 56.1444709698359 58.4888656934102 60.9589964151382 67.2966539859772 82.7016731103261 90.5173222223918 85.1065119107564 74.1945505142212 65.7988289992015 63.8093252976735 73.8523701826731 96.0298478603363 102.329432964325 79.8771381378174 30.9016853570938 0 0 0 0 0 0 0 0
65.9185548623403 63.2294317086538 65.9953057765961 64.7456496953964 58.0525994300842 54.9144347508748 52.7304510275523 50.3820180892944 50.5956411361694 47.3016202449799 45.9139247735341 45.7536230484645 49.2150137821833 53.052693605423 53.3387064933777 50.2798606952031 47.9425340890884 53.217758735021 55.6202431519826 50.1692692438761 47.9155282179515 45.5805708964666 42.4064993858337 44.3281332651774 49.112598101298 46.5711504220963 43.8051720460256 48.2180664936701 52.0063539346059 54.7903925180435 55.1268955071767 56.6101769606272 65.4719372590383 83.4330717722575 88.0833466847738 75.017308195432 65.3251608212789 61.4423304796219 62.0441486438115 69.5311526457469 76.2464106082916 77.8421064217885 66.832756002744 37.2473324338595 0 0 0 0 0 0 0 0
50.7647146781286 53.4032980600993 61.846728126208 59.3256155649821 61.8059535821279 64.1495486100515 63.3323540290197 59.1434290011724 49.4888176520666 48.101395368576 51.1956612269084 47.8913237651189 49.0013460318247 52.4367392063141 52.8346945842107 50.8373330036799 52.8759956359863 54.723580678304 55.6591798861822 50.7444043954213 45.6986079613368 42.8330898284912 40.8101752400398 40.9362788001696 44.0633048613866 48.0388849973679 43.1081304947535 45.5243637164434 49.4746764500936 50.8056581020355 49.3818819522858 47.9811976353327 57.8168332576752 71.4289446671804 76.5738636255264 67.5848871469498 64.0331407388051 66.0541305939357 66.9536342223485 70.2668428421021 65.7793780167897 63.1107240915298 59.1821670532227 36.6451144218445 2.14659127717217 0 0 0 0 0 0 0
49.2568761110306 54.9969176451365 57.9643150170644 58.6058994134267 60.3730926911036 62.7403358618418 63.1964306036631 59.4764550526937 55.1460385322571 51.6235083341599 53.2121161619822 51.1030852794647 48.4123478333155 46.9402919212977 46.2690889835358 46.5027143557866 44.3516472975413 50.9109944105148 52.2734622160594 51.1085589726766 47.1100807189941 44.9934105078379 44.0636724233627 45.8629429340363 43.5856431722641 52.0270168781281 54.0666282176971 51.5957176685333 50.5564659833908 49.6872514486313 45.5553233623505 43.3484564224879 49.6319085359573 53.2048592964808 58.9459339777629 61.5749011437098 66.1344975233078 72.2006559371948 71.2746133406957 65.5245085557302 64.7418002287547 59.9890649318695 57.3193629582723 41.0056834419568 13.4055850406488 0 0 0 0 0 0 0
55.3772449493408 59.9668870369593 57.1580976247787 60.4655543963114 59.0527057647705 59.1719249884287 60.7020109891891 59.5205724239349 60.8102182547251 56.5505127112071 55.6832452615102 55.0838857889175 51.3101915518443 46.4786688486735 46.0350612799327 49.4625270366669 44.9539721012115 48.1185565392176 52.3458321889242 51.7645974953969 49.0090101957321 48.3056555191676 47.8282421827316 49.2137968540192 50.6923298041026 51.4569779237111 56.7464927832286 54.1373590628306 52.2887160380681 50.7424771785736 46.7996497948964 43.6446766058604 46.1606880029043 45.7777132590612 46.0864106814067 49.5907167593638 56.125874320666 64.4391675790151 64.2936825752258 53.9272626241048 57.1778764327367 53.4529636303584 52.775834997495 50.2775758504868 33.796156446139 5.43312045435111 0 0 0 0 0 0
