input/barkrak2/radiation/dir34324.grid
NCOLS 85 
NROWS 70 
XLLCORNER 665100 
YLLCORNER 4664600 
CELLSIZE 20 
NODATA_value -9999 
[rows 0 to 22 of 70, columns 0 to 51 of 85]
45.440847675005600 55.8172365029653 66.1736826101939 83.9556554953257 87.0111087958018 91.6098554929097 94.0486987431844 96.1018204689026 107.53670334816 121.156285206477 121.922632058462 118.18261941274 115.395953257879 114.579766988754 114.64649438858 100.551823774974 89.0856583913167 80.427755912145 78.8196971019109 79.3859014908473 87.2600078582764 103.171368439992 119.587500890096 122.04055984815 125.117093324661 131.238967180252 130.067964394887 124.129196008046 123.961806297302 125.560422738393 123.0242451032 143.669545650482 174.740115801493 167.882104714712 164.647688468297 160.920967658361 164.708832899729 169.951876004537 164.517958958944 166.419525941213 163.588335116704 174.921790758769 179.28691705068 169.66720422109 163.281381130219 173.66631825765 180.283665657043 135.63863436381 92.1065211296082 88.2498621940613 108.779241641363 148.461292187373
29.1886900862058 40.5569225549698 48.7010180950165 56.1677118142446 65.2828216552734 72.6705640554428 79.4647037982941 87.2570673624675 90.5933479468028 98.6605286598206 103.515019019445 116.959303617477 116.156170765559 114.600290854772 116.293321053187 102.865596612295 95.3156550725301 86.1693819363912 83.8032066822052 82.3656469583511 94.8744416236877 116.247266530991 129.563212394714 130.873590707779 131.54282172521 135.774532953898 133.14363360405 126.979748408 123.294174671173 127.939601739248 130.049745241801 151.698430379232 172.119120756785 167.956968148549 165.326813856761 161.534368991852 166.863103707631 170.889457066854 163.376857837041 163.78253698349 162.809391816457 166.16016626358 162.330766518911 155.321230491002 151.545822620392 163.324515024821 166.553278764089 127.374698718389 99.3918478488922 108.667403459549 135.785788297653 168.16238562266
10.7307111223539 13.1452555457751 20.6782159705957 25.5719994505246 28.5889705022176 36.4969645937284 45.656144618988 62.7750356992086 70.5425093571345 79.9961785475413 83.8775634765625 91.5968219439189 94.2125419775645 101.544290781021 103.594322999318 118.697494268417 114.440282185872 100.477089484533 87.4370038509369 81.6302299499512 93.5201048851013 108.901669581731 124.720007181168 131.320595741272 130.997677644094 132.371077934901 130.915015935898 127.602924903234 124.596059322357 129.989047845205 143.129090468089 161.4990234375 172.03015089035 166.571885347366 162.504196166992 162.307918071747 171.300450960795 173.618912696838 165.259550015132 161.158214012782 157.81444311142 151.593973239263 143.000304698944 135.575513044993 137.603869040807 153.053601582845 150.266627470652 121.075252691905 114.888489246368 135.415027538935 158.841053644816 178.035994370778
4.14731788138549 4.41042147576809 6.74155416587989 7.39640866716703 6.72480463981628 12.308694422245 17.3506612579028 26.0511289040248 41.2233918905258 51.4892091353734 58.2217276096344 75.4297276337941 78.7234554688136 82.8837007284164 89.2671545346578 97.4090695381165 98.007599512736 88.0101521809896 79.4487545887629 77.7977059284846 78.6337157090505 82.9665263493856 95.2470699946086 106.505185365677 111.241678396861 115.963617960612 116.043031215668 122.53083785375 126.912852128347 132.663021485011 138.265659411748 151.857028404872 159.827212492625 162.675003210704 162.686089674632 162.792096535365 164.99129931132 165.612161159515 159.068634112676 149.587730566661 145.544449488322 138.641178607941 138.59353462855 146.076381206512 150.892575581868 145.390411218007 134.550829728444 118.514935175578 123.985419670741 138.047327597936 157.116542259852 174.425959587097
11.2112412850062 4.76154188315074 1.97089494516452 0 0 2.61717941612005 10.8848127226035 16.6726745665073 20.7292102277279 24.1511389613152 38.0103588104248 48.285240928332 58.0006341139475 62.0437314112981 69.1073487202327 75.1881202061971 77.8529793024063 75.3858983516693 73.3263343572617 76.2689610322316 73.9289820194244 76.4304399490356 83.5003058115641 93.8510000705719 99.0668336550395 107.133507728577 110.609958569209 117.385099331538 120.567619800568 125.818908214569 131.281266609828 145.296146472295 142.713010311127 142.931203047434 144.399543603261 146.067460378011 155.468245347341 152.817328770955 144.663840532303 136.920630931854 136.582245429357 137.484689553579 143.708258867264 153.642465670904 153.555413087209 132.27324684461 110.410759846369 108.670850594838 118.624905745188 134.632666905721 163.261145353317 176.444848378499
32.4666649103165 18.1350645919641 6.52447094519933 0.419496675021946 0.00305750321179706 1.19087806281944 4.66843880712986 12.1507123112679 15.5520116289457 15.6622442106406 20.1526607076327 24.7264554103216 33.5213541984558 36.6123964389165 44.046550989151 50.7267365852992 56.2773942947388 61.9967579841614 68.7261919180552 76.0540415843328 80.9222211440404 85.7415497303009 84.753543138504 88.3753498395284 94.5594509442647 98.7590352694194 107.464661200841 110.705554485321 116.989036401113 126.331647237142 134.11553700765 141.787787278493 132.945239543915 135.409434636434 135.270565748215 136.37504975001 134.026904900869 127.765446901321 134.802520275116 137.173593044281 136.661976575851 136.29682858785 138.464907805125 141.096194585164 137.524714072545 111.995766560237 88.6858503023783 97.0790982246399 113.738199075063 147.004922231038 170.211593310038 174.15726184845
48.9530215660731 32.2665000955264 19.504892329375 9.48443201680978 2.7155838906765 1.37767071525256 1.7109924616913 6.80146738886833 12.1179049213727 15.5825465917587 16.6243513425191 15.6256730357806 15.9404774506887 16.0434370239576 18.7212054928144 27.1932979424795 34.8761826753616 49.3670403957367 61.0697170098623 73.5035489002864 80.5620203415553 87.8622035185496 87.0029429594676 86.422582467397 92.5732652346293 93.8664078712463 99.0964273611705 103.109538555145 112.391531467438 119.684984286626 127.182503541311 133.306274811427 123.334298531214 121.095726887385 122.560083866119 122.728725274404 123.751928408941 120.640337467194 117.127398649851 112.507124741872 119.648873806 120.301087697347 126.468390226364 133.167366186778 133.134653170904 129.025846719742 133.939137061437 140.160133441289 148.527145385742 155.944635470708 162.583698829015 164.613902568817
61.0608607530594 46.2561249732971 33.6935992042224 20.9199637174606 11.882788191239 3.90273425728083 1.24086082602541 0 6.95315686364969 14.8040515681108 18.4050624569257 18.5644949475924 17.4944773316383 15.8335405091445 12.4895038704077 15.7698666055997 21.5969334046046 31.5232401092847 44.8316385348638 58.2642356554667 67.1879847844442 78.8211127122243 87.3930354913076 87.8660380840302 88.7112021446228 89.0100300312042 91.7970637480418 94.4274961948395 99.8206337292989 108.678867419561 117.38716562589 120.18021941185 111.415882905324 108.062853415807 106.809020042419 108.515292406082 111.959238847097 112.067838509878 108.34061106046 96.3386694590251 92.2931134700775 108.82846514384 123.677412668864 134.877026081085 137.012114127477 144.360254208247 152.541081110636 153.50807706515 157.632132371267 156.349738438924 152.546356121699 150.053024291992
56.0075044631958 47.9023953278859 35.4743997255961 28.4740179777145 19.4003942112128 13.4857892990112 4.43360395729542 0.505291973240674 4.40641927222411 8.5586520532767 13.6385721464952 19.9694832166036 22.4907075365384 23.7675060828527 20.4657154778639 19.2362690965335 18.9431111017863 22.424375017484 29.1314572095871 39.3704374631246 48.9231248696645 61.6366366545359 71.5969155232112 72.7533797423045 75.9414434432983 79.2886714140574 80.8798621098201 81.3046395778656 83.7995608647664 87.5056485335032 92.1177268028259 100.500583648682 96.4531302452087 96.0852404435476 98.5966225465139 101.224680741628 102.927515904109 106.450696786245 106.915811697642 102.150460084279 103.459904591242 109.024385611216 116.638680299123 131.94872935613 131.183743476868 131.069401899974 132.679164409637 142.243285973867 151.381810506185 146.94341023763 139.1188899676 140.826125939687
37.1225128571192 33.8575119773547 27.497003475825 22.657868762811 17.4735821783543 10.5924109617869 7.87069151798884 8.56905058026314 4.62231195221345 2.10628829275568 4.4104332725207 12.4216775099436 23.0699007709821 31.525194644928 31.4062759280205 31.2561516960462 24.4402637084325 22.9671001434326 23.6525932947795 26.0593021909396 31.5884624918302 37.5471264123917 45.4132010539373 53.0146112044652 60.7099831104279 63.3458346128464 67.1719412008921 67.5138781468074 68.3400928974152 73.5361675421397 70.0770070155462 68.1356439987818 73.5949675242106 85.9015882015228 89.0099803606669 92.9956237475077 95.3929920991262 97.961038351059 102.993110815684 109.450449546178 113.084475199382 114.872356255849 113.186677296956 113.504151503245 113.491316636403 130.162686109543 137.83531387647 142.346988121668 142.226248979568 143.523186445236 142.400234937668 139.906148115794
5.80997082094351 2.206365733097 0.618664314970374 0 0 0 0.581983244046569 8.81370094915231 7.59065772096316 4.89314055691163 2.42060578117768 0 12.8364997605483 24.0736330548922 33.3468914031982 30.5898785591125 30.118003487587 26.9075855612755 23.7268507480621 21.2374279896418 22.018497188886 23.2184678316116 26.7085979382197 36.1012766758601 45.7321604092916 52.2054582834244 55.0155242284139 54.7518134117126 60.1143538951874 60.1748625437419 60.0011150042216 60.8520209789276 62.0668480793635 60.3237052758535 62.684232989947 83.5937857627869 88.2934133211772 90.6154115994771 99.3894735972087 113.030662139257 116.540014743805 112.816482782364 109.000901381175 108.867694934209 110.573579867681 111.494233210882 118.396033843358 140.215317408244 136.977165937424 140.860219796499 142.542282740275 140.536417563756
0 0 0 0 0 0 0 0.417602869371573 10.9245963394642 10.3360575934251 5.53037226200104 2.19750357791781 3.78734928866227 11.4908305307229 23.6150895555814 27.0424584547679 32.5087656577428 31.0509701569875 26.7597337563833 22.1846848726273 19.4070115685463 19.2624864478906 19.648319731156 25.5939289927483 32.1745549639066 37.6415600379308 40.8186862866084 43.5992230971654 46.8796839316686 50.5826274553935 50.6006876627604 48.9526440699895 51.3658424218496 50.1571446657181 47.5575029850006 45.0019786755244 63.02543481191 85.2082073688507 89.5861287911733 103.032688299815 107.54781961441 103.713969389598 98.4124541282654 97.0861514409383 96.8068639437358 97.6133942604065 100.320170323054 104.359169801076 106.555829445521 126.995424429576 132.673015197118 131.335228681564
0 0 0 0 0 0 0 0 2.63428719093402 12.8293372690678 13.6034588019053 8.62425193190575 1.93145483111342 0 9.1749212394158 21.0739572842916 30.71212520202 33.866340915362 33.2168688376745 29.0384317437808 24.8672390977542 25.0732203324636 26.0434101025263 26.5787715713183 28.4266819556554 29.181681573391 32.6830769578616 38.6888906359673 39.6226768692335 38.3029257257779 42.2333727280299 41.4969126383464 37.3911137382189 35.6141527493795 39.0246560176214 37.1913562218348 35.5530182520548 34.8072499036789 44.9702541033427 59.9442223707835 81.5421491861343 87.6292983690898 87.5170628229777 86.3321522871653 85.8412981033325 87.6401861508687 83.2948436339696 84.3244194984436 87.6224239667257 89.0618860721588 93.3067599932353 110.263973474503
0 0 0 0 0 0 0 0 0 5.09191490709782 15.9812048077583 19.3787341316541 15.9177606304487 9.06208343803883 7.58082916339238 18.6372920870781 26.4891137679418 35.6231480836868 41.3753241300583 40.2314116557439 34.2533588409424 32.8192884723345 32.3881258567174 32.0927525560061 34.3967030445735 33.9887986580531 36.0137621561686 42.8244024515152 42.2370334466298 36.0971167683601 34.9144861102104 37.6838246981303 34.2931101719538 30.7539055744807 29.7480076551437 27.8218587239583 23.9211320877075 21.6532448927561 19.4440186023712 25.6584932406743 35.7814828554789 37.6087749997775 46.1939473946889 54.4559359550476 60.5351130167643 70.3352987766266 72.670246164004 68.1758423646291 64.9717450141907 67.5051112969716 70.337454477946 76.5908857186635
0.494596625988682 0 0 0 0 0 0 0 0 0.0164969411950248 14.2667703330517 26.7387256026268 33.7847272555033 27.8138394157092 18.4407296280066 17.0683960119883 19.4454863667488 28.458001712958 38.7817149360975 47.2309490044912 47.1582512060801 43.2258745034536 43.2667285203934 41.1716103553772 41.0725673039754 41.6370282570521 40.923813978831 41.4563566446304 42.2924160957336 37.0183189709981 34.049188097318 32.5396607319514 32.3486402630806 28.3223738272985 25.5050361156464 22.8600750366847 18.5108284155528 15.2638281385104 14.1410864889622 11.2958252429962 8.67808982729912 17.4447397391001 23.2479770978292 28.7098561724027 34.2865710457166 41.9747134049734 53.61574391524 58.9323739210765 61.1771096785863 57.0394247770309 57.5248052676519 63.650240500768
1.12677970901132 0 0 0 0 0 0 0 0 0 3.93494901557763 21.77960673968 35.4551126559575 41.7001644770304 33.9010506868362 20.0209120909373 15.4059256116549 17.2016620635986 26.1059279243151 41.5487016240756 52.0295004049937 49.275408188502 51.7440736293793 49.0848124027252 45.4822281996409 46.9722747802734 47.6027230421702 44.431616862615 42.9910471041997 43.0272171894709 37.0410829782486 32.6026082038879 26.9947722554207 22.1646452943484 18.3927156031132 15.1230556269487 12.0476360122363 8.02538357675076 6.93985819816589 5.21107638875643 3.32073836276929 1.94170605391264 5.77868893742561 12.301263709863 22.7022071679433 28.0900696913401 36.3823051253955 46.1968332529068 49.8549987872442 49.3207673231761 51.5322039524714 56.5038571755091
0.606503143596152 0 0 0 0 0 0 0 0 0.0476862672561159 0.25605889580523 14.3891448775927 30.2828798691432 40.9442335367203 43.036088347435 38.4917805592219 33.2444782058398 24.7767642140388 20.345455656449 26.3384928305944 42.2914822896322 54.023136695226 57.8222125768661 55.825541416804 51.8868217865626 51.9101123015086 54.215540488561 52.6224325100581 49.7324963410695 49.1774628559748 45.0508842865626 34.7453753153483 27.3672391970952 20.243061085542 15.0266538063685 11.4158851404985 8.46335788567861 5.4031324883302 3.64514098813136 2.54836554328601 1.06100031795601 0.038762164573806 2.75149736328473e-07 4.13491204380989 8.34407781561216 17.6531672477722 23.3214497566223 26.9905204574267 36.336675286293 43.534129858017 48.5789626836777 50.9624133507411
0.176735571585596 0 0 0 0 0 0 0 0.325743341818452 0.362115912139416 0.343636726029217 9.45568395157655 20.8852564295133 33.2041929165522 45.177827278773 51.3899177312851 48.3237504959106 40.8251608411471 30.4667055606842 22.4567105372747 28.6916171511014 45.350839694341 53.2300174236298 57.8183829784393 58.2001010576884 61.420609553655 62.9191001256307 64.1181866327922 59.2374304930369 54.0489703416824 45.1670785744985 35.0178554654121 28.8938159743945 19.2786393066247 13.418676952521 11.1052679518859 6.38480794926484 3.65122283498446 1.16254948079586 0.162123314415415 0.00720348725735676 0 0 0 0 7.22778464357058 9.86602529883385 15.0536162157853 22.3026822010676 25.6671557823817 32.0568134387334 37.6362676421801
0.200703390873969 0.241741945501417 0.00907009901614705 0 0 0 0 0.633135515575608 1.14641548134387 6.49120037754377 10.5477198958397 12.7757800122102 17.2357757886251 23.0743587017059 32.2357341647148 42.7670180797577 48.7418621778488 49.310435851415 48.5882063706716 37.1323898434639 26.0755767424901 34.691222012043 41.981707016627 51.6896148522695 59.5296025276184 64.4107659657796 67.7998562653859 67.2453343868256 58.5965812206268 57.221457362175 46.1047540108363 36.48824741443 29.161070783933 18.3262899518013 10.4714718957742 7.18500961860021 2.87325618167718 0.715582553918163 0.0620187590053926 0 0 0 0 0 0 1.26422615721822 0 5.55667219062646 7.25581124424934 14.3864564597607 17.5643737117449 19.4894249240557
0.157666188897565 0.00290300370882809 0.0186973217447909 0 0 0 0.0614827828637014 0.898079403365652 1.36237451806664 2.0673843100667 5.62362310787042 10.33281100293 10.659155746301 14.1025011738141 22.1425965428352 34.25033390522 41.8890664974848 44.3193366130193 49.7448394695918 49.2208202679952 43.8786447048187 33.9736342430115 35.9823952118556 43.4797505537669 52.9537846644719 59.5510900020599 66.242794195811 68.3645556370417 59.9231868982315 49.8681267102559 47.104944785436 37.1720790863037 24.7409517566363 16.9327594339848 8.00962373614311 3.60647899409135 0.730725781371196 0 0 0 0 0 0 0 0 0 0 0 1.34902509550254 4.47545511027177 6.18458663423856 6.3841405014197
0.985986087471247 0 0 0 0 0.0157284860809644 0.0375444506062195 0.813781827067335 1.76959003632267 1.76935037598014 1.28867027039329 0.969179207459092 4.50254076470931 6.71535544097424 10.5203315615654 20.8302599688371 29.4872497518857 34.1522966821988 41.6958630084991 51.5416413545609 57.2417080402374 49.0730206171672 48.8079289595286 50.1983165740967 51.9639650980631 52.9476851224899 57.1796794732412 60.7832223176956 56.6669801870982 46.0432867209117 37.1937031547228 26.5726471940676 17.1980001032352 9.21531642476718 2.03067623078823 0 0 0 0 0 0 0 0 0 0 0 0 0 0 0 0 0
8.12114278475443 2.99764238297939 0 0 0 0 0.519473493720094 2.12102414419254 2.42557283490896 1.94960444544752 1.1886873592933 1.01717351935804 1.67912306884925 0 4.85989047835271 12.7988420426846 22.837037841479 28.7366385261218 35.4288369417191 46.2710460027059 54.0081113576889 62.9001607497533 67.9910431305567 67.2890444596608 60.7137282689412 52.7783383925756 49.0921636422475 44.5015132427216 53.2158116499583 40.2625873684883 24.8305797576904 14.7289993862311 7.51887199779352 0.682473260288437 0 0 0 0 0 0 0 0 0 0 0 0 0 0 0 0 0 0
31.696858505408 25.8904273311297 8.17505642771721 1.65278666342298 0.389244329805175 0.140901839282985 2.71431698153416 3.04083464046319 3.04672556618849 2.34957986200849 1.85271399095654 4.92169304440419 6.68062083423138 5.79258799552917 6.4840093255043 10.5088527003924 18.5470407207807 26.1395101745923 31.1839332183202 33.208355307579 37.0613286892573 48.8785654306412 58.4667921066284 62.4680370092392 62.4569058418274 57.2506586710612 49.5996574560801 43.7886516253153 35.6105913718541 29.8058837652206 13.5238046447436 3.46984528005123 0 0 0 0 0 0 0 0 0 0 0 0 0 0 0 0 0 0 0 0
