input/barkrak2/radiation/dir32524.grid
NCOLS 85 
NROWS 70 
XLLCORNER 665100 
YLLCORNER 4664600 
CELLSIZE 20 
NODATA_value -9999 
[rows 0 to 22 of 70, columns 0 to 51 of 85]
67.716096838315295 81.5960019826889 94.9472387631734 117.13977654775 129.339138666789 143.515795469284 141.131689151128 139.087547858556 137.15852300326 140.41405916214 141.141315301259 137.358536322912 132.932871580124 133.651127417882 133.765041828156 118.836144606272 106.507251660029 97.2164968649546 95.5170492331187 95.9186355272929 103.547324736913 121.101190646489 138.369063536326 145.465741554896 151.187101999919 161.141852537791 159.69780087471 150.610903898875 142.641355593999 145.777275164922 142.108251651128 162.569999694824 195.11208931605 190.336326758067 189.405083656311 183.549284934998 188.919285933177 198.296984036764 198.230703671773 196.330646673838 193.639755249023 203.155040740967 208.294908205668 197.764178117116 186.414817969004 192.921360333761 199.665904045105 159.12252664566 107.087234656016 102.974106868108 125.095109144847 167.051871617635
45.7599560419718 59.5122327407201 68.4260676304499 81.1651845773061 93.7035183111827 102.189620335897 112.790177265803 129.556039969126 146.454830964406 146.095226208369 145.040929317474 140.381435553233 135.29168566068 133.715182542801 133.796195189158 121.312836805979 113.243162631989 105.006635189056 100.897580385208 99.1987188657125 112.113614877065 134.669522444407 149.05991156896 148.719360431035 156.767477591832 165.248364210129 163.05340329806 154.11968032519 147.581607103348 147.549490133921 148.638268311818 172.026256720225 194.693267345428 190.550843874613 185.843030611674 181.574881076813 188.686807950338 198.050161202749 191.07977549235 190.844774246216 188.581208388011 195.412913958232 194.483002026876 183.531483014425 178.104062875112 189.535140991211 190.401633580526 142.30086406072 114.304641882579 124.560614426931 153.348475694656 189.17049964269
21.9909201065699 29.0176471074422 32.7517886956533 40.7615701357524 48.5266596078873 58.6141844590505 70.8221197128296 88.2159372170766 106.682201226552 109.381139278412 128.576209147771 140.289068222046 142.532537380854 144.025146961212 145.810345808665 146.046509345373 140.111098686854 129.904498656591 115.955948829651 110.531777143478 121.637145678202 138.283888498942 148.715227842331 151.021212339401 152.90034810702 152.245968580246 154.005179802577 153.524349133174 150.367259979248 154.902954896291 163.919031620026 183.120429515839 194.578349590302 191.829641660055 185.150563716888 184.543907642365 191.399097442627 196.100870768229 187.965710957845 183.89097849528 181.929369767507 176.053384939829 166.131635506948 160.855213801066 167.103250821431 184.176862239838 177.036722501119 136.106123526891 133.342693249385 152.370850245158 177.920381228129 200.960834821065
10.3990323841572 10.7556854685148 14.9656534194946 16.717745612065 19.4438075025876 24.4275579849879 30.6784535447756 44.4798072179159 59.1830958922704 75.6301482518514 98.2372164726257 111.733893553416 126.17102265358 132.74688522021 134.741167227427 151.830057303111 146.664510170619 142.26288596789 126.047859589259 119.232177734375 120.476504166921 122.019569079081 132.404843966166 141.594787438711 143.139859040578 141.130745410919 143.403748671214 146.130452553431 153.864194949468 160.631974538167 166.863520940145 185.346325238546 190.831104914347 188.093781471252 185.265799363454 185.47111749649 187.7334912618 188.359538714091 181.857883930206 171.863734722137 167.192538579305 159.257312615712 159.616261720657 169.777512550354 182.808915774027 178.883155186971 158.763488133748 137.992809216181 142.764707406362 155.564765135447 176.265239715576 196.04363044103
19.0551976362864 13.2410936057568 8.02227109670639 3.54357715696096 2.54604748139779 10.3381238877773 21.9739203651746 28.3910656968753 40.1024495561918 44.1429366668065 59.4190160433451 75.9749660889308 87.3203078905741 90.7381971677144 99.3401010831197 103.840559720993 100.721677144368 100.621143976847 101.391156514486 104.35539484024 100.367446740468 103.509207566579 113.460640112559 124.362796545029 130.838543176651 135.797917842865 139.897714058558 140.818576018016 146.391411622365 152.580002943675 161.430974801381 181.12180630366 180.542449156443 182.841897010803 182.879567146301 181.530137856801 178.256571292877 175.572494665782 166.846076647441 158.535957336426 158.057709534963 158.63569577535 165.0650203228 177.253941694895 179.382801055908 156.27400080363 125.360945860545 123.769621054331 136.500517527262 154.509445031484 182.184199492137 195.779820283254
41.9337054093679 28.4580787022909 15.2331106364727 5.52399332324664 2.56646098569036 6.01650277773539 14.9905309081078 25.4048829277356 29.5040160417557 28.4187023838361 35.7238327463468 44.6085135142008 49.0048925081889 53.7940760453542 57.6215485731761 65.4839227596919 70.2787935733795 75.8423109849294 84.2653214931488 92.3171838124593 97.5545744101207 104.47042187055 105.751176675161 111.271957556407 118.116388718287 124.778280655543 133.174737294515 138.450354337692 140.955944856008 147.105246782303 161.575128634771 178.076247374217 172.117451826731 173.045416673025 172.317067782084 174.385170141856 171.761373678843 166.920145352681 158.732622861862 158.946643273036 158.363689978917 157.745659351349 161.607325077057 164.559622605642 158.558428287506 127.047111590703 104.223340749741 115.910947322845 135.570575793584 173.434436321259 196.85031970342 200.031717618306
60.5273842811584 43.5409943262736 30.511237680912 19.236000875632 9.19725373387337 4.98319230973721 7.00894805292288 18.4589028358459 25.663360953331 28.6503285169601 29.1317527492841 26.6847833991051 25.3421117862066 25.8308549722036 27.7640496691068 37.6943349838257 47.3374625047048 58.2338273525238 77.4585654338201 89.0780687332153 99.1926987965902 105.191608270009 104.375461737315 105.548799037933 112.135310967763 115.666369597117 119.341830412547 127.509077390035 133.119732141495 142.541646957397 150.860021511714 154.311259587606 142.834266026815 143.316010634104 149.598489205043 155.968397855759 156.85028831164 154.70165014267 150.194535652796 144.92130279541 140.402525663376 140.845358371735 148.897151152293 156.177471081416 153.504182895025 148.29166730245 156.59103790919 163.869967063268 178.626755873362 195.931275685628 200.931032498678 196.535607179006
71.8427896499634 57.6488077640533 43.3575063943863 35.3975147008896 24.3890335162481 9.86794009804726 5.24738306800524 0.284130413395663 12.1059703330199 22.7531467874845 28.1454250216484 27.838555475076 25.5370661616325 23.8154878218969 21.2042282025019 24.539940059185 31.812014679114 41.4625257253647 57.31234451135 72.9961941639582 86.7713093757629 97.3222454388936 104.480902353923 101.24346613884 104.218075672785 104.708174864451 107.740739981333 114.316483338674 119.904349247615 129.574567079544 136.732121308645 139.691174030304 133.079797029495 126.02976957957 124.73064661026 126.609106858571 142.979512612025 144.175420204798 141.418963670731 126.062343517939 122.091203927994 128.947993119558 144.977390766144 156.900376081467 160.558482011159 167.480409145355 174.285193284353 175.467570622762 184.379935264587 186.079661051432 183.42395623525 183.627088864644
68.6194648345311 59.5483630895615 47.5883781909943 38.4394402305285 33.1473052501678 24.6039157112439 10.9959480663141 4.31400475402673 8.59595214327176 13.8804453114669 19.5515813926856 27.7804334958394 31.3452382882436 32.9532871643702 29.8122117916743 28.5760487119357 28.0006354053815 31.2919740875562 40.9019117554029 52.8432031472524 63.8695160547892 76.2847661972046 87.6057346661886 90.2785062789917 91.980904340744 94.2312876383464 94.3911770979563 94.7852631409963 104.593147834142 115.304549535116 119.019667307536 119.722098112106 115.646143754323 115.416904290517 116.028825441996 119.024286667506 121.518125136693 126.396785179774 136.812448501587 132.136076688766 136.657367149989 145.796477794647 151.151289542516 154.294351736704 154.899060726166 154.131601254145 157.761017481486 166.379163662593 173.85987440745 169.4362560908 165.310164292653 168.542206287384
49.173836906751 45.5257395903269 38.2134914398193 34.4052563110987 29.7981773813566 26.4904697736104 21.8150864044825 15.1423302789529 9.30081183711688 6.64629600942135 10.0263537218173 18.9719125628471 29.1707292199135 40.1493161916733 45.7356770833333 43.7891135613124 35.2538749575615 33.5686554511388 34.492885073026 37.3587210973104 42.7952905495962 49.3516425291697 58.4772278865178 66.5172338485718 75.1066605250041 79.7390043735504 78.5350253184636 80.2356004714966 81.0681879520416 86.7145856221517 95.3882137934367 97.4651674429576 100.958317518234 104.3474872907 107.904374599457 111.368248860041 112.124115228653 115.616460641225 122.92867898941 142.755766709646 151.109516620636 155.487587054571 154.815405607224 154.14172410965 151.478797197342 153.369873762131 159.935812155406 165.093799432119 167.331357796987 165.807118018468 167.299548784892 164.772907892863
10.9304611881574 11.8985176086426 12.9319056868553 11.6728829840819 6.29632361233234 2.75210694720348 11.7696175972621 16.3441648085912 13.9269816378752 9.59767897923787 7.42348159352938 9.64608291784922 19.6664395431678 33.2533344626427 43.8698828220367 41.5671740969022 39.8922835787137 37.1345281600952 33.9456846316656 31.712643802166 31.9208751122157 33.1416800618172 37.4072665969531 47.6641605297724 58.4637473026911 65.7734572887421 68.0521180232366 66.5706992149353 72.4105586608251 73.935737212499 75.555960337321 84.8415394624074 93.8383936882019 95.6025322278341 98.1013178825378 100.087275107702 104.615221420924 109.52099164327 117.320448160172 131.977200508118 141.24787847201 153.972595930099 150.532901287079 149.355779091517 149.830053249995 153.782735268275 160.170098145803 162.916282812754 162.160396575928 166.049003601074 167.785922686259 165.359556674957
0.269182453242441 0.372274739978214 0 0 0 0 1.55302416533232 7.1092943350474 16.5636551876863 16.0777308046818 11.4100600282351 7.30604057510694 9.72053222358227 18.7715428570906 32.9444383581479 37.4438886841138 41.7280197143555 40.9766907493273 38.026658197244 32.0529590050379 29.5701399445534 28.6718954642614 29.8097282648087 36.1263354619344 42.890394727389 49.6065566937129 53.0773103237152 54.7308375438054 59.3242794275284 62.2802078723907 63.5866622130076 61.0676358143489 63.9823923508326 75.3432661294937 83.6386680603027 85.9990616639455 95.1962371667226 101.705491542816 106.70671860377 121.44614259402 126.510043938955 125.198483467102 119.711498419444 125.342150529226 138.616432746251 137.166182200114 141.543467839559 147.691031297048 151.056349277496 155.234227577845 157.830208539963 158.492753903071
0 0 0 0 0 0 0 0.807189848273993 13.7303782006105 20.2237764994303 20.2307974298795 15.5232027173042 7.60071414212386 7.32435844838619 17.5654565294584 32.7157353361448 41.0371472438176 44.0580745538076 43.5434033473333 39.8035769661268 35.1532548666 35.3063891331355 36.5880926450094 37.2734988729159 39.2870058616002 40.8586810032527 43.640395005544 50.3785312175751 51.3404111067454 50.9171883265177 51.2870748837789 54.4022917747498 50.032099088033 49.6972600618998 57.2512646516164 72.7398643891017 79.2021453380585 88.0214869976044 92.5615926583608 99.493811527888 106.170078118642 107.567022244136 105.21533091863 106.452355782191 108.27249288559 122.446944316228 124.056567748388 126.971781253815 131.527096033096 136.489152908325 140.565206607183 142.028699318568
0 0 0 0 0 0 0 0 0 9.60797195633253 20.2388862768809 28.5335630178452 23.5286777218183 15.8843174576759 14.4558859368165 26.055412987868 36.2869575619698 45.2511409918467 52.5154769420624 51.4311045408249 44.9579656124115 45.1055665810903 43.7718828519185 44.365535179774 46.1339900890986 45.6432501475016 47.4922607342402 51.6291161378225 53.6125401655833 46.8872139851252 46.7196156581243 46.1453745762507 46.4417040348053 42.5087412198385 41.5085355440776 43.8191493352254 46.3742017745972 67.3435777425766 72.5706517696381 75.6418307622274 84.9497417608897 87.9748066266378 91.2796556949615 97.7621674537659 98.6785689989726 104.793717463811 105.266253153483 112.924655278524 111.264536778132 113.256265719732 114.760369062424 120.078732570012
3.43449289600054 0 0 0 0 0 0 0 0 2.0811902359128 19.3134347597758 31.9574624300003 39.038193722566 34.2468693852425 26.4240528146426 24.9545350670815 27.6560336351395 36.687230070432 49.6991525093714 58.0398837725321 57.7584356069565 55.8468749125799 54.9545188744863 53.0284196138382 52.7877708276113 53.5632520914078 53.8472980260849 54.5286486546199 52.4999101956685 49.5535284280777 45.9604163964589 45.6685920556386 40.3135766585668 35.8467251062393 36.4636530478795 35.0321878989538 32.4303209781647 33.9679916699727 39.6290024121602 41.4016048113505 50.485427180926 54.0939172108968 60.1709832747777 65.7596786816915 69.2148904005686 78.4044414758682 86.4642063776652 95.6247846285502 95.5043435096741 97.2094734509786 103.012084960938 108.774622281392
3.86147201061249 0 0 0 0 0 0 0 0 0.326042994856834 12.9973019162814 30.8784171938896 47.0286955436071 50.2221683661143 42.3007110754649 28.2895490527153 22.7811262011528 25.4736418525378 35.1447661717733 52.9790421326955 64.4971330960592 62.8664046525955 64.3971562385559 62.6924534638723 58.6345245440801 59.5112194617589 59.2762678861618 58.9140852292379 56.2805235385895 52.5110016266505 47.4009215831757 46.1980154116948 39.7127146522204 33.9992046356201 29.4588059186935 25.2613077561061 18.8518737753232 14.6186066170534 17.596360296011 20.205769687891 25.2689073483149 28.6138678590457 27.5662690401077 31.5477897723516 44.1900342702866 51.7035126686096 63.1291667620341 70.2208826939265 75.5809148152669 78.1682034333547 90.3210242589315 103.834201892217
2.47434697424372 0.0376832589002637 0 0 0 0 0 0 0.13766468813022 0.599821330979466 0.905624668424328 22.1992482741674 39.2334337035815 49.2496937513351 50.9128073851267 45.9206104278564 39.9105548858643 33.7177639206251 28.9952605962753 35.6383174657822 52.9141773780187 65.6437774499257 69.7209537029266 67.8319782018661 65.8279110987981 67.0808702707291 67.6077206929525 63.5350445906321 66.3212736447652 63.7615323066711 54.7123899062475 43.295294046402 40.1763568321864 30.3010195493698 24.998481074969 20.3110376993815 15.2343635757764 10.8970267077287 9.16429360707601 11.5088447928429 14.5001175502936 14.9852310617765 19.7600945830345 22.5818951924642 31.4230471849442 38.4932309389114 45.598159233729 50.3852268060048 57.3712587356567 62.8933012485504 68.8870847225189 78.5055160522461
1.31973624229431 0.136001675855368 0 0 0 0 0 0.144237050941835 1.13582781826456 1.17492753391465 6.29879906773567 15.1909564932187 27.4150818586349 41.6803409655889 54.1509389877319 60.240959127744 57.2184671958288 49.9675422906876 40.1636312405268 31.1711852749189 38.389191031456 57.4759542942047 66.0932709773382 69.8913633823395 71.6510762770971 74.4260549545288 78.6259820063909 75.6926238536835 70.1486766338348 65.7624304294586 61.136449376742 49.8290807008743 36.7195357879003 26.6003583868345 19.5032631357511 16.5785575906436 10.5040793617566 6.71643267075221 4.31737117469311 4.64893877506256 5.44429508348306 11.2395597000917 15.6583115458488 17.9918147623539 24.1659606496493 30.3615356485049 36.7349137862523 40.7594839731852 43.7367061773936 48.1138626734416 57.6775372028351 63.3992503086726
1.48627363766233 1.78153781841199 1.13954558037221 0 0 0 0.113626156235114 1.63261312991381 2.28023001303275 10.6175529460112 16.7365893721581 18.4363822142283 24.0071664253871 33.5422630111376 43.2525972525279 56.282510360082 58.1517269213994 61.7727041244507 58.5082272688548 47.5167979796728 34.8798160751661 45.0960248708725 53.8575947284698 63.5164429744085 74.2989381154378 80.2080482244492 80.13982574145 84.4548046588898 77.813650170962 67.6983346541723 55.4168274005254 53.2318353652954 39.6997878948847 26.7447059353193 19.2645452916622 14.3406788508097 8.45421229799589 4.6881257245938 1.82536384090781 0.561858604972561 4.15182517220577 5.4741899172465 8.88287213941415 14.3450324734052 17.3463026682536 21.1106166243553 24.3195543686549 28.8700585563978 31.4143225550652 38.6987328529358 43.2486782471339 47.3120411237081
1.51308067142963 0.884850509464741 1.81908796851834 0 0 0.393836254564424 0.777332577854395 1.94079227124651 2.54801815996567 3.58331296592951 17.7349982162317 16.3750760257244 16.8283308545748 22.4993129571279 30.9056018789609 45.5318788687388 49.5946456988653 56.2839061021805 59.7517242034276 60.4447821776072 53.0528078476588 43.9384281635284 46.5895980596542 54.9741238355637 64.9919261535009 74.3557860453923 80.9651364882787 79.9016704161962 68.7981347242991 68.613201379776 57.8603347142537 45.0791418552399 34.6934124827385 23.6405879259109 16.2553812066714 9.68683883547783 3.50444080928961 0.315352866891772 0 0 0 2.19558893392483 8.46500818928083 12.2274967531363 14.2293895284335 19.1641213993231 19.4870755076408 21.4641094207764 24.9281053741773 28.4462074438731 30.6824917594592 31.7380626996358
3.53037069241206 0.537981046363711 0 0 0 0.936696771532297 0.697978927443425 2.2530530889829 3.07844423999389 3.1273253262043 12.3637492458026 11.9100051621596 11.4238522946835 13.4446496764819 18.3496040602525 27.7084757884343 37.6583983500799 44.3578958511353 52.5320669015249 64.2458498477936 67.9849237203598 60.6305698553721 59.4049493471781 62.0292176802953 64.0072524547577 65.0372803211212 72.5495169560115 72.2078382968903 67.9705540339152 57.0929249127706 52.5272091229757 38.3347744743029 24.131640791893 14.2757010956605 6.01773150265217 0.536489067599177 0 0 0 0 0 0 2.14784095684687 7.04338029026985 7.99255756040414 9.94216588636239 11.6970414916674 16.5498554706573 18.7960428496202 20.0727023184299 18.3829988042514 22.455558180809
13.8191096484661 7.06654724975427 0.378264696337283 0.924980190272133 1.51888995120923 0.350464368239045 2.04911672820648 3.53717679778735 3.91505348185698 3.35647289951642 5.51382265985012 10.4774460196495 9.58636403083801 7.45376323660215 11.8492096662521 20.7761029402415 30.3266818324725 38.4260341525078 46.5691089630127 57.4280669291814 63.4457021951675 75.3468126058578 79.8261413971583 78.667551279068 73.3563005924225 65.6670977671941 60.6104532877604 61.9282076756159 62.4046673377355 48.6937959988912 32.7115605274836 21.2097739179929 13.6523966987928 2.281511357675 0 0 0 0 0 0 0 0 0 0 3.7983451038599 6.90346956253052 7.48205867906411 9.21587646007538 11.9912686447302 13.7979152301947 13.1555137534936 14.3113868931929
42.5990968942642 36.3890007138252 16.3100771605968 9.69355677564939 6.8287489314874 2.41662344584862 5.161394054691 5.58466153840224 4.70063431809346 3.85312922298908 11.108860373497 11.3806314766407 12.1674040953318 12.1633981664975 12.9551763335864 17.5638521711032 26.686226328214 34.1044341524442 40.4406910141309 43.2390222946803 47.8419909874598 60.4810267686844 69.8779175678889 74.2678940296173 75.3509600957235 68.6251868804296 61.7190798123678 52.1056105693181 56.5089633067449 37.5669995943705 19.4833005468051 7.49416338900725 0 0 0 0 0 0 0 0 0 0 0 0 1.3209095535179 2.23539117723703 2.45831999927759 3.70012254764636 7.54277966916561 10.0568284591039 8.65123669306437 7.79522893329461
