input/barkrak2/radiation/dir34424.grid
NCOLS 85 
NROWS 70 
XLLCORNER 665100 
YLLCORNER 4664600 
CELLSIZE 20 
NODATA_value -9999 
[rows 23 to 45 of 70, columns 0 to 51 of 85]
59.2072606086731 49.3105798959732 20.4055147866408 5.12954747925202 0.24572965533783 8.06172999242941 4.76274453103542 3.66485087821881 2.50312592834234 2.21050903201103 2.1683539574345 2.26525512213508 10.1558386037747 13.237909724315 10.5228386819363 11.2827693422635 16.3029742737611 23.928905526797 28.3786008755366 22.4254975716273 21.2631995479266 24.6543511748314 34.7239250938098 44.4508194923401 50.4928827285767 49.8042007287343 44.7351435820262 38.2454146941503 19.2147716879845 8.33944665888945 4.80470371743043 0.882911030203104 0 0 0 0 0 0 0 0 0 0 0 0 0 0 0 0 0 0 0 0
59.1106663147608 55.2618205547333 34.9408934513728 9.05248522758484 0 2.75455446292957 4.10242937505245 4.14187585314115 3.34964909901222 3.3979748065273 2.17118704070648 1.97793201853832 5.90626460810502 11.0235325992107 10.697279125452 10.3415958583355 14.4662335515022 22.2445875406265 27.6810253659884 21.0123260815938 19.3365241090457 17.1582239369551 23.2341835896174 30.7555596033732 34.8570595184962 35.30253469944 32.6392203569412 29.0566558639208 13.252882907788 4.24592103809118 1.78187697504958 0.967419706285 0 0 0 0 0 0 0 0 0 0 0 0 0 0 0 0 0 0 0 0
47.3965754111608 51.2634962797165 44.3938970565796 17.5618852178256 0 7.44951826830705 14.9033678074678 22.5346088409424 23.4136506915092 18.5457939902941 14.2679288983345 15.3009369969368 13.9071370164553 17.0426269372304 17.0230766137441 12.3596253494422 13.7011980017026 20.3427871068319 26.9678433736165 29.3642257650693 29.321126639843 25.7528970638911 23.0129112799962 22.6234371463458 25.1764232913653 26.771975060304 23.4978199005127 24.0317632754644 14.4008410473665 10.6037346025308 8.12237337231636 10.2215620378653 5.99959182242552 0 0 0 0 0 0 0 0 0 0 0 0 0 0 0 0 0 0 0
46.1385399103165 50.6870448589325 48.3567814032237 25.7156963149707 5.22918005784353 18.1639889876048 30.8329785863558 40.8003603418668 48.1083293755849 43.8963373502096 26.9049182534218 28.5708233714104 25.6091107924779 26.5899077057838 26.9117479523023 18.1255042552948 15.6854776044687 22.2344994544983 29.5138334234556 38.397915661335 39.4307325283686 36.8189091483752 29.3648218115171 24.5890468358994 24.8294199506442 26.5473102529844 22.5454270839691 29.6284779906273 28.3459300796191 27.1617372830709 30.6018491586049 45.0606842835744 52.341823776563 33.4663713971774 0 0 0 0 0 0 0 0 0 0 0 0 0 0 0 0 0 0
47.3081519206365 46.4767863353093 46.4682877063751 31.0651262601217 26.2291505932808 36.2684975067774 50.0036875406901 58.1869781017303 58.8667740424474 49.8463859160741 37.1418396631877 30.8787723382314 27.347003420194 29.2787700891495 31.3412696123123 26.1480286717415 21.228497227033 25.4907657702764 36.896176636219 41.4522339900335 39.5734831690788 31.8365643421809 29.5355170965195 30.0583293040593 30.2039682865143 30.1734854777654 28.011088569959 37.3074884215991 53.0516505241394 57.2457512219747 60.1487706104914 65.8804674943288 75.3452132145564 80.1557004451752 39.3788293004036 0 0 0 0 0 0 0 0 0 0 0 0 0 0 0 0 0
50.0941822926203 40.8462335666021 41.2160481015841 33.3136767148972 44.7179873784383 50.0265757242839 54.4900248448054 53.229014078776 47.582005461057 37.7836103240649 31.2473947803179 26.0627791285515 27.2147307793299 31.2120566765467 32.3596646388372 33.1186627348264 28.0032406250636 24.6985654036204 32.2903990745544 35.3985503315926 33.1894730528196 27.3765623569489 27.0935520529747 32.1509366234144 34.2365031441053 31.0906966527303 31.8092008431753 37.2008134921392 58.8012635707855 70.8559850851695 76.7340908447901 79.8398007949193 87.2563123703003 89.5662009716034 78.9469083150228 16.6138187050819 0 0 0 0 0 0 0 0 0 0 0 0 0 0 0 0
51.3246456782023 36.6313581665357 36.5559384226799 37.4142775932948 46.7261175314585 49.6864567200343 42.1321541070938 31.6934585571289 7.92032790680726 6.29563257098198 5.54425890247027 13.5176902016004 25.3455167015394 31.653955578804 32.33752399683 36.3811776041985 33.9682574073474 23.0831801891327 24.4548867146174 27.6872714360555 26.7944584290187 27.015541990598 27.4699752529462 32.3338707288106 37.0317175984383 33.9341213305791 35.9265680114428 37.5302235285441 52.7739077806473 73.0316738287608 84.162841240565 88.295042514801 90.5959407488505 92.4866994222005 98.1386800607045 79.6794245640437 12.0875003437201 0 0 0 0 0 0 0 0 0 0 0 0 0 0 0
50.7148702939351 50.9728739658991 67.7445481220881 94.2789812882741 75.4728217919668 55.7324985663096 34.2908427119255 8.51914659142494 5.79284379879634 11.3049186766148 4.59693217029174 4.86734416335821 23.6855447292328 31.958594918251 34.6643800536791 40.9831653038661 38.1534695625305 26.9811699787776 26.4528666933378 28.7554015715917 26.2073427438736 29.6162863572439 31.2187224626541 33.4656164050102 38.4854152798653 41.9417719046275 40.4565657178561 42.6069696744283 54.149920741717 76.1205901702245 90.7084743181864 92.1883583068848 90.6453529993693 97.0811247825623 106.474876403809 109.120776255925 83.5645794868469 31.9483603040377 0.0223636840625356 0 0 0 0 0 0 0 0 0 0 0 0 0
60.8790516853333 89.6667341391246 133.796314398448 154.009958108266 134.787380695343 89.8126860459646 50.6498118241628 26.376873254776 21.8919465939204 26.4599099755287 19.6875954667727 17.1107649803162 24.0679507454236 31.3777352372805 39.1625836491585 43.6519583066305 39.3922924995422 34.0154096484184 28.7300373117129 29.5185918609301 29.4943129022916 32.4984192848206 34.6041768789291 34.1503967841466 38.8259043296178 48.8342791795731 48.9212175210317 53.8933078447978 62.4341120322545 77.4893661340078 90.4765526453654 96.9484448432922 97.1230367819468 101.854274670283 108.110338449478 109.024792909622 102.343261241913 83.1892242034276 29.1331286231677 0 0 0 0 0 0 0 0 0 0 0 0 0
113.963484764099 148.061166206996 173.797090848287 176.450113455454 173.401256402334 148.664762576421 112.178802490234 79.7060976425807 60.5109830697378 50.6618519624074 45.4888045787811 37.5155806541443 27.5514200329781 28.863954047362 37.2081473469734 42.7916248639425 38.1523768107096 39.0066504478455 29.2650287350019 27.7545005083084 31.3434054454168 32.8179846207301 33.2443937659264 33.4208806355794 37.5548054774602 49.7665305932363 54.3544143438339 60.9087596337001 69.018433491389 76.5567322572072 85.7555170853933 95.0383146603902 96.9041188557943 92.6645398139954 95.0538416703542 90.7616813977559 92.1098490556081 79.2525857686996 40.6153251727422 0.172535151553651 0 0 0 0 0 0 0 0 0 0 0 0
165.580461422602 183.773120244344 188.360810279846 187.438289324443 190.447568893433 185.75656414032 164.805442094803 127.537747224172 95.0882534186045 71.9641198714574 72.4059442679087 64.2486910025279 43.6242868502935 34.1268852353096 35.5380972226461 39.1192485888799 33.4602470199267 34.1241161028544 27.9820362726847 29.0404905875524 28.6796813209852 30.1096389691035 28.895082573096 28.9341310660044 34.8580082257589 43.8106209039688 54.3300261100133 57.8671594460805 66.0835802555084 76.3113101323446 85.8685274918874 87.6035690307617 79.7604471445084 70.5736577510834 72.1932798624039 61.1000905434291 62.4286383390427 49.315224091212 12.3775328199069 0 0.583979184739292 0 0 0 0 0 0 0 0 0 0 0
179.657618204753 189.738074938456 188.030203183492 190.548161665599 192.016084988912 189.513941605886 179.990728696187 153.127749760946 107.958257198334 84.6359034379323 83.0034911632538 80.7583034038544 64.2188886801402 44.5175319910049 36.4922086397807 36.6594145695368 31.5261036157608 28.4470319747925 27.9512008031209 30.6709383924802 27.7387152115504 27.2643218437831 28.1403933962186 29.2051881551743 33.0598602692286 38.642259935538 46.9083487987518 48.3163098494212 56.3814590374629 71.3389565547307 78.7066519260406 77.5751670201619 72.586844364802 66.6081458330154 59.5714747905731 49.9648402134577 53.5531938076019 51.1025687058767 33.7118034561475 4.77441896994909 4.51688623676697 0 0 0 0 0 0 0 0 0 0 0
172.346870104472 175.808906555176 172.714591026306 174.877484639486 175.181905428569 170.121550559998 164.840330680211 148.596872886022 114.397505919139 94.8355197906494 87.8682335217794 81.4669628938039 73.7893432378769 50.1474440097809 39.0492950876554 39.9334828058879 34.1133425633113 27.1081700921059 30.3685416777929 31.5155138572057 30.6528632839521 28.1824022531509 30.8165550231934 33.9044605692228 32.8026413917542 37.2290462255478 40.5950471758842 41.6937172412872 47.9192634423574 64.0917519728343 72.1736749013265 71.3663349548976 74.2574632167816 75.0471452871958 59.7594728072484 54.8454523086548 58.795228600502 64.672976732254 59.1936806837718 24.047796924909 0 0 0 0 0 0 0 0 0 0 0 0
146.477301915487 150.253673394521 152.732342481613 149.058878421783 148.688097794851 148.40167760849 153.095056613286 150.31960606575 124.947249889374 102.726995944977 90.8375382423401 73.2810646295547 67.1628018220266 46.6530025005341 35.8031317591667 40.025716026624 41.3919364412626 31.3899666070938 33.4608554840088 36.6408179203669 36.5648344159126 33.410906791687 33.5682580868403 36.3389650980631 34.7799261411031 34.4982594251633 39.65708365043 44.6260869503021 48.7177222967148 59.4398677349091 69.8985109726588 73.1281836827596 74.9614884455999 78.8024514913559 63.2617970307668 62.9544059435527 62.3883853356043 70.8248366912206 70.3020393848419 35.6843819220861 0 0 0 0 0 0 0 0 0 0 0 0
124.090174833934 133.014976978302 144.515703121821 140.782246987025 139.863153298696 146.461377541224 156.286636988322 159.804155429204 145.404358704885 116.386483112971 91.9745961825053 66.7448441187541 50.4713207483292 39.9090573191643 32.1607291698456 35.4178498188655 44.8116014401118 37.9766101638476 36.2163136402766 39.0202676256498 39.4905755917231 36.6502950588862 34.7693040966988 35.7381030917168 37.0038747787476 36.5407069524129 38.6705150206884 46.322375535965 49.637645483017 53.8743138313293 64.5604431629181 74.0397373835246 75.5561838547389 70.9113528331121 60.6768776973089 70.0776427984238 71.7186431090037 76.2780904769897 77.2878080606461 53.8797279198964 0 0 0 0 0 0 0 0 0 0 0 0
88.9229377110799 100.022415320079 108.162860075633 112.307697534561 120.510598023732 136.175185441971 149.810393651327 158.822933832804 156.350274880727 128.97131840388 94.3639477094014 64.3148720264435 46.0128088792165 43.1334276994069 36.3771046201388 31.4874102671941 40.8673137426376 41.464996834596 36.5241641799609 36.5429247419039 37.0098501443863 35.0935310125351 33.0237100521723 34.1637060046196 37.3203208049138 40.1956712206205 39.7694458564123 43.8399016857147 48.2518623272578 50.2090950806936 57.1532895167669 70.6493308146795 74.3088225523631 62.2425973415375 63.2689148187637 77.9093354940414 80.89213569959 79.00836567084 81.6609710454941 77.2885084152222 27.4612754583359 0 0 0 0 0 0 0 0 0 0 0
56.0092926025391 62.2993409633636 61.7858469486237 71.5785423914592 86.4331523577372 102.909505367279 117.731759945552 130.484412113825 132.016797860463 109.411259492238 75.90385278066 53.2882561286291 41.3910398880641 40.3090169032415 37.149985631307 33.0688133835793 37.3929391304652 37.9867802063624 32.3743472496668 32.3701451222102 35.1475079854329 38.3418003718058 38.2004976272583 34.5379387338956 34.0366512537003 36.836122473081 41.1206608017286 43.9165582259496 47.4860419829687 47.4401066700617 50.6405333677928 60.8827521403631 67.7305956681569 64.2389158407847 80.6090980768204 86.4695906639099 82.7481100956599 77.7431577444077 84.138830502828 96.5999364852905 87.9829625288645 33.632218837738 0 0 0 0 0 0 0 0 0 0
45.7360446453094 47.4777867396673 47.5155065457026 49.5254248380661 57.9621642827988 63.7351175149282 67.3788090546926 72.5523928801219 73.4704434871674 58.9509457349777 44.4498956203461 40.5062312881152 39.6453986565272 37.1679589152336 36.2724264462789 37.3645971218745 36.18290523688 35.7609316706657 32.1500351031621 32.4577738841375 36.4114368955294 41.1743968725204 42.7758196989695 39.4062449534734 37.0248481631279 35.7803652683894 43.4012164672216 45.4741020997365 48.4321316083272 48.2765336831411 47.6652185122172 54.4488628705343 62.0511720577876 70.3705847263336 86.7299338181814 86.4390432834625 77.7975420157115 68.2159165541331 71.4882512887319 86.9335929552714 95.5013533433278 89.6335641543071 43.5090164343516 1.12453522160649 0 0 0 0 0 0 0 0
53.4123828013738 51.0846078395844 51.3114780187607 51.1035323143005 47.8423287471135 46.1061696211497 44.9321568012238 46.1369603872299 50.7788807153702 43.6693777640661 36.6249953707059 38.0307286977768 40.9706781307856 41.5363435943921 40.4424468676249 38.8144577542941 34.5037703712781 40.9271667400996 42.2348926464717 39.4884869456291 41.6723042726517 41.3872748613358 40.3993974129359 42.836939295133 44.3610002597173 39.8039494951566 44.9398010969162 47.3133623600006 48.5243052244186 50.1626084248225 50.777867436409 53.1949549913406 60.1361642281214 75.0769674777985 81.1774184306463 76.1917332808177 66.9437100489934 57.5313766797384 55.1520884037018 64.942608277003 87.961624066035 90.3971791267395 69.5014248291651 24.3999982873599 0 0 0 0 0 0 0 0
57.4250121911367 54.81951435407 57.5555413961411 56.3486218452454 49.9094426631927 46.9427754481634 45.0573563575745 42.7465488513311 43.0473287900289 39.8772607247035 38.5590593020121 38.5770996411641 42.0173406600952 45.1997220516205 44.9629177649816 42.6259736220042 39.4240220387777 44.8489189147949 47.7339824040731 42.6233410835266 41.2083665529887 38.9039466778437 35.7972780863444 38.297101855278 42.9242104291916 39.9160981178284 36.7859949668249 42.0904854933421 45.9007620811462 48.026775320371 48.4583477179209 48.4083443880081 58.3621213833491 74.5106637477875 80.2931139866511 67.7157243092855 58.4499637285868 55.2491843700409 52.6592234770457 60.6064597765605 66.6230916976929 69.1945403814316 58.0751796563466 31.0297161340714 0 0 0 0 0 0 0 0
42.8092976411184 45.3378359476725 53.5192986329397 51.1007557312647 53.4826119740804 55.8110177516937 55.1136533419291 51.3732930024465 41.8669482072194 40.6159286697706 43.6545312404633 40.6309415896734 41.3676972190539 45.1444884141286 45.0249960025152 42.6688293615977 44.5180684328079 46.3240891695023 46.5346475442251 43.1502809127172 38.9911259214083 36.1901173988978 34.2620089650154 34.9888528386752 38.008376955986 41.1953081687291 36.5977933009466 38.423923154672 42.8185959657033 44.8586841424306 43.5504764318466 41.5708621342977 50.3182411193848 64.1473879416784 68.1085586547852 60.6292535861333 56.726078192393 58.3748916784922 58.9783887068431 59.3098451693853 57.1266810099284 56.1783313751221 51.8185198307037 30.6246007482211 0.485495858204861 0 0 0 0 0 0 0
41.3719365994136 46.8472540378571 49.6875991423925 50.3619760274887 52.1223942438761 54.5424421628316 54.9063583215078 51.3648688793182 47.4164485931396 43.9342657725016 45.5581794182459 43.6363418896993 41.1849071582158 39.8085912068685 39.1822184125582 39.5481785138448 37.029301126798 42.7968005339305 44.0534253915151 42.268102367719 39.1812672217687 37.7321566144625 37.3905350764593 39.2044534285863 37.5544279813766 45.6944853067398 47.8130678335826 44.7936852773031 43.8592433929443 43.0445621411006 39.1487156351407 37.1348311503728 42.1079347531001 46.6388364632924 51.6309688488642 55.3728640079498 58.6466193199158 63.196470340093 64.1293376684189 56.6581388314565 56.0273279746374 53.1866004069646 50.6581664085388 34.8913272221883 7.55468445519606 0 0 0 0 0 0 0
47.1880187590917 51.6038586695989 48.9268948634466 52.1054665247599 50.7910549640656 50.958717862765 52.5575478871663 51.3516217470169 52.6832540829976 48.6686825752258 47.9353864987691 47.4599401156108 43.4936881065369 39.3171757459641 38.8900985320409 41.8613851070404 38.1169070800145 40.7155901193619 44.0217604239782 43.4935390949249 40.9728611509005 40.317157904307 40.4301136732101 42.4331923325857 44.5955246686935 45.2836255232493 50.3203918536504 47.8069285551707 44.8491175969442 44.5172389348348 40.7288422187169 37.4186560511589 39.9250537157059 39.1417344411214 39.9569422006607 43.5623774925868 49.6352215607961 57.5909912586212 56.5137167771657 46.8710760275523 48.5339115063349 46.5133388837179 46.3256984949112 43.6517397562663 27.7582133809725 3.06861288845539 0 0 0 0 0 0
