input/barkrak2/radiation/dir34924.grid
NCOLS 85 
NROWS 70 
XLLCORNER 665100 
YLLCORNER 4664600 
CELLSIZE 20 
NODATA_value -9999 
[rows 0 to 22 of 70, columns 0 to 51 of 85]
41.004769504070303 54.8336058855057 65.1305168867111 76.5386273463567 83.3273977041245 87.7556006113688 91.032475233078 89.6404385566711 98.0957945187887 112.496664126714 118.599404891332 114.867011706034 110.61151822408 111.28090818723 111.322700977325 99.0002552668254 86.0751370588938 77.5744517644246 76.0087271531423 76.6952832539876 84.6465329329173 100.332011779149 114.96956149737 118.710199991862 121.754705905914 129.607597986857 126.556674639384 120.818008979162 118.837048610051 123.49130709966 120.153258244197 140.590727329254 171.014865239461 164.099554220835 163.022100925446 157.403806845347 161.148528258006 166.159808635712 163.306931654612 162.629495064418 160.004824399948 169.655581315358 173.717697461446 165.968706210454 156.812618176142 167.343596617381 176.670928796132 133.869747320811 89.854488770167 85.9791239102681 106.258442004522 145.403166611989
26.5204310417175 37.2474541266759 44.4824993610382 51.7658690611521 64.1597062349319 71.413055062294 76.871857047081 80.8154245217641 89.3033345540365 90.1856124401093 95.0154662132263 99.5100438594818 112.843831380208 112.894654273987 111.354490121206 101.201067368189 92.2218461831411 84.6725205580394 80.9065749247869 79.5978158712387 92.0373300711314 113.097876310349 126.117249329885 125.589201847712 129.909098148346 134.221583604813 129.603236913681 123.618225256602 120.127429564794 121.851950883865 127.126336097717 148.363490899404 168.327212333679 164.152522881826 161.566913127899 157.957683006922 163.23177019755 167.078653971354 159.580896298091 159.986148277918 159.115999937057 162.504464387894 158.708035945892 150.20415186882 145.09654045105 158.493518829346 160.521477460861 125.349193811417 97.156822681427 106.214473644892 133.012980222702 164.810130993525
9.10101706782977 12.3809700210889 18.7105598549048 22.2269669175148 27.8076355655988 34.686637421449 42.7939792474111 54.2015979687373 67.0195817947388 72.4011808633804 80.00381787618 80.9862862030665 91.0640060901642 93.2867725690206 95.3903396924337 101.920982201894 100.413729747136 93.544195095698 81.2706301609675 73.2954988876979 86.9545936584473 103.556891282399 116.308907667796 122.728516658147 126.051962375641 124.856283267339 127.083371082942 124.24772977829 122.818380594254 126.769264539083 135.541786750158 157.912413279215 168.218930562337 162.745495637258 158.73114267985 158.608943223953 167.569955190023 169.811725616455 161.433935165405 157.375047604243 154.128680626551 148.052185773849 138.349930445353 132.254660129547 134.120970964432 147.495716810226 143.724123636882 118.975927432378 112.104992071788 132.769703865051 155.739863713582 174.514094988505
3.41538774470488 3.74728223929803 5.19905425608158 6.90681859850883 4.35957995553811 11.0093553860982 16.035712013642 24.4842519362768 37.1526554226875 47.4996666113536 57.3212852080663 65.9615298112233 78.2424608866374 82.5980355342229 82.9215745131175 89.4864400227865 90.6561811765035 86.3071878751119 75.2691974242528 72.4719365437825 76.6790608565013 79.8203001419703 89.8959338665009 101.017961899439 106.064935525258 107.578744490941 115.682274103165 119.042704502742 122.129509846369 129.235645135244 134.802560011546 145.557741324107 146.933525800705 147.691696882248 156.457503636678 159.001092116038 161.17270787557 161.786109209061 155.274073282878 145.925015211105 142.002155383428 135.289053122203 135.339419047038 142.621884743373 147.197008132935 141.720900932948 131.180067857107 116.394132375717 120.505233605703 134.083906809489 154.486397902171 171.982089678446
10.0668153415124 3.99440837403138 0.825586651141445 0 0 2.08071401963631 8.8696051388979 14.686061690251 19.6900367736816 23.5852127273877 31.7452549934387 47.7813432614009 55.1058848698934 59.1122508049011 64.6458764870961 71.0559586683909 73.4995355208715 74.5850304762522 70.2170034249624 71.7157125473022 72.2580105066299 73.4001100063324 83.7464133898417 90.4605587323507 97.5142916043599 103.569140036901 107.033789157867 112.011959155401 117.356389760971 122.331827878952 127.141465743383 141.279935836792 135.723541180293 138.751685619354 140.190968910853 139.433006445567 138.791799545288 146.69993519783 141.025255123774 133.397450049718 133.091936508814 134.044587612152 140.212535858154 150.028804937998 149.886399507523 128.839949766795 108.336081107457 106.506129105886 115.388810634613 131.058762470881 158.664832512538 172.842721144358
31.9154510895411 16.7236303289731 5.59382326900959 0.12616846167172 0 0.862587243318558 3.5783089697361 9.90674396355947 13.6672370135784 15.4293775558472 17.953439305226 23.3403195937475 28.0404960115751 33.8236490885417 41.5813451011976 51.2528816858927 53.5354216893514 61.3458752632141 68.0219580729802 72.9030519723892 77.7206917603811 82.4727714061737 83.2079648971558 85.0516359011332 93.026985724767 99.0508596102397 101.917803287506 109.077831109365 113.381157318751 117.39507317543 130.339602629344 137.853562831879 132.130722204844 130.763113498688 131.395230690638 132.533212502797 130.220989386241 124.028126398722 118.592907985051 133.622219165166 133.125325043996 132.805506388346 134.953757127126 137.538482745488 134.103824694951 108.992348114649 86.5057309468587 94.8979755242666 110.755572716395 142.204393943151 163.950632015864 170.495212078094
48.3151376247406 30.3740079204241 19.0245384971301 8.46675659219424 1.87364111964901 0.959517899900675 0.681255478411913 6.78873931368192 9.80878372987111 15.7125021020571 15.7259789605935 15.5747272074223 15.4366691907247 15.0054817398389 17.2305976351102 25.3866066535314 33.5452010234197 46.2332566579183 60.2306624253591 70.3473389148712 77.2651334603627 84.4736198584239 83.643913269043 83.1063687801361 89.190145333608 90.4378195603689 97.3097781340281 103.32390666008 106.763551632563 115.998049577077 127.262055873871 127.670407295227 119.527578353882 117.353310187658 119.60298816363 121.422270933787 120.054413874944 114.690800507863 113.596618175507 109.057684739431 105.716695388158 118.449678023656 123.084008693695 129.690070947011 129.826446374257 125.910619894663 130.632847547531 136.72595222791 144.92196838061 154.519895712535 156.307299931844 156.660666068395
60.3380699952443 45.6994076569875 31.6975439588229 19.4022332628568 10.0710758318504 2.87428932885329 0.626873147363464 0 5.02628398438295 14.4319422543049 18.5556883613269 18.6425720651944 17.0228617886702 15.2614613374074 11.9992221395175 14.388483017683 20.7850697139899 30.6476975480715 44.8874533176422 55.4975966612498 67.7333970864614 75.5663613478343 83.9854081471761 82.7040821313858 83.5322439670563 85.6900413831075 88.4492595990499 91.0333891709646 94.0230488777161 106.624712546666 115.056773026784 117.625196774801 108.738938967387 105.36668697993 101.106603940328 105.032980442047 110.627194245656 108.572602272034 107.28907585144 95.0335562229156 89.2384548981984 95.6434607505798 118.437021970749 131.286849578222 135.379294554392 140.833457310994 146.876235802968 149.866133928299 153.885145982107 152.54200498263 148.771792650223 146.361649036407
55.2838742733002 45.4419602950414 35.1416990160942 23.429478208224 17.3308812081814 10.4717090725899 2.22750753164291 0.238778244238347 3.87610774487257 7.55506195127964 12.3606038590272 17.3323092361291 21.3150555888812 22.1022044618924 19.2862910528978 18.3883880575498 17.7857379118601 20.7642875611782 27.0817453662554 37.1794824798902 47.6022561391195 58.8335692882538 68.5633718967438 70.0545161962509 72.8645175695419 73.0901807546616 77.7817567189534 78.1681934992472 82.3401361703873 86.2237016359965 88.6917312939962 92.7952826023102 95.1156417528788 92.7270849545797 95.2256321907043 97.8893935680389 98.0134606361389 101.462215185165 103.904962539673 99.0889469782511 100.172191858292 105.532964070638 110.536575317383 110.628922780355 125.160425901413 127.592265605927 131.065984567006 138.60222697258 145.309686660767 140.943229198456 133.321384588877 135.086238384247
36.4124923944473 30.3070073326429 25.6235996882121 20.9307670593262 15.9488556285699 8.27226725717386 5.74619695544243 6.79818292458852 4.07276613016923 1.39573107783993 3.6755312855045 11.2203831473986 19.6281646688779 29.5613780617714 31.5232674280802 29.9689099192619 24.1040959954262 22.7452367544174 22.511546810468 24.3067195018133 29.5400470495224 35.4622403780619 43.1218445301056 50.1771022876104 58.037464817365 61.9476040204366 63.1645272175471 66.0116374492645 66.9271151224772 68.9557542403539 68.8755412896474 67.9441293080648 70.645347237587 74.9575148026149 87.7321759859721 89.738388856252 90.2607838312785 97.0375339190165 101.95180773735 108.14180970192 109.555502732595 111.225167910258 112.402717272441 109.859714905421 107.341080904007 117.775509754817 134.209235509237 138.5910709699 140.950471162796 139.843672513962 138.671050469081 136.190195878347
5.07676508277655 1.28375389613211 0 0 0 0 0.529016251675785 8.67887834707896 7.62749339143435 4.24704204003016 1.88891061892112 0 12.2734531760216 22.8981052835782 32.7265014251073 29.8943147063255 28.2769749561946 25.6659736235936 22.7037072181702 20.1767447094123 20.8560725053151 22.1863016486168 25.6894504030546 34.0995589892069 44.5233732461929 50.8926461140315 52.5384694337845 53.2293319702148 58.4772924582163 59.826264778773 58.1733733415604 60.5508983135223 61.8598759174347 58.125505844752 59.8424722750982 72.7525552113851 85.1570467154185 87.4153176943461 96.354216337204 109.64963833491 110.163291295369 109.168340762456 105.389416217804 102.472086747487 104.294945796331 107.859154542287 111.957599719365 114.236394564311 133.233120044072 137.10034886996 138.770520687103 134.370386600494
0 0 0 0 0 0 0 0 9.7722460826238 9.55013061563174 5.10081586738427 1.63276415939132 2.79310718178749 11.0140703618526 21.9490577777227 25.7169778148333 30.559815466404 30.7570174336433 25.7895390192668 20.9910323222478 18.3675587177277 17.9886184632778 18.3934693535169 23.8918289542198 30.2914877732595 35.6207837661107 37.9625111818314 42.1826193730036 44.601450363795 48.2146789630254 48.1939315795898 47.9852308829625 45.6973512967428 48.1629222631454 45.5540666977564 44.7945147752762 49.2704957723618 75.6363868713379 88.4403884410858 99.6353328227997 101.396103700002 100.19713640213 97.5792010625203 93.6801930268606 95.875084400177 94.1948692003886 96.8308349450429 100.777844587962 99.9853809674581 103.445986906687 122.959603865941 130.114416281382
0 0 0 0 0 0 0 0 2.58308183401823 11.0324906806151 12.6645142833392 8.10245548685392 1.30110691922406 0 8.53542983531952 19.8766067624092 28.804287314415 32.5234284003576 31.2562584877014 27.7469704548518 23.1733545660973 24.0036472678185 24.3251745899518 25.2785633007685 26.6517053047816 28.4020155668259 30.8022648096085 37.2325306137403 38.9098475376765 37.6892139514287 41.0839517911275 40.524497628212 36.602516969045 33.5786094268163 32.6101233561834 35.0740104913712 33.4351186951002 32.794530193011 40.6526202956835 50.5393892526627 71.7873573303223 75.7017036279043 80.1484435796738 85.3899518648783 84.8753253618876 86.657037337621 82.4729104836782 81.0794333616893 84.3008855978648 85.6764217217763 89.8457765579224 92.4546221892039
0 0 0 0 0 0 0 0 0 4.5379384731253 14.9809544285138 17.8728438913822 14.5427112778028 7.92801255981127 6.71993816892306 17.1343622108301 26.139368613561 34.7135911385218 39.159007370472 38.8512661059697 32.272773484389 32.2876671950022 31.1748733123144 31.4184725284576 33.0936759710312 32.69029657046 34.035953382651 40.6777610381444 40.1028121511141 34.120353559653 33.9354326327642 36.7205093304316 33.7542841831843 30.0970723231633 29.1996151208878 27.5898228089015 22.2209244966507 21.5939432382584 19.4016496340434 15.9411281347275 26.8432969848315 35.841703414917 38.2971639434497 47.7935870488485 52.2736112276713 65.4075443744659 67.1734114487966 65.555860598882 64.0986214081446 65.4143691062927 69.5121437311172 72.5726981957753
0.27284532552585 0 0 0 0 0 0 0 0 0 10.8968565861384 26.9738286733627 32.4981684486071 27.0164807637533 17.4894531567891 16.060795634985 18.850389868021 27.4028082688649 37.7480511864026 46.1461047331492 45.6986675659815 42.8257336219152 41.9284949700038 39.8122519254684 38.9516403277715 39.5169208447138 38.8061751921972 39.8551101485888 41.4742827415466 35.7995505134265 32.1195299426715 31.7291965087255 27.1139194567998 26.7175436019897 25.1444230477015 21.2548946340879 17.0699084798495 13.9488205313683 12.8847733139992 10.1290047168732 7.72665999829769 8.39661061763763 16.9378245870272 25.4444827636083 33.5546856125196 39.1371200482051 48.8500048716863 56.2814772129059 55.0145109494527 51.6271193822225 55.5266390244166 60.6292436520259
0.866470392793417 0 0 0 0 0 0 0 0 0 2.93789462496837 20.8333929379781 33.2431197166443 40.3203169504801 31.8583870927493 19.0503833194574 14.6698417762915 15.7376453280449 25.5490342775981 41.2621647119522 49.5456556479136 48.9952266216278 50.3591597080231 46.7419723669688 44.0308550993601 45.5389022827148 45.9114660819372 43.1253612041473 41.4954473574956 41.8084462483724 35.3174408276876 32.0419693986575 26.5340333183606 20.6093825399876 16.9838145375252 13.8828059037526 10.924914230903 7.8768910219272 6.09264646967252 4.47427574545145 2.7428970982631 1.23571193156143 1.57241399089495 5.04217358926932 15.69814234972 29.1198939085007 35.7006341218948 41.3610488176346 47.2645461559296 48.5713680585225 50.1972983280818 55.7349771261215
0.445280262889961 0 0 0 0 0 0 0 0 0 0 14.2987097303073 30.5140241980553 41.2931839625041 41.5978829065959 35.08460521698 30.381441116333 23.6118485530217 19.276009251674 25.1029084126155 41.8737630049388 52.6974101861318 56.3298165798187 53.3417264620463 49.4957715272903 50.4847019910812 52.4419099092484 51.2423018614451 48.4893868366877 46.0783938566844 42.8000291188558 32.7811365326246 25.6343235572179 18.8692646721999 13.8333017627398 10.3343160202106 7.55456214149793 4.69776739676793 3.07617584864298 1.76608795300126 0.448318353543679 0.0114141876110807 0 0 3.94743246336778 10.8669213950634 21.0646440585454 26.4527077476184 28.1133105357488 35.2771729230881 44.0305421749751 47.9885985453924
0.106237266057481 0 0 0 0 0 0 0 0.159879738930613 0.315506069455296 0.306303108421465 8.56227986514568 17.56418744723 29.7946333885193 42.763019601504 48.2005327939987 48.3731081088384 39.7669225931168 29.2706489562988 21.3172808289528 27.5156969825427 44.0147817134857 50.7665574550629 55.2826821804047 56.6038489341736 58.8092505931854 60.2611502011617 61.458632349968 58.5877994696299 52.0386000474294 43.2481467723846 33.2776258389155 26.0926658908526 18.9236365258694 12.2422451774279 10.0474394857883 6.23705796897411 2.36961819852392 0.566356893007954 0.0844420380114267 0.000834021041858553 0 0 0 0 0 8.02902753154437 8.18663090467453 15.1205534736315 21.6906170050303 27.6370470722516 37.116639316082
0.12206543275776 0.129848049255088 0 0 0 0 0 0.389893112393717 1.07766850851476 5.24334982037544 9.42345770696799 11.5459002554417 14.8297722140948 22.8887920578321 32.2834700345993 42.9528504610062 46.2684730688731 49.3003825346629 46.1862285931905 35.0571994980176 24.6669302384059 32.7012439568838 40.5808289845785 49.2959121863047 57.8579058249791 63.8384819030762 65.0366693735123 64.4619713226954 57.5440376996994 56.1713029940923 45.2774117390315 34.3881001075109 23.4415431817373 16.9069431722164 9.42047250767549 4.87574531386296 2.24849426498016 0.509729259647429 0.0209128799421402 0 0 0 0 0 0 0 0 1.35228022312125 4.23265341669321 9.35908841590087 10.3881079703569 17.1684126059214
0.0841218279674649 0 0 0 0 0 0.00477098183182534 0.839236114795009 1.30116776563227 1.3102600350976 2.04276541868846 6.34305737912655 9.05995070934296 13.1549263993899 20.5077889064948 33.3514486749967 40.4326915740967 44.1949665546417 47.3273396492004 47.9373335838318 40.939802924792 32.4669231971105 35.1899589101473 42.128379146258 50.5251785119375 58.9226384957631 63.5116050640742 65.5781179666519 57.8669557968775 49.5271682739258 46.3027209043503 35.041684905688 23.0035682519277 15.5383211870988 7.90243533750375 3.01406594614188 0.510817393660545 0 0 0 0 0 0 0 0 0 0 0 0 0 1.49532593786716 3.0964749554793
0.748921340952317 0 0 0 0 0.00102656144918001 0 0.766985739270846 1.23672272699575 1.11446382167439 1.23310539250573 0.536393296594421 2.45219562202692 4.4624994819363 9.90082696080208 18.9952452977498 27.2360493739446 33.1594496965408 40.2529786030451 51.2210726737976 55.842066804568 47.5269655386607 45.5142110586166 48.4480957190196 51.189790169398 51.6998072465261 54.6577324469884 59.9542011817296 56.0776740312576 45.2445099751155 33.7698012590408 24.9437466263771 15.8693864941597 8.26551330586275 1.79753685370088 0 0 0 0 0 0 0 0 0 0 0 0 0 0 0 0 0
7.34944765766462 2.51500805219015 0 0 0 0 0.301006405303876 2.04702280461788 2.35391082242131 1.88387045636773 1.13809814987083 0.475634743149082 0.304908297645549 0 3.5265376791358 12.0862225691477 21.1897318561872 28.1862417856852 34.8753010233243 45.7743108272552 51.5087644259135 61.2063904603322 66.6300803422928 64.5118802785873 58.7802628676097 51.487535238266 46.7810531457265 42.2857155402501 50.7949888706207 39.4596258799235 23.1243222951889 13.4986378252506 5.88593011101087 0.445668158742289 0 0 0 0 0 0 0 0 0 0 0 0 0 0 0 0 0 0
30.140479405721 24.4092494249344 6.60530850291252 0.839752688383063 0 0.0413213710999116 2.58930570756396 2.95379230131706 2.31502298265696 2.26859205091993 1.16891747651001 2.63307926555475 6.09500892460346 4.76737413555384 5.64763695001602 9.64691552023093 17.7225669225057 24.8264123996099 29.2790904641151 31.7377224564552 35.8082701762517 47.602837284406 57.1156541506449 61.0726326704025 59.8340779542923 54.2001326878866 47.6624518632889 41.608989238739 35.1214135686556 28.2291248440742 12.3856328427792 2.99743004143238 0 0 0 0 0 0 0 0 0 0 0 0 0 0 0 0 0 0 0 0
