input/barkrak2/radiation/dir35024.grid
NCOLS 85 
NROWS 70 
XLLCORNER 665100 
YLLCORNER 4664600 
CELLSIZE 20 
NODATA_value -9999 
[rows 0 to 22 of 70, columns 0 to 51 of 85]
39.911453922589601 52.9997398455938 63.7708405653636 76.4898558457692 83.2785069942474 85.9817763169606 90.9466842810313 89.5426869392395 96.5567529201508 109.707534313202 118.452489376068 114.724864562352 110.473960638046 111.144055922826 111.193418502808 98.8816618919373 85.9705011049906 77.4591912825902 75.8849680423737 76.5289564927419 84.453543027242 100.151846806208 114.824384450912 118.569433689117 121.616383393606 129.490534464518 126.446386178335 120.679646730423 118.670423825582 122.402548789978 119.156350692113 140.384326378504 168.877224127452 164.045095443726 162.910729646683 157.238672176997 160.992681980133 166.06460014979 160.688320795695 162.535826365153 159.86031293869 169.519384702047 173.591732978821 165.819664796193 156.631280978521 167.125384012858 176.454166571299 131.973167260488 89.3800059954325 85.7269565264384 105.99414507548 145.101259152095
27.3471002777417 37.4282548824946 44.4208532571793 51.7004082600276 64.0816589196523 69.8352158069611 76.7971277236938 80.7355344295502 87.6043538252513 90.0970598061879 94.90567445755 99.3843376636505 111.126015583674 111.144860585531 111.22856537501 101.067394018173 92.1074350674947 84.5547318458557 79.5369843641917 79.4392029444377 91.8617745240529 112.943410873413 125.996202230453 125.474800666173 129.791696866353 132.069985071818 129.496236642202 123.485823472341 119.976381460826 121.688773234685 126.91921989123 148.185392220815 168.242553869883 164.099037647247 159.298658370972 157.809952894847 163.098861773809 167.006095250448 159.547885258993 159.901271263758 158.996293942134 162.38463918368 158.576836188634 148.396223783493 146.44334713618 158.335149288177 160.352488358816 123.973906040192 96.6355005900065 105.956733226776 132.724513610204 164.537936449051
9.07317673166593 12.3331335683664 17.6955461502075 23.2726559042931 27.7293076117833 32.1313465634982 41.7557309071223 54.1125486294428 67.9298490285873 72.314977645874 79.8994700113932 80.8852215607961 90.9592906634013 93.1814908981323 95.2743589878082 101.807127396266 98.2273519039154 93.4272209803263 78.4412324428558 73.1347302595774 86.7902239163717 103.385210037231 116.166293621063 121.896435817083 126.943409442902 124.738792578379 126.959602038066 122.468580802282 121.204853057861 125.142474969228 135.40843129158 157.777547836304 168.16649834315 162.703593571981 158.641477425893 158.500730991364 165.243089199066 167.146066824595 161.397318045298 157.288422187169 154.012282689412 147.908826669057 138.180842002233 132.071753342946 133.963723977407 147.371719280879 143.569886684418 117.82897512118 111.252586046855 132.489760716756 155.474980672201 174.282391866048
3.38873732835054 4.02657284090916 5.16259577125311 6.86292971173922 3.73615138232708 10.6677201886972 15.9397199749947 24.3766978383064 37.0503415664037 47.3961333433787 57.2163512309392 65.8632218837738 78.1406263510386 82.490141193072 80.7403028011322 88.1577531496684 89.3302857875824 86.1539840698242 73.5046615203222 74.1749505201976 76.4792462189992 79.6221643686295 89.7047321001689 100.830932458242 105.881631374359 107.416371504466 115.518748760223 117.77596672376 121.969521045685 129.113634427389 134.698023398717 145.510862270991 146.954903999964 147.689054409663 154.025346040726 158.927222092946 161.115994056066 161.736726760864 152.784158786138 143.787890672684 140.10093609492 135.126451651255 135.160654783249 142.464607954025 147.084812323252 141.611069440842 131.010870138804 115.324834982554 120.288590590159 134.346226851145 154.22053138415 171.750088532766
10.0414038946231 3.96853126585484 1.01917625094454 0 0 2.02404816324512 8.61150895555814 15.3359596927961 19.5849041144053 22.9214777549108 31.6406488418579 47.6617763439814 54.9833675225576 57.2362641493479 64.5035455624263 70.8918819824855 71.4653829733531 74.3916034698486 70.0227965911229 71.5258916219075 72.0558265844981 73.204904794693 83.5638642311096 90.2833938598633 97.3368883132935 103.403717279434 106.865793466568 111.841430266698 117.174992958705 123.155891895294 127.01282898585 141.247967878977 135.749280452728 138.741632302602 140.15648762385 139.401773611704 136.141618092855 146.468778451284 138.895034790039 133.272439241409 131.231804688772 133.899162213008 140.076100826263 149.905939896901 149.772385756175 128.689418236415 107.178340355555 105.597168207169 114.63525891304 130.831549564997 157.248765230179 172.631084918976
31.8978428840637 16.6965362926324 5.75993085900943 0.109990728863825 0 0.779762398451567 3.49449552595615 9.81820995608965 14.3649789194266 15.3213602801164 18.872690697511 22.5803752740224 27.9064898689588 33.6771756410599 41.4246469736099 51.0800580183665 53.3566971619924 61.1497710148493 67.8236335515976 72.7093766132991 77.5252282619476 82.2837501764297 83.0361992120743 84.8812560240428 92.8544898827871 96.921980381012 101.760049661001 108.90660683314 113.22025458018 118.744432926178 130.215545495351 137.810607751211 129.075725873311 131.495475769043 131.339251995087 132.475902636846 130.17142812411 123.984634876251 118.524074554443 133.494238058726 133.000820875168 132.674853006999 134.825835625331 137.417743603388 133.955826361974 108.802109956741 85.8366986115773 94.1267708937327 110.555738210678 140.572677055995 161.951243877411 170.333484808604
48.3014235893885 30.3585231304169 18.0512232085069 8.13165431221326 1.83082899699608 0.785754838337501 0.438217422924936 6.44279395540555 9.71085702379545 15.5976054569085 15.8750054736932 15.447569390138 15.3081081807613 15.6612135469913 17.1015001833439 25.2411862214406 32.6591456929843 46.0563898086548 60.0530157486598 70.1716343561808 79.3440242608388 84.2913190523783 83.4713677565257 82.9369127750397 89.0209674835205 90.2847647666931 97.1586406230927 103.168507417043 106.612851222356 115.849107503891 127.155562241872 127.61777639389 116.665442784627 117.293844620387 117.012004057566 118.929197390874 119.977166255315 114.620308081309 111.309895912806 106.857051452001 105.692098538081 118.294368187586 122.947633266449 129.564901192983 128.202736377716 125.733941793442 130.471736192703 135.010878245036 142.908652623494 152.078608671824 156.247089306513 154.324561357498
58.3227574825287 45.6975102424622 31.7049572865168 19.4104438026746 10.0515397886435 2.82464859386285 0.495533342473209 0 5.45732987423738 14.3179309864839 18.4247133632501 18.5078519086043 16.8888506790002 15.1268566648165 11.8703072269758 14.2594973246257 20.646425584952 30.4928148786227 44.7203268607458 55.3341160217921 65.9877459208171 75.3940045833588 83.8199853897095 82.5416098038356 83.3691557248433 85.5350395043691 88.2950524489085 90.8825198809306 93.8885410626729 106.487145026525 114.947497844696 114.973843097687 108.663956324259 105.288684368134 101.018855969111 104.931771755219 108.330617348353 108.485778172811 107.1950395902 94.9254631996155 89.1462365786235 93.6899681886037 118.325253327688 129.138211409251 133.35116704305 138.796617587407 146.781921386719 149.767349163691 153.809309005737 152.482092380524 148.699184258779 146.266251802444
55.2653769652049 45.451412598292 35.1645623644193 23.4577755133311 17.9254114627838 10.4472413659096 2.17928147564332 0.208005949389189 3.6248800655206 8.04065726697445 12.2560461362203 17.199881374836 21.1631506681442 23.0927815039953 19.1403751571973 18.2562333842119 17.6523129145304 20.6303372979164 26.9465198119481 37.0411227146784 47.45052754879 58.6731682221095 68.3937718470891 69.8872258265813 72.6990600426992 72.9331721862157 77.6223490635554 78.0220727125804 82.1919441223145 86.1061215400696 88.5962943236033 90.4981295267741 92.9624537626902 92.6303664843241 95.1274037361145 97.7953473726908 97.9300936063131 101.376374562581 103.81085673968 98.9915529886882 100.1016497612 105.491161346436 110.518783330917 110.61958471934 125.071376562119 127.481549978256 129.055331150691 138.510942459106 145.241578420003 140.869279702504 133.23583205541 134.995778401693
36.3781849543254 30.3147857387861 25.6476799647013 20.9611852963765 15.9811240931352 8.92045286794504 6.10277863840262 6.73086568713188 3.82382981479168 1.25219005470475 3.41910061736902 11.1094762881597 20.6335224211216 28.0234018961589 32.7016214529673 29.1437432169914 23.9591002464294 22.610105574131 22.3818570375443 24.1811946034431 29.4030830264091 35.3137701749802 42.958324154218 51.3441761334737 57.8698217868805 60.4538718859355 63.0083829164505 65.8516585826874 66.7818238337835 67.1747674544652 68.7674681345622 67.8574790557225 71.3664988676707 74.8877425988515 85.7034822305043 89.6440347035726 90.1678005854289 96.9427327315013 101.857483386993 108.063459396362 109.525839487712 111.221959193548 109.545052051544 109.858175118764 107.320507367452 113.379269838333 134.122480948766 138.535449902217 138.421456019084 139.768173297246 140.958517789841 136.1237068971
5.06010465323925 1.28192144135634 0 0 0 0 1.09394096458952 7.6680767039458 7.54291191697121 4.04864580680927 1.78131274878979 0 11.8687227368355 22.7496400475502 32.5632443030675 29.7364642222722 28.1199688712756 24.9901985128721 22.5709229707718 20.0540162622929 20.7256910701593 22.0457166433334 25.5364055434863 33.9438443382581 44.3602353334427 49.7711102167765 52.3791958888372 53.083856900533 58.3334515492121 59.7037474314372 58.0769131580989 60.4618688424428 59.9077095588048 58.0954849720001 57.7386071284612 68.8318411509196 85.062305132548 87.3396893342336 96.2795714537303 109.601805607478 110.15131076177 109.175662199656 105.404168367386 102.481305599213 104.28927342097 107.85515109698 111.972481012344 114.251186450322 130.21715482076 137.057890494665 138.731688261032 134.31845108668
0 0 0 0 0 0 0 0.405421596951783 9.68019850552082 9.14478798707326 5.00765442848206 1.5582909497122 2.61021436502536 10.6691978871822 21.8000536163648 25.5509465932846 30.3976063927015 30.5981462200483 25.6457130114237 20.9976608554522 18.232154349486 17.841212451458 18.7264358003934 23.7512911359469 30.1415274540583 35.4623521367709 37.8085697690646 42.0298824707667 44.472282131513 48.0887939532598 48.0928122997284 47.9073127110799 45.6503729025523 48.1202751398087 45.5260872840881 44.7794447342555 49.2639640967051 71.1722473303477 88.3748133977254 99.5970765749613 101.441363493601 100.193311770757 94.9695408344269 93.6672588189443 95.8525935808818 94.1769977410634 96.825122833252 100.78826546669 100.012441476186 103.476574023565 122.938603162766 130.059947570165
0 0 0 0 0 0 0 0 2.55017603437106 11.9229530294736 12.232206761837 7.99370432893435 1.22701547419031 0 8.32714761296908 19.7298862040043 28.650090098381 32.3612342278163 31.1012417078018 27.5985648234685 23.0324417352676 23.8592724005381 24.17969952027 24.7058247526487 27.0847330490748 28.2451162735621 30.6531886259715 37.0857665936152 38.7766758600871 37.5776017705599 40.9762064615885 40.4437631368637 36.5476955970128 33.5404425859451 32.5863386193911 35.0568617383639 33.4464982151985 32.828484972318 36.7869883775711 50.5362451076508 66.9297526280085 75.6735901037852 80.1164209842682 85.3592058022817 84.8415593306224 84.3808551629384 82.4591865142186 81.0873607794444 84.3148231506348 85.6975515683492 89.1684194405874 92.460572719574
0 0 0 0 0 0 0 0 0 4.46562810490529 14.4909868637721 17.7344580491384 15.1232096056143 8.06036467353503 6.6203319778045 17.008105913798 25.9894306461016 34.550870458285 38.9967213074366 38.6908973256747 32.1242362260818 32.1343491474787 31.0272723436356 31.2724808851878 32.9440981149673 32.5416897734006 33.8939900199572 39.7655715545019 39.9699757496516 34.0075170000394 33.8479553659757 36.9754110773404 33.6984048287074 30.0576214989026 27.8790344794591 26.1757001280785 22.2373753786087 20.1362296938896 19.4367108245691 15.9803281227748 25.4371414581935 34.2629949251811 36.2945521871249 46.5374092260996 50.9261637926102 65.3422226508458 67.1184559663137 65.5028770367305 64.0547672907511 64.384455482165 67.1759943167369 73.3371575673421
0.253154779784381 0 0 0 0 0 0 0 0 0 10.7996749381224 26.1379132668177 32.3349013924599 26.8712416291237 16.9198786218961 15.9460281332334 18.7199947734674 27.2604152560234 37.5921676556269 45.9759136041005 44.6549753348033 42.6653772592545 41.7773226896922 38.1404086947441 38.8015160957972 39.361834526062 39.2297705014547 39.7335762778918 41.3298010826111 34.9126408497492 32.0365155736605 31.6676050424576 27.0758544405301 26.6827444235484 25.1268595457077 21.255150437355 17.0816617707411 13.964140166839 12.9081433018049 10.1564911504587 7.75680256386598 8.41881707310677 16.9198885560036 25.3942434986432 33.137634396553 39.0499755740166 48.7600614627202 56.2119632959366 54.9581448237101 51.5710612138112 55.4653058449427 60.5760514736176
0.840597941229741 0 0 0 0 0 0 0 0 0 2.88982937733332 21.1562936504682 33.0903579791387 39.1913379232089 32.8517357508341 18.9194915195306 14.2680580417315 15.6151739259561 25.412251551946 41.1083623766899 49.3845442930857 48.8300671180089 50.20472407341 46.5896427631378 43.8796033461889 45.3863640626272 45.7782844702403 42.9941515127818 40.4882952570915 41.6928927103678 35.2409953872363 30.8850854635239 26.4957770705223 20.5898818870385 16.9789666930834 13.885830839475 10.9305952986081 7.13953499992688 6.10640024145444 4.49111312627792 2.75972827027241 1.24868587590754 2.80638784170151 3.73132713139057 15.6429347892602 29.0372967720032 35.6283932924271 41.2955010930697 45.0468162695567 48.505296309789 50.1393377780914 53.4927745660146
0.428921892307699 0 0 0 0 0 0 0 0 0 0.219065851221482 13.5867446660995 29.5030797521273 41.1122987667719 41.4160365859667 33.646876613299 30.2366515000661 23.4898750980695 19.1628163059552 24.9773586789767 41.7142361402512 52.532285451889 56.1656753222148 53.1830191612244 49.3427564700445 49.3709842363993 52.3108740647634 51.105742653211 48.9159325758616 45.9996958573659 43.0451730887095 32.7259550491969 25.5978852510452 18.8513832787673 13.8254923125108 10.3345196694136 7.55623417596022 4.70322805146376 3.08482286830743 1.77630626906951 0.453506130725145 0.0122187072217154 0 0 3.92956876506408 12.4319816629092 21.0086529453595 24.5366593201955 28.0590603748957 35.2192272742589 43.9795802036921 47.9423304398855
0.100904202554375 0 0 0 0 0 0 0 0.206486050349971 0.28369395295158 0.291844519476096 8.51605460047722 16.7559621234735 29.648279150327 42.5860385100047 48.0171839396159 48.2009003559748 39.610596994559 29.1321227947871 21.1979597806931 27.3924817641576 43.8699821631114 50.6111085414886 55.1188041766485 56.4495821793874 58.6670686801275 60.1349721352259 60.0658555825551 58.4749132394791 51.9672135512034 43.1990126768748 33.2431445519129 26.0668645302455 18.9087713758151 12.2373178601265 10.0460033863783 5.62001205980778 2.37657222896814 0.572178706837197 0.0869326177053154 0.00095742931686497 0 0 0 0 0 8.00521050890287 8.16280270616213 15.0800906121731 19.9430547654629 27.594601114591 35.031055410703
0.114910876921689 0.119801911447818 0 0 0 0 0 0.463752580496172 1.39169751976927 4.66945674270391 9.73479636013508 11.5102206667264 14.0601471066475 22.1561516324679 32.1218818426132 42.7769323190053 46.0948000351588 49.1236199935277 46.0257679224014 34.9243134260178 24.5491117238998 32.5721651315689 40.4276177287102 49.1408556699753 57.7127784490585 63.7057572603226 64.9188657601674 64.3591483434041 57.460551460584 56.0900618632635 45.2239861090978 34.3641092379888 23.4359030922254 16.904270897309 9.42871284981569 4.88676130771637 2.25826306268573 0.514983393562337 0.0216059052036144 0 0 0 0 0 0 0 0 1.34740599120657 4.21807014693816 9.33595125873884 10.3685557842255 17.1438989539941
0.0774132252748435 0 0 0 0 0 0.00437733160651987 0.969697255641222 1.68040239562591 1.93566068386038 2.16208941613634 5.12261378268401 8.99760238826275 12.6729980111122 21.1314260959625 33.192053437233 41.5312051773071 44.0189441045125 47.1543421347936 47.7769474188487 40.8077985048294 32.346581419309 35.0493912895521 41.9881194829941 50.3905117511749 57.5422495603561 63.3976459503174 65.4668460289637 57.7823221683502 49.4777361551921 46.2560703357061 35.0239475568136 23.0066900451978 15.5465751886368 7.91772082448006 3.02784983068705 0.517589428151647 0 0 0 0 0 0 0 0 0 0 0 0 0 1.49201322346926 3.09183013935884
0.725218482936422 0 0 0 0 0 0 0.870279579733809 1.58460469295581 1.63280979419748 1.82078126817942 1.05780200101435 2.50272856404384 3.92746708045403 9.56487034757932 18.8580577572187 27.0774637659391 32.9947769641876 39.3366565306981 51.0626782973607 55.6936115026474 47.3835319280624 45.3807214895884 48.3207205931346 49.9755640824636 51.5843530495962 54.5489490032196 59.8236322402954 54.5961608489354 45.5658535162608 33.7569266557693 24.9383747577667 15.8687929312388 8.26725736260414 1.79706746712327 0 0 0 0 0 0 0 0 0 0 0 0 0 0 0 0 0
7.30393516520659 2.46731145307422 0 0 0 0 0.298436731100082 2.35222605988383 2.86049830416838 2.45619487638275 1.67393870651722 0.934297995020946 0.601353007368743 0.0745862586578975 3.26896427820126 11.9686710337798 21.0445076227188 28.025709092617 34.7218761841456 45.6297298272451 51.3666570186615 61.0692997773488 66.4977629979451 64.3863628307978 58.6579789717992 51.3668904701869 46.6669897238413 42.1928664048513 50.6942719221115 39.4070694843928 23.1080626447995 13.4789769848188 5.86505855123202 0.440055349220832 0 0 0 0 0 0 0 0 0 0 0 0 0 0 0 0 0 0
29.9748281637828 24.2523352305094 6.50500630338987 0.705070327967405 0 0.0343619224925836 2.92405920724074 3.44296917319298 2.80738497773806 2.76180170476437 1.71859251956145 3.13622566560904 6.04081029693286 4.68541029840708 5.33704335490863 9.27616966267427 17.5872966647148 24.6771400173505 29.1407505671183 31.610166033109 34.884050488472 47.4765648444494 56.9821894168854 60.9358002742132 59.6952984730403 54.0756682554881 47.5431283315023 41.5136168400447 35.0695575277011 28.1873817245166 12.3567345241706 2.95067143936952 0 0 0 0 0 0 0 0 0 0 0 0 0 0 0 0 0 0 0 0
