input/barkrak2/radiation/dir35224.grid
NCOLS 85 
NROWS 70 
XLLCORNER 665100 
YLLCORNER 4664600 
CELLSIZE 20 
NODATA_value -9999 
[rows 46 to 68 of 70, columns 0 to 52 of 85]
44.5517202218374 46.0637460152308 48.4913140535355 50.4601101080577 50.2596398194631 50.1512885093689 51.9695729017258 53.6916355292002 50.7157643636068 49.6826469898224 48.9069471756617 48.2488473256429 45.2900230884552 42.5461381673813 42.1964526176453 45.352910955747 43.5984830061595 39.168544113636 43.3321446180344 42.3064629236857 39.3900151054064 40.4561758041382 40.2469833691915 38.5529845952988 45.934667189916 42.2126203775406 43.3214207490285 44.0825323263804 43.4968918561935 42.3875749111176 41.8267150719961 38.7163683772087 38.1176869074504 37.9637728134791 40.233055750529 41.1623567342758 41.9858545064926 46.5027689933777 48.2837408781052 45.5538332462311 43.1519498427709 41.0402665535609 46.3955501715342 50.6508052349091 43.5490210851034 19.4320703546206 0.13107819055828 0 0 0 0 0 0
39.0119676788648 41.1996990442276 46.3128685951233 47.8527943293254 51.2418250242869 52.7808368206024 50.9680509567261 50.767570734024 50.8585770924886 53.5555829604467 50.995926062266 47.7661738793055 46.4539974927902 46.6556002696355 45.2588597933451 44.2690898974737 43.1061287720998 36.9714846213659 40.533388654391 41.6790594657262 39.0961915254593 39.5226130882899 42.3586269219716 37.5759676098824 39.4548972447713 39.726826051871 38.245069483916 41.2080362439156 43.1612581014633 41.873703400294 42.6175892353058 42.2416677077611 37.9307021697362 40.5312230189641 49.7705141703288 53.3786714076996 48.712616165479 43.9952860275904 46.5004493792852 51.6896446545919 46.5076466401418 41.1794433991114 48.9620019992193 52.929828564326 48.547754685084 33.7185387810071 7.19211623072624 0 0 0 0 0 0
32.7475517988205 35.7181380192439 40.5488262573878 43.6604519685109 49.6786137421926 52.9833386341731 50.1194347937902 48.5972613096237 52.4405141671499 54.6224663654963 52.9650847117106 49.516424536705 48.4839429457982 48.9969998598099 47.2505340973536 42.6997542381287 41.9028600056966 37.5048443675041 40.1733045776685 43.6387211084366 42.5144632657369 42.5727019707362 44.3346053361893 41.948989033699 39.2846117417018 41.4032886425654 40.0478318333626 44.8607256015142 49.797202150027 51.5944411357244 54.648627837499 55.8069447676341 47.294740875562 47.979528705279 55.389737089475 62.2710486253103 59.9745561679204 50.9446312983831 46.5082426865896 51.0100424289703 45.81085840861 40.4439121484756 40.5352065960566 40.5346602201462 39.7232100367546 36.6641134023666 28.3095811804136 0.880120399718483 0 0 0 0 0
31.8084210157394 29.9322456121445 33.8825111587842 40.9840941429138 46.2537407875061 49.1253634293874 51.6862372557322 54.1913956403732 55.4702281951904 52.6045908530553 54.4472386439641 54.7637691100438 52.0005077123642 49.434428413709 47.9378352562586 44.1269775231679 42.9573804140091 41.2231435378393 43.618972102801 47.1320450305939 48.6162801583608 48.0030278364817 46.4427967866262 47.8207319974899 43.1432276964188 45.02339164416 46.5611020723979 50.9747962156932 57.5804710388184 64.3084347248077 69.7055160999298 69.573054711024 61.5870803594589 56.0800383488337 55.5986116329829 55.72742720445 63.2054805755615 57.9276879628499 49.8442699511846 43.4246410926183 39.9918879071871 40.6530300776164 40.1669939359029 37.5228077173233 33.4569811820984 35.2403769890467 21.4145183563232 5.94806671142578 0 0 0 0 0
31.9924677411715 35.1167470216751 38.4730969866117 44.1113809744517 44.3890243768692 44.9313670396805 52.2446185350418 57.0519169171651 57.0617516835531 56.8388899167379 56.8938155968984 56.7637979984283 53.5796334346135 50.0923693180084 50.0679612159729 53.2019933064779 46.8361576398214 47.1674799919128 48.082227508227 52.1324376265208 52.490105231603 49.888422091802 47.7870802084605 47.0394591490428 43.7710334857305 48.9378621180852 51.5680114428202 55.3333510955175 58.4251681963603 70.7215716441472 76.5188237031301 79.011211792628 70.5183198054632 60.2309952179591 43.0552065372467 46.1396326621374 54.0875891844432 62.2088015079498 54.4208685557048 41.3386176029841 36.6633683443069 39.7976785898209 44.9307461579641 39.9491861462593 36.0228170951208 34.363679587841 19.4200351834297 9.43225622177124 0 0 0 0 0
32.7634116013845 42.7029977242152 44.7604457537333 45.9497272968292 43.8643991947174 43.4486071268717 50.7237613201141 55.8343827724457 55.7122925917308 60.3136072556178 58.3032617966334 57.7816565831502 55.663804213206 51.8128722906113 52.1429528792699 57.7956040700277 51.4484445254008 49.9397218227386 48.2988307873408 49.1654972235362 49.508661031723 48.0406880378723 47.8786726792653 44.5991605520248 42.321374018987 44.471800327301 48.3987182378769 50.1215308904648 52.9218912124634 58.3952218294144 68.3413048585256 78.9111157258352 71.5527931849162 53.5931537548701 17.135010411342 16.6923366487026 22.8038976589839 48.1468836466471 54.7715127468109 56.0239255428314 50.4492123921712 44.1885987917582 35.8403126398722 35.3756795326869 39.3986105918884 35.3351583083471 19.3207288781802 13.9671228826046 0.044962983035172 0 0 0 0
36.0396107037862 34.646841386954 33.836655318737 35.7900932431221 41.5295238296191 46.3857154051463 47.2295631965001 52.64084537824 52.5205433368683 57.1950823068619 57.3575695355733 59.2389007409414 59.1754118601481 55.1703274250031 53.6071906487147 52.6374528805415 54.4587274392446 49.2976754903793 44.3983525037766 42.0395235220591 41.7603651682536 43.9040511846542 44.7510679562887 40.5566766858101 41.783740123113 39.100872973601 39.8039147257805 41.9285943110784 40.6225174665451 43.8634206851323 48.0268200238546 60.9723826249441 58.9395264784495 33.0534776051839 13.5455305377642 7.0111242433389 7.69949890673161 15.0925194223722 36.0760564605395 52.2823184728622 54.8494855562846 47.4331080913544 34.0868358810743 30.9543261925379 32.5611407558123 22.5003659725189 18.8326314091682 28.3139099677404 13.7104565898577 0 0 0 0
38.2463683684667 29.7633955876033 27.9318292935689 32.4899653593699 42.3965603113174 49.922838807106 49.6821900208791 50.8980254332225 53.3012797435125 53.6368042230606 55.8858613173167 58.2336684068044 60.0406726201375 58.9359551668167 55.6163936853409 53.0187586943308 55.7997127374013 49.9034275611242 45.7200258970261 45.7047373056412 45.2858606974284 44.3308651447296 42.6253527402878 40.201743443807 40.1332179705302 38.52878510952 37.2359802325567 37.1243630846341 36.5476359923681 34.2134311795235 28.9526929457982 34.1093068321546 35.437082250913 19.8350126544635 14.968511958917 7.76794056097666 1.16392085328698 0.228921921613316 6.68336264789104 20.4153321683407 41.560634970665 37.9003683725993 32.4721311529477 23.5278606414795 18.7037152548631 19.6361641089122 17.7330436805884 33.9980845650037 40.5652274688085 22.8650718927383 0.945997269203266 0 0
38.4019141395887 33.5467010736465 31.8586577971776 36.5797554453214 44.690599044164 51.5007972717285 54.0304481983185 50.5648553371429 54.9283524354299 53.5588214794795 56.935394803683 58.8602224985758 60.0825697183609 61.6069485743841 57.3543906211853 57.5151443481445 57.8364531199137 53.2153298457464 50.6491164366404 51.2122511863708 50.6850679715474 46.9172348578771 45.342097679774 44.7264562050501 43.3199256658554 42.3577179511388 39.6888454755147 37.0334709684054 32.625786960125 28.5141741236051 22.6577073335648 26.6193971037865 34.4016750653585 36.5995292862256 34.8354652523994 25.126817325751 7.8472172220548 1.06140761636198 0.5338154733181 4.34965205689271 17.0909066994985 20.7647917171319 17.3540152609348 12.2553072869778 12.029618024826 16.7269644637903 18.4207186102867 19.1186033189297 36.7953429619471 40.2288834253947 24.4728575150172 0 0
41.2231956919034 39.9104878306389 36.8657782673836 35.9728261828423 41.1222775777181 50.8237977822622 52.0126968622208 50.3156582514445 52.2981484731038 57.223508755366 62.9336337248484 63.6157443126043 62.0902677377065 62.6353224118551 60.6778661410014 60.4500075181325 61.1705879370371 58.9367051919301 54.5643667380015 52.2162814935048 49.8176912466685 48.9248931407928 50.2782911062241 51.9881347815196 47.8443801403046 45.4320857922236 38.2514074444771 32.620998720328 26.7488112052282 24.241882065932 24.9694858988126 30.155469973882 38.0390410621961 48.7674623727798 53.7453591823578 52.1499266227086 37.9286333918571 24.9941796064377 14.7817519803842 3.68179225673278 8.18911877771219 16.7087788383166 17.2054668267568 12.1902811030547 11.7791046698888 25.4144966602325 42.4662480751673 36.1905694007874 31.4356486002604 36.6848111152649 16.8800614774227 5.91629681487878 0
43.5854742924372 43.0086155732473 42.0303245385488 39.0501941243807 40.2795920769374 48.2832590738932 50.1906871795654 50.3039658069611 50.5997687578201 59.171587228775 66.5539999802907 65.3290351231893 61.2260053555171 63.677320877711 65.1513983805974 59.4903330008189 61.9069039821625 59.3546132246653 56.3932359218597 53.9831171433131 53.1998227039973 54.086501399676 52.0148972670237 49.5602041482925 47.6899594068527 42.4864540497462 26.8427034219106 4.17140871286392 3.19855660200119 10.7028856873512 21.977961063385 28.079646329085 36.3503744204839 43.4846331675847 53.7538627783457 56.5504878759384 55.130198597908 49.3652025858561 36.8459696571032 20.0725396474202 9.61635820567608 16.8205797672272 33.104086915652 34.1017295916875 28.5561233758926 44.6738700071971 64.6674931049347 57.1110645929972 37.2305264075597 24.4941463073095 12.3310113946597 6.92925478021304 2.01007459933559
42.5655394792557 40.7882978518804 44.1676874955495 45.1616595188777 43.088306983312 45.3728884458542 50.3269632657369 51.0280430316925 51.420936981837 58.8682641585668 64.8937871058782 63.2871886094411 59.3370695908864 62.7463807662328 65.8254722754161 57.5670301914215 58.9631448189417 57.912290096283 56.2823116779327 57.6099455356598 58.5021922985713 58.6208899815877 54.82217669487 49.1609126329422 48.0909049510956 44.5868074893951 29.1233509778976 13.1559843818347 12.7548451224963 19.2141210039457 27.0724867781003 31.793142358462 44.5714344580968 54.0457715590795 64.4973715146383 58.6677491664886 55.3646286328634 20.5767949422201 20.9341545899709 21.4590777953466 20.4993622998397 34.2909370859464 38.1820077697436 19.9744974573453 15.1122895379861 18.7684036791325 26.6838222742081 44.6975330511729 30.1731675863266 20.040945460399 14.33315128088 10.0162823994954 11.7042697966099
32.5409173965454 39.3057192365328 42.4677828947703 45.0465579827627 45.1394567886988 42.1801110108693 50.3907303015391 53.6468277374903 54.6039094527562 59.3491246302923 61.3003522157669 60.3031665086746 60.4350566864014 59.0480268001556 60.5543951193492 57.1103592713674 54.6932518482208 57.537188132604 59.0543101231257 61.4021172126134 63.1991823514303 59.6702297528585 57.1372658014297 52.9670963684718 51.1559943358103 51.3613224029541 46.2844024101893 40.598730246226 41.0215780138969 41.5604561567307 38.2271334528923 37.6752888162931 48.7016936143239 65.3024365504583 46.9650973876317 42.5158441066742 24.9741226434708 9.86051683624586 3.01663670688868 6.5333383778731 7.41234670082728 24.7234553098679 41.0075932741165 34.8598162333171 23.7836440404256 24.7797444462776 37.0904157559077 41.0854816436768 38.5339260101318 32.551313440005 26.933213075002 25.8613179127375 46.0663835207621
24.2314885059992 37.0621755719185 40.6610121329625 43.3681309223175 46.1662958065669 42.6791310310364 46.1631665627162 53.0777474244436 63.0038777987162 64.4351939360301 59.8209549983343 57.7925493319829 59.5882634321849 59.3992670377096 59.4716767470042 57.2796761989594 54.3305327494939 56.8820933500926 55.7632744312286 52.9137154420217 54.6689480543137 53.9506276448568 54.2239844799042 52.885760863622 53.9791981379191 58.6636364459991 66.4593527714411 66.6107634703318 55.9243261814117 51.8479645252228 41.7210360368093 34.8727703094482 42.3151552677155 40.485883752505 17.6054996748765 11.7886414130529 11.1001307765643 6.00220449268818 0.285664049442858 0 0 10.514202217261 35.3148182233175 52.4717519680659 53.6906818548838 57.9677770535151 55.821547905604 55.8790465195974 56.0304075479507 45.9705491860708 36.0485663016637 45.1668997605642 89.2430345217387
26.0671253005664 34.541313846906 41.0580684741338 43.2871182759603 44.6153332789739 44.8235372702281 39.751410484314 48.3565678199132 66.8585300445557 66.1780784527461 58.1785440444946 55.1235675811768 57.6036721467972 61.4032397667567 60.590386390686 57.4646244446437 56.8672269582748 54.9717545509338 48.9008526007334 42.8898384173711 42.6394442717234 46.086793144544 46.7568188905716 51.1392255624135 52.3894528547923 59.2159628868103 74.4688659906387 79.9221595128377 61.2153510252635 50.514280796051 41.5008664131165 29.3556873997052 28.4455418586731 33.7852363785108 16.205324480931 8.35201640923818 9.22668104370435 13.6228973666827 7.22341611981392 0.354143480459849 0 1.17392356817921 17.8283589581649 37.7760653694471 43.6171591281891 40.7659560441971 42.2968566417694 43.238972624143 40.7041956981023 41.9792036215464 42.3033585151037 73.455423116684 109.286328156789
36.2627580761909 38.9192948738734 40.8761550982793 38.0798727273941 32.9817061622938 29.2810350656509 36.0988428195318 42.0080522696177 50.5612790584564 46.7180510361989 42.1724021434784 49.0153580904007 56.6227982441584 58.3961953719457 54.7531793514887 56.5688610076904 56.9296876589457 51.8404791752497 44.7173664967219 39.8539180556933 39.7187819083532 40.3250455856323 43.3340171972911 46.5884208679199 48.1587002674739 52.8985957304637 63.7818574905396 72.6381043593089 61.4415903886159 47.4174420038859 36.0064432024956 26.2784014145533 16.1085861424605 36.8981237212817 33.9886024594307 15.3826350967089 15.3095349669456 36.4160463213921 38.2650420069695 24.9633640050888 4.77171099434296 2.0675923054417 9.6271721025308 15.9955496589343 14.8895581563314 16.4182657996813 18.6384183665117 20.6812098622322 20.1625886062781 35.4463780919711 54.5958975950877 104.980041583379 120.027204354604
46.6360151767731 43.523778518041 40.1015082995097 33.799335360527 25.1012792189916 19.882682710886 28.2055189212163 28.7922024726868 20.4107587536176 17.1719926098983 29.6729033191999 39.5271107554436 45.5880214770635 49.4099309047063 52.2951980431875 62.2235536575317 64.8001780112584 56.8071852127711 48.9454567432404 45.8634744087855 43.2900637388229 43.3480491240819 44.5626825094223 42.1068469683329 44.2299544811249 47.4232037862142 56.4462840557098 58.227668205897 54.3794731299082 35.8382140596708 34.6186036864916 30.9098685781161 27.1975671251615 44.5262293020884 50.917332371076 39.7937546173731 30.4477239648501 18.7836761275927 20.9456731875737 28.664156794548 16.0687205692132 7.80905472735564 9.34112444519997 9.75582686563333 5.05536484221617 6.04021859665712 12.6666774352392 14.5175394912561 15.4736489057541 35.5477879444758 78.3842255671819 120.445003112157 126.062134901683
49.1446008284887 43.0377821127574 38.6940166354179 35.2091193199158 28.7822037935257 23.641899228096 20.1620521644751 15.1285094519456 2.27148861934741 9.76304709911346 25.2000863353411 35.2561672528585 35.0173910458883 42.1553552150726 54.6809484561284 69.9271460374196 75.0466833511988 68.2804336150487 60.4762186606725 56.7225118478139 52.1889229615529 49.8435993989309 50.3145605325699 45.6920514504115 41.8148785829544 43.6961551507314 41.9588585694631 44.7537004947662 43.01451643308 29.4510374466578 28.6359414458275 29.9732362230619 18.9027860760689 40.3173690040906 66.0658727089564 69.0669516722361 44.6819017330805 13.3085673054059 10.3095353891452 15.0914676487446 15.4960925380389 13.4286483128866 14.3962390720844 13.5533772408962 7.44024850428104 4.59370700021585 10.066794231534 14.2419214049975 24.6901785333951 47.4715977907181 108.501891295115 139.358917872111 141.047189633052
51.4435668786367 46.4516331752141 45.1781104008357 46.2194929520289 43.1567480166753 37.4446784456571 32.8547234336535 33.1929499904315 32.0318192243576 37.5795289874077 44.8171744743983 49.8239000638326 50.0996013482412 45.7711269458135 55.3318609793981 70.1846828063329 79.9053907394409 80.235610405604 73.4165608882904 64.2848908901215 58.6438278357188 54.668202996254 52.8979947169622 54.354727268219 47.5118656953176 37.7835482358932 32.2673742969831 34.8056306441625 36.1201837658882 35.5280786752701 15.7613667349021 16.0623552898566 12.9248624046644 20.4469586412112 72.5553284088771 82.6772600412369 51.6552627086639 16.756147146225 5.61798612276713 5.70917005340258 8.40619703133901 6.43973362942537 14.7857703268528 18.7228148182233 27.2723759214083 11.7533107598623 12.4276094138622 29.9592688679695 53.3023675282796 95.3831473986308 127.151449521383 140.432626008987 144.059896469116
52.1907856067022 49.5276004076004 49.756775299708 50.9769022464752 50.5828857421875 47.1342305342356 46.9226539134979 54.1546841462453 69.7866131862005 65.9009714921315 57.29045967261 58.4584375222524 63.7523929278056 52.4888237317403 53.4980992476145 61.6112649440765 69.1031068563461 76.5070219834646 77.3660043875376 70.8288749059041 65.4602845509847 59.4386259714762 56.518425544103 53.4090995788574 46.0019608338674 37.6676842570305 26.4654060204824 27.238463362058 30.1314940055211 15.6449824571609 11.1715532839298 9.48634619514147 5.51270817716916 2.40083333725731 65.9476766983668 84.1647585233053 65.594474474589 53.420752286911 24.0805372595787 2.20175459980965 0.0183789985991704 0 7.36799463629723 29.9290766318639 36.1618275443713 27.4389684200287 26.2091110150019 47.09725578626 101.349920034409 144.274870554606 138.373851776123 126.795917749405 130.517611900965
51.3929128646851 48.2424298922221 43.0595576763153 38.7394701441129 38.9581074317296 40.8233081301053 40.8967087666194 51.9409279028575 61.3398055235545 57.0946981509527 48.185055454572 47.6581354935964 58.0248534679413 54.087907075882 50.7880101601283 49.3441869815191 49.9159842729568 57.1477661530177 66.9206231832504 71.0427661736806 66.9984519481659 61.2411051988602 55.4009974002838 50.1814583937327 43.5244540373484 35.637008647124 25.7894222935041 15.9446721275647 26.5507499376933 20.5908690889676 11.1344220737616 6.59543027480443 1.05131083788971 0 0.00647464185021818 74.4248727957408 81.3392251729965 91.5245413780212 73.3786970376968 27.2409717241923 1.67728556940953 0 1.75103933239977 16.1546754340331 41.2705813844999 59.7660144170125 79.5648644367854 128.014753262202 167.667508125305 177.911619345347 163.305858771006 132.134258747101 116.346846024195
53.4555713335673 51.4941265185674 45.9331373373667 39.5275900761286 38.0790233612061 40.7501856486003 33.9159692327181 31.884806851546 33.5695669054985 30.3299178679784 23.7805992364883 21.4730153481166 25.2126703659693 41.6696021954219 48.4558542569478 43.2339857021968 31.8602124849955 28.8271357615789 40.2656917770704 59.159591794014 61.2020641565323 55.9662183125814 49.5058000087738 46.8084911505381 40.4614085952441 35.4020322362582 29.2436629533768 7.95827681819598 12.5371776521206 32.2498033444087 16.6807472705841 10.2696282168229 3.2004164531827 0 0 53.5183052221934 93.6892926692963 107.837359110514 94.5290525754293 66.021387775739 34.2877854903539 6.84226180116336 4.48524889846643 20.5489657819271 49.7731814781825 110.453983147939 150.308926900228 180.101752281189 189.056078592936 188.362002372742 178.903063138326 151.241858800252 123.101115226746
55.0871988137563 55.0193438927333 52.5699555873871 49.1732905308406 47.3713626464208 46.678160627683 32.3701004187266 19.4827988743782 19.819799810648 21.6699093580246 19.2131002744039 16.7617276310921 17.848660548528 38.0685453613599 51.213468114535 41.5150672197342 24.9222417672475 13.4596104423205 16.5279532472293 29.7036319971085 40.6477500995 44.0778235594432 44.6596443653107 37.9412968953451 33.8351974884669 29.5040061076482 11.2892786661784 5.70742910106977 9.0805422514677 35.2428754170736 43.6400324106216 36.8443603316943 18.1201038261255 0 0 32.0859402418137 86.9668523470561 95.2369372049967 76.5980333089828 73.5831260681152 77.9599448045095 62.5551789999008 41.3788904746374 55.4118851820628 105.53111632665 149.215271075567 172.029932339986 182.998975118001 184.795260429382 182.362596193949 177.494247754415 156.058251857758 141.795208056768
