input/barkrak2/radiation/dir31724.grid
NCOLS 85 
NROWS 70 
XLLCORNER 665100 
YLLCORNER 4664600 
CELLSIZE 20 
NODATA_value -9999 
[rows 44 to 65 of 70, columns 0 to 50 of 85]
66.75719221433 72.5543002287547 75.7045596837997 76.3660967350006 78.0256887276967 80.6762874126434 81.1403592427572 77.0936906337738 72.6652046044668 68.8302765289942 70.4087813695272 68.5058186451594 65.4362092415492 63.7190838654836 62.9062900940577 63.825378815333 60.7620080312093 67.1419451634089 68.8605060180028 66.6123529275258 62.2555116812388 60.0674649079641 59.5164249340693 60.5019330978394 57.9496622085571 66.2025312582652 69.1111336151759 65.4750367005666 64.2559031645457 64.2811357975006 60.4347735643387 57.8184425830841 63.978632291158 67.5862481196721 74.312041203181 77.2940218448639 81.6462834676107 89.5138780275981 92.607061068217 84.5446685949961 82.6037327448527 77.6409308115641 73.8091220458349 54.9316704273224 23.6846307913462 0 0 0 0 0 0
73.2641120751699 77.9184897740682 74.9022463957469 78.4565856059392 76.8422434727351 77.0415365695953 78.5290698210398 76.9537190596263 78.4229834874471 73.6876626809438 73.0542490879695 72.8124131759008 68.7019576629003 63.8802846272786 62.833234667778 66.5072947740555 61.4981104930242 64.7894591093063 68.8162942727407 68.1589692831039 65.1258379220963 64.3174101909002 62.8546228011449 64.0717446804047 65.4471814632416 65.3086354335149 72.1143186092377 69.239800175031 66.4024502038956 64.6318892637889 61.7998540401459 58.1458806991577 61.4207088947296 59.6099694569906 60.5643292268117 63.5937303304672 71.273813645045 82.0097625255585 83.6898187796275 70.7869231700897 73.2206255197525 69.1825300455093 68.1433280309041 65.2770002683004 46.7745612064997 15.4541606704394 0 0 0 0 0
72.957252462705 74.6523141860962 77.3392667373021 79.3249756097794 79.1573226451874 78.771432240804 80.8323522408803 82.5321823358536 78.8472592830658 77.7033865451813 76.4800210793813 75.9983360767365 72.6486543814341 69.3691869576772 69.7074482838313 73.2056846221288 71.0904896259308 64.8668110370636 70.634404818217 69.3896363178889 66.4668629566828 66.9502566258113 66.6086922089259 64.4108454386393 70.8488076925278 64.6116783221563 66.3692156473796 67.9819683233897 67.0409500598907 66.0544484853745 64.2064114411672 62.0779891808828 61.0032478968302 60.8848730723063 62.619686126709 63.4972552458445 65.2962823708852 71.4051226774852 72.7052787939707 71.4485545953115 70.7942644755046 65.4145926237106 70.5943653980891 76.7828623453776 68.0365860462189 37.7929260333379 6.42527205248674 0 0 0 0
66.8828735748927 69.0825879573822 74.9930441379547 76.709454258283 80.4443458716075 81.9250196218491 79.6515792608261 79.5364528894424 79.4162501891454 81.7582110563914 78.5406132539113 75.2204358577728 73.4613339106242 73.9715645710627 72.7162857850393 71.4201927185059 71.2522019942601 63.1440629561742 67.2153929869334 68.7101533015569 65.4779374599457 65.8583740393321 69.0795481204987 64.2113039890925 66.2301083405813 65.6848748524984 60.9217335780462 65.1301642258962 67.0032799243927 65.7619933287303 65.541535615921 64.9230976899465 60.7733676830928 63.4278853734334 74.6133476495743 77.5323311487834 73.6505488554637 68.3152427275975 70.6922312577565 82.8937441110611 74.3169287840525 66.8083131313324 74.1008222103119 79.6859761079152 74.1229305664698 54.2548894882202 22.7762932578723 0.167639421609541 0 0 0
59.7317864497503 62.9593779643377 68.4417585531871 72.1662690242132 78.7047445774078 82.4266920487086 79.1019350290298 77.0995120207469 81.2515417734782 83.3867688973745 81.1840444803238 76.9978910684586 75.9338438510895 76.597402493159 73.9189634720484 69.2748924096425 68.6480452617009 63.2349699735641 67.5477335850398 71.1159159739812 70.2386150757472 69.4441397984823 72.3184992869695 69.4463352362315 66.0734474658966 68.5127725203832 64.8213128248851 69.0224170684814 74.5834608872731 76.0370492935181 79.8075050115585 79.1938155889511 71.8491474787394 72.2593863805135 79.4927775859833 87.9056453704834 87.3749256134033 76.0278552770615 71.9677209854126 77.4956544240316 72.8109578291575 65.6524896621704 64.0919903914134 62.7228816350301 61.508650581042 60.1413498322169 50.9165475765864 7.99055956304073 0 0 0
58.5422267516454 56.4112216234207 60.6557428836823 68.9390997091929 74.8634040355682 78.1367123126984 80.9993048508962 83.5381050904592 84.5866799354553 80.9923907121022 83.2563241322835 83.0704669157664 79.5558045307795 76.7266203959783 74.7956186532974 70.3262736399968 69.3831294775009 66.8960710366567 70.887416601181 75.1208464304606 77.4916559457779 76.7152061065038 73.955163359642 75.4325787226359 70.7918256521225 72.8937387466431 73.9031384388606 77.4624447027842 83.6330751578013 89.9483958880107 96.6798762480418 96.1703757445018 85.9550436337789 82.953006029129 79.7636210918427 88.9661510785421 90.4102921485901 87.1853629748027 77.3729781309764 68.7296539545059 64.3517772356669 65.4817968606949 63.0733817815781 59.1028233369192 55.5579562981923 58.9680025974909 52.8778880834579 15.4523129264514 4.35075753202341e-07 0 0
58.9419901371002 62.529057264328 66.1177982886632 72.7578302224477 73.2137461503347 73.4872271617254 81.5504093964895 86.9284470876058 86.6542359193166 86.0682527224223 85.6568217277527 85.2988262971242 81.9606631994247 77.5451362133026 76.8572886784871 80.0073395172755 73.2981463273366 72.8673040866852 73.3270893494288 79.2065312465032 81.1622937520345 78.9292256037394 77.3754914601644 76.5724033117294 71.5396553277969 76.5864352385203 81.8994293610255 83.4797819455465 89.6361867586772 95.4444209734599 101.103872060776 106.729000806808 96.9476302464803 82.625279823939 74.7241328159968 69.1890219847361 85.7432385285695 91.0664796829224 81.4638435840607 64.0475700298945 58.9840114116669 66.1522448062897 68.9062674840291 65.8718049526215 60.5518917242686 58.0132653315862 44.1557069619497 20.2473203341166 0.304801486587773 0 0
59.8120639721553 70.8514153957367 73.3014345169067 74.8969862858454 72.8901326656342 72.1880843242009 79.9278716246287 85.4222178459167 85.3471755981445 90.3299351533254 87.7646406491597 86.8152678012848 84.2527548472087 79.4719060262044 79.8238267501195 85.2017104625702 78.570435444514 75.8269528547923 73.6500273148219 75.7690966129303 76.164831717809 75.9312808513641 76.5678236881892 72.5917667150497 71.749026576678 73.3900765577952 78.1080424785614 79.5715749263763 83.4892789522807 89.6473427613576 96.6859062512716 103.762318690618 99.3831654389699 77.786256869634 30.6236793597539 30.0614659984907 51.3471762339274 74.3586917718251 82.6917638381322 84.9363307158152 80.5083513259888 74.2187798023224 61.4451467990875 59.8619480927785 66.373199224472 60.9093606472015 33.5285738110542 26.4037400484085 4.14100351432959 0 0
63.6012653509776 61.8213415145874 60.7566833496094 63.1170570850372 69.8540459076564 75.506051381429 76.2032965819041 82.2229087352753 82.0921113093694 86.8956844011943 87.1731440226237 88.9292160669963 88.4620348612467 83.5086305936178 81.405575076739 79.9014319976171 81.7991892496745 75.5410293738047 69.555789232254 67.7320708831151 67.4077272415161 68.6929523944855 70.0771510601044 66.0632054011027 69.1504875818888 66.792552669843 68.6122675736745 70.1282918453217 71.8221416076024 75.592319170634 77.6102791229884 87.2114698092143 85.3900611400604 62.2061789035797 25.7643635074298 16.8112938602765 17.7600060900052 27.8687998652458 59.0230921904246 81.4791123072306 84.3820770581563 75.3853172063828 58.9662144581477 48.6793319384257 53.4618546565374 48.6503640810649 32.8036993741989 47.307958205541 29.7990515828133 4.98802276949088 0
66.0871466000875 56.3412259022395 54.1401952505112 59.274564186732 70.7757472991943 79.6384662389755 79.0882209936778 80.2008608977 83.0570310354233 83.3230316638947 85.5482618014018 88.2337987422943 89.8397366205851 88.2258216540019 83.649218082428 81.030676762263 82.8491300344467 75.9114027023315 71.5153316656749 71.3643381992976 71.3344911734263 68.4354156255722 67.9512123266856 64.0343974033992 64.3562475840251 64.2083783944448 65.3936167558034 66.2226180235545 66.3906037807465 63.8612856467565 55.1279882589976 58.6592008670171 61.1229538917542 34.224160015583 27.6540492971738 17.8572336832682 7.94872765739759 5.90554997324944 15.9306588272254 46.482394138972 67.6829963922501 65.7352805137634 50.887609521548 45.9357996781667 41.0271237293879 33.9274058739344 31.3552717367808 55.0478299458822 64.2770330111186 43.3718760808309 13.4706671039263
66.3091937700907 60.7875386873881 58.7715109189351 63.9912188053131 73.1612990299861 81.2005748351415 84.1280321280162 80.2844862143199 84.8107536633809 83.1512212753296 87.0912174383799 88.7278517087301 90.1235441366832 91.2723541259766 86.5459243456523 86.2249930699666 86.467574040095 80.5127521355947 75.8712689081828 77.1126995484034 77.1163155635198 72.4230706691742 70.4409976800283 69.8620577653249 67.1932796637217 65.7243579626083 65.3858731190364 63.0493412415187 61.8136425813039 56.6452840963999 46.9722300767899 48.9080895980199 55.2082359790802 56.9693694512049 55.1238209009171 43.7343070904414 20.873931547006 8.25292492906252 6.77782607575258 12.594730903705 30.6232819954554 35.4973996678988 30.9217274188995 24.0471685926119 23.7274318933487 29.9733504652977 42.4185891946157 47.6933817068736 59.8494112491608 65.1286244392395 46.8923350175222
69.576491912206 68.1901375452677 64.6361460288366 63.269446293513 69.2034562428792 79.9576193094254 82.1339438358943 80.1574935515722 82.024668653806 87.1581931908925 93.7865972518921 94.2985614140828 92.4927989641825 93.0401782194773 90.5205110708873 89.5157357056936 89.8058712482452 87.1623158454895 82.5158456961314 78.6331743001938 75.7007896900177 74.9043226242065 75.7901519536972 77.1098434925079 73.1959094603856 71.3038146495819 63.4645819664001 54.8724432786306 49.8427599668503 50.0433146953583 49.6444006760915 54.1011492411296 59.8700890938441 71.7960049708684 76.1318604151408 74.5629717906316 63.0150685707728 42.826642592748 32.3185076316198 12.2409090399742 18.4865519404411 30.0160398085912 38.9872044324875 28.6358421047529 28.4825737277667 43.3623294035594 64.7908548514048 59.0744465589523 54.0088911851247 60.6655975182851 51.9015739361445
72.1663385629654 71.6260174910228 70.6070760885874 67.0632918675741 68.2088534037272 77.3608833551407 80.1667620738347 79.9193531274796 79.8922230799993 89.4290407498678 97.4408586819967 96.5652863184611 91.7252202828725 94.2717790603638 95.6055521965027 89.489758014679 91.2040670712789 87.699164946874 83.6617946624756 81.4793407917023 80.5120716492335 80.8150122563044 76.7676035563151 74.4245201349258 72.2628682851791 66.9479370117188 49.5905925830205 29.9604882796605 25.6637707352638 32.469630241394 46.76353931427 50.8595208326975 57.9835623502731 65.5394991238912 76.2450993061066 88.0048175652822 90.7151699066162 73.3083337545395 69.8444147904714 41.7536000410716 20.455344269673 33.5612619916598 54.4962535301844 54.6322812636693 54.1409204403559 68.3208952347438 94.9888030687968 83.2651158173879 60.5418980121613 46.8254784742991 37.3334561785062
71.0355341434479 69.1540241241455 73.0098485946655 74.0591983000437 71.5528180201848 74.2260615030925 80.1824480295181 80.723429719607 81.1655918757121 89.1945560773214 96.1228807767232 94.4253504276276 89.7479951381683 93.3506886164347 96.8328515688578 86.8505835533142 89.0148282051086 87.1330698331197 84.7898324330648 84.9448343118032 86.2602591514587 86.7968599001567 81.4688752094905 74.6591637531916 72.0914055903753 69.9596107006073 51.9479364156723 32.5525725881259 31.9033265113831 41.449432571729 56.0859888792038 56.3436249891917 68.0373360713323 77.7660359938939 88.4871085484823 84.2699507872264 76.4599094788233 35.2652072906494 35.7741564512253 36.4154304067294 44.8274860779444 56.0888002316157 64.1660491625468 34.5108037193616 27.990976969401 32.9271604617437 73.273777961731 68.2622989018758 54.7634263833364 44.9474255243937 38.5186821222305
59.4670176506042 67.2310094038645 71.0882594188054 73.9551236232122 73.9065806070964 70.5643892288208 80.0822824239731 84.1995676358541 84.8421057065328 89.916338523229 92.5573607285817 91.7671322822571 91.1475718021393 89.2352064450582 90.6354784965515 87.2412919998169 83.7560991446177 87.2340699036916 89.2959932486216 90.5559559663137 91.6179915269216 87.2934460639954 85.7515434424082 78.2609482606252 77.6022970676422 76.6171514987946 71.70336941878 65.1353299617767 64.5027011632919 67.1474238236745 65.3311163187027 66.0878717899323 81.2324831883113 89.8291567961375 87.3173872629801 63.0836586157481 41.0970499118169 20.6717476248741 10.7593350112438 20.6418571372827 27.5259936849276 58.8354816039403 68.3119297027588 54.9740691979726 42.419304450353 44.4545646508535 59.3188504378001 63.8376325368881 61.2553109725316 54.3425927559535 47.698919971784
49.7131049633026 64.641276995341 68.8310960928599 72.026863694191 75.1143991947174 71.1333751678467 75.3871500492096 83.4284822146098 94.5308903853099 95.9933400154114 91.3393497467041 88.7106955051422 90.5425846576691 89.7913674513499 89.905043443044 87.4093075593313 83.6557348569234 86.147407690684 84.4913423061371 81.5475483735402 84.0513706207275 83.1398566563924 81.203152736028 78.9553225040436 80.7900528113047 84.0337872505188 94.8498646418254 94.328780968984 79.4918537139893 77.9748906691869 68.1476344664892 64.14462129275 75.7459650437037 67.5057570139567 31.2696049610774 23.2635115583738 22.1708466609319 15.2075625956059 4.18433298667272 1.58447244515022 0.519204419106245 21.5084105730057 63.3272777001063 81.9686154524485 90.6257033348083 82.5408548116684 80.9475183486938 82.7160030603409 81.7172626654307 70.2709754308065 59.1365645329157
51.4781524737676 61.8603477875392 69.326584537824 72.0136861006419 73.6002673705419 73.755294084549 67.9722477992376 78.0410369237264 99.6303260326385 98.467081785202 89.4595384597778 85.7439339160919 88.8133645057678 92.3527578512828 91.1597013473511 87.7841413021088 86.2038334210714 83.9075843493144 77.1825859944026 70.3063011169434 70.2622880538305 73.6244370539983 74.7483819723129 77.3836920658747 78.8739025592804 84.003875652949 102.749168872833 110.998670260111 90.8782084782918 78.029657403628 62.4516904354095 52.9585282007853 57.0923139651616 53.7832826375961 29.1894723971685 18.3990200360616 19.58300669988 27.3112505674362 19.2397435506185 6.69525749981403 0.768756649146477 7.94469440976779 31.642809510231 64.0235294898351 67.9686218500137 76.9051611423492 73.6292699972789 76.3105402390162 71.8469123045603 65.1036401589711 66.894938548406
63.5982602834702 66.9289728005727 69.3792402744293 65.8411780993144 59.6423447132111 56.8655331929525 64.8360550403595 70.5854793389638 80.8880080779393 77.1664679050446 73.7343629201253 79.8199872175853 86.7117842038472 89.2085532347361 85.0665966669718 86.9175295035044 87.0817899703979 80.8184295892715 72.8070984284083 66.9592221577962 66.4546489715576 67.8785940011342 70.7614819208781 75.1188844442368 75.1718133687973 78.7866661945979 91.6692912578583 99.9134580294291 86.3619248072306 75.2740204334259 61.1175994078318 48.4298964341482 43.8776314258575 57.3378602663676 52.845224738121 28.0037348469098 28.0853236714999 62.3156627019246 67.019725839297 43.3389594157537 15.9397112826506 9.95079862574736 20.5127435425917 29.1835516691208 27.6970292131106 29.7665769855181 42.6335384448369 46.3113337755203 52.0241955916087 57.4791530768077 82.6167563597361
75.653408964475 72.2973098357518 68.2257264852524 61.0113839308421 50.5939771731695 44.1285868485769 55.0325363874435 54.7213902076085 44.6476638317108 44.5657273133596 54.7360529502233 68.2749648888906 74.7700681289037 79.3836414813995 82.3795100053151 93.2449698448181 95.8333214124044 86.6949756940206 77.8057972590129 73.7588703632355 70.9717522064845 70.396676659584 73.5040605068207 71.3699758052826 70.4565942287445 74.847474694252 80.7061046361923 87.3142679532369 78.0547360579173 57.0034186045329 60.6328050295512 55.2553335825602 49.3828654289246 66.5636758009593 72.4669794241587 59.8952074845632 50.1516411701838 43.3817505836487 47.6838151613871 48.4386185805003 35.9643772244453 23.7814908226331 20.1257206499577 20.6865891814232 14.2438796659311 15.1812136173248 24.6942142645518 27.203177412351 34.2160413662593 58.6369434992472 110.866109530131
78.5874625047048 71.7271864414215 66.6083296140035 62.5780522823334 55.0869107246399 48.7663646539052 44.1004534562429 39.4151260455449 21.6841995716095 29.7538389762243 49.6474454800288 62.3619457085927 62.6980314652125 70.8396136760712 85.1808985074361 101.790537436803 107.1903804938 99.6595025062561 90.7361805438995 86.6311589876811 80.6557883818944 77.4472951889038 78.0309736728668 72.6009607315063 72.9192992051442 71.3644574085871 70.868397752444 70.7645267248154 68.0484920740128 49.3518511454264 53.5165866216024 47.3997841278712 43.4214969476064 69.7300980488459 89.5761748154958 92.8571124871572 66.736251115799 25.5071272452672 21.4292903741201 27.9490749041239 37.4267026782036 29.5941804846128 34.7597325841586 31.0885185996691 20.3334117929141 13.9921282728513 21.1582432190577 36.0540995995204 44.6364333232244 74.9099900325139 144.488950570424
81.3014209270477 75.6939351558685 74.2738097906113 75.4225899775823 71.9688981771469 65.3543770313263 59.9406609932582 60.510128736496 59.0772132078807 64.7294620672862 73.4357436498006 79.7956138849258 80.0728797912598 74.8798300822576 85.7520302136739 102.653036514918 113.298257191976 113.005787134171 105.325440565745 95.0313905874888 88.6673331260681 83.6270054181417 81.4148684342702 79.4355720281601 76.1381636063258 64.9949113527934 61.7326845725377 62.4532600243886 60.6658806403478 57.1856846412023 38.2646173238754 38.2178152600924 30.5650681257248 57.2428107261658 97.4960525830587 107.109208901723 73.5926777124405 39.1069327791532 14.9841407934825 15.1093353827794 18.8227022687594 17.5345838069916 28.8734510540962 45.6492205460866 47.2436249256134 33.7769910693169 33.5363025466601 51.1064827442169 80.6072552998861 129.881431659063 163.33943605423
82.1567624807358 79.3013026316961 79.4591208299001 80.8388392130534 80.2567402521769 76.4676084121068 76.0605235894521 84.1644803682963 102.055917183558 97.5517233212789 88.3903503417969 90.1798903942108 95.2475567658742 82.3648869991302 83.9675068855286 92.9355323314667 102.47278213501 109.232803185781 109.601497650146 102.418462435404 96.4684685071309 89.4335707028707 84.2506388823191 83.176389336586 74.1865783929825 59.0595155954361 53.7409881750743 52.4318218231201 52.9077698787053 46.4319537083308 22.5338290135066 20.2235418061415 14.7334275146325 14.4112507502238 94.5656895637512 108.423958222071 88.252862294515 76.3751169045766 42.8501466910044 9.99501037100951 3.26689518988132 0.24049342997993 16.8977702657382 50.6590455770493 58.359295129776 48.0246444543203 46.6672579447428 73.2727845509847 135.501623153687 182.553311189016 174.388349056244
