input/barkrak2/radiation/dir30224.grid
NCOLS 85 
NROWS 70 
XLLCORNER 665100 
YLLCORNER 4664600 
CELLSIZE 20 
NODATA_value -9999 
[rows 44 to 65 of 70, columns 0 to 48 of 85]
92.2012527783712 98.4101792176564 101.386984189351 102.359145879745 103.979090849559 106.296529372533 106.759667396545 102.370093266169 97.6381699244181 92.8120911121368 94.1916902860006 91.9714172681173 88.2149438063304 86.2578948338826 85.3822429974874 85.2314333120982 81.4894437789917 87.824821472168 89.7827049096425 88.1792306900024 83.5367143154144 81.3582638899485 80.4462979237239 80.9824566046397 78.1777203083038 85.5071743329366 89.7358059883118 86.952269077301 86.7083966732025 84.5608115196228 80.6087503830592 78.5094400246938 85.9413345654805 90.4902418454488 97.0967710018158 100.144604841868 104.984521865845 114.109476407369 118.365595738093 107.75363445282 106.721301873525 101.409792900085 96.0539182027181 75.3644208113353 41.2237296501795 3.57341145475705 0 0 0
99.0683436393738 103.808214267095 100.915720065435 104.313065608342 102.864851554235 102.677543958028 104.058802127838 102.730204661687 103.660653034846 99.0564127763112 97.6647039254506 96.5095857779185 92.15380748113 86.9474609692891 85.6221218903859 89.2220934232076 83.1740150849025 86.1739118893941 90.8316572507222 89.014341433843 85.8263770739238 86.0479573408763 84.928959608078 85.981676975886 85.766077041626 85.4562719662984 91.7618076006571 91.2727912267049 88.0587796370188 87.0805581410726 82.1637709935506 79.755758245786 82.2688887516658 81.5452883640925 81.7996362845103 84.482212861379 93.5157338778178 106.094459692637 106.776138146718 93.7815308570862 96.1772898832957 91.1538700262706 89.5646015803019 86.0825578371684 68.0023531119029 31.6192756096522 0 0 0
98.6882150173187 100.579112768173 103.262434403102 105.578422546387 105.071236689885 104.885677496592 106.615970532099 108.721067508062 104.705115159353 102.820118268331 101.228733857473 100.685566663742 96.3877638181051 93.5063660144806 92.8566058476766 96.2368647257487 93.5028890768687 87.3819589614868 93.0355191230774 91.5165940920512 88.3244872093201 88.7788931528727 87.9367490609487 85.049291451772 92.9529368877411 84.9060316880544 85.8933130900065 89.0867114067078 88.9844000339508 87.7347985903422 86.496780316035 82.3424408833186 81.8339834610621 81.500122944514 83.4632019201915 84.2266877492269 87.1537327766418 95.1647261778514 97.286323706309 94.7385430335999 92.8234358628591 87.1966481208801 92.6726162433624 99.9945998191833 92.1111007531484 58.1489900747935 17.2777908543746 0 0
92.2040939331055 94.7689116001129 100.769013166428 102.676977713903 106.580386559169 107.91086157163 105.797151724497 105.299790700277 105.451931556066 107.705314954122 104.132751623789 99.9146103858948 98.6650188763936 98.3496010303497 95.8520670731862 94.3152209122976 94.1338737805684 85.841566324234 90.3534491856893 90.9438331921895 88.3684754371643 87.5804523626963 90.4793938000997 84.9917928377787 88.4029467900594 86.4994327227275 80.3969701131185 85.3294928868612 89.175562063853 87.6530706882477 87.9449248313904 86.1625174681346 81.5939803918203 84.9429170290629 96.7012941837311 100.774536530177 95.8919624487559 92.085858186086 95.2639679114024 106.417377789815 97.9235172271729 88.1889363129934 96.91321849823 104.210625092189 96.6382225354512 76.4639526605606 38.9038324356079 6.71723609169324 0
84.5916072527568 87.7415140469869 93.5378472010295 97.8209773699443 104.727367560069 108.634491761525 105.031003554662 103.143513202667 106.955806414286 109.538237253825 107.119649648666 102.539151906967 101.340274016062 101.882020632426 98.8420049349467 93.1767821311951 92.2526220480601 86.0289732615153 89.7573928038279 93.7415063381195 92.5995310147603 92.2332406044006 94.0694908301036 90.5318061510722 88.0315601825714 89.5949403444926 85.6965780258179 89.145024617513 95.0954655806224 99.6575852235158 103.488226731618 102.611045042674 92.586080233256 95.8464741706848 103.389809528987 111.592213312785 109.925448894501 101.965089639028 98.4155138333638 104.829827944438 96.2675809860229 86.8666072686513 84.4592054684957 84.5411717891693 83.295871814092 82.4702680110931 70.6287374099096 19.495186706384 2.89798062294722
83.7428371111552 81.0515383879344 85.2206846078237 94.1104193528493 100.549638271332 104.176779588064 106.836428244909 109.610289335251 110.94273130099 107.028166453044 109.430025021235 109.080880880356 105.17026980718 102.813750505447 100.664526224136 95.8268443743388 93.9534703890483 90.9164945284526 94.1513578097026 97.7195501327515 99.1758306821187 100.062986214956 96.9471335411072 98.1141130129496 93.2355721791585 95.4045653343201 95.0230956077576 97.4596440792084 105.373124281565 110.167960325877 116.771221160889 122.2891608874 109.641492366791 105.060199896495 103.951831658681 110.577563444773 116.99918905894 112.463394800822 104.760517676671 93.122144540151 85.7776204744975 86.4882667859395 84.8533908526103 80.0955593585968 76.6050964593887 80.7882448037465 76.3230969508489 27.0301550626755 3.98290250450373
84.3176742394765 87.4211490154266 91.1641816298167 98.0247855186462 98.4480579694112 99.1164247194926 107.705603043238 112.796852986018 112.7989590168 112.49773701032 111.923158168793 112.057358026505 107.890635728836 103.079587221146 102.88002093633 107.013354698817 98.9573200543721 98.268469174703 99.7865001360575 105.036526918411 104.921907186508 102.416644493739 99.5116134484609 99.3451674779256 94.0570036570231 100.516617298126 103.412161270777 104.849924643834 109.985530376434 117.004523674647 124.353349208832 126.659651597341 122.847259044647 108.862688144048 94.549039999644 99.0890959898631 109.512309233348 115.538875261943 108.846724033356 88.1711840629578 80.6032915910085 88.9471073945363 91.5893614292145 87.1906975905101 81.1381042003632 79.1153659423192 64.9197002251943 32.9191659887632 5.78295066952705
85.0747724374135 96.1152215798696 98.3218451340993 100.688834985097 98.5888044039408 97.8649258613586 105.64523935318 111.197352409363 111.113677422206 115.904569625854 113.720963398616 113.185306390127 110.34103234609 105.810115734736 105.343292156855 111.921081940333 104.606757561366 101.393828789393 98.972628513972 102.495133876801 101.755301157633 100.448062022527 99.8943150043488 95.2822069327037 94.4509506225586 95.804750919342 99.3074675401052 100.68612297376 103.401243686676 112.635980049769 119.77806687355 127.066771189372 119.232594966888 100.44264793396 68.9258476098378 45.2342679103216 71.7116296291351 100.052197774251 110.984156529109 113.781481981277 106.603761514028 98.6402730147044 81.9812913735708 79.9364944299062 87.3431265354156 81.2575171391169 61.7940376202265 49.687460064888 12.6679154733817
88.9634490013123 86.717426776886 85.8527819315592 88.0651672681173 95.6628918647766 101.125667492549 101.86172525088 107.970019181569 107.423921426137 111.978153387705 112.736751635869 114.336609840393 114.301304022471 108.827332655589 106.986820697784 105.562190214793 108.139663934708 101.228574911753 95.7027872403463 93.7311748663584 92.3266013463338 95.563014348348 97.1408685048421 90.5410250027974 92.7271842956543 90.0839269161224 90.7077193260193 92.2047893206279 91.3790762424469 95.3943530718486 99.7781654198964 109.969099362691 105.708211660385 81.9782118002574 50.237312912941 28.571680188179 29.885304470857 51.7729471127192 92.4769143263499 109.6018354098 115.854561328888 99.3357598781586 78.4324109554291 74.2647250493367 81.6840430100759 73.4906097253164 52.3563176393509 65.582404534022 47.0633804798126
92.167059580485 81.5609196821849 78.6693493525187 84.2473904291789 96.4142978191376 105.620255072912 105.028490225474 106.163799762726 108.598818381627 109.062790870667 111.311346292496 113.835235436757 115.389198064804 113.282382488251 108.759919802348 105.98294933637 109.280079603195 101.689140001933 97.0057447751363 97.6356665293376 98.4238882859548 95.3144331773122 93.7260588010152 89.3482367197673 90.8748507499695 88.3739391962687 87.2836311658223 89.2921686172485 87.1208508809408 83.5229754447937 76.4196217060089 79.8735370238622 81.33864402771 65.9070163965225 49.5789498090744 29.8500756422679 17.4383583168189 14.8085517187913 28.8127238551776 62.1500064929326 98.5047419865926 89.5410378774007 78.9478123188019 61.6069038709005 57.6130797465642 57.3746114969254 56.1058421929677 74.922651052475 86.3445401191711
92.4329857031504 86.5522821744283 83.7428371111552 89.0211363633474 98.6936191717784 107.378542423248 110.735277334849 106.387635072072 110.967586437861 108.904600143433 112.494816382726 114.656050999959 115.921179453532 117.22527941068 111.266613006592 110.752532879512 110.904514789581 104.780197143555 100.51292181015 102.888077497482 103.791604439418 98.6349682013194 97.413569688797 96.9121952851613 93.9858555793762 92.3246343930562 90.6859834988912 88.0159040292104 82.5770149628321 76.8243620793025 67.4331436554591 69.839874903361 74.7709770997365 75.7983376582464 74.0529596805573 61.9800786177317 35.9838083386421 21.3745757937431 16.021441668272 24.3867486715317 45.9500700235367 66.6900326808294 46.0013747215271 37.5412702560425 37.0909720659256 44.5795357227325 59.6293608347575 67.4699395895004 81.5869023402532
95.9444145361582 94.491571187973 90.4324253400167 88.4938140710195 94.3869153658549 106.207340955734 108.795116345088 106.594343980153 108.294467131297 113.838791847229 120.169798533122 119.978288809458 117.915501197179 118.837932745616 115.680396556854 114.981045325597 114.352206389109 110.983580350876 105.752507845561 102.603991826375 100.350360075633 99.3469059467316 102.301249901454 104.984084765116 101.869821548462 98.5205471515656 92.0460422833761 81.7932188510895 74.522281686465 70.3784227371216 70.3322639067968 75.7474601268768 80.1671743392944 91.4552013079325 98.9610155423482 97.8098511695862 81.5274169047673 64.2230957746506 50.6833742062251 26.756872733434 30.6884398063024 55.1870862642924 55.5262714624405 43.8731362422307 43.9840704202652 60.8350286881129 85.1689875125885 80.6915909051895 75.7685403029124
98.631759484609 98.2211629549662 96.9600975513458 92.683623234431 93.3851202329 103.120823701223 106.803447008133 106.915960709254 106.39688372612 115.555991729101 123.890022436778 123.12521537145 118.141233921051 120.387603839238 120.404859383901 113.872547944387 116.0582502683 112.641751766205 108.192930618922 104.93536790212 103.792836268743 104.552835226059 100.880046685537 99.4890729586283 97.1019864082336 93.5286482175191 69.676215449969 50.0778655211131 45.020987590154 52.9067267974218 67.5963262716929 72.1913576126099 78.2490819692612 85.7501626014709 95.6766506036123 107.901593049367 111.10907793045 91.3639863332113 91.4693772792816 58.646967013677 38.4552478790283 56.9460193316142 73.2277929782867 74.0954379240672 74.0754107634227 89.2893771330516 118.039627869924 106.175482273102 82.5050671895345
97.4577963352203 95.6948697566986 99.411149819692 100.297560294469 97.1189637978872 99.9573568503062 106.879969437917 107.755144437154 107.889930407206 115.683535734812 123.283088207245 121.631403764089 116.015017032623 119.637340307236 122.833430767059 112.729609012604 113.58430981636 111.73411210378 108.648757139842 109.519203503927 110.698074102402 109.826157490412 103.856245676676 96.3152547677358 96.9458321730296 92.5589601198832 73.8955090443293 53.4216612577438 53.9608846108119 64.1816755135854 76.6625006993612 78.1326442956924 89.392493168513 100.490232308706 107.321043809255 118.535210688909 96.601406733195 51.7776111761729 52.1403352419535 62.1211131413778 65.2647266785304 79.9378454685211 85.0515464941661 68.6208953460058 42.6574597756068 69.3216075499852 94.8680937290192 89.5583033561707 75.3026654322942
85.0416521231333 93.5947895050049 97.4014699459076 100.281020005544 99.9245246251424 96.1790680885315 106.793065865835 111.208031574885 111.758550008138 116.391946872075 119.586894909541 119.319478670756 118.165244658788 115.812599658966 117.229322592417 112.569232781728 109.523991743724 112.833738327026 113.782604535421 114.702314138412 115.346779425939 110.440740982691 109.901130199432 101.445972919464 99.4402567545573 99.7346142927806 95.1924622058868 89.7647738456726 93.3846831321716 98.1176793575287 94.1628217697144 88.2234672705332 103.886504968007 112.885276476542 107.57377743721 79.9391120672226 69.8321759700775 33.128614226977 20.6890168289344 33.3746795852979 55.0987372795741 90.6176269054413 88.1535808245341 73.7095922231674 60.8870337406794 63.9417916536331 80.0705452760061 84.7877363363902 82.4602295955022
74.4064251581828 90.626060962677 95.2999293804169 98.2742806275686 101.232359806697 97.2580313682556 101.806153853734 110.671947399775 121.655980745951 122.58650859197 118.421922127406 116.118252277374 118.063708146413 116.810550292333 116.601288318634 113.863428433736 109.603712956111 111.015160878499 109.602987766266 106.301526228587 108.270774284999 106.869180997213 105.287690957387 102.255682150523 102.770149707794 108.655502398809 117.975175380707 120.746274789174 106.334348519643 108.109047015508 98.2702771822612 88.3726278940837 98.3302593231201 88.9628529548645 46.5293129285177 36.3005151351293 34.6318334341049 25.9645879268646 11.8700303137302 8.16113750139872 10.6708978613218 36.4886522293091 85.5133235454559 103.366136550903 117.553979158401 112.771729628245 107.747902472814 105.652759472529 104.445109764735
76.4936606089274 87.5320136547089 95.5404043197632 98.3407000700633 99.9593436717987 100.392639636993 94.4533149401347 105.007727940877 127.427160739899 126.368224620819 117.027719815572 112.86523938179 115.85142215093 119.365980227788 118.548293908437 114.561200141907 112.895041704178 110.165695349375 102.403670549393 94.3887035051982 93.9446489016215 97.001055876414 98.8844434420268 100.892921288808 101.897597312927 108.529776334763 125.631163517634 135.072469711304 116.964638233185 104.585041602453 90.6598170598348 78.3474842707316 77.8800894816716 72.5086629390717 51.3464510440826 29.8956433931987 31.3365583618482 41.7405962944031 33.3393762509028 17.9400282601515 7.73219515879949 17.307477692763 63.7378791968028 95.8894689877828 103.892584641774 101.039310296377 97.3274111747742 98.3338554700216 93.6070084571838
89.9109443028768 92.963178952535 95.7688490549723 92.1927889188131 85.2848688761393 82.0473929246267 90.5222296714783 97.1323450406392 107.59703318278 104.310601949692 101.947804292043 107.738266388575 114.806532859802 116.316388050715 111.721495787303 113.735099633535 114.072581132253 107.133934895198 98.656952381134 92.6186045010885 91.5567676226298 92.342476050059 94.6567555268606 96.7054267724355 98.3910759290059 101.928095022837 112.406621376673 125.130573908488 113.843609889348 95.4180856545766 85.7981046040853 70.243701338768 62.8087470928828 76.2108862400055 70.2716658512751 41.9074942668279 50.5684663852056 82.5533618529638 86.6478184858958 64.617986480395 32.8778078158697 21.8515545129776 40.506715575854 52.0851612091064 47.6597050825755 53.7667870521545 68.037286400795 73.0592707792918 71.5941290060679
102.678487698237 98.750909169515 94.7450995445251 86.9893431663513 75.5990048249563 68.463404973348 81.2214513619741 79.6409746011098 68.0579195419947 69.0598984559377 80.6861023108165 94.3469405174255 101.235836744308 105.977515379588 109.618574380875 120.318988958995 122.922480106354 113.397181034088 103.934029738108 99.9438265959422 96.3367323080699 95.4327086607615 97.9538559913635 95.8264370759328 94.3650205930074 97.5772241751353 100.750197966894 108.160356680552 101.499865452449 81.5959225098292 80.5447995662689 75.538381934166 69.1837072372437 86.4296952883403 91.256042321523 78.0928780635198 68.9356476068497 69.9595461289088 75.6923854351044 73.9680826663971 51.6074399153391 40.5364235242208 41.0866091648738 33.4400410453478 25.3825883070628 27.9523134231567 40.2680387099584 49.8502155145009 58.0395609140396
105.814377466838 98.3576575915019 93.0093030134837 88.4404281775157 80.3678333759308 73.6485222975413 67.8333590428035 62.2636626164118 42.8732335567474 53.3942878246307 75.7321616013845 87.8159006436666 88.7191593647003 97.0152119795481 112.348934014638 129.659473896027 135.422120491664 126.914779345195 117.590367794037 112.963755925496 107.242087523143 104.970872402191 103.360106547674 97.9786813259125 97.3254243532817 96.2376395861308 93.3103362719218 91.5767550468445 91.7258858680725 70.6894795099894 72.2903509934743 74.5878467957179 69.8385139306386 90.4263655344645 109.325706958771 112.695852915446 86.619367202123 39.47797169288 34.4803283611933 50.824761390686 55.3866475820541 50.6299883127213 53.3389697472254 47.822450598081 34.6380472183228 30.2748133738836 42.4094498157501 53.501769900322 64.4321739673615
108.580509821574 102.568338314692 101.099580526352 102.386186520259 98.6960530281067 91.5727019309998 85.6437683105469 86.382399002711 84.8640203475952 90.1883741219838 99.9219218889872 107.175370057424 107.451071341832 101.674209038417 113.099714120229 130.531618992488 141.630331675212 140.620013078054 132.715304692586 121.84942762057 114.826420942942 109.115501244863 106.916387875875 108.334988355637 101.694802443186 90.2528166770935 84.701548020045 83.2789639631907 82.4446380138397 78.0903249979019 64.0327433745066 54.1999439398448 52.9152353604635 77.8154283761978 118.289132912954 126.754949490229 92.7417874336243 56.0130874315898 26.3563791910807 26.5944823622704 31.299943725268 39.7908836603165 57.1751594543457 63.9197528362274 66.7247672875722 51.8867870171865 51.1120756467183 71.5679575999578 105.309595664342
109.479089577993 106.433530648549 106.592873732249 108.262846867243 107.629348834356 103.381981452306 102.672666311264 111.807405948639 129.936426877975 125.145743290583 115.578432877858 118.021051088969 124.462107817332 109.874735275904 111.239453156789 120.67586183548 130.972405274709 137.502451737722 137.37028837204 129.739274581273 123.357176780701 116.019785404205 110.00316341718 104.369342327118 100.486000378927 88.160365819931 76.131209731102 73.1737067302068 74.4859278202057 66.3933604955673 35.7878009478251 32.8577434023221 26.0683049758275 42.5984213749568 116.673121849696 127.828021844228 107.152114311854 96.4621206124624 61.4312738180161 20.0935900211334 11.2246883412202 8.39649451275667 30.3776015837987 69.9234803517659 79.2496999104818 68.1560436884562 66.8222655852636 97.3299940427144 163.832485675812
