input/barkrak2/radiation/dir33724.grid
NCOLS 85 
NROWS 70 
XLLCORNER 665100 
YLLCORNER 4664600 
CELLSIZE 20 
NODATA_value -9999 
[rows 23 to 45 of 70, columns 0 to 51 of 85]
62.9762013753255 52.8921435276667 23.1283356746038 7.28383163611094 3.15205504496892 9.58707431952159 7.51801580190659 4.6573132276535 2.68327755232652 3.02929555376371 3.12612857669592 9.02956227461497 11.4635154604912 14.7071070969105 12.7511247992516 13.1028667092323 18.7532876928647 26.7395228147507 30.195489525795 24.4371717174848 23.6309791604678 27.5231252113978 38.2566725214322 47.026331226031 53.6044041315714 53.4714460372925 47.0853894948959 40.4142588376999 22.3568032185237 9.37276954452197 5.85562239090602 1.29686645232141 0 0 0 0 0 0 0 0 0 0 0 0 0 0 0 0 0 0 0 0
62.8080467383067 58.8998893896739 38.1504942973455 11.4631441732248 0 3.22136810670296 5.15288021415472 5.46638791759809 4.34851491202911 3.59905914713939 3.12466236452262 2.87455630799135 9.62900804976622 13.3613646030426 12.4511929849784 12.1664429704348 16.4616033434868 24.1362750530243 30.1360959808032 23.4888692696889 21.9673986236254 19.2865592737993 25.6282910704613 33.2249005635579 37.5056192278862 38.5408600171407 35.8088264862696 31.8138599395752 14.3541147311529 5.18735591322184 2.35833724339803 1.39124691486359 0 0 0 0 0 0 0 0 0 0 0 0 0 0 0 0 0 0 0 0
50.7925053437551 54.7816604375839 47.8534201780955 20.240085820357 0.277510688950618 9.33314673602581 16.1895876129468 23.6616010467211 25.684155523777 19.2602810760339 16.056922574838 17.2790847718716 15.9697718918324 18.7402367591858 18.7119183441003 14.2057289679845 15.6216571728388 23.6409679055214 29.4991582632065 31.6053926944733 31.7374144991239 27.9524549841881 25.2407739559809 25.500034292539 27.9089982310931 29.7544673085213 26.2478614846865 26.5911842385928 15.5175402760506 11.8299449483554 9.30681514243285 11.7615933219592 7.2384321441253 0 0 0 0 0 0 0 0 0 0 0 0 0 0 0 0 0 0 0
49.5187590519587 54.1928907235463 51.8744587898254 28.6593909064929 7.53514592846235 20.0924736758073 33.6354821920395 43.7425871690114 51.1733045180639 45.0327893098195 29.3150395154953 29.7775318225225 27.0785465836525 28.3871094385783 29.7911465167999 20.1626978814602 17.6991497476896 24.3147859970729 32.0541684826215 41.426050166289 41.9027109940847 40.1438350478808 32.4733753999074 27.0569622516632 27.5227775176366 29.3109367291133 25.4122763872147 32.4803764621417 30.8382039268812 29.5797362923622 33.2823246717453 48.3266810576121 55.8145344257355 36.5339790781339 0 0 0 0 0 0 0 0 0 0 0 0 0 0 0 0 0 0
50.7508516311646 49.8686283826828 49.8865147431692 34.1479430596034 29.5787403980891 39.4845878084501 53.2998691002528 59.4756702582041 60.5193376541138 51.2151668469111 38.0917464693387 32.0954918861389 31.5806567668915 31.663623948892 33.6826791365941 28.0731171369553 23.3314683039983 27.5337969263395 40.2285928527514 44.5818950732549 42.3804074525833 34.3802496790886 32.1429520845413 32.7661881844203 32.973642150561 33.0135673284531 31.059334675471 40.472740928332 56.3782354195913 60.6384724378586 63.8147393862406 70.0494597355525 79.4635713100433 84.4981769720713 43.2694256305695 0 0 0 0 0 0 0 0 0 0 0 0 0 0 0 0 0
53.5810887813568 44.0379629532496 44.4502681493759 36.5244473020236 48.5986222823461 52.1975954373678 55.990864833196 54.4437567392985 50.7483979066213 40.7491574684779 32.3730260133743 28.5785694917043 30.166449646155 33.3040505647659 34.7112541397413 37.1779948472977 31.013160943985 27.1846850713094 36.2275838851929 38.9778564373652 36.2840344508489 29.9835503101349 29.6889518698057 34.8697627584139 37.5292773048083 34.2580676078796 34.9871118863424 40.4630427559217 62.2999568780263 74.6311197678248 80.2965561548869 84.1733515262604 91.7322933673859 94.0768420696259 83.3735366662343 19.6161593000094 0 0 0 0 0 0 0 0 0 0 0 0 0 0 0 0
54.781844218572 39.6463597814242 39.6333336830139 40.8506194750468 49.9463180700938 53.1848569711049 45.1481093962987 33.8978444536527 9.56756994128227 6.72212118903796 8.0844076971213 21.3374023636182 26.5907074014346 34.6941277384758 35.4249154527982 39.4487505157789 36.4047363400459 25.2338002125422 27.3480887214343 30.8480734626452 29.9324467778206 30.098594725132 30.1220019658407 35.2158943812052 40.0193283955256 36.9568342963854 38.9236857493718 40.6840393940608 56.2404046456019 76.9463777542114 88.515043258667 92.8879777590434 96.1545904477437 96.118688583374 102.915306886037 85.0913921991984 14.7304808100065 0 0 0 0 0 0 0 0 0 0 0 0 0 0 0
54.0590534607569 54.4065435727437 71.7675934235255 98.988155523936 78.8421630859375 58.0336153507233 35.8416512608528 9.05110314488411 7.03911979993184 13.6862906316916 4.91759025802215 5.19428960978985 26.1947338779767 34.9905739227931 37.8265579541524 44.4342394669851 40.5658682187398 30.0482263167699 29.0264065066973 32.0566569765409 29.3915594617526 32.8296075264613 34.4499697287877 36.4167938629786 41.4890721440315 45.1031774282455 43.5183346271515 45.7731336355209 57.7612022558848 80.2242457866669 95.2670276165009 98.1852610905965 96.3772237300873 104.30109500885 111.47141456604 114.194720983505 89.3617471059163 35.9348803758621 0.336873577907681 0 0 0 0 0 0 0 0 0 0 0 0 0
64.5910302797953 94.0914750099182 138.791879018148 159.678479035695 139.163116614024 92.8844014803569 52.9096176226934 28.9495140314102 24.1751397649447 27.8197079896927 20.9013819694519 18.0073951681455 26.463083922863 33.3097452918688 43.4959828853607 46.9028254350026 42.8840219974518 37.3533492287 31.2925775845846 32.4377144376437 32.3246419429779 35.1595232884089 37.9472027222315 38.2231821616491 42.2865450382233 52.5568127632141 52.6344378789266 57.1051239967346 66.3760701815287 81.7537009716034 93.9356784025828 100.379566351573 101.954897244771 108.435412247976 114.934821923574 114.079773426056 107.2891553243 89.364488919576 33.0472141504288 0 0 0 0 0 0 0 0 0 0 0 0 0
118.767728408178 153.501172860463 178.602894147237 181.221862634023 179.295857747396 154.272735118866 115.283906459808 81.9484144449234 62.2068295876185 52.3680647214254 48.7483243147532 40.3684824705124 30.0950358311335 30.6564743320147 40.4644658168157 46.3710576295853 40.9934769074122 42.5324191649755 32.4946517745654 30.5539245406787 34.6464117368062 35.4571789503098 35.8878821134567 36.896991233031 40.9902483224869 52.9035826524099 58.2345376412074 64.9520605802536 73.1853246688843 80.8485100666682 90.3366804122925 99.8688737551371 100.229909022649 97.4459946155548 99.8974045117696 95.4072376092275 96.7756708463033 82.6057096322377 44.0575977166494 0.488541321828961 0 0 0 0 0 0 0 0 0 0 0 0
171.101689338684 188.537200291952 192.854205767314 191.967368125916 194.901923338572 189.939101537069 168.396234512329 130.162407954534 97.3015824953715 74.1535822550456 75.3854910532634 67.9089228312175 45.1888740062714 37.1651500463486 37.8641014297803 42.0462240775426 36.2919171651204 36.9307075937589 31.1978161334991 31.9063415129979 31.409261127313 32.7631384134293 32.0661018292109 32.222976287206 38.2082785169284 47.4063803752263 57.4975907802582 61.076412598292 69.4615989923477 79.7162353992462 89.2608463764191 92.2601123650869 84.162692228953 74.7317969799042 76.4225572347641 65.3922557830811 65.8791363239288 52.8268714745839 13.4419562915961 0 1.43225118517876 0 0 0 0 0 0 0 0 0 0 0
186.310410499573 194.348613421122 193.867683410645 194.983681042989 196.40197356542 193.803787231445 185.853044191996 156.755864620209 112.64169216156 86.9463483492533 85.0840508937836 82.7416032552719 66.6792939106623 46.9684253136317 40.1641403635343 40.1966447631518 34.4486186901728 31.1917910973231 30.7964583237966 33.9876264333725 30.4643958806992 29.9013182520866 30.8702985445658 31.9945539037387 35.8289331197739 42.7051484584808 51.3549546400706 51.431064804395 59.6518317858378 74.6754705905914 83.1648906071981 80.9277941783269 76.7205307881037 70.6213961044947 63.9838874340057 53.5544653733571 57.0998688538869 54.6699066956838 36.7880662282308 6.9218302766482 8.21037342151006 0 0 0 0 0 0 0 0 0 0 0
177.138149738312 181.658526261648 178.605139255524 180.754125118256 180.954217910767 175.850689411163 169.585009415944 152.866015831629 117.612461249034 97.225288550059 93.4302707513173 85.7306917508443 78.1198342641195 53.9180785417557 42.62409110864 43.5563027858734 37.1562441190084 29.8926457762718 33.6917887131373 34.8659157752991 33.4323197603226 30.910313129425 33.6103389660517 37.2656186421712 35.5447803934415 40.0417521595955 44.6493675311406 45.2245871225993 51.0477473338445 67.3222541809082 75.4313468933105 75.573667883873 78.4466962019603 79.2582680781682 63.534160455068 58.7878872950872 62.8274381160736 68.5561348994573 63.0247096220652 28.2768060763677 0.00312634832274246 0 0 0 0 0 0 0 0 0 0 0
152.154554923375 155.963758627574 158.504148324331 154.801736275355 155.111412207286 153.959810733795 157.952894767125 156.092584133148 130.141993363698 107.216209173203 95.3650673230489 78.8507461547852 70.2479928731918 49.6845891078313 38.7649610638618 43.6626275380452 45.1233039299647 34.7804874181747 36.8758241335551 39.6277358134588 39.4185905655225 36.219947040081 36.3706822196643 39.2526711026827 37.6054172714551 37.8445585568746 42.6381925741831 48.8169491291046 52.424743771553 62.5504602988561 74.1450935602188 76.3780375321706 78.2778263092041 82.1399142344793 67.092830936114 66.8139159679413 67.4053728580475 74.8970756928126 74.3825336297353 38.9578739802043 0 0 0 0 0 0 0 0 0 0 0 0
128.930747509003 138.57161005338 149.263809124629 146.435439586639 145.443518956502 152.067214250565 162.021428346634 165.641764799754 149.249901374181 119.133532047272 96.3784356911977 70.860614379247 54.3749829133352 43.051153421402 35.1021339495977 39.0441541870435 48.5811134179433 41.5984143813451 39.7366682688395 42.5906876722972 43.0509050687154 39.5622725288073 37.7097676197688 39.1677270332972 39.8773699998856 39.3933529655139 42.1242912610372 50.0003000100454 53.3755173285802 57.7239592870077 68.6826060215632 77.2698322931926 79.8489898443222 74.9590893586477 64.3850862979889 74.1502145926158 77.5982787211736 81.420953075091 81.4832995335261 57.5980444749196 0 0 0 0 0 0 0 0 0 0 0 0
93.8097834587097 104.605972766876 112.748076518377 117.5670226415 125.867565472921 140.929092963537 155.535201231639 164.64443008105 162.083804607391 134.10226504008 100.724915663401 68.5280710458755 50.4622211058935 46.9500074783961 39.9632801612218 34.5254093408585 44.04050608476 45.1739728450775 40.0737871726354 40.0386701027552 40.4966746767362 37.9789074261983 35.9137256940206 37.0534335573514 40.260836482048 43.7290668487549 42.694499095281 47.4451631307602 52.6468108097712 53.2045463720957 61.0841612021128 74.9087085326513 78.5354226827621 65.969983736674 66.5181825558345 81.1380942662557 84.1115911801656 84.4475527604421 85.0935280323029 81.4836323261261 30.8117071787516 0 0 0 0 0 0 0 0 0 0 0
60.1477126280467 66.6708946228027 66.1343534787496 75.816680987676 91.2592510382334 108.028570810954 123.094548781713 134.863634904226 137.535194555918 114.521523316701 80.4739147424698 57.3476354281108 45.5752263466517 44.0333584944407 41.2299955884616 36.5782429774602 40.9750292698542 41.1518688003222 35.3810116648674 35.7324828704198 38.5861868659655 41.9611930847168 41.1856720844905 37.9766871531804 37.4340464671453 39.7327467799187 44.6672737598419 46.8945403893789 51.1660178502401 51.8590907255808 53.5979121923447 63.962201277415 71.750283241272 68.5847898324331 83.8599801063538 91.1345382531484 87.3109102249146 83.3948651949565 88.5620514551799 101.262390613556 91.3206040859222 38.4343812863032 0 0 0 0 0 0 0 0 0 0
49.768457810084 51.6087065140406 51.5712251265844 53.6079307397207 61.9991272687912 67.7854865789413 71.8199809392293 77.086200316747 77.2882302602132 63.1469984849294 48.3034004767736 44.6203052997589 43.3567861715953 41.1998083194097 40.2914757529894 40.9787421425184 40.1742706696192 38.9735773205757 35.1755221684774 35.3216379880905 39.9033079544703 44.7886238495509 45.8097010850906 42.4822419881821 39.9890020489693 38.7010425329208 46.3534494241079 49.1449336210887 51.4242599407832 51.1597593625387 52.1491169929504 58.2721432050069 65.2560194333394 74.4449148575465 89.8411870002747 89.5503262678782 82.1801126003265 73.4106848637263 76.6843259334564 92.7335619926453 101.916482051214 92.7356878916423 49.2997368176778 2.22404580563307 0 0 0 0 0 0 0 0
57.624692718188 55.2322914203008 55.3899705410004 55.2410880724589 51.8928567568461 49.9969869852066 48.7104207277298 50.093154112498 54.8191765944163 47.2058951854706 40.050578614076 41.7271256446838 44.7139690319697 45.3012635310491 44.6405112743378 42.9856131474177 38.0391329526901 44.6354001760483 45.9610919157664 42.4738625685374 44.6206480264664 45.0065036614736 43.4741824865341 45.9401210149129 48.0715781450272 43.3606604735057 47.9549318552017 50.3246088822683 52.2699952125549 53.1140913565954 53.616871436437 57.8276813030243 63.3007784684499 79.3583244085312 87.1728956699371 79.2621523141861 70.0498819351196 61.2684985001882 58.8541328907013 68.9395169417063 92.6691989103953 97.139189640681 75.2659390370051 27.2124037146568 0 0 0 0 0 0 0 0
61.7181460062663 59.0098400910695 61.8417908747991 60.4913830757141 53.9524108171463 50.9715179602305 48.9131361246109 46.4344173669815 46.9405800104141 43.6716427405675 42.0996646086375 41.9596632321676 45.8062092463175 49.0420560042063 48.8007416327794 46.3988383611043 44.1091060638428 49.2796798547109 52.2759556770325 47.0123092333476 44.1584686438243 41.902686158816 38.8159553209941 41.3001030683517 46.0077226161957 43.5015807549159 40.7940596342087 45.1253602902094 48.9144921302795 50.9402304887772 52.1454016367594 52.0466715097427 62.2286349534988 78.8599004348119 83.324208855629 70.8098113536835 61.5476320187251 58.3228866259257 57.0427576700846 65.4181440671285 71.8791633844376 73.4109630187352 61.9472165902456 34.0686986843745 0 0 0 0 0 0 0 0
46.7851211627324 49.3507484594981 57.6582650343577 55.2487870057424 57.6225866874059 59.9166701237361 59.3239963054657 55.276150504748 45.5629626909892 44.236828883489 47.5699156522751 44.4240272045135 45.1384534438451 48.5133578379949 48.8405327002207 46.9528287649155 48.2959945996602 50.7726023594538 51.0287930568059 47.5326180458069 42.5965189933777 39.7158190608025 37.7244204282761 37.9560987154643 41.0251021385193 44.2941685517629 39.5418206850688 42.4542725086212 46.3956147432327 47.8022346893946 46.4349140723546 44.4253236055374 54.7079145908356 67.1730041503906 72.2412417332331 63.7311786413193 60.3322734435399 62.9010597864787 63.8356506824493 64.259335398674 60.96450984478 59.9693755308787 55.4382503032684 33.5920502742132 1.22657123332222 0 0 0 0 0 0 0
45.3093200922012 50.9616235891978 53.8182804981867 54.4736087322235 56.2945554653803 58.6682856082916 58.9760690927505 55.4933895667394 51.3004809617996 47.6464827855428 49.2199957370758 47.5265383720398 44.9735174576441 43.098658323288 42.5061136484146 43.2325800259908 40.6127572059631 46.4778343836466 48.3991801738739 47.2255448500315 43.3505723873774 41.7634099721909 40.945199628671 42.1714087327321 40.5402431885401 48.8448043664296 50.9294768174489 47.783096631368 47.4667151769002 46.0041413704554 42.0433133840561 39.9507085482279 45.5126663049062 49.5592852433523 55.22221326828 58.4557006756465 61.6728415091833 67.142645517985 68.1861241658529 61.4833831787109 61.5885555744171 56.856041153272 54.1771401961645 37.9220495621363 9.92853132387002 0 0 0 0 0 0 0
51.2826045354207 55.7896097501119 53.0439217885335 56.289479136467 54.9105703830719 55.1061580578486 56.6561321417491 55.3767730792364 56.8421731392542 52.7222106854121 51.9501318534215 51.4419724543889 47.3540325959524 43.0668741464615 42.2270695368449 45.6110090017319 41.2148882945379 44.3503012259801 47.7475623289744 47.2578356663386 45.1967964569728 44.5065597693125 44.6266184250514 46.1015999317169 47.6095279057821 48.3506967624029 53.5263369480769 50.9397089481354 48.4840373198191 47.6091255744298 43.750320871671 40.7171969612439 43.2578474283218 42.8065210580826 43.146808942159 46.578660607338 52.6172270377477 61.365137497584 61.2376431624095 49.6252278486888 52.7989119291306 49.5001574357351 49.6663202842077 46.8644897143046 30.8613851666451 3.9439732208848 0 0 0 0 0 0
