input/barkrak2/radiation/dir34024.grid
NCOLS 85 
NROWS 70 
XLLCORNER 665100 
YLLCORNER 4664600 
CELLSIZE 20 
NODATA_value -9999 
[rows 46 to 68 of 70, columns 0 to 51 of 85]
49.0705867608388 50.6168305873871 53.0986587206523 55.0923695166906 54.8818608125051 54.7257711489995 56.6573937733968 58.4148069222768 55.2503665288289 54.1319300731023 53.5600334405899 52.5509864091873 49.1669277350108 46.3103105624517 46.6605474551519 49.390435218811 47.5105941295624 42.9073572158813 47.2025374571482 46.0739880800247 43.6902592579524 44.192502895991 45.2041079600652 43.5563226540883 51.2564281622569 45.9929257631302 47.1822917461395 47.9286313056946 46.73037926356 46.5615143378576 45.0683385133743 42.1878645817439 41.5119255582492 41.2871191898982 43.60331594944 44.9869086345037 46.1394290129344 49.9372035264969 51.7609169085821 48.9668945471446 48.0105380217234 45.6562538941701 49.8850891987483 54.2209446430206 46.9945967197418 22.1651444832484 0.617228254365424 0 0 0 0 0
43.3539698521296 45.6231584151586 50.8351226647695 52.365372578303 55.8885137240092 57.4464996655782 55.6114266316096 55.3437074025472 55.5161337057749 58.1222226222356 55.4567674795787 52.1163990100225 50.7172842820485 50.8685211340586 49.3649790684382 47.8008290131887 47.5991318623225 41.2441343069077 44.9207226435343 45.5084095398585 42.8284655014674 43.8150614500046 46.0586448510488 41.8210327625275 46.0377931594849 45.9217975536982 42.000745733579 45.0391471385956 46.4875747760137 45.5674628416697 46.7103719711304 45.8491792281469 41.3239995638529 43.9195583264033 53.3493260542552 57.6616277297338 52.8519600629807 47.3657747109731 49.9370197455088 57.2437644004822 51.587517062823 46.1201171080271 52.5264292955399 56.555320819219 52.1058291196823 36.6864924629529 8.5048663119475 0 0 0 0 0
36.925733089447 39.9875591198603 44.9241697788239 48.0051736036936 54.2878309885661 57.6193928718567 54.792175690333 53.1375110149384 57.014932235082 59.4259649515152 57.5448473294576 53.693895538648 52.8359512488047 53.6599258581797 51.4659980932871 46.3519195715586 45.8733439445496 41.2754466136297 44.5535729328791 47.5623110930125 46.9032973051071 46.3185012340546 48.0697900056839 45.543779929479 43.576901157697 48.4094272057215 45.5758819977442 49.2559174696604 53.2429118951162 55.5443863073985 58.5603217283885 59.026430050532 50.9578684965769 51.5452375014623 59.1077854235967 65.0431911150614 64.7063304980596 54.4910132884979 51.6537129878998 54.5038680235545 49.1655965646108 44.0343022346497 43.8930044571559 43.848176797231 43.0496384700139 42.295108238856 31.5363655487696 1.61860355486472 0 0 0 0
35.9527816375097 34.0236946940422 37.9849870999654 45.3999290863673 50.8119314908981 53.7286251783371 56.2658359607061 58.9950035015742 60.2856576442719 57.1910192569097 59.2366556326548 59.355025490125 56.1425238847733 53.7626345952352 52.5786777337392 48.2566754023234 47.0006465911865 45.1164344946543 47.4863847096761 51.1110822359721 52.555650472641 52.6411235332489 50.2643883228302 50.6751984357834 46.757568915685 49.5103895664215 53.4736861785253 57.4962397416433 63.1765425205231 68.5283740361532 73.9437242348989 73.7362851699193 65.568874279658 59.8305910825729 59.3212246894836 59.2600305875142 70.6386466821035 65.2354210615158 53.278903166453 47.5093672672907 43.1808531284332 43.8654323418935 44.4905956586202 40.7547081510226 37.7907206614812 38.2379367947578 23.5282927751541 7.20222170154254 0 0 0 0
36.1341387033463 39.3815884987513 42.7741458018621 48.5748598972956 48.9851733048757 49.3708501259486 56.8937361240387 61.8221213420232 61.8417064348857 61.6969366868337 61.5661243597666 61.6263300180435 58.1011275450389 54.2607009410858 54.4375677903493 57.5755337874095 51.0019361972809 51.2184997399648 52.0663112401962 55.512602130572 57.2481503089269 54.5956641435623 52.4237255255381 52.5863468647003 47.4057843287786 51.7436563968658 57.1741809447606 60.3576451539993 68.9212183157603 75.0648727019628 80.8993478616079 82.0420185724894 76.9635339577993 64.117560784022 46.2017605702082 49.367810289065 57.5540860493978 65.9371266762416 57.9656759897868 44.5300837357839 39.7592335939407 44.4163729747136 48.3275353908539 43.0461267630259 40.7300467292468 37.2969458500544 21.4281131823858 10.8934243520101 0 0 0 0
36.9178180893262 47.1431960662206 49.1546491781871 50.3122905890147 48.3330984910329 48.1318136056264 55.3669283787409 60.5118423700333 60.4458351929983 65.2792652448018 63.1266236305237 62.4916553497314 60.3610475858053 56.3190430402756 56.5442939599355 61.7724706729253 56.197464466095 54.0292908747991 52.2645215193431 53.2039304574331 53.5559753576914 51.9668459892273 51.7269124587377 48.2806662718455 47.5752999385198 48.9743053913116 52.0301262537638 53.8108597199122 57.9045712947845 68.3622757593791 76.6417980194092 82.0653041203817 75.7052352031072 57.3363850514094 19.0000869333744 18.5428522527218 24.9839127063751 51.4316658178965 64.0359918276469 62.1967166662216 57.3356697956721 47.4152068297068 42.3526068528493 38.3008122444153 42.4543718496958 38.2293611764908 21.3184282183647 15.6823781629403 0.224935705773532 0 0 0
40.3386503458023 38.8061453898748 38.1288851300875 40.155753493309 45.9579279025396 51.0485619306564 51.9698560237885 57.3333750168482 57.1819394826889 61.9479566812515 62.2367858886719 64.1677478949229 63.9229466517766 59.770459930102 58.4382911523183 57.0430358250936 58.4913591543833 52.8261760870616 48.9548146724701 46.4323411385218 46.1632261673609 47.7545062700907 48.5423455635707 44.2099124193192 45.3616231679916 42.5397157669067 44.9749181667964 44.4449136654536 46.078955133756 50.936371088028 55.2673737208048 66.2595629692078 64.048225680987 35.783477127552 15.2241562803586 8.31506835917632 9.03843219081561 16.8471435705821 42.01540350914 55.6668490171432 61.3535741964976 50.7392932971319 36.9375497102737 33.7107181549072 37.9643961787224 24.6688251694043 20.7985080778599 31.1492656668027 15.9516235192617 0.00792720311437733 0 0
42.6106601953506 33.8602190216382 31.9646472732226 36.6742288072904 46.8788544336955 54.589922229449 54.4084658225377 55.5684814850489 57.8874399264654 58.5396190484365 60.4797701040904 63.148687283198 64.8124366998672 63.7892037630081 59.8040024439494 57.8063279390335 59.9328527847926 54.1479041179021 49.7908145189285 49.7418145338694 49.7986078262329 48.2452015082041 46.4299221833547 43.9009616772334 43.7253018220266 41.2144586443901 40.5719925959905 42.1466926733653 40.6558314959208 39.2053971687953 32.3657194773356 39.1875853141149 42.3362453778585 21.8563551704089 16.7250571151574 9.11793609460195 1.84371663878361 0.789438141509891 7.995896662275 22.4712938070297 44.587234656016 41.7621235052745 35.184438029925 29.823936522007 20.6742150088151 21.648441751798 19.6429590384165 37.1849884589513 44.1997696955999 25.8687113722165 1.92168711995085 0
42.7208642164866 37.7681503693263 36.033108830452 40.8945431311925 49.2103199164073 56.0792535543442 58.7938527266184 55.3075969219208 59.5368891954422 58.2629392544428 61.9516472021739 63.4878625472387 65.0368233521779 66.6156460841497 62.5203897555669 62.1065447727839 62.4122619628906 58.0399185419083 54.3743968009949 54.8737694819768 54.2894850174586 50.9176999330521 48.6322790384293 49.2390145858129 47.0279306173325 45.1413144667943 43.1108872095744 39.4568691651026 36.5180770556132 33.2280397415161 25.5988289912542 30.3067018588384 37.5632445017497 39.7103826204936 37.9216596484184 27.8773531317711 9.54707277317842 1.82373092199365 1.06958750014504 5.3024347871542 18.9924277365208 22.8400379419327 19.2477802435557 13.8712550203005 13.6330996950467 18.5799101988475 20.3732227285703 25.2865627408028 40.3021971384684 44.419527053833 27.5359203418096 0.492265409169098
45.6544061501821 44.3228979905446 41.1982089281082 40.2352338035901 45.6903328498205 55.3945551315943 56.7744721968969 55.1882286866506 57.0239623387655 61.8825753529867 67.8413957357407 68.5110986232758 66.7984386285146 67.4518346786499 65.6888782978058 65.5253231525421 65.858393907547 63.4462138017019 59.9613239367803 56.5239141384761 54.0235241254171 52.4028440316518 54.2829036712646 55.9233278036118 52.4819393952688 49.9677757422129 43.3101952075958 35.1648380359014 29.7383119662603 27.9083202282588 27.523584663868 34.1966077685356 41.3816173871358 52.2882143656413 57.3343535264333 55.7365864515305 41.348472237587 27.6190191507339 16.7337233821551 4.79135755449533 9.57027201851209 18.5647048056126 19.0865894158681 13.8022278745969 13.3710143466791 28.0737827221553 45.9129065275192 39.6747390429179 34.8309203982353 40.3362562259038 30.9596508741379 7.13140641649564
48.0593542257945 47.5045094887416 46.5173919995626 43.4444049994151 44.6453988552094 52.9563774665197 54.8993845780691 55.0041794776917 55.317352215449 64.027617375056 71.3777790466944 70.3075478474299 66.0918354988098 68.5519476731618 69.6333746115367 64.4745330015818 66.6088759899139 64.3491099278132 60.3688955307007 58.3497981230418 57.5251082579295 58.3101610342662 55.3075174490611 53.447961807251 51.5219618876775 46.0789501667023 30.4822772741318 5.17715606838465 4.08092637856801 14.9207984407743 25.9394894043605 31.0374995072683 39.6423861384392 46.9056169191996 57.36177166303 60.0916743278503 58.6336553096771 52.6825884977976 39.6499037742615 22.1679459015528 11.0803147157033 18.6860387523969 37.0199208458265 37.2292722264926 31.140461564064 48.1098492940267 71.314811706543 61.2331281105677 40.7874584197998 29.1903788844744 13.9395284156005 8.22346347073714
46.9959775606791 45.219565431277 48.7106243769328 49.7287859519323 47.5955158472061 49.9559193849564 54.9988994995753 55.5130889018377 56.2377472718557 63.7890597184499 70.2321281035741 68.3215955893199 64.1987423102061 67.4643516540527 70.8351135253906 62.0057831207911 63.6105388402939 62.4802360932032 61.5735352039337 62.0185484488805 62.9150718450546 64.2420301834742 59.0292116006215 52.4535576502482 51.9794722398122 48.4054783980052 32.6771587133408 15.8937896291415 15.3158418834209 21.8795910477638 31.811848282814 34.856803715229 48.2598841190338 57.7423721551895 68.4173256158829 62.2438192367554 58.8557968537013 22.6277063290278 23.0202501018842 23.5700855652491 26.4449889461199 37.1534029642741 41.5482769409815 22.0134307940801 16.8886706233025 20.7422574361165 42.4526383479436 48.3927478392919 36.4575783411662 26.3105779886246 19.2995630204678 14.0496864914894
36.6895149151484 43.6255286137263 46.9569712877274 49.5885759592056 49.7102936108907 46.6669648885727 55.113544066747 58.4454238414764 59.445321559906 64.3419076999028 66.3437793652217 65.5705481767654 65.1147067546844 63.8805727163951 65.2203659216563 61.9925359884898 59.0160936117172 62.0908786853155 64.5393083492915 65.8681392669678 67.6558117071788 64.0652229388555 62.6792411009471 57.0819079875946 55.1446626583735 54.8970947662989 50.1466145118078 44.2850887775421 43.4969365596771 44.8087553183238 41.3549616932869 40.8944090207418 57.4246247609456 69.3017343680064 50.1668701569239 45.5727676550547 27.2670437892278 11.3314924140771 3.92841082066298 8.53482509652773 8.93988708655039 33.5833976666133 44.9333339929581 37.91610399882 26.5200386444728 27.6835014422735 40.5029381314913 44.6098347504934 42.0149316390355 35.8389690518379 30.0119246045748 29.1152795155843
28.1077201167742 41.3800925016403 45.087660352389 47.9212900002797 50.7226884365082 47.1868316332499 50.9355316559474 57.8701992829641 68.0853376785914 69.5786873499552 64.8359954357147 62.6950263977051 64.8177862167358 64.343844850858 64.4213855266571 62.2348090012868 58.8681995868683 61.4796777566274 60.2425038814545 57.7228416999181 59.4407419363658 59.7601632277171 58.4998975197474 56.989461183548 59.4939092795054 62.938466668129 70.0921912988027 70.7163910071055 60.9515756368637 55.3575406471888 44.98390853405 37.8500695029894 47.5185612837474 47.9917774597804 19.5099773506324 13.3639586468538 12.6236317058404 7.22689119478067 0.618962338194251 0 0 12.1608339250088 40.2246589461962 62.5689725081126 68.2068516810735 61.7637137571971 60.2452258268992 60.1643025875092 60.0658804178238 49.7432996829351 39.5580530166626 49.4108349084854
29.9969936410586 38.7727667888006 45.5714861551921 47.8101521730423 49.3279049793879 49.5931307474772 44.2805588245392 53.2613893349965 72.0877895752589 70.8400408426921 63.1480713685354 59.9489609400431 62.1225188175837 66.3260618845622 65.3384874264399 62.5130633513133 61.6242786248525 59.3125621477763 53.5066624482473 46.8732913335164 46.7218458652496 50.6456693013509 51.8126487731934 55.2756637334824 56.37293557326 63.4444256623586 78.9593458175659 84.3098163604736 64.9600277344386 53.9567569891612 44.0402925014496 32.1344460050265 35.5264469981194 36.8290270368258 18.0193123718103 9.71828711529573 10.6422615547975 15.5488550662994 8.7695320447286 0.83726419446369 0 2.16172588989139 19.7521882752577 43.8339014848073 46.7193573713303 47.7626870075862 45.4220672448476 46.3917354742686 51.5341113011042 45.5328524112701 46.0874785979589 78.6554267009099
40.560690065225 43.3021187782288 45.4490234454473 42.4418350060781 37.2086564699809 33.5171471039454 40.9249265988668 46.2878445784251 55.3291936715444 51.589439312617 47.2888698180517 53.0876119931539 61.4977230628332 63.3275806903839 59.5608800649643 61.4028324683507 61.9535843531291 56.5789043903351 49.1169144709905 44.3384349346161 43.8648909330368 44.2683796087901 48.2357442378998 51.173135638237 52.7900010347366 56.9590429464976 69.7634766499202 76.9380827744802 65.3043886025747 50.8647461732229 43.3800121148427 28.9354026317596 20.6946904460589 40.0241489211718 36.8675788243612 17.1455976863702 17.0854367315769 39.3427337209384 41.2605752547582 27.5577257076899 5.93808044989904 3.02358375241359 11.095505207777 17.8210996091366 16.6540592908859 18.2648276289304 20.6076030929883 22.7601354320844 22.2148299217224 38.7915770212809 58.9921176433563 110.930760701497
51.151971022288 48.0558027823766 44.5372958978017 38.0306591590246 28.9550100763639 23.4694629907608 32.0700680216153 32.85151720047 23.7925723195076 22.247277200222 34.4225317239761 43.8853154579798 50.1211136579514 54.0677905082703 57.2693149248759 66.9345855712891 69.8685745398204 61.5791827440262 53.5097022851308 50.285592675209 47.9998091856639 47.5263148546219 48.5757241646449 48.4512547651927 48.0199158191681 53.5302062829336 60.5917473634084 63.1527403990428 57.3065082232157 39.0393535296122 38.3622124791145 33.6877182126045 29.8545012871424 47.9492495457331 54.3079723914464 42.9042677084605 33.4152231613795 20.7535748680433 25.8208041389783 31.2498907248179 20.9440017739932 9.16022062301636 10.7930426796277 11.2359945972761 6.26703289647897 7.33002026875814 14.3123318751653 16.2671183546384 17.2747833033403 39.0547712643941 83.6341977119446 126.604169607162
53.8415759801865 47.55899310112 43.0244108041128 39.4902974367142 32.8428596258163 27.4783720572789 23.5424116253853 18.954161554575 5.2526102711757 12.8189660608768 28.5833080609639 39.4937346378962 39.2562747001648 46.6239800055822 59.5199565092723 74.794997771581 80.3767989079158 73.3379026254018 65.3282205263774 61.5604966878891 56.4704338709513 54.9306770165761 54.5969655116399 49.632782737414 46.2145904699961 48.137883345286 47.8766858577728 49.9783903360367 46.1913098891576 32.5392832358678 31.2962556878726 32.6864868402481 24.3471264839172 45.6472883621852 69.8427855968475 72.9038168986638 48.1004317601522 14.9827512602011 11.8136083086332 16.8624346454938 17.2850924233596 15.1041609545549 16.1348494390647 15.2454351385434 8.79036262631416 5.76947753628095 11.5669344862302 17.1880560616652 27.6281336943309 51.7415006955465 114.51518535614 145.656158526738
56.1948319276174 51.0680377483368 49.8094409704208 50.7709880669912 47.6704736550649 41.7963961760203 37.0528151591619 37.362868587176 36.2127497792244 41.8355365594228 49.2769877115885 54.5354336500168 54.8118452231089 50.2985815207163 60.2886726458867 75.7460196812948 85.1676861445109 85.6323838233948 78.5594880580902 69.2752202351888 63.7481609980265 59.2055420080821 57.182456056277 58.6164792378744 51.3510853052139 41.1439885695775 38.8829906781515 41.5503506859144 39.3873328963915 38.8304342826208 19.5805057883263 17.8773043056329 14.5605516930421 22.500271598498 76.5850692987442 86.6812070210775 55.1170955101649 18.6176262795925 6.8541510651509 6.94721875091394 9.79868757228057 7.51209321121375 16.832061111927 22.9321916898092 30.2467395861944 15.3149391214053 14.0568862358729 33.1256066759427 57.5826068719228 101.053734620412 133.360415697098 146.545439958572
56.920200586319 54.3206532796224 54.3686250845591 55.7277748982112 55.2047987778982 51.7666041851044 51.6162713368734 58.9835892120997 74.8376945654551 71.0316350062688 62.3988757530848 62.892958521843 69.2226241032283 57.2732239961624 58.3867033322652 66.5568610032399 74.7447659571965 81.7193339268367 82.4867188930511 75.9447018305461 70.5140829086304 64.0809237957001 61.0450704892476 57.5585116942724 51.9362936417262 41.2399172782898 29.3645511070887 30.2767554918925 33.5513825217883 17.4250404040019 12.7142940958341 10.934396336476 6.72297179698944 5.4221252600352 70.559486746788 88.1512363751729 69.2415485779444 57.0324510335922 26.8462002277374 3.0999652420481 0.155063239314283 0 8.7666641920805 33.5488840937614 39.5451337099075 30.4998358090719 29.2387207349141 51.1616965134939 106.971661249797 150.851190090179 144.635538260142 132.716715335846
56.1393052339554 52.8575976689657 47.4873880545298 43.1237121423086 43.335348367691 45.2807247638702 45.4051295916239 56.9307903448741 66.8465544780095 61.7665350437164 52.5979300340017 52.7117600043615 63.3787413438161 58.9118500550588 55.5576781431834 54.6049177646637 55.1946858565013 62.0127270619074 71.9890495141347 76.1527220408122 72.0640122890472 66.2083327770233 59.5766752958298 54.8579792181651 47.3876049121221 41.3594841957092 28.7660708030065 18.0601874987284 29.6900570392609 26.1229053139687 12.6770796875159 7.87736351291339 1.758998259902 0 0.156085006892681 78.3310731252034 85.2185686429342 95.7711338996887 77.523335814476 30.0448313355446 2.44771735742688 0 2.62292195111513 17.9858629902204 44.8616246382395 64.0090008576711 84.4603379567464 134.105493625005 174.478888511658 184.785485267639 169.898788134257 138.105422258377
58.2459469636281 56.2370320161184 50.5092144012451 43.9326465129852 42.4484461545944 45.2073514461517 38.1092031796773 35.4840109745661 37.1257414420446 33.9517742395401 27.157520254453 24.9255771438281 28.5464252034823 46.1208124955495 53.216740489006 47.8753348191579 36.9621440768242 33.0226023991903 44.6658134460449 64.2637660106023 66.1123295625051 60.8493189016978 54.3876091639201 51.0699252287547 44.2952811717987 38.2944494485855 32.2997917731603 11.1306508382161 16.0152191917102 35.3312815229098 18.5330683986346 11.7651410400867 4.2550340294838 0 0 57.6149920622508 97.8351930777232 112.224042415619 98.8033910592397 69.9161291122437 37.483903268973 8.89590506752332 5.63154059151808 23.3412807186445 53.9409120877584 116.046567757924 156.590799490611 186.961710453033 195.955296357473 195.261081059774 185.728669166565 157.595028479894
59.9181354045868 59.851070245107 57.3207139968872 53.8423160711924 51.9986748695374 51.3019611438115 36.5534474452337 23.1161788105965 23.2671971122424 25.470957159996 22.8785624106725 20.301815122366 21.4457760254542 42.4378414948781 55.9527178605398 46.4356243610382 28.3338576555252 16.6458636522293 20.0198714931806 34.8311538497607 45.2520151933034 48.4966486692429 49.2072403430939 42.1404590209325 37.5535835822423 33.1115772326787 16.8767993648847 6.89763513704141 10.1843855033318 38.4441887338956 47.0330019791921 40.1758700609207 20.9384113550186 0 0 37.1759583552678 91.2669996420542 99.4816323121389 80.4960081974665 77.4807383616765 82.2605788707733 66.976139942805 45.3286021947861 59.8674515883128 111.311703920364 155.730754137039 178.782979647319 189.898828665415 191.692233085632 189.260065555573 184.371689955393 162.596921126048
