input/barkrak2/radiation/dir31424.grid
NCOLS 85 
NROWS 70 
XLLCORNER 665100 
YLLCORNER 4664600 
CELLSIZE 20 
NODATA_value -9999 
[rows 46 to 68 of 70, columns 0 to 49 of 85]
77.4617592493693 79.1524648666382 81.8982521692912 83.8664968808492 83.7092200915019 83.2691043615341 85.3481888771057 87.0210826396942 83.6546222368876 82.5163275003433 81.2935332457225 80.8248122533162 76.8732527891795 73.4782367944717 73.1378893057505 76.4746814966202 75.0637849171956 69.4650014241536 74.5023339986801 73.2884109020233 70.3100065390269 70.8234558502833 70.3788449366887 67.0099953810374 74.5155662298203 68.1900481383006 70.0408120950063 71.7168549696604 70.7209606965383 69.6928352117538 69.3006018797557 65.6526337067286 64.5188391208649 64.3963317076365 66.117395957311 67.2889798879623 69.2357321580251 75.6709575653076 77.7509609858195 75.6245305140813 74.4285086790721 69.7788099447886 74.6224323908488 80.8146148920059 71.652556459109 41.3722594579061 8.00020123521487 0 0 0
71.3683217763901 73.7742086251577 79.5840422312419 81.2379618485769 84.8265886306763 86.4873230457306 84.1451684633891 83.7346414724986 83.8805437088013 86.1460069815318 83.3948353926341 80.0120979547501 78.2538006703059 78.7792851527532 76.8287181854248 75.4300206899643 74.5350668827693 66.9933160146077 70.9972282250722 73.3706951141357 69.353312253952 70.462574561437 73.7898051738739 66.8645699818929 69.7767635186513 68.3713058630625 64.5552923281987 68.8892106215159 70.7410474618276 68.6677545309067 69.1439459721247 69.2883233229319 64.2939458290736 67.6108449697495 78.2275448242823 81.8763275941213 77.209010720253 71.8358506759008 74.9925623337428 86.6667330265045 79.3257455031077 70.8773533503215 77.7656932671865 83.3944976329803 77.2843609253566 58.0163250366847 25.437501569589 0.806974324708184 0 0
64.2420053482056 67.2861635684967 72.8179117043813 76.7347266276677 83.2422425349553 86.7739717165629 83.6590528488159 81.5915962060293 85.3365858395894 87.8297984600067 85.5761170387268 81.817572315534 80.1716645558675 81.428940097491 78.7216673294703 73.9549646774928 73.3389953772227 67.8689877192179 71.3725090026855 75.1409282286962 74.1937309503555 74.1692384084066 76.1750936508179 73.1763194004695 70.7652817169825 72.2418129444122 68.5074478387833 72.7930863698324 78.432098031044 79.821119705836 83.5742751757304 82.8960041205088 75.5278964837392 76.8228520949682 85.278848807017 92.6106075445811 91.0277664661407 80.4981638987859 77.3549874623616 83.1482261419296 77.0308077335358 69.6601867675781 67.3666099707286 67.4065103133519 65.1760349671046 63.9930615822474 54.2207062244415 9.65799391269684 0 0
63.038170337677 60.7825418313344 64.9939725796382 73.3338097731272 79.4441948334376 82.6783875624339 85.6184760729472 88.1274839242299 89.0966951847076 85.8559707800547 87.7136588096619 87.4655445416768 83.8357011477153 80.933744708697 79.6215037504832 75.0746975342433 74.1156240304311 71.6076592604319 75.5732705195745 79.9312094847361 80.6915909051895 80.6517501672109 77.8189599514008 79.2178958654404 74.5226393143336 77.679306268692 77.6476462682088 81.2622954448064 86.3348543643951 93.8357810179393 100.580165783564 99.9982357025146 89.6606246630351 86.6296092669169 83.3212782939275 92.5967494646708 96.5986053148905 92.0180877049764 80.8927764495214 72.1736202637355 68.2118485371272 69.4147249062856 67.4691994984945 62.4929318825404 58.9126000801722 62.3641461133957 59.8241090774536 17.6261539260546 0.112862015763919 0
63.4285509586334 66.9448673725128 70.5786645412445 77.3227363824844 77.7311821778615 78.0552526315053 86.3902668158213 91.548482577006 91.2527541319529 90.5945003032684 90.1226202646891 90.2439157168071 86.3333642482758 81.1998297770818 81.7191451787949 84.9396387736003 77.3557970921199 77.7054329713186 80.1772673924764 85.0425958633423 86.1298342545827 83.8571190834045 81.3141117493312 80.3731431563695 75.3025909264882 81.4698040485382 84.5020810763041 87.2853298981984 93.5466786225637 99.3018746376038 108.18675160408 110.652019580205 100.732306639353 86.1803094546 78.2398283481598 82.6487789551417 89.270293712616 94.6301420529683 86.1563384532928 68.7991927067439 63.5144760211309 70.707231760025 73.67276151975 69.328894217809 63.9610290527344 61.3951434691747 47.5489447514216 22.7176422874133 0.798576278612018 0
64.2122725645701 75.5893488725026 77.8760214646657 79.3818235397339 77.4288823207219 76.7576148112615 84.466964006424 90.0010565916697 89.9674991766612 94.9070552984874 92.3071503639221 91.3178225358327 88.666041692098 84.3451718489329 83.3233098189036 89.477668205897 83.4606190522512 79.7203878561656 77.5163968404134 79.6338319778442 81.041877468427 80.7870080073674 80.5015464623769 77.3895978927612 75.5530347426732 77.1010170380275 80.6570202112198 83.3237071832021 87.309459845225 93.453049659729 100.489944219589 109.225581089656 103.237797816594 81.4218521118164 34.031776090463 33.3634565273921 54.1346569856008 77.6495238145192 91.9589400291443 88.4194374084473 85.119108359019 77.8030852476756 65.7090495030085 63.2522950569789 69.8405504226685 64.3905500570933 36.8971874316533 29.3031930923462 5.40593887368838 0
68.0193354686101 66.1412378152211 65.1549945274989 67.3856337865194 74.4312206904093 80.1357726256053 80.7786484559377 86.6737365722656 86.3880515098572 91.4630889892578 91.7357007662455 93.4893588225047 92.9762323697408 87.9040757815043 85.6440663337708 84.1800173123678 86.0204299290975 78.5526186227798 73.3284552892049 72.3818441232045 71.2557385365168 74.280192454656 76.7612705628077 71.6322759787242 73.8601535558701 71.457361181577 72.2892185052236 73.7970173358917 75.5287557840347 79.3544848759969 81.2747577826182 91.0259981950124 89.2078876495361 65.7215863466263 28.6562393109004 19.033578534921 20.1243956883748 31.0624887545904 61.9174093008041 84.8274827003479 92.1360353628794 80.6087553501129 62.4216347932816 58.31212302049 57.4967960516612 54.0526062250137 36.0690404971441 50.4950433969498 32.7014749248823 6.67226376632849
70.7131773233414 60.7769389947255 58.4837595621745 63.6698653300603 75.3785620133082 84.2262705167135 83.7233165899913 85.0484073162079 87.675154209137 87.9332721233368 89.8514886697133 92.832346757253 94.4348772366842 92.7037596702576 87.9868964354197 84.6441288789113 87.8183543682098 80.784464875857 75.47960182031 76.1511474847794 75.2244393030802 73.1584876775742 71.7147588729858 69.5836246013641 69.9690977732341 68.833867708842 70.0153758128484 70.8650350570679 70.0519382953644 67.5384203592936 58.7086578210195 62.2880806525548 64.7531300783157 44.2445327838262 30.6292176246643 20.1402728756269 9.51810802022616 7.52127294739087 17.8883112967014 49.1979817549388 74.5771477619807 70.6163793802261 62.7082834641139 48.6532847086589 44.9143846829732 37.3118246595065 34.5251311858495 58.5300674041112 68.1504805882772 46.9040423631668
70.8089023828506 65.3008172909419 63.1910264492035 68.311999241511 77.7844985326131 85.7666432857513 89.0042980511983 84.9637190500895 89.5665287971497 88.0457659562429 91.6796624660492 93.472162882487 94.8229630788167 96.2566832701365 90.9778475761414 90.6219681104024 90.1735623677572 84.6468110879262 80.7600567738215 81.9824834664663 81.1040798823039 76.305627822876 74.2644220590591 74.6247470378876 71.8999455372493 71.5078115463257 71.106418967247 68.6441659927368 65.4747684796651 60.3503386179606 50.6552954514821 52.4992495775223 58.642586072286 60.2869838476181 58.4463328123093 46.8854705492655 23.3563110232353 10.7151990135511 8.30386951565742 14.7743821144104 33.8664253552755 39.0636399388313 34.1377854347229 26.7638439933459 26.3968159755071 33.0254311362902 45.3975051641464 51.1091897885005 63.6558632055918 69.0973301728566
74.2248545090358 72.7732678254445 69.1509495178858 67.798192302386 73.7583736578624 84.9202672640483 86.871862411499 84.9067866802216 86.7247382799784 91.9518371423085 98.4258055686951 99.0453362464905 97.0927079518636 97.6300040880839 95.042477051417 94.5296883583069 94.8635737101237 91.4325714111328 85.7750773429871 82.698330283165 80.5302560329437 78.851247827212 79.6212255954742 82.0506016413371 76.8578449885051 74.919472138087 68.0594841639201 61.0556900501251 56.6346744696299 53.7322511275609 53.3736149470011 57.8477382659912 63.4466856718063 75.1700301965078 79.586793979009 78.7907987833023 66.4422114690145 45.6634859244029 34.9939813216527 14.2466401060422 20.8272201319536 33.1370681524277 41.8460071086884 31.2142893671989 31.0961653788884 46.4000801245371 68.3943678935369 62.847837805748 57.7946652968725 64.606636762619
76.8610388040543 76.326717933019 75.25401810805 71.4762508869171 72.6998895406723 82.0574065049489 84.76322889328 84.764818350474 84.7634573777517 94.1261053085327 102.583140134811 101.385364929835 96.4927673339844 98.9948709805806 100.229610999425 93.4500098228455 95.6236024697622 92.755119005839 88.6623660723368 85.6741964817047 83.8286280632019 83.8351945082347 81.6874355077744 79.3006420135498 75.9496539831161 71.61579032739 53.7258982658386 33.7282891074816 29.234712322553 36.8060419956843 50.3677725791931 54.5627176761627 61.5477363268534 69.419448574384 79.7158628702164 92.7173495292664 94.3697889645894 76.4900743961334 74.7551620006561 45.2465216318766 22.9543795188268 40.7472178339958 57.779719432195 58.1148117780685 57.6167404651642 72.0372895399729 99.5528101921082 87.4130427837372 64.3804272015889 50.3471493721008
75.6059189637502 73.8137861092885 77.7107576529185 78.7863185008367 76.1055946350098 78.6946763594945 84.7785671552022 85.6054425239563 85.8773986498515 93.7927265961965 100.930273532867 99.2752512296041 94.7413643201192 98.0968872706095 101.538300514221 91.8360352516174 93.5152769088745 91.5478666623433 89.0610118707021 89.9638136227926 91.2792384624481 90.894748767217 85.4619145393372 77.4543980757395 75.8148729801178 73.7624317407608 56.2452971935272 36.0315293073654 36.1934502919515 45.3284780184428 59.8412851492564 60.1710677146912 71.8244463205338 81.380973259608 92.1173393726349 87.5596404075623 81.6766818364461 39.0400762359301 39.4265577197075 40.0438904762268 48.2010891040166 59.1901292403539 67.5820410251617 38.057287534078 31.098502377669 36.4270533124606 77.1265725294749 72.0415115356445 58.3543529113134 48.3355422814687
63.9557739098867 71.8976507584254 75.7519553105036 78.5431762536367 78.6239554484685 75.15815893809 84.8916073640188 88.9232754707336 89.6043181419373 94.6109890937805 97.3547995090485 96.6677566369375 95.7966148853302 93.928595383962 95.6675807634989 91.8060739835103 88.6332988739014 92.2347903251648 93.6570266882579 94.8936740557353 95.8852668603261 91.4428929487864 89.8309946060181 82.1602592865626 80.4276863733927 80.5395841598511 75.5990495284398 70.2171226342519 69.1266755263011 70.4769591490428 72.2083747386932 70.0885355472565 85.3460232416789 93.5502052307129 90.9440318743388 66.0384595394135 48.9536772171656 23.0635975797971 12.3866982758045 23.1395413478216 39.7989501555761 63.0905429522196 71.7152208089828 58.2631429036458 45.6041594346364 47.8140463431676 62.955250342687 67.5406207640966 64.980407555898 57.9811483621597
53.9128432671229 69.2167778809865 73.6041863759359 76.5978246927261 79.7673463821411 75.7529884576797 80.1871220270793 88.3561968803406 99.4404157002767 100.806444883347 96.203088760376 93.6288634936015 95.4367220401764 94.5673088232676 94.6297546227773 91.9841428597768 88.5753929615021 90.6080504258474 89.4865194956462 86.5017871061961 88.3950293064117 86.6156617800395 85.3148698806763 83.8826696077983 84.7098827362061 88.9599124590556 99.0020235379537 98.1520811716716 84.6099555492401 84.715723991394 71.6009537378947 68.6049958070119 79.8339049021403 71.1695750554403 34.564030667146 25.8374114831289 24.5609357953072 17.0701282719771 5.05627784878016 2.1835183724761 2.04502775644263 23.8089039921761 69.1322634617488 85.5135718981425 94.3803091843923 87.3598953088125 87.2704883416494 87.1667861938477 85.7800046602885 74.1855204105377
55.843710899353 66.4276580015818 73.9935487508774 76.6266087690989 78.2684236764908 78.4347554047902 72.4480152130127 82.8010737895966 104.553977648417 103.646576404572 93.9762492974599 90.7318393389384 93.6392347017924 97.2173313299815 95.7700709501902 92.5384958585103 91.1813179651896 88.8587733109792 82.0217927296956 74.5653410752614 74.4734207789103 78.4215678771337 78.8915008306503 81.3398112853368 82.7327867348989 88.9963606993357 106.864164272944 115.003595749537 94.4590965906779 81.4530303080877 69.9376265207926 56.2976598739624 60.7266972462336 57.0750534534454 32.1737478176753 20.4913777609666 21.7518905798594 29.7571768363317 21.5478340784709 8.36928995947043 1.57690048217773 9.30282287299633 35.0028723478317 68.4932867685954 72.7490037679672 80.4853439331055 78.6603440841039 80.3145865599314 75.7074256738027 68.869153658549
68.1757231553396 71.5046972036362 73.9894459644953 70.45017182827 64.0820016463598 61.2511883179347 69.4673856099447 75.28289159139 85.6356223424276 81.6831191380819 78.4975588321686 84.2651724815369 91.7338033517202 93.9963559309642 89.868038892746 91.6822055975596 91.7873779932658 85.280309120814 77.2451013326645 71.5717871983846 71.1224377155304 71.5550283590953 75.4412909348806 79.1595528523127 79.0905306736628 82.6771905024846 95.6438978513082 103.813697894414 89.9101098378499 77.5547573963801 64.4390682379405 51.6617943843206 47.144760688146 60.6624235709508 55.9268097082774 30.8472563823064 31.7767336964607 65.7266726096471 70.4987595478694 49.9408294757207 20.0620926916599 11.7315798997879 23.0502933263779 32.3667277892431 30.7923008998235 37.9100516438484 45.3043033679326 56.8160464366277 55.4383794466654 61.1127366622289
80.2505910396576 76.8924703200658 72.9033450285594 65.3673062721888 54.7881027062734 48.2071538766225 60.0738773743312 58.7420115868251 48.6267656087875 49.1412729024887 59.8333229621251 72.4232047796249 79.4937759637833 83.9759906133016 87.4558786551158 98.1653432051341 100.67688425382 91.6384160518646 82.19313621521 78.4713129202525 75.2531141042709 75.1222918430964 77.0772000153859 75.3496885299683 76.1600236097972 80.6742012500763 84.527979294459 91.2819107373555 81.6823244094849 60.275653998057 63.9734665552775 58.5848639408747 52.8373022874196 70.0966417789459 75.8488029241562 63.1304979324341 53.4255653619766 46.0489690303802 50.4237910111745 53.1951983769735 38.6648500959078 26.2587244311968 22.6449420054754 23.1766055027644 16.2457786500454 17.6989311973254 27.5353814164797 30.2094345291456 40.9036204218864 62.4576757351557
83.3938320477804 76.3481160004934 71.1369663476944 66.9417927662532 59.5045338074366 53.0489534139633 48.2735931873322 43.095866839091 25.1324300964673 32.7112923065821 54.9454440673192 66.9770886500676 67.1537717183431 75.4149357477824 90.0135735670726 106.994340817134 112.43063211441 104.629129171371 95.5279370148977 91.2485321362813 85.0731333096822 82.9476416110992 82.2212298711141 78.9609054724375 76.8677790959676 75.114036599795 74.6286312739054 74.6369858582814 71.8298057715098 52.559624115626 56.815634171168 52.2097448507945 47.2079962491989 73.4088271856308 93.173493941625 96.4808364709218 70.2804327011108 28.3891409635544 24.0426411231359 31.0835589965185 39.9829298257828 37.7789785464605 37.8052865465482 34.5833574732145 22.6837595303853 17.567607263724 23.7421890099843 39.0328764915466 48.0438818534215 79.3671359618505
86.1312548319499 80.4455677668254 78.9590279261271 80.1570812861125 76.6311784585317 69.9386994043986 64.4270877043406 65.0030672550201 63.564454515775 69.2023436228434 78.2170693079631 84.6231977144877 85.1034919420878 79.5605977376302 90.5822813510895 107.865711053212 118.311862150828 118.137568235397 110.192527373632 99.8039344946543 93.2512084643046 88.0543192227681 85.6378277142843 85.3384534517924 79.071710507075 71.4400460322698 65.4443601767222 66.2792573372523 64.595490694046 60.6044679880142 40.8110941449801 40.7779291272163 34.9200169245402 60.8473867177963 101.290583610535 110.746075709661 77.035203576088 42.0218457778295 17.0781711737315 17.2590675453345 21.2825015187263 22.8085617224375 36.0521152615547 48.8260090351105 50.6089280049006 36.8449489275614 36.5200315912565 54.6642343203227 84.9896470705668 135.145604610443
86.9242449601491 84.0737819671631 84.2876633008321 85.7134660085042 84.980587164561 81.2092522780101 80.6760638952255 89.0860954920451 107.006887594859 102.519184350967 93.215415875117 94.8900977770488 100.329538186391 87.2684021790822 88.8505180676778 98.0579257011414 107.730905214945 114.45564031601 114.536017179489 107.419073581696 101.484040419261 93.9704775810242 89.2264942328135 87.3616635799408 77.1012405554454 66.1560396353404 57.4155350526174 56.1859508355459 56.7406763633092 49.8821636041005 25.2200216054916 22.7099483211835 16.8607669572035 17.1074668566386 98.5874434312185 112.021237611771 91.7050937811534 79.9778600533803 46.0509657859802 11.7159560322762 4.20929895093044 1.25055899843574 19.779281069835 54.0100832780202 62.0256364345551 51.5030920505524 50.1446723937988 77.5182793537776 140.673110882441 188.063323497772
86.0678950945536 82.351287206014 76.1874616146088 70.892666776975 71.4361170927684 73.932076493899 73.7454742193222 86.8709882100423 98.3863174915314 93.2819445927938 82.7736308177312 82.7297071615855 94.1077470779419 89.4963145256042 85.6079558531443 85.928608973821 85.5533381303151 92.4165844917297 102.99418369929 107.706636190414 103.335162003835 96.8705614407857 89.7296865781148 81.2745342652003 75.8958359559377 65.4423286517461 50.9872933228811 45.2850659688314 51.2829571962357 46.0503399372101 25.0625560681025 18.3770780762037 9.63666041692098 2.06448479245106 41.5977438290914 102.133413155874 108.512431383133 121.042370796204 102.96172897021 49.2026607195536 10.5148057142893 1.51838610569636 10.3735017279784 47.3073770602544 68.498636285464 90.9248093763987 114.591151475906 169.450004895528 212.039450804392 221.941610177358
88.432768980662 86.2173934777578 79.7764460245768 72.3734696706136 70.6911236047745 73.8260100285212 65.1253759860992 63.0317181348801 65.0804042816162 61.8563791116079 53.7674129009247 51.1935253938039 57.9975893100103 74.5188146829605 82.0775826772054 76.8444389104843 66.5888388951619 60.4723393917084 72.1877813339233 95.5206056435903 96.8573788801829 90.7605091730754 83.8035941123962 79.525629679362 72.0144361257553 65.3825849294662 53.2592137654622 36.7777869105339 42.775218685468 55.989811817805 42.7314887444178 23.8654166460037 16.6186777253946 1.4070433874925 0 82.0822070042292 122.333427270253 137.155711650848 124.055047829946 94.0333803494771 58.8566462198893 23.9073957006137 20.8837439616521 43.1617697079976 80.8315028746923 149.245997269948 192.036906878153 224.190771579742 232.709507147471 232.039491335551
90.2855694293976 90.1409387588501 87.3401860396067 83.4645827611287 81.4647674560547 80.6459039449692 63.776766260465 47.7132151524226 48.2969929774602 50.811101992925 47.8302836418152 44.7437465190887 46.2763806184133 70.5832491318385 85.5811635653178 75.1583874225616 54.1419933239619 39.7747705380122 44.1094189882278 63.628946741422 73.5522657632828 76.9321421782176 77.8030455112457 72.131688396136 60.4340533415476 56.6194752852122 45.0495183467865 17.0699693262577 34.0084359049797 59.6824884414673 69.0971513589223 62.2695634762446 41.1796694000562 6.05719846983751 0.134285946842283 58.9220027128855 117.082099119822 124.484002590179 104.124466578166 101.26119852066 108.616888523102 94.8632856210073 71.2881584962209 88.2778763771057 145.709782838821 192.536950111389 215.873102347056 227.040986220042 228.632847468058 226.439456144969
