input/barkrak2/radiation/dir32624.grid
NCOLS 85 
NROWS 70 
XLLCORNER 665100 
YLLCORNER 4664600 
CELLSIZE 20 
NODATA_value -9999 
[rows 0 to 22 of 70, columns 0 to 51 of 85]
65.350418289502500 78.8504183292389 94.0112471580505 110.721002022425 125.462015469869 137.634168068568 139.992445707321 137.933572133382 136.009107033412 139.266510804494 139.989425738653 136.215209960938 131.802300612132 130.904972553253 130.945086479187 117.784678936005 105.500161647797 96.2140262126923 94.4996575514476 94.8274234930674 102.422485748927 119.206051031748 137.219687302907 141.491522391637 148.812502622604 159.945279359818 158.49781036377 149.400095144908 141.476601362228 144.60089802742 140.926380952199 160.678207874298 194.002787272135 189.355830351512 186.237514019012 182.342191537221 187.713940938314 197.152336438497 192.855556805929 195.163528124491 192.380905151367 201.041102409363 205.89816570282 196.503698825836 185.11156241099 191.639324029287 198.419431845347 157.947272062302 105.958710114161 101.87166929245 123.87827038765 165.694524844488
44.0742125113805 57.183176279068 66.8821185827255 78.4101486206055 92.909832795461 101.298828919729 108.964224656423 125.517417987188 145.314425230026 144.95712518692 143.891493479411 137.678464253743 132.544308900833 132.603108882904 132.682392994563 120.226005713145 112.196505069733 102.410197257996 99.8666485150655 98.1096227963765 110.98047097524 133.53376587232 147.944668928782 147.609204053879 150.225589672724 160.596430301666 160.419205824534 151.830593744914 146.391967932383 145.820875962575 146.975149710973 170.837084452311 193.638324737549 189.564267794291 184.746384620667 180.421491463979 187.548379103343 194.806377092997 190.094570318858 189.733227094014 187.415798505147 190.353373686473 193.224231402079 182.22443262736 175.97504456838 188.260495662689 189.129710197449 141.16433262825 113.184233506521 123.380978902181 152.057230472565 187.79460589091
21.4603741963704 26.0177180171013 32.2389155626297 39.1089990735054 46.3193307320277 56.185578306516 70.0466136137644 83.4865768750509 101.544956366221 106.94216688474 118.741522232691 139.149745305379 141.412923733393 142.920712629954 144.69501376152 144.948989152908 139.069269100825 128.861129283905 114.896456400553 109.442194302877 120.521197716395 137.159317731857 147.60285615921 149.914632240931 151.804943879445 151.150782903035 149.420549472173 151.176551977793 149.188091357549 152.901987234751 162.768999735514 181.979616483053 193.597018718719 188.305815060933 184.067885080973 183.4357380867 190.350651741028 192.599733670553 187.005897363027 182.809909184774 178.960919380188 173.467079798381 163.340439399083 158.693492412567 165.783147017161 182.892600695292 175.730804602305 134.966194629669 132.127503554026 151.129861672719 176.622410615285 199.622869491577
10.015199581782 10.4275085031986 14.5746742685636 16.9437093039354 18.1650891900063 22.9390015204748 29.0956074992816 43.2217021783193 56.4735184113185 72.6674149433772 90.0253554185231 105.272978544235 122.529606024424 129.682342211405 130.860070387522 140.24755358696 140.725791454315 136.602958043416 124.944478273392 116.615762313207 119.367808103561 120.900730292002 131.28783305486 140.478452046712 142.022510369619 140.034139156342 142.301668723424 143.435051043828 150.119245052338 159.46634610494 165.723025798798 184.245864550273 187.224566936493 187.095900376638 184.206287066142 184.421420097351 186.722834904989 187.366346518199 180.797239144643 170.724948247274 164.384971062342 158.072133858999 158.409893512726 168.562293052673 178.65123351415 173.19510380427 157.508055369059 136.097093423208 141.518890857697 154.295235872269 174.966474374135 193.683564662933
16.9934295117855 12.1739332874616 7.65821213523547 2.33719420308868 1.07040877143542 9.9597554653883 21.1117540796598 26.0846937696139 35.6878712773323 43.4410125017166 58.6285293102264 75.143704811732 80.3151627381643 89.9340709050496 93.9873556296031 101.18709007899 102.675527334213 98.1569389502207 95.8272020022074 96.7921614646912 97.5300868352254 99.9899307886759 112.550596396128 123.435040314992 127.202580372492 133.346100648244 137.820641199748 139.826377232869 142.991811037064 149.991929531097 160.273820161819 182.35170841217 179.609974225362 181.838432947795 181.832730770111 180.471301078796 177.19030380249 174.492915471395 165.711085001628 157.371789216995 156.889071067174 157.463600238164 163.909653822581 174.40398534139 176.488240559896 155.052234729131 124.220142761866 122.625748316447 135.246803363164 153.229415416718 180.897037188212 194.534341494242
41.3727760314941 27.0873233675957 14.1875197490056 4.84708261986574 2.20336811617017 5.25238116582235 12.9756753643354 23.4849403301875 28.6332642038663 26.8866991003354 32.4979275465012 43.0586685736974 47.4996268749237 52.2281229496002 56.9799294074376 64.4302268822988 69.629246989886 73.7887620925903 83.6248497168223 91.6477143764496 96.8503355979919 103.710919618607 101.240555445353 110.458274682363 115.395128726959 123.940527439117 130.704462528229 134.092489878337 138.552367687225 145.134786764781 156.358897686005 171.605487664541 168.16379626592 169.249534606934 170.964181423187 171.169221401215 168.445030848185 163.745750983556 157.580534617106 157.80038634936 157.216310501099 156.591604153315 158.840795358022 161.709517240524 157.385428746541 125.902454058329 102.43758559227 114.486634731293 134.271800518036 172.132611274719 195.605635643005 197.441399097443
57.8450361887614 42.1268691619237 29.3777187665304 18.7237064043681 8.78208006421725 4.69125155359507 6.27977649370829 18.0364487071832 23.0791519085566 26.9567271073659 27.8204282124837 25.6160050630569 24.8262087504069 24.0777706106504 27.2480398416519 37.1325289209684 46.7337419589361 59.5741172631582 74.5629717906316 88.4188711643219 94.2675471305847 104.495187600454 103.652536869049 104.787369569143 107.636749744415 114.857564369837 118.537147839864 124.847084283829 132.276157538096 140.040735403697 150.02229809761 150.595406691233 142.029583454132 139.75332180659 141.310314337413 154.965698719025 155.822336673737 151.813725630442 147.39066362381 143.785158793132 139.248559872309 139.686445395152 146.267384290695 153.413395086924 152.344177166621 146.161556243896 155.387053887049 162.655800580978 175.892849763234 192.716519037882 199.738383293152 195.312738418579
71.1154441038768 57.0021768411001 42.8066253662109 33.8354632258415 22.8687226772308 8.72763122121493 4.66636257867018 0.254568372232219 11.7876206835111 22.3587676882744 26.6361584266027 26.2575720747312 26.3050049543381 24.3650550643603 20.6878955165545 23.9893073836962 31.2318578362465 40.8670902252197 56.684285402298 70.3836977481842 83.9301943778992 96.6335932413737 103.77957423528 100.536445776622 103.474716345469 103.946655988693 106.962422529856 113.504340251287 119.076291720072 128.741383552551 135.921319325765 138.875832160314 132.233043511709 125.188370545705 121.565898259481 123.505135377248 135.933816432953 141.442875067393 140.328615903854 124.939600626628 120.957811673482 129.165927569071 143.841763337453 155.781825383504 159.429411093394 164.673219124476 171.286543210348 174.378554026286 183.29393863678 184.993286927541 178.662021954854 179.707705974579
67.8894221782684 58.8957568009694 47.024592757225 35.015935699145 32.6184208194415 22.5042775273323 10.5842289825281 3.50047244379918 8.32148517171542 13.5590856273969 18.592414756616 27.3413037260373 30.8709442615509 32.4450482924779 29.277595380942 28.0177965760231 28.2269467910131 30.700812737147 39.2571613192558 49.8648087183634 63.2087687651316 74.1662830114365 84.8538676897685 88.0553523699443 91.2477970123291 93.4627155462901 93.6238169670105 94.0345227718353 98.5553065935771 112.951467434565 116.785516341527 118.8758512338 114.798009395599 112.411081790924 115.155796209971 118.128796418508 119.825919469198 123.573581377665 134.33176279068 129.836618900299 133.999645709991 142.764329910278 150.104075670242 153.23535601298 151.893854141235 153.003106514613 154.926429192225 165.27114311854 170.557816823324 166.155795256297 162.266810735067 165.637602408727
48.5117733478546 44.938733180364 37.7097253998121 30.3039227922757 27.6166101296743 26.0345935821533 19.6086242794991 14.1990507642428 8.61868758996328 6.34538754820824 10.2602591117223 18.5775260130564 28.7284950415293 36.3421489795049 45.1634178558985 42.3564960559209 35.7210387786229 32.9732845226924 33.8868573307991 36.7348194122314 42.1613256136576 47.8376001119614 57.7890574932098 65.805971622467 74.3740250666936 78.9716790119807 77.7872403462728 79.4857243696849 80.3339382012685 85.9637061754863 94.549169143041 96.6078241666158 100.106100241343 103.485564390818 107.035169998805 109.318464994431 109.249105056127 114.705185095469 121.980359156926 138.387620449066 150.045494238536 152.060081561406 153.810213009516 153.098215659459 150.391797224681 150.472581386566 158.84984532992 164.056142171224 166.288077831268 164.743661880493 163.954079151154 161.432534456253
9.29500162601471 10.3603688379129 11.6265329221884 10.0231866041819 5.71562473972638 2.20297649502754 11.5545752147834 16.078853358825 13.6193012197812 9.28728158275286 7.07650308807691 9.27632922927538 19.2409120500088 32.7581514914831 43.330654501915 41.0000880559286 39.8793493707975 35.8724668622017 32.5024301807086 30.3927982846896 31.3070962826411 32.5070172548294 36.7503638068835 46.9752450784047 56.8727751572927 65.3341859579086 67.2951688369115 65.8478289842606 71.6662655274073 73.2094297806422 71.4413225650787 77.3280461629232 92.9937859376272 94.7638551394145 95.395823319753 99.2078979810079 103.732327620188 108.619342247645 116.398404041926 131.048341592153 135.020891825358 147.89754152298 149.537146091461 148.333251476288 148.768881956736 152.721693118413 159.142176310221 159.402976433436 161.125957965851 165.023664633433 166.769603888194 162.014832099279
0.124001235235482 0.0627760988815377 0 0 0 0 1.50546229754885 6.95729193588098 16.2674921254317 15.7502417763074 11.0484138131142 7.24867482980092 9.31055222948392 18.3059511085351 31.8032503128052 36.2940157453219 42.5051848093669 41.0915414492289 36.7719853917758 31.4360608657201 28.9303809404373 28.0319551626841 28.5032490889231 34.7236941258113 41.3326968749364 48.2111871242523 50.880233446757 54.0076047182083 57.6680501302083 58.0901404221853 62.0075762271881 60.4149103164673 63.3215655883153 71.180651585261 82.7831327915192 85.1346254348755 92.5295054912567 100.836972395579 105.826457341512 120.542824268341 125.607053438822 121.536215146383 118.823965390523 117.286384105682 135.548720757167 136.09637816747 140.488624572754 146.659553050995 150.041917959849 154.223918914795 156.814922889074 155.134916305542
0 0 0 0 0 0 0 0.542197066048781 13.4698835512002 21.8681196371714 19.8494717478752 15.1068692406019 7.18028470873833 6.87740929424763 16.4682455360889 31.5763279795647 40.4567172129949 43.4587995211283 42.1669681866964 38.1942515571912 33.9649468660355 34.6536089976629 35.9068512916565 36.5940009554227 38.5871330897013 40.1427000761032 42.9223676522573 49.636110663414 50.6296803553899 50.2259780963262 50.6302416324615 53.731381893158 49.4114855925242 46.3606417179108 50.3468265136083 66.6805654764175 78.3714999755224 87.1817270914714 89.4112686316172 98.6259977022807 105.278074741364 106.673280398051 104.321281115214 105.502982934316 107.340514659882 115.38698275884 123.022894064585 125.964472691218 130.520780881246 133.117814858754 137.257128953934 140.970925490061
0 0 0 0 0 0 0 0 0 9.35759333272775 19.8913750549157 28.0773167808851 22.5412199894587 15.4037301739057 13.9780454337597 25.5340089400609 35.7153092821439 44.6504453818003 50.9337335824966 50.7810165484746 44.3035463492076 44.42265133063 43.9459433158239 42.8536534309387 44.559637705485 44.9192623297373 46.7551698287328 50.9199053049088 52.8821647167206 46.2036232153575 46.6418464978536 46.0610290368398 46.2571084499359 41.9393877188365 40.9680729111036 40.5801484982173 45.8087027072906 47.7870206038157 67.9248174031575 72.9068915049235 82.0304801066716 87.1086716651917 90.3832813103994 96.8838731447856 95.5862998962402 103.871206442515 99.9118586381276 109.592904647191 110.278387864431 110.274652640025 113.746623198191 119.041442871094
3.11190572877725 0 0 0 0 0 0 0 0 1.7189869346718 18.9481899142265 31.5420751770337 37.5742663939794 33.7501366933187 25.904876490434 25.038997332255 27.8241336345673 35.3439971804619 48.1843401988347 57.381679614385 57.0859163999557 54.2145768801371 54.4324268897374 52.3106157779694 52.0519614219666 52.8127551078796 53.0901402235031 53.7888060013453 51.7857869466146 48.23865989844 45.2942252159119 43.7642385562261 39.7478888432185 35.3287383913994 33.325582742691 34.5498199264208 29.3797105550766 28.0870348215103 35.9142820040385 39.1567101081212 46.3592559099197 51.6148706277212 57.6378206411997 61.8996520837148 67.1130667130152 74.4626373052597 83.2624932130178 89.0717804431915 86.8778824806213 93.5706496238708 100.496043761571 105.798919995626
3.59195036192735 0 0 0 0 0 0 0 0 0.297531601972878 12.655100474755 31.9220796227455 46.5329140424728 49.6918559074402 41.7480766773224 27.1417051553726 22.8223701318105 24.9018644293149 34.5541511972745 51.2807915608088 62.637984752655 62.1604820092519 64.9128953615824 60.9386165936788 57.8759461641312 58.7525616089503 58.5294465223948 58.1357330083847 55.5293013652166 51.8208841482798 45.4769482215246 45.5579211314519 39.1366928815842 32.1710060040156 28.8116211692492 24.8516350984573 18.5121434430281 14.3930564324061 16.1854028701782 19.8280314604441 26.2402122219404 28.1586100657781 27.1619608004888 29.7203063964844 40.1273568471273 49.3710140387217 60.4816178480784 69.6898400783539 74.9932527542114 74.075644214948 77.5371690591176 97.8653728961945
2.27894835794965 0.0186724973900709 0 0 0 0 0 0 0.099074076085041 0.358727760612965 0.875432665149371 21.8003615736961 35.5008964737256 48.7384547789892 50.3683686256409 43.8470741113027 40.4418855905533 33.8611329595248 27.8950780630112 35.0247224171956 52.2511899471283 64.9354755878448 70.3447113434474 67.0932779709498 64.037412405014 66.2836531798045 66.8335060278575 62.7828588088353 65.5253181854884 63.0250920852025 54.0524125099182 42.7049696445465 35.3558460871379 29.8154676953952 23.3915696541468 19.9342630803585 13.8788484036922 10.6425931056341 8.94163548946381 9.2671811580658 14.2038973669211 15.3709724545479 17.841849476099 22.2551226615906 32.6671153306961 38.1146470705668 43.4340586264928 48.1663892666499 54.7288358211517 60.6640925010045 66.7140185832977 75.4617303609848
1.18631543591619 0.103578805768241 0 0 0 0 0 0.107204628875479 1.08146830461919 1.05427182279527 6.02539380391439 14.2553274830182 26.9852379957835 41.1735425392787 53.586666782697 59.6411426862081 58.3407382170359 50.7260262966156 39.5390242338181 31.0352022449176 37.7527996897697 56.7838847637177 64.2140656709671 68.012461066246 70.8765884240468 72.3372548818588 77.8109232584635 74.9091704686483 69.4156736135483 65.0727997223536 60.9816759824753 49.1968095302582 35.9340310096741 26.1640126506488 19.1380356748899 15.2178443968296 10.257879892985 6.5326231221358 4.18289192020893 4.51157335191965 4.96961331615845 8.63136475284894 13.1018881996473 17.7278940876325 22.474117577076 31.6364939014117 34.729428589344 36.906806131204 43.328861395518 47.6899246374766 53.3427695433299 62.9238833983739
1.33966514840722 1.62776031841834 0.910359046732386 0 0 0 0.080419199851652 1.56759129216274 2.22295072550575 10.3730969130993 16.4093958834807 17.4380665024122 23.5847582419713 33.0202952027321 42.7125891049703 55.6846459706624 59.3350132306417 61.1259241898855 57.8533659378688 45.8505749702454 34.2530136307081 43.4893320004145 53.1416088342667 62.6879284779231 72.2228537003199 77.9514412085215 79.361026485761 83.6475888888041 76.2032767136892 67.0007218917211 54.7970434029897 52.5968422492345 39.161113401254 26.3147403796514 17.7440121769905 14.0457799037298 8.24472866952419 4.11041267216206 1.25853181816638 0.29193419807901 0.986212166026235 5.38524364431699 7.71770502130191 12.9233015080293 14.7112235426903 20.8605080842972 22.5096767147382 25.5334873994191 31.0789495706558 36.8301868438721 41.3776114583015 43.6658064524333
1.35546301801999 0.773114229862889 1.65801650534074 0 0 0.336833686257402 0.708201124022404 1.8778999025623 3.17518475155036 3.52126235763232 17.4087186654409 15.5523916085561 16.4155289530754 21.9925194978714 31.2964916229248 44.8816617329915 50.5199879407883 55.6413978338242 59.0925316015879 59.7572426001231 53.2280653715134 42.6647414763769 45.8919554948807 55.0402303536733 64.2394324143728 73.5675344864527 80.1588296890259 77.3979127407074 68.1096017360687 67.9084708293279 57.2286198536555 44.5396602153778 33.9458907643954 21.8832641839981 12.3515302936236 8.45269486308098 2.74214334785938 0.291774359842141 0 0 0 2.15991912409663 4.66950392971436 10.8990793426832 14.0191974739234 16.289787987868 19.2398404081662 21.1993331710498 24.6464361747106 28.1512662768364 30.3749466935794 32.8736777106921
3.2752047603329 0.450086120205621 0 0 0 0.839927466586232 0.629562069661915 2.18086658666531 3.01278258363406 3.06952185928822 12.0477812985579 11.4735526343187 10.9956189990044 12.9652582108974 16.8932179609935 28.0263051390648 38.1760522723198 43.7302490075429 50.6598899761836 62.2641295194626 67.2851552565892 59.9083701769511 58.676615357399 60.038760304451 63.2553944985072 64.2908563216527 68.9051002264023 71.4284976323446 67.2478179136912 56.4649254083633 48.3473042647044 37.817545235157 22.4273155132929 13.9717770119508 5.85777871310711 0.231613133413096 0 0 0 0 0 0 0 2.93194440503915 7.86931191881498 9.80076504250368 10.2465810875098 13.6561517914136 17.1920483311017 18.5103279848893 16.8783999979496 20.8072923123837
12.6612273355325 6.5815815081199 0.230693238942573 0.611970123524467 1.19288366598388 0.281212327536196 1.60990236327052 3.46191662053267 3.84885755678018 3.29977460205555 4.28161956369877 9.48185846209526 9.19651302198569 6.96629658341408 11.4532622198264 20.2441389362017 30.5830786625544 37.8094166517258 45.9025253852208 56.7407806714376 62.7533545096715 73.0720659097036 79.0828317403793 77.9132197300593 72.5872814655304 63.5885049899419 59.8513086636861 61.1376265684764 61.692347129186 48.10531437397 32.24878013134 19.5406700174014 12.7094946801662 2.19337859501441 0 0 0 0 0 0 0 0 0 0 1.85625751813253 2.27128310749928 7.3759276419878 9.09160946806272 9.2376172542572 11.1612156033516 12.9218014578025 12.6335484286149
41.738619407018 35.549799601237 15.6197970112165 9.00640711188316 6.19241533180078 2.18640097106496 5.04956487566233 5.49188194175561 4.62229705105225 3.78424239655336 9.04022033015887 11.0557737449805 11.7400822540124 11.5283454457919 12.4701373279095 17.2542507449786 25.5285451809565 33.499002456665 39.7906849781672 41.9334173202515 47.1426695585251 58.9597125848134 69.1420088211695 73.5068718592326 74.5523273944855 67.8414106369019 60.9390437602997 51.4307618141174 55.2750726540883 37.0353311300278 18.2327007253965 7.07401583592097 0 0 0 0 0 0 0 0 0 0 0 0 0 0 2.42303280780713 3.64714053769906 3.73124765853087 7.49155320227146 7.38704949617386 7.69941198329131
