input/barkrak2/radiation/dir36124.grid
NCOLS 85 
NROWS 70 
XLLCORNER 665100 
YLLCORNER 4664600 
CELLSIZE 20 
NODATA_value -9999 
[rows 46 to 68 of 70, columns 0 to 51 of 85]
44.7721829017003 46.2889571984609 48.7121045589447 50.7010320822398 50.4840910434723 50.351083278656 52.2433420022329 54.0014455715815 51.0121633609136 49.8509655396144 49.0512698888779 48.6685733000437 45.4086363315582 42.6618009805679 42.6880816618601 45.431246360143 44.1976338624954 39.1997620463371 43.3966070413589 42.3147777716319 39.9924765030543 40.4973700642586 40.2928118904432 38.5660802324613 45.8946526050568 42.840247352918 43.9073542753855 44.2072649796804 43.6306148767471 42.996734380722 41.9990370670954 39.2771909634272 38.2803156971931 38.1469850738843 40.4620816310247 41.3857897122701 42.6041831572851 46.6450452804565 48.4267075856527 45.7010517517726 44.0277755260468 41.2112548947334 46.6031134128571 50.8108884096146 43.7201857566833 19.6468258897463 0.16542652156204 0 0 0 0 0
39.1963198781013 41.3969407478968 46.5294718742371 47.9558010896047 51.4773180087407 53.0016223589579 51.18461449941 51.025132338206 51.1468152205149 53.8970728715261 51.1525521675746 47.9106406370799 46.5743939081828 47.0933516820272 45.3389883041382 44.3532268206278 43.6810851097107 37.0081265767415 41.1357084910075 41.7566398779551 39.1464432080587 40.122111638387 42.3983037471771 37.5809421141942 40.2406305074692 40.9491062164307 38.7173816561699 41.3493638237317 43.2896067698797 42.0272250970205 42.7785416444143 42.4033403396606 38.4635652105014 40.6952028473218 50.5422204732895 53.5439054171244 49.5056211948395 44.1475212574005 46.641543507576 51.7591337362925 46.6032723585765 41.3105015953382 49.1420328617096 53.0781596899033 48.7299263477325 33.951535820961 7.24770252903302 0 0 0 0 0
32.9191610217094 35.9009255965551 40.7489662369092 43.757160504659 49.9063829580943 53.2507598400116 50.3542174895604 48.7997432549795 52.723636229833 54.8020700613658 53.1510959068934 49.6793886025747 48.61914118131 49.474577109019 47.351747751236 42.8015639384588 42.4087593952815 37.5524635116259 40.7852008938789 43.7265932559967 42.5803164641062 43.2460109392802 45.0718551874161 41.9537723064423 39.2923305432002 42.1574761470159 41.1595900853475 44.9831585089366 49.9389221270879 51.7347951730092 54.7653138637543 55.9475719928741 47.4484811226527 48.088937997818 55.5026084184647 62.390148639679 61.0503355662028 51.8533090750376 46.5947538614273 51.0812451442083 45.9265559911728 40.5832330385844 40.747011701266 40.745014945666 39.9607966343562 37.362997730573 28.9167066415151 0.943896515915791 0 0 0 0
31.9566677014033 30.0870835781097 34.0606098373731 41.1885778109233 46.3689565658569 49.359401067098 51.847701271375 54.4185986121496 55.8021515607834 52.9199540615082 54.6345462401708 54.9263854821523 52.1497925122579 49.8758504788081 48.0392773946126 44.5785770813624 43.0456201235453 41.2710358699163 44.265478849411 47.2022593021393 48.6767689387004 48.7656493981679 46.4783012866974 47.8261659542719 43.1575129429499 45.0572619835536 47.3863383134206 51.6472806533178 57.6444417238235 64.4021580616633 69.7732120752335 69.6390718221664 62.5739991664886 56.1440090338389 55.6900749603907 57.1131507555644 63.2508744796117 59.2158536116282 50.9570986032486 44.3153530359268 40.1518493890762 40.8042122920354 40.3563057382902 37.9628191391627 33.5798189043999 35.3786001602809 21.3514119386673 6.03165167073409 0 0 0 0
32.1601380904516 35.283533235391 38.6123408873876 44.2991505066554 44.5958723624547 45.078511039416 52.483061949412 57.2875440120697 57.2819411754608 57.1853617827098 57.2104702393214 56.9468488295873 53.9726465940475 50.2498249212901 50.2005318800608 53.3257027467092 46.9269007444382 47.2116023302078 48.7688879172007 52.1978735923767 52.5004863739014 50.675759712855 48.5919813315074 47.9289789994558 44.5661296447118 48.9619274934133 51.565945148468 55.2228540182114 58.4453443686167 70.7821696996689 76.5613714853923 79.0642251571019 70.5853799978892 60.3148390849431 44.2496140797933 46.1437255144119 55.4755628108978 63.6051992575328 55.596058567365 42.1063005924225 36.8399769067764 39.9020314216614 44.5402711629868 40.7953535517057 36.7652177810669 35.0449159741402 19.3957661588987 9.49962064623833 0 0 0 0
32.9089760780334 42.8116619586945 44.9314663807551 46.0085719823837 44.0880556901296 43.6688711245855 50.9407917658488 56.0676058133443 55.9369126955668 60.6238593657812 58.6622655391693 57.9114556312561 55.9265712896983 51.9735763470332 52.6045213143031 57.8710287809372 51.5620708465576 49.9728123346964 48.2838253180186 49.2293139298757 49.5850543181101 48.7086474895477 48.6440608898799 45.3882267077764 43.13891629378 44.4668531417847 48.390398422877 48.5332707564036 52.7548044919968 59.6497108538946 69.7326511144638 78.9848814407984 71.6415097316106 54.4033795595169 17.0890130102634 16.6665141781171 22.7142423391342 48.1547117233276 54.743617773056 57.3606938123703 51.6653309265772 45.2574690183004 36.6507495443026 36.1241375406583 40.3019661704699 35.4436089595159 19.3080740670363 13.9984115958214 0.055342922375227 0 0 0
36.1650834480921 34.7764094670614 33.9841196934382 35.9765614072482 41.7474011580149 46.6074049472809 47.4392672379812 52.8672337532043 52.8013010819753 57.3152403036753 57.7146311601003 59.6076995134354 59.391920765241 55.3492506345113 53.7232557932536 52.7393867572149 54.60058649381 49.3543843428294 44.4470594326655 42.5603737433751 42.3150310913722 44.5235868295034 45.4600552717845 41.2342598040899 41.7968928813934 39.1094361742338 39.8062666257223 41.9346342484156 41.5546024839083 43.8490609327952 48.0411847432454 62.1260106563568 59.7431013981501 33.1017225980759 13.5680126647154 7.09230763216813 7.75925194223722 15.0690587858359 36.0372935732206 52.244171500206 54.8208753267924 47.502671678861 34.2005615433057 31.0739750663439 32.6091175278028 22.445410490036 18.8323619465033 28.5731082161268 13.9060753087203 0 0 0
38.4593953688939 29.9066429336866 28.0693421761195 32.6472992698352 42.5995290279388 50.1513431469599 49.8984704415003 51.0212779045105 53.4105896949768 53.9454817771912 55.9763709704081 58.4468692541122 60.2639317512512 59.0507239103317 55.7670493920644 53.1647155682246 55.9515058994293 49.9892135461171 46.2688704331716 46.2660888830821 45.8763986825943 44.378196199735 42.6852206389109 40.8353805541992 40.1619399587313 38.5518545905749 38.0327850580215 37.1202901005745 36.5467791755994 35.4436884323756 28.6311556895574 34.575010339419 35.6840093930562 19.802534331878 14.9879480401675 7.8465777138869 1.22717667060594 0.273571815341711 6.78590995570024 20.3545913100243 41.5562242269516 37.9343753059705 32.5435921549797 23.5365132490794 18.6750491460164 19.6220800280571 17.7426300942898 34.2744141817093 40.8549631635348 23.0946888526281 1.01536931470037 0
38.5766079028447 33.7078447143237 32.001905143261 36.7291917403539 44.8789745569229 51.5550275643667 54.263840119044 50.8520901203156 55.0087292989095 53.8419683774312 57.1579933166504 59.0845843156179 60.1736456155777 62.0322674512863 57.8095018863678 57.9622884591421 57.9967747131983 53.7600417931875 50.7356971502304 51.3064563274384 50.7825613021851 46.9661255677541 45.4179247220357 44.7570284207662 43.3500458796819 42.3818131287893 39.6774684389432 37.0434323946635 32.6448753476143 28.5676792263985 22.7835650245349 26.9413342078527 34.674401084582 36.8835454185804 35.1173207163811 25.369718670845 8.00895815094312 1.12886688051124 0.57832015833507 4.27678879350424 17.090767621994 20.7272072633107 17.3535024126371 12.3024756709735 12.0834348102411 16.7483364542325 18.4168356160323 19.2024372518063 37.0738357305527 40.7003834843636 24.7889111439387 0.0102116124859701
41.4148370424906 40.08965442578 37.0297307769457 36.1082802216212 41.2886291742325 50.8657495180766 52.2915621598562 50.570160150528 52.5299261013667 57.4462910493215 63.2860362529755 63.6837979157766 62.3294562101364 62.8521690766017 60.8496367931366 60.6110294659932 61.3457262516022 59.4922254482905 54.646040002505 52.3280253012975 49.9335130055745 48.9792029062907 50.3338426351547 52.8164207935333 47.8590379158656 46.2829321622849 38.2526914278666 32.6702495416005 27.3190985123316 24.1644332806269 25.0634948412577 30.3082317113876 38.3222649494807 49.0482300519943 53.9622555176417 52.3576637109121 38.0403449138006 25.5222022533417 14.8896438380082 3.78272123634815 8.26423366864522 16.7188507815202 17.215333878994 12.243527919054 11.8304540713628 25.6614089012146 42.7701820929845 36.4732692639033 31.6888069113096 36.920686562856 16.8483182787895 5.95551667114099
43.776532014211 43.2022114594777 42.204812169075 39.1916707158089 40.4110079010328 48.5442578792572 50.4568417867025 50.5583683649699 50.8123934268951 59.3820760647456 66.7854249477386 65.582220753034 61.2954248984655 63.9063815275828 65.338189403216 59.6503367026647 62.0014369487762 59.9041084448496 56.516021490097 54.1093895832698 53.3281813065211 54.7457635402679 52.064855893453 50.3486792246501 47.7297107378642 42.5019363562266 26.9534488519033 4.18438017368317 3.22770948211352 10.8282354970773 22.0921089251836 28.2446518540382 36.6322845220566 43.7750269969304 54.4590850671132 57.901273171107 56.6082696119944 49.3159343798955 36.7129097382228 20.1057915886243 9.67697302500407 16.8238406380018 33.2721993327141 33.6815242966016 28.6366045475006 45.1766550540924 64.8346245288849 57.4509700139364 37.5149175524712 24.7146338224411 12.332946062088 6.97481073439121
42.7553753058116 40.9709761540095 44.350321094195 45.3468958536784 43.222447236379 45.6013282140096 50.5525469779968 51.269660393397 51.6321410735448 59.0569823980331 65.127357840538 63.6204381783803 59.5970054467519 62.8162026405334 66.1459962526957 57.7615698178609 59.1415812571843 58.0671181281408 56.7875852187475 57.7426354090373 58.6161514123281 58.7073067824046 55.5174897114436 49.2283503214518 48.773318529129 44.7038461764654 29.3267369270325 13.3258774876595 12.8835141658783 19.6951863666375 27.1248569091161 31.9432864586512 44.8617537816366 54.2760789394379 64.6425386269887 58.5900247097015 55.2987853686015 20.49246057868 20.8827132980029 21.4150299628576 21.1564674973488 34.397932390372 38.2834275563558 19.9373736977577 15.1146873831749 18.7298096716404 26.5624870856603 44.9648747841517 30.4082979758581 20.8289101719856 14.4205912947655 10.098888228337
32.714307308197 39.4282018144925 42.643333474795 45.1531161864599 45.2795177698135 42.2756969928741 50.6139695644379 53.9033512274424 54.8108865817388 59.5231801271439 61.5263481934865 60.5962773164113 60.4797899723053 59.2804501454035 60.6298794349035 57.3242207368215 54.7997504472733 58.027038971583 59.6543451150258 61.4532430966695 63.2332066694895 59.7746918598811 57.8226546446482 53.6189625660578 51.8945703903834 51.5142480532328 46.4710046847661 40.7409816980362 41.0284126798312 41.5266280372938 38.2399410009384 37.7892603476842 49.85444744428 66.2005841732025 46.8942026297251 42.4994726975759 24.8874475558599 9.94006109734376 3.1049270182848 6.51538744568825 7.37405630449454 24.6601079901059 41.0889039436976 35.1408918698629 24.025097489357 25.0211780269941 37.3526215553284 41.364423930645 38.8299077749252 32.8159059087435 27.1834979454676 26.0908603668213
24.3818784753482 37.2354636589686 40.740080177784 43.5554484526316 46.3213274876277 42.8224951028824 46.3560918966929 53.329144914945 63.2320443789164 64.6235446135203 60.0596716006597 58.0766350030899 59.8812202612559 59.7158869107564 59.8116119702657 57.5289825598399 54.4380992650986 57.034025589625 55.8290332555771 53.0229806900024 55.1761537790298 54.0583779414495 54.3411125739416 52.9638379812241 54.741233587265 59.3149811029434 66.6204492251078 66.6231513023376 55.8442572752635 53.0668298403422 42.6805714766184 34.9357003966967 43.3509101470312 40.7493164141973 17.5908207893372 11.8509617944558 11.1836244662603 6.12276916702588 0.330414700632294 0 0 10.6174536049366 35.3400458892187 53.6105781793594 55.1036496957143 58.9794268210729 55.9975306193034 56.0950736204783 56.3673923412959 46.2891757488251 36.3216996192932 45.4290459553401
26.15770449241 34.6982950965563 41.2149553497632 43.4204737345378 44.7490861018499 45.128270983696 39.9281506737073 48.5637634992599 66.7097469170888 66.0399347543716 58.1239759922028 55.4164250691732 57.8926851352056 61.6580446561178 60.6321940819422 57.7703615029653 56.9554666678111 55.1490833361944 49.0587502717972 43.0182665586472 43.0865585803986 46.2082078059514 46.8624283870061 51.2262483437856 53.1730751196543 59.9623123804728 74.571281671524 79.9114803473155 61.128631234169 50.463726123174 41.5919820467631 29.4445926944415 28.5253375768661 34.0645189086596 16.2290359536807 8.46316913763682 9.33197761575381 13.8171712557475 7.37864896655083 0.392103916965425 0 1.27138399208585 17.8076401352882 37.7513046065966 43.576717376709 40.7404253880183 42.3448085784912 43.2878484328588 40.6453932325045 42.2808180252711 42.5919095675151 73.742335041364
36.373515923818 39.0523200233777 40.994035700957 38.1872455279032 33.0817475914955 29.5355791846911 36.2613449494044 42.2626286745071 50.7188538710276 46.916385491689 42.5182531277339 49.3220736583074 56.8983256816864 58.8691035906474 55.0544361273448 56.8393021821976 57.2478771209717 52.0440091689428 44.9925859769185 40.0157645344734 39.8641551534335 40.721928079923 43.4313913186391 47.2544928391775 48.2169141372045 53.6118050416311 64.7173672914505 73.8039910793304 61.411773165067 47.4365254243215 36.0723286867142 26.8579050898552 16.0867025454839 37.1821199854215 34.2651133735975 15.4224348564943 15.3371120492617 36.5139444669088 38.320613404115 25.5112002293269 4.84472109625737 2.15504644438624 9.68233620127042 15.9922316670418 14.8924117287 16.4005880554517 18.6047094563643 20.6311146418254 20.1177634298801 35.7239047686259 54.8981328805288 105.268865823746
46.7722366253535 43.6631937821706 40.231021742026 33.923181394736 25.2075393994649 19.9570258458455 28.2794584830602 29.040202498436 20.6078911821047 17.3293190697829 29.8707857728004 39.8294801513354 45.824870467186 49.6638218561808 52.7940442164739 62.2619440158208 65.0591999292374 57.0954034725825 49.1276880105337 46.048308412234 43.6527828375498 43.7427858511607 44.6457217137019 42.7987923224767 44.9306219816208 47.4555939435959 57.1944812933604 58.2877000172933 54.4496774673462 36.4873657623927 35.4913224776586 31.6338539123535 27.7681698401769 44.8320160309474 51.2471993764242 40.0990694761276 30.7188605268796 18.7394159535567 20.8780442674955 28.7316888570786 16.1294862627983 7.86022841930389 9.39674489200115 9.82300937175751 5.16538415104151 6.16300975282987 12.6978705326716 14.5360802610715 15.4743194580078 35.8164459466934 78.6962658166885 120.713214079539
49.370750784874 43.2372192541758 38.8406043251356 35.3520562251409 28.9116005102793 23.7371077140172 20.3566526373227 15.1565099755923 2.16392629469434 9.80565076073011 25.353583196799 35.433108607928 35.2094521125158 42.3608720302582 54.907888174057 69.9575493733088 75.3284692764282 68.5697694619497 60.7285549243291 57.0483605066935 52.3587316274643 49.9506692091624 50.4318674405416 45.751894513766 42.6008601983388 43.7148908774058 41.9857849677404 44.8801616827647 43.1787272294362 29.6349028746287 28.7171776096026 29.2898267507553 18.8812936345736 41.2259896596273 66.4345771074295 69.4487641255061 44.9934254089991 13.3348703384399 10.3561300784349 15.0866831342379 15.4784210026264 13.4321500857671 14.4120852152507 13.5926169653734 7.52317284544309 4.6827644109726 10.120648269852 14.2584964632988 24.9297867218653 47.7465093135834 108.803739150365 139.624327421188
51.6245514154434 46.6439922650655 45.396700501442 46.3822533686956 43.3370620012283 37.5960941116015 32.9890350500743 33.3244825402896 32.170149187247 37.6884192228317 44.9427366256714 50.0894635915756 50.3575255473455 45.9332962830861 55.6493898232778 70.448766152064 80.1888803641001 80.5496474107106 73.7072924772898 64.511701464653 58.8241467873255 55.0742497046789 52.9998689889908 54.4408907492956 48.2675135135651 38.556270301342 32.2961881756783 35.638357202212 36.3294730583827 35.7260828216871 15.7325528562069 16.0409957170486 12.9280239343643 20.3779712319374 72.9464044173559 83.0991814533869 51.9973586002986 16.763512045145 5.71358328064283 5.79379995663961 8.46068871517976 6.39364744226138 14.8334714273612 18.7031924724579 27.5281642874082 11.7704893151919 12.4497003853321 30.2185043692589 53.6173234383265 95.7085788249969 127.412269512812 140.587747097015
52.3772786060969 49.7665107250214 49.923782547315 51.2735148270925 50.6908396879832 47.3111172517141 47.100951274236 54.3766717116038 70.0261692206065 65.9392674763997 57.5324247280757 58.7159097194672 64.0572210152944 52.6093542575836 53.7085930506388 61.7379397153854 69.3270613749822 76.6811072826385 77.6027540365855 71.0974633693695 65.6797587871552 59.6012522776922 56.9810370604197 54.095134139061 46.0428794225057 37.7544164657593 26.5247722466787 27.7283564209938 30.3720310330391 15.6113381187121 11.208629856507 9.54439242680868 5.59290622671445 2.43641389533877 66.440761089325 84.5831135908763 65.9620116154353 53.7578960259755 24.316613872846 2.28662866478165 0.0278341418985898 0 7.48631358146667 30.1779806613922 36.4502345522245 27.6868715882301 26.4522060751915 47.3883201678594 101.723978916804 144.646247227987 138.634314139684 126.997808615367
51.6133507092794 48.4184672435125 43.2114700476329 38.8935208320618 39.1395961244901 40.987936158975 41.0261477033297 52.1083772182465 61.6224308808645 57.2125812371572 48.5540082057317 47.8559831778208 58.3162009716034 54.3263653914134 50.89038113753 49.4018693765004 50.4554808139801 57.3857525984446 67.1186447143555 71.3101377089818 67.2346899906794 61.431035399437 55.5570026238759 50.3044625123342 44.1039105256399 35.7337246338526 26.2844165166219 16.0048479835192 26.7835706472397 20.7621132334073 11.1866816878319 6.68782368302345 1.11412769183517 0 0.0216419769761463 74.8251030842463 81.7544957002004 91.95343653361 73.780948917071 27.5004059076309 1.74862689649065 0 1.66044586027662 16.1364252368609 41.5674795707067 60.107946395874 79.9403091271718 128.432591756185 168.092370033264 178.31814289093 163.628290096919 132.344832022985
53.657203912735 51.6886860132217 46.1199333270391 39.7032424807549 38.2516657312711 40.9004638592402 34.0869377056758 31.9819202025731 33.6933533350627 30.6579768657684 23.8617608944575 21.5602144598961 25.3669867912928 41.896641254425 48.7527151902517 43.2702898979187 32.4320097764333 29.2528967062632 40.4860327641169 59.4231635332108 61.2714737653732 56.1773677666982 49.6609508991241 46.9595690568288 40.9486691157023 35.5187729001045 29.4197226564089 7.96179597576459 12.5259260336558 32.5191418329875 16.6814004381498 10.3235095739365 3.27946121493975 0 0 53.9474884668986 94.133714834849 108.496963977814 94.9673851331075 66.4054751396179 34.5641300082207 6.99177943170071 4.55178630848726 20.7741955916087 50.0766237576803 110.872745513916 150.777836640676 180.556495984395 189.493417739868 188.796162605286 179.289003213247 151.516695817312
55.2917023499807 55.2242298920949 52.7593791484833 49.3841767311096 47.5675264994303 46.8516051769257 32.4920664230982 19.5618731280168 19.9118790527185 21.7835307121277 19.3135539690653 16.8541707098484 17.950693766276 38.2188012202581 51.3568868239721 42.0295149087906 25.2652540802956 13.6053624252478 16.6567315657934 30.2468637625376 40.665606657664 44.3056424458822 44.851948817571 38.4619558850924 34.1842100024223 29.728685816129 11.2683934470018 5.75486508508523 9.13966198762258 35.5281233787537 43.9475725094477 37.124569217364 18.3205045759678 0 0 32.0375884572665 87.3916844526927 95.6722696622213 77.0069509744644 73.9796956380208 78.3594598372777 62.8998875617981 41.6524931788445 55.7105541229248 105.897476275762 149.646103382111 172.491947809855 183.429777622223 185.220321019491 182.799299558004 177.904903888702 156.368951002757
