input/barkrak2/radiation/dir32224.grid
NCOLS 85 
NROWS 70 
XLLCORNER 665100 
YLLCORNER 4664600 
CELLSIZE 20 
NODATA_value -9999 
[rows 0 to 22 of 70, columns 0 to 50 of 85]
75.661351283391298 91.9477740923564 108.776738246282 135.748972495397 144.466479619344 147.068520387014 146.374434232712 144.18042699496 142.280638217926 145.591874917348 146.28408352534 142.534176508586 136.515041192373 137.233257293701 137.309362490972 123.965581258138 111.439764499664 100.409309069316 100.172410408656 100.310961405436 107.112288475037 125.430295864741 147.74555961291 151.683151721954 156.141738096873 166.325757900874 164.857437213262 155.389229456584 148.330469926198 149.925917387009 146.087934573491 166.962703069051 202.385544776917 198.332269986471 196.85818751653 188.578347365061 196.75342241923 208.913266658783 207.917769749959 206.98602994283 198.40939839681 206.935703754425 212.098479270935 202.930390834808 190.494159857432 197.899699211121 204.888999462128 166.049927473068 110.659857590993 106.460054715474 128.935396671295
49.2827296257019 63.3808225393295 72.2840478022893 87.5358680884043 101.431985696157 114.964922269185 131.791035334269 146.422733863195 150.060892105103 149.694502353668 148.674597342809 144.015918175379 138.885229825974 138.963997364044 139.039595921834 126.412073771159 118.262231349945 108.286678791046 105.662206808726 103.711018959681 116.598943869273 139.516482750575 154.345244169235 159.144302209218 165.16982515653 170.587499936422 166.812817255656 157.920728127162 152.023981014887 151.745428641637 152.368098497391 175.759037335714 200.221498807271 193.642795085907 191.422045230865 189.78097041448 196.987152099609 203.547199567159 196.665426095327 198.002199331919 197.59605328242 203.076442082723 198.412656784058 187.623858451843 182.246168454488 194.649934768677 195.517738660177 145.8953221639 117.846777041753 128.280818462372 157.40305185318
24.6051996946335 31.9275110960007 37.9906495412191 46.075294415156 55.7221273581187 64.5346442858378 75.4597187042236 98.5368589560191 109.862595796585 121.07061346372 142.343779404958 145.432313283285 147.865156332652 149.447103341421 151.198893785477 151.517570018768 145.649413267771 135.276138782501 121.014167865117 115.362763404846 125.177552302678 141.844570636749 152.233362197876 154.520303010941 158.381640911102 161.520381768545 162.278811136882 158.392508824666 154.975305000941 159.344136714935 168.530782063802 188.323537508647 200.145761171977 194.931407769521 190.725266933441 189.962983131409 196.848452091217 201.644857724508 196.207543214162 191.625972588857 189.010202884674 181.162476539612 171.312133471171 166.241268316905 172.068337599436 189.367214838664 181.132157643636 139.710267384847 137.166708707809 156.264384587606 182.463844617208
13.6306062340736 14.8907626668612 17.4067355692387 20.2147488792737 23.3277852336566 29.5443907380104 35.4112237691879 50.1345743735631 66.3227339585622 81.7714432875315 100.043972333272 123.446802298228 135.18304626147 144.456565380096 154.005000988642 160.252143939336 157.343884309133 145.727813243866 129.548589388529 122.720420360565 123.995194832484 125.568687915802 135.945349931717 145.129283269246 146.676560242971 146.500587463379 150.422473748525 157.017469406128 158.756991227468 165.457427501678 171.707113583883 190.73224067688 193.822860717773 193.731804688772 190.82369407018 191.069722175598 193.369011084239 194.006502628326 185.194432735443 177.350997924805 172.475973765055 166.426420211792 165.172894795736 176.266709963481 189.977884292603 184.663653373718 164.573083321253 142.989158630371 146.714270114899 159.667233626048 180.8273990949
24.2167289058367 15.3776196142038 10.704480111599 5.72261462608973 5.29538591702779 13.1949310501417 24.5361626148224 34.5015997687976 43.0431663990021 48.8872230052948 64.6700362364451 85.4625006516774 97.3698496818542 103.914360205332 110.698759555817 109.309047460556 108.952303727468 110.145469506582 112.087388833364 114.186624685923 112.863093614578 110.581209262212 125.777214765549 131.876230239868 137.901524702708 143.714795509974 145.22115389506 149.904072284698 156.7129890124 160.121152798335 166.460653146108 186.759034792582 186.283826828003 188.539286454519 188.455839951833 187.107066313426 183.900038401286 181.214133898417 172.328213850657 163.863102595011 163.337131341298 163.797318935394 171.728452046712 184.095700581868 184.736311435699 163.165996472041 128.976037104925 127.389927705129 140.446186065674 158.529072999954 186.990698178609
43.7488506237666 31.1679542064667 17.2679548462232 6.79956190288067 3.70779819786549 7.00215622782707 16.6990136106809 27.6058291395505 36.482830842336 35.2426022291183 40.6004264950752 47.900065779686 54.0035466353099 59.8107526699702 62.2259080410004 68.466454744339 73.9648888508479 81.2136083841324 91.0624464352926 98.8119641939799 104.598740736643 111.232767502467 113.737811644872 117.581814527512 124.366949001948 130.873501300812 137.48903075854 140.805929899216 146.460433801015 158.816476662954 173.592706521352 183.776577313741 177.990436553955 178.898950417837 178.10312906901 178.043087323507 177.351276079814 172.472715377808 164.086739222209 164.308657248815 163.724134365718 163.020660479863 165.278991063436 169.865210851034 165.010035037994 130.671411752701 109.468042850494 120.053340991338 139.662047227224 177.516619364421 200.738648573558
62.6778453588486 45.5059508482615 35.3390698631605 23.0130553245544 11.0983662307262 6.46192952990532 8.67384485900402 21.2153593699137 27.7891059716543 34.2561006546021 33.7626188993454 32.3180382450422 30.8241869012515 29.7782172759374 30.8340415358543 39.4596109787623 49.2292145888011 63.2015367348989 80.882320801417 91.1260147889455 101.319879293442 111.005266507467 110.755264759064 111.791382233302 116.424034039179 120.069513718287 125.72048107783 130.113273859024 135.746399561564 146.821081638336 158.579270044963 169.952094554901 162.915865580241 159.609178702037 160.99688410759 161.930402119954 162.684549887975 158.523897329966 155.724287033081 150.216559569041 145.548005898794 145.930131276449 152.595202128092 159.834673007329 158.435791730881 153.705328702927 162.342975536982 170.449435710907 186.300456523895 199.748694896698 204.655289649963
74.185108145078 59.73814924558 51.1969973643621 40.7190869251887 27.7466823657354 11.6123308738073 6.45340606570244 0.378159573301673 13.5226448376973 25.3000284234683 32.0950398842494 30.2056173483531 27.8240864475568 26.8949195742607 22.4083711703618 25.4450490077337 33.6412241061529 44.1038211186727 59.2794915040334 76.5100320180257 88.320920864741 101.226280132929 110.435585180918 107.595970233281 108.445276816686 110.893934965134 115.795145432154 118.696788946788 124.38377737999 133.878817160924 143.310656150182 143.593629201253 136.826465527217 132.222513357798 134.994298219681 142.385909954707 149.801045656204 149.76159731547 146.740297476451 130.995690822601 128.090262413025 135.305404663086 150.310297807058 162.398278713226 165.888200203578 171.013295650482 179.588953653971 184.440414110819 191.758672396342 193.282961845398 190.248012542725
70.9703614314397 61.6574585437775 49.4182805220286 44.9218302965164 34.8577822248141 27.2639443476995 14.3278824786345 5.37939183413982 11.0675953328609 17.2382928431034 24.3533700704575 29.8141116897265 33.4724634885788 35.1556986570358 32.0353657007217 30.3392658631007 29.804860552152 33.159576356411 41.7643239100774 54.8892219861348 67.2526359558105 78.4240414698919 91.4261639118195 94.6061710516612 97.8576044241587 96.6387093067169 96.7982908089956 100.798775752385 107.166906197866 117.976208527883 123.79863858223 123.746663331985 120.460410912832 118.139564990997 120.95519900322 124.033788839976 130.569209655126 141.227722167969 142.174343268077 136.038432518641 141.92408323288 151.183207829793 159.049928188324 162.154118220011 158.444186051687 159.36557451884 161.353210608164 171.824177106222 179.427981376648 179.093877474467 170.788327852885
51.3095011313756 47.4272171656291 41.8254683415095 35.9336336453756 31.2021002173424 30.7744195063909 24.2888232072194 18.4198779364427 11.4570297300816 7.87323402861754 12.0619672040145 21.8126699328423 34.2678378025691 44.3191279967626 48.4340488910675 45.6730624039968 37.1005733807882 36.4221135775248 36.410021285216 39.3324544032415 45.6618666648865 51.4367570479711 61.6325090328852 69.8266675074895 79.0703147649765 82.1476777394613 82.3464145263036 82.5943648815155 86.6288542747498 98.8350510597229 99.2656350135803 100.163718064626 103.644589583079 107.067594925563 112.706929445267 115.07111787796 114.974449078242 120.589216550191 138.053864240646 146.110852559408 156.506458918254 161.137521266937 160.527974367142 159.815768400828 158.835301796595 158.633708953857 165.441294511159 170.821030934652 172.998110453288 173.441767692566 172.928333282471
14.2163895070553 14.5850901802381 15.5395256976287 14.2245590686798 9.97571336726348 10.2253345151742 13.3009950319926 17.1722347537677 14.8946916063627 10.9631270170212 8.78132693469524 11.1126154661179 21.5268085400263 34.0742593010267 45.5558001995087 43.3447311321894 41.7603552341461 40.1394491394361 35.8623911937078 33.6542849739393 34.492348631223 35.9955231348673 40.0369167327881 50.9681403636932 62.9274894793828 69.4808959960938 70.4361995061239 70.1259622971217 75.9763866662979 77.3971080780029 80.6564390659332 90.7588998476664 96.5051253636678 100.154449542363 100.837250550588 104.740113019943 108.15151532491 112.368782361348 122.391959031423 144.177913665771 157.030324141184 159.611811240514 156.240065892537 155.08633852005 155.38011988004 159.338235855103 168.20764541626 168.638030687968 167.873740196228 171.731531620026 173.468828201294
0.751139828935266 0.933055998757482 0.22211632070442 0 0 0 1.70185463503003 9.24780468146006 17.4894904096921 17.666240533193 12.8622824947039 9.0903677046299 11.3304667174816 20.712914566199 34.6414918700854 39.2493531107903 44.3311432997386 44.9193120002747 40.0213127334913 34.8064973950386 30.8761745691299 30.6974997123082 31.5815831224124 38.8264606396357 45.7538266976674 51.9229223330816 55.4561962683996 58.0047468344371 61.6197089354197 64.5826508601507 65.8387194077174 68.963423371315 76.8605967362722 83.3809773127238 86.3472918669383 90.3285543123881 98.0093876520793 106.552004814148 111.734052499135 126.828640699387 132.096042235692 136.100312074025 143.022725979487 140.445530414581 142.02814300855 142.572373151779 147.074490785599 153.363207976023 159.248451391856 160.992244879405 163.539826869965
0 0 0 0 0 0 0 0.950859083483616 14.5455872019132 21.9787160555522 21.9897106289864 16.8381196757158 8.81340603033702 8.9329710851113 19.2150237659613 34.5507860183716 43.6658958594004 48.1758415699005 46.2895333766937 41.8470650911331 37.2155979275703 38.233811656634 38.743702073892 40.7773852348328 42.3130492369334 43.6645497878393 45.9135522445043 52.7284344037374 53.5922944545746 53.1100481748581 55.9463798999786 56.5361678600311 52.0125329494476 57.4771910905838 68.6938365300496 75.395256280899 83.5299789905548 92.6610430081685 94.9569543202718 104.474484920502 109.003901481628 110.405673583349 112.815946340561 116.320341825485 127.993404865265 129.920810461044 129.381150007248 132.425159215927 134.726504484812 139.724383751551 143.86706550916
0 0 0 0 0 0 0 0 0.442024786025286 12.3006018499533 26.2068957090378 30.5862451593081 25.036724905173 17.8679848710696 17.5881584485372 29.9892798066139 38.8521899779638 49.4366337855657 55.4825613896052 55.3713540236155 47.8400637706121 47.2618043422699 45.9652145703634 47.3385949929555 49.1091509660085 48.5980361700058 50.5998283624649 54.6798557043076 56.7343831062317 49.7369170188904 49.3947317202886 52.7648826440175 48.4000643094381 45.8285709222158 46.0478564103444 52.3689885934194 66.7514105637868 73.6807435750961 82.9299688339233 84.1262737909953 87.7096553643544 92.6066040992737 96.1723426977793 102.897097667058 103.768448034922 116.143435239792 125.007857879003 118.093947569529 116.431891918182 116.444657246272 119.94069814682
4.38645978768667 0 0 0 0 0 0 0 0 3.0438769608736 20.4614972074827 33.2538783550262 44.1686511039734 39.4234905640284 28.0683264136314 26.6166776418686 30.051551759243 40.3769065936406 54.0747990210851 61.182826757431 62.3732407887777 60.2626999219259 58.3547552426656 56.2396744887034 55.1117956638336 56.7563871542613 57.1602632602056 56.8738480408986 54.7626068194707 51.235352953275 48.0822722117106 47.6773679256439 42.1247581640879 41.8156683444977 39.9527003367742 39.0742073456446 36.7282157142957 38.4236226479212 43.1126405795415 53.642397125562 59.6259931723277 63.1757279237111 67.8088515996933 71.8979686498642 80.1365127166112 91.2166039148967 100.750356912613 118.675698836644 113.70383699735 106.362630923589 107.964853445689
4.77383378893137 0 0 0 0 0 0 0 0 0.630085278923313 14.0837592383226 33.235805730025 48.5740602016449 53.1114637851715 44.0373569726944 30.0450300176938 25.0182052453359 27.8586323062579 39.465144276619 56.1001847187678 67.8594758113225 67.290981610616 67.8286850452423 65.0997261206309 61.0293199618657 63.858558734258 64.9461597204208 61.3798648118973 58.660015463829 54.7038118044535 52.0867506663005 48.2424596945445 41.5584792693456 35.3970055778821 30.7258442044258 26.5874266624451 19.9580987294515 19.7810592750708 22.1711049477259 26.774858434995 27.6576826969783 34.4999581575394 37.5914623339971 41.7123287916183 50.8608520030975 59.7379753986994 71.7563480138779 80.3253004948298 85.9565635522207 97.8832046190898 103.438248236974
3.14081398149331 0.121624073168884 0 0 0 0 0 0 0.384933548048139 0.732243293896317 1.00210852300127 24.4039023915927 44.0760751565297 52.0471731821696 56.5580228964488 50.2565950155258 43.8267191251119 36.3552421331406 31.6135237614314 39.9424359202385 57.0470541715622 69.0673291683197 73.269580801328 72.5471675395966 67.168116569519 69.5979694525401 70.0568358103434 66.2462115287781 68.0023729801178 65.3611719608307 56.8174223105113 45.1848556598028 42.0746356248856 33.4011986851692 26.4092981815338 21.5345099568367 16.2013806402683 12.568075209856 12.5720898310343 16.2896712621053 17.9952519635359 20.9164544939995 22.6884335279465 26.4730403820674 34.3188568949699 41.5584097305934 50.6560206413269 55.6846459706624 64.7187779347102 70.8501189947128 77.6392767826716
1.79179819921652 0.398361318123837 0 0 0 0 0 0.436263042502105 1.31105724722147 2.63661860177914 7.19811084369818 16.6588972012202 28.7742391228676 44.3852692842484 55.9122661749522 62.1138761440913 62.1456454197566 54.4093201557795 43.0301328500112 33.1129680077235 42.2183126211166 63.0715986092885 69.5786575476329 73.5971033573151 76.4341503381729 79.3087333440781 81.2021344900131 78.171228369077 72.4716285864512 74.9782224496206 63.3113632599513 51.3886660337448 38.1200710932414 28.0099163452784 23.0960597594579 17.7511597673098 12.2605177263419 8.12487490475178 7.13418548305829 6.88251542548339 12.3492280642192 15.5088466902574 16.3972042500973 19.9821119507154 26.4921883742015 36.2936109304428 43.265571196874 45.5312232176463 50.5298922459284 54.8431575298309 63.0894998709361
2.01213732361794 2.50574744616946 1.7254843066136 0 0 0 0.244706985540688 1.84283747027318 2.79907571772734 12.2575300435225 17.7871423463027 19.5930997530619 26.3601293166478 35.1888587077459 48.1017033259074 58.1523428360621 61.8736147880554 63.8003448645274 63.2180869579315 50.5230575799942 38.2836610078812 47.2495158513387 57.1032762527466 68.0735210577647 78.0928532282511 84.2180252075195 82.6030572255452 87.9655679066976 80.2705436944962 69.9158608913422 60.9159171581268 55.2596350510915 41.4297233025233 29.5510838429133 20.4178566733996 15.3047740459442 9.14668664336205 5.18200111885865 2.57841171696782 2.76957886914412 6.49920602639516 7.89173754553 15.3685845434666 20.0715425113837 20.699309806029 27.8874859213829 31.4988618095716 36.1138979593913 37.2170880436897 42.8756425778071 45.9815263748169
2.08882490793864 1.45466408381859 2.37907065699498 0 0 0.799825725456079 1.28177033426861 2.66276920835177 3.46930914868911 5.18153297404448 18.7825622657935 18.5063617924849 18.9484891792138 24.108424782753 34.3449438611666 47.4218328793844 52.5003522634506 58.3001971244812 63.3719762166341 63.9739433924357 56.3998868068059 47.1000721057256 50.4706203937531 59.1387351353963 69.8929776748021 78.824703892072 82.6223939657211 82.3355366786321 78.1567643086116 72.6755360762278 59.8739484945933 47.2847123940786 41.3200706243515 25.0491102536519 21.1164951324463 13.2403783500195 5.23101973036925 0.828721094876528 0 0 1.13853043876588 7.03727143506209 11.2093463540077 13.9923617243767 14.8407270510991 19.946213811636 23.0534424384435 23.7267389893532 27.3225978016853 32.6808765530586 35.0041737159093
4.39390478034814 0.947842529664437 0 0.142456139049803 0 1.25155807472765 1.21141799415151 2.48744292184711 3.29004973173141 3.31238719324271 14.3120822807153 13.8527030746142 12.7708961566289 15.2224227786064 21.5363328655561 30.2813798189163 39.5172784725825 46.3344256083171 55.6547542413076 66.4554536342621 72.9349354902903 62.9128317038218 62.9234512646993 65.1933997869492 67.7508513132731 71.6478526592255 76.5327115853627 74.6766229470571 69.4628953933716 59.0953975915909 56.2742253144582 41.643055776755 25.4290873805682 15.2671113610268 6.70640667279561 0.606464532514413 0.101360725238919 0 0 0 0 0 8.08560724059741 9.64265937606494 15.5714390178521 19.3646276990573 20.1663871606191 22.7294415235519 23.7352003653844 24.8432904481888 25.7050842046738
15.9170491000017 8.65315770109495 0.993685331195593 2.15452257543802 2.75531100730101 0.774394332741698 2.36617696161071 4.5259182030956 5.04786831637224 4.486920312047 9.07943149407705 11.545496682326 10.8721069991589 9.2904157936573 14.0784208973249 22.4663689732552 32.1430414915085 40.3724784652392 48.6756016810735 59.6000552177429 69.2977656920751 78.9048175017039 82.1731885274251 82.7563355366389 75.7906933625539 68.7996645768483 67.3133929570516 64.4379357496897 66.2109802166621 52.2445638974508 37.1729855736097 22.503986954689 14.8320272564888 3.08529225488504 0 0 0 0 0 0 0 0 0 3.7928686166803 8.01624357700348 10.8680389821529 10.4393921792507 15.0695157547792 16.599362095197 16.9664199153582 15.9687014917533
45.3582455714544 39.0834088126818 18.5588064293067 11.9483843445778 8.98269315560659 3.47127423932155 6.6439180324475 5.88264005879561 4.952530687054 4.07419353723526 12.048851698637 12.4532580375671 14.2392913500468 14.0304354329904 14.6529463430246 19.8071325818698 28.5494302709897 38.4060392777125 42.5005704164505 44.6782211462657 50.0637988249461 63.5550320148468 72.2055186827977 78.1789720058441 76.8804003794988 72.4555949370066 64.1967058181763 54.7706931829453 58.8354567686717 39.267805715402 20.7247696816921 8.57532334824403 0 0 0 0 0 0 0 0 0 0 0 0 4.13421758761009 7.01974456508954 7.69210420548916 8.99856972197692 9.19295847415924 13.1021092335383 12.918879588445
