input/barkrak2/radiation/dir35924.grid
NCOLS 85 
NROWS 70 
XLLCORNER 665100 
YLLCORNER 4664600 
CELLSIZE 20 
NODATA_value -9999 
[rows 46 to 68 of 70, columns 0 to 52 of 85]
44.4602270921071 45.9796686967214 48.4044849872589 50.3375977277756 50.1703818639119 50.0298589468002 51.9128491481145 53.6553760369619 50.6801108519236 49.685075879097 48.6991951862971 48.3219176530838 45.0690637032191 42.3262615998586 42.3448284467061 45.0258652369181 43.8351531823476 38.8524482647578 43.0478751659393 41.9669648011525 39.6429051955541 40.1484121878942 39.9121890465418 38.2014860709508 45.5097655455271 42.4824307362239 43.5572812954585 44.2758947610855 43.2770550251007 42.6428864399592 41.6561563809713 38.9419943094254 37.9462763667107 37.8202199935913 40.1461323102315 41.0626977682114 42.2633687655131 46.9093471765518 48.7068643172582 45.3135172526042 43.6311811208725 41.2140438954035 46.2447454531988 50.4057953755061 43.3565477530162 19.4324851036072 0.136294741726791 0 0 0 0 0 0
38.8987809419632 41.1084964871407 46.236331264178 47.5787073373795 51.117867231369 52.6814758777618 50.8469492197037 50.6822913885117 50.8163173993429 53.5400857528051 51.0165592034658 47.5667963425318 46.2341755628586 46.7484494050344 45.4078863064448 43.9657866954803 43.3251907428106 36.669559776783 40.8023868997892 41.4140671491623 39.309931298097 39.7531713048617 42.0041580994924 37.2160797317823 39.8817658424377 40.5905519922574 38.3917167782784 41.372279326121 42.9450472195943 42.0768658320109 42.8324937820435 42.0528004566828 38.1384020050367 40.3465107083321 50.1506725947062 53.1304577986399 49.1152256727219 44.3577220042547 46.9093819459279 52.3170530796051 47.0310499270757 41.5788143873215 48.7566689650218 52.6559849580129 48.3473440011342 33.6678276459376 7.09083117544651 0 0 0 0 0 0
32.6398139198621 35.6223036845525 40.4683500528336 43.4824973344803 49.5981276035309 52.8611242771149 50.0416407982508 48.483818769455 52.3908386627833 54.6383410692215 52.9647171497345 49.3364830811818 48.2704341411591 49.1088777780533 46.9925453265508 42.4621601899465 42.0631716648738 37.2129951914152 40.4469842712084 43.3819442987442 42.7538504203161 42.8591966629028 44.6672489245733 41.5707975625992 38.9214009046555 41.7872071266174 40.7889137665431 44.6243782838186 49.5465646187464 51.3419359922409 55.0459126631419 55.5273791154226 47.0666587352753 48.4186311562856 55.0536612669627 61.9109670321147 60.5806608994802 51.4331310987473 46.1679399013519 50.6227364142736 46.2880631287893 40.8195406198502 39.4925946990649 40.4158979654312 39.6500279506048 37.0205839474996 28.6148190498352 0.889171147719026 0 0 0 0 0
31.6763644417127 29.8163890838623 33.7123274803162 40.9163509805997 45.9151268005371 49.055094520251 51.5425304571787 54.0210157632828 55.4595490296682 52.5837143262227 54.4545253117879 54.5757512251536 51.7899294694265 49.5243420203527 47.6862142483393 44.2378968000412 42.6988552014033 40.917381644249 43.9139405886332 46.8343695004781 48.263077934583 48.3449995517731 46.0651814937592 47.4212865034739 42.7711357673009 44.6662604808807 46.9590276479721 51.2446810801824 57.9664458831151 63.9408628145854 69.2650328079859 69.1203425327937 62.1110747257868 55.6731422742208 55.2300661802292 56.587407986323 62.7197523911794 58.7056775887807 50.4984656969706 43.9167569080989 39.7977754473686 40.4416471719742 40.1408274968465 37.6659904917081 33.2735627889633 35.0364123781522 20.9896738330523 5.90117524067561 0 0 0 0 0
31.8815261125565 34.9909588694572 38.3250837524732 43.9209838708242 44.3084885676702 44.5705850919088 52.1722386280696 56.9621374209722 56.8741261959076 56.8049053351084 56.867058078448 56.5575261910756 53.6227027575175 49.9076942602793 50.163467725118 52.9589951038361 46.5716421604156 46.8363364537557 48.3952065308889 51.8124600251516 52.8099288543065 50.243025024732 48.1657385826111 47.5191523631414 44.1794047753016 48.5528906186422 51.0958184798559 54.7835727532705 57.9836865266164 70.2671458323797 76.0226746400197 78.5033007462819 70.054625471433 59.8354041576385 43.7906136115392 45.661856730779 54.9532572428385 63.0649228890737 55.1163852214813 41.7390018701553 35.5028385917346 39.5167345801989 44.1571176052094 40.4163052638372 36.4162921905518 34.7126772006353 19.074476013581 9.32483499248823 0 0 0 0 0
32.6291273037593 42.5808529059092 44.5635964473089 45.727883776029 43.8160846630732 43.3899064858754 50.6307482719421 55.650716026624 55.610845486323 60.2799157301585 58.2510530948639 57.5741628805796 55.5798560380936 51.6273428996404 52.2462924321493 57.5025578339895 51.6123871008555 49.5849152406057 47.9130397240321 49.474502603213 49.7967998186747 48.3310421307882 48.2243845860163 44.9992914994558 42.751873532931 44.0653016169866 48.9032318194707 48.0668147404989 52.3172666629156 58.0780903498332 70.3083276748657 78.4344772497813 71.1159954468409 53.9936125278473 16.7793594300747 16.3712290426095 22.3255306482315 47.6634403069814 54.1963825623194 55.4024477799734 51.1855483055115 44.8212474584579 36.2890486915906 35.777322947979 39.9127329389254 35.0821862618128 18.9949609339237 13.759491344293 0.0462664756923914 0 0 0 0
35.8718906839689 34.4887028137843 33.7845534086227 35.7226729393005 41.3217693567276 46.322504679362 47.1453617016474 52.556057771047 52.4902492761612 56.8679720163345 57.2396020094554 59.1597855091095 59.0518563985825 54.9493978420893 53.7038097778956 52.3905952771505 54.2374501625697 48.9778220653534 44.0873354673386 42.2186553478241 41.969175140063 44.1408753395081 45.0595716635386 40.8704951405525 42.1769917011261 38.7355039517085 39.4243746995926 41.5201509992282 41.1543448766073 44.1412130991618 47.5960324207942 61.5699390570323 59.3256553014119 32.716895143191 13.3298722406228 6.95156926910083 7.60019446412722 14.7913421193759 35.5854680140813 53.2286713520686 54.2725771665573 48.0590959390004 33.8499794403712 30.7450592517853 32.2257230679194 22.078645726045 18.5315534472466 28.3355663220088 13.7253105640411 0 0 0 0
38.1621321042379 29.6393583218257 27.8060212731361 32.3400696118673 42.3255066076914 49.8655041058858 49.6014008919398 50.7203241189321 53.1577865282694 53.6332329114278 55.6648125251134 58.280939857165 59.8023782173792 58.7026377518972 55.3758045037588 52.769015232722 55.5889656146367 50.0633964935938 45.9154148896535 45.9092656771342 45.5143799384435 44.0151542425156 42.3014461994171 40.4785325129827 40.4823149243991 38.1863241394361 37.6639092961947 36.7260898152987 36.1712301770846 34.6059078971545 28.3173943559329 33.7535018722216 35.4104290405909 19.4738532106082 14.7345984975497 7.69661739468575 1.17500824853778 0.267865640732149 6.71707714597384 20.004041492939 41.0866464177767 37.510280807813 32.1753273407618 22.3332097133001 18.3578270177046 19.305519759655 17.4572691321373 34.0113192796707 40.5639807383219 22.8638822833697 0.936689864223202 0 0
38.2793098688126 33.4270199139913 31.7276517550151 36.4319682121277 44.595996538798 51.2683093547821 53.9704461892446 50.5611399809519 54.7098815441132 53.5339613755544 56.9488853216171 58.7559640407562 60.0070208311081 61.683863401413 57.4041306972504 57.5532019138336 57.6310555140177 53.3884515364965 50.3643254439036 50.9333709875743 50.410141547521 46.6001530488332 45.0226465861003 45.0890411933263 43.6698695023855 42.0017639795939 40.1012649138769 36.6723810633024 32.2940746943156 28.2453075051308 22.797221938769 26.5116294225057 34.4183295965195 36.6217146317164 34.8594337701797 25.1422574122747 7.87054126461347 1.07100295523802 0.539212604053319 4.21341756979624 16.8119395772616 20.3864673773448 17.0653897027175 12.0895008246104 11.8763769666354 16.4794263740381 18.1166852513949 18.5077153146267 36.7946897943815 40.3813719749451 24.5331029097239 0 0
41.1123633384705 39.7909035285314 36.7427219947179 35.827691356341 41.0625214378039 50.5792945623398 52.0113756259282 50.2891093492508 52.2337257862091 56.9946020841599 62.9602571328481 63.3546411991119 61.9993458191554 62.5659475723902 60.4872554540634 60.5710248152415 60.9062711397807 59.1118534406026 54.7860264778137 51.9589881102244 50.0053614377975 48.609917362531 49.9103168646495 52.3708562056224 47.4550674359004 45.8852003018061 37.8565341234207 32.3329841097196 27.013786137104 23.9165872335434 24.6781011422475 30.0086016456286 38.054200510184 48.7237672011058 53.5789082447688 51.9745846589406 37.669892112414 25.2435952425003 14.6663462122281 3.68626353641351 8.10720833639304 16.4431768159072 16.9351063668728 12.0346695184708 11.6240854064624 25.4367341597875 42.4903978904088 36.1989984909693 31.4234445492427 36.4452997843424 16.5546499192715 5.80503170688947 0
43.4670994679133 42.8998569647471 41.9035951296488 38.926012814045 40.119302769502 48.1016884247462 50.1785129308701 50.0829170147578 50.5422800779343 59.0599030256271 66.2798831860224 65.2572413285573 60.9811792771022 63.4337564309438 64.9703145027161 59.2858294645945 61.6386036078135 59.4740609327952 56.0992608467738 53.6846419175466 52.9606839021047 54.362083474795 51.6396711270014 49.9181896448135 47.3362157742182 42.1261638402939 26.9759049018224 4.05497662723064 2.98720132559538 10.2633982896805 21.8399365743001 27.9619048039118 36.3626877466838 43.4783448775609 54.079199830691 57.3825240135193 56.0638109842936 48.7876286109289 37.8948127230008 20.5277701218923 9.49759657184283 16.5428010125955 32.9607948660851 33.4193383653959 28.297687570254 44.8527236779531 64.3730461597443 57.1225434541702 37.2361938158671 24.4783734281858 12.0950986941655 6.8152379244566 2.00355177124341
42.4469212690989 40.6713609894117 44.0509617328644 45.044332742691 42.9189850886663 45.1900064945221 50.074631969134 50.7886310418447 51.3336658477783 58.7302496035894 64.808597167333 63.0464355150859 59.2899719874064 62.4902894099553 65.7963653405507 57.3298086722692 58.6868226528168 57.7041506767273 56.4183990160624 57.7222655216853 58.2264910141627 58.3044787247976 55.1289319992065 48.8431106011073 48.391729593277 44.8458194732666 29.1233584284782 13.1271953384082 12.6713141798973 19.428551197052 26.8057510256767 31.633215645949 44.6472465991974 53.8981258869171 64.1710162162781 57.9939981301626 54.7269781430562 20.1288138826688 20.5323000748952 21.0643460353216 20.2346319953601 34.0419337153435 37.9020844896634 19.6034846206506 14.848751326402 18.4063774844011 26.1202802260717 44.6451604366302 29.1890352964401 19.9589096009731 13.8965571920077 9.91777082284292 11.6836056113243
32.4339816967646 39.1499325633049 42.3532426357269 44.865811864535 45.0262973705928 42.0499891042709 50.3361026446025 53.6292294661204 54.5027057329814 59.1937651236852 61.3503903150558 60.3771855433782 60.1877917846044 58.9615205923716 60.3101601203283 56.8562000989914 54.4719894727071 57.5874000787735 59.2746734619141 61.0687335332235 62.8418823083242 59.9540968736013 57.4247489372889 53.2308618227641 51.4970372120539 51.1352121829987 46.4511265357335 40.7902399698893 40.634552637736 41.1070634921392 37.8409946958224 37.431093553702 49.4645088911057 65.7542397578557 46.3537573814392 42.0173158248266 24.4806657234828 9.76994447410107 3.0301713074247 5.97793112198512 7.22274308403333 24.3001058697701 41.5730873743693 34.8818699518839 23.8012770811717 24.7917249798775 37.0657965540886 41.0672376553218 38.5523388783137 32.5521528720856 26.9403904676437 25.8422220746676 45.9779600302378
24.1296117504438 36.8742222587268 40.4691497484843 43.2373185952504 45.9951857725779 42.5248096386592 46.0836191972097 53.0735303958257 62.921017408371 64.1046166419983 59.5707048972448 57.8088561693827 59.6054047346115 59.0009192625682 59.4973862171173 57.222177584966 54.1100800037384 56.6179305315018 55.8498154083888 53.0440161625544 54.8122028509776 54.2030483484268 54.4488330682119 52.56454149882 54.3320824702581 58.9146912097931 66.1760518948237 66.1120762427648 55.3482472896576 52.5841812292735 42.26882259051 34.5638319849968 42.9562479257584 39.1983265678088 17.2926882902781 11.652983725071 11.0060125589371 6.02227201064428 0.242230754035215 0 0 9.84395667910576 34.9227537711461 53.1463871399562 54.5755128065745 58.5212856531143 55.5782069762548 55.69788813591 56.0380766789118 45.9884256124496 36.0427772005399 45.1131661732992 89.0968640645345
25.8979002634684 34.3207667271296 40.9282570083936 43.1869526704152 44.451783100764 44.8519736528397 39.6729583541552 48.3006636301676 66.4358784755071 65.7469878594081 57.880570491155 54.7683984041214 57.2928935289383 61.3507727781932 60.3315432866414 57.4716478586197 56.6406349341075 54.8102160294851 48.6738582452138 42.6990886529287 42.7564283212026 45.8647857109706 46.489824851354 50.8406162261963 52.7622749408086 59.5413645108541 74.9526570240657 79.3392012516658 62.0648215214411 49.9772528807322 41.2056793769201 29.1162033875783 27.3936440547307 33.8157465060552 15.9677440921466 8.3281546831131 9.18516827126344 13.6566919585069 7.24996440112591 0.358500711930295 0 1.25104437271754 17.5030554334323 37.2949639956156 43.0730978647868 40.262944996357 41.9077277183533 42.8457806507746 40.245088438193 41.9898877541224 42.2919491926829 73.364535967509 109.109938144684
36.1717542012533 38.7625694274902 40.8160413304965 37.8879557053248 32.8752125302951 29.0692796309789 36.1484413345655 41.9991115729014 50.144836306572 46.2363014618556 42.370135585467 49.1278966267904 56.6548009713491 58.1043610970179 54.7662874062856 56.3311874866486 56.9395124912262 51.72465244929 44.6854680776596 39.7055670619011 39.5540545384089 40.4026582837105 43.0829425652822 46.8784471352895 47.8308250506719 53.2105167706807 64.2561763525009 73.2845465342204 62.1793766816457 46.9907025496165 35.6920411189397 26.5659193197886 15.7993460694949 36.9235003987948 34.0256839990616 15.1788406074047 15.0850638747215 36.140501499176 37.9122744003932 25.2298067013423 4.72245551645756 2.07915545130769 9.49925556778908 15.7145895063877 14.6288052201271 16.111080845197 18.284964064757 20.2830297251542 19.777350127697 35.4513575633367 54.5605520407359 104.848136504491 119.838654994965
46.4579959710439 43.3570295572281 39.9276490012805 33.6386809746424 24.9547064304352 19.7267358501752 28.0703405539195 28.7092179059982 20.40704463919 17.2423782447974 29.70057229201 39.6326258778572 45.5676515897115 49.3992070357005 52.0319690306981 61.9674324989319 64.7303909063339 56.7751030127207 48.814982175827 45.8214183648427 43.3232287565867 43.4098144372304 44.2865192890167 42.4276093641917 44.5602387189865 47.0517724752426 56.7798515160879 57.8374067942301 54.0104458729426 36.1480042338371 35.1193025708199 31.3019702831904 27.4777462085088 44.5407927036285 50.9622246026993 39.8366724451383 30.4754972457886 18.413245677948 20.5185686548551 28.3850679794947 16.136921942234 7.69439960519473 9.21672272185485 9.64488958319028 5.05749570826689 6.10378198325634 12.4709904193878 14.2841686805089 15.2033343911171 35.5411221583684 78.3108323812485 120.285123586655 125.879506270091
49.0537385145823 42.9351031780243 38.5468751192093 35.0612650314967 28.6767482757568 23.5101232926051 20.1547009249528 14.9485046664874 2.07426554212968 9.63128792742888 25.1897995670636 35.077969233195 34.9542945623398 41.9525255759557 54.6097854773204 69.4777270158132 74.9839395284653 68.2364950577418 60.4162216186523 56.700736284256 52.0083407560984 49.9820907910665 50.4475583632787 45.9462503592173 42.2165344158808 43.3174173037211 41.5931418538094 44.5140898227692 42.826920747757 29.353308180968 28.3845712741216 28.9518187443415 17.8449625770251 39.7115101416906 66.1141177018483 69.1147347291311 44.7049041589101 13.1000143786271 10.161946217219 14.817430327336 15.1985734701157 13.1839103996754 14.1603661080201 13.3621916174889 7.37631507217884 4.56873575846354 9.93162766098976 14.0080824494362 24.6950834989548 47.4293728669484 108.375449975332 139.186720053355 140.866279602051
51.2996713320414 46.3327616453171 45.0879534085592 46.075960000356 43.0205961068471 37.309837838014 32.7190409104029 33.054456114769 31.9002245863279 37.4204243222872 44.7096973657608 49.5707194010417 50.0881324211756 45.6388841072718 55.3263425827026 70.1104650894801 79.8424730698268 79.9530595541 73.2528219620387 64.15127714475 58.4569672743479 54.7154545783997 52.617534995079 54.0464222431183 47.8717734416326 38.1840666135152 31.9462517897288 35.3153795003891 36.027729511261 35.4191189010938 15.4454559087753 15.7543495297432 12.6859818895658 20.0230106711388 72.600116332372 82.7516714731852 51.7030855019887 16.4854725201925 5.59304344157378 5.66658253471057 8.28995866080125 6.20988570153713 14.1593913237254 18.3905735611916 27.290865778923 11.5458940466245 12.2203454375267 29.9643576145172 53.2878736654917 95.2932635943095 126.982748508453 140.191266934077 143.885592619578
52.0499994357427 49.4419236977895 49.6033827463786 50.9574065605799 50.3869454065959 47.0014164845149 46.8165576457977 53.9001872142156 69.5441017548243 65.6334012746811 57.2477777798971 58.4601114193598 63.801830013593 52.3025542497635 53.3602933088938 61.6191426912943 69.0039644638697 75.9741862614949 77.2506544987361 70.7219292720159 65.4410322507222 59.224396944046 56.6101372241974 53.6967813968658 45.6501146157583 37.4080662926038 26.2153223156929 27.436171968778 30.1136747002602 15.323252727588 11.0020314653715 9.36596281826496 5.46732172369957 2.41356715559959 66.2535180648168 84.2318336168925 65.647155046463 53.4540514151255 24.0956718722979 2.21552901590864 0.00926369951533464 0 6.85172155499458 29.3715770045916 36.1798256635666 27.4411588907242 26.2104496359825 47.0775415500005 101.294974486033 144.163052241007 138.201296329498 126.598179340363 130.516231060028
51.2884755929311 48.0989267428716 42.9006516933441 38.5991930961609 38.8924876848857 40.6917656461398 40.7885362704595 51.8496831258138 61.3680928945541 56.928758819898 48.2823451360067 47.6146439711253 58.0839216709137 54.04165883859 50.5467901627223 48.9455213149389 49.928938349088 57.0746858914693 66.7562186717987 70.9306796391805 66.9675022363663 61.0582729180654 55.1896989345551 49.9377201000849 43.7449663877487 35.395547747612 25.9951502084732 15.7548524439335 26.5387967228889 19.9069219330947 10.988786816597 6.55727709333102 1.06009134712319 0 0.0286583235720173 74.4901647170385 81.4133236805598 91.5893018245697 73.4327932198842 27.2688766320546 1.68831289435426 0 1.63734114418427 15.8492128054301 41.2770037849744 59.7646733125051 79.5567284027735 127.964109182358 167.578180631002 177.804907162984 163.156688213348 131.940027077993 116.143643856049
53.3274610837301 51.3879358768463 45.8075304826101 39.4053384661674 37.9583239555359 40.6030267477036 33.8158731659253 31.7655677596728 33.4926048914591 30.462180574735 23.6685896913211 21.5661277373632 25.2275367577871 41.6491429011027 48.446183403333 43.5021569331487 32.1187029282252 28.897854189078 40.1027128100395 59.1286470492681 60.9473536411921 55.8264553546906 49.3089258670807 46.8576848506927 40.6116768717766 35.1868396004041 29.1386892398198 7.77633115649223 12.2817233204842 32.2709282239278 16.400915880998 10.1346950978041 3.17891625066598 0 0 53.7542253732681 93.771497408549 108.071784178416 94.59055463473 66.0756528377533 34.2997262875239 6.62460985283057 4.42910039176544 20.5565566817919 49.7556825478872 110.430002212524 150.281349817912 180.029590924581 188.968678315481 188.272376855214 178.784350554148 151.073515415192 122.90945649147
54.9740493297577 54.9221734205882 52.4643808603287 49.0589042504629 47.2523222366969 46.5344687302907 32.2151432434718 19.3386835356553 19.7145740191142 21.4750195542971 19.0831323464711 16.6325122117996 17.7223558227221 37.9304364323616 51.0589629411697 41.7003234227498 24.9888996283213 13.3904330432415 16.4306213458379 30.0336281458537 40.376290678978 44.0019468466441 44.5179690917333 38.1272236506144 33.8857298096021 29.4652978579203 11.0344924032688 5.612896134456 8.69600350658099 35.2692057689031 43.6609635750453 36.8546893199285 18.1082958976428 0 0 31.8719198306402 87.0205163955688 95.2996810277303 76.6692956288656 73.6401577790578 78.0015935500463 62.5496904055277 41.3528953989347 55.3754021724065 105.463782946269 149.148176113764 171.969532966614 182.907481988271 184.699614842733 182.275414466858 177.390356858571 155.904501676559 141.617029905319
