input/barkrak2/radiation/dir30824.grid
NCOLS 85 
NROWS 70 
XLLCORNER 665100 
YLLCORNER 4664600 
CELLSIZE 20 
NODATA_value -9999 
[rows 22 to 43 of 70, columns 0 to 49 of 85]
61.8750353654226 55.4608106613159 33.1678986549377 27.0700703064601 23.4296570221583 10.8618227144082 18.1043905516465 12.3072192072868 11.0424309968948 9.90283985932668 20.5532734592756 21.68141802152 25.3639370203018 25.3355428576469 26.5901361902555 32.4177891016006 41.6816025972366 52.8723448514938 59.4745576381683 62.8830542167028 67.4822976191839 81.3853840033213 94.4441755612691 98.1284976005554 99.4126200675964 93.664546807607 86.1283143361409 80.2603463331858 72.7548847595851 56.5080195665359 29.8416465520859 15.7849850753943 1.39297234515349 0.00892328656239746 0 0 0 0 0 0 0 0 0 5.95974549651146 16.1628909409046 25.9142319361369 29.628150165081 31.1944087346395 36.0209022959073 37.2809022665024
95.9302286307017 85.0481887658437 50.6120622158051 32.9377700885137 27.7600288391113 29.6941647926966 28.0052969853083 16.5863111615181 9.87338336805503 9.47441346943378 23.3178585767746 25.3144204616547 29.3473998705546 34.9392568071683 32.6010261972745 33.186304072539 39.9385541677475 50.8518268664678 55.836021900177 49.4739413261414 49.418181180954 53.243820865949 65.274844566981 77.3262828588486 84.9745869636536 85.1811369260152 80.1813304424286 64.3557806809743 55.6560506423314 22.6710289716721 17.6893373330434 8.65045189857483 0.012748314475175 0 0 0 0 0 0 0 0 0 0 10.8013475934664 13.9954214294751 20.032608260711 27.1408061186473 27.7376373608907 33.4206571181615 38.9081165194511
95.2720046043396 91.129203637441 68.3921426534653 37.0494847496351 20.7691366473834 29.8249175151189 28.3128346006076 25.706281264623 21.2690060337385 13.6207900941372 21.4123179515203 23.2161432504654 25.9516711036364 32.140739262104 32.2833533088366 32.2950631380081 37.9585151871045 47.7337588866552 55.6930402914683 48.1582581996918 47.2328513860703 43.8768019278844 52.4621506532033 61.3802075386047 66.6374067465464 67.7715837955475 65.5295004447301 56.1074515183767 37.5609795252482 16.5603632728259 10.945837944746 8.76263156533241 0.264552829321474 0 0 0 0 0 0 0 0 0 0 18.3948973814646 17.9484859108925 23.8988151152929 27.7715573708216 27.1973138054212 27.6109526554743 28.1775792439779
81.4189265171687 86.2386425336202 79.3924033641815 47.5172897179921 20.8626041809718 29.7696739435196 35.7199261585871 43.6024169127146 43.3258910973867 35.9245464205742 29.0211488803228 32.3758572340012 33.0317517121633 38.8193130493164 39.9025157094002 34.6384371320407 37.9223475853602 46.408012509346 53.4992615381877 57.3622981707255 58.7230374415716 54.4737627108892 52.072137594223 51.4906992514928 55.2201916774114 58.1061740716298 53.456371029218 52.5696029265722 31.3543925682704 26.5635872880618 23.1820245583852 28.7230586012204 22.2623695929845 0 0 0 0 0 0 0 0 0 0.120986388841023 20.7747283081214 19.2750158409278 16.2409606079261 17.3726541300615 20.6768537561099 24.5636577407519 20.1285444200039
80.1335275173187 85.5800807476044 83.6503406365712 57.4380606412888 34.7286015748978 43.7909464041392 55.9822171926498 65.3873483339946 72.7907419204712 65.8578972021739 47.5993653138479 48.9693780740102 46.6932555039724 50.6102045377096 50.5659977595011 42.5249735514323 39.1250004371007 49.6890842914581 56.8671325842539 68.9731985330582 69.2547063032786 67.3021624485652 59.224526087443 53.9571146170298 54.7859321037928 57.1550478537877 52.3353715737661 58.8231931130091 53.9404253164927 52.5506188472112 58.5909535487493 77.874963482221 86.6517921288808 65.565084417661 0 0 0 0 0 0 0 0 10.712169110775 15.7752533753713 7.84974979857604 9.17007712026437 8.42339918017387 12.3547166585922 14.122153321902 14.490220695734
81.8730046351751 80.566018819809 80.8495034774144 63.6613070964813 62.0140383640925 65.9370472033819 77.1698951721191 81.6475699345271 84.5481852690379 78.9212783177694 59.5929125944773 52.5690664847692 51.7753958702087 52.0466367403666 55.7446132103602 51.4192581176758 46.0577408472697 53.0345688263575 65.1482592026393 72.1503794193268 68.8533385594686 61.6367359956106 59.2064956823985 60.6531401475271 61.5132202704748 62.3321682214737 59.3635489543279 69.2652215560277 85.2981607119242 90.1175638039907 95.7642197608948 103.763600190481 114.44295446078 121.294518311818 75.7116725047429 2.90389421085517 0 0 0 0 0 14.1196772456169 13.9294701317946 4.31193752835194 0 0 1.31122581660748 3.66071922083696 9.66911825040976 12.8322839736938
84.8376552263896 73.3377387126287 74.1376479466756 67.0402596394221 82.2824935118357 81.1847547690074 81.5595537424088 76.0311683019002 71.8856155872345 61.4595909913381 53.4576773643494 46.4744071165721 50.1300940910975 53.0960857868195 56.8661640087763 61.3272736469905 53.69500319163 51.8352786699931 62.6209477583567 64.7764106591543 62.9038959741592 56.0532410939535 56.927944223086 63.0158285299937 67.0759429534276 63.6471807956696 64.7517740726471 70.5078293879827 93.098262945811 106.442332267761 115.846027930578 121.532648801804 129.104167222977 131.550629933675 122.05578883489 47.6746807495753 0 0 0 0 0.481522448050479 6.51743573447069 12.1714683870474 0.467329208428661 0 0 0 2.01141989479462 2.52585935716828 5.57925986746947
85.5759084224701 67.6414171854655 68.3014889558156 73.013573884964 82.666739821434 80.126831928889 67.5830592711767 51.3236671686172 40.3554166356722 34.1285516818364 33.6562246084213 36.2339069445928 44.9908673763275 53.5307923952738 56.8206955989202 64.3426477909088 61.9919498761495 49.1379449764887 53.0754129091899 56.6973735888799 55.8648407459259 56.1511665582657 56.9122930367788 62.891885638237 69.4376627604167 67.0836518208186 70.2876498301824 71.3981787363688 87.0263775189718 110.136200984319 126.085062821706 133.240630229314 134.233315785726 134.878585735957 142.208049694697 123.530119657516 41.193222006162 0 0 0 0 0 0.878095161169767 0 0 0 0 0 0 0
83.7919513384501 85.0109060605367 106.660723686218 139.51031366984 115.409483512243 86.0231518745422 57.734340429306 35.4361856977145 25.2455249428749 28.089851140976 25.6441806753476 25.6831770141919 41.6411757469177 53.7856121857961 63.2324119408925 69.6709056695302 67.0931587616603 54.5522421598434 54.0625403324763 58.5165917873383 55.4714550574621 59.2115571101507 62.0392709970474 64.5062824090322 71.7631032069524 76.6107787688573 76.035072406133 78.0015488465627 89.9954040845235 115.279018878937 133.876899878184 138.437688350677 135.807891686757 143.475393454234 153.41771642367 156.771798928579 128.731369972229 67.548006772995 10.8902032176654 0 0 0 0 0 0 0 0 0 0 0
97.0194737116496 131.052037080129 178.9271235466 200.879136721293 178.853591283162 126.837809880575 78.4243841965993 48.0185101429621 40.8476665616035 44.3428407112757 36.0999504725138 30.5748259027799 41.6903992493947 52.0029763380686 66.7212009429932 74.1120725870132 69.9129104614258 63.3174031972885 58.0856949090958 59.6061547597249 59.2113236586253 61.6894116004308 65.2803579966227 65.9524699052175 72.2351868947347 83.9675068855286 85.6141050656637 92.7642385164897 101.514240105947 118.608554204305 134.323139985402 142.349193493525 144.37664548556 152.02334523201 158.018221457799 157.849291960398 150.505969921748 130.955954392751 63.7088765700658 8.17772994438807 0 0 0 0 0 0 0 0 0 0
157.506674528122 192.906339963277 217.049241065979 219.149967034658 217.519581317902 191.51892264684 147.529860337575 108.509212732315 84.6718748410543 71.5351651112239 69.1945403814316 54.9768457810084 46.0703521966934 49.2219477891922 68.6892817417781 74.4088391462962 67.9332266251246 70.0270980596542 59.5474541187286 57.8361501296361 60.744841893514 62.8972550233205 63.7210259834925 65.8274988333384 70.5290883779526 84.2341979344686 91.1463399728139 99.789688984553 110.170483589172 117.436836163203 129.983216524124 141.300151745478 143.119066953659 141.175955533981 144.216040770213 136.108616987864 137.544473012288 124.196688334147 77.6249468326569 25.0240614016851 3.41367907822132 2.51648994162679 0.825554287681977 0 0 0 0 0 0 0
208.306193351746 224.374314149221 228.634655475616 225.913763046265 228.286385536194 224.581599235535 200.330118338267 159.47151184082 121.143917242686 96.7241823673248 99.3488430976868 88.8809065024058 63.9865348736445 57.738408446312 66.0743912061055 69.9441979328791 64.742257197698 64.725195368131 58.7751666704814 59.3148668607076 58.0050001541773 58.905894557635 58.6630602677663 60.4292104641596 67.1910593907038 77.7277300755183 88.9873603979747 94.2215621471405 105.295558770498 118.641326824824 129.298150539398 132.60422150294 123.394866784414 112.127741177877 115.250766277313 99.4046827157338 99.883904059728 84.5829049746196 48.5699077447255 15.6110972166061 14.869519819816 10.626790424188 2.79079688092073 0 0 0 0 0 0 0
221.661766370138 228.68549823761 228.1560699145 228.220025698344 229.059020678202 226.473351319631 219.024121761322 186.67217095693 140.309512615204 111.685007810593 111.02901895841 107.748627662659 90.1384949684143 71.176419655482 66.0419960816701 69.1268195708593 62.4997764825821 58.0232739448547 59.1204663117727 61.8879646062851 57.1298599243164 55.9616486231486 57.5896054506302 59.9551200866699 64.1050388415654 72.3489026228587 82.2003384431203 83.1597646077474 93.3339695135752 111.42972111702 122.394889593124 120.0184126695 113.328566153844 106.631100177765 98.7391571203868 84.5209161440531 88.6693994204203 85.7804417610168 65.8498555421829 31.11166258653 26.8725206454595 27.4782006939252 6.50896256168683 0 0 0 0 0 0 0
217.179656028748 219.637235005697 216.781437397003 217.071910699209 217.5000111262 211.717089017232 207.015474637349 187.965273857117 148.402084906896 122.585157553355 115.881552298864 111.947735150655 103.123366832733 79.706018169721 69.6649799744288 73.7490803003311 66.0994748274485 57.719424366951 61.5934630235036 62.7971589565277 60.611680150032 57.6158066590627 60.9046518802643 65.1693344116211 63.6089742183685 68.8110291957855 73.7179617087046 75.4537085692088 82.5917075077693 102.160175641378 113.465517759323 113.577236731847 115.554143985113 116.537710030874 97.7868835131327 91.1275943120321 95.9213773409526 102.888951698939 97.9996720949809 57.9307576020559 21.4871913194656 3.5704014201959 0 0 0 0 0 0 0 0
193.729142347972 196.281909942627 198.537409305573 195.910890897115 194.36901807785 193.232377370199 196.553905804952 193.185150623322 160.185972849528 130.179007848104 116.742163896561 105.239411195119 99.3880232175191 79.0843466917674 67.194660504659 73.3120193084081 74.9720484018326 63.154548406601 65.1737203200658 68.188801407814 67.4578497807185 63.7394388516744 63.8676385084788 67.2675867875417 66.3014650344849 66.5998061498006 73.0209598938624 79.4354677200317 84.3311349550883 96.7742403348287 108.677089214325 114.129682381948 116.014619668325 119.936426480611 101.160307725271 101.712097724279 102.194229761759 110.837638378143 110.940535863241 71.2851782639821 10.7476028303305 0 0 0 0 0 0 0 0 0
171.287496884664 180.195073286692 190.462390581767 187.731623649597 185.76850493749 192.173759142558 201.63349310557 202.800075213114 181.211908658346 143.788973490397 122.812807559967 98.9899833997091 84.4475229581197 72.9866276184718 64.4715030988057 68.4006909529368 79.7697951396306 71.1290289958318 67.5558795531591 70.3226178884506 71.9755192597707 67.6574458678563 64.6646618843079 66.5752391020457 69.0025587876638 68.3318773905436 71.5616146723429 80.5969635645549 84.2681527137756 90.1723106702169 102.567474047343 114.303201436996 118.335902690887 110.70853471756 97.1732040246328 110.424449046453 113.560448090235 119.761536518733 118.049164613088 92.0294920603434 5.60231568912665 0 0 0 0 0 0 0 0 0
133.667419354121 145.598034063975 154.078702131907 159.266451994578 167.080124219259 182.07703034083 196.394880612691 203.191538651784 197.651147842407 164.479037125905 130.907237529755 99.4910895824432 81.9954176743825 78.2746324936549 69.7182963291804 63.296765089035 75.2091656128566 75.7234791914622 69.0956612428029 68.6496744553248 69.2454874515533 66.2074685096741 62.9021972417831 65.1407539844513 68.5918033123016 72.4692891041438 72.1451590458552 77.5715261697769 82.5698524713516 83.7304890155792 93.8842991987864 109.350323677063 114.384988943736 98.741888999939 101.005584001541 121.387739976247 125.372509161631 122.469127178192 122.727851072947 118.459910154343 60.6848498185476 0.046079449627238 0 0 0 0 0 0 0 0
97.356379032135 104.15847102801 103.306919336319 114.245275656382 131.120413541794 148.841907580694 163.36186726888 176.360150178274 176.173806190491 150.801658630371 115.377803643545 90.1262164115906 77.3967603842417 75.1983026663462 71.980411807696 66.201239824295 70.7688232262929 71.2538560231527 64.0025188525518 63.5350296894709 66.8485263983409 71.1198548475901 69.8714554309845 65.4657383759816 64.6194219589233 67.8460597991943 74.6924380461375 76.8121878306071 81.596518556277 82.4294884999593 85.1820111274719 99.2260972658793 105.641682942708 101.631710926692 122.928659121195 133.167674144109 129.848718643188 123.005211353302 126.429428656896 141.385416189829 135.450124740601 71.4885095755259 7.5830655793349 0 0 0 0 0 0 0
85.7004125912984 88.0052248636882 87.5448187192281 89.4098381201426 98.9754398663839 105.096439520518 109.440187613169 114.899983008703 115.482856829961 98.4870195388794 82.0663670698802 77.2689580917358 75.6508608659108 73.0775048335393 71.0059652725856 70.9626376628876 70.4841514428457 70.0724919637044 64.9479230244954 64.0748838583628 68.4214532375336 73.8610029220581 75.2241611480713 70.8686411380768 67.5504455963771 66.9469982385635 75.1642932494481 79.5767555634181 82.9816907644272 82.2530587514241 83.4725797176361 90.5224283536275 99.131445089976 108.426640431086 133.232523997625 131.518244743347 121.671209732691 111.905078093211 114.821722110113 132.339109977086 144.140084584554 141.515682140986 83.6715797583262 17.2186531126499 0.0270139741284462 0 0 0 0 0
94.26016608874 91.8366412321727 92.0947194099426 91.3716653982798 87.4383250872294 85.5893592039744 83.8030576705933 85.2206945419312 90.052326520284 81.7653189102809 73.5719303290049 74.6131986379623 77.8270810842514 77.7617593606313 75.8436818917592 74.2653210957845 68.6495999495188 75.7513840993245 77.376460035642 72.5203504165014 74.624960621198 75.3098825613658 73.7676521142324 74.5954116185506 75.5943357944489 71.9493329524994 77.0839850107829 80.8552801609039 81.8882634242376 84.7112933794657 84.8816831906637 90.0055666764577 96.4585741360982 114.672422409058 124.108086029689 119.929899772008 106.782068808873 96.412181854248 92.9829776287079 104.531407356262 137.778123219808 143.033236265182 115.470071633657 57.6919217904409 5.81423565745354 0 0 0 0 0
99.2484986782074 96.3587760925293 99.1064111391703 97.7463523546855 90.3566380341848 87.0127280553182 84.3225916226705 81.0401539007823 80.8800210555394 77.7264684438705 76.2466887633006 75.4980246225993 79.0585825840632 82.7271938323975 82.0550620555878 78.4707317749659 74.9904414017995 80.3048113981883 82.4465503295263 75.6957779328028 72.838361064593 71.8503793080648 68.5049146413803 70.1884577671687 74.6424198150635 71.4972267548243 69.5355584224065 74.2944578329722 79.2604386806488 80.961267153422 83.4120015303294 84.1838816801707 94.6969588597616 116.061319907506 121.433218320211 107.361416021983 94.9960947036743 91.7054017384847 91.772456963857 101.099809010824 108.177522818247 113.42598994573 98.9335775375366 63.4782413641612 11.3040991127491 0 0 0 0 0
82.7673176924388 85.6552124023438 94.8327084382375 91.8988784154256 94.6530004342397 96.9489713509877 96.1827834447225 91.3142164548238 80.1292757193248 78.2992343107859 82.0446014404297 77.9640525579453 78.9468834797541 82.7335019906362 83.0488353967667 79.9491256475449 81.1055103937785 82.8714768091838 83.2254240910212 77.852542201678 72.0949818690618 69.2642033100128 66.8802509705226 66.3800438245137 70.1039731502533 72.6999839146932 68.8424507776896 71.4318255583445 75.4908720652262 77.6748259862264 75.7853438456853 75.1367310682933 85.191398859024 101.480344931285 107.926587263743 96.2640543778737 93.0024186770121 97.7655351161957 101.745814085007 101.089497407277 95.9931115309397 94.5405562718709 89.2520447572072 61.7623180150986 19.7120408217112 0 0 0 0 0
