input/barkrak2/radiation/dir36124.grid
NCOLS 85 
NROWS 70 
XLLCORNER 665100 
YLLCORNER 4664600 
CELLSIZE 20 
NODATA_value -9999 
[rows 0 to 22 of 70, columns 0 to 51 of 85]
40.708457430203801 54.6404123306274 64.9394094944 76.3605932394664 83.1549316644669 87.5805715719859 90.8587276935577 89.4702970981598 97.891241312027 104.309777418772 118.356227874756 114.612797896067 110.348125298818 111.018002033234 111.056019862493 98.7184445063273 85.7945084571838 77.2923628489176 75.7380823294322 76.4437019824982 84.4336946805318 100.13414422671 116.065124670664 118.478933970133 121.52835726738 129.38184539477 126.335779825846 120.610147714615 118.653019269307 123.31102291743 119.975119829178 140.394181013107 168.752074241638 163.839449485143 162.759224573771 157.172173261642 160.920719305674 165.902475516001 160.477747519811 162.377595901489 159.783869981766 167.641441027323 173.487802346547 165.695130825043 156.540046135585 165.777713060379 176.345368226369 133.614331483841 89.6467169125875 85.8003199100494 106.046090523402 145.113815863927
26.383971174558 35.8811095356941 44.3292210499446 51.6307453314463 64.0183786551158 71.2650368611018 76.7166862885157 80.6528429190318 89.1161064306895 89.9878442287445 94.8016444842021 99.2650787035624 111.001034577688 111.014584700267 111.09983921051 100.925733645757 91.9458170731862 84.3934118747711 80.6374549865723 79.3431599934896 91.8113787968953 112.890869379044 125.90554356575 125.369389851888 129.684607187907 131.946792205175 129.388153553009 123.411744832993 119.942188262939 120.469013849894 126.939545075099 148.153205712636 168.09485356013 163.905461629232 159.1517329216 156.00112080574 163.012584050496 166.838943958282 159.338712692261 159.741053978602 158.886253833771 162.294089794159 158.490558465322 148.296693960826 144.833356142044 158.224950234095 159.025132656097 125.123371680578 96.968670686086 106.025040149689 132.770319779714 163.82564107577
8.98873619735241 11.6080765922864 18.5857849816481 22.1177985270818 27.6959414283435 34.5659131805102 41.7242646217346 54.0531575679779 66.8396800756454 72.2160885731379 79.8055628935496 82.271009683609 90.8232231934865 93.040923277537 95.1526562372843 101.680239041646 98.0810225009918 93.2906170686086 79.8683315515518 73.0616897344589 85.6562256813049 101.710865894953 114.347567160924 122.018198172251 125.857770442963 124.658544858297 126.875728368759 124.044607083003 122.631202141444 126.598954200745 135.371973117193 157.699555158615 168.001472949982 165.128817160924 158.502042293549 158.392727375031 165.12527068456 166.980226834615 161.208420991898 157.139559586843 153.899004062017 147.828320662181 138.127466042837 132.005035877228 133.846392234166 145.254790782928 143.471399943034 118.761042753855 111.914783716202 132.561484972636 155.489265918732 174.208362897237
3.31839608649413 3.65132310738166 5.11179957538843 6.81899612148603 3.71212884783745 10.8973681926727 15.9123639265696 24.3433589736621 36.9814584652583 47.310878833135 57.1197966734568 65.7551834980647 78.0112644036611 82.3581616083781 80.6294282277425 89.2737110455831 90.4481410980225 86.1021975676219 75.0650316476822 72.2658336162567 76.481302579244 79.6342144409816 89.7150834401449 100.847065448761 105.894217888514 107.405165831248 115.502059459686 117.099245389303 121.962547302246 129.059016704559 134.633332490921 145.376950502396 146.756509939829 147.511293490728 153.88427178065 158.786614735921 160.961925983429 161.576718091965 155.045807361603 145.686646302541 141.771922508876 135.070939858754 133.879045645396 142.39568511645 146.941850582759 141.452531019847 130.930523077647 116.182108720144 120.300114154816 133.857031663259 154.217541217804 170.552849769592
9.9528810630242 3.90945468097925 0.778843726341923 0 0 1.99531981100639 8.75232803324858 14.5538312693437 19.5305918653806 22.1543436249097 31.5632248918215 47.5637565056483 54.8847615718842 58.8926076889038 64.4324074188868 70.8594570557276 71.4616676171621 74.412614107132 70.0388203064601 71.5265969435374 70.7063525915146 73.2073386510213 83.5500657558441 90.2825196584066 95.4449574152629 103.396276632945 106.866816679637 111.852904160817 115.41603008906 122.172594070435 126.977970202764 141.102184851964 135.551323493322 138.585944970449 140.031546354294 139.265169699987 135.982563098272 141.56910777092 138.770153125127 131.379504998525 132.854660352071 133.819580078125 139.998972415924 149.813493092855 149.660487969716 128.584633270899 108.085532983144 106.283883253733 114.033798376719 130.832801262538 157.206594944 172.527233759562
31.784899532795 16.6239899893602 5.3585022687912 0.0986845892233153 0 0.74648375933369 3.28424635032813 9.78518153230349 13.5236059625944 15.2561763922373 17.7792670826117 22.8495945533117 27.8503373265266 33.6171115438143 39.6192520856857 51.0400036970774 53.3395955959956 61.1647566159566 67.8456872701645 72.7231353521347 77.5404671827952 80.6420495112737 83.0071270465851 84.8641395568848 90.9680922826131 98.8712906837463 103.727787733078 106.94827636083 113.236765066783 117.256591717402 130.187422037125 137.689958016078 128.915478785833 130.594034989675 131.238927443822 132.376005252202 130.049596230189 123.850266138713 118.411471446355 127.55024433136 132.895628611247 132.581144571304 134.733388821284 137.319008509318 132.284502188365 108.760764201482 86.259126663208 94.6598649024963 110.522369543711 140.497157971064 163.709938526154 168.604552745819
48.1798201799393 30.2764028310776 18.94827435414 7.84216448664665 1.79982713113228 0.71075822537144 0.429348282826443 6.66331127285957 9.67754051089287 15.5502731601397 15.5555456876755 15.3900136550268 15.2429838975271 14.8018474380175 17.0157253742218 25.1654386520386 32.6053972045581 46.0302035013835 60.0430965423584 70.164809624354 77.0909786224365 84.3054155508677 83.4624866644541 82.9187879959742 89.0046656131744 90.2566810448964 95.4232712586721 103.156715631485 106.614341338476 115.850210189819 127.111117045085 127.51442193985 119.352002938588 114.52129483223 116.1208152771 121.251086393992 119.886010885239 114.519069592158 111.201922098796 106.736888488134 103.520651658376 116.768022378286 122.858246167501 129.471262296041 128.147502740224 125.717341899872 130.420287450155 136.4972392718 144.690146048864 151.926517486572 156.094819307327 154.197533925374
58.2036922375361 45.5975880225499 31.6332429647446 19.3570877114932 10.0124658395847 2.78530394037565 0.352204234028856 0 4.91032190620899 12.3699729641279 17.8530191381772 18.4596950809161 17.185240983963 15.05080362161 11.7728399733702 14.1652338206768 20.9647764762243 30.4295793175697 44.6727822224299 55.297056833903 67.5423244635264 77.1148204803467 83.815594514211 82.5266689062119 83.3530922730764 85.5032602945964 88.2628560066223 90.8603072166443 93.8687821229299 106.462289889654 112.463186184565 117.45685338974 108.559668064117 105.178872744242 100.927531719208 104.848255713781 108.239064613978 108.395973841349 107.112447420756 94.8432385921478 89.0444119771322 93.5649275779724 118.19988489151 131.055196126302 135.169963041941 140.645762284597 146.693805853526 149.675985177358 153.691530227661 152.334074179331 148.555546998978 146.150161822637
55.156022310257 45.3567604223887 35.0885987281799 23.3818019429843 17.2815086940924 10.4015866915385 2.14665910849969 0.170616821075479 3.74597745637099 7.41609868903955 12.2082370022933 16.0787378748258 21.120364467303 23.0352928241094 19.0610984961192 18.1612744927406 17.5574148694674 20.5406074722608 26.8579696615537 36.9624098141988 47.3902275164922 58.6389799912771 68.3795064687729 69.879079858462 72.6880133152008 72.9063202937444 77.5855779647827 77.9897520939509 82.1649382511775 86.0631664594014 86.291382710139 88.1886680920919 92.8880274295807 92.5428469975789 95.0418512026469 97.7045297622681 97.834567228953 103.330353895823 105.295240879059 98.9132622877757 99.9828775723775 105.342874924342 107.698639233907 110.452582438787 118.290762106578 127.393980820974 128.960510094961 138.401965300242 145.117650429408 140.738596518834 133.101254701614 134.873420000076
36.303699016571 30.2550295988719 25.5742594599724 20.8842431505521 15.9063413739204 8.24093446135521 5.67566727598508 6.69530406594276 3.94330484171708 1.20994650448362 3.36950893203417 11.0519876082738 19.4451411565145 27.9728770256042 31.2981804211934 29.7366331020991 23.8770395517349 22.5210636854172 22.2854862610499 24.0869869788488 29.3211787939072 35.2546299497286 42.9203659296036 49.002006649971 57.8499138355255 60.4259123404821 62.9676083723704 65.8164570728938 66.7480379343033 67.1299000581106 68.7145938475927 66.897248228391 70.4947163661321 74.79527592659 85.6100022792816 89.5559589068095 90.0756319363912 94.8355297247569 101.780116558075 107.972035805384 109.380543231964 111.050148804982 109.36572154363 109.692613283793 109.745045502981 111.058235168457 134.010682503382 138.388762871424 138.285299142202 139.656752347946 138.472507397334 135.98503669103
5.04668553670247 1.27901245529453 0 0 0 0 0.521946814842522 7.65614459911982 7.50139728188515 4.10253306229909 1.7070152486364 0 11.7915111283461 22.6877282063166 32.5027480721474 29.675488670667 28.0537952979406 25.4365478952726 22.4766607085864 19.9554723997911 20.6350659330686 21.9749957323074 25.480791926384 33.9004471898079 44.3255553642909 50.6950318813324 52.3374925057093 53.0417462189992 58.2897365093231 59.6520702044169 58.0211381117503 60.3958070278168 61.7183148860931 58.0062170823415 55.6103338797887 68.420022726059 84.9673052628835 87.2308214505513 96.1769024531047 109.481861193975 110.000391801198 109.001000722249 105.226973692576 102.315704027812 104.142049948374 107.712139685949 111.815840005875 111.239304145177 127.488265434901 136.92232966423 138.596882422765 134.187410275141
0 0 0 0 0 0 0 0 9.65927541255951 9.40960956116517 4.94151966025432 1.470646665742 2.5242098296682 10.5644303063552 21.7233250538508 25.4940738280614 30.3386424978574 30.5296232302984 25.5655671159426 20.7636257012685 18.1471444666386 17.5472671786944 18.1825160980225 23.684690395991 30.0858368476232 35.4172388712565 37.7663125594457 41.9831027587255 44.4242656230927 48.0358004570007 48.0376531680425 47.8422343730927 45.5768058697383 48.0403999487559 45.4556792974472 44.7109788656235 49.1860508918762 66.7460262775421 88.2517198721568 99.4613766670227 101.23199224472 100.029011567434 97.4079767862956 93.5152471065521 95.7134465376536 94.0412779649099 96.6786940892537 100.629359483719 99.845955769221 103.311210870743 125.805775324504 127.475043137868
0 0 0 0 0 0 0 0 2.54391211395462 10.9112883607546 12.4999036391576 7.9160388559103 1.13022490404546 0 8.22120594481627 19.6488462388515 28.5815050204595 32.2993372877439 31.035803258419 27.5203833977381 22.9534457127253 23.7914224465688 24.1113901138306 25.0626926620801 26.4458184440931 27.7980218331019 30.6014517943064 37.0279202858607 38.7200241287549 37.5218838453293 40.9146199623744 40.3774256507556 36.4781816800435 33.4807758529981 32.5370654463768 34.9985808134079 33.3845963080724 32.7469184994698 36.6965855161349 48.1363435586294 61.9395325581233 75.533519188563 77.78599858284 83.2117150227229 84.7150981426239 84.2569569746653 82.3184748490651 80.9331486622493 84.1566026210785 85.5419834454854 89.7146066029866 92.3273364702861
0 0 0 0 0 0 0 0 0 4.44314225266377 14.8220633467038 17.6927049954732 14.327697455883 7.92515277862549 6.48977359135946 16.8980062007904 25.9027183055878 34.4871282577515 38.9412716031075 38.628543416659 32.0542181531588 32.0674031972885 30.9593081474304 31.2004759907722 32.8842649857203 32.4893842140834 33.8307867447535 39.698913693428 39.9131029844284 33.9526136716207 33.7899774312973 36.5727146466573 33.6278527975082 29.9970284104347 29.1242673993111 25.9541819492976 22.1788634856542 21.5511446197828 19.3583071231842 15.8999189734459 23.0900471409162 35.7006241877874 38.1425768136978 47.6464529832204 52.1399527788162 65.2828017870585 67.0534372329712 63.2099807262421 63.9853179454803 65.3074632088343 67.1163002649943 72.4762678146362
0.261631386820227 0 0 0 0 0 0 0 0 0 10.7515789568424 26.7729287346204 32.2784210244815 26.7743617296219 17.2432400286198 15.819954375426 18.6081789433956 27.1672705809275 38.2886206110319 45.926958322525 45.4763919115067 42.6070292790731 40.8438170949618 38.8493289550145 38.7429147958755 39.3086423476537 38.5993520418803 39.6616856257121 40.5058016379674 35.6225247184436 31.9712335864703 31.604898472627 27.0228559772174 26.624729235967 25.0765730937322 21.2112764517466 17.0291103422642 13.911709189415 12.8479128082593 10.0945134957631 7.69575561086337 8.35261742273966 16.8471075594425 23.6077457666397 33.437117934227 39.0388717254003 46.6491629679998 56.1878532171249 54.9224217732747 51.5401115020116 55.4383198420207 60.5455289284388
0.85271499119699 0 0 0 0 0 0 0 0 0 2.5427892493705 20.6565335392952 33.0490569273631 38.4471292297045 31.6144997874896 18.8101530075073 14.4272781908512 15.5024155974388 25.3102009495099 41.0346662004789 49.3325293064117 48.7800389528275 50.1473049322764 46.5263724327087 43.8218017419179 45.329009493192 45.7019458214442 42.9251591364543 41.3206542531649 41.6293938954671 35.1668521761894 31.9156472881635 26.4412984251976 20.5524861812592 16.9422725836436 13.8442541162173 10.8901634812355 7.8465777138869 6.06653839349747 4.45131647090117 2.72480801989635 1.2241885997355 1.55917493005594 2.45938651884596 15.6215565900008 29.0185362100601 35.6068089604378 41.277085741361 45.0350145498912 48.4891186157862 50.1205076773961 53.4756531318029
0.437051678697268 0 0 0 0 0 0 0 0 0 0 14.105811715126 30.2930151422818 41.0602167248726 41.3691277305285 34.2947989702225 30.1389669378599 23.3711153268814 19.0329377849897 24.867241581281 41.6451618075371 52.4814526240031 55.0291985273361 53.1309594710668 49.2889583110809 50.2748787403107 52.2336661815643 51.0337700446447 48.3150283495585 45.9305147329966 40.0084008773168 32.6638867457708 25.5504796902339 18.8198859492938 13.7928575277328 10.2998800575733 7.5238843758901 4.67405871798595 3.05782941480478 1.75259681418538 0.443033485983809 0.0108353002967002 0 0 1.30803665767113 12.4066285789013 20.9712435801824 24.5115160942078 28.0456493298213 35.2087219556173 43.9666360616684 47.9333301385244
0.103249350407471 0 0 0 0 0 0 0 0.143410929013044 0.14279707102105 0.297573084632556 8.37321951985359 17.3712074756622 29.5759489138921 41.8007175127665 47.967125972112 48.1390953063965 39.5347028970718 29.0295059482257 20.5673215289911 27.2754356265068 43.7898735205332 50.5552838246028 55.0732960303624 56.3985606034597 58.598205447197 60.0547095139821 59.993048508962 58.4034423033396 53.380087018013 43.1319226821264 33.1935361027718 26.0243614514669 18.8779508074125 12.2045849760373 10.0124018887679 6.20915368199348 2.35388102009892 0.559421489015222 0.0822961543841908 0.000751858351577539 0 0 0 0 0 7.98448051015536 6.50725699961185 13.4003820518653 19.926822433869 25.7425953944524 37.064957122008
0.118357692069064 0.12631014881966 0 0 0 0 0 0.365332351066172 1.05152170484265 5.14392120142778 9.27805217603842 11.3565425078074 14.6356957654158 22.6474329829216 32.0410604278247 42.7170594533285 46.0393180449804 49.0669906139374 45.9524343411128 34.8205094536146 23.8325148820877 32.4688504139582 40.3552129864693 49.0803817907969 57.6493889093399 63.6247893174489 64.8283263047536 64.2801721890767 57.3940972487132 56.0177018245061 45.1622158288956 34.3215713898341 23.3979473511378 16.8655514717102 9.38782220085462 4.85184447218974 2.23283919816216 0.503262116884192 0.0203014678845648 0 0 0 0 0 0 0 0 1.34342598418395 1.40290396908919 9.31725216408571 10.3548566500346 15.1800960302353
0.0806116198267167 0 0 0 0 0 0 0.806509361912807 1.27499837738772 1.29177211783826 1.37953056643407 5.06445424010356 8.37309844791889 12.4847255647182 21.0146382451057 33.1070050597191 40.1908879478773 43.9608891805013 47.0998088518778 47.7098524570465 40.6996856133143 32.2306205828985 34.9561447898547 41.9039775927862 50.3100603818893 58.7050368388494 63.3014539877574 65.3882771730423 57.7149838209152 49.4128366311391 46.1938629547755 34.9809477726618 22.9588399330775 15.4978806773822 7.87193452318509 2.99535629649957 0.504022658181687 0 0 0 0 0 0 0 0 0 0 0 0 0 0 3.09454991171757
0.736480811610818 0 0 0 0 0 0 0.734953364978234 1.21119571849704 1.09655767058333 1.21470835680763 0.527261639945209 1.78133975714445 3.69091797620058 9.65618093808492 18.7434156735738 26.992013057073 32.92099883159 40.0105565786362 50.9819934765498 54.5431474844615 47.2971399625142 45.2899187803268 48.2194721698761 50.9579330682755 51.4763693014781 54.4425745805105 59.7434093554815 55.9177249670029 45.1384087403615 32.1783398588498 24.8978361487389 15.8283586303393 8.23384833832582 1.78958708420396 0 0 0 0 0 0 0 0 0 0 0 0 0 0 0 0 0
7.31685136755307 2.48887063935399 0 0 0 0 0.269578828010708 2.00519850477576 2.31907097622752 1.85693272699912 1.11995163994531 0.466612361681958 0.296186131890863 0 3.11886239796877 11.8321403861046 20.941232641538 27.9367218414942 34.6261138717333 45.5276916424433 50.3271371126175 60.9794060389201 66.4008309443792 64.289003610611 58.5610717535019 51.263615489006 46.563188234965 42.1215196450551 50.6334602832794 39.3593907356262 23.0818043152491 13.4617400666078 5.85780416925748 0.441849503355722 0 0 0 0 0 0 0 0 0 0 0 0 0 0 0 0 0 0
29.987004896005 24.2489327987035 6.4882958928744 0.663390460734566 0 0.0197892816989527 2.5371084921062 2.91044916957617 2.2806036286056 1.64102483540773 1.15077119941513 2.2075556529065 5.88205084204674 4.528583958745 5.39428368210793 9.381086875995 17.4588424464067 24.5717416206996 29.0258352955182 31.4862032731374 35.5530629555384 47.3573555548986 56.8822671969732 60.8495126167933 59.6204648415248 53.4484485785166 47.4444627761841 41.4333691199621 35.0205550591151 28.1692792971929 12.3502264420191 2.97269163032373 0 0 0 0 0 0 0 0 0 0 0 0 0 0 0 0 0 0 0 0
