input/barkrak2/radiation/dir34724.grid
NCOLS 85 
NROWS 70 
XLLCORNER 665100 
YLLCORNER 4664600 
CELLSIZE 20 
NODATA_value -9999 
[rows 46 to 68 of 70, columns 0 to 51 of 85]
45.7773407300313 47.2996185223261 49.7456689675649 51.7137795686722 51.5048503875732 51.3567080100377 53.2534271478653 54.9877136945724 51.9979099432627 50.7946411768595 49.9687244494756 49.5827744404475 46.2962836027145 43.5246477524439 43.5217420260111 46.2275097767512 44.9811518192291 39.9259179830551 44.7209080060323 43.0363068977992 40.6964669624964 41.7489012082418 40.9547537565231 39.9118413527807 48.1296976407369 43.5583094755808 44.645681977272 44.9043562014898 44.2994137605031 43.6397343873978 42.6386495431264 39.877362549305 38.8309086362521 38.6730432510376 41.003073255221 42.4186239639918 43.1027660767237 47.782560189565 48.8891402880351 46.1660126845042 45.2070931593577 42.0553982257843 47.1214354038239 51.2968301773071 44.2298849423726 20.1600256065528 0.228285750684639 0 0 0 0 0
40.1746109127998 42.4039165178935 47.5300302108129 48.8710701465607 52.4937758843104 54.0213684240977 52.1856049696604 52.0276526610057 52.1346777677536 54.8836837212245 52.0936598380407 48.8264312346776 47.754630446434 47.9835122823715 46.6168771187464 45.1679428418477 44.47141289711 38.2801244656245 41.8873031934102 43.0290202299754 39.8528128862381 40.8103466033936 43.0589566628138 38.1971647342046 40.8507933219274 43.445477883021 39.4567847251892 42.0683125654856 43.9831068118413 42.6737616459529 43.8216427961985 43.0058340231578 39.039837817351 41.2149876356125 51.0666767756144 54.0253072977066 49.9932716290156 45.2168434858322 47.7834045886993 53.1983921925227 47.8827655315399 42.397012313207 49.652487039566 53.5594373941422 49.2419451475143 34.480889638265 7.39621122678121 0 0 0 0 0
33.8747973243395 36.8761743108431 41.7310545841853 44.752116004626 50.9409159421921 54.1939437389374 51.3718078533808 49.7975001732508 53.7263055642446 55.9731225172679 54.1204909483592 50.6206850210826 49.5320856571198 50.3543764352798 48.2149024804433 43.6411549647649 43.2262619336446 38.3050491412481 41.5297299623489 44.4763402144114 43.8411037127177 43.9497381448746 45.7534492015839 42.5753692785899 40.6674221158028 42.7778611580531 43.0111984411875 46.1742182572683 50.6323675314585 52.3988952239354 56.0941795508067 56.5644005934397 48.0172534783681 49.347589413325 55.987482269605 62.8511706988017 61.5151623884837 52.3311992486318 47.0025638739268 52.5049418210983 47.1325218677521 41.6323492924372 41.2690167625745 41.24898960193 40.4902026057243 39.7576143344243 29.2947565515836 1.05263680840532 0 0 0 0
32.9339851935705 31.0325076182683 35.0175946950912 42.1893745660782 47.271986802419 50.3709018230438 52.8670996427536 55.4951479037603 56.8104932705561 53.9209395647049 55.6069016456604 55.8970471223195 53.0896782875061 50.7908364137014 48.9094158013662 45.4459140698115 44.2765851815542 42.0463581879934 45.027107000351 47.9480922222137 49.3727078040441 49.4689146677653 47.8849609692891 48.4711229801178 43.7705218791962 45.6521064043045 48.6650913953781 54.0145685275396 59.8257879416148 65.0668044885 70.3765054543813 70.1898485422134 63.1498446067174 56.6257735093435 56.1669369538625 57.4549337228139 67.2959188620249 59.6054494380951 51.3580838839213 44.7356998920441 40.5872340003649 41.2370314200719 40.9602597355843 38.4943038225174 34.024345378081 35.7736671964327 21.4792042970657 6.19339197874069 0 0 0 0
33.1046432256699 36.2655371427536 39.6033922831217 45.3001062075297 45.5893278121948 46.0828145345052 53.5138448079427 58.317631483078 58.402806520462 58.196023106575 58.2207143306732 57.8831732273102 54.9393842617671 51.1888116598129 51.0978003342946 54.2067289352417 48.1851249933243 48.0096836884817 49.5487004518509 52.962472041448 53.2271216313044 51.3810614744822 49.2694526910782 49.4432349999746 45.2047288417816 49.5709081490835 52.1309475104014 55.8400104443232 61.3740235567093 72.4512885014216 77.1684249242147 79.6235154072444 71.1006422837575 60.8226507902145 44.5718864599864 46.4338461558024 55.7998170455297 63.9843245347341 55.9965670108795 42.5391296545664 37.2810562451681 40.2837246656418 44.9888010819753 41.1856099963188 37.1611267328262 35.4456504185994 19.5400590697924 9.66485651830832 0 0 0 0
33.8682880004247 43.886810541153 45.8683619896571 47.0154384771983 45.0824101765951 44.6731547514598 51.9653459390004 57.1071455876032 56.9623907407125 61.7156326770782 59.6776256958644 59.0703338384628 56.9011320670446 53.16195388635 53.5365045070648 58.7801486253738 52.8545280297597 50.7676998774211 49.0572303533554 50.6257663170497 50.3388146559397 49.4426737229029 49.3456522623698 46.0431476434072 43.7505741914113 45.9468414386114 49.9037404855092 50.5999028682709 53.3288816610972 60.995489358902 72.9962587356567 79.5709143082301 72.1633434295654 54.9610157807668 17.2114570935567 16.8002483745416 22.8301311532656 48.4473208586375 55.0194183985392 57.7102601528168 52.0239224036535 45.6234812736511 37.6963342229525 36.5023215611776 40.6683832406998 35.7786963383357 19.4583100577195 14.1579434275627 0.076513320285206 0 0 0
37.2274319330851 35.7343405485153 35.0045710802078 36.9373957316081 42.7430868148804 47.6392557223638 48.4967132409414 53.8980215787888 53.8319796323776 58.3424468835195 58.7290078401566 60.6269737084707 60.3941182295481 56.3194453716278 55.0209581851959 53.66284151872 55.5078089237213 50.1787861188253 45.2247262001038 43.3418254057566 43.0868566036224 45.2504903078079 46.1639513572057 41.9148902098338 42.4076815446218 39.6815488735835 40.3427133957545 42.4781342347463 42.788490653038 45.0791617234548 50.8446047703425 63.7034724156062 60.3229800860087 33.3605532844861 13.7196977933248 7.25524313747883 7.91167095303535 15.1980978747209 37.7594704429309 54.0464967489243 55.0967554251353 48.8743682702382 34.5366944869359 31.4112976193428 32.8686361511548 22.5810011227926 18.987709035476 29.0448069572449 14.2822861671448 0 0 0
39.4405648112297 30.8672313888868 29.0173565347989 33.6235240101814 43.6240682999293 51.2167116006215 50.9418149789174 52.0581851402918 54.4425050417582 54.9777249495188 57.1351150671641 59.4456295172373 61.26935283343 60.2604548136393 56.7278663317362 54.0878971417745 56.8809012571971 50.847589969635 47.1033106247584 47.0763742923737 46.6465105613073 45.1218982537588 43.986052274704 41.5396938721339 40.795624256134 39.1490186254183 38.5906224449476 37.6186817884445 37.896806995074 36.0223973790805 29.6548753976822 35.9304497639338 37.4105721712112 19.9424847960472 15.1424842576186 8.0109549065431 1.32564424226681 0.441604643128812 6.9231204688549 20.4802354176839 41.7964110771815 38.1914774576823 32.815158367157 24.6646404266357 18.8146258393923 19.7722377876441 17.9005761941274 34.8256627718608 41.5148188670476 23.6532042423884 1.14397440726558 0
39.5514965057373 34.683624903361 32.9828311999639 37.7569595972697 45.9131896495819 52.6535163323084 55.3226272265116 51.898847023646 56.1074117819468 54.8873096704483 58.4322313467662 60.1167529821396 61.1775865157445 63.0382051070531 58.7286253770192 58.9330097039541 58.9323143164317 54.6517223119736 51.5954544146856 52.1378815174103 51.582212249438 47.7221508820852 46.1526612440745 46.1530784765879 44.0061390399933 43.000449736913 40.23394236962 37.567138671875 33.1206123034159 30.2406201759974 23.6843029658 27.5329798460007 35.2260122696559 37.4078676104546 35.6325109799703 25.8367607990901 8.27746217449506 1.23998026053111 0.654528848826885 4.43121884018183 17.235176016887 20.8674768606822 17.5048150122166 12.4651417136192 12.2492288549741 16.909696161747 18.5696706175804 20.5959342420101 37.7093603213628 41.3027554750443 25.3650372227033 0.051199376078633
42.4125691254934 41.0983165105184 38.0397836367289 37.1124818921089 42.3574695984522 51.9828051328659 53.3441255489985 51.7815053462982 53.5825242598852 58.5016111532847 64.35859700044 64.8848613103231 63.3713106314341 63.8602823019028 62.1231893698374 61.9088262319565 62.6133531332016 60.4173839092255 56.0377240180969 53.633838891983 50.7581730683645 49.7578332821528 51.0619580745697 53.5190850496292 48.4938522179921 47.7321396271388 38.7722800175349 33.2135533293088 27.8400828440984 24.6439824501673 25.580070912838 30.7825356721878 38.9129718144735 49.6061493953069 54.4688602288564 52.8677999973297 38.4238089124362 25.9112020333608 15.1219790180524 3.94512650867303 8.42874931792418 16.8739830454191 17.3717513680458 12.4094759424527 11.9942128658295 26.0991702477137 43.3681905269623 37.1077011028926 32.3235020041466 37.7639581759771 20.8242436250051 6.08755772312482
44.7799960772196 44.2227174838384 43.2407756646474 40.2446314692497 41.4361630876859 49.5931108792623 51.5029827753703 51.6047179698944 51.8975257873535 60.4562014341354 67.6881770292918 66.7667388916016 62.3369912306468 65.0966813166936 66.3415789604187 60.6029182672501 62.9650503396988 60.8332455158234 57.4171890815099 54.9764434496562 54.619441429774 55.5670708417892 52.7778814236323 51.0519196589788 48.3965178330739 43.1160430113475 27.574231227239 4.28087605784337 3.31102435787519 11.7101073265076 23.6835330724716 28.7227084239324 37.2051994005839 44.3411966164907 54.9875050783157 58.2488924264908 56.9210400183996 49.5801667372386 38.5574375589689 21.0285931825638 9.83814708888531 16.9757107893626 33.6437275012334 34.915658334891 28.9090524117152 45.7271685202916 68.0917501449585 58.1986457109451 38.1680279970169 26.0721320907275 12.4683355291684 7.11621716618538
43.7452495098114 41.9788459936778 45.3971972068151 46.4040885368983 44.3244675795237 46.6491132974625 51.5989114840825 52.3185630639394 52.7985940376917 60.2212846279144 66.5547996759415 64.6968533595403 60.6487592061361 63.8581663370132 67.1752790609996 58.6597720781962 60.1003964742025 59.3537986278534 57.6914449532827 59.0015153090159 59.4651699066162 60.1615806420644 56.3213527202606 49.9623715877533 49.4965414206187 45.905535419782 30.0002569953601 13.8700157403946 13.4288296103477 20.1685254772504 27.5373036662738 32.4181964000066 45.5844402313232 54.8263937234879 65.1471465826035 58.842197060585 55.5571367343267 20.6034742295742 21.015631655852 21.5535685420036 21.4067747195562 34.7316314776739 39.395439128081 20.0760302444299 15.2609522144 18.8637897372246 32.7998772263527 45.5378592014313 30.9506729245186 21.2663933634758 15.4846124351025 10.9447116653124
33.6547841628393 40.4305731256803 43.6844577391942 46.2714383999507 46.3927090167999 43.3684140443802 51.7033239205678 54.9786488215129 55.8834572633108 60.7633888721466 62.7370377381643 62.0000660419464 61.5474234024684 60.3283643722534 61.6676310698191 58.3215604225794 55.7893415292104 58.9782694975535 60.5589399735133 62.344233194987 64.6563470363617 60.6030871470769 58.6111843585968 54.4067869583766 52.6223381360372 52.2501717011134 47.1532096465429 41.3980881373088 41.5574659903844 41.9662147760391 38.6451532443364 38.2521698872248 53.5308321317037 66.7730023463567 47.1021483341853 42.733758687973 25.0115195910136 10.1124147574107 3.23787766198317 6.59672791759173 7.42038277288278 25.9094759821892 42.3038303852081 35.6520563364029 24.4878977537155 25.5377242962519 37.9097859064738 41.9419904549917 39.4501239061356 33.4093968073527 27.7375678221385 26.7119656006495
25.2831081549327 38.2381131251653 41.8563385804494 44.6054140726725 47.3851760228475 43.9126243193944 47.4478155374527 54.4146200021108 64.4348561763763 65.9100661675135 61.2621655066808 59.1769019762675 60.968150695165 60.7796907424927 60.8625610669454 58.7224612633387 55.426299571991 58.2364996274312 56.7455540100733 54.3514241774877 56.0474147399267 55.4103602965673 55.1564693450928 53.7093132734299 55.4709682861964 60.0969046354294 67.3337876796722 67.1961059172948 58.9832961559296 53.5250355799993 43.1239406267802 35.306250055631 43.79503428936 41.3487826784452 17.7344121038914 12.0194268723329 11.3607520858447 6.31114405890306 0.376675665999452 0 0 10.7525400817394 35.56094566981 53.9810955524445 60.2995951970418 59.4897617896398 56.524395942688 56.6497296094894 57.0897608995438 46.9664335250854 36.966065565745 46.2925334771474
27.1556004881859 35.7070714235306 42.2772665818532 44.5323040088018 45.8184530337652 46.184981862704 40.9486641486486 49.6719429890315 68.3721552292506 67.36159324646 59.1861804326375 56.4871281385422 58.9778522650401 62.7281069755554 61.7631872495015 58.8184793790182 58.1174194812775 56.1321924130122 50.1710077126821 43.929194410642 43.9402759075165 47.4356710910797 47.6473023494085 52.0075758298238 53.8908541202545 60.7198079427083 76.1721829573313 80.4910659790039 63.0649030208588 50.8590489625931 42.0626103878021 30.4393569628398 29.8976451158524 34.5807994405429 16.3890458643436 8.6467998723189 9.51518304646015 14.1170149048169 7.61201418936253 0.459392632668217 0 1.38770261158546 17.9491341114044 37.9709079861641 43.7995493412018 40.9685770670573 42.6567097504934 43.6006387074788 46.424945195516 42.9048190514247 43.2966599861781 74.8504549264908
37.4520495533943 40.1180138190587 42.1203474203746 39.2963290214539 34.1587016979853 30.4359570145607 37.6139233509699 43.2797422011693 51.9631405671438 47.895610332489 43.4980342785517 50.3494640191396 57.9911371072133 59.7791125377019 56.0950537522634 57.9016506671906 58.2925925652186 53.1605035066605 45.9641764561335 41.065514087677 40.7502005497615 41.554868221283 44.6663796901703 48.0036487181981 49.5985050996145 54.354061683019 65.4096603393555 74.4457095861435 63.2113715012868 47.8726079066594 37.258081138134 27.2408972183863 16.2207037210464 37.7120027939479 34.7385878364245 15.5885306497415 15.4975528518359 36.8443056941032 38.6327654123306 25.8847425381343 4.99412169059118 2.29933019727468 9.8407498250405 16.1381140351295 15.0382506350676 16.5392595032851 18.7413493792216 20.7646290461222 20.2528312802315 36.3186672329903 55.7584365208944 106.592933336894
47.8126257658005 44.7716514269511 41.3267413775126 34.9647998809814 26.1220460136731 20.8341305454572 29.3902456760406 29.9346397320429 21.433820327123 18.5831723113855 30.8130333820979 40.7903591791789 46.8359639247259 50.6989359855652 53.8389583428701 63.3350263039271 66.2131756544113 58.1396669149399 50.1513183116913 47.0061302185059 44.5636063814163 44.6345955133438 45.4325576623281 44.1418637832006 45.6368128458659 48.8801896572113 57.942142089208 59.7994228204091 55.0318608681361 36.9907816251119 35.8421678344409 31.9975664218267 28.1445980072021 45.4231947660446 51.8042246500651 40.6052147348722 31.2206521630287 18.8696843882402 21.0014035304387 28.9966215689977 17.6911354064941 8.00863839685917 9.55441780388355 9.98932495713234 5.34027007718881 6.3156100610892 12.8532846768697 14.6903867522875 15.6212411820889 36.4671299854914 79.7916402419408 122.124632199605
50.4362483819326 44.2765305439631 39.8412942886353 36.3195613026619 29.8846314350764 24.6814340353012 21.1812108755112 16.0724806288878 2.93279190858205 10.5838477611542 26.256521542867 36.4376977086067 36.176527539889 43.378030260404 56.0335765282313 71.0504055023193 76.5513479709625 69.6432888507843 61.8067632118861 58.0620517333349 53.3208151658376 51.2231638034185 51.6926050186157 46.495462457339 43.2270417610804 45.1130171616872 42.5293693939845 46.0466692845027 43.79969338576 30.1554054021835 29.0302087863286 30.3899298111598 19.8287206391493 42.7509645620982 67.0517186323802 70.0626770655314 45.5720722675323 13.4888576964537 10.5116019646327 15.2282677590847 15.6133994460106 13.5727152228355 14.5640000700951 13.7553786238035 7.69081339240074 4.84287552535534 10.280504822731 14.4107614954313 25.4506816466649 48.6069371302923 110.130707422892 141.081780195236
52.6971916357676 47.7042595545451 46.4613735675812 47.4238246679306 44.372022151947 38.6205439766248 33.9897523323695 34.2984547217687 33.1612279017766 38.7401431798935 45.9876358509064 51.1451909939448 51.4135857423147 46.972726782163 56.7095925410589 71.519007285436 81.2709877888362 81.7517936229706 74.7885306676229 65.6394213438034 60.0269039471944 56.0417274634043 53.8404683272044 55.8163026968638 48.9691197872162 39.1246328751246 34.884716073672 36.2670148412387 36.9647070765495 36.2736185391744 15.8606991171837 16.1751732230186 13.0655293663343 20.4984769225121 73.6056268215179 83.7341745694478 52.5602499643962 16.9175167878469 5.88125425080458 5.95506839454174 8.61384160816669 6.45496944586436 14.9846151471138 18.8483633100986 28.0501196781794 12.0009904106458 12.5987033049266 30.780998369058 54.4381141662598 96.9085892041524 128.846536080043 142.050365606944
53.4518957138062 50.8801440397898 50.9652644395828 52.3075461387634 51.7895420392354 48.3845969041189 48.1858352820079 55.4890384276708 71.05553150177 67.3281749089559 58.8555037975311 59.7931494315465 65.1524762312571 53.8172076145808 54.7158618768056 62.9733304182688 70.6980476776759 77.7290562788645 78.6795119444529 72.2170968850454 66.8585548798243 60.5589747428894 57.9305291175842 54.8904438813527 47.4274257818858 38.3932739496231 26.9874061147372 28.2646765311559 31.033530831337 15.735786408186 11.360506216685 9.70276320974032 5.74922375380993 2.48406051347653 67.1673466761907 85.2068563302358 66.5425956249237 54.3632010618846 24.7984876235326 2.42145142207543 0.044465676182881 0 7.62201969822248 31.3094382484754 37.0504905780156 28.2345463832219 26.9958923260371 48.1713761885961 102.851728598277 146.057814359665 140.09040594101 128.420889377594
52.683820327123 49.4681845108668 44.2171692848206 39.9495288729668 40.1591335733732 42.023370663325 42.1868860721588 53.2709608475367 62.7873092889786 58.4983875354131 49.5637456576029 49.0338106950124 59.367448091507 55.4343809684118 52.1652201811473 50.7974525292714 51.3460139433543 58.3429833253225 68.2548930247625 72.431872288386 68.3904588222504 62.6360674699148 56.4909329017003 51.5487442413966 44.8428293069204 37.3100390036901 26.8106361230214 16.2770636379719 27.3715406656265 21.853302915891 11.3474788765113 6.85601557294528 1.21819375393291 0 0.0429218440937499 75.4548162221909 82.35797782739 92.6377872625987 74.4738678137461 27.9678155978521 1.86398966858784 0 1.98462465777993 16.2738139430682 42.2061632076899 60.8810236056646 80.865556995074 129.650016625722 169.513285160065 179.781874020894 165.109902620316 133.773903052012
54.7510633865992 52.7811199426651 47.1607446670532 40.7126024365425 39.2559766769409 41.9630606969198 35.0760022799174 32.8988631566366 34.6098293860753 31.5314754843712 24.8820930719376 22.5296393036842 26.3437454899152 42.9039299488068 49.7851471106211 44.6467647949855 33.1080456574758 29.9653708934784 41.4810851216316 60.5928202470144 62.3941818873088 57.2845488786697 50.825834274292 48.092375199 41.7001197735469 36.1084342002869 30.0332854191462 8.07618722319603 12.6519861320655 33.0547764897346 16.8307622273763 10.4824615021547 3.42466464887063 0 0 54.5646250247955 94.7845081488291 109.144429365794 95.6432620684306 67.0463740825653 35.119021932284 7.27973009149234 4.69605221102635 21.2792009115219 50.8759667476018 111.940811077754 151.994784673055 181.959768136342 190.931459267934 190.237800280253 180.764416853587 152.983208497365
56.3941051562627 56.3333481550217 53.8527319828669 50.4349619150162 48.6189325650533 47.9397277037303 33.5113803545634 20.4596643646558 20.8068129916986 22.6893524328868 20.1990666488806 17.7134908735752 18.8150405883789 39.2491271098455 52.5186359882355 42.8634385267893 25.9803161025047 14.3101637562116 17.4584711591403 31.3463757435481 41.7421162128448 45.2643781900406 45.885572830836 39.1921947399775 34.943679968516 30.4607997337977 11.3817391296228 5.88962559898694 9.27043954531352 36.0823820034663 44.5228964090347 37.7141485611598 18.8566210369269 0 0 33.6781690518061 88.0925456682841 96.3426132996877 77.62544353803 74.5996733506521 79.091802239418 63.7208173672358 42.423203587532 56.5959910551707 107.083857059479 150.972068309784 173.854331175486 184.873660405477 186.670899391174 184.235215187073 179.364581902822 157.847007115682
