input/barkrak2/radiation/dir31824.grid
NCOLS 85 
NROWS 70 
XLLCORNER 665100 
YLLCORNER 4664600 
CELLSIZE 20 
NODATA_value -9999 
[rows 0 to 21 of 70, columns 0 to 50 of 85]
88.459988435109494 106.287519137065 122.346977392832 140.847345193227 151.501516501109 154.09912665685 153.274873892466 150.937815507253 149.073362350464 152.432600657145 151.612490415573 147.840261459351 143.372376759847 144.102225701014 144.217173258464 130.710075298945 117.952088514964 106.691718101501 106.425782044729 106.359422206879 112.288544575373 133.16814104716 154.200335343679 158.363213141759 162.791788578033 173.177222410838 171.691258748372 161.838163932165 154.676218827566 155.637880166372 151.632944742839 173.82009824117 210.954070091248 207.534233729045 205.338100592295 197.60541121165 204.300006230672 215.759913126628 214.742104212443 212.460875511169 204.009632269541 212.238848209381 217.432836691538 208.56644709905 197.232941786448 203.631500403086 211.756547292074 171.521763006846 115.836630264918 111.502349376678 134.456892808278
59.8314652840296 73.7463384866714 84.834357102712 102.820366621017 115.370899438858 132.708032925924 145.639051993688 151.753644148509 157.005995512009 156.657586495082 155.533502499262 150.870303312937 145.762254794439 145.86278796196 145.934164524078 133.158276478449 123.193562030792 114.738494157791 112.035612265269 108.831733465195 122.740646203359 149.089445670446 168.482621510824 168.879330158234 172.042647997538 177.553455034892 173.669834931691 164.468030134837 158.075173695882 157.505224148432 158.149053653081 183.225532372793 209.255814552307 205.54397503535 202.413300673167 196.491837501526 205.773552258809 215.805013974508 214.364488919576 211.913863817851 207.244515419006 209.524671236674 204.885045687358 194.285253683726 188.141226768494 200.375040372213 202.324112256368 151.087492704391 122.966587543488 133.64510734876 163.192301988602
31.1780050396919 38.5190919041634 45.0288852055868 53.8312544425329 63.6128038167953 75.3089487552643 87.5113010406494 109.789401292801 141.924202442169 145.183851321538 149.061520894368 152.218927939733 154.832889636358 154.577811559041 156.369656324387 156.615147988001 152.755528688431 142.236967881521 125.998685757319 120.479812224706 131.818334261576 148.692558209101 160.983463128408 168.419142564138 172.511796156565 171.910385290782 169.073700904846 164.901594320933 161.186029513677 165.33350944519 174.662788709005 195.049901803335 207.035799821218 201.920072237651 197.784602642059 198.679804801941 207.635621229808 210.862874984741 205.636103947957 200.693964958191 197.16465473175 192.914724349976 179.295639197032 172.192354996999 178.057571252187 195.160925388336 187.837183475494 147.314767042796 142.649461825689 161.819934844971 188.432554403941
17.1278119087219 19.7173083821932 23.4174355864525 26.7594655354818 30.693843960762 34.5109055439631 42.2402918338776 60.765748222669 75.1484632492065 91.7413433392843 113.815367221832 144.428273042043 153.867910305659 157.171855370204 161.145746707916 167.458434899648 162.25387652715 152.777145306269 136.332621177038 129.381547371546 130.645632743835 132.201462984085 142.782350381215 152.071535587311 155.273099740346 160.127619902293 163.490980863571 163.651595513026 165.263990561167 171.858787536621 178.073187669118 197.599093119303 200.772047042847 200.734655062358 197.826981544495 198.105831940969 200.387597084045 201.013048489889 194.638808568319 186.201969782511 182.224770387014 172.935644785563 173.341433207194 185.622255007426 196.917573610942 191.680034001668 171.946426232656 149.792780478795 152.341783046722 165.440907080968 187.456687291463
26.7396618922551 20.6750929355621 15.0494749347369 9.28448451062044 8.16670432686806 18.6859232683976 30.9564918279648 40.3548205892245 47.395055492719 57.8487912813822 74.4145462910334 92.8679903348287 107.310116291046 119.93819475174 122.080196936925 127.185841401418 128.350655237834 131.793876489004 134.779820839564 129.63663538297 126.00635488828 124.198734760284 132.135470708211 141.229838132858 145.728290081024 150.725265343984 158.341278632482 162.921369075775 164.706359306971 166.628340880076 173.075020313263 196.063737074534 193.340420722961 195.630033810933 195.465604464213 194.138586521149 191.029667854309 188.369552294413 179.408490657806 170.837044715881 170.264780521393 173.163374265035 181.028246879578 192.012329896291 198.443214098612 173.171500364939 138.930141925812 132.630189259847 146.104623874029 164.5194987456 193.495035171509
50.2123832702637 38.0772302548091 22.5934286912282 9.92793341477712 6.20171551903089 11.0080117980639 22.481270134449 33.2441478967667 40.4026433825493 40.261780222257 44.868806997935 54.4914503892263 62.0555380980174 66.6392296552658 74.5514929294586 81.5548499425252 81.5770079692205 89.8245374361674 104.27729288737 112.466682990392 115.665962298711 120.486259460449 123.150765895844 124.953369299571 133.411347866058 141.335189342499 146.343171596527 151.530216137568 163.678785165151 169.404228528341 180.646101633708 191.032389799754 185.21785736084 183.718045552572 185.358762741089 187.245309352875 184.461216131846 179.586450258891 171.062588691711 171.292086442312 170.709888140361 169.92046435674 173.712293306986 179.744303226471 172.91533946991 135.920822620392 115.962773561478 125.803550084432 145.552814006805 183.997432390849 207.453846931458
65.8882757027944 51.5036235253016 39.9494295318921 27.0848348736763 14.8573492964109 10.1192879180113 11.8047073483467 24.7960140307744 36.8972892562548 42.5547858079275 38.9994780222575 38.6424511671066 36.5687261025111 34.4846695661545 36.043440302213 45.9691931804021 52.2473951180776 66.0087366898855 83.781490723292 98.2624491055806 108.697593212128 116.712818543116 118.211885293325 117.379009723663 124.032080173492 130.966415007909 135.015537341436 139.484862486521 145.109862089157 159.54977273941 178.426702817281 182.567715644836 173.697054386139 169.996023178101 168.416122595469 169.815500577291 170.301894346873 167.603154977163 162.663996219635 157.143245140711 152.359028657277 152.675787607829 159.415831168493 168.272137641907 167.140066623688 160.510569810867 171.022117137909 179.952124754588 192.054013411204 206.66229724884 211.502591768901
80.0857841968536 65.0995175043742 55.2296390136083 46.9382107257843 32.695675889651 15.3723632295926 8.30585137009621 0.743975241978963 16.1723581453164 30.6473945577939 37.974588572979 39.3593236804008 36.0003039240837 31.9671804706256 27.3906861742338 30.2050883571307 36.8994598587354 46.8609184026718 65.051923195521 80.9623549381892 95.2873428662618 106.771469116211 116.096168756485 116.888701915741 117.656389872233 118.211527665456 121.294438838959 124.201565980911 129.957139492035 141.481459140778 151.048282782237 158.860286076864 155.378599961599 153.131941954295 150.31224489212 151.341736316681 157.783329486847 156.281212965647 153.193175792694 138.567229111989 134.601801633835 142.018000284831 157.293101151784 169.503490130107 172.801375389099 179.363946119944 189.720590909322 191.208004951477 203.066150347392 207.748055458069 202.959279219309
74.4699637095134 64.8149053255717 54.4300178686778 48.6206909020742 43.759693702062 31.5382331609726 16.990639269352 6.83172978460789 13.0752623081207 19.551906734705 25.6218314170837 30.9851442774137 36.3109558820724 39.6796812613805 36.9664703806241 34.516379237175 33.0144762992859 35.8591675758362 46.5859572092692 58.9851339658101 71.9674577315648 84.9680503209432 97.8013972441355 100.970804691315 104.855239391327 101.892064015071 103.76900434494 111.243625481923 114.287555217743 123.741060495377 127.650926510493 129.808247089386 127.779374519984 127.542833487193 136.228670676549 142.894486586253 144.424060980479 147.587269544601 148.393283287684 143.814166386922 148.783554633458 158.296962579091 166.256715854009 169.364889462789 167.319416999817 166.188985109329 168.241659800212 180.639266967773 190.536141395569 186.151663462321 183.7397813797
56.1880767345428 52.2386829058329 46.4521199464798 38.2583190997442 37.0455707112948 35.3493168950081 29.7961632410685 21.3700284560521 13.4619635840257 10.694774488608 15.2151547372341 25.455966591835 37.2294783592224 44.9774861335754 51.0602096716563 49.304336309433 40.9516567985217 39.2087697982788 40.9137258927027 43.0324623982112 49.5283504327138 56.698814034462 65.8147831757863 75.7621824741364 84.9415957927704 88.5649919509888 87.2941613197327 89.0546441078186 97.6453423500061 104.261547327042 104.803095261256 106.95093870163 112.383822600047 113.023340702057 118.799696365992 123.270004987717 131.138612826665 138.764639695485 144.200166066488 154.563059409459 163.72095545133 168.258945147196 170.291920502981 169.269979000092 165.84720214208 165.46638806661 172.488729159037 178.036948045095 180.143078168233 182.40483601888 184.24665927887
21.648700038592 21.0967808961868 18.6736608544985 18.2954805592696 17.8151664634546 14.555369814237 19.416656345129 22.0459451278051 19.1084382434686 15.0280681749185 11.7277142902215 14.9969235062599 27.2309382756551 41.6736205418905 54.3095171451569 49.9077787001928 46.6041167577108 42.9500142733256 39.395901064078 37.9976307352384 38.883368174235 39.5709127187729 43.6895787715912 55.6442141532898 67.1657572189967 75.3868718942006 75.1800785462062 76.0707209507624 79.430565237999 85.4534010092417 93.6714212099711 95.7139531771342 103.170245885849 105.982720851898 106.7174077034 110.707958539327 116.258323192596 125.219702720642 140.211363633474 159.266213575999 166.294356187185 166.964689890544 163.383622964223 162.255624930064 162.444164355596 168.500522772471 175.344904263814 175.839086373647 175.074617067973 178.869128227234 180.587768554688
1.67452994113167 2.39640722672145 1.09886828189095 0.421374221332371 2.07865151017709e-07 3.67959736754149e-07 2.45422419781486 16.9068947434425 19.5225700736046 19.7988227009773 14.9334544936816 10.9808395306269 13.6647534867128 24.2642387747765 37.7687265475591 42.4894640843074 48.5193977753321 47.7529317140579 44.0022945404053 38.3742849032084 34.5398659507434 35.3012233972549 35.8192796508471 42.0137147108714 50.6551762421926 57.7847212553024 59.1194927692413 61.3784293333689 66.1688347657522 67.9157425959905 72.1445083618164 82.9830020666122 87.4016185601552 89.5852446556091 90.2663270632426 94.3660140037537 103.950391213099 113.364398479462 118.09320251147 140.543798605601 154.040952523549 155.617892742157 150.046726067861 147.399127483368 148.995578289032 149.557332197825 156.255930662155 160.562227169673 164.041539033254 170.688966910044 173.104405403137
0 0 0 0 0 0 0 1.71735029046734 16.4246434966723 24.2680013179779 24.3580614527067 19.5979736745358 11.4110683401426 11.6402643422286 21.2946633497874 37.8137106696765 48.621525367101 51.0211040576299 50.5262613296509 45.5617656310399 41.749452551206 41.904017329216 42.472908894221 43.8374131917953 45.8514889081319 47.0182200272878 50.6262828906377 56.1331212520599 56.8595627943675 58.6090981960297 59.1461211442947 59.6492240826289 60.9883815050125 73.1268326441447 77.7751356363297 80.7113399108251 89.1769131024679 98.6301501592 103.013296922048 113.001515467962 117.513030767441 121.610412995021 132.416109244029 135.667483011882 134.753674268723 136.72415415446 136.280218760173 139.429062604904 144.145915905635 149.209837118785 153.235415617625
0 0 0 0 0 0 0 0 0.835614744573832 17.2913099328677 28.6746149261792 33.333957195282 28.90944480896 21.2043225765228 19.6308456361294 33.2785323262215 42.7371561527252 52.2890488306681 60.0074628988902 58.4585169951121 52.9102236032486 52.2770931323369 50.9033401807149 51.4196455478668 53.4360160430272 53.5974552234014 54.0514638026555 61.1538191636403 60.15811363856 52.9635349909464 56.219091018041 55.9052874644597 51.275039712588 51.0187347730001 62.417209148407 75.8695304393768 77.755997578303 81.4975400765737 86.9442721207937 89.9080236752828 93.6732391516368 98.9385545253754 104.678968588511 116.08949303627 124.220291773478 131.158808867137 129.938979943593 124.82538819313 123.147934675217 125.178774197896 130.386849244436
5.85065844158332 0 0 0 0 0 0 0 0 5.35056740045547 22.826299071312 43.4132466713587 51.2940436601639 44.2118644714355 34.4793250163396 31.2727838754654 33.5070167978605 43.1870321432749 57.0879429578781 65.3079499801 66.6283667087555 63.5763804117839 62.6588116089503 59.5950434605281 60.4183524847031 61.8488291899363 60.7142945130666 60.2791359027227 61.1841380596161 55.2609364191691 51.7532924811045 50.6245245536168 50.653874874115 46.0161070028941 43.7271694342295 45.7910845677058 42.2332634528478 54.1888773441315 59.6608618895213 68.7003781398137 74.8814195394516 80.8844814697901 85.4091048240662 91.9884244600932 95.2585339546204 112.920463085175 123.259296019872 125.444839398066 121.092528104782 115.341434876124 116.594612598419
6.28363713622093 0.00223443779153361 0 0 0 0 0 0 0.0290306779788807 0.832937114561597 16.3240817685922 35.1764410734177 52.0638475815455 56.7854543526967 47.6104915142059 33.2915683587392 28.8630276918411 31.2642802794774 42.3948367436727 60.2218459049861 72.256272037824 70.6277936697006 72.3501692215602 69.655363758405 65.4733280340831 66.4055993159612 69.6935504674911 64.9561782677968 62.1100515127182 62.8776053587596 55.2717546621958 51.246186097463 44.2843784888585 38.1603315472603 34.3850255012512 35.2173298597336 31.7674105366071 31.3993419210116 32.927264769872 42.3627098401388 45.390119155248 46.7560738325119 50.1743406057358 52.5794525941213 64.5570506652196 76.5322148799896 92.3578540484111 107.505629460017 110.703567663829 107.150028149287 111.263612906138
4.26415664454301 0.458432283873359 0 0 0 0 0 0 0.635404993469516 1.26534001901746 1.72363423431913 26.3250644008319 45.8326786756516 58.6578150590261 60.2930635213852 53.9875477552414 47.5570162137349 40.0180940826734 35.2089951435725 42.9899344841639 62.5381817420324 75.0561952590942 79.3986072142919 77.3792018493017 72.9560752709707 74.3590692679087 74.5614518721898 74.6126472949982 72.4889437357585 69.5007890462875 59.9011381467183 53.9957682291667 44.4927165905635 35.5942522486051 29.8466011881828 24.6486514806747 17.7647235492865 18.8951057692369 19.1567266980807 24.8215223352114 25.4393070936203 27.7530749638875 27.5002817312876 34.1809466481209 44.5204476515452 55.9037228425344 63.6869172255198 71.2447166442871 86.5479310353597 101.362923781077 106.850802898407
2.63167358934879 0.752190127968788 1.52101960656144e-07 0 0 0 0 0.952535153677066 2.0088953897357 6.02406573792299 9.23594708244006 18.1374549865723 34.0587546428045 46.7292964458466 57.6165616512299 66.0926997661591 64.9624913930893 58.428555727005 46.9024479389191 38.2142812013626 45.3207741181056 66.4071540037791 74.1777420043945 78.3109019200007 80.0922165314357 81.886147459348 84.921399752299 81.7545006672541 77.3467123508453 78.4897158543269 66.4853900671005 54.2867680390676 42.1556532382965 35.7873638470968 26.3010710477829 21.8037267525991 15.6856949130694 11.9381596644719 11.7707575360934 14.7438732286294 15.8934493859609 22.0703383286794 24.1286531090736 26.4893621206284 32.3682179053624 41.374201575915 48.7460444370906 53.011566400528 56.2861462434133 65.0019943714142 80.7415097951889
2.93416964511077 3.44458067168792 2.60745920240879 0 0 0 0.714019406586885 2.66347639262676 6.98163546621799 13.7130978206793 18.9258133371671 22.800400853157 29.1749189297358 37.562683224678 50.1207411289215 62.7244412899017 65.9439514080683 67.9929107427597 66.0783598820368 54.8369437456131 43.1403269370397 53.228239218394 62.510351339976 71.6254164775213 83.0800533294678 87.9473090171814 91.2272334098816 90.6824370225271 83.8256975015004 73.1436510880788 71.363757054011 58.2335392634074 45.6784119208654 31.7161132891973 22.1650376915932 18.0531901617845 11.2017914652824 6.71372438470523 5.89983413616816 6.12933312853177 9.96844843029976 16.3285210728645 20.191103219986 23.9248449603717 25.9030510981878 33.9327131708463 37.8691032528877 42.593702673912 45.4870164394379 52.0212352275848 57.2683662176132
3.10011984159549 2.20831157639623 3.62005891899268 0.00600403169907319 0 1.51807597527901 2.04876825834314 3.03231831640005 3.80192262430986 14.0926900009314 21.5160970886548 20.9393401940664 20.9676722685496 26.4534528056781 36.9190101822217 50.1321305831273 56.8851182858149 62.3328437407812 68.8150326410929 69.5676257212957 63.0145271619161 52.4178395668666 54.9290180206299 63.7520402669907 75.7272094488144 83.5097829500834 87.210754553477 85.8563184738159 85.1196547349294 76.0095765193303 63.4969423214594 49.9123434225718 43.8749194145203 30.0617540876071 24.1826971371969 14.5734027028084 7.35258311033249 1.81550998240709 0.274376885499805 2.0023916537563 3.59221982459227 8.68965685367584 16.147680580616 19.0191840132078 21.0121124982834 26.8506358067195 30.0797993938128 32.3836579918861 38.0233004689217 43.8604205846786 44.2498922348022
5.82517683506012 1.61051843315363 0.173597790611287 0.866069303204616 0.169695005752146 2.05275230109692 1.66547019034624 3.43377453585466 4.41883659611146 6.45642106731733 15.7958852748076 15.6882132093112 14.7758697470029 17.53152658542 24.5795200268428 35.393329958121 43.4389611085256 50.0790725151698 58.7401837110519 71.0044155518214 77.738697330157 70.9896634022395 68.7963416179021 71.3496456543605 74.047659834226 75.3397246201833 80.3193102280299 79.1038274765015 73.5976696014404 62.0240519444148 59.2291454474131 44.1760371128718 27.3693899313609 21.3580404718717 8.40273313224316 1.98058985794584 0.140540980889151 0 0 1.29174254626108e-07 0 3.30791156738997 9.79822998245557 12.6252385477225 16.6068399945895 20.5607215563456 22.7382158239683 26.9104614853859 29.5464272300402 29.1173681616783 29.9622267484665
19.7651249667009 10.7696875929832 2.24012959127625 4.45112679153681 4.89504697422187 1.5509530591468 3.32444626837969 5.79108546177546 5.43104857206345 6.00264593958855 13.5712002714475 13.1971078614394 12.8682938714822 11.6479843854904 16.7518854141235 26.1266554395358 35.7358704010646 45.1030433177948 53.7824332714081 64.0481462081273 71.4902182420095 83.9493870735168 88.5845720767975 91.3453102111816 84.8933756351471 75.2160549163818 71.1277822653453 68.0889934301376 69.5840020974477 55.0777465105057 42.7328795194626 24.4341442982356 16.606035331885 4.37389003733794 0 0 0 1.30307024429991e-07 0 0 0 0 0.798947022606929 6.20608900984128 11.8641791244348 16.6815941532453 20.575974136591 21.5608725945155 23.1146564086278 25.6403932968775 24.1250743468602
