input/barkrak2/radiation/dir31524.grid
NCOLS 85 
NROWS 70 
XLLCORNER 665100 
YLLCORNER 4664600 
CELLSIZE 20 
NODATA_value -9999 
[rows 0 to 21 of 70, columns 0 to 50 of 85]
97.117880980173794 110.27913292249 126.465936501821 146.804789702098 157.582918802897 160.143027702967 157.560477654139 155.265510082245 153.398642937342 156.743158896764 157.40579366684 153.690020243327 149.24219250679 149.982879559199 150.15310049057 136.555145184199 123.624543348948 112.166513999303 113.133589426676 113.040864467621 116.466581821442 137.814491987228 159.529079993566 163.927872975667 168.305993080139 178.904136021932 177.398900190989 167.141556739807 159.00723139445 160.203595956167 156.076828638713 178.13632885615 222.092588742574 221.188108126322 216.040313243866 204.832990964254 209.459443887075 221.425751845042 218.704203764598 218.15166870753 209.220290184021 217.299302419027 222.827911376953 214.22553062439 202.729225158691 209.968527158101 216.174165407817 175.885220368703 120.006382465363 115.557233492533 138.869792222977
68.9805646737417 86.7566366990407 101.203838984172 123.521198829015 136.712392171224 145.284523566564 151.459554831187 157.506356636683 162.925690412521 162.600407997767 161.353409290314 156.698087851206 151.643176873525 151.772797107697 151.837746302287 137.328594923019 128.948320945104 120.3460196654 117.544730504354 115.11038740476 129.263291756312 155.131767193476 174.059629440308 174.585998058319 177.807629108429 183.42391649882 179.416875044505 169.885834058126 162.981728712718 161.752223968506 162.781367699305 189.312100410461 217.043340206146 211.510260899862 208.345750967662 203.968723615011 213.566780090332 223.472396532694 218.241016070048 216.205994288127 211.649457613627 213.805278142293 209.269324938456 198.906640211741 193.66975625356 206.01220925649 206.861754258474 156.810174385707 127.079010009766 137.927085161209 167.784790198008
35.5759610732396 43.8201328118642 53.3530116081238 60.9396795431773 71.9312926133474 84.6047500769297 101.619571447372 132.198005914688 146.204580863317 149.47102467219 153.352518876394 156.49288892746 159.051477909088 160.659124453863 162.406126658122 162.740419308345 158.94490480423 148.293574651082 131.786346435547 126.042872667313 137.490957975388 158.972720305125 172.943035761515 175.663828849792 178.373535474141 177.789251009623 174.767275651296 169.267694155375 166.264086961746 170.185685157776 179.663678010305 200.661579767863 212.96751499176 210.419297218323 205.794155597687 206.098993619283 213.333010673523 216.702044010162 213.685611883799 211.514433224996 207.044084866842 197.425822416941 184.314211209615 177.372554937998 183.638155460358 199.731012185415 192.489743232727 154.576003551483 147.027681271235 166.226963202159 193.123400211334
22.1867933869362 23.8400076826413 26.8170063694318 31.164638698101 34.4502329826355 39.1928081711133 50.588255127271 68.1313772996267 88.7955228487651 102.462937434514 134.102364381154 150.259047746658 159.932166337967 163.32354148229 167.319258054098 173.71263106664 168.513576189677 158.863494793574 142.163038253784 135.101526975632 136.339793602626 137.861172358195 148.638665676117 162.862082322439 165.823171536128 165.948410828908 169.193228085836 169.174512227376 170.655131340027 177.133500576019 183.323522408803 203.393916289012 206.818779309591 206.773142019908 203.806718190511 204.13076877594 208.71498187383 209.414660930634 202.903389930725 193.777918815613 187.906384468079 179.513434569041 178.565720717112 190.197388331095 201.464513937632 196.265439192454 177.315096060435 154.756516218185 156.815767288208 169.984499613444 192.403773466746
30.8260495464007 25.2818316221237 17.0386297007402 12.5206050773462 11.6078928112984 22.6914957165718 35.9588811794917 47.4517345428467 56.3797801733017 62.5642488400141 82.6962937911351 107.595473527908 121.588885784149 128.508031368256 138.18833231926 148.507624864578 146.894196669261 149.541695912679 142.644782861074 135.538876056671 131.653894980749 129.804452260335 137.962609529495 147.148132324219 156.557401021322 165.300498406092 167.268176873525 168.583671251933 170.244117577871 172.020157178243 178.580741087596 202.098111311595 199.516952037811 201.762974262238 201.465427875519 200.152277946472 197.148044904073 194.507400194804 185.425897439321 178.210218747457 178.838888804118 178.742110729218 188.185811042786 202.331344286601 203.971763451894 178.644378980001 146.090557177862 136.843810478846 150.62623222669 169.10711924235 198.749502499898
58.7802429993947 45.261949300766 27.4281452099482 12.6110824445883 8.70331004261971 14.3839220205943 26.1725634336472 39.3692304690679 45.6644346316656 46.9310681025187 53.8610319296519 63.6029740174611 70.2345470587413 76.1755059162776 81.0135106245677 88.704506556193 90.5291338761647 101.789861917496 115.730226039886 123.062233130137 128.166059652964 136.023094256719 132.569919029872 134.046852588654 145.410746335983 152.075270811717 159.318606058757 167.751510938009 171.071827411652 174.970328807831 186.487714449565 197.24041223526 191.496729850769 192.456523577372 193.670213222504 193.255364894867 190.542678038279 185.661097367605 176.969230175018 177.207112312317 176.627377669017 178.549865881602 182.144522666931 185.457785924276 180.705507596334 140.143732229869 120.923350254695 130.419582128525 150.266468524933 188.628156979879 211.808462937673
68.545788526535 59.2984557151794 44.2900558312734 30.5155292153358 19.3244144320488 12.2597267230352 15.9278611342112 31.871053079764 40.4371470212936 46.283354361852 45.4010764757792 42.3394391934077 39.3344908952713 39.1916756828626 39.8649101456006 49.3108630180359 56.195855140686 74.4540443023046 92.9140051205953 104.900459448497 115.534216165543 124.268035093943 125.321418046951 124.236255884171 132.527430852254 135.719835758209 141.40459895134 147.87632226944 161.809583504995 171.439210573832 184.862057367961 189.717868963877 180.771787961324 174.200177192688 175.269961357117 176.348785559336 178.278307120005 173.606832822164 168.538014094035 162.998537222544 158.115804195404 158.356269200643 166.517317295074 175.444563229879 172.445178031921 166.192183891932 176.761031150818 185.190677642822 197.54699865977 210.958123207092 215.671082337697
83.024650812149 71.1184442043304 63.5241071383158 53.0066986878713 36.8870298067729 19.9886187911034 11.0021705428759 5.91743116577466 21.3858882586161 38.8528232773145 46.0734715064367 44.9549853801727 39.3146201968193 35.5227837959925 30.1145116488139 31.9362158576647 39.0747437874476 51.3849804798762 68.5760726531347 86.9877537091573 100.07984439532 111.045052607854 121.108263731003 119.623223940531 124.58007534345 123.050351937612 126.181830962499 129.120717446009 136.695762475332 150.283356507619 169.030209382375 172.796626885732 164.275834957759 159.700294335683 157.400002082189 157.601147890091 164.002229770025 162.405331929525 159.354190031687 144.028315941493 140.063792467117 147.671759128571 163.24386994044 173.678974310557 180.233061313629 187.759598096212 195.320983727773 201.618015766144 212.025145689646 213.469048341115 207.263688246409
77.3582458496094 69.8378582795461 60.1811558008194 50.9998003641764 48.793226480484 36.9019831220309 20.0525385638078 8.39421339333057 15.1081743339698 20.9729820489883 27.8200233976046 35.2718705932299 43.1389709313711 44.8485563198725 39.7200336058935 36.2943410873413 35.1754277944565 39.7843246658643 51.0299901167552 62.8357231616974 77.5261471668879 89.0040099620819 102.611601352692 103.686302900314 107.651601235072 108.138471841812 110.15044649442 114.255259434382 120.718528827031 128.425101439158 134.389380613963 136.508842309316 140.345811843872 143.702884515127 145.160804192225 148.334155480067 150.720357894897 153.752774000168 154.271791378657 149.049391349157 154.478420813878 164.421925942103 172.482411066691 175.583978494008 173.286040623983 171.953002611796 177.125910917918 188.199023405711 196.459889411926 197.944442431132 192.682723204295
58.9017421007156 56.6945572694143 50.7955948511759 42.2907074292501 41.8823858102163 46.9675213098526 36.2650702397029 24.9628350138664 15.2745967109998 12.0583785076936 17.1279087662697 27.6942625641823 39.0447030464808 47.7709472179413 52.3455490668615 50.9285032749176 42.6713079214096 42.2164847453435 44.0781613190969 46.4051961898804 54.2703767617544 59.2155208190282 70.9706246852875 79.6142965555191 87.7110064029694 91.4177695910136 90.1001890500387 93.4529503186544 100.698302189509 107.381194829941 109.599928061167 111.832509438197 115.644067525864 121.210505565008 130.935241778692 137.620349725087 138.133347034454 144.172887007395 150.224924087524 158.490071694056 169.930259386698 174.639423688253 176.540990670522 175.545732180277 171.793242295583 171.254436175028 178.520441055298 186.58725420634 190.628111362457 190.134406089783 190.288742383321
25.3127887845039 23.0470821261406 22.9201043645541 27.1935015916824 21.908829609553 19.0146329502265 25.5307257175446 26.5180816253026 21.252120534579 16.9362251957258 13.2663783927759 16.4026282727718 29.0853902697563 43.6763515075048 55.6173125902812 50.4632244507472 48.8579968611399 47.2339739402135 44.4383422533671 40.3905709584554 41.3358211517334 42.6431794961294 47.2770631313324 59.1162542502085 70.8876301844915 78.2329340775808 79.2340834935506 78.8762172063192 85.1629376411438 94.4225986798604 96.807450056076 100.447754065196 108.18612575531 112.057596445084 112.784246603648 119.337220986684 130.364040533702 136.202444632848 146.393398443858 163.676132758458 170.023600260417 170.694649219513 169.603248437246 168.468813101451 168.63489151001 174.533506234487 181.506017843882 182.083010673523 181.316177050273 185.042341550191 191.264828046163
2.77235389997562 3.47949471324682 3.07709258049726 1.35705278565486 0.00325934221715822 0.00505149849535276 3.61098162829876 17.9325267672539 21.3501354058584 25.5518928170204 18.0817345778147 13.8250142335892 16.8304915229479 26.1628180742264 40.4704411824544 44.5977052052816 51.5734205643336 52.2835354010264 47.1515953540802 41.6694084803263 38.3299713333448 37.8411089380582 39.1671384374301 46.702966094017 54.7632873058319 60.6400867303213 61.8740866581599 66.1789278189341 68.8973913590113 70.5953538417816 80.2388588587443 87.4868830045064 92.1236276626587 94.4215655326843 96.693476041158 100.892414649328 109.144488970439 122.783641020457 135.828942060471 155.088057120641 160.045673449834 159.34411684672 156.14914894104 153.643290201823 154.986649751663 155.567824840546 162.377327680588 169.108053048452 172.771573066711 176.963726679484 176.950037479401
0.272275666551044 0 0 0 0 0 0 3.96014284342527 20.8962062994639 26.2931908170382 25.8309890826543 21.2401325503985 13.3986634512742 13.1367209057013 24.3933647871017 38.7456168731054 50.883541504542 55.7173838218053 55.125614007314 49.1161743799845 44.2703664302826 45.0528562068939 46.5885649124781 47.3556220531464 49.4864831368128 51.4486829439799 54.298480351766 59.8046878973643 62.6253386338552 62.1728599071503 62.5702291727066 68.5071696837743 76.0394583145777 76.2472450733185 80.9951225916545 85.9578251838684 92.4067596594493 103.904167811076 108.348230520884 122.691174348195 138.586868842443 140.234013398488 138.241797685623 139.799326658249 140.563617149989 142.576217651367 142.270565032959 147.735893726349 152.608186006546 155.445317427317 159.412036339442
0.57987899829944 0 0 0 0 0 0 0 1.28838901097576 19.0271275738875 28.6051978667577 35.0583642721176 31.4044579863548 23.7298011779785 22.6184899608294 34.5012893279394 45.7898775736491 55.5199186007182 62.4099870522817 62.3950262864431 56.668480237325 55.7246953248978 53.5695254802704 54.1412582000097 56.7133625348409 56.4379791418711 58.5450083017349 64.0221039454142 62.9181116819382 55.5749237537384 58.8920613129934 58.4550599257151 58.3074390888214 66.6352858146032 74.5410124460856 79.055721561114 82.137996951739 86.3950153191884 91.9850170612335 95.0014293193817 98.9402035872142 110.112915436427 124.12428855896 132.049083709717 129.960437615712 136.981834967931 135.823726654053 130.707085132599 129.035423199336 131.072411934535 136.224458614985
7.29570475717386 0 0 0 0 0 0 0 0 10.4055671642224 28.1276553869247 44.3097849686941 54.3391605218252 48.6776928106944 35.8399351437887 33.391331632932 36.4203974604607 47.4863151709239 60.9748860200246 69.4590012232463 70.7623859246572 67.2613084316254 67.6164130369822 64.4222547610601 63.2305939992269 64.776932199796 64.4646187623342 63.0264480908712 64.9263709783554 57.998721798261 54.3286403020223 55.9346924225489 53.0959616104762 48.300842444102 51.4842172463735 61.7008705933889 65.0902986526489 65.4257635275523 76.5460232893626 76.930711666743 80.112432440122 85.9082539876302 90.7096862792969 101.001073916753 112.952440977097 120.42897939682 129.002352555593 133.373628060023 126.970986525218 121.07127904892 122.279773155848
7.64775462448597 0.125291340130692 0 0 0 0 0 0 0.294964760541916 1.33560691028833 17.667505890131 37.8675659497579 52.9566456874212 60.8581403891246 53.8623680671056 37.0949630935987 31.0552393396695 34.191037217776 44.7555681069692 64.1374836365382 74.854388833046 74.4388202826182 76.513464252154 72.4924008051554 70.4496453205744 72.3468214273453 72.7006196975708 67.8381025791168 64.8889342943827 65.7086869080861 57.8600615262985 53.6947250366211 46.5167860190074 44.7412977615992 42.0366227626801 39.9614026149114 37.4747042854627 34.6305519342422 45.2048033475876 52.1933486064275 52.2540907065074 57.9946984847387 59.9187711874644 63.5071148475011 78.0285199483236 97.4506437778473 110.051870346069 118.427922328313 119.605600833893 116.458088159561 118.161618709564
5.30830894907316 0.761395785957575 0 0 0 0 0 0 1.09608820639551 1.48316255460183 6.50379372139772 28.940404454867 47.6352920134862 61.8878453969955 65.6294773022334 55.5362552404404 49.8308042685191 43.2431052128474 38.176084558169 45.452614625295 63.8202826182048 76.2141148249308 82.1888347466787 80.0806830326716 75.8626610040665 77.3277680079142 80.3976605335871 76.6778886318207 75.4219045241674 72.2455978393555 69.1130558649699 56.5281510353088 47.1777816613515 37.8878712654114 31.664252281189 26.2531787157059 23.24544886748 22.4653532107671 25.1486326257388 29.0121585130692 34.0266625086466 36.4576304952304 39.6783798933029 42.4022575219472 53.9171993732452 65.5032793680827 80.5934270222982 91.1122461160024 101.049075524012 106.173833211263 114.493181308111
3.43681592494249 1.34371919557452 0.00198103892519915 0 0 0 0 1.25692187187572 2.27995387588938 7.70695134997368 11.1631986995538 20.5593034625053 36.9525949160258 53.3499618371328 67.1343008677165 68.2426591714223 68.5429573059082 61.9387278954188 49.3338704109192 40.6912366549174 49.584632118543 69.1615591446559 78.3628771702449 81.1646928389867 84.3465924263 87.4294936656952 87.9031618436178 84.6300820509593 86.886465549469 81.3162575165431 69.0537045399348 56.6442509492238 50.6311257680257 37.7911329269409 30.7146857182185 24.4236215949059 18.066747734944 15.9752368927002 17.8241307536761 21.3360637426376 21.6673264900843 23.9691684643428 25.5341678857803 29.2753726243973 36.842867732048 46.3500469923019 54.0517618258794 58.4023197491964 70.6424961487452 86.1810743808746 97.2169935703278
3.8246912881732 4.5733709509174 3.6139419923226 0 0 0.0269818265223876 1.3114291553696 3.5575469955802 9.1178814570109 17.801841100057 21.3452155391375 24.318461616834 30.8866649866104 40.495865046978 53.2646328210831 64.2153521378835 71.4653084675471 73.4890550374985 70.1196442047755 58.4395825862885 45.7409570614497 56.1180760463079 65.3262337048848 75.6880939006805 86.0628684361776 92.4926201502482 96.9890952110291 94.731350739797 86.6792500019073 75.7478177547455 74.0942060947418 62.4999006589254 47.8413800398509 33.5092668732007 25.0167523821195 19.3870042761167 12.1828491489093 8.38088678816954 7.56006129086018 12.6659000913302 16.0948758323987 18.5628309845924 25.372751057148 27.7392119169235 29.8064673940341 38.4215985735257 42.6045755545298 47.4168360233307 52.1357357501984 58.6661646763484 76.8970797459285
4.07321937382221 3.19753432025512 4.50293906033039 0.166454391243557 0 1.94881887485584 2.43686093017459 3.99942758182685 4.96386395146449 16.1458477377892 22.8549912571907 22.3187655210495 22.6181671023369 28.3824627598127 38.9887765049934 51.8478055795034 61.9416336218516 66.3975576559703 71.3508774836858 72.2285509109497 65.7552977403005 56.1940868695577 57.7090680599213 67.7212327718735 77.7219285567601 88.0468885103862 90.1768803596497 86.7291192213694 87.2490108013153 79.558069507281 65.9515758355459 56.0465355714162 45.9699432055155 33.3799719810486 27.2100518147151 17.0334801077843 8.85157783826192 3.31585668027401 1.69428965697686 3.27165611088276 10.1434650520484 14.5268874863784 24.0945741534233 26.8757914503415 27.2215555111567 30.9039751688639 34.217211107413 38.1658871968587 44.1025147835414 50.1606166362762 51.1545886596044
7.12855656941732 2.41205018634597 0.568703981116414 1.7603204275171 0.746541501333316 2.89567994574706 2.44369140515725 4.45244523386161 5.62655615309874 10.5842426419258 17.0755585034688 17.2324602802594 17.1878971159458 20.0222333272298 26.1104479432106 36.5721533695857 47.7813382943471 55.1222066084544 63.6970301469167 74.9894132216771 81.9495817025502 73.8790581623713 72.6701666911443 75.6135135889053 77.0339816808701 79.7895689805349 83.3704670270284 81.1290194590886 76.2821137905121 75.9470711151759 61.6255104541779 46.2444225947062 30.4910391569138 24.2620060841242 9.38167857627074 2.87773708502452 0.534530845470726 0 0.00342451130563859 1.10723280037443 1.22334947809577 3.49792807052533 11.6682536900043 18.1963269909223 22.6613109310468 22.910142938296 26.6020943721135 30.9795290231705 33.6649964253108 36.3081221779188 35.8083968361219
22.0582361022631 12.642881522576 3.53018598010143 6.63284336527189 6.77400516966979 2.05737631767988 4.32771382232507 6.20039676626523 6.81456054250399 11.4757095774015 15.8681397636731 14.6125840644042 15.3016808132331 13.587078700463 19.052525361379 27.6114866137505 38.907952606678 47.4771906932195 56.3480158646901 67.8276469310125 77.0592788855235 90.0027553240458 94.9753324190776 94.3633913993835 87.9715085029602 79.656774799029 75.5065530538559 71.0382362206777 72.3048448562622 58.0826848745346 46.991969148318 27.2415926059087 19.0244490901629 5.57892645398776 0 0 0.00256066232395824 0.00228415183300967 0 0 0 0 7.49648983279864 8.27564547459284 15.8948376774788 21.3904802997907 25.6352772315343 25.4400297999382 28.4972041845322 26.8376618623734 26.361919939518
