input/barkrak2/radiation/dir32724.grid
NCOLS 85 
NROWS 70 
XLLCORNER 665100 
YLLCORNER 4664600 
CELLSIZE 20 
NODATA_value -9999 
[rows 46 to 68 of 70, columns 0 to 51 of 85]
60.1967424154282 61.6940210262934 64.4576847553253 66.4105316003164 66.214660803477 65.9821182489395 67.8110917409261 69.7445869445801 66.3339694341024 65.0188227494558 63.9712363481522 63.0902349948883 59.4366093476613 56.3418567180634 56.6345701615016 59.8746836185455 57.873656352361 53.5959055026372 58.8491807381312 57.049036026001 54.9689829349518 55.4944674173991 55.2965303262075 52.58709192276 60.7142349084218 54.5618832111359 56.0389260450999 56.7777256170909 56.6769192616145 55.8112512032191 54.1291584571203 50.9139100710551 50.0705341498057 50.1843045155207 52.1098176638285 53.4904897212982 54.6858211358388 60.1187447706858 62.0763748884201 59.0395033359528 59.46184694767 54.7246485948563 59.1828773419062 65.8280005057653 57.3774079481761 29.2009661595027 2.90621382494768 0 0 0 0 0
54.1997055212657 56.53910835584 62.1881186962128 63.7978265682856 67.3001209894816 68.9350366592407 66.8688913186391 66.5521919727325 66.716656088829 69.2696024974187 65.9523556629817 62.7664824326833 61.1936151981354 61.2130264441172 59.4297597805659 58.1986655791601 57.3848088582357 50.50461490949 54.391140739123 56.4383020003637 54.0055781602859 55.0356407960256 58.3989520867666 52.3421416680018 55.1348676284154 54.6006510655085 50.7170110940933 53.964763879776 55.8624863624573 55.3448299566905 55.400605003039 54.2629361152649 49.8816718657812 53.614134589831 63.0842943986257 67.4826850493749 62.3924831549327 57.2585761547089 60.1355532805125 68.3399041493734 62.040239572525 55.3788344065348 62.1423423290253 67.2639906406403 61.0483984152476 44.6783900260925 13.4329795837402 0 0 0 0 0
47.3364889621735 50.4952371120453 55.614228049914 59.234231710434 65.7165050506592 69.2842106024424 66.1218911409378 64.3363893032074 68.245862921079 70.7300355037053 68.6865945657094 64.4437472025553 63.0162060260773 64.2178257306417 61.7779244979223 56.7726641893387 55.6221902370453 51.2385070323944 53.9577752351761 58.0213963985443 57.8567037979762 58.6252907911936 59.8922868569692 58.1173400084178 55.8871974547704 57.2569072246552 54.4504423936208 58.3882133165995 63.0129476388296 64.5727018515269 69.1493352254232 68.7283923228582 59.3811571598053 61.4034533500671 68.413903315862 76.6354401906331 75.1615514357885 63.4099344412486 60.4302783807119 65.5592580636342 59.4033052523931 54.3947219848633 52.3767719666163 53.040271004041 51.4567544062932 50.2990186214447 39.3968547383944 4.23589100440343 0 0 0 0
46.250581741333 44.2493458588918 48.3950326840083 56.2937955061595 61.9471172491709 65.1337752739588 67.800094683965 70.5080976088842 71.7274894316991 68.383201956749 70.2645281950633 70.188691218694 66.9510662555695 64.3441379070282 62.5878969828288 58.3902895450592 56.9418172041575 54.6873907248179 56.9624255100886 61.6968721151352 63.1734828154246 63.1657888491948 61.4477197329203 62.9111429055532 58.542067805926 62.276283899943 63.3353441953659 66.7200088500977 72.6568549871445 77.8525372346242 83.1206887960434 85.2882663408915 75.4603296518326 69.2034016052882 68.6380217472712 76.4451126257579 79.0776312351227 74.6870934963226 65.4344856739044 57.5896402200063 52.5144785642624 54.4043332338333 52.9891947905223 49.5383640130361 45.9083169698715 49.0960230429967 42.0712133248647 10.7044453422228 0 0 0 0
46.5393364429474 49.9809285004934 53.5219560066859 59.6837053696314 60.2059016625086 60.5869690577189 68.4648503859838 73.4981695810954 73.5050588846207 73.1731156508128 72.9354868332545 72.7059294780095 69.1394408543905 65.0058190027873 65.0667001803716 67.6677624384562 61.2433751424154 61.1334145069122 61.80273493131 66.3733979066213 66.4392014344533 65.2427573998769 62.8742178281148 62.9736185073853 58.3345741033554 65.0298893451691 70.0796991586685 72.7035055557887 78.5270531972249 84.4818949699402 90.2172525723775 92.6586786905925 86.1843625704447 72.5974341233571 63.86632223924 57.5806846221288 66.3038641214371 75.2691725889842 66.8864399194717 54.7334551811218 48.653652270635 55.2344520886739 58.4846635659536 56.0929576555888 50.6330033143361 48.2540975014369 26.7691065867742 14.9033342798551 0 0 0 0
47.3899096250534 58.1399500370026 60.3553255399068 61.5443487962087 59.6875796715418 59.1935167709986 66.8925295273463 72.2654163837433 72.0299233992894 77.1589527527491 74.8000691334407 73.9869823058446 71.2955792744954 67.2528843084971 67.2846386830012 73.2099910577138 66.2555893262227 64.0183389186859 62.0699226856232 63.8834734757741 63.5174463192622 62.4677836894989 61.199814081192 58.3584805329641 56.6643575827281 59.0264697869619 66.5011455615361 68.9655691385269 72.6693371931712 79.9991935491562 85.8824849128723 92.757652203242 88.3840322494507 66.6964749495188 23.9959955215454 23.5041826963425 30.7442198197047 59.7715228796005 73.2375234365463 71.3065614302953 66.2848353385925 61.8416120608648 51.4667133490245 45.7991262276967 56.5670679012934 46.4879771073659 26.6285687685013 20.3120807806651 1.43378072728713 0 0 0
50.8951346079508 49.3623514970144 48.4972248474757 50.5566249291102 56.6901514927546 62.3997946580251 63.1619840860367 68.9749171336492 68.843682607015 73.5545953114827 74.0486631790797 75.9079207976659 75.5244791507721 70.6188182036082 68.80850593249 67.8934107224147 69.2536979913712 63.582847515742 58.0612123012543 56.1546385288239 55.86805442969 57.3014716307322 58.7617456912994 53.253248333931 55.195281902949 52.0904362201691 53.7239462137222 56.9483439127604 61.3730599482854 64.9781674146652 67.2705421845118 76.388289531072 73.9026218652725 52.0348995923996 19.763320684433 11.9360536336899 12.7467873195807 21.5743730465571 49.5876967906952 64.2386923233668 73.3581284681956 63.1259083747864 48.9121327797572 40.8205191294352 45.3981856505076 30.3962553540866 26.0263706247012 38.5038803021113 22.0406800508499 1.42397917807102 0 0
53.3638050158819 44.1005726655324 42.1021680037181 47.0961928367615 57.863046725591 66.2866334120433 65.8770799636841 66.9598430395126 69.669375816981 70.0582961241404 72.4101761976878 74.8876184225082 76.6395479440689 75.3506968418757 70.8413372437159 68.3454573154449 70.8541323741277 64.518541097641 59.7570091485977 60.3100160757701 59.6623867750168 57.8814049561818 55.8208475510279 52.234282096227 53.5098264614741 51.5787303447723 50.841694076856 50.5823294321696 51.460454861323 52.6604255040487 45.0870494047801 48.4359363714854 50.9738822778066 27.2253106037776 21.4504227042198 12.8516877690951 4.23239109416803 3.10064014047384 11.4714528123538 27.9324625929197 56.4381927251816 52.6685863733292 42.1978582938512 37.5983243187269 25.9276727835337 26.9922266403834 24.7369060913722 45.3579127788544 53.4229079882304 33.7286591529846 6.80085519949595 0
53.5552601019541 48.2875208059947 46.4498649040858 51.5424211819967 60.3357404470444 67.6020383834839 70.7728862762451 66.8745438257853 71.3926404714584 69.6878284215927 73.5614945491155 75.277383128802 76.6737212737401 78.2262980937958 73.9147166411082 73.2618669668833 73.5330879688263 68.1297232707341 65.3137813011805 65.776656071345 65.0850981473923 60.7524712880452 58.1593265136083 58.641920487086 55.2619596322378 54.9371292193731 53.6277145147324 49.5756765206655 46.0248192151388 43.2766526937485 36.6384660204252 38.8624022404353 45.6463346878688 47.6489067077637 45.8134313424428 35.0514923532804 14.3998910983404 4.45036931584279 3.21759811292092 8.44525421659152 24.0398695071538 28.3410002787908 24.3088230490685 18.2570616404216 17.9870364566644 23.5335702697436 25.5753894646962 38.2557908693949 49.2487549781799 54.0124326944351 35.3299130996068 5.09382039308548
56.6475888093313 55.2798509597778 51.9333630800247 50.8884340524673 56.5863947073619 66.8621708949407 68.534587820371 66.4740304152171 68.6587740977605 73.6730247735977 79.8213332891464 80.581322312355 78.8924396038055 79.4084618488948 77.2403627634048 76.912929614385 77.2257000207901 74.3960291147232 70.0664818286896 66.3934151331584 64.3553137779236 63.0406339963277 64.1129165887833 65.5858516693115 61.9279245535533 59.1398527224859 51.907479763031 45.5821752548218 38.6952112118403 36.4224165678024 37.2737844785055 43.6292241017024 49.8783091704051 61.475137869517 66.3126558065414 64.0687296787898 52.9029369354248 34.415269891421 24.4703441858292 7.93479507168134 13.3822895586491 23.5311736663183 25.6461873650551 18.3151525755723 21.4602326353391 35.0098138054212 54.6235640843709 48.5449333985647 43.544997771581 49.6994256973267 41.3721799850464 10.5292089283466
59.1457386811574 58.6097637812297 57.6050877571106 54.2756219704946 55.5606881777445 64.3625905116399 66.5486007928848 66.4624323447545 66.8651809295018 75.8782873551051 83.5958619912465 82.4767599503199 77.8581301371257 80.5967549482981 82.1224451065063 76.2929419676463 78.0053238073985 76.0065168142319 71.7205504576365 68.9984013636907 67.4924751122793 68.6634381612142 66.0275320212046 64.8845732212067 60.9651654958725 56.8646142880122 38.3658284942309 8.88567293683688 9.4107228020827 22.972509264946 34.6056148409843 40.6617522239685 48.0554401874542 55.2973250548045 66.3900325695674 77.8482506672541 70.3129768371582 62.7956986427307 48.8132884105047 28.6194483439128 15.0962186356386 23.6790428558985 45.2787429094315 45.2365130186081 40.519118309021 57.7667603890101 82.3832253615061 71.4864879846573 49.8268554608027 37.1489003300667 26.8928656975428 11.8217542767525
58.0660005410512 56.2226871649424 59.9199732144674 60.9980324904124 58.6141794919968 61.3078773021698 66.5125101804733 67.2678450743357 67.7893857161204 75.6671577692032 82.2647114594777 80.5675188700358 76.2734413146973 79.5396566390991 82.7911446491877 73.6461083094279 75.7321218649546 74.1197417179743 72.6389785607656 73.5556979974111 74.338287115097 73.5005140304565 68.5055901606878 62.9878292481105 60.741643110911 59.1870446999868 41.4714341362317 23.2448627551397 23.0003197987874 30.4984723528226 40.3854995965958 44.5993493000666 57.3972761631012 66.4023458957672 77.1232694387436 73.1738011042277 67.6744679609935 28.0752728382746 28.5516778628031 29.1567320624987 35.9366809328397 44.5102999607722 54.247056444486 27.4318779508273 21.6715683539708 26.0063459475835 61.7895424365997 57.6445460319519 44.8064506053925 35.6595243016879 29.7121678789457 22.5273420413335
47.0942954222361 54.4932633638382 57.9551557699839 60.7215861479441 60.9332124392192 57.7059934536616 66.5949732065201 70.3682601451874 71.2937613328298 76.3530979553858 78.6021848519643 77.5960783163707 77.2253374258677 75.5661030610402 77.222873767217 73.6084133386612 70.6691493590673 74.0826676289241 76.2593746185303 77.5998681783676 79.4622202714284 75.5074421564738 73.3264138301214 66.4032151301702 64.0201171239217 64.8535639047623 61.0391050577164 52.8727173805237 51.8527577320735 52.9567748308182 53.0720154444377 49.5250672101974 69.5503801107407 79.2244573434194 61.7642352978388 53.3991505702337 33.29236805439 15.3557993471622 6.73076882958412 15.2647619446119 14.922596514225 47.0280597607295 56.3397606213888 45.7443048556646 33.6930428942045 35.2241074045499 49.0969916184743 53.473562002182 50.840695699056 44.2696859439214 38.0109548568726 37.5490436951319
37.9079928000768 52.0889312028885 56.0472806294759 59.0431938568751 62.0068113009135 58.1826070944468 62.1618926525116 69.7286278009415 80.4442316293716 82.0420036713282 77.3771901925405 74.5101670424144 76.7287810643514 76.3010581334432 76.3254662354787 73.8427539666494 70.2093442281087 72.6371904214223 71.6673284769058 69.4624284903208 70.805827776591 69.9372390906016 69.5581436157227 68.6016182104747 68.8724269469579 72.7375994126002 79.7719558080037 83.4748844305674 70.1237221558889 64.1056398550669 53.2277325789134 49.355352918307 64.1993184884389 57.0839693148931 24.5989412069321 17.6414710779985 16.76328231891 10.6647225717703 1.71892127643029 0.0458470264372105 0 16.3401154180368 49.7070699930191 71.8568960825602 76.953520377477 71.2540000677109 70.444663365682 70.6482032934825 70.1346298058828 59.220145146052 48.5069155693054 60.0399474302928
39.7181312243144 49.4852612415949 56.4831296602885 59.0273588895798 60.5463286240896 60.7820947964986 55.2804172039032 64.6647910277049 84.7773055235545 83.5054516792297 75.1007397969564 72.013258934021 74.9662816524506 78.3464113871257 77.5429507096608 74.2247402667999 73.1621036926905 70.8747804164886 64.1055007775625 57.8878124554952 57.6934864123662 61.9237720966339 62.0476106802622 66.1418437957764 68.8293625911077 72.9682743549347 88.8424813747406 93.4239824612935 80.7611644268036 68.4184531370799 52.3492793242137 42.7948186794917 43.3800866206487 44.601172208786 22.8740672270457 13.4718492627144 14.5152409871419 20.750576009353 13.238437473774 2.91987477491299 0 4.31258790194988 24.8928045233091 54.1413128376007 56.1787535746892 55.9027840693792 55.5382072925568 64.9641305208206 60.9361131985982 54.5481741428375 55.6512475013733 91.3186570008596
51.0943432648977 54.1410992542903 56.5277387698491 53.2263815402985 47.4639236927032 44.5252309242884 52.3788382609685 57.6994319756826 67.4666265646617 63.2755259672801 60.9992643197378 65.4980341593425 72.9414224624634 75.4615167776744 71.2116807699203 73.1272200743357 73.5980023940404 67.8887218236923 60.0990851720174 54.6751767396927 54.0501922369003 55.040900905927 59.2338045438131 62.4404152234395 61.7673645416896 66.0956601301829 80.3623845179876 86.0984126726786 74.8698562383652 59.5296869675318 51.0848214228948 36.4367415507635 33.7996532519658 47.986701130867 44.2193249861399 21.8706578016281 21.854375799497 52.666371067365 50.0375727812449 34.2871472239494 9.22107013563315 5.9271485855182 15.1242800056934 22.7234040697416 21.4085107048353 23.2198884089788 25.8605579535166 32.1487933397293 41.7424390713374 47.3412722349167 69.9350039164225 125.050355990728
62.4971389770508 59.2561612526576 55.4669251044591 48.4504053990046 38.7822265426318 32.8309014439583 41.6685293118159 42.4539794524511 33.0768500765165 31.5791815519333 43.3883766333262 55.457149942716 61.5614553292592 65.7387773195903 68.8510884841283 79.3066422144572 81.733097632726 73.4216272830963 64.6732946236928 61.3392889499664 58.2489172617594 57.3166310787201 60.2350483338038 58.8906009991964 60.5138291915258 62.387893597285 69.8908070723216 72.161927819252 66.752369205157 47.1552511056264 51.2532293796539 41.637380917867 36.7269441485405 56.5667649110158 62.7980083227158 50.7555305957794 41.0440290967623 26.8694385886192 39.1663710276286 40.607417623202 27.7125264207522 12.9003797968229 14.7818885743618 15.2919453879197 9.66323787967364 10.7711267968019 18.7762851516406 20.984190205733 22.1194326877594 47.9926218589147 96.3980456193288 141.003290812174
65.2604252099991 58.7083250284195 53.8878391186396 50.0275939702988 42.9589152336121 37.1032406886419 32.7915524442991 28.4656410415967 12.5022605061531 20.6121106942495 36.8464862306913 50.076166788737 49.9433080355326 57.7981770038605 71.2984949350357 87.3949428399404 92.7972098191579 85.6542785962423 77.1719465653102 73.075940211614 67.7928229173024 66.0684406757355 64.4850532213847 60.8009745677312 58.8254829247793 59.9700758854548 60.2626005808512 59.8189681768417 55.2335133155187 40.3970628976822 38.1828670700391 39.6972025434176 35.903625190258 59.3105355898539 79.1503041982651 82.3336193958918 56.7394743363063 19.5137734214465 15.9296964605649 21.6322094202042 25.1717145244281 19.6410790085793 20.8246136705081 19.8171436786652 13.8389294346174 9.07899625599384 15.6749847034613 27.9678876201312 35.2903803189596 62.4163349469503 128.76945734024 160.147617260615
67.8023099899292 62.4304513136546 61.0924363136292 62.1810307105382 58.8526129722595 52.5939365228017 47.5024481614431 47.8529383738836 46.6431727011999 52.3312737544378 60.4469130436579 66.2259459495544 66.5639489889145 61.5814427534739 72.0826139052709 88.2032215595245 98.4937349955241 98.5775689284007 91.1543567975362 81.2904437383016 75.3237704435984 69.8224951823552 69.8905090490977 68.2724714279175 59.842437505722 54.0292312701543 51.2926429510117 51.66328450044 48.1128245592117 47.5817273060481 30.5601408084234 25.8542746305466 18.9973749220371 41.346641878287 86.4687164624532 96.4183608690898 63.7465318044027 23.9931543668111 10.310921818018 10.4094265649716 13.6414418617884 11.3472503920396 22.4557022253672 36.8946666518847 37.9434575637182 25.5108152826627 24.0562881032626 41.2962436676025 68.2405382394791 114.673982063929 147.782663504283 160.684982935588
68.6130772034327 65.8880174160004 66.0935292641322 67.3075616359711 66.7700668176015 63.1623466809591 62.9256069660187 70.7125912110011 87.3872836430867 83.3427508672078 74.4485755761464 75.4150400559108 81.0213387012482 68.8743889331818 70.2351828416189 78.8312902053197 87.7776145935059 94.5224364598592 95.1809088389079 88.3359412352244 82.4882487456004 76.4685372511546 71.5431521336238 69.2928930123647 63.2000168164571 49.4136859973272 42.3763493696849 41.8739567200343 42.3296491305033 27.7518009146055 16.9225769738356 14.9098361531893 10.1140371213357 10.2551362166802 82.9939146836599 97.8334546089172 78.2226473093033 66.0666127999624 34.0588291486104 5.96477650105953 1.00500090047717 0 12.3829531172911 41.3438429435094 48.1538573900859 38.4266649683317 37.1083145340284 61.3500674565633 120.49201130867 166.16482535998 159.047544002533 146.32374048233
67.7410860856374 64.3311341603597 58.6447467406591 53.7919054428736 54.1118731101354 56.3131421804428 56.4017792542775 68.8575804233551 79.5690516630809 74.8195896546046 64.4779602686564 64.4945800304413 75.3204723199209 70.8215485016505 67.4739678700765 66.174179315567 66.7425294717153 73.840856552124 84.0161641438802 88.5317126909892 84.2939813931783 78.3385137716929 70.9741910298665 65.9167071183522 56.2385022640228 51.0971397161484 36.331628759702 31.5292179584503 37.8229344884555 34.147302309672 16.8819166719913 11.442955583334 4.28796466439962 0 4.84291277825832 87.9013140996297 94.6538348992666 106.055667002996 87.688684463501 37.3053799072901 5.01270530124505 0.00225117795101445 5.10621163994074 27.8709307312965 53.9791285991669 74.5638757944107 96.4219768842061 148.516227801641 190.164526303609 200.450042883555 184.892356395721 151.786933342616
69.9959894021352 67.8838590780894 61.8499318758647 54.8897633949916 53.3122718334198 56.2252948681513 48.3855803807577 45.9831207990646 45.856108268102 43.6666707197825 37.201131383578 34.48203454415 39.2067159215609 57.061771551768 64.3980801105499 60.1698060830434 48.6658662557602 43.8719838857651 55.1387965679169 76.7808258533478 78.3571153879166 72.5198686122894 66.0443653662999 61.1155281464259 54.3377300103505 50.8102079232534 40.5341113607089 18.6849869787693 30.4314792156219 43.2283182938894 24.8019049564997 15.8569614092509 7.25815817713737 0 0 68.0271238088608 107.848038276037 122.408658266068 109.096477429072 79.5166740814845 45.6714183092117 14.1379646956921 10.9350668887297 30.708705385526 64.3707563479741 129.463016986847 171.269436677297 202.653507391612 211.5877866745 210.895975430806 201.215008894602 172.076265017192
71.7336585124334 71.64399822553 68.9684450626373 65.306544303894 63.3986244599024 62.6300772031148 46.9138572613398 32.3114568988482 32.8241835037867 35.0692619880041 32.2163949410121 29.4066642721494 30.6924432516098 53.2540579636892 67.4500068028768 58.3059787750244 36.4155421654383 25.1703262329102 29.0394574403763 46.8427489201228 56.2856793403625 59.4796041647593 60.2840383847555 54.2686283588409 46.4198440313339 42.2484179337819 31.876469651858 10.2330297231674 22.0562467972438 46.5986977020899 55.6153357028961 48.6656030019124 28.4069627523422 0 0 45.4890231291453 101.715018351873 109.682818253835 90.018371740977 87.030033270518 92.810998360316 77.9239237308502 55.3052524725596 70.9228217601776 125.142733256022 170.935213565826 194.330354531606 205.602427323659 207.351545492808 204.977432886759 200.055241584778 177.52993106842
