input/barkrak2/radiation/dir34324.grid
NCOLS 85 
NROWS 70 
XLLCORNER 665100 
YLLCORNER 4664600 
CELLSIZE 20 
NODATA_value -9999 
[rows 23 to 45 of 70, columns 0 to 51 of 85]
59.6388181050619 49.7228056192398 20.7128586868445 5.36730761329333 0.356528248327474 8.23076255619526 4.8061137398084 3.69265551368395 2.52166561161478 2.22667058308919 2.18466095005473 2.8018814822038 10.2958492934704 13.4320557117462 10.7100829482079 11.4893851180871 16.5362817545732 24.1952960689863 28.6547789971034 22.6937929789225 21.5120613574982 24.8989760875702 35.7779065767924 44.742892185847 50.8014708757401 50.1090486844381 45.036569237709 38.5191192229589 20.1569000879924 8.45378264784813 4.92246355861425 0.924303351591031 0 0 0 0 0 0 0 0 0 0 0 0 0 0 0 0 0 0 0 0
59.5368544260661 55.6764254967372 35.3049958745639 9.32105506459872 0 2.80916628738244 4.14671873052915 4.92127301792304 4.11836709827185 3.41932444522778 2.18600314110518 1.99573083470265 6.49709316591422 11.2061053514481 10.8974327643712 10.5460534493128 14.6944237252076 22.5066592295965 27.965302268664 21.2882707516352 20.0375740726789 17.3923696080844 23.4761809309324 31.0355325539907 35.1595431566238 35.6074025233587 32.9445973038673 29.3750539422035 13.3706914881865 4.3491463487347 1.84248434379697 1.01076423500975 0 0 0 0 0 0 0 0 0 0 0 0 0 0 0 0 0 0 0 0
47.7818548679352 51.6682465871175 44.7914451360703 17.8639714916547 0 7.93190176288287 15.0415127476056 22.6492981115977 23.5042745868365 18.6104116340478 14.333354930083 15.3960697352886 14.0366517007351 17.234696696202 17.037782818079 12.566847105821 13.9187437792619 20.9032197793325 27.2619475920995 29.3046236038208 29.5939495166143 26.0015428066254 23.2606902718544 22.8966449697812 25.4745980103811 27.0752112070719 23.8070636987686 24.344007174174 14.5327510933081 10.7394258181254 8.25555995106697 10.3950469444195 6.13439207275708 0 0 0 0 0 0 0 0 0 0 0 0 0 0 0 0 0 0 0
46.5217530727386 51.0913630326589 48.7581193447113 26.0501429438591 5.4844506084919 18.3766248325507 30.9960668285688 40.9240995844205 48.215389251709 44.0067748228709 26.9919410347939 28.6928092439969 25.766799847285 26.7944410443306 27.1595567464828 18.3572471141815 15.9001611173153 22.4730124076207 29.8054963350296 38.6970043182373 39.7074744105339 37.0863527059555 29.6393781900406 24.8863945404689 25.1387084523837 26.8656089901924 22.8646447261175 29.9561396241188 28.6317393183708 27.4394700924555 30.9047624468803 45.4312811295191 52.7378618717194 33.8141520818075 0 0 0 0 0 0 0 0 0 0 0 0 0 0 0 0 0 0
47.699049115181 46.860545873642 46.8596319357554 31.4153035481771 26.6137917836507 37.4974409739176 50.1645902792613 58.310071627299 58.9944819609324 49.9939123789469 36.9922171036402 31.0071855783463 27.5021667281787 29.494546353817 31.6125651200612 26.409571369489 21.4722355206807 25.7231419285138 37.1849859754244 42.5367106993993 39.8645450671514 32.1223263939222 29.8309400677681 30.3665349880854 30.5205434560776 30.4995651046435 28.3383379379908 37.6671875516574 53.4303784370422 57.6308767000834 60.5518023173014 66.2900060415268 75.7570564746857 80.5622587601344 39.7162685791651 0 0 0 0 0 0 0 0 0 0 0 0 0 0 0 0 0
50.489197174708 41.2106439471245 41.5880531072617 33.678208788236 45.0982749462128 50.2624114354452 54.640918970108 53.3445924520493 47.7160662412643 37.9296864072482 31.2101393938065 27.4278670549393 27.378685772419 31.446173787117 32.6322143276533 33.3977267146111 28.245247900486 24.9181787172953 32.5544526179632 35.6954981883367 34.0804010629654 27.6716699202855 27.3872961600622 32.5858071446419 34.5603773991267 31.4226945241292 32.1387449900309 37.5669474403063 59.2040717601776 71.2494154771169 77.1367053190867 80.2364746729533 87.662547826767 89.9726152420044 79.3419679005941 17.1366954843203 0 0 0 0 0 0 0 0 0 0 0 0 0 0 0 0
51.7203112443288 36.9776040315628 36.9065130750338 37.8076036771139 47.0902224381765 49.9117473761241 42.2756324211756 32.8278467059135 7.9708198706309 6.34520252545675 5.5862491329511 13.6013093094031 25.2922301491102 31.8827778100967 33.2911958297094 36.6740177075068 34.2402532696724 23.3210449417432 25.0239695111911 27.9914115866025 27.0971978704135 27.3143400748571 27.7697642644246 32.7583104372025 37.3723184068998 34.2804143826167 36.2680554389954 37.8920684258143 53.1736065944036 73.4255214532216 84.5518906911214 88.6755585670471 90.988943974177 92.8915937741597 98.5366702079773 80.0672123829524 12.4054066836834 0 0 0 0 0 0 0 0 0 0 0 0 0 0 0
51.0989477237066 51.3640542825063 68.2035436232885 94.8222577571869 75.8505761623383 55.9827337662379 34.4546983639399 8.58080511291822 5.84044121205807 11.3981366157532 4.63326865186294 4.90453280508518 23.8260800639788 32.1776221195857 34.93432700634 41.6723936796188 38.4450629353523 27.2399956981341 26.7270977298419 29.062956571579 26.5087833007177 29.9139320850372 31.509426732858 33.8843017816544 38.8275906443596 42.2939161459605 40.801299115022 42.9672698179881 54.5361538728078 76.5130817890167 91.0923381646474 92.5544599692027 91.0259385903676 97.457488377889 106.851836045583 109.492878119151 83.9345653851827 32.9819669326146 0.0325292373114886 0 0 0 0 0 0 0 0 0 0 0 0 0
61.3074749708176 90.1726682980855 134.373346964518 154.567162195841 135.282248258591 90.151846408844 50.8966545263926 27.6205390691757 22.0050637920698 26.6012648741404 19.8141895234585 17.1996715168158 25.4170844952265 31.5883830189705 39.447824160258 43.6389893293381 39.6969591577848 34.295750161012 29.0180370211601 29.8386812210083 29.8062687118848 32.797560095787 34.9035337567329 34.5707287391027 39.1632840037346 49.1883407036463 49.272100130717 54.2542437712351 62.8138234217962 77.8769155343374 90.8580323060354 97.3235368728638 97.4851349989573 102.208266655604 108.466486136119 109.387040138245 102.711588144302 83.5227469603221 29.3629318475723 0 0 0 0 0 0 0 0 0 0 0 0 0
114.5179271698 149.031351010005 174.346407254537 176.995635032654 173.91836643219 149.092972278595 112.519234418869 79.9430062373479 60.6852769851685 50.8387088775635 45.6633716821671 39.1864826281865 27.6679073770841 29.0566806991895 37.4756728609403 43.4932957092921 38.472592830658 39.3103832999865 29.566802084446 28.0731394886971 31.6500763098399 33.1140259901683 33.5425461332003 33.8435371716817 37.8205055991809 50.1208454370499 55.4219285647074 61.2621853748957 69.3932076295217 76.940710345904 86.1225922902425 95.3970054785411 97.2643693288167 94.4756964842478 95.4114695390065 91.1420087019603 92.4904942512512 79.6221991380056 40.9322381019592 0.20041842556869 0 0 0 0 0 0 0 0 0 0 0 0
166.15096728007 184.318681557973 188.871284325918 187.954703966777 190.954049428304 186.225970586141 165.200680494308 127.816875775655 95.3197876612345 72.2035070260366 72.6326207319895 64.41330909729 43.7839329242706 35.4901030659676 35.8032385508219 39.4520312547684 33.7797204653422 34.4265898068746 28.296485543251 29.3585633238157 28.9856046438217 30.40911257267 29.6730548143387 29.2410055796305 35.1736595233281 44.1406518220901 54.6769698460897 58.2226614157359 66.4621243874232 76.6898145278295 86.2413247426351 87.96626329422 80.1237026850383 70.9386517604192 72.5554078817368 61.4800949891408 62.8208021322886 49.699659148852 12.487447510163 0 0.632978044450283 0 0 0 0 0 0 0 0 0 0 0
181.12979332606 190.264701843262 188.534994920095 191.052238146464 192.514618237813 189.997951189677 180.450558662415 153.528193632762 110.174953937531 84.8807295163472 83.230048418045 80.9724579254786 64.4406378269196 44.7614143292109 36.9272157549858 37.000151971976 31.857080757618 28.7583147486051 28.2751272122065 30.9905856847763 28.0464539925257 27.5623897711436 28.4503971536954 29.5178244511286 33.3721761902173 38.955549399058 47.9277869065603 48.6641079187393 56.7525078852971 71.7098216215769 79.0673792362213 77.9463201761246 72.9574759801229 66.9764677683512 59.9281291166941 50.3360430399577 53.9359350999196 51.4843861262004 34.0617100397746 5.00899304946264 5.67669918139776 0 0 0 0 0 0 0 0 0 0 0
172.893802324931 177.478452523549 173.231502374013 175.396164258321 175.711890061696 170.661886533101 165.380338827769 149.07627304395 114.749848842621 95.088263352712 88.7737770875295 81.7055801550547 74.0621636311213 50.4368841648102 39.3651574850082 40.7665049036344 34.4696491956711 27.423694729805 30.6921899318695 31.8361793955167 30.9664780894915 28.4909879167875 31.1335225900014 34.2187682787577 33.1111003955205 37.5453283389409 40.9188941121101 42.0371194680532 48.274427652359 64.4511779149373 72.5335429112117 71.7275043328603 74.6271312236786 75.4169474045436 60.1216455300649 55.2084296941757 59.1771602630615 65.0569399197896 59.5692495505015 24.3097792069117 0 0 0 0 0 0 0 0 0 0 0 0
147.029340267181 150.804887215296 153.273900349935 150.592545668284 149.233450492223 148.964037497838 153.650283813477 150.824735562007 127.007295687993 102.974325418472 91.0606185595195 73.5403994719187 67.4906571706136 46.9931860764821 36.1386264363925 40.3890361388524 41.7536894480387 31.7143499851227 33.7836096684138 36.9730840126673 36.8860363960266 33.7271293004354 33.8841726382573 36.6625711321831 35.0981503725052 34.8101456960042 39.9886245528857 45.5193569262822 49.6535400549571 59.7852220137914 70.2536900838216 73.4870831171672 75.3296911716461 79.1726360718409 63.6267811059952 63.3178055286407 63.3538017670313 71.2074687083562 70.6837425629298 36.0105435053507 0 0 0 0 0 0 0 0 0 0 0 0
124.645560979843 133.560597896576 145.056704680125 141.313423713048 140.409022569656 147.009750207265 156.824171543121 160.318026940028 145.831902821859 116.680473089218 92.2303895155589 67.0383373896281 50.8112609386444 40.2646114428838 32.4933057030042 35.7633829116821 45.1759845018387 38.3503238360087 36.546878516674 39.3495410680771 39.8150036732356 37.0146309336027 35.1422106226285 36.5693420171738 37.3275279998779 36.8621498346329 38.9922658602397 46.6575523217519 49.972802400589 54.207111398379 64.9067809184392 74.3953635295232 75.9111891190211 71.2750355402629 61.043714483579 70.4399744669596 72.0759133497874 76.6469736893972 77.6715377966563 54.2488346497218 0 0 0 0 0 0 0 0 0 0 0 0
89.4415279229482 100.548257430394 108.687380949656 112.835129102071 121.04994058609 136.71753803889 150.330891211828 159.325102965037 156.786441802979 129.302124182383 96.3600774606069 64.6627893050512 46.3764766852061 43.5061305761337 36.7235740025838 31.8330675363541 41.2298639615377 41.8195029099782 36.868579685688 36.8677377700806 37.3338709274928 35.4200328389804 33.3508998155594 34.4911615053813 37.6485536495844 40.5189866820971 40.0988931457202 44.1681047280629 48.5822955767314 50.5431989828746 57.4856003125509 70.9982415040334 74.666698773702 62.6097023487091 63.6344105005264 78.2638092835744 81.2439024448395 79.3644289175669 82.0439358552297 77.6726404825846 27.7730077505112 0 0 0 0 0 0 0 0 0 0 0
56.486318508784 62.7800275882085 62.2588743766149 72.0653931299845 86.9310299555461 103.407124678294 118.230521678925 130.978683630625 132.461796204249 109.807878732681 76.2937714656194 53.6810060342153 41.7661666870117 40.6813472509384 37.9063139359156 33.4176421165466 37.7412438392639 38.3474081754684 32.7159116665522 33.1699202458064 35.9844217697779 38.6741310358047 38.5337223609289 35.3504866361618 34.3568275372187 37.1641193826993 41.4499094088872 44.2490577697754 47.8125711282094 47.7610180775324 50.969531138738 61.2235764662425 68.0911441644033 64.5959774653117 80.9661547342936 86.802730957667 84.5172206560771 79.3299973011017 84.4975113868713 96.9602465629578 88.3474349975586 33.8873515526454 0 0 0 0 0 0 0 0 0 0
46.1943944295247 47.9234506686529 47.9744970798492 49.9764680862427 58.4269861380259 64.1997456550598 67.8336769342422 73.526660601298 73.9034016927083 59.3497852484385 44.8366900285085 41.2370686729749 40.0229692459106 37.5323618451754 36.6305187344551 37.7159068981806 36.5339790781339 36.1280366778374 32.49358634154 32.7812383572261 36.7344220479329 41.5015468994776 43.1178708871206 39.7545297940572 37.3596747716268 36.1100311080615 43.7324742476145 45.8036164442698 48.7666030724843 48.596645394961 47.9706029097239 54.7821273406347 62.4100466569265 70.7230667273204 87.064395348231 86.7735842863719 78.1322419643402 68.5427983601888 71.82510693868 88.5599752267202 97.4481403827667 89.9649461110433 43.7546720107396 1.1914266894261 0 0 0 0 0 0 0 0
53.8881073395411 51.5545457601547 51.7817735671997 51.5605608622233 48.2893337806066 46.5542773405711 45.3667193651199 46.560933192571 51.1937439441681 44.0745751063029 37.0178421338399 38.4142721692721 41.3492570320765 41.9147461652756 40.8051361640294 39.6689251065254 34.8561803499858 41.2978927294413 42.588214079539 39.8246198892593 42.0039345820745 41.7136351267497 40.7411406437556 43.1875884532928 44.7022318840027 40.742630759875 45.2748934427897 47.6509879032771 48.8567799329758 50.4907071590424 51.0910451412201 53.5145103931427 60.4899277289708 75.4231711228689 81.5020799636841 76.5253305435181 67.2875891129176 57.8646312157313 55.4904838403066 66.0745551188787 89.8250142733256 90.7025138537089 69.8008139928182 24.6377512812614 0 0 0 0 0 0 0 0
57.9113960266113 55.3030073642731 58.0350955327352 56.8260997533798 50.3757695357005 47.3970323801041 45.5012222131093 43.1699504454931 43.4597184260686 40.2850757042567 38.9637077848117 38.9636109272639 42.3998186985652 45.5795625845591 45.3317115704219 42.9942309856415 40.2791450421015 45.2018231153488 48.0897923310598 42.9549316565196 41.5403520067533 39.2431964476903 36.1353084445 38.6370966831843 43.2734191417694 40.2471969525019 37.1044799685478 42.433112859726 46.2395449479421 48.3512381712596 48.7699011961619 48.7249890963236 58.7078134218852 76.0872364044189 80.6191066900889 68.05719435215 58.7976922591527 55.5945734182994 53.702712059021 61.7417991161346 66.9483592112859 69.5221275091171 58.4035217761993 31.3203185796738 0 0 0 0 0 0 0 0
43.2959993680318 45.7985401153564 53.9972086747487 51.5720595916112 53.9602339267731 56.2840600808462 55.5730809768041 51.8217881520589 42.2914624214172 41.0321032007535 44.0648893515269 41.3455218076706 41.7437901099523 45.5285906791687 45.3945298989614 43.5412625471751 44.8741813500722 46.6759502887726 47.5255747636159 43.4901614983877 39.3301496903102 36.5341976284981 35.0056290626526 35.3217720985413 38.3502840995789 41.5431708097458 36.92793349425 38.7468660871188 43.1483487288157 45.1883425315221 43.8729425271352 41.8910731871923 50.6388644377391 64.4797682762146 68.43368212382 60.9764754772186 57.0649256308874 58.6991806825002 59.2909902334213 59.6186816692352 57.4551622072856 56.5099716186523 52.1544416745504 30.938299993674 0.565516219163934 0 0 0 0 0 0 0
41.823148727417 47.3418335119883 50.1558234294256 50.836314757665 52.5933702786764 55.0181170304616 55.3750594456991 51.8225828806559 47.8633592526118 44.3605333566666 45.9780891736348 44.0390010674795 41.5671666463216 40.1840656995773 39.5547896623611 39.9120002985001 37.3741338650386 43.1402673323949 44.4006373484929 42.6040838162104 39.5185699065526 38.081482052803 38.1969089309374 39.5388727386793 37.8918722271919 46.0503250360489 48.1597284475962 45.1292395591736 44.7869251171748 43.3771361907323 39.4746661186218 37.4522159496943 42.4212217330933 46.9660063584646 51.9575178623199 55.7201902071635 58.984562754631 63.5181864102682 64.4415815671285 56.9599121809006 57.115226984024 53.5217275222143 51.0009825229645 35.2239161729813 7.71821538607279 0 0 0 0 0 0 0
47.6727982362111 52.0533720652262 49.4182606538137 52.5818069775899 51.2663622697194 51.428347826004 53.0301382144292 51.815335949262 53.1378984451294 49.3033727010091 48.6206859350204 47.869861125946 43.8861648241679 39.698600769043 39.2710169156392 42.6773230234782 38.4676779309909 41.0487800836563 44.9661364157995 43.842280904452 41.3163155317307 41.1753778656324 41.3149868448575 42.7709370851517 44.9339250723521 45.6267495950063 50.6774336099625 48.1598675251007 45.1846420764923 44.8663582404455 41.0705258448919 38.1515274445216 40.2366369962692 39.456566174825 40.2797982096672 43.9068476359049 49.9716848134995 58.7080965439479 56.8200051784515 47.1769620974859 48.836886882782 46.8505124251048 46.6704616943995 43.9937065045039 28.2080247998238 3.16570916523536 0 0 0 0 0 0
