input/barkrak2/radiation/dir34624.grid
NCOLS 85 
NROWS 70 
XLLCORNER 665100 
YLLCORNER 4664600 
CELLSIZE 20 
NODATA_value -9999 
[rows 23 to 45 of 70, columns 0 to 51 of 85]
58.4484835465749 48.5984186331431 19.8648410538832 4.38454654067755 0.155514135258272 7.43954256176949 4.68707239876191 3.61819285899401 2.47317894051472 2.18403587738673 2.14046069110433 1.75542648260792 9.91845938066641 12.8992709020774 10.1958302160104 10.9228864312172 16.1508793632189 23.4564592440923 27.8906847039859 21.9544842839241 20.9716930985451 24.2323279380798 34.2702741424243 43.9434846242269 49.9566495418549 49.7098714113235 43.4096902608871 37.7746944626172 17.2892933090528 7.82431041200956 4.62785953034957 0.812679994851351 0 0 0 0 0 0 0 0 0 0 0 0 0 0 0 0 0 0 0 0
58.3681066830953 54.533248146375 34.3006576100985 8.584792415301 0 2.65730948497852 4.02484244356553 4.08547619978587 3.31252999603748 3.36265781273445 2.14618863537908 1.94709996382395 5.28787200649579 10.8056304355462 10.114099830389 9.98716366787752 14.2058109243711 21.7834313710531 27.1795094013214 20.5267667770386 18.9015232026577 16.7113107939561 22.8133921821912 30.2688479423523 34.3285476167997 34.7697337468465 31.6647241512934 28.6982903877894 12.4263900021712 4.06522676348686 1.67577620595694 0.895721061776082 0 0 0 0 0 0 0 0 0 0 0 0 0 0 0 0 0 0 0 0
46.719824274381 50.559456149737 43.7100579341253 17.0338513950507 0 7.15930387377739 14.672605941693 22.3515679438909 23.2758224010468 18.4540053208669 14.1709124048551 15.1507370173931 13.6924932400386 16.9355099399885 16.6423631211122 12.0016112923622 13.383953521649 19.9210271239281 26.4612485965093 28.8296689589818 28.848260641098 25.3273497025172 22.5878904263179 22.147960960865 24.6534794569016 26.2397726376851 22.7956026792526 23.4797497590383 13.6256503562133 10.1441523681084 7.80026242136955 9.92674753069878 5.76866293946902 0 0 0 0 0 0 0 0 0 0 0 0 0 0 0 0 0 0 0
45.4653948545456 49.9928891658783 47.6586123307546 25.1301775376002 4.79183190812667 17.7979742487272 30.5656666556994 40.6121934453646 47.9516337315241 43.8986420631409 26.7771358291308 27.37973878781 25.5080908536911 26.7422174413999 26.8711323539416 17.4079860250155 15.3885583082835 21.5940003593763 29.0022939443588 37.8755877415339 39.1828492283821 36.3611131906509 28.8904408613841 23.7345074613889 24.0477422873179 25.9873817364375 21.9827716549238 29.056375225385 27.8498952587446 26.6906966765722 30.070203046004 44.4098661343257 51.6534050305684 32.8550686438878 0 0 0 0 0 0 0 0 0 0 0 0 0 0 0 0 0 0
46.6213325659434 45.8027770121892 45.780157049497 30.4492215315501 25.5536685387294 35.8713716268539 49.747442205747 58.0031822125117 57.0244491100311 48.5934714476267 36.9454945127169 31.107097864151 27.6300509770711 28.9050017793973 30.7540968060493 25.6906573971113 20.8334674437841 25.4274358352025 36.0453377167384 40.9369319677353 38.2821882764498 31.343050301075 29.0220628182093 29.5208295186361 29.6501790483793 29.7237609823545 27.4368152022362 36.674069861571 52.3930241664251 56.5699189901352 59.4431708256404 64.857358733813 74.6306478977203 79.4549783070882 38.7933899958928 0 0 0 0 0 0 0 0 0 0 0 0 0 0 0 0 0
49.4003792603811 40.2057319879532 40.5777965982755 32.6724350452423 44.0555016199748 48.3660399913788 54.2532900969187 53.0572086572647 46.3181336720785 38.0806649724642 31.030793984731 26.1503507693609 27.4428874254227 31.0567890604337 32.4449241161346 32.6293582717578 27.5889684756597 24.5722656448682 31.8295707305272 34.8820959528287 32.6777895291646 26.8638730049133 26.583231985569 31.6129773855209 33.6714039246241 30.5084710319837 31.2334770957629 36.511408785979 58.0585896968842 70.1711674531301 75.502688686053 78.3885717391968 85.7320030530294 88.8688961664836 78.2692730426788 16.1380954086781 0 0 0 0 0 0 0 0 0 0 0 0 0 0 0 0
50.6397932767868 36.0369682312012 35.9397530555725 36.7304434378942 46.0938811302185 49.310714006424 41.9048468271891 29.1765481233597 7.83105877538522 5.31391178568204 5.47020323574543 13.3737338085969 24.0320513645808 31.4869756499926 32.4125538269679 36.3573382298152 33.5008626182874 22.6758147279422 24.0044444799423 27.1572321653366 26.2675310174624 26.453971862793 26.5069032708804 31.3317999243736 36.0698848962784 33.1125805775324 35.0466892123222 36.7919281125069 52.0809193452199 72.3482668399811 83.4960738817851 87.6487493515015 88.8998011747996 91.7934477329254 96.3096121946971 78.0569861332576 11.5492294232051 0 0 0 0 0 0 0 0 0 0 0 0 0 0 0
50.0398923953374 50.2856771151225 66.9376949469249 93.3247903982798 74.8233000437419 55.31212190787 34.0215414762497 7.46187008917332 5.71016346414884 10.505440334479 4.53380433221658 3.97596011559168 23.4569534659386 31.7637175321579 34.772681693236 39.7082294027011 37.6507118344307 26.5376841028531 25.8211394151052 28.2199382781982 25.6827548146248 29.100959499677 30.7167619466782 32.5281272331874 37.8885120153427 41.3277347882589 39.856677254041 41.9782698154449 53.4751464923223 75.4430294036865 88.9875690142314 91.5717780590057 88.846613963445 96.4460968971252 105.842451254527 108.498871326447 82.938089966774 31.5144012371699 0.011234182845025 0 0 0 0 0 0 0 0 0 0 0 0 0
60.1377338171005 88.777353366216 132.784098386765 153.040627638499 133.933196465174 89.2371535301208 49.0014652411143 26.136244336764 21.7115432024002 26.2303973237673 19.4812814394633 16.9721320271492 23.8995750745138 31.0848255952199 38.6637995640437 43.1045989195506 38.8651887575785 33.5352371136347 28.2324080665906 29.0521830320358 28.974249958992 31.9814831018448 33.466803530852 33.6242641011874 38.238470753034 48.2199291388194 48.3138859272003 53.2695154349009 61.7774625619253 76.8237213293711 89.8286600907644 94.983716805776 95.0508912404378 99.6146400769552 107.519686222076 108.421723047892 101.726452509562 82.6331128676732 28.7452563643456 0 0 0 0 0 0 0 0 0 0 0 0 0
112.993935743968 147.056678930918 172.843337059021 175.502896308899 172.510047753652 147.937059402466 109.90775624911 79.3176343043645 60.2437853813171 50.3762662410736 45.2066113551458 37.3292416334152 27.3693948984146 28.5419176022212 37.2725874185562 42.2386775414149 37.5981653730075 38.4847596287727 28.7413050731023 27.1986871957779 30.8121864994367 32.3071926832199 32.7279965082804 32.8795736034711 36.9249532620112 48.5653678576152 53.7605782349904 60.3032360474269 68.3751106262207 75.0739673773448 85.1346254348755 94.4378574689229 96.3012079397837 92.078298330307 92.9513971010844 88.9512002468109 90.2826090653737 77.5359372297923 40.0690833727519 0.0852444403183957 0 0 0 0 0 0 0 0 0 0 0 0
164.583553870519 182.825565338135 187.480171521505 186.5447362264 188.345412413279 184.954365094503 164.140045642853 127.080321311951 92.7300850550334 72.003036737442 70.6796497106552 64.2702430486679 41.8504923582077 33.8231921195984 34.6723521749179 38.3600542942683 32.9067011674245 33.5997814933459 27.4337579806646 28.5377576947212 28.1558906038602 29.5905942718188 28.3786604801814 28.3988590041796 34.310723344485 43.1535144646963 53.7972549597422 57.283341884613 65.4318581024806 74.7619966665904 84.053893884023 85.6915215651194 79.1438718636831 69.9492990970612 71.575586994489 60.0674251715342 61.746488014857 48.5081573327382 11.5567942460378 0 0.508434682463606 0 0 0 0 0 0 0 0 0 0 0
178.725202878316 187.686959902445 187.16029326121 188.42073281606 189.910491307577 188.683311144511 179.207404454549 150.600175062815 107.497811317444 84.2362145582835 83.3026071389516 81.0875495274862 63.8522903124491 42.9360220829646 35.2555563052495 36.0662663976351 30.5150821805 27.9055784145991 27.3860941330592 30.1150009036064 27.2049357493718 26.7470329999924 27.600571513176 28.6611914634705 32.0246244470278 38.0439435442289 46.3483333587646 47.7146605650584 55.7458202044169 70.7046190897624 76.9580751657486 75.9659061829249 71.9514936208725 65.2796626091003 58.9572489261627 49.1299430529277 52.8840869665146 50.4341373840968 33.096618950367 4.37128605941931 1.03455471495787 0 0 0 0 0 0 0 0 0 0 0
170.388142267863 174.907942612966 171.823501586914 173.983136812846 174.265126387278 169.184784094493 162.865459918976 147.774636745453 113.804082075755 94.4218436876933 87.489108244578 81.8564643462499 73.1448431809743 49.6565202871958 38.5049382845561 39.3227885166804 33.5160767038663 26.5594994028409 29.804860552152 30.9585481882095 30.1092813412348 27.6465068260829 29.8203776280085 33.3598578969638 32.2491899132729 36.6354435682297 40.0354415178299 41.0971169670423 47.3086138566335 63.4762148062388 71.5610434611638 70.7500477631887 73.6249536275864 73.5530853271484 59.1338177522024 54.2153219381968 58.130939801534 64.0076051155726 58.5430264472961 23.5959688822428 0 0 0 0 0 0 0 0 0 0 0 0
145.517478386561 149.295856555303 151.793430248896 148.147980372111 147.741099198659 146.785577138265 152.129511038462 149.449527263641 124.318917592367 102.327575286229 90.13831615448 73.5716968774796 65.4165794452031 46.0664182901382 35.2202852567037 39.389247695605 40.7616570591927 30.8267598350843 32.9007655382156 35.545473297437 36.009356379509 32.8637808561325 33.0211569865545 35.7780506213506 33.6905171473821 33.9586784442266 39.1236195961634 44.0524717171987 48.130010565122 58.8492850462596 69.2939658959707 72.5173801183701 74.3323415517807 77.2501528263092 62.6318951447805 62.3280008633932 61.7683082818985 70.1653261979421 69.6444014708201 35.1175193985303 0 0 0 0 0 0 0 0 0 0 0 0
123.120168844859 132.06535577774 142.660190661748 139.861722787221 138.914217551549 145.508150259654 154.376804828644 158.918718496958 143.01922917366 113.935381174088 91.5558338165283 66.2504931290944 49.8862514893214 38.7897342443466 31.5824672579765 34.9163065354029 44.1766877969106 37.3887494206429 35.1090952754021 38.4501541654269 38.9293159047763 36.0912432273229 34.2023099462191 35.1771786808968 36.4121198654175 35.9841634829839 38.1142819921176 45.7440316677094 48.3747671047846 53.304930528005 63.9704217513402 73.4359721342723 74.9534765879313 70.2879329522451 60.0413580735525 68.6620970567067 70.1816727717717 75.6485561529795 76.6286303599675 53.2393505175908 0 0 0 0 0 0 0 0 0 0 0 0
88.0145231882731 98.6328522364299 107.247948646545 111.388544241587 119.570553302765 134.455223878225 148.911535739899 157.960176467896 153.872201840083 126.432438691457 93.8529372215271 62.6996258894602 45.3821917374929 42.0314272244771 35.7750505208969 30.5177892247836 40.233646829923 40.8481632669767 35.9490712483724 35.9799017508825 36.4477758606275 34.5265939831734 32.4552307526271 33.5944940646489 36.7515161633492 39.6373122930527 39.1993969678879 43.2736972967784 47.6840436458588 48.1692453225454 56.5865039825439 70.0571686029434 73.6995140711467 61.6070081790288 62.6378804445267 76.2017865975698 77.8021017710368 77.2973150014877 81.0045252243678 76.6284863154093 26.9168863693873 0 0 0 0 0 0 0 0 0 0 0
55.0834983587265 61.4551156759262 60.9557032585144 70.7252422968547 85.5631033579509 102.044562498728 116.86830719312 128.513634204865 131.257404883703 108.737409114838 75.2326399087906 52.0547181367874 40.7368143399557 39.2525543769201 36.5555286407471 32.461054623127 36.7861241102219 37.3575563232104 31.3860550522804 31.8142622709274 34.5849270621936 37.7647802233696 37.6129026214282 33.9648574590683 33.4818636377653 36.2663418054581 40.5516425768534 43.3424065510432 46.9252467155457 46.8935519456863 49.3294447660446 60.3012541929881 67.1124706665675 63.6239548524221 78.8945655028025 84.3883554140727 82.2029908498128 77.1839916706085 83.5317273934682 94.6548084417979 87.3685081799825 33.1992283463478 0 0 0 0 0 0 0 0 0 0
44.8984106381734 46.6940253973007 46.7077096303304 48.7324595451355 57.1456203858058 62.9212905963262 66.5830274422963 71.7715819676717 72.7189630270004 58.2581361134847 43.7747438748678 39.842223127683 38.9852275451024 36.5323772033056 35.2468614776929 36.2896993756294 35.5702762802442 34.8004500071208 31.5516615907351 31.896784901619 35.8519479632378 40.6091610590617 42.1836674213409 38.8012404243151 35.9526077906291 34.7274343172709 42.8296625614166 44.9064671993256 47.8568325440089 47.7283497651418 47.1447706222534 53.878515958786 61.4336282014847 69.7690745194753 86.1731767654419 84.3754013379415 75.9662240743637 67.6643153031667 69.8198229074478 86.3542755444845 94.9489672978719 85.6952369213104 43.09976597627 0.859214924275875 0 0 0 0 0 0 0 0
52.575409412384 50.2576132615407 50.4838526248932 50.3004888693492 47.0568885405858 45.3182111183802 44.1687057415644 45.3922599554062 50.0526527563731 42.6605840524038 35.9361618757248 37.3591979344686 40.3090516726176 40.4797072211901 39.8117030660311 38.2130667567253 33.5035994648933 39.8735478520393 41.6194473703702 38.3191555738449 40.4504264394442 40.8236434062322 39.7842725118001 42.2288725773493 43.7715351581573 39.2652402321498 43.7147716681162 46.6868629058202 47.9522993167241 48.8424102465312 50.2441624800364 52.6502629121145 59.5280081033707 74.4910389184952 80.6373457113902 75.6312211354574 65.497154990832 56.960533062617 53.9295226335526 62.6340061426163 87.4091784159342 89.8996790250142 69.0049628416697 23.993839820226 0 0 0 0 0 0 0 0
56.5161506334941 53.9683798948924 56.7122648159663 55.5089215437571 49.0887115399043 46.1435417334239 44.2769924799601 42.0035620530446 42.3245976368586 39.161205291748 37.6456901431084 37.9011978705724 41.3492371638616 44.5370574792226 44.3215817213058 41.5096829334895 38.8210490345955 44.2736993233363 47.1076518297195 42.0515735944112 39.9978409210841 38.3151173591614 35.2095117171605 37.7065613865852 42.3176983992259 39.3434042731921 36.235307653745 40.9519920746485 45.3156232833862 47.4702616532644 47.9264805714289 47.8664934635162 57.7692488829295 73.9601949850718 79.7499567270279 65.2208228905996 57.2973092397054 54.1293720404307 52.1196474631627 58.1802129745483 66.0745749870936 68.6428050200144 57.5157105922699 30.1234473784765 0 0 0 0 0 0 0 0
42.033592859904 44.5255935192108 52.6776611804962 50.2712627251943 52.641898393631 54.9793144067129 54.3071428934733 50.3952205181122 41.1216293772062 39.8850912849108 42.9555972417196 39.9515703320503 40.7117654879888 44.0320471922557 44.3815638621648 42.0459161202113 43.8998391230901 45.7140405972799 45.9328095118205 42.572612563769 37.8566433986028 35.1525669296583 33.6582983533541 34.4106505314509 37.4140267570814 40.5915230512619 36.0250870386759 37.8381957610448 42.2492076953252 43.6670581499735 42.3860251903534 41.0183717807134 49.7695356607437 63.5836770137151 67.5603300333023 58.7254464626312 55.5786440769831 57.8218052784602 58.4496557712555 58.7888062000275 54.8493067423503 54.8457105954488 50.6547788778941 29.9023737510045 0.337604239272575 0 0 0 0 0 0 0
40.5776227513949 46.0355083147685 48.8632768392563 49.5268156131109 51.2937406698863 53.7056674559911 54.0825525919596 50.5604644616445 46.5053717295329 43.186292052269 44.8221961657206 42.6106452941895 40.1309405763944 39.1527613004049 38.5310451189677 38.9140595992406 36.4299466212591 42.1994626522064 43.4510012467702 41.6873395442963 38.0452871322632 36.6834749778112 36.7804169654846 38.6255035797755 36.9689812262853 45.0777510801951 47.2141206264496 44.2146559556325 43.2894180218379 42.4701372782389 38.5843068361282 36.585159599781 41.5684431791306 46.0750857988993 51.0701686143875 53.759773572286 57.4237803618113 62.6515249411265 63.6043697595596 56.1490853627523 54.5698752005895 51.9761244455973 49.6149212121964 34.2133243878682 6.78965076804161 0 0 0 0 0 0 0
46.3681767384211 50.769105553627 48.1035312016805 51.2670030196508 49.9541262785594 50.1322497924169 51.7260134220123 50.5361209313075 51.8849790096283 47.9035526514053 47.1939543883006 46.7434724171956 42.8083638350169 38.6578589677811 38.2245232661565 41.2206053733826 37.0188504457474 40.1386097073555 43.421596288681 42.2931810220083 39.8245006799698 39.1965582966805 39.8423001170158 41.8492058912913 44.0115282932917 44.6909169356028 49.7029374043147 47.1963981787364 44.2696660757065 43.4321810801824 39.7412851452827 36.8692278862 39.3875762820244 38.1770879030228 39.3959209322929 42.5710131724676 48.642228047053 56.2110543251038 55.9955189625422 46.3473697503408 48.0171889066696 44.9949403603872 45.4441408316294 42.80786216259 27.2410263617833 2.7810288593173 0 0 0 0 0 0
