input/barkrak2/radiation/dir34424.grid
NCOLS 85 
NROWS 70 
XLLCORNER 665100 
YLLCORNER 4664600 
CELLSIZE 20 
NODATA_value -9999 
[rows 46 to 68 of 70, columns 0 to 51 of 85]
46.9430387020111 48.4787374734879 50.9734799464544 52.9104520877202 52.7117749055227 52.5911202033361 54.447203874588 56.2763065099716 53.1653662522634 52.1141986052195 51.3226836919785 50.6429274876912 47.3205943902334 44.517328341802 44.4737921158473 47.6757884025574 45.8726435899734 41.3575495282809 45.5975433190664 43.8803484042486 42.1032607555389 42.5991763671239 42.4019793669383 41.380763053894 49.7077405452728 44.4146891434987 45.5421954393387 46.2823659181595 45.1554159323374 44.4839795430501 43.4962312380473 40.6907945871353 40.0413672129313 39.8330166935921 41.8105721473694 43.4379875659943 43.8683579365412 48.5280801852544 50.3392517566681 47.5577761729558 46.6247797012329 43.6662882566452 47.9165216286977 52.7432709932327 44.9917018413544 20.8789010842641 0.348836261158188 0 0 0 0 0
41.3254102071126 43.5545146465302 48.747052748998 50.1082887252172 53.7052303552628 55.2330166101456 53.4613976875941 53.2216727733612 53.3912132183711 56.0446182886759 53.1918605168661 49.890990058581 48.8142669200897 49.0125417709351 47.5925107796987 46.101172765096 45.3756948312124 39.1227056582769 42.7517543236415 43.9057052135468 41.2374064326286 41.6535412271818 44.5508559544881 39.6657586097717 43.1123276551565 44.3186809619268 40.3515150149663 43.3673063913981 44.8685238758723 43.9643065134684 44.6847180525462 43.8292721907298 39.8451685905457 42.4684832493464 51.8603026866913 54.7866076231003 50.7536133130391 45.9632873535156 48.5283980766932 55.8285017808278 48.5650251309077 44.6733186642329 50.434003273646 55.0756255785624 50.0249067942301 35.26404996713 7.97149228552977 0 0 0 0 0
34.9602500597636 37.9870807131132 42.8977906703949 45.9272960821787 52.1494845549266 55.4097394148509 52.6261180639267 51.0104050238927 54.9093385537465 57.3170880476634 55.4690460364024 51.72099173069 50.5892088015874 51.7571717500687 49.6253321568171 44.605036576589 44.1649357477824 39.1532778739929 42.9527759552002 45.3567008177439 44.7064191102982 44.7794198989868 46.5612063805262 44.1193481286367 42.17196504275 44.8310573895772 43.9192851384481 47.5472410519918 51.5461464722951 53.8713037967682 56.9524864355723 57.4209789435069 48.8238284985224 50.1061032215754 56.7294657230377 63.595195611318 62.2624903917313 53.07304362456 50.2579311529795 53.1796912352244 47.8292902310689 42.3323810100555 42.0537789662679 42.3860053221385 41.2920365730921 40.5606379111608 30.3667038679123 1.2418565650781 0 0 0 0
33.9963684479396 32.1051826079687 36.0305855671565 43.3407922585805 48.5180914402008 51.5877356131872 54.0832976500193 56.7583640416463 58.1348439057668 55.0965219736099 56.957354148229 57.0537100235621 54.1767428318659 51.8516600131989 50.3237346808116 46.4474062124888 45.2447285254796 42.9211656252543 45.894389351209 48.8236298163732 50.9131451447805 51.0424425204595 48.7158000469208 49.2322047551473 44.5026208957036 48.0312804381053 49.4672954082489 54.9549808104833 60.7266922791799 66.8226728836695 72.2911059856415 72.1383492151896 63.9828542868296 58.3920975526174 56.8913519382477 58.0429385105769 68.0339833100637 60.2532178163528 52.0020127296448 45.400932431221 41.8414572874705 42.5289372603099 42.6664551099141 39.2961775263151 36.3053431113561 36.9969656070073 22.8843192259471 6.65144436061382 0 0 0 0
34.1880569855372 37.3819917440414 40.7669146855672 46.5186486641566 46.7989842096964 47.265961766243 54.734413822492 59.540996948878 59.6251984437307 59.5395267009735 59.4104031721751 59.3069146076838 56.0724238554637 52.2815187772115 52.5156706571579 55.236409107844 49.1872976223628 48.9115019639333 50.434465209643 53.8587023814519 54.8449655373891 52.9468357563019 50.0730375448863 51.0905683040619 45.9676682949066 50.3195077180862 54.669256011645 57.7210783958435 65.2416249116262 73.3539114395777 79.2327721913656 80.4397016763687 71.8757708867391 61.5769823392232 45.1048364241918 48.2477794090907 56.3690761725108 64.6262417236964 56.6552976767222 43.2260384162267 38.4275366862615 43.0913915236791 46.9025274117788 41.820764541626 37.795993189017 36.0856205224991 20.7683046658834 10.2949092785517 0 0 0 0
34.9857732653618 45.0325508912404 47.1048851807912 48.2485791047414 46.2737778822581 45.9588915109634 53.2233665386836 58.335875471433 58.173472682635 63.1035069624583 60.8060707648595 60.2747897307078 58.051476875941 54.2852977911631 54.6101927757263 59.8471462726593 53.8822611172994 52.329033613205 49.9305377403895 51.5353928009669 51.8681704998016 50.3154893716176 50.1760691404343 46.8195676803589 44.4801996151606 47.5655098756154 50.6214251120885 52.4029582738876 56.4137200514475 63.0567073822021 74.9807904163996 80.4183483123779 72.9583750168483 55.7866841554642 18.4162557125092 17.9372057318687 24.3528311451276 50.2905944983164 57.0875555276871 60.8687301476796 53.7462929884593 46.2221801280975 38.3262385924657 37.1196394165357 41.2733157475789 37.0812366406123 20.6470464666684 15.0467604398727 0.118645121498654 0 0 0
38.3055259784063 36.8920837839445 36.0697458187739 38.2044712702433 43.9014881849289 48.8374133904775 49.7849732637405 55.1685641209284 55.0417055686315 59.6413513024648 59.9292616049449 61.8372062842051 61.7728133996328 57.458554704984 56.4617961645126 55.0695359706879 56.5718164046605 51.1129548152288 46.1047490437826 44.7428375482559 43.9912428458532 46.1330513159434 46.9957192738851 42.7172084649404 43.943390250206 40.3687879443169 42.7432159582774 43.1508322556814 44.0853238105774 47.5591272115707 51.5684386094411 64.5916362603505 61.1941566069921 33.8296095530192 14.6122587223848 7.75094702839851 8.49082383016745 16.2704959511757 39.7280330459277 54.5616348584493 57.1695367495219 49.5002170403798 35.7963393131892 32.5902327895164 34.9849710861842 23.9962562918663 20.1216501494249 29.7990366816521 14.8722939193249 0 0 0
40.5511111021042 31.9365958372752 30.0745442509651 34.71939265728 44.7955926259359 52.4383336305618 52.147830526034 53.3076574405034 55.7291408379873 56.180939078331 58.3421538273493 60.8274340629578 62.6500050226847 61.6506636142731 57.805856068929 55.45640985171 57.9709708690643 52.3181259632111 48.0564634005229 48.0204919974009 48.1015592813492 46.0089892148972 44.8452184597651 42.3682828744253 42.2777831554413 39.8639639218648 39.2672568559647 38.2374376058578 38.5301510492961 37.8385732571284 31.0258542497953 37.0476916432381 39.5071705182393 21.2029243508975 16.0913790265719 8.54179263114929 1.50159637754162 0.558900220009188 7.5446975727876 21.8433241049449 42.255570491155 38.669690489769 33.303864300251 26.1313666899999 20.0325014690558 20.974171658357 18.9716257154942 35.6696719924609 42.4769024054209 24.4403928518295 1.42704012493292 0
40.7104964057604 35.7881262898445 34.0777039527893 38.8750632603963 47.1267501513163 53.8748105367025 56.6084533929825 53.1190733114878 57.3495974143346 56.1073074738185 59.5293541749318 61.3330850998561 62.5710139671961 64.4535670677821 60.1635575294495 60.0695113341014 60.0357999404271 56.1314920584361 52.5803118944168 53.1062881151835 52.5597929954529 49.1986821095149 47.0244238773982 47.687699397405 45.5291469891866 43.741633494695 41.7756189902624 38.2144128282865 33.7246805429459 30.8942943811417 24.2887188990911 28.6933084328969 36.0584805409114 38.2328083117803 36.4526510238647 26.5644763906797 8.72040664156278 1.43587030470371 0.790633726865053 4.81701238701741 18.3662474155426 22.1754958232244 18.5947343707085 13.2478326559067 13.0051498611768 17.912062505881 19.7052583098412 23.363175491492 38.6389220754305 42.4118240674337 26.1392494042714 0.166566984262317
43.5770551363627 42.2537624835968 39.1669223705928 38.2527311642965 43.4989631175995 53.1906982262929 54.5641630887985 52.8354495763779 54.8078715801239 59.6866806348165 65.6180034081141 66.2959019343058 64.6090159813563 65.0605161984762 63.2907251516978 63.0533993244171 63.7766023476919 61.4961485068003 57.5685153404872 54.6620438496272 52.2106985251109 50.6790926059087 51.9252270460129 54.3554325898488 49.2534885803858 48.5067665576935 39.4138619303703 33.8899940252304 28.5018881162008 25.3387515743573 26.2281522154808 31.8625097473462 39.792463183403 50.473541021347 55.275430281957 53.6698698997498 40.0769238670667 26.5060116847356 15.918530523777 4.26620990037918 8.98829723397891 17.9104146858056 18.4243246912956 13.172226647536 12.7500693003337 26.8049289782842 44.2755470673243 38.0184724926949 33.2168613870939 38.6856670180956 25.426872074604 6.65263210733732
45.9730277458827 45.3975051641464 44.4170037905375 41.3823798298836 42.6245480775833 50.7743060588837 52.7134637037913 52.8237422307332 53.117444117864 61.6938720146815 68.9539810021718 68.0491427580516 63.697208960851 66.3429449001948 67.5226201613744 62.0799511671066 64.1063153743744 62.3444070418676 58.4212044874827 55.9979975223541 55.653989315033 56.5367539723714 53.6527335643768 51.8516500790914 49.196923772494 44.6254362662633 29.0116394559542 4.81615060319503 3.78415764619907 13.2077410817146 24.3462870518367 29.7327414155006 38.0803594986598 45.2078133821487 55.8185478051504 58.8526129722595 57.4704209963481 51.6021549701691 38.8738587498665 21.4039931694667 10.4897680381934 18.0374011397362 34.7213943799337 35.7406064867973 29.389314353466 46.5710113445918 69.5467789967855 59.281513094902 39.0976121028264 27.7321065465609 13.3781023323536 7.70958947638671
44.9316700299581 43.1421945492427 46.5909838676453 47.617495059967 45.4772065083186 47.8176275889079 52.8545180956523 53.3519685268402 54.0647606054942 61.5974962711334 67.8286254405975 65.9793665011724 61.9718333085378 65.0896728038788 68.6353991429011 59.8283857107162 61.2321297327677 60.4731341203054 59.1901292403539 60.0784023602804 60.472160577774 61.7748747269313 57.2769542535146 50.8358329534531 50.3675093253454 46.7866957187653 30.9772441784541 14.5859432717164 14.102345953385 20.7660620411237 28.7621965010961 33.5375666618347 46.5359042088191 55.6768079598745 66.8443689743678 61.1234406630198 57.7447414398193 22.0326309402784 22.3701347907384 22.9022155205409 23.8808145125707 36.0165039698283 40.3054828445117 21.3601837555567 16.2705729405085 20.112452407678 37.2673223416011 46.7376212279002 33.8430926203728 23.4667733311653 17.1568617224693 12.2592821717262
34.7412824630737 41.5801083048185 44.8674559593201 47.4828680356344 47.5616852442423 44.6179757515589 52.926371494929 56.2333514293035 57.1866035461426 61.9914879401525 63.9898876349131 63.2759233315786 62.8194312254588 61.6778035958608 62.8942797581355 59.6886177857717 56.9511552651723 60.0921909014384 62.104120850563 63.3948345979055 65.7236675421397 62.2148861487707 59.5582723617554 55.3497473398844 53.505539894104 53.1914283831914 48.441340525945 42.6846742630005 42.2196487585704 42.5366560618083 40.186400214831 39.5715956886609 54.8778474330902 67.6512022813161 47.5215315818787 43.1855916976929 26.5949219465256 10.7140416900317 3.47973189006249 8.1015694886446 8.66990101834138 29.1122148434321 43.750395377477 36.4638020594915 25.2146770556768 26.2929374972979 38.8636390368144 42.964905500412 40.3565093874931 34.2738380034765 28.5486032565435 27.5667359431585
26.3119762142499 39.3765767415365 43.0320352315903 45.7695772250493 48.6118048429489 45.0719992319743 48.7888654073079 55.6620806455612 65.7208015521367 67.1629508336385 62.509020169576 60.43840944767 62.2535844643911 62.0347907145818 62.1041754881541 60.0413233041763 56.5848747889201 59.3766917785009 57.8048229217529 55.3753773371379 57.5372179349264 56.924894452095 56.670476992925 54.6085486809413 57.0795834064484 61.101088921229 68.2991643746694 67.9632176955541 59.6393942832947 54.131289323171 43.7528093655904 36.6990491747856 44.4783866405487 44.9333935976028 18.8718363642693 12.7344653010368 11.9840763509274 6.62876417239507 0.460826093330979 0 0 11.694174259901 38.1730645895004 60.9618723392487 66.6290819644928 60.2683921655019 58.0167124668757 58.4918310244878 58.1574688355128 47.9498555262884 37.8913953900337 47.4078804254532
28.1303326288859 36.8087167541186 43.4297968943914 45.6785957018534 47.0272600650787 47.3560392856598 42.114332318306 50.8686006069183 69.6687002976735 68.6099280913671 60.4187448819478 57.7391684055328 59.8842998345693 64.0820016463598 63.0306055148443 60.0685824950536 59.4526380300522 57.2747141122818 51.2805680433909 44.984444975853 44.932633638382 48.8157520691554 49.1151461998622 52.9362857341766 54.756502310435 61.6764426231384 77.1412948767344 81.2783141930898 63.6863112449646 51.4171421527863 42.7407473325729 31.0208673278491 32.1343019604683 35.3778079152107 17.3613789180915 9.0948057671388 10.0101170440515 14.6166061361631 8.01845515767733 0.580509930538634 0 1.77261357506116 19.1155038774014 41.5381466348966 44.2348619302114 45.2627191940943 44.2777325709661 45.2381670475006 49.7560451428095 43.8485890626907 44.2936519781748 76.2185255686442
38.5314971208572 41.2457635005315 43.2204554478327 40.3740257024765 35.1786563793818 31.401996811231 38.6743868390719 44.204259912173 53.0984352032344 49.2132753133774 45.2655553817749 51.5663127104441 59.2530270417531 60.7748627662659 57.3272208372752 58.9384734630585 59.5256984233856 54.3475051720937 47.0998038848241 42.2668804725011 41.7724450429281 42.5233393907547 46.0480401913325 48.8857328891754 51.1288940906525 55.2679399649302 66.3016537825267 75.2972265084585 63.9118850231171 48.4975874423981 41.4131755630175 27.8282488385836 17.9680945972602 38.5384211937586 35.4973797996839 16.4837700625261 16.4348309238752 38.1979023416837 40.1460528373718 26.4658679564794 5.43077724675338 2.5434223935008 10.5106172462304 17.1941791971525 16.0393044352531 17.6498057941596 19.97293283542 22.1106459697088 21.5672602256139 37.2009476025899 56.9184571504593 108.15891623497
49.0782707929611 45.922726392746 42.4391527970632 36.0302204887072 27.1690885225932 21.8090415000916 30.2385364969571 30.8849985400836 22.2707837820053 19.8996240894 32.2231352329254 41.499192516009 48.0439712603887 51.9265482823054 55.0798724095027 64.6671454111735 67.5014555454254 59.3819916248322 51.3515224059423 48.2548276583354 45.8476891120275 45.6677476565043 46.3484972715378 45.6167956193288 46.4717199405034 50.4596034685771 58.8708321253459 61.5091224511464 55.8137645324071 37.7040902773539 36.406065026919 32.5761909286181 28.7381932139397 46.3239848613739 52.7021735906601 41.4148444930712 31.997208793958 20.1325180629889 22.402269144853 29.4647291302681 18.9054285486539 8.61979400118192 10.2130236725012 10.6313998500506 5.69566960136096 6.84447959065437 13.6998643477758 15.6367445985476 16.6507226725419 37.3875101407369 81.170916557312 123.745938142141
51.6273081302643 45.482724905014 41.0190746188164 37.4724144736926 30.9289544820786 25.6778498490651 22.0239435633024 17.1137154102325 3.7453987946113 11.3814398646355 26.9050672650337 37.5723193089167 37.286584575971 44.5535431305567 57.2661459445953 72.490985194842 77.8866757949193 71.0100829601288 63.0768934885661 59.3859901030858 54.4493148724238 52.6445458332698 52.7262936035792 47.9819526274999 43.9652899901072 46.6630359490713 44.0651079018911 47.4101801713308 44.6410924196243 31.1542997757594 30.2534451087316 31.6106726725896 21.9541018207868 44.1796531279882 68.0537869532903 71.079820394516 46.4795927206675 14.3672699729602 11.2280870477358 16.2555898229281 16.6892409324646 14.5182237029076 15.511654317379 14.6071414152781 8.20837231973807 5.23768675824006 10.9731256961823 15.5920734008153 26.2264460325241 49.7230192025503 111.713538567225 142.741183439891
53.9662688970566 48.9039719104767 47.6559599240621 48.6438075701396 45.5560187498728 39.7615556915601 35.0880945722262 35.3984187046687 34.2548241217931 39.8538758357366 47.2278594970703 52.356094121933 52.632470925649 48.1465508540471 57.9100747903188 72.7619181076686 82.8251292308172 83.1134816010793 76.1775275071462 66.9171661138535 61.4100943009059 57.174081603686 54.8283904790878 56.8060974280039 49.7991343339284 39.820817609628 36.8724390864372 37.3636807004611 37.8265380859375 37.0567888021469 17.6073176165422 17.2776381174723 13.9883831143379 21.8840489784877 74.670488635699 84.7902397314707 53.4638812144597 17.9649814963341 6.29359856247902 6.40046286086241 9.24002006649971 7.19506479799747 16.2281021475792 20.7675062119961 28.8231621185939 13.4544372558594 13.4618356823921 31.6190173228582 55.5587311585744 98.401407400767 130.482087532679 143.688569466273
54.7228356202443 52.0879725615183 52.2526601950328 53.607389330864 52.9980758825938 49.5999157428741 49.3957300980886 56.7544102668762 72.4266072114309 68.6521530151367 60.1172149181366 61.1499647299449 66.5196081002553 55.0396492083867 56.0234089692434 64.1130159298579 72.2502171993256 79.2265584071477 80.0287971893946 73.5367139180501 68.1161880493164 61.6900275150935 59.0425829092662 55.8288097381592 49.6435463428497 39.7332981228828 27.5907988349597 28.9720942576726 31.9268355766932 16.8532952666283 12.128454943498 10.3525798767805 6.1914852509896 4.60536622752746 68.6312268177668 86.252748966217 67.5114393234253 55.3213655948639 25.5221674839656 2.65384123971065 0.0774445070419461 0 8.32762010395527 32.1033249298731 37.9334365328153 29.0402124325434 27.7937526504199 49.236997961998 104.336897532145 147.791683673859 141.739636659622 129.97888525327
53.9096295833588 50.7173240184784 45.4498430093129 41.056697567304 41.2861953179042 43.1965788205465 43.3467080195745 54.7322233517965 64.0849967797597 59.4260493914286 50.3987570603689 50.1615703105927 61.2084815899531 56.6767702500025 53.2693366209666 52.2875587145487 52.9295603434245 59.7220410903295 69.6263313293457 73.7424691518148 69.666067759196 63.8345827658971 57.5925608476003 52.9547532399495 45.7406789064407 38.5771468281746 27.4970258275668 17.2185972332954 28.1934241453807 23.3171731233597 12.0713921884696 7.30587976674239 1.40080352624257 0 0.0783419721604635 76.487014691035 83.3790500958761 93.7637686729431 75.5629042784373 28.7046656012535 2.0624790340662 0 2.23941526686152 17.3767134547234 43.1602199872335 62.0058377583822 82.1533352136612 131.256441275279 171.311338742574 181.596795717875 166.84897740682 135.344882806142
56.0015191634496 54.012194275856 48.3749955892563 41.8735444545746 40.4011532664299 43.1122829516729 36.1295094092687 33.7869723637899 35.419133802255 32.3228612542152 25.4368682702382 23.2666085163752 26.8650303284327 44.0693895022074 50.9296109278997 45.5374370018641 34.9436451991399 30.8009808262189 42.5554662942886 61.9705369075139 63.8081977764765 58.5878143707911 51.9093126058578 49.1574058930079 42.6206886768341 36.8749424815178 30.8391725023588 9.22254038353761 13.5938835640748 33.8616122802099 17.8921992580096 11.1729701360067 3.77741518119971 0 0 55.9073785940806 95.8799719810486 110.240827004115 96.7746774355571 68.0677394072215 35.9635402758916 8.00904631614685 5.13955391943455 22.0107610026995 51.9719471534093 113.420943419139 153.653701146444 183.771967887878 192.754467328389 192.060649394989 182.566622893016 154.658844073613
57.6540927092234 57.5855523347855 55.0854007403056 51.6526053349177 49.8318374156952 49.1276482741038 34.5849270621936 21.4114238818487 21.6203257441521 23.6487686634064 21.1563507715861 18.6385847628117 19.7568473716577 40.3945197661718 53.7365724643072 44.2515909671783 26.8190974990527 15.1292731364568 18.3735564351082 32.9403902093569 42.9889559745789 46.4256058136622 47.0954775810242 40.0680303573608 35.8761996030807 31.4068545897802 12.2935536007086 6.41642014185588 9.72225454946359 36.9177187482516 45.4239050547282 38.5920852422714 19.5940633614858 0 0 35.6493641932805 89.2242789268494 97.4711676438649 78.6520938078562 75.6239742040634 80.2304446697235 64.887469013532 43.4639304876328 57.7636659145355 108.604699373245 152.691423892975 175.638059775035 186.696251233419 188.492735226949 186.057190100352 181.180556615194 159.57123041153
