input/barkrak2/radiation/dir34424.grid
NCOLS 85 
NROWS 70 
XLLCORNER 665100 
YLLCORNER 4664600 
CELLSIZE 20 
NODATA_value -9999 
[rows 0 to 22 of 70, columns 0 to 51 of 85]
45.226688186327600 55.5814405282338 65.922091404597 83.6772223313649 86.7502590020498 93.9096510410309 93.7305788199107 95.7604547341665 104.559004306793 120.740165313085 121.502141157786 117.769926786423 113.496214151382 114.176005125046 114.251871903737 100.194483995438 88.7472033500671 78.6940803130468 78.4671306610107 78.980674346288 87.2856378555298 102.73410876592 119.161794583003 121.627340714137 123.106896877289 130.858222643534 129.684527715047 123.719255129496 122.531076272329 125.108778476715 122.559438149134 143.182277679443 172.335028648376 167.563716570536 164.265334606171 158.936689297358 164.261629184087 169.575611750285 164.214134216309 166.044741868973 163.154760996501 172.807117303212 178.858697414398 169.223248958588 161.902000506719 173.11418056488 179.756204287211 135.232706864675 91.6305085023244 87.7744654814402 108.249366283417 147.783577442169
29.026227692763 40.3551657994588 48.4892626603444 55.9545606374741 62.7615799506505 74.6892392635345 79.1769524415334 86.950679620107 93.0186609427134 98.3299016952515 97.6936121781667 111.348102490107 115.749935309092 114.210426807404 115.890045960744 102.486769358317 94.9575801690419 85.826853911082 83.4466814994812 81.9661766290665 93.5269395510356 115.825593471527 129.168639580409 130.474001169205 131.161630153656 135.406891504923 132.762531439463 126.574645439784 122.875054677327 126.570810874303 129.570633172989 151.233911514282 171.756068865458 167.637626330058 162.790238857269 161.097049713135 166.442573070526 170.542518297831 163.086096445719 163.41902812322 162.40323583285 165.755410989126 161.912580331167 153.321961561839 149.671018123627 161.67547305425 166.058162848155 126.926382382711 98.9181101322174 108.149995406469 135.209769010544 167.575061321259
10.0906776885192 12.2011378407478 20.5274062852065 25.4089906811714 28.4219632546107 36.2960249185562 45.4225440820058 61.3603393236796 70.2660878499349 77.1855413913727 83.5628310839335 93.994011481603 93.8852826754252 101.209004720052 100.522538026174 112.119684616725 112.237989902496 98.7078944842021 87.0952010154724 81.2687575817108 93.1406617164612 108.528077602386 120.936542749405 128.166834513346 130.634119113286 131.515125433604 128.677139679591 125.570843617121 124.192913373311 129.580318927765 141.371150811513 161.077896753947 171.710014343262 166.265269120534 162.134438753128 161.916434764862 168.714980284373 170.70080836614 164.960602919261 160.792221625646 157.412906487783 151.164104541143 141.254683335622 133.86199871699 137.161036332448 150.760362545649 149.797856807709 120.616455872854 114.41300312678 134.861369927724 158.276538054148 177.492558956146
4.06051985919476 3.97442684819301 6.63789175450802 7.29747737447421 6.62316319843133 12.1532703439395 17.9125207165877 26.882474621137 39.6350100636482 49.4262476762136 57.952160636584 75.1302738984426 81.2283505996068 80.768754084905 87.0727300643921 94.2341387271881 93.9229826132457 84.7416917483012 79.1186889012655 76.0007301966349 78.2977441946665 82.6163540283839 94.8931574821472 106.146196524302 110.885103543599 114.195605119069 115.681032339732 122.142771879832 125.958114862442 130.484282970428 135.979255040487 151.530315478643 156.494160493215 162.448982397715 162.328720092773 162.442227204641 164.663443962733 162.679433822632 156.314959128698 147.183100382487 143.378446499507 138.196229934692 138.132651646932 145.632843176524 150.49746632576 145.000904798508 132.71356622378 118.053297201792 123.48606189092 137.486378351847 156.557699044546 173.896670341492
11.1013725399971 4.67620386431615 1.89884472638369 0 0 2.51544173806906 10.726623237133 16.4839153488477 20.3257774313291 23.9416559537252 36.9427725672722 46.6446727514267 57.7361285686493 61.7832541465759 68.8346922397614 74.9047994613647 77.5572756926219 75.0750700632731 73.0084429184596 73.7958351771037 75.590322415034 76.0877629121145 83.1729074319204 93.5117403666178 98.7210174401601 106.789131959279 110.258440176646 117.009143034617 118.739475806554 125.430206457774 130.912323792775 145.014653603236 139.104654391607 142.396152019501 144.124954938889 143.174250920614 155.115266640981 150.134533643723 142.268419265747 134.748250246048 134.457876284917 137.057920296987 143.289883931478 153.235654036204 153.157711029053 131.841440995534 109.957307577133 108.203719059626 117.700080076853 133.909563223521 162.707378466924 174.645980199178
32.3218728105227 17.104076842467 6.40925702949365 0.312098573582868 0 1.07542340022822 4.1667502373457 11.9871658583482 15.3629419704278 15.3201557695866 19.7795008619626 24.5216215650241 31.6302925348282 36.3753239313761 43.7873105208079 50.4574378331502 55.9859524170558 63.9045139153798 66.9742822647095 75.7314662138621 80.5885791778564 83.3154370387395 84.4358007113139 88.0464414755503 94.2224860191345 98.4365244706472 107.119133075078 110.364178816477 116.638491551081 124.094635248184 133.776158094406 141.528209050496 132.727066675822 132.262408733368 134.989658991496 136.083761850993 131.049950917562 127.160727977753 130.647629499435 136.771698792775 136.259794235229 135.886957248052 138.057291507721 140.695542097092 137.095510959625 111.535807450612 88.22101354599 96.6117183367411 113.266587257385 146.535813808441 166.684965292613 173.698504765828
48.7808734178543 32.1170712510745 19.3825997412205 9.36714621881644 2.61650731166204 1.30013229014973 1.45373431344827 6.68149379392465 11.4055275917053 15.4102606077989 15.9520717958609 15.4372490942478 15.7380675276121 15.8389136195183 18.5022714237372 26.3402238488197 34.6138427654902 49.0797807772954 60.775359471639 73.1989840666453 80.2503327528636 87.5390569368998 86.6819123427073 87.9914164543152 90.4195010662079 93.546728293101 98.7708667914073 102.787027756373 112.046053012212 117.197046677272 126.882831255595 130.204101403554 123.079607884089 120.819439490636 122.260063886642 122.421304384867 123.440772294998 117.99955368042 114.597390095393 110.058069229126 119.238297144572 119.884481032689 126.057436068853 132.76548186938 131.258358558019 128.575573364894 133.498698472977 138.182461261749 146.24751607577 155.598143736521 159.79340672493 162.167678276698
60.865193605423 46.0986495018005 31.9761683543523 20.8264924585819 11.2573305765788 3.79183950523535 1.18619032825033 0 6.8113865951697 14.6292274196943 18.2159046332041 18.3684366444747 17.2867116828759 16.4335605998834 12.8552330036958 15.2568072080612 22.1602593859037 31.259298324585 44.5567617813746 57.9760372638702 66.8982515732447 78.5147100687027 87.0826443036397 85.7356389363607 88.3891483147939 88.6889298756917 91.4715230464935 94.103475411733 97.5657602151235 108.352015415827 117.080459992091 117.323875427246 111.133515834808 105.45814037323 106.497585773468 106.071362892787 111.645768086116 109.574973583221 108.345766862233 95.9984660148621 91.9609069824219 108.427067597707 123.284896214803 132.464428742727 136.630356311798 143.970330556234 152.158995469411 153.13129623731 157.280653715134 156.017164389292 152.198572953542 149.678518374761
55.8143357435862 47.7477262417475 35.3631029526393 26.750552157561 19.3079772094886 12.7980584899584 4.30528167635202 0.504037753368417 4.29891888052225 8.4209106862545 12.5676343838374 19.753680874904 22.2637404998144 23.5262090961138 20.2332809567451 19.0064137180646 18.7123517195384 22.1792260805766 28.8888240853945 39.1117384036382 48.6547549565633 61.3421897093455 69.7332719961802 70.9466536839803 75.6265719731649 77.3972421884537 78.9749622344971 80.9907813866933 83.4893584251404 87.2242252031962 91.8434758981069 98.0963408946991 96.1521764596303 95.78604499499 98.2883473237356 98.8781750202179 102.610568205516 106.121311585108 106.580446163813 101.8079717954 103.141983350118 108.736574649811 111.214528481166 128.922631343206 130.814542373021 130.686243375142 132.30162858963 141.876727342606 148.709058761597 144.317368666331 136.61519686381 138.363818327586
36.9442825516065 32.152329881986 25.7862955331802 22.5813388824463 17.4137850602468 9.97238047420979 6.64473945895831 8.39265870551268 4.16400966544946 1.91187129045526 4.1179396212101 12.2399938603242 22.8474015990893 31.2685668468475 31.1627934376399 31.0037011901538 24.2014080286026 22.7301542957624 23.4194646279017 25.8199473222097 30.5007919669151 36.2466052174568 45.1189577579498 52.7112782001495 60.3977193435033 64.3717298905055 65.60879945755 67.1996821959813 68.0408775806427 71.6181099414825 69.8115428288778 67.8888658682505 71.4376618464788 85.6044292449951 88.7164076169332 92.6896234353383 95.0700839360555 97.6469318072001 102.669914563497 109.133462111155 112.806677818298 114.627420902252 112.960636615753 113.259454568227 113.212118546168 129.7913591067 137.475748856862 139.516800642014 141.906927029292 143.175234397252 142.064571380615 139.569312334061
5.73489007850488 1.81024118016164 0 0 0 0 0.572079055321713 8.70502988497416 7.46865073839823 4.76413561652104 2.29469065864881 0 12.6452421148618 23.8442321618398 32.3212047417959 30.3349569439888 29.2809208234151 26.6576459010442 23.4835098187129 21.0049599409103 21.7797110478083 22.9623044530551 26.0181749860446 35.8156487345695 45.431191722552 52.0592778921127 54.7017653783162 53.3568461736043 58.60868593057 59.9004824956258 59.7456693649292 61.390017469724 62.5493427117666 60.1326376199722 62.4840160210927 83.286056915919 86.1418346563975 90.3197427590688 99.080632130305 110.310902198156 113.563686609268 112.585683663686 108.780602614085 108.630349238714 110.314706961314 111.245055993398 115.450153748194 134.773870309194 136.667668819427 140.552282333374 142.238487799962 137.776265541712
0 0 0 0 0 0 0 0.408326275646687 10.338223228852 10.1836851487557 5.80503419041634 2.05312126005689 3.52815569688876 11.8049085140228 23.3691756923993 26.7827933033307 32.2362358371417 31.8233792980512 25.965208808581 21.9407727320989 19.158144791921 19.004004697005 19.3928355971972 25.326078136762 31.8903202811877 36.7412889997164 40.5183831850688 43.3039863904317 45.599823196729 49.2124607165655 50.3459274768829 48.7321615219116 51.1533220609029 48.7354894479116 47.8204687436422 45.2236433823903 59.1478049755096 84.9225719769796 89.3062551816304 102.756788333257 107.287545998891 103.476027647654 98.1804728507996 96.8409975369771 96.5576469898224 97.3595182100932 100.078543027242 104.13392384847 106.341123580933 123.940259218216 132.376154263814 131.026913722356
0 0 0 0 0 0 0 0 2.58740115289887 12.6757013301055 13.421652217706 8.81484833856424 1.7822883091867 0 8.97006690502167 20.8369717001915 30.4507066806157 33.599004149437 32.9433009028435 28.7757764259974 24.6052791674932 24.8091220855713 25.7705599069595 26.3113776842753 28.1459242105484 29.5104359587034 32.3931102951368 38.3929560581843 39.3501321474711 38.5910123586655 41.9821639855703 41.276919345061 37.2050454219182 34.0736160675685 37.4064495166143 37.0399604241053 35.4354033867518 34.7139437993368 46.9221025705338 57.4418753385544 79.0676176548004 82.8126023213069 87.2645874818166 86.085706949234 85.5901539325714 87.3851378758748 83.0705414215724 84.1182370980581 84.7511788209279 88.8638297716777 93.0950840314229 102.850596110026
0 0 0 0 0 0 0 0 0 4.98537470897039 15.7896988093853 18.7371696035067 15.3810580571493 8.86809701720873 7.61426612734795 18.407940864563 27.1494661768277 34.6442386507988 41.0910497109095 39.9521539608637 33.9784696698189 32.5477321942647 32.1095461646716 32.4720293283463 33.5251639286677 34.3346844116847 35.7250248392423 42.5201157728831 41.9512887795766 35.0203042229017 34.6973861257235 37.4669879674911 34.1074938575427 30.5944283803304 29.6079888939857 27.708426117897 23.8360166549683 21.7012092471123 19.3862194816271 19.0900762875875 32.1383997797966 37.4615987141927 44.5734858512878 52.026887734731 60.3252798318863 70.1146274805069 72.4486112594604 67.9732064406077 64.7847652435303 67.3100252946218 69.1654582818349 76.3729115327199
0.442768214270473 0 0 0 0 0 0 0 0 0.00982588305002234 14.0918840964635 26.513879497846 33.5343753298124 27.5708461801211 18.2223878800869 16.8521776795387 19.2154223720233 27.6072944204013 38.5054598251979 46.9309041897456 46.8619664510091 43.9572284619013 42.9744223753611 40.8880660931269 40.775828063488 40.6440893809001 40.637381374836 41.1846687396367 42.5723493099213 36.7565229535103 32.8610191742579 32.3521519700686 32.1622764070829 28.1644612550735 25.3778000672658 22.7568919459979 18.4315666556358 15.1986057559649 14.0861595670382 11.2534699340661 8.649080991745 15.8525928854942 23.1366207202276 28.5777846972148 34.1338515281677 37.8342419862747 51.5616585810979 58.75430504481 57.1834842363993 55.6415418783824 57.3393454154333 63.4495814641317
1.06952463587125 0 0 0 0 0 0 0 0 0 3.5239461188515 21.5940872828166 34.2038671175639 41.4304584264755 32.8659862279892 19.7848776976268 15.1773244142532 16.9678094486396 25.8595918615659 41.2752976020177 51.7306178808212 50.1573433478673 51.4438599348068 47.8578905264537 45.1810906330744 46.6721504926682 47.3095774650574 44.1524833440781 42.7135229110718 42.7617728710175 36.8204240997632 32.4165100852648 26.8414268891017 20.9529399871826 18.2942673563957 13.9960659046968 11.9805907209714 7.97709636390209 6.90211541950703 4.48966336747011 2.73224432021379 1.93358430018028 1.89462956041098 10.640865812699 20.8985259135564 27.9507637023926 36.2395495176315 46.039879322052 49.6888011693954 49.1542518138885 50.7563004891078 54.8468430836995
0.569433788768947 0 0 0 0 0 0 0 0 0.0121371970938829 0.250108889304101 14.2436623573303 30.0585379203161 42.4375236034393 42.7558223406474 38.2094631592433 32.0755193630854 24.539311726888 20.1208728055159 26.0905896623929 42.0056482156118 53.7126362323761 57.5137386719386 55.5193871259689 51.5770514806112 51.609992980957 53.9196034272512 52.3260881503423 49.4620750347773 48.9317327737808 44.8247144619624 34.552996357282 27.2092620531718 19.1985393563906 14.0186411639055 11.3438293337822 8.40329751372337 5.36244362592697 3.61880442748467 2.21625249832869 0.57314169437935 0.0385597231797874 2.95997245232845e-07 3.01500844458739 5.45659475028515 17.5539292395115 23.2135703166326 26.8784711758296 36.2007021903992 43.3831165234248 46.7379093170166 52.4810651938121
0.158763626435151 0 0 0 0 0 0 0 0.190641381777823 0.351933413185179 0.326587197681268 8.96039915581544 20.7007254163424 30.7418579856555 44.8897033929825 51.0918994744619 48.0390439430873 40.5472864707311 30.9081499775251 22.2165236870448 28.4438754121463 45.0730323791504 52.924782037735 56.4746310313543 57.8843305508296 59.9213639895121 62.6203169425329 63.8083666563034 58.9599112669627 53.8148631652196 43.4568574031194 34.8496983448664 27.7037719885508 19.1669836640358 13.3330076932907 11.0307869811853 6.33797173698743 3.23738250881433 1.1530959357818 0.160816358402371 0.000571646144938616 0 0 0 0 5.7342474659284 9.81438842912515 14.9772105117639 20.5273702740669 23.8402262330055 31.9429064790408 37.5201975305875
0.182944679788003 0.216081990705182 0.00551915521403619 0 0 0 0 0.617208075709641 1.13121854762236 6.42041054864724 10.8102435866992 11.8930861353874 17.0757696032524 22.858036061128 31.9864054520925 42.4932539463043 48.447847366333 49.0177522102992 47.3050574461619 36.8642335136731 25.2132440606753 34.4223255912463 41.6913330554962 50.4372417926788 59.2215259869893 64.1137262185415 67.5025930007299 66.9658084710439 58.355838060379 56.9797406593959 45.9066579739253 36.3302230834961 27.6996170481046 17.1405139068762 10.4117095470428 7.13939716418584 2.8530303388834 0.508417336580654 0.0614217424299568 0 0 0 0 0 0 0 0 4.13120569040378 7.21328581372897 14.3163874745369 17.4931511282921 19.2236738900344
0.140626837188999 0 0.0128380124806426 0 0 0 0.055469325161539 0.883647706359625 1.3484467441837 2.04911812519034 4.3101121361057 9.54325497150421 10.517705231905 14.3496530751387 21.4040701587995 33.9804341395696 41.5990874171257 44.0294742584229 48.5062499841054 48.9207903544108 43.5987710952759 33.7136859695117 35.7044065992037 43.1942194700241 52.6576240857442 59.2620025078456 65.9505973259608 68.0734862883886 58.109591404597 50.1487553119659 46.9091435273488 35.4545513788859 23.248036702474 16.8501399457455 7.96794270475705 3.58538546909889 0.547337151753406 0 0 0 0 0 0 0 0 0 0 0 1.34081207215786 4.45198360830545 6.15484453737736 4.79687253634135
0.933349986250202 0 0 0 0 0.0122089901803217 0.00141014576608238 0.80147727082173 1.75327652444442 1.75389368087053 1.27675958598653 0.559764991824826 4.03108696142832 6.6527637342612 10.6767217318217 20.5897726118565 28.2969027757645 33.8676820198695 41.4033085107803 51.2487838665644 56.9484929243724 48.777828613917 47.5456267595291 49.9108036359151 51.6805748144786 52.6740302642187 56.8994383017222 60.480535030365 56.9757521152496 45.8505203326543 35.4671354095141 26.4496753613154 17.1030561129252 9.15070374806722 1.8369786751767 0 0 0 0 0 0 0 0 0 0 0 0 0 0 0 0 0
8.00115366776784 2.89338578780492 0 0 0 0 0.499808501141767 2.10281554609537 2.40870844572783 1.93480976546804 1.17764978980025 1.00514898076653 1.40086033691963 0 4.46858412275712 12.5877136985461 22.5751747687658 28.4644265969594 35.1522291700045 45.9899604320526 53.7124772866567 62.6034786303838 67.697395881017 65.5453453461329 60.4197233915329 52.496130267779 48.8094439109166 44.2536175251007 52.9468556245168 40.0707324345907 24.7029488285383 14.6217967073123 6.9855097681284 0.491192641978463 0 0 0 0 0 0 0 0 0 0 0 0 0 0 0 0 0 0
31.3676098982493 25.5768472949664 7.94885866343975 1.50316425909599 0.232788113256296 0.116214340475077 2.6861031850179 3.02023719996214 3.02613868067662 2.33107587943474 1.83606644471486 4.85560732583205 6.55186797181765 5.61770610511303 6.30509232481321 10.4288520912329 18.3003644148509 25.8712321519852 30.2848766247431 32.9419722159704 36.7940713961919 48.6046969890594 58.1766466299693 62.1676792701085 62.1433208386103 56.9420556227366 49.3088761965434 42.4612611532211 35.4272052645683 28.4955923755964 13.409785926342 3.36423919846614 0 0 0 0 0 0 0 0 0 0 0 0 0 0 0 0 0 0 0 0
