input/barkrak2/radiation/dir33824.grid
NCOLS 85 
NROWS 70 
XLLCORNER 665100 
YLLCORNER 4664600 
CELLSIZE 20 
NODATA_value -9999 
[rows 0 to 22 of 70, columns 0 to 51 of 85]
48.164173960685702 60.5043868223826 74.1307735443115 88.5841647783915 96.1565574010213 96.3338017463684 104.202051957448 105.405261119207 122.265915075938 125.411609808604 126.162469387054 122.414578994115 118.100027243296 118.791699409485 117.233733336131 104.616115490596 92.9393966992696 82.6745728651683 82.4350267648697 82.8610112269719 90.6366507212321 108.296742041906 123.702575763067 126.288910706838 127.809782822927 135.72554787 134.531706571579 131.100873152415 126.85626745224 128.434697786967 127.346853415171 147.593398888906 177.449782689412 172.626813252767 171.532452106476 165.376742680868 169.213354587555 174.724539120992 169.268170992533 171.193679173787 169.736882050832 180.954813957214 185.217678546906 176.976382732391 170.580546061198 177.120705445608 183.60447883606 138.309270143509 95.0746734937032 91.1930402119954 112.049629290899 152.26682027181
31.2821964422862 43.2620892922084 51.4991283416748 60.3166967630386 68.4259583552678 76.8735706806183 81.6516081492106 93.5489535331726 102.699389060338 103.612929582596 119.907945394516 123.852431774139 120.384285847346 120.463788509369 118.929793437322 106.935401757558 99.2746551831563 89.9636447429657 87.5237584114075 85.9346985816956 97.6145366827647 121.488253275553 135.644247134527 135.289529959361 136.028230190277 140.354186296463 137.640456358592 131.261001030604 127.33385960261 133.236110210419 133.787016073863 155.934224526087 176.886916160583 172.731598218282 167.926569779714 166.060447692871 171.449065208435 175.677994887034 168.138345082601 168.565293153127 167.474766572316 170.774300893148 168.656408786774 161.252816518148 156.911631425222 170.23754119873 175.53699016571 130.25618592898 102.349748214086 111.860732237498 139.351020256678 172.956188519796
11.5401893854141 15.6307220458984 24.523397286733 29.0672431389491 32.8862195213636 41.7538583278656 50.7377882798513 64.5748178164164 76.2464751799901 82.0330480734507 84.7407877445221 97.9389945665995 103.393077850342 110.87042093277 125.520428021749 130.782703558604 125.079979499181 113.415102163951 98.7961192925771 89.629997809728 104.530374209086 120.193660259247 131.7138671875 133.87859861056 137.548387050629 136.892974376678 133.496522903442 130.258947610855 128.744473059972 134.086151917775 148.443887631098 166.033585866292 176.811297734578 173.968394597371 167.261183261871 166.977226734161 175.995548566182 178.392688433329 170.060634613037 165.928602218628 162.474314371745 156.084716320038 145.982344945272 139.810452858607 144.902735948563 159.469018379847 155.679812033971 123.999824126561 119.374771912893 138.876358668009 162.797103325526 182.496110598246
4.72520105540752 5.40014356374741 7.39863266547521 9.21296576658885 9.06776015957197 14.5990923047066 19.0146590272586 29.6370461583138 43.7827209631602 54.9816389878591 69.917360941569 78.5110791524251 84.7016572952271 91.7090276877085 96.1740215619405 102.061917384466 102.34256585439 94.127635161082 84.3916932741801 81.4703007539113 84.6927364667257 89.0851120154063 102.924098571142 114.27907148997 118.64239970843 122.58451183637 124.640882015228 127.659271160762 131.542394558589 137.071003516515 144.46481068929 167.859733104706 170.303861300151 170.166989167531 167.438983917236 167.566915353139 169.792791207631 170.419971148173 161.448270082474 154.225885868073 150.040100018183 142.907679080963 141.544024149577 150.465250015259 155.569791793823 150.038083394368 140.134712060293 121.449569861094 128.125756978989 141.670922438304 161.176860332489 178.937276204427
11.9724025328954 6.19519129395485 2.99960778405269 0 0 3.66272963583469 12.28978484869 19.0744275848071 26.4815539121628 29.8984373609225 40.548471113046 52.7261843283971 62.4071558316549 71.6826419035594 75.5096425612767 80.916220943133 79.4763962427775 79.0292024612427 78.1976481278737 78.2526036103566 77.3138701915741 79.8470973968506 89.0682240327199 97.7010428905487 104.92354631424 111.231823762258 118.175427118937 121.503204107285 127.808570861816 130.062202612559 136.063794294993 150.109877189 147.617081801097 147.747784852982 157.534499963125 163.616240024567 160.283217827479 157.614310582479 147.270182768504 139.633337656657 141.020327806473 141.860107580821 148.146122694016 158.217012882233 158.198088407516 136.645793914795 113.304754098256 111.624856789907 122.220913569132 140.331556399663 166.720668474833 179.733395576477
34.9391574660937 19.0525787572066 7.58241675794125 0.870707910507917 0.131557792580376 2.03129152456919 6.46733306348324 13.6458526055018 17.4840365846952 17.8369221587976 22.978996237119 30.1469514767329 34.4113707542419 39.3499781688054 45.5664445956548 53.6608944336573 57.1984151999156 65.087636311849 71.9891935586929 79.514334599177 84.4672520955404 85.6378575166066 88.4997844696045 92.1578307946523 96.6049631436666 104.652514060338 109.589636325836 116.624643405279 123.08723727862 128.682295481364 138.596723477046 143.572777509689 134.506672620773 137.230157852173 140.676478544871 141.075074672699 138.736744721731 148.994475603104 141.463706890742 141.722251971563 141.149580478668 140.734781821569 142.925361792246 147.396783034007 141.876488924026 114.921967188517 91.6044513384501 100.618759791056 118.99666984876 152.135560909907 176.210920015971 182.783226172129
52.0474016666412 34.7431177894274 21.8647867441177 11.7120432356993 3.50573379546404 1.64390231172244 2.71154474467039 7.5049785276254 14.2263012627761 18.3016198376815 17.7296896775564 17.2791058818499 18.0737301707268 18.519826233387 20.9040318926175 29.7699347138405 38.5872448484103 52.1584997574488 64.2250378926595 76.9956906636556 84.2005610466003 89.2634789148967 90.776930252711 90.3078615665436 94.601571559906 97.8057285149892 103.119343519211 108.979562918345 116.547723611196 123.885750770569 134.225656588872 137.969543536504 127.926737070084 124.787837266922 124.561369419098 127.255568901698 128.294587135315 125.131865342458 121.558984120687 127.991398175557 123.881200949351 124.510844548543 130.781084299088 137.589265902837 137.347489595413 133.001933495204 138.151516517003 142.999758323034 153.097838163376 165.339708328247 172.002037366231 169.299403826396
62.4844481547674 49.3413011233012 34.6504723032316 24.2819140354792 14.9175810317198 4.59784331421057 2.05640308558941 0 7.17335566878319 15.8219436804454 19.5030669371287 20.2562076350053 18.7075473368168 17.0975464085738 13.9817247788111 16.4889705677827 23.0125884215037 33.0957770347595 47.5229422251383 61.3754441340764 74.2004811763763 82.4337651332219 93.0875341097514 89.8301303386688 90.6383295853933 91.0985668500264 92.1221276124318 96.4367787043254 101.887285709381 112.868130207062 125.540186961492 124.606927235921 118.275105953217 112.442801396052 111.075212558111 110.651950041453 115.676214297613 113.731950521469 112.602730592092 102.021793524424 106.629242499669 114.331652720769 128.048221270243 137.39749789238 141.523569822311 150.629460811615 157.098432381948 158.11163187027 162.358582019806 161.149799823761 157.312393188477 154.723068078359
59.3670556942622 49.0695039431254 40.1793320973714 29.2564183473587 20.1065142949422 14.0529870986938 5.41791692376137 1.14149871903161 5.41793182492256 10.681743423144 15.602994710207 20.0241779287656 23.0441391468048 25.1715506116549 22.2717449069023 20.6164618333181 20.7623814543088 23.9079693953196 31.341478228569 40.9385686119398 51.7872174580892 64.8254056771596 75.0178098678589 78.0295133590698 80.9906174739202 79.6955575545629 81.3983579476674 83.4719936052958 85.7376058896383 93.5098826885223 100.572526454926 104.618450005849 102.595110734304 100.166022777557 104.749768972397 104.734887679418 107.118159532547 108.625104029973 111.10586921374 106.24173283577 107.707669337591 119.933068752289 133.571803569794 136.58062616984 135.69849729538 135.489096244176 139.021635055542 146.855652332306 153.775105873744 149.372239907583 141.603728135427 145.430306593577
39.7765636444092 36.4898691574732 28.2691270112991 23.304358124733 19.4873983661334 11.0321814815203 10.0200660526752 9.29413922131062 5.68685121834278 3.50439175963402 6.50108978152275 15.1598627368609 24.9588986237844 31.5505936741829 35.0894282261531 33.9619169632594 28.3058484395345 25.9561464190483 25.6739134589831 28.1758929292361 33.015509446462 38.9405637979507 47.1819738547007 54.501011967659 63.8010799884796 66.5225783983866 69.1607296466827 69.5482889811198 70.2071438233058 75.4137982924779 73.6020257075628 75.3770569960276 86.7929557959239 89.7567967573802 92.9595232009888 98.2736150423686 96.9702700773875 100.046038627625 107.165882984797 113.588054974874 117.620726426442 119.491050640742 120.709210634232 118.125826120377 134.200712045034 134.599337975184 142.431755860647 147.094984849294 149.427761634191 148.178448279699 147.11731672287 144.60951089859
6.33048762877782 3.70458172013362 1.25335327660044 0 0 0 2.75385938584805 9.43565492828687 8.68522748351097 5.66583747665087 3.26421701659759 0.933798030018806 13.9693642656008 26.0080595811208 34.843477110068 33.3616609374682 32.8035006920497 27.493953704834 25.2039854725202 22.6594135165215 23.9949524402618 25.2106934785843 28.3539642890294 37.5256463885307 48.4003921349843 55.9956928094228 56.9401880105337 58.7915678819021 62.0106558005015 61.9101673364639 64.8196836312612 64.1629646221797 63.5135819514593 65.8618658781052 81.9466362396876 87.3876909414927 90.3418064117432 96.2175528208415 103.56197754542 117.50383178393 118.424842755 117.435564597448 113.584379355113 113.438347975413 112.440596024195 116.106688976288 144.741475582123 142.422487338384 141.712586085002 145.610670248667 147.304823001226 145.237286885579
0 0 0 0 0 0 0 2.14857514947653 11.7492477099101 10.3649583955606 6.42164051532745 3.11485212296247 4.87464759498835 12.9455551505089 25.0641653935115 29.0693789720535 32.9014907280604 33.2784776886304 28.2957901557287 23.5266188780467 20.9209049741427 20.5621222654978 21.5249607960383 27.0964130759239 34.4703073302905 40.0866791605949 43.2329674561818 44.6318437655767 50.6434887647629 52.3631076018016 52.2339542706807 54.884746670723 52.7915259202321 51.4790217081706 48.7824678421021 54.9887816111247 80.9282759825389 86.7972870667775 95.4654812812805 107.295155525208 109.404116868973 108.179718255997 102.795938650767 98.8561511039734 101.156026124954 101.970265309016 104.760964711507 108.907918135325 127.724309762319 134.698371092478 137.391696373622 136.005481084188
0 0 0 0 0 0 0 0 5.10343660910924 14.2349029580752 13.6933848261833 9.67329430083434 2.90279711286227 1.88172329217196 11.0066197812557 23.8301008939743 33.4220578273137 37.3672793308894 34.8562076687813 30.4106200734774 26.4598776896795 27.1323770284653 27.7061685919762 28.7163183093071 30.6062251329422 32.444953918457 35.5062757929166 40.51690051953 41.3254623611768 42.725866039594 43.3121472597122 43.7415341536204 39.6424854795138 40.9981086850166 40.242445965608 38.2701481382052 36.2261980772018 47.0112462838491 62.7927333116531 79.5566141605377 90.2312298615773 91.7251308759054 89.3272757530212 90.4280344645182 89.9363160133362 91.7726457118988 89.8171166578929 88.46781651179 91.8581982453664 96.152792374293 112.74728178978 122.744371493657
0 0 0 0 0 0 0 0 0 5.95825165510178 15.9274240334829 19.448800633351 16.405231008927 9.93749375144641 9.1981024791797 19.3751975893974 28.5722141464551 37.2692495584488 43.0731276671092 41.6151881217957 35.9198302030563 35.9846875071526 35.4397818446159 34.41022336483 36.1634840567907 36.3439073165258 38.4937922159831 44.715757171313 44.0245618422826 37.7173547943433 40.4257227977117 40.266585846742 36.7901052037875 33.1411138176918 31.8908294041951 31.6833058993022 27.7510608235995 25.4329790671666 32.9862286647161 34.9140490094821 40.3409997622172 52.2836893796921 59.5735162496567 69.5599218209585 70.8720982074738 83.9722553888957 82.5462887684504 77.1787712971369 73.166901866595 75.4565646251043 77.3774633804957 85.9240492184957
0.878721320380767 0 0 0 0 0 0 0 0 0.0567753547026465 14.8584594329198 28.0410995086034 34.5296214024226 29.2570218443871 19.7667653361956 18.3908815185229 21.3188081979752 30.0213545560837 40.4403656721115 47.6662367582321 48.6659755309423 45.8613932132721 45.0550069411596 42.9981748263041 43.6537067095439 43.5120910406113 44.1257655620575 43.9868668715159 44.9164609114329 38.6757974823316 35.4937190810839 38.0564207832019 34.525528550148 29.4030606746674 27.6985168457031 24.9605029821396 19.0525750319163 15.7899844149748 14.6063802142938 15.423160046339 18.8541536529859 24.1605788469315 31.3299049933751 33.1069951256116 40.1004403829575 49.7937897841136 61.2838566303253 66.7037566502889 64.7190660238266 61.8691990772883 65.5743430058161 71.5876271327337
1.52965852369865 0 0 0 0 0 0 0 0 0.0330472757923417 4.38597860435645 22.8690231839816 42.226235071818 44.3067202965418 34.2257668574651 21.4501867691676 17.1470021208127 18.633504708608 28.9253666996956 45.264075199763 53.8372298081716 53.2969534397125 53.5794645547867 50.9525338808695 47.3351875940959 48.9387661218643 50.4136880238851 47.1602181593577 44.8556443055471 45.2632655700048 38.798709710439 33.8459859291712 29.2219271262487 26.4789511760076 22.4231705069542 17.8634996215502 13.5638440648715 10.0873112678528 7.25926086306572 5.45665000875791 4.52867988497019 8.15957350035509 11.8688965837161 20.0134788950284 25.075634320577 34.0183724959691 43.1866347789764 49.4268635908763 51.2719750404358 54.7057688236237 56.4024945100149 61.369796593984
0.861312573154767 0 0 0 0 0 0 0 0 0.10931746995387 0.293358966397742 15.9941601256529 31.6017816464106 42.4984991550446 45.6392467021942 40.9573515256246 34.8739301164945 26.8382579088211 22.3245322704315 28.4355158607165 44.9087917804718 55.9078603982925 59.6649448076884 57.7741612990697 53.79918217659 54.8195540904999 57.9207489887873 54.4950217008591 52.6310900847117 52.2186706463496 46.5465237696966 36.0346113642057 28.4491529067357 21.2034930785497 15.7094225287437 11.9552736481031 8.89422309895357 5.72345592081547 4.43914035956065 2.70557093123595 1.13741556803385 0.417509853529433 5.18476124852896 8.72711464762688 15.8927477896214 24.7825806339582 32.7655623356501 38.8658444086711 41.1038845777512 44.4962282975515 49.5804597934087 56.0650626818339
0.304454879369587 0 0 0 0 0 0 0 0.415540571945409 0.427843653596938 1.64787797257304 10.20556067427 22.8430181741714 37.4981289108594 48.5845903555552 52.5082548459371 52.6668131351471 44.6158945560455 32.8094760576884 24.1756613055865 30.9649606545766 48.0961898962657 55.1007688045502 58.6899916330973 61.2488240003586 62.4984155098597 64.814622203509 66.0804659128189 61.0199123620987 56.1207483212153 46.5087642272313 41.7161385218302 29.9658998847008 21.1695780356725 14.0460667510827 11.6587405403455 7.4465274810791 3.8874875754118 2.31901338944832 0.609647055777411 0.00901443127077073 0 0 2.94338290890058 6.0755896071593 16.4839637776216 20.2485223611196 22.2419972221057 26.4115755756696 31.8411538998286 36.7075006167094 40.7472848892212
0.347909129535158 0.418111798353493 0.0655174080748111 0 0 0 0 0.741475261747837 1.24514056369662 7.58651830255985 12.595339367787 13.2258124649525 18.7832688291868 25.3357241551081 33.7015340725581 45.3994323809942 52.1038969357808 53.6413143078486 50.3820776939392 38.788211842378 28.0155291159948 36.3639121254285 45.4040616750717 53.6059439182281 62.3986621697744 67.6954040924708 68.9504692951838 68.2959804932276 68.1555420160294 60.4376594225566 49.051488439242 37.5991339484851 31.5326203902562 19.0462470054626 11.837345858415 9.17088364561399 4.10883252819379 0.780925309906403 0.149217434227467 0 0 0 0 0 0 3.94605131198963 5.77442161738873 11.4859566092491 13.4676521023115 18.0557494362195 21.5491677323977 25.6616026163101
0.30179744741569 0.0477368157589808 0.123508565593511 0 0 0.00030897966022773 0.110034093571206 0.998752036442359 1.98472244665027 2.18259341393908 9.58523837228616 11.7464226981004 12.3605964084466 15.2901125450929 22.7063198884328 35.8550623059273 42.2513633966446 46.0457503795624 50.2210011084874 52.035724123319 44.8905527591705 35.6014495094617 38.4638359149297 45.5051312843959 54.8110157251358 62.7191513776779 68.1191831827164 70.2388683954875 61.5938156843185 52.9566357533137 49.7202624877294 38.0038743217786 25.3923411170642 17.5059499839942 9.25784682234128 3.80283469955126 0.790896670271953 0.0204189515595014 0 0 0 0 0 0 0 0 0 2.49963471045097 6.98216445744038 10.7496827840805 14.1567612687747 11.5124757091204
1.35412160307169 0.00506019387103152 0 0 0 0.0561707662806536 0.0802246698488792 1.21075659990311 1.88053057839473 1.86979367087285 2.06580152735114 5.86943825085958 6.41837095220884 7.78849236667156 11.6990357637405 22.9672441879908 32.6166202624639 35.854068895181 42.359655102094 54.4527967770894 59.2235873142878 51.919882496198 50.665204723676 52.0073970158895 54.3193519115448 55.9644301732381 58.9828987916311 62.7100567022959 58.3492567141851 47.3611752192179 38.2956539591153 27.4645735820134 17.898291349411 9.70094402631124 2.65722007801135 0 0 0 0 0 0 0 0 0 0 0 0 0 1.27494412784775 2.54283177976807 3.7688488761584 5.78404466311137
8.90117386976878 3.6880187690258 0 0 0 0 0.659269746392965 2.24788285170992 2.5395470050474 2.77445806811253 1.91453875352939 1.09297269955277 3.61321866512299 0.14434886785845 6.59271391729514 14.7973770896594 23.725559314092 31.2312394380569 37.9589920242627 48.1227536996206 55.8411379655202 66.1418934663137 70.3979581594467 69.1772053639094 62.579000989596 55.2543352047602 50.4821687936783 52.6433934768041 54.9564212560654 43.0048157771428 25.7385720809301 15.4782806833585 8.64994712173939 0.794035848230124 0 0 0 0 0 0 0 0 0 0 0 0 0 0 0 0 0 0
33.770223458608 27.8674960136414 9.61257641514142 3.09696607291698 1.24506194454928 0.347207804831366 3.45353378603856 3.90097126364708 3.18630691617727 2.47227276364962 1.95942229280869 7.64021277427673 7.535004367431 6.89101467529933 7.62146835525831 11.7800782124201 20.0593570868174 27.1126255393028 33.4647546211878 34.8666707674662 38.2464652260145 50.6084362665812 59.4698985417684 64.8693790038427 65.6597912311554 59.2028945684433 51.4532824357351 45.0831353664398 37.7827535072962 30.9504419565201 14.1495652496815 4.162539417545 0 0 0 0 0 0 0 0 0 0 0 0 0 0 0 0 0 0 0 0
