input/barkrak2/radiation/dir30124.grid
NCOLS 85 
NROWS 70 
XLLCORNER 665100 
YLLCORNER 4664600 
CELLSIZE 20 
NODATA_value -9999 
[rows 44 to 65 of 70, columns 0 to 48 of 85]
94.1316882769267 100.34171740214 103.312154610952 103.893260161082 105.901857217153 108.207484086355 108.668893575668 104.25728559494 99.5067159334819 94.634473323822 95.9954460461934 92.908521493276 90.0324781735738 88.0622367064158 87.3801906903585 87.1983269850413 83.2017113765081 89.5480612913768 92.5899545351664 89.822918176651 85.1601461569468 82.9850683609645 82.0515801509221 82.5503170490265 79.7285536924998 87.0573421319326 91.3109481334686 88.5208944479624 87.0367089907328 87.2870882352193 82.1559677521388 80.0482531388601 87.5145792961121 92.9492712020874 97.9067285855611 101.729730765025 106.92169268926 115.727891524633 120.025505622228 111.047943433126 109.94424422582 103.083272775014 97.9600449403127 77.2253572940826 42.6710645357768 4.47987827161948 0 0 0
101.014226675034 105.747133493423 102.858553330104 106.252392133077 104.804803927739 104.59953546524 105.966667334239 104.634304841359 105.539053678513 100.915849208832 99.4939605394999 98.3068744341532 93.0723349253337 88.705708583196 87.3576601346334 90.9453829129537 84.8345557848613 87.8635744253794 92.4997329711914 90.6652013460795 87.4638557434082 87.7062479654948 86.5553220113118 87.5822901725769 87.3213807741801 86.9994858900706 93.3393537998199 92.8825438022614 89.6456042925517 88.6695583661397 83.723396062851 80.4010480642319 83.814005057017 82.3343346516291 82.879846294721 86.018035809199 95.101535320282 108.985424041748 108.393092950185 95.3948199748993 98.447451988856 92.7901268005371 91.1808709303538 88.1878038247426 69.5966879526774 32.9468920826912 0.0547225742290417 0 0
100.626776615779 102.526972691218 105.206449826558 107.534229755402 107.014944156011 106.825610001882 108.541786670685 110.650777816772 106.607059637705 104.687730471293 103.062977393468 102.513670921326 98.1865127881368 94.4613019625346 94.6147938569387 98.124881585439 95.2076216538747 89.0991687774658 94.7271684805552 93.2005147139231 89.9910032749176 90.4418528079987 89.5658135414124 86.6265495618184 94.5394237836202 87.7897838751475 87.4591469764709 90.6973878542582 90.5971825122833 89.3306136131287 88.0913138389587 83.8939150174459 83.3810766537984 83.724578221639 84.9985480308533 85.7449471950531 89.302788178126 96.7603325843811 98.8817811012268 96.3642795880636 94.4096048672994 88.7791514396667 94.2885875701904 102.416773637136 94.3581263224284 59.6536248922348 19.8522036274274 0 0
94.1319664319356 96.854309240977 103.091339270274 104.627390702566 108.542382717133 109.853049119314 107.73378610611 107.227444648743 107.377588748932 109.597722689311 105.992098649343 101.747095584869 100.494066874186 100.151558717092 97.6082384586334 97.1559882164001 95.8723227183024 87.5784953435262 91.104527314504 93.6804215113322 89.0217423439026 89.2368952433268 93.3287938435872 86.5821838378906 88.6724789937337 88.091363509496 81.9553633530935 86.931715408961 90.8107956250509 89.2713169256846 89.5451406637828 87.7278844515483 83.1424295902252 86.4900946617126 98.2700685660044 102.325777212779 98.5682109991709 93.6913589636485 96.8616803487142 108.048409223557 99.5304087797801 90.3152525424957 98.5392928123474 105.858286221822 99.5541214942932 78.0575275421143 40.2131155133247 7.36830942332745 0
86.8124465147654 89.9195472399394 95.9668358167012 99.7560520966848 106.677283843358 110.59628923734 107.330540815989 105.083525180817 108.871062596639 111.449340979258 109.014550844828 104.401618242264 102.408846219381 103.706260522207 100.633641084035 94.9449340502421 93.998263279597 88.799774646759 91.5526449680328 95.4558749993642 94.3008462587992 93.9051707585653 95.7246919473012 92.1405553817749 88.3016983668009 92.4333930015564 87.2934559981028 90.7466212908427 96.7208643754323 101.317514975866 105.133672555288 104.230185349782 94.1623151302338 97.4321862061818 104.959388573964 113.142808278402 112.454901138941 104.316890239716 100.02472003301 106.445958216985 97.8773633639018 88.9351665973663 86.8760347366333 86.1097574234009 85.1000746091207 84.0624670187632 72.1087753772736 21.3306496540705 3.63122609754403
85.6559375921885 82.6567908128103 87.1596535046895 96.5434511502584 102.484216292699 106.130123138428 109.151850144068 111.981461445491 112.877488136292 108.936508496602 110.736598571142 110.973924398422 107.025067011515 104.662378629049 102.489084005356 97.6269443829854 95.7249999046326 92.6294028759003 94.8089559872945 99.428395430247 102.023363113403 101.765821377436 98.6238420009613 99.7565686702728 93.5573478539785 97.0433453718821 96.6304043928782 99.0609228610992 107.017238934835 111.786603927612 118.384132782618 123.947978019714 111.247360706329 106.641620397568 105.523069699605 114.599943161011 118.54608853658 114.028066396713 106.376677751541 94.7002073129018 87.6788099606832 88.4679158528646 87.1431132157644 81.6228489081065 78.1728029251099 82.638089855512 77.8371592362722 27.9083997011185 4.62251963714759
86.2603882948558 89.5445545514425 93.246599038442 99.9475717544556 100.368589162827 101.04888677597 109.662214914958 114.74014321963 114.741951227188 114.432483911514 113.835781812668 113.973677158356 109.777202208837 104.935030142466 104.713141918182 108.854065338771 100.757290919622 100.004285573959 101.610283056895 105.643649895986 106.649816036224 104.125479857127 101.189911365509 100.992878278097 94.384769598643 102.17293103536 105.041354894638 104.884088039398 111.614286899567 118.624945481618 125.972708066305 128.263334433238 124.480078617732 110.453178485235 96.0553288459778 100.598980983098 111.036509275436 118.443697690964 111.230313777924 89.7239844004313 82.1865151325862 90.5330578486125 93.1481719017029 89.8550748825073 82.6687713464101 80.7322363058726 66.3307805856069 34.04833873113 6.41856218377749
87.0040953159332 98.065177599589 100.287556648254 102.76852051417 100.534945726395 99.8092194398244 107.581496238708 113.133211930593 113.049079974492 117.823620637258 115.641891956329 115.108648935954 112.870663404465 107.69044359525 107.179870208104 113.767852385839 106.425712505976 103.125075499217 100.754817326864 103.187541166941 103.504588206609 102.181911468506 101.594507694244 96.9358185927073 96.1071451505025 97.4292556444804 100.917011499405 102.288236220678 105.001618464788 114.267607529958 121.396392583847 128.688643376033 120.814949274063 102.02357172966 70.3914860884349 46.261211236318 73.0165094137192 101.54249270757 113.784442345301 115.352670351664 108.195165793101 100.876947244008 83.4859212239583 81.4253191153208 88.8718366622925 82.8010489543279 63.1464769442876 50.9837071100871 13.4043085078398
90.8907353878021 88.7286464373271 87.4014000097911 90.3639793395996 97.7768699328105 103.446543216705 103.795478741328 109.90846157074 109.350860118866 114.507387081782 114.655544360479 116.243143876394 116.209228833516 111.421535412471 108.822335799535 108.197549978892 109.986901283264 102.991928656896 97.5302557150523 94.5447683334351 94.9865281581879 97.3039269447327 98.8629460334778 92.2114650408427 94.380110502243 91.7203625043233 92.3193196455638 92.452069123586 92.9512878259023 96.9833433628082 101.371824741364 111.599465211232 107.289572556814 83.4779938062032 51.5625377496084 29.4597521424294 30.7815919319789 52.9327889283498 93.9634740352631 112.380802631378 117.4169977506 100.889056921005 79.9120962619781 75.744221607844 83.1883251667023 74.946458141009 56.4311842123667 66.9986506303151 48.4577814737956
94.1345592339834 83.5147500038147 80.7856221993764 86.1564179261525 98.4463095664978 107.576827208201 106.524040301641 108.105291922887 110.537032286326 110.429912805557 112.650920947393 115.756332874298 117.3002521197 115.163902441661 110.606789588928 107.821981112162 111.127346754074 103.471140066783 98.7647175788879 100.315014521281 99.2607275644938 97.0434844493866 95.4442918300629 92.10071961085 92.5442576408386 90.0096694628398 90.1197989781698 90.9112195173899 88.7059569358826 85.0947499275208 78.0095408360163 81.4668585856756 82.8720231850942 67.3032204310099 52.9868801434835 30.7508036494255 18.21693405509 15.8142124613126 30.2241792281469 63.3729994297028 100.049912929535 91.0575091838837 80.4465611775716 62.8296832243601 58.8143666585286 58.558002114296 57.4006338914235 76.4561792214711 88.03724249204
94.4156448046366 88.5941286881765 85.6392582257589 90.5301570892334 100.653837124507 109.478294849396 112.73181438446 108.335852622986 112.920552492142 110.839019219081 114.415874083837 116.59907301267 117.845416069031 119.134744008382 113.123993078868 112.594842910767 112.738937139511 106.560746828715 102.252582708995 104.657550652822 104.6049396197 101.358513037364 99.1649230321248 98.6145436763763 95.6599811712901 93.9662257830302 92.3137366771698 89.6354019641876 84.1681758562724 78.4173409144084 69.0283626317978 71.4443922042847 76.2736697991689 77.237938841184 75.5030959844589 63.404972354571 37.2326771418254 22.4650800228119 16.7811016241709 25.7342060407003 46.9875037670135 69.5813745260239 47.0382074515025 38.51334999005 38.0591154098511 45.6000318129857 60.9781394402186 69.0104713042577 83.2716524600983
97.9523857434591 96.4994430541992 92.4151440461477 90.3889834880829 96.249520778656 108.229200045268 110.593974590302 108.559002478917 110.251148541768 115.308413902919 121.538152297338 121.962577104568 119.878381490707 120.759169260661 117.564290761948 116.84176325798 116.205265124639 112.770895163218 107.509861389796 104.357639948527 102.101465066274 102.134813865026 105.149269104004 106.693953275681 103.581160306931 100.196152925491 92.5410687923431 83.4224124749501 76.1389334996541 71.9714810450872 71.9420413176219 77.4044493834178 81.7204415798187 92.9457545280457 100.476692120234 99.3466277917226 82.9874773820241 65.6244854132334 52.0274192094803 27.8723984956741 31.5998370448748 56.5020889043808 56.8215250968933 45.0996259848277 45.2357182900111 62.1941785017649 86.719810962677 82.357923189799 77.4464209874471
100.869754950205 100.34038623174 98.8680521647135 94.6253339449565 95.2713092168172 105.422993501027 108.943065007528 108.905255794525 108.360379934311 117.514530817668 125.833928585052 125.07352232933 120.088597138723 121.701508760452 122.32247988383 115.7319744428 118.757128715515 114.457368850708 109.981040159861 106.715579827627 105.550398429235 106.278210878372 102.549562851588 101.15060210228 100.032528241475 96.3197449843089 71.2269296248754 51.5880882740021 46.6682066520055 55.0747414429983 69.1982011000315 73.8389889399211 79.8036009073257 87.2544248898824 97.1400241057078 109.390676021576 112.637519836426 92.743585507075 92.8546289602915 59.9113255739212 39.6466578046481 58.2936803499858 74.6622184912364 75.586661696434 75.6181081136068 90.8803145090739 119.710713624954 107.887536287308 84.1953158378601
99.5261470476786 97.7269311745961 101.480931043625 102.27378209432 99.0402102470398 102.135320504506 109.005014101664 109.937200943629 109.880477190018 117.726107438405 125.249197085698 123.175958792369 117.94834335645 121.577441692352 124.755442142487 114.66912428538 115.45592546463 113.591571648916 111.443003018697 111.309667428335 112.474660078684 111.562510331472 105.547487735748 99.2470979690552 98.6132621765137 95.255712668101 76.4509588479996 55.0713439782461 55.5361807346344 65.739298860232 78.2754669586817 79.7968556483587 91.0167793432872 102.062930663427 108.823905388514 120.058755079905 97.9795654614766 52.8463224569956 53.2221148411433 63.3333673079809 66.6609406471252 81.4563731352488 86.5873197714488 70.0842936833699 43.6725169420242 70.8405027786891 96.5033372243245 91.1782085895538 76.8972784280777
87.0028436183929 95.7073569297791 99.4298060735067 102.055191993713 101.865867773692 98.0849464734395 108.881572882334 113.504827022552 113.758742809296 117.843826611837 121.633629004161 121.414472659429 120.146642128627 117.763817310333 118.615011374156 115.062435468038 111.432810624441 113.931924104691 115.618864695231 116.511334975561 117.138942082723 112.179021040599 111.651728550593 103.12686363856 101.095835367839 101.427257061005 96.8967080116272 92.1963751316071 96.2289770444234 99.7557739416758 95.824142297109 89.9113615353902 105.583886305491 114.466269810994 109.093934297562 81.2348922093709 71.0791349411011 34.0572794278463 21.5056613087654 34.3104526400566 56.2838713328044 92.1893219153086 89.6118879318237 75.1443554957708 62.3432497183482 65.4721111059189 81.6678901513418 86.3874753316243 84.0870042641958
76.669842004776 92.6219324270884 97.2978870073954 100.241581598918 103.331665198008 98.9801188309987 103.59392563502 113.164722919464 123.829782009125 124.609222014745 120.955089728038 118.368705113729 120.159755150477 118.791441122691 118.558833996455 115.817894538244 110.978325208028 112.879117329915 111.442446708679 109.01070634524 110.10072628657 108.654161294301 107.041577498118 103.94557317098 107.036471366882 110.381742318471 119.707028071086 122.418691714605 107.865403095881 111.359119415283 99.9582012494405 90.0608698527018 100.02992550532 90.5850430329641 47.5682814915975 37.2530420621236 35.560463865598 26.82097752889 13.5277273754279 9.04689605037371 11.5456680456797 42.2713359196981 86.9757831096649 104.868521293004 119.207074244817 115.792532761892 109.450836976369 107.337713241577 106.145282586416
78.588788708051 89.4506474335988 97.5052813688914 100.32265384992 101.799348990122 102.362851301829 96.4271724224091 107.046435276667 129.144132137299 127.912779649099 119.160075982412 115.148176749547 118.098556995392 121.330042680105 120.176335175832 116.527239481608 115.357061227163 112.097303072611 104.27259405454 96.2226788202922 96.5237021446228 99.662850300471 100.677907466888 102.607021729151 104.878624280294 110.22541920344 127.340058485667 136.745343605677 122.312327226003 109.475841124852 93.3277606964111 80.0129274527232 79.4816811879476 73.95139336586 52.5744259357452 30.7831143339475 32.235528031985 42.9052859544754 34.5127979914347 18.960806230704 8.44423783322175 19.1035432120164 65.179169178009 97.414235273997 107.44180281957 104.176690181096 99.176824092865 99.9924143155416 95.2550272146861
91.9157962004344 95.0413544972738 97.7630813916524 94.1637555758158 87.4507923920949 83.9189887046814 92.4094617366791 99.088837703069 109.501332044601 106.185336907705 104.254633188248 110.358218352 117.042223612467 118.525246779124 113.876720269521 115.964909394582 116.092721621195 109.06246304512 100.571940342585 94.5138037204742 93.4026738007863 93.4217770894368 96.4197218418121 98.4018445014954 100.081384181976 103.613088528315 115.572412808736 126.802663008372 115.444203217824 96.9517727692922 88.1141225496928 71.8509505192439 64.29789463679 77.6527722676595 71.600412329038 42.8954909245173 51.8267303705215 84.0453008810679 88.141143321991 66.0265286763509 34.1312537590663 23.7318401535352 42.6697035630544 53.258071343104 48.7782408793767 64.4816805919011 69.5450454950333 74.582169453303 73.1155723333359
104.724655548731 100.863496462504 96.7366397380829 89.1501009464264 77.6715576648712 70.3639090061188 83.3091884851456 81.945076584816 70.4301049311956 71.1403141419093 82.5756887594859 97.0723628997803 103.165159622828 108.307103315989 111.435790856679 122.288346290588 124.892771244049 115.360548098882 106.202681859334 101.875762144725 98.2039173444112 97.9525943597158 99.7654497623444 97.573588291804 96.0422456264496 99.2273290952047 105.248798926671 109.814902146657 103.098273277283 83.1589698791504 82.0159216721853 78.0783742666245 70.7277357578278 87.9365702470144 92.6567912101746 79.4705450534821 70.3925142685572 71.4301913976669 77.1510700384776 75.4233996073405 52.8365671634674 41.8758342663447 42.3715015252431 34.3801776568095 26.2510528167089 29.4126893083255 45.4876472552617 52.2252867619197 59.4747712214788
107.877284288406 100.384662548701 95.0255990028381 90.7363692919413 82.537720600764 75.5982398986816 70.2335139115651 64.0763938426971 44.6829448143641 55.1119347413381 78.1261523564657 89.9880230426788 90.8645192782084 99.319060643514 114.349802335103 131.801287333171 137.562304735184 129.128058751424 119.639178117116 114.919016758601 109.164933363597 106.848726669947 105.184415976206 100.705514351527 99.0562637646993 97.9195634524028 94.9516197045644 93.2169854640961 93.4099058310191 72.1902549266815 73.7345367670059 76.9876142342885 71.4050680398941 91.9933120409648 110.773275295893 114.147404829661 88.1292323271434 40.4660354057948 35.4254320263863 51.9887705643972 56.6219488779704 51.8755664428075 54.7110289335251 49.0901966889699 35.8184526364009 31.4732864499092 43.7045991420746 54.8820147911708 65.9890373547872
110.656638940175 104.683895905813 103.220790624619 104.450056950251 100.750943024953 93.5983757177989 87.6197318236033 88.5564386844635 86.8645409742991 92.1380321184794 101.913392543793 109.316259622574 109.626621007919 103.754937648773 114.922295014064 132.701873779297 143.629819154739 143.009632825851 134.984334309896 123.479783535004 116.760035355886 111.000458399455 109.593162933985 110.144923130671 103.440304597219 91.9171969095866 86.3576531410217 84.9115252494812 84.1146608193715 79.6186675628026 65.4804408550262 57.6428472995758 56.3500473896662 79.3978373209635 119.809697071711 128.169427315394 94.1736896832784 57.3381880919139 27.2299150625865 27.4676258365313 32.2145794828733 42.913630604744 58.5787047942479 65.3382837772369 68.242996931076 53.3412098884583 52.5245815515518 73.160782456398 107.189357280731
111.55711611112 108.503431081772 108.708600203196 110.428730646769 109.840571880341 105.444401502609 104.669034481049 113.901893297831 132.210820913315 127.279728651047 117.857793966929 120.078961054484 126.776407162348 112.027704715729 113.27854792277 122.673769791921 133.226970831553 139.496276775996 139.460305372874 131.988982359568 125.348160664241 117.328782876333 111.849089463552 107.269744078318 102.239112059275 90.6920035680135 77.7816673119863 74.7900406519572 76.1369864145915 67.9528564214706 36.7389842867851 33.7845732768377 26.9290034969648 44.4283783435822 118.302206198374 129.22011812528 108.534892400106 97.9677637418111 62.8884534041087 20.9074268738429 12.6666973034541 9.99006753166517 31.900629401207 71.4185138543447 80.8612604935964 69.7388102610906 68.4039195378621 99.1690357526143 165.909955898921
