input/barkrak2/radiation/dir35924.grid
NCOLS 85 
NROWS 70 
XLLCORNER 665100 
YLLCORNER 4664600 
CELLSIZE 20 
NODATA_value -9999 
[rows 0 to 22 of 70, columns 0 to 52 of 85]
41.758646567662602 54.147203763326 64.3956363201141 73.5593338807424 82.6872984568278 84.4411849975586 91.7215843995412 88.8596971829732 97.2821811834971 103.673249483109 117.694646120071 113.954166571299 109.696606794993 110.363562901815 110.392987728119 98.0886022249858 85.2006375789642 76.7423709233602 76.4399468898773 75.9491821130117 83.958754936854 99.5933512846629 116.826991240184 117.809494336446 120.848377545675 128.653228282928 127.47131784757 121.443698803584 118.046144644419 122.744172811508 119.427939256032 139.804184436798 167.966544628143 163.02212079366 161.975145339966 156.465470790863 160.197754700979 165.101945400238 162.228206793467 161.576002836227 159.048179785411 166.885058085124 170.716345310211 164.947619040807 155.843446652095 165.102352698644 173.828999201457 132.900764544805 89.2217755317688 85.4235887527466 105.625092983246 144.617110490799 174.625476201375
27.18835324049 35.5279520153999 42.4819389979045 52.7267555395762 61.5060230096181 68.5570140679677 77.4019261201223 80.0606807072957 88.5163843631744 86.6685509681702 94.2136744658152 98.6753006776174 105.590621630351 110.34486691157 110.430936018626 100.301921367645 92.8605198860168 83.8158627351125 80.2352180083593 76.2021044890086 91.2776986757914 112.265020608902 125.192821025848 124.646604061127 128.955960273743 131.182799736659 128.646711508433 122.723470131556 119.30372317632 119.845181703568 126.385639111201 147.491375605265 167.282342910767 163.078924020131 158.353517452876 155.258685350418 162.258942921956 166.018038988113 158.503482739131 158.932069937388 158.114810784658 161.526064078013 157.738367716471 147.569596767426 144.129564364751 157.496611277262 158.294389645259 124.499748150508 96.5286095937093 105.61074813207 132.306555906932 163.898607095083 178.721368312836
8.78030185898145 11.3782646755377 18.4002580742041 22.7796584367752 27.5282189249992 34.3850652376811 43.2435870170593 53.6705702543259 66.3325786590576 71.6882397731145 79.2756229639053 84.2436254024506 90.2688602606456 92.4952228864034 94.6254432201385 98.5367596149445 99.6154646078746 89.3649260203044 77.6243507862091 72.7370282014211 82.6347817977269 101.319362719854 113.043447335561 122.031291325887 123.558739821116 123.627811670303 125.188082456589 123.193730910619 121.973862250646 125.937839349111 133.045345544815 156.956483920415 167.164444923401 164.293845494588 157.696853081385 157.610734303792 164.314220348994 166.131476561228 160.363336404165 156.332472960154 153.128415346146 147.104213635127 137.460281451543 131.361583868663 133.158405621847 146.476447582245 142.762213945389 118.183473745982 111.398657162984 132.109900315603 154.935489098231 173.550645510356 178.691069285075
3.19176446646452 3.53721808642149 4.19471723337968 6.20014034211636 3.71114226679007 10.8340208729108 16.2229500710964 24.1896187265714 36.6879453261693 46.9649533430735 56.6123376290003 66.3934449354808 77.560822168986 81.9265296061834 80.255056420962 88.8854066530863 87.3449444770813 84.9783718585968 72.6952850818634 72.1282412608465 76.3610204060872 79.492911696434 89.5343522230784 100.620736678441 105.621119340261 108.951906363169 113.7815117836 116.61496758461 121.458023786545 128.19183866183 133.895665407181 147.072046995163 145.868678887685 146.632730960846 153.051197528839 157.965441544851 160.124570131302 160.73344151179 154.228717088699 144.924302895864 141.047428051631 134.401301542918 133.227368195852 141.70045653979 146.174639463425 140.694588422775 130.268673102061 115.620990594228 119.763026634852 133.507202068965 153.655797243118 171.005348364512 171.16250594457
9.72991995513439 4.15763693551223 0.713808927685022 0 0 1.69099681079388 8.69508211811384 14.4473277032375 18.454547971487 22.5092520316442 31.2211811542511 47.2966482241948 53.436537583669 59.4027539094289 66.1497662464778 70.7768350839615 68.8451627890269 74.361910422643 69.9905256430308 71.4310556650162 70.6054121255875 73.0783691008886 83.3488504091899 91.7972226937612 96.9803134600321 103.093167146047 106.551319360733 109.873414039612 115.053743124008 120.589435100555 126.924097537994 140.292267004649 137.633860111237 137.357890605927 139.257589975993 138.457039992015 135.146588087082 140.761216481527 137.964675823847 130.658050378164 132.145553827286 133.122762044271 139.280637105306 149.059822161992 148.892323176066 127.900779247284 107.51869281133 105.761249860128 113.503754138947 130.679627259572 156.576822201411 171.843349933624 165.333112080892
31.3730736573537 16.3354774316152 5.35452241698901 0.0633517726479719 0 0.615460992169877 3.28136794269085 9.75179051359495 13.4431359668573 14.3338429431121 17.6877950628599 22.6901198426882 27.8281395634015 33.5951646169027 39.5912776390711 49.1035729646683 54.555003841718 61.1441880464554 67.8113301595052 72.6550817489624 75.2408802509308 78.4266094366709 82.7957888444265 84.6471985181173 90.7422204812368 98.5812544822693 103.428473075231 106.63499434789 111.185799042384 116.874774297078 129.670162995656 137.013802925746 128.210753202438 129.925628503164 130.561123291651 131.669123967489 129.301607608795 122.78734644254 117.681334416072 126.816680034002 132.17169046402 131.861418485641 134.00986790657 136.580357948939 131.582121054331 108.194172382355 85.8044425646464 94.1755672295888 109.965582688649 139.80370759964 162.956446409225 167.857090632121 156.426539023717
47.6485192775726 29.8654784758886 18.6348656813304 8.20994439224402 1.54121778905392 0.7199728085349 0.424542037459711 6.07240634659926 9.69410315155983 14.5391238232454 15.0221114357313 14.4842478136222 14.3842933078607 14.7797043124835 17.3562938968341 25.1209139823914 32.5617045164108 45.9870050350825 61.3326678673426 67.8862979014715 76.9820859034856 84.1713150342305 83.2843631505966 82.716703414917 88.7664755185445 89.9776120980581 95.1269268989563 101.110726594925 108.301371335983 115.467389424642 122.689952452977 125.800261894862 118.722329537074 113.881021738052 115.507364273071 120.630145072937 119.221895933151 116.161286830902 112.708439429601 106.018135945002 102.824509143829 116.112490495046 122.171888748805 128.754715124766 127.468834320704 123.941202958425 129.759937524796 135.806719462077 143.945982058843 151.106625795364 155.260324478149 153.38792403539 148.874839146932
57.5945675373077 45.0549225012461 31.1783030629158 19.0104270974795 9.80085134506226 2.71966898192962 0.343385230128964 0 4.91107658793529 11.4525829752286 17.8617176910241 18.468827009201 17.1872613330682 15.0309378902117 11.7235817015171 14.0983934203784 20.8945100506147 30.3490534424782 44.5803701877594 55.1925847927729 67.4196481704712 76.9947618246078 81.4899603525798 82.3229402303696 83.1340799729029 85.331271092097 87.970495223999 90.5544559160868 91.95543328921 103.917102018992 114.413022994995 116.912404696147 107.984493176142 103.805561860402 102.565407752991 102.144618829091 107.607374588648 107.741812864939 106.447805960973 92.5228099028269 88.4036521116893 92.888335386912 117.49134461085 130.304435888926 132.504751284917 139.901667833328 145.915190378825 148.897061745326 152.876933415731 151.501397291819 147.73964881897 145.364185174306 141.292999188105
54.5757661263148 46.7103620370229 34.5779607693354 22.9594161113103 16.9429381688436 10.1965678234895 2.19539646059275 0.118083533986161 3.70649962375561 7.39284542699655 12.6064034799735 16.1013479034106 21.1425547798475 21.9048832853635 19.0328036745389 17.772912979126 16.8500182529291 20.4359628260136 26.751513282458 36.8300552169482 47.2566038370132 58.4956109523773 68.2336986064911 69.4096485773722 72.49682645003 74.2355187733968 74.2904096841812 77.6977688074112 81.8557341893514 85.6888890266418 85.8593583106995 87.7296626567841 92.411607503891 94.0758486588796 94.5088664690654 97.1359709898631 101.349085569382 102.26313273112 104.689647754033 98.2577403386434 99.2730657259623 104.582051436106 106.892675161362 109.635422627131 117.514371871948 126.665085554123 128.21892897288 137.62378692627 144.301573435465 142.226507266363 134.479810794195 136.210103829702 136.450747648875
35.8638217051824 29.8033580183983 25.1358399788539 20.4774911204974 16.9262650112311 7.12417128185431 5.61664129296939 6.6933495302995 3.91032764067252 1.07742271696528 3.34431913991769 11.0460991660754 19.455011934042 27.2503644227982 31.2766407926877 27.9086008667946 24.6358762184779 22.1581434210141 22.1669276555379 23.9553029338519 29.1911015907923 35.1256082455317 42.798176407814 48.8713383674622 57.6835970083872 60.2303047974904 61.5084618330002 65.5627051989238 66.4673000574112 66.7961438496908 68.3515171209971 66.5039817492167 70.0511286656062 74.3061701456706 85.0922167301178 89.0117685000102 89.5052552223206 94.273974498113 101.131975650787 107.261409362157 108.588218688965 110.228667656581 108.529676993688 108.865300814311 108.943859736125 110.266029834747 133.234024047852 137.56662607193 137.457629044851 138.858050107956 137.660165627797 135.178834199905 135.362843672434
4.89546793202559 1.25053773323695 0 0 0 0 0.526860899602373 7.24884246786435 6.85081693033377 4.0755911419789 1.66299256185691 0 11.7610084513823 22.6825525363286 32.4861357609431 30.2594651778539 26.952122648557 25.347001850605 22.353728612264 19.7487808763981 20.501480748256 21.6256802280744 25.3635942935944 33.7681025266647 44.162263472875 50.5059311787287 52.1228661139806 51.846573750178 58.0092320839564 59.3293358882268 57.6624025901159 60.0015918413798 61.2652599811554 56.9439580043157 55.1276902357737 68.0634578069051 84.4150185585022 86.6239567597707 95.5159068107605 108.572254578273 109.197249015172 108.172337214152 107.252369324366 104.284554719925 106.006562709808 106.882919867833 110.954910516739 110.373467206955 129.173537095388 136.086364587148 137.754867474238 133.366187413534 134.211411078771
0 0 0 0 0 0 0 0.365175850068529 9.68675004939238 9.42155594627062 4.92366092900435 1.32122775539756 2.46216931069891 10.7283654312293 21.6957032680511 24.3835101524989 30.2875339984894 30.4462040464083 25.4593541224798 20.6407470007737 17.5486765801907 17.4363156159719 18.0649099250634 23.9254261056582 29.9282769362132 35.2532515923182 37.5855416059494 41.0275533795357 44.168084859848 47.7505574623744 48.9537964264552 47.4816610415777 45.1778421799342 47.610729932785 46.7371344566345 44.2375441392263 44.9318091074626 65.9916500250499 87.6077214876811 98.722239335378 103.011727333069 101.88564658165 96.6305434703827 92.7520394325256 94.9492752552032 93.2742257912954 95.8882073561351 99.8075604438782 101.943403482437 102.454632520676 119.197924931844 126.657317082087 123.808970053991
0 0 0 0 0 0 0 0 2.55720115577181 10.9403505921364 12.5154554843903 7.89028716584047 1.06667952301602 0 8.16196389496326 19.6089980502923 29.1104217370351 32.2316139936447 31.5344234307607 26.6380608081818 22.8260805209478 23.4351307153702 23.9704474806786 24.9087984363238 26.296096543471 27.6372234026591 30.4191062847773 36.8451674779256 38.4679983059565 37.2467190027237 40.6093994776408 40.036216378212 36.1174270510674 33.1228524446487 32.1615810195605 34.5864842335383 32.9356317718824 34.0264961123466 38.2024372617404 45.3589061896006 63.7528151273727 74.8055676619212 81.3129842281342 84.5120151837667 84.0073525905609 83.5398336251577 81.5978596607844 80.1950593789418 80.7526409626007 84.3566556771596 88.9160831769307 91.526061296463 105.943401654561
0 0 0 0 0 0 0 0 0 4.46303095668554 14.860571672519 17.7136734127998 14.292985200882 7.59648780028025 6.39021520813306 16.8064634005229 25.8202478289604 34.4039400418599 38.8480226198832 37.4164233605067 32.5445085763931 31.9230332970619 30.1135430733363 31.0211877028147 32.0701946814855 32.8230609496435 33.6141635974248 37.9206339518229 39.6567434072495 33.6918880542119 33.4968119859695 36.2479810913404 33.0321888128916 29.6484082937241 28.7573983271917 26.990885535876 23.2414156198502 21.1682965358098 18.9065399269263 15.5349125464757 24.3655443191528 33.7837686141332 37.7859125534693 42.8465803464254 51.5349557002385 66.872055331866 67.2838588555654 63.2448295752207 63.5562539100647 63.8894140720367 65.6917691230774 71.9587902228038 77.416921655337
0.230314404082795 0 0 0 0 0 0 0 0 0 10.7493574420611 26.7864515384038 32.2751154502233 26.7124722401301 17.136063426733 15.6960313518842 18.4894477327665 27.0429253578186 38.1742989023527 44.5443838834763 45.3357448180517 42.4425403277079 40.6624202926954 38.6513868967692 38.4910826881727 39.1047472755114 38.3569871385892 39.3850157658259 39.4348651170731 35.3516787290573 31.6677490870158 31.2768220901489 26.692604025205 26.1280685663223 24.6029769380887 22.1008807420731 16.6450726489226 13.6213029424349 11.4614814519882 8.80111133058866 8.357223123312 5.06941322237253 16.6590263446172 21.5606093406677 31.3354556759198 39.036770661672 46.501820286115 54.2529722054799 53.2104273637136 51.2467970450719 55.1160524288813 60.1509213447571 65.2276674906413
0.812001914406816 0 0 0 0 0 0 0 0 0 2.52472034965952 20.6409692764282 33.0562815070152 38.4340137243271 31.54406696558 18.1292121609052 13.9333059390386 15.3750081857045 25.1676191886266 39.8409018913905 50.1893758773804 48.6133396625519 50.9189913670222 46.3116417328517 43.5981452465057 45.0924833615621 44.8372960090637 42.648325363795 40.5148913462957 41.3165092468262 34.5453272263209 31.5714726845423 25.9437908728917 20.2434187134107 16.6469837228457 13.5086849331856 10.6455857555072 7.63723130027453 5.87759849925836 4.28307646264633 2.59223952889442 1.14020534480611 1.31553628792365 2.45680628965298 15.5986299117406 27.236079176267 35.4864646991094 41.1211575071017 44.843465089798 46.6221670309703 49.8429338137309 53.1580994526545 57.6488475004832
0.412810516233246 0 0 0 0 0 0 0 0 0 0 14.0126471718152 30.2605777978897 41.0592084129651 39.7010445594788 34.2479000488917 29.126284023126 23.2126663128535 18.857829272747 25.2505913376808 41.4813756942749 52.2950688997904 54.8174430926641 52.915299932162 49.055427312851 50.0190953413645 51.921879251798 50.7231851418813 47.9963521162669 45.1199462016424 39.6364281574885 32.31530636549 25.2207840482394 18.516831099987 13.4769653280576 10.067888846 7.32487502197425 4.50509693473577 3.41956658909718 1.65890452141563 0.406700108821193 0.00721138288402775 0 0 0 9.20747903486093 19.1647571822007 26.2787987788518 29.9150223533312 35.0254426399867 42.0141071081161 47.6723512013753 52.1261394023895
0.09355975392585 0 0 0 0 0 0 0 0.131144751018534 0.137181671258683 0.292156861784558 8.22930720945199 17.298199236393 28.2073840498924 41.7760759592056 47.9199389616648 46.5762317180634 40.2464866638184 28.8711339235306 20.0550916294257 27.0705198248227 43.5893187920252 51.3314406077067 54.8521876335144 57.1669489145279 58.2954933245977 59.7135225931803 58.3391636610031 57.4340224266052 52.9657304286957 42.7223394314448 32.8135937452316 26.8257136146228 18.501120309035 11.9539325435956 9.78145996729533 6.0274563729763 2.25044460967183 0.512691602731744 0.0680121350645398 0.000315548788876185 0 0 0 0 0 4.76553539435069 6.49045531948407 13.3554687102636 18.0896446108818 25.6299078464508 34.6335098147392 42.4597611029943
0.10725229124849 0.122304850568374 0 0 0 0 0 0.504671324354907 1.03251224694153 5.06862439215183 9.15333131949107 11.1882177491983 14.5280187328657 21.6977546612422 32.0077960689863 41.1029805739721 46.9561119874318 48.9638646443685 45.8051164944967 33.9051336050034 23.8691518704096 32.2525128722191 40.157879392306 48.853725194931 57.3676973581314 63.2788787285487 64.4465585549672 65.4011368751526 56.9897790749868 55.5985470612844 44.7490662336349 35.3858197728793 23.0469355980555 16.5624010066191 10.0027583539486 4.68539850165447 2.125793757538 0.460122750761608 0.0162450269272085 0 0 0 0 0 0 0 0 0 1.39902873585622 7.7711126456658 11.9419644276301 11.4753320813179 17.5114509960016
0.0707062038903435 0 0 0 0 0 0.0185721437446773 0.775308425848683 1.25331074620287 1.27952623491486 1.36555607120196 4.99876247098048 8.25115106999874 11.9526026149591 20.1862292985121 32.5766801834106 40.1138812303543 43.8655565182368 46.9793081283569 47.3576684792837 40.4700562357903 31.9885835051537 34.0495655934016 41.0260036587715 51.0554214318593 58.3624045054118 62.917153040568 66.4558311303457 56.7300766706467 48.9739427963893 45.7521975040436 34.5552961031596 22.5874384244283 15.1875292261442 7.63579457998276 2.86172640820344 0.29143887028719 0 0 0 0 0 0 0 0 0 0 0 0 0 0 1.5285536646843 1.68170593678951
0.699730201934775 0 0 0 0 0 0 0.701216670374076 1.63497682660818 1.08221646708747 1.20272572773198 0.52203715313226 1.46325118839741 3.22890747338533 9.56347770988941 18.0104772249858 26.9153813521067 33.3826690912247 39.8781547943751 50.7854322592417 54.3192873398463 46.2533434232076 45.9816753864288 47.9183296362559 50.1050998767217 51.1317600806554 54.074098666509 59.3698471784592 55.5212199687958 44.7224080562592 31.5098787347476 25.8516917626063 15.5230785409609 8.02033953368664 1.45990230763952 0 0 0 0 0 0 0 0 0 0 0 0 0 0 0 0 0 0
7.16942238310973 2.41034322728713 0 0 0 0 0.239103295219441 1.96355876202385 2.28633234898249 1.83458160609007 1.10697272854547 0.931853350872795 0.292394892312586 0 2.98049828658501 11.7141765852769 21.183763941129 27.8288051486015 34.4651142756144 44.4663266340891 50.098309914271 62.0071788628896 65.1348928610484 63.9466891686122 57.5470477342606 50.917183359464 46.2162395318349 41.7815744876862 50.2610703309377 38.6444578568141 23.9510809381803 13.21741938591 5.28986441592375 0.427901938868066 0 0 0 0 0 0 0 0 0 0 0 0 0 0 0 0 0 0 0
29.7408451636632 24.0191866954168 6.09281162420909 0.534580826448897 0 0.0118646130431443 2.49514201035102 2.86917233218749 2.87518122543891 1.61749279747407 1.72954627002279 2.1614821938177 5.73443745573362 4.39741555601358 5.25020125011603 9.22412487367789 17.3122957348824 24.4365260004997 28.8465321063995 31.9454471270243 35.296194255352 47.0707714557648 56.5742750962575 60.5228294928869 59.2956294616063 54.2059938112895 47.0922887325287 41.0829832156499 34.3809798359871 27.8246849775314 12.1322398384412 2.88391082237164 0 0 0 0 0 0 0 0 0 0 0 0 0 0 0 0 0 0 0 0 0
